Barcode,Topic 1,Topic 2,Topic 3to4,Topic 5,Topic 6,Topic 7,Topic 8,Topic 9,Topic 10,Topic 11
AAACAAGTATCTCCCA-1,0.003434,0.064252,0.570629,0.095085,0.220641,0.033378,0.000009,0.001566,0.007336,0.00367
AAACACCAATAACTGC-1,0.012749,0.011117,0.104166,0.000021,0.000021,0.00079,0.871072,0.000021,0.000021,0.000021
AAACAGAGCGACTCCT-1,0.003959,0.113311,0.600259,0.017772,0.006561,0.02789,0.029604,0.193029,0.007604,0.000012
AAACAGCTTTCAGAAG-1,0.001876,0.005802,0.03354,0.000045,0.04097,0.077695,0.509292,0.229169,0.001718,0.099892
AAACAGGGTCTATATT-1,0.016102,0.294294,0.139019,0.000015,0.003693,0.023887,0.139798,0.112549,0.000015,0.270628
AAACAGTGTTCCTGGG-1,0.025055,0.000017,0.136055,0.176682,0.398425,0.109478,0.00412,0.000017,0.000017,0.150135
AAACATGGTGAGAGGA-1,0.471158,0.01933,0.021651,0.019338,0.003646,0.014414,0.22886,0.154119,0.06745,0.000033
AAACATTTCCCGGATT-1,0.000032,0.000032,0.000065,0.129316,0.05149,0.021424,0.000032,0.000032,0.600059,0.197516
AAACCACTACACAGAT-1,0.000032,0.005953,0.136159,0.058048,0.310333,0.078377,0.007142,0.00529,0.250248,0.148418
AAACCCGAACGAAATC-1,0.000033,0.266205,0.161236,0.016261,0.016383,0.000739,0.000033,0.224205,0.206895,0.10801
AAACCGGAAATGTTAA-1,0.010764,0.053188,0.181112,0.196318,0.051279,0.019274,0.005659,0.091501,0.31557,0.075335
AAACCGGGTAGGTACC-1,0.020163,0.221845,0.471942,0.076212,0.053228,0.073197,0.02562,0.033719,0.009555,0.014519
AAACCGTTCGTCCAGG-1,0.012718,0.079708,0.146441,0.059109,0.451554,0.0238,0.000011,0.007692,0.031906,0.187061
AAACCTAAGCAGCCGG-1,0.185042,0.000012,0.002243,0.30757,0.062135,0.053031,0.016331,0.000012,0.358854,0.014769
AAACCTCATGAAGTTG-1,0.000052,0.000052,0.000103,0.000052,0.000052,0.000052,0.047397,0.2483,0.000052,0.703889
AAACGAAGAACATACC-1,0.000033,0.011289,0.049828,0.000033,0.000033,0.000033,0.023573,0.732966,0.111162,0.07105
AAACGAAGATGGAGTA-1,0.000027,0.000027,0.000054,0.000027,0.000027,0.000027,0.931194,0.067096,0.000027,0.001496
AAACGACAGTCTTGCC-1,0.008407,0.000033,0.000066,0.065947,0.001136,0.28619,0.120257,0.000033,0.166836,0.351095
AAACGAGACGGTTGAT-1,0.000024,0.202639,0.403058,0.000024,0.000837,0.003532,0.012437,0.16914,0.001132,0.207179
AAACGCCCGAGATCGG-1,0.000045,0.000045,0.00009,0.018938,0.000045,0.000045,0.000045,0.299654,0.417904,0.263187
AAACGGGCGTACGGGT-1,0.000022,0.000022,0.000044,0.096077,0.028896,0.029062,0.145447,0.000022,0.529018,0.17139
AAACGGTTGCGAACTG-1,0.002454,0.001845,0.118295,0.396757,0.258733,0.024116,0.000014,0.000014,0.123731,0.07404
AAACGTGTTCGCCCTA-1,0.000039,0.000055,0.030468,0.037445,0.007107,0.01239,0.27837,0.000039,0.018412,0.615675
AAACTAACGTGGCGAC-1,0.00443,0.045483,0.26715,0.317993,0.070524,0.004525,0.000023,0.001798,0.048639,0.239434
AAACTCGGTTCGCAAT-1,0.000027,0.000027,0.000054,0.000027,0.000027,0.000027,0.001029,0.014891,0.643844,0.340045
AAACTCGTGATATAAG-1,0.000092,0.000092,0.000183,0.000092,0.000092,0.000092,0.053015,0.351612,0.000092,0.594641
AAACTGCTGGCTCCAA-1,0.02249,0.182304,0.110739,0.046882,0.322464,0.149767,0.016559,0.005205,0.027779,0.11581
AAACTTAATTGCACGC-1,0.031115,0.19153,0.111198,0.000037,0.024485,0.057461,0.178949,0.054438,0.004972,0.345815
AAACTTGCAAACGTAT-1,0.017892,0.301115,0.444963,0.010164,0.009033,0.038929,0.013971,0.02379,0.026231,0.113912
AAAGAATGACCTTAGA-1,0.327591,0.000576,0.002223,0.014039,0.000028,0.014383,0.294717,0.292481,0.047852,0.006111
AAAGAATGTGGACTAA-1,0.025554,0.008539,0.054798,0.259171,0.028707,0.010853,0.06499,0.086241,0.418136,0.043011
AAAGACATGAAGTTTA-1,0.000044,0.000044,0.000088,0.058947,0.000044,0.000044,0.000044,0.245413,0.272265,0.423067
AAAGACCCAAGTCGCG-1,0.241367,0.000152,0.000304,0.040667,0.000152,0.000152,0.07802,0.380566,0.000152,0.258468
AAAGACTGGGCGCTTT-1,0.506016,0.044341,0.037586,0.013629,0.058296,0.014896,0.291938,0.004258,0.009552,0.019489
AAAGCTTGCCTACATA-1,0.068635,0.000052,0.000104,0.000052,0.000052,0.000052,0.266239,0.216028,0.000052,0.448735
AAAGGCCCTATAATAC-1,0.010814,0.306078,0.176451,0.011062,0.167,0.032107,0.018953,0.040358,0.03216,0.205017
AAAGGCTACGGACCAT-1,0.019101,0.063976,0.045814,0.001236,0.070039,0.251302,0.119689,0.057388,0.326401,0.045053
AAAGGCTCTCGCGCCG-1,0.007398,0.147104,0.01338,0.000029,0.140591,0.034204,0.007146,0.034893,0.367186,0.248068
AAAGGGATGTAGCAAG-1,0.410103,0.000029,0.135531,0.023535,0.000029,0.001823,0.000029,0.428376,0.000516,0.000029
AAAGGGCAGCTTGAAT-1,0.541678,0.111649,0.04898,0.073153,0.020153,0.008963,0.093915,0.039935,0.031671,0.029903
AAAGGTAAGCTGTACC-1,0.036191,0.035306,0.265519,0.173681,0.001843,0.355342,0.068179,0.01717,0.039646,0.007125
AAAGGTCAACGACATG-1,0.000042,0.000042,0.000085,0.118055,0.001308,0.000042,0.000042,0.090867,0.43742,0.352097
AAAGTAGCATTGCTCA-1,0.031644,0.0736,0.540229,0.017913,0.076228,0.244017,0.005595,0.01076,0.000007,0.000007
AAAGTCACTGATGTAA-1,0.029984,0.021547,0.113784,0.000062,0.030549,0.11597,0.046289,0.570864,0.019517,0.051434
AAAGTCGACCCTCAGT-1,0.002761,0.000273,0.006955,0.000039,0.000039,0.007367,0.432343,0.213618,0.032192,0.304412
AAAGTGTGATTTATCT-1,0.000034,0.138811,0.045257,0.000034,0.002982,0.000034,0.000034,0.001056,0.000034,0.811722
AAAGTTGACTCCCGTA-1,0.000018,0.518833,0.108219,0.008106,0.092843,0.05236,0.000018,0.013427,0.054154,0.152021
AAATAACCATACGGGA-1,0.037715,0.05596,0.776355,0.060055,0.002018,0.000013,0.000013,0.067848,0.000013,0.000013
AAATAAGGTAGTGCCC-1,0.042881,0.00008,0.111236,0.276274,0.00008,0.065787,0.364001,0.00008,0.103883,0.035696
AAATACCTATAAGCAT-1,0.002664,0.040299,0.138181,0.165179,0.052353,0.170098,0.128574,0.146014,0.155382,0.001257
AAATAGCTTAGACTTT-1,0.000049,0.000049,0.000097,0.000049,0.000049,0.000049,0.165171,0.536546,0.000049,0.297893
AAATAGGGTGCTATTG-1,0.072842,0.00002,0.00004,0.00002,0.00002,0.00002,0.054559,0.006009,0.185515,0.680954
AAATCACTCCTAAACG-1,0.000072,0.000072,0.000143,0.000072,0.000072,0.000072,0.000072,0.005653,0.716738,0.277035
AAATCCGATACACGCC-1,0.006607,0.000024,0.000049,0.037921,0.017114,0.000606,0.07642,0.000024,0.574784,0.286451
AAATCGCGGAAGGAGT-1,0.00004,0.00004,0.00008,0.00004,0.00004,0.00004,0.63147,0.145605,0.00004,0.222603
AAATCGTGTACCACAA-1,0.05037,0.026814,0.25566,0.137257,0.105695,0.063325,0.004397,0.014743,0.165187,0.176551
AAATCTAGCCCTGCTA-1,0.000014,0.040077,0.079958,0.086393,0.057305,0.079906,0.066212,0.119784,0.363976,0.106376
AAATGACTGATCAAAC-1,0.027155,0.019008,0.080784,0.012854,0.236813,0.00828,0.000017,0.032174,0.506695,0.076219
AAATGATTCGATCAGC-1,0.004848,0.184218,0.465992,0.000029,0.011481,0.000029,0.000029,0.047386,0.000029,0.28596
AAATGGCATGTCTTGT-1,0.000036,0.100487,0.165192,0.000036,0.009086,0.031515,0.001613,0.506709,0.000036,0.185289
AAATGGCCCGTGCCCT-1,0.013203,0.377084,0.251727,0.000013,0.026685,0.012307,0.221056,0.035588,0.004053,0.058284
AAATGGTCAATGTGCC-1,0.007392,0.036613,0.828341,0.034207,0.012239,0.037185,0.020242,0.022567,0.000014,0.0012
AAATTAACGGGTAGCT-1,0.006242,0.071032,0.774957,0.021469,0.02914,0.052449,0.000013,0.001697,0.00139,0.041611
AAATTAATAAGCGCGA-1,0.761123,0.002356,0.001544,0.002038,0.00796,0.035971,0.084699,0.022755,0.081523,0.000031
AAATTACACGACTCTG-1,0.037289,0.046589,0.747838,0.011626,0.004151,0.032858,0.001602,0.070223,0.011878,0.035946
AAATTACCTATCGATG-1,0.000158,0.000158,0.000317,0.000158,0.000158,0.000158,0.477371,0.0769,0.000158,0.444462
AAATTCCAGGTCCAAA-1,0.062692,0.005581,0.190884,0.093662,0.00004,0.000534,0.123126,0.472178,0.030878,0.020425
AAATTGATAGTCCTTT-1,0.000238,0.253231,0.018526,0.000021,0.033002,0.004097,0.016348,0.058614,0.015715,0.600209
AAATTGGTGAGAAGCA-1,0.00977,0.017875,0.58636,0.181944,0.0027,0.150614,0.013039,0.037676,0.000011,0.000011
AAATTTACCGAAATCC-1,0.00003,0.022432,0.001093,0.00003,0.00003,0.00003,0.00003,0.535356,0.234153,0.206817
AAATTTGCGGGTGTGG-1,0.009535,0.208771,0.095467,0.002989,0.050075,0.322497,0.001353,0.00001,0.00001,0.309292
AACAACTGGTAGTTGC-1,0.000047,0.000047,0.000095,0.000047,0.000047,0.000047,0.179712,0.448433,0.01127,0.360253
AACAATACATTGTCGA-1,0.168977,0.0371,0.113708,0.061178,0.276647,0.03735,0.003897,0.002341,0.048456,0.250347
AACAATTACTCTACGC-1,0.000695,0.008356,0.000112,0.000056,0.000056,0.000056,0.36521,0.218299,0.000056,0.407105
AACACACGCTCGCCGC-1,0.008583,0.030402,0.029101,0.046454,0.249147,0.280788,0.10611,0.10557,0.099146,0.0447
AACACGACTGTACTGA-1,0.000052,0.000052,0.011129,0.000052,0.000052,0.000052,0.130779,0.671121,0.000052,0.186658
AACACGAGACGCGGCC-1,0.002221,0.067726,0.687958,0.032505,0.027635,0.065702,0.051127,0.03765,0.021397,0.00608
AACACGCGGCCGCGAA-1,0.753708,0.00815,0.041461,0.022326,0.000031,0.000031,0.029793,0.138935,0.005534,0.000031
AACAGCTGTGTGGCAA-1,0.00012,0.00012,0.00024,0.220931,0.00012,0.00012,0.00012,0.00012,0.079715,0.698394
AACAGGAAATCGAATA-1,0.010198,0.000083,0.000165,0.000083,0.000083,0.000083,0.065462,0.645795,0.000083,0.277967
AACAGGATGGGCCGCG-1,0.000041,0.000041,0.000081,0.000041,0.000041,0.000041,0.089647,0.423611,0.000041,0.486416
AACAGGTAGTATGGAT-1,0.002526,0.278571,0.2178,0.029547,0.148827,0.022624,0.000022,0.009362,0.051116,0.239604
AACATAGCGTGTATCG-1,0.074062,0.025953,0.013003,0.154727,0.049244,0.005128,0.006448,0.126926,0.443501,0.101008
AACATATCAACTGGTG-1,0.000162,0.132243,0.151781,0.001692,0.000162,0.029372,0.15064,0.077989,0.000162,0.455797
AACATCGATACGTCTA-1,0.001576,0.222489,0.107028,0.046526,0.000807,0.045745,0.123283,0.242927,0.026002,0.183617
AACATTGAAGTTGATC-1,0.002046,0.047802,0.710635,0.041703,0.122029,0.075728,0.000014,0.000014,0.000014,0.000014
AACATTGTGACTCGAG-1,0.024517,0.031302,0.070086,0.015695,0.085058,0.008957,0.041707,0.018608,0.50423,0.199839
AACCAAGACTTCTCTG-1,0.003659,0.336976,0.251643,0.000015,0.106576,0.031661,0.069465,0.106313,0.013502,0.080188
AACCAGTATCACTCTT-1,0.000033,0.044773,0.125724,0.128,0.017449,0.000033,0.000033,0.171093,0.022946,0.489916
AACCATAGGGTTGAAC-1,0.002208,0.036166,0.04561,0.000031,0.000031,0.072433,0.290889,0.246165,0.040911,0.265556
AACCATGGGATCGCTA-1,0.74841,0.008145,0.054027,0.000447,0.000029,0.000029,0.000029,0.186237,0.002619,0.000029
AACCCAGAGACGGAGA-1,0.744801,0.001167,0.034649,0.026245,0.000044,0.000044,0.000044,0.19292,0.000044,0.000044
AACCCATCCCATGATC-1,0.000055,0.027729,0.176927,0.01115,0.06336,0.322032,0.192882,0.000055,0.000055,0.205754
AACCCGACAACCCGTG-1,0.000021,0.007237,0.007987,0.166979,0.100708,0.001036,0.000021,0.001689,0.47889,0.235434
AACCCGAGCAGAATCG-1,0.000017,0.002655,0.036789,0.338438,0.016,0.013222,0.070281,0.04869,0.364457,0.10945
AACCCGATAGGGCTTC-1,0.000064,0.000064,0.000128,0.224911,0.011658,0.000064,0.000064,0.000064,0.473369,0.289613
AACCCGCTGTATTCCA-1,0.005187,0.104384,0.015874,0.004568,0.031112,0.004186,0.005312,0.206299,0.5132,0.109877
AACCCTACTGTCAATA-1,0.001702,0.542744,0.059962,0.000017,0.007915,0.000413,0.013315,0.220752,0.087603,0.065577
AACCCTGGTGGAACCA-1,0.029514,0.008356,0.890689,0.03312,0.000009,0.03137,0.000009,0.006916,0.000009,0.000009
AACCGAGCTTGGTCAT-1,0.336815,0.000351,0.233411,0.037065,0.000018,0.000018,0.000018,0.392268,0.000018,0.000018
AACCGCTAAGGGATGC-1,0.003047,0.225447,0.084472,0.018583,0.10388,0.000026,0.000026,0.003956,0.000429,0.560134
AACCGTTGTGTTTGCT-1,0.000073,0.000073,0.000146,0.000073,0.000073,0.000073,0.000073,0.601484,0.000073,0.397861
AACCTAAAGCCGTCCG-1,0.009857,0.029998,0.512731,0.136419,0.013766,0.012939,0.000012,0.134788,0.126506,0.022984
AACCTCGCTTTAGCCC-1,0.036404,0.013337,0.015687,0.071635,0.066366,0.00217,0.022959,0.025048,0.433332,0.313062
AACCTGTCACGGAATT-1,0.000105,0.000105,0.000211,0.000105,0.000105,0.000105,0.049736,0.187205,0.000105,0.762216
AACCTTTAAATACGGT-1,0.024685,0.106513,0.040841,0.001668,0.120461,0.113921,0.163822,0.116169,0.303221,0.008698
AACCTTTACGACGTCT-1,0.01461,0.278259,0.230688,0.002917,0.000183,0.004915,0.088048,0.375721,0.002575,0.002084
AACGAAAGTCGTCCCA-1,0.000058,0.030183,0.000117,0.000058,0.000058,0.000058,0.209055,0.287993,0.000058,0.47236
AACGATAATGCCGTAG-1,0.048376,0.007214,0.099934,0.114548,0.461665,0.04596,0.000011,0.007684,0.190042,0.024567
AACGATAGAAGGGCCG-1,0.423857,0.000162,0.053777,0.068674,0.000023,0.000023,0.000023,0.449562,0.003877,0.000023
AACGATATGTCAACTG-1,0.241329,0.003804,0.302372,0.072296,0.000022,0.000022,0.000022,0.376633,0.003477,0.000022
AACGCATGATCTGGGT-1,0.008211,0.05098,0.848277,0.006113,0.015267,0.008656,0.000016,0.00483,0.000804,0.056848
AACGCGACCTTGGGCG-1,0.018139,0.027391,0.090202,0.000768,0.026878,0.056877,0.176842,0.080983,0.51737,0.00455
AACGCGGTCTCCAGCC-1,0.342188,0.001252,0.191137,0.032634,0.000024,0.000125,0.000024,0.432569,0.000024,0.000024
AACGCTGTTGCTGAAA-1,0.000021,0.00333,0.000042,0.01449,0.008909,0.000021,0.000021,0.044533,0.18105,0.747585
AACGGACGTACGTATA-1,0.016794,0.003598,0.020805,0.09387,0.076393,0.399561,0.12397,0.13625,0.117581,0.011179
AACGGCCATCTCCGGT-1,0.000019,0.002686,0.003591,0.086908,0.136664,0.247197,0.210024,0.000019,0.01979,0.293103
AACGTACTGTGGGTAC-1,0.001967,0.036368,0.122156,0.069113,0.156699,0.012523,0.000021,0.000021,0.000021,0.601109
AACGTCAGACTAGTGG-1,0.431783,0.063882,0.08162,0.056916,0.01616,0.002515,0.062628,0.23258,0.013783,0.038132
AACGTCATCCGGCTTG-1,0.000022,0.052218,0.000043,0.000022,0.024051,0.00195,0.082059,0.063248,0.54208,0.234307
AACGTGATGAAGGACA-1,0.031121,0.008273,0.763708,0.056373,0.001713,0.002934,0.000841,0.134513,0.000515,0.000009
AACGTGCGAAAGTCTC-1,0.000022,0.254826,0.264012,0.000022,0.000022,0.002076,0.002087,0.280519,0.008205,0.188209
AACTACCCGTTTGTCA-1,0.008599,0.246376,0.372853,0.005624,0.149728,0.04996,0.00329,0.037894,0.049934,0.075741
AACTAGGCTTGGGTGT-1,0.015017,0.04404,0.071736,0.003003,0.430112,0.113057,0.008348,0.010785,0.075651,0.228251
AACTCAAGTTAATTGC-1,0.007563,0.017126,0.565127,0.024695,0.062119,0.323334,0.000009,0.000009,0.000009,0.000009
AACTCCAGAGCGTGTT-1,0.016899,0.015712,0.12724,0.458419,0.196376,0.076221,0.005847,0.025566,0.075471,0.002247
AACTCCTAATCCCATG-1,0.031128,0.158755,0.220375,0.064204,0.160802,0.017212,0.000024,0.18354,0.052115,0.111845
AACTCTCAATAGAGCG-1,0.121935,0.000059,0.000119,0.000059,0.000059,0.000059,0.165131,0.528429,0.000059,0.184089
AACTCTCAGTGTGCTC-1,0.000023,0.152907,0.030612,0.01613,0.134794,0.006463,0.007068,0.026807,0.039282,0.585913
AACTGAGGTCAGCGTC-1,0.003138,0.031427,0.051144,0.03902,0.022363,0.000037,0.000037,0.304669,0.127733,0.420433
AACTGAGTTATACTGA-1,0.014666,0.159706,0.236197,0.075418,0.063611,0.085313,0.060358,0.162719,0.135729,0.006285
AACTGATATTAGGCCT-1,0.063554,0.000093,0.000186,0.000093,0.000093,0.000093,0.023074,0.523812,0.000093,0.388911
AACTGGGTCCCGACGT-1,0.161674,0.013649,0.276206,0.031205,0.000056,0.000056,0.008019,0.481467,0.00108,0.026587
AACTGGGTTCGAGCCG-1,0.015455,0.05555,0.450832,0.338444,0.020987,0.044066,0.012902,0.054627,0.001564,0.005573
AACTGGTGTGGGCCTT-1,0.008146,0.000111,0.004404,0.000111,0.000111,0.000111,0.15813,0.26282,0.000111,0.565944
AACTTCTGCGTCTATC-1,0.765337,0.000038,0.000076,0.00648,0.000038,0.000038,0.000038,0.215729,0.012186,0.000038
AACTTGCCCGTATGCA-1,0.000049,0.000049,0.000098,0.000049,0.000049,0.000049,0.39615,0.333541,0.025164,0.244804
AACTTTACGGGAGCTT-1,0.385872,0.010761,0.000121,0.037473,0.064699,0.024856,0.377801,0.00006,0.080025,0.018331
AACTTTCTCGATCATG-1,0.000057,0.024908,0.000115,0.000057,0.000057,0.000057,0.083697,0.169661,0.000057,0.721332
AAGAAAGTTTGATGGG-1,0.253035,0.029195,0.138417,0.039105,0.009525,0.083772,0.189677,0.219749,0.033732,0.003792
AAGAAATCACCAGATT-1,0.009734,0.158598,0.62557,0.003731,0.01726,0.074227,0.080263,0.024439,0.002964,0.003215
AAGAAGGATCAGTTAG-1,0.725559,0.000035,0.000621,0.000035,0.000035,0.000035,0.000035,0.27147,0.002138,0.000035
AAGACATACGTGGTTT-1,0.014244,0.000035,0.00007,0.006426,0.000035,0.000035,0.000035,0.000035,0.539733,0.439354
AAGACCAAATAACTCA-1,0.049306,0.014393,0.12034,0.00004,0.038315,0.00469,0.169759,0.375024,0.050703,0.17743
AAGACCCAACTGAACA-1,0.005153,0.053924,0.115521,0.012704,0.224348,0.089872,0.001311,0.003261,0.366541,0.127364
AAGACTCACGCCCACT-1,0.000866,0.10005,0.031499,0.066885,0.091934,0.001463,0.012873,0.158403,0.231357,0.30467
AAGACTGCAAGCTACT-1,0.001467,0.272135,0.370163,0.010009,0.040349,0.036091,0.00089,0.174826,0.001633,0.092437
AAGAGATGAATCGGTA-1,0.274,0.000117,0.07027,0.000117,0.046306,0.000117,0.359359,0.013029,0.054055,0.182629
AAGAGCTCTTTATCGG-1,0.136306,0.000351,0.766038,0.006107,0.000016,0.091117,0.000016,0.000016,0.000016,0.000016
AAGAGGATGTACGCGA-1,0.023559,0.346845,0.127307,0.07686,0.051486,0.020754,0.009587,0.227096,0.009385,0.107121
AAGAGGCATGGATCGC-1,0.003383,0.210914,0.44072,0.003611,0.024528,0.02647,0.027618,0.187884,0.054517,0.020355
AAGAGGCCCTTTGGAA-1,0.00003,0.00003,0.00006,0.008015,0.00003,0.00003,0.00003,0.170778,0.367921,0.453077
AAGATGGCACCGGACC-1,0.02519,0.030165,0.548765,0.057481,0.031669,0.125232,0.06332,0.087648,0.030524,0.000006
AAGATTGGCGGAACGT-1,0.131774,0.000276,0.000553,0.000276,0.000276,0.000276,0.174825,0.174699,0.000276,0.516768
AAGCACCCTGCGTATC-1,0.037051,0.034762,0.027184,0.012143,0.143547,0.057478,0.066737,0.165992,0.445285,0.009821
AAGCATACTCTCCTGA-1,0.007256,0.147466,0.014302,0.000018,0.02019,0.001657,0.086261,0.158253,0.473544,0.091053
AAGCCACTTGCAGGTA-1,0.02842,0.479388,0.058024,0.003609,0.05606,0.002791,0.000022,0.057839,0.000985,0.312863
AAGCCGAAGCGGTTTA-1,0.0221,0.017813,0.490392,0.290707,0.044179,0.034973,0.058815,0.001365,0.008879,0.030777
AAGCCGCCGTGAAATC-1,0.000018,0.061743,0.543786,0.02308,0.117093,0.110542,0.029369,0.001499,0.013399,0.099472
AAGCCGCTTTACCTTG-1,0.023665,0.29272,0.505418,0.010038,0.011088,0.073704,0.0118,0.000872,0.000017,0.070677
AAGCGCAGGGCTTTGA-1,0.003767,0.000006,0.004987,0.136511,0.000006,0.807607,0.047098,0.000006,0.000006,0.000006
AAGCGGAGTGCGCGCA-1,0.003051,0.001021,0.060689,0.17427,0.000037,0.000037,0.145026,0.012164,0.166943,0.436763
AAGCGGCGTCATGGGT-1,0.000964,0.050684,0.090594,0.046017,0.004557,0.000027,0.000027,0.155635,0.016944,0.634551
AAGCGTCCCTCATCGA-1,0.009866,0.156712,0.006896,0.025221,0.098835,0.000028,0.000028,0.045852,0.0135,0.643063
AAGCTAGATCGAGTAA-1,0.000016,0.007817,0.008921,0.279851,0.025821,0.000016,0.000103,0.077734,0.371865,0.227855
AAGCTCGTGCCAAGTC-1,0.000037,0.234375,0.293273,0.000037,0.000037,0.000037,0.000037,0.161129,0.000037,0.311003
AAGCTCTTTCATGGTG-1,0.00207,0.09842,0.007903,0.013359,0.253735,0.00803,0.00002,0.009705,0.100391,0.506366
AAGGAGAACTTATAAG-1,0.000075,0.000075,0.00015,0.000075,0.000075,0.000075,0.014267,0.614,0.000075,0.371132
AAGGAGCGGTTGGTGC-1,0.000067,0.000067,0.000134,0.000067,0.000067,0.000067,0.000067,0.521509,0.000067,0.477886
AAGGATCGATCGCTTG-1,0.002378,0.171928,0.119653,0.000017,0.013779,0.056563,0.171539,0.441574,0.010329,0.012241
AAGGATGAGGGACCTC-1,0.249559,0.001695,0.235529,0.087426,0.000018,0.000058,0.000018,0.421148,0.004532,0.000018
AAGGCAGGCTGTCTCC-1,0.000024,0.28021,0.308066,0.000024,0.007257,0.045639,0.000115,0.06456,0.00719,0.286915
AAGGCGCGTAAAGCTT-1,0.489119,0.000071,0.059254,0.05482,0.00007,0.080984,0.285934,0.029608,0.00007,0.00007
AAGGCTGTGCTCATCG-1,0.000072,0.000072,0.000145,0.000072,0.000072,0.000072,0.078054,0.457581,0.000072,0.463785
AAGGGAACGACTGGCT-1,0.006942,0.120846,0.313385,0.004927,0.139474,0.382593,0.007139,0.000013,0.000013,0.024669
AAGGGACAGATTCTGT-1,0.000206,0.000206,0.000411,0.000206,0.000206,0.000206,0.355377,0.071619,0.000206,0.571358
AAGGGACTATGCATTC-1,0.009771,0.27246,0.287943,0.024574,0.048303,0.127688,0.096255,0.071949,0.042185,0.018872
AAGGGTTTGATTTCAG-1,0.423407,0.02735,0.000089,0.000044,0.003644,0.000044,0.189987,0.161935,0.000044,0.193456
AAGGTATCCTAATATA-1,0.272353,0.003527,0.226288,0.087089,0.000036,0.002965,0.001596,0.405964,0.000146,0.000036
AAGGTGATAAACCAGC-1,0.01446,0.016629,0.257029,0.044897,0.038729,0.484885,0.040711,0.007793,0.07306,0.021807
AAGTAGAAGACCGGGT-1,0.511538,0.019423,0.12582,0.051832,0.000359,0.000032,0.000032,0.287742,0.003191,0.000032
AAGTAGTGACGCGAGG-1,0.001908,0.149422,0.693667,0.009843,0.023115,0.010947,0.000013,0.016333,0.005431,0.089321
AAGTCAATTGTCGTCA-1,0.000024,0.223122,0.001147,0.000024,0.041642,0.000024,0.073038,0.351093,0.105368,0.20452
AAGTCTAGTAGCTGCC-1,0.002565,0.235277,0.235723,0.000015,0.126256,0.128099,0.052319,0.192064,0.012211,0.01547
AAGTCTTCTGTGGCCT-1,0.507449,0.01017,0.009843,0.004007,0.069499,0.178784,0.165761,0.000025,0.054438,0.000025
AAGTGACGACCGAATT-1,0.023332,0.42791,0.023795,0.021718,0.034613,0.014147,0.00457,0.190248,0.013853,0.245812
AAGTGAGTCGGGTTTA-1,0.034781,0.025078,0.05302,0.05752,0.038501,0.019177,0.000021,0.004043,0.154488,0.613371
AAGTGCAAAGGTAGAC-1,0.675211,0.028635,0.045742,0.00637,0.007074,0.018541,0.120058,0.060865,0.037477,0.000027
AAGTGCCTTGACTGTA-1,0.000021,0.593222,0.064788,0.016351,0.092217,0.000522,0.000018,0.081368,0.018595,0.132898
AAGTGCGTTAGAATCT-1,0.054865,0.166886,0.258089,0.013215,0.115533,0.344174,0.006859,0.03395,0.000009,0.00642
AAGTGCTTCTCTATTG-1,0.000011,0.078658,0.359306,0.002541,0.346336,0.189353,0.000011,0.000011,0.00171,0.022062
AAGTGTTTGGAGACGG-1,0.000026,0.020259,0.000959,0.051564,0.226843,0.005436,0.000026,0.000026,0.132935,0.561926
AAGTTCACTCCAAGCT-1,0.046725,0.03965,0.064559,0.005899,0.358217,0.218001,0.040435,0.007567,0.162698,0.05625
AAGTTCAGTCTGCGTA-1,0.074213,0.281691,0.42741,0.015406,0.031284,0.04106,0.000016,0.082698,0.003318,0.042905
AAGTTCGGCCAACAGG-1,0.000023,0.297264,0.03389,0.03029,0.014969,0.000023,0.000023,0.180434,0.009854,0.433231
AAGTTGTGATGTTATA-1,0.029611,0.003966,0.015238,0.112663,0.014586,0.039399,0.020284,0.079885,0.557322,0.127047
AAGTTTACTAATGGCA-1,0.000053,0.000053,0.000106,0.000053,0.000053,0.000053,0.090961,0.860072,0.00722,0.041377
AAGTTTATGGGCCCAA-1,0.000027,0.000027,0.000054,0.042158,0.000027,0.032255,0.001374,0.000027,0.612373,0.311678
AATAACAACGCTCGGC-1,0.018148,0.267487,0.405045,0.015699,0.02266,0.129585,0.044263,0.082617,0.013144,0.001352
AATAACACTAGAACAA-1,0.00418,0.142603,0.052276,0.241445,0.163911,0.054544,0.009659,0.123117,0.141488,0.066778
AATAAGTCCTCGAGAC-1,0.006549,0.034995,0.773625,0.078051,0.002701,0.042956,0.000015,0.027309,0.015717,0.018082
AATAATCTTCGTATCG-1,0.00008,0.111727,0.227159,0.104191,0.028283,0.000027,0.000027,0.060011,0.212431,0.256064
AATACAATGTTTCAGG-1,0.761253,0.000335,0.012908,0.019681,0.000035,0.003534,0.028184,0.132668,0.041366,0.000035
AATACCGGAGGGCTGT-1,0.025064,0.115878,0.319071,0.058837,0.123039,0.053698,0.04324,0.026926,0.111897,0.122349
AATAGAACAGAGTGGC-1,0.004013,0.0562,0.233766,0.066539,0.066873,0.08041,0.124115,0.183432,0.18215,0.002502
AATAGAATCTGTTTCA-1,0.001512,0.165481,0.030558,0.005745,0.291973,0.033089,0.146821,0.039478,0.136836,0.148508
AATAGCAAGCCTCCTG-1,0.002137,0.009095,0.016523,0.250973,0.126016,0.0004,0.000042,0.1288,0.101879,0.364135
AATAGCTACCGCGTGC-1,0.008268,0.386466,0.573269,0.010349,0.006474,0.001598,0.000013,0.010704,0.000013,0.002846
AATAGGCACGACCCTT-1,0.02411,0.030572,0.451802,0.319503,0.053399,0.093213,0.000012,0.000012,0.0073,0.020075
AATAGTCCGTCCCGAC-1,0.00004,0.00004,0.019605,0.096018,0.00331,0.00004,0.00004,0.00004,0.537035,0.343832
AATATCAAGGTCGGAT-1,0.702247,0.000095,0.000189,0.000095,0.000095,0.000095,0.120574,0.136965,0.039551,0.000095
AATATCGAATCAATGC-1,0.001318,0.090443,0.396901,0.192032,0.074843,0.026347,0.046449,0.120007,0.040637,0.011023
AATATCGAGGGTTCTC-1,0.000214,0.008278,0.030945,0.000214,0.000214,0.078868,0.286581,0.000214,0.000214,0.594257
AATATTGGAGTATTGA-1,0.00004,0.029357,0.237499,0.00004,0.00004,0.018723,0.057865,0.218502,0.005267,0.432667
AATCAGGTTTCATTTA-1,0.032152,0.251561,0.221157,0.000793,0.059793,0.180178,0.038725,0.033685,0.11087,0.071087
AATCATGTAAAGACTC-1,0.000016,0.079148,0.003611,0.001936,0.022373,0.000313,0.128596,0.227963,0.442014,0.094031
AATCCAAGGGCCTGAG-1,0.627235,0.000028,0.026464,0.00149,0.000028,0.000028,0.019376,0.325295,0.000028,0.000028
AATCCCGCTCAGAGCC-1,0.01125,0.031935,0.035713,0.058533,0.110439,0.007926,0.004727,0.055662,0.4835,0.200316
AATCGAGGTCTCAAGG-1,0.010204,0.005946,0.01375,0.433063,0.158085,0.042694,0.05944,0.007296,0.187861,0.081661
AATCGCCTCAGCGCCA-1,0.037221,0.334591,0.256013,0.005442,0.044808,0.035243,0.045192,0.073615,0.0154,0.152476
AATCGCGCAGAGGACT-1,0.005959,0.044987,0.746226,0.00752,0.017718,0.109247,0.02635,0.027719,0.003799,0.010474
AATCGGGACACTACGA-1,0.000061,0.000061,0.000123,0.000061,0.000061,0.000061,0.047528,0.67796,0.012471,0.261612
AATCGGTATAGCCCTC-1,0.041822,0.012008,0.023662,0.142348,0.012006,0.002129,0.016743,0.085138,0.451682,0.212463
AATCGTGAGCCGAGCA-1,0.10032,0.008166,0.061711,0.178409,0.011662,0.000021,0.291774,0.157406,0.131213,0.059318
AATCTAGGTTTACTTG-1,0.024073,0.383099,0.271784,0.000012,0.007148,0.11117,0.161389,0.040875,0.00005,0.0004
AATCTATGCCGGAGCC-1,0.000126,0.000126,0.000252,0.000126,0.000126,0.000126,0.057923,0.021173,0.000126,0.919895
AATCTCTACTGTGGTT-1,0.273445,0.063249,0.000128,0.000064,0.06465,0.000064,0.371329,0.022392,0.000064,0.204616
AATCTGCGTTGGGACG-1,0.000172,0.000172,0.000344,0.000172,0.000172,0.000172,0.273594,0.074891,0.000172,0.65014
AATCTGGCTTTCTAGT-1,0.001361,0.372773,0.198073,0.000025,0.025611,0.167348,0.0054,0.000025,0.000025,0.229358
AATCTGGGTAGACCCT-1,0.019988,0.024395,0.162849,0.214016,0.160278,0.17341,0.012762,0.093915,0.056968,0.081419
AATGACAGCAATGTCT-1,0.006486,0.048795,0.714343,0.020958,0.077672,0.130945,0.000007,0.00078,0.000007,0.000007
AATGACGTAGGATGTC-1,0.000113,0.354454,0.059859,0.001596,0.137119,0.005049,0.00002,0.109583,0.030714,0.301493
AATGACTGTCAGCCGG-1,0.58506,0.010646,0.133942,0.026002,0.000041,0.000041,0.001305,0.241026,0.001896,0.000041
AATGATGATACGCTAT-1,0.000131,0.000131,0.000262,0.000131,0.000131,0.000131,0.031966,0.214732,0.000131,0.752255
AATGATGCGACTCCTG-1,0.000094,0.000094,0.000187,0.000094,0.000094,0.000094,0.161105,0.333573,0.000094,0.504572
AATGCAACCGGGTACC-1,0.31498,0.000034,0.198102,0.048776,0.000034,0.000034,0.000034,0.39975,0.038222,0.000034
AATGCACCAAGCAATG-1,0.012624,0.133632,0.70648,0.020536,0.002467,0.00613,0.000016,0.086471,0.014152,0.017493
AATGGCCGCCAATGCG-1,0.000059,0.000059,0.000117,0.000059,0.000059,0.000059,0.000059,0.045319,0.55893,0.395283
AATGGTCCACCGTTCA-1,0.020292,0.000041,0.000081,0.000041,0.000041,0.066106,0.913276,0.000041,0.000041,0.000041
AATGGTTCTCACAAGC-1,0.452075,0.132004,0.033962,0.008154,0.018731,0.172802,0.100265,0.081795,0.000106,0.000106
AATGTATGGCACTGTA-1,0.000035,0.000035,0.000071,0.000035,0.000035,0.000035,0.506078,0.196997,0.000035,0.296643
AATGTGCCCGAGGTGT-1,0.004201,0.060083,0.515842,0.075339,0.057029,0.146916,0.111418,0.017618,0.004978,0.006576
AATGTGCTAATCTGAG-1,0.000056,0.053292,0.245408,0.077067,0.249869,0.016598,0.000025,0.000025,0.031233,0.326425
AATGTTAAGACCCTGA-1,0.00052,0.000013,0.000461,0.589878,0.057793,0.015946,0.009746,0.000013,0.233791,0.09184
AATGTTGTCGTGAGAC-1,0.003576,0.000197,0.005771,0.512687,0.142401,0.044804,0.01929,0.002463,0.18322,0.085591
AATTAAAGGTCGGCGT-1,0.037165,0.174852,0.57793,0.048807,0.044128,0.013033,0.000016,0.0241,0.00344,0.076528
AATTAACGGATTTCCA-1,0.05675,0.026819,0.125486,0.006485,0.349865,0.109884,0.136345,0.02514,0.159495,0.003729
AATTACGAGACCCATC-1,0.000021,0.000021,0.000043,0.000021,0.000021,0.048721,0.944052,0.007056,0.000021,0.000021
AATTAGCGCTGCAGCG-1,0.00709,0.034656,0.118513,0.130943,0.234913,0.203039,0.000012,0.002491,0.136992,0.131353
AATTCATAAGGGATCT-1,0.000129,0.000129,0.000258,0.000129,0.000129,0.000129,0.000129,0.178626,0.000129,0.820214
AATTCATTGTCATGCA-1,0.000034,0.000034,0.000068,0.000034,0.000034,0.000034,0.999658,0.000034,0.000034,0.000034
AATTCCAAGCATGTAC-1,0.003613,0.004248,0.006324,0.003705,0.167139,0.44873,0.060181,0.000016,0.293966,0.012077
AATTCGATTCGAGGAT-1,0.000683,0.000015,0.004627,0.087324,0.004189,0.34074,0.249156,0.003318,0.309933,0.000015
AATTCTAGAGTTAGGC-1,0.017898,0.055774,0.150349,0.066096,0.407138,0.090361,0.000017,0.000687,0.072462,0.139217
AATTGAACGCTCTGGT-1,0.012173,0.033083,0.036844,0.009975,0.005038,0.599822,0.051997,0.000369,0.002709,0.247989
AATTGCAGCAATCGAC-1,0.000035,0.000035,0.000071,0.075761,0.000035,0.000155,0.368024,0.000035,0.532868,0.02298
AATTGCGTGGATTACA-1,0.000034,0.002372,0.049771,0.000034,0.167978,0.030623,0.461525,0.124093,0.036379,0.127191
AATTGTGGTTGCCAAA-1,0.000032,0.000032,0.000064,0.067724,0.003483,0.009122,0.000565,0.000032,0.517697,0.40125
AATTTGGGACATAGTA-1,0.130119,0.059561,0.664536,0.040627,0.04587,0.009314,0.000015,0.028402,0.001103,0.020453
AATTTGGTTCCAAAGA-1,0.000045,0.03505,0.167672,0.000045,0.000045,0.000045,0.000045,0.572581,0.000045,0.22443
ACAAACCATGCGTCCT-1,0.007887,0.159931,0.235096,0.000014,0.071981,0.390198,0.038858,0.000014,0.004062,0.09196
ACAAACCGACAAGGCG-1,0.045828,0.022661,0.45506,0.199038,0.030717,0.009931,0.000013,0.099646,0.132168,0.004939
ACAAACTCCATCAGAG-1,0.006676,0.182189,0.10684,0.027139,0.091864,0.019323,0.052235,0.138555,0.218501,0.156678
ACAAAGAAGGTAGGCC-1,0.265775,0.000199,0.000111,0.000055,0.000208,0.000055,0.161493,0.321502,0.010689,0.239914
ACAAAGCATGACCTAG-1,0.000028,0.000028,0.000056,0.264813,0.013085,0.000028,0.069476,0.000028,0.435672,0.216785
ACAAATCGCACCGAAT-1,0.000019,0.049877,0.033928,0.012687,0.030295,0.005538,0.000019,0.016133,0.460816,0.390686
ACAAATGGTAGTGTTT-1,0.006255,0.18702,0.141983,0.051403,0.05641,0.127731,0.085469,0.027358,0.009863,0.306507
ACAAATTCAGATCTGA-1,0.047198,0.069319,0.021152,0.044676,0.048549,0.000031,0.000031,0.219932,0.360287,0.188826
ACAACAGCATGAGCTA-1,0.00008,0.00008,0.000159,0.00008,0.00008,0.00008,0.00008,0.610619,0.012885,0.375859
ACAACGGTCCCTGCGA-1,0.3984,0.010821,0.202332,0.010095,0.000068,0.000068,0.129787,0.127739,0.120622,0.000068
ACAAGCAGTGCCTAGC-1,0.000059,0.000059,0.000119,0.000059,0.000059,0.000059,0.21024,0.257001,0.019533,0.512811
ACAAGGAAATCCGCCC-1,0.000398,0.073709,0.063738,0.029058,0.065646,0.009653,0.044852,0.081207,0.296647,0.335092
ACAAGGACAAGAGGTT-1,0.000055,0.000055,0.000109,0.000055,0.000055,0.000055,0.060474,0.311926,0.000055,0.627162
ACAAGGATGCTTTAGG-1,0.000028,0.000028,0.000056,0.006802,0.00003,0.000028,0.000028,0.000897,0.25738,0.734724
ACAAGGCCTACCAGCC-1,0.038544,0.057688,0.322786,0.202061,0.071911,0.210312,0.01602,0.058436,0.022227,0.000014
ACAAGGGCAGGCTCTG-1,0.013821,0.06274,0.439207,0.032204,0.215338,0.224067,0.000007,0.000007,0.002059,0.010549
ACAAGTAATTGTAAGG-1,0.000051,0.027488,0.207099,0.000051,0.000378,0.000051,0.140654,0.177036,0.125358,0.321834
ACAATAGTCGTACGTT-1,0.003999,0.285274,0.465724,0.003853,0.005422,0.050183,0.036426,0.012964,0.012765,0.123391
ACAATCCATTTAAACC-1,0.018473,0.34997,0.162025,0.00028,0.017636,0.060523,0.142946,0.228236,0.019898,0.000014
ACAATGAATACGGAGA-1,0.004128,0.069941,0.22994,0.07004,0.205913,0.058186,0.019589,0.000942,0.047077,0.294245
ACAATGATTCTTCTAC-1,0.000035,0.08718,0.005125,0.188003,0.196822,0.000035,0.000035,0.055303,0.148869,0.318594
ACAATTGTGTCTCTTT-1,0.00002,0.157072,0.006878,0.00002,0.032469,0.005271,0.058328,0.278618,0.169253,0.292073
ACAATTTAGGAGGCTC-1,0.125013,0.000086,0.032167,0.000086,0.000086,0.286009,0.556294,0.000086,0.000086,0.000086
ACAATTTGAGCAGTGG-1,0.278608,0.001558,0.245953,0.057901,0.000022,0.000022,0.000022,0.415868,0.000022,0.000022
ACAATTTGGCCATATT-1,0.031758,0.01126,0.801784,0.009158,0.030154,0.0969,0.012374,0.006579,0.000017,0.000017
ACACAAAGACGGGTGG-1,0.38811,0.000038,0.07795,0.148385,0.000038,0.000038,0.003168,0.368559,0.013675,0.000038
ACACAAATATTCCTAG-1,0.000036,0.000036,0.010703,0.141713,0.000036,0.123962,0.178426,0.000036,0.024377,0.520674
ACACACCAGGACCAGT-1,0.022746,0.469174,0.055961,0.020164,0.122234,0.017349,0.001306,0.122833,0.054723,0.113509
ACACACTTTCTACACG-1,0.008012,0.000057,0.000115,0.000057,0.033207,0.000057,0.173438,0.695074,0.018687,0.071296
ACACATGATCAAATCT-1,0.015432,0.460167,0.257275,0.000282,0.103058,0.054961,0.000022,0.003688,0.000022,0.105094
ACACATTTCCGTAGAC-1,0.073876,0.02323,0.07883,0.096747,0.20493,0.052985,0.015765,0.035335,0.381972,0.036329
ACACCACATAATTAGC-1,0.000118,0.000118,0.034939,0.000118,0.000118,0.153976,0.810262,0.000118,0.000118,0.000118
ACACCCAGCATGCAGC-1,0.353333,0.023591,0.143826,0.06794,0.000085,0.011941,0.157529,0.241585,0.000085,0.000085
ACACCCGAGAAATCCG-1,0.527375,0.047868,0.151033,0.02868,0.021106,0.003956,0.018805,0.152303,0.04882,0.000054
ACACCCGTAAATCTGT-1,0.000084,0.000084,0.000168,0.015365,0.000084,0.000084,0.000084,0.000084,0.626518,0.357444
ACACCGGTCTGACCGC-1,0.002334,0.084485,0.419548,0.010427,0.024298,0.305957,0.106293,0.002951,0.007915,0.035791
ACACCTTAAGTAGGGC-1,0.303195,0.000189,0.080651,0.000189,0.000189,0.000189,0.337503,0.038251,0.000189,0.239456
ACACCTTACTACTTGC-1,0.004297,0.113375,0.616712,0.000009,0.005092,0.189152,0.06311,0.008131,0.000114,0.000009
ACACGAGACTCCTTCT-1,0.281152,0.000055,0.00011,0.000055,0.000055,0.000055,0.244453,0.099488,0.000055,0.374522
ACACGGCACTATGCAT-1,0.030469,0.132834,0.503614,0.016886,0.000021,0.009106,0.041662,0.262229,0.00316,0.000019
ACACGGGAACTTAGGG-1,0.341575,0.000075,0.087384,0.082268,0.000075,0.000075,0.052358,0.363582,0.000075,0.072532
ACACGTAGGCCACAAG-1,0.000023,0.005662,0.01238,0.253617,0.074289,0.000023,0.000023,0.02773,0.319963,0.306291
ACACTGATCAAGGTGT-1,0.081991,0.049348,0.256907,0.022717,0.251079,0.114491,0.001718,0.074297,0.138909,0.008544
ACACTGGGACAGTCGT-1,0.000027,0.008493,0.003903,0.067295,0.020087,0.000027,0.000027,0.10702,0.44753,0.345591
ACAGAACTGAGAACAA-1,0.000062,0.000062,0.088763,0.466764,0.000062,0.164229,0.112403,0.000062,0.000643,0.166951
ACAGATTAGGTTAGTG-1,0.031344,0.000086,0.000171,0.000086,0.000086,0.000086,0.024088,0.753408,0.005504,0.185142
ACAGCATAGAGCCAGT-1,0.000052,0.000052,0.000104,0.000052,0.000052,0.000052,0.157002,0.677466,0.000073,0.165095
ACAGCGACATTCTCAT-1,0.030948,0.05038,0.058015,0.014836,0.201076,0.107399,0.037237,0.08698,0.323635,0.089494
ACAGCGCACCCGCAGC-1,0.095135,0.120439,0.409091,0.088445,0.012887,0.002815,0.000028,0.073019,0.000028,0.198113
ACAGGCACGGATCCTT-1,0.000044,0.000044,0.000088,0.008335,0.000044,0.000044,0.000044,0.000044,0.532599,0.458715
ACAGGCTTGCCCGACT-1,0.017471,0.000025,0.009291,0.151048,0.044235,0.033212,0.098002,0.000025,0.315185,0.331506
ACAGGTGGAGGTGAGG-1,0.030685,0.239762,0.089898,0.015953,0.069394,0.003713,0.000021,0.009005,0.005878,0.535689
ACAGTAATACAACTTG-1,0.000024,0.389228,0.15011,0.000024,0.003335,0.000122,0.046571,0.145592,0.021044,0.24395
ACAGTATACCGTGGGA-1,0.000021,0.5098,0.161679,0.076237,0.057837,0.00792,0.000021,0.005885,0.000021,0.180577
ACAGTGCAGCGCATTT-1,0.053582,0.000052,0.022586,0.047141,0.050476,0.000052,0.027368,0.006852,0.187622,0.60427
ACATAAGTCGTGGTGA-1,0.000054,0.224605,0.007538,0.000054,0.000054,0.000054,0.077393,0.202047,0.000054,0.488149
ACATAATAAGGCGGTG-1,0.38497,0.005754,0.137057,0.052032,0.000023,0.000023,0.000023,0.420071,0.000023,0.000023
ACATCAGCTGGGACGC-1,0.591932,0.023334,0.042604,0.000027,0.014045,0.021955,0.289599,0.003651,0.012827,0.000027
ACATCCCGGCCATACG-1,0.040806,0.008277,0.116147,0.109498,0.279768,0.316614,0.024008,0.011607,0.090847,0.002428
ACATCCTGGTAACTGT-1,0.005437,0.082178,0.634552,0.00041,0.09343,0.183958,0.000009,0.000009,0.000009,0.000009
ACATCGATCGTTTACC-1,0.00164,0.234462,0.156853,0.011485,0.066318,0.036505,0.059947,0.207619,0.076864,0.148307
ACATCGCAATATTCGG-1,0.000018,0.022054,0.654936,0.069259,0.052437,0.032272,0.000018,0.018331,0.131994,0.01868
ACATCGGTCAGCCGCG-1,0.035719,0.057894,0.499859,0.047411,0.023756,0.293496,0.00618,0.035663,0.000011,0.000011
ACATCGTATGCAATGG-1,0.009223,0.145289,0.231323,0.044121,0.10564,0.147575,0.059709,0.081467,0.127635,0.048017
ACATCGTTAACCTAGT-1,0.098533,0.003392,0.82296,0.039922,0.000028,0.025991,0.000011,0.00914,0.000011,0.000011
ACATCTCAACGCGTAA-1,0.047804,0.010124,0.650983,0.101915,0.000013,0.076934,0.024377,0.067168,0.020668,0.000013
ACATGCTTACGGCAGC-1,0.000038,0.060835,0.022007,0.000038,0.026917,0.016674,0.376381,0.374426,0.010696,0.11199
ACATGGCGCCAAAGTA-1,0.000625,0.268557,0.467658,0.002449,0.066684,0.006871,0.025493,0.002089,0.005867,0.153707
ACATTAGTTTATATCC-1,0.000022,0.02208,0.000045,0.000022,0.007702,0.000022,0.016427,0.248581,0.299336,0.405761
ACATTCGCGCGGAATA-1,0.001598,0.199006,0.376026,0.008145,0.029643,0.165486,0.111466,0.075136,0.029054,0.004441
ACCAAACACCCAGCGA-1,0.008198,0.171584,0.457558,0.004531,0.006075,0.077049,0.054161,0.14623,0.074599,0.000015
ACCAAACTAGAAATCC-1,0.000024,0.000363,0.07258,0.000024,0.000024,0.000024,0.00795,0.541398,0.148469,0.229144
ACCAACACCACACACT-1,0.005972,0.319792,0.479642,0.003653,0.011807,0.089002,0.03747,0.02924,0.003308,0.020114
ACCAACCGCACTCCAC-1,0.065998,0.022226,0.020879,0.007315,0.206107,0.03468,0.006592,0.009149,0.532698,0.094355
ACCAACGCTTATTTAT-1,0.027464,0.077106,0.125127,0.026095,0.28066,0.057519,0.042344,0.112631,0.216833,0.034221
ACCAAGAACGCGTGTC-1,0.639521,0.000029,0.051495,0.04026,0.000029,0.000029,0.0024,0.265695,0.000512,0.000029
ACCAAGTCATCGGCAG-1,0.000051,0.000051,0.000102,0.055839,0.000051,0.000051,0.000051,0.033912,0.584737,0.325155
ACCAATATGCAAGTTA-1,0.000016,0.035365,0.000032,0.000016,0.0059,0.003086,0.23141,0.16196,0.505948,0.056268
ACCACAACTCAGAACA-1,0.03439,0.018682,0.711593,0.06266,0.001568,0.007216,0.000009,0.155937,0.007937,0.000009
ACCACAAGTTTCTATC-1,0.000065,0.025712,0.135728,0.000065,0.003292,0.000065,0.093614,0.298816,0.054032,0.388611
ACCACACGGTTGATGG-1,0.020372,0.028339,0.033386,0.093145,0.049605,0.004316,0.003947,0.202104,0.407567,0.157219
ACCACCAATGTAACAA-1,0.00184,0.433843,0.253256,0.000022,0.009381,0.000022,0.000022,0.148241,0.003193,0.150181
ACCACCCTCTCTTCTA-1,0.000062,0.000062,0.000125,0.000062,0.000062,0.000062,0.078356,0.236621,0.000062,0.684524
ACCACGTGCAGCTATA-1,0.005547,0.050846,0.057898,0.161576,0.103451,0.090703,0.087945,0.054721,0.060206,0.327108
ACCAGACCATAACAAC-1,0.618712,0.047683,0.055117,0.000023,0.015843,0.08943,0.162719,0.003231,0.007221,0.000023
ACCAGCCCGGTCTTTG-1,0.067107,0.016625,0.667197,0.116604,0.006375,0.058527,0.000012,0.061699,0.005842,0.000012
ACCAGTGCCCGGTCAA-1,0.000024,0.186483,0.076295,0.125146,0.045145,0.000024,0.000024,0.209487,0.018632,0.338741
ACCAGTGCGGGAGACG-1,0.030901,0.17677,0.232596,0.080746,0.144187,0.044551,0.002114,0.099939,0.093177,0.095019
ACCATATCCGCAATAA-1,0.001907,0.275179,0.154937,0.002442,0.013407,0.000031,0.000031,0.299359,0.076321,0.176388
ACCATCCGCCAACTAG-1,0.000048,0.010222,0.000097,0.000048,0.000048,0.000048,0.161593,0.359541,0.023247,0.445109
ACCATCGTATATGGTA-1,0.000039,0.312836,0.183866,0.011258,0.050225,0.010992,0.000039,0.00221,0.001697,0.426839
ACCCAACGCCCGTGGC-1,0.16668,0.016211,0.260555,0.0855,0.002257,0.059487,0.032856,0.363609,0.012796,0.000049
ACCCACCTACATGCTC-1,0.546069,0.07094,0.022211,0.023002,0.080952,0.066494,0.153124,0.027964,0.009208,0.000036
ACCCATCTTGAGGGTA-1,0.000135,0.170685,0.145527,0.019872,0.035166,0.148764,0.105259,0.34875,0.025824,0.000018
ACCCATTTGTCCCTCT-1,0.004329,0.046767,0.014168,0.004088,0.424626,0.017619,0.013013,0.006427,0.270552,0.198411
ACCCGAGCGAAATTAC-1,0.00002,0.064765,0.003565,0.00002,0.00002,0.00002,0.337906,0.373187,0.148433,0.072066
ACCCGATTGGTTCCGA-1,0.009131,0.128002,0.228494,0.011958,0.076291,0.223413,0.076951,0.022427,0.217105,0.006228
ACCCGGAAACTCCCAG-1,0.007834,0.010219,0.002121,0.000019,0.007701,0.000019,0.000019,0.140804,0.443891,0.387372
ACCCGGAGCACCACAA-1,0.000016,0.007724,0.149162,0.216224,0.010849,0.000077,0.000016,0.035196,0.513572,0.067165
ACCCGGATGACGCATC-1,0.053808,0.037538,0.871625,0.000301,0.007768,0.021941,0.000012,0.006555,0.00044,0.000012
ACCCGGTTACACTTCC-1,0.009815,0.40873,0.039684,0.003337,0.142745,0.016966,0.002796,0.200972,0.029243,0.145712
ACCCGTAGCAGAGAAT-1,0.209479,0.053403,0.201665,0.012965,0.004603,0.018858,0.153925,0.335676,0.009415,0.000013
ACCCGTGTCATCAGTA-1,0.032227,0.04713,0.087193,0.007298,0.217756,0.161393,0.038689,0.019371,0.306034,0.082908
ACCCTATGCCATATCG-1,0.007907,0.237105,0.040414,0.023956,0.434683,0.014362,0.004635,0.092339,0.065336,0.079263
ACCCTCCCGTCAGGGC-1,0.000037,0.000037,0.000074,0.051478,0.000037,0.000037,0.000037,0.004776,0.501119,0.442368
ACCCTCCCTTGCTATT-1,0.002106,0.105018,0.024243,0.001208,0.188205,0.113238,0.006304,0.000018,0.000018,0.559642
