Barcode,Topic 1to8,Topic 9,Topic 10to11
AAACAAGTATCTCCCA-1,0.768804,0.22098,0.010216
AAACAATCTACTAGCA-1,0.948466,0.000029,0.051505
AAACACCAATAACTGC-1,0.000254,0.584978,0.414768
AAACAGAGCGACTCCT-1,0.991905,0.008036,0.000059
AAACAGCTTTCAGAAG-1,0.953611,0.000023,0.046365
AAACAGGGTCTATATT-1,0.545049,0.259899,0.195052
AAACAGTGTTCCTGGG-1,0.148262,0.605865,0.245874
AAACATTTCCCGGATT-1,0.000455,0.510633,0.488911
AAACCACTACACAGAT-1,0.954902,0.014111,0.030988
AAACCCGAACGAAATC-1,0.387285,0.007023,0.605692
AAACCGGAAATGTTAA-1,0.601032,0.070103,0.328864
AAACCGGGTAGGTACC-1,0.971853,0.000029,0.028117
AAACCGTTCGTCCAGG-1,0.30358,0.454094,0.242326
AAACCTAAGCAGCCGG-1,0.055955,0.943987,0.000058
AAACCTCATGAAGTTG-1,0.959368,0.010841,0.029791
AAACGAAGAACATACC-1,0.999947,0.000018,0.000035
AAACGAAGATGGAGTA-1,0.500471,0.380966,0.118563
AAACGACAGTCTTGCC-1,0.923457,0.021365,0.055178
AAACGAGACGGTTGAT-1,0.849023,0.036119,0.114859
AAACGCCCGAGATCGG-1,0.910314,0.000049,0.089637
AAACGCTGGGCACGAC-1,0.124621,0.768792,0.106587
AAACGGGCGTACGGGT-1,0.108722,0.891247,0.000031
AAACGGGTTGGTATCC-1,0.970025,0.029847,0.000128
AAACGGTTGCGAACTG-1,0.113463,0.571344,0.315193
AAACGTGTTCGCCCTA-1,0.985787,0.000015,0.014198
AAACTAACGTGGCGAC-1,0.902218,0.018045,0.079737
AAACTCGGTTCGCAAT-1,0.195425,0.804515,0.00006
AAACTCGTGATATAAG-1,0.967703,0.032274,0.000023
AAACTGCTGGCTCCAA-1,0.565037,0.4176,0.017363
AAACTTAATTGCACGC-1,0.000188,0.521962,0.47785
AAACTTGCAAACGTAT-1,0.805979,0.193971,0.00005
AAAGAATGTGGACTAA-1,0.104526,0.744594,0.15088
AAAGACATGAAGTTTA-1,0.928891,0.04689,0.024219
AAAGACCCAAGTCGCG-1,0.999943,0.000019,0.000038
AAAGACTGGGCGCTTT-1,0.970012,0.000016,0.029972
AAAGCTTGCCTACATA-1,0.999974,0.000009,0.000017
AAAGGCCCTATAATAC-1,0.141251,0.745235,0.113514
AAAGGCTACGGACCAT-1,0.134407,0.859717,0.005876
AAAGGCTCTCGCGCCG-1,0.291938,0.439994,0.268068
AAAGGGATGTAGCAAG-1,0.645811,0.000057,0.354132
AAAGGGCAGCTTGAAT-1,0.999916,0.000028,0.000056
AAAGGTAAGCTGTACC-1,0.934782,0.021352,0.043866
AAAGTAGCATTGCTCA-1,0.274294,0.725668,0.000038
AAAGTCACTGATGTAA-1,0.999899,0.000034,0.000067
AAAGTCGACCCTCAGT-1,0.983233,0.000011,0.016757
AAAGTGCCATCAATTA-1,0.063792,0.547619,0.388589
AAAGTGTGATTTATCT-1,0.800157,0.015821,0.184022
AAAGTTGACTCCCGTA-1,0.923409,0.07654,0.000051
AAATAACCATACGGGA-1,0.983822,0.00002,0.016158
AAATAAGGTAGTGCCC-1,0.993769,0.005081,0.00115
AAATACCTATAAGCAT-1,0.213255,0.179245,0.6075
AAATAGCTTAGACTTT-1,0.954237,0.000019,0.045744
AAATAGGGTGCTATTG-1,0.269793,0.73012,0.000087
AAATCCGATACACGCC-1,0.079144,0.451165,0.469691
AAATCGCGGAAGGAGT-1,0.361364,0.462082,0.176554
AAATCGTGTACCACAA-1,0.934839,0.000036,0.065125
AAATCTAGCCCTGCTA-1,0.43084,0.261084,0.308077
AAATGACTGATCAAAC-1,0.076003,0.923882,0.000115
AAATGATTCGATCAGC-1,0.999929,0.000024,0.000048
AAATGCTCGTTACGTT-1,0.999908,0.000031,0.000062
AAATGGCATGTCTTGT-1,0.961085,0.00002,0.038895
AAATGGCCCGTGCCCT-1,0.514357,0.411075,0.074568
AAATGGTCAATGTGCC-1,0.966323,0.033634,0.000044
AAATGTGGGTGCTCCT-1,0.999836,0.000055,0.00011
AAATTAACGGGTAGCT-1,0.989833,0.003704,0.006463
AAATTAATAAGCGCGA-1,0.658635,0.267809,0.073556
AAATTACACGACTCTG-1,0.99991,0.00003,0.00006
AAATTACCTATCGATG-1,0.920967,0.07901,0.000024
AAATTCCAGGTCCAAA-1,0.999962,0.000013,0.000026
AAATTGATAGTCCTTT-1,0.342464,0.527824,0.129712
AAATTGCGGCGGTTCT-1,0.999888,0.000037,0.000074
AAATTGGTGAGAAGCA-1,0.992767,0.000026,0.007207
AAATTTACCGAAATCC-1,0.931759,0.068156,0.000086
AAATTTGCGGGTGTGG-1,0.483801,0.516151,0.000047
AACAACTGGTAGTTGC-1,0.966831,0.000952,0.032217
AACAATACATTGTCGA-1,0.329061,0.662637,0.008302
AACAATTACTCTACGC-1,0.942654,0.043872,0.013473
AACACACGCTCGCCGC-1,0.440213,0.41317,0.146616
AACACGACTGTACTGA-1,0.955015,0.000018,0.044966
AACACGAGACGCGGCC-1,0.667339,0.188443,0.144218
AACACGCGGCCGCGAA-1,0.999925,0.000025,0.00005
AACAGCTGTGTGGCAA-1,0.164208,0.73259,0.103202
AACAGGAAATCGAATA-1,0.999912,0.000029,0.000058
AACAGGATGGGCCGCG-1,0.999858,0.000047,0.000095
AACAGGTAGTATGGAT-1,0.494333,0.217116,0.288551
AACATAGCGTGTATCG-1,0.22129,0.77864,0.00007
AACATATCAACTGGTG-1,0.999949,0.000017,0.000034
AACATCGATACGTCTA-1,0.999958,0.000014,0.000028
AACATTGAAGTTGATC-1,0.33,0.333546,0.336455
AACATTGGTCAGCCGT-1,0.999844,0.000052,0.000104
AACATTGTGACTCGAG-1,0.127635,0.515102,0.357263
AACCAAGACTTCTCTG-1,0.888215,0.000012,0.111773
AACCAGTATCACTCTT-1,0.999892,0.000036,0.000072
AACCATAGGGTTGAAC-1,0.095003,0.437529,0.467468
AACCATGGGATCGCTA-1,0.965822,0.000039,0.034138
AACCCAGAGACGGAGA-1,0.929816,0.000024,0.07016
AACCCATCCCATGATC-1,0.175654,0.297568,0.526778
AACCCGACAACCCGTG-1,0.043514,0.594967,0.361518
AACCCGAGCAGAATCG-1,0.407305,0.449134,0.143561
AACCCGATAGGGCTTC-1,0.999873,0.000042,0.000085
AACCCGCTGTATTCCA-1,0.194298,0.755346,0.050356
AACCCTACTGTCAATA-1,0.991892,0.000019,0.00809
AACCCTGGTGGAACCA-1,0.973209,0.000019,0.026772
AACCGAGCTTGGTCAT-1,0.999946,0.000018,0.000036
AACCGCTAAGGGATGC-1,0.723879,0.058066,0.218055
AACCGTTGTGTTTGCT-1,0.999907,0.000031,0.000062
AACCTAAAGCCGTCCG-1,0.920766,0.079148,0.000086
AACCTCGCTTTAGCCC-1,0.134088,0.79707,0.068843
AACCTGTCACGGAATT-1,0.808878,0.021691,0.169432
AACCTTTAAATACGGT-1,0.387747,0.363795,0.248459
AACCTTTACGACGTCT-1,0.828754,0.090495,0.080751
AACGAAAGTCGTCCCA-1,0.198413,0.61067,0.190917
AACGACCTCCTAGCCG-1,0.107231,0.892722,0.000047
AACGATAATGCCGTAG-1,0.23171,0.768183,0.000107
AACGATAGAAGGGCCG-1,0.958955,0.000022,0.041023
AACGATATGTCAACTG-1,0.999913,0.000029,0.000058
AACGCATGATCTGGGT-1,0.944708,0.054113,0.001179
AACGCGAACGGCAACA-1,0.972867,0.000031,0.027102
AACGCGACCTTGGGCG-1,0.089198,0.353926,0.556876
AACGCGGTCTCCAGCC-1,0.840163,0.000016,0.159821
AACGCTGTTGCTGAAA-1,0.222502,0.77636,0.001138
AACGGACGTACGTATA-1,0.656243,0.343682,0.000075
AACGGCCATCTCCGGT-1,0.211006,0.198174,0.590821
AACGTACTGTGGGTAC-1,0.684338,0.22639,0.089272
AACGTAGTCTACCCAT-1,0.95479,0.045124,0.000085
AACGTCAGACTAGTGG-1,0.999918,0.000027,0.000055
AACGTCATCCGGCTTG-1,0.197649,0.80229,0.00006
AACGTCGCTGCACTTC-1,0.300356,0.662036,0.037608
AACGTGATGAAGGACA-1,0.999928,0.000024,0.000048
AACGTGCGAAAGTCTC-1,0.958858,0.037194,0.003948
AACGTTATCAGCACCT-1,0.94358,0.027361,0.02906
AACGTTCTACCATTGT-1,0.340697,0.630645,0.028658
AACTACCCGTTTGTCA-1,0.846351,0.077822,0.075827
AACTAGCGTATCGCAC-1,0.985321,0.014645,0.000035
AACTAGGCTTGGGTGT-1,0.50234,0.497568,0.000092
AACTCAAGTTAATTGC-1,0.863736,0.000011,0.136253
AACTCCAGAGCGTGTT-1,0.236999,0.762806,0.000195
AACTCCTAATCCCATG-1,0.999807,0.000028,0.000165
AACTCGATAAACACGT-1,0.999934,0.000022,0.000044
AACTCGATGGCGCAGT-1,0.850331,0.000029,0.149641
AACTCTCAATAGAGCG-1,0.998574,0.001404,0.000022
AACTCTCAGTGTGCTC-1,0.28652,0.578042,0.135439
AACTGAGGTCAGCGTC-1,0.922372,0.000024,0.077604
AACTGAGTTATACTGA-1,0.807977,0.166856,0.025167
AACTGATATTAGGCCT-1,0.999907,0.000031,0.000062
AACTGGGTCCCGACGT-1,0.999902,0.000033,0.000065
AACTGGGTTCGAGCCG-1,0.999778,0.000074,0.000148
AACTGGTGTGGGCCTT-1,0.999902,0.000033,0.000065
AACTTCTGCGTCTATC-1,0.999879,0.00004,0.000081
AACTTGCCCGTATGCA-1,0.941852,0.000033,0.058116
AACTTGCGTTCTCGCG-1,0.974932,0.007364,0.017704
AACTTTACGGGAGCTT-1,0.924318,0.007773,0.067909
AACTTTAGCTGCTGAG-1,0.999889,0.000037,0.000074
AACTTTCTCGATCATG-1,0.996831,0.000009,0.00316
AAGAAAGTTTGATGGG-1,0.298668,0.615191,0.086141
AAGAAATCACCAGATT-1,0.96514,0.000008,0.034852
AAGAAGGATCAGTTAG-1,0.999791,0.00007,0.000139
AAGACATACGTGGTTT-1,0.287985,0.573758,0.138257
AAGACCAAATAACTCA-1,0.604886,0.251019,0.144095
AAGACCCAACTGAACA-1,0.253592,0.516033,0.230375
AAGACTAACCCGTTGT-1,0.96393,0.000036,0.036034
AAGACTGCAAGCTACT-1,0.945959,0.05396,0.000081
AAGAGATGAATCGGTA-1,0.967448,0.014778,0.017773
AAGAGCTCTTTATCGG-1,0.999873,0.000042,0.000085
AAGAGGATGTACGCGA-1,0.999937,0.000021,0.000042
AAGAGGCATGGATCGC-1,0.484672,0.000048,0.51528
AAGAGGCCCTTTGGAA-1,0.113586,0.641687,0.244727
AAGATGGCACCGGACC-1,0.420667,0.462928,0.116405
AAGATTGGCGGAACGT-1,0.898129,0.000009,0.101862
AAGCACCCTGCGTATC-1,0.094047,0.905867,0.000087
AAGCATACTCTCCTGA-1,0.292525,0.707415,0.00006
AAGCCACTTGCAGGTA-1,0.15374,0.846214,0.000046
AAGCCGAAGCGGTTTA-1,0.673032,0.130285,0.196683
AAGCCGCCGTGAAATC-1,0.343112,0.597826,0.059061
AAGCCGCTTTACCTTG-1,0.856185,0.08692,0.056895
AAGCCGGAGAGCAGGA-1,0.270364,0.649687,0.07995
AAGCGCAGGGCTTTGA-1,0.122178,0.831614,0.046208
AAGCGGAGTGCGCGCA-1,0.999952,0.000016,0.000032
AAGCGGCGTCATGGGT-1,0.999898,0.000034,0.000068
AAGCGTCCCTCATCGA-1,0.255524,0.596344,0.148132
AAGCTAGATCGAGTAA-1,0.154941,0.484024,0.361036
AAGCTCGTGCCAAGTC-1,0.825558,0.008258,0.166184
AAGCTCTTTCATGGTG-1,0.104253,0.516836,0.378911
AAGGAGAACTTATAAG-1,0.987604,0.00005,0.012346
AAGGAGCGGTTGGTGC-1,0.918817,0.030447,0.050736
AAGGATCGATCGCTTG-1,0.921456,0.000022,0.078521
AAGGATGAGGGACCTC-1,0.949137,0.00001,0.050853
AAGGCAGGCTGTCTCC-1,0.976317,0.019448,0.004235
AAGGCGCGTAAAGCTT-1,0.999926,0.000025,0.000049
AAGGCTGTGCTCATCG-1,0.947462,0.052459,0.000079
AAGGGAACGACTGGCT-1,0.141374,0.527068,0.331558
AAGGGACAGATTCTGT-1,0.998235,0.000019,0.001747
AAGGGACTATGCATTC-1,0.479609,0.287379,0.233012
AAGGGTTAGCCATGCG-1,0.060803,0.939139,0.000057
AAGGTATCCTAATATA-1,0.99997,0.00001,0.00002
AAGGTGATAAACCAGC-1,0.838014,0.008853,0.153132
AAGTAAGCTTCCAAAC-1,0.907047,0.021186,0.071767
AAGTAGAAGACCGGGT-1,0.98317,0.000021,0.016809
AAGTAGTGACGCGAGG-1,0.94726,0.052689,0.000051
AAGTCAATTGTCGTCA-1,0.630562,0.010518,0.358921
AAGTCTAGTAGCTGCC-1,0.999961,0.000013,0.000026
AAGTGACGACCGAATT-1,0.953141,0.046782,0.000076
AAGTGAGTCGGGTTTA-1,0.000748,0.273787,0.725465
AAGTGCAAAGGTAGAC-1,0.999933,0.000022,0.000044
AAGTGCCTTGACTGTA-1,0.922443,0.00003,0.077527
AAGTGCGTTAGAATCT-1,0.397679,0.347916,0.254405
AAGTGCTTCTCTATTG-1,0.00012,0.786849,0.213031
AAGTGTTTGGAGACGG-1,0.309377,0.571758,0.118865
AAGTTCACTCCAAGCT-1,0.205734,0.783343,0.010923
AAGTTCAGTCTGCGTA-1,0.965391,0.000009,0.0346
AAGTTCGGCCAACAGG-1,0.819584,0.162259,0.018157
AAGTTGTGATGTTATA-1,0.187476,0.809023,0.003501
AAGTTTACTAATGGCA-1,0.961316,0.000056,0.038627
AAGTTTATGGGCCCAA-1,0.01767,0.982295,0.000035
AATAACAACGCTCGGC-1,0.999939,0.00002,0.000041
AATAACACTAGAACAA-1,0.112468,0.591994,0.295537
AATAACGTCGCGCCCA-1,0.089468,0.769807,0.140725
AATAAGTCCTCGAGAC-1,0.956963,0.000041,0.042996
AATAATCTTCGTATCG-1,0.368695,0.630583,0.000722
AATACAATGTTTCAGG-1,0.983594,0.000028,0.016378
AATACCGGAGGGCTGT-1,0.260164,0.595373,0.144463
AATACCTGATGTGAAC-1,0.168659,0.752471,0.07887
AATAGAACAGAGTGGC-1,0.187748,0.349723,0.462529
AATAGAATCTGTTTCA-1,0.478266,0.000602,0.521132
AATAGCAAGCCTCCTG-1,0.695576,0.000027,0.304397
AATAGCTACCGCGTGC-1,0.953063,0.04689,0.000047
AATAGGCACGACCCTT-1,0.000228,0.798901,0.200871
AATAGTCCGTCCCGAC-1,0.308508,0.637079,0.054413
AATAGTCGCGAGTCGG-1,0.969785,0.016544,0.013671
AATATCAAGGTCGGAT-1,0.999949,0.000017,0.000034
AATATCGAATCAATGC-1,0.852475,0.135989,0.011537
AATATCGAGGGTTCTC-1,0.878136,0.121819,0.000044
AATATTGGAGTATTGA-1,0.964443,0.005935,0.029622
AATCAGACTGCAGGAC-1,0.999902,0.000033,0.000066
AATCAGGTTTCATTTA-1,0.027001,0.69848,0.274519
AATCATGTAAAGACTC-1,0.292775,0.320801,0.386424
AATCCAAGGGCCTGAG-1,0.980475,0.000009,0.019516
AATCCATGCAAGGGTG-1,0.930084,0.000026,0.06989
AATCCCGCTCAGAGCC-1,0.219235,0.722679,0.058086
AATCGAGGTCTCAAGG-1,0.088235,0.860665,0.0511
AATCGCCTCAGCGCCA-1,0.973163,0.00276,0.024077
AATCGCGCAGAGGACT-1,0.949746,0.000017,0.050236
AATCGGGACACTACGA-1,0.999909,0.00003,0.000061
AATCGGTATAGCCCTC-1,0.032273,0.842763,0.124964
AATCGTGAGCCGAGCA-1,0.123538,0.683453,0.193009
AATCTAGGTTTACTTG-1,0.378415,0.105754,0.515831
AATCTATGCCGGAGCC-1,0.999933,0.000022,0.000045
AATCTCTACTGTGGTT-1,0.648899,0.000023,0.351078
AATCTGCGTTGGGACG-1,0.984016,0.015935,0.000049
AATCTGGCTTTCTAGT-1,0.00028,0.724541,0.275179
AATCTGGGTAGACCCT-1,0.898378,0.101469,0.000153
AATGACAGCAATGTCT-1,0.606124,0.393835,0.000041
AATGACGTAGGATGTC-1,0.968358,0.005539,0.026103
AATGACTGTCAGCCGG-1,0.999932,0.000023,0.000045
AATGAGTTCGCATATG-1,0.96929,0.000031,0.030679
AATGATGATACGCTAT-1,0.957733,0.000016,0.042251
AATGATGCGACTCCTG-1,0.999975,0.000008,0.000016
AATGCAACCGGGTACC-1,0.990026,0.000013,0.009961
AATGCACCAAGCAATG-1,0.999878,0.000041,0.000082
AATGGCCGCCAATGCG-1,0.978295,0.019426,0.00228
AATGGTCCACCGTTCA-1,0.940584,0.014705,0.04471
AATGGTTCTCACAAGC-1,0.88605,0.00003,0.11392
AATGTATGGCACTGTA-1,0.000303,0.149432,0.850265
AATGTGCCCGAGGTGT-1,0.204978,0.567875,0.227147
AATGTGCTAATCTGAG-1,0.15005,0.670882,0.179068
AATGTTAAGACCCTGA-1,0.115623,0.881668,0.002709
AATGTTGTCGTGAGAC-1,0.062576,0.812576,0.124849
AATTAAAGGTCGGCGT-1,0.595623,0.000095,0.404282
AATTAACGGATTTCCA-1,0.061722,0.510163,0.428115
AATTACGAGACCCATC-1,0.287159,0.577309,0.135532
AATTACTCGTACGCTC-1,0.989191,0.000023,0.010786
AATTAGCGCTGCAGCG-1,0.346509,0.647522,0.005969
AATTATACCCAGCAAG-1,0.627379,0.372065,0.000557
AATTCATAAGGGATCT-1,0.997316,0.00002,0.002664
AATTCATTGTCATGCA-1,0.619344,0.263194,0.117463
AATTCCAACTTGGTGA-1,0.999915,0.000028,0.000057
AATTCCAAGCATGTAC-1,0.154714,0.781247,0.064038
AATTCGATTCGAGGAT-1,0.074168,0.893608,0.032224
AATTCTAGAGTTAGGC-1,0.306922,0.492111,0.200966
AATTGAACGCTCTGGT-1,0.837959,0.159423,0.002618
AATTGCAGCAATCGAC-1,0.140428,0.846153,0.013419
AATTGCGTGGATTACA-1,0.0778,0.421456,0.500744
AATTGTGGTTGCCAAA-1,0.409305,0.142546,0.448149
AATTTGGGACATAGTA-1,0.99991,0.00003,0.00006
AATTTGGTTCCAAAGA-1,0.977178,0.000017,0.022805
ACAAACCATGCGTCCT-1,0.013602,0.711715,0.274683
ACAAACCGACAAGGCG-1,0.938929,0.033826,0.027246
ACAAACTCCATCAGAG-1,0.003793,0.843957,0.15225
ACAAAGAAGGTAGGCC-1,0.656408,0.301014,0.042578
ACAAAGCATGACCTAG-1,0.207139,0.792832,0.000029
ACAAATCGCACCGAAT-1,0.499444,0.413155,0.087401
ACAAATGGTAGTGTTT-1,0.945185,0.00004,0.054775
ACAAATTCAGATCTGA-1,0.993547,0.006385,0.000069
ACAACAGCATGAGCTA-1,0.982543,0.000021,0.017436
ACAACGGTCCCTGCGA-1,0.973106,0.000017,0.026876
ACAAGCAGTGCCTAGC-1,0.97267,0.027256,0.000074
ACAAGGAAATCCGCCC-1,0.358631,0.214756,0.426613
ACAAGGACAAGAGGTT-1,0.964634,0.001121,0.034245
ACAAGGATGCTTTAGG-1,0.371034,0.601986,0.02698
ACAAGGCCTACCAGCC-1,0.992919,0.000061,0.00702
ACAAGGGCAGGCTCTG-1,0.912397,0.087522,0.00008
ACAAGTAATTGTAAGG-1,0.30373,0.696035,0.000235
ACAATAGTCGTACGTT-1,0.853386,0.052659,0.093955
ACAATCCATTTAAACC-1,0.970428,0.012247,0.017325
ACAATCGATCTTTATA-1,0.999852,0.000049,0.000099
ACAATGAATACGGAGA-1,0.35035,0.649586,0.000064
ACAATGATTCTTCTAC-1,0.999886,0.000038,0.000076
ACAATTGTGTCTCTTT-1,0.75386,0.189849,0.05629
ACAATTTAGGAGGCTC-1,0.999941,0.00002,0.000039
ACAATTTGAGCAGTGG-1,0.911897,0.000013,0.08809
ACAATTTGGCCATATT-1,0.804975,0.000031,0.194994
ACACAAAGACGGGTGG-1,0.987298,0.008156,0.004546
ACACAAATATTCCTAG-1,0.980974,0.000009,0.019017
ACACACCAGGACCAGT-1,0.983016,0.001185,0.015799
ACACACTTTCTACACG-1,0.999901,0.000033,0.000066
ACACATGATCAAATCT-1,0.05597,0.849918,0.094113
ACACATTGACGCAACA-1,0.999976,0.000008,0.000016
ACACATTTCCGTAGAC-1,0.500798,0.442484,0.056718
ACACCACATAATTAGC-1,0.919698,0.000405,0.079897
ACACCCAGCATGCAGC-1,0.89596,0.01672,0.08732
ACACCCGAGAAATCCG-1,0.974192,0.000036,0.025772
ACACCGAGCGCTCTTT-1,0.885389,0.039122,0.075489
ACACCGGTCTGACCGC-1,0.070344,0.73173,0.197926
ACACCTTAAGTAGGGC-1,0.95929,0.000022,0.040688
ACACCTTACTACTTGC-1,0.998087,0.001855,0.000058
ACACGAGACTCCTTCT-1,0.869276,0.000026,0.130698
ACACGGCACTATGCAT-1,0.999929,0.000024,0.000047
ACACGGGAACTTAGGG-1,0.843577,0.000011,0.156412
ACACGTAGGCCACAAG-1,0.302772,0.568757,0.128471
ACACTCCAATGTCACT-1,0.999743,0.000086,0.000172
ACACTGATCAAGGTGT-1,0.178946,0.613361,0.207694
ACACTGGGACAGTCGT-1,0.243742,0.655524,0.100734
ACAGAACTGAGAACAA-1,0.391746,0.284729,0.323525
ACAGATTAGGTTAGTG-1,0.953037,0.000022,0.046941
ACAGCATAGAGCCAGT-1,0.99978,0.000073,0.000147
ACAGCGACATTCTCAT-1,0.071361,0.305216,0.623424
ACAGCGCACCCGCAGC-1,0.967186,0.000054,0.03276
ACAGGCACGGATCCTT-1,0.05711,0.923518,0.019372
ACAGGCTTGCCCGACT-1,0.508004,0.491898,0.000098
ACAGGTGGAGGTGAGG-1,0.279308,0.356284,0.364409
ACAGTAATACAACTTG-1,0.653865,0.178764,0.167371
ACAGTATACCGTGGGA-1,0.990886,0.000034,0.00908
ACATAAGTCGTGGTGA-1,0.200171,0.680297,0.119532
ACATAATAAGGCGGTG-1,0.952552,0.047398,0.00005
ACATACAATCAAGCGG-1,0.002622,0.781023,0.216355
ACATCAGCTGGGACGC-1,0.996983,0.000005,0.003012
ACATCCCGGCCATACG-1,0.199434,0.80046,0.000106
ACATCCTGGTAACTGT-1,0.801002,0.149682,0.049316
ACATCGATCGTTTACC-1,0.991272,0.008656,0.000073
ACATCGCAATATTCGG-1,0.102974,0.50096,0.396066
ACATCGGTCAGCCGCG-1,0.985254,0.000042,0.014704
ACATCGTATGCAATGG-1,0.851362,0.148267,0.000371
ACATCGTTAACCTAGT-1,0.994273,0.000057,0.00567
ACATCTCAACGCGTAA-1,0.942039,0.010196,0.047765
ACATGCTTACGGCAGC-1,0.068799,0.702904,0.228296
ACATGGCGCCAAAGTA-1,0.722305,0.126135,0.151561
ACATGGCTCAATTTAG-1,0.999943,0.000019,0.000038
ACATTAGTTTATATCC-1,0.250362,0.749581,0.000057
ACATTCGCGCGGAATA-1,0.033546,0.592773,0.37368
ACATTTGAAACCTAAC-1,0.05597,0.943859,0.000171
ACCAAACACCCAGCGA-1,0.981675,0.00001,0.018315
ACCAAACTAGAAATCC-1,0.977714,0.00002,0.022265
ACCAACACCACACACT-1,0.94624,0.000012,0.053747
ACCAACCGCACTCCAC-1,0.145677,0.664733,0.18959
ACCAACGCTTATTTAT-1,0.147773,0.743779,0.108448
ACCAAGAACGCGTGTC-1,0.955951,0.000019,0.04403
ACCAAGTCATCGGCAG-1,0.115514,0.814863,0.069623
ACCAATATGCAAGTTA-1,0.039012,0.626834,0.334154
ACCACAACTCAGAACA-1,0.969556,0.010049,0.020395
ACCACAAGTTTCTATC-1,0.966683,0.015136,0.018181
ACCACACGGTTGATGG-1,0.344699,0.655261,0.00004
ACCACCAATGTAACAA-1,0.964412,0.035558,0.00003
ACCACCCTCTCTTCTA-1,0.969644,0.000008,0.030348
ACCACGTGCAGCTATA-1,0.704393,0.144564,0.151043
ACCACTGTTCAAGAAG-1,0.97496,0.004569,0.020472
ACCAGCCCGGTCTTTG-1,0.984662,0.000036,0.015302
ACCAGGAGTGTGATCT-1,0.99988,0.00004,0.00008
ACCAGTGCCCGGTCAA-1,0.999867,0.000044,0.000089
ACCAGTGCGGGAGACG-1,0.664171,0.315421,0.020407
ACCATATCCGCAATAA-1,0.86186,0.000023,0.138117
ACCATCCGCCAACTAG-1,0.605417,0.195155,0.199428
ACCATCGTATATGGTA-1,0.829266,0.000061,0.170672
ACCATTAAGGGTGTCA-1,0.999937,0.000021,0.000042
ACCCAACGCCCGTGGC-1,0.962745,0.000017,0.037238
ACCCACCTACATGCTC-1,0.991292,0.006736,0.001972
ACCCATCTTGAGGGTA-1,0.997992,0.001938,0.00007
ACCCATTTGTCCCTCT-1,0.109595,0.619565,0.27084
ACCCGAGCGAAATTAC-1,0.526869,0.436897,0.036234
ACCCGATTGGTTCCGA-1,0.063921,0.456307,0.479771
ACCCGGAAACTCCCAG-1,0.058303,0.522185,0.419512
ACCCGGAGCACCACAA-1,0.049233,0.944747,0.00602
ACCCGGATGACGCATC-1,0.984505,0.015438,0.000058
ACCCGGTTACACTTCC-1,0.898319,0.000018,0.101662
ACCCGTAGCAGAGAAT-1,0.315439,0.637209,0.047352
ACCCGTAGTCTAGTTG-1,0.000344,0.658429,0.341227
ACCCGTGTCATCAGTA-1,0.230416,0.769503,0.00008
ACCCTATAGGACTGAG-1,0.989368,0.000039,0.010593
ACCCTATGCCATATCG-1,0.362631,0.616395,0.020974
ACCCTCCCGTCAGGGC-1,0.040345,0.959629,0.000026
ACCCTCCCTTGCTATT-1,0.121148,0.101134,0.777718
ACCCTGGTAACGCCCT-1,0.914331,0.07806,0.007609
ACCCTTCATCTGCGAA-1,0.969965,0.011098,0.018938
ACCCTTGCCTGGGTCG-1,0.980333,0.019622,0.000045
ACCCTTTAGTTCTCCA-1,0.728415,0.000054,0.271531
ACCGAAAGGGCCCTGC-1,0.772387,0.052658,0.174955
ACCGAAGAGTCTGGTT-1,0.000338,0.491375,0.508287
ACCGACACATCTCCCA-1,0.57773,0.325509,0.096762
ACCGACTGAGTCCCAC-1,0.871713,0.000007,0.12828
ACCGAGTCTCCTTATT-1,0.000095,0.905709,0.094196
ACCGATAGGCATAACC-1,0.121609,0.665066,0.213324
ACCGATATTTAATCAT-1,0.401103,0.192013,0.406884
ACCGATGGTAGCATCG-1,0.856669,0.000027,0.143304
ACCGCAATAACTGCCT-1,0.609752,0.098746,0.291502
ACCGCGGTGGAAGTCG-1,0.496801,0.022347,0.480852
ACCGCTAGTCATTGGT-1,0.171901,0.656534,0.171564
ACCGGGCCTTTGTTGA-1,0.784257,0.149902,0.06584
ACCGGTCAGGTACACC-1,0.000255,0.804476,0.195268
ACCGGTCTGAGTACGG-1,0.790526,0.000045,0.209428
ACCGTGACCACGTGGG-1,0.154346,0.838808,0.006847
ACCGTTCCCGCTCTGA-1,0.938393,0.000019,0.061588
ACCTAAGTACCTTTCA-1,0.18144,0.816506,0.002054
ACCTAATCGACTTCCT-1,0.93606,0.063863,0.000078
ACCTACAGTATGTGGT-1,0.781139,0.000014,0.218847
ACCTACTATAAATCTA-1,0.000177,0.810484,0.189339
ACCTCAGCGAGGCGCA-1,0.029416,0.951562,0.019022
ACCTCCGCCCTCGCTG-1,0.280481,0.502402,0.217116
ACCTCCGTTATTCACC-1,0.917108,0.028866,0.054026
ACCTCGAACTTATGCT-1,0.000139,0.795175,0.204686
ACCTGCGTGTCATGTT-1,0.627603,0.155717,0.21668
ACCTTTCCTTTAGAAG-1,0.950872,0.049063,0.000065
ACGAAATGGGCGGCAC-1,0.999914,0.000029,0.000057
ACGACCCATGAGTTGC-1,0.14778,0.815632,0.036588
ACGACTCTAGGGCCGA-1,0.079217,0.920745,0.000038
ACGACTGGTCATACTC-1,0.097878,0.730983,0.171139
ACGAGAACCCATCACG-1,0.985597,0.000052,0.014351
ACGAGATATTTGCTTA-1,0.937519,0.000075,0.062406
ACGAGGATACCACTCT-1,0.371012,0.628911,0.000077
ACGAGGTTTACAACGT-1,0.147689,0.607895,0.244416
ACGAGTACGGATGCCC-1,0.960306,0.002023,0.037671
ACGAGTCGCCGGCGTT-1,0.999934,0.000022,0.000044
ACGATACATAGAACTA-1,0.86317,0.136785,0.000046
ACGATCATACATAGAG-1,0.888588,0.000073,0.111339
ACGATCATCTTGTAAA-1,0.920811,0.016974,0.062216
ACGATGCATATGTTAT-1,0.999932,0.000023,0.000045
ACGATGGATCCGATGC-1,0.999927,0.000024,0.000049
ACGCAAACTAATAGAT-1,0.248298,0.319736,0.431966
ACGCAATCACTACAGC-1,0.98144,0.017532,0.001029
ACGCATAAATGACATG-1,0.999745,0.000085,0.00017
ACGCATACGTTTACTA-1,0.303001,0.663209,0.03379
ACGCATTCGTGAGTAC-1,0.999878,0.000041,0.000081
ACGCCACTCGAAACAG-1,0.177073,0.796444,0.026483
ACGCCAGATGATTTCT-1,0.999876,0.000041,0.000082
ACGCCAGTGCGTTTGC-1,0.008989,0.91358,0.077431
ACGCCCAGCTGTCGAT-1,0.934955,0.000025,0.06502
ACGCCGCTAGACGACC-1,0.555681,0.0281,0.416219
ACGCGAAGTCAGACGA-1,0.287683,0.692559,0.019758
ACGCGCTACACAGGGT-1,0.930995,0.034072,0.034933
ACGCGGGCCAAGGACA-1,0.94207,0.000865,0.057065
ACGCGTTTCTTAAGAG-1,0.751276,0.157447,0.091278
ACGCTACTGAATGGGC-1,0.162548,0.837401,0.00005
ACGCTAGTGATACACT-1,0.878245,0.000007,0.121747
ACGCTGTGAGGCGTAG-1,0.975802,0.000014,0.024184
ACGCTTAGTGTCTCTC-1,0.923855,0.07584,0.000306
ACGGAACACGAGTGCC-1,0.014641,0.813522,0.171837
ACGGAATTTAGCAAAT-1,0.999824,0.000059,0.000117
ACGGACGCAGCGACAA-1,0.011973,0.770466,0.217562
ACGGACTCTCAAAGCG-1,0.296415,0.674102,0.029482
ACGGAGCGCAAATTAC-1,0.982437,0.017528,0.000035
ACGGATGGTGCGGATA-1,0.183178,0.715323,0.101499
ACGGCACTTGCTTGGG-1,0.370254,0.587308,0.042438
ACGGCCAACATGGACT-1,0.186521,0.550276,0.263203
ACGGCGACGATGGGAA-1,0.082779,0.145701,0.77152
ACGGCGGGTTGCCCTG-1,0.917039,0.000026,0.082935
ACGGCTGGATGTAGAA-1,0.076225,0.674925,0.24885
ACGGGAGTGTCGGCCC-1,0.453933,0.546007,0.00006
ACGGGCGTATGCGACA-1,0.999951,0.000016,0.000033
ACGGGTCATGTGACTT-1,0.999915,0.000028,0.000057
ACGGGTTGTGACCTGT-1,0.231958,0.70742,0.060622
ACGGTACAGTTCAATG-1,0.118476,0.869364,0.01216
ACGGTCACCGAGAACA-1,0.2196,0.629459,0.150941
ACGTACAGATTTCTCT-1,0.985506,0.014402,0.000092
ACGTACTTTGGCACGG-1,0.000269,0.699851,0.29988
ACGTAGATTGCTGATG-1,0.949007,0.00002,0.050973
ACGTAGGAGAGTCGCT-1,0.254313,0.592381,0.153306
ACGTATTACTCCGATC-1,0.881142,0.042401,0.076458
ACGTCCTAAACGAGAT-1,0.939308,0.057827,0.002865
ACGTCTCGTTCCGGGA-1,0.717853,0.216493,0.065654
ACGTGCGCCTCGTGCA-1,0.982231,0.000035,0.017734
ACGTGGTCGAATGTGC-1,0.999737,0.000088,0.000175
ACGTTAATGTCGAAGA-1,0.98697,0.000045,0.012985
ACGTTAGATTTGCCCG-1,0.999893,0.000036,0.000071
ACGTTATTGGTCACTC-1,0.999899,0.000034,0.000068
ACGTTCACTATGCCGC-1,0.009932,0.812812,0.177256
ACGTTCCGCGCTCCGT-1,0.999898,0.000034,0.000068
ACGTTCGCAATCAATT-1,0.976451,0.023519,0.000029
ACGTTCGTTCAGGAAA-1,0.440023,0.450827,0.10915
ACGTTCTGTACAAGTC-1,0.056048,0.913598,0.030354
ACGTTGTCGTTGAAAG-1,0.128371,0.799919,0.07171
ACGTTTAGTTGTGATC-1,0.999893,0.000036,0.000071
ACGTTTCGGTGCACTT-1,0.209895,0.790039,0.000066
ACTAAGGACGCACACC-1,0.960671,0.029644,0.009686
ACTAATACGTCAGGCG-1,0.983579,0.01634,0.00008
ACTACAAAGAGAGGTG-1,0.000209,0.645847,0.353944
ACTACATCCCGACAAG-1,0.344284,0.357085,0.298631
ACTACCAGCTCTCTGG-1,0.870432,0.00003,0.129538
ACTACCATCCGAGGGC-1,0.243984,0.558077,0.197939
ACTACGCGTTAGAATT-1,0.175135,0.822405,0.00246
ACTAGTTGCGATCGTC-1,0.508485,0.206045,0.285471
ACTATATGCTGTGTTC-1,0.993565,0.00631,0.000125
ACTATCCAGGGCATGG-1,0.999919,0.000027,0.000054
ACTATCTGCCCGCGTA-1,0.350784,0.649146,0.00007
ACTATGTCCAGCTGCC-1,0.375072,0.412209,0.212719
ACTATTCGTCCGTGGT-1,0.999904,0.000032,0.000064
ACTATTTCCGGGCCCA-1,0.433639,0.526967,0.039394
ACTCAACGAATGTATT-1,0.996628,0.000016,0.003356
ACTCAAGTGCAAGGCT-1,0.166772,0.823528,0.0097
ACTCAATAAAGGCACG-1,0.999919,0.000027,0.000054
ACTCAGACCTGCTTCT-1,0.999843,0.000052,0.000105
ACTCATGGCAGCCTTC-1,0.000556,0.948625,0.050819
ACTCCAATATCATCAT-1,0.042525,0.71035,0.247126
ACTCCCATTCCTAAAG-1,0.685892,0.000671,0.313438
ACTCCCGAATTCGTTT-1,0.999941,0.00002,0.000039
ACTCCCGTAGACTAGG-1,0.99993,0.000023,0.000047
ACTCCCTAATGCTAAA-1,0.142528,0.521963,0.335509
ACTCCCTAGAATAGTA-1,0.650351,0.219915,0.129734
ACTCCGGCCGACCACT-1,0.157289,0.84267,0.000041
ACTCGATGTATTTCAT-1,0.991652,0.008297,0.000051
ACTCGCCGTTCGATAA-1,0.259441,0.62717,0.113389
ACTCGCGATCTGACGC-1,0.94116,0.050567,0.008273
ACTCGTAACCCGTCCT-1,0.446435,0.527334,0.026231
ACTCGTCAGTAATCCC-1,0.970654,0.00003,0.029316
ACTCTCTGACTTAGGT-1,0.856247,0.000025,0.143727
ACTCTCTTATACACGA-1,0.947457,0.000028,0.052515
ACTCTGACCTAATAGA-1,0.391616,0.532391,0.075994
ACTCTTCAGCTCCCGC-1,0.939349,0.060633,0.000018
ACTCTTGTATAGTAAC-1,0.800285,0.000024,0.199691
ACTGAAACGCCGTTAG-1,0.24085,0.327449,0.431701
ACTGAATGGCGAAAGT-1,0.691528,0.307191,0.001281
ACTGATTTAGTGATTC-1,0.985692,0.00007,0.014238
ACTGCCCGCCATTCTC-1,0.206388,0.493136,0.300476
ACTGCCGTCGTAACTC-1,0.960164,0.00003,0.039807
ACTGCGGACACACCGT-1,0.937412,0.007007,0.05558
ACTGCTCGGAAGGATG-1,0.246054,0.525169,0.228778
ACTGGCGAACCTGCGT-1,0.860002,0.000026,0.139972
ACTGGGATGCCAGTGC-1,0.198541,0.541316,0.260143
ACTGTACGATACACAT-1,0.983051,0.016904,0.000045
ACTGTAGCACTTTGGA-1,0.999894,0.000035,0.00007
ACTGTATACGCGAGCA-1,0.967975,0.000051,0.031974
ACTGTCCAGGATTATA-1,0.994239,0.005715,0.000047
ACTGTCTTCTTTAGAA-1,0.982384,0.000014,0.017603
ACTGTGCTAGTAGATC-1,0.99973,0.00009,0.00018
ACTGTTTAGTGTAGGC-1,0.99981,0.000063,0.000127
ACTTACCGGGCGCGCA-1,0.968535,0.000022,0.031443
ACTTACGCATCCACGC-1,0.179943,0.755575,0.064482
ACTTAGTACGACAAGA-1,0.999944,0.000019,0.000037
ACTTATACTTACCCGG-1,0.999894,0.000043,0.000063
ACTTATCTGATCTATA-1,0.79878,0.201029,0.000192
ACTTATTAGGATCGGT-1,0.955808,0.044101,0.000092
ACTTATTTATGTGCCA-1,0.617506,0.000013,0.382482
ACTTCAGGCTGATCCC-1,0.207937,0.60543,0.186633
ACTTCCATGCGGGACA-1,0.418384,0.579739,0.001876
ACTTCGCCATACGCAC-1,0.940262,0.026576,0.033163
ACTTCGCTAGCGAGTG-1,0.999983,0.000006,0.000011
ACTTGACTCCCTCTTT-1,0.481541,0.110283,0.408176
ACTTGCCATATTGTAC-1,0.942291,0.00002,0.057689
ACTTGGGACCCGGTGG-1,0.950581,0.002913,0.046506
ACTTGGGCTTTCGCCA-1,0.144896,0.852321,0.002783
ACTTGTAGTCCCTTCA-1,0.959603,0.035481,0.004916
ACTTGTGGATGGAACG-1,0.421596,0.442182,0.136222
ACTTGTTACCGGATCA-1,0.297383,0.559124,0.143493
ACTTTACCCTCATGAA-1,0.876913,0.000011,0.123075
ACTTTATACACCACTT-1,0.183204,0.789825,0.026971
ACTTTCCTATAGCTTC-1,0.918401,0.000098,0.081501
ACTTTGACTGCATCCT-1,0.922527,0.000011,0.077461
ACTTTGGTCGTGCTCC-1,0.102737,0.628642,0.268621
ACTTTGTCGACGCACT-1,0.325564,0.458155,0.216281
AGAAATTATGACTCGC-1,0.511581,0.488372,0.000047
AGAACACGGCGATGGT-1,0.533152,0.466801,0.000047
AGAACCCAGCGTGACA-1,0.5248,0.013251,0.461948
AGAACCCTCAATTGGG-1,0.250632,0.370293,0.379075
AGAACGTGGTACATTC-1,0.938763,0.019314,0.041922
AGAACTGTACTTTGTA-1,0.000314,0.877644,0.122042
AGAAGAGCGCCGTTCC-1,0.947593,0.000172,0.052236
AGAAGGTACACTTCAC-1,0.559097,0.246585,0.194318
AGAAGGTTGCCGAATT-1,0.909477,0.020716,0.069807
AGAAGGTTGTAGGTCG-1,0.088224,0.910028,0.001747
AGAAGTGATTCGTGAT-1,0.716411,0.134021,0.149568
AGAATAAATCTTCAGG-1,0.94864,0.035629,0.015731
AGAATACAGGCTATCC-1,0.270965,0.715111,0.013924
AGAATGCGGGTTCGGA-1,0.999925,0.000025,0.00005
AGAATTATGGATTCGA-1,0.999928,0.000024,0.000048
AGAATTGTTTGACATA-1,0.999897,0.000034,0.000068
AGACAGCTCAGAATCC-1,0.964668,0.035297,0.000035
AGACAGGCATCTCAGC-1,0.577959,0.420533,0.001508
AGACATAGATCCTTCC-1,0.974516,0.000019,0.025466
AGACCAAACCACACCT-1,0.148862,0.259549,0.591588
AGACCATGGGATACAA-1,0.94153,0.032875,0.025595
AGACCCACCGCTGATC-1,0.435556,0.227808,0.336636
AGACCCGCCCTCCTCG-1,0.999949,0.000016,0.000034
AGACCGCTCCGCGGTT-1,0.251824,0.457501,0.290675
AGACCGGGAAACCCTG-1,0.882271,0.000019,0.11771
AGACGAAGTGCCGGTC-1,0.704882,0.167357,0.127761
AGACGACGATGCCGCT-1,0.27127,0.541911,0.186819
AGACGCCCACTTCGCC-1,0.176653,0.554529,0.268818
AGACGGGATTGGTATA-1,0.864849,0.134731,0.000421
AGACGGGCCGATTTAA-1,0.896301,0.000016,0.103683
AGACTAGCCTTCCAGA-1,0.943198,0.000021,0.056781
AGACTGTTACCGGGTC-1,0.000416,0.325341,0.674243
AGAGAAACACCAGAAA-1,0.130805,0.329436,0.539759
AGAGAACCGTCTAGGA-1,0.991207,0.000014,0.008779
AGAGAAGGAGTACAAT-1,0.148044,0.764367,0.08759
AGAGATCTCTAAAGCG-1,0.795186,0.000026,0.204787
AGAGCAGTTATGAGAC-1,0.999935,0.000022,0.000043
AGAGCCGCCGAGATTT-1,0.435583,0.557062,0.007355
AGAGCGCTTGTAACGG-1,0.967362,0.000007,0.032631
AGAGCGGGCTAATCAT-1,0.999856,0.000048,0.000096
AGAGCGTACAAGCTCG-1,0.92548,0.00001,0.07451
AGAGCTACGAAAGCAT-1,0.999864,0.000045,0.00009
AGAGGCTTCGGAAACC-1,0.510051,0.18101,0.30894
AGAGGGACAATTGTCC-1,0.94671,0.000026,0.053264
AGAGGTATCTCGGTCC-1,0.943508,0.056424,0.000067
AGAGTAAACTTCACTA-1,0.592741,0.127169,0.28009
AGAGTATAGTGTTACG-1,0.963293,0.036399,0.000308
AGAGTCTTAATGAAAG-1,0.147105,0.852808,0.000087
AGAGTTAGAGACCGAT-1,0.985342,0.000035,0.014623
AGAGTTGCAGGCCTCC-1,0.723816,0.000026,0.276158
AGATAACTTCAGGGCC-1,0.947107,0.036018,0.016875
AGATAATCACACCTAT-1,0.398862,0.431734,0.169404
AGATACCAATAGAACC-1,0.064173,0.70756,0.228267
AGATACCAGCACTTCA-1,0.995985,0.000024,0.003991
AGATACCGGTGTTCAC-1,0.996488,0.000033,0.00348
AGATACGACTTCATAT-1,0.932707,0.000119,0.067174
AGATACTCAAGATCGA-1,0.692152,0.209289,0.09856
AGATATAATACGACTA-1,0.143479,0.683952,0.172569
AGATCGTGCATAAGAT-1,0.9768,0.022895,0.000305
AGATCTCAGGTGTGAT-1,0.982688,0.000027,0.017285
AGATCTGGAGAGGATA-1,0.204759,0.763185,0.032056
AGATGACTCGCCCACG-1,0.977,0.022955,0.000044
AGATGAGGGTTGCGAT-1,0.991425,0.000018,0.008557
AGATGATGGAGTCTGG-1,0.977401,0.000026,0.022573
AGATGCAAGACGTGCA-1,0.219042,0.627547,0.153412
AGATGCATCCTGTGTC-1,0.417656,0.453326,0.129019
AGATGCTATAACGAGC-1,0.999949,0.000017,0.000034
AGATTATAGGACGTTT-1,0.987148,0.000034,0.012817
AGATTCAAGCGGGTCG-1,0.76975,0.00006,0.23019
AGATTCACAACCGATA-1,0.000579,0.688791,0.31063
AGCAAAGGCCGCTAGT-1,0.173988,0.585096,0.240916
AGCAACATATCTTATT-1,0.443082,0.000033,0.556886
AGCAACCGAAAGTAAT-1,0.177903,0.813007,0.009091
AGCACACGTTTAGACT-1,0.112918,0.634012,0.253069
AGCACCAGTACTCACG-1,0.990162,0.00002,0.009818
AGCACTACCGGCCTGT-1,0.967078,0.020629,0.012292
AGCACTACCTCACCAG-1,0.747992,0.154154,0.097854
AGCACTTAAGGACGCC-1,0.764921,0.000023,0.235057
AGCAGAAGGAGAAAGA-1,0.142202,0.849957,0.007841
AGCAGCCAGATGAATA-1,0.349362,0.430643,0.219995
AGCAGTCGAAGCATGC-1,0.000171,0.983591,0.016238
AGCATATCAATATGCT-1,0.472913,0.526994,0.000093
AGCATCATTTCGAAAG-1,0.716095,0.249837,0.034069
AGCATCGTCGATAATT-1,0.999928,0.000024,0.000048
AGCATTACGAGGCAAG-1,0.156389,0.747165,0.096446
AGCCAAGCTTTGTGTC-1,0.239278,0.596897,0.163825
AGCCACAGGTTACCCG-1,0.073568,0.708487,0.217945
AGCCACTCCCGTGCTT-1,0.893206,0.006048,0.100746
AGCCATATAGTATGTG-1,0.033539,0.698414,0.268048
AGCCCATACATGTAAG-1,0.954009,0.00002,0.045971
AGCCCGCAACAAGCAG-1,0.000148,0.711438,0.288414
AGCCCGCACTACAATG-1,0.026543,0.973067,0.00039
AGCCCGGCATTAGAGG-1,0.107908,0.884419,0.007672
AGCCCGGTAGCCTGTA-1,0.133787,0.724103,0.14211
AGCCCTAAGCGAAGTT-1,0.999922,0.000026,0.000052
AGCCCTCCCTGGTGGC-1,0.004555,0.690297,0.305148
AGCCCTGTCGCACCGT-1,0.885745,0.000017,0.114238
AGCCCTTCTAATCCGA-1,0.999521,0.000009,0.000469
AGCCCTTGGACATCCC-1,0.234124,0.516918,0.248957
AGCCGTGGCTAAATGT-1,0.277167,0.720822,0.002011
AGCCTAATACCCACGT-1,0.145601,0.765385,0.089015
AGCCTTAAAGCGGAAG-1,0.991319,0.008622,0.000059
AGCGACAGGAACGGTC-1,0.586404,0.223449,0.190147
AGCGACATCCCATTCA-1,0.984748,0.001011,0.014241
AGCGACCAACGATATT-1,0.852761,0.000007,0.147233
AGCGACTTTGAAGACA-1,0.161896,0.809847,0.028257
AGCGAGACGTGAAGGC-1,0.18148,0.320437,0.498082
AGCGATGCGCCTAATA-1,0.061966,0.767775,0.170259
AGCGCATAATGAATCG-1,0.350141,0.626157,0.023702
AGCGCGGGTGCCAATG-1,0.993136,0.006808,0.000056
AGCGCTAGAGCGATGT-1,0.968608,0.000012,0.03138
AGCGCTTATGGGCAAG-1,0.965932,0.000038,0.03403
AGCGGACACTTCGTAG-1,0.295325,0.70296,0.001715
AGCGGCGGTTAGCGGT-1,0.277813,0.667606,0.054581
AGCGGGAAGGGTCCAT-1,0.999915,0.000028,0.000057
AGCGGGTCTGACACTC-1,0.125958,0.852387,0.021654
AGCGGTTGAGATGTAC-1,0.933711,0.058551,0.007738
AGCGGTTGCCGCTCTG-1,0.964871,0.035088,0.00004
AGCGTACGAGAGCTAG-1,0.999914,0.000029,0.000057
AGCGTAGCGCTAGACC-1,0.999787,0.000071,0.000142
AGCGTCTGAACCCGCA-1,0.999951,0.000016,0.000033
AGCGTGGTATTCTACT-1,0.571897,0.260382,0.167722
AGCGTTCCGATTTAAA-1,0.999872,0.000043,0.000085
AGCTAACAAGCAATGT-1,0.120789,0.572328,0.306883
AGCTAAGCTCCGTCCG-1,0.232808,0.731473,0.035719
AGCTAAGTACGCAGGC-1,0.211892,0.788035,0.000072
AGCTACGAATGGTGGT-1,0.161825,0.837982,0.000193
AGCTAGAAGCAGAAGT-1,0.999974,0.000009,0.000018
AGCTATTTAATCCAAC-1,0.999942,0.000019,0.000039
AGCTCCATATATGTTC-1,0.219891,0.495757,0.284352
AGCTCCTTCGCACATC-1,0.403369,0.596552,0.000079
AGCTCGTTGATGGAAA-1,0.982814,0.005825,0.011361
AGCTCTAGACGTTCCA-1,0.999863,0.000046,0.000091
AGCTCTTCCCAGTGCA-1,0.962738,0.000013,0.037248
AGCTCTTCGTAACCTT-1,0.788931,0.055083,0.155985
AGCTCTTTACTCAGTT-1,0.930524,0.027651,0.041825
AGCTGAAGTAAACCAA-1,0.841261,0.000008,0.15873
AGCTGTAACCTCAATC-1,0.282969,0.709823,0.007208
AGCTTATAGAGACCTG-1,0.991765,0.008169,0.000066
AGCTTCAATACTTTGA-1,0.924335,0.047479,0.028186
AGCTTCTTCTCGAGCA-1,0.225014,0.762391,0.012595
AGCTTGATCAGGGTAG-1,0.117592,0.698773,0.183635
AGCTTGATCTTAACTT-1,0.935755,0.000019,0.064226
AGGAAAGCCTCTGATG-1,0.999957,0.000014,0.000028
AGGAACGAACGACTTC-1,0.337958,0.115702,0.546341
AGGAAGCTGTCCGCCG-1,0.063546,0.35638,0.580074
AGGACAGTCGAATCCC-1,0.999322,0.000029,0.000649
AGGACATCGCACGTCG-1,0.999892,0.000036,0.000072
AGGACATCGGCACACT-1,0.003061,0.991067,0.005872
AGGACGACCCATTAGA-1,0.878569,0.121317,0.000114
AGGACGCTCGATGTTG-1,0.995828,0.000016,0.004155
AGGAGACATCCACAGT-1,0.982723,0.000011,0.017267
AGGAGAGTCTGGCTAC-1,0.892646,0.000008,0.107347
AGGAGCGTTTATTATC-1,0.021958,0.84965,0.128392
AGGAGGCCTTCGCGCG-1,0.269475,0.322438,0.408087
AGGATAAAGTCGGGAT-1,0.368589,0.470568,0.160843
AGGATATAGGGATTTA-1,0.912471,0.000026,0.087503
AGGATATCCGACTGCA-1,0.01775,0.89081,0.09144
AGGATCACGCGATCTG-1,0.487737,0.352757,0.159506
AGGATTGCTTACGACA-1,0.85161,0.144069,0.004322
AGGCAAAGAGGAATCA-1,0.999881,0.00004,0.000079
AGGCACGTGACTGTCC-1,0.493914,0.331305,0.17478
AGGCAGATGCGTAAAC-1,0.937241,0.009224,0.053534
AGGCAGGGAGCGTACT-1,0.268806,0.639077,0.092117
AGGCATTGTCGTAGGG-1,0.597158,0.134747,0.268095
AGGCCACATTGGTTAC-1,0.883634,0.000023,0.116343
AGGCCACCCGTTATGA-1,0.999945,0.000018,0.000037
AGGCCCAGTGACTGGT-1,0.999946,0.000018,0.000036
AGGCCCATTGTACAGG-1,0.999933,0.000022,0.000045
AGGCCCTAGAACGCCA-1,0.838027,0.016671,0.145302
AGGCCTATCATACCAA-1,0.002052,0.933015,0.064933
AGGCCTGAGAATCTCG-1,0.134515,0.865424,0.000061
AGGCGATAACTGGCGT-1,0.006455,0.668411,0.325134
AGGCGGTTTGTCCCGC-1,0.000234,0.909753,0.090013
AGGCGTCTATGGACGG-1,0.999954,0.000015,0.000031
AGGCTATGGTTAGCTT-1,0.972665,0.027282,0.000053
AGGCTTAAGTTGCACA-1,0.000254,0.999682,0.000064
AGGCTTCCCGAAGAAG-1,0.543579,0.455388,0.001033
AGGCTTGCTAGACACC-1,0.890049,0.048554,0.061397
AGGGAAACGAGGTACT-1,0.892695,0.000021,0.107284
AGGGACAGCACGGCGG-1,0.958136,0.000028,0.041836
AGGGACCGGCTGCGTT-1,0.946583,0.008846,0.044571
AGGGACTCTACGCGAC-1,0.338387,0.558292,0.103321
AGGGAGACATACTTCG-1,0.847302,0.032709,0.119989
AGGGCAGCGGCGTGGT-1,0.828057,0.000037,0.171906
AGGGCCCTAATGTTCT-1,0.55142,0.135575,0.313005
AGGGCGAGCAGCTGAT-1,0.504593,0.06242,0.432988
AGGGCGTGATCGGCTA-1,0.999887,0.000038,0.000076
AGGGCTGCAGTTACAG-1,0.969345,0.000252,0.030403
AGGGTCAGAGCACTCG-1,0.180097,0.605267,0.214636
AGGGTCAGTAACCCTA-1,0.993789,0.000015,0.006196
AGGGTCGATGCGAACT-1,0.954517,0.041063,0.00442
AGGGTCTGGACGCAGT-1,0.000208,0.842141,0.157651
AGGGTGCCGTTCTTTA-1,0.178458,0.568126,0.253416
AGGGTGCTCTCGAGGG-1,0.918379,0.075391,0.00623
AGGGTGGATAGTGCAT-1,0.99427,0.005703,0.000027
AGGGTGTGCTACACGC-1,0.999838,0.000054,0.000108
AGGGTTCAGACGGTCC-1,0.000499,0.296906,0.702595
AGGGTTCCCTTTGGTT-1,0.972815,0.000016,0.027169
AGGGTTTAGTTCGGGA-1,0.976185,0.009143,0.014672
AGGTAACCTCCTATTC-1,0.999873,0.000042,0.000085
AGGTACGATATTGCCA-1,0.999925,0.000025,0.00005
AGGTAGATCGAGATAT-1,0.127239,0.849339,0.023422
AGGTAGGTACAAAGCT-1,0.959661,0.000027,0.040312
AGGTATAATTGATAGT-1,0.888244,0.000019,0.111737
AGGTATGCGGACATTA-1,0.982232,0.014934,0.002834
AGGTCAGGTGAGAGTG-1,0.492654,0.470152,0.037194
AGGTCGCCACTTCGGT-1,0.999836,0.000055,0.000109
AGGTCGCCTCCCAACA-1,0.000192,0.860372,0.139436
AGGTCGCGGAGTTACT-1,0.900152,0.000014,0.099834
AGGTGCACGTCCACAT-1,0.138423,0.861549,0.000028
AGGTGGTGACCTTCGC-1,0.323415,0.664041,0.012544
AGGTGTATCGCCATGA-1,0.944253,0.000029,0.055718
AGGTGTTGCCGACCAC-1,0.000762,0.337518,0.66172
AGGTTACACCATGCCG-1,0.784153,0.000021,0.215825
AGGTTCTCCTTTCCGG-1,0.0002,0.197786,0.802013
AGGTTGAGGCACGCTT-1,0.903106,0.019381,0.077513
AGGTTTCACACACCTT-1,0.845943,0.017116,0.136942
AGTAACGTTCATCCTG-1,0.975361,0.000057,0.024582
AGTAACTATAGCAGCC-1,0.061818,0.926544,0.011638
AGTAAGGGACAGAATC-1,0.386923,0.613051,0.000026
AGTAATCTAAGGGTGG-1,0.101969,0.893598,0.004433
AGTAATGTCTTGCCGC-1,0.982444,0.000013,0.017543
AGTAATTTGCAAGCGT-1,0.247795,0.431542,0.320663
AGTACAGAAGCTTATA-1,0.213836,0.68049,0.105674
AGTACATCATTTATCA-1,0.981459,0.000016,0.018525
AGTACCTTCGAGTGCT-1,0.999919,0.000027,0.000054
AGTACGGCCCGTATCG-1,0.999967,0.000011,0.000022
AGTACGGGCACCTGGC-1,0.999926,0.000025,0.000049
AGTACGTGGCCTGTCT-1,0.999893,0.000036,0.000071
AGTACTCTTATGCCCA-1,0.145106,0.641958,0.212936
AGTAGAAGGCGCCTCA-1,0.16419,0.749145,0.086665
AGTAGCGTGAACGAAC-1,0.971294,0.000042,0.028664
AGTAGCTAGACGCCGA-1,0.999802,0.000066,0.000132
AGTAGGAAGGAAGTTG-1,0.999927,0.000024,0.000049
AGTAGGTAACATACAT-1,0.960311,0.000019,0.039671
AGTATAATACTAGGCA-1,0.91758,0.030735,0.051685
AGTATACACAGCGACA-1,0.000341,0.497421,0.502238
AGTATCCATAATAACG-1,0.837935,0.000052,0.162013
AGTATGCTGGAGACCA-1,0.323251,0.568842,0.107907
AGTATTTGGCACGACC-1,0.224223,0.775684,0.000093
AGTCAAATGATGTGAT-1,0.009708,0.664966,0.325326
AGTCAACACCACCATC-1,0.963532,0.000027,0.036441
AGTCAAGATGACACTT-1,0.644749,0.323438,0.031813
AGTCACTAGCTCTCGA-1,0.300691,0.699195,0.000114
AGTCACTCCGCCTCAT-1,0.929524,0.000035,0.070442
AGTCAGCCACCGCCTG-1,0.945528,0.028361,0.026111
AGTCCAGCGGGTACGT-1,0.999861,0.000046,0.000092
AGTCCATTGGCTGATG-1,0.954147,0.012601,0.033251
AGTCCCGCCTTTAATT-1,0.952991,0.022995,0.024014
AGTCCCTCGCAGAAAG-1,0.859512,0.131521,0.008967
AGTCGAATTAGCGTAA-1,0.462041,0.419474,0.118485
AGTCGACGGTCTCAAG-1,0.61549,0.000026,0.384483
AGTCGGCCCAAACGAC-1,0.99995,0.000017,0.000034
AGTCGGCTCAACTTTA-1,0.876022,0.02568,0.098298
AGTCGGTTGCGTGAGA-1,0.816742,0.000015,0.183243
AGTCGTATAAAGCAGA-1,0.011444,0.687821,0.300736
AGTCGTCGACCACCAA-1,0.740435,0.211253,0.048311
AGTCGTGGGCATTACG-1,0.443505,0.556423,0.000073
AGTCTAAAGTATACTC-1,0.999973,0.000009,0.000018
AGTCTCACAAGACTAC-1,0.395349,0.470083,0.134568
AGTCTGGACATCCTTG-1,0.965661,0.000051,0.034288
AGTCTTCTCCTCAAAT-1,0.957114,0.000025,0.042861
AGTCTTTAAAGTGTCC-1,0.075001,0.865232,0.059767
AGTGAACAAACTTCTC-1,0.435804,0.000028,0.564168
AGTGAAGATGGTGTCC-1,0.994228,0.000016,0.005756
AGTGACCTACTTTACG-1,0.772239,0.078675,0.149085
AGTGACTGTGACACAA-1,0.063498,0.934985,0.001517
AGTGAGACTTCCAGTA-1,0.836849,0.003375,0.159777
AGTGAGCCTCGCCGCC-1,0.974507,0.020808,0.004685
AGTGAGGGTTTCTGAC-1,0.999766,0.000078,0.000156
AGTGAGTCGAATTAAC-1,0.212721,0.692335,0.094943
AGTGATAACCTGCGCG-1,0.000319,0.902959,0.096722
AGTGATATGAGTAGTT-1,0.749855,0.059645,0.190501
AGTGATTCAAGCAGGA-1,0.999917,0.000028,0.000055
AGTGCACGCTTAAGAA-1,0.448492,0.551459,0.000049
AGTGCGTAGCTCGTAA-1,0.782388,0.060104,0.157508
AGTGCTAAACACAGCA-1,0.287285,0.67677,0.035946
AGTGCTTGCACGAATA-1,0.948145,0.000054,0.051801
