Barcode,Topic 1,Topic 2,Topic 3to4,Topic 5,Topic 6to10
AAACAACGAATAGTTC-1,0.073598,0.000006,0.000197,0.383965,0.542234
AAACAAGTATCTCCCA-1,0.00002,0.00002,0.168851,0.471594,0.359515
AAACAATCTACTAGCA-1,0.00003,0.024634,0.526069,0.00003,0.449236
AAACACCAATAACTGC-1,0.016003,0.012162,0.252393,0.159507,0.559935
AAACAGAGCGACTCCT-1,0.000047,0.000047,0.66414,0.118178,0.217589
AAACAGCTTTCAGAAG-1,0.000032,0.17112,0.573226,0.000032,0.255589
AAACAGGGTCTATATT-1,0.030073,0.075556,0.502247,0.000031,0.392093
AAACAGTGTTCCTGGG-1,0.334179,0.416314,0.247742,0.0016,0.000165
AAACATGGTGAGAGGA-1,0.058945,0.045929,0.419918,0.245285,0.229922
AAACATTTCCCGGATT-1,0.003839,0.019705,0.455321,0.316924,0.204211
AAACCACTACACAGAT-1,0.000476,0.000011,0.000021,0.767278,0.232214
AAACCCGAACGAAATC-1,0.164605,0.000039,0.761693,0.000039,0.073625
AAACCGGAAATGTTAA-1,0.011748,0.000015,0.118816,0.838538,0.030883
AAACCGGGTAGGTACC-1,0.012663,0.704458,0.271369,0.000045,0.011465
AAACCGTTCGTCCAGG-1,0.264616,0.291462,0.065999,0.032554,0.345369
AAACCTAAGCAGCCGG-1,0.000056,0.03462,0.582269,0.043458,0.339596
AAACCTCATGAAGTTG-1,0.271131,0.081324,0.00947,0.001976,0.636099
AAACGAAGAACATACC-1,0.000032,0.019703,0.833812,0.002674,0.143779
AAACGAAGATGGAGTA-1,0.01182,0.084572,0.19922,0.053165,0.651223
AAACGACAGTCTTGCC-1,0.001676,0.031253,0.581705,0.223621,0.161745
AAACGAGACGGTTGAT-1,0.002884,0.11784,0.256214,0.005862,0.617201
AAACGCCCGAGATCGG-1,0.02456,0.000106,0.974698,0.000106,0.00053
AAACGCTGGGCACGAC-1,0.000011,0.000011,0.073929,0.71527,0.21078
AAACGGGCGTACGGGT-1,0.066639,0.000021,0.351504,0.384355,0.197481
AAACGGGTTGGTATCC-1,0.272072,0.000019,0.228608,0.293152,0.20615
AAACGGTTGCGAACTG-1,0.14534,0.134524,0.29329,0.067409,0.359437
AAACGTGTTCGCCCTA-1,0.000016,0.000016,0.099051,0.617142,0.283775
AAACTAACGTGGCGAC-1,0.000086,0.000086,0.910762,0.088638,0.000429
AAACTCGGTTCGCAAT-1,0.051211,0.001243,0.446352,0.057598,0.443596
AAACTCGTGATATAAG-1,0.000062,0.031235,0.968328,0.000062,0.000312
AAACTGCTGGCTCCAA-1,0.058606,0.119826,0.606758,0.000646,0.214164
AAACTTAATTGCACGC-1,0.061456,0.003886,0.322559,0.185938,0.426162
AAACTTGCAAACGTAT-1,0.000024,0.210956,0.318576,0.000024,0.47042
AAAGAATGACCTTAGA-1,0.019405,0.00001,0.228716,0.483009,0.268859
AAAGAATGTGGACTAA-1,0.000024,0.000024,0.518759,0.463227,0.017967
AAAGACATGAAGTTTA-1,0.038834,0.155615,0.80527,0.000047,0.000234
AAAGACCCAAGTCGCG-1,0.00001,0.021664,0.006208,0.001438,0.970679
AAAGACTGGGCGCTTT-1,0.000007,0.000007,0.000015,0.075938,0.924033
AAAGCTTGCCTACATA-1,0.028675,0.033425,0.086607,0.625835,0.225458
AAAGGCCCTATAATAC-1,0.079426,0.202945,0.159653,0.297907,0.260069
AAAGGCTACGGACCAT-1,0.000046,0.169593,0.713618,0.000049,0.116694
AAAGGCTCTCGCGCCG-1,0.065957,0.000022,0.185693,0.139193,0.609135
AAAGGGATGTAGCAAG-1,0.000033,0.042132,0.29279,0.000033,0.665012
AAAGGGCAGCTTGAAT-1,0.001585,0.066566,0.043571,0.078109,0.810169
AAAGGTAAGCTGTACC-1,0.117911,0.018412,0.863041,0.000106,0.00053
AAAGGTCAACGACATG-1,0.116426,0.000041,0.365755,0.317425,0.200354
AAAGTAGCATTGCTCA-1,0.000047,0.325967,0.358544,0.037566,0.277877
AAAGTCACTGATGTAA-1,0.053602,0.166812,0.227787,0.000029,0.551769
AAAGTCGACCCTCAGT-1,0.047545,0.016481,0.016078,0.064998,0.854898
AAAGTGCCATCAATTA-1,0.000026,0.000026,0.325712,0.609189,0.065048
AAAGTGTGATTTATCT-1,0.000049,0.000049,0.62018,0.028262,0.35146
AAAGTTGACTCCCGTA-1,0.103788,0.000064,0.618805,0.080804,0.196539
AAATAACCATACGGGA-1,0.000029,0.000029,0.452802,0.230503,0.316637
AAATAAGGTAGTGCCC-1,0.092866,0.000046,0.900018,0.000046,0.007023
AAATACCTATAAGCAT-1,0.020266,0.035856,0.212163,0.012625,0.71909
AAATAGCTTAGACTTT-1,0.000062,0.144908,0.792492,0.000062,0.062477
AAATAGGGTGCTATTG-1,0.000028,0.073287,0.493478,0.000028,0.433179
AAATCACTCCTAAACG-1,0.000029,0.000029,0.310847,0.409241,0.279854
AAATCCGATACACGCC-1,0.002285,0.041816,0.790141,0.026024,0.139734
AAATCGCGGAAGGAGT-1,0.000013,0.021635,0.188113,0.138203,0.652036
AAATCGTGTACCACAA-1,0.068151,0.282711,0.062661,0.074892,0.511586
AAATCTAGCCCTGCTA-1,0.000034,0.008686,0.599139,0.226293,0.165848
AAATCTGCCCGCGTCC-1,0.041486,0.000024,0.694746,0.185801,0.077943
AAATGACTGATCAAAC-1,0.010327,0.085872,0.336547,0.275788,0.291465
AAATGATTCGATCAGC-1,0.001094,0.032498,0.852025,0.000097,0.114287
AAATGCTCGTTACGTT-1,0.000046,0.105459,0.594581,0.000046,0.299868
AAATGGCATGTCTTGT-1,0.012164,0.035908,0.176236,0.078804,0.696888
AAATGGCCCGTGCCCT-1,0.049916,0.005552,0.417048,0.039299,0.488185
AAATGGTCAATGTGCC-1,0.009199,0.146797,0.11997,0.05901,0.665025
AAATGTATCTTATCCC-1,0.000026,0.046871,0.401741,0.000026,0.551336
AAATGTGGGTGCTCCT-1,0.000029,0.00912,0.605503,0.107412,0.277936
AAATTAACGGGTAGCT-1,0.000025,0.090294,0.303092,0.000562,0.606026
AAATTAATAAGCGCGA-1,0.034279,0.114679,0.568981,0.000031,0.28203
AAATTACACGACTCTG-1,0.000021,0.000021,0.179589,0.053177,0.767191
AAATTACCTATCGATG-1,0.000034,0.018384,0.407934,0.119846,0.453801
AAATTCCAGGTCCAAA-1,0.034524,0.057872,0.737625,0.00006,0.169919
AAATTGATAGTCCTTT-1,0.057418,0.859399,0.082742,0.000073,0.000367
AAATTGCGGCGGTTCT-1,0.000013,0.029744,0.059788,0.005225,0.90523
AAATTGGTGAGAAGCA-1,0.000036,0.000036,0.271451,0.499199,0.229277
AAATTTACCGAAATCC-1,0.007376,0.004356,0.369562,0.501451,0.117254
AAATTTGCGGGTGTGG-1,0.192632,0.779757,0.000048,0.000024,0.027538
AACAACTGGTAGTTGC-1,0.213117,0.428882,0.177883,0.000038,0.18008
AACAATACATTGTCGA-1,0.387523,0.552869,0.000032,0.017591,0.041986
AACAATTACTCTACGC-1,0.171772,0.020768,0.301878,0.000031,0.505551
AACACACGCTCGCCGC-1,0.00002,0.022149,0.143316,0.30963,0.524884
AACACGACTGTACTGA-1,0.157636,0.069891,0.089342,0.173897,0.509235
AACACGAGACGCGGCC-1,0.000033,0.228185,0.453396,0.000033,0.318353
AACACGCGGCCGCGAA-1,0.045234,0.016543,0.22401,0.003543,0.71067
AACAGCTGTGTGGCAA-1,0.14839,0.741871,0.107928,0.000032,0.001779
AACAGGAAATCGAATA-1,0.025982,0.000025,0.280738,0.037778,0.655477
AACAGGATGGGCCGCG-1,0.031014,0.074396,0.032192,0.137005,0.725394
AACAGGTAGTATGGAT-1,0.05312,0.055033,0.283742,0.055327,0.552778
AACATAGCGTGTATCG-1,0.070955,0.000011,0.217822,0.26,0.451212
AACATATCAACTGGTG-1,0.000037,0.000037,0.584948,0.127128,0.28785
AACATCGATACGTCTA-1,0.404248,0.000048,0.479258,0.000048,0.116398
AACATTGAAGTTGATC-1,0.017494,0.408276,0.416632,0.127266,0.030333
AACATTGGTCAGCCGT-1,0.000023,0.028494,0.183484,0.000079,0.787919
AACATTGTGACTCGAG-1,0.179967,0.179852,0.206093,0.066009,0.368079
AACCAAGACTTCTCTG-1,0.154292,0.025984,0.010753,0.049566,0.759406
AACCAGTATCACTCTT-1,0.000079,0.000079,0.900299,0.099145,0.000397
AACCATAGGGTTGAAC-1,0.021935,0.020139,0.172553,0.180392,0.604981
AACCATGGGATCGCTA-1,0.045237,0.20607,0.000905,0.000949,0.746839
AACCCAGAGACGGAGA-1,0.013159,0.00092,0.020011,0.092105,0.873805
AACCCATCCCATGATC-1,0.118545,0.000076,0.38775,0.098429,0.3952
AACCCGACAACCCGTG-1,0.377549,0.395194,0.039687,0.068176,0.119395
AACCCGAGCAGAATCG-1,0.12348,0.000057,0.802564,0.018489,0.05541
AACCCGATAGGGCTTC-1,0.000021,0.000021,0.098336,0.597302,0.30432
AACCCGCTGTATTCCA-1,0.073511,0.000011,0.044471,0.549404,0.332603
AACCCTACTGTCAATA-1,0.000021,0.004446,0.20111,0.118344,0.676079
AACCCTGGTGGAACCA-1,0.008798,0.000021,0.315686,0.228664,0.44683
AACCGAGCTTGGTCAT-1,0.000029,0.076224,0.356162,0.005909,0.561677
AACCGCTAAGGGATGC-1,0.004543,0.000014,0.051361,0.05411,0.889972
AACCGTTGTGTTTGCT-1,0.074041,0.044236,0.309558,0.055873,0.516292
AACCTAAAGCCGTCCG-1,0.000018,0.000018,0.225257,0.431513,0.343194
AACCTCGCTTTAGCCC-1,0.000029,0.023901,0.488423,0.096396,0.391251
AACCTGTCACGGAATT-1,0.000044,0.019234,0.881964,0.000044,0.098713
AACCTTTAAATACGGT-1,0.034657,0.177414,0.222357,0.020493,0.54508
AACCTTTACGACGTCT-1,0.000027,0.000027,0.104039,0.326348,0.569558
AACGAAAGTCGTCCCA-1,0.014835,0.000019,0.517811,0.108901,0.358435
AACGACCTCCTAGCCG-1,0.039926,0.005286,0.882852,0.05284,0.019095
AACGATAATGCCGTAG-1,0.000031,0.051071,0.525671,0.000031,0.423196
AACGATAGAAGGGCCG-1,0.000033,0.126235,0.502976,0.000033,0.370723
AACGATATGTCAACTG-1,0.025939,0.005777,0.02255,0.039899,0.905836
AACGCATGATCTGGGT-1,0.000075,0.102994,0.87382,0.000075,0.023036
AACGCGAACGGCAACA-1,0.227798,0.118498,0.218416,0.045047,0.39024
AACGCGACCTTGGGCG-1,0.3651,0.146598,0.280513,0.006632,0.201157
AACGCGGTCTCCAGCC-1,0.007208,0.012952,0.071061,0.004423,0.904356
AACGCTGTTGCTGAAA-1,0.01906,0.099827,0.415425,0.163469,0.30222
AACGGACGTACGTATA-1,0.000048,0.080191,0.682662,0.000048,0.23705
AACGGCCATCTCCGGT-1,0.175634,0.702572,0.059247,0.001335,0.061213
AACGTACTGTGGGTAC-1,0.194742,0.804976,0.00007,0.000035,0.000176
AACGTAGTCTACCCAT-1,0.133449,0.000027,0.141327,0.458215,0.266982
AACGTCAGACTAGTGG-1,0.000039,0.171703,0.285867,0.000039,0.542352
AACGTCATCCGGCTTG-1,0.000014,0.057648,0.280706,0.31617,0.345462
AACGTCGCTGCACTTC-1,0.237707,0.000043,0.656315,0.105722,0.000214
AACGTGATGAAGGACA-1,0.000041,0.000041,0.341909,0.249022,0.408987
AACGTGCGAAAGTCTC-1,0.000028,0.09231,0.341659,0.000028,0.565975
AACGTTATCAGCACCT-1,0.026197,0.039312,0.177411,0.0215,0.735579
AACGTTCTACCATTGT-1,0.000023,0.000023,0.78501,0.20341,0.011534
AACTACCCGTTTGTCA-1,0.038254,0.064547,0.254598,0.076603,0.565999
AACTAGCGTATCGCAC-1,0.042841,0.057367,0.476721,0.000048,0.423024
AACTAGGCTTGGGTGT-1,0.000035,0.078533,0.406161,0.008732,0.506539
AACTCAAGTTAATTGC-1,0.026067,0.698941,0.009309,0.099656,0.166027
AACTCCAGAGCGTGTT-1,0.000043,0.019223,0.723565,0.102425,0.154744
AACTCCTAATCCCATG-1,0.000019,0.000019,0.103043,0.314087,0.582832
AACTCGATAAACACGT-1,0.000017,0.009234,0.299194,0.000017,0.691538
AACTCGATGGCGCAGT-1,0.000036,0.129399,0.449595,0.000757,0.420213
AACTCTCAATAGAGCG-1,0.000057,0.000361,0.686452,0.000737,0.312392
AACTCTCAGTGTGCTC-1,0.141256,0.596584,0.137015,0.120271,0.004874
AACTGAGGTCAGCGTC-1,0.000086,0.000086,0.792916,0.161987,0.044925
AACTGAGTTATACTGA-1,0.000049,0.000049,0.609923,0.368217,0.021763
AACTGATATTAGGCCT-1,0.055409,0.016867,0.119487,0.00483,0.803407
AACTGGGTCCCGACGT-1,0.000031,0.105379,0.424543,0.000031,0.470016
AACTGGGTTCGAGCCG-1,0.004047,0.000103,0.331848,0.444844,0.219158
AACTGGTGTGGGCCTT-1,0.000013,0.000175,0.048671,0.006362,0.944778
AACTTCTGCGTCTATC-1,0.172037,0.224552,0.247388,0.000055,0.355968
AACTTGCCCGTATGCA-1,0.000055,0.128787,0.609011,0.000055,0.262092
AACTTGCGTTCTCGCG-1,0.004291,0.057757,0.054035,0.071423,0.812494
AACTTTACGGGAGCTT-1,0.000032,0.1028,0.49259,0.000032,0.404546
AACTTTAGCTGCTGAG-1,0.000021,0.000548,0.198911,0.00555,0.794969
AACTTTCTCGATCATG-1,0.032751,0.006897,0.000024,0.643009,0.317319
AAGAAAGTTTGATGGG-1,0.086933,0.000019,0.49834,0.150634,0.264073
AAGAAATCACCAGATT-1,0.014859,0.000017,0.255845,0.474911,0.254367
AAGAAGGATCAGTTAG-1,0.000052,0.149884,0.5922,0.000052,0.257812
AAGACATACGTGGTTT-1,0.324341,0.000067,0.271859,0.403159,0.000574
AAGACCAAATAACTCA-1,0.002696,0.058272,0.195865,0.033111,0.710056
AAGACCCAACTGAACA-1,0.00192,0.203629,0.234665,0.115311,0.444475
AAGACTAACCCGTTGT-1,0.044347,0.08429,0.031553,0.03581,0.804
AAGACTCACGCCCACT-1,0.1486,0.036925,0.571324,0.1286,0.114552
AAGACTGCAAGCTACT-1,0.017553,0.003695,0.254204,0.017952,0.706595
AAGAGATGAATCGGTA-1,0.025096,0.283337,0.140546,0.014753,0.536269
AAGAGCTCTTTATCGG-1,0.000035,0.022474,0.263678,0.029119,0.684694
AAGAGGATGTACGCGA-1,0.020973,0.400315,0.054505,0.001493,0.522715
AAGAGGCATGGATCGC-1,0.00002,0.016156,0.262623,0.016239,0.704962
AAGAGGCCCTTTGGAA-1,0.16393,0.004693,0.772283,0.021623,0.037471
AAGATGGCACCGGACC-1,0.349261,0.442745,0.100438,0.000018,0.107537
AAGATTGGCGGAACGT-1,0.00003,0.00003,0.514085,0.003909,0.481945
AAGCACCCTGCGTATC-1,0.000017,0.000036,0.267349,0.027231,0.705367
AAGCATACTCTCCTGA-1,0.032396,0.00267,0.092571,0.128476,0.743887
AAGCCACTTGCAGGTA-1,0.713361,0.280754,0.005804,0.000014,0.000068
AAGCCGAAGCGGTTTA-1,0.000052,0.027557,0.680703,0.002816,0.288873
AAGCCGCCGTGAAATC-1,0.015849,0.12846,0.170937,0.305388,0.379366
AAGCCGCTTTACCTTG-1,0.038578,0.000022,0.220752,0.458785,0.281863
AAGCCGGAGAGCAGGA-1,0.005892,0.000023,0.238061,0.745186,0.010837
AAGCGCAGGGCTTTGA-1,0.000025,0.01366,0.424182,0.191825,0.370308
AAGCGGAGTGCGCGCA-1,0.00003,0.00003,0.626269,0.204839,0.168832
AAGCGGCGTCATGGGT-1,0.000077,0.000451,0.999008,0.000077,0.000386
AAGCGTCCCTCATCGA-1,0.398378,0.546639,0.024819,0.00003,0.030135
AAGCTAGATCGAGTAA-1,0.043811,0.078649,0.320902,0.014735,0.541903
AAGCTATGGATTGACC-1,0.238155,0.000714,0.378819,0.302775,0.079536
AAGCTCGTGCCAAGTC-1,0.000047,0.137087,0.396834,0.000047,0.465985
AAGCTCTTTCATGGTG-1,0.000026,0.029919,0.205265,0.170772,0.594018
AAGGAGAACTTATAAG-1,0.000024,0.000024,0.344609,0.082634,0.572709
AAGGAGCGGTTGGTGC-1,0.003956,0.067489,0.013887,0.084633,0.830036
AAGGATCGATCGCTTG-1,0.000071,0.063562,0.719259,0.000071,0.217037
AAGGATGAGGGACCTC-1,0.023315,0.000022,0.102527,0.076583,0.797552
AAGGCAGGCTGTCTCC-1,0.007162,0.081116,0.910195,0.001269,0.000257
AAGGCGCGTAAAGCTT-1,0.116711,0.218524,0.002163,0.080599,0.582003
AAGGCTGTGCTCATCG-1,0.000054,0.73642,0.111525,0.000054,0.151948
AAGGGAACGACTGGCT-1,0.033714,0.048845,0.33331,0.164705,0.419427
AAGGGACAGATTCTGT-1,0.000041,0.057175,0.612437,0.000041,0.330307
AAGGGACTATGCATTC-1,0.145137,0.506902,0.213108,0.043603,0.091251
AAGGGTTAGCCATGCG-1,0.01996,0.000025,0.329085,0.650805,0.000124
AAGGGTTTGATTTCAG-1,0.006341,0.000018,0.4078,0.364983,0.220858
AAGGTATCCTAATATA-1,0.009904,0.03286,0.070342,0.051254,0.835641
AAGGTGATAAACCAGC-1,0.000026,0.014436,0.347958,0.119886,0.517694
AAGTAAGCTTCCAAAC-1,0.000011,0.02411,0.168094,0.01595,0.791835
AAGTAGAAGACCGGGT-1,0.014348,0.065109,0.025213,0.092635,0.802695
AAGTAGTGACGCGAGG-1,0.092776,0.313059,0.000043,0.011918,0.582205
AAGTCAATTGTCGTCA-1,0.000019,0.000019,0.063454,0.268087,0.668421
AAGTCTAGTAGCTGCC-1,0.000028,0.000028,0.394077,0.559083,0.046783
AAGTCTTCTGTGGCCT-1,0.04536,0.268953,0.257077,0.024202,0.404408
AAGTGACGACCGAATT-1,0.000016,0.079912,0.038894,0.022542,0.858637
AAGTGAGTCGGGTTTA-1,0.000046,0.499217,0.245357,0.06125,0.19413
AAGTGCAAAGGTAGAC-1,0.1248,0.056173,0.144433,0.018194,0.6564
AAGTGCCTTGACTGTA-1,0.000038,0.031496,0.439399,0.136012,0.393055
AAGTGCGTTAGAATCT-1,0.000076,0.511346,0.488125,0.000076,0.000378
AAGTGCTTCTCTATTG-1,0.587802,0.41188,0.000079,0.00004,0.000198
AAGTGTTTGGAGACGG-1,0.000024,0.054504,0.303468,0.085908,0.556096
AAGTTCACTCCAAGCT-1,0.100178,0.000018,0.05408,0.221998,0.623727
AAGTTCAGTCTGCGTA-1,0.006033,0.287983,0.593596,0.000069,0.112319
AAGTTCGGCCAACAGG-1,0.314301,0.469285,0.01294,0.000023,0.20345
AAGTTGTGATGTTATA-1,0.000024,0.000024,0.356078,0.371427,0.272446
AAGTTTACTAATGGCA-1,0.000042,0.005324,0.749757,0.024351,0.220526
AAGTTTATGGGCCCAA-1,0.149432,0.000014,0.152159,0.120691,0.577704
AATAACAACGCTCGGC-1,0.042269,0.193933,0.025759,0.067189,0.67085
AATAACACTAGAACAA-1,0.138402,0.861349,0.000062,0.000031,0.000156
AATAACGTCGCGCCCA-1,0.113783,0.033476,0.774299,0.078207,0.000236
AATAAGTCCTCGAGAC-1,0.000021,0.000021,0.385757,0.130483,0.483719
AATAATCTTCGTATCG-1,0.039945,0.000048,0.872326,0.014249,0.073431
AATACAATGTTTCAGG-1,0.000045,0.086683,0.621007,0.000045,0.292219
AATACCGGAGGGCTGT-1,0.659024,0.288128,0.0527,0.000025,0.000123
AATACCTGATGTGAAC-1,0.060007,0.002335,0.314241,0.48254,0.140876
AATAGAACAGAGTGGC-1,0.091028,0.452778,0.014933,0.137931,0.30333
AATAGAATCTGTTTCA-1,0.000021,0.000021,0.166726,0.020505,0.812727
AATAGCAAGCCTCCTG-1,0.000072,0.000072,0.563855,0.435643,0.000359
AATAGCTACCGCGTGC-1,0.000067,0.082021,0.902825,0.000067,0.015021
AATAGGCACGACCCTT-1,0.734773,0.265105,0.00003,0.000015,0.000076
AATAGTCCGTCCCGAC-1,0.066564,0.131121,0.321884,0.050034,0.430397
AATAGTCGCGAGTCGG-1,0.000026,0.054938,0.322262,0.000026,0.622748
AATATCAAGGTCGGAT-1,0.000079,0.10029,0.477938,0.000079,0.421614
AATATCCTAGCAAACT-1,0.000015,0.032039,0.312693,0.091067,0.564186
AATATCGAATCAATGC-1,0.00005,0.071547,0.8989,0.00005,0.029452
AATATCGAGGGTTCTC-1,0.000039,0.000039,0.341197,0.380091,0.278635
AATATTGGAGTATTGA-1,0.000028,0.05913,0.183306,0.000028,0.757509
AATCAGACTGCAGGAC-1,0.000028,0.000028,0.259118,0.000028,0.740799
AATCAGGTTTCATTTA-1,0.566124,0.306715,0.126803,0.00006,0.000298
AATCATGTAAAGACTC-1,0.000042,0.022703,0.81014,0.046614,0.120501
AATCCAAGGGCCTGAG-1,0.000018,0.18785,0.127287,0.00061,0.684235
AATCCATGCAAGGGTG-1,0.000023,0.058455,0.188295,0.000023,0.753204
AATCCCGCTCAGAGCC-1,0.162657,0.000027,0.494113,0.238386,0.104817
AATCGAGGTCTCAAGG-1,0.015725,0.002613,0.469428,0.38401,0.128223
AATCGCCTCAGCGCCA-1,0.004962,0.10132,0.235318,0.049927,0.608473
AATCGCGCAGAGGACT-1,0.024228,0.053883,0.300484,0.021039,0.600367
AATCGGGACACTACGA-1,0.000032,0.048119,0.458537,0.000032,0.49328
AATCGGTATAGCCCTC-1,0.043312,0.000115,0.759671,0.177451,0.019451
AATCGTGAGCCGAGCA-1,0.027864,0.005773,0.553453,0.137371,0.275539
AATCTAGGTTTACTTG-1,0.046681,0.048527,0.186595,0.068248,0.649949
AATCTATGCCGGAGCC-1,0.642034,0.000153,0.077507,0.006393,0.273913
AATCTCTACTGTGGTT-1,0.000038,0.086148,0.560633,0.000038,0.353142
AATCTGCGTTGGGACG-1,0.000034,0.024909,0.487704,0.063948,0.423405
AATCTGGCTTTCTAGT-1,0.047999,0.004545,0.17725,0.024874,0.74533
AATCTGGGTAGACCCT-1,0.06387,0.000072,0.662426,0.207846,0.065786
AATGACAGCAATGTCT-1,0.000062,0.685573,0.250213,0.000062,0.064089
AATGACGTAGGATGTC-1,0.031592,0.017251,0.018742,0.133664,0.79875
AATGACTGTCAGCCGG-1,0.065269,0.230308,0.010722,0.045515,0.648186
AATGAGTTCGCATATG-1,0.00004,0.029504,0.396463,0.003853,0.57014
AATGATGATACGCTAT-1,0.000053,0.000053,0.654236,0.046636,0.299022
AATGATGCGACTCCTG-1,0.000065,0.00153,0.829622,0.000065,0.168718
AATGCAACCGGGTACC-1,0.012043,0.066417,0.376597,0.007458,0.537485
AATGCACCAAGCAATG-1,0.000021,0.000021,0.108205,0.438462,0.45329
AATGGCCGCCAATGCG-1,0.025723,0.000019,0.125868,0.699438,0.148952
AATGGTCCACCGTTCA-1,0.000023,0.025361,0.258213,0.105803,0.6106
AATGGTTCTCACAAGC-1,0.000051,0.133817,0.436851,0.000051,0.429229
AATGTATGGCACTGTA-1,0.01104,0.041572,0.279983,0.228893,0.438512
AATGTGCCCGAGGTGT-1,0.111094,0.528346,0.360132,0.000071,0.000357
AATGTGCTAATCTGAG-1,0.440806,0.559025,0.000042,0.000021,0.000106
AATGTTAAGACCCTGA-1,0.027406,0.086277,0.368394,0.310251,0.207673
AATGTTGTCGTGAGAC-1,0.019041,0.011995,0.724215,0.040195,0.204554
AATTAAAGGTCGGCGT-1,0.076731,0.369101,0.100704,0.000297,0.453167
AATTAACGGATTTCCA-1,0.012806,0.045502,0.605725,0.005219,0.330748
AATTACGAGACCCATC-1,0.013941,0.052057,0.146003,0.269362,0.518637
AATTACTCGTACGCTC-1,0.004238,0.032328,0.155865,0.015377,0.792192
AATTAGCGCTGCAGCG-1,0.030979,0.140001,0.339195,0.019087,0.470738
AATTATACCCAGCAAG-1,0.060831,0.000015,0.39247,0.168586,0.378098
AATTCATAAGGGATCT-1,0.000049,0.044822,0.48246,0.002715,0.469954
AATTCATTGTCATGCA-1,0.062269,0.093886,0.273102,0.066483,0.504259
AATTCCAACTTGGTGA-1,0.018524,0.000327,0.246911,0.000022,0.734216
AATTCCAAGCATGTAC-1,0.000044,0.057097,0.506745,0.014098,0.422016
AATTCGATTCGAGGAT-1,0.008918,0.039679,0.572937,0.020958,0.357509
AATTCTAGAGTTAGGC-1,0.000017,0.007769,0.061608,0.015511,0.915095
AATTGAACGCTCTGGT-1,0.000023,0.002725,0.417637,0.001653,0.577962
AATTGCAGCAATCGAC-1,0.000019,0.006299,0.18605,0.513418,0.294214
AATTGCGTGGATTACA-1,0.056308,0.025229,0.65824,0.034668,0.225555
AATTGTGGTTGCCAAA-1,0.135787,0.000025,0.863714,0.000025,0.000447
AATTTGGGACATAGTA-1,0.000051,0.000051,0.514706,0.104662,0.380529
AATTTGGTTCCAAAGA-1,0.000033,0.034888,0.421838,0.008909,0.534332
ACAAACCATGCGTCCT-1,0.100925,0.097783,0.355934,0.199974,0.245383
ACAAACCGACAAGGCG-1,0.000008,0.000008,0.001155,0.721413,0.277416
ACAAACTCCATCAGAG-1,0.789726,0.21014,0.000033,0.000017,0.000083
ACAAAGAAGGTAGGCC-1,0.000013,0.013398,0.278335,0.054423,0.65383
ACAAAGCATGACCTAG-1,0.000012,0.010796,0.122984,0.435446,0.430762
ACAAATCGCACCGAAT-1,0.012666,0.202087,0.418967,0.000026,0.366254
ACAAATGGTAGTGTTT-1,0.064894,0.002475,0.333556,0.02857,0.570505
ACAAATTCAGATCTGA-1,0.095232,0.013656,0.540921,0.132547,0.217643
ACAACAGCATGAGCTA-1,0.002363,0.03082,0.152239,0.016254,0.798323
ACAACGGTCCCTGCGA-1,0.054343,0.002356,0.007615,0.106556,0.829131
ACAAGCAGTGCCTAGC-1,0.015265,0.382559,0.453794,0.000044,0.148338
ACAAGCTATATGGAAG-1,0.000021,0.110923,0.457082,0.000021,0.431953
ACAAGGAAATCCGCCC-1,0.001453,0.000066,0.050023,0.060966,0.887492
ACAAGGACAAGAGGTT-1,0.012736,0.262114,0.058757,0.004758,0.661634
ACAAGGATGCTTTAGG-1,0.044971,0.000016,0.060651,0.238242,0.65612
ACAAGGCCTACCAGCC-1,0.162942,0.000028,0.328784,0.279481,0.228764
ACAAGGGCAGGCTCTG-1,0.032364,0.005233,0.355301,0.025767,0.581335
ACAAGTAATTGTAAGG-1,0.412191,0.293082,0.102528,0.155732,0.036467
ACAATAGTCGTACGTT-1,0.006244,0.032879,0.102804,0.02694,0.831134
ACAATCCATTTAAACC-1,0.008568,0.344103,0.12162,0.068316,0.457394
ACAATCGATCTTTATA-1,0.000032,0.020773,0.48109,0.093274,0.40483
ACAATGAATACGGAGA-1,0.170327,0.729383,0.000194,0.024696,0.075399
ACAATGATTCTTCTAC-1,0.210377,0.000029,0.066056,0.556525,0.167013
ACAATTGTGTCTCTTT-1,0.000039,0.000039,0.538764,0.276497,0.184661
ACAATTTAGGAGGCTC-1,0.081096,0.275556,0.279107,0.001723,0.362519
ACAATTTGAGCAGTGG-1,0.00024,0.000023,0.293181,0.029353,0.677203
ACAATTTGGCCATATT-1,0.000048,0.098811,0.336661,0.538101,0.026378
ACACAAAGACGGGTGG-1,0.000017,0.056006,0.159375,0.010463,0.774139
ACACAAATATTCCTAG-1,0.032656,0.00002,0.298229,0.432392,0.236703
ACACACCAGGACCAGT-1,0.000038,0.013714,0.51283,0.020704,0.452713
ACACACTTTCTACACG-1,0.077472,0.098471,0.05858,0.060556,0.704921
ACACATGATCAAATCT-1,0.000036,0.135692,0.6742,0.000036,0.190036
ACACATTGACGCAACA-1,0.021909,0.039287,0.057679,0.112227,0.768898
ACACATTTCCGTAGAC-1,0.067419,0.071217,0.659448,0.140226,0.06169
ACACCACATAATTAGC-1,0.164309,0.000037,0.719127,0.000037,0.116491
ACACCCAGCATGCAGC-1,0.000067,0.164853,0.752947,0.000067,0.082066
ACACCCGAGAAATCCG-1,0.00004,0.185684,0.56133,0.00004,0.252906
ACACCCGTAAATCTGT-1,0.006548,0.013479,0.450385,0.272383,0.257205
ACACCGAGCGCTCTTT-1,0.000014,0.000014,0.112785,0.033851,0.853336
ACACCGGTCTGACCGC-1,0.091303,0.013837,0.034727,0.210534,0.649599
ACACCTTAAGTAGGGC-1,0.092635,0.201023,0.109467,0.105426,0.49145
ACACCTTACTACTTGC-1,0.232514,0.000067,0.295577,0.174681,0.29716
ACACGAGACTCCTTCT-1,0.0199,0.078843,0.057316,0.001008,0.842932
ACACGGCACTATGCAT-1,0.000026,0.0071,0.359672,0.170965,0.462236
ACACGGGAACTTAGGG-1,0.077937,0.181986,0.091105,0.012213,0.63676
ACACGTAGGCCACAAG-1,0.061381,0.000044,0.82984,0.075099,0.033636
ACACTCCAATGTCACT-1,0.004882,0.159912,0.164741,0.104676,0.56579
ACACTGATCAAGGTGT-1,0.213741,0.622737,0.048533,0.008556,0.106433
ACAGAACTGAGAACAA-1,0.121165,0.217449,0.511018,0.000042,0.150325
ACAGATTAGGTTAGTG-1,0.000055,0.017243,0.764503,0.000055,0.218144
ACAGCATAGAGCCAGT-1,0.012149,0.000008,0.000017,0.013779,0.974046
ACAGCGACATTCTCAT-1,0.000032,0.000032,0.384732,0.341118,0.274086
ACAGCGCACCCGCAGC-1,0.000053,0.035973,0.849798,0.018456,0.09572
ACAGGAGGCGCAGCCG-1,0.000023,0.021823,0.49934,0.202953,0.275861
ACAGGCACGGATCCTT-1,0.008132,0.000028,0.670554,0.269288,0.051999
ACAGGCTTGCCCGACT-1,0.000032,0.03204,0.50394,0.007169,0.456819
ACAGGTGGAGGTGAGG-1,0.225373,0.774392,0.000059,0.000029,0.000147
ACAGGTGTGTTGTTGC-1,0.000028,0.100356,0.515072,0.000028,0.384516
ACAGTAATACAACTTG-1,0.105655,0.111819,0.445413,0.000034,0.33708
ACAGTATACCGTGGGA-1,0.015195,0.00004,0.305868,0.453545,0.225352
ACAGTGCAGCGCATTT-1,0.000034,0.000034,0.24188,0.560016,0.198037
ACATAAGTCGTGGTGA-1,0.057247,0.070087,0.104502,0.091117,0.677048
ACATAATAAGGCGGTG-1,0.003374,0.002958,0.135299,0.014337,0.844033
ACATACAATCAAGCGG-1,0.079308,0.002498,0.139566,0.614382,0.164246
ACATCAGCTGGGACGC-1,0.001344,0.102287,0.04137,0.004808,0.850191
ACATCCCGGCCATACG-1,0.026285,0.014943,0.124775,0.165689,0.668308
ACATCCTGGTAACTGT-1,0.001396,0.00667,0.386481,0.279532,0.325921
ACATCGATCGTTTACC-1,0.000041,0.075342,0.392996,0.000041,0.53158
ACATCGCAATATTCGG-1,0.622912,0.335448,0.007338,0.03421,0.000092
ACATCGGTCAGCCGCG-1,0.168644,0.744894,0.032351,0.000031,0.05408
ACATCGTATGCAATGG-1,0.027201,0.000012,0.003568,0.011851,0.957367
ACATCGTTAACCTAGT-1,0.000034,0.000034,0.301023,0.050173,0.648736
ACATCTCAACGCGTAA-1,0.045548,0.006004,0.444508,0.272363,0.231577
ACATGCTTACGGCAGC-1,0.074231,0.030113,0.135565,0.391859,0.368232
ACATGGCGCCAAAGTA-1,0.000034,0.000034,0.456114,0.166226,0.377592
ACATGGCTCAATTTAG-1,0.001946,0.020568,0.127452,0.010088,0.839946
ACATTAGTTTATATCC-1,0.000024,0.027927,0.20795,0.067697,0.696403
ACATTCGCGCGGAATA-1,0.688347,0.311474,0.000045,0.000022,0.000112
ACATTTGAAACCTAAC-1,0.001586,0.012489,0.731655,0.211605,0.042665
ACCAAACACCCAGCGA-1,0.045514,0.000024,0.112625,0.585613,0.256223
ACCAAACTAGAAATCC-1,0.052803,0.000017,0.161462,0.449933,0.335786
ACCAACACCACACACT-1,0.000092,0.053484,0.854608,0.000092,0.091723
ACCAACCGCACTCCAC-1,0.039446,0.00002,0.497722,0.266414,0.196397
ACCAACGCTTATTTAT-1,0.11732,0.273311,0.037819,0.133797,0.437752
ACCAAGAACGCGTGTC-1,0.000043,0.05132,0.551083,0.000043,0.397511
ACCAAGTCATCGGCAG-1,0.000018,0.000018,0.213257,0.630157,0.156551
ACCAATATGCAAGTTA-1,0.000017,0.037167,0.151465,0.066838,0.744513
ACCACAACTCAGAACA-1,0.000048,0.000048,0.764174,0.224243,0.011487
ACCACAAGTTTCTATC-1,0.000019,0.203476,0.074155,0.030533,0.691817
ACCACACGGTTGATGG-1,0.057843,0.000018,0.353417,0.43561,0.153111
ACCACCAATGTAACAA-1,0.000044,0.063843,0.731011,0.000044,0.205057
ACCACCCTCTCTTCTA-1,0.000041,0.000041,0.339437,0.660274,0.000207
ACCACGTGCAGCTATA-1,0.000027,0.008059,0.401885,0.000027,0.590002
ACCACTGTTCAAGAAG-1,0.00003,0.183946,0.384007,0.003434,0.428584
ACCAGACCATAACAAC-1,0.0846,0.125121,0.238578,0.005988,0.545714
ACCAGCCCGGTCTTTG-1,0.000033,0.000033,0.470711,0.383516,0.145707
ACCAGGAGTGTGATCT-1,0.233571,0.000021,0.000042,0.096358,0.670008
ACCAGTGCCCGGTCAA-1,0.185815,0.000051,0.252026,0.20831,0.353798
ACCAGTGCGGGAGACG-1,0.091818,0.038742,0.474312,0.03105,0.364079
ACCATATCCGCAATAA-1,0.000034,0.031792,0.212668,0.032339,0.723168
ACCATCCGCCAACTAG-1,0.016004,0.081927,0.050783,0.008247,0.843039
ACCATCGTATATGGTA-1,0.046105,0.889349,0.000089,0.000044,0.064413
ACCATTAAGGGTGTCA-1,0.000022,0.004292,0.296979,0.000022,0.698685
ACCCAACGCCCGTGGC-1,0.000034,0.018525,0.594723,0.008136,0.378581
ACCCACCTACATGCTC-1,0.031339,0.033801,0.160882,0.062137,0.711841
ACCCATCTTGAGGGTA-1,0.051656,0.944796,0.003232,0.000053,0.000263
ACCCATTTGTCCCTCT-1,0.036487,0.000033,0.278678,0.541752,0.14305
ACCCGAGCGAAATTAC-1,0.295159,0.679429,0.025188,0.000037,0.000187
ACCCGATTGGTTCCGA-1,0.409478,0.367584,0.222678,0.000043,0.000216
ACCCGGAAACTCCCAG-1,0.000037,0.113413,0.573549,0.00493,0.308071
ACCCGGAGCACCACAA-1,0.062149,0.000037,0.861956,0.036426,0.039432
ACCCGGATGACGCATC-1,0.000024,0.000024,0.17319,0.251729,0.575033
ACCCGGTTACACTTCC-1,0.346328,0.358513,0.01106,0.000022,0.284078
ACCCGTAGCAGAGAAT-1,0.041106,0.014917,0.727284,0.166673,0.05002
ACCCGTAGTCTAGTTG-1,0.213069,0.000227,0.728442,0.056408,0.001854
ACCCGTGTCATCAGTA-1,0.032888,0.343986,0.575391,0.000047,0.047688
ACCCTATAGGACTGAG-1,0.000021,0.079415,0.029396,0.000021,0.891147
ACCCTATGCCATATCG-1,0.429921,0.51786,0.009149,0.000039,0.043031
ACCCTCCCGTCAGGGC-1,0.002731,0.000014,0.202116,0.441159,0.353979
ACCCTCCCTTGCTATT-1,0.000025,0.000025,0.254598,0.120835,0.624516
ACCCTGGTAACGCCCT-1,0.04046,0.245939,0.570953,0.140394,0.002255
ACCCTTCATCTGCGAA-1,0.000028,0.004198,0.339277,0.018219,0.63828
ACCCTTGCCTGGGTCG-1,0.048051,0.000021,0.180283,0.513275,0.258369
ACCCTTTAGTTCTCCA-1,0.000033,0.000033,0.315219,0.419352,0.265363
ACCGAAAGGGCCCTGC-1,0.004426,0.00452,0.119021,0.058583,0.813449
ACCGAAGAGTCTGGTT-1,0.057321,0.021382,0.314082,0.111873,0.495342
ACCGACACATCTCCCA-1,0.046683,0.024619,0.635751,0.067346,0.225602
ACCGACTGAGTCCCAC-1,0.000006,0.000006,0.000013,0.019914,0.980061
ACCGAGTCTCCTTATT-1,0.104498,0.036824,0.238852,0.336522,0.283305
ACCGATAGGCATAACC-1,0.124318,0.000038,0.874105,0.000038,0.001502
ACCGATATTTAATCAT-1,0.000065,0.076921,0.922627,0.000065,0.000323
ACCGATGGTAGCATCG-1,0.064123,0.023238,0.228116,0.062646,0.621877
ACCGCAATAACTGCCT-1,0.019066,0.110246,0.079813,0.112077,0.678797
ACCGCGGTGGAAGTCG-1,0.00007,0.023262,0.954343,0.00007,0.022256
ACCGCTAGTCATTGGT-1,0.748938,0.196283,0.031449,0.023142,0.000188
ACCGGGCCTTTGTTGA-1,0.000027,0.000027,0.240973,0.204522,0.554451
ACCGGTCAGGTACACC-1,0.002736,0.164887,0.037736,0.01364,0.781001
ACCGGTCTGAGTACGG-1,0.103422,0.000027,0.240954,0.196942,0.458655
ACCGTCCACTGGGCCC-1,0.006715,0.043972,0.266362,0.109008,0.573943
ACCGTGACCACGTGGG-1,0.534663,0.464337,0.000845,0.000026,0.000128
ACCGTTCCCGCTCTGA-1,0.000012,0.000012,0.000025,0.012346,0.987604
ACCTAAGTACCTTTCA-1,0.204923,0.30812,0.002819,0.013611,0.470527
ACCTAATCGACTTCCT-1,0.034155,0.435471,0.177178,0.000038,0.353158
ACCTACAGTATGTGGT-1,0.030891,0.069268,0.258113,0.040029,0.601699
ACCTACTATAAATCTA-1,0.000026,0.110737,0.380864,0.152964,0.355409
ACCTCAGCGAGGCGCA-1,0.040248,0.06243,0.488772,0.22447,0.18408
ACCTCCGCCCTCGCTG-1,0.018432,0.000043,0.562061,0.395106,0.024357
ACCTCCGTTATTCACC-1,0.166991,0.000116,0.353941,0.271557,0.207396
ACCTCGAACTTATGCT-1,0.101765,0.020264,0.229753,0.303253,0.344965
ACCTGCGTGTCATGTT-1,0.003455,0.090907,0.300207,0.026259,0.579171
ACCTTTCCTTTAGAAG-1,0.000041,0.055586,0.7077,0.003121,0.233552
ACGAAATGGGCGGCAC-1,0.075894,0.041794,0.00443,0.043573,0.83431
ACGACCCATGAGTTGC-1,0.000038,0.000942,0.596872,0.392626,0.009522
ACGACTCTAGGGCCGA-1,0.049005,0.001234,0.529377,0.127548,0.292836
ACGACTGGTCATACTC-1,0.226233,0.662411,0.000044,0.070767,0.040545
ACGAGAACCCATCACG-1,0.000023,0.121499,0.254213,0.000023,0.624242
ACGAGATATTTGCTTA-1,0.000045,0.004065,0.514466,0.094683,0.386741
ACGAGGATACCACTCT-1,0.000046,0.153454,0.585428,0.000046,0.261026
ACGAGGTTTACAACGT-1,0.000014,0.000014,0.1444,0.037839,0.817732
ACGAGTACGGATGCCC-1,0.000084,0.021337,0.94104,0.000084,0.037455
ACGAGTCGCCGGCGTT-1,0.000748,0.043059,0.0574,0.017194,0.881599
ACGATACATAGAACTA-1,0.015281,0.207955,0.468447,0.000044,0.308273
ACGATACCTATCCTGA-1,0.005498,0.041697,0.129801,0.000019,0.822984
ACGATCATACATAGAG-1,0.00002,0.000799,0.131038,0.040825,0.827319
ACGATCATCTTGTAAA-1,0.011113,0.000027,0.166522,0.226451,0.595887
ACGATGCATATGTTAT-1,0.293412,0.379341,0.065937,0.000028,0.261283
ACGATGGATCCGATGC-1,0.26679,0.117378,0.439857,0.004519,0.171457
ACGCAAACTAATAGAT-1,0.325703,0.506591,0.088882,0.00005,0.078774
ACGCAATCACTACAGC-1,0.114827,0.000147,0.448656,0.153646,0.282724
ACGCATAAATGACATG-1,0.032936,0.000084,0.594805,0.371752,0.000422
ACGCATACGTTTACTA-1,0.00459,0.049294,0.363812,0.409578,0.172726
ACGCATTCGTGAGTAC-1,0.000042,0.066689,0.429734,0.000042,0.503493
ACGCCACTCGAAACAG-1,0.000943,0.011034,0.01129,0.30548,0.671253
ACGCCAGATGATTTCT-1,0.000024,0.011731,0.036457,0.000024,0.951764
ACGCCAGTGCGTTTGC-1,0.067499,0.000024,0.322852,0.57005,0.039574
ACGCCCAGCTGTCGAT-1,0.013057,0.096808,0.565384,0.108273,0.216478
ACGCCGCTAGACGACC-1,0.000018,0.105102,0.221597,0.000931,0.672352
ACGCCTGACACGCGCT-1,0.00001,0.00001,0.122715,0.266846,0.610419
ACGCGAAGTCAGACGA-1,0.003827,0.012062,0.095066,0.046572,0.842474
ACGCGCTACACAGGGT-1,0.120357,0.551303,0.070067,0.016008,0.242265
ACGCGGGCCAAGGACA-1,0.045528,0.00001,0.000021,0.106305,0.848136
ACGCGTTTCTTAAGAG-1,0.000026,0.050235,0.360303,0.000026,0.589409
ACGCTACTGAATGGGC-1,0.063964,0.000036,0.757129,0.178689,0.000182
ACGCTAGTATCAGTGC-1,0.019468,0.000028,0.109719,0.61093,0.259857
ACGCTAGTGATACACT-1,0.000049,0.000049,0.708407,0.075309,0.216185
ACGCTGTGAGGCGTAG-1,0.000047,0.109723,0.545354,0.000047,0.344829
ACGCTTAGTGTCTCTC-1,0.021468,0.000049,0.679403,0.279427,0.019654
ACGGAACACGAGTGCC-1,0.054247,0.00002,0.57081,0.145699,0.229224
ACGGAATTTAGCAAAT-1,0.000036,0.024394,0.30418,0.000036,0.671355
ACGGACGCAGCGACAA-1,0.124851,0.067788,0.074299,0.301676,0.431386
ACGGACTCTCAAAGCG-1,0.03706,0.03344,0.304212,0.119397,0.50589
ACGGAGCGCAAATTAC-1,0.000099,0.013234,0.986074,0.000099,0.000495
ACGGATGGTGCGGATA-1,0.000028,0.024681,0.388311,0.001685,0.585295
ACGGCACTTGCTTGGG-1,0.041375,0.042219,0.234403,0.053123,0.628879
ACGGCCAACATGGACT-1,0.00397,0.20741,0.200457,0.144216,0.443946
ACGGCGACGATGGGAA-1,0.000025,0.076362,0.197447,0.000025,0.726141
ACGGCGGGTTGCCCTG-1,0.000038,0.056692,0.371026,0.000038,0.572206
ACGGCTGGATGTAGAA-1,0.03887,0.046813,0.121823,0.123943,0.668551
ACGGGAGTGTCGGCCC-1,0.000034,0.170574,0.49422,0.000034,0.335139
ACGGGCGTATGCGACA-1,0.000028,0.000028,0.238785,0.526864,0.234296
ACGGGTCATGTGACTT-1,0.044607,0.202852,0.225179,0.003601,0.52376
ACGGGTTGTGACCTGT-1,0.14789,0.00001,0.112726,0.446098,0.293276
ACGGTACAGTTCAATG-1,0.00002,0.002754,0.529515,0.254066,0.213646
ACGGTCACCGAGAACA-1,0.077268,0.000017,0.26355,0.176443,0.482723
ACGTACAGATTTCTCT-1,0.004453,0.000875,0.095227,0.257962,0.641483
ACGTACTTTGGCACGG-1,0.20449,0.795148,0.00009,0.000045,0.000226
ACGTAGATTGCTGATG-1,0.000033,0.035682,0.192644,0.010287,0.761355
ACGTAGGAGAGTCGCT-1,0.047461,0.034311,0.305628,0.234271,0.378329
ACGTATTACTCCGATC-1,0.05998,0.000408,0.272353,0.0211,0.646159
ACGTCCTAAACGAGAT-1,0.000019,0.039663,0.219018,0.009464,0.731836
ACGTCGGGCAACTCGG-1,0.000017,0.016835,0.54592,0.170749,0.266479
ACGTCTCGTTCCGGGA-1,0.022907,0.016651,0.000498,0.01931,0.940634
ACGTGACAAAGTAAGT-1,0.016712,0.007218,0.485613,0.005971,0.484487
ACGTGCGCCTCGTGCA-1,0.000031,0.0877,0.225485,0.000031,0.686752
ACGTGGTCGAATGTGC-1,0.000021,0.000021,0.077593,0.580221,0.342145
ACGTTAATGTCGAAGA-1,0.000024,0.19824,0.261668,0.000024,0.540043
ACGTTAGATTTGCCCG-1,0.183556,0.625862,0.013172,0.002214,0.175197
ACGTTATTGGTCACTC-1,0.000715,0.310312,0.446971,0.000044,0.241957
ACGTTCACTATGCCGC-1,0.502146,0.36008,0.137648,0.000021,0.000105
ACGTTCCGCGCTCCGT-1,0.053131,0.00409,0.126891,0.031855,0.784034
ACGTTCGCAATCAATT-1,0.027975,0.039669,0.738493,0.000076,0.193788
ACGTTCGTTCAGGAAA-1,0.309553,0.495375,0.152683,0.000038,0.042351
ACGTTCTGTACAAGTC-1,0.006828,0.00002,0.494986,0.320879,0.177286
ACGTTGTCGTTGAAAG-1,0.732911,0.199982,0.062097,0.004805,0.000205
ACGTTTAGTTGTGATC-1,0.000028,0.078158,0.149068,0.005267,0.76748
ACGTTTCGGTGCACTT-1,0.00139,0.00347,0.486788,0.508219,0.000134
ACTAAGGACGCACACC-1,0.004541,0.000011,0.002716,0.677875,0.314856
ACTAATACGTCAGGCG-1,0.045592,0.024135,0.671511,0.024078,0.234684
ACTACAAAGAGAGGTG-1,0.417883,0.413458,0.168464,0.000033,0.000163
ACTACATCCCGACAAG-1,0.002297,0.082674,0.557143,0.077519,0.280367
ACTACCAGCTCTCTGG-1,0.00009,0.363079,0.447718,0.00009,0.189022
ACTACCATCCGAGGGC-1,0.591458,0.408358,0.000046,0.000023,0.000115
ACTACGCGTTAGAATT-1,0.053845,0.000015,0.039549,0.300282,0.60631
ACTAGTTGCGATCGTC-1,0.000056,0.000056,0.647111,0.003336,0.349441
ACTATATGCTGTGTTC-1,0.000062,0.090138,0.511432,0.051934,0.346435
ACTATCCAGGGCATGG-1,0.000048,0.006686,0.774591,0.000048,0.218626
ACTATCGCCGGCTAAA-1,0.000034,0.050547,0.624661,0.000034,0.324724
ACTATCTGCCCGCGTA-1,0.255767,0.00008,0.63005,0.101016,0.013087
ACTATGTCCAGCTGCC-1,0.052753,0.019633,0.210707,0.332686,0.384221
ACTATTCGTCCGTGGT-1,0.000016,0.006657,0.194252,0.033809,0.765266
ACTATTTCCGGGCCCA-1,0.25142,0.710053,0.038342,0.000031,0.000155
ACTCAACGAATGTATT-1,0.071851,0.068058,0.030151,0.000018,0.829922
ACTCAAGTGCAAGGCT-1,0.037734,0.049044,0.1981,0.25821,0.456911
ACTCAATAAAGGCACG-1,0.008599,0.199807,0.397585,0.000043,0.393967
ACTCAGACCTGCTTCT-1,0.000047,0.125581,0.510222,0.000047,0.364103
ACTCATGGCAGCCTTC-1,0.204046,0.118609,0.300554,0.105008,0.271783
ACTCCAATATCATCAT-1,0.236948,0.756813,0.000066,0.000033,0.00614
ACTCCCATTCCTAAAG-1,0.08882,0.05745,0.618839,0.017729,0.217162
ACTCCCGAATTCGTTT-1,0.000057,0.021062,0.703377,0.000057,0.275446
ACTCCCGTAGACTAGG-1,0.000022,0.000022,0.076724,0.554565,0.368666
ACTCCCTAATGCTAAA-1,0.059339,0.10591,0.174625,0.105524,0.554602
ACTCCCTAGAATAGTA-1,0.005638,0.124256,0.349752,0.074638,0.445715
ACTCCGGCCGACCACT-1,0.008331,0.029817,0.513866,0.308131,0.139855
ACTCGATGTATTTCAT-1,0.03424,0.060886,0.176139,0.023807,0.704929
ACTCGCCGTTCGATAA-1,0.013723,0.140839,0.78852,0.056721,0.000197
ACTCGCGATCTGACGC-1,0.008051,0.000023,0.132816,0.749113,0.109997
ACTCGTAACCCGTCCT-1,0.000039,0.311114,0.431414,0.008392,0.249041
ACTCGTCAGTAATCCC-1,0.00002,0.049694,0.152231,0.009728,0.788327
ACTCTAAACCTGGGAT-1,0.012383,0.008532,0.148786,0.019365,0.810934
ACTCTCTGACTTAGGT-1,0.032134,0.001213,0.128302,0.100997,0.737355
ACTCTCTTATACACGA-1,0.000026,0.000026,0.111361,0.492147,0.39644
ACTCTGACCTAATAGA-1,0.000023,0.002283,0.676126,0.187806,0.133763
ACTCTTCAGCTCCCGC-1,0.000039,0.000039,0.4531,0.44763,0.099192
ACTCTTGTATAGTAAC-1,0.000046,0.124712,0.358073,0.000046,0.517122
ACTGAAACGCCGTTAG-1,0.000024,0.017538,0.278769,0.242187,0.461482
ACTGAATGGCGAAAGT-1,0.000025,0.000025,0.522974,0.000025,0.47695
ACTGATTTAGTGATTC-1,0.090236,0.015651,0.721213,0.172535,0.000365
ACTGCCCGCCATTCTC-1,0.603656,0.369087,0.02273,0.004354,0.000174
ACTGCCGTCGTAACTC-1,0.000032,0.110407,0.260188,0.000032,0.629342
ACTGCGGACACACCGT-1,0.000062,0.020361,0.870579,0.037998,0.071
ACTGCTCGGAAGGATG-1,0.048564,0.117568,0.047762,0.069743,0.716362
ACTGGCGAACCTGCGT-1,0.039952,0.000029,0.542079,0.24254,0.1754
ACTGGGATGCCAGTGC-1,0.087844,0.195764,0.328818,0.252765,0.134808
ACTGTACGATACACAT-1,0.041929,0.000926,0.213081,0.010221,0.733842
ACTGTAGCACTTTGGA-1,0.058658,0.214199,0.000041,0.106073,0.621029
ACTGTATACGCGAGCA-1,0.000029,0.060689,0.091732,0.001402,0.846149
ACTGTCCAGGATTATA-1,0.033175,0.191644,0.228227,0.01239,0.534563
ACTGTCTTCTTTAGAA-1,0.033869,0.02243,0.245692,0.004562,0.693447
ACTGTGCTAGTAGATC-1,0.080942,0.133376,0.000036,0.022148,0.763498
ACTGTTTAGTGTAGGC-1,0.034765,0.241179,0.280046,0.163585,0.280425
ACTTACCGGGCGCGCA-1,0.000082,0.000082,0.999345,0.000082,0.000409
ACTTACGCATCCACGC-1,0.017856,0.0233,0.452377,0.033171,0.473296
ACTTAGTACGACAAGA-1,0.000077,0.032219,0.014122,0.004698,0.948884
ACTTATACTTACCCGG-1,0.000042,0.017264,0.724659,0.000042,0.257994
ACTTATCTGATCTATA-1,0.235108,0.012757,0.123543,0.089669,0.538923
ACTTATTAGGATCGGT-1,0.000074,0.587186,0.30405,0.000074,0.108616
ACTTATTTATGTGCCA-1,0.000019,0.052367,0.092649,0.024121,0.830844
ACTTCAGGCTGATCCC-1,0.000036,0.037942,0.419187,0.000036,0.542799
ACTTCCAGTGGAAGCT-1,0.000554,0.039378,0.077328,0.27479,0.60795
ACTTCCATGCGGGACA-1,0.023794,0.031014,0.187564,0.35678,0.400849
ACTTCCTGTCGTGCGA-1,0.000017,0.000017,0.022082,0.455971,0.521913
ACTTCGCCATACGCAC-1,0.000012,0.012196,0.009716,0.007139,0.970937
ACTTCGCTAGCGAGTG-1,0.000051,0.008361,0.570268,0.29691,0.124411
ACTTGACTCCCTCTTT-1,0.054012,0.01456,0.015059,0.070225,0.846143
ACTTGCCATATTGTAC-1,0.00515,0.101594,0.136456,0.169054,0.587746
ACTTGCTCTATCTACC-1,0.096998,0.0004,0.143524,0.575816,0.183262
ACTTGGGACCCGGTGG-1,0.000052,0.276406,0.523843,0.000052,0.199647
ACTTGGGCTTTCGCCA-1,0.016682,0.000004,0.000008,0.385802,0.597505
ACTTGTAGTCCCTTCA-1,0.000026,0.023311,0.274443,0.000026,0.702194
ACTTGTGGATGGAACG-1,0.000069,0.033118,0.957627,0.000069,0.009116
ACTTGTTACCGGATCA-1,0.234381,0.000025,0.159278,0.516737,0.089578
ACTTTACCCTCATGAA-1,0.000033,0.009116,0.654361,0.000033,0.336458
ACTTTATACACCACTT-1,0.047697,0.001331,0.011545,0.465748,0.473679
ACTTTCCTATAGCTTC-1,0.000018,0.000018,0.063524,0.000018,0.936423
ACTTTGACTGCATCCT-1,0.052778,0.255301,0.192684,0.007159,0.492078
ACTTTGGTCGTGCTCC-1,0.050643,0.064584,0.038357,0.097098,0.749318
ACTTTGTCGACGCACT-1,0.000063,0.170221,0.829339,0.000063,0.000314
AGAAATTATGACTCGC-1,0.044064,0.037079,0.56378,0.210459,0.144618
AGAACACGGCGATGGT-1,0.056738,0.147725,0.392379,0.168975,0.234184
AGAACCCAGCGTGACA-1,0.000033,0.000033,0.493611,0.474505,0.031817
AGAACCCTCAATTGGG-1,0.027853,0.000006,0.000012,0.020129,0.952
AGAACGTGGTACATTC-1,0.000016,0.000016,0.145976,0.006101,0.84789
AGAACTGTACTTTGTA-1,0.089951,0.000016,0.110081,0.697293,0.102659
AGAAGAGCGCCGTTCC-1,0.000503,0.000503,0.251094,0.41993,0.327971
AGAAGGTACACTTCAC-1,0.000029,0.107893,0.441476,0.000029,0.450572
AGAAGGTTGCCGAATT-1,0.07679,0.662265,0.260525,0.00007,0.00035
AGAAGGTTGTAGGTCG-1,0.015263,0.080253,0.453115,0.01277,0.438599
AGAAGTGATTCGTGAT-1,0.316206,0.516932,0.071713,0.000042,0.095106
AGAATAAATCTTCAGG-1,0.000038,0.116494,0.488729,0.000038,0.394703
AGAATACAGGCTATCC-1,0.008254,0.000021,0.34652,0.485908,0.159297
AGAATGCGGGTTCGGA-1,0.000071,0.068608,0.930895,0.000071,0.000355
AGAATTATGGATTCGA-1,0.00004,0.00004,0.573212,0.089165,0.337543
