Barcode,Topic 1,Topic 2,Topic 3to4,Topic 5to8,Topic 9,Topic 10
AAACAAGTATCTCCCA-1,0.017532,0.569562,0.001934,0.289421,0.100959,0.020591
AAACACCAATAACTGC-1,0.701195,0.000026,0.00485,0.000103,0.2938,0.000026
AAACAGCTTTCAGAAG-1,0.586382,0.000022,0.064243,0.121244,0.228087,0.000022
AAACAGGGTCTATATT-1,0.85983,0.118579,0.000062,0.000124,0.021374,0.000031
AAACAGTGTTCCTGGG-1,0.597918,0.171182,0.088819,0.137573,0.000013,0.004495
AAACATGGTGAGAGGA-1,0.079363,0.078911,0.5284,0.003195,0.310099,0.000033
AAACATTTCCCGGATT-1,0.152332,0.290857,0.266918,0.03744,0.12969,0.122763
AAACCCGAACGAAATC-1,0.097578,0.31717,0.041697,0.484774,0.000014,0.058769
AAACCGGAAATGTTAA-1,0.055535,0.100029,0.045411,0.598765,0.000044,0.200215
AAACCGGGTAGGTACC-1,0.327993,0.019664,0.213258,0.187969,0.214362,0.036754
AAACCGTTCGTCCAGG-1,0.977739,0.00078,0.000035,0.000071,0.021358,0.000018
AAACCTAAGCAGCCGG-1,0.060389,0.009498,0.438434,0.121463,0.076009,0.294208
AAACCTCATGAAGTTG-1,0.311272,0.046198,0.356882,0.125174,0.004714,0.155759
AAACGAAGATGGAGTA-1,0.559258,0.000035,0.00007,0.000139,0.440464,0.000035
AAACGAGACGGTTGAT-1,0.038443,0.27979,0.223106,0.273118,0.118606,0.066937
AAACGGGCGTACGGGT-1,0.043579,0.000008,0.238938,0.319163,0.161422,0.236891
AAACGGTTGCGAACTG-1,0.414534,0.003381,0.179122,0.185406,0.19316,0.024396
AAACTCGGTTCGCAAT-1,0.288126,0.053886,0.185487,0.138006,0.070875,0.26362
AAACTCGTGATATAAG-1,0.014984,0.636323,0.000169,0.348356,0.000084,0.000084
AAACTGCTGGCTCCAA-1,0.000011,0.097831,0.336852,0.283404,0.040844,0.241058
AAACTTAATTGCACGC-1,0.090559,0.000026,0.027056,0.000104,0.877013,0.005242
AAACTTGCAAACGTAT-1,0.827268,0.116814,0.000049,0.001056,0.054789,0.000025
AAAGAATGACCTTAGA-1,0.103685,0.029885,0.687846,0.000138,0.178412,0.000034
AAAGACCCAAGTCGCG-1,0.000017,0.153404,0.012151,0.834392,0.000017,0.000017
AAAGACTGGGCGCTTT-1,0.273306,0.052593,0.339754,0.173393,0.029921,0.131033
AAAGGCCCTATAATAC-1,0.162737,0.000015,0.003952,0.000061,0.829732,0.003502
AAAGGCTACGGACCAT-1,0.915316,0.084483,0.00005,0.000101,0.000025,0.000025
AAAGGCTCTCGCGCCG-1,0.719656,0.144402,0.009641,0.041941,0.000018,0.084342
AAAGGGATGTAGCAAG-1,0.000019,0.343749,0.013953,0.642242,0.000019,0.000019
AAAGGGCAGCTTGAAT-1,0.001549,0.007318,0.172084,0.700338,0.056246,0.062465
AAAGTAGCATTGCTCA-1,0.949737,0.041408,0.000037,0.000075,0.008724,0.000019
AAAGTCACTGATGTAA-1,0.000023,0.821967,0.000046,0.177917,0.000023,0.000023
AAAGTCGACCCTCAGT-1,0.254401,0.304258,0.073577,0.025187,0.180586,0.161991
AAAGTGCCATCAATTA-1,0.000008,0.049444,0.055242,0.623774,0.000305,0.271228
AAAGTGTGATTTATCT-1,0.000015,0.18285,0.176694,0.512543,0.053469,0.074429
AAAGTTGACTCCCGTA-1,0.035423,0.073215,0.147255,0.639481,0.000964,0.103661
AAATAACCATACGGGA-1,0.027144,0.283769,0.181609,0.507354,0.000062,0.000062
AAATAAGGTAGTGCCC-1,0.018183,0.968491,0.000074,0.013178,0.000037,0.000037
AAATACCTATAAGCAT-1,0.007299,0.024627,0.686021,0.220497,0.0014,0.060157
AAATAGCTTAGACTTT-1,0.00457,0.301499,0.001557,0.44542,0.000587,0.246368
AAATAGGGTGCTATTG-1,0.001262,0.078041,0.187596,0.313795,0.091412,0.327894
AAATCCGATACACGCC-1,0.000007,0.000007,0.281949,0.188153,0.000395,0.529489
AAATCGCGGAAGGAGT-1,0.482556,0.001927,0.071672,0.163358,0.275442,0.005046
AAATCGTGTACCACAA-1,0.06559,0.200497,0.423529,0.259717,0.003213,0.047455
AAATCTAGCCCTGCTA-1,0.01525,0.115343,0.079568,0.481257,0.021013,0.28757
AAATCTGCCCGCGTCC-1,0.128664,0.116509,0.380774,0.328665,0.041566,0.003822
AAATGATTCGATCAGC-1,0.033091,0.476262,0.039456,0.430252,0.020853,0.000086
AAATGCTCGTTACGTT-1,0.057386,0.066661,0.071166,0.803022,0.000623,0.001143
AAATGGCATGTCTTGT-1,0.000026,0.717308,0.038963,0.243652,0.000026,0.000026
AAATGGCCCGTGCCCT-1,0.581893,0.000016,0.131985,0.173025,0.109636,0.003445
AAATGGTCAATGTGCC-1,0.000014,0.121963,0.311743,0.566252,0.000014,0.000014
AAATGTATCTTATCCC-1,0.033048,0.13428,0.207138,0.069008,0.353133,0.203392
AAATTAACGGGTAGCT-1,0.000142,0.167978,0.286739,0.501774,0.008514,0.034854
AAATTAATAAGCGCGA-1,0.020291,0.000022,0.543113,0.281575,0.017968,0.137032
AAATTACACGACTCTG-1,0.015413,0.480231,0.063414,0.440829,0.000057,0.000057
AAATTACCTATCGATG-1,0.000007,0.003606,0.002228,0.935134,0.018437,0.040588
AAATTCCAGGTCCAAA-1,0.00019,0.074625,0.032992,0.797242,0.002353,0.092598
AAATTGATAGTCCTTT-1,0.944334,0.035498,0.002374,0.005285,0.007692,0.004817
AAATTGCGGCGGTTCT-1,0.123671,0.65142,0.026216,0.198524,0.000085,0.000085
AAATTTGCGGGTGTGG-1,0.769308,0.172556,0.014536,0.001767,0.000023,0.041809
AACAACTGGTAGTTGC-1,0.000007,0.010266,0.1532,0.808332,0.027773,0.000421
AACAATACATTGTCGA-1,0.77493,0.015388,0.070372,0.032023,0.049711,0.057576
AACAATTACTCTACGC-1,0.006975,0.159652,0.468306,0.343932,0.004858,0.016277
AACACACGCTCGCCGC-1,0.078679,0.433537,0.208516,0.174084,0.025272,0.079912
AACACGACTGTACTGA-1,0.066657,0.473405,0.043886,0.415937,0.000058,0.000058
AACACGAGACGCGGCC-1,0.834462,0.165343,0.000049,0.000098,0.000024,0.000024
AACACGCGGCCGCGAA-1,0.004891,0.862767,0.000118,0.000236,0.131929,0.000059
AACAGCTGTGTGGCAA-1,0.683344,0.016023,0.017585,0.161488,0.031544,0.090016
AACAGGAAATCGAATA-1,0.000007,0.002042,0.002835,0.98018,0.000007,0.014928
AACAGGATGGGCCGCG-1,0.002064,0.077029,0.486032,0.433946,0.000026,0.000903
AACAGGTAGTATGGAT-1,0.000005,0.000005,0.007452,0.613778,0.079503,0.299256
AACATATCAACTGGTG-1,0.000008,0.100764,0.015388,0.562763,0.008925,0.312152
AACATTGAAGTTGATC-1,0.111083,0.000018,0.201942,0.08481,0.417487,0.18466
AACATTGTGACTCGAG-1,0.830552,0.110778,0.000054,0.000445,0.058145,0.000027
AACCAAGACTTCTCTG-1,0.035486,0.434394,0.352484,0.064899,0.000025,0.112712
AACCATAGGGTTGAAC-1,0.001542,0.000017,0.250554,0.0504,0.521003,0.176484
AACCATGGGATCGCTA-1,0.01615,0.023176,0.095993,0.848552,0.01443,0.001699
AACCCAGAGACGGAGA-1,0.000011,0.000115,0.004087,0.975039,0.00855,0.012197
AACCCATCCCATGATC-1,0.911926,0.000026,0.014887,0.004767,0.068367,0.000026
AACCCGACAACCCGTG-1,0.806587,0.081265,0.015318,0.026664,0.050076,0.02009
AACCCGAGCAGAATCG-1,0.012503,0.13018,0.108292,0.338194,0.028937,0.381894
AACCCTACTGTCAATA-1,0.056776,0.304679,0.075452,0.44849,0.000019,0.114584
AACCGAGCTTGGTCAT-1,0.000017,0.291112,0.018806,0.662726,0.015257,0.012081
AACCGCTAAGGGATGC-1,0.000011,0.20193,0.125539,0.413287,0.025577,0.233656
AACCGTTGTGTTTGCT-1,0.00003,0.779415,0.011088,0.209407,0.00003,0.00003
AACCTCGCTTTAGCCC-1,0.006842,0.000008,0.200895,0.260492,0.088957,0.442807
AACCTGTCACGGAATT-1,0.000019,0.321426,0.000039,0.544894,0.11869,0.014932
AACCTTTAAATACGGT-1,0.221668,0.111989,0.102922,0.221077,0.019387,0.322958
AACCTTTACGACGTCT-1,0.027586,0.659983,0.00015,0.312141,0.00007,0.00007
AACGAAAGTCGTCCCA-1,0.563005,0.000026,0.000051,0.000103,0.436789,0.000026
AACGATAATGCCGTAG-1,0.040839,0.016143,0.278802,0.352105,0.158111,0.154
AACGATAGAAGGGCCG-1,0.05841,0.1859,0.033058,0.687361,0.000021,0.035251
AACGATATGTCAACTG-1,0.000014,0.108287,0.054729,0.809391,0.007548,0.02003
AACGCATGATCTGGGT-1,0.195511,0.804156,0.000083,0.000167,0.000042,0.000042
AACGCGAACGGCAACA-1,0.000014,0.321593,0.004801,0.645696,0.027883,0.000014
AACGCGACCTTGGGCG-1,0.582573,0.029459,0.023868,0.242351,0.11667,0.005078
AACGCGGTCTCCAGCC-1,0.00027,0.38702,0.145759,0.466906,0.000023,0.000023
AACGCTGTTGCTGAAA-1,0.000545,0.298178,0.173419,0.317754,0.091015,0.119089
AACGGACGTACGTATA-1,0.003701,0.053986,0.209128,0.704415,0.00001,0.02876
AACGGCCATCTCCGGT-1,0.933127,0.066742,0.000033,0.000065,0.000016,0.000016
AACGTACTGTGGGTAC-1,0.825477,0.174327,0.000049,0.000098,0.000024,0.000024
AACGTCAGACTAGTGG-1,0.000013,0.124226,0.122746,0.736802,0.015789,0.000425
AACGTGCGAAAGTCTC-1,0.000011,0.089593,0.233,0.675935,0.000011,0.00145
AACGTTATCAGCACCT-1,0.036267,0.394131,0.254708,0.160549,0.020781,0.133564
AACTACCCGTTTGTCA-1,0.000009,0.003807,0.007876,0.691967,0.000009,0.296333
AACTAGGCTTGGGTGT-1,0.45986,0.072155,0.060646,0.054601,0.132529,0.220209
AACTCAAGTTAATTGC-1,0.15129,0.171967,0.08128,0.208651,0.382321,0.004491
AACTCCAGAGCGTGTT-1,0.001043,0.039127,0.126277,0.327574,0.181308,0.32467
AACTCGATAAACACGT-1,0.048757,0.304217,0.07437,0.572558,0.000049,0.000049
AACTCGATGGCGCAGT-1,0.000011,0.096164,0.046828,0.837787,0.014472,0.004738
AACTCTCAATAGAGCG-1,0.000016,0.236999,0.070767,0.662617,0.000016,0.029584
AACTCTCAGTGTGCTC-1,0.791697,0.000019,0.03021,0.026411,0.102692,0.048971
AACTGAGTTATACTGA-1,0.000013,0.020605,0.03302,0.865707,0.00025,0.080406
AACTGATATTAGGCCT-1,0.000008,0.058758,0.003975,0.903943,0.010654,0.022662
AACTGGGTCCCGACGT-1,0.000011,0.020627,0.01777,0.951614,0.000034,0.009944
AACTGGTGTGGGCCTT-1,0.036708,0.962292,0.00025,0.0005,0.000125,0.000125
AACTTCTGCGTCTATC-1,0.000025,0.058621,0.140207,0.764084,0.037039,0.000025
AACTTGCCCGTATGCA-1,0.000017,0.076367,0.511556,0.412026,0.000017,0.000017
AACTTGCGTTCTCGCG-1,0.000027,0.465037,0.013825,0.480429,0.040654,0.000027
AACTTTACGGGAGCTT-1,0.000039,0.064643,0.574538,0.020924,0.177079,0.162776
AACTTTAGCTGCTGAG-1,0.136772,0.209908,0.105829,0.547404,0.000044,0.000044
AAGAAGGATCAGTTAG-1,0.001096,0.344291,0.057448,0.577765,0.01938,0.00002
AAGACCAAATAACTCA-1,0.232465,0.004553,0.171582,0.0001,0.578776,0.012523
AAGACCCAACTGAACA-1,0.759786,0.000745,0.098464,0.024736,0.027517,0.088752
AAGACTAACCCGTTGT-1,0.051206,0.340613,0.0134,0.594706,0.000038,0.000038
AAGACTGCAAGCTACT-1,0.000756,0.160867,0.190656,0.64716,0.000016,0.000545
AAGAGATGAATCGGTA-1,0.010488,0.001607,0.256772,0.715078,0.001388,0.014667
AAGAGCTCTTTATCGG-1,0.000026,0.341584,0.366085,0.274758,0.01752,0.000026
AAGAGGATGTACGCGA-1,0.282238,0.487419,0.177014,0.002554,0.000035,0.05074
AAGAGGCATGGATCGC-1,0.000013,0.070864,0.37347,0.536626,0.010487,0.008541
AAGAGGCCCTTTGGAA-1,0.00118,0.190473,0.008505,0.242037,0.525828,0.031976
AAGATGGCACCGGACC-1,0.826988,0.000013,0.054487,0.05886,0.021604,0.038048
AAGATTGGCGGAACGT-1,0.000022,0.257843,0.022503,0.719587,0.000022,0.000022
AAGCACCCTGCGTATC-1,0.28973,0.066376,0.188035,0.196058,0.003593,0.256208
AAGCATACTCTCCTGA-1,0.162364,0.020502,0.380576,0.208755,0.085102,0.1427
AAGCCACTTGCAGGTA-1,0.231725,0.112963,0.236517,0.411313,0.001066,0.006416
AAGCCGAAGCGGTTTA-1,0.000016,0.240328,0.045048,0.402687,0.018316,0.293605
AAGCCGCCGTGAAATC-1,0.269908,0.000024,0.186893,0.066445,0.365014,0.111715
AAGCCGGAGAGCAGGA-1,0.00001,0.010747,0.071222,0.729025,0.001944,0.187051
AAGCGCAGGGCTTTGA-1,0.202421,0.240982,0.041796,0.044775,0.021667,0.448358
AAGCGTCCCTCATCGA-1,0.978023,0.02067,0.000047,0.000095,0.001142,0.000024
AAGCTAGATCGAGTAA-1,0.044005,0.356619,0.185304,0.197083,0.187851,0.029138
AAGCTCGTGCCAAGTC-1,0.00757,0.308389,0.115906,0.533095,0.031357,0.003684
AAGCTCTTTCATGGTG-1,0.000277,0.003988,0.084248,0.350316,0.006084,0.555087
AAGGAGCGGTTGGTGC-1,0.000024,0.366843,0.295336,0.33775,0.000024,0.000024
AAGGATCGATCGCTTG-1,0.000014,0.25291,0.005687,0.53089,0.000014,0.210485
AAGGATGAGGGACCTC-1,0.000014,0.354219,0.014286,0.579543,0.020449,0.031489
AAGGCAGGCTGTCTCC-1,0.00001,0.107363,0.005744,0.677309,0.041556,0.168017
AAGGCGCGTAAAGCTT-1,0.000008,0.000058,0.066477,0.894538,0.009452,0.029467
AAGGCTGTGCTCATCG-1,0.000018,0.247427,0.154087,0.576258,0.022192,0.000018
AAGGGAACGACTGGCT-1,0.601733,0.034888,0.037854,0.000117,0.325378,0.000029
AAGGGACAGATTCTGT-1,0.016995,0.341457,0.051541,0.585279,0.000017,0.004711
AAGGGACTATGCATTC-1,0.99974,0.000029,0.000058,0.000116,0.000029,0.000029
AAGGGTTTGATTTCAG-1,0.168518,0.064888,0.041188,0.000124,0.678281,0.047
AAGGTATCCTAATATA-1,0.000008,0.032886,0.00599,0.939648,0.000008,0.02146
AAGGTGATAAACCAGC-1,0.000008,0.059199,0.094144,0.831964,0.000838,0.013848
AAGTAGAAGACCGGGT-1,0.009459,0.324848,0.06933,0.588074,0.008271,0.000018
AAGTAGTGACGCGAGG-1,0.000016,0.152545,0.483763,0.361628,0.002032,0.000016
AAGTCAATTGTCGTCA-1,0.036135,0.221979,0.030242,0.571395,0.02987,0.110379
AAGTCTTCTGTGGCCT-1,0.044244,0.000762,0.112173,0.100115,0.480903,0.261803
AAGTGACGACCGAATT-1,0.318651,0.000737,0.174452,0.214439,0.192522,0.099198
AAGTGAGTCGGGTTTA-1,0.67807,0.003958,0.118428,0.129381,0.0646,0.005563
AAGTGCAAAGGTAGAC-1,0.031361,0.44453,0.485203,0.000671,0.031468,0.006766
AAGTGCCTTGACTGTA-1,0.000016,0.596311,0.005224,0.269236,0.03729,0.091923
AAGTGCGTTAGAATCT-1,0.931861,0.067935,0.000051,0.000102,0.000026,0.000026
AAGTGCTTCTCTATTG-1,0.448165,0.060143,0.000051,0.000102,0.485067,0.006472
AAGTGTTTGGAGACGG-1,0.006324,0.010442,0.231054,0.421653,0.019044,0.311483
AAGTTCACTCCAAGCT-1,0.021218,0.026913,0.097018,0.350541,0.056684,0.447625
AAGTTCGGCCAACAGG-1,0.700058,0.167047,0.048092,0.014344,0.004294,0.066165
AAGTTGTGATGTTATA-1,0.000004,0.000004,0.003495,0.854009,0.000004,0.142484
AAGTTTATGGGCCCAA-1,0.210869,0.067969,0.252009,0.24137,0.215281,0.012502
AATAACAACGCTCGGC-1,0.015976,0.028676,0.646665,0.293665,0.01218,0.002839
AATAACACTAGAACAA-1,0.944577,0.026964,0.000045,0.02837,0.000022,0.000022
AATAATCTTCGTATCG-1,0.000013,0.025816,0.021606,0.703448,0.016599,0.232518
AATACAATGTTTCAGG-1,0.032285,0.013799,0.453373,0.409225,0.065882,0.025437
AATACCGGAGGGCTGT-1,0.745479,0.251439,0.000069,0.000137,0.002842,0.000034
AATAGAACAGAGTGGC-1,0.899428,0.054882,0.000049,0.000098,0.045518,0.000024
AATAGAATCTGTTTCA-1,0.01699,0.105288,0.151406,0.450324,0.106105,0.169887
AATAGTCCGTCCCGAC-1,0.759342,0.100618,0.017855,0.000104,0.070274,0.051806
AATAGTCGCGAGTCGG-1,0.000019,0.000019,0.234555,0.609755,0.071029,0.084623
AATATCAAGGTCGGAT-1,0.042108,0.488863,0.008628,0.460347,0.000027,0.000027
AATATCCTAGCAAACT-1,0.768609,0.009924,0.000816,0.068111,0.152485,0.000057
AATATCGAATCAATGC-1,0.006028,0.130076,0.01522,0.651991,0.000015,0.196669
AATATCGAGGGTTCTC-1,0.000009,0.009381,0.004787,0.601855,0.000009,0.383959
AATATTGGAGTATTGA-1,0.273232,0.301069,0.300085,0.104314,0.000025,0.021275
AATCAGACTGCAGGAC-1,0.082557,0.56485,0.057918,0.27369,0.020849,0.000136
AATCAGGTTTCATTTA-1,0.235915,0.072662,0.140455,0.244786,0.030072,0.27611
AATCATGTAAAGACTC-1,0.000008,0.068107,0.055025,0.528763,0.04485,0.303247
AATCCAAGGGCCTGAG-1,0.000012,0.056047,0.001729,0.856792,0.063178,0.022243
AATCCATGCAAGGGTG-1,0.000015,0.065597,0.06066,0.865592,0.000015,0.008122
AATCGCCTCAGCGCCA-1,0.000347,0.208197,0.395488,0.325801,0.000019,0.070148
AATCGCGCAGAGGACT-1,0.000018,0.44992,0.000037,0.337602,0.001537,0.210886
AATCGGGACACTACGA-1,0.093318,0.483787,0.010929,0.411858,0.000054,0.000054
AATCGTGAGCCGAGCA-1,0.032569,0.156257,0.190266,0.19984,0.263903,0.157165
AATCTAGGTTTACTTG-1,0.851899,0.09804,0.020166,0.000197,0.000049,0.02965
AATCTATGCCGGAGCC-1,0.019417,0.807493,0.000046,0.035929,0.131451,0.005664
AATCTCTACTGTGGTT-1,0.075012,0.000031,0.28766,0.019453,0.310876,0.306968
AATCTGCGTTGGGACG-1,0.000014,0.177484,0.020163,0.63218,0.118458,0.051701
AATCTGGCTTTCTAGT-1,0.931091,0.000025,0.041045,0.000099,0.025356,0.002385
AATGACAGCAATGTCT-1,0.484802,0.000017,0.213862,0.106967,0.026192,0.16816
AATGACGTAGGATGTC-1,0.007694,0.191747,0.445423,0.298042,0.008762,0.048332
AATGACTGTCAGCCGG-1,0.001962,0.365362,0.145186,0.487168,0.000014,0.000307
AATGAGTTCGCATATG-1,0.00002,0.021576,0.090428,0.887937,0.00002,0.00002
AATGATGATACGCTAT-1,0.000008,0.001878,0.00608,0.935335,0.000478,0.056221
AATGATGCGACTCCTG-1,0.00001,0.021248,0.009268,0.784997,0.014126,0.170352
AATGCAACCGGGTACC-1,0.000195,0.13492,0.114127,0.68165,0.06154,0.007568
AATGCACCAAGCAATG-1,0.000071,0.947231,0.000141,0.000283,0.052204,0.000071
AATGGTCCACCGTTCA-1,0.13405,0.229899,0.230487,0.155987,0.089687,0.159891
AATGGTTCTCACAAGC-1,0.000017,0.215748,0.081838,0.698132,0.000017,0.004249
AATGTATGGCACTGTA-1,0.024369,0.000018,0.399413,0.135691,0.144556,0.295952
AATGTGCCCGAGGTGT-1,0.999812,0.000021,0.000042,0.000083,0.000021,0.000021
AATGTGCTAATCTGAG-1,0.768326,0.231417,0.000064,0.000129,0.000032,0.000032
AATGTTGTCGTGAGAC-1,0.006383,0.26238,0.101112,0.628161,0.001955,0.000009
AATTAAAGGTCGGCGT-1,0.102426,0.369726,0.260885,0.047956,0.217552,0.001456
AATTAACGGATTTCCA-1,0.076726,0.000013,0.165965,0.249331,0.209618,0.298346
AATTACGAGACCCATC-1,0.342859,0.00003,0.034188,0.000121,0.569223,0.053579
AATTACTCGTACGCTC-1,0.000033,0.164162,0.204304,0.583461,0.048008,0.000033
AATTAGCGCTGCAGCG-1,0.121875,0.093616,0.187038,0.265102,0.133925,0.198444
AATTCATAAGGGATCT-1,0.00001,0.000014,0.007023,0.944713,0.00001,0.04823
AATTCATTGTCATGCA-1,0.235202,0.0649,0.000094,0.000188,0.699569,0.000047
AATTCCAAGCATGTAC-1,0.489261,0.000017,0.209408,0.02437,0.147625,0.129319
AATTCGATTCGAGGAT-1,0.283144,0.177382,0.03348,0.048483,0.399639,0.057872
AATTCTAGAGTTAGGC-1,0.190063,0.305979,0.324529,0.087112,0.001296,0.091021
AATTGAACGCTCTGGT-1,0.012476,0.616863,0.180707,0.015854,0.006761,0.167338
AATTGCAGCAATCGAC-1,0.000011,0.203952,0.145315,0.181488,0.028552,0.440682
AATTGCGTGGATTACA-1,0.169248,0.000027,0.366498,0.031637,0.358875,0.073716
AATTGTGGTTGCCAAA-1,0.000011,0.2105,0.246556,0.439498,0.000733,0.102702
AATTTGGTTCCAAAGA-1,0.000072,0.999356,0.000143,0.000286,0.000072,0.000072
ACAAACCATGCGTCCT-1,0.096211,0.000025,0.069733,0.0001,0.803243,0.030689
ACAAAGAAGGTAGGCC-1,0.943308,0.044899,0.000134,0.000268,0.011324,0.000067
ACAAAGCATGACCTAG-1,0.00001,0.002909,0.05798,0.273636,0.544068,0.121397
ACAAATCGCACCGAAT-1,0.001578,0.024471,0.188261,0.583265,0.017251,0.185174
ACAAATGGTAGTGTTT-1,0.032186,0.091732,0.17041,0.539091,0.087275,0.079306
ACAACAGCATGAGCTA-1,0.000012,0.09356,0.172833,0.733571,0.000012,0.000012
ACAACGGTCCCTGCGA-1,0.000824,0.484807,0.192444,0.321889,0.000018,0.000018
ACAAGCAGTGCCTAGC-1,0.000016,0.195774,0.430156,0.373632,0.000016,0.000407
ACAAGCTATATGGAAG-1,0.007202,0.017681,0.34726,0.070082,0.411684,0.14609
ACAAGGAAATCCGCCC-1,0.033529,0.081196,0.35681,0.396576,0.025828,0.106061
ACAAGGACAAGAGGTT-1,0.040691,0.135274,0.39718,0.39461,0.015492,0.016754
ACAAGGATGCTTTAGG-1,0.00752,0.120198,0.237457,0.122467,0.226796,0.285562
ACAAGGGCAGGCTCTG-1,0.000009,0.010553,0.355476,0.521424,0.000009,0.112529
ACAATAGTCGTACGTT-1,0.523282,0.268606,0.065359,0.019741,0.002566,0.120445
ACAATCCATTTAAACC-1,0.0422,0.112576,0.40292,0.299138,0.097223,0.045943
ACAATGAATACGGAGA-1,0.972695,0.000018,0.008534,0.000074,0.001431,0.017248
ACAATTGTGTCTCTTT-1,0.000009,0.090245,0.124893,0.57164,0.052077,0.161136
ACAATTTAGGAGGCTC-1,0.019207,0.03884,0.711419,0.122453,0.000914,0.107168
ACAATTTGAGCAGTGG-1,0.000009,0.160621,0.012092,0.791039,0.013624,0.022615
ACAATTTGGCCATATT-1,0.002327,0.012462,0.019536,0.827854,0.010877,0.126944
ACACAAAGACGGGTGG-1,0.005018,0.268456,0.255992,0.470003,0.000018,0.000514
ACACACCAGGACCAGT-1,0.035173,0.219156,0.106298,0.40687,0.045439,0.187064
ACACACTTTCTACACG-1,0.000013,0.006656,0.019102,0.973462,0.000013,0.000754
ACACATGATCAAATCT-1,0.357629,0.000021,0.110417,0.141822,0.385504,0.004608
ACACATTGACGCAACA-1,0.00003,0.139919,0.149857,0.710135,0.00003,0.00003
ACACCACATAATTAGC-1,0.139772,0.858948,0.000095,0.001091,0.000047,0.000047
ACACCCAGCATGCAGC-1,0.002251,0.292602,0.060702,0.560928,0.082274,0.001244
ACACCCGAGAAATCCG-1,0.063391,0.119075,0.012825,0.804149,0.000012,0.000549
ACACCGAGCGCTCTTT-1,0.000026,0.047096,0.467983,0.41587,0.000026,0.068998
ACACCGGTCTGACCGC-1,0.134495,0.002636,0.13554,0.000111,0.636431,0.090787
ACACCTTAAGTAGGGC-1,0.001702,0.0783,0.143078,0.765885,0.002386,0.008649
ACACCTTACTACTTGC-1,0.000006,0.006313,0.000012,0.613504,0.000386,0.379779
ACACGAGACTCCTTCT-1,0.004651,0.03391,0.497162,0.313029,0.150544,0.000704
ACACGGGAACTTAGGG-1,0.000014,0.190671,0.039207,0.768896,0.001058,0.000155
ACACGTAGGCCACAAG-1,0.005152,0.08631,0.07122,0.521563,0.01414,0.301615
ACACTCCAATGTCACT-1,0.000014,0.052627,0.043308,0.897173,0.000014,0.006866
ACACTGATCAAGGTGT-1,0.896238,0.068163,0.016226,0.001039,0.01527,0.003064
ACACTGGGACAGTCGT-1,0.000011,0.015239,0.251389,0.497327,0.000012,0.236023
ACAGAACTGAGAACAA-1,0.765317,0.000025,0.00005,0.0001,0.234483,0.000025
ACAGATTAGGTTAGTG-1,0.110549,0.307154,0.059131,0.523051,0.000057,0.000057
ACAGCATAGAGCCAGT-1,0.000053,0.987822,0.000106,0.011914,0.000053,0.000053
ACAGCGACATTCTCAT-1,0.013114,0.096732,0.143381,0.505586,0.13732,0.103868
ACAGGCACGGATCCTT-1,0.013188,0.306318,0.302775,0.281418,0.08186,0.014441
ACAGGCTTGCCCGACT-1,0.005671,0.316783,0.221974,0.132909,0.019342,0.303322
ACAGGTGGAGGTGAGG-1,0.597466,0.000817,0.283934,0.09009,0.000768,0.026925
ACAGGTGTGTTGTTGC-1,0.063947,0.211679,0.000105,0.00021,0.724006,0.000053
ACAGTAATACAACTTG-1,0.782795,0.005571,0.060079,0.099363,0.04674,0.005452
ACATAAGTCGTGGTGA-1,0.536126,0.000023,0.077395,0.008387,0.375465,0.002604
ACATAATAAGGCGGTG-1,0.040272,0.190688,0.114397,0.654597,0.000023,0.000023
ACATCAGCTGGGACGC-1,0.037698,0.000017,0.258408,0.250472,0.304054,0.149351
ACATCCCGGCCATACG-1,0.82424,0.141732,0.006292,0.013539,0.000017,0.014181
ACATCCTGGTAACTGT-1,0.000013,0.254188,0.000505,0.512266,0.065876,0.167152
ACATCGATCGTTTACC-1,0.023554,0.016781,0.433648,0.456847,0.018043,0.051128
ACATCGGTCAGCCGCG-1,0.416272,0.569809,0.000067,0.001757,0.012062,0.000034
ACATCGTATGCAATGG-1,0.000009,0.120674,0.280299,0.361456,0.000009,0.237554
ACATGGCGCCAAAGTA-1,0.000014,0.226301,0.055571,0.500347,0.000014,0.217754
ACATGGCTCAATTTAG-1,0.000027,0.323338,0.012064,0.664517,0.000027,0.000027
ACATTAGTTTATATCC-1,0.280448,0.15104,0.16501,0.114659,0.015091,0.273751
ACATTCGCGCGGAATA-1,0.003193,0.007356,0.391056,0.230302,0.232467,0.135626
ACCAACCGCACTCCAC-1,0.033728,0.473795,0.032619,0.030603,0.225252,0.204003
ACCAACGCTTATTTAT-1,0.834674,0.000039,0.009456,0.021887,0.07272,0.061225
ACCAAGAACGCGTGTC-1,0.000017,0.173209,0.026965,0.777571,0.000123,0.022116
ACCAATATGCAAGTTA-1,0.020032,0.537241,0.249853,0.018523,0.133073,0.041279
ACCACAAGTTTCTATC-1,0.026141,0.099013,0.411495,0.420228,0.024998,0.018125
ACCACCAATGTAACAA-1,0.000008,0.003475,0.002041,0.640556,0.000008,0.353912
ACCACGTGCAGCTATA-1,0.002587,0.003537,0.200868,0.642253,0.026922,0.123834
ACCACTGTTCAAGAAG-1,0.000023,0.01281,0.227895,0.756691,0.000023,0.002557
ACCAGACCATAACAAC-1,0.047192,0.000029,0.222696,0.111454,0.596313,0.022316
ACCAGTGCGGGAGACG-1,0.026071,0.227854,0.245436,0.472576,0.008016,0.020046
ACCATATCCGCAATAA-1,0.01604,0.365764,0.45363,0.123511,0.035514,0.005541
ACCATCCGCCAACTAG-1,0.877485,0.033617,0.011481,0.022694,0.045933,0.008788
ACCATCGTATATGGTA-1,0.618063,0.163542,0.122982,0.085192,0.010196,0.000025
ACCATTAAGGGTGTCA-1,0.00004,0.447797,0.206764,0.345319,0.00004,0.00004
ACCCAACGCCCGTGGC-1,0.000011,0.432427,0.077154,0.391031,0.008396,0.090981
ACCCACCTACATGCTC-1,0.052476,0.5939,0.133934,0.049164,0.169352,0.001175
ACCCATCTTGAGGGTA-1,0.066767,0.220528,0.400872,0.266024,0.003168,0.042641
ACCCATTTGTCCCTCT-1,0.002768,0.039994,0.221942,0.162557,0.01076,0.561979
ACCCGAGCGAAATTAC-1,0.630528,0.054307,0.000094,0.000187,0.314838,0.000047
ACCCGATTGGTTCCGA-1,0.646269,0.026719,0.05045,0.064858,0.153976,0.057727
ACCCGGAAACTCCCAG-1,0.211165,0.255932,0.006684,0.122937,0.310378,0.092904
ACCCGGAGCACCACAA-1,0.000074,0.089413,0.040593,0.594048,0.121272,0.154601
ACCCGGATGACGCATC-1,0.000007,0.020769,0.010384,0.925415,0.000007,0.043419
ACCCGGTTACACTTCC-1,0.096575,0.007627,0.198221,0.416675,0.130232,0.150669
ACCCGTGTCATCAGTA-1,0.648873,0.030115,0.099641,0.041021,0.07909,0.101259
ACCCTATAGGACTGAG-1,0.000026,0.364632,0.127852,0.507439,0.000026,0.000026
ACCCTATGCCATATCG-1,0.750041,0.000027,0.142158,0.029729,0.005019,0.073027
ACCCTCCCGTCAGGGC-1,0.005766,0.023403,0.127096,0.567973,0.174389,0.101374
ACCCTCCCTTGCTATT-1,0.009494,0.44355,0.10796,0.086598,0.056821,0.295577
ACCCTTCATCTGCGAA-1,0.000019,0.356751,0.008739,0.630196,0.000019,0.004275
ACCGAAAGGGCCCTGC-1,0.016633,0.847257,0.00006,0.085209,0.05081,0.00003
ACCGAAGAGTCTGGTT-1,0.972969,0.000029,0.000059,0.000117,0.026797,0.000029
ACCGACACATCTCCCA-1,0.118637,0.000008,0.102564,0.372988,0.305135,0.100668
ACCGACTGAGTCCCAC-1,0.009294,0.392129,0.087798,0.508793,0.001964,0.000022
ACCGAGTCTCCTTATT-1,0.033695,0.175175,0.248136,0.341438,0.127096,0.07446
ACCGATAGGCATAACC-1,0.000008,0.001483,0.10466,0.422887,0.078004,0.392958
ACCGATATTTAATCAT-1,0.00001,0.000997,0.019465,0.51611,0.00061,0.462807
ACCGATGGTAGCATCG-1,0.004903,0.271671,0.049547,0.536425,0.111809,0.025645
ACCGCAATAACTGCCT-1,0.001049,0.022414,0.239254,0.499523,0.060322,0.177438
ACCGCGGTGGAAGTCG-1,0.000848,0.007999,0.014615,0.777253,0.003775,0.195509
ACCGCTAGTCATTGGT-1,0.222762,0.163091,0.248618,0.356582,0.001165,0.007781
ACCGGGCCTTTGTTGA-1,0.000567,0.616359,0.049307,0.152822,0.076932,0.104013
ACCGGTCAGGTACACC-1,0.694952,0.047729,0.000039,0.000078,0.257183,0.00002
ACCGTCCACTGGGCCC-1,0.002111,0.000021,0.48996,0.061295,0.380818,0.065795
ACCGTGACCACGTGGG-1,0.874817,0.000022,0.000082,0.003849,0.121209,0.000022
ACCTAAGTACCTTTCA-1,0.928057,0.067124,0.00006,0.004699,0.00003,0.00003
ACCTAATCGACTTCCT-1,0.000123,0.000044,0.227625,0.642715,0.054401,0.075092
ACCTACAGTATGTGGT-1,0.000016,0.168148,0.002155,0.616803,0.000016,0.212861
ACCTACTATAAATCTA-1,0.787506,0.167307,0.002178,0.010109,0.032879,0.00002
ACCTCCGCCCTCGCTG-1,0.0001,0.032532,0.034949,0.510817,0.030558,0.391043
ACCTCCGTTATTCACC-1,0.022664,0.67618,0.000049,0.126032,0.175051,0.000025
ACCTCGAACTTATGCT-1,0.214857,0.000016,0.144553,0.010626,0.385281,0.244667
ACCTGCGTGTCATGTT-1,0.848306,0.111114,0.000051,0.000102,0.040403,0.000025
ACGAAATGGGCGGCAC-1,0.001401,0.070519,0.464123,0.406566,0.000014,0.057376
ACGACCCATGAGTTGC-1,0.002526,0.01847,0.040293,0.750662,0.119797,0.068253
ACGACTGGTCATACTC-1,0.692908,0.045784,0.00193,0.000144,0.202723,0.056511
ACGAGAACCCATCACG-1,0.001752,0.604545,0.00026,0.390761,0.002664,0.000017
ACGAGGATACCACTCT-1,0.823383,0.031556,0.00006,0.004281,0.111506,0.029214
ACGAGGTTTACAACGT-1,0.708752,0.001175,0.000043,0.000086,0.289923,0.000021
ACGAGTACGGATGCCC-1,0.000018,0.28072,0.0041,0.666011,0.001102,0.048049
ACGAGTCGCCGGCGTT-1,0.015917,0.297147,0.044669,0.642119,0.000074,0.000074
ACGATACATAGAACTA-1,0.022552,0.023932,0.018954,0.929618,0.000013,0.004932
ACGATACCTATCCTGA-1,0.009794,0.008803,0.296815,0.046372,0.636531,0.001685
ACGATCATACATAGAG-1,0.000013,0.055748,0.010468,0.933745,0.000013,0.000013
ACGATCATCTTGTAAA-1,0.000016,0.237543,0.001755,0.567906,0.001897,0.190884
ACGATGCATATGTTAT-1,0.077611,0.006993,0.534314,0.358334,0.003213,0.019535
ACGATGGATCCGATGC-1,0.062229,0.284069,0.046396,0.607207,0.00005,0.00005
ACGCAAACTAATAGAT-1,0.996678,0.000018,0.000036,0.000073,0.003177,0.000018
ACGCAATCACTACAGC-1,0.000045,0.990633,0.000091,0.00914,0.000045,0.000045
ACGCATACGTTTACTA-1,0.001325,0.209752,0.079457,0.278449,0.03664,0.394377
ACGCATTCGTGAGTAC-1,0.000043,0.165532,0.52224,0.312099,0.000043,0.000043
ACGCCAGATGATTTCT-1,0.00001,0.066339,0.012993,0.916827,0.002079,0.001752
ACGCCGCTAGACGACC-1,0.020131,0.00057,0.278603,0.643556,0.006051,0.05109
ACGCGAAGTCAGACGA-1,0.194015,0.0001,0.194815,0.251207,0.136084,0.223779
ACGCGCTACACAGGGT-1,0.336534,0.413435,0.124573,0.048737,0.000033,0.076688
ACGCGGGCCAAGGACA-1,0.006493,0.016261,0.073702,0.795134,0.104161,0.004249
ACGCGTTTCTTAAGAG-1,0.083394,0.35514,0.561112,0.000236,0.000059,0.000059
ACGCTAGTGATACACT-1,0.000018,0.377928,0.000323,0.465783,0.052349,0.103599
ACGCTGTGAGGCGTAG-1,0.164126,0.156103,0.159176,0.197408,0.248231,0.074956
ACGGAATTTAGCAAAT-1,0.000021,0.241648,0.113212,0.645077,0.000021,0.000021
ACGGACGCAGCGACAA-1,0.137432,0.110322,0.335215,0.403541,0.006936,0.006554
ACGGACTCTCAAAGCG-1,0.13296,0.279072,0.055569,0.000161,0.376846,0.155391
ACGGATGGTGCGGATA-1,0.027065,0.164512,0.548013,0.19926,0.000018,0.061132
ACGGCACTTGCTTGGG-1,0.467291,0.147734,0.082327,0.002095,0.014066,0.286488
ACGGCCAACATGGACT-1,0.70701,0.22618,0.000862,0.008284,0.052738,0.004926
ACGGCGACGATGGGAA-1,0.036024,0.352804,0.445487,0.157457,0.000014,0.008214
ACGGCGGGTTGCCCTG-1,0.00711,0.840127,0.000182,0.152399,0.000091,0.000091
ACGGCTGGATGTAGAA-1,0.24303,0.000023,0.000045,0.000091,0.756788,0.000023
ACGGGAGTGTCGGCCC-1,0.960847,0.031619,0.000037,0.007243,0.000234,0.000019
ACGGGCGTATGCGACA-1,0.114257,0.547098,0.000249,0.338148,0.000124,0.000124
ACGGGTCATGTGACTT-1,0.020753,0.217777,0.213817,0.545638,0.000023,0.001992
ACGGTCACCGAGAACA-1,0.122721,0.152232,0.31766,0.079371,0.246824,0.081191
ACGTACAGATTTCTCT-1,0.000108,0.990208,0.009038,0.000431,0.000108,0.000108
ACGTACTTTGGCACGG-1,0.180607,0.259181,0.006076,0.003918,0.50626,0.043958
ACGTAGATTGCTGATG-1,0.048379,0.086253,0.411172,0.439259,0.014919,0.000018
ACGTAGGAGAGTCGCT-1,0.372909,0.446504,0.115268,0.000103,0.063918,0.001298
ACGTATTACTCCGATC-1,0.000077,0.140536,0.01315,0.649931,0.10419,0.092116
ACGTCGGGCAACTCGG-1,0.003075,0.112473,0.557278,0.059408,0.222757,0.04501
ACGTCTCGTTCCGGGA-1,0.91743,0.027469,0.000071,0.000142,0.054852,0.000036
ACGTGACAAAGTAAGT-1,0.696838,0.001785,0.11589,0.09209,0.093089,0.000309
ACGTGCGCCTCGTGCA-1,0.033528,0.14243,0.026255,0.772003,0.025761,0.000023
ACGTTAATGTCGAAGA-1,0.000028,0.376884,0.491628,0.131404,0.000028,0.000028
ACGTTAGATTTGCCCG-1,0.246064,0.048236,0.413918,0.141848,0.139363,0.010571
ACGTTATTGGTCACTC-1,0.045577,0.233799,0.129214,0.576561,0.000022,0.014826
ACGTTCACTATGCCGC-1,0.320534,0.104114,0.222979,0.344981,0.002304,0.005087
ACGTTCCGCGCTCCGT-1,0.000122,0.926083,0.031319,0.019909,0.022445,0.000122
ACGTTCGCAATCAATT-1,0.000022,0.194162,0.022722,0.644286,0.003032,0.135776
ACGTTCGTTCAGGAAA-1,0.88099,0.115863,0.000047,0.003052,0.000024,0.000024
ACGTTCTGTACAAGTC-1,0.000009,0.046072,0.195866,0.25836,0.00237,0.497323
ACGTTTAGTTGTGATC-1,0.000014,0.042247,0.00547,0.95224,0.000014,0.000014
ACTACAAAGAGAGGTG-1,0.900992,0.09874,0.000133,0.00009,0.000023,0.000023
ACTACATCCCGACAAG-1,0.258787,0.000028,0.033531,0.000113,0.707512,0.000028
ACTACCAGCTCTCTGG-1,0.033152,0.003712,0.193031,0.736618,0.019657,0.013829
ACTACCATCCGAGGGC-1,0.162957,0.114272,0.291355,0.418741,0.004665,0.00801
ACTACGCGTTAGAATT-1,0.66826,0.011032,0.053439,0.093766,0.040909,0.132595
ACTAGTTGCGATCGTC-1,0.000013,0.286502,0.033834,0.523659,0.009736,0.146255
ACTATCCAGGGCATGG-1,0.027784,0.159295,0.00047,0.548401,0.008625,0.255425
ACTATCGCCGGCTAAA-1,0.009144,0.008719,0.41404,0.540541,0.00002,0.027535
ACTATCTGCCCGCGTA-1,0.000063,0.34397,0.000018,0.406548,0.09703,0.152371
ACTATGTCCAGCTGCC-1,0.467764,0.000022,0.191576,0.013656,0.12488,0.202101
ACTATTCGTCCGTGGT-1,0.080701,0.918978,0.00008,0.00016,0.00004,0.00004
ACTATTTCCGGGCCCA-1,0.804859,0.000021,0.059553,0.093672,0.041627,0.000266
ACTCAACGAATGTATT-1,0.017783,0.981955,0.000066,0.000131,0.000033,0.000033
ACTCAAGTGCAAGGCT-1,0.000013,0.083485,0.386759,0.254265,0.003358,0.27212
ACTCAATAAAGGCACG-1,0.017801,0.041912,0.019652,0.899963,0.020661,0.00001
ACTCAGACCTGCTTCT-1,0.00002,0.470396,0.000039,0.50264,0.026885,0.00002
ACTCATGGCAGCCTTC-1,0.000014,0.000014,0.169316,0.026694,0.788034,0.015929
ACTCCAATATCATCAT-1,0.72914,0.074787,0.001686,0.007106,0.154756,0.032525
ACTCCCATTCCTAAAG-1,0.653539,0.00003,0.19302,0.040154,0.039204,0.074052
ACTCCCGAATTCGTTT-1,0.000009,0.000018,0.000185,0.669634,0.050259,0.279896
ACTCCCTAATGCTAAA-1,0.083574,0.026432,0.388856,0.13799,0.086073,0.277076
ACTCCCTAGAATAGTA-1,0.061364,0.042265,0.429053,0.292968,0.064282,0.110068
ACTCCGGCCGACCACT-1,0.031443,0.190086,0.1264,0.334039,0.238963,0.079069
ACTCGATGTATTTCAT-1,0.000015,0.046863,0.203157,0.718269,0.004027,0.027669
ACTCGCCGTTCGATAA-1,0.05462,0.303632,0.044105,0.507186,0.090443,0.000013
ACTCGCGATCTGACGC-1,0.000066,0.98895,0.000133,0.010718,0.000066,0.000066
ACTCGTAACCCGTCCT-1,0.980051,0.01249,0.000046,0.000093,0.00106,0.006259
ACTCGTCAGTAATCCC-1,0.022209,0.000008,0.083181,0.734413,0.081955,0.078235
ACTCTAAACCTGGGAT-1,0.000024,0.035192,0.3768,0.233691,0.27813,0.076164
ACTCTCTGACTTAGGT-1,0.013695,0.246904,0.282685,0.287932,0.028442,0.140341
ACTCTGACCTAATAGA-1,0.002014,0.032041,0.180966,0.564096,0.166899,0.053983
ACTCTTCAGCTCCCGC-1,0.000067,0.461299,0.000133,0.538368,0.000067,0.000067
ACTCTTGTATAGTAAC-1,0.006153,0.168609,0.195803,0.628482,0.000018,0.000936
ACTGAAACGCCGTTAG-1,0.000008,0.01719,0.144407,0.575431,0.006545,0.25642
ACTGAATGGCGAAAGT-1,0.095479,0.369196,0.038565,0.130694,0.292112,0.073952
ACTGCCCGCCATTCTC-1,0.323048,0.000019,0.103359,0.010711,0.304983,0.25788
ACTGCCGTCGTAACTC-1,0.000015,0.023721,0.03908,0.937156,0.000015,0.000015
ACTGCGGACACACCGT-1,0.000035,0.695379,0.000069,0.304448,0.000035,0.000035
ACTGCTCGGAAGGATG-1,0.999605,0.000044,0.000088,0.000176,0.000044,0.000044
ACTGGGATGCCAGTGC-1,0.31319,0.14571,0.179994,0.361033,0.000012,0.000061
ACTGTACGATACACAT-1,0.000011,0.064238,0.095413,0.824401,0.000011,0.015926
ACTGTAGCACTTTGGA-1,0.000024,0.316256,0.316095,0.367579,0.000024,0.000024
ACTGTATACGCGAGCA-1,0.000012,0.009209,0.042169,0.948587,0.000012,0.000012
ACTGTCCAGGATTATA-1,0.000016,0.152515,0.253329,0.592093,0.000016,0.00203
ACTGTCTTCTTTAGAA-1,0.000016,0.07734,0.200182,0.717001,0.000016,0.005446
ACTGTGCTAGTAGATC-1,0.000029,0.143093,0.101772,0.755049,0.000029,0.000029
ACTTACGCATCCACGC-1,0.000009,0.000594,0.189011,0.600509,0.006111,0.203766
ACTTAGTACGACAAGA-1,0.000037,0.682601,0.001664,0.315624,0.000037,0.000037
ACTTATACTTACCCGG-1,0.005454,0.108217,0.10794,0.638803,0.070778,0.068809
ACTTATTAGGATCGGT-1,0.02713,0.593511,0.238982,0.128921,0.011416,0.000039
ACTTATTTATGTGCCA-1,0.004495,0.449046,0.081547,0.258328,0.076092,0.130493
ACTTCAGGCTGATCCC-1,0.028264,0.105771,0.303907,0.302414,0.040855,0.218789
ACTTCCAGTGGAAGCT-1,0.738352,0.000057,0.009916,0.000229,0.251389,0.000057
ACTTCCATGCGGGACA-1,0.016088,0.050832,0.237316,0.239153,0.003846,0.452765
ACTTCGCCATACGCAC-1,0.000011,0.168416,0.046397,0.781286,0.000011,0.003879
ACTTGACTCCCTCTTT-1,0.003189,0.028253,0.308517,0.504895,0.0093,0.145846
ACTTGCTCTATCTACC-1,0.015722,0.077854,0.339739,0.090168,0.217647,0.258869
ACTTGGGACCCGGTGG-1,0.091729,0.236216,0.422985,0.249037,0.000016,0.000016
ACTTGTAGTCCCTTCA-1,0.527519,0.025363,0.186572,0.000175,0.094338,0.166033
ACTTGTGGATGGAACG-1,0.000011,0.037779,0.019668,0.69417,0.001203,0.247168
ACTTTACCCTCATGAA-1,0.000015,0.046101,0.027959,0.657274,0.000015,0.268636
ACTTTCCTATAGCTTC-1,0.011286,0.079217,0.211827,0.691324,0.002907,0.003438
ACTTTGACTGCATCCT-1,0.233143,0.270884,0.000062,0.000124,0.463644,0.032143
ACTTTGGTCGTGCTCC-1,0.367642,0.000046,0.017483,0.000185,0.614597,0.000046
ACTTTGTCGACGCACT-1,0.000015,0.08511,0.206292,0.314457,0.030758,0.36337
AGAAATTATGACTCGC-1,0.000015,0.347953,0.047805,0.468317,0.000015,0.135895
AGAACCCAGCGTGACA-1,0.000012,0.207542,0.0221,0.620683,0.018037,0.131627
AGAACCCTCAATTGGG-1,0.508813,0.042647,0.000057,0.000113,0.448342,0.000028
AGAACGTGGTACATTC-1,0.000794,0.159645,0.143946,0.688188,0.000013,0.007413
AGAAGAGCGCCGTTCC-1,0.00016,0.180201,0.000535,0.674607,0.143678,0.000819
AGAAGGTACACTTCAC-1,0.382699,0.060644,0.179453,0.130179,0.164475,0.08255
AGAAGGTTGCCGAATT-1,0.228883,0.41345,0.102822,0.105986,0.000827,0.148032
AGAAGGTTGTAGGTCG-1,0.151331,0.341152,0.07151,0.012077,0.314039,0.10989
AGAAGTGATTCGTGAT-1,0.811018,0.010738,0.086595,0.091606,0.000021,0.000021
AGAATAAATCTTCAGG-1,0.151434,0.039726,0.562478,0.007394,0.06429,0.174678
AGAATTATGGATTCGA-1,0.000358,0.030911,0.000026,0.895463,0.000013,0.07323
AGAATTGTTTGACATA-1,0.033025,0.368949,0.153464,0.444493,0.000035,0.000035
AGACAGCTCAGAATCC-1,0.042255,0.052806,0.19833,0.501234,0.07442,0.130955
AGACAGGCATCTCAGC-1,0.025638,0.009218,0.009049,0.68079,0.000011,0.275293
AGACATAGATCCTTCC-1,0.050876,0.948438,0.000172,0.000343,0.000086,0.000086
AGACCAAACCACACCT-1,0.68852,0.007022,0.176548,0.050926,0.069443,0.00754
AGACCATGGGATACAA-1,0.000008,0.004817,0.099576,0.895583,0.000008,0.000008
AGACCCACCGCTGATC-1,0.034386,0.204935,0.47546,0.087517,0.000018,0.197683
AGACCCGCCCTCCTCG-1,0.018252,0.16554,0.279935,0.536234,0.000019,0.000019
AGACCGCTCCGCGGTT-1,0.00001,0.331093,0.000563,0.410273,0.041005,0.217056
AGACCGGGAAACCCTG-1,0.472174,0.334484,0.157369,0.000196,0.000049,0.035728
AGACGAAGTGCCGGTC-1,0.003276,0.301702,0.206636,0.404015,0.012636,0.071735
AGACGACGATGCCGCT-1,0.972667,0.027043,0.000039,0.000079,0.000153,0.00002
AGACGCCCACTTCGCC-1,0.000008,0.004748,0.012635,0.40309,0.231801,0.347718
AGACTAGCCTTCCAGA-1,0.00001,0.009398,0.227868,0.762695,0.00001,0.00002
AGACTGTTACCGGGTC-1,0.925976,0.00003,0.049161,0.000119,0.024297,0.000417
AGAGAAACACCAGAAA-1,0.638103,0.057943,0.053561,0.000294,0.249195,0.000904
AGAGAACCGTCTAGGA-1,0.000016,0.21496,0.016736,0.744475,0.000016,0.023797
AGAGAAGGAGTACAAT-1,0.846608,0.068368,0.008623,0.020752,0.055634,0.000015
AGAGATCTCTAAAGCG-1,0.311886,0.008398,0.230737,0.246251,0.043865,0.158864
AGAGCAGTTATGAGAC-1,0.029763,0.175137,0.48054,0.233527,0.005137,0.075895
AGAGCCGCCGAGATTT-1,0.000012,0.121659,0.175405,0.380745,0.050888,0.271291
AGAGCGGGCTAATCAT-1,0.000008,0.000008,0.000098,0.985376,0.000008,0.014503
AGAGCGTACAAGCTCG-1,0.006133,0.250294,0.218969,0.46752,0.056473,0.000611
AGAGCTACGAAAGCAT-1,0.000012,0.000012,0.000024,0.999145,0.000012,0.000795
AGAGGCTTCGGAAACC-1,0.000013,0.329766,0.085381,0.421941,0.043711,0.119187
AGAGTAAACTTCACTA-1,0.000013,0.232588,0.000025,0.540693,0.000013,0.226669
AGATAACTTCAGGGCC-1,0.000019,0.272439,0.425521,0.301983,0.000019,0.000019
AGATACCAATAGAACC-1,0.000007,0.217792,0.06022,0.511324,0.139983,0.070674
AGATACCGGTGTTCAC-1,0.326089,0.529277,0.133345,0.011235,0.000028,0.000028
AGATACGACTTCATAT-1,0.033693,0.000157,0.0083,0.957045,0.00001,0.000795
AGATACTCAAGATCGA-1,0.061204,0.003566,0.4246,0.434938,0.000598,0.075093
AGATATAATACGACTA-1,0.16662,0.004394,0.224131,0.084206,0.319249,0.2014
AGATCGTGCATAAGAT-1,0.000022,0.457163,0.001767,0.47748,0.000022,0.063546
AGATCTCAGGTGTGAT-1,0.000864,0.261699,0.011949,0.642975,0.079506,0.003008
AGATGACTCGCCCACG-1,0.000035,0.187471,0.038316,0.774108,0.000035,0.000035
AGATGATGGAGTCTGG-1,0.000013,0.055284,0.001563,0.684178,0.000013,0.258948
AGATGCAAGACGTGCA-1,0.937846,0.061941,0.000053,0.000106,0.000027,0.000027
AGATGCATCCTGTGTC-1,0.92175,0.077937,0.000078,0.000157,0.000039,0.000039
AGATGCTATAACGAGC-1,0.000028,0.07067,0.305492,0.603129,0.004485,0.016196
AGATTATAGGACGTTT-1,0.000425,0.07757,0.431034,0.490924,0.000023,0.000023
AGATTCACAACCGATA-1,0.974744,0.000025,0.000051,0.000102,0.025053,0.000025
AGCAAAGGCCGCTAGT-1,0.051366,0.09366,0.225589,0.100913,0.156127,0.372346
AGCAACATATCTTATT-1,0.060928,0.027393,0.016908,0.815376,0.000008,0.079387
AGCAACCGAAAGTAAT-1,0.929686,0.004354,0.007945,0.011643,0.04228,0.004092
AGCACACGTTTAGACT-1,0.26138,0.000019,0.098431,0.128478,0.335581,0.176112
AGCACCAGTACTCACG-1,0.000015,0.181313,0.096093,0.715082,0.000015,0.007481
AGCACTACCGGCCTGT-1,0.0837,0.015681,0.460467,0.270646,0.006771,0.162735
AGCACTACCTCACCAG-1,0.021908,0.001309,0.070742,0.494827,0.02673,0.384484
AGCACTTAAGGACGCC-1,0.004646,0.179156,0.539755,0.276411,0.000016,0.000016
AGCAGAAGGAGAAAGA-1,0.249217,0.005691,0.004258,0.024805,0.682455,0.033573
AGCAGCCAGATGAATA-1,0.700862,0.011432,0.11782,0.012892,0.008051,0.148943
AGCATATCAATATGCT-1,0.014103,0.613772,0.024599,0.244953,0.05934,0.043233
AGCATCATTTCGAAAG-1,0.987705,0.012033,0.000065,0.000131,0.000033,0.000033
AGCATCGTCGATAATT-1,0.000025,0.292348,0.074642,0.632935,0.000025,0.000025
AGCATTACGAGGCAAG-1,0.060952,0.338736,0.06497,0.33613,0.066463,0.13275
AGCCAAGCTTTGTGTC-1,0.615096,0.000631,0.01206,0.005381,0.281747,0.085085
AGCCACAGGTTACCCG-1,0.059318,0.000823,0.200771,0.176811,0.045976,0.516301
AGCCACTCCCGTGCTT-1,0.000021,0.402378,0.000956,0.568194,0.026705,0.001747
AGCCATATAGTATGTG-1,0.583153,0.217212,0.063638,0.104178,0.005688,0.026131
AGCCCATACATGTAAG-1,0.274697,0.00002,0.202776,0.267176,0.214645,0.040686
AGCCCGCAACAAGCAG-1,0.846932,0.000015,0.000491,0.000059,0.151531,0.000972
AGCCCGGCATTAGAGG-1,0.834381,0.037627,0.00007,0.00014,0.127747,0.000035
AGCCCGGTAGCCTGTA-1,0.898086,0.025894,0.062294,0.013678,0.000024,0.000024
AGCCCTAAGCGAAGTT-1,0.000006,0.000006,0.001378,0.998598,0.000006,0.000006
AGCCCTCCCTGGTGGC-1,0.353938,0.000016,0.000032,0.000064,0.642976,0.002974
AGCCCTGTCGCACCGT-1,0.000011,0.176993,0.023265,0.628579,0.032513,0.138639
AGCCCTTGGACATCCC-1,0.000009,0.142807,0.080555,0.444357,0.015405,0.316867
AGCCGCAAATTCAAAT-1,0.000024,0.000024,0.240867,0.089112,0.431408,0.238565
AGCCGCTTGATTAGCG-1,0.000035,0.335738,0.256332,0.404805,0.000035,0.003055
AGCCGTGGCTAAATGT-1,0.967077,0.032666,0.000064,0.000129,0.000032,0.000032
AGCCTAATACCCACGT-1,0.745794,0.006664,0.040221,0.121529,0.056344,0.029448
