Barcode,Topic 1,Topic 2,Topic 3,Topic 4to5,Topic 6to8,Topic 9to11
AAACAAGTATCTCCCA-1,0.000042,0.474486,0.062591,0.147339,0.055932,0.259611
AAACAATCTACTAGCA-1,0.000016,0.000016,0.101839,0.164514,0.426745,0.306871
AAACACCAATAACTGC-1,0.000023,0.000023,0.000023,0.328781,0.168776,0.502373
AAACAGAGCGACTCCT-1,0.001073,0.043825,0.023008,0.193699,0.531331,0.207065
AAACAGCTTTCAGAAG-1,0.000058,0.000058,0.151,0.848536,0.000174,0.000174
AAACAGGGTCTATATT-1,0.000016,0.000016,0.121083,0.020881,0.335159,0.522845
AAACAGTGTTCCTGGG-1,0.000019,0.022826,0.018052,0.645737,0.000056,0.31331
AAACATGGTGAGAGGA-1,0.000021,0.001389,0.708561,0.289116,0.000063,0.000849
AAACATTTCCCGGATT-1,0.000051,0.819599,0.119743,0.060302,0.000152,0.000152
AAACCACTACACAGAT-1,0.000036,0.000036,0.190114,0.332778,0.072787,0.404249
AAACCCGAACGAAATC-1,0.000018,0.00874,0.000018,0.215522,0.185532,0.59017
AAACCGGAAATGTTAA-1,0.000013,0.036098,0.008626,0.005396,0.385833,0.564036
AAACCGGGTAGGTACC-1,0.000016,0.000016,0.000016,0.159417,0.647179,0.193356
AAACCGTTCGTCCAGG-1,0.000421,0.000016,0.002906,0.058163,0.765193,0.173301
AAACCTAAGCAGCCGG-1,0.000026,0.793987,0.205781,0.000051,0.000077,0.000077
AAACCTCATGAAGTTG-1,0.00003,0.00003,0.156786,0.277343,0.273961,0.29185
AAACGAAGAACATACC-1,0.000024,0.000024,0.000024,0.218223,0.48336,0.298346
AAACGAAGATGGAGTA-1,0.000188,0.000188,0.250988,0.395455,0.125923,0.227257
AAACGACAGTCTTGCC-1,0.000038,0.000038,0.314044,0.68563,0.000115,0.000135
AAACGAGACGGTTGAT-1,0.004734,0.661069,0.000047,0.333867,0.000141,0.000141
AAACGCCCGAGATCGG-1,0.000025,0.000025,0.193944,0.286108,0.061253,0.458644
AAACGCTGGGCACGAC-1,0.000013,0.005564,0.037066,0.182611,0.108137,0.666609
AAACGGGCGTACGGGT-1,0.000039,0.957664,0.024401,0.017662,0.000117,0.000117
AAACGGTTGCGAACTG-1,0.000026,0.071799,0.006289,0.292053,0.200332,0.429501
AAACGTGTTCGCCCTA-1,0.00001,0.00001,0.000281,0.016649,0.692947,0.290103
AAACTAACGTGGCGAC-1,0.000073,0.017022,0.000073,0.705517,0.162731,0.114584
AAACTCGGTTCGCAAT-1,0.000068,0.424414,0.000068,0.336241,0.000205,0.239003
AAACTCGTGATATAAG-1,0.000031,0.025914,0.000031,0.16455,0.579561,0.229915
AAACTGCTGGCTCCAA-1,0.000033,0.721254,0.002729,0.270411,0.005473,0.0001
AAACTTAATTGCACGC-1,0.000036,0.026909,0.150034,0.494036,0.000287,0.328698
AAACTTGCAAACGTAT-1,0.000042,0.000042,0.451992,0.372251,0.137855,0.037819
AAAGAATGACCTTAGA-1,0.06036,0.000025,0.771798,0.167282,0.000075,0.000459
AAAGAATGTGGACTAA-1,0.000027,0.725871,0.036149,0.068592,0.006064,0.163297
AAAGACATGAAGTTTA-1,0.000024,0.000024,0.175313,0.393008,0.001486,0.430143
AAAGACCCAAGTCGCG-1,0.000035,0.000035,0.000035,0.536229,0.238841,0.224827
AAAGACTGGGCGCTTT-1,0.00004,0.00004,0.268799,0.672321,0.007523,0.051278
AAAGCTTGCCTACATA-1,0.000012,0.018195,0.000012,0.073045,0.336989,0.571746
AAAGGCCCTATAATAC-1,0.000007,0.000007,0.023578,0.000014,0.059034,0.91736
AAAGGCTACGGACCAT-1,0.000031,0.022248,0.000031,0.449243,0.341404,0.187044
AAAGGCTCTCGCGCCG-1,0.000019,0.024761,0.0067,0.070441,0.586373,0.311706
AAAGGGATGTAGCAAG-1,0.001511,0.115341,0.000038,0.54277,0.338749,0.001592
AAAGGGCAGCTTGAAT-1,0.000043,0.000043,0.027057,0.867029,0.014589,0.091238
AAAGGTAAGCTGTACC-1,0.000051,0.044352,0.209717,0.385072,0.275307,0.085501
AAAGGTCAACGACATG-1,0.000025,0.007137,0.278159,0.50677,0.000076,0.207833
AAAGTAGCATTGCTCA-1,0.000026,0.002508,0.12752,0.226628,0.212425,0.430894
AAAGTCACTGATGTAA-1,0.004268,0.010438,0.000037,0.38714,0.553842,0.044274
AAAGTCGACCCTCAGT-1,0.00002,0.00002,0.032377,0.039401,0.470986,0.457196
AAAGTGCCATCAATTA-1,0.000021,0.016072,0.000021,0.453276,0.106264,0.424346
AAAGTGTGATTTATCT-1,0.000066,0.751091,0.000066,0.240782,0.007799,0.000197
AAAGTTGACTCCCGTA-1,0.000032,0.663606,0.000032,0.243987,0.083533,0.008811
AAATAACCATACGGGA-1,0.000034,0.010004,0.000034,0.482344,0.45976,0.047824
AAATAAGGTAGTGCCC-1,0.00002,0.102857,0.069284,0.185295,0.247165,0.395379
AAATACCTATAAGCAT-1,0.000039,0.74526,0.000039,0.25443,0.000116,0.000116
AAATAGCTTAGACTTT-1,0.000056,0.20656,0.000056,0.515742,0.123686,0.153899
AAATAGGGTGCTATTG-1,0.000044,0.808692,0.000044,0.190959,0.000131,0.000131
AAATCCGATACACGCC-1,0.000027,0.99625,0.000027,0.000053,0.00008,0.003564
AAATCGCGGAAGGAGT-1,0.000063,0.043188,0.423272,0.115377,0.375207,0.042894
AAATCGTGTACCACAA-1,0.001274,0.000045,0.000045,0.247498,0.627148,0.12399
AAATCTAGCCCTGCTA-1,0.000033,0.779877,0.153104,0.050198,0.000098,0.016692
AAATCTGCCCGCGTCC-1,0.000083,0.044151,0.15431,0.800958,0.000249,0.000249
AAATGACTGATCAAAC-1,0.000004,0.000004,0.00012,0.000009,0.195054,0.804808
AAATGATTCGATCAGC-1,0.000031,0.004651,0.051919,0.098131,0.367389,0.47788
AAATGCTCGTTACGTT-1,0.000053,0.00398,0.184849,0.810797,0.00016,0.00016
AAATGGCATGTCTTGT-1,0.000028,0.084302,0.012392,0.268003,0.530274,0.105001
AAATGGCCCGTGCCCT-1,0.00004,0.00004,0.00004,0.377169,0.16771,0.455
AAATGGTCAATGTGCC-1,0.00002,0.068853,0.002133,0.156585,0.678014,0.094394
AAATGTATCTTATCCC-1,0.00005,0.001708,0.05442,0.671722,0.2168,0.0553
AAATGTGGGTGCTCCT-1,0.000012,0.000012,0.129417,0.032924,0.490294,0.347341
AAATTAACGGGTAGCT-1,0.000022,0.054635,0.000022,0.260022,0.625892,0.059408
AAATTAATAAGCGCGA-1,0.000028,0.045813,0.116047,0.454006,0.364949,0.019157
AAATTACACGACTCTG-1,0.001832,0.154858,0.011407,0.519484,0.233013,0.079406
AAATTACCTATCGATG-1,0.000039,0.174936,0.165793,0.265162,0.369306,0.024764
AAATTCCAGGTCCAAA-1,0.000014,0.010678,0.000014,0.050731,0.302494,0.636069
AAATTGATAGTCCTTT-1,0.000028,0.032777,0.104077,0.22616,0.279313,0.357644
AAATTGGTGAGAAGCA-1,0.000012,0.000012,0.015401,0.061038,0.327747,0.59579
AAATTTACCGAAATCC-1,0.000022,0.000022,0.001331,0.137229,0.643934,0.217462
AAATTTGCGGGTGTGG-1,0.00003,0.024776,0.058801,0.745537,0.078198,0.092658
AACAACTGGTAGTTGC-1,0.000024,0.028199,0.000024,0.144382,0.746058,0.081312
AACAATACATTGTCGA-1,0.000015,0.054912,0.150674,0.115246,0.337198,0.341955
AACAATTACTCTACGC-1,0.000022,0.000022,0.030341,0.18516,0.594561,0.189895
AACACACGCTCGCCGC-1,0.00169,0.627968,0.000039,0.233579,0.096674,0.040051
AACACGACTGTACTGA-1,0.000022,0.000022,0.016558,0.073563,0.755955,0.153879
AACACGAGACGCGGCC-1,0.00004,0.00004,0.190225,0.433914,0.159694,0.216088
AACACGCGGCCGCGAA-1,0.000038,0.027601,0.085255,0.502478,0.373521,0.011108
AACAGCTGTGTGGCAA-1,0.000022,0.000022,0.312011,0.259768,0.083039,0.345139
AACAGGAAATCGAATA-1,0.000041,0.000041,0.000041,0.439513,0.547893,0.01247
AACAGGATGGGCCGCG-1,0.000017,0.000017,0.002481,0.103106,0.844327,0.050051
AACAGGTAGTATGGAT-1,0.000031,0.025356,0.079681,0.141496,0.272953,0.480483
AACATAGCGTGTATCG-1,0.000019,0.843613,0.152525,0.000037,0.000056,0.003751
AACATATCAACTGGTG-1,0.000015,0.029634,0.002136,0.002602,0.555363,0.41025
AACATCGATACGTCTA-1,0.000011,0.019065,0.133046,0.107148,0.255964,0.484767
AACATTGAAGTTGATC-1,0.000014,0.000014,0.001592,0.000028,0.111383,0.886969
AACATTGTGACTCGAG-1,0.000021,0.000021,0.000021,0.116052,0.476943,0.406941
AACCAAGACTTCTCTG-1,0.00003,0.00003,0.219533,0.727071,0.030004,0.023332
AACCAGTATCACTCTT-1,0.00003,0.001503,0.00003,0.286009,0.129325,0.583103
AACCATAGGGTTGAAC-1,0.000053,0.000053,0.201808,0.764553,0.00016,0.033373
AACCATGGGATCGCTA-1,0.000077,0.000077,0.103315,0.896068,0.000232,0.000232
AACCCAGAGACGGAGA-1,0.000017,0.000017,0.000017,0.202894,0.602505,0.194551
AACCCATCCCATGATC-1,0.000035,0.000035,0.066891,0.438574,0.198613,0.295852
AACCCGACAACCCGTG-1,0.000005,0.033503,0.346598,0.00001,0.001206,0.618677
AACCCGAGCAGAATCG-1,0.000022,0.028618,0.000022,0.206066,0.265519,0.499753
AACCCGATAGGGCTTC-1,0.00081,0.010086,0.196527,0.634321,0.002441,0.155814
AACCCGCTGTATTCCA-1,0.000293,0.002021,0.013918,0.000009,0.10714,0.87662
AACCCTACTGTCAATA-1,0.000052,0.67733,0.000052,0.258899,0.06351,0.000157
AACCCTGGTGGAACCA-1,0.000018,0.000018,0.052248,0.2555,0.444829,0.247387
AACCGAGCTTGGTCAT-1,0.000063,0.291793,0.000063,0.707702,0.000189,0.000189
AACCGCTAAGGGATGC-1,0.000043,0.834295,0.000043,0.149051,0.016441,0.000128
AACCGTTGTGTTTGCT-1,0.000052,0.000052,0.000052,0.234583,0.765104,0.000157
AACCTAAAGCCGTCCG-1,0.000019,0.06077,0.012105,0.115155,0.27031,0.541641
AACCTCGCTTTAGCCC-1,0.000057,0.887326,0.000057,0.112218,0.000171,0.000171
AACCTGTCACGGAATT-1,0.000031,0.028471,0.02581,0.205178,0.130185,0.610325
AACCTTTAAATACGGT-1,0.000029,0.269101,0.000029,0.077995,0.489523,0.163322
AACCTTTACGACGTCT-1,0.00005,0.092296,0.00005,0.410011,0.492809,0.004783
AACGAAAGTCGTCCCA-1,0.00004,0.008063,0.256681,0.66768,0.008347,0.059188
AACGACCTCCTAGCCG-1,0.000018,0.083386,0.09052,0.148264,0.142103,0.535709
AACGATAATGCCGTAG-1,0.000049,0.593354,0.263705,0.142595,0.000148,0.000148
AACGATAGAAGGGCCG-1,0.000028,0.043286,0.000028,0.198135,0.744561,0.013962
AACGATATGTCAACTG-1,0.000041,0.144762,0.133534,0.451498,0.228475,0.04169
AACGCATGATCTGGGT-1,0.000033,0.025843,0.000033,0.173991,0.666975,0.133127
AACGCGACCTTGGGCG-1,0.000034,0.013633,0.000034,0.430688,0.255603,0.300007
AACGCGGTCTCCAGCC-1,0.000055,0.163154,0.000055,0.636504,0.200068,0.000165
AACGCTGTTGCTGAAA-1,0.000026,0.630967,0.051616,0.002264,0.217021,0.098107
AACGGACGTACGTATA-1,0.000047,0.826275,0.000047,0.173346,0.000142,0.000142
AACGGCCATCTCCGGT-1,0.000023,0.083516,0.010311,0.269548,0.414385,0.222216
AACGTACTGTGGGTAC-1,0.003411,0.049816,0.000021,0.068996,0.731464,0.146292
AACGTAGTCTACCCAT-1,0.000023,0.019117,0.029898,0.430665,0.456498,0.063798
AACGTCAGACTAGTGG-1,0.006455,0.000027,0.060228,0.319684,0.554949,0.058657
AACGTCATCCGGCTTG-1,0.00001,0.038784,0.22126,0.12266,0.097186,0.5201
AACGTCGCTGCACTTC-1,0.000033,0.129165,0.158623,0.108166,0.081,0.523013
AACGTGATGAAGGACA-1,0.000029,0.012581,0.038629,0.367021,0.38348,0.198259
AACGTGCGAAAGTCTC-1,0.000055,0.550214,0.000055,0.394309,0.055201,0.000165
AACGTTATCAGCACCT-1,0.00007,0.00007,0.134235,0.864803,0.000614,0.000209
AACGTTCTACCATTGT-1,0.000007,0.000907,0.094931,0.305114,0.016177,0.582864
AACTACCCGTTTGTCA-1,0.000055,0.123562,0.149719,0.55907,0.022171,0.145423
AACTAGCGTATCGCAC-1,0.000013,0.000013,0.000013,0.018847,0.937588,0.043525
AACTAGGCTTGGGTGT-1,0.00005,0.084865,0.077758,0.31451,0.421494,0.101324
AACTCAAGTTAATTGC-1,0.000015,0.000015,0.000522,0.164351,0.441926,0.393171
AACTCCAGAGCGTGTT-1,0.000058,0.859351,0.06578,0.074461,0.000175,0.000175
AACTCCTAATCCCATG-1,0.000019,0.079751,0.000372,0.170487,0.508838,0.240532
AACTCGATGGCGCAGT-1,0.000081,0.000081,0.143541,0.770008,0.013156,0.073132
AACTCTCAATAGAGCG-1,0.000056,0.399363,0.076709,0.326822,0.193096,0.003955
AACTCTCAGTGTGCTC-1,0.000027,0.002653,0.030088,0.158562,0.482826,0.325845
AACTGAGGTCAGCGTC-1,0.000028,0.022165,0.01083,0.173666,0.303231,0.490081
AACTGAGTTATACTGA-1,0.000015,0.136599,0.02268,0.166017,0.063596,0.611092
AACTGATATTAGGCCT-1,0.000045,0.054237,0.000045,0.587877,0.357482,0.000313
AACTGGGTCCCGACGT-1,0.000037,0.091015,0.000037,0.397094,0.511705,0.000112
AACTGGGTTCGAGCCG-1,0.000035,0.012514,0.112396,0.404974,0.031335,0.438745
AACTGGTGTGGGCCTT-1,0.000031,0.000031,0.150448,0.397152,0.267634,0.184704
AACTTCTGCGTCTATC-1,0.000067,0.000067,0.069153,0.754393,0.000201,0.176119
AACTTGCCCGTATGCA-1,0.000014,0.000014,0.000014,0.104245,0.832989,0.062724
AACTTGCGTTCTCGCG-1,0.000084,0.000084,0.178741,0.820584,0.000253,0.000253
AACTTTACGGGAGCTT-1,0.000053,0.000053,0.402469,0.597107,0.000159,0.000159
AACTTTAGCTGCTGAG-1,0.000042,0.000042,0.153714,0.415276,0.210825,0.220102
AACTTTCTCGATCATG-1,0.000016,0.00312,0.000016,0.003116,0.458856,0.534875
AAGAAAGTTTGATGGG-1,0.00005,0.00005,0.99569,0.000099,0.000149,0.003962
AAGAAATCACCAGATT-1,0.000024,0.056664,0.264929,0.288129,0.051572,0.338683
AAGAAGGATCAGTTAG-1,0.000053,0.000053,0.000053,0.945304,0.000163,0.054373
AAGACATACGTGGTTT-1,0.000008,0.007877,0.021464,0.007834,0.30861,0.654207
AAGACCAAATAACTCA-1,0.00009,0.048675,0.118801,0.39577,0.140948,0.295716
AAGACCCAACTGAACA-1,0.000037,0.022435,0.000037,0.650994,0.316936,0.009561
AAGACTCACGCCCACT-1,0.000038,0.000038,0.042286,0.423007,0.000492,0.534139
AAGACTGCAAGCTACT-1,0.00778,0.562889,0.000051,0.338662,0.090464,0.000153
AAGAGATGAATCGGTA-1,0.000058,0.000058,0.000058,0.644944,0.235733,0.11915
AAGAGCTCTTTATCGG-1,0.000029,0.476805,0.100496,0.119185,0.301258,0.002227
AAGAGGATGTACGCGA-1,0.000022,0.000022,0.204883,0.499903,0.279563,0.015608
AAGAGGCATGGATCGC-1,0.000035,0.753676,0.000035,0.246045,0.000105,0.000105
AAGAGGCCCTTTGGAA-1,0.000057,0.113213,0.197264,0.550013,0.029051,0.110402
AAGATGGCACCGGACC-1,0.000024,0.061631,0.000024,0.245228,0.468979,0.224115
AAGATTGGCGGAACGT-1,0.000032,0.427393,0.00066,0.135329,0.409935,0.026651
AAGCACCCTGCGTATC-1,0.00005,0.309252,0.005813,0.178435,0.200325,0.306125
AAGCATACTCTCCTGA-1,0.001178,0.658945,0.00005,0.324912,0.014765,0.00015
AAGCCACTTGCAGGTA-1,0.000013,0.025892,0.036798,0.114286,0.023433,0.799578
AAGCCGAAGCGGTTTA-1,0.002546,0.421295,0.041236,0.346893,0.084537,0.103493
AAGCCGCCGTGAAATC-1,0.000017,0.000017,0.250858,0.280039,0.056503,0.412565
AAGCCGCTTTACCTTG-1,0.000041,0.067887,0.000041,0.439585,0.126228,0.366219
AAGCCGGAGAGCAGGA-1,0.000009,0.000009,0.003297,0.039681,0.169287,0.787717
AAGCGCAGGGCTTTGA-1,0.000053,0.790799,0.004397,0.123315,0.000158,0.081279
AAGCGGAGTGCGCGCA-1,0.000025,0.000025,0.203224,0.554085,0.000275,0.242366
AAGCGGCGTCATGGGT-1,0.000026,0.015871,0.000026,0.197475,0.574718,0.211884
AAGCGTCCCTCATCGA-1,0.000024,0.000024,0.043682,0.054643,0.505057,0.396569
AAGCTAGATCGAGTAA-1,0.000038,0.423955,0.224554,0.29206,0.059281,0.000113
AAGCTATGGATTGACC-1,0.000029,0.043968,0.843702,0.112127,0.000087,0.000087
AAGCTCGTGCCAAGTC-1,0.000054,0.766126,0.000054,0.23344,0.000163,0.000163
AAGCTCTTTCATGGTG-1,0.000065,0.856288,0.000065,0.143192,0.000195,0.000195
AAGGAGAACTTATAAG-1,0.000043,0.029033,0.006475,0.469161,0.31105,0.184238
AAGGAGCGGTTGGTGC-1,0.000017,0.000017,0.000017,0.069573,0.91462,0.015755
AAGGATCGATCGCTTG-1,0.000039,0.249559,0.000039,0.072826,0.466484,0.211054
AAGGATGAGGGACCTC-1,0.000041,0.39638,0.155115,0.448221,0.000122,0.000122
AAGGCAGGCTGTCTCC-1,0.000021,0.046483,0.007167,0.155035,0.193445,0.59785
AAGGCGCGTAAAGCTT-1,0.000025,0.000025,0.000025,0.297886,0.505224,0.196815
AAGGCTGTGCTCATCG-1,0.00004,0.006786,0.00004,0.723597,0.269415,0.000121
AAGGGAACGACTGGCT-1,0.000018,0.000018,0.063354,0.190615,0.052132,0.693864
AAGGGACAGATTCTGT-1,0.000076,0.112211,0.000076,0.887184,0.000227,0.000227
AAGGGACTATGCATTC-1,0.000021,0.019923,0.009629,0.149935,0.301187,0.519305
AAGGGTTAGCCATGCG-1,0.000007,0.030969,0.144865,0.112538,0.107525,0.604096
AAGGGTTTGATTTCAG-1,0.000044,0.109107,0.241165,0.505178,0.000132,0.144375
AAGGTATCCTAATATA-1,0.000074,0.328463,0.000074,0.670943,0.000223,0.000223
AAGGTGATAAACCAGC-1,0.000047,0.823551,0.000047,0.176074,0.000141,0.000141
AAGTAGAAGACCGGGT-1,0.000056,0.048379,0.000056,0.715486,0.235857,0.000167
AAGTAGTGACGCGAGG-1,0.000021,0.002936,0.102364,0.069513,0.642515,0.182651
AAGTCAATTGTCGTCA-1,0.00005,0.833065,0.00005,0.166531,0.000151,0.000151
AAGTCTAGTAGCTGCC-1,0.000015,0.004096,0.046241,0.10039,0.283989,0.565269
AAGTCTTCTGTGGCCT-1,0.000123,0.000123,0.204977,0.228627,0.301935,0.264214
AAGTGACGACCGAATT-1,0.000057,0.000057,0.070539,0.261457,0.369921,0.297969
AAGTGAGTCGGGTTTA-1,0.00003,0.048939,0.00003,0.159052,0.468673,0.323277
AAGTGCAAAGGTAGAC-1,0.000044,0.000044,0.340158,0.548641,0.022592,0.08852
AAGTGCCTTGACTGTA-1,0.000088,0.409425,0.045175,0.483091,0.000264,0.061958
AAGTGCGTTAGAATCT-1,0.000018,0.000018,0.000018,0.090136,0.602124,0.307688
AAGTGCTTCTCTATTG-1,0.000012,0.107268,0.144954,0.149288,0.001841,0.596637
AAGTGTTTGGAGACGG-1,0.000068,0.841214,0.000068,0.158242,0.000204,0.000204
AAGTTCACTCCAAGCT-1,0.000085,0.845789,0.000085,0.153528,0.000256,0.000256
AAGTTCAGTCTGCGTA-1,0.000033,0.020755,0.094916,0.418402,0.347193,0.118701
AAGTTCGGCCAACAGG-1,0.000019,0.003674,0.129065,0.273201,0.470834,0.123208
AAGTTGTGATGTTATA-1,0.000031,0.299736,0.070695,0.121225,0.100819,0.407494
AAGTTTACTAATGGCA-1,0.000724,0.053182,0.031121,0.244826,0.385181,0.284967
AAGTTTATGGGCCCAA-1,0.000777,0.471998,0.00195,0.030731,0.070276,0.424269
AATAACAACGCTCGGC-1,0.000018,0.000018,0.082965,0.385951,0.356627,0.17442
AATAACACTAGAACAA-1,0.000021,0.01048,0.000021,0.432016,0.422245,0.135217
AATAACGTCGCGCCCA-1,0.000011,0.151339,0.003812,0.222362,0.027087,0.595389
AATAAGTCCTCGAGAC-1,0.000014,0.000014,0.000014,0.051756,0.853459,0.094741
AATAATCTTCGTATCG-1,0.000036,0.013702,0.021972,0.480109,0.11695,0.367232
AATACAATGTTTCAGG-1,0.0001,0.0001,0.191694,0.75173,0.000301,0.056075
AATACCGGAGGGCTGT-1,0.000011,0.000011,0.392525,0.181043,0.053711,0.372699
AATACCTGATGTGAAC-1,0.000021,0.947596,0.000021,0.000043,0.00343,0.048888
AATAGAACAGAGTGGC-1,0.00002,0.00002,0.078444,0.21019,0.634857,0.076469
AATAGAATCTGTTTCA-1,0.000048,0.662273,0.073434,0.220972,0.043127,0.000145
AATAGCAAGCCTCCTG-1,0.000032,0.004367,0.000032,0.09784,0.316604,0.581125
AATAGCTACCGCGTGC-1,0.000033,0.119352,0.06095,0.203871,0.353173,0.262621
AATAGGCACGACCCTT-1,0.000014,0.000014,0.229934,0.126439,0.001103,0.642495
AATAGTCCGTCCCGAC-1,0.000023,0.000023,0.000023,0.110536,0.576184,0.313209
AATAGTCGCGAGTCGG-1,0.000073,0.028848,0.05358,0.917063,0.000218,0.000218
AATATCAAGGTCGGAT-1,0.000073,0.000073,0.182543,0.712633,0.104456,0.00022
AATATCCTAGCAAACT-1,0.000146,0.000146,0.242317,0.756512,0.000439,0.000439
AATATCGAATCAATGC-1,0.00008,0.213147,0.201703,0.19095,0.046641,0.347481
AATATCGAGGGTTCTC-1,0.00004,0.131622,0.066389,0.236356,0.453165,0.112428
AATATTGGAGTATTGA-1,0.000049,0.033107,0.047908,0.45546,0.263543,0.199934
AATCAGGTTTCATTTA-1,0.000006,0.000006,0.058161,0.000012,0.000545,0.94127
AATCATGTAAAGACTC-1,0.000037,0.708899,0.000037,0.010906,0.128189,0.151932
AATCCAAGGGCCTGAG-1,0.000038,0.000038,0.000038,0.265834,0.726973,0.00708
AATCCCGCTCAGAGCC-1,0.000694,0.199275,0.060632,0.198833,0.048952,0.491615
AATCGAGGTCTCAAGG-1,0.000021,0.943791,0.031108,0.000042,0.000063,0.024974
AATCGCCTCAGCGCCA-1,0.000029,0.411335,0.066576,0.132862,0.338742,0.050455
AATCGCGCAGAGGACT-1,0.000017,0.033291,0.004017,0.032246,0.343881,0.586548
AATCGGGACACTACGA-1,0.000044,0.000044,0.000044,0.254103,0.495515,0.25025
AATCGGTATAGCCCTC-1,0.142257,0.226525,0.216226,0.078222,0.002124,0.334646
AATCGTGAGCCGAGCA-1,0.00002,0.950511,0.000473,0.00004,0.00006,0.048897
AATCTAGGTTTACTTG-1,0.002475,0.000017,0.116367,0.000035,0.281566,0.59954
AATCTATGCCGGAGCC-1,0.000027,0.000027,0.000027,0.039644,0.620343,0.339932
AATCTCTACTGTGGTT-1,0.000039,0.000039,0.071648,0.640352,0.09766,0.190262
AATCTGCGTTGGGACG-1,0.000045,0.651278,0.000045,0.348363,0.000135,0.000135
AATCTGGCTTTCTAGT-1,0.000019,0.000019,0.217574,0.016873,0.320199,0.445315
AATCTGGGTAGACCCT-1,0.000041,0.009014,0.000041,0.39042,0.071582,0.528903
AATGACAGCAATGTCT-1,0.000025,0.045221,0.046594,0.272685,0.477529,0.157946
AATGACGTAGGATGTC-1,0.000023,0.672591,0.06603,0.187472,0.073814,0.00007
AATGACTGTCAGCCGG-1,0.000031,0.034922,0.000031,0.238314,0.715229,0.011473
AATGAGTTCGCATATG-1,0.000081,0.000081,0.021302,0.978047,0.000244,0.000244
AATGATGATACGCTAT-1,0.000045,0.13181,0.007457,0.422882,0.379638,0.058167
AATGATGCGACTCCTG-1,0.000029,0.053705,0.113685,0.01331,0.463541,0.355731
AATGCAACCGGGTACC-1,0.000028,0.004795,0.000028,0.211883,0.683386,0.09988
AATGCACCAAGCAATG-1,0.000034,0.000034,0.00282,0.349845,0.542167,0.1051
AATGGCCGCCAATGCG-1,0.00002,0.037118,0.187423,0.358647,0.158316,0.258476
AATGGTCCACCGTTCA-1,0.000076,0.000076,0.023904,0.895421,0.020456,0.060067
AATGGTTCTCACAAGC-1,0.000034,0.000034,0.044608,0.612381,0.113409,0.229534
AATGTATGGCACTGTA-1,0.000049,0.040319,0.211272,0.719366,0.000358,0.028636
AATGTGCCCGAGGTGT-1,0.000018,0.000018,0.049642,0.036095,0.480045,0.434183
AATGTGCTAATCTGAG-1,0.000008,0.000008,0.250765,0.00794,0.036769,0.70451
AATGTTAAGACCCTGA-1,0.000026,0.900794,0.098971,0.000052,0.000078,0.000078
AATGTTGTCGTGAGAC-1,0.000036,0.219237,0.025024,0.45134,0.095716,0.208648
AATTAAAGGTCGGCGT-1,0.000018,0.042368,0.000018,0.160657,0.687568,0.10937
AATTAACGGATTTCCA-1,0.037229,0.06514,0.000029,0.04841,0.457915,0.391278
AATTACGAGACCCATC-1,0.000076,0.039727,0.201947,0.090925,0.44676,0.220566
AATTAGCGCTGCAGCG-1,0.000051,0.20427,0.020887,0.592544,0.182095,0.000153
AATTATACCCAGCAAG-1,0.000027,0.720601,0.279156,0.000054,0.000081,0.000081
AATTCATAAGGGATCT-1,0.00004,0.151339,0.00004,0.152593,0.589437,0.106551
AATTCATTGTCATGCA-1,0.000032,0.030557,0.456753,0.232302,0.060143,0.220213
AATTCCAAGCATGTAC-1,0.00002,0.020274,0.00002,0.010172,0.366687,0.602827
AATTCGATTCGAGGAT-1,0.000041,0.926471,0.073156,0.000083,0.000124,0.000124
AATTCTAGAGTTAGGC-1,0.000053,0.391455,0.000053,0.259911,0.341443,0.007085
AATTGAACGCTCTGGT-1,0.000084,0.755264,0.000084,0.163167,0.081147,0.000253
AATTGCAGCAATCGAC-1,0.000019,0.713659,0.119477,0.000038,0.033204,0.133603
AATTGCGTGGATTACA-1,0.000044,0.046917,0.600512,0.352267,0.000131,0.000131
AATTGTGGTTGCCAAA-1,0.000013,0.044895,0.003173,0.180408,0.122227,0.649284
AATTTGGGACATAGTA-1,0.000023,0.014882,0.000023,0.12845,0.63404,0.222582
AATTTGGTTCCAAAGA-1,0.000045,0.097081,0.007656,0.799476,0.095607,0.000135
ACAAACCATGCGTCCT-1,0.000012,0.000012,0.169369,0.087907,0.083431,0.659269
ACAAACCGACAAGGCG-1,0.000472,0.000017,0.000017,0.154178,0.183501,0.661814
ACAAACTCCATCAGAG-1,0.000007,0.028571,0.002495,0.047304,0.064532,0.85709
ACAAAGAAGGTAGGCC-1,0.000153,0.021394,0.267188,0.260752,0.190324,0.260188
ACAAAGCATGACCTAG-1,0.000015,0.462496,0.06106,0.000031,0.085259,0.391138
ACAAATCGCACCGAAT-1,0.000029,0.956207,0.000029,0.043562,0.000087,0.000087
ACAAATGGTAGTGTTT-1,0.000034,0.870392,0.000034,0.129334,0.000103,0.000103
ACAAATTCAGATCTGA-1,0.000031,0.000031,0.000031,0.039096,0.46508,0.495731
ACAACAGCATGAGCTA-1,0.000042,0.526214,0.032537,0.424361,0.016721,0.000125
ACAACGGTCCCTGCGA-1,0.000057,0.000057,0.000057,0.881459,0.039724,0.078647
ACAAGCAGTGCCTAGC-1,0.000017,0.000017,0.000017,0.068738,0.779104,0.152106
ACAAGCTATATGGAAG-1,0.000069,0.034752,0.200301,0.688694,0.075977,0.000207
ACAAGGAAATCCGCCC-1,0.000021,0.637474,0.000021,0.000042,0.256882,0.10556
ACAAGGACAAGAGGTT-1,0.000016,0.000016,0.000016,0.283572,0.648014,0.068366
ACAAGGATGCTTTAGG-1,0.000033,0.811794,0.187907,0.000066,0.0001,0.0001
ACAAGGCCTACCAGCC-1,0.000023,0.000023,0.146337,0.232895,0.022371,0.598351
ACAAGGGCAGGCTCTG-1,0.000942,0.708524,0.000041,0.290244,0.000124,0.000124
ACAAGTAATTGTAAGG-1,0.000027,0.000027,0.188589,0.401509,0.013846,0.396002
ACAATAGTCGTACGTT-1,0.000063,0.000063,0.000063,0.542453,0.310621,0.146736
ACAATCCATTTAAACC-1,0.000038,0.000038,0.000038,0.626375,0.253309,0.120202
ACAATCGATCTTTATA-1,0.000046,0.000046,0.000046,0.438491,0.450511,0.110859
ACAATGAATACGGAGA-1,0.000029,0.000029,0.000029,0.331495,0.396094,0.272325
ACAATGATTCTTCTAC-1,0.000035,0.000035,0.000035,0.184521,0.294419,0.520956
ACAATTGTGTCTCTTT-1,0.000042,0.735613,0.159098,0.104993,0.000127,0.000127
ACAATTTAGGAGGCTC-1,0.000038,0.049302,0.170571,0.702377,0.047353,0.030359
ACAATTTGAGCAGTGG-1,0.000086,0.343803,0.000086,0.655513,0.000257,0.000257
ACAATTTGGCCATATT-1,0.00039,0.073851,0.000015,0.033282,0.494475,0.397987
ACACAAAGACGGGTGG-1,0.000041,0.027414,0.000041,0.43751,0.522833,0.01216
ACACAAATATTCCTAG-1,0.000021,0.027838,0.000021,0.0686,0.354691,0.548831
ACACACCAGGACCAGT-1,0.000064,0.77482,0.000064,0.224669,0.000191,0.000191
ACACACTTTCTACACG-1,0.000026,0.000026,0.086757,0.222218,0.547001,0.143971
ACACATGATCAAATCT-1,0.000841,0.000009,0.223106,0.000018,0.12197,0.654057
ACACATTTCCGTAGAC-1,0.000053,0.625573,0.155596,0.11737,0.000158,0.10125
ACACCACATAATTAGC-1,0.000012,0.064514,0.015029,0.044355,0.287004,0.589086
ACACCCAGCATGCAGC-1,0.000039,0.000039,0.000039,0.635841,0.35318,0.010861
ACACCCGAGAAATCCG-1,0.000028,0.000028,0.000028,0.234076,0.589302,0.176538
ACACCGGTCTGACCGC-1,0.000623,0.000015,0.003475,0.000641,0.209663,0.785582
ACACCTTAAGTAGGGC-1,0.000036,0.028565,0.000036,0.523844,0.440378,0.007142
ACACCTTACTACTTGC-1,0.003897,0.146809,0.000076,0.794479,0.054513,0.000227
ACACGAGACTCCTTCT-1,0.000036,0.252557,0.016554,0.177684,0.424558,0.12861
ACACGGCACTATGCAT-1,0.000026,0.008942,0.000026,0.160356,0.657528,0.173122
ACACGGGAACTTAGGG-1,0.000044,0.330974,0.000044,0.387018,0.264013,0.017907
ACACGTAGGCCACAAG-1,0.000015,0.04857,0.047043,0.000038,0.302549,0.601785
ACACTCCAATGTCACT-1,0.000054,0.000054,0.12653,0.570799,0.090363,0.2122
ACACTGATCAAGGTGT-1,0.000032,0.185799,0.160332,0.391336,0.231034,0.031467
ACACTGGGACAGTCGT-1,0.000032,0.081885,0.11716,0.411815,0.121349,0.267759
ACAGAACTGAGAACAA-1,0.000019,0.003048,0.079315,0.008307,0.444498,0.464812
ACAGATTAGGTTAGTG-1,0.000024,0.000024,0.01081,0.172666,0.511272,0.305204
ACAGCATAGAGCCAGT-1,0.000023,0.000023,0.054371,0.171651,0.727243,0.046688
ACAGCGACATTCTCAT-1,0.00006,0.92141,0.00006,0.054993,0.00018,0.023298
ACAGCGCACCCGCAGC-1,0.000049,0.053497,0.000049,0.69177,0.245759,0.008875
ACAGGCACGGATCCTT-1,0.000019,0.918688,0.01532,0.000038,0.000057,0.065878
ACAGGCTTGCCCGACT-1,0.000043,0.626764,0.012334,0.116571,0.234372,0.009916
ACAGGTGGAGGTGAGG-1,0.000013,0.010272,0.057294,0.129553,0.522062,0.280806
ACAGGTGTGTTGTTGC-1,0.000811,0.304062,0.160347,0.534573,0.000104,0.000104
ACAGTAATACAACTTG-1,0.000019,0.000019,0.054956,0.153689,0.252171,0.539146
ACAGTATACCGTGGGA-1,0.000029,0.011405,0.000029,0.606137,0.193981,0.188419
ACAGTGCAGCGCATTT-1,0.000014,0.067419,0.157941,0.228427,0.161201,0.384998
ACATAAGTCGTGGTGA-1,0.000049,0.000049,0.079145,0.712117,0.03502,0.173619
ACATAATAAGGCGGTG-1,0.000025,0.01577,0.000025,0.177694,0.717247,0.089239
ACATACAATCAAGCGG-1,0.000015,0.825723,0.06363,0.000031,0.000046,0.110554
ACATCAGCTGGGACGC-1,0.000023,0.000023,0.118639,0.386527,0.089145,0.405643
ACATCCCGGCCATACG-1,0.000018,0.000018,0.009497,0.005179,0.649364,0.335924
ACATCCTGGTAACTGT-1,0.000031,0.538458,0.000031,0.101766,0.172451,0.187263
ACATCGATCGTTTACC-1,0.000059,0.230811,0.000059,0.412744,0.356148,0.000178
ACATCGCAATATTCGG-1,0.000021,0.000021,0.132424,0.145261,0.109725,0.612549
ACATCGGTCAGCCGCG-1,0.000027,0.000027,0.000027,0.562809,0.240277,0.196834
ACATCGTATGCAATGG-1,0.000033,0.376262,0.045917,0.372587,0.205101,0.0001
ACATCGTTAACCTAGT-1,0.000045,0.000045,0.000045,0.488599,0.46452,0.046746
ACATCTCAACGCGTAA-1,0.000036,0.000036,0.000036,0.337466,0.397751,0.264674
ACATGCTTACGGCAGC-1,0.001325,0.000012,0.072968,0.007586,0.100623,0.817486
ACATGGCGCCAAAGTA-1,0.00008,0.41897,0.00008,0.497717,0.082915,0.000239
ACATTAGTTTATATCC-1,0.00004,0.159038,0.063814,0.194469,0.459955,0.122683
ACATTCGCGCGGAATA-1,0.000013,0.000013,0.039821,0.071292,0.014912,0.873948
ACATTTGAAACCTAAC-1,0.000017,0.523081,0.003327,0.000035,0.073728,0.399811
ACCAAACACCCAGCGA-1,0.000014,0.033773,0.000014,0.313407,0.29779,0.355001
ACCAAACTAGAAATCC-1,0.000027,0.000027,0.014674,0.392142,0.377808,0.215323
ACCAACACCACACACT-1,0.000022,0.037849,0.000022,0.085411,0.476059,0.400636
ACCAACCGCACTCCAC-1,0.000023,0.633186,0.017559,0.000047,0.00007,0.349115
ACCAACGCTTATTTAT-1,0.000017,0.019345,0.014504,0.050937,0.63746,0.277736
ACCAAGAACGCGTGTC-1,0.000025,0.127324,0.000025,0.133528,0.736711,0.002387
ACCAAGTCATCGGCAG-1,0.000033,0.672364,0.027928,0.085678,0.031844,0.182152
ACCAATATGCAAGTTA-1,0.000061,0.8864,0.000061,0.113114,0.000182,0.000182
ACCACAACTCAGAACA-1,0.000028,0.000028,0.049575,0.227433,0.486962,0.235974
ACCACAAGTTTCTATC-1,0.000029,0.000029,0.01644,0.502316,0.35309,0.128096
ACCACACGGTTGATGG-1,0.000026,0.989739,0.000026,0.000053,0.000079,0.010077
ACCACCAATGTAACAA-1,0.00006,0.317747,0.00006,0.534715,0.025683,0.121734
ACCACCCTCTCTTCTA-1,0.000011,0.039882,0.082885,0.036928,0.077009,0.763285
ACCACGTGCAGCTATA-1,0.000042,0.891118,0.000042,0.108545,0.000126,0.000126
ACCAGACCATAACAAC-1,0.00017,0.00017,0.17176,0.284676,0.195158,0.348065
ACCAGCCCGGTCTTTG-1,0.000015,0.000015,0.163096,0.139032,0.452268,0.245574
ACCAGGAGTGTGATCT-1,0.000048,0.000048,0.000048,0.42884,0.486026,0.08499
ACCAGTGCCCGGTCAA-1,0.000644,0.013031,0.209754,0.221162,0.385116,0.170294
ACCAGTGCGGGAGACG-1,0.000033,0.680642,0.000033,0.062999,0.254312,0.001981
ACCATATCCGCAATAA-1,0.000036,0.192438,0.055449,0.354627,0.363788,0.033662
ACCATCCGCCAACTAG-1,0.000025,0.000025,0.0346,0.253017,0.259628,0.452704
ACCATCGTATATGGTA-1,0.00616,0.021857,0.000027,0.169622,0.764035,0.038299
ACCCAACGCCCGTGGC-1,0.000035,0.406636,0.000035,0.288192,0.210306,0.094795
ACCCACCTACATGCTC-1,0.000022,0.033574,0.003311,0.145796,0.633513,0.183784
ACCCATCTTGAGGGTA-1,0.000025,0.003617,0.000025,0.334496,0.4593,0.202536
ACCCATTTGTCCCTCT-1,0.000044,0.86258,0.000235,0.047501,0.015129,0.07451
ACCCGAGCGAAATTAC-1,0.000026,0.000026,0.0144,0.481442,0.038397,0.465709
ACCCGATTGGTTCCGA-1,0.000005,0.000005,0.021734,0.000009,0.13758,0.840667
ACCCGGAAACTCCCAG-1,0.000028,0.126149,0.168416,0.10033,0.427006,0.178071
ACCCGGAGCACCACAA-1,0.00002,0.070871,0.00002,0.270164,0.199055,0.459869
ACCCGGATGACGCATC-1,0.000071,0.600641,0.000071,0.398793,0.000212,0.000212
ACCCGGTTACACTTCC-1,0.000026,0.000026,0.005526,0.315039,0.582578,0.096804
ACCCGTAGCAGAGAAT-1,0.000041,0.000041,0.873412,0.126263,0.000122,0.000122
ACCCGTAGTCTAGTTG-1,0.000019,0.022585,0.028457,0.304065,0.121916,0.522958
ACCCGTGTCATCAGTA-1,0.000025,0.000025,0.042408,0.097614,0.595725,0.264203
ACCCTATAGGACTGAG-1,0.000046,0.000046,0.067436,0.51253,0.322296,0.097645
ACCCTATGCCATATCG-1,0.000029,0.074096,0.000029,0.200969,0.479759,0.245117
ACCCTCCCGTCAGGGC-1,0.000025,0.98953,0.001226,0.00005,0.000075,0.009093
ACCCTCCCTTGCTATT-1,0.000074,0.608246,0.219211,0.12718,0.045066,0.000223
ACCCTGGTAACGCCCT-1,0.000025,0.002929,0.000025,0.206694,0.35371,0.436618
ACCCTTCATCTGCGAA-1,0.000053,0.000053,0.000053,0.60898,0.377569,0.013293
ACCCTTGCCTGGGTCG-1,0.000016,0.000016,0.000016,0.008976,0.325627,0.665349
ACCCTTTAGTTCTCCA-1,0.000018,0.000018,0.000018,0.049895,0.729487,0.220565
ACCGAAAGGGCCCTGC-1,0.000032,0.000032,0.021092,0.723798,0.119226,0.135821
ACCGAAGAGTCTGGTT-1,0.000026,0.028317,0.075398,0.335147,0.138568,0.422545
ACCGACACATCTCCCA-1,0.000052,0.489806,0.294558,0.130138,0.085291,0.000155
ACCGACTGAGTCCCAC-1,0.000643,0.273953,0.000023,0.001341,0.578466,0.145574
ACCGAGTCTCCTTATT-1,0.000026,0.999741,0.000026,0.000052,0.000078,0.000078
ACCGATAGGCATAACC-1,0.000015,0.073653,0.029749,0.140417,0.273973,0.482194
ACCGATATTTAATCAT-1,0.000012,0.000012,0.000012,0.000023,0.377468,0.622474
ACCGATGGTAGCATCG-1,0.000047,0.83095,0.000047,0.168673,0.000141,0.000141
ACCGCAATAACTGCCT-1,0.000026,0.928215,0.000026,0.052159,0.019495,0.000079
ACCGCGGTGGAAGTCG-1,0.00009,0.399628,0.00009,0.599654,0.000269,0.000269
ACCGCTAGTCATTGGT-1,0.000023,0.016727,0.089965,0.453803,0.00007,0.43941
ACCGGGCCTTTGTTGA-1,0.000068,0.660432,0.034878,0.304211,0.000205,0.000205
ACCGGTCAGGTACACC-1,0.000008,0.012749,0.192911,0.002631,0.17976,0.611942
ACCGGTCTGAGTACGG-1,0.00002,0.00002,0.036786,0.071245,0.236245,0.655684
ACCGTCCACTGGGCCC-1,0.000083,0.040064,0.23903,0.167594,0.053481,0.499748
ACCGTGACCACGTGGG-1,0.000024,0.017214,0.293282,0.484915,0.100561,0.104004
ACCGTTCCCGCTCTGA-1,0.000019,0.000019,0.000019,0.231704,0.471807,0.29643
ACCTAAGTACCTTTCA-1,0.000059,0.016816,0.000059,0.816487,0.108709,0.057871
ACCTAATCGACTTCCT-1,0.000047,0.000047,0.000047,0.99413,0.003964,0.001765
ACCTACAGTATGTGGT-1,0.000804,0.028489,0.146248,0.157241,0.206225,0.460994
ACCTACTATAAATCTA-1,0.000018,0.07699,0.012737,0.053446,0.16601,0.690798
ACCTCAGCGAGGCGCA-1,0.000013,0.791706,0.074589,0.000027,0.00004,0.133626
ACCTCCGCCCTCGCTG-1,0.000059,0.443975,0.296179,0.259433,0.000177,0.000177
ACCTCCGTTATTCACC-1,0.000018,0.059759,0.005708,0.006592,0.348168,0.579755
ACCTCGAACTTATGCT-1,0.000027,0.000027,0.137109,0.30261,0.017478,0.54275
ACCTGCGTGTCATGTT-1,0.000031,0.000031,0.039172,0.081704,0.504074,0.374988
ACCTTTCCTTTAGAAG-1,0.000017,0.000017,0.012285,0.186013,0.068922,0.732747
ACGAAATGGGCGGCAC-1,0.000016,0.000016,0.000016,0.143392,0.62871,0.227851
ACGACCCATGAGTTGC-1,0.000014,0.000868,0.03869,0.043384,0.116702,0.800342
ACGACTCTAGGGCCGA-1,0.000034,0.922644,0.001709,0.07541,0.000101,0.000101
ACGACTGGTCATACTC-1,0.000008,0.000008,0.117317,0.050644,0.172457,0.659565
ACGAGAACCCATCACG-1,0.000085,0.000085,0.000085,0.590852,0.227341,0.181551
ACGAGATATTTGCTTA-1,0.000025,0.020796,0.000025,0.07702,0.602526,0.299608
ACGAGGATACCACTCT-1,0.000033,0.000033,0.113366,0.161419,0.22748,0.497669
ACGAGGTTTACAACGT-1,0.000019,0.000019,0.000019,0.084455,0.306543,0.608944
ACGAGTACGGATGCCC-1,0.000023,0.047657,0.000023,0.013843,0.622223,0.316231
ACGATACATAGAACTA-1,0.000066,0.171343,0.018917,0.809279,0.000198,0.000198
ACGATACCTATCCTGA-1,0.000133,0.102934,0.222801,0.673336,0.000398,0.000398
ACGATCATACATAGAG-1,0.000032,0.112382,0.010408,0.242804,0.501575,0.1328
ACGATCATCTTGTAAA-1,0.000029,0.252948,0.000029,0.07424,0.342459,0.330294
ACGATGCATATGTTAT-1,0.000025,0.008563,0.095984,0.411578,0.415145,0.068704
ACGATGGATCCGATGC-1,0.000033,0.054164,0.000033,0.271594,0.644797,0.029379
ACGCAAACTAATAGAT-1,0.000038,0.007141,0.000038,0.475655,0.380627,0.136501
ACGCAATCACTACAGC-1,0.000045,0.11584,0.017881,0.515343,0.236483,0.114408
ACGCATAAATGACATG-1,0.000026,0.000026,0.031279,0.149435,0.183878,0.635356
ACGCATACGTTTACTA-1,0.00004,0.624084,0.375554,0.00008,0.000121,0.000121
ACGCATTCGTGAGTAC-1,0.000021,0.093234,0.065025,0.061108,0.689432,0.09118
ACGCCACTCGAAACAG-1,0.000031,0.534991,0.18723,0.167733,0.000092,0.109924
ACGCCAGATGATTTCT-1,0.000055,0.034486,0.000055,0.411899,0.486683,0.066822
ACGCCAGTGCGTTTGC-1,0.000036,0.845896,0.108563,0.000071,0.000107,0.045326
ACGCCCAGCTGTCGAT-1,0.000023,0.000023,0.021271,0.22232,0.452726,0.303638
ACGCCGCTAGACGACC-1,0.000041,0.753312,0.000041,0.246357,0.000124,0.000124
ACGCGAAGTCAGACGA-1,0.000041,0.220731,0.000041,0.427238,0.350835,0.001113
ACGCGCTACACAGGGT-1,0.000029,0.000029,0.000029,0.582426,0.310033,0.107455
ACGCGGGCCAAGGACA-1,0.000039,0.428913,0.000039,0.570779,0.000116,0.000116
ACGCGTTTCTTAAGAG-1,0.000133,0.063112,0.033156,0.902801,0.000399,0.000399
ACGCTACTGAATGGGC-1,0.000007,0.057808,0.017039,0.03508,0.086869,0.803197
ACGCTAGTGATACACT-1,0.000413,0.121433,0.000017,0.000034,0.580663,0.297441
ACGCTGTGAGGCGTAG-1,0.000023,0.000023,0.187708,0.282731,0.158915,0.370601
ACGCTTAGTGTCTCTC-1,0.000033,0.005305,0.081575,0.30148,0.092631,0.518976
ACGGAACACGAGTGCC-1,0.000022,0.74533,0.203835,0.000043,0.000065,0.050705
ACGGAATTTAGCAAAT-1,0.000064,0.000064,0.000064,0.999422,0.000193,0.000193
ACGGACGCAGCGACAA-1,0.000465,0.000017,0.356626,0.011267,0.105154,0.52647
ACGGACTCTCAAAGCG-1,0.001804,0.840991,0.083783,0.073055,0.000184,0.000184
ACGGAGCGCAAATTAC-1,0.000032,0.030549,0.009751,0.383043,0.302541,0.274085
ACGGATGGTGCGGATA-1,0.000026,0.431676,0.011838,0.000051,0.34667,0.209739
ACGGCACTTGCTTGGG-1,0.00003,0.035779,0.083317,0.158704,0.618302,0.103868
ACGGCCAACATGGACT-1,0.000031,0.042009,0.016738,0.304168,0.537506,0.099548
ACGGCGACGATGGGAA-1,0.000033,0.808764,0.135545,0.041943,0.013617,0.000098
ACGGCGGGTTGCCCTG-1,0.000046,0.035461,0.02274,0.346268,0.584826,0.010659
ACGGCTGGATGTAGAA-1,0.00004,0.043665,0.029523,0.722109,0.072238,0.132425
ACGGGAGTGTCGGCCC-1,0.000024,0.060979,0.08885,0.009592,0.379729,0.460826
ACGGGCGTATGCGACA-1,0.000014,0.000014,0.003556,0.129263,0.342778,0.524374
ACGGGTTGTGACCTGT-1,0.000072,0.019278,0.271471,0.493769,0.000215,0.215196
ACGGTACAGTTCAATG-1,0.000035,0.819305,0.146356,0.02937,0.000106,0.004828
ACGGTCACCGAGAACA-1,0.000025,0.000025,0.118483,0.376965,0.002581,0.501921
ACGTACAGATTTCTCT-1,0.000059,0.051137,0.115145,0.451212,0.247589,0.134858
ACGTACTTTGGCACGG-1,0.000014,0.000014,0.124054,0.307346,0.011512,0.55706
ACGTAGATTGCTGATG-1,0.001587,0.48067,0.221762,0.292586,0.003312,0.000083
ACGTAGGAGAGTCGCT-1,0.000032,0.867507,0.121063,0.000064,0.000097,0.011237
ACGTATTACTCCGATC-1,0.000055,0.72381,0.000055,0.275752,0.000165,0.000165
ACGTCCTAAACGAGAT-1,0.001316,0.000026,0.112179,0.570379,0.020543,0.295556
ACGTCGGGCAACTCGG-1,0.000047,0.017128,0.199285,0.783255,0.000142,0.000142
ACGTCTCGTTCCGGGA-1,0.000159,0.013715,0.223986,0.578624,0.183041,0.000476
ACGTGACAAAGTAAGT-1,0.00013,0.00013,0.32651,0.295255,0.074224,0.303751
ACGTGCGCCTCGTGCA-1,0.000044,0.000044,0.000044,0.575794,0.40696,0.017115
ACGTGGTCGAATGTGC-1,0.000041,0.023062,0.022809,0.322365,0.052926,0.578796
ACGTTAATGTCGAAGA-1,0.000043,0.643158,0.000043,0.343501,0.013124,0.00013
ACGTTAGATTTGCCCG-1,0.000014,0.001939,0.023127,0.092017,0.593955,0.288948
ACGTTATTGGTCACTC-1,0.000077,0.030179,0.005947,0.814098,0.012651,0.137048
ACGTTCACTATGCCGC-1,0.000008,0.000008,0.207249,0.007846,0.009646,0.775242
ACGTTCCGCGCTCCGT-1,0.000021,0.000021,0.000021,0.003365,0.792163,0.204409
ACGTTCGCAATCAATT-1,0.000015,0.000015,0.005926,0.000031,0.397335,0.596677
ACGTTCGTTCAGGAAA-1,0.000018,0.01898,0.000018,0.001739,0.619075,0.360169
ACGTTCTGTACAAGTC-1,0.000038,0.999622,0.000038,0.000076,0.000113,0.000113
ACGTTGTCGTTGAAAG-1,0.000023,0.008295,0.314781,0.300893,0.026834,0.349173
ACGTTTAGTTGTGATC-1,0.000035,0.03352,0.000035,0.331166,0.528892,0.106352
ACGTTTCGGTGCACTT-1,0.000008,0.053518,0.058382,0.097061,0.12265,0.66838
ACTAAGGACGCACACC-1,0.000023,0.018995,0.032691,0.252188,0.13409,0.562013
ACTAATACGTCAGGCG-1,0.000058,0.055787,0.049389,0.472158,0.243529,0.179079
ACTACAAAGAGAGGTG-1,0.000014,0.004212,0.000014,0.37673,0.153024,0.466006
ACTACATCCCGACAAG-1,0.000022,0.000022,0.360529,0.002089,0.050366,0.586972
ACTACCAGCTCTCTGG-1,0.000036,0.000036,0.000036,0.250206,0.737722,0.011964
ACTACCATCCGAGGGC-1,0.000008,0.000008,0.199679,0.000017,0.028645,0.771642
ACTACGCGTTAGAATT-1,0.000045,0.016201,0.000045,0.408004,0.495362,0.080343
ACTAGTTGCGATCGTC-1,0.000086,0.455397,0.000086,0.28086,0.068839,0.194732
ACTATATGCTGTGTTC-1,0.000054,0.03934,0.122387,0.551233,0.122011,0.164976
ACTATCCAGGGCATGG-1,0.000086,0.215787,0.025373,0.693014,0.000257,0.065484
ACTATCTGCCCGCGTA-1,0.000019,0.026114,0.112013,0.065758,0.221285,0.574811
ACTATGTCCAGCTGCC-1,0.00004,0.00004,0.040337,0.633868,0.003883,0.321832
ACTATTCGTCCGTGGT-1,0.000029,0.059983,0.009716,0.216635,0.603535,0.110102
ACTATTTCCGGGCCCA-1,0.000023,0.032701,0.110304,0.178291,0.269229,0.409451
ACTCAACGAATGTATT-1,0.000051,0.002628,0.181755,0.491661,0.31339,0.010515
ACTCAAGTGCAAGGCT-1,0.000076,0.868623,0.000076,0.130771,0.000227,0.000227
ACTCAATAAAGGCACG-1,0.001922,0.096279,0.000079,0.901248,0.000237,0.000237
ACTCAGACCTGCTTCT-1,0.000031,0.000031,0.007008,0.247442,0.401269,0.344218
ACTCATGGCAGCCTTC-1,0.000018,0.000018,0.196623,0.001906,0.106318,0.695118
ACTCCAATATCATCAT-1,0.000026,0.006672,0.116283,0.339803,0.070001,0.467215
ACTCCCATTCCTAAAG-1,0.000024,0.000024,0.000024,0.000048,0.408691,0.59119
ACTCCCGAATTCGTTT-1,0.000057,0.442122,0.000057,0.362168,0.137704,0.057892
ACTCCCGTAGACTAGG-1,0.004611,0.015799,0.000021,0.213934,0.129833,0.635803
ACTCCCTAATGCTAAA-1,0.000049,0.608934,0.052439,0.329783,0.000147,0.008649
ACTCCCTAGAATAGTA-1,0.000044,0.615511,0.082712,0.285751,0.015849,0.000133
ACTCCGGCCGACCACT-1,0.000024,0.808042,0.191745,0.000047,0.000071,0.000071
ACTCGATGTATTTCAT-1,0.000044,0.022734,0.112794,0.337469,0.501662,0.025297
ACTCGCCGTTCGATAA-1,0.000026,0.060482,0.310682,0.310854,0.114467,0.20349
ACTCGCGATCTGACGC-1,0.000024,0.047575,0.008111,0.260926,0.165159,0.518205
ACTCGTAACCCGTCCT-1,0.000047,0.023592,0.067193,0.557478,0.144143,0.207547
ACTCGTCAGTAATCCC-1,0.000046,0.626242,0.000046,0.373388,0.000139,0.000139
ACTCTAAACCTGGGAT-1,0.000099,0.021314,0.450788,0.527206,0.000296,0.000296
ACTCTCTGACTTAGGT-1,0.00004,0.864886,0.00004,0.134798,0.000119,0.000119
ACTCTCTTATACACGA-1,0.000019,0.10847,0.044138,0.008474,0.322644,0.516255
ACTCTGACCTAATAGA-1,0.000017,0.724413,0.070923,0.000033,0.021568,0.183047
ACTCTTCAGCTCCCGC-1,0.000025,0.030411,0.004466,0.306755,0.196303,0.462039
ACTCTTGTATAGTAAC-1,0.000038,0.55144,0.098459,0.094151,0.255798,0.000114
ACTGAAACGCCGTTAG-1,0.000035,0.716025,0.00433,0.054489,0.136092,0.089029
ACTGAATGGCGAAAGT-1,0.000072,0.746918,0.13068,0.119646,0.000216,0.002467
ACTGATTTAGTGATTC-1,0.000029,0.000029,0.19955,0.278181,0.252485,0.269726
ACTGCCCGCCATTCTC-1,0.00001,0.00001,0.386118,0.043181,0.002785,0.567896
ACTGCCGTCGTAACTC-1,0.000025,0.000025,0.000025,0.1674,0.75519,0.077336
ACTGCGGACACACCGT-1,0.00001,0.00001,0.000869,0.00002,0.370362,0.62873
ACTGCTCGGAAGGATG-1,0.001903,0.00004,0.261126,0.673339,0.037689,0.025904
