Barcode,Topic 1,Topic 2,Topic 3,Topic 4,Topic 5to8
AAACAATCTACTAGCA-1,0.726307,0.003332,0.001994,0.006686,0.26168
AAACAGAGCGACTCCT-1,0.000087,0.006801,0.010874,0.053878,0.92836
AAACATTTCCCGGATT-1,0.009632,0.007866,0.632415,0.103792,0.246295
AAACCGGAAATGTTAA-1,0.380265,0.317423,0.193404,0.024811,0.084097
AAACCGTTCGTCCAGG-1,0.305162,0.465516,0.216124,0.000031,0.013168
AAACCTAAGCAGCCGG-1,0.02491,0.237901,0.357073,0.16332,0.216796
AAACGAAGAACATACC-1,0.808711,0.002281,0.000123,0.008853,0.180031
AAACGAGACGGTTGAT-1,0.002019,0.013485,0.078052,0.246563,0.65988
AAACGCTGGGCACGAC-1,0.097028,0.168995,0.224176,0.19221,0.31759
AAACGGGCGTACGGGT-1,0.051558,0.053378,0.293069,0.291139,0.310856
AAACTCGTGATATAAG-1,0.036924,0.080119,0.471519,0.017201,0.394237
AAACTGCTGGCTCCAA-1,0.208758,0.24514,0.509065,0.001509,0.035528
AAACTTGCAAACGTAT-1,0.46002,0.539767,0.000036,0.000036,0.000142
AAAGACCCAAGTCGCG-1,0.002533,0.002235,0.063565,0.045831,0.885836
AAAGACTGGGCGCTTT-1,0.012402,0.11971,0.751193,0.025273,0.091422
AAAGGCTACGGACCAT-1,0.001162,0.001852,0.631938,0.031698,0.33335
AAAGGCTCTCGCGCCG-1,0.20255,0.343172,0.366057,0.022763,0.065457
AAAGGGATGTAGCAAG-1,0.011146,0.091447,0.139389,0.049343,0.708675
AAAGGGCAGCTTGAAT-1,0.025083,0.537058,0.093739,0.22794,0.116179
AAAGTAGCATTGCTCA-1,0.018195,0.132201,0.631751,0.111501,0.106351
AAAGTCACTGATGTAA-1,0.108375,0.034063,0.071252,0.017701,0.76861
AAAGTGCCATCAATTA-1,0.025722,0.036182,0.414916,0.164444,0.358736
AAAGTGTGATTTATCT-1,0.414662,0.197101,0.277322,0.003024,0.107891
AAAGTTGACTCCCGTA-1,0.246009,0.229041,0.373844,0.006363,0.144744
AAATAACCATACGGGA-1,0.000225,0.054772,0.005423,0.094317,0.845263
AAATAAGGTAGTGCCC-1,0.533671,0.358099,0.076308,0.006009,0.025913
AAATAGCTTAGACTTT-1,0.015719,0.009444,0.676481,0.026975,0.27138
AAATAGGGTGCTATTG-1,0.898616,0.000047,0.101103,0.000047,0.000187
AAATCCGATACACGCC-1,0.031304,0.000009,0.51043,0.069761,0.388497
AAATCGTGTACCACAA-1,0.343974,0.117193,0.452156,0.002529,0.084148
AAATCTAGCCCTGCTA-1,0.250267,0.038004,0.341767,0.006824,0.363138
AAATGATTCGATCAGC-1,0.081422,0.301865,0.147853,0.065485,0.403374
AAATGCTCGTTACGTT-1,0.026694,0.474806,0.010967,0.060158,0.427375
AAATGGCATGTCTTGT-1,0.210399,0.185546,0.069683,0.019776,0.514596
AAATGGTCAATGTGCC-1,0.011417,0.116433,0.229336,0.409307,0.233507
AAATGTATCTTATCCC-1,0.046872,0.197008,0.64868,0.039454,0.067986
AAATTAACGGGTAGCT-1,0.079085,0.242685,0.191919,0.232274,0.254037
AAATTACACGACTCTG-1,0.041176,0.034813,0.042272,0.089648,0.792091
AAATTACCTATCGATG-1,0.047993,0.170106,0.08066,0.164335,0.536906
AAATTCCAGGTCCAAA-1,0.412302,0.022327,0.228855,0.00011,0.336406
AAATTGATAGTCCTTT-1,0.009017,0.141425,0.351747,0.372544,0.125267
AAATTGCGGCGGTTCT-1,0.160316,0.014544,0.011862,0.009238,0.80404
AAATTTACCGAAATCC-1,0.617095,0.009785,0.011259,0.020537,0.341325
AACAACTGGTAGTTGC-1,0.203737,0.287788,0.241573,0.052312,0.21459
AACAATACATTGTCGA-1,0.242842,0.115481,0.192314,0.192656,0.256707
AACAATTACTCTACGC-1,0.000028,0.467683,0.204352,0.309581,0.018356
AACACACGCTCGCCGC-1,0.270185,0.000066,0.338684,0.000129,0.390936
AACACGACTGTACTGA-1,0.203281,0.21023,0.02834,0.010658,0.547492
AACACGAGACGCGGCC-1,0.669238,0.330582,0.00003,0.00003,0.00012
AACACGCGGCCGCGAA-1,0.064015,0.010399,0.152214,0.009782,0.763589
AACAGCTGTGTGGCAA-1,0.040735,0.034813,0.301839,0.125093,0.497521
AACAGGAAATCGAATA-1,0.042452,0.059632,0.078945,0.02912,0.789852
AACAGGATGGGCCGCG-1,0.079827,0.72123,0.131946,0.048094,0.018902
AACAGGTAGTATGGAT-1,0.382128,0.357314,0.058988,0.128149,0.073422
AACATATCAACTGGTG-1,0.00617,0.334209,0.059919,0.294303,0.305399
AACATTGGTCAGCCGT-1,0.488511,0.009369,0.005907,0.009297,0.486916
AACATTGTGACTCGAG-1,0.023147,0.336686,0.370942,0.126931,0.142293
AACCAAGACTTCTCTG-1,0.461336,0.00344,0.357778,0.055557,0.121888
AACCAGTATCACTCTT-1,0.568842,0.016902,0.008366,0.036203,0.369687
AACCATGGGATCGCTA-1,0.130927,0.124366,0.04294,0.012516,0.689251
AACCCAGAGACGGAGA-1,0.107224,0.000013,0.04372,0.005429,0.843614
AACCCGAGCAGAATCG-1,0.018274,0.020856,0.714378,0.038129,0.208363
AACCCTACTGTCAATA-1,0.011787,0.003086,0.50456,0.041817,0.43875
AACCCTGGTGGAACCA-1,0.475674,0.03351,0.006782,0.012307,0.471728
AACCGAGCTTGGTCAT-1,0.000008,0.000482,0.004038,0.147337,0.848135
AACCGCTAAGGGATGC-1,0.737579,0.086969,0.138538,0.007932,0.028982
AACCGTTGTGTTTGCT-1,0.129147,0.194486,0.042947,0.055405,0.578016
AACCTCGCTTTAGCCC-1,0.004795,0.007569,0.542574,0.101429,0.343633
AACCTTTAAATACGGT-1,0.694346,0.277942,0.027415,0.000059,0.000237
AACCTTTACGACGTCT-1,0.00001,0.194673,0.010955,0.098966,0.695395
AACGACCTCCTAGCCG-1,0.099744,0.029481,0.24553,0.197396,0.427849
AACGATAATGCCGTAG-1,0.467463,0.010619,0.391807,0.000063,0.130048
AACGATAGAAGGGCCG-1,0.068674,0.385302,0.011499,0.00554,0.528985
AACGATATGTCAACTG-1,0.041182,0.129608,0.067815,0.063472,0.697923
AACGCATGATCTGGGT-1,0.000006,0.006835,0.058401,0.562636,0.372122
AACGCGAACGGCAACA-1,0.036692,0.155015,0.040852,0.004981,0.76246
AACGCGGTCTCCAGCC-1,0.008808,0.131738,0.021204,0.043695,0.794555
AACGCTGTTGCTGAAA-1,0.518205,0.013116,0.311224,0.005161,0.152295
AACGGCCATCTCCGGT-1,0.337827,0.598369,0.060896,0.002561,0.000347
AACGTACTGTGGGTAC-1,0.803648,0.19602,0.000055,0.000055,0.000221
AACGTCAGACTAGTGG-1,0.038869,0.380732,0.045481,0.211316,0.323602
AACGTGATGAAGGACA-1,0.027944,0.023135,0.066213,0.050385,0.832323
AACGTGCGAAAGTCTC-1,0.026443,0.130207,0.194453,0.196606,0.452291
AACGTTATCAGCACCT-1,0.003159,0.658628,0.047155,0.271531,0.019527
AACGTTCTACCATTGT-1,0.180754,0.102078,0.220202,0.235474,0.261492
AACTACCCGTTTGTCA-1,0.940692,0.005521,0.013673,0.000047,0.040066
AACTAGCGTATCGCAC-1,0.860672,0.000022,0.000022,0.000022,0.139261
AACTAGGCTTGGGTGT-1,0.501219,0.065207,0.284108,0.002199,0.147267
AACTCAAGTTAATTGC-1,0.059552,0.08914,0.748283,0.023336,0.079688
AACTCCAGAGCGTGTT-1,0.004833,0.001913,0.5841,0.023353,0.385801
AACTCCTAATCCCATG-1,0.040329,0.356114,0.005297,0.01339,0.584869
AACTCGATAAACACGT-1,0.105661,0.237735,0.011787,0.009395,0.635421
AACTCGATGGCGCAGT-1,0.022033,0.054636,0.073522,0.031246,0.818563
AACTCTCAATAGAGCG-1,0.022227,0.092221,0.190253,0.360918,0.334381
AACTCTCAGTGTGCTC-1,0.036126,0.011397,0.843622,0.011465,0.09739
AACTGATATTAGGCCT-1,0.080089,0.101996,0.069752,0.028347,0.719816
AACTGGGTCCCGACGT-1,0.059581,0.245788,0.005784,0.013914,0.674933
AACTGGTGTGGGCCTT-1,0.210212,0.016839,0.150971,0.024895,0.597082
AACTTCTGCGTCTATC-1,0.00815,0.779572,0.002234,0.157331,0.052714
AACTTGCCCGTATGCA-1,0.000395,0.607758,0.203258,0.16815,0.020439
AACTTGCGTTCTCGCG-1,0.113752,0.125381,0.066743,0.029827,0.664297
AACTTTACGGGAGCTT-1,0.221992,0.476949,0.120468,0.045224,0.135367
AACTTTAGCTGCTGAG-1,0.54145,0.016228,0.012402,0.026291,0.403628
AAGAAGGATCAGTTAG-1,0.007548,0.14996,0.027052,0.03144,0.784
AAGACATACGTGGTTT-1,0.036513,0.099751,0.221506,0.223745,0.418485
AAGACCCAACTGAACA-1,0.027744,0.036915,0.687662,0.037216,0.210462
AAGACTAACCCGTTGT-1,0.215278,0.005203,0.034459,0.007335,0.737726
AAGACTGCAAGCTACT-1,0.017077,0.028496,0.070086,0.474696,0.409645
AAGAGATGAATCGGTA-1,0.028979,0.109389,0.128376,0.50622,0.227036
AAGAGCTCTTTATCGG-1,0.012345,0.026684,0.074045,0.356572,0.530354
AAGAGGCATGGATCGC-1,0.018432,0.068201,0.146399,0.243227,0.523741
AAGAGGCCCTTTGGAA-1,0.035052,0.207085,0.50306,0.101142,0.153662
AAGATGGCACCGGACC-1,0.035647,0.061,0.519753,0.116121,0.267479
AAGATTGGCGGAACGT-1,0.01489,0.079011,0.020146,0.269017,0.616936
AAGCACCCTGCGTATC-1,0.09523,0.188661,0.613542,0.014697,0.087871
AAGCATACTCTCCTGA-1,0.718301,0.112583,0.165077,0.000095,0.003944
AAGCCGAAGCGGTTTA-1,0.321602,0.290387,0.146187,0.064923,0.176901
AAGCCGGAGAGCAGGA-1,0.000006,0.000916,0.424592,0.132721,0.441765
AAGCGGCGTCATGGGT-1,0.000007,0.027771,0.009175,0.295764,0.667283
AAGCGTCCCTCATCGA-1,0.018735,0.335113,0.301013,0.162494,0.182646
AAGCTAGATCGAGTAA-1,0.999432,0.000081,0.000081,0.000081,0.000324
AAGCTCGTGCCAAGTC-1,0.075555,0.318114,0.091521,0.136795,0.378015
AAGCTCTTTCATGGTG-1,0.273132,0.055143,0.501076,0.005136,0.165514
AAGGAGAACTTATAAG-1,0.639508,0.006711,0.001224,0.010995,0.341562
AAGGAGCGGTTGGTGC-1,0.008302,0.211478,0.119828,0.433805,0.226587
AAGGATGAGGGACCTC-1,0.139815,0.134071,0.046236,0.089064,0.590813
AAGGCGCGTAAAGCTT-1,0.0266,0.252237,0.103007,0.197228,0.420929
AAGGCTGTGCTCATCG-1,0.056559,0.18674,0.185449,0.310621,0.260631
AAGGGACAGATTCTGT-1,0.000649,0.028759,0.027275,0.292366,0.650951
AAGGTATCCTAATATA-1,0.007319,0.042539,0.023144,0.098296,0.828702
AAGGTGATAAACCAGC-1,0.415927,0.137162,0.347546,0.002589,0.096777
AAGTAGAAGACCGGGT-1,0.025018,0.101026,0.041947,0.048383,0.783627
AAGTAGTGACGCGAGG-1,0.015784,0.350935,0.556682,0.043229,0.033371
AAGTCAATTGTCGTCA-1,0.412516,0.009378,0.335969,0.011701,0.230436
AAGTGAGTCGGGTTTA-1,0.025395,0.148575,0.499176,0.063079,0.263774
AAGTGCAAAGGTAGAC-1,0.029429,0.541876,0.409061,0.018407,0.001228
AAGTGCCTTGACTGTA-1,0.246243,0.176054,0.213728,0.063653,0.300321
AAGTGCGTTAGAATCT-1,0.006104,0.004816,0.865135,0.059572,0.064374
AAGTGTTTGGAGACGG-1,0.521229,0.00009,0.290235,0.00009,0.188357
AAGTTCACTCCAAGCT-1,0.30284,0.29198,0.333205,0.004688,0.067286
AAGTTCAGTCTGCGTA-1,0.020457,0.146853,0.024822,0.205795,0.602073
AAGTTGTGATGTTATA-1,0.017635,0.012926,0.196831,0.455246,0.317362
AAGTTTACTAATGGCA-1,0.763945,0.00245,0.000018,0.005306,0.228282
AATAACAACGCTCGGC-1,0.789947,0.209864,0.000032,0.000032,0.000126
AATAACACTAGAACAA-1,0.124266,0.000501,0.749243,0.008733,0.117256
AATAAGTCCTCGAGAC-1,0.684996,0.049563,0.001261,0.020106,0.244074
AATAATCTTCGTATCG-1,0.463849,0.429325,0.102552,0.000053,0.004222
AATACAATGTTTCAGG-1,0.008248,0.758292,0.035917,0.187251,0.010292
AATAGAACAGAGTGGC-1,0.420066,0.400647,0.178664,0.000051,0.000572
AATAGAATCTGTTTCA-1,0.624274,0.067274,0.239454,0.01508,0.053917
AATAGCTACCGCGTGC-1,0.00195,0.026403,0.297274,0.38043,0.293942
AATAGTCCGTCCCGAC-1,0.230342,0.507846,0.243213,0.004803,0.013796
AATAGTCGCGAGTCGG-1,0.000024,0.418303,0.25686,0.266871,0.057943
AATATCAAGGTCGGAT-1,0.028863,0.040216,0.049653,0.084388,0.79688
AATATCGAATCAATGC-1,0.834361,0.00006,0.077239,0.00006,0.08828
AATATCGAGGGTTCTC-1,0.027619,0.23729,0.110363,0.265479,0.359249
AATCAGACTGCAGGAC-1,0.170454,0.021667,0.052284,0.00638,0.749215
AATCATGTAAAGACTC-1,0.361869,0.085824,0.277914,0.084538,0.189855
AATCCAAGGGCCTGAG-1,0.058269,0.049446,0.052105,0.014916,0.825264
AATCCATGCAAGGGTG-1,0.054212,0.161782,0.031652,0.012636,0.739718
AATCGCCTCAGCGCCA-1,0.006855,0.117599,0.318091,0.358739,0.198717
AATCGGGACACTACGA-1,0.054315,0.003613,0.079149,0.019689,0.843234
AATCTAGGTTTACTTG-1,0.002467,0.427091,0.237198,0.174903,0.158341
AATCTATGCCGGAGCC-1,0.001655,0.08031,0.356905,0.195255,0.365876
AATCTGCGTTGGGACG-1,0.004653,0.155646,0.065059,0.215457,0.559185
AATGACAGCAATGTCT-1,0.198236,0.601368,0.200148,0.00005,0.000198
AATGACGTAGGATGTC-1,0.029732,0.002274,0.756711,0.015035,0.196248
AATGACTGTCAGCCGG-1,0.041671,0.109815,0.048615,0.127406,0.672493
AATGAGTTCGCATATG-1,0.04491,0.433538,0.004949,0.137889,0.378714
AATGATGATACGCTAT-1,0.01553,0.138321,0.008224,0.219371,0.618554
AATGATGCGACTCCTG-1,0.028322,0.217948,0.064615,0.221571,0.467544
AATGCAACCGGGTACC-1,0.131415,0.248593,0.090393,0.041033,0.488566
AATGCACCAAGCAATG-1,0.099277,0.105157,0.041661,0.065736,0.68817
AATGGTCCACCGTTCA-1,0.069226,0.521021,0.398919,0.002889,0.007945
AATGGTTCTCACAAGC-1,0.006233,0.174651,0.031368,0.175383,0.612365
AATGTGCCCGAGGTGT-1,0.09903,0.284102,0.270302,0.116449,0.230117
AATGTTGTCGTGAGAC-1,0.127787,0.076248,0.298701,0.230492,0.266772
AATTAAAGGTCGGCGT-1,0.165977,0.140041,0.575271,0.013122,0.105589
AATTAACGGATTTCCA-1,0.362461,0.485485,0.138313,0.003712,0.010029
AATTACTCGTACGCTC-1,0.00747,0.567933,0.010086,0.195195,0.219317
AATTAGCGCTGCAGCG-1,0.333828,0.280177,0.194353,0.067295,0.124347
AATTCATAAGGGATCT-1,0.05363,0.126939,0.063929,0.031704,0.723799
AATTCCAACTTGGTGA-1,0.517236,0.0173,0.002072,0.011853,0.451539
AATTCCAAGCATGTAC-1,0.078359,0.145805,0.384481,0.149632,0.241723
AATTCGATTCGAGGAT-1,0.032211,0.325384,0.337312,0.111577,0.193517
AATTCTAGAGTTAGGC-1,0.999068,0.000133,0.000133,0.000133,0.000532
AATTGAACGCTCTGGT-1,0.091175,0.210989,0.582261,0.030857,0.084717
AATTGCAGCAATCGAC-1,0.043336,0.32395,0.250232,0.10235,0.280132
AATTGTGGTTGCCAAA-1,0.061765,0.323362,0.179902,0.197719,0.237252
AATTTGGGACATAGTA-1,0.003274,0.104086,0.006003,0.091266,0.795371
AATTTGGTTCCAAAGA-1,0.09749,0.005151,0.095425,0.013598,0.788337
ACAAAGCATGACCTAG-1,0.000013,0.066795,0.527979,0.121234,0.283978
ACAAATCGCACCGAAT-1,0.352886,0.007332,0.276492,0.024455,0.338835
ACAAATGGTAGTGTTT-1,0.145167,0.205054,0.528834,0.011947,0.108998
ACAACAGCATGAGCTA-1,0.004743,0.018383,0.083682,0.340635,0.552557
ACAACGGTCCCTGCGA-1,0.016433,0.31619,0.061094,0.329431,0.276852
ACAAGCAGTGCCTAGC-1,0.000026,0.365118,0.29538,0.319178,0.020297
ACAAGGAAATCCGCCC-1,0.626233,0.040228,0.202953,0.001151,0.129436
ACAAGGACAAGAGGTT-1,0.188962,0.357508,0.173037,0.072793,0.2077
ACAAGGATGCTTTAGG-1,0.062807,0.036964,0.632309,0.038284,0.229636
ACAAGGGCAGGCTCTG-1,0.149074,0.001132,0.58706,0.01241,0.250324
ACAATCCATTTAAACC-1,0.406647,0.441956,0.133316,0.003273,0.014808
ACAATGAATACGGAGA-1,0.002379,0.154863,0.317128,0.402839,0.122792
ACAATTGTGTCTCTTT-1,0.999577,0.00006,0.00006,0.00006,0.000242
ACAATTTAGGAGGCTC-1,0.868041,0.131578,0.000063,0.000063,0.000254
ACAATTTGAGCAGTGG-1,0.000261,0.003473,0.007591,0.196491,0.792184
ACACAAAGACGGGTGG-1,0.002366,0.002697,0.012882,0.112913,0.869142
ACACACCAGGACCAGT-1,0.23654,0.099871,0.479619,0.002121,0.181849
ACACACTTTCTACACG-1,0.087054,0.021681,0.101735,0.050823,0.738707
ACACATTGACGCAACA-1,0.027687,0.225983,0.027201,0.186542,0.532588
ACACCACATAATTAGC-1,0.497449,0.032281,0.144701,0.012012,0.313556
ACACCCAGCATGCAGC-1,0.003809,0.080954,0.045744,0.123179,0.746313
ACACCCGAGAAATCCG-1,0.031046,0.101841,0.050819,0.01633,0.799964
ACACCGAGCGCTCTTT-1,0.006887,0.763405,0.007593,0.172193,0.049922
ACACCTTAAGTAGGGC-1,0.01767,0.08932,0.089246,0.154517,0.649248
ACACGAGACTCCTTCT-1,0.027312,0.147306,0.042505,0.355312,0.427566
ACACGGCACTATGCAT-1,0.409146,0.088507,0.033392,0.087753,0.381203
ACACGGGAACTTAGGG-1,0.08522,0.182506,0.03304,0.158757,0.540477
ACACGTAGGCCACAAG-1,0.009869,0.085905,0.631375,0.069512,0.203338
ACACTCCAATGTCACT-1,0.004514,0.775772,0.001773,0.140779,0.077162
ACACTGATCAAGGTGT-1,0.420591,0.508326,0.070828,0.000051,0.000205
ACACTGGGACAGTCGT-1,0.001928,0.001323,0.437962,0.109911,0.448876
ACAGAACTGAGAACAA-1,0.027348,0.302866,0.441626,0.097712,0.130448
ACAGATTAGGTTAGTG-1,0.062445,0.052436,0.078854,0.015711,0.790554
ACAGCATAGAGCCAGT-1,0.007454,0.008376,0.076358,0.073211,0.834601
ACAGCGACATTCTCAT-1,0.261709,0.043094,0.490901,0.125708,0.078588
ACAGCGCACCCGCAGC-1,0.074986,0.231493,0.089574,0.009136,0.594811
ACAGGCTTGCCCGACT-1,0.562353,0.05254,0.303821,0.006172,0.075114
ACAGGTGGAGGTGAGG-1,0.513513,0.409951,0.076307,0.000046,0.000183
ACATAATAAGGCGGTG-1,0.053157,0.193791,0.014228,0.036846,0.701978
ACATCAGCTGGGACGC-1,0.75408,0.232018,0.013434,0.000094,0.000375
ACATCCCGGCCATACG-1,0.251686,0.289063,0.450066,0.001596,0.007589
ACATCCTGGTAACTGT-1,0.220487,0.153943,0.337314,0.021367,0.266889
ACATCGATCGTTTACC-1,0.017651,0.004268,0.782498,0.006804,0.188779
ACATCGGTCAGCCGCG-1,0.762719,0.000092,0.048476,0.014897,0.173816
ACATCGTATGCAATGG-1,0.136771,0.025303,0.580383,0.021214,0.236329
ACATCGTTAACCTAGT-1,0.150227,0.058125,0.127343,0.035185,0.62912
ACATGGCGCCAAAGTA-1,0.109231,0.124356,0.441385,0.002271,0.322757
ACATGGCTCAATTTAG-1,0.05182,0.320382,0.009314,0.00329,0.615194
ACATTAGTTTATATCC-1,0.998994,0.000144,0.000144,0.000144,0.000575
ACCAACACCACACACT-1,0.061598,0.000012,0.333242,0.100516,0.504632
ACCAACCGCACTCCAC-1,0.007921,0.052409,0.298216,0.225181,0.416272
ACCAACGCTTATTTAT-1,0.327021,0.394591,0.2771,0.000043,0.001244
ACCAAGAACGCGTGTC-1,0.063088,0.119428,0.04126,0.017002,0.759221
ACCAATATGCAAGTTA-1,0.315753,0.19592,0.305019,0.01604,0.167268
ACCACAAGTTTCTATC-1,0.066931,0.253742,0.15217,0.260561,0.266596
ACCACCAATGTAACAA-1,0.518656,0.086583,0.234248,0.008678,0.151835
ACCACGTGCAGCTATA-1,0.682089,0.182822,0.121961,0.001386,0.011743
ACCACTGTTCAAGAAG-1,0.020862,0.440267,0.004535,0.269489,0.264847
ACCAGGAGTGTGATCT-1,0.5935,0.012616,0.004316,0.006091,0.383476
ACCAGTGCCCGGTCAA-1,0.012232,0.012911,0.048174,0.027563,0.899119
ACCAGTGCGGGAGACG-1,0.999687,0.000045,0.000045,0.000045,0.000179
ACCATATCCGCAATAA-1,0.002127,0.026386,0.521538,0.128562,0.321386
ACCATCGTATATGGTA-1,0.904171,0.000041,0.087981,0.000041,0.007766
ACCATTAAGGGTGTCA-1,0.225672,0.673534,0.010874,0.023457,0.066463
ACCCAACGCCCGTGGC-1,0.12481,0.060003,0.123558,0.121263,0.570367
ACCCACCTACATGCTC-1,0.025887,0.613031,0.006039,0.354351,0.000693
ACCCATCTTGAGGGTA-1,0.289122,0.634384,0.068012,0.000053,0.008429
ACCCATTTGTCCCTCT-1,0.1262,0.249941,0.467727,0.034354,0.121778
ACCCGGAAACTCCCAG-1,0.698784,0.007707,0.24798,0.01414,0.031388
ACCCGGAGCACCACAA-1,0.001221,0.001684,0.694844,0.047273,0.254978
ACCCGGATGACGCATC-1,0.011247,0.085376,0.499076,0.13125,0.273051
ACCCGGTTACACTTCC-1,0.629258,0.250747,0.106147,0.000042,0.013806
ACCCGTAGTCTAGTTG-1,0.08445,0.303457,0.19079,0.179052,0.242251
ACCCGTGTCATCAGTA-1,0.085839,0.042318,0.731217,0.013155,0.127471
ACCCTATAGGACTGAG-1,0.00042,0.110579,0.003752,0.507192,0.378057
ACCCTATGCCATATCG-1,0.044535,0.092863,0.552911,0.070823,0.238868
ACCCTCCCTTGCTATT-1,0.68617,0.178673,0.114501,0.01519,0.005467
ACCCTTCATCTGCGAA-1,0.046928,0.012417,0.032097,0.303053,0.605505
ACCGAAAGGGCCCTGC-1,0.150549,0.099244,0.056235,0.014663,0.679309
ACCGACACATCTCCCA-1,0.022303,0.004909,0.654853,0.108,0.209935
ACCGACTGAGTCCCAC-1,0.057188,0.079885,0.015941,0.283032,0.563954
ACCGATAGGCATAACC-1,0.000011,0.005304,0.46805,0.129512,0.397123
ACCGATATTTAATCAT-1,0.24479,0.432901,0.313677,0.000055,0.008578
ACCGATGGTAGCATCG-1,0.000545,0.025402,0.235527,0.247966,0.490561
ACCGCAATAACTGCCT-1,0.771076,0.000067,0.152533,0.000067,0.076258
ACCGCGGTGGAAGTCG-1,0.999237,0.000664,0.000017,0.000017,0.000066
ACCGGGCCTTTGTTGA-1,0.924559,0.000042,0.054444,0.000042,0.020913
ACCGTGACCACGTGGG-1,0.098281,0.083666,0.42448,0.137078,0.256496
ACCGTTCCCGCTCTGA-1,0.715496,0.018704,0.001769,0.018989,0.245042
ACCTAAGTACCTTTCA-1,0.674684,0.028976,0.255734,0.039607,0.001
ACCTAATCGACTTCCT-1,0.067493,0.648792,0.281145,0.002408,0.000162
ACCTCCGCCCTCGCTG-1,0.231696,0.190268,0.469031,0.00442,0.104585
ACCTCCGTTATTCACC-1,0.334732,0.388904,0.140696,0.001027,0.13464
ACCTGCGTGTCATGTT-1,0.449282,0.48656,0.051146,0.003955,0.009057
ACGAAATGGGCGGCAC-1,0.034979,0.048274,0.813742,0.022089,0.080915
ACGACCCATGAGTTGC-1,0.021859,0.169729,0.565442,0.0724,0.17057
ACGAGAACCCATCACG-1,0.326507,0.020462,0.011859,0.007202,0.63397
ACGAGATATTTGCTTA-1,0.071081,0.001744,0.170411,0.024608,0.732155
ACGAGGATACCACTCT-1,0.000274,0.086744,0.587731,0.101227,0.224024
ACGAGTACGGATGCCC-1,0.00001,0.000594,0.210789,0.284726,0.503881
ACGATACATAGAACTA-1,0.005537,0.036208,0.022395,0.129594,0.806266
ACGATCATACATAGAG-1,0.099415,0.260206,0.029965,0.028285,0.582128
ACGATCATCTTGTAAA-1,0.03381,0.17246,0.469547,0.066336,0.257847
ACGATGCATATGTTAT-1,0.066168,0.187463,0.60788,0.020964,0.117524
ACGATGGATCCGATGC-1,0.098348,0.128954,0.059952,0.005622,0.707125
ACGCAAACTAATAGAT-1,0.033868,0.21473,0.385222,0.063545,0.302635
ACGCAATCACTACAGC-1,0.130347,0.209406,0.192876,0.110434,0.356937
ACGCATACGTTTACTA-1,0.284343,0.333608,0.259366,0.010591,0.112092
ACGCATTCGTGAGTAC-1,0.01989,0.429987,0.020063,0.248124,0.281937
ACGCCAGATGATTTCT-1,0.188522,0.021122,0.058122,0.035922,0.696312
ACGCCGCTAGACGACC-1,0.013944,0.087177,0.609671,0.075474,0.213734
ACGCGAAGTCAGACGA-1,0.310733,0.238837,0.20957,0.139407,0.101453
ACGCGGGCCAAGGACA-1,0.05535,0.327865,0.135294,0.090632,0.390859
ACGCGTTTCTTAAGAG-1,0.343737,0.655954,0.000051,0.000051,0.000206
ACGCTACTGAATGGGC-1,0.138168,0.1787,0.214025,0.256507,0.212601
ACGCTAGTGATACACT-1,0.003197,0.167479,0.035022,0.36543,0.428872
ACGGAATTTAGCAAAT-1,0.009036,0.116283,0.030751,0.156682,0.687247
ACGGACTCTCAAAGCG-1,0.028814,0.02069,0.710006,0.010346,0.230144
ACGGAGCGCAAATTAC-1,0.010891,0.064987,0.168514,0.208169,0.54744
ACGGATGGTGCGGATA-1,0.278566,0.21841,0.407823,0.000186,0.095014
ACGGCACTTGCTTGGG-1,0.981196,0.017441,0.001148,0.000043,0.000172
ACGGCCAACATGGACT-1,0.700228,0.279469,0.019989,0.000063,0.000252
ACGGCGACGATGGGAA-1,0.576175,0.084152,0.305056,0.000105,0.034512
ACGGCGGGTTGCCCTG-1,0.397628,0.005134,0.040471,0.015137,0.541629
ACGGGAGTGTCGGCCC-1,0.384206,0.601676,0.013822,0.000059,0.000237
ACGGGCGTATGCGACA-1,0.326616,0.080132,0.099823,0.024887,0.468542
ACGGGTCATGTGACTT-1,0.078808,0.747933,0.007143,0.131543,0.034574
ACGTACAGATTTCTCT-1,0.009206,0.007654,0.173577,0.056401,0.753162
ACGTAGATTGCTGATG-1,0.094986,0.226971,0.028615,0.169473,0.479956
ACGTATTACTCCGATC-1,0.027475,0.130738,0.658011,0.024989,0.158787
ACGTGCGCCTCGTGCA-1,0.198067,0.157902,0.010542,0.023836,0.609653
ACGTTAATGTCGAAGA-1,0.004957,0.028747,0.542654,0.129872,0.293771
ACGTTAGATTTGCCCG-1,0.357417,0.486518,0.125074,0.001306,0.029684
ACGTTATTGGTCACTC-1,0.003161,0.459171,0.044105,0.353344,0.140219
ACGTTCCGCGCTCCGT-1,0.070459,0.004476,0.033329,0.115993,0.775743
ACGTTCGCAATCAATT-1,0.246927,0.399434,0.251271,0.004019,0.098349
ACGTTCGTTCAGGAAA-1,0.016062,0.068187,0.451622,0.077562,0.386567
ACGTTCTGTACAAGTC-1,0.012755,0.09686,0.304119,0.19674,0.389526
ACGTTTAGTTGTGATC-1,0.071143,0.093019,0.098608,0.043383,0.693847
ACGTTTCGGTGCACTT-1,0.164765,0.011299,0.219497,0.240946,0.363494
ACTACCAGCTCTCTGG-1,0.097298,0.156929,0.116631,0.136082,0.49306
ACTACGCGTTAGAATT-1,0.04022,0.043215,0.69704,0.049461,0.170064
ACTAGTTGCGATCGTC-1,0.807719,0.003782,0.105178,0.000106,0.083215
ACTATATGCTGTGTTC-1,0.016081,0.132615,0.024232,0.471452,0.35562
ACTATCCAGGGCATGG-1,0.333997,0.413843,0.138396,0.005161,0.108601
ACTATCGCCGGCTAAA-1,0.012631,0.439495,0.003766,0.404506,0.139602
ACTATCTGCCCGCGTA-1,0.314579,0.466871,0.198785,0.003857,0.015907
ACTATTCGTCCGTGGT-1,0.072836,0.132724,0.039378,0.023027,0.732035
ACTATTTCCGGGCCCA-1,0.253214,0.034133,0.368795,0.086905,0.256952
ACTCAACGAATGTATT-1,0.016588,0.006008,0.033656,0.039516,0.904232
ACTCAAGTGCAAGGCT-1,0.041551,0.001561,0.684258,0.042994,0.229636
ACTCAATAAAGGCACG-1,0.001332,0.021212,0.062408,0.052134,0.862914
ACTCAGACCTGCTTCT-1,0.061408,0.184326,0.028402,0.013874,0.711989
ACTCCCGAATTCGTTT-1,0.030368,0.241454,0.264185,0.123756,0.340237
ACTCCCTAATGCTAAA-1,0.408324,0.496279,0.095175,0.000044,0.000178
ACTCCCTAGAATAGTA-1,0.924691,0.00928,0.065848,0.000036,0.000145
ACTCGATGTATTTCAT-1,0.025791,0.532527,0.042136,0.282572,0.116975
ACTCGCCGTTCGATAA-1,0.025826,0.322702,0.216048,0.27361,0.161814
ACTCGTAACCCGTCCT-1,0.031956,0.050909,0.767976,0.035956,0.113203
ACTCGTCAGTAATCCC-1,0.036837,0.376316,0.184518,0.127579,0.274751
ACTCTAAACCTGGGAT-1,0.063694,0.626024,0.307189,0.002418,0.000675
ACTCTCTGACTTAGGT-1,0.002746,0.000434,0.471373,0.096893,0.428554
ACTCTCTTATACACGA-1,0.110981,0.181828,0.043925,0.039339,0.623928
ACTCTTGTATAGTAAC-1,0.05037,0.313258,0.183818,0.210712,0.241842
ACTGAAACGCCGTTAG-1,0.260466,0.287268,0.29602,0.001644,0.154602
ACTGAATGGCGAAAGT-1,0.490164,0.388,0.119413,0.000032,0.002392
ACTGCCGTCGTAACTC-1,0.133601,0.139078,0.050285,0.029241,0.647795
ACTGTACGATACACAT-1,0.036789,0.018937,0.027882,0.430239,0.486153
ACTGTAGCACTTTGGA-1,0.109319,0.3699,0.190906,0.127621,0.202254
ACTGTATACGCGAGCA-1,0.10824,0.113997,0.015433,0.018087,0.744243
ACTGTCCAGGATTATA-1,0.069547,0.338487,0.249724,0.13806,0.204182
ACTGTCTTCTTTAGAA-1,0.018209,0.024253,0.048791,0.30451,0.604237
ACTGTGCTAGTAGATC-1,0.090079,0.242497,0.017661,0.000833,0.648929
ACTTACCGGGCGCGCA-1,0.008801,0.116853,0.022362,0.030261,0.821723
ACTTACGCATCCACGC-1,0.122837,0.158355,0.436401,0.011012,0.271395
ACTTAGTACGACAAGA-1,0.042874,0.014415,0.045911,0.007193,0.889607
ACTTATACTTACCCGG-1,0.002835,0.011509,0.245271,0.308266,0.432119
ACTTATTAGGATCGGT-1,0.016647,0.097839,0.62668,0.114547,0.144287
ACTTATTTATGTGCCA-1,0.424339,0.17668,0.293923,0.006162,0.098897
ACTTCAGGCTGATCCC-1,0.559105,0.000099,0.130532,0.008989,0.301275
ACTTCCATGCGGGACA-1,0.056634,0.006599,0.58188,0.023462,0.331425
ACTTCGCCATACGCAC-1,0.12614,0.262349,0.024866,0.109091,0.477553
ACTTGACTCCCTCTTT-1,0.064133,0.082008,0.573773,0.059946,0.220141
ACTTGCCATATTGTAC-1,0.854786,0.004102,0.000027,0.010223,0.130862
ACTTGGGACCCGGTGG-1,0.022587,0.411509,0.110507,0.240949,0.214447
ACTTGTGGATGGAACG-1,0.406294,0.550209,0.043175,0.000064,0.000257
ACTTTACCCTCATGAA-1,0.149123,0.370324,0.189084,0.140467,0.151003
ACTTTCCTATAGCTTC-1,0.034229,0.129517,0.035582,0.341903,0.458769
ACTTTGTCGACGCACT-1,0.037745,0.277479,0.54094,0.023308,0.120527
AGAAATTATGACTCGC-1,0.392782,0.385034,0.183237,0.006511,0.032436
AGAACGTGGTACATTC-1,0.036205,0.061879,0.024684,0.129018,0.748213
AGAAGAGCGCCGTTCC-1,0.000149,0.355229,0.214934,0.1407,0.288989
AGAAGGTTGCCGAATT-1,0.608698,0.19427,0.189272,0.000034,0.007726
AGAAGGTTGTAGGTCG-1,0.025807,0.301964,0.389867,0.099177,0.183185
AGAAGTGATTCGTGAT-1,0.093536,0.52648,0.366088,0.00843,0.005467
AGAATTATGGATTCGA-1,0.011457,0.153513,0.131429,0.195465,0.508137
AGAATTGTTTGACATA-1,0.031062,0.269044,0.016548,0.349078,0.334268
AGACAGCTCAGAATCC-1,0.009657,0.687627,0.098769,0.188945,0.015001
AGACAGGCATCTCAGC-1,0.452721,0.523887,0.023128,0.000053,0.00021
AGACATAGATCCTTCC-1,0.07277,0.176306,0.090571,0.065947,0.594407
AGACCATGGGATACAA-1,0.014994,0.257222,0.048868,0.396971,0.281945
AGACCCACCGCTGATC-1,0.999419,0.000082,0.000087,0.000082,0.000329
AGACCCGCCCTCCTCG-1,0.017258,0.014133,0.060057,0.302476,0.606076
AGACCGCTCCGCGGTT-1,0.369926,0.208265,0.313571,0.011645,0.096593
AGACGACGATGCCGCT-1,0.01595,0.105187,0.729894,0.057427,0.091542
AGACGCCCACTTCGCC-1,0.001371,0.000117,0.527067,0.069371,0.402074
AGACTAGCCTTCCAGA-1,0.029556,0.226405,0.154133,0.253155,0.336751
AGACTGTTACCGGGTC-1,0.067229,0.229432,0.364454,0.065244,0.27364
AGAGAACCGTCTAGGA-1,0.028554,0.256434,0.075856,0.070732,0.568424
AGAGAAGGAGTACAAT-1,0.028203,0.128384,0.333192,0.257421,0.2528
AGAGCAGTTATGAGAC-1,0.019195,0.316131,0.591768,0.048002,0.024904
AGAGCCGCCGAGATTT-1,0.018867,0.037255,0.487759,0.164649,0.29147
AGAGCGGGCTAATCAT-1,0.316854,0.163206,0.038897,0.013856,0.467186
AGAGCGTACAAGCTCG-1,0.000416,0.914345,0.020507,0.059103,0.005628
AGAGCTACGAAAGCAT-1,0.016153,0.216734,0.024889,0.019293,0.72293
AGAGGCTTCGGAAACC-1,0.737855,0.058518,0.105799,0.008305,0.089524
AGAGGTATCTCGGTCC-1,0.865456,0.000021,0.000021,0.000021,0.134482
AGATAACTTCAGGGCC-1,0.094364,0.272404,0.313849,0.190328,0.129055
AGATACCAATAGAACC-1,0.022957,0.178068,0.368724,0.235129,0.195123
AGATACCGGTGTTCAC-1,0.539495,0.010427,0.323085,0.00006,0.126934
AGATACGACTTCATAT-1,0.012729,0.159293,0.027964,0.158969,0.641045
AGATACTCAAGATCGA-1,0.163662,0.452225,0.227314,0.004078,0.152721
AGATATAATACGACTA-1,0.026254,0.091989,0.448584,0.158595,0.274577
AGATCGTGCATAAGAT-1,0.020056,0.077194,0.034382,0.233484,0.634884
AGATCTCAGGTGTGAT-1,0.000464,0.000328,0.002479,0.324303,0.672426
AGATGACTCGCCCACG-1,0.00687,0.189012,0.020819,0.052141,0.731158
AGATGAGGGTTGCGAT-1,0.003298,0.193611,0.01887,0.038526,0.745695
AGATGATGGAGTCTGG-1,0.004196,0.009448,0.483118,0.128656,0.374581
AGATGCTATAACGAGC-1,0.002841,0.42035,0.009631,0.337627,0.229552
AGATTATAGGACGTTT-1,0.015125,0.401343,0.317145,0.200385,0.066001
AGCAAAGGCCGCTAGT-1,0.067794,0.240645,0.626046,0.01189,0.053624
AGCAACATATCTTATT-1,0.049491,0.056582,0.584439,0.039652,0.269837
AGCACCAGTACTCACG-1,0.268709,0.187102,0.039829,0.097655,0.406705
AGCACTACCGGCCTGT-1,0.825816,0.17337,0.000136,0.000136,0.000543
AGCACTACCTCACCAG-1,0.599031,0.000794,0.073785,0.005804,0.320586
AGCACTTAAGGACGCC-1,0.095782,0.573133,0.252593,0.057081,0.02141
AGCAGAAGGAGAAAGA-1,0.043134,0.187469,0.381523,0.246952,0.140923
AGCAGCCAGATGAATA-1,0.178849,0.435959,0.35955,0.010667,0.014975
AGCATATCAATATGCT-1,0.441445,0.23893,0.143633,0.074399,0.101594
AGCATCATTTCGAAAG-1,0.004764,0.046316,0.378041,0.138685,0.432193
AGCATCGTCGATAATT-1,0.04818,0.13536,0.020132,0.216703,0.579624
AGCATTACGAGGCAAG-1,0.135837,0.102225,0.272354,0.197578,0.292006
AGCCAAGCTTTGTGTC-1,0.032529,0.074949,0.413322,0.204973,0.274227
AGCCACAGGTTACCCG-1,0.013451,0.04197,0.472701,0.244012,0.227865
AGCCACTCCCGTGCTT-1,0.006912,0.072439,0.041438,0.054722,0.824489
AGCCCGGTAGCCTGTA-1,0.03681,0.011438,0.508081,0.076523,0.367148
AGCCCTAAGCGAAGTT-1,0.163683,0.173694,0.050765,0.040828,0.571031
AGCCCTTCTAATCCGA-1,0.000997,0.045064,0.012818,0.592518,0.348603
AGCCCTTGGACATCCC-1,0.003869,0.005839,0.61226,0.053801,0.324231
AGCCGCTTGATTAGCG-1,0.032035,0.415977,0.003589,0.461159,0.08724
AGCCGTGGCTAAATGT-1,0.018646,0.262793,0.453374,0.152702,0.112485
AGCCTTAAAGCGGAAG-1,0.027303,0.171464,0.070534,0.658819,0.071879
AGCGACAGGAACGGTC-1,0.489268,0.238859,0.253948,0.013278,0.004647
AGCGACATCCCATTCA-1,0.005989,0.073248,0.01612,0.14265,0.761994
AGCGACCAACGATATT-1,0.005065,0.063337,0.029921,0.160428,0.74125
AGCGATGCGCCTAATA-1,0.024849,0.123021,0.392463,0.115174,0.344493
AGCGCATAATGAATCG-1,0.107946,0.33307,0.536688,0.002378,0.019918
AGCGCGGGTGCCAATG-1,0.032766,0.047468,0.041694,0.124586,0.753486
AGCGCTTATGGGCAAG-1,0.167382,0.077061,0.014416,0.062473,0.678668
AGCGGACACTTCGTAG-1,0.112184,0.073512,0.472551,0.105729,0.236024
AGCGGGAAGGGTCCAT-1,0.039196,0.006045,0.076526,0.018736,0.859497
AGCGTACGAGAGCTAG-1,0.017329,0.016906,0.01,0.014427,0.941338
AGCGTAGCGCTAGACC-1,0.55347,0.013864,0.005268,0.005487,0.421911
AGCGTCTGAACCCGCA-1,0.05907,0.112914,0.046462,0.006841,0.774713
AGCGTGGTATTCTACT-1,0.158711,0.016097,0.554955,0.06622,0.204018
AGCTAACAAGCAATGT-1,0.071063,0.164972,0.29311,0.234571,0.236283
AGCTAAGTACGCAGGC-1,0.057346,0.206393,0.478886,0.089057,0.168318
AGCTAGAAGCAGAAGT-1,0.031931,0.355301,0.015275,0.12225,0.475243
AGCTATTTAATCCAAC-1,0.06525,0.161516,0.063067,0.016965,0.693203
AGCTCCATATATGTTC-1,0.107932,0.309019,0.455489,0.060333,0.067227
AGCTCCTTCGCACATC-1,0.456928,0.000122,0.307574,0.000122,0.235254
AGCTCTAGACGTTCCA-1,0.002639,0.01277,0.256827,0.278084,0.449679
AGCTCTTCCCAGTGCA-1,0.087093,0.251229,0.005706,0.036607,0.619366
AGCTCTTCGTAACCTT-1,0.159034,0.304633,0.294687,0.001318,0.240328
AGCTCTTTACTCAGTT-1,0.404648,0.273744,0.302518,0.011798,0.007292
AGCTGAAGTAAACCAA-1,0.036889,0.160473,0.029734,0.039838,0.733065
AGCTGTAACCTCAATC-1,0.026843,0.086038,0.33185,0.278702,0.276567
AGCTTATAGAGACCTG-1,0.714369,0.005686,0.000231,0.022423,0.257291
AGCTTCTTCTCGAGCA-1,0.207789,0.017096,0.380593,0.053766,0.340756
AGGAAAGCCTCTGATG-1,0.063194,0.20174,0.02624,0.01181,0.697017
AGGAACGAACGACTTC-1,0.02289,0.014037,0.211836,0.497191,0.254046
AGGAAGCTGTCCGCCG-1,0.002681,0.019647,0.572215,0.118254,0.287204
AGGACAGTCGAATCCC-1,0.009605,0.008527,0.726913,0.078326,0.176628
AGGACATCGCACGTCG-1,0.228744,0.000016,0.045336,0.003991,0.721913
AGGACATCGGCACACT-1,0.001468,0.315924,0.107182,0.48111,0.094317
AGGACGACCCATTAGA-1,0.571631,0.002209,0.247562,0.000055,0.178544
AGGACGCTCGATGTTG-1,0.001188,0.073189,0.016877,0.241036,0.667711
AGGACTTATAGGAGAA-1,0.072837,0.483845,0.034087,0.154069,0.255163
AGGAGGCCTTCGCGCG-1,0.370378,0.004829,0.549258,0.000066,0.07547
AGGATAAAGTCGGGAT-1,0.985187,0.014534,0.000046,0.000046,0.000186
AGGATATAGGGATTTA-1,0.453198,0.080192,0.230157,0.002636,0.233817
AGGCAATACGGAGGAC-1,0.194124,0.747289,0.000076,0.000694,0.057818
AGGCACGTGACTGTCC-1,0.025692,0.189484,0.543165,0.058445,0.183213
AGGCAGATGCGTAAAC-1,0.074883,0.140632,0.034005,0.070515,0.679965
AGGCAGGGAGCGTACT-1,0.010096,0.009088,0.551024,0.152948,0.276844
AGGCCACATTGGTTAC-1,0.414025,0.160084,0.093272,0.253888,0.078731
AGGCCACCCGTTATGA-1,0.200425,0.224722,0.202598,0.151789,0.220466
AGGCCCAGTGACTGGT-1,0.01462,0.22973,0.020235,0.116641,0.618774
AGGCCCATTGTACAGG-1,0.075114,0.11384,0.047403,0.076852,0.686791
AGGCCCTAGAACGCCA-1,0.837364,0.162157,0.00031,0.000034,0.000135
AGGCCTGAGAATCTCG-1,0.007209,0.003275,0.47654,0.078717,0.434259
AGGCGATAACTGGCGT-1,0.010587,0.019684,0.678405,0.024316,0.267009
AGGCTATGGTTAGCTT-1,0.019283,0.225725,0.020677,0.706991,0.027324
AGGCTTCCCGAAGAAG-1,0.438449,0.552683,0.008425,0.000049,0.000394
AGGCTTGCTAGACACC-1,0.007138,0.809702,0.041115,0.118003,0.024042
AGGGAAACGAGGTACT-1,0.046606,0.240164,0.013552,0.035564,0.664114
AGGGACAGCACGGCGG-1,0.83964,0.001802,0.000025,0.004283,0.15425
AGGGACCGGCTGCGTT-1,0.096909,0.302313,0.311074,0.000752,0.288952
AGGGACTCTACGCGAC-1,0.327602,0.503627,0.168561,0.000042,0.000168
AGGGAGACATACTTCG-1,0.102063,0.10771,0.434241,0.002452,0.353534
AGGGCAGCGGCGTGGT-1,0.140149,0.156508,0.090063,0.02791,0.585371
AGGGCCCTAATGTTCT-1,0.008178,0.241611,0.182469,0.398888,0.168854
AGGGCGAGCAGCTGAT-1,0.710728,0.139968,0.11427,0.023088,0.011947
AGGGCGTGATCGGCTA-1,0.018151,0.005564,0.034129,0.013161,0.928995
AGGGCTGCAGTTACAG-1,0.010383,0.030116,0.141255,0.239617,0.578629
AGGGTCGATGCGAACT-1,0.011035,0.152155,0.276582,0.161646,0.398582
AGGGTCTGGACGCAGT-1,0.085147,0.131969,0.14438,0.317873,0.320632
AGGGTGCTCTCGAGGG-1,0.025316,0.238042,0.22075,0.178524,0.337369
AGGGTGGATAGTGCAT-1,0.130222,0.708587,0.160952,0.000048,0.000191
AGGGTTCCCTTTGGTT-1,0.006373,0.044649,0.063236,0.339978,0.545765
AGGGTTTAGTTCGGGA-1,0.001439,0.137746,0.107957,0.312045,0.440813
AGGTAACCTCCTATTC-1,0.037966,0.069159,0.011975,0.009768,0.871132
AGGTACGATATTGCCA-1,0.012474,0.003956,0.132388,0.031801,0.819381
AGGTAGATCGAGATAT-1,0.032899,0.318256,0.259455,0.158229,0.231161
AGGTAGGTACAAAGCT-1,0.32382,0.542391,0.123261,0.00393,0.006599
AGGTATAATTGATAGT-1,0.095194,0.245462,0.393794,0.032873,0.232677
AGGTCAGGTGAGAGTG-1,0.350919,0.648797,0.000047,0.000047,0.000189
AGGTCGCCACTTCGGT-1,0.637298,0.00817,0.000964,0.006366,0.347202
AGGTCGCCTCCCAACA-1,0.005297,0.034858,0.452449,0.162254,0.345142
AGGTCGCGGAGTTACT-1,0.000008,0.007377,0.075154,0.38549,0.531971
AGGTGGTGACCTTCGC-1,0.294051,0.095577,0.249108,0.225884,0.13538
AGGTGTTGCCGACCAC-1,0.033445,0.420175,0.197131,0.243604,0.105644
AGGTTGAGGCACGCTT-1,0.00001,0.000297,0.010596,0.041437,0.94766
AGGTTTCACACACCTT-1,0.012292,0.059248,0.530728,0.21443,0.183302
AGTAACGTTCATCCTG-1,0.238322,0.006697,0.020839,0.00283,0.731312
AGTAATGTCTTGCCGC-1,0.028422,0.332792,0.024514,0.049286,0.564986
AGTACATCATTTATCA-1,0.001828,0.015816,0.510972,0.132704,0.33868
AGTACGGGCACCTGGC-1,0.019269,0.049728,0.055343,0.079891,0.795769
AGTACGTGGCCTGTCT-1,0.594234,0.018074,0.006609,0.017819,0.363265
AGTACTCTTATGCCCA-1,0.333565,0.290354,0.297106,0.000057,0.078918
AGTAGGAAGGAAGTTG-1,0.00549,0.17795,0.025711,0.155077,0.635771
AGTAGGTAACATACAT-1,0.086459,0.072867,0.081405,0.027262,0.732007
AGTATAATACTAGGCA-1,0.046101,0.569074,0.012171,0.303686,0.068967
AGTATACACAGCGACA-1,0.087371,0.228525,0.346395,0.092691,0.245018
AGTATCCATAATAACG-1,0.291195,0.056399,0.041191,0.031009,0.580206
AGTATTTGGCACGACC-1,0.045489,0.044176,0.708618,0.101754,0.099964
AGTCAACACCACCATC-1,0.395114,0.475144,0.129561,0.000036,0.000144
AGTCAAGATGACACTT-1,0.837874,0.000072,0.080998,0.000072,0.080984
AGTCACTAGCTCTCGA-1,0.391475,0.302621,0.152868,0.016262,0.136773
AGTCACTCCGCCTCAT-1,0.033879,0.090799,0.080732,0.051378,0.743212
AGTCAGCCACCGCCTG-1,0.000644,0.025293,0.002456,0.49264,0.478968
AGTCCAGCGGGTACGT-1,0.335908,0.014676,0.02767,0.007374,0.614373
AGTCCATTGGCTGATG-1,0.101267,0.204437,0.309722,0.021334,0.36324
AGTCCCGCCTTTAATT-1,0.000009,0.023595,0.025037,0.107838,0.84352
AGTCGACGGTCTCAAG-1,0.002194,0.109467,0.274915,0.11808,0.495344
AGTCGGCCCAAACGAC-1,0.174685,0.010906,0.195643,0.115311,0.503454
AGTCGGCTCAACTTTA-1,0.315215,0.630378,0.054103,0.000061,0.000243
AGTCGTATAAAGCAGA-1,0.021175,0.415455,0.225409,0.151529,0.186431
AGTCGTCGACCACCAA-1,0.173836,0.065526,0.461034,0.00004,0.299563
AGTCGTGGGCATTACG-1,0.025105,0.05882,0.758443,0.059692,0.09794
AGTCTAAAGTATACTC-1,0.000902,0.005742,0.612089,0.053828,0.327439
AGTCTCACAAGACTAC-1,0.131412,0.308822,0.242615,0.189533,0.127617
AGTCTGGACATCCTTG-1,0.000036,0.266549,0.147665,0.075076,0.510674
AGTCTTCTCCTCAAAT-1,0.041987,0.035974,0.040791,0.070653,0.810596
AGTGAACAAACTTCTC-1,0.841134,0.001688,0.085289,0.006308,0.065582
AGTGACCTACTTTACG-1,0.763812,0.121343,0.114514,0.000066,0.000264
AGTGAGACTTCCAGTA-1,0.015122,0.157442,0.150737,0.146813,0.529887
AGTGAGCCTCGCCGCC-1,0.149408,0.181153,0.22359,0.11161,0.334239
AGTGAGGGTTTCTGAC-1,0.157113,0.166338,0.019833,0.015535,0.641182
AGTGAGTCGAATTAAC-1,0.077757,0.340144,0.122259,0.250429,0.209411
AGTGATAACCTGCGCG-1,0.08039,0.020762,0.709756,0.030284,0.158807
AGTGATATGAGTAGTT-1,0.565168,0.047972,0.33262,0.022213,0.032028
AGTGATTCAAGCAGGA-1,0.080922,0.11427,0.124903,0.144178,0.535727
AGTGCACGCTTAAGAA-1,0.970291,0.000051,0.029402,0.000051,0.000205
AGTGCTAAACACAGCA-1,0.035437,0.126219,0.567148,0.049331,0.221865
AGTGCTTGCACGAATA-1,0.006234,0.027053,0.564226,0.056861,0.345626
AGTGGCGGCAATTTGA-1,0.006979,0.108212,0.01088,0.124197,0.749732
AGTGGCGTCTGAAGGT-1,0.032523,0.095046,0.493738,0.099571,0.279122
AGTGGGAGTATACACG-1,0.001621,0.48534,0.000027,0.291022,0.22199
AGTGTATTGCGCATTG-1,0.027748,0.040663,0.014835,0.092687,0.824067
AGTGTGCTAAGATCGC-1,0.015178,0.975036,0.000053,0.008789,0.000944
AGTGTGGTCTATTGTG-1,0.009075,0.781002,0.008845,0.145306,0.055771
AGTTAAACACTTGCGA-1,0.377527,0.302361,0.290835,0.000144,0.029133
AGTTAAGCGGTCCCGG-1,0.005035,0.005863,0.02959,0.100943,0.85857
AGTTAAGTCAACCGCT-1,0.002012,0.240765,0.476156,0.1524,0.128668
AGTTACCCTTAAGACT-1,0.292439,0.241176,0.357543,0.064463,0.044379
AGTTACCGCACATGGT-1,0.003915,0.112303,0.277974,0.469455,0.136353
AGTTACTCTATCGTGG-1,0.187486,0.269713,0.024049,0.074428,0.444325
AGTTCACCGGTTGGAC-1,0.000034,0.734325,0.009957,0.249203,0.006482
AGTTCCTACAGAATTA-1,0.121042,0.257929,0.062808,0.3767,0.181521
AGTTCCTATTTATGTT-1,0.000843,0.118634,0.667888,0.086591,0.126044
AGTTCTGCGTTGTATC-1,0.030453,0.376358,0.002621,0.156199,0.434369
AGTTGACATCGGCTGG-1,0.117893,0.137038,0.018537,0.023302,0.703229
AGTTGACGGTCCTTGC-1,0.046664,0.293152,0.306672,0.193727,0.159784
AGTTGCTGACTGATAT-1,0.001583,0.726449,0.003378,0.168769,0.099821
AGTTGGCAAGGCTAGA-1,0.14241,0.024834,0.406403,0.113249,0.313104
AGTTTCGCAGGTCGGA-1,0.479506,0.000037,0.02138,0.0009,0.498176
AGTTTGCACCTGCCTC-1,0.375417,0.448929,0.174584,0.000035,0.001034
AGTTTGGCCAGACCTA-1,0.349331,0.628832,0.021625,0.000042,0.000169
ATAAACCATTGGACGG-1,0.798321,0.001193,0.000232,0.00314,0.197114
ATAAACGGACCCGTAA-1,0.896541,0.000076,0.103006,0.000076,0.000302
ATAAACGTTGCACCAC-1,0.13903,0.236757,0.55591,0.011251,0.057053
ATAAAGGCTCGGTCGT-1,0.042947,0.248112,0.228701,0.194292,0.285948
ATAAAGGTCAAGTACG-1,0.319359,0.004721,0.022489,0.014433,0.638998
ATAACGCCGGAGGGTC-1,0.066884,0.087523,0.100083,0.187069,0.558441
ATAACGGAGTCCAACG-1,0.017767,0.120443,0.049112,0.061752,0.750925
ATAAGGTGGAGAACAT-1,0.596769,0.000069,0.253802,0.000069,0.14929
ATAAGTAGGATTCAGA-1,0.008961,0.112853,0.155744,0.22407,0.498372
ATAAGTAGGGCGACTC-1,0.127599,0.221874,0.364849,0.010813,0.274866
ATAAGTTACCGCGACG-1,0.614248,0.000067,0.261073,0.000067,0.124545
ATAATACCGTTAGCCG-1,0.018941,0.617785,0.006276,0.263088,0.093911
ATAATAGCTGTTGAAT-1,0.447834,0.20374,0.243099,0.034353,0.070974
ATAATAGTGTAGGGAC-1,0.048164,0.327279,0.016126,0.046262,0.562168
ATAATCTTGGAGAACC-1,0.027355,0.076467,0.692649,0.034775,0.168754
ATAATTAGCTAAGTAG-1,0.022497,0.438057,0.312697,0.084874,0.141874
ATACAGGCCCTCCAAT-1,0.423397,0.456506,0.116145,0.000035,0.003917
ATACCACGGGCAACTT-1,0.845504,0.152772,0.001482,0.000048,0.000193
ATACCAGCAAATTGCT-1,0.730555,0.033466,0.000015,0.00651,0.229454
ATACCAGGCTAATAGA-1,0.244353,0.006666,0.081733,0.001163,0.666084
ATACCTAACCAAGAAA-1,0.375019,0.154164,0.389655,0.003822,0.077339
ATACGCCGGCGAAACC-1,0.061588,0.031249,0.320225,0.166285,0.420652
ATACGGGTTTCGATTG-1,0.009635,0.150941,0.034517,0.077397,0.727509
ATACGTACTTAGCCAC-1,0.437884,0.285552,0.207782,0.008917,0.059864
ATACGTCCACTCCTGT-1,0.532022,0.02987,0.363015,0.000056,0.075038
ATACGTTATGCACGGA-1,0.005396,0.055045,0.504391,0.17276,0.262408
ATACTACCCGTACCAC-1,0.050779,0.015984,0.677719,0.038039,0.217479
ATACTAGCATGACCCT-1,0.046972,0.178625,0.033221,0.080002,0.66118
ATACTCTCGCCACTCT-1,0.141114,0.39108,0.020169,0.00989,0.437747
