Barcode,Topic 1,Topic 2,Topic 3,Topic 4,Topic 5,Topic 6,Topic 7,Topic 8,Topic 9,Topic 10
AAACAACGAATAGTTC-1,0.350578,0.000058,0.000058,0.000058,0.000058,0.000058,0.000058,0.239175,0.336648,0.073253
AAACAAGTATCTCCCA-1,0.000033,0.103466,0.262393,0.034788,0.130749,0.107462,0.012862,0.20691,0.118643,0.022694
AAACAATCTACTAGCA-1,0.061368,0.000083,0.000083,0.000083,0.000083,0.000083,0.000083,0.148133,0.679453,0.110547
AAACACCAATAACTGC-1,0.109702,0.237607,0.200032,0.174686,0.002065,0.034442,0.145109,0.010654,0.008972,0.07673
AAACAGAGCGACTCCT-1,0.096233,0.186913,0.040971,0.187903,0.002157,0.041013,0.047794,0.380445,0.00012,0.01645
AAACAGCTTTCAGAAG-1,0.071861,0.032752,0.07729,0.456799,0.132558,0.052668,0.073657,0.048798,0.046183,0.007434
AAACAGGGTCTATATT-1,0.165877,0.018746,0.049313,0.178798,0.233339,0.028473,0.041981,0.048604,0.224729,0.010141
AAACAGTGTTCCTGGG-1,0.105965,0.000026,0.001668,0.014439,0.347183,0.177003,0.029137,0.043832,0.132875,0.147872
AAACATGGTGAGAGGA-1,0.943187,0.000024,0.000024,0.000024,0.000024,0.000024,0.000024,0.000024,0.007275,0.049369
AAACATTTCCCGGATT-1,0.04953,0.061611,0.030374,0.00998,0.000076,0.036864,0.000076,0.187479,0.215772,0.408238
AAACCCGAACGAAATC-1,0.00041,0.146806,0.093314,0.093703,0.220533,0.096695,0.187313,0.033531,0.071434,0.056261
AAACCGGAAATGTTAA-1,0.020439,0.017206,0.014937,0.042172,0.491963,0.101383,0.04373,0.097664,0.15766,0.012846
AAACCGGGTAGGTACC-1,0.027612,0.023618,0.058983,0.145754,0.003885,0.350829,0.096781,0.000029,0.202935,0.089574
AAACCGTTCGTCCAGG-1,0.012203,0.019741,0.110895,0.432026,0.044792,0.262514,0.028976,0.005076,0.079202,0.004576
AAACCTAAGCAGCCGG-1,0.072964,0.000026,0.000026,0.000026,0.017145,0.000026,0.000026,0.669199,0.23568,0.004884
AAACCTCATGAAGTTG-1,0.000016,0.025116,0.069743,0.400296,0.004337,0.423023,0.030128,0.000016,0.032844,0.014482
AAACGAAGAACATACC-1,0.172321,0.000065,0.000065,0.000065,0.000065,0.000065,0.000065,0.010389,0.591621,0.225278
AAACGAAGATGGAGTA-1,0.625824,0.027854,0.00793,0.247957,0.002427,0.013684,0.025732,0.048541,0.000026,0.000026
AAACGAGACGGTTGAT-1,0.001447,0.262989,0.469968,0.011478,0.000036,0.002571,0.013819,0.016813,0.172782,0.048097
AAACGCTGGGCACGAC-1,0.045735,0.019893,0.042936,0.047292,0.087565,0.202558,0.169919,0.033404,0.000528,0.350171
AAACGGGCGTACGGGT-1,0.024252,0.072889,0.055543,0.151225,0.0653,0.146776,0.113634,0.092222,0.214641,0.063517
AAACGGGTTGGTATCC-1,0.00408,0.000072,0.000072,0.000072,0.000072,0.000072,0.000072,0.514419,0.455278,0.025792
AAACGGTTGCGAACTG-1,0.009005,0.007056,0.073276,0.082821,0.285808,0.027864,0.054525,0.086262,0.284186,0.089198
AAACGTGTTCGCCCTA-1,0.024099,0.000085,0.000085,0.000085,0.000085,0.000085,0.000085,0.250658,0.322652,0.402081
AAACTCGGTTCGCAAT-1,0.009536,0.204565,0.277476,0.149632,0.075986,0.10161,0.074212,0.023926,0.029859,0.053197
AAACTCGTGATATAAG-1,0.000078,0.186851,0.022514,0.000078,0.000078,0.000078,0.000078,0.139404,0.272559,0.378281
AAACTGCTGGCTCCAA-1,0.136073,0.068284,0.178934,0.19346,0.045279,0.041599,0.002282,0.27673,0.034486,0.022872
AAACTTAATTGCACGC-1,0.677477,0.075198,0.006903,0.007795,0.00004,0.014432,0.085872,0.118832,0.00004,0.013411
AAACTTGCAAACGTAT-1,0.103767,0.002613,0.020522,0.352952,0.15187,0.045576,0.030118,0.004718,0.282756,0.005108
AAAGAATGACCTTAGA-1,0.625049,0.045778,0.020789,0.057732,0.004921,0.038011,0.198239,0.003858,0.000018,0.005604
AAAGAATGTGGACTAA-1,0.00001,0.561659,0.119294,0.159899,0.03159,0.028413,0.080884,0.001334,0.006612,0.010307
AAAGACCCAAGTCGCG-1,0.000046,0.209142,0.104671,0.005696,0.017272,0.008692,0.011591,0.125177,0.492193,0.025519
AAAGACTGGGCGCTTT-1,0.012964,0.105057,0.056115,0.162143,0.013752,0.52386,0.044497,0.00002,0.039251,0.042341
AAAGCTTGCCTACATA-1,0.08275,0.008422,0.005962,0.000526,0.353214,0.022318,0.025702,0.033625,0.098595,0.368885
AAAGGCCCTATAATAC-1,0.078207,0.080619,0.08702,0.248205,0.095892,0.063268,0.240356,0.070121,0.001285,0.035026
AAAGGCTACGGACCAT-1,0.000011,0.022768,0.025617,0.886744,0.008311,0.028587,0.027929,0.000011,0.000011,0.000011
AAAGGCTCTCGCGCCG-1,0.000039,0.160792,0.081043,0.280044,0.004769,0.276648,0.037293,0.000039,0.044566,0.114767
AAAGGGATGTAGCAAG-1,0.000035,0.328897,0.103802,0.21287,0.019796,0.018706,0.105286,0.018516,0.183564,0.008527
AAAGGGCAGCTTGAAT-1,0.045307,0.006412,0.028073,0.273298,0.062115,0.025698,0.011535,0.179828,0.367705,0.00003
AAAGGTAAGCTGTACC-1,0.070917,0.048066,0.042511,0.139359,0.067967,0.162789,0.2687,0.078781,0.106219,0.014692
AAAGTAGCATTGCTCA-1,0.162466,0.008487,0.070201,0.19894,0.060918,0.115046,0.04193,0.00003,0.267457,0.074525
AAAGTCACTGATGTAA-1,0.000043,0.396036,0.414548,0.024898,0.000043,0.005817,0.01572,0.006502,0.130466,0.005927
AAAGTCGACCCTCAGT-1,0.00001,0.002502,0.008327,0.682648,0.020929,0.232497,0.017655,0.022399,0.013025,0.00001
AAAGTGCCATCAATTA-1,0.027402,0.05319,0.132502,0.226774,0.104606,0.396721,0.044648,0.001504,0.001314,0.011342
AAAGTGTGATTTATCT-1,0.00012,0.00012,0.00012,0.036675,0.00012,0.00012,0.00012,0.962365,0.00012,0.00012
AAAGTTGACTCCCGTA-1,0.000073,0.058573,0.220522,0.127964,0.007927,0.000073,0.115016,0.469707,0.000073,0.000073
AAATAACCATACGGGA-1,0.173061,0.000067,0.000067,0.000067,0.000067,0.000067,0.000067,0.23233,0.581819,0.012385
AAATAAGGTAGTGCCC-1,0.019645,0.273337,0.2173,0.167122,0.115098,0.010091,0.09229,0.079791,0.012797,0.01253
AAATACCTATAAGCAT-1,0.00003,0.223628,0.154613,0.32462,0.024812,0.014361,0.015486,0.081286,0.135565,0.025598
AAATAGCTTAGACTTT-1,0.134331,0.019841,0.00293,0.000057,0.005785,0.000057,0.000057,0.023152,0.463951,0.349838
AAATAGGGTGCTATTG-1,0.000038,0.257629,0.383215,0.200959,0.000038,0.006544,0.000816,0.030647,0.096525,0.023591
AAATCCGATACACGCC-1,0.026621,0.074155,0.031137,0.114081,0.113661,0.059773,0.269865,0.203018,0.081589,0.026102
AAATCGCGGAAGGAGT-1,0.880972,0.000022,0.000022,0.016036,0.002444,0.003492,0.000022,0.096946,0.000022,0.000022
AAATCGTGTACCACAA-1,0.019652,0.016164,0.253393,0.366789,0.000076,0.102486,0.008224,0.233064,0.000076,0.000076
AAATCTAGCCCTGCTA-1,0.011495,0.010117,0.019754,0.016774,0.037813,0.044232,0.000053,0.117226,0.597263,0.145273
AAATCTGCCCGCGTCC-1,0.445065,0.090015,0.013869,0.128807,0.000022,0.048923,0.271763,0.000022,0.000022,0.001493
AAATGACTGATCAAAC-1,0.000229,0.024777,0.002185,0.008422,0.587231,0.004482,0.053331,0.120112,0.169746,0.029486
AAATGATTCGATCAGC-1,0.021697,0.000051,0.000051,0.000051,0.001886,0.000051,0.000051,0.35516,0.562315,0.058688
AAATGCTCGTTACGTT-1,0.023403,0.011428,0.000056,0.001754,0.049069,0.031895,0.011233,0.000056,0.863594,0.007512
AAATGGCATGTCTTGT-1,0.000049,0.462388,0.378098,0.03411,0.000049,0.001079,0.000049,0.048498,0.073357,0.002323
AAATGGCCCGTGCCCT-1,0.235413,0.000019,0.001649,0.015411,0.117531,0.009965,0.000619,0.101193,0.517659,0.000541
AAATGGTCAATGTGCC-1,0.000051,0.092835,0.020802,0.216278,0.013641,0.122973,0.056317,0.016713,0.443437,0.016954
AAATGTATCTTATCCC-1,0.003286,0.007639,0.008866,0.422856,0.074029,0.371385,0.073475,0.022999,0.012944,0.002523
AAATGTGGGTGCTCCT-1,0.733472,0.000049,0.000049,0.000049,0.000049,0.000049,0.000049,0.124791,0.138461,0.00298
AAATTAACGGGTAGCT-1,0.000077,0.163627,0.104898,0.044676,0.000077,0.041262,0.000077,0.000077,0.410832,0.234398
AAATTAATAAGCGCGA-1,0.043059,0.004935,0.029403,0.108991,0.023508,0.301728,0.042909,0.013412,0.26063,0.171425
AAATTACACGACTCTG-1,0.068601,0.000087,0.000087,0.000087,0.000087,0.000087,0.000087,0.039802,0.745541,0.145533
AAATTACCTATCGATG-1,0.209999,0.000092,0.000092,0.065871,0.000092,0.000092,0.000092,0.526073,0.183541,0.014057
AAATTCCAGGTCCAAA-1,0.000055,0.196725,0.060358,0.012574,0.017995,0.137292,0.085023,0.072147,0.061926,0.355904
AAATTGATAGTCCTTT-1,0.088994,0.000032,0.001211,0.127902,0.174063,0.063138,0.002307,0.147215,0.395105,0.000032
AAATTGCGGCGGTTCT-1,0.000039,0.344615,0.151728,0.063861,0.025737,0.000039,0.002773,0.101153,0.310016,0.000039
AAATTGGTGAGAAGCA-1,0.023633,0.000077,0.000077,0.000077,0.000077,0.000077,0.000077,0.02724,0.461823,0.486842
AAATTTACCGAAATCC-1,0.149394,0.017085,0.187067,0.049414,0.110483,0.07923,0.020403,0.219063,0.132812,0.035048
AAATTTGCGGGTGTGG-1,0.000012,0.00492,0.031037,0.585156,0.000244,0.324023,0.011865,0.000012,0.041896,0.000833
AACAACTGGTAGTTGC-1,0.05573,0.001034,0.078477,0.060831,0.179774,0.09803,0.00006,0.036755,0.489249,0.00006
AACAATACATTGTCGA-1,0.008951,0.000172,0.002474,0.382105,0.167492,0.246995,0.042091,0.096843,0.051749,0.001129
AACAATTACTCTACGC-1,0.029293,0.014532,0.077777,0.241847,0.00744,0.27127,0.048045,0.003792,0.18475,0.121255
AACACACGCTCGCCGC-1,0.029649,0.119681,0.134261,0.187374,0.053336,0.103006,0.041026,0.113878,0.197108,0.020679
AACACGACTGTACTGA-1,0.037598,0.280425,0.017171,0.000076,0.000076,0.000076,0.000076,0.032069,0.356299,0.276132
AACACGAGACGCGGCC-1,0.04952,0.034908,0.195044,0.304121,0.029943,0.123206,0.104375,0.004273,0.072897,0.081712
AACACGCGGCCGCGAA-1,0.020394,0.677691,0.107332,0.003439,0.000033,0.002118,0.01073,0.000033,0.144663,0.033566
AACAGCTGTGTGGCAA-1,0.320746,0.005446,0.038693,0.277131,0.004731,0.169459,0.045454,0.036749,0.000055,0.101537
AACAGGAAATCGAATA-1,0.000042,0.631828,0.176643,0.041492,0.000042,0.000042,0.005216,0.000042,0.105025,0.039628
AACAGGATGGGCCGCG-1,0.024856,0.004346,0.023306,0.043315,0.189605,0.06217,0.004215,0.005038,0.640206,0.002943
AACAGGTAGTATGGAT-1,0.000011,0.130174,0.034932,0.732704,0.040507,0.023018,0.038621,0.000011,0.000011,0.000011
AACATAGCGTGTATCG-1,0.08215,0.000494,0.000014,0.000014,0.054915,0.004788,0.006737,0.579252,0.062775,0.20886
AACATATCAACTGGTG-1,0.044397,0.05189,0.118974,0.119556,0.020977,0.112516,0.0246,0.107471,0.378569,0.021049
AACATCGATACGTCTA-1,0.265778,0.000096,0.000096,0.000096,0.000096,0.000096,0.000096,0.179644,0.52404,0.029962
AACATTGAAGTTGATC-1,0.122117,0.09643,0.137824,0.046263,0.000961,0.173102,0.136195,0.000028,0.001846,0.285233
AACATTGGTCAGCCGT-1,0.036953,0.199017,0.030665,0.000089,0.000089,0.012684,0.000089,0.011327,0.402951,0.306135
AACATTGTGACTCGAG-1,0.000015,0.031302,0.036908,0.50232,0.093746,0.209388,0.12456,0.000015,0.000511,0.001232
AACCAAGACTTCTCTG-1,0.000784,0.022166,0.088407,0.370924,0.002776,0.450363,0.007599,0.000016,0.054212,0.002754
AACCAGTATCACTCTT-1,0.074304,0.009725,0.099716,0.251933,0.02951,0.114457,0.024448,0.080073,0.134219,0.181616
AACCATAGGGTTGAAC-1,0.468159,0.162913,0.065282,0.190181,0.004261,0.022934,0.075075,0.000018,0.004158,0.007021
AACCATGGGATCGCTA-1,0.00003,0.36799,0.10033,0.445572,0.029642,0.022979,0.01533,0.00003,0.018066,0.00003
AACCCAGAGACGGAGA-1,0.013636,0.011058,0.011208,0.054489,0.267892,0.009284,0.003861,0.013323,0.564757,0.050492
AACCCATCCCATGATC-1,0.361587,0.197141,0.046554,0.057815,0.000033,0.123022,0.023485,0.000033,0.019365,0.170965
AACCCGACAACCCGTG-1,0.003273,0.025899,0.011557,0.143175,0.151025,0.401227,0.147806,0.08862,0.014199,0.013218
AACCCGAGCAGAATCG-1,0.011676,0.147721,0.034875,0.107976,0.185854,0.064319,0.084055,0.049157,0.183664,0.130702
AACCCGATAGGGCTTC-1,0.066385,0.049048,0.003858,0.003506,0.236841,0.080459,0.285237,0.125548,0.000508,0.148609
AACCCGCTGTATTCCA-1,0.00237,0.121815,0.017738,0.059841,0.203656,0.0799,0.298502,0.035549,0.05423,0.1264
AACCCTACTGTCAATA-1,0.058897,0.141447,0.111826,0.174741,0.027822,0.080682,0.037464,0.13022,0.201367,0.035533
AACCCTGGTGGAACCA-1,0.288896,0.05227,0.048706,0.000052,0.000052,0.000052,0.000052,0.09903,0.345347,0.165544
AACCGAGCTTGGTCAT-1,0.000027,0.36422,0.135676,0.374234,0.013493,0.023645,0.021745,0.003042,0.058534,0.005384
AACCGCTAAGGGATGC-1,0.020471,0.04734,0.137651,0.302888,0.053807,0.063812,0.024935,0.226935,0.106716,0.015444
AACCGTTGTGTTTGCT-1,0.000052,0.483763,0.169269,0.162404,0.010027,0.065868,0.004191,0.104323,0.000052,0.000052
AACCTAAAGCCGTCCG-1,0.076396,0.027303,0.030174,0.187739,0.023189,0.112452,0.123182,0.365428,0.007544,0.046594
AACCTCGCTTTAGCCC-1,0.079037,0.000053,0.000053,0.000053,0.014824,0.000053,0.000053,0.334003,0.525361,0.046511
AACCTGTCACGGAATT-1,0.000025,0.060054,0.024404,0.043434,0.29772,0.154109,0.100053,0.075041,0.232302,0.012857
AACCTTTAAATACGGT-1,0.000034,0.14057,0.302081,0.207048,0.080434,0.081296,0.032556,0.033926,0.108911,0.013144
AACCTTTACGACGTCT-1,0.141842,0.122876,0.148426,0.074793,0.000164,0.015792,0.000164,0.224717,0.080707,0.190519
AACGAAAGTCGTCCCA-1,0.788257,0.033455,0.027834,0.02076,0.001173,0.018664,0.033741,0.000043,0.009977,0.066096
AACGACCTCCTAGCCG-1,0.021203,0.046746,0.15239,0.053919,0.220481,0.186212,0.08873,0.017098,0.022386,0.190834
AACGATAATGCCGTAG-1,0.000024,0.373697,0.119671,0.365722,0.024947,0.005002,0.031847,0.075243,0.003823,0.000024
AACGATAGAAGGGCCG-1,0.00703,0.235995,0.0486,0.010907,0.027502,0.000053,0.019369,0.160533,0.482392,0.007619
AACGATATGTCAACTG-1,0.000031,0.280862,0.238538,0.257581,0.006771,0.000479,0.000717,0.007369,0.20762,0.000031
AACGCATGATCTGGGT-1,0.058369,0.101745,0.123198,0.36509,0.03928,0.044638,0.032563,0.101242,0.129349,0.004525
AACGCGAACGGCAACA-1,0.000036,0.418234,0.178842,0.212925,0.003767,0.019161,0.053346,0.008837,0.010824,0.094028
AACGCGACCTTGGGCG-1,0.092051,0.036026,0.081585,0.062573,0.098018,0.268593,0.09215,0.013509,0.017061,0.238433
AACGCGGTCTCCAGCC-1,0.000044,0.328413,0.175098,0.223589,0.043751,0.01242,0.010853,0.06338,0.142145,0.000306
AACGCTGTTGCTGAAA-1,0.066165,0.05272,0.220586,0.144723,0.085712,0.148451,0.027245,0.140507,0.10101,0.012883
AACGGCCATCTCCGGT-1,0.000016,0.021023,0.128837,0.407027,0.032246,0.296819,0.022544,0.018646,0.065647,0.007195
AACGTACTGTGGGTAC-1,0.002644,0.008465,0.229768,0.239933,0.019837,0.352749,0.007418,0.000024,0.131249,0.007912
AACGTAGTCTACCCAT-1,0.35924,0.000093,0.000093,0.000093,0.000093,0.000093,0.000093,0.255983,0.384129,0.000093
AACGTCAGACTAGTGG-1,0.00006,0.102421,0.311091,0.029226,0.00006,0.055219,0.04596,0.00006,0.175045,0.280857
AACGTCATCCGGCTTG-1,0.007464,0.034223,0.013757,0.017495,0.209575,0.151435,0.059097,0.008953,0.022025,0.475974
AACGTCGCTGCACTTC-1,0.032233,0.136608,0.051487,0.104875,0.149342,0.122177,0.167967,0.068874,0.11588,0.050557
AACGTGATGAAGGACA-1,0.122434,0.000078,0.000078,0.000078,0.000078,0.000078,0.000078,0.375555,0.461973,0.039571
AACGTGCGAAAGTCTC-1,0.004017,0.3884,0.084279,0.220325,0.080911,0.004787,0.005941,0.015203,0.195315,0.000823
AACGTTATCAGCACCT-1,0.04881,0.000033,0.016445,0.021613,0.148572,0.087676,0.009419,0.115291,0.537298,0.014842
AACGTTCTACCATTGT-1,0.018589,0.051424,0.039851,0.036763,0.047611,0.228547,0.329536,0.155773,0.001294,0.090612
AACTACCCGTTTGTCA-1,0.000051,0.174355,0.122867,0.022174,0.005033,0.04147,0.122651,0.014056,0.129218,0.368124
AACTAGCGTATCGCAC-1,0.091786,0.000095,0.023613,0.000095,0.000095,0.000095,0.000095,0.06513,0.567069,0.251928
AACTAGGCTTGGGTGT-1,0.000035,0.10245,0.363544,0.281542,0.01234,0.054311,0.00968,0.000035,0.17336,0.002702
AACTCAAGTTAATTGC-1,0.043413,0.004702,0.189224,0.05963,0.051704,0.237164,0.020673,0.00003,0.356817,0.036643
AACTCCAGAGCGTGTT-1,0.044878,0.092664,0.131408,0.217248,0.061193,0.090397,0.028901,0.153316,0.144332,0.035662
AACTCCTAATCCCATG-1,0.184314,0.000167,0.04309,0.000167,0.000167,0.000167,0.000167,0.771429,0.000167,0.000167
AACTCGATAAACACGT-1,0.047675,0.476194,0.032103,0.002153,0.00005,0.005833,0.007303,0.004346,0.353812,0.07053
AACTCGATGGCGCAGT-1,0.044995,0.320434,0.106379,0.251345,0.023692,0.013255,0.040557,0.010472,0.14095,0.04792
AACTCTCAATAGAGCG-1,0.071832,0.05669,0.068261,0.214592,0.017312,0.107369,0.004233,0.126074,0.243069,0.090568
AACTCTCAGTGTGCTC-1,0.005916,0.042189,0.181216,0.262391,0.025939,0.348277,0.043671,0.012457,0.072316,0.005627
AACTGAGTTATACTGA-1,0.000011,0.014922,0.023076,0.221454,0.278153,0.262666,0.032343,0.010408,0.154654,0.002314
AACTGATATTAGGCCT-1,0.00005,0.324877,0.16658,0.120596,0.00005,0.009608,0.092901,0.01534,0.242489,0.027508
AACTGGGTCCCGACGT-1,0.000026,0.265078,0.330503,0.123768,0.009262,0.002384,0.015906,0.02292,0.228403,0.001751
AACTGGGTTCGAGCCG-1,0.057718,0.000501,0.181309,0.160898,0.026637,0.037322,0.032649,0.421301,0.000153,0.081511
AACTGGTGTGGGCCTT-1,0.000071,0.354266,0.218353,0.000071,0.000071,0.000071,0.000877,0.000071,0.185904,0.240244
AACTTCTGCGTCTATC-1,0.005104,0.014968,0.002718,0.000073,0.000073,0.183548,0.000073,0.000073,0.607382,0.185986
AACTTGCCCGTATGCA-1,0.042217,0.006769,0.124217,0.01083,0.003395,0.46872,0.004332,0.000037,0.291441,0.04804
AACTTGCGTTCTCGCG-1,0.000041,0.205306,0.158353,0.185376,0.058858,0.144668,0.04104,0.000041,0.162792,0.043525
AACTTTACGGGAGCTT-1,0.09659,0.016556,0.088049,0.205218,0.022597,0.462187,0.04171,0.000743,0.014389,0.05196
AACTTTAGCTGCTGAG-1,0.013211,0.00011,0.00011,0.00011,0.00011,0.00011,0.00011,0.095728,0.89029,0.00011
AACTTTCTCGATCATG-1,0.012464,0.001682,0.000037,0.000037,0.171867,0.000037,0.000037,0.403641,0.300845,0.109353
AAGAAAGTTTGATGGG-1,0.99943,0.000026,0.000026,0.000026,0.000026,0.000026,0.000026,0.000361,0.000026,0.000026
AAGAAATCACCAGATT-1,0.000012,0.234968,0.014991,0.341353,0.085123,0.021701,0.299651,0.002177,0.000012,0.000012
AAGAAGGATCAGTTAG-1,0.013362,0.083317,0.105342,0.142914,0.224343,0.102383,0.009575,0.021546,0.296027,0.001192
AAGACATACGTGGTTT-1,0.000016,0.055598,0.048709,0.260126,0.3239,0.04512,0.064618,0.059547,0.093695,0.048672
AAGACCAAATAACTCA-1,0.772223,0.000017,0.000017,0.000017,0.010089,0.000017,0.000017,0.216519,0.00107,0.000017
AAGACCCAACTGAACA-1,0.065155,0.030228,0.09467,0.183944,0.196531,0.083525,0.028883,0.020734,0.182872,0.113456
AAGACTAACCCGTTGT-1,0.000027,0.426389,0.105691,0.387833,0.001052,0.001724,0.015426,0.061806,0.000027,0.000027
AAGACTGCAAGCTACT-1,0.000034,0.270164,0.047816,0.209668,0.046784,0.130131,0.001498,0.013842,0.280029,0.000034
AAGAGATGAATCGGTA-1,0.024867,0.022051,0.083173,0.50143,0.019852,0.24629,0.004911,0.000022,0.09456,0.002844
AAGAGCTCTTTATCGG-1,0.000036,0.472384,0.141224,0.219909,0.014544,0.001858,0.024146,0.079438,0.046328,0.000132
AAGAGGATGTACGCGA-1,0.037759,0.01891,0.10871,0.088786,0.000625,0.43479,0.033044,0.000032,0.254439,0.022904
AAGAGGCATGGATCGC-1,0.000028,0.365419,0.126808,0.1119,0.033432,0.005871,0.014649,0.074117,0.262422,0.005354
AAGAGGCCCTTTGGAA-1,0.000019,0.208062,0.085277,0.325631,0.063438,0.206354,0.107576,0.003605,0.000019,0.000019
AAGATGGCACCGGACC-1,0.046275,0.006278,0.071971,0.409324,0.096553,0.226928,0.037879,0.095234,0.005536,0.004022
AAGATTGGCGGAACGT-1,0.175259,0.000056,0.000056,0.000056,0.000056,0.000056,0.000056,0.346695,0.477652,0.000056
AAGCACCCTGCGTATC-1,0.000017,0.415731,0.099223,0.463975,0.019346,0.000451,0.000909,0.000017,0.000316,0.000017
AAGCATACTCTCCTGA-1,0.000017,0.193786,0.161733,0.448576,0.072626,0.035954,0.017021,0.014703,0.054288,0.001297
AAGCCACTTGCAGGTA-1,0.063215,0.054957,0.042372,0.075067,0.008273,0.247217,0.125644,0.023891,0.007997,0.351366
AAGCCGAAGCGGTTTA-1,0.000024,0.231713,0.181484,0.493305,0.009523,0.032118,0.021677,0.018731,0.0114,0.000024
AAGCCGCCGTGAAATC-1,0.050012,0.050025,0.050018,0.050012,0.050011,0.050015,0.050012,0.050009,0.549867,0.050018
AAGCCGCTTTACCTTG-1,0.000035,0.182776,0.015703,0.000035,0.162509,0.00149,0.041867,0.140822,0.09941,0.355353
AAGCCGGAGAGCAGGA-1,0.006934,0.020395,0.053571,0.043553,0.254132,0.317433,0.04788,0.000193,0.152636,0.103274
AAGCGCAGGGCTTTGA-1,0.001225,0.436419,0.079009,0.020322,0.023153,0.009352,0.037001,0.032815,0.126813,0.23389
AAGCGGAGTGCGCGCA-1,0.000024,0.520044,0.013749,0.000057,0.043089,0.003331,0.092695,0.18298,0.000024,0.144007
AAGCGGCGTCATGGGT-1,0.094402,0.006791,0.129417,0.085607,0.007654,0.180391,0.16485,0.099886,0.180868,0.050134
AAGCGTCCCTCATCGA-1,0.000015,0.001554,0.013602,0.45843,0.016544,0.322221,0.003837,0.000015,0.179773,0.004007
AAGCTAGATCGAGTAA-1,0.000013,0.078011,0.050982,0.568517,0.098391,0.004857,0.003687,0.000766,0.194763,0.000013
AAGCTATGGATTGACC-1,0.999682,0.00003,0.00003,0.00003,0.00003,0.00003,0.00003,0.00003,0.00003,0.000082
AAGCTCGTGCCAAGTC-1,0.000034,0.317763,0.309913,0.142365,0.000034,0.053172,0.035936,0.013813,0.10149,0.02548
AAGCTCTTTCATGGTG-1,0.021512,0.220371,0.060632,0.005964,0.00007,0.00007,0.00007,0.106526,0.480551,0.104236
AAGGAGAACTTATAAG-1,0.248584,0.000058,0.000058,0.000058,0.000058,0.000058,0.000058,0.282292,0.375699,0.093076
AAGGAGCGGTTGGTGC-1,0.000065,0.000065,0.013728,0.000065,0.000065,0.018195,0.000065,0.000065,0.819183,0.148502
AAGGATCGATCGCTTG-1,0.000022,0.226921,0.117658,0.273742,0.237453,0.002071,0.007818,0.013482,0.120812,0.000022
AAGGATGAGGGACCTC-1,0.000057,0.000057,0.000057,0.000057,0.000057,0.000057,0.000057,0.328656,0.670889,0.000057
AAGGCAGGCTGTCTCC-1,0.000024,0.200436,0.025451,0.174912,0.060936,0.124769,0.131036,0.007513,0.087463,0.187461
AAGGCGCGTAAAGCTT-1,0.009328,0.178798,0.181082,0.0345,0.000045,0.076021,0.033119,0.000032,0.420069,0.067006
AAGGCTGTGCTCATCG-1,0.007854,0.112201,0.279518,0.278406,0.006476,0.093013,0.013078,0.000039,0.183593,0.025823
AAGGGAACGACTGGCT-1,0.153697,0.05941,0.026498,0.012324,0.000025,0.051138,0.033401,0.000025,0.157564,0.505919
AAGGGACAGATTCTGT-1,0.327183,0.000096,0.125972,0.029709,0.000096,0.043326,0.000096,0.128111,0.188157,0.157255
AAGGGACTATGCATTC-1,0.087196,0.007307,0.014077,0.335149,0.037272,0.077405,0.251821,0.054332,0.040122,0.095317
AAGGGTTAGCCATGCG-1,0.012756,0.100338,0.061335,0.061563,0.083055,0.253823,0.089868,0.035051,0.04902,0.253192
AAGGGTTTGATTTCAG-1,0.892834,0.000031,0.000031,0.000031,0.000031,0.000031,0.000031,0.001566,0.105381,0.000031
AAGGTATCCTAATATA-1,0.095184,0.266159,0.243477,0.027252,0.00305,0.000055,0.000055,0.167633,0.155024,0.042111
AAGGTGATAAACCAGC-1,0.047012,0.021038,0.267526,0.079514,0.012381,0.102166,0.00414,0.300108,0.15879,0.007326
AAGTAAGCTTCCAAAC-1,0.276159,0.000082,0.000082,0.000082,0.000082,0.000082,0.000082,0.140812,0.413262,0.169274
AAGTAGAAGACCGGGT-1,0.046543,0.040639,0.026677,0.030509,0.219423,0.032292,0.005632,0.077623,0.456466,0.064196
AAGTAGTGACGCGAGG-1,0.023159,0.01941,0.055381,0.485612,0.065725,0.24425,0.009742,0.000178,0.094631,0.001912
AAGTCAATTGTCGTCA-1,0.02393,0.000069,0.000069,0.000069,0.000069,0.000069,0.000069,0.188189,0.581015,0.206453
AAGTCTAGTAGCTGCC-1,0.000029,0.066132,0.009675,0.006053,0.287419,0.021365,0.132771,0.115105,0.050459,0.310993
AAGTCTTCTGTGGCCT-1,0.139618,0.055172,0.026579,0.028989,0.039704,0.077048,0.066579,0.06644,0.322925,0.176947
AAGTGACGACCGAATT-1,0.033271,0.010611,0.122589,0.063404,0.000036,0.570861,0.024858,0.000036,0.089484,0.08485
AAGTGAGTCGGGTTTA-1,0.066809,0.005994,0.069871,0.210541,0.082067,0.250505,0.053025,0.024076,0.063073,0.174041
AAGTGCAAAGGTAGAC-1,0.023339,0.042586,0.105261,0.151885,0.015568,0.536284,0.035349,0.004986,0.070039,0.014702
AAGTGCCTTGACTGTA-1,0.035132,0.090838,0.077812,0.035686,0.062555,0.074958,0.006655,0.064446,0.489967,0.061951
AAGTGCGTTAGAATCT-1,0.130974,0.005524,0.083384,0.069536,0.030145,0.327861,0.008847,0.000033,0.279889,0.063806
AAGTGCTTCTCTATTG-1,0.013912,0.020829,0.02897,0.057076,0.171577,0.293977,0.132665,0.067571,0.047735,0.165688
AAGTGTTTGGAGACGG-1,0.000038,0.322607,0.200039,0.229841,0.008529,0.000239,0.000847,0.074974,0.161841,0.001045
AAGTTCACTCCAAGCT-1,0.013096,0.024496,0.296339,0.107223,0.000426,0.053022,0.000094,0.314423,0.075728,0.115152
AAGTTCAGTCTGCGTA-1,0.052025,0.038567,0.098118,0.19151,0.026834,0.159199,0.011959,0.130263,0.236452,0.055074
AAGTTCGGCCAACAGG-1,0.059237,0.020789,0.08391,0.423513,0.007914,0.325957,0.013391,0.017786,0.039458,0.008044
AAGTTGTGATGTTATA-1,0.000015,0.31922,0.032757,0.361766,0.169641,0.004461,0.022713,0.029547,0.059864,0.000015
AAGTTTACTAATGGCA-1,0.004861,0.000059,0.000059,0.000059,0.000059,0.000059,0.000059,0.437955,0.556769,0.000059
AAGTTTATGGGCCCAA-1,0.00002,0.38666,0.102059,0.054827,0.074033,0.015284,0.161911,0.001775,0.145597,0.057833
AATAACAACGCTCGGC-1,0.036248,0.005224,0.054541,0.45632,0.096203,0.151422,0.014587,0.019924,0.163337,0.002193
AATAACACTAGAACAA-1,0.022739,0.01477,0.057204,0.163468,0.015857,0.406107,0.032888,0.001168,0.251067,0.034732
AATAACGTCGCGCCCA-1,0.018988,0.062391,0.032348,0.089401,0.234988,0.123504,0.231937,0.10611,0.054436,0.045897
AATAAGTCCTCGAGAC-1,0.147001,0.000069,0.000069,0.000069,0.000069,0.000069,0.000069,0.385241,0.151003,0.316344
AATAATCTTCGTATCG-1,0.02052,0.081123,0.091131,0.20656,0.190221,0.203692,0.14873,0.014074,0.003246,0.040704
AATACAATGTTTCAGG-1,0.000022,0.020452,0.066872,0.472374,0.011119,0.423285,0.005706,0.000022,0.000127,0.000022
AATACCGGAGGGCTGT-1,0.211413,0.007386,0.022178,0.117607,0.132665,0.372802,0.048706,0.012917,0.051265,0.023061
AATACCTGATGTGAAC-1,0.009418,0.140177,0.055597,0.000023,0.014132,0.012489,0.024219,0.068417,0.149348,0.526178
AATAGAACAGAGTGGC-1,0.000012,0.000359,0.005967,0.736726,0.058841,0.085296,0.003723,0.001187,0.107878,0.000012
AATAGAATCTGTTTCA-1,0.021566,0.007255,0.069331,0.022906,0.000108,0.028229,0.000108,0.401931,0.437867,0.010698
AATAGCTACCGCGTGC-1,0.089092,0.008978,0.002759,0.000079,0.000079,0.050135,0.000079,0.394154,0.289914,0.164731
AATAGGCACGACCCTT-1,0.026459,0.021705,0.009559,0.02835,0.082156,0.344726,0.272768,0.075051,0.031595,0.107632
AATAGTCCGTCCCGAC-1,0.010025,0.034282,0.185414,0.17852,0.052977,0.206653,0.022711,0.026812,0.232921,0.049685
AATAGTCGCGAGTCGG-1,0.015313,0.000854,0.015029,0.530707,0.020687,0.407968,0.008955,0.000008,0.000473,0.000008
AATATCAAGGTCGGAT-1,0.00003,0.259222,0.07382,0.225622,0.081753,0.00392,0.0187,0.050711,0.286193,0.00003
AATATCCTAGCAAACT-1,0.480761,0.028105,0.161774,0.03422,0.050386,0.10694,0.015774,0.055534,0.010535,0.05597
AATATCGAATCAATGC-1,0.000016,0.26505,0.23491,0.354887,0.076248,0.031845,0.026247,0.010339,0.000016,0.000441
AATATCGAGGGTTCTC-1,0.093305,0.010394,0.049928,0.14536,0.036791,0.142372,0.011075,0.296321,0.178335,0.036119
AATATTGGAGTATTGA-1,0.00002,0.02197,0.064888,0.458594,0.000215,0.411149,0.016864,0.00002,0.024998,0.001281
AATCAGACTGCAGGAC-1,0.000029,0.558699,0.125613,0.174302,0.043577,0.005348,0.013844,0.024922,0.053636,0.000029
AATCAGGTTTCATTTA-1,0.126984,0.027713,0.030788,0.069109,0.253608,0.05532,0.223709,0.012438,0.085635,0.114694
AATCATGTAAAGACTC-1,0.15097,0.032024,0.025195,0.00007,0.00007,0.00007,0.00007,0.30779,0.317804,0.165936
AATCCAAGGGCCTGAG-1,0.037728,0.245945,0.127743,0.121647,0.033582,0.12172,0.032982,0.023094,0.230655,0.024904
AATCCATGCAAGGGTG-1,0.000044,0.052484,0.062682,0.031935,0.119145,0.000359,0.058856,0.050913,0.617723,0.005859
AATCCCGCTCAGAGCC-1,0.010896,0.068263,0.014233,0.151424,0.208382,0.234987,0.188468,0.021789,0.002537,0.09902
AATCGAGGTCTCAAGG-1,0.011498,0.025194,0.006178,0.000016,0.033315,0.013823,0.045279,0.339864,0.000816,0.524015
AATCGCCTCAGCGCCA-1,0.003321,0.276128,0.213388,0.039915,0.002046,0.000044,0.000749,0.084792,0.34918,0.030436
AATCGCGCAGAGGACT-1,0.00003,0.170037,0.1941,0.084401,0.073434,0.118192,0.086742,0.021815,0.103462,0.147787
AATCGGGACACTACGA-1,0.000073,0.196321,0.274833,0.000073,0.000073,0.000073,0.000073,0.033424,0.339882,0.155174
AATCGGTATAGCCCTC-1,0.000019,0.329362,0.109454,0.207314,0.115197,0.044725,0.099499,0.000019,0.074243,0.020169
AATCGTGAGCCGAGCA-1,0.089962,0.000088,0.000088,0.000088,0.000088,0.000088,0.000088,0.879899,0.000088,0.029525
AATCTAGGTTTACTTG-1,0.145435,0.340682,0.040559,0.045657,0.000046,0.140737,0.053364,0.00003,0.020449,0.213043
AATCTATGCCGGAGCC-1,0.114447,0.000078,0.000078,0.000078,0.000078,0.000078,0.000078,0.121781,0.637754,0.125552
AATCTCTACTGTGGTT-1,0.045725,0.023345,0.082551,0.300841,0.013581,0.155331,0.267287,0.0014,0.069048,0.04089
AATCTGCGTTGGGACG-1,0.202038,0.000067,0.000067,0.000067,0.000067,0.000067,0.000067,0.463931,0.333564,0.000067
AATCTGGCTTTCTAGT-1,0.176401,0.097735,0.032372,0.024275,0.026138,0.043157,0.147833,0.010219,0.205843,0.236027
AATCTGGGTAGACCCT-1,0.072356,0.018869,0.071495,0.280757,0.017656,0.030703,0.100274,0.246628,0.053951,0.107309
AATGACAGCAATGTCT-1,0.024344,0.000748,0.032579,0.575979,0.055468,0.163243,0.018437,0.007011,0.122174,0.000019
AATGACGTAGGATGTC-1,0.000038,0.218407,0.392218,0.196237,0.015089,0.000438,0.010982,0.139301,0.027252,0.000038
AATGACTGTCAGCCGG-1,0.002785,0.073907,0.067532,0.293356,0.060972,0.031667,0.003338,0.000133,0.46627,0.000041
AATGAGTTCGCATATG-1,0.002409,0.128102,0.068661,0.21912,0.047273,0.01137,0.072509,0.053251,0.389977,0.007328
AATGATGATACGCTAT-1,0.212441,0.00009,0.00009,0.00009,0.00009,0.00009,0.00009,0.565295,0.221634,0.00009
AATGATGCGACTCCTG-1,0.069797,0.027661,0.221987,0.163459,0.023476,0.177342,0.050014,0.058627,0.193262,0.014374
AATGCAACCGGGTACC-1,0.000036,0.469222,0.131846,0.13512,0.008773,0.017273,0.01221,0.000036,0.195241,0.030242
AATGCACCAAGCAATG-1,0.087276,0.026922,0.165072,0.207079,0.001913,0.101399,0.044211,0.069209,0.287996,0.008925
AATGGTCCACCGTTCA-1,0.051591,0.02148,0.057948,0.029711,0.001665,0.382164,0.008736,0.000028,0.251985,0.194693
AATGGTTCTCACAAGC-1,0.017586,0.090852,0.029521,0.010993,0.084627,0.02976,0.039828,0.025601,0.588269,0.082964
AATGTATGGCACTGTA-1,0.763811,0.040524,0.000677,0.000038,0.000038,0.000038,0.016452,0.113518,0.000038,0.064865
AATGTGCCCGAGGTGT-1,0.041738,0.089804,0.046909,0.22773,0.012158,0.306523,0.033335,0.00003,0.192284,0.04949
AATGTGCTAATCTGAG-1,0.044628,0.000012,0.0025,0.506299,0.073586,0.34791,0.01607,0.002039,0.005443,0.001513
AATGTTAAGACCCTGA-1,0.037192,0.009161,0.00898,0.000011,0.003864,0.005874,0.002624,0.832017,0.007976,0.0923
AATGTTGTCGTGAGAC-1,0.000019,0.196192,0.204524,0.044155,0.112058,0.357701,0.035052,0.015427,0.014716,0.020157
AATTAAAGGTCGGCGT-1,0.000045,0.023259,0.022092,0.172666,0.17781,0.024919,0.041692,0.02535,0.504849,0.007319
AATTAACGGATTTCCA-1,0.012132,0.177584,0.195065,0.273305,0.112206,0.011527,0.017702,0.106588,0.076325,0.017566
AATTACGAGACCCATC-1,0.918801,0.000144,0.000027,0.04338,0.027202,0.000235,0.000631,0.00132,0.008231,0.000027
AATTACTCGTACGCTC-1,0.001177,0.013423,0.001065,0.074579,0.214676,0.002409,0.00004,0.0696,0.622991,0.000039
AATTAGCGCTGCAGCG-1,0.000029,0.095695,0.12076,0.44492,0.078105,0.062886,0.062092,0.007014,0.089736,0.038764
AATTCATAAGGGATCT-1,0.055768,0.000133,0.000133,0.000133,0.000133,0.000133,0.000133,0.325447,0.351685,0.266299
AATTCATTGTCATGCA-1,0.784964,0.032645,0.030419,0.000052,0.000052,0.032228,0.056674,0.000052,0.000052,0.062862
AATTCCAACTTGGTGA-1,0.018791,0.040997,0.062674,0.001483,0.00006,0.012163,0.00006,0.471944,0.387443,0.004386
AATTCCAAGCATGTAC-1,0.000026,0.0318,0.12222,0.300134,0.193658,0.163153,0.032781,0.072726,0.061948,0.021554
AATTCGATTCGAGGAT-1,0.001755,0.078539,0.020581,0.000057,0.013483,0.000057,0.003346,0.31371,0.300267,0.268206
AATTCTAGAGTTAGGC-1,0.000024,0.123484,0.063339,0.536309,0.080155,0.014421,0.006164,0.070686,0.105393,0.000024
AATTGAACGCTCTGGT-1,0.00338,0.065903,0.076124,0.056825,0.034456,0.000065,0.000065,0.219386,0.5247,0.019095
AATTGCAGCAATCGAC-1,0.007924,0.065151,0.026603,0.000032,0.050431,0.000032,0.001369,0.063387,0.523158,0.261912
AATTGCGTGGATTACA-1,0.63234,0.020781,0.015504,0.192276,0.001416,0.02018,0.117404,0.000033,0.000033,0.000033
AATTGTGGTTGCCAAA-1,0.004301,0.037277,0.09183,0.059842,0.226862,0.078669,0.065427,0.03161,0.096366,0.307816
AATTTGGGACATAGTA-1,0.086471,0.000199,0.060536,0.154802,0.000199,0.000199,0.114311,0.169062,0.112557,0.301662
AATTTGGTTCCAAAGA-1,0.003761,0.301022,0.094267,0.000313,0.000058,0.000058,0.000058,0.038451,0.553039,0.008974
ACAAACCATGCGTCCT-1,0.451283,0.087047,0.032409,0.151203,0.009673,0.008534,0.236495,0.02274,0.00002,0.000595
ACAAACCGACAAGGCG-1,0.060938,0.00488,0.000126,0.202198,0.000126,0.001301,0.021576,0.708604,0.000126,0.000126
ACAAACTCCATCAGAG-1,0.00819,0.037478,0.058285,0.057629,0.100478,0.461253,0.230421,0.018795,0.000019,0.027451
ACAAAGAAGGTAGGCC-1,0.33905,0.126119,0.019673,0.03197,0.007083,0.086047,0.10464,0.000022,0.024608,0.260788
ACAAAGCATGACCTAG-1,0.099537,0.039122,0.022475,0.000042,0.000138,0.004485,0.000042,0.076459,0.183226,0.574475
ACAAATCGCACCGAAT-1,0.008656,0.09488,0.30808,0.043724,0.001887,0.030588,0.008659,0.177022,0.265863,0.060641
ACAAATGGTAGTGTTT-1,0.022175,0.041462,0.091125,0.000084,0.000084,0.014104,0.000084,0.32121,0.436798,0.072873
ACAACAGCATGAGCTA-1,0.000029,0.293101,0.133778,0.370841,0.091899,0.007885,0.005308,0.005386,0.090944,0.00083
ACAACGGTCCCTGCGA-1,0.039063,0.069924,0.116482,0.015285,0.000076,0.052555,0.024108,0.020151,0.342186,0.320169
ACAAGCAGTGCCTAGC-1,0.000358,0.058467,0.079259,0.306687,0.014071,0.25605,0.040737,0.027793,0.111516,0.105062
ACAAGCTATATGGAAG-1,0.153461,0.023654,0.066483,0.07098,0.023459,0.072596,0.369899,0.17755,0.000024,0.041892
ACAAGGAAATCCGCCC-1,0.000017,0.084763,0.181209,0.45294,0.175765,0.008766,0.000512,0.07974,0.01627,0.000017
ACAAGGACAAGAGGTT-1,0.000017,0.041224,0.084079,0.443461,0.036111,0.318528,0.010443,0.000017,0.066104,0.000017
ACAAGGATGCTTTAGG-1,0.085785,0.013821,0.138636,0.109441,0.004317,0.097372,0.000048,0.33625,0.19838,0.015951
ACAAGGGCAGGCTCTG-1,0.000027,0.281738,0.259563,0.173472,0.062567,0.000027,0.00621,0.083273,0.133096,0.000027
ACAAGTAATTGTAAGG-1,0.098106,0.140694,0.028842,0.162226,0.052584,0.01195,0.401001,0.102295,0.000008,0.002295
ACAATAGTCGTACGTT-1,0.089043,0.000038,0.023641,0.035797,0.04747,0.161382,0.001499,0.024524,0.587759,0.028846
ACAATCCATTTAAACC-1,0.017987,0.010708,0.164457,0.168776,0.004113,0.33539,0.015771,0.000023,0.177476,0.105298
ACAATCGATCTTTATA-1,0.128807,0.000052,0.000052,0.000052,0.000052,0.000052,0.000052,0.56625,0.304579,0.000052
ACAATGAATACGGAGA-1,0.095675,0.021234,0.169206,0.239387,0.068043,0.047389,0.053807,0.083345,0.143509,0.078406
ACAATTGTGTCTCTTT-1,0.035463,0.031982,0.18166,0.080838,0.002104,0.077685,0.003705,0.37636,0.194374,0.015828
ACAATTTAGGAGGCTC-1,0.000014,0.01236,0.041812,0.412658,0.008614,0.477642,0.019985,0.000014,0.02199,0.00491
ACAATTTGAGCAGTGG-1,0.000085,0.021441,0.005833,0.000085,0.000085,0.000085,0.000085,0.000085,0.503067,0.469151
ACAATTTGGCCATATT-1,0.038667,0.02289,0.076255,0.063997,0.161,0.120322,0.10781,0.01313,0.222361,0.173569
ACACAAAGACGGGTGG-1,0.001855,0.097697,0.282943,0.057035,0.026415,0.039333,0.010767,0.115776,0.285329,0.08285
ACACAAATATTCCTAG-1,0.00002,0.721367,0.007166,0.005097,0.021658,0.0059,0.150431,0.067956,0.00002,0.020385
ACACACCAGGACCAGT-1,0.132949,0.000065,0.116724,0.012325,0.000065,0.000065,0.000065,0.379815,0.344717,0.013208
ACACACTTTCTACACG-1,0.000046,0.24315,0.529664,0.148933,0.016541,0.000046,0.00443,0.01989,0.037254,0.000046
ACACATGATCAAATCT-1,0.243678,0.107423,0.034651,0.080584,0.06311,0.019466,0.110555,0.029649,0.17772,0.133164
ACACATTGACGCAACA-1,0.000034,0.053309,0.028216,0.008779,0.119863,0.003033,0.006625,0.123549,0.629258,0.027335
ACACATTTCCGTAGAC-1,0.009499,0.157517,0.019262,0.017016,0.228482,0.015093,0.149552,0.090856,0.129158,0.183564
ACACCACATAATTAGC-1,0.000022,0.329855,0.063454,0.266813,0.068825,0.161701,0.093423,0.006662,0.000022,0.009224
ACACCCAGCATGCAGC-1,0.000066,0.098929,0.361382,0.012473,0.001117,0.054911,0.037849,0.000066,0.377237,0.05597
ACACCCGAGAAATCCG-1,0.000026,0.14434,0.371001,0.252792,0.079345,0.026678,0.002729,0.014425,0.099651,0.009013
ACACCGAGCGCTCTTT-1,0.000053,0.200515,0.123193,0.011867,0.000053,0.097113,0.010937,0.000053,0.195472,0.360744
ACACCGGTCTGACCGC-1,0.693942,0.047362,0.011842,0.025325,0.010042,0.107388,0.027894,0.000022,0.009181,0.067003
ACACCTTAAGTAGGGC-1,0.000057,0.067722,0.356737,0.032344,0.027187,0.186589,0.005656,0.000057,0.10352,0.22013
ACACCTTACTACTTGC-1,0.000025,0.407583,0.089179,0.250285,0.102849,0.083072,0.053305,0.000025,0.001066,0.012611
ACACGAGACTCCTTCT-1,0.000068,0.518188,0.152225,0.066806,0.017313,0.006023,0.014294,0.128782,0.077026,0.019273
ACACGGCACTATGCAT-1,0.127757,0.000112,0.000112,0.000112,0.000112,0.000112,0.000112,0.012998,0.670263,0.18831
ACACGGGAACTTAGGG-1,0.000032,0.202507,0.358538,0.365082,0.000363,0.000032,0.007073,0.06631,0.000032,0.000032
ACACGTAGGCCACAAG-1,0.000023,0.359993,0.071858,0.409233,0.049141,0.019154,0.090528,0.000023,0.000023,0.000023
ACACTCCAATGTCACT-1,0.000055,0.010805,0.015557,0.014623,0.024758,0.225475,0.008608,0.185605,0.44424,0.070275
ACACTGATCAAGGTGT-1,0.061234,0.003878,0.041799,0.268605,0.171758,0.15566,0.00788,0.007726,0.276396,0.005064
ACACTGGGACAGTCGT-1,0.011348,0.012646,0.076859,0.017885,0.09809,0.194279,0.029438,0.069351,0.308302,0.181802
ACAGAACTGAGAACAA-1,0.350267,0.015436,0.17511,0.116294,0.002096,0.147863,0.050722,0.000026,0.06385,0.078336
ACAGATTAGGTTAGTG-1,0.008783,0.000079,0.000079,0.000079,0.000079,0.000079,0.000079,0.296009,0.694652,0.000079
ACAGCATAGAGCCAGT-1,0.000052,0.392157,0.242383,0.024196,0.000052,0.000052,0.000052,0.050043,0.286276,0.004738
ACAGCGACATTCTCAT-1,0.036235,0.00009,0.00009,0.00009,0.00009,0.00009,0.00009,0.003164,0.320849,0.639211
ACAGCGCACCCGCAGC-1,0.068348,0.000088,0.000088,0.000088,0.000088,0.000088,0.000088,0.0585,0.390642,0.481986
ACAGGAGGCGCAGCCG-1,0.074012,0.026115,0.04718,0.0496,0.042405,0.011556,0.029643,0.233936,0.451175,0.034378
ACAGGCACGGATCCTT-1,0.022668,0.083723,0.056375,0.041672,0.044549,0.087629,0.065433,0.563421,0.000042,0.034488
ACAGGCTTGCCCGACT-1,0.022916,0.086783,0.020498,0.150267,0.046101,0.117416,0.054404,0.346921,0.057166,0.097527
ACAGGTGGAGGTGAGG-1,0.000019,0.030504,0.078559,0.392549,0.009862,0.390052,0.026679,0.000019,0.055983,0.015775
ACAGGTGTGTTGTTGC-1,0.099769,0.063164,0.01813,0.147775,0.054325,0.069204,0.282833,0.093793,0.023891,0.147115
ACAGTAATACAACTTG-1,0.248807,0.093171,0.123709,0.306667,0.004203,0.104089,0.075451,0.000026,0.01144,0.032438
ACAGTATACCGTGGGA-1,0.000041,0.395818,0.004865,0.06695,0.00055,0.000041,0.180712,0.350938,0.000041,0.000041
ACATAAGTCGTGGTGA-1,0.536911,0.000042,0.000042,0.000042,0.002446,0.000042,0.000042,0.013855,0.409958,0.036617
ACATAATAAGGCGGTG-1,0.00006,0.231146,0.328047,0.088024,0.00006,0.037769,0.00006,0.00754,0.248774,0.058519
ACATACAATCAAGCGG-1,0.051189,0.002679,0.000015,0.000837,0.125984,0.000015,0.002981,0.689195,0.102731,0.024373
ACATCAGCTGGGACGC-1,0.096574,0.036856,0.039569,0.209008,0.083953,0.348421,0.126006,0.011435,0.016235,0.031943
ACATCCCGGCCATACG-1,0.008119,0.033094,0.077814,0.085815,0.023048,0.138501,0.042689,0.005493,0.468208,0.11722
ACATCCTGGTAACTGT-1,0.053488,0.000065,0.000065,0.000065,0.000065,0.000065,0.000065,0.364422,0.466987,0.11471
ACATCGATCGTTTACC-1,0.030516,0.023928,0.032043,0.661706,0.052939,0.003518,0.004761,0.007621,0.182934,0.000034
ACATCGCAATATTCGG-1,0.12877,0.000012,0.000012,0.001061,0.176077,0.00519,0.022409,0.365753,0.254719,0.045998
ACATCGGTCAGCCGCG-1,0.033468,0.008483,0.156101,0.211837,0.012471,0.393846,0.015847,0.000024,0.163209,0.004714
ACATCGTATGCAATGG-1,0.008635,0.060576,0.271723,0.046513,0.029645,0.039114,0.000081,0.161352,0.37453,0.00783
ACATCGTTAACCTAGT-1,0.134444,0.000122,0.000122,0.000122,0.000122,0.000122,0.000122,0.179536,0.554741,0.130549
ACATCTCAACGCGTAA-1,0.228289,0.103357,0.00008,0.00008,0.00008,0.00008,0.00008,0.346536,0.140524,0.180895
ACATGCTTACGGCAGC-1,0.544637,0.021621,0.004122,0.000029,0.023911,0.001097,0.010251,0.161319,0.178801,0.054213
ACATGGCGCCAAAGTA-1,0.01045,0.000064,0.054167,0.000064,0.000064,0.028161,0.018966,0.118888,0.414834,0.354343
ACATGGCTCAATTTAG-1,0.021804,0.371599,0.138548,0.002923,0.00006,0.017742,0.0007,0.00006,0.308519,0.138045
ACATTAGTTTATATCC-1,0.000029,0.135304,0.060828,0.381302,0.072926,0.082704,0.017331,0.00042,0.246686,0.00247
ACATTCGCGCGGAATA-1,0.145461,0.017003,0.042433,0.136758,0.124974,0.209949,0.306013,0.00661,0.000014,0.010784
ACATTTGAAACCTAAC-1,0.040784,0.000023,0.000023,0.000023,0.011212,0.000023,0.000023,0.329381,0.393949,0.22456
ACCAAACACCCAGCGA-1,0.072335,0.000076,0.000076,0.000076,0.000076,0.000076,0.000076,0.262459,0.392954,0.271796
ACCAAACTAGAAATCC-1,0.291289,0.000048,0.000048,0.000048,0.000048,0.000048,0.000048,0.293074,0.349733,0.065614
ACCAACACCACACACT-1,0.057587,0.000076,0.000076,0.000076,0.000076,0.000076,0.000076,0.411291,0.33285,0.197817
ACCAACCGCACTCCAC-1,0.073116,0.020272,0.029025,0.026044,0.120333,0.00501,0.022132,0.377661,0.183443,0.142963
ACCAACGCTTATTTAT-1,0.000025,0.016747,0.077277,0.362938,0.004755,0.360593,0.044733,0.000025,0.07025,0.062659
ACCAAGAACGCGTGTC-1,0.00003,0.4284,0.22102,0.225105,0.020201,0.00355,0.047743,0.006696,0.047225,0.00003
ACCAAGTCATCGGCAG-1,0.060439,0.335536,0.159378,0.148508,0.044775,0.04132,0.093796,0.002141,0.047383,0.066724
