Barcode,Topic 1to2,Topic 3to4,Topic 5to11
AAACAACGAATAGTTC-1,0.316337,0.132924,0.550739
AAACAAGTATCTCCCA-1,0.151864,0.306137,0.541999
AAACAATCTACTAGCA-1,0.987551,0.000315,0.012135
AAACACCAATAACTGC-1,0.105578,0.175841,0.71858
AAACAGAGCGACTCCT-1,0.891157,0.000061,0.108782
AAACAGCTTTCAGAAG-1,0.430732,0.567835,0.001433
AAACAGGGTCTATATT-1,0.764928,0.002104,0.232967
AAACAGTGTTCCTGGG-1,0.5271,0.046732,0.426168
AAACATGGTGAGAGGA-1,0.520349,0.004139,0.475512
AAACATTTCCCGGATT-1,0.148395,0.078947,0.772658
AAACCACTACACAGAT-1,0.119986,0.500399,0.379615
AAACCCGAACGAAATC-1,0.043405,0.410548,0.546047
AAACCGGAAATGTTAA-1,0.402647,0.117639,0.479714
AAACCGGGTAGGTACC-1,0.582291,0.000087,0.417622
AAACCGTTCGTCCAGG-1,0.057912,0.108256,0.833832
AAACCTAAGCAGCCGG-1,0.114402,0.396881,0.488717
AAACCTCATGAAGTTG-1,0.999258,0.000165,0.000577
AAACGAAGAACATACC-1,0.610461,0.08608,0.303458
AAACGAAGATGGAGTA-1,0.95609,0.00009,0.043819
AAACGACAGTCTTGCC-1,0.027653,0.44864,0.523707
AAACGAGACGGTTGAT-1,0.108796,0.028505,0.862699
AAACGCCCGAGATCGG-1,0.072169,0.221042,0.706789
AAACGCTGGGCACGAC-1,0.470121,0.012233,0.517646
AAACGGGCGTACGGGT-1,0.082397,0.468312,0.449291
AAACGGGTTGGTATCC-1,0.998747,0.000278,0.000975
AAACGGTTGCGAACTG-1,0.304663,0.197284,0.498053
AAACGTGTTCGCCCTA-1,0.226015,0.636737,0.137248
AAACTAACGTGGCGAC-1,0.057007,0.324788,0.618205
AAACTCGGTTCGCAAT-1,0.176982,0.415902,0.407116
AAACTCGTGATATAAG-1,0.200448,0.240955,0.558596
AAACTGCTGGCTCCAA-1,0.003901,0.161523,0.834576
AAACTTAATTGCACGC-1,0.989969,0.000096,0.009935
AAACTTGCAAACGTAT-1,0.081785,0.049981,0.868234
AAAGAATGACCTTAGA-1,0.975396,0.022901,0.001703
AAAGAATGTGGACTAA-1,0.238152,0.349932,0.411917
AAAGACATGAAGTTTA-1,0.093368,0.000039,0.906593
AAAGACCCAAGTCGCG-1,0.891108,0.000242,0.10865
AAAGACTGGGCGCTTT-1,0.999357,0.000143,0.0005
AAAGCTTGCCTACATA-1,0.000011,0.549028,0.450962
AAAGGCCCTATAATAC-1,0.305727,0.205248,0.489025
AAAGGCTACGGACCAT-1,0.034517,0.366928,0.598555
AAAGGCTCTCGCGCCG-1,0.622478,0.050528,0.326995
AAAGGGATGTAGCAAG-1,0.397818,0.000056,0.602126
AAAGGGCAGCTTGAAT-1,0.996503,0.00018,0.003317
AAAGGTAAGCTGTACC-1,0.246426,0.105218,0.648356
AAAGGTCAACGACATG-1,0.007461,0.26953,0.723009
AAAGTAGCATTGCTCA-1,0.132964,0.220018,0.647017
AAAGTCACTGATGTAA-1,0.624847,0.000151,0.375002
AAAGTCGACCCTCAGT-1,0.714718,0.000133,0.285148
AAAGTGCCATCAATTA-1,0.401582,0.258829,0.33959
AAAGTGTGATTTATCT-1,0.154048,0.213613,0.632339
AAAGTTGACTCCCGTA-1,0.36278,0.029812,0.607408
AAATAACCATACGGGA-1,0.244476,0.164111,0.591413
AAATAAGGTAGTGCCC-1,0.00001,0.268395,0.731595
AAATACCTATAAGCAT-1,0.020749,0.006329,0.972922
AAATAGCTTAGACTTT-1,0.02666,0.180343,0.792997
AAATAGGGTGCTATTG-1,0.026569,0.444039,0.529391
AAATCACTCCTAAACG-1,0.001974,0.557858,0.440168
AAATCCGATACACGCC-1,0.467491,0.333987,0.198521
AAATCGCGGAAGGAGT-1,0.999379,0.000138,0.000483
AAATCGTGTACCACAA-1,0.333104,0.000044,0.666852
AAATCTAGCCCTGCTA-1,0.007705,0.176848,0.815447
AAATCTGCCCGCGTCC-1,0.363076,0.15685,0.480074
AAATGACTGATCAAAC-1,0.030577,0.000043,0.969381
AAATGATTCGATCAGC-1,0.007875,0.346666,0.645459
AAATGCTCGTTACGTT-1,0.866267,0.000185,0.133548
AAATGGCATGTCTTGT-1,0.04984,0.094327,0.855833
AAATGGCCCGTGCCCT-1,0.519252,0.034563,0.446186
AAATGGTCAATGTGCC-1,0.632534,0.000061,0.367405
AAATGTATCTTATCCC-1,0.999619,0.000085,0.000297
AAATGTGGGTGCTCCT-1,0.42714,0.571734,0.001126
AAATTAACGGGTAGCT-1,0.381636,0.000041,0.618323
AAATTAATAAGCGCGA-1,0.862875,0.136442,0.000684
AAATTACACGACTCTG-1,0.255379,0.003403,0.741218
AAATTACCTATCGATG-1,0.115105,0.126958,0.757937
AAATTCCAGGTCCAAA-1,0.046714,0.584171,0.369115
AAATTGATAGTCCTTT-1,0.274887,0.197083,0.528031
AAATTGCGGCGGTTCT-1,0.969792,0.00035,0.029858
AAATTGGTGAGAAGCA-1,0.163826,0.274614,0.56156
AAATTTACCGAAATCC-1,0.014544,0.160659,0.824797
AAATTTGCGGGTGTGG-1,0.257896,0.123522,0.618583
AACAACTGGTAGTTGC-1,0.019088,0.067702,0.91321
AACAATACATTGTCGA-1,0.574358,0.235964,0.189678
AACAATTACTCTACGC-1,0.976465,0.000191,0.023344
AACACACGCTCGCCGC-1,0.170662,0.185538,0.6438
AACACGACTGTACTGA-1,0.025819,0.033759,0.940422
AACACGAGACGCGGCC-1,0.597051,0.038016,0.364933
AACACGCGGCCGCGAA-1,0.508991,0.011893,0.479116
AACAGCTGTGTGGCAA-1,0.001262,0.2144,0.784338
AACAGGAAATCGAATA-1,0.278207,0.020775,0.701018
AACAGGATGGGCCGCG-1,0.262394,0.008748,0.728858
AACAGGTAGTATGGAT-1,0.038191,0.344871,0.616938
AACATAGCGTGTATCG-1,0.148775,0.000035,0.85119
AACATATCAACTGGTG-1,0.006598,0.130318,0.863083
AACATCGATACGTCTA-1,0.322522,0.400526,0.276952
AACATTGAAGTTGATC-1,0.26507,0.438067,0.296864
AACATTGGTCAGCCGT-1,0.241308,0.757052,0.00164
AACATTGTGACTCGAG-1,0.000007,0.325068,0.674925
AACCAAGACTTCTCTG-1,0.11228,0.044145,0.843574
AACCAGTATCACTCTT-1,0.000039,0.202097,0.797865
AACCATAGGGTTGAAC-1,0.654543,0.197947,0.14751
AACCATGGGATCGCTA-1,0.598534,0.000174,0.401292
AACCCAGAGACGGAGA-1,0.998995,0.000223,0.000782
AACCCATCCCATGATC-1,0.319897,0.004726,0.675377
AACCCGACAACCCGTG-1,0.113293,0.494993,0.391714
AACCCGAGCAGAATCG-1,0.013142,0.470054,0.516804
AACCCGATAGGGCTTC-1,0.344564,0.451087,0.204349
AACCCGCTGTATTCCA-1,0.305747,0.029247,0.665007
AACCCTACTGTCAATA-1,0.506723,0.008374,0.484903
AACCCTGGTGGAACCA-1,0.123084,0.000058,0.876858
AACCGAGCTTGGTCAT-1,0.339237,0.000068,0.660695
AACCGCTAAGGGATGC-1,0.095848,0.138962,0.765191
AACCGTTGTGTTTGCT-1,0.341142,0.000106,0.658752
AACCTAAAGCCGTCCG-1,0.151632,0.052081,0.796286
AACCTCGCTTTAGCCC-1,0.126031,0.325937,0.548032
AACCTGTCACGGAATT-1,0.186638,0.168729,0.644632
AACCTTTAAATACGGT-1,0.063001,0.181189,0.755809
AACCTTTACGACGTCT-1,0.141502,0.096419,0.762079
AACGAAAGTCGTCCCA-1,0.600516,0.388177,0.011307
AACGACCTCCTAGCCG-1,0.031254,0.53868,0.430066
AACGATAATGCCGTAG-1,0.425102,0.007105,0.567793
AACGATAGAAGGGCCG-1,0.65958,0.000134,0.340286
AACGATATGTCAACTG-1,0.07354,0.015032,0.911429
AACGCATGATCTGGGT-1,0.242021,0.082418,0.675561
AACGCGAACGGCAACA-1,0.999163,0.000186,0.000651
AACGCGACCTTGGGCG-1,0.275768,0.368534,0.355698
AACGCGGTCTCCAGCC-1,0.233155,0.070649,0.696195
AACGCTGTTGCTGAAA-1,0.414395,0.083888,0.501717
AACGGACGTACGTATA-1,0.094076,0.201167,0.704756
AACGGCCATCTCCGGT-1,0.003996,0.162605,0.833399
AACGTACTGTGGGTAC-1,0.675643,0.000064,0.324293
AACGTAGTCTACCCAT-1,0.679237,0.000263,0.320501
AACGTCAGACTAGTGG-1,0.187068,0.035569,0.777363
AACGTCATCCGGCTTG-1,0.005195,0.407281,0.587523
AACGTCGCTGCACTTC-1,0.065889,0.102919,0.831192
AACGTGATGAAGGACA-1,0.10508,0.003225,0.891695
AACGTGCGAAAGTCTC-1,0.028275,0.05361,0.918116
AACGTTATCAGCACCT-1,0.998233,0.000393,0.001375
AACGTTCTACCATTGT-1,0.743812,0.000151,0.256037
AACTACCCGTTTGTCA-1,0.021967,0.422725,0.555308
AACTAGCGTATCGCAC-1,0.577845,0.235979,0.186176
AACTAGGCTTGGGTGT-1,0.306217,0.21935,0.474433
AACTCAAGTTAATTGC-1,0.204578,0.014273,0.781149
AACTCCAGAGCGTGTT-1,0.004367,0.314466,0.681167
AACTCCTAATCCCATG-1,0.206839,0.000054,0.793107
AACTCGATGGCGCAGT-1,0.864383,0.000232,0.135386
AACTCTCAATAGAGCG-1,0.194196,0.062206,0.743598
AACTCTCAGTGTGCTC-1,0.26087,0.070537,0.668592
AACTGAGGTCAGCGTC-1,0.359858,0.276461,0.363681
AACTGAGTTATACTGA-1,0.136489,0.53678,0.326731
AACTGATATTAGGCCT-1,0.016943,0.142162,0.840895
AACTGGGTCCCGACGT-1,0.74108,0.000099,0.258821
AACTGGGTTCGAGCCG-1,0.075847,0.003649,0.920504
AACTGGTGTGGGCCTT-1,0.797314,0.000164,0.202522
AACTTCTGCGTCTATC-1,0.998946,0.000234,0.00082
AACTTGCCCGTATGCA-1,0.650596,0.000147,0.349257
AACTTGCGTTCTCGCG-1,0.66169,0.000229,0.338081
AACTTTACGGGAGCTT-1,0.559233,0.439597,0.00117
AACTTTAGCTGCTGAG-1,0.43083,0.566913,0.002257
AACTTTCTCGATCATG-1,0.000017,0.550291,0.449692
AAGAAAGTTTGATGGG-1,0.786761,0.034947,0.178292
AAGAAATCACCAGATT-1,0.000009,0.409978,0.590012
AAGAAGGATCAGTTAG-1,0.578217,0.000142,0.42164
AAGACATACGTGGTTT-1,0.12187,0.453085,0.425045
AAGACCAAATAACTCA-1,0.853609,0.078814,0.067576
AAGACCCAACTGAACA-1,0.208271,0.047044,0.744685
AAGACTAACCCGTTGT-1,0.889753,0.000216,0.110031
AAGACTCACGCCCACT-1,0.000023,0.110849,0.889128
AAGACTGCAAGCTACT-1,0.304095,0.006476,0.689429
AAGAGATGAATCGGTA-1,0.99908,0.000205,0.000716
AAGAGCTCTTTATCGG-1,0.103677,0.022407,0.873916
AAGAGGATGTACGCGA-1,0.240903,0.080002,0.679095
AAGAGGCATGGATCGC-1,0.323768,0.000544,0.675689
AAGAGGCCCTTTGGAA-1,0.02504,0.297343,0.677617
AAGATGGCACCGGACC-1,0.005231,0.656707,0.338062
AAGATTGGCGGAACGT-1,0.103793,0.093085,0.803122
AAGCACCCTGCGTATC-1,0.000016,0.17779,0.822194
AAGCATACTCTCCTGA-1,0.044567,0.108772,0.846661
AAGCCACTTGCAGGTA-1,0.486632,0.100827,0.412541
AAGCCGAAGCGGTTTA-1,0.249163,0.247437,0.5034
AAGCCGCCGTGAAATC-1,0.01332,0.270398,0.716282
AAGCCGCTTTACCTTG-1,0.026114,0.54482,0.429066
AAGCCGGAGAGCAGGA-1,0.650998,0.22827,0.120732
AAGCGCAGGGCTTTGA-1,0.14429,0.509369,0.34634
AAGCGGAGTGCGCGCA-1,0.271158,0.374164,0.354678
AAGCGGCGTCATGGGT-1,0.059749,0.105757,0.834494
AAGCGTCCCTCATCGA-1,0.063608,0.054499,0.881893
AAGCTAGATCGAGTAA-1,0.07565,0.005912,0.918438
AAGCTATGGATTGACC-1,0.999345,0.000146,0.00051
AAGCTCGTGCCAAGTC-1,0.037391,0.004413,0.958196
AAGCTCTTTCATGGTG-1,0.098684,0.313904,0.587412
AAGGAGAACTTATAAG-1,0.348539,0.000173,0.651288
AAGGAGCGGTTGGTGC-1,0.18919,0.081237,0.729572
AAGGATCGATCGCTTG-1,0.046695,0.155178,0.798127
AAGGATGAGGGACCTC-1,0.004914,0.023361,0.971725
AAGGCAGGCTGTCTCC-1,0.155342,0.33052,0.514137
AAGGCGCGTAAAGCTT-1,0.241216,0.005438,0.753346
AAGGCTGTGCTCATCG-1,0.292201,0.042925,0.664874
AAGGGAACGACTGGCT-1,0.308543,0.39543,0.296027
AAGGGACAGATTCTGT-1,0.042599,0.128843,0.828558
AAGGGACTATGCATTC-1,0.445803,0.135906,0.418291
AAGGGTTAGCCATGCG-1,0.273123,0.000086,0.726791
AAGGGTTTGATTTCAG-1,0.777874,0.037596,0.18453
AAGGTATCCTAATATA-1,0.038886,0.110728,0.850387
AAGGTGATAAACCAGC-1,0.06053,0.239459,0.700011
AAGTAAGCTTCCAAAC-1,0.249731,0.133905,0.616363
AAGTAGAAGACCGGGT-1,0.147773,0.008312,0.843915
AAGTAGTGACGCGAGG-1,0.397809,0.000107,0.602084
AAGTCAATTGTCGTCA-1,0.023174,0.603595,0.373231
AAGTCTAGTAGCTGCC-1,0.000015,0.680042,0.319943
AAGTCTTCTGTGGCCT-1,0.971758,0.027982,0.00026
AAGTGACGACCGAATT-1,0.13267,0.112127,0.755203
AAGTGAGTCGGGTTTA-1,0.000008,0.30142,0.698572
AAGTGCAAAGGTAGAC-1,0.67042,0.000165,0.329415
AAGTGCCTTGACTGTA-1,0.142434,0.390137,0.467429
AAGTGCGTTAGAATCT-1,0.425204,0.02544,0.549355
AAGTGCTTCTCTATTG-1,0.32214,0.364682,0.313179
AAGTGTTTGGAGACGG-1,0.004804,0.000228,0.994968
AAGTTCACTCCAAGCT-1,0.07917,0.18318,0.73765
AAGTTCAGTCTGCGTA-1,0.412747,0.000055,0.587198
AAGTTCGGCCAACAGG-1,0.615086,0.002027,0.382887
AAGTTGTGATGTTATA-1,0.446492,0.398703,0.154805
AAGTTTACTAATGGCA-1,0.803124,0.00025,0.196626
AAGTTTATGGGCCCAA-1,0.038039,0.593068,0.368893
AATAACAACGCTCGGC-1,0.705103,0.011456,0.28344
AATAACACTAGAACAA-1,0.0551,0.143931,0.800969
AATAACGTCGCGCCCA-1,0.152052,0.000044,0.847904
AATAAGTCCTCGAGAC-1,0.078939,0.003277,0.917784
AATAATCTTCGTATCG-1,0.0209,0.449154,0.529946
AATACAATGTTTCAGG-1,0.999026,0.000216,0.000758
AATACCGGAGGGCTGT-1,0.081276,0.401196,0.517528
AATACCTGATGTGAAC-1,0.143109,0.101437,0.755453
AATAGAACAGAGTGGC-1,0.102888,0.101553,0.79556
AATAGAATCTGTTTCA-1,0.385803,0.026825,0.587372
AATAGCAAGCCTCCTG-1,0.611353,0.313027,0.07562
AATAGCTACCGCGTGC-1,0.414507,0.181171,0.404322
AATAGGCACGACCCTT-1,0.031753,0.000281,0.967966
AATAGTCCGTCCCGAC-1,0.291456,0.013271,0.695273
AATAGTCGCGAGTCGG-1,0.528257,0.171912,0.299831
AATATCAAGGTCGGAT-1,0.549589,0.448377,0.002033
AATATCCTAGCAAACT-1,0.999707,0.000065,0.000228
AATATCGAATCAATGC-1,0.00001,0.607048,0.392941
AATATCGAGGGTTCTC-1,0.125972,0.126198,0.74783
AATATTGGAGTATTGA-1,0.312854,0.101668,0.585478
AATCAGACTGCAGGAC-1,0.723457,0.109098,0.167445
AATCAGGTTTCATTTA-1,0.151794,0.144134,0.704073
AATCATGTAAAGACTC-1,0.215681,0.278375,0.505944
AATCCAAGGGCCTGAG-1,0.813218,0.000207,0.186575
AATCCATGCAAGGGTG-1,0.967002,0.000194,0.032804
AATCCCGCTCAGAGCC-1,0.033841,0.000042,0.966117
AATCGAGGTCTCAAGG-1,0.149612,0.000199,0.850188
AATCGCCTCAGCGCCA-1,0.379179,0.023177,0.597644
AATCGCGCAGAGGACT-1,0.267926,0.311248,0.420825
AATCGGGACACTACGA-1,0.173162,0.000084,0.826754
AATCGGTATAGCCCTC-1,0.107217,0.213411,0.679372
AATCGTGAGCCGAGCA-1,0.189995,0.231197,0.578808
AATCTAGGTTTACTTG-1,0.14334,0.083111,0.773548
AATCTATGCCGGAGCC-1,0.015162,0.077598,0.90724
AATCTCTACTGTGGTT-1,0.822616,0.129966,0.047418
AATCTGCGTTGGGACG-1,0.010579,0.25598,0.733441
AATCTGGCTTTCTAGT-1,0.992228,0.007105,0.000667
AATCTGGGTAGACCCT-1,0.212744,0.007862,0.779394
AATGACAGCAATGTCT-1,0.155885,0.078445,0.76567
AATGACGTAGGATGTC-1,0.01176,0.146728,0.841512
AATGACTGTCAGCCGG-1,0.008934,0.021731,0.969335
AATGAGTTCGCATATG-1,0.998705,0.000288,0.001007
AATGATGATACGCTAT-1,0.320235,0.017217,0.662548
AATGATGCGACTCCTG-1,0.242705,0.088961,0.668334
AATGCAACCGGGTACC-1,0.613889,0.023287,0.362824
AATGCACCAAGCAATG-1,0.240195,0.093323,0.666482
AATGGCCGCCAATGCG-1,0.183091,0.563513,0.253395
AATGGTCCACCGTTCA-1,0.999251,0.000166,0.000582
AATGGTTCTCACAAGC-1,0.675184,0.000224,0.324592
AATGTATGGCACTGTA-1,0.263908,0.037779,0.698313
AATGTGCCCGAGGTGT-1,0.474617,0.015928,0.509454
AATGTGCTAATCTGAG-1,0.064763,0.348885,0.586351
AATGTTAAGACCCTGA-1,0.116284,0.000038,0.883677
AATGTTGTCGTGAGAC-1,0.237091,0.239084,0.523825
AATTAAAGGTCGGCGT-1,0.344444,0.000046,0.655511
AATTAACGGATTTCCA-1,0.295476,0.037878,0.666645
AATTACGAGACCCATC-1,0.704509,0.006093,0.289398
AATTACTCGTACGCTC-1,0.520695,0.283509,0.195797
AATTAGCGCTGCAGCG-1,0.055326,0.00564,0.939034
AATTATACCCAGCAAG-1,0.267687,0.002022,0.730291
AATTCATAAGGGATCT-1,0.011513,0.128764,0.859722
AATTCATTGTCATGCA-1,0.277776,0.176171,0.546052
AATTCCAAGCATGTAC-1,0.113994,0.180041,0.705965
AATTCGATTCGAGGAT-1,0.350907,0.501724,0.147369
AATTCTAGAGTTAGGC-1,0.382763,0.026648,0.590589
AATTGAACGCTCTGGT-1,0.059291,0.207663,0.733046
AATTGCAGCAATCGAC-1,0.237165,0.450885,0.31195
AATTGCGTGGATTACA-1,0.818977,0.165577,0.015446
AATTGTGGTTGCCAAA-1,0.148974,0.389592,0.461434
AATTTGGGACATAGTA-1,0.799326,0.000101,0.200573
AATTTGGTTCCAAAGA-1,0.047473,0.003164,0.949363
ACAAACCATGCGTCCT-1,0.309691,0.092856,0.597453
ACAAACCGACAAGGCG-1,0.522897,0.011485,0.465618
ACAAACTCCATCAGAG-1,0.572859,0.00004,0.427101
ACAAAGAAGGTAGGCC-1,0.843194,0.156599,0.000207
ACAAAGCATGACCTAG-1,0.168612,0.439746,0.391642
ACAAATCGCACCGAAT-1,0.067909,0.030361,0.90173
ACAAATGGTAGTGTTT-1,0.052136,0.203861,0.744003
ACAAATTCAGATCTGA-1,0.271072,0.230012,0.498916
ACAACAGCATGAGCTA-1,0.354579,0.000043,0.645379
ACAACGGTCCCTGCGA-1,0.741975,0.000178,0.257846
ACAAGCAGTGCCTAGC-1,0.439059,0.000109,0.560832
ACAAGCTATATGGAAG-1,0.999672,0.000073,0.000255
ACAAGGAAATCCGCCC-1,0.096454,0.002205,0.901341
ACAAGGACAAGAGGTT-1,0.092472,0.002556,0.904971
ACAAGGATGCTTTAGG-1,0.300039,0.095456,0.604506
ACAAGGCCTACCAGCC-1,0.193831,0.252861,0.553308
ACAAGGGCAGGCTCTG-1,0.70952,0.000049,0.290431
ACAAGTAATTGTAAGG-1,0.000194,0.000194,0.999613
ACAATAGTCGTACGTT-1,0.041017,0.122391,0.836592
ACAATCCATTTAAACC-1,0.500944,0.000076,0.498981
ACAATCGATCTTTATA-1,0.573801,0.000431,0.425768
ACAATGAATACGGAGA-1,0.428588,0.087432,0.48398
ACAATGATTCTTCTAC-1,0.208952,0.55747,0.233578
ACAATTGTGTCTCTTT-1,0.026662,0.380053,0.593285
ACAATTTAGGAGGCTC-1,0.633459,0.365437,0.001105
ACAATTTGAGCAGTGG-1,0.215563,0.033399,0.751038
ACAATTTGGCCATATT-1,0.002859,0.53216,0.464981
ACACAAAGACGGGTGG-1,0.690491,0.022891,0.286618
ACACAAATATTCCTAG-1,0.078043,0.632213,0.289744
ACACACCAGGACCAGT-1,0.000008,0.050601,0.949391
ACACACTTTCTACACG-1,0.099751,0.000064,0.900185
ACACATGATCAAATCT-1,0.613796,0.050447,0.335757
ACACATTTCCGTAGAC-1,0.042778,0.436237,0.520985
ACACCACATAATTAGC-1,0.032426,0.31479,0.652784
ACACCCAGCATGCAGC-1,0.773175,0.000103,0.226722
ACACCCGAGAAATCCG-1,0.135501,0.060457,0.804042
ACACCCGTAAATCTGT-1,0.000007,0.444095,0.555898
ACACCGAGCGCTCTTT-1,0.464483,0.142527,0.39299
ACACCGGTCTGACCGC-1,0.210629,0.108552,0.680819
ACACCTTAAGTAGGGC-1,0.315326,0.025131,0.659543
ACACCTTACTACTTGC-1,0.299046,0.297363,0.403591
ACACGAGACTCCTTCT-1,0.166921,0.000034,0.833045
ACACGGCACTATGCAT-1,0.033245,0.086431,0.880324
ACACGGGAACTTAGGG-1,0.281626,0.000046,0.718328
ACACGTAGGCCACAAG-1,0.038095,0.308106,0.653799
ACACTCCAATGTCACT-1,0.998862,0.000253,0.000885
ACACTGATCAAGGTGT-1,0.002128,0.14666,0.851212
ACACTGGGACAGTCGT-1,0.006959,0.664127,0.328914
ACAGAACTGAGAACAA-1,0.081665,0.155479,0.762856
ACAGATTAGGTTAGTG-1,0.998809,0.000265,0.000926
ACAGCATAGAGCCAGT-1,0.013653,0.048555,0.937792
ACAGCGACATTCTCAT-1,0.082852,0.094935,0.822213
ACAGCGCACCCGCAGC-1,0.076792,0.103773,0.819435
ACAGGCACGGATCCTT-1,0.163788,0.582733,0.253479
ACAGGCTTGCCCGACT-1,0.338255,0.21631,0.445436
ACAGGTGGAGGTGAGG-1,0.671845,0.101902,0.226254
ACAGGTGTGTTGTTGC-1,0.999632,0.000082,0.000287
ACAGTAATACAACTTG-1,0.891847,0.003259,0.104894
ACAGTATACCGTGGGA-1,0.206059,0.267419,0.526523
ACAGTGCAGCGCATTT-1,0.002786,0.323571,0.673644
ACATAAGTCGTGGTGA-1,0.846446,0.05371,0.099844
ACATAATAAGGCGGTG-1,0.180847,0.11401,0.705144
ACATACAATCAAGCGG-1,0.355498,0.000451,0.64405
ACATCAGCTGGGACGC-1,0.999278,0.00016,0.000562
ACATCCCGGCCATACG-1,0.482279,0.010626,0.507094
ACATCCTGGTAACTGT-1,0.490827,0.167865,0.341308
ACATCGATCGTTTACC-1,0.221133,0.000052,0.778816
ACATCGCAATATTCGG-1,0.239671,0.000652,0.759677
ACATCGGTCAGCCGCG-1,0.057768,0.071236,0.870995
ACATCGTATGCAATGG-1,0.283816,0.041065,0.67512
ACATCGTTAACCTAGT-1,0.404899,0.059602,0.5355
ACATCTCAACGCGTAA-1,0.015276,0.121675,0.863049
ACATGCTTACGGCAGC-1,0.057409,0.02769,0.914901
ACATGGCGCCAAAGTA-1,0.332836,0.235988,0.431176
ACATGGCTCAATTTAG-1,0.700644,0.227128,0.072228
ACATTAGTTTATATCC-1,0.010169,0.077228,0.912603
ACATTCGCGCGGAATA-1,0.673265,0.117769,0.208966
ACATTTGAAACCTAAC-1,0.4811,0.099245,0.419656
ACCAAACACCCAGCGA-1,0.072821,0.252245,0.674935
ACCAAACTAGAAATCC-1,0.777451,0.000147,0.222402
ACCAACACCACACACT-1,0.196618,0.292204,0.511178
ACCAACCGCACTCCAC-1,0.347585,0.263893,0.388522
ACCAACGCTTATTTAT-1,0.322182,0.103868,0.57395
ACCAAGAACGCGTGTC-1,0.755656,0.000129,0.244215
ACCAAGTCATCGGCAG-1,0.436592,0.297095,0.266313
ACCAATATGCAAGTTA-1,0.123931,0.086609,0.78946
ACCACAACTCAGAACA-1,0.43539,0.065597,0.499012
ACCACAAGTTTCTATC-1,0.52095,0.001815,0.477235
ACCACACGGTTGATGG-1,0.056435,0.000516,0.943049
ACCACCAATGTAACAA-1,0.230643,0.13937,0.629987
ACCACCCTCTCTTCTA-1,0.000023,0.632577,0.367401
ACCACGTGCAGCTATA-1,0.245196,0.000044,0.75476
ACCACTGTTCAAGAAG-1,0.428924,0.293029,0.278048
ACCAGACCATAACAAC-1,0.665656,0.199271,0.135074
ACCAGCCCGGTCTTTG-1,0.009246,0.385936,0.604818
ACCAGGAGTGTGATCT-1,0.39733,0.044509,0.558162
ACCAGTGCCCGGTCAA-1,0.524256,0.070802,0.404942
ACCAGTGCGGGAGACG-1,0.113733,0.179208,0.70706
ACCATATCCGCAATAA-1,0.351508,0.000032,0.64846
ACCATCCGCCAACTAG-1,0.990636,0.000124,0.00924
ACCATCGTATATGGTA-1,0.337622,0.014998,0.64738
ACCATTAAGGGTGTCA-1,0.531034,0.220103,0.248862
ACCCAACGCCCGTGGC-1,0.353483,0.000037,0.64648
ACCCACCTACATGCTC-1,0.999054,0.00021,0.000736
ACCCATCTTGAGGGTA-1,0.305968,0.064209,0.629823
ACCCATTTGTCCCTCT-1,0.055229,0.222643,0.722128
ACCCGAGCGAAATTAC-1,0.010466,0.246014,0.74352
ACCCGATTGGTTCCGA-1,0.002767,0.608685,0.388549
ACCCGGAAACTCCCAG-1,0.048143,0.145476,0.806381
ACCCGGAGCACCACAA-1,0.31605,0.309799,0.374152
ACCCGGATGACGCATC-1,0.008067,0.122935,0.868998
ACCCGGTTACACTTCC-1,0.02722,0.131621,0.841158
ACCCGTAGCAGAGAAT-1,0.484681,0.125604,0.389715
ACCCGTAGTCTAGTTG-1,0.112962,0.626886,0.260152
ACCCGTGTCATCAGTA-1,0.176417,0.115657,0.707925
ACCCTATAGGACTGAG-1,0.998487,0.000336,0.001176
ACCCTATGCCATATCG-1,0.259418,0.134518,0.606064
ACCCTCCCGTCAGGGC-1,0.168702,0.711789,0.119509
ACCCTCCCTTGCTATT-1,0.056654,0.126906,0.816441
ACCCTGGTAACGCCCT-1,0.198303,0.386899,0.414798
ACCCTTCATCTGCGAA-1,0.617273,0.000135,0.382592
ACCCTTGCCTGGGTCG-1,0.047571,0.597208,0.355222
ACCCTTTAGTTCTCCA-1,0.295842,0.001134,0.703024
ACCGAAAGGGCCCTGC-1,0.580707,0.000148,0.419146
ACCGAAGAGTCTGGTT-1,0.648266,0.040576,0.311158
ACCGACACATCTCCCA-1,0.14059,0.097168,0.762242
ACCGACTGAGTCCCAC-1,0.07565,0.17304,0.75131
ACCGAGTCTCCTTATT-1,0.200233,0.309492,0.490275
ACCGATAGGCATAACC-1,0.398307,0.220573,0.38112
ACCGATATTTAATCAT-1,0.279323,0.195561,0.525116
ACCGATGGTAGCATCG-1,0.231636,0.00004,0.768323
ACCGCAATAACTGCCT-1,0.475853,0.072686,0.451461
ACCGCGGTGGAAGTCG-1,0.007173,0.480414,0.512412
ACCGCTAGTCATTGGT-1,0.129774,0.143118,0.727108
ACCGGGCCTTTGTTGA-1,0.078778,0.200875,0.720347
ACCGGTCAGGTACACC-1,0.722103,0.08165,0.196246
ACCGGTCTGAGTACGG-1,0.057736,0.196098,0.746166
ACCGTCCACTGGGCCC-1,0.97958,0.000079,0.020341
ACCGTGACCACGTGGG-1,0.004452,0.37413,0.621419
ACCGTTCCCGCTCTGA-1,0.730246,0.050845,0.218909
ACCTAAGTACCTTTCA-1,0.757587,0.018563,0.22385
ACCTAATCGACTTCCT-1,0.30096,0.21224,0.4868
ACCTACAGTATGTGGT-1,0.033117,0.142398,0.824484
ACCTACTATAAATCTA-1,0.017879,0.308097,0.674024
ACCTCAGCGAGGCGCA-1,0.007274,0.007274,0.985453
ACCTCCGCCCTCGCTG-1,0.0725,0.447685,0.479815
ACCTCCGTTATTCACC-1,0.007188,0.056347,0.936465
ACCTCGAACTTATGCT-1,0.75761,0.056261,0.186129
ACCTGCGTGTCATGTT-1,0.539102,0.025221,0.435677
ACCTTTCCTTTAGAAG-1,0.517871,0.303165,0.178964
ACGAAATGGGCGGCAC-1,0.266866,0.043527,0.689607
ACGACCCATGAGTTGC-1,0.157489,0.348442,0.49407
ACGACTCTAGGGCCGA-1,0.264876,0.019043,0.71608
ACGACTGGTCATACTC-1,0.491656,0.210505,0.297838
ACGAGAACCCATCACG-1,0.875373,0.000186,0.12444
ACGAGATATTTGCTTA-1,0.141977,0.037191,0.820832
ACGAGGATACCACTCT-1,0.296469,0.056445,0.647086
ACGAGGTTTACAACGT-1,0.991902,0.000127,0.007971
ACGAGTACGGATGCCC-1,0.146286,0.139175,0.714539
ACGATACATAGAACTA-1,0.546068,0.000054,0.453878
ACGATACCTATCCTGA-1,0.999743,0.000057,0.0002
ACGATCATACATAGAG-1,0.367965,0.000065,0.63197
ACGATCATCTTGTAAA-1,0.31542,0.039818,0.644762
ACGATGCATATGTTAT-1,0.096086,0.002675,0.901239
ACGATGGATCCGATGC-1,0.061398,0.002754,0.935847
ACGCAAACTAATAGAT-1,0.011139,0.287139,0.701722
ACGCAATCACTACAGC-1,0.051299,0.121912,0.826789
ACGCATAAATGACATG-1,0.208203,0.45582,0.335977
ACGCATACGTTTACTA-1,0.184977,0.221534,0.59349
ACGCATTCGTGAGTAC-1,0.150565,0.044796,0.80464
ACGCCACTCGAAACAG-1,0.592884,0.209413,0.197703
ACGCCAGATGATTTCT-1,0.152585,0.044028,0.803387
ACGCCAGTGCGTTTGC-1,0.055894,0.172925,0.771181
ACGCCCAGCTGTCGAT-1,0.586461,0.000122,0.413417
ACGCCGCTAGACGACC-1,0.185877,0.005446,0.808678
ACGCGAAGTCAGACGA-1,0.023643,0.00126,0.975097
ACGCGCTACACAGGGT-1,0.737874,0.008798,0.253329
ACGCGGGCCAAGGACA-1,0.173715,0.03373,0.792555
ACGCGTTTCTTAAGAG-1,0.499725,0.421525,0.078749
ACGCTACTGAATGGGC-1,0.461467,0.010761,0.527772
ACGCTAGTATCAGTGC-1,0.001153,0.645118,0.353729
ACGCTAGTGATACACT-1,0.184754,0.049281,0.765965
ACGCTGTGAGGCGTAG-1,0.788153,0.068983,0.142864
ACGCTTAGTGTCTCTC-1,0.014769,0.014825,0.970406
ACGGAACACGAGTGCC-1,0.389629,0.042538,0.567833
ACGGAATTTAGCAAAT-1,0.909612,0.000198,0.09019
ACGGACGCAGCGACAA-1,0.069638,0.032504,0.897859
ACGGACTCTCAAAGCG-1,0.049268,0.155647,0.795085
ACGGAGCGCAAATTAC-1,0.426521,0.025704,0.547775
ACGGATGGTGCGGATA-1,0.184994,0.054379,0.760626
ACGGCACTTGCTTGGG-1,0.334749,0.010633,0.654618
ACGGCCAACATGGACT-1,0.159215,0.098935,0.74185
ACGGCGACGATGGGAA-1,0.010291,0.259298,0.730411
ACGGCGGGTTGCCCTG-1,0.197958,0.000115,0.801927
ACGGCTGGATGTAGAA-1,0.944033,0.000161,0.055806
ACGGGAGTGTCGGCCC-1,0.378886,0.109345,0.511769
ACGGGCGTATGCGACA-1,0.00001,0.280918,0.719072
ACGGGTCATGTGACTT-1,0.627898,0.370659,0.001443
ACGGGTTGTGACCTGT-1,0.787304,0.137432,0.075264
ACGGTACAGTTCAATG-1,0.027429,0.237831,0.73474
ACGGTCACCGAGAACA-1,0.72013,0.160778,0.119092
ACGTACAGATTTCTCT-1,0.014033,0.069991,0.915976
ACGTACTTTGGCACGG-1,0.03188,0.115902,0.852218
ACGTAGATTGCTGATG-1,0.006739,0.000825,0.992436
ACGTAGGAGAGTCGCT-1,0.001925,0.399288,0.598787
ACGTATTACTCCGATC-1,0.020523,0.265156,0.714321
ACGTCCTAAACGAGAT-1,0.576094,0.422656,0.00125
ACGTCGGGCAACTCGG-1,0.755554,0.123966,0.120479
ACGTCTCGTTCCGGGA-1,0.516424,0.444846,0.03873
ACGTGACAAAGTAAGT-1,0.715459,0.16015,0.124392
ACGTGCGCCTCGTGCA-1,0.183527,0.128474,0.687999
ACGTGGTCGAATGTGC-1,0.091055,0.007626,0.901319
ACGTTAATGTCGAAGA-1,0.000029,0.014644,0.985328
ACGTTAGATTTGCCCG-1,0.378259,0.06946,0.552281
ACGTTATTGGTCACTC-1,0.998719,0.000285,0.000996
ACGTTCACTATGCCGC-1,0.000197,0.120609,0.879194
ACGTTCCGCGCTCCGT-1,0.741828,0.000194,0.257977
ACGTTCGCAATCAATT-1,0.248301,0.188169,0.56353
ACGTTCGTTCAGGAAA-1,0.464476,0.026555,0.508969
ACGTTCTGTACAAGTC-1,0.180366,0.28274,0.536893
ACGTTGTCGTTGAAAG-1,0.707673,0.002646,0.289681
ACGTTTAGTTGTGATC-1,0.348498,0.000324,0.651178
ACGTTTCGGTGCACTT-1,0.446719,0.023019,0.530262
ACTAAGGACGCACACC-1,0.300198,0.443664,0.256137
ACTAATACGTCAGGCG-1,0.000756,0.284891,0.714353
ACTACAAAGAGAGGTG-1,0.442686,0.041346,0.515968
ACTACATCCCGACAAG-1,0.177869,0.113817,0.708313
ACTACCAGCTCTCTGG-1,0.104252,0.076598,0.819149
ACTACCATCCGAGGGC-1,0.551131,0.027257,0.421612
ACTACGCGTTAGAATT-1,0.558992,0.012095,0.428913
ACTAGTTGCGATCGTC-1,0.018635,0.400035,0.58133
ACTATATGCTGTGTTC-1,0.076689,0.174628,0.748683
ACTATCCAGGGCATGG-1,0.239239,0.056488,0.704272
ACTATCGCCGGCTAAA-1,0.50719,0.03512,0.45769
ACTATCTGCCCGCGTA-1,0.171071,0.2556,0.573329
ACTATGTCCAGCTGCC-1,0.000009,0.358454,0.641537
ACTATTCGTCCGTGGT-1,0.12216,0.013263,0.864577
ACTATTTCCGGGCCCA-1,0.071732,0.337151,0.591117
ACTCAACGAATGTATT-1,0.774356,0.031678,0.193966
ACTCAAGTGCAAGGCT-1,0.228696,0.228321,0.542983
ACTCAATAAAGGCACG-1,0.292996,0.056541,0.650464
ACTCAGACCTGCTTCT-1,0.588272,0.217861,0.193866
ACTCATGGCAGCCTTC-1,0.286813,0.047498,0.665689
ACTCCAATATCATCAT-1,0.024928,0.479287,0.495786
ACTCCCATTCCTAAAG-1,0.394367,0.112076,0.493557
ACTCCCGAATTCGTTT-1,0.002193,0.096293,0.901514
ACTCCCGTAGACTAGG-1,0.005309,0.522314,0.472377
ACTCCCTAATGCTAAA-1,0.040501,0.287705,0.671794
ACTCCCTAGAATAGTA-1,0.074428,0.000035,0.925537
ACTCCGGCCGACCACT-1,0.029971,0.760109,0.20992
ACTCGATGTATTTCAT-1,0.997386,0.000581,0.002033
ACTCGCCGTTCGATAA-1,0.002966,0.51459,0.482444
ACTCGCGATCTGACGC-1,0.375736,0.333734,0.29053
ACTCGTAACCCGTCCT-1,0.457321,0.052603,0.490076
ACTCGTCAGTAATCCC-1,0.105369,0.000033,0.894598
ACTCTAAACCTGGGAT-1,0.999537,0.000103,0.00036
ACTCTCTGACTTAGGT-1,0.176158,0.022402,0.80144
ACTCTCTTATACACGA-1,0.178888,0.050739,0.770373
ACTCTGACCTAATAGA-1,0.111657,0.565681,0.322662
ACTCTTCAGCTCCCGC-1,0.000013,0.556788,0.443199
ACTCTTGTATAGTAAC-1,0.130901,0.037169,0.831931
ACTGAAACGCCGTTAG-1,0.478838,0.116471,0.404692
ACTGAATGGCGAAAGT-1,0.339826,0.010591,0.649584
ACTGATTTAGTGATTC-1,0.014984,0.041954,0.943062
ACTGCCCGCCATTCTC-1,0.24088,0.516192,0.242928
ACTGCCGTCGTAACTC-1,0.133961,0.000087,0.865952
ACTGCGGACACACCGT-1,0.000367,0.48317,0.516463
ACTGCTCGGAAGGATG-1,0.530017,0.141796,0.328186
ACTGGCGAACCTGCGT-1,0.000009,0.692979,0.307012
ACTGGGATGCCAGTGC-1,0.023078,0.261934,0.714988
ACTGTACGATACACAT-1,0.046534,0.014608,0.938858
ACTGTAGCACTTTGGA-1,0.624373,0.000104,0.375522
ACTGTATACGCGAGCA-1,0.818701,0.000269,0.18103
ACTGTCCAGGATTATA-1,0.680026,0.00007,0.319904
ACTGTCTTCTTTAGAA-1,0.282526,0.000075,0.717399
ACTGTGCTAGTAGATC-1,0.99845,0.000344,0.001205
ACTGTTTAGTGTAGGC-1,0.71668,0.000834,0.282486
ACTTACCGGGCGCGCA-1,0.355806,0.032577,0.611617
ACTTACGCATCCACGC-1,0.005781,0.478842,0.515377
ACTTAGTACGACAAGA-1,0.998659,0.000298,0.001043
ACTTATACTTACCCGG-1,0.0822,0.003768,0.914033
ACTTATCTGATCTATA-1,0.596421,0.050377,0.353203
ACTTATTAGGATCGGT-1,0.412953,0.00006,0.586987
ACTTATTTATGTGCCA-1,0.024893,0.287066,0.688041
ACTTCAGGCTGATCCC-1,0.063196,0.124097,0.812707
ACTTCCAGTGGAAGCT-1,0.966229,0.000117,0.033654
ACTTCCATGCGGGACA-1,0.099469,0.113605,0.786926
ACTTCCTGTCGTGCGA-1,0.068923,0.257151,0.673926
ACTTCGCCATACGCAC-1,0.006605,0.072173,0.921222
ACTTCGCTAGCGAGTG-1,0.036846,0.672175,0.29098
ACTTGACTCCCTCTTT-1,0.057861,0.00004,0.9421
ACTTGCCATATTGTAC-1,0.788533,0.000312,0.211155
ACTTGCTCTATCTACC-1,0.701019,0.214701,0.08428
ACTTGGGACCCGGTGG-1,0.488275,0.010276,0.501449
ACTTGGGCTTTCGCCA-1,0.002798,0.503613,0.49359
ACTTGTAGTCCCTTCA-1,0.683536,0.240731,0.075732
ACTTGTGGATGGAACG-1,0.072599,0.350507,0.576894
ACTTGTTACCGGATCA-1,0.499686,0.022663,0.47765
ACTTTACCCTCATGAA-1,0.188526,0.073753,0.737721
ACTTTATACACCACTT-1,0.857817,0.141749,0.000434
ACTTTCCTATAGCTTC-1,0.441809,0.077834,0.480357
ACTTTGACTGCATCCT-1,0.999411,0.000131,0.000458
ACTTTGGTCGTGCTCC-1,0.985197,0.014337,0.000466
ACTTTGTCGACGCACT-1,0.277473,0.336654,0.385873
AGAAATTATGACTCGC-1,0.131919,0.470445,0.397636
AGAACACGGCGATGGT-1,0.773284,0.043745,0.182971
AGAACCCAGCGTGACA-1,0.06548,0.458096,0.476425
AGAACCCTCAATTGGG-1,0.549497,0.366048,0.084455
AGAACGTGGTACATTC-1,0.329074,0.016903,0.654023
AGAACTGTACTTTGTA-1,0.049386,0.074885,0.875729
AGAAGAGCGCCGTTCC-1,0.610241,0.000748,0.389011
AGAAGGTACACTTCAC-1,0.407819,0.060222,0.531959
AGAAGGTTGCCGAATT-1,0.105765,0.015646,0.878589
AGAAGGTTGTAGGTCG-1,0.261938,0.243955,0.494107
AGAAGTGATTCGTGAT-1,0.521991,0.120331,0.357679
AGAATAAATCTTCAGG-1,0.999181,0.000182,0.000637
AGAATACAGGCTATCC-1,0.707058,0.00008,0.292862
AGAATGCGGGTTCGGA-1,0.060874,0.269499,0.669628
AGAATTATGGATTCGA-1,0.086276,0.000029,0.913695
AGAATTGTTTGACATA-1,0.998823,0.000262,0.000916
AGACAGCTCAGAATCC-1,0.9949,0.000175,0.004925
AGACAGGCATCTCAGC-1,0.169171,0.702709,0.12812
AGACATAGATCCTTCC-1,0.511855,0.221986,0.266159
AGACCAAACCACACCT-1,0.584705,0.213903,0.201393
AGACCATGGGATACAA-1,0.919565,0.000237,0.080198
AGACCCACCGCTGATC-1,0.246288,0.022845,0.730867
AGACCCGCCCTCCTCG-1,0.087979,0.035441,0.876579
AGACCGCTCCGCGGTT-1,0.016794,0.636186,0.34702
AGACCGGGAAACCCTG-1,0.729858,0.00485,0.265292
AGACGAAGTGCCGGTC-1,0.364438,0.372547,0.263016
AGACGACGATGCCGCT-1,0.657864,0.040466,0.30167
AGACGCCCACTTCGCC-1,0.08261,0.605845,0.311545
AGACGGGATTGGTATA-1,0.431815,0.081311,0.486874
AGACGGGCCGATTTAA-1,0.292722,0.179126,0.528152
AGACTAGCCTTCCAGA-1,0.37834,0.000092,0.621568
AGACTGTTACCGGGTC-1,0.099751,0.452265,0.447984
AGAGAAACACCAGAAA-1,0.222242,0.213915,0.563843
AGAGAACCGTCTAGGA-1,0.107797,0.000021,0.892182
AGAGAAGGAGTACAAT-1,0.637472,0.242715,0.119813
AGAGATCTCTAAAGCG-1,0.999483,0.000115,0.000402
AGAGCAGTTATGAGAC-1,0.868638,0.000173,0.131189
AGAGCCGCCGAGATTT-1,0.109371,0.490676,0.399953
AGAGCGCTTGTAACGG-1,0.00001,0.562304,0.437686
AGAGCGGGCTAATCAT-1,0.556065,0.000089,0.443846
AGAGCGTACAAGCTCG-1,0.852817,0.000264,0.14692
AGAGCTACGAAAGCAT-1,0.714849,0.000204,0.284947
AGAGGCTTCGGAAACC-1,0.602429,0.01963,0.377941
AGAGGGACAATTGTCC-1,0.000013,0.756643,0.243344
AGAGGTATCTCGGTCC-1,0.187904,0.80919,0.002906
AGAGTAAACTTCACTA-1,0.119409,0.360567,0.520024
AGAGTATAGTGTTACG-1,0.000017,0.537953,0.46203
AGAGTCTTAATGAAAG-1,0.007577,0.155426,0.836997
AGAGTGAACAGACACC-1,0.00001,0.649638,0.350352
AGAGTTAGAGACCGAT-1,0.55163,0.14227,0.3061
AGAGTTGCAGGCCTCC-1,0.196374,0.463143,0.340483
AGATAACTTCAGGGCC-1,0.61134,0.000072,0.388588
AGATAATCACACCTAT-1,0.999567,0.000096,0.000337
AGATACCAATAGAACC-1,0.000008,0.670697,0.329295
AGATACCAGCACTTCA-1,0.010685,0.661867,0.327448
AGATACCGGTGTTCAC-1,0.250438,0.000503,0.749059
AGATACGACTTCATAT-1,0.998363,0.000364,0.001273
AGATACTCAAGATCGA-1,0.247728,0.00124,0.751032
AGATATAATACGACTA-1,0.006444,0.394669,0.598887
AGATCGTGCATAAGAT-1,0.079663,0.059531,0.860805
AGATCTCAGGTGTGAT-1,0.379313,0.025921,0.594766
AGATCTGGAGAGGATA-1,0.999532,0.000104,0.000364
AGATGACTCGCCCACG-1,0.099744,0.033035,0.86722
AGATGAGGGTTGCGAT-1,0.282872,0.178437,0.538691
AGATGATGGAGTCTGG-1,0.000017,0.311496,0.688488
AGATGCAAGACGTGCA-1,0.068864,0.050059,0.881077
AGATGCATCCTGTGTC-1,0.542818,0.28011,0.177071
AGATGCTATAACGAGC-1,0.518098,0.323557,0.158345
AGATTATAGGACGTTT-1,0.092998,0.014969,0.892033
AGATTCAAGCGGGTCG-1,0.47593,0.237902,0.286168
AGATTCACAACCGATA-1,0.773327,0.000085,0.226588
AGCAAAGGCCGCTAGT-1,0.266596,0.136692,0.596712
AGCAACATATCTTATT-1,0.48434,0.052224,0.463436
AGCAACCGAAAGTAAT-1,0.151955,0.041122,0.806924
AGCACACGTTTAGACT-1,0.286423,0.199429,0.514147
AGCACCAGTACTCACG-1,0.10213,0.000077,0.897793
AGCACTACCGGCCTGT-1,0.601869,0.000154,0.397977
AGCACTACCTCACCAG-1,0.363949,0.112088,0.523963
AGCACTTAAGGACGCC-1,0.573979,0.001026,0.424995
AGCAGAAGGAGAAAGA-1,0.04629,0.425238,0.528472
AGCAGCCAGATGAATA-1,0.473662,0.013597,0.512741
AGCAGTCGAAGCATGC-1,0.007231,0.168618,0.824151
AGCATATCAATATGCT-1,0.001856,0.252652,0.745492
AGCATCATTTCGAAAG-1,0.332468,0.010759,0.656773
AGCATCGTCGATAATT-1,0.00004,0.068385,0.931575
AGCATTACGAGGCAAG-1,0.067955,0.210906,0.721139
AGCCAAGCTTTGTGTC-1,0.278611,0.402982,0.318407
AGCCACAGGTTACCCG-1,0.215703,0.024666,0.759631
AGCCACTCCCGTGCTT-1,0.012736,0.177705,0.80956
AGCCATATAGTATGTG-1,0.079552,0.568146,0.352303
AGCCCATACATGTAAG-1,0.287855,0.028226,0.683919
AGCCCGCAACAAGCAG-1,0.037956,0.65609,0.305955
AGCCCGCACTACAATG-1,0.496535,0.15941,0.344055
AGCCCGGCATTAGAGG-1,0.266393,0.336379,0.397229
AGCCCGGTAGCCTGTA-1,0.077718,0.411941,0.510341
AGCCCTAAGCGAAGTT-1,0.337938,0.036681,0.625382
AGCCCTCCCTGGTGGC-1,0.012829,0.447095,0.540077
AGCCCTGTCGCACCGT-1,0.076187,0.55604,0.367773
AGCCCTTCTAATCCGA-1,0.178767,0.113951,0.707282
AGCCCTTGGACATCCC-1,0.040108,0.677321,0.282571
AGCCGCAAATTCAAAT-1,0.999636,0.000081,0.000283
AGCCGCTTGATTAGCG-1,0.42932,0.149988,0.420692
AGCCGTGGCTAAATGT-1,0.110845,0.063862,0.825292
AGCCTAATACCCACGT-1,0.999556,0.000099,0.000345
AGCCTTAAAGCGGAAG-1,0.970131,0.000133,0.029737
AGCCTTGTCACTGATA-1,0.567476,0.146271,0.286252
AGCGACAGGAACGGTC-1,0.719883,0.00253,0.277588
AGCGACATCCCATTCA-1,0.243504,0.000093,0.756403
AGCGACCAACGATATT-1,0.511951,0.000078,0.487971
AGCGACTTTGAAGACA-1,0.000808,0.000808,0.998384
AGCGAGACGTGAAGGC-1,0.148589,0.416925,0.434487
AGCGATGCGCCTAATA-1,0.344092,0.223376,0.432532
AGCGCATAATGAATCG-1,0.101586,0.06949,0.828923
AGCGCGGGTGCCAATG-1,0.072489,0.032428,0.895083
AGCGCTAGAGCGATGT-1,0.197621,0.357462,0.444917
AGCGCTTATGGGCAAG-1,0.399433,0.075351,0.525216
AGCGGACACTTCGTAG-1,0.174095,0.388014,0.437892
AGCGGCGGTTAGCGGT-1,0.999429,0.000127,0.000444
AGCGGGAAGGGTCCAT-1,0.848849,0.000423,0.150728
AGCGGGTCTGACACTC-1,0.100884,0.269389,0.629727
AGCGGTTGAGATGTAC-1,0.439915,0.001569,0.558515
AGCGGTTGCCGCTCTG-1,0.351657,0.331719,0.316624
AGCGTACGAGAGCTAG-1,0.930402,0.0002,0.069398
AGCGTAGCGCTAGACC-1,0.887103,0.000254,0.112643
AGCGTCTGAACCCGCA-1,0.964072,0.000235,0.035693
AGCGTGGTATTCTACT-1,0.100301,0.059705,0.839994
AGCGTTCCGATTTAAA-1,0.241215,0.015169,0.743616
AGCTAACAAGCAATGT-1,0.105802,0.536977,0.35722
AGCTAAGCTCCGTCCG-1,0.074841,0.012244,0.912915
AGCTAAGTACGCAGGC-1,0.181843,0.478092,0.340066
AGCTACGAATGGTGGT-1,0.003497,0.016217,0.980286
AGCTAGAAGCAGAAGT-1,0.650562,0.00005,0.349388
AGCTATTTAATCCAAC-1,0.000029,0.01325,0.986721
AGCTCCATATATGTTC-1,0.085106,0.383259,0.531635
AGCTCCTTCGCACATC-1,0.318079,0.062916,0.619006
AGCTCGTTGATGGAAA-1,0.097282,0.552828,0.34989
AGCTCTAGACGTTCCA-1,0.032468,0.116465,0.851067
AGCTCTTCCCAGTGCA-1,0.670184,0.000067,0.329748
AGCTCTTCGTAACCTT-1,0.0286,0.30537,0.666029
AGCTCTTTACTCAGTT-1,0.015439,0.099052,0.88551
AGCTGAAGTAAACCAA-1,0.211929,0.023894,0.764177
AGCTGCATTTGAGGTG-1,0.060028,0.165541,0.774431
AGCTGCTGTGCCGAAT-1,0.144911,0.282336,0.572753
AGCTGTAACCTCAATC-1,0.155644,0.142542,0.701814
AGCTTATAGAGACCTG-1,0.255476,0.741342,0.003182
AGCTTCAATACTTTGA-1,0.310824,0.195941,0.493235
AGCTTCTTCTCGAGCA-1,0.304632,0.558929,0.136439
AGCTTGATCAGGGTAG-1,0.888137,0.012617,0.099246
AGCTTGATCTTAACTT-1,0.237126,0.079543,0.683331
AGGAAAGCCTCTGATG-1,0.478107,0.52007,0.001824
AGGAACGAACGACTTC-1,0.175632,0.202816,0.621552
AGGAAGCTGTCCGCCG-1,0.058349,0.014563,0.927088
AGGACAGTCGAATCCC-1,0.540606,0.007384,0.45201
AGGACATCGCACGTCG-1,0.394458,0.000155,0.605387
AGGACATCGGCACACT-1,0.187257,0.34035,0.472393
AGGACGACCCATTAGA-1,0.404303,0.000049,0.595648
AGGACGCTCGATGTTG-1,0.176144,0.006086,0.817771
AGGACTTATAGGAGAA-1,0.342483,0.155834,0.501683
AGGAGACATCCACAGT-1,0.007428,0.405352,0.58722
AGGAGAGTCTGGCTAC-1,0.000011,0.422743,0.577246
AGGAGCGTTTATTATC-1,0.00319,0.340159,0.656651
AGGAGGCCTTCGCGCG-1,0.327015,0.274205,0.39878
AGGATAAAGTCGGGAT-1,0.085627,0.007246,0.907126
AGGATATAGGGATTTA-1,0.025841,0.637422,0.336737
AGGATATCCGACTGCA-1,0.480885,0.006176,0.512939
AGGATCACGCGATCTG-1,0.644644,0.004175,0.351181
AGGATTGCTTACGACA-1,0.266699,0.217325,0.515976
AGGCAAAGAGGAATCA-1,0.384168,0.062444,0.553388
AGGCACGTGACTGTCC-1,0.007125,0.715472,0.277403
AGGCAGATGCGTAAAC-1,0.051108,0.040567,0.908325
AGGCAGGGAGCGTACT-1,0.063227,0.139788,0.796985
AGGCATTGTCGTAGGG-1,0.131743,0.307197,0.56106
AGGCCACATTGGTTAC-1,0.332234,0.442387,0.225379
AGGCCACCCGTTATGA-1,0.000036,0.144189,0.855775
AGGCCCAGTGACTGGT-1,0.998643,0.000302,0.001055
AGGCCCATTGTACAGG-1,0.220849,0.000114,0.779038
AGGCCCTAGAACGCCA-1,0.455008,0.058725,0.486267
AGGCCTATCATACCAA-1,0.164985,0.177684,0.65733
AGGCCTGAGAATCTCG-1,0.146177,0.142819,0.711004
AGGCGATAACTGGCGT-1,0.292803,0.155393,0.551804
AGGCGGTTTGTCCCGC-1,0.112577,0.218051,0.669372
AGGCGTCTATGGACGG-1,0.020747,0.242677,0.736576
AGGCTATGGTTAGCTT-1,0.357572,0.000106,0.642322
AGGCTTAAGTTGCACA-1,0.003306,0.324389,0.672305
AGGCTTCCCGAAGAAG-1,0.137097,0.175898,0.687006
AGGCTTGCTAGACACC-1,0.999092,0.000202,0.000706
AGGGAAACGAGGTACT-1,0.351958,0.030132,0.617911
AGGGACAGCACGGCGG-1,0.548187,0.449204,0.002608
AGGGACCGGCTGCGTT-1,0.146879,0.265672,0.587449
AGGGACTCTACGCGAC-1,0.202194,0.023719,0.774088
AGGGAGACATACTTCG-1,0.001726,0.074019,0.924255
AGGGCAGCGGCGTGGT-1,0.516999,0.000083,0.482918
AGGGCCCTAATGTTCT-1,0.223459,0.573485,0.203055
AGGGCGAGCAGCTGAT-1,0.44448,0.048433,0.507087
AGGGCGTGATCGGCTA-1,0.108726,0.001373,0.889901
AGGGCTGCAGTTACAG-1,0.117896,0.032859,0.849244
AGGGTCAGAGCACTCG-1,0.182001,0.375962,0.442037
AGGGTCAGTAACCCTA-1,0.150774,0.316565,0.532661
AGGGTCGATGCGAACT-1,0.000014,0.18481,0.815175
AGGGTCTGGACGCAGT-1,0.111437,0.494618,0.393944
AGGGTGCCGTTCTTTA-1,0.064929,0.568233,0.366838
AGGGTGCTCTCGAGGG-1,0.328925,0.010991,0.660084
AGGGTGGATAGTGCAT-1,0.999413,0.000131,0.000457
AGGGTGTGCTACACGC-1,0.035369,0.441865,0.522766
AGGGTTCAGACGGTCC-1,0.436175,0.288505,0.275319
AGGGTTCCCTTTGGTT-1,0.016171,0.071194,0.912635
AGGGTTTAGTTCGGGA-1,0.482557,0.00841,0.509033
AGGTAACCTCCTATTC-1,0.902801,0.00022,0.096979
AGGTACGATATTGCCA-1,0.8303,0.03757,0.13213
AGGTAGATCGAGATAT-1,0.459498,0.234276,0.306226
AGGTAGGTACAAAGCT-1,0.212381,0.025741,0.761878
AGGTATAATTGATAGT-1,0.041257,0.285118,0.673624
AGGTATGCGGACATTA-1,0.088912,0.324513,0.586574
AGGTCAGGTGAGAGTG-1,0.145731,0.00468,0.849589
AGGTCGCCACTTCGGT-1,0.837736,0.000225,0.162038
AGGTCGCCTCCCAACA-1,0.006877,0.628356,0.364768
AGGTCGCGGAGTTACT-1,0.04054,0.038853,0.920608
AGGTGCACGTCCACAT-1,0.038029,0.7465,0.215471
AGGTGGTGACCTTCGC-1,0.043778,0.357769,0.598453
AGGTGTATCGCCATGA-1,0.864589,0.084985,0.050426
AGGTGTTGCCGACCAC-1,0.54417,0.149068,0.306762
AGGTTACACCATGCCG-1,0.17987,0.239192,0.580938
AGGTTCTCCTTTCCGG-1,0.376638,0.091271,0.532092
AGGTTGAGGCACGCTT-1,0.178573,0.00519,0.816236
AGGTTTCACACACCTT-1,0.099611,0.00007,0.900319
AGTAACGTTCATCCTG-1,0.245994,0.088992,0.665014
AGTAACTATAGCAGCC-1,0.530974,0.078941,0.390085
AGTAAGGGACAGAATC-1,0.005866,0.005866,0.988268
AGTAATCTAAGGGTGG-1,0.342086,0.092203,0.565711
AGTAATGTCTTGCCGC-1,0.185001,0.016403,0.798597
AGTAATTTGCAAGCGT-1,0.860677,0.139032,0.000291
AGTACAGAAGCTTATA-1,0.073378,0.30016,0.626462
AGTACATCATTTATCA-1,0.026656,0.110194,0.86315
AGTACCTTCGAGTGCT-1,0.012945,0.138362,0.848693
AGTACGGCCCGTATCG-1,0.986335,0.000165,0.0135
AGTACGGGCACCTGGC-1,0.430917,0.029322,0.539761
AGTACGTGGCCTGTCT-1,0.568595,0.139962,0.291444
AGTACTCTTATGCCCA-1,0.553841,0.116603,0.329556
AGTAGAAGGCGCCTCA-1,0.103352,0.387638,0.50901
AGTAGCGTGAACGAAC-1,0.759881,0.000175,0.239944
AGTAGCTAGACGCCGA-1,0.02194,0.197851,0.780209
AGTAGGAAGGAAGTTG-1,0.084664,0.031489,0.883847
AGTAGGTAACATACAT-1,0.180012,0.000117,0.819871
AGTATAATACTAGGCA-1,0.326105,0.021683,0.652212
AGTATACACAGCGACA-1,0.000005,0.338855,0.661139
AGTATCCATAATAACG-1,0.998737,0.000281,0.000982
AGTATGCTGGAGACCA-1,0.204397,0.184671,0.610932
AGTATTTGGCACGACC-1,0.527235,0.020851,0.451915
AGTCAAATGATGTGAT-1,0.190048,0.408588,0.401364
AGTCAACACCACCATC-1,0.49526,0.000051,0.504689
AGTCAAGATGACACTT-1,0.193656,0.241053,0.565292
AGTCACTAGCTCTCGA-1,0.132726,0.17288,0.694394
AGTCACTCCGCCTCAT-1,0.756286,0.000308,0.243406
AGTCAGCCACCGCCTG-1,0.998828,0.000261,0.000912
AGTCCAGCGGGTACGT-1,0.814493,0.184467,0.00104
AGTCCATTGGCTGATG-1,0.355859,0.107572,0.536569
