Barcode,Topic 1,Topic 2,Topic 3,Topic 4,Topic 5,Topic 6,Topic 7,Topic 8,Topic 9,Topic 10
AAACAAGTATCTCCCA-1,0.517939,0.253708,0.12108,0.021278,0.0395,0.009857,0.007113,0.007888,0.000287,0.021352
AAACAATCTACTAGCA-1,0.496351,0.271272,0.000062,0.006534,0.015683,0.035711,0.091449,0.009733,0.073144,0.000062
AAACACCAATAACTGC-1,0.000807,0.121904,0.029013,0.29958,0.205856,0.113359,0.055552,0.07358,0.092842,0.007508
AAACAGAGCGACTCCT-1,0.000013,0.215797,0.004751,0.234783,0.331122,0.050332,0.032272,0.058667,0.059883,0.012379
AAACAGCTTTCAGAAG-1,0.017543,0.829666,0.009491,0.025989,0.020924,0.026527,0.014546,0.006149,0.040675,0.00849
AAACAGGGTCTATATT-1,0.00001,0.110775,0.061907,0.2547,0.495691,0.025696,0.008209,0.023509,0.017647,0.001857
AAACAGTGTTCCTGGG-1,0.037775,0.048705,0.024091,0.044794,0.012303,0.129235,0.102351,0.032513,0.528959,0.039275
AAACATTTCCCGGATT-1,0.777734,0.121495,0.002542,0.001368,0.00002,0.00002,0.00002,0.00002,0.028742,0.068041
AAACCACTACACAGAT-1,0.197816,0.494994,0.071152,0.095573,0.092428,0.010603,0.001222,0.01366,0.022519,0.000033
AAACCCGAACGAAATC-1,0.24243,0.0266,0.181128,0.043311,0.057368,0.017347,0.013289,0.018821,0.04187,0.357837
AAACCGGAAATGTTAA-1,0.583597,0.058042,0.043099,0.027735,0.050868,0.089862,0.062002,0.039539,0.026157,0.0191
AAACCGGGTAGGTACC-1,0.050561,0.224919,0.007716,0.097138,0.089119,0.075081,0.013757,0.038963,0.371438,0.03131
AAACCGTTCGTCCAGG-1,0.03251,0.022725,0.01675,0.025705,0.020151,0.066175,0.134088,0.030597,0.530746,0.120553
AAACCTAAGCAGCCGG-1,0.17625,0.167602,0.082887,0.031985,0.059013,0.010739,0.051881,0.027995,0.036176,0.355471
AAACCTCATGAAGTTG-1,0.000027,0.127148,0.030808,0.355729,0.404495,0.012469,0.009207,0.029985,0.029719,0.000412
AAACGAAGAACATACC-1,0.117658,0.882145,0.000025,0.000025,0.000025,0.000025,0.000025,0.000025,0.000025,0.000025
AAACGACAGTCTTGCC-1,0.342827,0.46286,0.146877,0.008222,0.038965,0.00005,0.00005,0.00005,0.00005,0.00005
AAACGAGACGGTTGAT-1,0.036441,0.187263,0.004093,0.013249,0.001783,0.036089,0.103491,0.038887,0.510787,0.067918
AAACGCCCGAGATCGG-1,0.163031,0.749509,0.059694,0.000051,0.000051,0.008149,0.000051,0.007049,0.012363,0.000051
AAACGCTGGGCACGAC-1,0.856264,0.003867,0.001409,0.000028,0.000028,0.000028,0.000028,0.000028,0.037414,0.100905
AAACGGGCGTACGGGT-1,0.504169,0.177086,0.003919,0.008854,0.001428,0.002345,0.001964,0.000208,0.076765,0.223263
AAACGGTTGCGAACTG-1,0.001849,0.063617,0.034668,0.038995,0.035909,0.089558,0.369882,0.102396,0.115228,0.147897
AAACGTGTTCGCCCTA-1,0.000015,0.273861,0.002143,0.178089,0.136409,0.039062,0.002991,0.047018,0.262123,0.058289
AAACTAACGTGGCGAC-1,0.073375,0.84238,0.0292,0.012347,0.028662,0.000519,0.004588,0.00794,0.000016,0.000973
AAACTCGGTTCGCAAT-1,0.000009,0.028303,0.382583,0.058624,0.064268,0.069564,0.080835,0.097409,0.134369,0.084034
AAACTCGTGATATAAG-1,0.051065,0.125869,0.020206,0.067703,0.052681,0.206598,0.089401,0.039272,0.265547,0.081658
AAACTGCTGGCTCCAA-1,0.192761,0.011148,0.070309,0.023594,0.035416,0.097417,0.229401,0.051203,0.147144,0.141607
AAACTTAATTGCACGC-1,0.000014,0.181704,0.010586,0.275434,0.304139,0.092212,0.014629,0.048107,0.072963,0.000212
AAACTTGCAAACGTAT-1,0.000223,0.120656,0.008413,0.248781,0.270149,0.069691,0.019029,0.121637,0.106722,0.034699
AAAGAATGTGGACTAA-1,0.41782,0.002002,0.52278,0.011786,0.011247,0.010624,0.009489,0.007551,0.003437,0.003264
AAAGACATGAAGTTTA-1,0.184065,0.815404,0.000066,0.000066,0.000066,0.000066,0.000066,0.000066,0.000066,0.000066
AAAGACCCAAGTCGCG-1,0.342398,0.657218,0.000048,0.000048,0.000048,0.000048,0.000048,0.000048,0.000048,0.000048
AAAGACTGGGCGCTTT-1,0.104371,0.895048,0.000054,0.000054,0.000054,0.000054,0.000054,0.000054,0.000205,0.000054
AAAGCTTGCCTACATA-1,0.009379,0.126592,0.008245,0.046784,0.048265,0.16465,0.151581,0.047093,0.33988,0.057531
AAAGGCCCTATAATAC-1,0.005084,0.005923,0.009526,0.200333,0.405747,0.114358,0.083836,0.151768,0.01927,0.004156
AAAGGCTACGGACCAT-1,0.000006,0.005468,0.027895,0.041852,0.062723,0.111156,0.370065,0.217109,0.094198,0.069529
AAAGGCTCTCGCGCCG-1,0.025385,0.041635,0.029002,0.010985,0.012653,0.05487,0.25553,0.082877,0.252553,0.234511
AAAGGGATGTAGCAAG-1,0.007811,0.191825,0.001913,0.193375,0.088735,0.091601,0.093622,0.074821,0.224669,0.031628
AAAGGGCAGCTTGAAT-1,0.00004,0.848894,0.00004,0.018173,0.010031,0.060686,0.00765,0.010465,0.043979,0.00004
AAAGGTAAGCTGTACC-1,0.000016,0.262609,0.016076,0.217073,0.365171,0.021538,0.018399,0.072815,0.02146,0.004844
AAAGTAGCATTGCTCA-1,0.000013,0.013397,0.010279,0.122668,0.164902,0.223269,0.092008,0.120242,0.248142,0.00508
AAAGTCACTGATGTAA-1,0.00878,0.990677,0.000068,0.000068,0.000068,0.000068,0.000068,0.000068,0.000068,0.000068
AAAGTCGACCCTCAGT-1,0.000041,0.856637,0.000041,0.0362,0.000041,0.00253,0.000041,0.000237,0.077289,0.026943
AAAGTGCCATCAATTA-1,0.922775,0.000016,0.059797,0.000016,0.000016,0.000016,0.002102,0.000016,0.000016,0.01523
AAAGTGTGATTTATCT-1,0.0378,0.175719,0.068429,0.040986,0.047174,0.037319,0.05949,0.05902,0.105876,0.368187
AAAGTTGACTCCCGTA-1,0.024855,0.015179,0.113716,0.079137,0.111185,0.076079,0.041134,0.102152,0.070224,0.36634
AAATAACCATACGGGA-1,0.000012,0.0909,0.01903,0.389035,0.234173,0.067888,0.020918,0.068034,0.094948,0.015062
AAATAAGGTAGTGCCC-1,0.000007,0.000007,0.028127,0.023917,0.039841,0.059374,0.471012,0.308025,0.029809,0.03988
AAATACCTATAAGCAT-1,0.00778,0.088754,0.048466,0.045367,0.027023,0.131632,0.290643,0.110688,0.120455,0.129192
AAATAGCTTAGACTTT-1,0.086105,0.135762,0.063006,0.037076,0.044797,0.101075,0.122429,0.082952,0.096873,0.229925
AAATAGGGTGCTATTG-1,0.196639,0.109022,0.164452,0.068271,0.044786,0.016881,0.029413,0.020012,0.123124,0.227399
AAATCACTCCTAAACG-1,0.456893,0.510516,0.032467,0.000018,0.000018,0.000018,0.000018,0.000018,0.000018,0.000018
AAATCCGATACACGCC-1,0.274059,0.434368,0.190877,0.010513,0.00497,0.00208,0.002516,0.000834,0.028788,0.050995
AAATCGCGGAAGGAGT-1,0.147465,0.852376,0.00002,0.00002,0.00002,0.00002,0.00002,0.00002,0.00002,0.00002
AAATCGTGTACCACAA-1,0.000004,0.006063,0.022349,0.026933,0.043028,0.078729,0.568895,0.179932,0.061607,0.01246
AAATCTAGCCCTGCTA-1,0.733584,0.000026,0.015726,0.002559,0.001471,0.008479,0.01526,0.012131,0.013859,0.196905
AAATGACTGATCAAAC-1,0.054004,0.052178,0.160913,0.050326,0.038627,0.153467,0.254467,0.126201,0.06491,0.044907
AAATGATTCGATCAGC-1,0.00529,0.238742,0.002374,0.072259,0.031538,0.118862,0.030416,0.018398,0.436046,0.046076
AAATGCTCGTTACGTT-1,0.464212,0.535052,0.000092,0.000092,0.000092,0.000092,0.000092,0.000092,0.000092,0.000092
AAATGGCATGTCTTGT-1,0.000013,0.177745,0.046298,0.415338,0.284457,0.025156,0.005139,0.02853,0.011216,0.006109
AAATGGCCCGTGCCCT-1,0.000011,0.05078,0.004158,0.33831,0.322831,0.087548,0.025,0.076041,0.088876,0.006445
AAATGGTCAATGTGCC-1,0.000034,0.126519,0.000034,0.033827,0.015195,0.046396,0.020886,0.020815,0.673362,0.062933
AAATGTGGGTGCTCCT-1,0.400299,0.521273,0.00007,0.00007,0.00007,0.00007,0.00007,0.00007,0.07794,0.00007
AAATTAACGGGTAGCT-1,0.005519,0.044074,0.009145,0.017106,0.00526,0.138781,0.117571,0.084688,0.527611,0.050245
AAATTACACGACTCTG-1,0.002798,0.251472,0.013087,0.243933,0.132815,0.028299,0.006038,0.044714,0.251402,0.025443
AAATTACCTATCGATG-1,0.000592,0.015721,0.018205,0.118646,0.107859,0.208711,0.117841,0.142197,0.208763,0.061464
AAATTCCAGGTCCAAA-1,0.042576,0.167701,0.168704,0.02181,0.018466,0.093075,0.204858,0.053678,0.143276,0.085856
AAATTGATAGTCCTTT-1,0.000593,0.083165,0.063057,0.135432,0.167763,0.236787,0.14041,0.14417,0.025779,0.002845
AAATTGGTGAGAAGCA-1,0.046884,0.098524,0.021933,0.137502,0.307347,0.090513,0.0637,0.078991,0.083788,0.070818
AAATTTACCGAAATCC-1,0.00811,0.671662,0.085117,0.027132,0.089949,0.036781,0.025475,0.009989,0.031304,0.01448
AAATTTGCGGGTGTGG-1,0.000014,0.050821,0.000089,0.105908,0.088124,0.177717,0.076324,0.093803,0.395915,0.011285
AACAACTGGTAGTTGC-1,0.030904,0.152003,0.000948,0.241237,0.107593,0.13202,0.008516,0.030192,0.24896,0.047628
AACAATACATTGTCGA-1,0.020436,0.04748,0.039168,0.049789,0.057721,0.260791,0.181667,0.128319,0.187388,0.027242
AACAATTACTCTACGC-1,0.000019,0.203942,0.005782,0.384187,0.33773,0.0094,0.002329,0.039192,0.017192,0.000226
AACACACGCTCGCCGC-1,0.285476,0.276121,0.126659,0.024415,0.012603,0.020524,0.011739,0.002541,0.145502,0.09442
AACACGACTGTACTGA-1,0.023282,0.959575,0.000042,0.000042,0.000042,0.000042,0.000042,0.000042,0.008982,0.007909
AACACGAGACGCGGCC-1,0.000011,0.249482,0.023295,0.192155,0.238817,0.06408,0.033208,0.093632,0.092214,0.013107
AACAGCTGTGTGGCAA-1,0.004275,0.198394,0.027062,0.060835,0.032885,0.249856,0.144399,0.074944,0.203627,0.003723
AACAGGAAATCGAATA-1,0.000014,0.044639,0.015808,0.303059,0.341406,0.038985,0.019183,0.059356,0.153637,0.023914
AACAGGATGGGCCGCG-1,0.000011,0.081376,0.008508,0.256422,0.470435,0.056252,0.022725,0.078064,0.024469,0.001736
AACAGGTAGTATGGAT-1,0.656143,0.190767,0.042849,0.016443,0.017551,0.009947,0.000018,0.002712,0.012747,0.050824
AACATAGCGTGTATCG-1,0.034543,0.074247,0.153006,0.042959,0.086863,0.124233,0.228653,0.120809,0.035692,0.098995
AACATATCAACTGGTG-1,0.00001,0.024406,0.053206,0.02882,0.020664,0.236617,0.194544,0.085398,0.319657,0.036678
AACATCGATACGTCTA-1,0.005407,0.084832,0.061354,0.175114,0.352712,0.139041,0.036181,0.066955,0.067327,0.011078
AACATTGAAGTTGATC-1,0.00036,0.055023,0.007958,0.185281,0.27779,0.187123,0.068109,0.138032,0.068944,0.011379
AACATTGTGACTCGAG-1,0.011546,0.180616,0.060635,0.016472,0.021996,0.055813,0.476704,0.099025,0.034278,0.042915
AACCAAGACTTCTCTG-1,0.000015,0.094566,0.023298,0.244187,0.419744,0.089829,0.016923,0.075349,0.032474,0.003615
AACCAGTATCACTCTT-1,0.020445,0.931119,0.037684,0.002294,0.006585,0.001753,0.00003,0.00003,0.00003,0.00003
AACCATAGGGTTGAAC-1,0.000017,0.558199,0.018165,0.130349,0.124181,0.047333,0.063569,0.043717,0.01306,0.001409
AACCATGGGATCGCTA-1,0.131286,0.867868,0.000106,0.000106,0.000106,0.000106,0.000106,0.000106,0.000106,0.000106
AACCCAGAGACGGAGA-1,0.000097,0.992078,0.000097,0.000097,0.000097,0.000097,0.000097,0.000097,0.007143,0.000097
AACCCATCCCATGATC-1,0.000008,0.16504,0.025602,0.365147,0.34082,0.025493,0.01387,0.034015,0.022065,0.00794
AACCCGACAACCCGTG-1,0.033988,0.020398,0.052607,0.059195,0.044274,0.14159,0.296884,0.139098,0.118339,0.093627
AACCCGAGCAGAATCG-1,0.19045,0.00001,0.809471,0.00001,0.00001,0.00001,0.00001,0.00001,0.00001,0.00001
AACCCGATAGGGCTTC-1,0.201534,0.616255,0.114698,0.007918,0.052874,0.000175,0.006429,0.000039,0.000039,0.000039
AACCCGCTGTATTCCA-1,0.155081,0.132117,0.009712,0.026416,0.034773,0.114692,0.254373,0.096616,0.078857,0.097362
AACCCTACTGTCAATA-1,0.005008,0.047332,0.116268,0.091915,0.103547,0.077497,0.137456,0.142614,0.074637,0.203726
AACCCTGGTGGAACCA-1,0.095043,0.811593,0.001383,0.03452,0.029127,0.004508,0.000038,0.000038,0.018137,0.005613
AACCGAGCTTGGTCAT-1,0.000025,0.255685,0.198851,0.009027,0.001719,0.036,0.022973,0.0031,0.472534,0.000086
AACCGCTAAGGGATGC-1,0.168088,0.001322,0.334559,0.058296,0.186678,0.010706,0.02419,0.038414,0.011865,0.165882
AACCGTTGTGTTTGCT-1,0.000035,0.453483,0.000035,0.38594,0.035824,0.018877,0.000035,0.024995,0.077778,0.002998
AACCTAAAGCCGTCCG-1,0.164715,0.834876,0.000051,0.000051,0.000051,0.000051,0.000051,0.000051,0.000051,0.000051
AACCTCGCTTTAGCCC-1,0.143589,0.008347,0.096718,0.0866,0.135478,0.018326,0.012386,0.056605,0.036022,0.405928
AACCTGTCACGGAATT-1,0.011185,0.089336,0.180824,0.03448,0.05217,0.083158,0.240305,0.117709,0.047161,0.143671
AACCTTTAAATACGGT-1,0.045834,0.22417,0.299121,0.023058,0.033973,0.045677,0.06481,0.033885,0.069399,0.160073
AACCTTTACGACGTCT-1,0.00002,0.180321,0.003359,0.245904,0.18364,0.074864,0.033327,0.035039,0.182068,0.061459
AACGAAAGTCGTCCCA-1,0.00638,0.647603,0.016896,0.055419,0.038441,0.109504,0.018796,0.043135,0.063061,0.000765
AACGACCTCCTAGCCG-1,0.25027,0.010654,0.320488,0.019406,0.036659,0.00756,0.011039,0.028951,0.002734,0.312239
AACGATAATGCCGTAG-1,0.070162,0.193124,0.553219,0.014388,0.018062,0.079555,0.038036,0.010767,0.02123,0.001457
AACGATAGAAGGGCCG-1,0.000023,0.317444,0.005651,0.2868,0.3208,0.018012,0.001679,0.026388,0.012829,0.010375
AACGATATGTCAACTG-1,0.01586,0.145316,0.012573,0.077453,0.041511,0.090149,0.044274,0.032544,0.492932,0.047387
AACGCATGATCTGGGT-1,0.011388,0.212179,0.045952,0.243541,0.118614,0.110073,0.022134,0.036732,0.082926,0.116462
AACGCGACCTTGGGCG-1,0.076755,0.004762,0.036009,0.017136,0.031931,0.069527,0.418597,0.157464,0.064709,0.12311
AACGCGGTCTCCAGCC-1,0.000012,0.03075,0.012549,0.148248,0.180599,0.197881,0.078526,0.157324,0.186116,0.007995
AACGCTGTTGCTGAAA-1,0.695506,0.204752,0.014046,0.000023,0.000023,0.000023,0.000023,0.000023,0.005337,0.080242
AACGGACGTACGTATA-1,0.55024,0.036937,0.000065,0.005528,0.00002,0.006361,0.001485,0.003491,0.104918,0.290954
AACGGCCATCTCCGGT-1,0.000009,0.002903,0.011092,0.057713,0.065736,0.31583,0.370416,0.134376,0.041177,0.000747
AACGTACTGTGGGTAC-1,0.036166,0.05102,0.018718,0.022143,0.019483,0.190689,0.109464,0.049038,0.411896,0.091383
AACGTAGTCTACCCAT-1,0.531902,0.162547,0.040904,0.014484,0.000126,0.035832,0.025882,0.000126,0.188071,0.000126
AACGTCAGACTAGTGG-1,0.000021,0.170778,0.00406,0.234842,0.337087,0.031328,0.008739,0.10284,0.061481,0.048823
AACGTCATCCGGCTTG-1,0.012108,0.100526,0.193552,0.028116,0.046254,0.164838,0.297468,0.115693,0.036937,0.004508
AACGTCGCTGCACTTC-1,0.174026,0.016809,0.602369,0.024386,0.015977,0.010965,0.016191,0.014367,0.017231,0.107679
AACGTGATGAAGGACA-1,0.000016,0.435928,0.006422,0.196002,0.28819,0.006282,0.002251,0.014255,0.035947,0.014706
AACGTGCGAAAGTCTC-1,0.000011,0.000726,0.038597,0.04144,0.054221,0.091881,0.517294,0.189558,0.052896,0.013377
AACGTTCTACCATTGT-1,0.119806,0.096503,0.420532,0.03245,0.030065,0.054135,0.083283,0.072172,0.070523,0.02053
AACTACCCGTTTGTCA-1,0.198134,0.026684,0.295308,0.088631,0.192905,0.015583,0.028717,0.050161,0.010222,0.093656
AACTAGCGTATCGCAC-1,0.461443,0.516127,0.00011,0.00011,0.00011,0.00011,0.00011,0.00011,0.021657,0.00011
AACTAGGCTTGGGTGT-1,0.004396,0.052025,0.072333,0.049604,0.066365,0.065641,0.197409,0.174141,0.08178,0.236305
AACTCAAGTTAATTGC-1,0.000021,0.010442,0.020989,0.042929,0.012219,0.075996,0.021297,0.042468,0.717127,0.056514
AACTCCAGAGCGTGTT-1,0.335824,0.000049,0.274206,0.017973,0.037213,0.022293,0.061665,0.045245,0.004573,0.200957
AACTCCTAATCCCATG-1,0.000011,0.043143,0.003348,0.253002,0.637228,0.012556,0.003414,0.040844,0.003492,0.002962
AACTCTCAATAGAGCG-1,0.000017,0.063101,0.044598,0.014773,0.005291,0.136095,0.195929,0.063516,0.402514,0.074166
AACTCTCAGTGTGCTC-1,0.002479,0.024172,0.037033,0.029616,0.01949,0.154559,0.145854,0.064783,0.454118,0.067896
AACTGAGGTCAGCGTC-1,0.000023,0.296327,0.001835,0.202219,0.261317,0.018438,0.016669,0.095915,0.078872,0.028385
AACTGATATTAGGCCT-1,0.002691,0.299578,0.001672,0.173026,0.140797,0.032956,0.011244,0.034861,0.275766,0.02741
AACTGGGTCCCGACGT-1,0.000169,0.245755,0.036303,0.246817,0.259416,0.066752,0.031761,0.067339,0.039727,0.005962
AACTGGGTTCGAGCCG-1,0.096414,0.68698,0.000067,0.045354,0.076084,0.009904,0.012157,0.01033,0.052536,0.010174
AACTGGTGTGGGCCTT-1,0.25652,0.742277,0.000106,0.000106,0.000106,0.000106,0.000106,0.000106,0.000459,0.000106
AACTTGCCCGTATGCA-1,0.000026,0.293167,0.000026,0.475177,0.036348,0.038886,0.004749,0.024455,0.099135,0.028031
AACTTTAGCTGCTGAG-1,0.418394,0.58089,0.00009,0.00009,0.00009,0.00009,0.00009,0.00009,0.00009,0.00009
AACTTTCTCGATCATG-1,0.017685,0.079059,0.068917,0.152396,0.128314,0.185814,0.068974,0.097217,0.166822,0.034803
AAGAAATCACCAGATT-1,0.00434,0.065352,0.028487,0.156273,0.147392,0.102714,0.036077,0.070235,0.269314,0.119815
AAGACATACGTGGTTT-1,0.844955,0.000209,0.000022,0.000022,0.000022,0.000022,0.000022,0.000022,0.017945,0.136759
AAGACCAAATAACTCA-1,0.124953,0.567019,0.028966,0.039368,0.069843,0.061724,0.063705,0.036623,0.007782,0.000017
AAGACCCAACTGAACA-1,0.00513,0.010727,0.096761,0.034662,0.049214,0.133159,0.38823,0.093868,0.086627,0.101622
AAGACTCACGCCCACT-1,0.180439,0.819189,0.000047,0.000047,0.000047,0.000047,0.000047,0.000047,0.000047,0.000047
AAGACTGCAAGCTACT-1,0.00001,0.00001,0.019129,0.025875,0.026067,0.101989,0.484176,0.272402,0.045748,0.024595
AAGAGATGAATCGGTA-1,0.00002,0.340439,0.000869,0.16111,0.435434,0.012677,0.000377,0.027149,0.021906,0.00002
AAGAGCTCTTTATCGG-1,0.000018,0.043079,0.00636,0.019746,0.035275,0.06588,0.513397,0.170122,0.108881,0.037242
AAGAGGATGTACGCGA-1,0.009939,0.1443,0.009845,0.095172,0.086772,0.226119,0.070131,0.057904,0.280425,0.019394
AAGAGGCATGGATCGC-1,0.000655,0.010061,0.012686,0.039775,0.021045,0.082252,0.39129,0.114731,0.160678,0.166828
AAGAGGCCCTTTGGAA-1,0.951412,0.02647,0.01107,0.000023,0.000023,0.000023,0.000023,0.000023,0.000023,0.01091
AAGATGGCACCGGACC-1,0.086818,0.052627,0.009436,0.064889,0.040757,0.148775,0.342333,0.093856,0.153763,0.006745
AAGATTGGCGGAACGT-1,0.005099,0.085403,0.030555,0.054888,0.066549,0.238828,0.077863,0.052942,0.351202,0.036671
AAGCACCCTGCGTATC-1,0.000011,0.004763,0.303127,0.123092,0.120602,0.031785,0.093976,0.081869,0.025382,0.215393
AAGCATACTCTCCTGA-1,0.008599,0.0441,0.816005,0.017178,0.062396,0.022135,0.019913,0.005888,0.003758,0.000027
AAGCCACTTGCAGGTA-1,0.000006,0.163707,0.01281,0.125045,0.196085,0.169044,0.119626,0.19088,0.017928,0.004869
AAGCCGAAGCGGTTTA-1,0.283321,0.157998,0.099049,0.063581,0.038457,0.075272,0.065176,0.058031,0.066328,0.092787
AAGCCGCCGTGAAATC-1,0.000867,0.090398,0.013687,0.120056,0.18361,0.234934,0.074239,0.151324,0.123774,0.007111
AAGCCGCTTTACCTTG-1,0.003054,0.141403,0.010303,0.162138,0.123977,0.048466,0.011875,0.094536,0.296658,0.107589
AAGCCGGAGAGCAGGA-1,0.937207,0.059139,0.000034,0.000034,0.000034,0.000034,0.000034,0.000034,0.000034,0.003418
AAGCGCAGGGCTTTGA-1,0.000008,0.014403,0.363191,0.082376,0.198126,0.030633,0.099312,0.067591,0.023884,0.120476
AAGCGGAGTGCGCGCA-1,0.002328,0.152939,0.009275,0.15515,0.557103,0.039035,0.01448,0.040891,0.023816,0.004983
AAGCGGCGTCATGGGT-1,0.071696,0.580748,0.005403,0.154509,0.088841,0.021526,0.00059,0.013024,0.03134,0.032324
AAGCGTCCCTCATCGA-1,0.000011,0.050166,0.019845,0.097332,0.1176,0.201399,0.180885,0.185289,0.124541,0.022931
AAGCTAGATCGAGTAA-1,0.021122,0.162837,0.052411,0.033986,0.031785,0.045743,0.058112,0.037499,0.133262,0.423244
AAGCTCGTGCCAAGTC-1,0.007267,0.080546,0.049597,0.01858,0.023257,0.078261,0.522908,0.182182,0.02469,0.012713
AAGCTCTTTCATGGTG-1,0.127878,0.481329,0.03393,0.013221,0.005183,0.001225,0.00132,0.001403,0.056684,0.277826
AAGGAGAACTTATAAG-1,0.327694,0.672037,0.000034,0.000034,0.000034,0.000034,0.000034,0.000034,0.000034,0.000034
AAGGAGCGGTTGGTGC-1,0.00003,0.129381,0.00003,0.233581,0.033997,0.162215,0.025036,0.048554,0.363299,0.003876
AAGGATCGATCGCTTG-1,0.000091,0.034376,0.033598,0.052012,0.039981,0.051292,0.060491,0.053779,0.238263,0.436118
AAGGATGAGGGACCTC-1,0.086916,0.410375,0.009176,0.009754,0.008494,0.071745,0.060404,0.042833,0.257784,0.042519
AAGGCAGGCTGTCTCC-1,0.029483,0.040239,0.241317,0.075842,0.145981,0.110045,0.108096,0.05096,0.109437,0.088601
AAGGCGCGTAAAGCTT-1,0.00002,0.086604,0.00002,0.241577,0.281523,0.05243,0.006026,0.060664,0.25965,0.011486
AAGGCTGTGCTCATCG-1,0.002772,0.048002,0.002437,0.08206,0.038976,0.336676,0.028987,0.056756,0.403308,0.000026
AAGGGAACGACTGGCT-1,0.00001,0.087711,0.009907,0.212679,0.180493,0.157567,0.04888,0.101797,0.190973,0.009982
AAGGGACAGATTCTGT-1,0.049445,0.077911,0.018752,0.053765,0.05893,0.241083,0.117013,0.112308,0.205763,0.065029
AAGGGACTATGCATTC-1,0.000286,0.165431,0.000014,0.119001,0.042966,0.167747,0.031887,0.072593,0.364702,0.035372
AAGGGTTAGCCATGCG-1,0.04416,0.094792,0.24391,0.031753,0.077217,0.135334,0.173715,0.089137,0.089043,0.020939
AAGGTATCCTAATATA-1,0.014674,0.107409,0.097239,0.062927,0.081432,0.173422,0.07674,0.082722,0.279441,0.023993
AAGGTGATAAACCAGC-1,0.034435,0.220174,0.15933,0.030403,0.068431,0.030256,0.079797,0.047338,0.062278,0.267557
AAGTAGAAGACCGGGT-1,0.010742,0.15509,0.006251,0.248807,0.282709,0.020031,0.001411,0.04729,0.150835,0.076833
AAGTAGTGACGCGAGG-1,0.000012,0.028888,0.00389,0.323451,0.229765,0.140895,0.050076,0.114769,0.09714,0.011113
AAGTCAATTGTCGTCA-1,0.130891,0.207305,0.087436,0.02292,0.036848,0.063625,0.053406,0.044038,0.089516,0.264016
AAGTCTAGTAGCTGCC-1,0.069714,0.181631,0.011439,0.074307,0.046097,0.116657,0.044504,0.076868,0.332154,0.04663
AAGTGACGACCGAATT-1,0.000013,0.021685,0.02494,0.118086,0.285216,0.141944,0.136391,0.240303,0.031409,0.000013
AAGTGAGTCGGGTTTA-1,0.169068,0.196102,0.003101,0.012146,0.008161,0.06316,0.331564,0.035172,0.168992,0.012534
AAGTGCCTTGACTGTA-1,0.006003,0.051166,0.130289,0.087921,0.122156,0.059408,0.109748,0.121052,0.031469,0.280789
AAGTGCGTTAGAATCT-1,0.000018,0.127836,0.000018,0.086435,0.058442,0.079202,0.014591,0.023583,0.572007,0.037868
AAGTGCTTCTCTATTG-1,0.013038,0.166839,0.035008,0.104768,0.093454,0.111948,0.053433,0.091094,0.241093,0.089324
AAGTGTTTGGAGACGG-1,0.004914,0.25155,0.000028,0.024983,0.000322,0.005312,0.000297,0.000461,0.268134,0.443999
AAGTTCACTCCAAGCT-1,0.190299,0.243376,0.114328,0.069868,0.047269,0.055614,0.024974,0.02122,0.057874,0.175178
AAGTTCAGTCTGCGTA-1,0.000026,0.258435,0.000026,0.091475,0.079298,0.017517,0.00483,0.014783,0.464388,0.069222
AAGTTCGGCCAACAGG-1,0.003841,0.05433,0.023871,0.068017,0.047352,0.231774,0.077417,0.105221,0.373559,0.014617
AAGTTGTGATGTTATA-1,0.655245,0.133558,0.030484,0.001289,0.000029,0.001068,0.000225,0.000029,0.028105,0.149968
AAGTTTACTAATGGCA-1,0.129706,0.869877,0.000052,0.000052,0.000052,0.000052,0.000052,0.000052,0.000052,0.000052
AAGTTTATGGGCCCAA-1,0.142583,0.142973,0.105568,0.041181,0.065762,0.031928,0.036914,0.050216,0.093327,0.289549
AATAACAACGCTCGGC-1,0.002555,0.20328,0.010204,0.114214,0.102049,0.119753,0.050362,0.080033,0.262388,0.055161
AATAACACTAGAACAA-1,0.002867,0.033712,0.090417,0.043837,0.052306,0.335538,0.236951,0.105654,0.091006,0.007713
AATAACGTCGCGCCCA-1,0.062894,0.074698,0.310312,0.045893,0.038319,0.066475,0.105271,0.050084,0.096645,0.149409
AATAAGTCCTCGAGAC-1,0.040601,0.760144,0.024197,0.059254,0.0619,0.007267,0.002642,0.016417,0.010619,0.01696
AATAATCTTCGTATCG-1,0.996992,0.000013,0.000013,0.000013,0.000013,0.000013,0.000013,0.000013,0.000013,0.002901
AATACAATGTTTCAGG-1,0.333109,0.666458,0.000054,0.000054,0.000054,0.000054,0.000054,0.000054,0.000054,0.000054
AATACCGGAGGGCTGT-1,0.00617,0.104303,0.01207,0.032958,0.018105,0.153349,0.111816,0.036106,0.451787,0.073337
AATACCTGATGTGAAC-1,0.362473,0.151867,0.231219,0.012686,0.005537,0.025546,0.011003,0.006028,0.106898,0.086743
AATAGAACAGAGTGGC-1,0.000008,0.000873,0.060951,0.025387,0.059227,0.060193,0.505124,0.276315,0.006883,0.005039
AATAGAATCTGTTTCA-1,0.047926,0.510382,0.085648,0.0128,0.010746,0.014541,0.052383,0.015818,0.040297,0.20946
AATAGCAAGCCTCCTG-1,0.041312,0.780802,0.046137,0.027311,0.070288,0.011494,0.004197,0.004351,0.003404,0.010705
AATAGCTACCGCGTGC-1,0.000015,0.072308,0.046928,0.119785,0.199223,0.146087,0.072806,0.221506,0.108601,0.012741
AATAGGCACGACCCTT-1,0.035848,0.098573,0.015047,0.084058,0.121203,0.256017,0.120627,0.198929,0.065424,0.004274
AATAGTCCGTCCCGAC-1,0.007556,0.009511,0.05012,0.046339,0.046723,0.190225,0.381375,0.139621,0.067231,0.061299
AATATCAAGGTCGGAT-1,0.165379,0.744359,0.05331,0.000061,0.000061,0.000061,0.036583,0.000061,0.000061,0.000061
AATATCGAATCAATGC-1,0.970952,0.000009,0.00449,0.002184,0.011479,0.000121,0.000009,0.001092,0.000009,0.009653
AATATCGAGGGTTCTC-1,0.108702,0.067066,0.038192,0.060118,0.040088,0.141527,0.081703,0.060002,0.215649,0.186954
AATATTGGAGTATTGA-1,0.000017,0.000017,0.007243,0.275106,0.610839,0.027775,0.022472,0.056496,0.000017,0.000017
AATCAGGTTTCATTTA-1,0.001256,0.129681,0.015087,0.070975,0.037599,0.1895,0.078932,0.070541,0.333139,0.073289
AATCATGTAAAGACTC-1,0.51529,0.153239,0.052753,0.007038,0.013808,0.009698,0.017492,0.022923,0.012767,0.19499
AATCCAAGGGCCTGAG-1,0.000073,0.849416,0.000073,0.000073,0.000073,0.000073,0.000073,0.000073,0.128408,0.021668
AATCCCGCTCAGAGCC-1,0.032282,0.040661,0.150113,0.03489,0.02844,0.154317,0.310821,0.133947,0.096856,0.017673
AATCGAGGTCTCAAGG-1,0.062293,0.178456,0.148816,0.020176,0.037423,0.053786,0.387872,0.041304,0.016749,0.053125
AATCGCCTCAGCGCCA-1,0.092673,0.057663,0.018311,0.015436,0.009882,0.055291,0.077185,0.030482,0.298461,0.344616
AATCGCGCAGAGGACT-1,0.120988,0.213104,0.331957,0.048097,0.053619,0.043,0.022718,0.022318,0.033563,0.110636
AATCGGGACACTACGA-1,0.057305,0.905865,0.000039,0.000039,0.000039,0.000039,0.000039,0.000039,0.028694,0.0079
AATCGGTATAGCCCTC-1,0.514276,0.138184,0.073194,0.003446,0.000029,0.003713,0.000029,0.000029,0.069546,0.197554
AATCGTGAGCCGAGCA-1,0.230274,0.085408,0.140851,0.042424,0.050773,0.040616,0.039687,0.032402,0.032438,0.305128
AATCTAGGTTTACTTG-1,0.000022,0.240936,0.008091,0.31957,0.16219,0.036665,0.007074,0.068949,0.131587,0.024917
AATCTATGCCGGAGCC-1,0.189123,0.139447,0.005442,0.021232,0.016383,0.131838,0.081857,0.036755,0.368089,0.009834
AATCTGCGTTGGGACG-1,0.000016,0.090883,0.186801,0.037599,0.036235,0.047389,0.459341,0.111695,0.028517,0.001523
AATCTGGCTTTCTAGT-1,0.000016,0.107498,0.001916,0.314451,0.381496,0.022825,0.01299,0.068832,0.078683,0.011291
AATCTGGGTAGACCCT-1,0.094788,0.854012,0.000041,0.010933,0.002054,0.005315,0.004515,0.000041,0.022254,0.006047
AATGACAGCAATGTCT-1,0.066237,0.23431,0.031289,0.103531,0.110922,0.172415,0.053213,0.070736,0.151118,0.006228
AATGACGTAGGATGTC-1,0.004711,0.214125,0.143562,0.051583,0.056111,0.073724,0.062569,0.071959,0.105456,0.2162
AATGACTGTCAGCCGG-1,0.000026,0.131167,0.000026,0.228406,0.048211,0.059961,0.003482,0.025293,0.445479,0.057949
AATGATGATACGCTAT-1,0.091424,0.227352,0.020615,0.063287,0.038565,0.152286,0.080555,0.030611,0.260169,0.035136
AATGATGCGACTCCTG-1,0.021862,0.079484,0.011305,0.039258,0.056146,0.087215,0.026329,0.028537,0.578766,0.0711
AATGCAACCGGGTACC-1,0.045489,0.100435,0.022758,0.160566,0.153304,0.19381,0.104527,0.050572,0.15344,0.015099
AATGCACCAAGCAATG-1,0.000012,0.098669,0.006066,0.177015,0.138019,0.096611,0.04623,0.054548,0.333915,0.048916
AATGGTCCACCGTTCA-1,0.000076,0.990348,0.000076,0.000076,0.000076,0.000076,0.000076,0.000076,0.009041,0.000076
AATGGTTCTCACAAGC-1,0.005244,0.649397,0.00009,0.00009,0.00009,0.008685,0.00009,0.00009,0.241601,0.094625
AATGTATGGCACTGTA-1,0.009445,0.484512,0.002665,0.199151,0.11565,0.040212,0.014267,0.020089,0.0987,0.015309
AATGTGCCCGAGGTGT-1,0.005622,0.241349,0.016638,0.171765,0.079509,0.078455,0.072389,0.053743,0.251802,0.028729
AATGTGCTAATCTGAG-1,0.013765,0.058387,0.010596,0.075539,0.039348,0.163165,0.062194,0.130143,0.391043,0.055819
AATGTTAAGACCCTGA-1,0.003376,0.009666,0.253172,0.026474,0.160054,0.067212,0.337231,0.101532,0.006119,0.035163
AATGTTGTCGTGAGAC-1,0.678009,0.021345,0.000032,0.000032,0.000032,0.000032,0.000032,0.000032,0.101353,0.199103
AATTAAAGGTCGGCGT-1,0.000016,0.039158,0.011222,0.036572,0.029334,0.239614,0.249551,0.08415,0.278843,0.03154
AATTAACGGATTTCCA-1,0.07487,0.360116,0.41759,0.006441,0.01646,0.016238,0.047085,0.011593,0.00987,0.039737
AATTACGAGACCCATC-1,0.124154,0.616649,0.00003,0.059762,0.019236,0.036421,0.02157,0.054818,0.050992,0.016368
AATTAGCGCTGCAGCG-1,0.000019,0.160043,0.154694,0.05907,0.136582,0.044465,0.207896,0.153546,0.008818,0.074866
AATTATACCCAGCAAG-1,0.066195,0.185816,0.11199,0.084293,0.059891,0.059133,0.08642,0.050447,0.078836,0.216978
AATTCATAAGGGATCT-1,0.000813,0.138693,0.003798,0.019652,0.006319,0.061822,0.008314,0.015513,0.68962,0.055456
AATTCATTGTCATGCA-1,0.045113,0.648023,0.014462,0.086793,0.067248,0.046904,0.010304,0.044459,0.026464,0.010231
AATTCCAAGCATGTAC-1,0.039928,0.236421,0.018456,0.011756,0.005859,0.035433,0.078408,0.038454,0.221197,0.31409
AATTCGATTCGAGGAT-1,0.010465,0.055988,0.039348,0.038796,0.034726,0.014846,0.006591,0.012985,0.268482,0.517773
AATTCTAGAGTTAGGC-1,0.000018,0.133243,0.087198,0.040083,0.039957,0.104216,0.121286,0.105671,0.144244,0.224085
AATTGAACGCTCTGGT-1,0.171186,0.243731,0.021876,0.052758,0.05043,0.041057,0.115184,0.06234,0.117204,0.124234
AATTGCAGCAATCGAC-1,0.956639,0.000015,0.004012,0.000015,0.000015,0.000015,0.000015,0.000015,0.002885,0.036372
AATTGCGTGGATTACA-1,0.007444,0.949665,0.002662,0.0013,0.004079,0.006489,0.020242,0.008074,0.000023,0.000023
AATTGTGGTTGCCAAA-1,0.999796,0.000023,0.000023,0.000023,0.000023,0.000023,0.000023,0.000023,0.000023,0.000023
AATTTGGGACATAGTA-1,0.127021,0.321589,0.010603,0.250641,0.173868,0.007772,0.003772,0.018405,0.066776,0.019552
AATTTGGTTCCAAAGA-1,0.000021,0.38381,0.001736,0.306582,0.195357,0.008678,0.000173,0.021145,0.050844,0.031654
ACAAACCATGCGTCCT-1,0.00001,0.173019,0.008767,0.234982,0.249678,0.104448,0.019975,0.046924,0.149667,0.01253
ACAAACCGACAAGGCG-1,0.466695,0.530773,0.000034,0.000034,0.000034,0.000034,0.000034,0.000034,0.002298,0.000034
ACAAACTCCATCAGAG-1,0.004894,0.107887,0.020276,0.044646,0.065416,0.340228,0.182471,0.101644,0.120202,0.012335
ACAAAGAAGGTAGGCC-1,0.102087,0.58094,0.007413,0.053665,0.013525,0.021345,0.022325,0.030754,0.098904,0.069043
ACAAAGCATGACCTAG-1,0.708408,0.068276,0.120779,0.01196,0.027096,0.002156,0.008622,0.003224,0.011523,0.037956
ACAAATCGCACCGAAT-1,0.084804,0.037928,0.429221,0.047394,0.06583,0.015823,0.028571,0.032197,0.029289,0.228944
ACAAATGGTAGTGTTT-1,0.000868,0.158827,0.006613,0.034653,0.017867,0.03323,0.004051,0.018342,0.178386,0.547162
ACAAATTCAGATCTGA-1,0.019498,0.929028,0.010579,0.011461,0.009268,0.001481,0.000025,0.003438,0.008008,0.007214
ACAACAGCATGAGCTA-1,0.032975,0.008496,0.014291,0.037972,0.018629,0.146915,0.223575,0.12802,0.296255,0.092874
ACAACGGTCCCTGCGA-1,0.000027,0.313357,0.003403,0.099677,0.522652,0.015279,0.004723,0.038204,0.002653,0.000027
ACAAGCAGTGCCTAGC-1,0.000027,0.179812,0.000027,0.312693,0.237127,0.042174,0.005462,0.057104,0.134901,0.030673
ACAAGGAAATCCGCCC-1,0.019087,0.124634,0.097239,0.053005,0.022732,0.083294,0.051673,0.047843,0.293746,0.206746
ACAAGGACAAGAGGTT-1,0.000018,0.024206,0.00517,0.290408,0.271979,0.106418,0.046292,0.10312,0.137052,0.015337
ACAAGGATGCTTTAGG-1,0.358036,0.29363,0.05713,0.009554,0.000644,0.005363,0.005046,0.009286,0.018456,0.242856
ACAAGGCCTACCAGCC-1,0.097862,0.798231,0.000061,0.037339,0.065384,0.000053,0.000053,0.000911,0.000053,0.000053
ACAAGGGCAGGCTCTG-1,0.000295,0.085436,0.345107,0.035742,0.136645,0.031812,0.150289,0.115802,0.016483,0.082389
ACAATAGTCGTACGTT-1,0.000024,0.261367,0.000024,0.323608,0.108078,0.04386,0.00492,0.022592,0.231483,0.004044
ACAATCCATTTAAACC-1,0.000018,0.001169,0.000948,0.413553,0.209537,0.071819,0.031351,0.178977,0.073926,0.018702
ACAATCGATCTTTATA-1,0.456163,0.543436,0.00005,0.00005,0.00005,0.00005,0.00005,0.00005,0.00005,0.00005
ACAATGAATACGGAGA-1,0.00734,0.108214,0.003872,0.044451,0.03415,0.174739,0.139485,0.051792,0.427564,0.008394
ACAATGATTCTTCTAC-1,0.0077,0.572674,0.033655,0.08273,0.133661,0.063341,0.020328,0.032242,0.034919,0.01875
ACAATTGTGTCTCTTT-1,0.278779,0.036098,0.066529,0.018616,0.012211,0.002896,0.000702,0.003401,0.002805,0.577961
ACAATTTGAGCAGTGG-1,0.010789,0.074061,0.009992,0.047729,0.036318,0.195187,0.075939,0.133966,0.37258,0.04344
ACAATTTGGCCATATT-1,0.177609,0.33051,0.33845,0.009606,0.05612,0.01198,0.033133,0.031518,0.001007,0.010067
ACACAAAGACGGGTGG-1,0.000764,0.26174,0.004839,0.094642,0.090299,0.092757,0.020098,0.037857,0.352575,0.044428
ACACAAATATTCCTAG-1,0.000214,0.079865,0.031045,0.229079,0.423751,0.059161,0.040278,0.10217,0.028267,0.006169
ACACACCAGGACCAGT-1,0.055973,0.120867,0.36942,0.050835,0.12627,0.038454,0.088125,0.055875,0.009711,0.08447
ACACACTTTCTACACG-1,0.000018,0.383663,0.017341,0.236942,0.309149,0.01052,0.012695,0.01959,0.004876,0.005206
ACACATGATCAAATCT-1,0.000009,0.088164,0.013634,0.321091,0.305474,0.048972,0.018584,0.107958,0.068886,0.027228
ACACATTTCCGTAGAC-1,0.029704,0.069784,0.011804,0.017224,0.011348,0.05793,0.067286,0.04828,0.215146,0.471494
ACACCACATAATTAGC-1,0.007526,0.00663,0.12531,0.029584,0.053331,0.066235,0.410889,0.167283,0.040987,0.092224
ACACCCAGCATGCAGC-1,0.000023,0.110262,0.001602,0.214409,0.166959,0.155587,0.019147,0.049716,0.241291,0.041005
ACACCCGAGAAATCCG-1,0.000059,0.75096,0.000059,0.050361,0.004851,0.000066,0.000059,0.000059,0.188671,0.004857
ACACCCGTAAATCTGT-1,0.401928,0.518562,0.078597,0.000022,0.00078,0.000022,0.000022,0.000022,0.000022,0.000022
ACACCGGTCTGACCGC-1,0.000012,0.103278,0.005157,0.241782,0.38607,0.085184,0.02229,0.085033,0.063692,0.007502
ACACCTTAAGTAGGGC-1,0.000021,0.03211,0.000021,0.191115,0.186023,0.236753,0.034118,0.065953,0.248874,0.005014
ACACCTTACTACTTGC-1,0.000015,0.015628,0.319013,0.063864,0.30601,0.03606,0.100704,0.064444,0.01467,0.079592
ACACGAGACTCCTTCT-1,0.054376,0.278917,0.020672,0.026257,0.005266,0.074605,0.119666,0.058444,0.305158,0.056639
ACACGGCACTATGCAT-1,0.031207,0.904905,0.000051,0.002805,0.000051,0.000051,0.000051,0.000051,0.03155,0.02928
ACACGGGAACTTAGGG-1,0.000025,0.136343,0.002581,0.064189,0.026929,0.115757,0.068894,0.04466,0.498572,0.042051
ACACGTAGGCCACAAG-1,0.507572,0.009225,0.196874,0.05168,0.083076,0.012135,0.020305,0.01989,0.00488,0.094364
ACACTGATCAAGGTGT-1,0.00001,0.00001,0.000911,0.013565,0.023938,0.032115,0.652969,0.261333,0.010528,0.004622
ACACTGGGACAGTCGT-1,0.933251,0.048836,0.000036,0.000024,0.000024,0.000024,0.000024,0.000024,0.000024,0.017732
ACAGAACTGAGAACAA-1,0.000014,0.081811,0.003696,0.12303,0.058398,0.21299,0.016284,0.034553,0.434843,0.034382
ACAGATTAGGTTAGTG-1,0.120907,0.878603,0.000061,0.000061,0.000061,0.000061,0.000061,0.000061,0.000061,0.000061
ACAGCATAGAGCCAGT-1,0.017485,0.982146,0.000046,0.000046,0.000046,0.000046,0.000046,0.000046,0.000046,0.000046
ACAGCGACATTCTCAT-1,0.700526,0.05154,0.000045,0.000045,0.000045,0.000045,0.000045,0.000045,0.032589,0.215074
ACAGCGCACCCGCAGC-1,0.018338,0.466187,0.033417,0.081186,0.358456,0.00885,0.006804,0.015504,0.010117,0.001143
ACAGGCACGGATCCTT-1,0.334367,0.103435,0.005223,0.027355,0.006063,0.003171,0.000606,0.001049,0.0785,0.44023
ACAGGCTTGCCCGACT-1,0.10015,0.000016,0.142287,0.029268,0.053222,0.016464,0.058866,0.109537,0.061182,0.42901
ACAGGTGGAGGTGAGG-1,0.000013,0.001639,0.036992,0.088789,0.140225,0.281228,0.237114,0.182284,0.031368,0.000347
ACAGTAATACAACTTG-1,0.000011,0.012599,0.016273,0.397049,0.481955,0.025234,0.012073,0.035187,0.007563,0.012057
ACAGTATACCGTGGGA-1,0.017817,0.189181,0.011018,0.122003,0.109258,0.205774,0.042634,0.060197,0.205739,0.03638
ACATAAGTCGTGGTGA-1,0.009361,0.903069,0.008159,0.007265,0.018798,0.017022,0.015457,0.020559,0.000293,0.000019
ACATAATAAGGCGGTG-1,0.000023,0.243774,0.001141,0.21383,0.099441,0.10789,0.028885,0.123338,0.16189,0.019789
ACATACAATCAAGCGG-1,0.053466,0.075662,0.363366,0.0421,0.045549,0.08598,0.226494,0.054379,0.032208,0.020795
ACATCCCGGCCATACG-1,0.0133,0.222648,0.084809,0.024737,0.017791,0.081243,0.15126,0.090392,0.158988,0.154831
ACATCCTGGTAACTGT-1,0.163812,0.139427,0.129175,0.052581,0.110796,0.077139,0.073624,0.048724,0.069638,0.135085
ACATCGATCGTTTACC-1,0.000007,0.00924,0.029891,0.053132,0.070411,0.097911,0.481916,0.223394,0.027104,0.006995
ACATCGCAATATTCGG-1,0.002499,0.153709,0.029693,0.216231,0.272199,0.072254,0.069498,0.164049,0.010739,0.009128
ACATCGGTCAGCCGCG-1,0.005147,0.105161,0.006686,0.054863,0.035787,0.23857,0.09427,0.069957,0.375275,0.014284
ACATCGTATGCAATGG-1,0.120877,0.079392,0.101493,0.057677,0.087415,0.032822,0.060102,0.048195,0.106541,0.305486
ACATCGTTAACCTAGT-1,0.031924,0.869286,0.000867,0.008733,0.000038,0.000038,0.000038,0.000038,0.051446,0.037592
ACATCTCAACGCGTAA-1,0.09568,0.903988,0.000041,0.000041,0.000041,0.000041,0.000041,0.000041,0.000041,0.000041
ACATGCTTACGGCAGC-1,0.001241,0.570871,0.027268,0.045771,0.087852,0.07025,0.142548,0.052776,0.001401,0.000023
ACATGGCGCCAAAGTA-1,0.000173,0.083193,0.098551,0.076216,0.046515,0.033328,0.123821,0.080592,0.175363,0.282248
ACATTAGTTTATATCC-1,0.001814,0.048449,0.021437,0.041678,0.036363,0.083304,0.231847,0.08386,0.224797,0.226453
ACATTCGCGCGGAATA-1,0.000763,0.177589,0.010028,0.237452,0.178163,0.109134,0.027832,0.062363,0.167607,0.029068
ACATTTGAAACCTAAC-1,0.431178,0.138191,0.064364,0.016368,0.010626,0.007755,0.009866,0.009699,0.038619,0.273335
ACCAAACACCCAGCGA-1,0.000088,0.088913,0.038373,0.233197,0.254132,0.131775,0.037153,0.084395,0.095777,0.036196
ACCAAACTAGAAATCC-1,0.283731,0.715885,0.000048,0.000048,0.000048,0.000048,0.000048,0.000048,0.000048,0.000048
ACCAACACCACACACT-1,0.007649,0.388104,0.045158,0.129728,0.107529,0.120207,0.049025,0.047326,0.073939,0.031335
ACCAACCGCACTCCAC-1,0.325818,0.000011,0.525383,0.016404,0.0267,0.004329,0.017606,0.016954,0.002885,0.063911
ACCAACGCTTATTTAT-1,0.003314,0.029749,0.135163,0.02558,0.020722,0.136886,0.374017,0.096421,0.129706,0.048441
ACCAAGAACGCGTGTC-1,0.000025,0.29359,0.004882,0.319732,0.324266,0.002866,0.000025,0.022145,0.024696,0.007771
ACCAAGTCATCGGCAG-1,0.284103,0.000012,0.37189,0.024255,0.033315,0.010366,0.035892,0.035465,0.010167,0.194535
ACCAATATGCAAGTTA-1,0.119023,0.437493,0.108942,0.012579,0.014059,0.013379,0.021608,0.005486,0.035743,0.231688
ACCACAACTCAGAACA-1,0.025231,0.899006,0.068994,0.004501,0.001307,0.000022,0.000022,0.000022,0.000871,0.000022
ACCACAAGTTTCTATC-1,0.06927,0.068557,0.000032,0.040821,0.047812,0.124497,0.007625,0.036467,0.570516,0.034402
ACCACACGGTTGATGG-1,0.040375,0.136822,0.09764,0.030259,0.02815,0.069268,0.162601,0.037277,0.122893,0.274715
ACCACCAATGTAACAA-1,0.00376,0.121409,0.366813,0.06025,0.188194,0.057913,0.096311,0.05064,0.012312,0.042398
ACCACCCTCTCTTCTA-1,0.033494,0.129507,0.031398,0.115347,0.055687,0.086761,0.009174,0.048011,0.384419,0.106201
ACCACGTGCAGCTATA-1,0.00001,0.005187,0.249928,0.0526,0.072343,0.050187,0.199838,0.155184,0.031695,0.183027
ACCAGCCCGGTCTTTG-1,0.245023,0.754684,0.000037,0.000037,0.000037,0.000037,0.000037,0.000037,0.000037,0.000037
ACCAGGAGTGTGATCT-1,0.348548,0.651116,0.000042,0.000042,0.000042,0.000042,0.000042,0.000042,0.000042,0.000042
ACCAGTGCCCGGTCAA-1,0.000549,0.536544,0.016477,0.084831,0.215393,0.022411,0.02028,0.073671,0.01299,0.016853
ACCAGTGCGGGAGACG-1,0.210067,0.11913,0.046131,0.026185,0.002256,0.021099,0.005161,0.006942,0.196296,0.366733
ACCATATCCGCAATAA-1,0.000008,0.000008,0.035626,0.01621,0.028437,0.102993,0.560728,0.236411,0.016115,0.003464
ACCATCCGCCAACTAG-1,0.004277,0.226232,0.009984,0.230543,0.428268,0.011521,0.00553,0.021081,0.047248,0.015314
ACCATCGTATATGGTA-1,0.051548,0.067128,0.010355,0.023285,0.019956,0.073376,0.038217,0.024951,0.582087,0.109098
ACCCAACGCCCGTGGC-1,0.084767,0.241768,0.017451,0.016922,0.007696,0.044578,0.096494,0.048646,0.353548,0.08813
ACCCACCTACATGCTC-1,0.030573,0.915839,0.000056,0.00639,0.000056,0.004295,0.000056,0.000056,0.041382,0.001296
ACCCATCTTGAGGGTA-1,0.000029,0.064417,0.000029,0.036551,0.004433,0.045927,0.026079,0.025418,0.78196,0.015157
ACCCATTTGTCCCTCT-1,0.680027,0.009809,0.166872,0.013133,0.024581,0.011604,0.050278,0.027641,0.00156,0.014496
ACCCGAGCGAAATTAC-1,0.000011,0.132927,0.004168,0.105516,0.026303,0.203239,0.057835,0.072622,0.378415,0.018964
ACCCGATTGGTTCCGA-1,0.018168,0.115324,0.115802,0.071438,0.10437,0.254155,0.16392,0.106584,0.046767,0.003474
ACCCGGAAACTCCCAG-1,0.001545,0.005294,0.122349,0.035589,0.143663,0.069827,0.313528,0.14498,0.039956,0.123269
ACCCGGAGCACCACAA-1,0.999836,0.000018,0.000018,0.000018,0.000018,0.000018,0.000018,0.000018,0.000018,0.000018
ACCCGGATGACGCATC-1,0.049798,0.132525,0.168363,0.023527,0.034091,0.045609,0.172554,0.082069,0.080638,0.210825
ACCCGGTTACACTTCC-1,0.072359,0.233732,0.010109,0.021515,0.00493,0.081364,0.092596,0.054423,0.367996,0.060976
ACCCGTAGTCTAGTTG-1,0.383398,0.000069,0.291359,0.023318,0.01318,0.003666,0.075245,0.017305,0.002356,0.190104
ACCCGTGTCATCAGTA-1,0.122946,0.041632,0.009348,0.018826,0.013885,0.06039,0.184445,0.061964,0.219418,0.267145
ACCCTATGCCATATCG-1,0.024742,0.144808,0.016052,0.03069,0.029428,0.138273,0.139704,0.045783,0.350918,0.0796
ACCCTCCCGTCAGGGC-1,0.048173,0.015724,0.60911,0.025219,0.076784,0.008006,0.079735,0.082215,0.00441,0.050624
ACCCTCCCTTGCTATT-1,0.009727,0.205233,0.318774,0.074628,0.151535,0.017752,0.025662,0.045234,0.010582,0.140872
ACCCTGGTAACGCCCT-1,0.015501,0.210947,0.020249,0.068868,0.068264,0.119866,0.073321,0.067439,0.29674,0.058806
