Barcode,Topic 1to2,Topic 3,Topic 4to8,Topic 9,Topic 10
AAACAACGAATAGTTC-1,0.170117,0.000024,0.829811,0.000024,0.000024
AAACAAGTATCTCCCA-1,0.115584,0.193227,0.592869,0.022933,0.075386
AAACAATCTACTAGCA-1,0.031894,0.000055,0.872165,0.01057,0.085315
AAACACCAATAACTGC-1,0.497161,0.011571,0.22906,0.079318,0.182889
AAACAGAGCGACTCCT-1,0.333152,0.000027,0.666769,0.000026,0.000026
AAACAGCTTTCAGAAG-1,0.354436,0.000056,0.07537,0.512344,0.057794
AAACAGGGTCTATATT-1,0.400829,0.000046,0.17068,0.397353,0.031093
AAACAGTGTTCCTGGG-1,0.850445,0.000046,0.005307,0.000046,0.144156
AAACATGGTGAGAGGA-1,0.000059,0.000029,0.038578,0.795304,0.16603
AAACATTTCCCGGATT-1,0.113604,0.161955,0.706229,0.0182,0.000012
AAACCACTACACAGAT-1,0.177743,0.282631,0.436713,0.053633,0.04928
AAACCCGAACGAAATC-1,0.372425,0.196208,0.149981,0.281362,0.000025
AAACCGGAAATGTTAA-1,0.000054,0.052493,0.498975,0.448451,0.000027
AAACCGGGTAGGTACC-1,0.774654,0.000078,0.089385,0.000078,0.135805
AAACCGTTCGTCCAGG-1,0.419214,0.000043,0.508248,0.038447,0.034047
AAACCTAAGCAGCCGG-1,0.162798,0.060413,0.745821,0.004515,0.026453
AAACCTCATGAAGTTG-1,0.480632,0.000049,0.349662,0.077478,0.092179
AAACGAAGATGGAGTA-1,0.000077,0.002551,0.302464,0.69487,0.000038
AAACGACAGTCTTGCC-1,0.07256,0.233315,0.598457,0.057331,0.038338
AAACGAGACGGTTGAT-1,0.08272,0.086485,0.815971,0.014788,0.000036
AAACGCCCGAGATCGG-1,0.612645,0.008523,0.373228,0.005574,0.00003
AAACGCTGGGCACGAC-1,0.034229,0.007166,0.01765,0.359657,0.581298
AAACGGGCGTACGGGT-1,0.395734,0.078738,0.316924,0.001618,0.206987
AAACGGGTTGGTATCC-1,0.042945,0.237619,0.527043,0.000992,0.191401
AAACGGTTGCGAACTG-1,0.041929,0.187623,0.705367,0.037346,0.027736
AAACGTGTTCGCCCTA-1,0.255746,0.1606,0.532458,0.051174,0.000021
AAACTAACGTGGCGAC-1,0.264234,0.000686,0.726148,0.008913,0.000019
AAACTCGGTTCGCAAT-1,0.015151,0.433301,0.528369,0.001928,0.021251
AAACTCGTGATATAAG-1,0.594034,0.103605,0.284508,0.017813,0.000041
AAACTGCTGGCTCCAA-1,0.457407,0.000148,0.246332,0.114799,0.181314
AAACTTAATTGCACGC-1,0.501967,0.017448,0.082943,0.397609,0.000033
AAACTTGCAAACGTAT-1,0.521671,0.006049,0.343842,0.091185,0.037254
AAAGAATGACCTTAGA-1,0.000062,0.000031,0.025078,0.87176,0.103069
AAAGAATGTGGACTAA-1,0.000513,0.391146,0.377919,0.000005,0.230418
AAAGACATGAAGTTTA-1,0.029279,0.371793,0.540507,0.011151,0.047269
AAAGACCCAAGTCGCG-1,0.206505,0.000042,0.793371,0.000042,0.000042
AAAGACTGGGCGCTTT-1,0.734191,0.000169,0.000846,0.000169,0.264624
AAAGCTTGCCTACATA-1,0.11919,0.425886,0.321446,0.133461,0.000017
AAAGGCCCTATAATAC-1,0.534864,0.060536,0.220936,0.03134,0.152324
AAAGGCTACGGACCAT-1,0.0136,0.059334,0.90505,0.000029,0.021988
AAAGGCTCTCGCGCCG-1,0.082265,0.000058,0.825998,0.000058,0.091621
AAAGGGATGTAGCAAG-1,0.027588,0.000036,0.958478,0.000036,0.013861
AAAGGGCAGCTTGAAT-1,0.886515,0.000099,0.039225,0.074061,0.000099
AAAGGTAAGCTGTACC-1,0.514054,0.000728,0.434862,0.050326,0.00003
AAAGGTCAACGACATG-1,0.189891,0.053122,0.704521,0.04267,0.009796
AAAGTAGCATTGCTCA-1,0.927925,0.000053,0.045446,0.026524,0.000053
AAAGTCACTGATGTAA-1,0.002125,0.039706,0.910163,0.000032,0.047974
AAAGTCGACCCTCAGT-1,0.576505,0.000057,0.122916,0.300465,0.000057
AAAGTGCCATCAATTA-1,0.000056,0.000028,0.00014,0.594032,0.405744
AAAGTGTGATTTATCT-1,0.136922,0.055569,0.661332,0.052634,0.093543
AAAGTTGACTCCCGTA-1,0.282032,0.021992,0.623967,0.000023,0.071986
AAATAACCATACGGGA-1,0.040409,0.009886,0.870665,0.000031,0.079008
AAATAAGGTAGTGCCC-1,0.004543,0.227608,0.37117,0.143547,0.253133
AAATACCTATAAGCAT-1,0.392221,0.000104,0.411538,0.056198,0.139939
AAATAGCTTAGACTTT-1,0.515638,0.065597,0.388986,0.029756,0.000024
AAATAGGGTGCTATTG-1,0.658173,0.000067,0.304437,0.037256,0.000067
AAATCACTCCTAAACG-1,0.480382,0.390458,0.065107,0.049667,0.014386
AAATCCGATACACGCC-1,0.360842,0.059193,0.444927,0.060184,0.074854
AAATCGCGGAAGGAGT-1,0.03423,0.000045,0.049475,0.815939,0.100312
AAATCGTGTACCACAA-1,0.258505,0.000064,0.635424,0.00861,0.097398
AAATCTAGCCCTGCTA-1,0.175204,0.292885,0.436124,0.000016,0.095772
AAATCTGCCCGCGTCC-1,0.000118,0.000059,0.000294,0.468532,0.530997
AAATGACTGATCAAAC-1,0.792103,0.00008,0.182568,0.025169,0.00008
AAATGATTCGATCAGC-1,0.304102,0.024923,0.402183,0.077777,0.191016
AAATGCTCGTTACGTT-1,0.555999,0.000076,0.443774,0.000076,0.000076
AAATGGCCCGTGCCCT-1,0.29264,0.082845,0.263302,0.108832,0.25238
AAATGGTCAATGTGCC-1,0.632595,0.000099,0.350688,0.000099,0.016519
AAATGTATCTTATCCC-1,0.128321,0.194883,0.448208,0.055328,0.17326
AAATTAACGGGTAGCT-1,0.120291,0.000066,0.879511,0.000066,0.000066
AAATTAATAAGCGCGA-1,0.777038,0.022845,0.140138,0.059951,0.000028
AAATTACACGACTCTG-1,0.210292,0.004001,0.785604,0.000052,0.000052
AAATTACCTATCGATG-1,0.52431,0.00003,0.435643,0.036894,0.003123
AAATTCCAGGTCCAAA-1,0.241111,0.149532,0.344419,0.220003,0.044935
AAATTGATAGTCCTTT-1,0.578768,0.004064,0.317653,0.015306,0.084209
AAATTGCGGCGGTTCT-1,0.378394,0.068144,0.454154,0.061953,0.037355
AAATTGGTGAGAAGCA-1,0.195691,0.015831,0.6946,0.029753,0.064125
AAATTTACCGAAATCC-1,0.249744,0.059329,0.688084,0.002812,0.000031
AAATTTGCGGGTGTGG-1,0.754901,0.000044,0.244968,0.000044,0.000044
AACAACTGGTAGTTGC-1,0.170935,0.000047,0.708692,0.02411,0.096216
AACAATACATTGTCGA-1,0.657247,0.000022,0.222845,0.025585,0.094301
AACAATTACTCTACGC-1,0.48439,0.021245,0.272416,0.098297,0.123651
AACACACGCTCGCCGC-1,0.568862,0.00003,0.284413,0.014927,0.131767
AACACGAGACGCGGCC-1,0.208529,0.020935,0.769115,0.001399,0.000022
AACACGCGGCCGCGAA-1,0.472971,0.000099,0.269237,0.000099,0.257594
AACAGCTGTGTGGCAA-1,0.931921,0.000055,0.000275,0.000055,0.067695
AACAGGATGGGCCGCG-1,0.518306,0.000054,0.423669,0.057918,0.000054
AACAGGTAGTATGGAT-1,0.400746,0.080818,0.164354,0.354043,0.000039
AACATAGCGTGTATCG-1,0.67902,0.00249,0.185073,0.000029,0.133388
AACATATCAACTGGTG-1,0.27309,0.000029,0.700693,0.026159,0.000029
AACATCGATACGTCTA-1,0.196253,0.161805,0.599947,0.011088,0.030907
AACATTGAAGTTGATC-1,0.546409,0.000032,0.27774,0.114937,0.060882
AACATTGGTCAGCCGT-1,0.167836,0.017032,0.815058,0.000037,0.000037
AACATTGTGACTCGAG-1,0.217761,0.000039,0.652769,0.039704,0.089727
AACCAAGACTTCTCTG-1,0.692289,0.000048,0.248261,0.059353,0.000048
AACCAGTATCACTCTT-1,0.304218,0.017854,0.655925,0.021954,0.000049
AACCATAGGGTTGAAC-1,0.490388,0.016289,0.036499,0.352265,0.104559
AACCATGGGATCGCTA-1,0.998443,0.000195,0.000973,0.000195,0.000195
AACCCAGAGACGGAGA-1,0.453612,0.000051,0.357121,0.034573,0.154644
AACCCATCCCATGATC-1,0.275161,0.34121,0.233026,0.126672,0.02393
AACCCGACAACCCGTG-1,0.495159,0.034614,0.441418,0.016962,0.011847
AACCCGAGCAGAATCG-1,0.00003,0.427326,0.275358,0.216283,0.081004
AACCCGATAGGGCTTC-1,0.060569,0.443096,0.419268,0.076099,0.000968
AACCCGCTGTATTCCA-1,0.692815,0.000078,0.166157,0.140873,0.000078
AACCCTACTGTCAATA-1,0.393088,0.005652,0.598859,0.002377,0.000024
AACCCTGGTGGAACCA-1,0.000065,0.01272,0.869107,0.079672,0.038437
AACCGAGCTTGGTCAT-1,0.499696,0.13554,0.218178,0.146438,0.000148
AACCGCTAAGGGATGC-1,0.349252,0.008859,0.604034,0.037823,0.000031
AACCTAAAGCCGTCCG-1,0.000038,0.136937,0.860679,0.000019,0.002327
AACCTCGCTTTAGCCC-1,0.064096,0.066573,0.868936,0.000373,0.000021
AACCTGTCACGGAATT-1,0.003802,0.336591,0.422926,0.128672,0.108009
AACCTTTAAATACGGT-1,0.695825,0.000171,0.138362,0.057119,0.108523
AACCTTTACGACGTCT-1,0.000023,0.002314,0.988097,0.000012,0.009553
AACGAAAGTCGTCCCA-1,0.105056,0.000043,0.247024,0.626425,0.021452
AACGACCTCCTAGCCG-1,0.284862,0.256682,0.07632,0.096741,0.285395
AACGATAATGCCGTAG-1,0.00005,0.180659,0.777822,0.000025,0.041444
AACGATAGAAGGGCCG-1,0.141592,0.063394,0.794912,0.00005,0.00005
AACGATATGTCAACTG-1,0.13713,0.000058,0.832288,0.030466,0.000058
AACGCATGATCTGGGT-1,0.001309,0.018297,0.942549,0.000012,0.037832
AACGCGAACGGCAACA-1,0.142055,0.000032,0.857851,0.000032,0.000032
AACGCGACCTTGGGCG-1,0.349067,0.049963,0.447408,0.012491,0.14107
AACGCGGTCTCCAGCC-1,0.000152,0.000076,0.641649,0.240484,0.117639
AACGCTGTTGCTGAAA-1,0.292054,0.022291,0.588713,0.037565,0.059377
AACGGACGTACGTATA-1,0.323916,0.051609,0.559415,0.005147,0.059914
AACGGCCATCTCCGGT-1,0.770027,0.000038,0.132906,0.003921,0.093109
AACGTACTGTGGGTAC-1,0.619257,0.000054,0.380582,0.000054,0.000054
AACGTAGTCTACCCAT-1,0.000117,0.000059,0.911542,0.037212,0.051071
AACGTCAGACTAGTGG-1,0.071324,0.000039,0.928559,0.000039,0.000039
AACGTCATCCGGCTTG-1,0.945591,0.000098,0.054114,0.000098,0.000098
AACGTCGCTGCACTTC-1,0.471794,0.038005,0.199428,0.014788,0.275986
AACGTGATGAAGGACA-1,0.007954,0.000041,0.57445,0.033818,0.383737
AACGTGCGAAAGTCTC-1,0.000076,0.159866,0.839982,0.000038,0.000038
AACGTTATCAGCACCT-1,0.585472,0.000063,0.088199,0.039187,0.287079
AACGTTCTACCATTGT-1,0.708012,0.000144,0.000718,0.268986,0.02214
AACTACCCGTTTGTCA-1,0.265805,0.110718,0.364682,0.258761,0.000035
AACTAGCGTATCGCAC-1,0.027911,0.000069,0.926527,0.018576,0.026917
AACTAGGCTTGGGTGT-1,0.272976,0.000081,0.694128,0.032734,0.000081
AACTCAAGTTAATTGC-1,0.07345,0.000031,0.865091,0.025826,0.035601
AACTCCAGAGCGTGTT-1,0.183552,0.038169,0.761075,0.000022,0.017181
AACTCCTAATCCCATG-1,0.135051,0.02706,0.804975,0.000024,0.03289
AACTCGATAAACACGT-1,0.033219,0.126675,0.840075,0.000016,0.000016
AACTCGATGGCGCAGT-1,0.136606,0.000036,0.863285,0.000036,0.000036
AACTCTCAATAGAGCG-1,0.121106,0.006517,0.859245,0.006472,0.00666
AACTCTCAGTGTGCTC-1,0.724489,0.00007,0.000351,0.00007,0.275019
AACTGAGGTCAGCGTC-1,0.320625,0.030302,0.480949,0.051845,0.116279
AACTGAGTTATACTGA-1,0.047254,0.000044,0.062307,0.881499,0.008896
AACTGATATTAGGCCT-1,0.028747,0.000089,0.818043,0.050735,0.102387
AACTGGGTCCCGACGT-1,0.105141,0.000064,0.810951,0.064678,0.019166
AACTGGGTTCGAGCCG-1,0.243581,0.000048,0.727143,0.029179,0.000048
AACTGGTGTGGGCCTT-1,0.188921,0.00156,0.777492,0.000048,0.031978
AACTTCTGCGTCTATC-1,0.450832,0.000043,0.499505,0.000043,0.049576
AACTTGCCCGTATGCA-1,0.355687,0.000055,0.482081,0.048935,0.113242
AACTTGCGTTCTCGCG-1,0.439725,0.000055,0.527951,0.000055,0.032214
AACTTTACGGGAGCTT-1,0.879162,0.000055,0.000276,0.000055,0.120452
AACTTTAGCTGCTGAG-1,0.022471,0.000079,0.92152,0.055852,0.000079
AACTTTCTCGATCATG-1,0.123592,0.155679,0.554295,0.166405,0.000029
AAGAAAGTTTGATGGG-1,0.787818,0.000058,0.000288,0.191968,0.019868
AAGAAATCACCAGATT-1,0.150213,0.375489,0.218241,0.168583,0.087474
AAGAAGGATCAGTTAG-1,0.195093,0.000047,0.804765,0.000047,0.000047
AAGACATACGTGGTTT-1,0.006886,0.298061,0.095322,0.12165,0.478081
AAGACCAAATAACTCA-1,0.191868,0.019383,0.16634,0.622357,0.000051
AAGACCCAACTGAACA-1,0.369691,0.002047,0.574227,0.000049,0.053987
AAGACTAACCCGTTGT-1,0.081485,0.039239,0.879179,0.000048,0.000048
AAGACTCACGCCCACT-1,0.21127,0.099845,0.660156,0.009521,0.019207
AAGACTGCAAGCTACT-1,0.397826,0.000219,0.2554,0.000219,0.346335
AAGAGATGAATCGGTA-1,0.427789,0.000062,0.470656,0.015453,0.08604
AAGAGCTCTTTATCGG-1,0.000065,0.169924,0.806896,0.010456,0.012659
AAGAGGATGTACGCGA-1,0.729639,0.000052,0.250305,0.019951,0.000052
AAGAGGCATGGATCGC-1,0.245524,0.000048,0.754332,0.000048,0.000048
AAGAGGCCCTTTGGAA-1,0.121713,0.442232,0.377348,0.052427,0.00628
AAGATGGCACCGGACC-1,0.978338,0.000032,0.021566,0.000032,0.000032
AAGATTGGCGGAACGT-1,0.070196,0.00002,0.917338,0.00002,0.012426
AAGCACCCTGCGTATC-1,0.043094,0.016752,0.940048,0.000053,0.000053
AAGCATACTCTCCTGA-1,0.546877,0.000136,0.276463,0.07359,0.102933
AAGCCACTTGCAGGTA-1,0.479968,0.014896,0.290779,0.00003,0.214327
AAGCCGAAGCGGTTTA-1,0.266598,0.13099,0.485264,0.10063,0.016518
AAGCCGCCGTGAAATC-1,0.050014,0.025004,0.87497,0.02501,0.025002
AAGCCGCTTTACCTTG-1,0.036324,0.371053,0.446516,0.08928,0.056827
AAGCCGGAGAGCAGGA-1,0.074186,0.000033,0.000372,0.918861,0.006548
AAGCGCAGGGCTTTGA-1,0.01964,0.488416,0.398382,0.019566,0.073996
AAGCGGAGTGCGCGCA-1,0.087801,0.039838,0.227205,0.377863,0.267293
AAGCGGCGTCATGGGT-1,0.606451,0.002982,0.359181,0.004379,0.027007
AAGCGTCCCTCATCGA-1,0.221403,0.003115,0.753971,0.005112,0.016399
AAGCTAGATCGAGTAA-1,0.355106,0.000161,0.318176,0.010694,0.315863
AAGCTATGGATTGACC-1,0.095588,0.000056,0.13409,0.453643,0.316622
AAGCTCGTGCCAAGTC-1,0.176438,0.000074,0.823339,0.000074,0.000074
AAGCTCTTTCATGGTG-1,0.333122,0.028365,0.627187,0.011265,0.00006
AAGGAGCGGTTGGTGC-1,0.57954,0.000078,0.420226,0.000078,0.000078
AAGGATCGATCGCTTG-1,0.225424,0.103267,0.646191,0.025096,0.000023
AAGGATGAGGGACCTC-1,0.207918,0.002171,0.789854,0.000029,0.000029
AAGGCAGGCTGTCTCC-1,0.383109,0.023922,0.060217,0.532706,0.000046
AAGGCGCGTAAAGCTT-1,0.080113,0.000032,0.839982,0.010192,0.069681
AAGGCTGTGCTCATCG-1,0.396505,0.00009,0.574737,0.00009,0.028578
AAGGGAACGACTGGCT-1,0.5402,0.159655,0.168602,0.030522,0.101021
AAGGGACAGATTCTGT-1,0.369778,0.017678,0.605123,0.007399,0.000022
AAGGGACTATGCATTC-1,0.711648,0.000042,0.045115,0.019804,0.223391
AAGGGTTAGCCATGCG-1,0.88158,0.000087,0.000436,0.117809,0.000087
AAGGGTTTGATTTCAG-1,0.00011,0.000055,0.000276,0.796452,0.203107
AAGGTATCCTAATATA-1,0.000051,0.095643,0.874833,0.000025,0.029448
AAGGTGATAAACCAGC-1,0.274625,0.000604,0.707329,0.017418,0.000024
AAGTAGAAGACCGGGT-1,0.122111,0.003531,0.856627,0.000031,0.017701
AAGTAGTGACGCGAGG-1,0.786132,0.000077,0.178777,0.034937,0.000077
AAGTCAATTGTCGTCA-1,0.375087,0.087077,0.441781,0.058857,0.037199
AAGTCTAGTAGCTGCC-1,0.000016,0.558966,0.333956,0.041272,0.06579
AAGTCTTCTGTGGCCT-1,0.702382,0.005473,0.028452,0.263657,0.000036
AAGTGACGACCGAATT-1,0.234515,0.000025,0.76541,0.000025,0.000025
AAGTGAGTCGGGTTTA-1,0.135004,0.014778,0.850154,0.000032,0.000032
AAGTGCAAAGGTAGAC-1,0.721436,0.000054,0.064616,0.067336,0.146558
AAGTGCCTTGACTGTA-1,0.379906,0.016024,0.514479,0.04056,0.049032
AAGTGCGTTAGAATCT-1,0.639248,0.000044,0.300048,0.060616,0.000044
AAGTGCTTCTCTATTG-1,0.253453,0.081582,0.302022,0.001027,0.361916
AAGTGTTTGGAGACGG-1,0.455411,0.000051,0.544437,0.000051,0.000051
AAGTTCACTCCAAGCT-1,0.345393,0.052952,0.485105,0.00004,0.116509
AAGTTCAGTCTGCGTA-1,0.624816,0.000039,0.291312,0.049022,0.034811
AAGTTCGGCCAACAGG-1,0.509721,0.000417,0.433229,0.000034,0.056598
AAGTTGTGATGTTATA-1,0.099891,0.431987,0.302467,0.065842,0.099812
AAGTTTATGGGCCCAA-1,0.26691,0.51033,0.079275,0.008363,0.135123
AATAACAACGCTCGGC-1,0.295546,0.000023,0.704384,0.000025,0.000023
AATAACACTAGAACAA-1,0.091464,0.033831,0.827466,0.000015,0.047225
AATAACGTCGCGCCCA-1,0.758163,0.000197,0.187494,0.000036,0.05411
AATAAGTCCTCGAGAC-1,0.000066,0.072351,0.842509,0.055793,0.029281
AATAATCTTCGTATCG-1,0.000044,0.404854,0.260941,0.322697,0.011464
AATACAATGTTTCAGG-1,0.945597,0.000081,0.009623,0.010788,0.03391
AATACCGGAGGGCTGT-1,0.597798,0.02833,0.34369,0.021571,0.008611
AATACCTGATGTGAAC-1,0.501776,0.001676,0.22969,0.016655,0.250203
AATAGAACAGAGTGGC-1,0.668271,0.000085,0.293113,0.000085,0.038447
AATAGAATCTGTTTCA-1,0.303455,0.016249,0.50049,0.00034,0.179465
AATAGCAAGCCTCCTG-1,0.089458,0.04117,0.866519,0.002833,0.00002
AATAGCTACCGCGTGC-1,0.321384,0.273723,0.389277,0.015596,0.00002
AATAGGCACGACCCTT-1,0.689934,0.00003,0.309976,0.00003,0.00003
AATAGTCCGTCCCGAC-1,0.000101,0.021617,0.608193,0.000051,0.370038
AATAGTCGCGAGTCGG-1,0.559221,0.000062,0.389047,0.046218,0.005452
AATATCAAGGTCGGAT-1,0.568779,0.000078,0.348343,0.000078,0.082721
AATATCCTAGCAAACT-1,0.000071,0.000035,0.000177,0.692733,0.306984
AATATCGAATCAATGC-1,0.124121,0.290818,0.475527,0.107693,0.001842
AATATCGAGGGTTCTC-1,0.567425,0.000043,0.40679,0.025697,0.000043
AATATTGGAGTATTGA-1,0.388049,0.000063,0.56528,0.038946,0.007662
AATCAGACTGCAGGAC-1,0.181664,0.026462,0.789309,0.000035,0.00253
AATCAGGTTTCATTTA-1,0.670514,0.101044,0.075844,0.043633,0.108965
AATCATGTAAAGACTC-1,0.143937,0.028508,0.82308,0.000014,0.00446
AATCCAAGGGCCTGAG-1,0.17829,0.000045,0.821574,0.000045,0.000045
AATCCATGCAAGGGTG-1,0.502461,0.000059,0.497361,0.000059,0.000059
AATCCCGCTCAGAGCC-1,0.908952,0.000071,0.085963,0.000071,0.004944
AATCGAGGTCTCAAGG-1,0.334016,0.000029,0.665897,0.000029,0.000029
AATCGCCTCAGCGCCA-1,0.104806,0.035495,0.859616,0.000042,0.000042
AATCGCGCAGAGGACT-1,0.666709,0.079733,0.003379,0.176872,0.073307
AATCGGTATAGCCCTC-1,0.623906,0.000035,0.000175,0.104196,0.271688
AATCGTGAGCCGAGCA-1,0.355896,0.155007,0.488957,0.000124,0.000017
AATCTAGGTTTACTTG-1,0.666772,0.000058,0.000291,0.33282,0.000058
AATCTATGCCGGAGCC-1,0.673937,0.095448,0.151846,0.041369,0.0374
AATCTCTACTGTGGTT-1,0.456959,0.00009,0.000449,0.542413,0.00009
AATCTGCGTTGGGACG-1,0.640749,0.00005,0.19204,0.009689,0.157472
AATCTGGCTTTCTAGT-1,0.40903,0.000048,0.179457,0.389365,0.022099
AATCTGGGTAGACCCT-1,0.16912,0.06504,0.710921,0.018716,0.036203
AATGACAGCAATGTCT-1,0.458679,0.000041,0.523175,0.000041,0.018065
AATGACGTAGGATGTC-1,0.009313,0.066728,0.895248,0.00003,0.028681
AATGACTGTCAGCCGG-1,0.072386,0.000033,0.927514,0.000033,0.000033
AATGAGTTCGCATATG-1,0.433255,0.000061,0.463346,0.000061,0.103276
AATGATGATACGCTAT-1,0.382434,0.000026,0.563871,0.053643,0.000026
AATGATGCGACTCCTG-1,0.176524,0.010891,0.796606,0.000024,0.015955
AATGCAACCGGGTACC-1,0.156045,0.015811,0.802791,0.000041,0.025313
AATGCACCAAGCAATG-1,0.000017,0.134163,0.814495,0.000008,0.051316
AATGGCCGCCAATGCG-1,0.197702,0.229475,0.336894,0.195724,0.040206
AATGGTCCACCGTTCA-1,0.75447,0.000132,0.156157,0.000132,0.089107
AATGGTTCTCACAAGC-1,0.487097,0.000057,0.512733,0.000057,0.000057
AATGTATGGCACTGTA-1,0.000064,0.000032,0.43113,0.330024,0.238751
AATGTGCCCGAGGTGT-1,0.322502,0.000039,0.650043,0.027377,0.000039
AATGTGCTAATCTGAG-1,0.256449,0.153326,0.526416,0.016411,0.047398
AATGTTAAGACCCTGA-1,0.386655,0.000808,0.221683,0.000021,0.390833
AATGTTGTCGTGAGAC-1,0.431205,0.28579,0.111118,0.047322,0.124565
AATTAAAGGTCGGCGT-1,0.234784,0.000072,0.764998,0.000072,0.000072
AATTAACGGATTTCCA-1,0.150717,0.000141,0.173411,0.02034,0.655391
AATTACGAGACCCATC-1,0.060711,0.000048,0.021566,0.917627,0.000048
AATTACTCGTACGCTC-1,0.280494,0.008273,0.645422,0.028772,0.03704
AATTAGCGCTGCAGCG-1,0.420463,0.000088,0.48766,0.0917,0.000088
AATTATACCCAGCAAG-1,0.780385,0.003525,0.033601,0.000028,0.182461
AATTCATAAGGGATCT-1,0.418466,0.055484,0.524271,0.001741,0.000038
AATTCATTGTCATGCA-1,0.000065,0.000033,0.116059,0.346066,0.537777
AATTCCAACTTGGTGA-1,0.619841,0.000053,0.358539,0.004322,0.017246
AATTCCAAGCATGTAC-1,0.134203,0.330609,0.315882,0.000031,0.219275
AATTCGATTCGAGGAT-1,0.193464,0.373313,0.360732,0.041711,0.030781
AATTCTAGAGTTAGGC-1,0.292038,0.000088,0.620782,0.087004,0.000088
AATTGAACGCTCTGGT-1,0.081239,0.026423,0.831022,0.000035,0.06128
AATTGCAGCAATCGAC-1,0.213187,0.200836,0.523614,0.041466,0.020897
AATTGCGTGGATTACA-1,0.161674,0.000038,0.02034,0.679961,0.137986
AATTGTGGTTGCCAAA-1,0.264356,0.166739,0.165154,0.403731,0.000019
AATTTGGGACATAGTA-1,0.323991,0.000054,0.675847,0.000054,0.000054
ACAAACCATGCGTCCT-1,0.595709,0.018796,0.042122,0.041524,0.301848
ACAAACCGACAAGGCG-1,0.341772,0.000045,0.658093,0.000045,0.000045
ACAAACTCCATCAGAG-1,0.555227,0.00002,0.418574,0.00002,0.026159
ACAAAGAAGGTAGGCC-1,0.002274,0.061797,0.063623,0.714139,0.158167
ACAAAGCATGACCTAG-1,0.381286,0.188371,0.282361,0.07354,0.074443
ACAAATCGCACCGAAT-1,0.103063,0.056052,0.840838,0.000023,0.000023
ACAAATGGTAGTGTTT-1,0.051288,0.002899,0.825528,0.000028,0.120257
ACAAATTCAGATCTGA-1,0.300894,0.055127,0.619668,0.020508,0.003804
ACAACAGCATGAGCTA-1,0.105165,0.00006,0.794302,0.039867,0.060606
ACAACGGTCCCTGCGA-1,0.581053,0.000054,0.338179,0.08066,0.000054
ACAAGCAGTGCCTAGC-1,0.572351,0.000044,0.421731,0.00583,0.000044
ACAAGCTATATGGAAG-1,0.503503,0.029717,0.077292,0.057748,0.33174
ACAAGGAAATCCGCCC-1,0.21684,0.139251,0.628808,0.015054,0.000047
ACAAGGACAAGAGGTT-1,0.317719,0.000041,0.606715,0.057953,0.017571
ACAAGGATGCTTTAGG-1,0.644905,0.000036,0.292755,0.062269,0.000036
ACAAGGCCTACCAGCC-1,0.117055,0.059178,0.810188,0.000019,0.01356
ACAAGGGCAGGCTCTG-1,0.000045,0.08992,0.909989,0.000023,0.000023
ACAAGTAATTGTAAGG-1,0.189655,0.000019,0.810288,0.000019,0.000019
ACAATAGTCGTACGTT-1,0.473945,0.000064,0.362545,0.163382,0.000064
ACAATCCATTTAAACC-1,0.619351,0.000051,0.327994,0.052554,0.000051
ACAATGAATACGGAGA-1,0.668857,0.000037,0.305415,0.000037,0.025655
ACAATGATTCTTCTAC-1,0.285405,0.073579,0.425525,0.171348,0.044142
ACAATTGTGTCTCTTT-1,0.085074,0.065625,0.828555,0.020732,0.000014
ACAATTTAGGAGGCTC-1,0.587297,0.00007,0.17064,0.135965,0.106027
ACAATTTGAGCAGTGG-1,0.000067,0.037095,0.962783,0.000027,0.000027
ACAATTTGGCCATATT-1,0.046169,0.000073,0.013499,0.92026,0.019998
ACACAAAGACGGGTGG-1,0.187639,0.029122,0.783171,0.000034,0.000034
ACACAAATATTCCTAG-1,0.059732,0.412158,0.446102,0.081993,0.000015
ACACACCAGGACCAGT-1,0.222428,0.020547,0.745087,0.000032,0.011906
ACACACTTTCTACACG-1,0.086719,0.000135,0.785171,0.12616,0.001815
ACACATGATCAAATCT-1,0.336791,0.000029,0.297015,0.125807,0.240358
ACACATTGACGCAACA-1,0.115472,0.10795,0.7696,0.00696,0.000018
ACACATTTCCGTAGAC-1,0.000164,0.000082,0.626102,0.115231,0.25842
ACACCACATAATTAGC-1,0.253514,0.175281,0.372194,0.166603,0.032408
ACACCCAGCATGCAGC-1,0.117248,0.000045,0.882616,0.000045,0.000045
ACACCCGAGAAATCCG-1,0.000031,0.03993,0.913892,0.000015,0.046132
ACACCCGTAAATCTGT-1,0.34969,0.12512,0.054992,0.072422,0.397777
ACACCGAGCGCTCTTT-1,0.570034,0.013449,0.284315,0.132167,0.000036
ACACCGGTCTGACCGC-1,0.265701,0.257625,0.350732,0.000315,0.125627
ACACCTTAAGTAGGGC-1,0.227534,0.000059,0.676029,0.008154,0.088224
ACACCTTACTACTTGC-1,0.095787,0.500796,0.346378,0.057021,0.000019
ACACGAGACTCCTTCT-1,0.000101,0.00005,0.976933,0.022865,0.00005
ACACGGCACTATGCAT-1,0.000069,0.006656,0.892616,0.07719,0.023469
ACACGGGAACTTAGGG-1,0.223929,0.000067,0.674958,0.10098,0.000067
ACACGTAGGCCACAAG-1,0.283936,0.191718,0.095901,0.130186,0.298259
ACACTCCAATGTCACT-1,0.47598,0.000047,0.52388,0.000047,0.000047
ACACTGATCAAGGTGT-1,0.347945,0.000051,0.651901,0.000051,0.000051
ACACTGGGACAGTCGT-1,0.036679,0.31323,0.422936,0.227133,0.000022
ACAGAACTGAGAACAA-1,0.890442,0.00005,0.01185,0.00005,0.097608
ACAGATTAGGTTAGTG-1,0.000158,0.000079,0.964937,0.022029,0.012798
ACAGCATAGAGCCAGT-1,0.731777,0.000203,0.201194,0.066624,0.000203
ACAGCGACATTCTCAT-1,0.388056,0.135238,0.401477,0.075199,0.00003
ACAGCGCACCCGCAGC-1,0.005381,0.011699,0.641218,0.160088,0.181614
ACAGGAGGCGCAGCCG-1,0.761025,0.00256,0.191787,0.000027,0.0446
ACAGGCACGGATCCTT-1,0.402381,0.193286,0.303645,0.000017,0.100671
ACAGGCTTGCCCGACT-1,0.341456,0.02566,0.496351,0.006419,0.130114
ACAGGTGGAGGTGAGG-1,0.521352,0.000047,0.478508,0.000047,0.000047
ACAGGTGTGTTGTTGC-1,0.589885,0.007058,0.168322,0.181328,0.053407
ACAGTAATACAACTTG-1,0.684576,0.000055,0.000273,0.315042,0.000055
ACAGTATACCGTGGGA-1,0.431432,0.091134,0.41353,0.063866,0.000037
ACAGTGCAGCGCATTT-1,0.049335,0.240435,0.592795,0.011927,0.105508
ACATAAGTCGTGGTGA-1,0.084188,0.000082,0.116395,0.680069,0.119266
ACATAATAAGGCGGTG-1,0.453919,0.000094,0.545799,0.000094,0.000094
ACATACAATCAAGCGG-1,0.445198,0.000033,0.554702,0.000033,0.000033
ACATCAGCTGGGACGC-1,0.856801,0.000155,0.000775,0.00908,0.133189
ACATCCCGGCCATACG-1,0.011366,0.000096,0.284573,0.017243,0.686722
ACATCCTGGTAACTGT-1,0.45665,0.151365,0.263912,0.017277,0.110796
ACATCGATCGTTTACC-1,0.035823,0.043363,0.888138,0.000052,0.032624
ACATCGCAATATTCGG-1,0.475212,0.000036,0.524679,0.000036,0.000036
ACATCGGTCAGCCGCG-1,0.084304,0.004058,0.911585,0.000027,0.000027
ACATCGTATGCAATGG-1,0.023962,0.004095,0.946137,0.000024,0.025782
ACATCGTTAACCTAGT-1,0.223196,0.000071,0.684856,0.091806,0.000071
ACATCTCAACGCGTAA-1,0.47065,0.000129,0.220215,0.04999,0.259017
ACATGCTTACGGCAGC-1,0.351351,0.01623,0.335753,0.003658,0.293008
ACATGGCGCCAAAGTA-1,0.497855,0.084238,0.344918,0.072964,0.000025
ACATGGCTCAATTTAG-1,0.361032,0.016291,0.60133,0.001573,0.019774
ACATTAGTTTATATCC-1,0.085028,0.000073,0.914752,0.000073,0.000073
ACATTCGCGCGGAATA-1,0.128661,0.091384,0.372188,0.00018,0.407587
ACATTTGAAACCTAAC-1,0.701964,0.000038,0.015609,0.021901,0.260488
ACCAAACACCCAGCGA-1,0.261744,0.254341,0.448061,0.007823,0.028031
ACCAACACCACACACT-1,0.012177,0.107528,0.880279,0.000008,0.000008
ACCAACCGCACTCCAC-1,0.330505,0.160411,0.457872,0.051201,0.00001
ACCAACGCTTATTTAT-1,0.188046,0.036632,0.716505,0.000047,0.058771
ACCAAGAACGCGTGTC-1,0.322723,0.00006,0.570154,0.003136,0.103927
ACCAAGTCATCGGCAG-1,0.770797,0.047594,0.151756,0.00028,0.029572
ACCAATATGCAAGTTA-1,0.07857,0.053284,0.847352,0.000038,0.020756
ACCACAACTCAGAACA-1,0.000037,0.269969,0.729956,0.000019,0.000019
ACCACAAGTTTCTATC-1,0.112792,0.000053,0.88705,0.000053,0.000053
ACCACACGGTTGATGG-1,0.456793,0.032445,0.473381,0.000022,0.037359
ACCACCAATGTAACAA-1,0.003514,0.320677,0.675793,0.000009,0.000009
ACCACCCTCTCTTCTA-1,0.110538,0.397943,0.268229,0.14803,0.07526
ACCACGTGCAGCTATA-1,0.002651,0.050479,0.887293,0.003211,0.056367
ACCACTGTTCAAGAAG-1,0.136294,0.092453,0.657122,0.028048,0.086083
ACCAGACCATAACAAC-1,0.552013,0.082389,0.037425,0.111002,0.217171
ACCAGCCCGGTCTTTG-1,0.000063,0.004226,0.860831,0.089675,0.045205
ACCAGTGCCCGGTCAA-1,0.604803,0.003784,0.317695,0.073686,0.000032
ACCAGTGCGGGAGACG-1,0.140973,0.055762,0.711157,0.016342,0.075767
ACCATATCCGCAATAA-1,0.210312,0.000053,0.701855,0.000053,0.087727
ACCATCCGCCAACTAG-1,0.413366,0.000064,0.128578,0.457927,0.000064
ACCATCGTATATGGTA-1,0.417262,0.000068,0.582535,0.000068,0.000068
ACCATTAAGGGTGTCA-1,0.282338,0.011302,0.529245,0.171108,0.006007
ACCCAACGCCCGTGGC-1,0.565594,0.000064,0.434215,0.000064,0.000064
ACCCACCTACATGCTC-1,0.418724,0.000052,0.458837,0.099196,0.02319
ACCCATCTTGAGGGTA-1,0.033328,0.011699,0.915213,0.037123,0.002637
ACCCATTTGTCCCTCT-1,0.341422,0.177786,0.399462,0.081297,0.000032
ACCCGAGCGAAATTAC-1,0.818099,0.001353,0.109849,0.000029,0.070671
ACCCGATTGGTTCCGA-1,0.001767,0.037488,0.682735,0.000006,0.278004
ACCCGGAAACTCCCAG-1,0.413028,0.000119,0.404217,0.064461,0.118175
ACCCGGAGCACCACAA-1,0.143814,0.00003,0.136814,0.719313,0.00003
ACCCGGATGACGCATC-1,0.277609,0.001661,0.707075,0.013629,0.000027
ACCCGGTTACACTTCC-1,0.342699,0.000061,0.657117,0.000061,0.000061
ACCCGTAGCAGAGAAT-1,0.519367,0.000051,0.000256,0.213353,0.266974
ACCCGTAGTCTAGTTG-1,0.414678,0.000041,0.04714,0.312431,0.225711
ACCCGTGTCATCAGTA-1,0.344224,0.000078,0.640435,0.000078,0.015184
ACCCTATAGGACTGAG-1,0.070441,0.000036,0.929453,0.000036,0.000036
ACCCTATGCCATATCG-1,0.000865,0.012685,0.984001,0.000021,0.002427
ACCCTCCCGTCAGGGC-1,0.394503,0.072704,0.126141,0.000754,0.405898
ACCCTCCCTTGCTATT-1,0.19645,0.108936,0.622708,0.006242,0.065664
ACCCTGGTAACGCCCT-1,0.551779,0.062738,0.272439,0.106312,0.006732
ACCCTTGCCTGGGTCG-1,0.003901,0.48668,0.354882,0.154523,0.000013
ACCCTTTAGTTCTCCA-1,0.001389,0.120383,0.852406,0.025791,0.000031
ACCGAAAGGGCCCTGC-1,0.057116,0.000035,0.942779,0.000035,0.000035
ACCGAAGAGTCTGGTT-1,0.170874,0.13603,0.108617,0.454291,0.130188
ACCGACACATCTCCCA-1,0.360508,0.102694,0.356454,0.000146,0.180199
ACCGACTGAGTCCCAC-1,0.517799,0.000138,0.479779,0.002145,0.000138
ACCGAGTCTCCTTATT-1,0.039499,0.620281,0.245437,0.00001,0.094772
ACCGATAGGCATAACC-1,0.000025,0.306393,0.245369,0.210319,0.237894
ACCGATATTTAATCAT-1,0.00005,0.404683,0.18275,0.283243,0.129274
ACCGATGGTAGCATCG-1,0.622993,0.00004,0.373064,0.003863,0.00004
ACCGCAATAACTGCCT-1,0.00999,0.225998,0.744803,0.000022,0.019186
ACCGCGGTGGAAGTCG-1,0.364228,0.057886,0.530418,0.047443,0.000026
ACCGCTAGTCATTGGT-1,0.828372,0.000065,0.000325,0.000065,0.171172
ACCGGGCCTTTGTTGA-1,0.38388,0.015363,0.508493,0.084965,0.007299
ACCGGTCAGGTACACC-1,0.68757,0.110944,0.048149,0.136909,0.016427
ACCGGTCTGAGTACGG-1,0.149533,0.011481,0.719275,0.001945,0.117766
ACCGTCCACTGGGCCC-1,0.043399,0.000036,0.020735,0.674945,0.260885
ACCGTGACCACGTGGG-1,0.733695,0.006369,0.211332,0.030193,0.018411
ACCTAAGTACCTTTCA-1,0.543961,0.00006,0.232943,0.00006,0.222976
ACCTAATCGACTTCCT-1,0.495535,0.000057,0.473875,0.030477,0.000057
ACCTACAGTATGTGGT-1,0.36515,0.143518,0.297793,0.1935,0.000038
ACCTACTATAAATCTA-1,0.290429,0.37169,0.198892,0.000027,0.138962
ACCTCAGCGAGGCGCA-1,0.193182,0.000386,0.80566,0.000386,0.000386
ACCTCCGCCCTCGCTG-1,0.086638,0.451869,0.217485,0.131653,0.112355
ACCTCCGTTATTCACC-1,0.060552,0.310888,0.500344,0.098226,0.02999
ACCTCGAACTTATGCT-1,0.337947,0.001295,0.404289,0.235316,0.021153
ACCTGCGTGTCATGTT-1,0.198223,0.000046,0.490038,0.126732,0.184961
ACGAAATGGGCGGCAC-1,0.386158,0.000032,0.593134,0.020644,0.000032
ACGACCCATGAGTTGC-1,0.000064,0.004524,0.153656,0.841724,0.000032
ACGACTCTAGGGCCGA-1,0.43065,0.129854,0.405947,0.000011,0.033538
ACGACTGGTCATACTC-1,0.516539,0.001754,0.321339,0.101881,0.058486
ACGAGAACCCATCACG-1,0.560649,0.000121,0.221626,0.000121,0.217483
ACGAGATATTTGCTTA-1,0.1898,0.015058,0.77051,0.000061,0.02457
ACGAGGATACCACTCT-1,0.766797,0.000069,0.000345,0.089028,0.14376
ACGAGGTTTACAACGT-1,0.491296,0.00005,0.146521,0.362084,0.00005
ACGAGTACGGATGCCC-1,0.721595,0.000054,0.235486,0.04281,0.000054
ACGAGTCGCCGGCGTT-1,0.178146,0.164542,0.552417,0.004219,0.100675
ACGATACATAGAACTA-1,0.001045,0.134342,0.864549,0.000032,0.000032
ACGATACCTATCCTGA-1,0.609077,0.007831,0.250031,0.132952,0.000109
ACGATCATACATAGAG-1,0.286444,0.000071,0.713344,0.000071,0.000071
ACGATCATCTTGTAAA-1,0.252043,0.038309,0.681296,0.028323,0.000029
ACGATGCATATGTTAT-1,0.31016,0.000051,0.689687,0.000051,0.000051
ACGATGGATCCGATGC-1,0.000164,0.042602,0.650647,0.068088,0.238499
ACGCAAACTAATAGAT-1,0.094214,0.072301,0.797949,0.000017,0.035519
ACGCAATCACTACAGC-1,0.186881,0.168913,0.583531,0.017021,0.043654
ACGCATAAATGACATG-1,0.338413,0.022497,0.504337,0.070336,0.064418
ACGCATACGTTTACTA-1,0.416187,0.060149,0.5065,0.017132,0.000032
ACGCATTCGTGAGTAC-1,0.023596,0.000058,0.95918,0.017109,0.000058
ACGCCACTCGAAACAG-1,0.25276,0.097916,0.346621,0.000024,0.302678
ACGCCAGATGATTTCT-1,0.236149,0.000095,0.685122,0.078539,0.000095
ACGCCAGTGCGTTTGC-1,0.829847,0.000038,0.053634,0.037952,0.078529
ACGCCCAGCTGTCGAT-1,0.000069,0.036723,0.871861,0.05066,0.040687
ACGCCGCTAGACGACC-1,0.224483,0.000076,0.715403,0.059962,0.000076
ACGCCTGACACGCGCT-1,0.584651,0.019691,0.144855,0.109686,0.141117
ACGCGAAGTCAGACGA-1,0.055695,0.000056,0.922435,0.021758,0.000056
ACGCGCTACACAGGGT-1,0.266569,0.000026,0.733352,0.000026,0.000026
ACGCGGGCCAAGGACA-1,0.399805,0.000076,0.567531,0.032511,0.000076
ACGCGTTTCTTAAGAG-1,0.869531,0.000033,0.026948,0.092213,0.011276
ACGCTACTGAATGGGC-1,0.137835,0.038935,0.00025,0.00005,0.82293
ACGCTAGTATCAGTGC-1,0.0638,0.546887,0.306965,0.007245,0.075104
ACGCTAGTGATACACT-1,0.000715,0.022352,0.866191,0.000017,0.110725
ACGCTGTGAGGCGTAG-1,0.403359,0.000068,0.182972,0.413533,0.000068
ACGCTTAGTGTCTCTC-1,0.000054,0.271652,0.696646,0.000027,0.031621
ACGGAACACGAGTGCC-1,0.300282,0.043793,0.399825,0.000953,0.255146
ACGGAATTTAGCAAAT-1,0.496896,0.000086,0.380286,0.000086,0.122645
ACGGACGCAGCGACAA-1,0.199143,0.081438,0.305157,0.000026,0.414236
ACGGACTCTCAAAGCG-1,0.08426,0.000051,0.915588,0.000051,0.000051
ACGGAGCGCAAATTAC-1,0.000016,0.001545,0.92925,0.000008,0.069181
ACGGATGGTGCGGATA-1,0.285528,0.029792,0.684587,0.000047,0.000047
ACGGCACTTGCTTGGG-1,0.000088,0.201144,0.743021,0.037823,0.017924
ACGGCCAACATGGACT-1,0.167395,0.000047,0.813589,0.000047,0.018924
ACGGCGACGATGGGAA-1,0.022988,0.107471,0.730547,0.138966,0.000028
ACGGCGGGTTGCCCTG-1,0.144488,0.128177,0.46566,0.000057,0.261618
ACGGCTGGATGTAGAA-1,0.191247,0.000032,0.330328,0.450121,0.028273
ACGGGAGTGTCGGCCC-1,0.505269,0.000035,0.467148,0.027512,0.000035
ACGGGCGTATGCGACA-1,0.433141,0.081267,0.240097,0.245455,0.000039
ACGGGTCATGTGACTT-1,0.321764,0.004165,0.487745,0.021129,0.165196
ACGGGTTGTGACCTGT-1,0.06319,0.000093,0.000465,0.430021,0.506231
ACGGTACAGTTCAATG-1,0.496633,0.057219,0.093465,0.072723,0.279961
ACGGTCACCGAGAACA-1,0.845327,0.035586,0.001199,0.109771,0.008117
ACGTACTTTGGCACGG-1,0.367196,0.166691,0.132304,0.005461,0.328348
ACGTAGATTGCTGATG-1,0.582054,0.000274,0.270311,0.000274,0.147087
ACGTAGGAGAGTCGCT-1,0.011717,0.382743,0.355131,0.001732,0.248676
ACGTATTACTCCGATC-1,0.135503,0.029695,0.694564,0.031212,0.109025
ACGTCGGGCAACTCGG-1,0.00009,0.000045,0.034972,0.687327,0.277566
ACGTCTCGTTCCGGGA-1,0.079268,0.000036,0.000179,0.719508,0.201009
ACGTGACAAAGTAAGT-1,0.043773,0.000041,0.000203,0.912596,0.043388
ACGTGCGCCTCGTGCA-1,0.386216,0.000131,0.548957,0.023965,0.040731
ACGTGGTCGAATGTGC-1,0.386166,0.000075,0.611717,0.001967,0.000075
ACGTTAATGTCGAAGA-1,0.505056,0.000136,0.316789,0.177884,0.000136
ACGTTAGATTTGCCCG-1,0.509984,0.000065,0.474255,0.015632,0.000065
ACGTTATTGGTCACTC-1,0.253493,0.011414,0.719893,0.015153,0.000046
ACGTTCACTATGCCGC-1,0.868023,0.000064,0.088904,0.000064,0.042945
ACGTTCCGCGCTCCGT-1,0.408313,0.000087,0.581773,0.009741,0.000087
ACGTTCGCAATCAATT-1,0.070656,0.377108,0.357478,0.012468,0.182291
ACGTTCGTTCAGGAAA-1,0.40044,0.007811,0.59165,0.000049,0.000049
ACGTTCTGTACAAGTC-1,0.535397,0.100453,0.260415,0.102317,0.001418
ACGTTGTCGTTGAAAG-1,0.733973,0.000199,0.228088,0.000029,0.037711
ACGTTTCGGTGCACTT-1,0.724164,0.000082,0.02423,0.215908,0.035617
ACTAAGGACGCACACC-1,0.277744,0.207251,0.350412,0.164567,0.000026
ACTAATACGTCAGGCG-1,0.304324,0.000752,0.617002,0.040912,0.037009
ACTACAAAGAGAGGTG-1,0.528359,0.309816,0.161778,0.000024,0.000024
ACTACATCCCGACAAG-1,0.313396,0.009858,0.294694,0.21717,0.164882
ACTACCAGCTCTCTGG-1,0.11254,0.042123,0.799876,0.007687,0.037774
ACTACCATCCGAGGGC-1,0.721134,0.02265,0.041013,0.003211,0.211992
ACTACGCGTTAGAATT-1,0.105551,0.0529,0.788807,0.000058,0.052684
ACTAGTTGCGATCGTC-1,0.402157,0.095461,0.161984,0.075645,0.264753
ACTATATGCTGTGTTC-1,0.462315,0.030412,0.505426,0.001803,0.000044
ACTATCCAGGGCATGG-1,0.39705,0.185999,0.406375,0.010553,0.000023
ACTATCGCCGGCTAAA-1,0.368061,0.01067,0.319552,0.017476,0.284241
ACTATCTGCCCGCGTA-1,0.335274,0.208256,0.243275,0.213165,0.00003
ACTATGTCCAGCTGCC-1,0.302018,0.211056,0.376312,0.05777,0.052844
ACTATTCGTCCGTGGT-1,0.556847,0.000101,0.43897,0.003981,0.000101
ACTATTTCCGGGCCCA-1,0.3814,0.001312,0.617224,0.000032,0.000032
ACTCAACGAATGTATT-1,0.348088,0.000149,0.068438,0.000149,0.583176
ACTCAAGTGCAAGGCT-1,0.588373,0.0069,0.378514,0.02617,0.000043
ACTCAATAAAGGCACG-1,0.30627,0.000119,0.393475,0.000119,0.300016
ACTCAGACCTGCTTCT-1,0.400382,0.000093,0.572125,0.000093,0.027306
ACTCATGGCAGCCTTC-1,0.370356,0.082775,0.209817,0.071122,0.26593
ACTCCAATATCATCAT-1,0.321062,0.009295,0.389136,0.000025,0.280483
ACTCCCATTCCTAAAG-1,0.795259,0.000065,0.000326,0.204284,0.000065
ACTCCCGAATTCGTTT-1,0.054223,0.041749,0.903981,0.000024,0.000024
ACTCCCGTAGACTAGG-1,0.209605,0.38941,0.133648,0.105505,0.161833
ACTCCCTAATGCTAAA-1,0.442291,0.00015,0.332317,0.054208,0.171034
ACTCCCTAGAATAGTA-1,0.390293,0.000091,0.506738,0.102786,0.000091
ACTCCGGCCGACCACT-1,0.740636,0.015257,0.077691,0.032068,0.134349
ACTCGATGTATTTCAT-1,0.507359,0.001325,0.491203,0.000056,0.000056
ACTCGCCGTTCGATAA-1,0.117838,0.447402,0.398699,0.035677,0.000384
ACTCGCGATCTGACGC-1,0.062985,0.034325,0.238983,0.663655,0.000052
ACTCGTAACCCGTCCT-1,0.337665,0.101338,0.491855,0.028258,0.040884
ACTCGTCAGTAATCCC-1,0.000062,0.032777,0.9671,0.000031,0.000031
ACTCTAAACCTGGGAT-1,0.65511,0.092502,0.058731,0.079585,0.114071
ACTCTCTGACTTAGGT-1,0.00017,0.050591,0.949153,0.000043,0.000043
ACTCTCTTATACACGA-1,0.042875,0.112568,0.842177,0.000027,0.002354
ACTCTGACCTAATAGA-1,0.96427,0.000024,0.00012,0.024652,0.010934
ACTCTTCAGCTCCCGC-1,0.000036,0.098851,0.376594,0.403218,0.121301
ACTCTTGTATAGTAAC-1,0.491858,0.000198,0.296015,0.050285,0.161644
ACTGAAACGCCGTTAG-1,0.376293,0.000021,0.622276,0.001389,0.000021
ACTGAATGGCGAAAGT-1,0.148629,0.042546,0.767806,0.000027,0.040991
ACTGATTTAGTGATTC-1,0.023902,0.053741,0.922271,0.000043,0.000043
ACTGCCCGCCATTCTC-1,0.365547,0.097461,0.353692,0.109293,0.074007
ACTGCCGTCGTAACTC-1,0.00261,0.001134,0.886826,0.050523,0.058907
ACTGCGGACACACCGT-1,0.310925,0.04427,0.202674,0.44209,0.000041
ACTGCTCGGAAGGATG-1,0.339589,0.000038,0.046672,0.613663,0.000038
ACTGGCGAACCTGCGT-1,0.226044,0.184713,0.463598,0.125619,0.000026
ACTGGGATGCCAGTGC-1,0.115767,0.361211,0.394209,0.000032,0.12878
ACTGTACGATACACAT-1,0.000052,0.114291,0.885605,0.000026,0.000026
ACTGTAGCACTTTGGA-1,0.337302,0.000071,0.620839,0.041716,0.000071
ACTGTATACGCGAGCA-1,0.532638,0.000153,0.173459,0.033119,0.260631
ACTGTCCAGGATTATA-1,0.163294,0.000092,0.677741,0.000092,0.158782
ACTGTCTTCTTTAGAA-1,0.237838,0.000095,0.727482,0.000095,0.034491
ACTGTGCTAGTAGATC-1,0.661953,0.000242,0.060127,0.000242,0.277437
ACTTACCGGGCGCGCA-1,0.425125,0.000041,0.574739,0.000054,0.000041
ACTTACGCATCCACGC-1,0.115469,0.058135,0.780928,0.045401,0.000066
ACTTAGTACGACAAGA-1,0.738409,0.000183,0.077524,0.000183,0.183702
ACTTATACTTACCCGG-1,0.03041,0.025885,0.884356,0.039664,0.019684
ACTTATCTGATCTATA-1,0.637575,0.00013,0.28027,0.035307,0.046718
ACTTATTAGGATCGGT-1,0.049829,0.000061,0.919266,0.000061,0.030784
ACTTATTTATGTGCCA-1,0.381125,0.042507,0.414981,0.005316,0.156071
ACTTCAGGCTGATCCC-1,0.09906,0.069126,0.764436,0.00003,0.067349
ACTTCCAGTGGAAGCT-1,0.000108,0.000054,0.090808,0.908289,0.000741
ACTTCCATGCGGGACA-1,0.252474,0.020564,0.656195,0.038391,0.032376
ACTTCCTGTCGTGCGA-1,0.173049,0.186757,0.338109,0.134729,0.167356
ACTTCGCCATACGCAC-1,0.018514,0.000067,0.954123,0.027229,0.000067
ACTTCGCTAGCGAGTG-1,0.178283,0.026085,0.294901,0.50069,0.000041
ACTTGACTCCCTCTTT-1,0.137593,0.000067,0.683413,0.106321,0.072606
ACTTGCTCTATCTACC-1,0.081597,0.000053,0.112371,0.644633,0.161346
ACTTGGGACCCGGTGG-1,0.411491,0.000047,0.588367,0.000047,0.000047
ACTTGGGCTTTCGCCA-1,0.413131,0.000088,0.586606,0.000088,0.000088
ACTTGTAGTCCCTTCA-1,0.220527,0.000063,0.200345,0.579002,0.000063
ACTTGTGGATGGAACG-1,0.226854,0.072452,0.251428,0.40878,0.040485
ACTTGTTACCGGATCA-1,0.101336,0.000058,0.729278,0.051283,0.118046
ACTTTACCCTCATGAA-1,0.430462,0.034559,0.432984,0.052881,0.049115
ACTTTATACACCACTT-1,0.626846,0.000062,0.056121,0.176035,0.140937
ACTTTCCTATAGCTTC-1,0.024647,0.153214,0.757821,0.00008,0.064239
ACTTTGACTGCATCCT-1,0.430312,0.000092,0.000458,0.569046,0.000092
ACTTTGGTCGTGCTCC-1,0.270282,0.084759,0.301236,0.333161,0.010562
ACTTTGTCGACGCACT-1,0.000451,0.551395,0.22824,0.218744,0.001169
AGAAATTATGACTCGC-1,0.235001,0.196783,0.301199,0.266996,0.000021
AGAACACGGCGATGGT-1,0.498722,0.000031,0.000953,0.054324,0.44597
AGAACCCAGCGTGACA-1,0.000072,0.051049,0.105982,0.740635,0.102261
AGAACCCTCAATTGGG-1,0.092873,0.12953,0.423981,0.35182,0.001797
AGAACGTGGTACATTC-1,0.159537,0.005994,0.761641,0.072753,0.000074
AGAACTGTACTTTGTA-1,0.429137,0.000915,0.569883,0.000032,0.000032
AGAAGAGCGCCGTTCC-1,0.199518,0.000232,0.769149,0.030868,0.000232
AGAAGGTACACTTCAC-1,0.260027,0.000037,0.026708,0.453381,0.259846
AGAAGGTTGCCGAATT-1,0.422914,0.000062,0.5769,0.000062,0.000062
AGAAGGTTGTAGGTCG-1,0.166657,0.173542,0.608319,0.000023,0.051459
AGAAGTGATTCGTGAT-1,0.767502,0.000072,0.213041,0.019311,0.000072
AGAATAAATCTTCAGG-1,0.463379,0.000061,0.065932,0.470569,0.000061
AGAATACAGGCTATCC-1,0.637106,0.000022,0.268248,0.000022,0.094603
AGAATGCGGGTTCGGA-1,0.023537,0.003935,0.972513,0.000008,0.000008
AGAATTATGGATTCGA-1,0.217138,0.016148,0.746302,0.020389,0.000023
AGAATTGTTTGACATA-1,0.06381,0.001371,0.89944,0.000032,0.035347
AGACAGCTCAGAATCC-1,0.256788,0.007784,0.626957,0.000289,0.108182
AGACAGGCATCTCAGC-1,0.000051,0.470312,0.096057,0.433555,0.000026
AGACATAGATCCTTCC-1,0.012545,0.000042,0.968153,0.000042,0.019217
AGACCAAACCACACCT-1,0.189388,0.000045,0.000225,0.803767,0.006574
AGACCATGGGATACAA-1,0.280518,0.000052,0.454096,0.002775,0.262559
AGACCCACCGCTGATC-1,0.000128,0.000064,0.799122,0.134728,0.065958
AGACCCGCCCTCCTCG-1,0.118188,0.00369,0.878035,0.000044,0.000044
AGACCGCTCCGCGGTT-1,0.003162,0.044976,0.53075,0.196895,0.224218
AGACCGGGAAACCCTG-1,0.592226,0.000053,0.15797,0.249697,0.000053
AGACGAAGTGCCGGTC-1,0.609353,0.004569,0.363466,0.022579,0.000032
AGACGACGATGCCGCT-1,0.637014,0.005826,0.337574,0.000031,0.019555
AGACGCCCACTTCGCC-1,0.156335,0.005645,0.220908,0.617073,0.00004
AGACGGGATTGGTATA-1,0.004248,0.008045,0.969694,0.017979,0.000034
AGACGGGCCGATTTAA-1,0.005295,0.147307,0.567064,0.000014,0.28032
AGACTAGCCTTCCAGA-1,0.319658,0.000087,0.296191,0.01383,0.370234
AGACTGTTACCGGGTC-1,0.229373,0.099215,0.540709,0.035345,0.095358
AGAGAAACACCAGAAA-1,0.32185,0.091761,0.505011,0.014988,0.06639
AGAGAACCGTCTAGGA-1,0.33711,0.000034,0.662789,0.000034,0.000034
AGAGAAGGAGTACAAT-1,0.629636,0.000039,0.33132,0.011117,0.027888
AGAGATCTCTAAAGCG-1,0.781748,0.000056,0.127622,0.090517,0.000056
