Barcode,Topic 1to4,Topic 5to8,Topic 9,Topic 10,Topic 11
AAACAAGTATCTCCCA-1,0.098854,0.66995,0.22098,0.01018,0.000036
AAACAATCTACTAGCA-1,0.007889,0.940577,0.000029,0.024184,0.027322
AAACACCAATAACTGC-1,0.000127,0.000127,0.584978,0.414737,0.000032
AAACAGAGCGACTCCT-1,0.071351,0.920554,0.008036,0.000029,0.000029
AAACAGCTTTCAGAAG-1,0.414757,0.538855,0.000023,0.000024,0.046342
AAACAGGGTCTATATT-1,0.077662,0.467387,0.259899,0.091659,0.103393
AAACAGTGTTCCTGGG-1,0.00008,0.148181,0.605865,0.106588,0.139286
AAACATTTCCCGGATT-1,0.000228,0.000228,0.510633,0.488854,0.000057
AAACCACTACACAGAT-1,0.000221,0.954681,0.014111,0.030933,0.000055
AAACCCGAACGAAATC-1,0.321587,0.065697,0.007023,0.008644,0.597048
AAACCGGAAATGTTAA-1,0.344723,0.25631,0.070103,0.218382,0.110482
AAACCGGGTAGGTACC-1,0.44315,0.528703,0.000029,0.00156,0.026558
AAACCGTTCGTCCAGG-1,0.000223,0.303357,0.454094,0.24227,0.000056
AAACCTAAGCAGCCGG-1,0.003769,0.052185,0.943987,0.000008,0.00005
AAACCTCATGAAGTTG-1,0.198508,0.76086,0.010841,0.029762,0.000029
AAACGAAGAACATACC-1,0.287019,0.712927,0.000018,0.000018,0.000018
AAACGAAGATGGAGTA-1,0.171915,0.328556,0.380966,0.101376,0.017187
AAACGACAGTCTTGCC-1,0.335104,0.588353,0.021365,0.000024,0.055154
AAACGAGACGGTTGAT-1,0.288671,0.560351,0.036119,0.016101,0.098757
AAACGCCCGAGATCGG-1,0.000196,0.910119,0.000049,0.000049,0.089588
AAACGCTGGGCACGAC-1,0.000231,0.124389,0.768792,0.106529,0.000058
AAACGGGCGTACGGGT-1,0.058746,0.049976,0.891247,0.000016,0.000016
AAACGGGTTGGTATCC-1,0.000256,0.969768,0.029847,0.000064,0.000064
AAACGGTTGCGAACTG-1,0.000183,0.11328,0.571344,0.315147,0.000046
AAACGTGTTCGCCCTA-1,0.756567,0.22922,0.000015,0.000015,0.014182
AAACTAACGTGGCGAC-1,0.351795,0.550423,0.018045,0.000015,0.079722
AAACTCGGTTCGCAAT-1,0.00012,0.195304,0.804515,0.00003,0.00003
AAACTCGTGATATAAG-1,0.633095,0.334608,0.032274,0.000011,0.000011
AAACTGCTGGCTCCAA-1,0.043951,0.521086,0.4176,0.000032,0.017331
AAACTTAATTGCACGC-1,0.000094,0.000094,0.521962,0.477827,0.000023
AAACTTGCAAACGTAT-1,0.33467,0.471309,0.193971,0.000025,0.000025
AAAGAATGTGGACTAA-1,0.001592,0.102934,0.744594,0.06217,0.08871
AAAGACATGAAGTTTA-1,0.327014,0.601877,0.04689,0.000029,0.02419
AAAGACCCAAGTCGCG-1,0.522707,0.477237,0.000019,0.000019,0.000019
AAAGACTGGGCGCTTT-1,0.471543,0.498469,0.000016,0.000016,0.029956
AAAGCTTGCCTACATA-1,0.617957,0.382018,0.000009,0.000009,0.000009
AAAGGCCCTATAATAC-1,0.125773,0.015478,0.745235,0.097335,0.016179
AAAGGCTACGGACCAT-1,0.000094,0.134313,0.859717,0.000024,0.005853
AAAGGCTCTCGCGCCG-1,0.237761,0.054178,0.439994,0.13966,0.128408
AAAGGGATGTAGCAAG-1,0.158866,0.486945,0.000057,0.000317,0.353815
AAAGGGCAGCTTGAAT-1,0.143245,0.856671,0.000028,0.000028,0.000028
AAAGGTAAGCTGTACC-1,0.00821,0.926572,0.021352,0.006447,0.037419
AAAGTAGCATTGCTCA-1,0.099237,0.175057,0.725668,0.000019,0.000019
AAAGTCACTGATGTAA-1,0.078912,0.920988,0.000034,0.000034,0.000034
AAAGTCGACCCTCAGT-1,0.609207,0.374026,0.000011,0.000011,0.016746
AAAGTGCCATCAATTA-1,0.063718,0.000074,0.547619,0.201261,0.187328
AAAGTGTGATTTATCT-1,0.382421,0.417736,0.015821,0.110357,0.073664
AAAGTTGACTCCCGTA-1,0.187642,0.735767,0.07654,0.000026,0.000026
AAATAACCATACGGGA-1,0.478162,0.50566,0.00002,0.00002,0.016138
AAATAAGGTAGTGCCC-1,0.46476,0.529009,0.005081,0.001138,0.000013
AAATACCTATAAGCAT-1,0.000197,0.213059,0.179245,0.57025,0.03725
AAATAGCTTAGACTTT-1,0.304637,0.6496,0.000019,0.000907,0.044837
AAATAGGGTGCTATTG-1,0.028117,0.241676,0.73012,0.000043,0.000043
AAATCCGATACACGCC-1,0.079017,0.000127,0.451165,0.414773,0.054918
AAATCGCGGAAGGAGT-1,0.127003,0.23436,0.462082,0.157245,0.019309
AAATCGTGTACCACAA-1,0.565749,0.36909,0.000036,0.064523,0.000602
AAATCTAGCCCTGCTA-1,0.43078,0.000059,0.261084,0.049623,0.258453
AAATGACTGATCAAAC-1,0.000229,0.075774,0.923882,0.000057,0.000057
AAATGATTCGATCAGC-1,0.184223,0.815706,0.000024,0.000024,0.000024
AAATGCTCGTTACGTT-1,0.305257,0.69465,0.000031,0.000031,0.000031
AAATGGCATGTCTTGT-1,0.785454,0.17563,0.00002,0.00002,0.038875
AAATGGCCCGTGCCCT-1,0.000105,0.514251,0.411075,0.004737,0.069831
AAATGGTCAATGTGCC-1,0.515551,0.450771,0.033634,0.000022,0.000022
AAATGTGGGTGCTCCT-1,0.000219,0.999616,0.000055,0.000055,0.000055
AAATTAACGGGTAGCT-1,0.541343,0.44849,0.003704,0.00002,0.006443
AAATTAATAAGCGCGA-1,0.200224,0.458412,0.267809,0.027459,0.046097
AAATTACACGACTCTG-1,0.41787,0.582039,0.00003,0.00003,0.00003
AAATTACCTATCGATG-1,0.558148,0.362819,0.07901,0.000012,0.000012
AAATTCCAGGTCCAAA-1,0.766849,0.233112,0.000013,0.000013,0.000013
AAATTGATAGTCCTTT-1,0.00025,0.342214,0.527824,0.12965,0.000062
AAATTGCGGCGGTTCT-1,0.000149,0.99974,0.000037,0.000037,0.000037
AAATTGGTGAGAAGCA-1,0.203169,0.789598,0.000026,0.000026,0.007181
AAATTTACCGAAATCC-1,0.03795,0.893809,0.068156,0.000043,0.000043
AAATTTGCGGGTGTGG-1,0.298213,0.185589,0.516151,0.000024,0.000024
AACAACTGGTAGTTGC-1,0.497447,0.469385,0.000952,0.01498,0.017236
AACAATACATTGTCGA-1,0.000108,0.328953,0.662637,0.008275,0.000027
AACAATTACTCTACGC-1,0.357696,0.584958,0.043872,0.007467,0.006007
AACACACGCTCGCCGC-1,0.149742,0.290471,0.41317,0.146581,0.000035
AACACGACTGTACTGA-1,0.639704,0.315311,0.000018,0.000018,0.044948
AACACGAGACGCGGCC-1,0.001277,0.666063,0.188443,0.144151,0.000066
AACACGCGGCCGCGAA-1,0.020244,0.979682,0.000025,0.000025,0.000025
AACAGCTGTGTGGCAA-1,0.000121,0.164087,0.73259,0.103171,0.00003
AACAGGAAATCGAATA-1,0.175789,0.824123,0.000029,0.000029,0.000029
AACAGGATGGGCCGCG-1,0.217886,0.781972,0.000047,0.000047,0.000047
AACAGGTAGTATGGAT-1,0.125727,0.368606,0.217116,0.288508,0.000042
AACATAGCGTGTATCG-1,0.000139,0.221151,0.77864,0.000035,0.000035
AACATATCAACTGGTG-1,0.551803,0.448146,0.000017,0.000017,0.000017
AACATCGATACGTCTA-1,0.656971,0.342987,0.000014,0.000014,0.000014
AACATTGAAGTTGATC-1,0.313621,0.016379,0.333546,0.336404,0.00005
AACATTGGTCAGCCGT-1,0.000208,0.999635,0.000052,0.000052,0.000052
AACATTGTGACTCGAG-1,0.000444,0.127191,0.515102,0.357152,0.000111
AACCAAGACTTCTCTG-1,0.716333,0.171882,0.000012,0.005393,0.10638
AACCAGTATCACTCTT-1,0.549297,0.450595,0.000036,0.000036,0.000036
AACCATAGGGTTGAAC-1,0.000153,0.09485,0.437529,0.46743,0.000038
AACCATGGGATCGCTA-1,0.02065,0.945172,0.000039,0.000039,0.034099
AACCCAGAGACGGAGA-1,0.51436,0.415456,0.000024,0.000024,0.070136
AACCCATCCCATGATC-1,0.074882,0.100773,0.297568,0.526672,0.000105
AACCCGACAACCCGTG-1,0.000104,0.04341,0.594967,0.322282,0.039236
AACCCGAGCAGAATCG-1,0.208612,0.198693,0.449134,0.105474,0.038086
AACCCGATAGGGCTTC-1,0.021831,0.978041,0.000042,0.000042,0.000042
AACCCGCTGTATTCCA-1,0.000183,0.194115,0.755346,0.050311,0.000046
AACCCTACTGTCAATA-1,0.222966,0.768925,0.000019,0.008071,0.000019
AACCCTGGTGGAACCA-1,0.596506,0.376703,0.000019,0.000019,0.026754
AACCGAGCTTGGTCAT-1,0.580118,0.419828,0.000018,0.000018,0.000018
AACCGCTAAGGGATGC-1,0.328239,0.39564,0.058066,0.16448,0.053575
AACCGTTGTGTTTGCT-1,0.533257,0.46665,0.000031,0.000031,0.000031
AACCTAAAGCCGTCCG-1,0.380295,0.54047,0.079148,0.000043,0.000043
AACCTCGCTTTAGCCC-1,0.045154,0.088934,0.79707,0.010783,0.058059
AACCTGTCACGGAATT-1,0.327004,0.481874,0.021691,0.000012,0.169419
AACCTTTAAATACGGT-1,0.28808,0.099666,0.363795,0.000012,0.248446
AACCTTTACGACGTCT-1,0.15265,0.676103,0.090495,0.011472,0.069279
AACGAAAGTCGTCCCA-1,0.00008,0.198333,0.61067,0.190699,0.000217
AACGACCTCCTAGCCG-1,0.025418,0.081813,0.892722,0.000023,0.000023
AACGATAATGCCGTAG-1,0.000215,0.231495,0.768183,0.000054,0.000054
AACGATAGAAGGGCCG-1,0.441475,0.51748,0.000022,0.000022,0.041001
AACGATATGTCAACTG-1,0.169716,0.830196,0.000029,0.000029,0.000029
AACGCATGATCTGGGT-1,0.395745,0.548963,0.054113,0.001037,0.000142
AACGCGAACGGCAACA-1,0.026764,0.946103,0.000031,0.000031,0.027071
AACGCGACCTTGGGCG-1,0.043452,0.045747,0.353926,0.547971,0.008905
AACGCGGTCTCCAGCC-1,0.675966,0.164197,0.000016,0.002419,0.157402
AACGCTGTTGCTGAAA-1,0.000171,0.222332,0.77636,0.001095,0.000043
AACGGACGTACGTATA-1,0.00015,0.656093,0.343682,0.000038,0.000038
AACGGCCATCTCCGGT-1,0.043145,0.167861,0.198174,0.127604,0.463217
AACGTACTGTGGGTAC-1,0.242311,0.442027,0.22639,0.089236,0.000036
AACGTAGTCTACCCAT-1,0.007893,0.946897,0.045124,0.000043,0.000043
AACGTCAGACTAGTGG-1,0.406525,0.593392,0.000027,0.000027,0.000027
AACGTCATCCGGCTTG-1,0.000121,0.197529,0.80229,0.00003,0.00003
AACGTCGCTGCACTTC-1,0.298363,0.001994,0.662036,0.000015,0.037593
AACGTGATGAAGGACA-1,0.792563,0.207365,0.000024,0.000024,0.000024
AACGTGCGAAAGTCTC-1,0.104484,0.854374,0.037194,0.003922,0.000026
AACGTTATCAGCACCT-1,0.657912,0.285668,0.027361,0.00193,0.02713
AACGTTCTACCATTGT-1,0.183224,0.157473,0.630645,0.027068,0.00159
AACTACCCGTTTGTCA-1,0.011454,0.834897,0.077822,0.07579,0.000037
AACTAGCGTATCGCAC-1,0.175259,0.810062,0.014645,0.000017,0.000017
AACTAGGCTTGGGTGT-1,0.01763,0.48471,0.497568,0.000046,0.000046
AACTCAAGTTAATTGC-1,0.852846,0.010889,0.000011,0.001369,0.134884
AACTCCAGAGCGTGTT-1,0.00039,0.236609,0.762806,0.000097,0.000097
AACTCCTAATCCCATG-1,0.319865,0.679943,0.000028,0.000028,0.000138
AACTCGATAAACACGT-1,0.041959,0.957975,0.000022,0.000022,0.000022
AACTCGATGGCGCAGT-1,0.396823,0.453508,0.000029,0.000029,0.149612
AACTCTCAATAGAGCG-1,0.762031,0.236543,0.001404,0.000011,0.000011
AACTCTCAGTGTGCTC-1,0.000286,0.286234,0.578042,0.135367,0.000071
AACTGAGGTCAGCGTC-1,0.786678,0.135693,0.000024,0.000024,0.077581
AACTGAGTTATACTGA-1,0.046045,0.761932,0.166856,0.025123,0.000044
AACTGATATTAGGCCT-1,0.480516,0.519391,0.000031,0.000031,0.000031
AACTGGGTCCCGACGT-1,0.2545,0.745402,0.000033,0.000033,0.000033
AACTGGGTTCGAGCCG-1,0.000296,0.999481,0.000074,0.000074,0.000074
AACTGGTGTGGGCCTT-1,0.035613,0.96429,0.000033,0.000033,0.000033
AACTTCTGCGTCTATC-1,0.000162,0.999717,0.00004,0.00004,0.00004
AACTTGCCCGTATGCA-1,0.294406,0.647446,0.000033,0.034136,0.02398
AACTTGCGTTCTCGCG-1,0.000261,0.974671,0.007364,0.000065,0.017638
AACTTTACGGGAGCTT-1,0.265881,0.658437,0.007773,0.010797,0.057112
AACTTTAGCTGCTGAG-1,0.000148,0.999741,0.000037,0.000037,0.000037
AACTTTCTCGATCATG-1,0.884619,0.112212,0.000009,0.000009,0.00315
AAGAAAGTTTGATGGG-1,0.000226,0.298441,0.615191,0.086084,0.000057
AAGAAATCACCAGATT-1,0.735247,0.229894,0.000008,0.000008,0.034845
AAGAAGGATCAGTTAG-1,0.08259,0.917201,0.00007,0.00007,0.00007
AAGACATACGTGGTTT-1,0.286807,0.001178,0.573758,0.017582,0.120675
AAGACCAAATAACTCA-1,0.433099,0.171788,0.251019,0.082704,0.061391
AAGACCCAACTGAACA-1,0.159667,0.093925,0.516033,0.23034,0.000035
AAGACTAACCCGTTGT-1,0.04651,0.91742,0.000036,0.000036,0.035998
AAGACTGCAAGCTACT-1,0.01253,0.933429,0.05396,0.00004,0.00004
AAGAGATGAATCGGTA-1,0.342547,0.624901,0.014778,0.00006,0.017713
AAGAGCTCTTTATCGG-1,0.185658,0.814215,0.000042,0.000042,0.000042
AAGAGGATGTACGCGA-1,0.468553,0.531384,0.000021,0.000021,0.000021
AAGAGGCATGGATCGC-1,0.000192,0.48448,0.000048,0.102747,0.412533
AAGAGGCCCTTTGGAA-1,0.000207,0.113379,0.641687,0.244675,0.000052
AAGATGGCACCGGACC-1,0.315812,0.104855,0.462928,0.072219,0.044186
AAGATTGGCGGAACGT-1,0.795926,0.102203,0.000009,0.00832,0.093542
AAGCACCCTGCGTATC-1,0.000174,0.093873,0.905867,0.000043,0.000043
AAGCATACTCTCCTGA-1,0.002654,0.28987,0.707415,0.00003,0.00003
AAGCCACTTGCAGGTA-1,0.000091,0.153649,0.846214,0.000023,0.000023
AAGCCGAAGCGGTTTA-1,0.00025,0.672782,0.130285,0.196621,0.000062
AAGCCGCCGTGAAATC-1,0.017455,0.325658,0.597826,0.059032,0.000029
AAGCCGCTTTACCTTG-1,0.166126,0.690059,0.08692,0.00002,0.056875
AAGCCGGAGAGCAGGA-1,0.055903,0.21446,0.649687,0.072468,0.007482
AAGCGCAGGGCTTTGA-1,0.0002,0.121977,0.831614,0.046158,0.00005
AAGCGGAGTGCGCGCA-1,0.40342,0.596532,0.000016,0.000016,0.000016
AAGCGGCGTCATGGGT-1,0.607298,0.392599,0.000034,0.000034,0.000034
AAGCGTCCCTCATCGA-1,0.000169,0.255355,0.596344,0.14809,0.000042
AAGCTAGATCGAGTAA-1,0.000181,0.15476,0.484024,0.360991,0.000045
AAGCTCGTGCCAAGTC-1,0.767983,0.057574,0.008258,0.00001,0.166174
AAGCTCTTTCATGGTG-1,0.000263,0.10399,0.516836,0.378846,0.000066
AAGGAGAACTTATAAG-1,0.000202,0.987402,0.00005,0.00005,0.012295
AAGGAGCGGTTGGTGC-1,0.224442,0.694376,0.030447,0.002122,0.048614
AAGGATCGATCGCTTG-1,0.624187,0.297269,0.000022,0.048808,0.029714
AAGGATGAGGGACCTC-1,0.717394,0.231743,0.00001,0.00001,0.050842
AAGGCAGGCTGTCTCC-1,0.827662,0.148655,0.019448,0.003235,0.001
AAGGCGCGTAAAGCTT-1,0.178089,0.821837,0.000025,0.000025,0.000025
AAGGCTGTGCTCATCG-1,0.171277,0.776185,0.052459,0.000039,0.000039
AAGGGAACGACTGGCT-1,0.000147,0.141227,0.527068,0.331521,0.000037
AAGGGACAGATTCTGT-1,0.260085,0.73815,0.000019,0.001728,0.000019
AAGGGACTATGCATTC-1,0.450463,0.029146,0.287379,0.172973,0.060039
AAGGGTTAGCCATGCG-1,0.033213,0.02759,0.939139,0.000029,0.000029
AAGGTATCCTAATATA-1,0.748793,0.251178,0.00001,0.00001,0.00001
AAGGTGATAAACCAGC-1,0.341617,0.496397,0.008853,0.136619,0.016513
AAGTAAGCTTCCAAAC-1,0.006102,0.900945,0.021186,0.000024,0.071743
AAGTAGAAGACCGGGT-1,0.633681,0.349489,0.000021,0.000021,0.016789
AAGTAGTGACGCGAGG-1,0.534536,0.412724,0.052689,0.000026,0.000026
AAGTCAATTGTCGTCA-1,0.282869,0.347692,0.010518,0.085863,0.273057
AAGTCTAGTAGCTGCC-1,0.602743,0.397218,0.000013,0.000013,0.000013
AAGTGACGACCGAATT-1,0.000152,0.952989,0.046782,0.000038,0.000038
AAGTGAGTCGGGTTTA-1,0.000374,0.000374,0.273787,0.725372,0.000093
AAGTGCAAAGGTAGAC-1,0.269823,0.73011,0.000022,0.000022,0.000022
AAGTGCCTTGACTGTA-1,0.592461,0.329982,0.00003,0.046359,0.031168
AAGTGCGTTAGAATCT-1,0.082052,0.315627,0.347916,0.047425,0.206979
AAGTGCTTCTCTATTG-1,0.00006,0.00006,0.786849,0.17968,0.033351
AAGTGTTTGGAGACGG-1,0.000182,0.309195,0.571758,0.118819,0.000046
AAGTTCACTCCAAGCT-1,0.119329,0.086405,0.783343,0.010878,0.000045
AAGTTCAGTCTGCGTA-1,0.950444,0.014947,0.000009,0.006704,0.027896
AAGTTCGGCCAACAGG-1,0.123867,0.695717,0.162259,0.018124,0.000033
AAGTTGTGATGTTATA-1,0.000141,0.187335,0.809023,0.003465,0.000035
AAGTTTACTAATGGCA-1,0.000225,0.961092,0.000056,0.016221,0.022406
AAGTTTATGGGCCCAA-1,0.003168,0.014503,0.982295,0.000017,0.000017
AATAACAACGCTCGGC-1,0.331863,0.668076,0.00002,0.00002,0.00002
AATAACACTAGAACAA-1,0.002602,0.109867,0.591994,0.127194,0.168343
AATAACGTCGCGCCCA-1,0.000083,0.089385,0.769807,0.004338,0.136387
AATAAGTCCTCGAGAC-1,0.000165,0.956798,0.000041,0.00742,0.035576
AATAATCTTCGTATCG-1,0.050047,0.318648,0.630583,0.000024,0.000697
AATACAATGTTTCAGG-1,0.182006,0.801588,0.000028,0.016351,0.000028
AATACCGGAGGGCTGT-1,0.000091,0.260073,0.595373,0.110607,0.033856
AATACCTGATGTGAAC-1,0.015858,0.152802,0.752471,0.000012,0.078857
AATAGAACAGAGTGGC-1,0.000288,0.18746,0.349723,0.462457,0.000072
AATAGAATCTGTTTCA-1,0.155051,0.323215,0.000602,0.469955,0.051177
AATAGCAAGCCTCCTG-1,0.364518,0.331058,0.000027,0.000027,0.304369
AATAGCTACCGCGTGC-1,0.153986,0.799078,0.04689,0.000023,0.000023
AATAGGCACGACCCTT-1,0.000114,0.000114,0.798901,0.200842,0.000029
AATAGTCCGTCCCGAC-1,0.208909,0.099598,0.637079,0.054386,0.000027
AATAGTCGCGAGTCGG-1,0.343469,0.626317,0.016544,0.010558,0.003113
AATATCAAGGTCGGAT-1,0.503157,0.496792,0.000017,0.000017,0.000017
AATATCGAATCAATGC-1,0.235095,0.61738,0.135989,0.0115,0.000036
AATATCGAGGGTTCTC-1,0.210147,0.667989,0.121819,0.000022,0.000022
AATATTGGAGTATTGA-1,0.255085,0.709357,0.005935,0.000022,0.0296
AATCAGACTGCAGGAC-1,0.270314,0.729587,0.000033,0.000033,0.000033
AATCAGGTTTCATTTA-1,0.000119,0.026882,0.69848,0.27449,0.00003
AATCATGTAAAGACTC-1,0.000144,0.29263,0.320801,0.245689,0.140734
AATCCAAGGGCCTGAG-1,0.872218,0.108257,0.000009,0.000009,0.019507
AATCCATGCAAGGGTG-1,0.441345,0.488739,0.000026,0.003686,0.066204
AATCCCGCTCAGAGCC-1,0.095038,0.124196,0.722679,0.009881,0.048205
AATCGAGGTCTCAAGG-1,0.000076,0.088158,0.860665,0.000019,0.051081
AATCGCCTCAGCGCCA-1,0.000159,0.973004,0.00276,0.024038,0.00004
AATCGCGCAGAGGACT-1,0.216714,0.733032,0.000017,0.000017,0.050219
AATCGGGACACTACGA-1,0.445276,0.554633,0.00003,0.00003,0.00003
AATCGGTATAGCCCTC-1,0.002464,0.029809,0.842763,0.067247,0.057717
AATCGTGAGCCGAGCA-1,0.000149,0.123389,0.683453,0.192972,0.000037
AATCTAGGTTTACTTG-1,0.023419,0.354996,0.105754,0.404843,0.110989
AATCTATGCCGGAGCC-1,0.215777,0.784156,0.000022,0.000022,0.000022
AATCTCTACTGTGGTT-1,0.109211,0.539688,0.000023,0.039313,0.311765
AATCTGCGTTGGGACG-1,0.236932,0.747084,0.015935,0.000024,0.000024
AATCTGGCTTTCTAGT-1,0.00014,0.00014,0.724541,0.274207,0.000972
AATCTGGGTAGACCCT-1,0.000305,0.898073,0.101469,0.000076,0.000076
AATGACAGCAATGTCT-1,0.250881,0.355243,0.393835,0.00002,0.00002
AATGACGTAGGATGTC-1,0.447413,0.520945,0.005539,0.026075,0.000028
AATGACTGTCAGCCGG-1,0.532136,0.467796,0.000023,0.000023,0.000023
AATGAGTTCGCATATG-1,0.418218,0.551072,0.000031,0.000031,0.030648
AATGATGATACGCTAT-1,0.456141,0.501592,0.000016,0.001514,0.040737
AATGATGCGACTCCTG-1,0.811705,0.188271,0.000008,0.000008,0.000008
AATGCAACCGGGTACC-1,0.836961,0.153065,0.000013,0.000013,0.009948
AATGCACCAAGCAATG-1,0.395129,0.604748,0.000041,0.000041,0.000041
AATGGCCGCCAATGCG-1,0.144775,0.833519,0.019426,0.002245,0.000035
AATGGTCCACCGTTCA-1,0.433909,0.506676,0.014705,0.020386,0.024325
AATGGTTCTCACAAGC-1,0.48643,0.39962,0.00003,0.00003,0.113891
AATGTATGGCACTGTA-1,0.000152,0.000152,0.149432,0.850227,0.000038
AATGTGCCCGAGGTGT-1,0.000161,0.204817,0.567875,0.199947,0.0272
AATGTGCTAATCTGAG-1,0.000192,0.149859,0.670882,0.17902,0.000048
AATGTTAAGACCCTGA-1,0.099065,0.016558,0.881668,0.000009,0.0027
AATGTTGTCGTGAGAC-1,0.00006,0.062515,0.812576,0.00401,0.120839
AATTAAAGGTCGGCGT-1,0.000381,0.595242,0.000095,0.068088,0.336194
AATTAACGGATTTCCA-1,0.000399,0.061323,0.510163,0.428016,0.0001
AATTACGAGACCCATC-1,0.004439,0.28272,0.577309,0.11565,0.019882
AATTACTCGTACGCTC-1,0.012403,0.976787,0.000023,0.000023,0.010764
AATTAGCGCTGCAGCG-1,0.000305,0.346204,0.647522,0.005893,0.000076
AATTATACCCAGCAAG-1,0.627336,0.000042,0.372065,0.000011,0.000546
AATTCATAAGGGATCT-1,0.48233,0.514986,0.00002,0.002645,0.00002
AATTCATTGTCATGCA-1,0.433996,0.185347,0.263194,0.092405,0.025058
AATTCCAACTTGGTGA-1,0.00196,0.997954,0.000028,0.000028,0.000028
AATTCCAAGCATGTAC-1,0.018274,0.13644,0.781247,0.064008,0.000031
AATTCGATTCGAGGAT-1,0.000207,0.073961,0.893608,0.032172,0.000052
AATTCTAGAGTTAGGC-1,0.000153,0.306769,0.492111,0.034289,0.166678
AATTGAACGCTCTGGT-1,0.322224,0.515735,0.159423,0.002585,0.000033
AATTGCAGCAATCGAC-1,0.004815,0.135613,0.846153,0.003297,0.010122
AATTGCGTGGATTACA-1,0.034167,0.043633,0.421456,0.500713,0.00003
AATTGTGGTTGCCAAA-1,0.212067,0.197238,0.142546,0.393809,0.054341
AATTTGGGACATAGTA-1,0.541918,0.457992,0.00003,0.00003,0.00003
AATTTGGTTCCAAAGA-1,0.791414,0.185764,0.000017,0.000017,0.022787
ACAAACCATGCGTCCT-1,0.00009,0.013512,0.711715,0.27466,0.000023
ACAAACCGACAAGGCG-1,0.296314,0.642614,0.033826,0.001089,0.026157
ACAAACTCCATCAGAG-1,0.000111,0.003682,0.843957,0.152223,0.000028
ACAAAGAAGGTAGGCC-1,0.268046,0.388362,0.301014,0.021433,0.021145
ACAAAGCATGACCTAG-1,0.180917,0.026223,0.792832,0.000014,0.000014
ACAAATCGCACCGAAT-1,0.00026,0.499185,0.413155,0.087336,0.000065
ACAAATGGTAGTGTTT-1,0.373421,0.571763,0.00004,0.054735,0.00004
ACAAATTCAGATCTGA-1,0.257962,0.735584,0.006385,0.000034,0.000034
ACAACAGCATGAGCTA-1,0.640568,0.341975,0.000021,0.000021,0.017416
ACAACGGTCCCTGCGA-1,0.522878,0.450228,0.000017,0.000017,0.026859
ACAAGCAGTGCCTAGC-1,0.002376,0.970294,0.027256,0.000037,0.000037
ACAAGGAAATCCGCCC-1,0.00072,0.357911,0.214756,0.426433,0.00018
ACAAGGACAAGAGGTT-1,0.379277,0.585357,0.001121,0.002617,0.031628
ACAAGGATGCTTTAGG-1,0.000252,0.370782,0.601986,0.026917,0.000063
ACAAGGCCTACCAGCC-1,0.000244,0.992674,0.000061,0.000061,0.006959
ACAAGGGCAGGCTCTG-1,0.050906,0.861491,0.087522,0.00004,0.00004
ACAAGTAATTGTAAGG-1,0.012582,0.291149,0.696035,0.000022,0.000213
ACAATAGTCGTACGTT-1,0.455151,0.398235,0.052659,0.042856,0.051098
ACAATCCATTTAAACC-1,0.000128,0.9703,0.012247,0.017293,0.000032
ACAATCGATCTTTATA-1,0.000197,0.999655,0.000049,0.000049,0.000049
ACAATGAATACGGAGA-1,0.000128,0.350222,0.649586,0.000032,0.000032
ACAATGATTCTTCTAC-1,0.033673,0.966214,0.000038,0.000038,0.000038
ACAATTGTGTCTCTTT-1,0.416966,0.336895,0.189849,0.056257,0.000034
ACAATTTAGGAGGCTC-1,0.07608,0.923861,0.00002,0.00002,0.00002
ACAATTTGAGCAGTGG-1,0.809607,0.10229,0.000013,0.013295,0.074795
ACAATTTGGCCATATT-1,0.414632,0.390342,0.000031,0.093381,0.101613
ACACAAAGACGGGTGG-1,0.889365,0.097933,0.008156,0.000013,0.004533
ACACAAATATTCCTAG-1,0.851018,0.129956,0.000009,0.000009,0.019008
ACACACCAGGACCAGT-1,0.74533,0.237686,0.001185,0.011757,0.004041
ACACACTTTCTACACG-1,0.667356,0.332546,0.000033,0.000033,0.000033
ACACATGATCAAATCT-1,0.000128,0.055842,0.849918,0.094081,0.000032
ACACATTGACGCAACA-1,0.495057,0.504919,0.000008,0.000008,0.000008
ACACATTTCCGTAGAC-1,0.475557,0.025241,0.442484,0.054662,0.002055
ACACCACATAATTAGC-1,0.539468,0.38023,0.000405,0.00676,0.073137
ACACCCAGCATGCAGC-1,0.423033,0.472927,0.01672,0.000025,0.087295
ACACCCGAGAAATCCG-1,0.003225,0.970968,0.000036,0.000036,0.025735
ACACCGAGCGCTCTTT-1,0.34539,0.539999,0.039122,0.021342,0.054147
ACACCGGTCTGACCGC-1,0.000085,0.07026,0.73173,0.168621,0.029305
ACACCTTAAGTAGGGC-1,0.52429,0.435,0.000022,0.019837,0.02085
ACACCTTACTACTTGC-1,0.048955,0.949133,0.001855,0.000029,0.000029
ACACGAGACTCCTTCT-1,0.415331,0.453945,0.000026,0.000026,0.130672
ACACGGCACTATGCAT-1,0.343486,0.656443,0.000024,0.000024,0.000024
ACACGGGAACTTAGGG-1,0.745393,0.098184,0.000011,0.013263,0.143149
ACACGTAGGCCACAAG-1,0.230068,0.072704,0.568757,0.12543,0.003041
ACACTCCAATGTCACT-1,0.000343,0.9994,0.000086,0.000086,0.000086
ACACTGATCAAGGTGT-1,0.000392,0.178554,0.613361,0.207596,0.000098
ACACTGGGACAGTCGT-1,0.000068,0.243674,0.655524,0.000017,0.100717
ACAGAACTGAGAACAA-1,0.003029,0.388716,0.284729,0.323501,0.000023
ACAGATTAGGTTAGTG-1,0.427061,0.525976,0.000022,0.000022,0.046918
ACAGCATAGAGCCAGT-1,0.000293,0.999487,0.000073,0.000073,0.000073
ACAGCGACATTCTCAT-1,0.071248,0.000113,0.305216,0.59954,0.023884
ACAGCGCACCCGCAGC-1,0.310703,0.656482,0.000054,0.000054,0.032706
ACAGGCACGGATCCTT-1,0.013147,0.043962,0.923518,0.002293,0.017079
ACAGGCTTGCCCGACT-1,0.000196,0.507808,0.491898,0.000049,0.000049
ACAGGTGGAGGTGAGG-1,0.00044,0.278868,0.356284,0.364299,0.00011
ACAGTAATACAACTTG-1,0.419487,0.234378,0.178764,0.07302,0.09435
ACAGTATACCGTGGGA-1,0.160863,0.830023,0.000034,0.000034,0.009046
ACATAAGTCGTGGTGA-1,0.000128,0.200043,0.680297,0.1195,0.000032
ACATAATAAGGCGGTG-1,0.283757,0.668795,0.047398,0.000025,0.000025
ACATACAATCAAGCGG-1,0.002506,0.000116,0.781023,0.216326,0.000029
ACATCAGCTGGGACGC-1,0.990885,0.006098,0.000005,0.000005,0.003007
ACATCCCGGCCATACG-1,0.000212,0.199221,0.80046,0.000053,0.000053
ACATCCTGGTAACTGT-1,0.241382,0.55962,0.149682,0.02326,0.026056
ACATCGATCGTTTACC-1,0.455704,0.535568,0.008656,0.000036,0.000036
ACATCGCAATATTCGG-1,0.019786,0.083188,0.50096,0.395992,0.000074
ACATCGGTCAGCCGCG-1,0.070684,0.91457,0.000042,0.014661,0.000042
ACATCGTATGCAATGG-1,0.012325,0.839037,0.148267,0.000328,0.000044
ACATCGTTAACCTAGT-1,0.26793,0.726343,0.000057,0.000057,0.005613
ACATCTCAACGCGTAA-1,0.151198,0.790841,0.010196,0.000028,0.047737
ACATGCTTACGGCAGC-1,0.000071,0.068728,0.702904,0.000657,0.22764
ACATGGCGCCAAAGTA-1,0.218842,0.503462,0.126135,0.025245,0.126315
ACATGGCTCAATTTAG-1,0.370429,0.629514,0.000019,0.000019,0.000019
ACATTAGTTTATATCC-1,0.030166,0.220196,0.749581,0.000029,0.000029
ACATTCGCGCGGAATA-1,0.000136,0.033411,0.592773,0.373646,0.000034
ACATTTGAAACCTAAC-1,0.055028,0.000941,0.943859,0.000008,0.000163
ACCAAACACCCAGCGA-1,0.835979,0.145696,0.00001,0.00001,0.018305
ACCAAACTAGAAATCC-1,0.205701,0.772013,0.00002,0.00002,0.022245
ACCAACACCACACACT-1,0.524758,0.421482,0.000012,0.000012,0.053735
ACCAACCGCACTCCAC-1,0.065736,0.079941,0.664733,0.189571,0.00002
ACCAACGCTTATTTAT-1,0.000301,0.147472,0.743779,0.108373,0.000075
ACCAAGAACGCGTGTC-1,0.44553,0.510421,0.000019,0.000019,0.044011
ACCAAGTCATCGGCAG-1,0.090384,0.025129,0.814863,0.039987,0.029636
ACCAATATGCAAGTTA-1,0.000316,0.038695,0.626834,0.334075,0.000079
ACCACAACTCAGAACA-1,0.064512,0.905044,0.010049,0.000068,0.020327
ACCACAAGTTTCTATC-1,0.766393,0.20029,0.015136,0.018161,0.00002
ACCACACGGTTGATGG-1,0.301091,0.043608,0.655261,0.00002,0.00002
ACCACCAATGTAACAA-1,0.498996,0.465416,0.035558,0.000015,0.000015
ACCACCCTCTCTTCTA-1,0.940588,0.029056,0.000008,0.021545,0.008803
ACCACGTGCAGCTATA-1,0.258083,0.446311,0.144564,0.150915,0.000128
ACCACTGTTCAAGAAG-1,0.463711,0.511249,0.004569,0.000011,0.020461
ACCAGCCCGGTCTTTG-1,0.000144,0.984518,0.000036,0.000036,0.015266
ACCAGGAGTGTGATCT-1,0.05543,0.94445,0.00004,0.00004,0.00004
ACCAGTGCCCGGTCAA-1,0.311654,0.688213,0.000044,0.000044,0.000044
ACCAGTGCGGGAGACG-1,0.203331,0.460841,0.315421,0.020358,0.000049
ACCATATCCGCAATAA-1,0.529775,0.332085,0.000023,0.000023,0.138094
ACCATCCGCCAACTAG-1,0.001389,0.604028,0.195155,0.000016,0.199412
ACCATCGTATATGGTA-1,0.043078,0.786189,0.000061,0.020544,0.150128
ACCATTAAGGGTGTCA-1,0.125795,0.874142,0.000021,0.000021,0.000021
ACCCAACGCCCGTGGC-1,0.22543,0.737315,0.000017,0.000018,0.03722
ACCCACCTACATGCTC-1,0.597239,0.394053,0.006736,0.001609,0.000363
ACCCATCTTGAGGGTA-1,0.295292,0.7027,0.001938,0.000035,0.000035
ACCCATTTGTCCCTCT-1,0.008161,0.101434,0.619565,0.270792,0.000048
ACCCGAGCGAAATTAC-1,0.315295,0.211575,0.436897,0.000021,0.036213
ACCCGATTGGTTCCGA-1,0.0001,0.063821,0.456307,0.469723,0.010049
ACCCGGAAACTCCCAG-1,0.000283,0.05802,0.522185,0.419441,0.000071
ACCCGGAGCACCACAA-1,0.001873,0.04736,0.944747,0.005997,0.000022
ACCCGGATGACGCATC-1,0.146806,0.837699,0.015438,0.000029,0.000029
ACCCGGTTACACTTCC-1,0.71356,0.184759,0.000018,0.018781,0.082882
ACCCGTAGCAGAGAAT-1,0.00012,0.315319,0.637209,0.047319,0.000032
ACCCGTAGTCTAGTTG-1,0.000172,0.000172,0.658429,0.341184,0.000043
ACCCGTGTCATCAGTA-1,0.00016,0.230256,0.769503,0.00004,0.00004
ACCCTATAGGACTGAG-1,0.20535,0.784018,0.000039,0.000039,0.010553
ACCCTATGCCATATCG-1,0.00024,0.36239,0.616395,0.020914,0.00006
ACCCTCCCGTCAGGGC-1,0.019032,0.021313,0.959629,0.000013,0.000013
ACCCTCCCTTGCTATT-1,0.000288,0.12086,0.101134,0.777646,0.000072
ACCCTGGTAACGCCCT-1,0.559808,0.354523,0.07806,0.000015,0.007594
ACCCTTCATCTGCGAA-1,0.742299,0.227665,0.011098,0.000023,0.018915
ACCCTTGCCTGGGTCG-1,0.342653,0.637681,0.019622,0.000023,0.000023
ACCCTTTAGTTCTCCA-1,0.000266,0.728149,0.000054,0.000054,0.271477
ACCGAAAGGGCCCTGC-1,0.310816,0.461571,0.052658,0.000019,0.174936
ACCGAAGAGTCTGGTT-1,0.000169,0.000169,0.491375,0.508245,0.000042
ACCGACACATCTCCCA-1,0.275439,0.302291,0.325509,0.096671,0.00009
ACCGACTGAGTCCCAC-1,0.87084,0.000873,0.000007,0.000007,0.128272
ACCGAGTCTCCTTATT-1,0.000047,0.000047,0.905709,0.070128,0.024068
ACCGATAGGCATAACC-1,0.000175,0.121434,0.665066,0.213281,0.000044
ACCGATATTTAATCAT-1,0.269892,0.131211,0.192013,0.004832,0.402052
ACCGATGGTAGCATCG-1,0.166904,0.689765,0.000027,0.000027,0.143277
ACCGCAATAACTGCCT-1,0.554328,0.055424,0.098746,0.266603,0.024899
ACCGCGGTGGAAGTCG-1,0.30518,0.191621,0.022347,0.020647,0.460206
ACCGCTAGTCATTGGT-1,0.00774,0.164161,0.656534,0.048526,0.123039
ACCGGGCCTTTGTTGA-1,0.297951,0.486306,0.149902,0.065799,0.000041
ACCGGTCAGGTACACC-1,0.000128,0.000128,0.804476,0.195236,0.000032
ACCGGTCTGAGTACGG-1,0.004167,0.786359,0.000045,0.000045,0.209383
ACCGTGACCACGTGGG-1,0.000096,0.154249,0.838808,0.006823,0.000024
ACCGTTCCCGCTCTGA-1,0.32577,0.612624,0.000019,0.017301,0.044286
ACCTAAGTACCTTTCA-1,0.000093,0.181347,0.816506,0.002031,0.000023
ACCTAATCGACTTCCT-1,0.230558,0.705502,0.063863,0.000039,0.000039
ACCTACAGTATGTGGT-1,0.474962,0.306177,0.000014,0.004297,0.214549
ACCTACTATAAATCTA-1,0.000088,0.000088,0.810484,0.128802,0.060537
ACCTCAGCGAGGCGCA-1,0.000122,0.029293,0.951562,0.018992,0.000031
ACCTCCGCCCTCGCTG-1,0.123698,0.156784,0.502402,0.000023,0.217093
ACCTCCGTTATTCACC-1,0.290477,0.626631,0.028866,0.000091,0.053935
ACCTCGAACTTATGCT-1,0.00007,0.00007,0.795175,0.204668,0.000017
ACCTGCGTGTCATGTT-1,0.238065,0.389538,0.155717,0.002293,0.214387
ACCTTTCCTTTAGAAG-1,0.240933,0.709939,0.049063,0.000033,0.000033
ACGAAATGGGCGGCAC-1,0.226734,0.773181,0.000029,0.000029,0.000029
ACGACCCATGAGTTGC-1,0.085106,0.062674,0.815632,0.000016,0.036572
ACGACTCTAGGGCCGA-1,0.010926,0.068292,0.920745,0.000019,0.000019
ACGACTGGTCATACTC-1,0.002892,0.094986,0.730983,0.166891,0.004248
ACGAGAACCCATCACG-1,0.000208,0.985389,0.000052,0.000052,0.014299
ACGAGATATTTGCTTA-1,0.072278,0.865242,0.000075,0.000075,0.062331
ACGAGGATACCACTCT-1,0.000154,0.370859,0.628911,0.000038,0.000038
ACGAGGTTTACAACGT-1,0.141051,0.006638,0.607895,0.244314,0.000103
ACGAGTACGGATGCCC-1,0.27314,0.687166,0.002023,0.000022,0.037649
ACGAGTCGCCGGCGTT-1,0.021807,0.978127,0.000022,0.000022,0.000022
ACGATACATAGAACTA-1,0.147739,0.71543,0.136785,0.000023,0.000023
ACGATCATACATAGAG-1,0.177217,0.71137,0.000073,0.039408,0.071932
ACGATCATCTTGTAAA-1,0.093186,0.827625,0.016974,0.000026,0.062189
ACGATGCATATGTTAT-1,0.479474,0.520458,0.000023,0.000023,0.000023
ACGATGGATCCGATGC-1,0.826776,0.173151,0.000024,0.000024,0.000024
ACGCAAACTAATAGAT-1,0.055526,0.192772,0.319736,0.431892,0.000074
ACGCAATCACTACAGC-1,0.282801,0.698639,0.017532,0.001006,0.000023
ACGCATAAATGACATG-1,0.000341,0.999404,0.000085,0.000085,0.000085
ACGCATACGTTTACTA-1,0.000113,0.302887,0.663209,0.007351,0.026439
ACGCATTCGTGAGTAC-1,0.000162,0.999716,0.000041,0.000041,0.000041
ACGCCACTCGAAACAG-1,0.000078,0.176995,0.796444,0.002975,0.023508
ACGCCAGATGATTTCT-1,0.46932,0.530557,0.000041,0.000041,0.000041
ACGCCAGTGCGTTTGC-1,0.008926,0.000063,0.91358,0.066847,0.010583
ACGCCCAGCTGTCGAT-1,0.366501,0.568455,0.000025,0.000025,0.064995
ACGCCGCTAGACGACC-1,0.00025,0.555431,0.0281,0.249524,0.166696
ACGCGAAGTCAGACGA-1,0.075465,0.212218,0.692559,0.01391,0.005849
ACGCGCTACACAGGGT-1,0.000188,0.930808,0.034072,0.034886,0.000047
ACGCGGGCCAAGGACA-1,0.168739,0.77333,0.000865,0.03652,0.020546
ACGCGTTTCTTAAGAG-1,0.363812,0.387464,0.157447,0.023572,0.067706
ACGCTACTGAATGGGC-1,0.003913,0.158635,0.837401,0.000025,0.000025
ACGCTAGTGATACACT-1,0.867239,0.011006,0.000007,0.000811,0.120936
ACGCTGTGAGGCGTAG-1,0.402832,0.57297,0.000014,0.000014,0.02417
ACGCTTAGTGTCTCTC-1,0.184035,0.739819,0.07584,0.000195,0.000111
ACGGAACACGAGTGCC-1,0.000067,0.014574,0.813522,0.019961,0.151876
ACGGAATTTAGCAAAT-1,0.000234,0.99959,0.000059,0.000059,0.000059
ACGGACGCAGCGACAA-1,0.000079,0.011894,0.770466,0.204314,0.013248
ACGGACTCTCAAAGCG-1,0.000123,0.296293,0.674102,0.000031,0.029452
ACGGAGCGCAAATTAC-1,0.463217,0.519219,0.017528,0.000018,0.000018
ACGGATGGTGCGGATA-1,0.00025,0.182927,0.715323,0.101436,0.000063
ACGGCACTTGCTTGGG-1,0.000121,0.370132,0.587308,0.00003,0.042408
ACGGCCAACATGGACT-1,0.000249,0.186272,0.550276,0.263141,0.000062
ACGGCGACGATGGGAA-1,0.000342,0.082437,0.145701,0.771434,0.000086
ACGGCGGGTTGCCCTG-1,0.338058,0.578981,0.000026,0.002764,0.080172
ACGGCTGGATGTAGAA-1,0.000916,0.075308,0.674925,0.248826,0.000025
ACGGGAGTGTCGGCCC-1,0.000119,0.453814,0.546007,0.00003,0.00003
ACGGGCGTATGCGACA-1,0.327758,0.672193,0.000016,0.000016,0.000016
ACGGGTCATGTGACTT-1,0.000113,0.999802,0.000028,0.000028,0.000028
ACGGGTTGTGACCTGT-1,0.000161,0.231797,0.70742,0.060582,0.00004
ACGGTACAGTTCAATG-1,0.014072,0.104403,0.869364,0.004523,0.007637
ACGGTCACCGAGAACA-1,0.06619,0.15341,0.629459,0.123452,0.027489
ACGTACAGATTTCTCT-1,0.595776,0.38973,0.014402,0.000046,0.000046
ACGTACTTTGGCACGG-1,0.000134,0.000134,0.699851,0.299847,0.000034
ACGTAGATTGCTGATG-1,0.707784,0.241224,0.00002,0.009394,0.041578
ACGTAGGAGAGTCGCT-1,0.214036,0.040276,0.592381,0.051902,0.101404
ACGTATTACTCCGATC-1,0.09532,0.785822,0.042401,0.050187,0.026271
ACGTCCTAAACGAGAT-1,0.364434,0.574874,0.057827,0.000024,0.00284
ACGTCTCGTTCCGGGA-1,0.044466,0.673387,0.216493,0.048166,0.017488
ACGTGCGCCTCGTGCA-1,0.376242,0.605989,0.000035,0.000035,0.017698
ACGTGGTCGAATGTGC-1,0.000351,0.999386,0.000088,0.000088,0.000088
ACGTTAATGTCGAAGA-1,0.084322,0.902648,0.000045,0.012939,0.000045
ACGTTAGATTTGCCCG-1,0.445994,0.553899,0.000036,0.000036,0.000036
ACGTTATTGGTCACTC-1,0.210639,0.78926,0.000034,0.000034,0.000034
ACGTTCACTATGCCGC-1,0.000087,0.009845,0.812812,0.096308,0.080947
ACGTTCCGCGCTCCGT-1,0.035421,0.964477,0.000034,0.000034,0.000034
ACGTTCGCAATCAATT-1,0.518058,0.458394,0.023519,0.000015,0.000015
ACGTTCGTTCAGGAAA-1,0.229436,0.210586,0.450827,0.109121,0.000029
ACGTTCTGTACAAGTC-1,0.000107,0.055941,0.913598,0.030328,0.000027
ACGTTGTCGTTGAAAG-1,0.000188,0.128183,0.799919,0.071663,0.000047
ACGTTTAGTTGTGATC-1,0.487673,0.51222,0.000036,0.000036,0.000036
ACGTTTCGGTGCACTT-1,0.19182,0.018076,0.790039,0.000033,0.000033
ACTAAGGACGCACACC-1,0.23944,0.721231,0.029644,0.000045,0.009641
ACTAATACGTCAGGCG-1,0.258324,0.725256,0.01634,0.00004,0.00004
ACTACAAAGAGAGGTG-1,0.000104,0.000104,0.645847,0.353918,0.000026
ACTACATCCCGACAAG-1,0.283,0.061284,0.357085,0.162272,0.136358
ACTACCAGCTCTCTGG-1,0.472085,0.398347,0.00003,0.003455,0.126082
ACTACCATCCGAGGGC-1,0.000101,0.243883,0.558077,0.197914,0.000025
ACTACGCGTTAGAATT-1,0.000141,0.174994,0.822405,0.002425,0.000035
ACTAGTTGCGATCGTC-1,0.262464,0.246021,0.206045,0.098541,0.18693
ACTATATGCTGTGTTC-1,0.519768,0.473797,0.00631,0.000063,0.000063
ACTATCCAGGGCATGG-1,0.304229,0.69569,0.000027,0.000027,0.000027
ACTATCTGCCCGCGTA-1,0.00014,0.350644,0.649146,0.000035,0.000035
ACTATGTCCAGCTGCC-1,0.000091,0.374981,0.412209,0.048195,0.164524
ACTATTCGTCCGTGGT-1,0.4351,0.564804,0.000032,0.000032,0.000032
ACTATTTCCGGGCCCA-1,0.139314,0.294325,0.526967,0.03812,0.001274
ACTCAACGAATGTATT-1,0.721481,0.275147,0.000016,0.000016,0.00334
ACTCAAGTGCAAGGCT-1,0.036696,0.130076,0.823528,0.007396,0.002304
ACTCAATAAAGGCACG-1,0.045366,0.954553,0.000027,0.000027,0.000027
ACTCAGACCTGCTTCT-1,0.0574,0.942443,0.000052,0.000052,0.000052
ACTCATGGCAGCCTTC-1,0.000468,0.000088,0.948625,0.050797,0.000022
ACTCCAATATCATCAT-1,0.000126,0.042399,0.71035,0.247094,0.000031
ACTCCCATTCCTAAAG-1,0.612858,0.073033,0.000671,0.148027,0.165411
ACTCCCGAATTCGTTT-1,0.503779,0.496163,0.00002,0.00002,0.00002
ACTCCCGTAGACTAGG-1,0.040628,0.959302,0.000023,0.000023,0.000023
ACTCCCTAATGCTAAA-1,0.000135,0.142393,0.521963,0.261596,0.073913
ACTCCCTAGAATAGTA-1,0.121969,0.528382,0.219915,0.129621,0.000114
ACTCCGGCCGACCACT-1,0.013197,0.144092,0.84267,0.00002,0.00002
ACTCGATGTATTTCAT-1,0.108529,0.883123,0.008297,0.000025,0.000025
ACTCGCCGTTCGATAA-1,0.001579,0.257862,0.62717,0.008899,0.10449
ACTCGCGATCTGACGC-1,0.739055,0.202105,0.050567,0.001991,0.006281
ACTCGTAACCCGTCCT-1,0.000193,0.446242,0.527334,0.026182,0.000048
ACTCGTCAGTAATCCC-1,0.212714,0.75794,0.00003,0.0171,0.012216
ACTCTCTGACTTAGGT-1,0.538537,0.31771,0.000025,0.000025,0.143702
ACTCTCTTATACACGA-1,0.8478,0.099657,0.000028,0.000028,0.052486
ACTCTGACCTAATAGA-1,0.389015,0.002601,0.532391,0.051944,0.02405
ACTCTTCAGCTCCCGC-1,0.771993,0.167357,0.060633,0.000009,0.000009
ACTCTTGTATAGTAAC-1,0.404567,0.395719,0.000024,0.017345,0.182346
ACTGAAACGCCGTTAG-1,0.133149,0.107701,0.327449,0.431584,0.000117
ACTGAATGGCGAAAGT-1,0.000212,0.691316,0.307191,0.001228,0.000053
ACTGATTTAGTGATTC-1,0.178748,0.806944,0.00007,0.00007,0.014168
ACTGCCCGCCATTCTC-1,0.00018,0.206208,0.493136,0.300431,0.000045
ACTGCCGTCGTAACTC-1,0.687524,0.272639,0.00003,0.00003,0.039777
ACTGCGGACACACCGT-1,0.547517,0.389895,0.007007,0.002823,0.052757
ACTGCTCGGAAGGATG-1,0.000259,0.245795,0.525169,0.228713,0.000065
ACTGGCGAACCTGCGT-1,0.34954,0.510463,0.000026,0.000026,0.139946
ACTGGGATGCCAGTGC-1,0.000102,0.19844,0.541316,0.061499,0.198644
ACTGTACGATACACAT-1,0.431634,0.551417,0.016904,0.000022,0.000022
ACTGTAGCACTTTGGA-1,0.252793,0.747102,0.000035,0.000035,0.000035
ACTGTATACGCGAGCA-1,0.000203,0.967773,0.000051,0.000051,0.031923
ACTGTCCAGGATTATA-1,0.568178,0.426061,0.005715,0.000023,0.000023
ACTGTCTTCTTTAGAA-1,0.810952,0.171432,0.000014,0.000014,0.017589
ACTGTGCTAGTAGATC-1,0.009667,0.990064,0.00009,0.00009,0.00009
ACTGTTTAGTGTAGGC-1,0.000253,0.999557,0.000063,0.000063,0.000063
ACTTACCGGGCGCGCA-1,0.495563,0.472972,0.000022,0.000022,0.031421
ACTTACGCATCCACGC-1,0.000191,0.179751,0.755575,0.064434,0.000048
ACTTAGTACGACAAGA-1,0.654402,0.345542,0.000019,0.000019,0.000019
ACTTATACTTACCCGG-1,0.000126,0.999768,0.000043,0.000031,0.000031
ACTTATCTGATCTATA-1,0.018432,0.780348,0.201029,0.000096,0.000096
ACTTATTAGGATCGGT-1,0.298836,0.656971,0.044101,0.000046,0.000046
ACTTATTTATGTGCCA-1,0.565106,0.052399,0.000013,0.016735,0.365747
ACTTCAGGCTGATCCC-1,0.000216,0.207721,0.60543,0.186579,0.000054
ACTTCCATGCGGGACA-1,0.000149,0.418235,0.579739,0.001839,0.000037
ACTTCGCCATACGCAC-1,0.80467,0.135591,0.026576,0.000013,0.03315
ACTTCGCTAGCGAGTG-1,0.940828,0.059155,0.000006,0.000006,0.000006
ACTTGACTCCCTCTTT-1,0.393606,0.087935,0.110283,0.008908,0.399269
ACTTGCCATATTGTAC-1,0.511515,0.430776,0.00002,0.00002,0.057669
ACTTGGGACCCGGTGG-1,0.531046,0.419535,0.002913,0.001094,0.045412
ACTTGGGCTTTCGCCA-1,0.005989,0.138908,0.852321,0.000027,0.002756
ACTTGTAGTCCCTTCA-1,0.644494,0.315109,0.035481,0.004902,0.000014
ACTTGTGGATGGAACG-1,0.000121,0.421475,0.442182,0.007083,0.129139
ACTTGTTACCGGATCA-1,0.276359,0.021024,0.559124,0.028842,0.114651
ACTTTACCCTCATGAA-1,0.810836,0.066077,0.000011,0.056573,0.066502
ACTTTATACACCACTT-1,0.000147,0.183057,0.789825,0.026934,0.000037
ACTTTCCTATAGCTTC-1,0.188746,0.729654,0.000098,0.081404,0.000098
ACTTTGACTGCATCCT-1,0.655465,0.267062,0.000011,0.000321,0.077141
ACTTTGGTCGTGCTCC-1,0.000268,0.102469,0.628642,0.268554,0.000067
ACTTTGTCGACGCACT-1,0.000211,0.325353,0.458155,0.153924,0.062357
AGAAATTATGACTCGC-1,0.11005,0.401531,0.488372,0.000023,0.000023
AGAACACGGCGATGGT-1,0.279762,0.25339,0.466801,0.000023,0.000023
AGAACCCAGCGTGACA-1,0.088739,0.436061,0.013251,0.154738,0.30721
AGAACCCTCAATTGGG-1,0.174034,0.076598,0.370293,0.379057,0.000018
AGAACGTGGTACATTC-1,0.592748,0.346015,0.019314,0.009531,0.032391
AGAACTGTACTTTGTA-1,0.000157,0.000157,0.877644,0.122003,0.000039
AGAAGAGCGCCGTTCC-1,0.635119,0.312473,0.000172,0.000172,0.052064
AGAAGGTACACTTCAC-1,0.145308,0.413788,0.246585,0.136255,0.058063
AGAAGGTTGCCGAATT-1,0.000238,0.909239,0.020716,0.069747,0.000059
AGAAGGTTGTAGGTCG-1,0.00009,0.088134,0.910028,0.001725,0.000023
AGAAGTGATTCGTGAT-1,0.371031,0.34538,0.134021,0.00067,0.148899
AGAATAAATCTTCAGG-1,0.061819,0.886821,0.035629,0.000015,0.015715
AGAATACAGGCTATCC-1,0.27085,0.000115,0.715111,0.009607,0.004317
AGAATGCGGGTTCGGA-1,0.340223,0.659701,0.000025,0.000025,0.000025
AGAATTATGGATTCGA-1,0.233558,0.76637,0.000024,0.000024,0.000024
AGAATTGTTTGACATA-1,0.340208,0.65969,0.000034,0.000034,0.000034
AGACAGCTCAGAATCC-1,0.127546,0.837122,0.035297,0.000018,0.000018
AGACAGGCATCTCAGC-1,0.010367,0.567592,0.420533,0.001476,0.000031
AGACATAGATCCTTCC-1,0.640719,0.333797,0.000019,0.000019,0.025447
AGACCAAACCACACCT-1,0.04307,0.105792,0.259549,0.591555,0.000033
AGACCATGGGATACAA-1,0.515591,0.425939,0.032875,0.00004,0.025555
AGACCCACCGCTGATC-1,0.352819,0.082737,0.227808,0.053325,0.283311
AGACCCGCCCTCCTCG-1,0.543,0.45695,0.000016,0.000018,0.000016
AGACCGCTCCGCGGTT-1,0.000095,0.251729,0.457501,0.003845,0.28683
AGACCGGGAAACCCTG-1,0.142161,0.74011,0.000019,0.000019,0.117691
AGACGAAGTGCCGGTC-1,0.030492,0.67439,0.167357,0.003966,0.123795
AGACGACGATGCCGCT-1,0.000198,0.271072,0.541911,0.186769,0.00005
AGACGCCCACTTCGCC-1,0.000202,0.17645,0.554529,0.268768,0.000051
AGACGGGATTGGTATA-1,0.071738,0.793111,0.134731,0.000307,0.000113
AGACGGGCCGATTTAA-1,0.65158,0.24472,0.000016,0.000016,0.103667
AGACTAGCCTTCCAGA-1,0.624707,0.318491,0.000021,0.017883,0.038898
AGACTGTTACCGGGTC-1,0.000208,0.000208,0.325341,0.674191,0.000052
AGAGAAACACCAGAAA-1,0.061328,0.069476,0.329436,0.490223,0.049536
AGAGAACCGTCTAGGA-1,0.466134,0.525073,0.000014,0.000014,0.008765
AGAGAAGGAGTACAAT-1,0.000165,0.147879,0.764367,0.087548,0.000041
AGAGATCTCTAAAGCG-1,0.317782,0.477404,0.000026,0.000026,0.204761
AGAGCAGTTATGAGAC-1,0.307211,0.692724,0.000022,0.000022,0.000022
AGAGCCGCCGAGATTT-1,0.222822,0.212761,0.557062,0.007313,0.000043
AGAGCGCTTGTAACGG-1,0.911557,0.055805,0.000007,0.000007,0.032624
AGAGCGGGCTAATCAT-1,0.001808,0.998048,0.000048,0.000048,0.000048
AGAGCGTACAAGCTCG-1,0.891624,0.033856,0.00001,0.00001,0.074501
AGAGCTACGAAAGCAT-1,0.000181,0.999684,0.000045,0.000045,0.000045
AGAGGCTTCGGAAACC-1,0.188523,0.321528,0.18101,0.144899,0.164041
AGAGGGACAATTGTCC-1,0.020162,0.926548,0.000026,0.01422,0.039044
