Barcode,Topic 1to5,Topic 6to7,Topic 8to9,Topic 10to12
AAACAACGAATAGTTC-1,0.100508,0.00006,0.389361,0.510071
AAACAAGTATCTCCCA-1,0.28486,0.52136,0.000702,0.193077
AAACAATCTACTAGCA-1,0.260103,0.130785,0.000266,0.608846
AAACACCAATAACTGC-1,0.624986,0.241238,0.117328,0.016448
AAACAGAGCGACTCCT-1,0.000353,0.000141,0.348541,0.650966
AAACAGCTTTCAGAAG-1,0.400487,0.319187,0.125609,0.154717
AAACAGGGTCTATATT-1,0.000134,0.218208,0.774192,0.007466
AAACAGTGTTCCTGGG-1,0.806293,0.082395,0.101632,0.00968
AAACATGGTGAGAGGA-1,0.000072,0.367098,0.542311,0.090519
AAACATTTCCCGGATT-1,0.070856,0.526514,0.326315,0.076316
AAACCCGAACGAAATC-1,0.113763,0.47411,0.001389,0.410737
AAACCGGAAATGTTAA-1,0.000255,0.000102,0.384683,0.61496
AAACCGGGTAGGTACC-1,0.278415,0.070469,0.232087,0.419029
AAACCGTTCGTCCAGG-1,0.601827,0.052884,0.231323,0.113966
AAACCTAAGCAGCCGG-1,0.351242,0.180543,0.436833,0.031382
AAACCTCATGAAGTTG-1,0.281158,0.063326,0.398784,0.256732
AAACGAAGAACATACC-1,0.132992,0.131419,0.000041,0.735548
AAACGAAGATGGAGTA-1,0.068132,0.120545,0.609005,0.202319
AAACGAGACGGTTGAT-1,0.134524,0.013074,0.589499,0.262902
AAACGCTGGGCACGAC-1,0.171991,0.153159,0.304822,0.370028
AAACGGGCGTACGGGT-1,0.006467,0.037336,0.955845,0.000351
AAACGGGTTGGTATCC-1,0.184143,0.068468,0.087326,0.660063
AAACGGTTGCGAACTG-1,0.368977,0.075214,0.467007,0.088803
AAACTCGGTTCGCAAT-1,0.563007,0.152502,0.20335,0.081141
AAACTGCTGGCTCCAA-1,0.6455,0.006726,0.160408,0.187366
AAACTTAATTGCACGC-1,0.000129,0.457985,0.541035,0.000851
AAACTTGCAAACGTAT-1,0.111956,0.372895,0.278384,0.236765
AAAGAATGACCTTAGA-1,0.090181,0.097321,0.658706,0.153791
AAAGAATGTGGACTAA-1,0.003345,0.396455,0.540379,0.059821
AAAGACCCAAGTCGCG-1,0.619513,0.087473,0.091951,0.201063
AAAGACTGGGCGCTTT-1,0.22278,0.009648,0.396645,0.370928
AAAGGCCCTATAATAC-1,0.013949,0.454514,0.530788,0.000748
AAAGGCTACGGACCAT-1,0.472607,0.03708,0.226368,0.263945
AAAGGCTCTCGCGCCG-1,0.47312,0.043221,0.210958,0.272701
AAAGGGATGTAGCAAG-1,0.485994,0.000052,0.317433,0.196521
AAAGGGCAGCTTGAAT-1,0.060878,0.006171,0.29495,0.638001
AAAGTAGCATTGCTCA-1,0.706614,0.130037,0.065225,0.098124
AAAGTCACTGATGTAA-1,0.171701,0.002487,0.198256,0.627556
AAAGTCGACCCTCAGT-1,0.000205,0.000082,0.942099,0.057613
AAAGTGCCATCAATTA-1,0.000185,0.000074,0.506878,0.492863
AAAGTGTGATTTATCT-1,0.26709,0.039484,0.351112,0.342314
AAAGTTGACTCCCGTA-1,0.109323,0.058551,0.401678,0.430449
AAATAACCATACGGGA-1,0.192507,0.062665,0.071565,0.673263
AAATACCTATAAGCAT-1,0.557661,0.140797,0.050516,0.251026
AAATAGCTTAGACTTT-1,0.150347,0.109822,0.065041,0.67479
AAATAGGGTGCTATTG-1,0.025451,0.146979,0.600175,0.227395
AAATCCGATACACGCC-1,0.44569,0.290195,0.219413,0.044702
AAATCGCGGAAGGAGT-1,0.084684,0.09731,0.727323,0.090683
AAATCGTGTACCACAA-1,0.151312,0.006495,0.432626,0.409567
AAATCTAGCCCTGCTA-1,0.078728,0.174237,0.531209,0.215825
AAATCTGCCCGCGTCC-1,0.084371,0.189633,0.484997,0.240998
AAATGACTGATCAAAC-1,0.235087,0.045499,0.632987,0.086426
AAATGCTCGTTACGTT-1,0.341685,0.000041,0.002554,0.655719
AAATGGCATGTCTTGT-1,0.533709,0.011536,0.000036,0.454718
AAATGGCCCGTGCCCT-1,0.522076,0.25486,0.049024,0.17404
AAATGGTCAATGTGCC-1,0.366018,0.005724,0.192534,0.435724
AAATGTATCTTATCCC-1,0.095421,0.063023,0.684389,0.157167
AAATGTGGGTGCTCCT-1,0.003002,0.210589,0.119608,0.6668
AAATTAACGGGTAGCT-1,0.282002,0.004042,0.163767,0.550189
AAATTAATAAGCGCGA-1,0.18295,0.190892,0.482534,0.143624
AAATTACACGACTCTG-1,0.285464,0.082928,0.001802,0.629807
AAATTACCTATCGATG-1,0.151627,0.074773,0.21336,0.56024
AAATTCCAGGTCCAAA-1,0.000343,0.000137,0.369231,0.630289
AAATTGATAGTCCTTT-1,0.526695,0.067544,0.240429,0.165332
AAATTGCGGCGGTTCT-1,0.000207,0.000083,0.80205,0.197661
AAATTTGCGGGTGTGG-1,0.310412,0.006527,0.492183,0.190879
AACAACTGGTAGTTGC-1,0.085658,0.041307,0.495356,0.377679
AACAATACATTGTCGA-1,0.541292,0.18536,0.211996,0.061352
AACAATTACTCTACGC-1,0.128299,0.175223,0.479795,0.216683
AACACACGCTCGCCGC-1,0.258237,0.088405,0.36458,0.288779
AACACGACTGTACTGA-1,0.178766,0.095879,0.013951,0.711404
AACACGAGACGCGGCC-1,0.162185,0.318809,0.366615,0.152391
AACACGCGGCCGCGAA-1,0.292285,0.090839,0.083612,0.533265
AACAGCTGTGTGGCAA-1,0.265711,0.123093,0.514592,0.096603
AACAGGAAATCGAATA-1,0.196077,0.000071,0.160271,0.643581
AACAGGATGGGCCGCG-1,0.057616,0.070093,0.46437,0.407921
AACAGGTAGTATGGAT-1,0.343711,0.2576,0.008817,0.389871
AACATAGCGTGTATCG-1,0.358617,0.083852,0.451094,0.106438
AACATATCAACTGGTG-1,0.169311,0.140152,0.0001,0.690437
AACATTGAAGTTGATC-1,0.216977,0.348613,0.348407,0.086003
AACATTGGTCAGCCGT-1,0.000244,0.000097,0.796535,0.203124
AACATTGTGACTCGAG-1,0.33199,0.038079,0.409961,0.21997
AACCAAGACTTCTCTG-1,0.300464,0.260491,0.28693,0.152115
AACCATAGGGTTGAAC-1,0.000106,0.010996,0.91861,0.070288
AACCATGGGATCGCTA-1,0.316974,0.021662,0.067868,0.593497
AACCCAGAGACGGAGA-1,0.626423,0.000043,0.132498,0.241037
AACCCATCCCATGATC-1,0.615373,0.16918,0.163297,0.052149
AACCCGACAACCCGTG-1,0.244986,0.052183,0.619464,0.083367
AACCCGAGCAGAATCG-1,0.131523,0.682603,0.006871,0.179003
AACCCGCTGTATTCCA-1,0.521416,0.401278,0.050022,0.027284
AACCCTACTGTCAATA-1,0.463485,0.094187,0.063736,0.378591
AACCCTGGTGGAACCA-1,0.029386,0.229222,0.019687,0.721705
AACCGAGCTTGGTCAT-1,0.000265,0.000106,0.703744,0.295886
AACCGCTAAGGGATGC-1,0.143246,0.072133,0.355319,0.429301
AACCGTTGTGTTTGCT-1,0.432414,0.023061,0.051114,0.493411
AACCTCGCTTTAGCCC-1,0.56562,0.128808,0.188603,0.116969
AACCTGTCACGGAATT-1,0.000274,0.00011,0.064409,0.935208
AACCTTTAAATACGGT-1,0.73924,0.007137,0.190331,0.063291
AACCTTTACGACGTCT-1,0.161409,0.009685,0.005662,0.823244
AACGAAAGTCGTCCCA-1,0.445375,0.12403,0.33491,0.095685
AACGACCTCCTAGCCG-1,0.008436,0.74749,0.080995,0.163079
AACGATAATGCCGTAG-1,0.093843,0.005372,0.728192,0.172593
AACGATAGAAGGGCCG-1,0.392951,0.007438,0.210653,0.388958
AACGATATGTCAACTG-1,0.595183,0.04916,0.011358,0.344299
AACGCATGATCTGGGT-1,0.046867,0.00014,0.137438,0.815554
AACGCGAACGGCAACA-1,0.148116,0.00006,0.682332,0.169492
AACGCGACCTTGGGCG-1,0.650211,0.041815,0.17437,0.133604
AACGCGGTCTCCAGCC-1,0.569897,0.023249,0.172876,0.233978
AACGCTGTTGCTGAAA-1,0.219233,0.127598,0.410043,0.243127
AACGGACGTACGTATA-1,0.144673,0.08655,0.472939,0.295838
AACGGCCATCTCCGGT-1,0.747915,0.021648,0.014516,0.215921
AACGTACTGTGGGTAC-1,0.450915,0.039261,0.119735,0.39009
AACGTAGTCTACCCAT-1,0.000316,0.013618,0.078627,0.90744
AACGTCAGACTAGTGG-1,0.778704,0.021881,0.011276,0.18814
AACGTCATCCGGCTTG-1,0.270308,0.06882,0.594093,0.066779
AACGTCGCTGCACTTC-1,0.094783,0.295177,0.425243,0.184796
AACGTGATGAAGGACA-1,0.000395,0.000158,0.375796,0.623651
AACGTGCGAAAGTCTC-1,0.193698,0.030966,0.209973,0.565362
AACGTTATCAGCACCT-1,0.104551,0.087996,0.383523,0.42393
AACTACCCGTTTGTCA-1,0.255447,0.177333,0.081415,0.485805
AACTAGCGTATCGCAC-1,0.160256,0.1245,0.000047,0.715197
AACTAGGCTTGGGTGT-1,0.678764,0.066646,0.064312,0.190278
AACTCAAGTTAATTGC-1,0.662265,0.000034,0.034238,0.303463
AACTCCAGAGCGTGTT-1,0.59893,0.078631,0.006371,0.316068
AACTCCTAATCCCATG-1,0.000369,0.000148,0.488604,0.510879
AACTCGATAAACACGT-1,0.934145,0.003923,0.000617,0.061315
AACTCGATGGCGCAGT-1,0.869637,0.1116,0.000023,0.01874
AACTCTCAATAGAGCG-1,0.625017,0.036713,0.046646,0.291625
AACTCTCAGTGTGCTC-1,0.412821,0.285306,0.254994,0.046879
AACTGATATTAGGCCT-1,0.508446,0.00623,0.085189,0.400135
AACTGGGTCCCGACGT-1,0.701222,0.003313,0.071656,0.223809
AACTGGTGTGGGCCTT-1,0.666721,0.019648,0.000025,0.313606
AACTTCTGCGTCTATC-1,0.312156,0.00064,0.219532,0.467672
AACTTGCCCGTATGCA-1,0.119675,0.00007,0.462985,0.41727
AACTTGCGTTCTCGCG-1,0.873365,0.036332,0.000023,0.09028
AACTTTACGGGAGCTT-1,0.048019,0.005488,0.753942,0.192551
AACTTTAGCTGCTGAG-1,0.029367,0.042486,0.264022,0.664125
AAGAAAGTTTGATGGG-1,0.000114,0.005912,0.922459,0.071515
AAGAAGGATCAGTTAG-1,0.353559,0.005226,0.126991,0.514224
AAGACATACGTGGTTT-1,0.23751,0.617433,0.001135,0.143921
AAGACCAAATAACTCA-1,0.000125,0.019593,0.907836,0.072446
AAGACCCAACTGAACA-1,0.521227,0.049774,0.219433,0.209565
AAGACTAACCCGTTGT-1,0.036354,0.116069,0.375209,0.472368
AAGACTGCAAGCTACT-1,0.632639,0.000038,0.143085,0.224238
AAGAGATGAATCGGTA-1,0.146057,0.000068,0.423151,0.430724
AAGAGCTCTTTATCGG-1,0.539202,0.000056,0.199535,0.261208
AAGAGGATGTACGCGA-1,0.064752,0.000065,0.341934,0.593249
AAGAGGCATGGATCGC-1,0.514228,0.158564,0.178202,0.149006
AAGAGGCCCTTTGGAA-1,0.108294,0.296842,0.312347,0.282516
AAGATGGCACCGGACC-1,0.223648,0.204229,0.446713,0.125409
AAGATTGGCGGAACGT-1,0.271545,0.076266,0.001131,0.651058
AAGCACCCTGCGTATC-1,0.686651,0.150057,0.04218,0.121112
AAGCATACTCTCCTGA-1,0.381151,0.023144,0.417936,0.177769
AAGCCACTTGCAGGTA-1,0.262632,0.22123,0.499035,0.017103
AAGCCGAAGCGGTTTA-1,0.145477,0.111263,0.242779,0.500481
AAGCCGCCGTGAAATC-1,0.451707,0.411573,0.106074,0.030646
AAGCCGGAGAGCAGGA-1,0.025966,0.134852,0.23173,0.607453
AAGCGCAGGGCTTTGA-1,0.303746,0.080057,0.595684,0.020513
AAGCGTCCCTCATCGA-1,0.452638,0.23911,0.120844,0.187408
AAGCTAGATCGAGTAA-1,0.753754,0.021703,0.05116,0.173383
AAGCTATGGATTGACC-1,0.00463,0.686257,0.306336,0.002778
AAGCTCGTGCCAAGTC-1,0.520286,0.004812,0.101871,0.373031
AAGCTCTTTCATGGTG-1,0.489872,0.143767,0.255912,0.110449
AAGGAGAACTTATAAG-1,0.000237,0.028584,0.28192,0.689258
AAGGAGCGGTTGGTGC-1,0.339015,0.018596,0.095201,0.547188
AAGGATCGATCGCTTG-1,0.232731,0.156367,0.007082,0.60382
AAGGATGAGGGACCTC-1,0.414608,0.022337,0.030553,0.532503
AAGGCAGGCTGTCTCC-1,0.000251,0.0001,0.303023,0.696626
AAGGCGCGTAAAGCTT-1,0.240659,0.000044,0.312796,0.446501
AAGGCTGTGCTCATCG-1,0.471753,0.128201,0.043056,0.356991
AAGGGAACGACTGGCT-1,0.711573,0.200484,0.032308,0.055634
AAGGGACAGATTCTGT-1,0.204962,0.03935,0.190406,0.565282
AAGGGACTATGCATTC-1,0.256532,0.046977,0.567617,0.128874
AAGGGTTTGATTTCAG-1,0.000137,0.000055,0.679961,0.319847
AAGGTATCCTAATATA-1,0.483007,0.058371,0.080173,0.378448
AAGGTGATAAACCAGC-1,0.291615,0.026858,0.45,0.231527
AAGTAAGCTTCCAAAC-1,0.207659,0.202122,0.002784,0.587436
AAGTAGAAGACCGGGT-1,0.074931,0.000068,0.418681,0.506319
AAGTAGTGACGCGAGG-1,0.422296,0.057797,0.088759,0.431148
AAGTCAATTGTCGTCA-1,0.251989,0.211913,0.196243,0.339856
AAGTCTTCTGTGGCCT-1,0.027659,0.162178,0.588992,0.221171
AAGTGACGACCGAATT-1,0.64298,0.082913,0.112852,0.161255
AAGTGAGTCGGGTTTA-1,0.370488,0.060059,0.471225,0.098227
AAGTGCAAAGGTAGAC-1,0.117854,0.255206,0.411474,0.215467
AAGTGCCTTGACTGTA-1,0.17536,0.10946,0.210478,0.504701
AAGTGCGTTAGAATCT-1,0.891805,0.059781,0.000667,0.047747
AAGTGCTTCTCTATTG-1,0.478352,0.056486,0.410493,0.054669
AAGTGTTTGGAGACGG-1,0.015161,0.001397,0.753611,0.229831
AAGTTCACTCCAAGCT-1,0.356027,0.067631,0.360821,0.215521
AAGTTCAGTCTGCGTA-1,0.000348,0.000139,0.000139,0.999373
AAGTTCGGCCAACAGG-1,0.326381,0.124801,0.055931,0.492887
AAGTTGTGATGTTATA-1,0.109638,0.149231,0.720992,0.020139
AAGTTTACTAATGGCA-1,0.07111,0.195302,0.000068,0.73352
AAGTTTATGGGCCCAA-1,0.784507,0.028688,0.143947,0.042858
AATAACAACGCTCGGC-1,0.41244,0.082722,0.242289,0.262549
AATAACACTAGAACAA-1,0.275393,0.097235,0.423472,0.2039
AATAACGTCGCGCCCA-1,0.02456,0.560418,0.12145,0.293572
AATAAGTCCTCGAGAC-1,0.000432,0.000173,0.319242,0.680154
AATAATCTTCGTATCG-1,0.000244,0.011294,0.367329,0.621133
AATACAATGTTTCAGG-1,0.000222,0.000089,0.656364,0.343324
AATACCGGAGGGCTGT-1,0.671626,0.009838,0.153655,0.164882
AATACCTGATGTGAAC-1,0.117539,0.2151,0.519445,0.147915
AATAGAACAGAGTGGC-1,0.233257,0.025904,0.237697,0.503142
AATAGAATCTGTTTCA-1,0.095117,0.719449,0.166466,0.018968
AATAGGCACGACCCTT-1,0.006869,0.00008,0.939686,0.053366
AATAGTCCGTCCCGAC-1,0.823264,0.009265,0.029608,0.137863
AATAGTCGCGAGTCGG-1,0.087819,0.027993,0.262537,0.621652
AATATCAAGGTCGGAT-1,0.111734,0.000068,0.082032,0.806166
AATATCCTAGCAAACT-1,0.284755,0.475014,0.115885,0.124346
AATATCGAATCAATGC-1,0.449322,0.36643,0.00346,0.180788
AATATCGAGGGTTCTC-1,0.150247,0.157085,0.000034,0.692634
AATATTGGAGTATTGA-1,0.589149,0.2519,0.015508,0.143443
AATCAGACTGCAGGAC-1,0.000294,0.000118,0.925752,0.073836
AATCAGGTTTCATTTA-1,0.216221,0.028564,0.638527,0.116688
AATCATGTAAAGACTC-1,0.217437,0.242497,0.301113,0.238953
AATCCAAGGGCCTGAG-1,0.199285,0.159411,0.087643,0.553661
AATCCATGCAAGGGTG-1,0.242882,0.000074,0.451448,0.305596
AATCCCGCTCAGAGCC-1,0.546168,0.110244,0.192094,0.151494
AATCGAGGTCTCAAGG-1,0.322456,0.124607,0.517389,0.035547
AATCGCCTCAGCGCCA-1,0.220511,0.006123,0.483574,0.289792
AATCGCGCAGAGGACT-1,0.017676,0.233592,0.027293,0.721439
AATCGGGACACTACGA-1,0.528488,0.053334,0.002084,0.416094
AATCGGTATAGCCCTC-1,0.196941,0.419358,0.297756,0.085945
AATCGTGAGCCGAGCA-1,0.471181,0.519828,0.002561,0.00643
AATCTAGGTTTACTTG-1,0.000212,0.000085,0.999575,0.000127
AATCTATGCCGGAGCC-1,0.000426,0.00017,0.216802,0.782601
AATCTCTACTGTGGTT-1,0.00054,0.000093,0.845605,0.153762
AATCTGCGTTGGGACG-1,0.48422,0.04332,0.07045,0.402011
AATCTGGCTTTCTAGT-1,0.000215,0.000086,0.989906,0.009793
AATGACAGCAATGTCT-1,0.022119,0.063539,0.653698,0.260645
AATGACGTAGGATGTC-1,0.80026,0.094493,0.025371,0.079876
AATGACTGTCAGCCGG-1,0.079227,0.003747,0.291585,0.625441
AATGAGTTCGCATATG-1,0.433687,0.004227,0.102913,0.459172
AATGATGATACGCTAT-1,0.181329,0.096447,0.019376,0.702849
AATGATGCGACTCCTG-1,0.090989,0.109056,0.010275,0.789681
AATGCAACCGGGTACC-1,0.0879,0.000109,0.618286,0.293705
AATGCACCAAGCAATG-1,0.000126,0.109269,0.101989,0.788617
AATGGTCCACCGTTCA-1,0.255819,0.110182,0.045558,0.58844
AATGGTTCTCACAAGC-1,0.364777,0.000066,0.131318,0.503839
AATGTATGGCACTGTA-1,0.000175,0.022801,0.853749,0.123274
AATGTGCCCGAGGTGT-1,0.459365,0.065158,0.155668,0.31981
AATGTGCTAATCTGAG-1,0.000105,0.257311,0.737124,0.005461
AATGTTAAGACCCTGA-1,0.523946,0.131297,0.24602,0.098738
AATGTTGTCGTGAGAC-1,0.124984,0.417402,0.369608,0.088006
AATTAAAGGTCGGCGT-1,0.37313,0.063115,0.111697,0.452057
AATTAACGGATTTCCA-1,0.361912,0.100464,0.218955,0.318668
AATTACGAGACCCATC-1,0.279096,0.369207,0.27003,0.081667
AATTACTCGTACGCTC-1,0.130415,0.022628,0.084189,0.762769
AATTAGCGCTGCAGCG-1,0.265855,0.02143,0.346648,0.366067
AATTATACCCAGCAAG-1,0.530593,0.23675,0.09311,0.139547
AATTCATAAGGGATCT-1,0.006945,0.022846,0.197327,0.772882
AATTCATTGTCATGCA-1,0.00014,0.241181,0.758596,0.000084
AATTCCAACTTGGTGA-1,0.567166,0.008556,0.08396,0.340319
AATTCCAAGCATGTAC-1,0.323567,0.013647,0.556272,0.106514
AATTCGATTCGAGGAT-1,0.90684,0.058244,0.000326,0.03459
AATTCTAGAGTTAGGC-1,0.869237,0.099602,0.004236,0.026925
AATTGAACGCTCTGGT-1,0.243736,0.076167,0.183661,0.496437
AATTGCAGCAATCGAC-1,0.184267,0.370072,0.23999,0.205671
AATTGCGTGGATTACA-1,0.00288,0.013262,0.87692,0.106938
AATTGTGGTTGCCAAA-1,0.042482,0.801654,0.018952,0.136912
AATTTGGGACATAGTA-1,0.000532,0.000213,0.29703,0.702225
AATTTGGTTCCAAAGA-1,0.382277,0.002147,0.017027,0.598549
ACAAACCATGCGTCCT-1,0.027085,0.027106,0.813764,0.132045
ACAAACTCCATCAGAG-1,0.008807,0.30131,0.679697,0.010186
ACAAAGAAGGTAGGCC-1,0.069377,0.027988,0.741835,0.1608
ACAAAGCATGACCTAG-1,0.423278,0.214793,0.093118,0.268811
ACAAATCGCACCGAAT-1,0.098392,0.036001,0.712133,0.153474
ACAAATGGTAGTGTTT-1,0.080005,0.150211,0.547412,0.222372
ACAACAGCATGAGCTA-1,0.023207,0.000082,0.707409,0.269301
ACAACGGTCCCTGCGA-1,0.129602,0.089482,0.190405,0.590511
ACAAGCAGTGCCTAGC-1,0.174554,0.011412,0.407486,0.406547
ACAAGCTATATGGAAG-1,0.126434,0.023084,0.425772,0.42471
ACAAGGAAATCCGCCC-1,0.04098,0.093263,0.565086,0.300671
ACAAGGACAAGAGGTT-1,0.195709,0.021937,0.499454,0.2829
ACAAGGATGCTTTAGG-1,0.181221,0.021967,0.538421,0.25839
ACAAGGGCAGGCTCTG-1,0.627404,0.030552,0.233574,0.10847
ACAAGTAATTGTAAGG-1,0.000454,0.21493,0.784343,0.000273
ACAATAGTCGTACGTT-1,0.281134,0.008187,0.408023,0.302655
ACAATCCATTTAAACC-1,0.336853,0.111707,0.094356,0.457084
ACAATCGATCTTTATA-1,0.172006,0.033058,0.025716,0.76922
ACAATGAATACGGAGA-1,0.164188,0.065711,0.528447,0.241654
ACAATTGTGTCTCTTT-1,0.343568,0.223395,0.168047,0.26499
ACAATTTAGGAGGCTC-1,0.303347,0.004535,0.149034,0.543084
ACAATTTGAGCAGTGG-1,0.617844,0.002175,0.065672,0.314309
ACACAAAGACGGGTGG-1,0.089952,0.000075,0.47715,0.432823
ACACACCAGGACCAGT-1,0.599061,0.085985,0.017113,0.297841
ACACACTTTCTACACG-1,0.119648,0.000114,0.3226,0.557639
ACACATGATCAAATCT-1,0.289538,0.193616,0.352425,0.164421
ACACATTGACGCAACA-1,0.58441,0.044379,0.136052,0.235158
ACACATTTCCGTAGAC-1,0.68477,0.201284,0.092965,0.020981
ACACCCAGCATGCAGC-1,0.577171,0.165931,0.007919,0.248979
ACACCCGAGAAATCCG-1,0.637628,0.001531,0.000024,0.360817
ACACCGAGCGCTCTTT-1,0.935857,0.034959,0.000176,0.029008
ACACCGGTCTGACCGC-1,0.152894,0.462564,0.372822,0.011719
ACACCTTAAGTAGGGC-1,0.46879,0.108941,0.031641,0.390627
ACACCTTACTACTTGC-1,0.028401,0.079182,0.125423,0.766994
ACACGAGACTCCTTCT-1,0.122183,0.030801,0.324434,0.522581
ACACGGCACTATGCAT-1,0.04429,0.104456,0.23327,0.617983
ACACGGGAACTTAGGG-1,0.320303,0.005666,0.246492,0.427539
ACACGTAGGCCACAAG-1,0.000168,0.19995,0.520901,0.278981
ACACTCCAATGTCACT-1,0.269361,0.000054,0.184454,0.546131
ACACTGATCAAGGTGT-1,0.661317,0.023119,0.01726,0.298304
ACACTGGGACAGTCGT-1,0.000149,0.142117,0.348074,0.509659
ACAGAACTGAGAACAA-1,0.200833,0.097145,0.559491,0.14253
ACAGATTAGGTTAGTG-1,0.000335,0.000134,0.479097,0.520434
ACAGCATAGAGCCAGT-1,0.000342,0.109282,0.20817,0.682206
ACAGCGACATTCTCAT-1,0.218084,0.257519,0.292611,0.231786
ACAGCGCACCCGCAGC-1,0.021537,0.205078,0.000068,0.773316
ACAGGAGGCGCAGCCG-1,0.881078,0.071079,0.000009,0.047834
ACAGGCACGGATCCTT-1,0.532644,0.190543,0.069242,0.207571
ACAGGCTTGCCCGACT-1,0.531648,0.069432,0.280281,0.118639
ACAGGTGGAGGTGAGG-1,0.651065,0.142687,0.075847,0.130401
ACAGGTGTGTTGTTGC-1,0.219831,0.464897,0.189709,0.125563
ACAGTAATACAACTTG-1,0.030896,0.033087,0.636664,0.299353
ACATAAGTCGTGGTGA-1,0.412604,0.118604,0.224952,0.24384
ACATAATAAGGCGGTG-1,0.080956,0.000101,0.449788,0.469154
ACATACAATCAAGCGG-1,0.186971,0.175331,0.603389,0.034309
ACATCAGCTGGGACGC-1,0.12929,0.132647,0.543346,0.194717
ACATCCCGGCCATACG-1,0.677782,0.015109,0.024792,0.282317
ACATCCTGGTAACTGT-1,0.369845,0.131238,0.077324,0.421593
ACATCGATCGTTTACC-1,0.099397,0.139241,0.438936,0.322426
ACATCGCAATATTCGG-1,0.337717,0.231109,0.404847,0.026327
ACATCGGTCAGCCGCG-1,0.917594,0.005372,0.000021,0.077013
ACATCGTATGCAATGG-1,0.055335,0.082761,0.416831,0.445072
ACATCGTTAACCTAGT-1,0.129893,0.184715,0.000044,0.685348
ACATCTCAACGCGTAA-1,0.000498,0.000199,0.15544,0.843862
ACATGCTTACGGCAGC-1,0.000205,0.125287,0.874385,0.000123
ACATGGCGCCAAAGTA-1,0.361454,0.131738,0.152548,0.35426
ACATGGCTCAATTTAG-1,0.202041,0.01828,0.269628,0.51005
ACATTAGTTTATATCC-1,0.570035,0.000057,0.145077,0.284831
ACATTCGCGCGGAATA-1,0.140594,0.25039,0.606915,0.0021
ACATTTGAAACCTAAC-1,0.023534,0.222722,0.684441,0.069303
ACCAAACTAGAAATCC-1,0.000393,0.000157,0.25617,0.743279
ACCAACCGCACTCCAC-1,0.191912,0.409081,0.289452,0.109556
ACCAACGCTTATTTAT-1,0.430538,0.026677,0.2691,0.273684
ACCAAGAACGCGTGTC-1,0.897536,0.086797,0.000588,0.015079
ACCAAGTCATCGGCAG-1,0.000524,0.345626,0.512827,0.141023
ACCAATATGCAAGTTA-1,0.004834,0.000092,0.800979,0.194095
ACCACAACTCAGAACA-1,0.000397,0.000159,0.287228,0.712216
ACCACAAGTTTCTATC-1,0.276346,0.108678,0.161145,0.453831
ACCACACGGTTGATGG-1,0.354312,0.139358,0.476266,0.030064
ACCACCAATGTAACAA-1,0.442851,0.085031,0.007471,0.464647
ACCACGTGCAGCTATA-1,0.156457,0.040002,0.611119,0.192422
ACCACTGTTCAAGAAG-1,0.361132,0.148314,0.222394,0.268159
ACCAGACCATAACAAC-1,0.106921,0.130859,0.48914,0.27308
ACCAGCCCGGTCTTTG-1,0.000591,0.000236,0.288151,0.711022
ACCAGGAGTGTGATCT-1,0.043452,0.230899,0.022302,0.703348
ACCAGTGCGGGAGACG-1,0.544718,0.131893,0.20338,0.120009
ACCATATCCGCAATAA-1,0.875661,0.004535,0.064182,0.055622
ACCATCCGCCAACTAG-1,0.092422,0.065707,0.520267,0.321604
ACCATCGTATATGGTA-1,0.735266,0.066996,0.026872,0.170866
ACCATTAAGGGTGTCA-1,0.145719,0.1488,0.020408,0.685073
ACCCAACGCCCGTGGC-1,0.602921,0.075369,0.004096,0.317614
ACCCACCTACATGCTC-1,0.074032,0.010361,0.68377,0.231837
ACCCATCTTGAGGGTA-1,0.20631,0.000062,0.098428,0.695199
ACCCATTTGTCCCTCT-1,0.000526,0.332313,0.566237,0.100925
ACCCGAGCGAAATTAC-1,0.002196,0.130386,0.821049,0.046369
ACCCGATTGGTTCCGA-1,0.152347,0.017783,0.76918,0.06069
ACCCGGAAACTCCCAG-1,0.44288,0.327041,0.085022,0.145058
ACCCGGAGCACCACAA-1,0.062458,0.06356,0.207866,0.666115
ACCCGGATGACGCATC-1,0.510581,0.061416,0.035851,0.392151
ACCCGGTTACACTTCC-1,0.545582,0.015472,0.041079,0.397867
ACCCGTAGCAGAGAAT-1,0.000144,0.289227,0.434629,0.276
ACCCGTAGTCTAGTTG-1,0.091051,0.78412,0.026899,0.097929
ACCCGTGTCATCAGTA-1,0.645128,0.116238,0.09509,0.143544
ACCCTATAGGACTGAG-1,0.411989,0.084457,0.010156,0.493398
ACCCTATGCCATATCG-1,0.240025,0.239501,0.368829,0.151645
ACCCTCCCGTCAGGGC-1,0.197661,0.57104,0.12543,0.105869
ACCCTCCCTTGCTATT-1,0.32563,0.612954,0.020815,0.040601
ACCCTTCATCTGCGAA-1,0.102652,0.008345,0.255021,0.633982
ACCCTTTAGTTCTCCA-1,0.000657,0.000263,0.294897,0.704183
ACCGAAAGGGCCCTGC-1,0.720561,0.082482,0.000023,0.196934
ACCGAAGAGTCTGGTT-1,0.000118,0.511295,0.488516,0.000071
ACCGACACATCTCCCA-1,0.401916,0.089487,0.270006,0.23859
ACCGACTGAGTCCCAC-1,0.181185,0.000061,0.354038,0.464715
ACCGAGTCTCCTTATT-1,0.246943,0.181182,0.499331,0.072544
ACCGATAGGCATAACC-1,0.228025,0.49074,0.000014,0.28122
ACCGATATTTAATCAT-1,0.130709,0.191507,0.046911,0.630873
ACCGATGGTAGCATCG-1,0.074609,0.004078,0.426447,0.494865
ACCGCAATAACTGCCT-1,0.232694,0.066148,0.421289,0.279869
ACCGCGGTGGAAGTCG-1,0.667014,0.106181,0.000019,0.226786
ACCGCTAGTCATTGGT-1,0.154021,0.20677,0.639091,0.000118
ACCGGGCCTTTGTTGA-1,0.131849,0.073014,0.357918,0.437219
ACCGGTCAGGTACACC-1,0.110809,0.311669,0.507739,0.069783
ACCGTCCACTGGGCCC-1,0.068948,0.547931,0.342581,0.04054
ACCGTGACCACGTGGG-1,0.469981,0.113128,0.387198,0.029694
ACCGTTCCCGCTCTGA-1,0.007585,0.013211,0.07182,0.907384
ACCTAAGTACCTTTCA-1,0.885858,0.088628,0.000012,0.025501
ACCTAATCGACTTCCT-1,0.033565,0.0001,0.542113,0.424223
ACCTACAGTATGTGGT-1,0.017682,0.079272,0.130604,0.772442
ACCTACTATAAATCTA-1,0.935213,0.04467,0.000011,0.020106
ACCTCAGCGAGGCGCA-1,0.149079,0.278515,0.399824,0.172581
ACCTCCGCCCTCGCTG-1,0.199732,0.339711,0.256282,0.204275
ACCTCCGTTATTCACC-1,0.000348,0.000139,0.31264,0.686872
ACCTCGAACTTATGCT-1,0.039564,0.59783,0.354894,0.007712
ACCTGCGTGTCATGTT-1,0.227764,0.265836,0.355899,0.150501
ACCTTTCCTTTAGAAG-1,0.000555,0.000222,0.37789,0.621333
ACGAAATGGGCGGCAC-1,0.266819,0.001378,0.301527,0.430276
ACGACCCATGAGTTGC-1,0.000189,0.064932,0.379516,0.555363
ACGACTCTAGGGCCGA-1,0.374275,0.349584,0.113542,0.162598
ACGACTGGTCATACTC-1,0.419907,0.450778,0.050123,0.079193
ACGAGAACCCATCACG-1,0.134271,0.000066,0.245053,0.62061
ACGAGATATTTGCTTA-1,0.000322,0.000129,0.210609,0.78894
ACGAGGATACCACTCT-1,0.00016,0.069214,0.929188,0.001438
ACGAGGTTTACAACGT-1,0.151676,0.06516,0.676525,0.106639
ACGAGTACGGATGCCC-1,0.09963,0.232031,0.000035,0.668304
ACGAGTCGCCGGCGTT-1,0.204728,0.057036,0.421657,0.316579
ACGATACATAGAACTA-1,0.000224,0.059403,0.316675,0.623698
ACGATACCTATCCTGA-1,0.037454,0.009943,0.71562,0.236982
ACGATCATACATAGAG-1,0.128873,0.000087,0.559763,0.311277
ACGATCATCTTGTAAA-1,0.359662,0.013077,0.019486,0.607775
ACGATGCATATGTTAT-1,0.330358,0.002607,0.106926,0.56011
ACGATGGATCCGATGC-1,0.644929,0.049649,0.000035,0.305387
ACGCAAACTAATAGAT-1,0.21587,0.132411,0.532704,0.119014
ACGCAATCACTACAGC-1,0.000406,0.000162,0.180025,0.819406
ACGCATACGTTTACTA-1,0.279478,0.19073,0.194975,0.334817
ACGCATTCGTGAGTAC-1,0.05262,0.221625,0.375361,0.350394
ACGCCACTCGAAACAG-1,0.226094,0.188738,0.547054,0.038114
ACGCCAGATGATTTCT-1,0.000226,0.00009,0.210187,0.789497
ACGCCAGTGCGTTTGC-1,0.00754,0.252947,0.512812,0.226701
ACGCCCAGCTGTCGAT-1,0.000476,0.00019,0.183989,0.815344
ACGCCGCTAGACGACC-1,0.364747,0.031485,0.390402,0.213366
ACGCCTGACACGCGCT-1,0.11163,0.149298,0.349925,0.389148
ACGCGAAGTCAGACGA-1,0.184521,0.000076,0.589444,0.225959
ACGCGCTACACAGGGT-1,0.320726,0.117305,0.167359,0.39461
ACGCGGGCCAAGGACA-1,0.463324,0.003875,0.16205,0.370751
ACGCGTTTCTTAAGAG-1,0.143576,0.002899,0.688121,0.165404
ACGCTACTGAATGGGC-1,0.000213,0.019696,0.277465,0.702626
ACGCTAGTGATACACT-1,0.052703,0.080466,0.096699,0.770131
ACGCTGTGAGGCGTAG-1,0.000246,0.000099,0.851628,0.148027
ACGCTTAGTGTCTCTC-1,0.204581,0.000305,0.168635,0.626479
ACGGAACACGAGTGCC-1,0.005206,0.333408,0.61818,0.043206
ACGGAATTTAGCAAAT-1,0.014548,0.00009,0.52083,0.464532
ACGGACGCAGCGACAA-1,0.005165,0.970965,0.014771,0.009098
ACGGACTCTCAAAGCG-1,0.278808,0.2172,0.200207,0.303785
ACGGATGGTGCGGATA-1,0.07587,0.312487,0.563961,0.047682
ACGGCACTTGCTTGGG-1,0.282089,0.222215,0.020542,0.475154
ACGGCCAACATGGACT-1,0.667052,0.019537,0.163013,0.150399
ACGGCGACGATGGGAA-1,0.400157,0.096822,0.266888,0.236134
ACGGCGGGTTGCCCTG-1,0.165657,0.025882,0.383055,0.425407
ACGGCTGGATGTAGAA-1,0.420045,0.349709,0.128173,0.102072
ACGGGAGTGTCGGCCC-1,0.236429,0.449499,0.146953,0.167119
ACGGGTCATGTGACTT-1,0.242981,0.00006,0.456869,0.30009
ACGGGTTGTGACCTGT-1,0.004126,0.221906,0.378575,0.395393
ACGGTACAGTTCAATG-1,0.099343,0.178526,0.486668,0.235463
ACGGTCACCGAGAACA-1,0.00014,0.576696,0.381352,0.041811
ACGTACAGATTTCTCT-1,0.508243,0.066357,0.000045,0.425355
ACGTACTTTGGCACGG-1,0.259893,0.179599,0.432539,0.12797
ACGTAGATTGCTGATG-1,0.248443,0.000047,0.139487,0.612023
ACGTAGGAGAGTCGCT-1,0.297304,0.006388,0.48883,0.207478
ACGTATTACTCCGATC-1,0.406666,0.01532,0.00903,0.568984
ACGTCCTAAACGAGAT-1,0.00042,0.022317,0.227827,0.749436
ACGTCGGGCAACTCGG-1,0.090602,0.07563,0.649878,0.183891
ACGTCTCGTTCCGGGA-1,0.096525,0.041476,0.711205,0.150794
ACGTGACAAAGTAAGT-1,0.045663,0.069314,0.776128,0.108895
ACGTGCGCCTCGTGCA-1,0.198508,0.046702,0.212492,0.542298
ACGTTAATGTCGAAGA-1,0.816489,0.012936,0.033671,0.136904
ACGTTAGATTTGCCCG-1,0.682451,0.000041,0.034029,0.28348
ACGTTATTGGTCACTC-1,0.018524,0.028272,0.599224,0.35398
ACGTTCACTATGCCGC-1,0.333161,0.129708,0.536398,0.000733
ACGTTCCGCGCTCCGT-1,0.262404,0.122613,0.035256,0.579728
ACGTTCGCAATCAATT-1,0.000423,0.000169,0.489252,0.510155
ACGTTCGTTCAGGAAA-1,0.397361,0.018084,0.155088,0.429468
ACGTTCTGTACAAGTC-1,0.286122,0.17514,0.331054,0.207684
ACGTTGTCGTTGAAAG-1,0.000217,0.033827,0.95397,0.011985
ACGTTTAGTTGTGATC-1,0.455552,0.12007,0.000063,0.424315
ACTACAAAGAGAGGTG-1,0.620196,0.052886,0.153464,0.173455
ACTACATCCCGACAAG-1,0.006835,0.379834,0.588881,0.02445
ACTACCAGCTCTCTGG-1,0.461396,0.24441,0.006232,0.287961
ACTACCATCCGAGGGC-1,0.015385,0.272023,0.712456,0.000137
ACTACGCGTTAGAATT-1,0.83369,0.016326,0.019137,0.130846
ACTAGTTGCGATCGTC-1,0.320477,0.119052,0.10793,0.452542
ACTATCCAGGGCATGG-1,0.266332,0.121289,0.002794,0.609585
ACTATCGCCGGCTAAA-1,0.278678,0.000044,0.209647,0.511631
ACTATCTGCCCGCGTA-1,0.062704,0.51426,0.179797,0.243239
ACTATGTCCAGCTGCC-1,0.142062,0.854007,0.000447,0.003484
ACTATTCGTCCGTGGT-1,0.010526,0.000121,0.30074,0.688613
ACTATTTCCGGGCCCA-1,0.343493,0.027863,0.471868,0.156776
ACTCAACGAATGTATT-1,0.019001,0.000082,0.188619,0.792298
ACTCAAGTGCAAGGCT-1,0.088418,0.043345,0.628634,0.239602
ACTCAATAAAGGCACG-1,0.140411,0.017574,0.571664,0.270351
ACTCAGACCTGCTTCT-1,0.563851,0.052835,0.016624,0.366691
ACTCATGGCAGCCTTC-1,0.228183,0.173434,0.598284,0.000099
ACTCCAATATCATCAT-1,0.735705,0.192818,0.040084,0.031393
ACTCCCATTCCTAAAG-1,0.019534,0.214419,0.713741,0.052305
ACTCCCGAATTCGTTT-1,0.081466,0.08279,0.067071,0.768672
ACTCCCTAATGCTAAA-1,0.244961,0.30737,0.027951,0.419718
ACTCCCTAGAATAGTA-1,0.130904,0.119686,0.332757,0.416653
ACTCCGGCCGACCACT-1,0.187152,0.166343,0.588689,0.057815
ACTCGATGTATTTCAT-1,0.347368,0.001337,0.124193,0.527103
ACTCGCCGTTCGATAA-1,0.427169,0.353064,0.019351,0.200416
ACTCGTAACCCGTCCT-1,0.417079,0.159505,0.380073,0.043343
ACTCGTCAGTAATCCC-1,0.458018,0.022614,0.220679,0.298689
ACTCTAAACCTGGGAT-1,0.020781,0.021716,0.622003,0.335501
ACTCTCTGACTTAGGT-1,0.307267,0.00036,0.425826,0.266548
ACTCTCTTATACACGA-1,0.000407,0.000163,0.201498,0.797932
ACTCTGACCTAATAGA-1,0.191977,0.317306,0.345804,0.144912
ACTCTTGTATAGTAAC-1,0.037515,0.015674,0.485642,0.46117
ACTGAAACGCCGTTAG-1,0.159579,0.222951,0.472122,0.145348
ACTGAATGGCGAAAGT-1,0.067874,0.009168,0.454741,0.468216
ACTGATTTAGTGATTC-1,0.118252,0.000282,0.097981,0.783486
ACTGCCCGCCATTCTC-1,0.115489,0.240017,0.50843,0.136064
ACTGCCGTCGTAACTC-1,0.263566,0.000419,0.137045,0.598971
ACTGCGGACACACCGT-1,0.116513,0.007533,0.036808,0.839146
ACTGCTCGGAAGGATG-1,0.213477,0.613927,0.139999,0.032597
ACTGGGATGCCAGTGC-1,0.710628,0.257523,0.011144,0.020705
ACTGTACGATACACAT-1,0.000238,0.000095,0.693715,0.305952
ACTGTAGCACTTTGGA-1,0.511364,0.215744,0.040613,0.232279
ACTGTATACGCGAGCA-1,0.162324,0.043148,0.255013,0.539515
ACTGTCCAGGATTATA-1,0.372919,0.0069,0.066815,0.553366
ACTGTCTTCTTTAGAA-1,0.515748,0.036083,0.0087,0.439469
ACTGTGCTAGTAGATC-1,0.115124,0.099072,0.118644,0.667159
ACTGTTTAGTGTAGGC-1,0.072777,0.166148,0.000082,0.760994
ACTTACCGGGCGCGCA-1,0.000387,0.000155,0.000155,0.999304
ACTTACGCATCCACGC-1,0.746033,0.112008,0.056314,0.085646
ACTTAGTACGACAAGA-1,0.092529,0.083816,0.146526,0.67713
ACTTATACTTACCCGG-1,0.251936,0.011179,0.304512,0.432373
ACTTATCTGATCTATA-1,0.000184,0.035486,0.236654,0.727676
ACTTATTAGGATCGGT-1,0.30549,0.000079,0.055954,0.638477
ACTTATTTATGTGCCA-1,0.472442,0.024438,0.231448,0.271672
ACTTCAGGCTGATCCC-1,0.317009,0.049239,0.384761,0.248991
ACTTCCAGTGGAAGCT-1,0.01805,0.716021,0.200772,0.065158
ACTTCCATGCGGGACA-1,0.31476,0.104597,0.316385,0.264258
ACTTCGCCATACGCAC-1,0.325799,0.004569,0.166007,0.503625
ACTTGACTCCCTCTTT-1,0.474084,0.169723,0.115316,0.240877
ACTTGCCATATTGTAC-1,0.203027,0.234966,0.000072,0.561935
ACTTGCTCTATCTACC-1,0.141848,0.126896,0.602436,0.12882
ACTTGGGACCCGGTGG-1,0.302974,0.030555,0.285955,0.380516
ACTTGGGCTTTCGCCA-1,0.126772,0.047045,0.812029,0.014154
ACTTGTAGTCCCTTCA-1,0.074464,0.134748,0.565895,0.224893
ACTTGTGGATGGAACG-1,0.446979,0.328223,0.025715,0.199083
ACTTGTTACCGGATCA-1,0.784231,0.054259,0.141025,0.020485
ACTTTACCCTCATGAA-1,0.067192,0.06929,0.084925,0.778593
ACTTTATACACCACTT-1,0.053739,0.535464,0.309691,0.101106
ACTTTCCTATAGCTTC-1,0.649226,0.028523,0.029006,0.293244
ACTTTGACTGCATCCT-1,0.456991,0.164155,0.000033,0.378822
ACTTTGGTCGTGCTCC-1,0.074708,0.219629,0.697986,0.007677
ACTTTGTCGACGCACT-1,0.175733,0.357314,0.016861,0.450093
AGAAATTATGACTCGC-1,0.257947,0.321516,0.069013,0.351523
AGAACACGGCGATGGT-1,0.000121,0.098605,0.657887,0.243387
AGAACCCTCAATTGGG-1,0.021579,0.064514,0.864089,0.049818
AGAACGTGGTACATTC-1,0.477718,0.011475,0.142822,0.367985
AGAACTGTACTTTGTA-1,0.04171,0.072258,0.783663,0.102369
AGAAGAGCGCCGTTCC-1,0.511218,0.00025,0.00025,0.488283
AGAAGGTACACTTCAC-1,0.00011,0.408603,0.591222,0.000066
AGAAGGTTGCCGAATT-1,0.261066,0.197865,0.259316,0.281753
AGAAGGTTGTAGGTCG-1,0.254274,0.076767,0.569167,0.099792
AGAAGTGATTCGTGAT-1,0.264948,0.026463,0.338013,0.370576
AGAATAAATCTTCAGG-1,0.000149,0.004631,0.710517,0.284703
AGAATACAGGCTATCC-1,0.109145,0.691125,0.167255,0.032475
AGAATTATGGATTCGA-1,0.024375,0.047363,0.230036,0.698227
AGAATTGTTTGACATA-1,0.206948,0.076768,0.361569,0.354715
AGACAGCTCAGAATCC-1,0.035817,0.000096,0.624305,0.339782
AGACAGGCATCTCAGC-1,0.009174,0.182199,0.046538,0.762089
AGACATAGATCCTTCC-1,0.090375,0.00009,0.170485,0.739051
AGACCAAACCACACCT-1,0.058153,0.106624,0.636294,0.198929
AGACCATGGGATACAA-1,0.666184,0.189004,0.01117,0.133642
AGACCCACCGCTGATC-1,0.283103,0.014928,0.184646,0.517324
AGACCCGCCCTCCTCG-1,0.495482,0.076941,0.000898,0.426679
AGACCGCTCCGCGGTT-1,0.392026,0.078464,0.118251,0.41126
AGACCGGGAAACCCTG-1,0.009775,0.012746,0.907788,0.069691
AGACGAAGTGCCGGTC-1,0.11529,0.132705,0.42356,0.328444
AGACGACGATGCCGCT-1,0.560543,0.135997,0.132671,0.170788
AGACGCCCACTTCGCC-1,0.122103,0.692596,0.004125,0.181176
AGACTAGCCTTCCAGA-1,0.574647,0.029877,0.004931,0.390545
AGACTGTTACCGGGTC-1,0.527282,0.279901,0.126635,0.066183
AGAGAAACACCAGAAA-1,0.608165,0.09714,0.097007,0.197688
AGAGAACCGTCTAGGA-1,0.27803,0.07436,0.23241,0.4152
AGAGAAGGAGTACAAT-1,0.404622,0.059812,0.341417,0.194149
AGAGATCTCTAAAGCG-1,0.000201,0.00008,0.922466,0.077252
AGAGCAGTTATGAGAC-1,0.121883,0.235127,0.477441,0.165548
AGAGCCGCCGAGATTT-1,0.0032,0.559392,0.231252,0.206156
AGAGCGGGCTAATCAT-1,0.556107,0.0093,0.000336,0.434257
AGAGCGTACAAGCTCG-1,0.335561,0.075224,0.034499,0.554716
AGAGCTACGAAAGCAT-1,0.312866,0.196507,0.011279,0.479348
AGAGGCTTCGGAAACC-1,0.010594,0.165559,0.653585,0.170262
AGAGGTATCTCGGTCC-1,0.215361,0.140654,0.000046,0.643939
AGAGTAAACTTCACTA-1,0.000181,0.2479,0.323066,0.428853
AGATAACTTCAGGGCC-1,0.563955,0.02103,0.150857,0.264158
AGATAATCACACCTAT-1,0.105126,0.225907,0.574964,0.094003
AGATACCAATAGAACC-1,0.446799,0.467918,0.001417,0.083866
AGATACCGGTGTTCAC-1,0.036972,0.000076,0.467369,0.495584
AGATACGACTTCATAT-1,0.944025,0.017655,0.000014,0.038305
AGATACTCAAGATCGA-1,0.424706,0.001069,0.339508,0.234717
AGATATAATACGACTA-1,0.607741,0.146153,0.184062,0.062044
AGATCGTGCATAAGAT-1,0.13361,0.181905,0.000024,0.68446
AGATCTCAGGTGTGAT-1,0.692114,0.009196,0.030389,0.268301
AGATCTGGAGAGGATA-1,0.072722,0.035515,0.725299,0.166463
AGATGACTCGCCCACG-1,0.060326,0.000134,0.544887,0.394653
AGATGAGGGTTGCGAT-1,0.00036,0.000144,0.068094,0.931402
AGATGATGGAGTCTGG-1,0.166706,0.135198,0.000038,0.698058
AGATGCAAGACGTGCA-1,0.814581,0.134857,0.021232,0.02933
AGATGCATCCTGTGTC-1,0.115969,0.79477,0.022152,0.067109
AGATGCTATAACGAGC-1,0.216878,0.021419,0.366247,0.395457
AGATTATAGGACGTTT-1,0.517715,0.035487,0.003404,0.443393
AGATTCACAACCGATA-1,0.517544,0.209454,0.180999,0.092004
AGCAAAGGCCGCTAGT-1,0.595989,0.146362,0.142285,0.115364
AGCAACATATCTTATT-1,0.354557,0.017432,0.285655,0.342356
AGCAACCGAAAGTAAT-1,0.000439,0.000052,0.859015,0.140494
AGCACACGTTTAGACT-1,0.141801,0.660197,0.179559,0.018442
AGCACCAGTACTCACG-1,0.527037,0.000054,0.155548,0.317361
AGCACTACCGGCCTGT-1,0.089337,0.06459,0.48247,0.363603
AGCACTACCTCACCAG-1,0.177603,0.020136,0.673649,0.128612
AGCACTTAAGGACGCC-1,0.581782,0.000035,0.075108,0.343074
AGCAGAAGGAGAAAGA-1,0.273386,0.075328,0.373816,0.27747
AGCAGCCAGATGAATA-1,0.259921,0.158477,0.165956,0.415645
AGCAGTCGAAGCATGC-1,0.543322,0.120572,0.243758,0.092349
AGCATATCAATATGCT-1,0.102387,0.12368,0.520444,0.253489
AGCATCATTTCGAAAG-1,0.144423,0.3457,0.451643,0.058234
AGCATCGTCGATAATT-1,0.297136,0.000045,0.000838,0.701981
AGCATTACGAGGCAAG-1,0.087161,0.433672,0.212952,0.266216
AGCCAAGCTTTGTGTC-1,0.529602,0.397308,0.03277,0.04032
AGCCACAGGTTACCCG-1,0.685035,0.204761,0.038298,0.071906
AGCCACTCCCGTGCTT-1,0.594401,0.011628,0.006679,0.387292
AGCCATATAGTATGTG-1,0.503817,0.073146,0.279851,0.143186
AGCCCATACATGTAAG-1,0.014643,0.000066,0.771135,0.214156
AGCCCGCAACAAGCAG-1,0.783358,0.034032,0.101086,0.081524
AGCCCGCACTACAATG-1,0.022001,0.209221,0.571179,0.197599
AGCCCGGCATTAGAGG-1,0.34665,0.282597,0.295769,0.074984
AGCCCGGTAGCCTGTA-1,0.361324,0.077751,0.34124,0.219685
AGCCCTAAGCGAAGTT-1,0.551773,0.114639,0.023284,0.310303
AGCCCTCCCTGGTGGC-1,0.052463,0.29402,0.581012,0.072505
AGCCCTGTCGCACCGT-1,0.000374,0.00015,0.260587,0.73889
AGCCCTTGGACATCCC-1,0.196432,0.398381,0.029079,0.376108
AGCCGCAAATTCAAAT-1,0.136274,0.052185,0.609263,0.202278
AGCCGCTTGATTAGCG-1,0.028372,0.150085,0.17047,0.651073
AGCCGTGGCTAAATGT-1,0.490113,0.32361,0.029036,0.157241
AGCCTAATACCCACGT-1,0.459547,0.043323,0.36264,0.134489
AGCCTTAAAGCGGAAG-1,0.497366,0.029132,0.108322,0.36518
AGCCTTGTCACTGATA-1,0.000156,0.000767,0.859553,0.139523
AGCGACAGGAACGGTC-1,0.155755,0.136025,0.224199,0.484022
AGCGACATCCCATTCA-1,0.234626,0.000105,0.488066,0.277203
AGCGACCAACGATATT-1,0.000219,0.000088,0.668216,0.331477
AGCGACTTTGAAGACA-1,0.605637,0.116275,0.265655,0.012433
AGCGAGACGTGAAGGC-1,0.051469,0.390002,0.537081,0.021448
AGCGATGCGCCTAATA-1,0.311059,0.36118,0.110438,0.217323
AGCGCATAATGAATCG-1,0.812183,0.070206,0.010426,0.107184
AGCGCGGGTGCCAATG-1,0.419759,0.10382,0.022973,0.453447
AGCGGACACTTCGTAG-1,0.201452,0.104312,0.451514,0.242721
AGCGGCGGTTAGCGGT-1,0.000151,0.000061,0.904235,0.095553
AGCGGGAAGGGTCCAT-1,0.932026,0.000028,0.000043,0.067903
AGCGGGTCTGACACTC-1,0.303603,0.108713,0.422457,0.165228
AGCGTACGAGAGCTAG-1,0.44491,0.008254,0.207823,0.339013
AGCGTAGCGCTAGACC-1,0.556796,0.017175,0.00286,0.42317
AGCGTCTGAACCCGCA-1,0.028055,0.000078,0.32902,0.642847
AGCGTGGTATTCTACT-1,0.645125,0.09821,0.175778,0.080887
AGCTAACAAGCAATGT-1,0.797892,0.06881,0.037212,0.096086
AGCTAAGCTCCGTCCG-1,0.428548,0.066413,0.482794,0.022245
AGCTAAGTACGCAGGC-1,0.429188,0.22158,0.033802,0.315429
AGCTACGAATGGTGGT-1,0.016965,0.390684,0.475922,0.116429
AGCTAGAAGCAGAAGT-1,0.073512,0.081871,0.000045,0.844572
AGCTATTTAATCCAAC-1,0.755239,0.126098,0.000022,0.118641
AGCTCCATATATGTTC-1,0.156218,0.142287,0.319746,0.381749
AGCTCCTTCGCACATC-1,0.035531,0.156072,0.637973,0.170424
AGCTCTAGACGTTCCA-1,0.047412,0.045745,0.513385,0.393458
AGCTCTTCCCAGTGCA-1,0.287793,0.006066,0.005705,0.700436
AGCTCTTCGTAACCTT-1,0.39492,0.062233,0.031327,0.511521
AGCTCTTTACTCAGTT-1,0.181873,0.000089,0.281952,0.536085
AGCTGAAGTAAACCAA-1,0.284343,0.053653,0.267423,0.394581
AGCTGTAACCTCAATC-1,0.000243,0.411704,0.577674,0.01038
AGCTTATAGAGACCTG-1,0.275764,0.038477,0.000053,0.685707
AGCTTCTTCTCGAGCA-1,0.434084,0.348131,0.143248,0.074537
AGCTTGATCAGGGTAG-1,0.000748,0.000299,0.971602,0.027351
AGCTTGATCTTAACTT-1,0.249025,0.037895,0.07385,0.63923
AGGAAAGCCTCTGATG-1,0.156331,0.015833,0.506991,0.320845
AGGAACGAACGACTTC-1,0.035934,0.664165,0.052943,0.246958
AGGAAGCTGTCCGCCG-1,0.665155,0.04724,0.162491,0.125114
AGGACAGTCGAATCCC-1,0.164221,0.013563,0.444963,0.377253
AGGACATCGCACGTCG-1,0.092333,0.000071,0.054885,0.852711
AGGACATCGGCACACT-1,0.000228,0.029139,0.495218,0.475415
AGGACGACCCATTAGA-1,0.285331,0.204425,0.095662,0.414582
AGGACGCTCGATGTTG-1,0.01596,0.000111,0.174078,0.809851
AGGACTTATAGGAGAA-1,0.132667,0.000064,0.180563,0.686706
AGGAGCGTTTATTATC-1,0.041191,0.520437,0.109832,0.32854
AGGAGGCCTTCGCGCG-1,0.078057,0.221911,0.405631,0.294402
AGGATAAAGTCGGGAT-1,0.15055,0.020203,0.525841,0.303405
AGGATATAGGGATTTA-1,0.148451,0.015288,0.296962,0.5393
AGGATATCCGACTGCA-1,0.397834,0.416043,0.151961,0.034162
AGGATCACGCGATCTG-1,0.028449,0.006744,0.879869,0.084938
AGGCAAAGAGGAATCA-1,0.000215,0.113684,0.194686,0.691415
AGGCAATACGGAGGAC-1,0.877135,0.064201,0.043473,0.015191
AGGCACGTGACTGTCC-1,0.045848,0.437981,0.15608,0.36009
AGGCAGATGCGTAAAC-1,0.681103,0.064525,0.004063,0.250309
AGGCAGGGAGCGTACT-1,0.347778,0.171512,0.339044,0.141666
AGGCATTGTCGTAGGG-1,0.157027,0.008569,0.441807,0.392597
AGGCCACCCGTTATGA-1,0.852843,0.001177,0.002372,0.143609
AGGCCCAGTGACTGGT-1,0.001441,0.000083,0.647487,0.35099
AGGCCCATTGTACAGG-1,0.00027,0.000108,0.632113,0.367509
AGGCCCTAGAACGCCA-1,0.304675,0.055303,0.313849,0.326173
AGGCCTATCATACCAA-1,0.589979,0.067357,0.114585,0.228079
AGGCCTGAGAATCTCG-1,0.425152,0.104526,0.359078,0.111243
AGGCGATAACTGGCGT-1,0.000177,0.033448,0.339689,0.626685
AGGCGGTTTGTCCCGC-1,0.047682,0.007519,0.827506,0.117292
AGGCTATGGTTAGCTT-1,0.000258,0.030269,0.369781,0.599692
AGGCTTAAGTTGCACA-1,0.484144,0.220038,0.294727,0.001091
AGGCTTCCCGAAGAAG-1,0.199331,0.430509,0.060041,0.310119
AGGCTTGCTAGACACC-1,0.269385,0.000075,0.160303,0.570237
AGGGAAACGAGGTACT-1,0.100177,0.000126,0.140689,0.759009
AGGGACAGCACGGCGG-1,0.421824,0.149607,0.000022,0.428548
AGGGACCGGCTGCGTT-1,0.105882,0.17059,0.032826,0.690702
AGGGACTCTACGCGAC-1,0.045051,0.000075,0.641591,0.313283
AGGGCAGCGGCGTGGT-1,0.019864,0.081158,0.082397,0.81658
AGGGCCCTAATGTTCT-1,0.000227,0.013943,0.639209,0.346621
AGGGCGAGCAGCTGAT-1,0.209433,0.106387,0.500585,0.183594
AGGGCGTGATCGGCTA-1,0.024033,0.00009,0.598803,0.377074
AGGGCTGCAGTTACAG-1,0.000199,0.023264,0.545074,0.431463
AGGGTCAGAGCACTCG-1,0.34651,0.170782,0.16782,0.314887
AGGGTCGATGCGAACT-1,0.233116,0.030202,0.247835,0.488847
AGGGTCTGGACGCAGT-1,0.013963,0.929488,0.010508,0.046042
AGGGTGCCGTTCTTTA-1,0.592887,0.090777,0.265423,0.050914
AGGGTGCTCTCGAGGG-1,0.113156,0.128282,0.2882,0.470363
AGGGTGGATAGTGCAT-1,0.053262,0.000084,0.707709,0.238946
AGGGTTCAGACGGTCC-1,0.555762,0.045739,0.222354,0.176145
AGGGTTCCCTTTGGTT-1,0.109654,0.012906,0.370278,0.507161
AGGGTTTAGTTCGGGA-1,0.202509,0.000064,0.146754,0.650673
AGGTAACCTCCTATTC-1,0.152089,0.000096,0.29835,0.549465
AGGTACGATATTGCCA-1,0.558528,0.111892,0.000038,0.329542
AGGTAGATCGAGATAT-1,0.673324,0.038325,0.120142,0.168209
AGGTAGGTACAAAGCT-1,0.167551,0.002373,0.646731,0.183345
