Barcode,Topic 1to2,Topic 3,Topic 4,Topic 5to7,Topic 8,Topic 9,Topic 10,Topic 11
AAACAACGAATAGTTC-1,0.316337,0.132821,0.000103,0.047933,0.0289,0.098871,0.026627,0.348409
AAACAAGTATCTCCCA-1,0.151864,0.00858,0.297557,0.458785,0.011404,0.023416,0.026928,0.021465
AAACAATCTACTAGCA-1,0.987551,0.000157,0.000157,0.000472,0.000157,0.000157,0.000157,0.011191
AAACACCAATAACTGC-1,0.105578,0.003759,0.172083,0.008113,0.614483,0.002605,0.092105,0.001274
AAACAGAGCGACTCCT-1,0.891157,0.000031,0.000031,0.078079,0.000031,0.005324,0.000031,0.025318
AAACAGCTTTCAGAAG-1,0.430732,0.56763,0.000205,0.000614,0.000205,0.000205,0.000205,0.000205
AAACAGGGTCTATATT-1,0.764928,0.000034,0.002071,0.232833,0.000034,0.000034,0.000034,0.000034
AAACAGTGTTCCTGGG-1,0.5271,0.040058,0.006674,0.426077,0.000023,0.000023,0.000023,0.000023
AAACATGGTGAGAGGA-1,0.520349,0.000105,0.004034,0.000059,0.00002,0.00002,0.474008,0.001405
AAACATTTCCCGGATT-1,0.148395,0.012718,0.066228,0.63585,0.070093,0.033663,0.008471,0.024581
AAACCACTACACAGAT-1,0.119986,0.028612,0.471786,0.07908,0.077276,0.038873,0.117775,0.066612
AAACCCGAACGAAATC-1,0.043405,0.268493,0.142055,0.406736,0.075727,0.006588,0.042035,0.014961
AAACCGGAAATGTTAA-1,0.402647,0.000016,0.117623,0.345251,0.004043,0.037899,0.089349,0.003172
AAACCGGGTAGGTACC-1,0.582291,0.000044,0.000044,0.178426,0.056669,0.11443,0.000044,0.068053
AAACCGTTCGTCCAGG-1,0.057912,0.078652,0.029604,0.459908,0.022594,0.336676,0.000011,0.014644
AAACCTAAGCAGCCGG-1,0.114402,0.075215,0.321667,0.227875,0.066557,0.012237,0.170181,0.011868
AAACCTCATGAAGTTG-1,0.999258,0.000082,0.000082,0.000247,0.000082,0.000082,0.000082,0.000082
AAACGAAGAACATACC-1,0.610461,0.086008,0.000072,0.000217,0.005963,0.000072,0.221384,0.075822
AAACGAAGATGGAGTA-1,0.95609,0.000045,0.000045,0.000135,0.000045,0.000045,0.013562,0.030032
AAACGACAGTCTTGCC-1,0.027653,0.074883,0.373757,0.00298,0.349812,0.010282,0.125582,0.035051
AAACGAGACGGTTGAT-1,0.108796,0.022223,0.006283,0.229476,0.020316,0.058871,0.304955,0.249081
AAACGCCCGAGATCGG-1,0.072169,0.035546,0.185496,0.074134,0.440043,0.040655,0.143504,0.008454
AAACGCTGGGCACGAC-1,0.470121,0.000016,0.012217,0.515361,0.000016,0.000016,0.002237,0.000016
AAACGGGCGTACGGGT-1,0.082397,0.313728,0.154584,0.078977,0.221407,0.023737,0.117385,0.007785
AAACGGGTTGGTATCC-1,0.998747,0.000139,0.000139,0.000418,0.000139,0.000139,0.000139,0.000139
AAACGGTTGCGAACTG-1,0.304663,0.139693,0.057591,0.359702,0.051159,0.008889,0.05115,0.027152
AAACGTGTTCGCCCTA-1,0.226015,0.368037,0.2687,0.124901,0.000647,0.002341,0.0078,0.001559
AAACTAACGTGGCGAC-1,0.057007,0.084902,0.239885,0.046283,0.297456,0.149862,0.109211,0.015394
AAACTCGGTTCGCAAT-1,0.176982,0.178198,0.237703,0.258921,0.133777,0.007732,0.006019,0.000668
AAACTCGTGATATAAG-1,0.200448,0.142132,0.098824,0.273074,0.038947,0.012941,0.119842,0.113793
AAACTGCTGGCTCCAA-1,0.003901,0.159866,0.001657,0.309836,0.127907,0.115807,0.00649,0.274537
AAACTTAATTGCACGC-1,0.989969,0.000048,0.000048,0.000144,0.000048,0.000048,0.009647,0.000048
AAACTTGCAAACGTAT-1,0.081785,0.049968,0.000013,0.000211,0.128814,0.004396,0.618768,0.116045
AAAGAATGACCTTAGA-1,0.975396,0.000038,0.022863,0.001553,0.000038,0.000038,0.000038,0.000038
AAAGAATGTGGACTAA-1,0.238152,0.254426,0.095505,0.393683,0.005015,0.00001,0.013199,0.00001
AAAGACATGAAGTTTA-1,0.093368,0.000019,0.000019,0.034971,0.388901,0.02511,0.149239,0.308373
AAAGACCCAAGTCGCG-1,0.891108,0.000121,0.000121,0.000363,0.000121,0.000121,0.003578,0.104467
AAAGACTGGGCGCTTT-1,0.999357,0.000071,0.000071,0.000214,0.000071,0.000071,0.000071,0.000071
AAAGCTTGCCTACATA-1,0.000011,0.419654,0.129373,0.087863,0.315967,0.012851,0.023695,0.010587
AAAGGCCCTATAATAC-1,0.305727,0.122394,0.082854,0.099765,0.079817,0.017737,0.276966,0.01474
AAAGGCTACGGACCAT-1,0.034517,0.364667,0.00226,0.404801,0.152038,0.012577,0.017585,0.011554
AAAGGCTCTCGCGCCG-1,0.622478,0.000027,0.0505,0.319277,0.000027,0.000027,0.003115,0.004549
AAAGGGATGTAGCAAG-1,0.397818,0.000028,0.000028,0.020218,0.000028,0.009341,0.097366,0.475173
AAAGGGCAGCTTGAAT-1,0.996503,0.00009,0.00009,0.00027,0.00009,0.00009,0.00009,0.002778
AAAGGTAAGCTGTACC-1,0.246426,0.019177,0.086042,0.260133,0.163604,0.090709,0.118142,0.015768
AAAGGTCAACGACATG-1,0.007461,0.139788,0.129743,0.000046,0.376069,0.009884,0.331519,0.005491
AAAGTAGCATTGCTCA-1,0.132964,0.214682,0.005337,0.095903,0.189526,0.159057,0.120349,0.082183
AAAGTCACTGATGTAA-1,0.624847,0.000075,0.000075,0.000226,0.000075,0.000075,0.253054,0.121572
AAAGTCGACCCTCAGT-1,0.714718,0.000067,0.000067,0.190189,0.000067,0.000067,0.000067,0.09476
AAAGTGCCATCAATTA-1,0.401582,0.099522,0.159307,0.240816,0.022144,0.014985,0.059932,0.001713
AAAGTGTGATTTATCT-1,0.154048,0.054755,0.158858,0.139657,0.059139,0.054062,0.253579,0.125902
AAAGTTGACTCCCGTA-1,0.36278,0.008507,0.021305,0.574521,0.000021,0.012622,0.005682,0.014562
AAATAACCATACGGGA-1,0.244476,0.164078,0.000033,0.207509,0.011391,0.151062,0.020801,0.20065
AAATAAGGTAGTGCCC-1,0.00001,0.261084,0.007311,0.284452,0.132063,0.130506,0.01673,0.167845
AAATACCTATAAGCAT-1,0.020749,0.006313,0.000017,0.211365,0.17935,0.084999,0.01756,0.479648
AAATAGCTTAGACTTT-1,0.02666,0.117454,0.062889,0.538897,0.150204,0.027211,0.02555,0.051135
AAATAGGGTGCTATTG-1,0.026569,0.430754,0.013285,0.069756,0.155437,0.081241,0.145323,0.077635
AAATCACTCCTAAACG-1,0.001974,0.503969,0.053889,0.000373,0.34697,0.00166,0.091052,0.000113
AAATCCGATACACGCC-1,0.467491,0.134067,0.19992,0.10592,0.001517,0.00001,0.091064,0.00001
AAATCGCGGAAGGAGT-1,0.999379,0.000069,0.000069,0.000207,0.000069,0.000069,0.000069,0.000069
AAATCGTGTACCACAA-1,0.333104,0.000022,0.000022,0.565199,0.006148,0.01019,0.013633,0.071682
AAATCTAGCCCTGCTA-1,0.007705,0.00001,0.176837,0.390084,0.006242,0.418563,0.00001,0.000547
AAATCTGCCCGCGTCC-1,0.363076,0.113428,0.043422,0.056003,0.121177,0.05725,0.093422,0.152221
AAATGACTGATCAAAC-1,0.030577,0.000021,0.000021,0.184266,0.086698,0.020533,0.000308,0.677575
AAATGATTCGATCAGC-1,0.007875,0.278086,0.06858,0.283734,0.152888,0.009726,0.12466,0.074452
AAATGCTCGTTACGTT-1,0.866267,0.000093,0.000093,0.000278,0.000093,0.000093,0.000093,0.132991
AAATGGCATGTCTTGT-1,0.04984,0.081704,0.012622,0.000104,0.071552,0.027966,0.045712,0.710499
AAATGGCCCGTGCCCT-1,0.519252,0.014956,0.019607,0.0001,0.004165,0.000033,0.441698,0.00019
AAATGGTCAATGTGCC-1,0.632534,0.000031,0.000031,0.015979,0.000031,0.027375,0.013365,0.310655
AAATGTATCTTATCCC-1,0.999619,0.000042,0.000042,0.000127,0.000042,0.000042,0.000042,0.000042
AAATGTGGGTGCTCCT-1,0.42714,0.571573,0.000161,0.000483,0.000161,0.000161,0.000161,0.000161
AAATTAACGGGTAGCT-1,0.381636,0.000021,0.000021,0.371292,0.012864,0.02238,0.000021,0.211766
AAATTAATAAGCGCGA-1,0.862875,0.136344,0.000098,0.000293,0.000098,0.000098,0.000098,0.000098
AAATTACACGACTCTG-1,0.255379,0.000028,0.003375,0.044596,0.000691,0.071944,0.314138,0.309849
AAATTACCTATCGATG-1,0.115105,0.086919,0.040039,0.198003,0.014285,0.009897,0.25203,0.283721
AAATTCCAGGTCCAAA-1,0.046714,0.571697,0.012474,0.2787,0.049991,0.006703,0.000701,0.033021
AAATTGATAGTCCTTT-1,0.274887,0.038464,0.158619,0.074418,0.019121,0.129825,0.261524,0.043142
AAATTGCGGCGGTTCT-1,0.969792,0.000175,0.000175,0.000525,0.000175,0.000175,0.000175,0.028809
AAATTGGTGAGAAGCA-1,0.163826,0.026894,0.247719,0.35899,0.090061,0.097704,0.011785,0.003021
AAATTTACCGAAATCC-1,0.014544,0.013136,0.147523,0.013319,0.426599,0.128437,0.146309,0.110133
AAATTTGCGGGTGTGG-1,0.257896,0.038304,0.085218,0.215553,0.014558,0.147515,0.107807,0.13315
AACAACTGGTAGTTGC-1,0.019088,0.067677,0.000025,0.000074,0.217832,0.022307,0.257896,0.415101
AACAATACATTGTCGA-1,0.574358,0.150039,0.085926,0.189619,0.000015,0.000015,0.000015,0.000015
AACAATTACTCTACGC-1,0.976465,0.000095,0.000095,0.000286,0.000095,0.000095,0.000095,0.022771
AACACACGCTCGCCGC-1,0.170662,0.029169,0.156369,0.438533,0.120888,0.039424,0.008798,0.036158
AACACGACTGTACTGA-1,0.025819,0.033735,0.000024,0.005779,0.32993,0.038075,0.092604,0.474033
AACACGAGACGCGGCC-1,0.597051,0.03799,0.000026,0.025135,0.07172,0.000069,0.133081,0.134929
AACACGCGGCCGCGAA-1,0.508991,0.000066,0.011827,0.000198,0.000066,0.000066,0.222892,0.255896
AACAGCTGTGTGGCAA-1,0.001262,0.021368,0.193032,0.081681,0.586358,0.104607,0.011339,0.000352
AACAGGAAATCGAATA-1,0.278207,0.002889,0.017886,0.096379,0.116532,0.038637,0.109372,0.340099
AACAGGATGGGCCGCG-1,0.262394,0.003135,0.005614,0.000133,0.0025,0.000044,0.273081,0.4531
AACAGGTAGTATGGAT-1,0.038191,0.01736,0.327511,0.264892,0.180895,0.025314,0.048422,0.097415
AACATAGCGTGTATCG-1,0.148775,0.000018,0.000018,0.455922,0.052396,0.048689,0.000436,0.293747
AACATATCAACTGGTG-1,0.006598,0.104831,0.025488,0.314319,0.257163,0.021613,0.099019,0.170969
AACATCGATACGTCTA-1,0.322522,0.103846,0.29668,0.238184,0.002132,0.018265,0.016028,0.002343
AACATTGAAGTTGATC-1,0.26507,0.167029,0.271038,0.050223,0.078405,0.003885,0.144329,0.020023
AACATTGGTCAGCCGT-1,0.241308,0.756817,0.000234,0.000703,0.000234,0.000234,0.000234,0.000234
AACATTGTGACTCGAG-1,0.000007,0.16855,0.156518,0.21249,0.427887,0.030937,0.001406,0.002205
AACCAAGACTTCTCTG-1,0.11228,0.026371,0.017774,0.001784,0.50007,0.017831,0.28845,0.035438
AACCAGTATCACTCTT-1,0.000039,0.174541,0.027555,0.003002,0.372937,0.234487,0.050622,0.136817
AACCATAGGGTTGAAC-1,0.654543,0.145541,0.052406,0.006166,0.046319,0.000079,0.050334,0.044612
AACCATGGGATCGCTA-1,0.598534,0.000087,0.000087,0.000261,0.000087,0.000087,0.145185,0.255672
AACCCAGAGACGGAGA-1,0.998995,0.000112,0.000112,0.000335,0.000112,0.000112,0.000112,0.000112
AACCCATCCCATGATC-1,0.319897,0.004681,0.000045,0.000134,0.000045,0.000045,0.604765,0.070389
AACCCGACAACCCGTG-1,0.113293,0.152012,0.342981,0.140386,0.083565,0.001765,0.155578,0.010421
AACCCGAGCAGAATCG-1,0.013142,0.362302,0.107752,0.262003,0.131653,0.019145,0.034619,0.069384
AACCCGATAGGGCTTC-1,0.344564,0.233702,0.217385,0.000068,0.000016,0.000016,0.204235,0.000016
AACCCGCTGTATTCCA-1,0.305747,0.009097,0.02015,0.077541,0.045482,0.00895,0.213463,0.31957
AACCCTACTGTCAATA-1,0.506723,0.005307,0.003067,0.483162,0.000022,0.000022,0.000022,0.001677
AACCCTGGTGGAACCA-1,0.123084,0.000029,0.000029,0.000088,0.032885,0.02206,0.176738,0.645087
AACCGAGCTTGGTCAT-1,0.339237,0.000034,0.000034,0.000102,0.000034,0.010589,0.426753,0.223217
AACCGCTAAGGGATGC-1,0.095848,0.060588,0.078374,0.12876,0.186256,0.055823,0.339853,0.054498
AACCGTTGTGTTTGCT-1,0.341142,0.000053,0.000053,0.004009,0.005793,0.000335,0.089929,0.558686
AACCTAAAGCCGTCCG-1,0.151632,0.05204,0.000041,0.000123,0.000041,0.000041,0.535497,0.260585
AACCTCGCTTTAGCCC-1,0.126031,0.319547,0.00639,0.187236,0.20728,0.04828,0.063524,0.041712
AACCTGTCACGGAATT-1,0.186638,0.008971,0.159759,0.521012,0.076023,0.008707,0.006686,0.032205
AACCTTTAAATACGGT-1,0.063001,0.164063,0.017127,0.254031,0.372364,0.067806,0.018784,0.042825
AACCTTTACGACGTCT-1,0.141502,0.094567,0.001852,0.047537,0.037113,0.330687,0.081408,0.265335
AACGAAAGTCGTCCCA-1,0.600516,0.388103,0.000075,0.011009,0.000075,0.000075,0.000075,0.000075
AACGACCTCCTAGCCG-1,0.031254,0.43996,0.098719,0.240953,0.051304,0.10463,0.026291,0.006889
AACGATAATGCCGTAG-1,0.425102,0.007077,0.000028,0.503886,0.003338,0.000029,0.049055,0.011485
AACGATAGAAGGGCCG-1,0.65958,0.000067,0.000067,0.000201,0.000067,0.000067,0.05661,0.283341
AACGATATGTCAACTG-1,0.07354,0.002795,0.012237,0.210684,0.014225,0.140048,0.126257,0.420214
AACGCATGATCTGGGT-1,0.242021,0.036722,0.045696,0.240877,0.014608,0.016399,0.307468,0.096208
AACGCGAACGGCAACA-1,0.999163,0.000093,0.000093,0.000279,0.000093,0.000093,0.000093,0.000093
AACGCGACCTTGGGCG-1,0.275768,0.000012,0.368521,0.346313,0.009044,0.000012,0.000317,0.000012
AACGCGGTCTCCAGCC-1,0.233155,0.000036,0.070613,0.093803,0.000036,0.040696,0.072029,0.48963
AACGCTGTTGCTGAAA-1,0.414395,0.031159,0.052729,0.460134,0.041514,0.000023,0.000023,0.000023
AACGGACGTACGTATA-1,0.094076,0.047896,0.153272,0.27861,0.166913,0.055281,0.165658,0.038294
AACGGCCATCTCCGGT-1,0.003996,0.126445,0.036159,0.312591,0.206589,0.30038,0.003755,0.010085
AACGTACTGTGGGTAC-1,0.675643,0.000032,0.000032,0.258578,0.000032,0.046916,0.000032,0.018735
AACGTAGTCTACCCAT-1,0.679237,0.000131,0.000131,0.000394,0.000131,0.009204,0.133853,0.176918
AACGTCAGACTAGTGG-1,0.187068,0.00004,0.035529,0.020257,0.178949,0.00271,0.158973,0.416473
AACGTCATCCGGCTTG-1,0.005195,0.002598,0.404684,0.577132,0.002598,0.002598,0.002598,0.002598
AACGTCGCTGCACTTC-1,0.065889,0.00247,0.100449,0.586474,0.139337,0.026631,0.004448,0.074301
AACGTGATGAAGGACA-1,0.10508,0.000025,0.0032,0.011573,0.138489,0.225025,0.233286,0.283322
AACGTGCGAAAGTCTC-1,0.028275,0.001024,0.052586,0.377131,0.014582,0.146522,0.049688,0.330193
AACGTTATCAGCACCT-1,0.998233,0.000196,0.000196,0.000589,0.000196,0.000196,0.000196,0.000196
AACGTTCTACCATTGT-1,0.743812,0.000075,0.000075,0.000226,0.000075,0.000075,0.000075,0.255585
AACTACCCGTTTGTCA-1,0.021967,0.253823,0.168902,0.150842,0.153062,0.027707,0.159836,0.063861
AACTAGCGTATCGCAC-1,0.577845,0.235824,0.000155,0.122306,0.000155,0.000155,0.0381,0.025459
AACTAGGCTTGGGTGT-1,0.306217,0.062988,0.156362,0.323131,0.061368,0.039119,0.009722,0.041093
AACTCAAGTTAATTGC-1,0.204578,0.01123,0.003042,0.171188,0.04779,0.134928,0.027125,0.400118
AACTCCAGAGCGTGTT-1,0.004367,0.312678,0.001788,0.274298,0.201414,0.097606,0.002945,0.104905
AACTCCTAATCCCATG-1,0.206839,0.000023,0.000031,0.160807,0.028425,0.186926,0.002224,0.414725
AACTCGATGGCGCAGT-1,0.864383,0.000116,0.000116,0.000347,0.000116,0.000116,0.020584,0.114222
AACTCTCAATAGAGCG-1,0.194196,0.059202,0.003004,0.393756,0.047368,0.033751,0.128368,0.140355
AACTCTCAGTGTGCTC-1,0.26087,0.007433,0.063104,0.407407,0.002744,0.15831,0.069321,0.03081
AACTGAGGTCAGCGTC-1,0.359858,0.000025,0.276437,0.137391,0.119695,0.08966,0.005713,0.011222
AACTGAGTTATACTGA-1,0.136489,0.103971,0.432809,0.094678,0.058335,0.019865,0.134802,0.019052
AACTGATATTAGGCCT-1,0.016943,0.142145,0.000017,0.008806,0.113176,0.271898,0.090016,0.356999
AACTGGGTCCCGACGT-1,0.74108,0.00005,0.00005,0.000149,0.00005,0.01735,0.00005,0.241223
AACTGGGTTCGAGCCG-1,0.075847,0.003624,0.000025,0.029273,0.281499,0.016987,0.280905,0.311841
AACTGGTGTGGGCCTT-1,0.797314,0.000082,0.000082,0.000246,0.000082,0.000082,0.013981,0.188132
AACTTCTGCGTCTATC-1,0.998946,0.000117,0.000117,0.000351,0.000117,0.000117,0.000117,0.000117
AACTTGCCCGTATGCA-1,0.650596,0.000073,0.000073,0.00022,0.000073,0.000073,0.074684,0.274205
AACTTGCGTTCTCGCG-1,0.66169,0.000115,0.000115,0.172577,0.000115,0.000115,0.000115,0.16516
AACTTTACGGGAGCTT-1,0.559233,0.439429,0.000167,0.000501,0.000167,0.000167,0.000167,0.000167
AACTTTAGCTGCTGAG-1,0.43083,0.566591,0.000322,0.000967,0.000322,0.000322,0.000322,0.000322
AACTTTCTCGATCATG-1,0.000017,0.058484,0.491807,0.119635,0.327527,0.000453,0.000291,0.001785
AAGAAAGTTTGATGGG-1,0.786761,0.034852,0.000095,0.101035,0.000095,0.01057,0.000095,0.066497
AAGAAATCACCAGATT-1,0.000009,0.076113,0.333866,0.081058,0.44362,0.047633,0.000959,0.016742
AAGAAGGATCAGTTAG-1,0.578217,0.000071,0.000071,0.000214,0.000071,0.000071,0.317986,0.103299
AAGACATACGTGGTTT-1,0.12187,0.019051,0.434034,0.223981,0.083443,0.07144,0.041237,0.004944
AAGACCAAATAACTCA-1,0.853609,0.078758,0.000056,0.067352,0.000056,0.000056,0.000056,0.000056
AAGACCCAACTGAACA-1,0.208271,0.000943,0.046101,0.50679,0.047322,0.051752,0.089162,0.049658
AAGACTAACCCGTTGT-1,0.889753,0.000108,0.000108,0.000324,0.000108,0.000108,0.008145,0.101347
AAGACTCACGCCCACT-1,0.000023,0.015419,0.09543,0.007985,0.661243,0.073039,0.139648,0.007214
AAGACTGCAAGCTACT-1,0.304095,0.000027,0.006449,0.292842,0.007261,0.028782,0.015459,0.345085
AAGAGATGAATCGGTA-1,0.99908,0.000102,0.000102,0.000307,0.000102,0.000102,0.000102,0.000102
AAGAGCTCTTTATCGG-1,0.103677,0.014578,0.007829,0.199704,0.010361,0.510955,0.011595,0.1413
AAGAGGATGTACGCGA-1,0.240903,0.079974,0.000027,0.118593,0.396389,0.035064,0.012258,0.116793
AAGAGGCATGGATCGC-1,0.323768,0.000015,0.000528,0.389796,0.00073,0.03995,0.076101,0.169113
AAGAGGCCCTTTGGAA-1,0.02504,0.146563,0.15078,0.445582,0.040837,0.004307,0.171726,0.015165
AAGATGGCACCGGACC-1,0.005231,0.226938,0.429768,0.016693,0.069562,0.100251,0.138867,0.012689
AAGATTGGCGGAACGT-1,0.103793,0.090047,0.003038,0.486659,0.028962,0.003146,0.050326,0.23403
AAGCACCCTGCGTATC-1,0.000016,0.135967,0.041823,0.242323,0.501547,0.032203,0.007049,0.039072
AAGCATACTCTCCTGA-1,0.044567,0.076454,0.032318,0.316444,0.395443,0.020876,0.053652,0.060246
AAGCCACTTGCAGGTA-1,0.486632,0.006407,0.09442,0.130974,0.067469,0.10162,0.014106,0.098372
AAGCCGAAGCGGTTTA-1,0.249163,0.179066,0.068371,0.398306,0.014487,0.033154,0.047906,0.009547
AAGCCGCCGTGAAATC-1,0.01332,0.024753,0.245644,0.014231,0.394757,0.025017,0.278169,0.004108
AAGCCGCTTTACCTTG-1,0.026114,0.067789,0.477031,0.238729,0.104088,0.016121,0.037656,0.032472
AAGCCGGAGAGCAGGA-1,0.650998,0.01421,0.21406,0.098669,0.000013,0.000013,0.022025,0.000013
AAGCGCAGGGCTTTGA-1,0.14429,0.39145,0.117919,0.00085,0.001365,0.005109,0.334043,0.004973
AAGCGGAGTGCGCGCA-1,0.271158,0.098019,0.276145,0.001148,0.000014,0.00049,0.353011,0.000014
AAGCGGCGTCATGGGT-1,0.059749,0.016579,0.089179,0.052598,0.086938,0.138827,0.384633,0.171497
AAGCGTCCCTCATCGA-1,0.063608,0.000011,0.054488,0.552316,0.010761,0.318157,0.000034,0.000625
AAGCTAGATCGAGTAA-1,0.07565,0.004019,0.001894,0.4949,0.008095,0.061647,0.051699,0.302098
AAGCTATGGATTGACC-1,0.999345,0.000073,0.000073,0.000218,0.000073,0.000073,0.000073,0.000073
AAGCTCGTGCCAAGTC-1,0.037391,0.000011,0.004402,0.36713,0.036479,0.135443,0.014967,0.404176
AAGCTCTTTCATGGTG-1,0.098684,0.209219,0.104686,0.133082,0.116027,0.000483,0.315845,0.021976
AAGGAGAACTTATAAG-1,0.348539,0.000087,0.000087,0.116007,0.018426,0.15243,0.063492,0.300933
AAGGAGCGGTTGGTGC-1,0.18919,0.045841,0.035397,0.310911,0.085879,0.014886,0.00709,0.310806
AAGGATCGATCGCTTG-1,0.046695,0.020203,0.134975,0.393891,0.036764,0.190388,0.114546,0.062539
AAGGATGAGGGACCTC-1,0.004914,0.000138,0.023223,0.341727,0.291627,0.098467,0.023313,0.216591
AAGGCAGGCTGTCTCC-1,0.155342,0.037765,0.292755,0.327449,0.110136,0.012842,0.035211,0.028499
AAGGCGCGTAAAGCTT-1,0.241216,0.000028,0.00541,0.000084,0.174209,0.028952,0.090161,0.45994
AAGGCTGTGCTCATCG-1,0.292201,0.000035,0.04289,0.03076,0.013434,0.284009,0.003035,0.333636
AAGGGAACGACTGGCT-1,0.308543,0.037094,0.358336,0.048926,0.138136,0.021361,0.059954,0.02765
AAGGGACAGATTCTGT-1,0.042599,0.002602,0.126241,0.291902,0.085393,0.145195,0.049571,0.256496
AAGGGACTATGCATTC-1,0.445803,0.041603,0.094303,0.171252,0.181193,0.021829,0.041306,0.002711
AAGGGTTAGCCATGCG-1,0.273123,0.000043,0.000043,0.024086,0.00015,0.040855,0.000855,0.660845
AAGGGTTTGATTTCAG-1,0.777874,0.026741,0.010855,0.020303,0.071146,0.004265,0.025519,0.063298
AAGGTATCCTAATATA-1,0.038886,0.099247,0.01148,0.146431,0.03097,0.006279,0.187264,0.479443
AAGGTGATAAACCAGC-1,0.06053,0.191982,0.047476,0.125386,0.13559,0.043723,0.282195,0.113117
AAGTAAGCTTCCAAAC-1,0.249731,0.133842,0.000064,0.007362,0.070685,0.000064,0.239905,0.298347
AAGTAGAAGACCGGGT-1,0.147773,0.008286,0.000026,0.013455,0.321037,0.114083,0.077147,0.318193
AAGTAGTGACGCGAGG-1,0.397809,0.000054,0.000054,0.000161,0.075341,0.003102,0.016769,0.50671
AAGTCAATTGTCGTCA-1,0.023174,0.589948,0.013647,0.24077,0.071618,0.030001,0.002566,0.028277
AAGTCTAGTAGCTGCC-1,0.000015,0.538222,0.14182,0.036483,0.095179,0.004794,0.146135,0.037352
AAGTCTTCTGTGGCCT-1,0.971758,0.020334,0.007648,0.000111,0.000037,0.000037,0.000037,0.000037
AAGTGACGACCGAATT-1,0.13267,0.112098,0.000029,0.022248,0.34697,0.019346,0.182894,0.183745
AAGTGAGTCGGGTTTA-1,0.000008,0.298727,0.002693,0.266467,0.408849,0.022252,0.000004,0.001
AAGTGCAAAGGTAGAC-1,0.67042,0.000082,0.000082,0.007165,0.0147,0.000082,0.194565,0.112903
AAGTGCCTTGACTGTA-1,0.142434,0.172362,0.217775,0.399682,0.001644,0.035838,0.004716,0.02555
AAGTGCGTTAGAATCT-1,0.425204,0.002471,0.022969,0.124702,0.155547,0.048193,0.188054,0.03286
AAGTGCTTCTCTATTG-1,0.32214,0.013225,0.351457,0.290744,0.018741,0.000312,0.003001,0.000381
AAGTGTTTGGAGACGG-1,0.004804,0.000007,0.000221,0.336895,0.454593,0.15133,0.000007,0.052143
AAGTTCACTCCAAGCT-1,0.07917,0.113381,0.069799,0.370381,0.344478,0.011557,0.00521,0.006023
AAGTTCAGTCTGCGTA-1,0.412747,0.000027,0.000027,0.323737,0.004704,0.117168,0.005137,0.136453
AAGTTCGGCCAACAGG-1,0.615086,0.000034,0.001993,0.185646,0.003203,0.131963,0.005838,0.056237
AAGTTGTGATGTTATA-1,0.446492,0.143639,0.255064,0.154736,0.000017,0.000017,0.000017,0.000017
AAGTTTACTAATGGCA-1,0.803124,0.000125,0.000125,0.000375,0.000125,0.000125,0.098944,0.097058
AAGTTTATGGGCCCAA-1,0.038039,0.383744,0.209324,0.026069,0.111056,0.011131,0.213737,0.0069
AATAACAACGCTCGGC-1,0.705103,0.000041,0.011415,0.085337,0.066142,0.02075,0.00889,0.102321
AATAACACTAGAACAA-1,0.0551,0.131753,0.012178,0.523705,0.167388,0.091357,0.002061,0.016458
AATAACGTCGCGCCCA-1,0.152052,0.000022,0.000022,0.162252,0.046148,0.18789,0.021503,0.430112
AATAAGTCCTCGAGAC-1,0.078939,0.003249,0.000029,0.003708,0.353315,0.006465,0.142481,0.411815
AATAATCTTCGTATCG-1,0.0209,0.100324,0.348829,0.212998,0.065255,0.230358,0.018335,0.002999
AATACAATGTTTCAGG-1,0.999026,0.000108,0.000108,0.000325,0.000108,0.000108,0.000108,0.000108
AATACCGGAGGGCTGT-1,0.081276,0.001571,0.399624,0.236308,0.213069,0.036454,0.021957,0.009739
AATACCTGATGTGAAC-1,0.143109,0.000012,0.101425,0.425322,0.095359,0.109616,0.005306,0.119851
AATAGAACAGAGTGGC-1,0.102888,0.015547,0.086006,0.687302,0.040801,0.027555,0.024312,0.01559
AATAGAATCTGTTTCA-1,0.385803,0.018492,0.008333,0.497608,0.037019,0.00298,0.011345,0.03842
AATAGCAAGCCTCCTG-1,0.611353,0.134136,0.178892,0.062112,0.000032,0.000032,0.013412,0.000032
AATAGCTACCGCGTGC-1,0.414507,0.081098,0.100073,0.322148,0.022421,0.011025,0.016208,0.03252
AATAGGCACGACCCTT-1,0.031753,0.000141,0.000141,0.000422,0.000141,0.187059,0.000141,0.780204
AATAGTCCGTCCCGAC-1,0.291456,0.000022,0.013249,0.552453,0.011269,0.066895,0.021682,0.042974
AATAGTCGCGAGTCGG-1,0.528257,0.171821,0.000091,0.084033,0.000091,0.0421,0.024514,0.149093
AATATCAAGGTCGGAT-1,0.549589,0.448087,0.00029,0.000871,0.00029,0.00029,0.00029,0.00029
AATATCCTAGCAAACT-1,0.999707,0.000033,0.000033,0.000098,0.000033,0.000033,0.000033,0.000033
AATATCGAATCAATGC-1,0.00001,0.607043,0.000005,0.08502,0.20983,0.061988,0.000242,0.035861
AATATCGAGGGTTCTC-1,0.125972,0.101123,0.025076,0.445246,0.027028,0.00711,0.175986,0.09246
AATATTGGAGTATTGA-1,0.312854,0.101619,0.000049,0.040537,0.457572,0.000571,0.071846,0.014952
AATCAGACTGCAGGAC-1,0.723457,0.108996,0.000102,0.103574,0.000102,0.000102,0.061773,0.001893
AATCAGGTTTCATTTA-1,0.151794,0.006676,0.137458,0.273509,0.216553,0.150266,0.024709,0.039035
AATCATGTAAAGACTC-1,0.215681,0.056654,0.221722,0.258175,0.024,0.01128,0.2044,0.008089
AATCCAAGGGCCTGAG-1,0.813218,0.000103,0.000103,0.00031,0.000103,0.000103,0.000103,0.185955
AATCCATGCAAGGGTG-1,0.967002,0.000097,0.000097,0.026613,0.000097,0.000097,0.000835,0.005162
AATCCCGCTCAGAGCC-1,0.033841,0.000021,0.000021,0.044742,0.007235,0.064563,0.000021,0.849557
AATCGAGGTCTCAAGG-1,0.149612,0.0001,0.0001,0.000299,0.0001,0.0001,0.0001,0.84959
AATCGCCTCAGCGCCA-1,0.379179,0.000017,0.02316,0.135595,0.000017,0.01853,0.278726,0.164776
AATCGCGCAGAGGACT-1,0.267926,0.07999,0.231258,0.204283,0.003659,0.003882,0.180592,0.028409
AATCGGGACACTACGA-1,0.173162,0.000042,0.000042,0.000126,0.000042,0.000042,0.560195,0.26635
AATCGGTATAGCCCTC-1,0.107217,0.104699,0.108712,0.598648,0.062113,0.001508,0.014889,0.002214
AATCGTGAGCCGAGCA-1,0.189995,0.055849,0.175348,0.321604,0.251692,0.001932,0.003143,0.000438
AATCTAGGTTTACTTG-1,0.14334,0.054925,0.028187,0.001575,0.184701,0.000074,0.5503,0.036898
AATCTATGCCGGAGCC-1,0.015162,0.007918,0.06968,0.329055,0.097375,0.035916,0.362559,0.082336
AATCTCTACTGTGGTT-1,0.822616,0.129837,0.000129,0.002091,0.000129,0.044939,0.000129,0.000129
AATCTGCGTTGGGACG-1,0.010579,0.25073,0.00525,0.046733,0.069516,0.228758,0.075945,0.312489
AATCTGGCTTTCTAGT-1,0.992228,0.000095,0.007009,0.000286,0.000095,0.000095,0.000095,0.000095
AATCTGGGTAGACCCT-1,0.212744,0.007827,0.000035,0.017542,0.056046,0.039298,0.274201,0.392308
AATGACAGCAATGTCT-1,0.155885,0.073331,0.005113,0.11692,0.342567,0.152739,0.074644,0.078801
AATGACGTAGGATGTC-1,0.01176,0.145831,0.000897,0.49413,0.044478,0.080555,0.002602,0.219747
AATGACTGTCAGCCGG-1,0.008934,0.000016,0.021716,0.008178,0.382428,0.187465,0.144079,0.247185
AATGAGTTCGCATATG-1,0.998705,0.000144,0.000144,0.000432,0.000144,0.000144,0.000144,0.000144
AATGATGATACGCTAT-1,0.320235,0.011428,0.005789,0.350384,0.0466,0.050535,0.008389,0.20664
AATGATGCGACTCCTG-1,0.242705,0.004197,0.084765,0.289249,0.012873,0.004187,0.201666,0.16036
AATGCAACCGGGTACC-1,0.613889,0.000028,0.023258,0.002505,0.000028,0.03033,0.107693,0.222268
AATGCACCAAGCAATG-1,0.240195,0.074047,0.019276,0.235015,0.04255,0.018735,0.053749,0.316433
AATGGCCGCCAATGCG-1,0.183091,0.361349,0.202165,0.027363,0.11019,0.032712,0.079774,0.003357
AATGGTCCACCGTTCA-1,0.999251,0.000083,0.000083,0.00025,0.000083,0.000083,0.000083,0.000083
AATGGTTCTCACAAGC-1,0.675184,0.000112,0.000112,0.000337,0.000112,0.000112,0.222929,0.101102
AATGTATGGCACTGTA-1,0.263908,0.03575,0.002029,0.005821,0.100688,0.025874,0.174371,0.391558
AATGTGCCCGAGGTGT-1,0.474617,0.011284,0.004645,0.404772,0.054628,0.000027,0.03226,0.017767
AATGTGCTAATCTGAG-1,0.064763,0.023215,0.325671,0.169668,0.227202,0.146198,0.03214,0.011142
AATGTTAAGACCCTGA-1,0.116284,0.000012,0.000026,0.163449,0.195217,0.230311,0.000141,0.294559
AATGTTGTCGTGAGAC-1,0.237091,0.037241,0.201843,0.461122,0.007857,0.000175,0.054488,0.000183
AATTAAAGGTCGGCGT-1,0.344444,0.000023,0.000023,0.3802,0.009699,0.159511,0.000023,0.106078
AATTAACGGATTTCCA-1,0.295476,0.015737,0.022141,0.461825,0.151409,0.00944,0.020776,0.023195
AATTACGAGACCCATC-1,0.704509,0.000028,0.006065,0.002898,0.051039,0.061036,0.071442,0.102983
AATTACTCGTACGCTC-1,0.520695,0.283436,0.000073,0.000218,0.000073,0.000073,0.000073,0.195362
AATTAGCGCTGCAGCG-1,0.055326,0.000015,0.005625,0.226492,0.127908,0.121782,0.311929,0.150923
AATTATACCCAGCAAG-1,0.267687,0.000018,0.002005,0.064029,0.006729,0.014165,0.149744,0.495625
AATTCATAAGGGATCT-1,0.011513,0.128754,0.00001,0.295355,0.0674,0.150461,0.016303,0.330204
AATTCATTGTCATGCA-1,0.277776,0.176108,0.000063,0.005483,0.232654,0.034957,0.041371,0.231587
AATTCCAAGCATGTAC-1,0.113994,0.009866,0.170176,0.286455,0.30893,0.022839,0.085071,0.00267
AATTCGATTCGAGGAT-1,0.350907,0.098844,0.40288,0.027802,0.063814,0.000014,0.05271,0.003028
AATTCTAGAGTTAGGC-1,0.382763,0.000026,0.026622,0.406053,0.008496,0.005878,0.064818,0.105344
AATTGAACGCTCTGGT-1,0.059291,0.201901,0.005763,0.301738,0.165718,0.039758,0.056553,0.169279
AATTGCAGCAATCGAC-1,0.237165,0.389988,0.060898,0.268939,0.002228,0.00001,0.040742,0.000031
AATTGCGTGGATTACA-1,0.818977,0.137322,0.028255,0.015201,0.000061,0.000061,0.000061,0.000061
AATTGTGGTTGCCAAA-1,0.148974,0.094738,0.294854,0.375162,0.019957,0.039345,0.026253,0.000716
AATTTGGGACATAGTA-1,0.799326,0.00005,0.00005,0.002617,0.00005,0.039339,0.00005,0.158516
AATTTGGTTCCAAAGA-1,0.047473,0.003144,0.00002,0.055767,0.457649,0.121718,0.035994,0.278235
ACAAACCATGCGTCCT-1,0.309691,0.043208,0.049648,0.000045,0.005239,0.000015,0.579391,0.012763
ACAAACCGACAAGGCG-1,0.522897,0.011445,0.00004,0.000119,0.00004,0.00004,0.407352,0.058068
ACAAACTCCATCAGAG-1,0.572859,0.00002,0.00002,0.202118,0.00002,0.00002,0.00002,0.224923
ACAAAGAAGGTAGGCC-1,0.843194,0.156569,0.00003,0.000089,0.00003,0.00003,0.00003,0.00003
ACAAAGCATGACCTAG-1,0.168612,0.287932,0.151814,0.270205,0.006109,0.002309,0.110585,0.002434
ACAAATCGCACCGAAT-1,0.067909,0.026246,0.004115,0.259891,0.338049,0.141361,0.071833,0.090596
ACAAATGGTAGTGTTT-1,0.052136,0.171826,0.032035,0.307426,0.20607,0.045549,0.012836,0.172121
ACAAATTCAGATCTGA-1,0.271072,0.158086,0.071927,0.254456,0.093163,0.091378,0.011034,0.048885
ACAACAGCATGAGCTA-1,0.354579,0.000021,0.000021,0.501069,0.007091,0.013162,0.002681,0.121376
ACAACGGTCCCTGCGA-1,0.741975,0.000089,0.000089,0.000268,0.000089,0.000089,0.173722,0.083679
ACAAGCAGTGCCTAGC-1,0.439059,0.000054,0.000054,0.046774,0.0737,0.013575,0.169728,0.257055
ACAAGCTATATGGAAG-1,0.999672,0.000036,0.000036,0.000109,0.000036,0.000036,0.000036,0.000036
ACAAGGAAATCCGCCC-1,0.096454,0.001811,0.000394,0.330841,0.245015,0.08234,0.044087,0.199057
ACAAGGACAAGAGGTT-1,0.092472,0.000021,0.002535,0.000698,0.203289,0.117761,0.119313,0.46391
ACAAGGATGCTTTAGG-1,0.300039,0.01249,0.082966,0.265187,0.174883,0.045801,0.063406,0.055228
ACAAGGCCTACCAGCC-1,0.193831,0.04216,0.210701,0.021071,0.356975,0.042281,0.118534,0.014447
ACAAGGGCAGGCTCTG-1,0.70952,0.000024,0.000024,0.255253,0.000024,0.000173,0.000045,0.034935
ACAAGTAATTGTAAGG-1,0.000194,0.000097,0.000097,0.00029,0.004383,0.000097,0.000097,0.994746
ACAATAGTCGTACGTT-1,0.041017,0.120897,0.001494,0.000043,0.356933,0.003587,0.442102,0.033928
ACAATCCATTTAAACC-1,0.500944,0.000038,0.000038,0.028902,0.000038,0.000038,0.259157,0.210846
ACAATCGATCTTTATA-1,0.573801,0.000215,0.000215,0.313746,0.000215,0.000215,0.000215,0.111376
ACAATGAATACGGAGA-1,0.428588,0.001781,0.085651,0.417456,0.033574,0.015492,0.017443,0.000015
ACAATGATTCTTCTAC-1,0.208952,0.199795,0.357676,0.05648,0.100812,0.047657,0.025747,0.002881
ACAATTGTGTCTCTTT-1,0.026662,0.190362,0.189691,0.388433,0.173044,0.007352,0.020538,0.003919
ACAATTTAGGAGGCTC-1,0.633459,0.365279,0.000158,0.000474,0.000158,0.000158,0.000158,0.000158
ACAATTTGAGCAGTGG-1,0.215563,0.000018,0.033381,0.400774,0.033674,0.014965,0.010896,0.29073
ACAATTTGGCCATATT-1,0.002859,0.224394,0.307766,0.083719,0.137483,0.003566,0.196664,0.043549
ACACAAAGACGGGTGG-1,0.690491,0.000041,0.02285,0.000123,0.000041,0.009429,0.166687,0.110337
ACACAAATATTCCTAG-1,0.078043,0.479479,0.152734,0.097326,0.030189,0.094442,0.063455,0.004332
ACACACCAGGACCAGT-1,0.000008,0.038886,0.011715,0.153112,0.561092,0.193821,0.007628,0.033738
ACACACTTTCTACACG-1,0.099751,0.000032,0.000032,0.000096,0.009557,0.087952,0.327964,0.474616
ACACATGATCAAATCT-1,0.613796,0.048675,0.001773,0.027928,0.196582,0.001431,0.076786,0.03303
ACACATTTCCGTAGAC-1,0.042778,0.414803,0.021434,0.093153,0.288215,0.065008,0.009568,0.065042
ACACCACATAATTAGC-1,0.032426,0.260965,0.053825,0.212355,0.124254,0.103396,0.119074,0.093704
ACACCCAGCATGCAGC-1,0.773175,0.000051,0.000051,0.000154,0.000051,0.000051,0.045993,0.180472
ACACCCGAGAAATCCG-1,0.135501,0.060431,0.000025,0.004997,0.26351,0.004204,0.259634,0.271697
ACACCCGTAAATCTGT-1,0.000007,0.411692,0.032403,0.000028,0.414898,0.006242,0.124777,0.009952
ACACCGAGCGCTCTTT-1,0.464483,0.142445,0.000082,0.051326,0.099715,0.00099,0.000082,0.240878
ACACCGGTCTGACCGC-1,0.210629,0.043309,0.065243,0.020295,0.495782,0.005024,0.152299,0.007418
ACACCTTAAGTAGGGC-1,0.315326,0.000043,0.025088,0.02171,0.036126,0.087386,0.16549,0.348829
ACACCTTACTACTTGC-1,0.299046,0.139671,0.157693,0.355822,0.007406,0.007668,0.009648,0.023046
ACACGAGACTCCTTCT-1,0.166921,0.000017,0.000017,0.564118,0.035487,0.062833,0.000307,0.1703
ACACGGCACTATGCAT-1,0.033245,0.081665,0.004767,0.000081,0.246889,0.056644,0.0335,0.543209
ACACGGGAACTTAGGG-1,0.281626,0.000023,0.000023,0.133544,0.001791,0.372505,0.001553,0.208934
ACACGTAGGCCACAAG-1,0.038095,0.002177,0.305928,0.331183,0.162202,0.102436,0.010195,0.047783
ACACTCCAATGTCACT-1,0.998862,0.000126,0.000126,0.000379,0.000126,0.000126,0.000126,0.000126
ACACTGATCAAGGTGT-1,0.002128,0.084869,0.061791,0.625886,0.168624,0.013814,0.022178,0.020709
ACACTGGGACAGTCGT-1,0.006959,0.368497,0.29563,0.181998,0.016781,0.12926,0.000868,0.000008
ACAGAACTGAGAACAA-1,0.081665,0.049144,0.106335,0.035885,0.450903,0.016611,0.251093,0.008364
ACAGATTAGGTTAGTG-1,0.998809,0.000132,0.000132,0.000397,0.000132,0.000132,0.000132,0.000132
ACAGCATAGAGCCAGT-1,0.013653,0.048524,0.000031,0.000093,0.223804,0.02227,0.235797,0.455828
ACAGCGACATTCTCAT-1,0.082852,0.092892,0.002043,0.700402,0.000018,0.002563,0.027864,0.091366
ACAGCGCACCCGCAGC-1,0.076792,0.085877,0.017895,0.059908,0.190597,0.158058,0.13114,0.279732
ACAGGCACGGATCCTT-1,0.163788,0.468042,0.114691,0.238051,0.003838,0.000589,0.008166,0.002834
ACAGGCTTGCCCGACT-1,0.338255,0.035096,0.181213,0.301748,0.065881,0.02001,0.04064,0.017157
ACAGGTGGAGGTGAGG-1,0.671845,0.000023,0.101879,0.215269,0.000022,0.000022,0.010918,0.000022
ACAGGTGTGTTGTTGC-1,0.999632,0.000041,0.000041,0.000123,0.000041,0.000041,0.000041,0.000041
ACAGTAATACAACTTG-1,0.891847,0.000072,0.003188,0.080538,0.024141,0.000072,0.000072,0.000072
ACAGTATACCGTGGGA-1,0.206059,0.009812,0.257606,0.478799,0.041238,0.00645,0.000017,0.000017
ACAGTGCAGCGCATTT-1,0.002786,0.013313,0.310258,0.000023,0.611964,0.004526,0.05223,0.0049
ACATAAGTCGTGGTGA-1,0.846446,0.053644,0.000066,0.099579,0.000066,0.000066,0.000066,0.000066
ACATAATAAGGCGGTG-1,0.180847,0.099552,0.014457,0.031087,0.056494,0.063624,0.35226,0.201679
ACATACAATCAAGCGG-1,0.355498,0.000226,0.000226,0.089792,0.000226,0.000226,0.000226,0.553582
ACATCAGCTGGGACGC-1,0.999278,0.00008,0.00008,0.000241,0.00008,0.00008,0.00008,0.00008
ACATCCCGGCCATACG-1,0.482279,0.000021,0.010605,0.35301,0.002199,0.011386,0.078583,0.061917
ACATCCTGGTAACTGT-1,0.490827,0.000915,0.16695,0.190408,0.000021,0.000021,0.112172,0.038687
ACATCGATCGTTTACC-1,0.221133,0.000026,0.000026,0.33644,0.003212,0.015206,0.156211,0.267747
ACATCGCAATATTCGG-1,0.239671,0.000326,0.000326,0.000978,0.000326,0.000326,0.000326,0.757722
ACATCGGTCAGCCGCG-1,0.057768,0.000017,0.071219,0.087405,0.119034,0.398154,0.077902,0.188501
ACATCGTATGCAATGG-1,0.283816,0.000075,0.04099,0.311295,0.099092,0.052646,0.086603,0.125484
ACATCGTTAACCTAGT-1,0.404899,0.059555,0.000047,0.027617,0.027808,0.073684,0.037645,0.368746
ACATCTCAACGCGTAA-1,0.015276,0.12165,0.000025,0.000075,0.525971,0.026368,0.08074,0.229894
ACATGCTTACGGCAGC-1,0.057409,0.023499,0.004191,0.008471,0.337728,0.055089,0.390217,0.123397
ACATGGCGCCAAAGTA-1,0.332836,0.005315,0.230672,0.198319,0.002667,0.004086,0.212361,0.013743
ACATGGCTCAATTTAG-1,0.700644,0.2269,0.000228,0.000685,0.070857,0.000228,0.000228,0.000228
ACATTAGTTTATATCC-1,0.010169,0.031128,0.0461,0.62987,0.118361,0.063143,0.008386,0.092842
ACATTCGCGCGGAATA-1,0.673265,0.005095,0.112674,0.135739,0.014123,0.022149,0.035536,0.00142
ACATTTGAAACCTAAC-1,0.4811,0.025402,0.073843,0.385083,0.000016,0.000016,0.023856,0.010684
ACCAAACACCCAGCGA-1,0.072821,0.043764,0.208481,0.463852,0.078609,0.072324,0.029624,0.030525
ACCAAACTAGAAATCC-1,0.777451,0.000073,0.000073,0.00022,0.000073,0.000073,0.154698,0.067338
ACCAACACCACACACT-1,0.196618,0.008757,0.283447,0.325367,0.014756,0.039397,0.052626,0.079032
ACCAACCGCACTCCAC-1,0.347585,0.011576,0.252317,0.367604,0.000013,0.013742,0.006667,0.000495
ACCAACGCTTATTTAT-1,0.322182,0.037963,0.065905,0.375447,0.000331,0.000319,0.1619,0.035952
ACCAAGAACGCGTGTC-1,0.755656,0.000065,0.000065,0.000194,0.000065,0.000065,0.018145,0.225746
ACCAAGTCATCGGCAG-1,0.436592,0.072146,0.22495,0.266183,0.000015,0.000015,0.000084,0.000015
ACCAATATGCAAGTTA-1,0.123931,0.04677,0.039839,0.011818,0.032967,0.023207,0.69703,0.024436
ACCACAACTCAGAACA-1,0.43539,0.00003,0.065567,0.001498,0.049207,0.036852,0.051278,0.360178
ACCACAAGTTTCTATC-1,0.52095,0.000028,0.001787,0.045456,0.028233,0.081197,0.081604,0.240745
ACCACACGGTTGATGG-1,0.056435,0.000499,0.000017,0.322537,0.329283,0.069105,0.003342,0.218781
ACCACCAATGTAACAA-1,0.230643,0.016121,0.123249,0.522517,0.0262,0.041268,0.016092,0.02391
ACCACCCTCTCTTCTA-1,0.000023,0.108127,0.52445,0.17328,0.190571,0.002283,0.001255,0.000011
ACCACGTGCAGCTATA-1,0.245196,0.000022,0.000022,0.446734,0.018203,0.026647,0.036696,0.226479
ACCACTGTTCAAGAAG-1,0.428924,0.292982,0.000047,0.000141,0.000047,0.000103,0.006451,0.271306
ACCAGACCATAACAAC-1,0.665656,0.199222,0.000049,0.000147,0.034612,0.000049,0.000613,0.099653
ACCAGCCCGGTCTTTG-1,0.009246,0.385912,0.000023,0.004829,0.257359,0.000024,0.021222,0.321384
ACCAGGAGTGTGATCT-1,0.39733,0.044261,0.000248,0.000743,0.000339,0.000248,0.36883,0.188002
ACCAGTGCCCGGTCAA-1,0.524256,0.011559,0.059243,0.328974,0.03567,0.04015,0.000033,0.000116
ACCAGTGCGGGAGACG-1,0.113733,0.160835,0.018373,0.327818,0.188,0.028443,0.105974,0.056825
ACCATATCCGCAATAA-1,0.351508,0.000016,0.000016,0.462089,0.011821,0.025048,0.003773,0.14573
ACCATCCGCCAACTAG-1,0.990636,0.000062,0.000062,0.008993,0.000062,0.000062,0.000062,0.000062
ACCATCGTATATGGTA-1,0.337622,0.014476,0.000522,0.178506,0.033087,0.104175,0.058274,0.273338
ACCATTAAGGGTGTCA-1,0.531034,0.220041,0.000063,0.009288,0.037751,0.067339,0.004798,0.129686
ACCCAACGCCCGTGGC-1,0.353483,0.000018,0.000018,0.509023,0.001823,0.009759,0.000018,0.125857
ACCCACCTACATGCTC-1,0.999054,0.000105,0.000105,0.000315,0.000105,0.000105,0.000105,0.000105
ACCCATCTTGAGGGTA-1,0.305968,0.063685,0.000524,0.07351,0.060629,0.171957,0.023404,0.300322
ACCCATTTGTCCCTCT-1,0.055229,0.094809,0.127834,0.385635,0.130542,0.027764,0.068764,0.109422
ACCCGAGCGAAATTAC-1,0.010466,0.099964,0.14605,0.079174,0.389422,0.264473,0.007516,0.002936
ACCCGATTGGTTCCGA-1,0.002767,0.139569,0.469116,0.073543,0.292162,0.019181,0.001182,0.002481
ACCCGGAAACTCCCAG-1,0.048143,0.118835,0.026642,0.29473,0.309508,0.099603,0.072823,0.029716
ACCCGGAGCACCACAA-1,0.31605,0.195891,0.113908,0.292239,0.004165,0.009877,0.06721,0.000661
ACCCGGATGACGCATC-1,0.008067,0.041412,0.081522,0.10316,0.045721,0.649148,0.028439,0.04253
ACCCGGTTACACTTCC-1,0.02722,0.131606,0.000015,0.383279,0.062906,0.059459,0.004723,0.330791
ACCCGTAGCAGAGAAT-1,0.484681,0.125562,0.000042,0.055821,0.123474,0.009461,0.053624,0.147335
ACCCGTAGTCTAGTTG-1,0.112962,0.438983,0.187904,0.081814,0.013569,0.081604,0.070031,0.013134
ACCCGTGTCATCAGTA-1,0.176417,0.049722,0.065935,0.376722,0.205531,0.019822,0.057473,0.048377
ACCCTATAGGACTGAG-1,0.998487,0.000168,0.000168,0.000504,0.000168,0.000168,0.000168,0.000168
ACCCTATGCCATATCG-1,0.259418,0.004425,0.130093,0.30952,0.128346,0.026078,0.020349,0.12177
ACCCTCCCGTCAGGGC-1,0.168702,0.349728,0.362061,0.054258,0.010578,0.000705,0.053846,0.000122
ACCCTCCCTTGCTATT-1,0.056654,0.004185,0.12272,0.303098,0.141001,0.191096,0.062839,0.118406
ACCCTGGTAACGCCCT-1,0.198303,0.171828,0.215071,0.367354,0.02815,0.014528,0.004381,0.000385
ACCCTTCATCTGCGAA-1,0.617273,0.000068,0.000068,0.000203,0.000068,0.000068,0.070503,0.311751
ACCCTTGCCTGGGTCG-1,0.047571,0.189914,0.407294,0.07922,0.010659,0.026403,0.126132,0.112808
ACCCTTTAGTTCTCCA-1,0.295842,0.000038,0.001097,0.000113,0.006065,0.002264,0.226506,0.468076
ACCGAAAGGGCCCTGC-1,0.580707,0.000074,0.000074,0.000222,0.000074,0.000074,0.116282,0.302494
ACCGAAGAGTCTGGTT-1,0.648266,0.040538,0.000038,0.059611,0.173123,0.000038,0.009422,0.068963
ACCGACACATCTCCCA-1,0.14059,0.026872,0.070296,0.519396,0.159463,0.031309,0.023003,0.029071
ACCGACTGAGTCCCAC-1,0.07565,0.173008,0.000032,0.083605,0.014723,0.22638,0.003885,0.422717
ACCGAGTCTCCTTATT-1,0.200233,0.053162,0.25633,0.213319,0.017629,0.006738,0.233424,0.019165
ACCGATAGGCATAACC-1,0.398307,0.094373,0.1262,0.381072,0.000012,0.000012,0.000012,0.000012
ACCGATATTTAATCAT-1,0.279323,0.027596,0.167965,0.38815,0.030562,0.102695,0.001109,0.002599
ACCGATGGTAGCATCG-1,0.231636,0.00002,0.00002,0.608848,0.003693,0.016964,0.023719,0.1151
ACCGCAATAACTGCCT-1,0.475853,0.00002,0.072665,0.287014,0.045343,0.012206,0.065129,0.041769
ACCGCGGTGGAAGTCG-1,0.007173,0.400274,0.080141,0.241729,0.013785,0.171295,0.016836,0.068767
ACCGCTAGTCATTGGT-1,0.129774,0.000012,0.143106,0.04946,0.033359,0.570706,0.024645,0.048939
ACCGGGCCTTTGTTGA-1,0.078778,0.00672,0.194155,0.271124,0.331232,0.049494,0.014833,0.053665
ACCGGTCAGGTACACC-1,0.722103,0.062919,0.018732,0.058013,0.108121,0.000042,0.029015,0.001055
ACCGGTCTGAGTACGG-1,0.057736,0.140663,0.055435,0.072641,0.215324,0.316189,0.098406,0.043606
ACCGTCCACTGGGCCC-1,0.97958,0.000039,0.000039,0.020183,0.000039,0.000039,0.000039,0.000039
ACCGTGACCACGTGGG-1,0.004452,0.071965,0.302165,0.339165,0.262324,0.013981,0.004753,0.001196
ACCGTTCCCGCTCTGA-1,0.730246,0.050746,0.000099,0.027635,0.012691,0.000099,0.065548,0.112937
ACCTAAGTACCTTTCA-1,0.757587,0.017037,0.001526,0.094086,0.006715,0.075967,0.00817,0.038912
ACCTAATCGACTTCCT-1,0.30096,0.212199,0.00004,0.000121,0.010345,0.003711,0.04064,0.431982
ACCTACAGTATGTGGT-1,0.033117,0.022912,0.119487,0.349299,0.186855,0.057493,0.015111,0.215726
