Barcode,Topic 1,Topic 2to7,Topic 8to9
AAACAAGTATCTCCCA-1,0.046759,0.618498,0.334743
AAACAATCTACTAGCA-1,0.080294,0.822965,0.09674
AAACACCAATAACTGC-1,0.026694,0.973261,0.000045
AAACAGAGCGACTCCT-1,0.000034,0.890981,0.108985
AAACAGGGTCTATATT-1,0.000108,0.00065,0.999241
AAACAGTGTTCCTGGG-1,0.018002,0.860339,0.121659
AAACATTTCCCGGATT-1,0.289011,0.693772,0.017217
AAACCACTACACAGAT-1,0.001202,0.813026,0.185772
AAACCCGAACGAAATC-1,0.098237,0.5481,0.353663
AAACCGGAAATGTTAA-1,0.27088,0.664141,0.064979
AAACCGGGTAGGTACC-1,0.049847,0.007712,0.94244
AAACCGTTCGTCCAGG-1,0.000064,0.393192,0.606744
AAACCTAAGCAGCCGG-1,0.267927,0.545184,0.186889
AAACCTCATGAAGTTG-1,0.000092,0.000553,0.999355
AAACGAAGAACATACC-1,0.043275,0.956693,0.000032
AAACGAAGATGGAGTA-1,0.002139,0.788288,0.209574
AAACGACAGTCTTGCC-1,0.00006,0.028564,0.971376
AAACGAGACGGTTGAT-1,0.019168,0.223428,0.757403
AAACGCCCGAGATCGG-1,0.004387,0.654734,0.340879
AAACGGGCGTACGGGT-1,0.686025,0.286722,0.027253
AAACGGTTGCGAACTG-1,0.026268,0.962085,0.011647
AAACGTGTTCGCCCTA-1,0.000126,0.291269,0.708605
AAACTAACGTGGCGAC-1,0.000028,0.917082,0.08289
AAACTCGGTTCGCAAT-1,0.022672,0.920772,0.056556
AAACTCGTGATATAAG-1,0.000086,0.000484,0.999429
AAACTGCTGGCTCCAA-1,0.040513,0.903171,0.056316
AAACTTAATTGCACGC-1,0.033843,0.846113,0.120043
AAACTTGCAAACGTAT-1,0.071047,0.000603,0.928351
AAAGAATGTGGACTAA-1,0.831178,0.146124,0.022699
AAAGACATGAAGTTTA-1,0.009607,0.943304,0.047089
AAAGACCCAAGTCGCG-1,0.00003,0.910312,0.089658
AAAGACTGGGCGCTTT-1,0.000064,0.655414,0.344522
AAAGCTTGCCTACATA-1,0.015787,0.915555,0.068658
AAAGGCCCTATAATAC-1,0.016404,0.941854,0.041742
AAAGGCTACGGACCAT-1,0.060696,0.751907,0.187397
AAAGGCTCTCGCGCCG-1,0.013199,0.68188,0.304921
AAAGGGATGTAGCAAG-1,0.000032,0.701781,0.298187
AAAGGGCAGCTTGAAT-1,0.00005,0.509247,0.490703
AAAGGTAAGCTGTACC-1,0.033882,0.607428,0.35869
AAAGGTCAACGACATG-1,0.145894,0.004903,0.849203
AAAGTAGCATTGCTCA-1,0.010265,0.932441,0.057294
AAAGTCACTGATGTAA-1,0.016249,0.983718,0.000033
AAAGTCGACCCTCAGT-1,0.070097,0.082425,0.847479
AAAGTGTGATTTATCT-1,0.000015,0.971398,0.028587
AAAGTTGACTCCCGTA-1,0.109832,0.562909,0.327258
AAATAACCATACGGGA-1,0.0013,0.988412,0.010288
AAATAAGGTAGTGCCC-1,0.000018,0.92366,0.076323
AAATACCTATAAGCAT-1,0.038621,0.730958,0.230421
AAATAGCTTAGACTTT-1,0.000018,0.998859,0.001122
AAATAGGGTGCTATTG-1,0.000479,0.618697,0.380824
AAATCACTCCTAAACG-1,0.068505,0.660724,0.270771
AAATCCGATACACGCC-1,0.364831,0.319771,0.315397
AAATCGCGGAAGGAGT-1,0.002359,0.99131,0.006332
AAATCGTGTACCACAA-1,0.00004,0.802299,0.197662
AAATCTAGCCCTGCTA-1,0.019478,0.975649,0.004872
AAATCTGCCCGCGTCC-1,0.042289,0.800852,0.15686
AAATGACTGATCAAAC-1,0.413858,0.410972,0.175171
AAATGATTCGATCAGC-1,0.060866,0.421601,0.517533
AAATGCTCGTTACGTT-1,0.09541,0.753214,0.151376
AAATGGCATGTCTTGT-1,0.000069,0.584079,0.415852
AAATGGCCCGTGCCCT-1,0.000115,0.024598,0.975287
AAATGGTCAATGTGCC-1,0.339542,0.100324,0.560135
AAATGTGGGTGCTCCT-1,0.000041,0.515732,0.484227
AAATTAACGGGTAGCT-1,0.107533,0.640793,0.251674
AAATTAATAAGCGCGA-1,0.020251,0.692828,0.286921
AAATTACACGACTCTG-1,0.014504,0.985442,0.000055
AAATTACCTATCGATG-1,0.000057,0.24767,0.752273
AAATTCCAGGTCCAAA-1,0.002735,0.873995,0.12327
AAATTGATAGTCCTTT-1,0.000034,0.954083,0.045883
AAATTGGTGAGAAGCA-1,0.0001,0.183018,0.816882
AAATTTACCGAAATCC-1,0.012224,0.958934,0.028841
AAATTTGCGGGTGTGG-1,0.000039,0.702689,0.297272
AACAACTGGTAGTTGC-1,0.007,0.726863,0.266137
AACAATACATTGTCGA-1,0.017871,0.786209,0.19592
AACAATTACTCTACGC-1,0.000877,0.881844,0.117278
AACACACGCTCGCCGC-1,0.09625,0.90082,0.002931
AACACGACTGTACTGA-1,0.000047,0.788941,0.211011
AACACGAGACGCGGCC-1,0.047151,0.039891,0.912958
AACACGCGGCCGCGAA-1,0.094138,0.808231,0.097631
AACAGCTGTGTGGCAA-1,0.000016,0.998697,0.001287
AACAGGAAATCGAATA-1,0.003006,0.924487,0.072506
AACAGGATGGGCCGCG-1,0.000043,0.942212,0.057745
AACAGGTAGTATGGAT-1,0.028625,0.853417,0.117958
AACATAGCGTGTATCG-1,0.897654,0.000228,0.102118
AACATATCAACTGGTG-1,0.00003,0.780718,0.219252
AACATCGATACGTCTA-1,0.017085,0.078431,0.904484
AACATTGAAGTTGATC-1,0.003231,0.8996,0.097169
AACATTGTGACTCGAG-1,0.052397,0.817761,0.129842
AACCAAGACTTCTCTG-1,0.035047,0.041846,0.923107
AACCAGTATCACTCTT-1,0.066681,0.795273,0.138046
AACCATAGGGTTGAAC-1,0.007693,0.976935,0.015372
AACCATGGGATCGCTA-1,0.038288,0.56567,0.396041
AACCCAGAGACGGAGA-1,0.01574,0.918785,0.065475
AACCCATCCCATGATC-1,0.00002,0.881542,0.118437
AACCCGACAACCCGTG-1,0.052925,0.947059,0.000016
AACCCGAGCAGAATCG-1,0.19675,0.27953,0.523721
AACCCGATAGGGCTTC-1,0.018463,0.880535,0.101003
AACCCGCTGTATTCCA-1,0.315012,0.484615,0.200372
AACCCTACTGTCAATA-1,0.002582,0.415281,0.582136
AACCCTGGTGGAACCA-1,0.013818,0.547348,0.438834
AACCGAGCTTGGTCAT-1,0.05935,0.757851,0.182799
AACCGCTAAGGGATGC-1,0.026783,0.62255,0.350667
AACCGTTGTGTTTGCT-1,0.00003,0.99991,0.00006
AACCTAAAGCCGTCCG-1,0.000031,0.752136,0.247833
AACCTCGCTTTAGCCC-1,0.025095,0.914922,0.059983
AACCTGTCACGGAATT-1,0.000022,0.922835,0.077143
AACCTTTAAATACGGT-1,0.064653,0.636864,0.298483
AACCTTTACGACGTCT-1,0.000036,0.950872,0.049092
AACGAAAGTCGTCCCA-1,0.001281,0.9987,0.000019
AACGACCTCCTAGCCG-1,0.67731,0.160541,0.162149
AACGATAATGCCGTAG-1,0.000014,0.999958,0.000028
AACGATAGAAGGGCCG-1,0.101257,0.734576,0.164166
AACGATATGTCAACTG-1,0.002667,0.162211,0.835122
AACGCATGATCTGGGT-1,0.000085,0.000509,0.999406
AACGCGAACGGCAACA-1,0.01272,0.807254,0.180026
AACGCGACCTTGGGCG-1,0.015197,0.811232,0.173571
AACGCGGTCTCCAGCC-1,0.000042,0.856429,0.143529
AACGCTGTTGCTGAAA-1,0.108361,0.874304,0.017336
AACGGACGTACGTATA-1,0.311455,0.468029,0.220516
AACGGCCATCTCCGGT-1,0.000021,0.893043,0.106935
AACGTACTGTGGGTAC-1,0.012452,0.886148,0.101399
AACGTAGTCTACCCAT-1,0.020899,0.942858,0.036242
AACGTCAGACTAGTGG-1,0.046556,0.950821,0.002623
AACGTCGCTGCACTTC-1,0.930724,0.000135,0.069141
AACGTGATGAAGGACA-1,0.086456,0.843593,0.069951
AACGTGCGAAAGTCTC-1,0.000036,0.694249,0.305715
AACGTTATCAGCACCT-1,0.000019,0.999943,0.000038
AACTACCCGTTTGTCA-1,0.030085,0.52111,0.448804
AACTAGCGTATCGCAC-1,0.000996,0.846885,0.152119
AACTAGGCTTGGGTGT-1,0.005242,0.8399,0.154858
AACTCAAGTTAATTGC-1,0.100207,0.349277,0.550516
AACTCCAGAGCGTGTT-1,0.087928,0.859663,0.05241
AACTCCTAATCCCATG-1,0.002468,0.784292,0.21324
AACTCGATGGCGCAGT-1,0.000025,0.863363,0.136612
AACTCTCAATAGAGCG-1,0.040577,0.92994,0.029483
AACTCTCAGTGTGCTC-1,0.100677,0.417245,0.482078
AACTGAGGTCAGCGTC-1,0.000047,0.732142,0.267811
AACTGATATTAGGCCT-1,0.093155,0.711599,0.195246
AACTGGGTCCCGACGT-1,0.000022,0.999935,0.000043
AACTGGGTTCGAGCCG-1,0.000048,0.528832,0.47112
AACTGGTGTGGGCCTT-1,0.000061,0.545161,0.454779
AACTTCTGCGTCTATC-1,0.005162,0.884625,0.110212
AACTTGCCCGTATGCA-1,0.008637,0.894562,0.096801
AACTTGCGTTCTCGCG-1,0.014111,0.949578,0.036311
AACTTTACGGGAGCTT-1,0.000031,0.886925,0.113044
AACTTTAGCTGCTGAG-1,0.000025,0.999925,0.00005
AACTTTCTCGATCATG-1,0.010107,0.000584,0.989309
AAGAAAGTTTGATGGG-1,0.036132,0.748919,0.214949
AAGAAGGATCAGTTAG-1,0.078034,0.874224,0.047742
AAGACATACGTGGTTT-1,0.882171,0.000149,0.117679
AAGACCAAATAACTCA-1,0.010745,0.800847,0.188407
AAGACCCAACTGAACA-1,0.079342,0.526985,0.393673
AAGACTAACCCGTTGT-1,0.062753,0.827769,0.109477
AAGACTCACGCCCACT-1,0.005892,0.773025,0.221083
AAGACTGCAAGCTACT-1,0.000037,0.852475,0.147488
AAGAGATGAATCGGTA-1,0.000028,0.886125,0.113847
AAGAGCTCTTTATCGG-1,0.000032,0.944202,0.055767
AAGAGGCATGGATCGC-1,0.000028,0.928324,0.071649
AAGAGGCCCTTTGGAA-1,0.158613,0.291421,0.549966
AAGATGGCACCGGACC-1,0.015754,0.754929,0.229317
AAGATTGGCGGAACGT-1,0.000084,0.099108,0.900809
AAGCACCCTGCGTATC-1,0.153084,0.464441,0.382474
AAGCATACTCTCCTGA-1,0.039805,0.958807,0.001388
AAGCCACTTGCAGGTA-1,0.112765,0.288845,0.59839
AAGCCGAAGCGGTTTA-1,0.021217,0.818561,0.160222
AAGCCGCCGTGAAATC-1,0.024198,0.58761,0.388192
AAGCGCAGGGCTTTGA-1,0.053079,0.904494,0.042426
AAGCGGAGTGCGCGCA-1,0.00002,0.922031,0.077949
AAGCGGCGTCATGGGT-1,0.000047,0.89968,0.100273
AAGCGTCCCTCATCGA-1,0.014779,0.920685,0.064535
AAGCTAGATCGAGTAA-1,0.039903,0.53014,0.429957
AAGCTCGTGCCAAGTC-1,0.00552,0.857181,0.137299
AAGCTCTTTCATGGTG-1,0.03526,0.940219,0.024521
AAGGAGAACTTATAAG-1,0.052315,0.941099,0.006586
AAGGAGCGGTTGGTGC-1,0.000069,0.496253,0.503679
AAGGATCGATCGCTTG-1,0.035108,0.464421,0.500471
AAGGATGAGGGACCTC-1,0.000051,0.401885,0.598064
AAGGCAGGCTGTCTCC-1,0.006955,0.730038,0.263006
AAGGCGCGTAAAGCTT-1,0.00005,0.735702,0.264248
AAGGCTGTGCTCATCG-1,0.00008,0.371606,0.628314
AAGGGAACGACTGGCT-1,0.078294,0.727726,0.19398
AAGGGACAGATTCTGT-1,0.000086,0.225133,0.774781
AAGGGACTATGCATTC-1,0.000022,0.93286,0.067118
AAGGGTTAGCCATGCG-1,0.534791,0.368032,0.097178
AAGGTATCCTAATATA-1,0.00015,0.306642,0.693208
AAGGTGATAAACCAGC-1,0.000016,0.964016,0.035968
AAGTAAGCTTCCAAAC-1,0.008129,0.632828,0.359042
AAGTAGAAGACCGGGT-1,0.028788,0.779336,0.191876
AAGTAGTGACGCGAGG-1,0.003518,0.140942,0.85554
AAGTCAATTGTCGTCA-1,0.000041,0.418474,0.581485
AAGTCTAGTAGCTGCC-1,0.047348,0.48282,0.469832
AAGTGAGTCGGGTTTA-1,0.000556,0.765826,0.233618
AAGTGCAAAGGTAGAC-1,0.000054,0.657219,0.342727
AAGTGCCTTGACTGTA-1,0.000031,0.663809,0.33616
AAGTGCGTTAGAATCT-1,0.000043,0.623857,0.3761
AAGTGCTTCTCTATTG-1,0.023983,0.873936,0.102081
AAGTGTTTGGAGACGG-1,0.023538,0.555044,0.421418
AAGTTCACTCCAAGCT-1,0.027021,0.898394,0.074585
AAGTTCAGTCTGCGTA-1,0.000038,0.752431,0.247531
AAGTTCGGCCAACAGG-1,0.000023,0.751965,0.248012
AAGTTGTGATGTTATA-1,0.997043,0.000284,0.002673
AAGTTTACTAATGGCA-1,0.000016,0.999953,0.000031
AAGTTTATGGGCCCAA-1,0.040707,0.832076,0.127217
AATAACAACGCTCGGC-1,0.000052,0.114444,0.885504
AATAACACTAGAACAA-1,0.000028,0.870018,0.129954
AATAAGTCCTCGAGAC-1,0.000041,0.788698,0.211261
AATAATCTTCGTATCG-1,0.649796,0.168309,0.181895
AATACAATGTTTCAGG-1,0.012223,0.978151,0.009626
AATACCGGAGGGCTGT-1,0.073381,0.797454,0.129165
AATACCTGATGTGAAC-1,0.952867,0.000137,0.046995
AATAGAACAGAGTGGC-1,0.000053,0.433405,0.566542
AATAGAATCTGTTTCA-1,0.000011,0.999968,0.000021
AATAGCAAGCCTCCTG-1,0.000026,0.94175,0.058224
AATAGCTACCGCGTGC-1,0.000126,0.000756,0.999119
AATAGTCCGTCCCGAC-1,0.004786,0.744979,0.250235
AATAGTCGCGAGTCGG-1,0.037598,0.636416,0.325985
AATATCAAGGTCGGAT-1,0.092887,0.692886,0.214227
AATATCGAATCAATGC-1,0.000011,0.999966,0.000022
AATATCGAGGGTTCTC-1,0.000042,0.702231,0.297727
AATATTGGAGTATTGA-1,0.000054,0.686533,0.313414
AATCAGACTGCAGGAC-1,0.066872,0.765848,0.16728
AATCAGGTTTCATTTA-1,0.125197,0.667301,0.207502
AATCATGTAAAGACTC-1,0.068949,0.866388,0.064663
AATCCAAGGGCCTGAG-1,0.000058,0.590715,0.409227
AATCCATGCAAGGGTG-1,0.00002,0.965247,0.034733
AATCCCGCTCAGAGCC-1,0.227843,0.648615,0.123542
AATCGAGGTCTCAAGG-1,0.962499,0.03736,0.000141
AATCGCCTCAGCGCCA-1,0.025978,0.646996,0.327026
AATCGCGCAGAGGACT-1,0.071554,0.848715,0.079731
AATCGGGACACTACGA-1,0.000029,0.999914,0.000058
AATCGGTATAGCCCTC-1,0.759502,0.118896,0.121601
AATCGTGAGCCGAGCA-1,0.713645,0.058761,0.227594
AATCTAGGTTTACTTG-1,0.000041,0.729757,0.270202
AATCTATGCCGGAGCC-1,0.000039,0.830217,0.169744
AATCTCTACTGTGGTT-1,0.000122,0.000734,0.999144
AATCTGCGTTGGGACG-1,0.02756,0.86363,0.10881
AATCTGGCTTTCTAGT-1,0.000104,0.000622,0.999275
AATCTGGGTAGACCCT-1,0.077304,0.526335,0.39636
AATGACAGCAATGTCT-1,0.000035,0.719904,0.280061
AATGACGTAGGATGTC-1,0.000017,0.957499,0.042484
AATGACTGTCAGCCGG-1,0.019646,0.723455,0.256899
AATGAGTTCGCATATG-1,0.001448,0.951939,0.046614
AATGATGATACGCTAT-1,0.000089,0.00057,0.999342
AATGATGCGACTCCTG-1,0.025307,0.074298,0.900394
AATGCAACCGGGTACC-1,0.00003,0.937645,0.062325
AATGCACCAAGCAATG-1,0.000132,0.144966,0.854902
AATGGCCGCCAATGCG-1,0.081608,0.326733,0.591659
AATGGTCCACCGTTCA-1,0.004501,0.470846,0.524654
AATGGTTCTCACAAGC-1,0.004291,0.368528,0.627181
AATGTATGGCACTGTA-1,0.016393,0.937677,0.04593
AATGTGCCCGAGGTGT-1,0.000034,0.743141,0.256824
AATGTGCTAATCTGAG-1,0.011008,0.988964,0.000028
AATGTTAAGACCCTGA-1,0.639266,0.35243,0.008304
AATGTTGTCGTGAGAC-1,0.938031,0.000144,0.061825
AATTAAAGGTCGGCGT-1,0.052379,0.885799,0.061822
AATTAACGGATTTCCA-1,0.024875,0.74088,0.234245
AATTACGAGACCCATC-1,0.022204,0.669132,0.308664
AATTAGCGCTGCAGCG-1,0.04267,0.915088,0.042241
AATTATACCCAGCAAG-1,0.985472,0.000315,0.014214
AATTCATAAGGGATCT-1,0.052093,0.152544,0.795363
AATTCATTGTCATGCA-1,0.000012,0.999964,0.000024
AATTCCAAGCATGTAC-1,0.07144,0.76141,0.16715
AATTCGATTCGAGGAT-1,0.148867,0.307602,0.543531
AATTCTAGAGTTAGGC-1,0.000029,0.902811,0.09716
AATTGAACGCTCTGGT-1,0.001477,0.65706,0.341462
AATTGCAGCAATCGAC-1,0.636943,0.350284,0.012773
AATTGCGTGGATTACA-1,0.000008,0.999975,0.000017
AATTGTGGTTGCCAAA-1,0.684475,0.076016,0.23951
AATTTGGGACATAGTA-1,0.00003,0.96943,0.03054
AATTTGGTTCCAAAGA-1,0.000031,0.975485,0.024485
ACAAACCATGCGTCCT-1,0.000017,0.884884,0.115098
ACAAACCGACAAGGCG-1,0.003325,0.331623,0.665052
ACAAACTCCATCAGAG-1,0.000047,0.65699,0.342963
ACAAAGCATGACCTAG-1,0.542468,0.165023,0.292509
ACAAATCGCACCGAAT-1,0.152354,0.481873,0.365773
ACAAATGGTAGTGTTT-1,0.009888,0.810767,0.179345
ACAAATTCAGATCTGA-1,0.000039,0.933271,0.066691
ACAACAGCATGAGCTA-1,0.000032,0.746154,0.253815
ACAACGGTCCCTGCGA-1,0.035723,0.76609,0.198187
ACAAGCAGTGCCTAGC-1,0.000031,0.758971,0.240999
ACAAGGAAATCCGCCC-1,0.019409,0.826359,0.154233
ACAAGGACAAGAGGTT-1,0.000056,0.545228,0.454716
ACAAGGATGCTTTAGG-1,0.064108,0.799649,0.136243
ACAAGGCCTACCAGCC-1,0.086282,0.534311,0.379407
ACAAGGGCAGGCTCTG-1,0.000035,0.73768,0.262286
ACAATCCATTTAAACC-1,0.042358,0.277356,0.680286
ACAATCGATCTTTATA-1,0.000051,0.695191,0.304757
ACAATGAATACGGAGA-1,0.004716,0.622845,0.372438
ACAATGATTCTTCTAC-1,0.000034,0.808539,0.191427
ACAATTGTGTCTCTTT-1,0.09686,0.744626,0.158514
ACAATTTAGGAGGCTC-1,0.000035,0.876375,0.12359
ACAATTTGAGCAGTGG-1,0.000049,0.678332,0.321618
ACAATTTGGCCATATT-1,0.061121,0.757626,0.181253
ACACAAAGACGGGTGG-1,0.000022,0.999935,0.000043
ACACAAATATTCCTAG-1,0.020896,0.000617,0.978487
ACACACCAGGACCAGT-1,0.020869,0.784171,0.194959
ACACACTTTCTACACG-1,0.042653,0.420634,0.536713
ACACATGATCAAATCT-1,0.004043,0.652005,0.343953
ACACATTTCCGTAGAC-1,0.615372,0.101885,0.282743
ACACCACATAATTAGC-1,0.000039,0.645227,0.354735
ACACCCAGCATGCAGC-1,0.000033,0.948405,0.051562
ACACCCGAGAAATCCG-1,0.010513,0.82807,0.161418
ACACCGAGCGCTCTTT-1,0.006203,0.379239,0.614558
ACACCGGTCTGACCGC-1,0.017655,0.535575,0.44677
ACACCTTAAGTAGGGC-1,0.000077,0.424754,0.575169
ACACCTTACTACTTGC-1,0.027512,0.917035,0.055452
ACACGAGACTCCTTCT-1,0.000079,0.262875,0.737046
ACACGGCACTATGCAT-1,0.000052,0.967938,0.03201
ACACGGGAACTTAGGG-1,0.003152,0.168633,0.828215
ACACGTAGGCCACAAG-1,0.275887,0.360234,0.36388
ACACTCCAATGTCACT-1,0.035647,0.783552,0.180801
ACACTGATCAAGGTGT-1,0.000072,0.525138,0.47479
ACACTGGGACAGTCGT-1,0.38388,0.297951,0.318169
ACAGAACTGAGAACAA-1,0.000039,0.709399,0.290562
ACAGATTAGGTTAGTG-1,0.004549,0.976458,0.018993
ACAGCATAGAGCCAGT-1,0.000036,0.999892,0.000072
ACAGCGACATTCTCAT-1,0.081632,0.918336,0.000033
ACAGCGCACCCGCAGC-1,0.000042,0.848758,0.151199
ACAGGCACGGATCCTT-1,0.999838,0.000122,0.000041
ACAGGCTTGCCCGACT-1,0.128719,0.36651,0.504771
ACAGGTGGAGGTGAGG-1,0.000054,0.345195,0.65475
ACAGTAATACAACTTG-1,0.000064,0.103582,0.896354
ACAGTATACCGTGGGA-1,0.04592,0.558135,0.395945
ACAGTGCAGCGCATTT-1,0.020413,0.000287,0.979301
ACATAAGTCGTGGTGA-1,0.008627,0.745461,0.245913
ACATAATAAGGCGGTG-1,0.018889,0.721805,0.259306
ACATACAATCAAGCGG-1,0.82493,0.000466,0.174604
ACATCAGCTGGGACGC-1,0.000041,0.823431,0.176528
ACATCCCGGCCATACG-1,0.031282,0.605165,0.363552
ACATCCTGGTAACTGT-1,0.1661,0.770682,0.063217
ACATCGATCGTTTACC-1,0.000023,0.99993,0.000046
ACATCGGTCAGCCGCG-1,0.160839,0.113647,0.725514
ACATCGTATGCAATGG-1,0.055981,0.921646,0.022373
ACATCGTTAACCTAGT-1,0.000044,0.83679,0.163166
ACATCTCAACGCGTAA-1,0.028332,0.717308,0.25436
ACATGCTTACGGCAGC-1,0.036365,0.705601,0.258034
ACATGGCGCCAAAGTA-1,0.10305,0.624972,0.271978
ACATTAGTTTATATCC-1,0.000029,0.99635,0.003621
ACATTCGCGCGGAATA-1,0.011067,0.844439,0.144494
ACATTTGAAACCTAAC-1,0.933376,0.000132,0.066492
ACCAAACACCCAGCGA-1,0.036167,0.249736,0.714097
ACCAAACTAGAAATCC-1,0.000045,0.623333,0.376622
ACCAACACCACACACT-1,0.000073,0.040639,0.959289
ACCAACCGCACTCCAC-1,0.832841,0.119647,0.047511
ACCAACGCTTATTTAT-1,0.000052,0.588537,0.411411
ACCAAGAACGCGTGTC-1,0.014837,0.824067,0.161095
ACCAAGTCATCGGCAG-1,0.713172,0.20499,0.081839
ACCAATATGCAAGTTA-1,0.014645,0.65393,0.331426
ACCACAACTCAGAACA-1,0.000019,0.999944,0.000037
ACCACAAGTTTCTATC-1,0.003982,0.268206,0.727812
ACCACACGGTTGATGG-1,0.968855,0.017957,0.013188
ACCACCAATGTAACAA-1,0.062066,0.769617,0.168316
ACCACCCTCTCTTCTA-1,0.000863,0.003003,0.996134
ACCACGTGCAGCTATA-1,0.085108,0.439744,0.475149
ACCAGACCATAACAAC-1,0.026843,0.362664,0.610493
ACCAGCCCGGTCTTTG-1,0.046555,0.594583,0.358862
ACCAGGAGTGTGATCT-1,0.039385,0.882896,0.077719
ACCAGTGCCCGGTCAA-1,0.000034,0.863388,0.136577
ACCAGTGCGGGAGACG-1,0.000015,0.996951,0.003033
ACCATATCCGCAATAA-1,0.05254,0.776353,0.171107
ACCATCGTATATGGTA-1,0.010536,0.748077,0.241387
ACCCAACGCCCGTGGC-1,0.000053,0.767703,0.232245
ACCCACCTACATGCTC-1,0.052578,0.794007,0.153415
ACCCATCTTGAGGGTA-1,0.000123,0.000739,0.999138
ACCCATTTGTCCCTCT-1,0.106398,0.818144,0.075458
ACCCGAGCGAAATTAC-1,0.003111,0.937051,0.059838
ACCCGATTGGTTCCGA-1,0.038518,0.740972,0.22051
ACCCGGAAACTCCCAG-1,0.007056,0.908718,0.084226
ACCCGGATGACGCATC-1,0.000034,0.521058,0.478908
ACCCGGTTACACTTCC-1,0.000039,0.807508,0.192453
ACCCGTAGCAGAGAAT-1,0.010932,0.701166,0.287903
ACCCGTAGTCTAGTTG-1,0.708472,0.051625,0.239902
ACCCGTGTCATCAGTA-1,0.043579,0.906224,0.050197
ACCCTATAGGACTGAG-1,0.000049,0.73146,0.268491
ACCCTATGCCATATCG-1,0.00002,0.999941,0.000039
ACCCTCCCGTCAGGGC-1,0.802543,0.197422,0.000034
ACCCTCCCTTGCTATT-1,0.000026,0.841768,0.158206
ACCCTGGTAACGCCCT-1,0.064571,0.239915,0.695514
ACCCTTCATCTGCGAA-1,0.004978,0.728442,0.26658
ACCCTTGCCTGGGTCG-1,0.000076,0.244596,0.755329
ACCCTTTAGTTCTCCA-1,0.03747,0.586543,0.375987
ACCGAAAGGGCCCTGC-1,0.159083,0.65677,0.184148
ACCGAAGAGTCTGGTT-1,0.050119,0.9046,0.04528
ACCGACACATCTCCCA-1,0.062519,0.736512,0.200969
ACCGACTGAGTCCCAC-1,0.014196,0.162325,0.823479
ACCGAGTCTCCTTATT-1,0.606827,0.300267,0.092906
ACCGATAGGCATAACC-1,0.77762,0.170553,0.051826
ACCGATATTTAATCAT-1,0.528927,0.286819,0.184255
ACCGATGGTAGCATCG-1,0.000032,0.858575,0.141393
ACCGCAATAACTGCCT-1,0.027616,0.566143,0.406241
ACCGCGGTGGAAGTCG-1,0.00233,0.90227,0.0954
ACCGCTAGTCATTGGT-1,0.017049,0.751037,0.231913
ACCGGGCCTTTGTTGA-1,0.000037,0.580455,0.419508
ACCGGTCAGGTACACC-1,0.002804,0.995486,0.00171
ACCGGTCTGAGTACGG-1,0.034726,0.93581,0.029464
ACCGTCCACTGGGCCC-1,0.017207,0.92416,0.058632
ACCGTGACCACGTGGG-1,0.106024,0.759135,0.134841
ACCGTTCCCGCTCTGA-1,0.00853,0.920829,0.070641
ACCTAAGTACCTTTCA-1,0.003841,0.996115,0.000044
ACCTAATCGACTTCCT-1,0.000086,0.221052,0.778863
ACCTACAGTATGTGGT-1,0.066152,0.734564,0.199283
ACCTACTATAAATCTA-1,0.023666,0.494879,0.481456
ACCTCCGCCCTCGCTG-1,0.352248,0.359864,0.287888
ACCTCCGTTATTCACC-1,0.000013,0.999961,0.000026
ACCTCGAACTTATGCT-1,0.067779,0.777368,0.154853
ACCTGCGTGTCATGTT-1,0.000129,0.000774,0.999097
ACCTTTCCTTTAGAAG-1,0.000059,0.642065,0.357875
ACGAAATGGGCGGCAC-1,0.000026,0.98286,0.017114
ACGACTCTAGGGCCGA-1,0.917977,0.004394,0.077629
ACGACTGGTCATACTC-1,0.039713,0.903612,0.056674
ACGAGAACCCATCACG-1,0.000024,0.897286,0.10269
ACGAGATATTTGCTTA-1,0.000075,0.698424,0.301501
ACGAGGATACCACTCT-1,0.000103,0.154185,0.845712
ACGAGGTTTACAACGT-1,0.000017,0.952738,0.047244
ACGAGTACGGATGCCC-1,0.000022,0.965986,0.033991
ACGATACATAGAACTA-1,0.000081,0.116959,0.88296
ACGATCATACATAGAG-1,0.000059,0.629366,0.370575
ACGATCATCTTGTAAA-1,0.000021,0.999936,0.000043
ACGATGCATATGTTAT-1,0.031521,0.187781,0.780698
ACGATGGATCCGATGC-1,0.000021,0.999937,0.000042
ACGCAAACTAATAGAT-1,0.015686,0.799357,0.184957
ACGCAATCACTACAGC-1,0.000092,0.380039,0.619869
ACGCATAAATGACATG-1,0.000019,0.944915,0.055066
ACGCATACGTTTACTA-1,0.019427,0.973604,0.006968
ACGCATTCGTGAGTAC-1,0.000104,0.308982,0.690914
ACGCCACTCGAAACAG-1,0.811954,0.144151,0.043895
ACGCCAGATGATTTCT-1,0.000062,0.661945,0.337993
ACGCCAGTGCGTTTGC-1,0.931595,0.000141,0.068264
ACGCCCAGCTGTCGAT-1,0.00004,0.858701,0.14126
ACGCCGCTAGACGACC-1,0.000037,0.79019,0.209773
ACGCGAAGTCAGACGA-1,0.036775,0.909409,0.053816
ACGCGCTACACAGGGT-1,0.000074,0.071594,0.928332
ACGCGGGCCAAGGACA-1,0.000047,0.633746,0.366207
ACGCGTTTCTTAAGAG-1,0.011083,0.380131,0.608786
ACGCTACTGAATGGGC-1,0.714103,0.054892,0.231006
ACGCTAGTATCAGTGC-1,0.04346,0.678885,0.277656
ACGCTAGTGATACACT-1,0.000026,0.954958,0.045016
ACGCTGTGAGGCGTAG-1,0.000168,0.001006,0.998826
ACGCTTAGTGTCTCTC-1,0.00006,0.593817,0.406123
ACGGAACACGAGTGCC-1,0.912104,0.000087,0.087809
ACGGAATTTAGCAAAT-1,0.018291,0.817517,0.164192
ACGGACGCAGCGACAA-1,0.011552,0.796116,0.192332
ACGGACTCTCAAAGCG-1,0.015415,0.699805,0.284781
ACGGAGCGCAAATTAC-1,0.000107,0.315133,0.68476
ACGGATGGTGCGGATA-1,0.024987,0.587215,0.387798
ACGGCACTTGCTTGGG-1,0.000027,0.935206,0.064767
ACGGCCAACATGGACT-1,0.000085,0.770661,0.229253
ACGGCGACGATGGGAA-1,0.000017,0.934203,0.065781
ACGGCGGGTTGCCCTG-1,0.015237,0.574644,0.410119
ACGGCTGGATGTAGAA-1,0.009222,0.663181,0.327597
ACGGGAGTGTCGGCCC-1,0.038098,0.041384,0.920519
ACGGGCGTATGCGACA-1,0.000041,0.464071,0.535889
ACGGGTCATGTGACTT-1,0.054427,0.523609,0.421964
ACGGGTTGTGACCTGT-1,0.000011,0.940876,0.059113
ACGGTACAGTTCAATG-1,0.87525,0.057316,0.067435
ACGGTCACCGAGAACA-1,0.025242,0.594522,0.380236
ACGTACAGATTTCTCT-1,0.000027,0.99992,0.000054
ACGTACTTTGGCACGG-1,0.089416,0.735884,0.174701
ACGTAGATTGCTGATG-1,0.000034,0.71134,0.288625
ACGTAGGAGAGTCGCT-1,0.299805,0.312806,0.38739
ACGTATTACTCCGATC-1,0.038064,0.591112,0.370824
ACGTCCTAAACGAGAT-1,0.00583,0.940438,0.053733
ACGTCTCGTTCCGGGA-1,0.054463,0.391709,0.553828
ACGTGACAAAGTAAGT-1,0.006311,0.208715,0.784974
ACGTGCGCCTCGTGCA-1,0.016929,0.730521,0.25255
ACGTGGTCGAATGTGC-1,0.07385,0.732487,0.193663
ACGTTAATGTCGAAGA-1,0.000023,0.846627,0.15335
ACGTTAGATTTGCCCG-1,0.000088,0.087207,0.912705
ACGTTATTGGTCACTC-1,0.009842,0.79241,0.197749
ACGTTCACTATGCCGC-1,0.251016,0.660998,0.087987
ACGTTCCGCGCTCCGT-1,0.000045,0.83381,0.166144
ACGTTCGCAATCAATT-1,0.000022,0.877069,0.122909
ACGTTCGTTCAGGAAA-1,0.054897,0.861027,0.084076
ACGTTCTGTACAAGTC-1,0.631169,0.102195,0.266636
ACGTTGTCGTTGAAAG-1,0.001846,0.601443,0.396711
ACGTTTAGTTGTGATC-1,0.000082,0.671286,0.328632
ACTAAGGACGCACACC-1,0.000021,0.649542,0.350436
ACTAATACGTCAGGCG-1,0.000071,0.668674,0.331255
ACTACAAAGAGAGGTG-1,0.013482,0.979114,0.007404
ACTACATCCCGACAAG-1,0.003639,0.99435,0.00201
ACTACCAGCTCTCTGG-1,0.000033,0.999901,0.000066
ACTACCATCCGAGGGC-1,0.05277,0.82479,0.12244
ACTACGCGTTAGAATT-1,0.027047,0.91776,0.055193
ACTAGTTGCGATCGTC-1,0.019018,0.681794,0.299188
ACTATATGCTGTGTTC-1,0.000034,0.97154,0.028426
ACTATCCAGGGCATGG-1,0.105002,0.640535,0.254463
ACTATCTGCCCGCGTA-1,0.083186,0.915815,0.000999
ACTATGTCCAGCTGCC-1,0.101382,0.556915,0.341703
ACTATTCGTCCGTGGT-1,0.013078,0.677266,0.309655
ACTATTTCCGGGCCCA-1,0.000021,0.980279,0.0197
ACTCAACGAATGTATT-1,0.180694,0.461258,0.358048
ACTCAAGTGCAAGGCT-1,0.018207,0.801635,0.180158
ACTCAATAAAGGCACG-1,0.000063,0.447845,0.552092
ACTCAGACCTGCTTCT-1,0.009282,0.71759,0.273128
ACTCATGGCAGCCTTC-1,0.000025,0.786778,0.213196
ACTCCAATATCATCAT-1,0.000011,0.999966,0.000023
ACTCCCATTCCTAAAG-1,0.057748,0.306026,0.636227
ACTCCCGAATTCGTTT-1,0.064287,0.514805,0.420908
ACTCCCGTAGACTAGG-1,0.011577,0.000306,0.988117
ACTCCCTAATGCTAAA-1,0.033195,0.649161,0.317645
ACTCCCTAGAATAGTA-1,0.04038,0.882191,0.077429
ACTCCGGCCGACCACT-1,0.829476,0.046758,0.123767
ACTCGATGTATTTCAT-1,0.006855,0.925965,0.067181
ACTCGCCGTTCGATAA-1,0.794751,0.003859,0.20139
ACTCGTAACCCGTCCT-1,0.000072,0.185464,0.814464
ACTCGTCAGTAATCCC-1,0.002753,0.693048,0.304199
ACTCTCTGACTTAGGT-1,0.02861,0.901195,0.070195
ACTCTCTTATACACGA-1,0.000053,0.76667,0.233277
ACTCTGACCTAATAGA-1,0.561875,0.438099,0.000026
ACTCTTGTATAGTAAC-1,0.007431,0.888789,0.10378
ACTGAAACGCCGTTAG-1,0.026112,0.971628,0.002261
ACTGAATGGCGAAAGT-1,0.013675,0.953474,0.03285
ACTGATTTAGTGATTC-1,0.000048,0.999855,0.000097
ACTGCCCGCCATTCTC-1,0.004888,0.876741,0.118371
ACTGCCGTCGTAACTC-1,0.000033,0.999901,0.000066
ACTGCGGACACACCGT-1,0.00709,0.772226,0.220684
ACTGCTCGGAAGGATG-1,0.012713,0.632187,0.355101
ACTGGCGAACCTGCGT-1,0.000023,0.828872,0.171105
ACTGGGATGCCAGTGC-1,0.041774,0.8006,0.157626
ACTGTACGATACACAT-1,0.00005,0.566143,0.433807
ACTGTAGCACTTTGGA-1,0.000052,0.874263,0.125685
ACTGTATACGCGAGCA-1,0.000033,0.993059,0.006907
ACTGTCCAGGATTATA-1,0.016093,0.262186,0.721721
ACTGTCTTCTTTAGAA-1,0.000095,0.114167,0.885738
ACTGTGCTAGTAGATC-1,0.037567,0.496891,0.465542
ACTGTTTAGTGTAGGC-1,0.000083,0.657876,0.342041
ACTTACCGGGCGCGCA-1,0.000045,0.930296,0.069659
ACTTACGCATCCACGC-1,0.062483,0.899343,0.038174
ACTTAGTACGACAAGA-1,0.046124,0.953797,0.00008
ACTTATACTTACCCGG-1,0.023279,0.976692,0.000029
ACTTATCTGATCTATA-1,0.086909,0.620484,0.292607
ACTTATTAGGATCGGT-1,0.000036,0.718866,0.281099
ACTTATTTATGTGCCA-1,0.00005,0.663043,0.336907
ACTTCAGGCTGATCCC-1,0.00002,0.999883,0.000097
ACTTCCAGTGGAAGCT-1,0.024688,0.96186,0.013452
ACTTCCATGCGGGACA-1,0.062763,0.775368,0.161869
ACTTCCTGTCGTGCGA-1,0.10664,0.58141,0.31195
ACTTCGCCATACGCAC-1,0.00012,0.078208,0.921672
ACTTCGCTAGCGAGTG-1,0.026033,0.75554,0.218427
ACTTGACTCCCTCTTT-1,0.02751,0.803931,0.168559
ACTTGCCATATTGTAC-1,0.05327,0.52897,0.41776
ACTTGCTCTATCTACC-1,0.038476,0.783622,0.177902
ACTTGGGACCCGGTGG-1,0.000045,0.354843,0.645112
ACTTGTGGATGGAACG-1,0.00858,0.834584,0.156836
ACTTGTTACCGGATCA-1,0.244805,0.719527,0.035668
ACTTTACCCTCATGAA-1,0.025016,0.974945,0.000039
ACTTTATACACCACTT-1,0.174769,0.564563,0.260668
ACTTTCCTATAGCTTC-1,0.051915,0.100867,0.847218
ACTTTGACTGCATCCT-1,0.000141,0.000846,0.999014
ACTTTGGTCGTGCTCC-1,0.016708,0.721309,0.261983
ACTTTGTCGACGCACT-1,0.663527,0.151419,0.185054
AGAAATTATGACTCGC-1,0.026428,0.628554,0.345018
AGAACACGGCGATGGT-1,0.04034,0.716402,0.243258
AGAACCCAGCGTGACA-1,0.252894,0.447282,0.299824
AGAACCCTCAATTGGG-1,0.015748,0.984232,0.00002
AGAACGTGGTACATTC-1,0.000106,0.105274,0.89462
AGAACTGTACTTTGTA-1,0.999819,0.000136,0.000045
AGAAGAGCGCCGTTCC-1,0.000386,0.845494,0.15412
AGAAGGTACACTTCAC-1,0.000022,0.985072,0.014906
AGAAGGTTGCCGAATT-1,0.059765,0.909017,0.031218
AGAAGGTTGTAGGTCG-1,0.117989,0.647732,0.234279
AGAAGTGATTCGTGAT-1,0.000044,0.741602,0.258354
AGAATAAATCTTCAGG-1,0.000091,0.000544,0.999365
AGAATACAGGCTATCC-1,0.801492,0.000294,0.198213
AGAATGCGGGTTCGGA-1,0.024523,0.969262,0.006215
AGAATTATGGATTCGA-1,0.000037,0.675455,0.324508
AGAATTGTTTGACATA-1,0.000017,0.999948,0.000034
AGACAGCTCAGAATCC-1,0.529741,0.403622,0.066637
AGACATAGATCCTTCC-1,0.000029,0.970261,0.02971
AGACCAAACCACACCT-1,0.006644,0.46491,0.528446
AGACCATGGGATACAA-1,0.000038,0.981316,0.018645
AGACCCACCGCTGATC-1,0.000042,0.707138,0.29282
AGACCCGCCCTCCTCG-1,0.000043,0.609032,0.390925
AGACCGCTCCGCGGTT-1,0.220501,0.632371,0.147128
AGACCGGGAAACCCTG-1,0.024032,0.359529,0.616439
AGACGAAGTGCCGGTC-1,0.03604,0.719758,0.244201
AGACGACGATGCCGCT-1,0.000027,0.955899,0.044074
AGACGCCCACTTCGCC-1,0.715618,0.150888,0.133494
AGACGGGATTGGTATA-1,0.014831,0.449743,0.535426
AGACGGGCCGATTTAA-1,0.000042,0.797809,0.202148
AGACTAGCCTTCCAGA-1,0.000068,0.596855,0.403077
AGACTGTTACCGGGTC-1,0.034383,0.735911,0.229705
AGAGAAACACCAGAAA-1,0.000019,0.746638,0.253342
AGAGAACCGTCTAGGA-1,0.000087,0.069444,0.930469
AGAGAAGGAGTACAAT-1,0.012227,0.935639,0.052134
AGAGATCTCTAAAGCG-1,0.011965,0.26048,0.727555
AGAGCAGTTATGAGAC-1,0.000021,0.993873,0.006106
AGAGCCGCCGAGATTT-1,0.273078,0.413789,0.313133
AGAGCGGGCTAATCAT-1,0.216691,0.435901,0.347408
AGAGCGTACAAGCTCG-1,0.000039,0.914541,0.085419
AGAGCTACGAAAGCAT-1,0.020232,0.849659,0.13011
AGAGGCTTCGGAAACC-1,0.065381,0.79531,0.139309
AGAGGGACAATTGTCC-1,0.000012,0.999965,0.000023
AGAGGTATCTCGGTCC-1,0.000052,0.755081,0.244867
AGAGTAAACTTCACTA-1,0.05798,0.81837,0.12365
AGAGTATAGTGTTACG-1,0.000067,0.542988,0.456945
AGAGTGAACAGACACC-1,0.047217,0.760613,0.19217
AGAGTTAGAGACCGAT-1,0.000044,0.967573,0.032384
AGAGTTGCAGGCCTCC-1,0.00003,0.555237,0.444733
AGATAACTTCAGGGCC-1,0.004105,0.105632,0.890263
AGATACCAATAGAACC-1,0.857709,0.05262,0.08967
AGATACCAGCACTTCA-1,0.000116,0.064415,0.935468
AGATACCGGTGTTCAC-1,0.026754,0.004403,0.968843
AGATACGACTTCATAT-1,0.076262,0.866213,0.057525
AGATACTCAAGATCGA-1,0.00004,0.621538,0.378422
AGATATAATACGACTA-1,0.020198,0.630776,0.349026
AGATCGTGCATAAGAT-1,0.005156,0.0243,0.970543
AGATCTCAGGTGTGAT-1,0.00699,0.106105,0.886905
AGATCTGGAGAGGATA-1,0.040668,0.715562,0.24377
AGATGACTCGCCCACG-1,0.000057,0.854704,0.145239
AGATGAGGGTTGCGAT-1,0.000045,0.751978,0.247977
AGATGATGGAGTCTGG-1,0.000031,0.943614,0.056356
AGATGCAAGACGTGCA-1,0.023635,0.69967,0.276695
AGATTATAGGACGTTT-1,0.000056,0.876873,0.123071
AGATTCAAGCGGGTCG-1,0.000066,0.285386,0.714548
AGATTCACAACCGATA-1,0.000014,0.987403,0.012583
AGCAAAGGCCGCTAGT-1,0.033696,0.596181,0.370123
AGCAACATATCTTATT-1,0.056012,0.623284,0.320703
AGCAACCGAAAGTAAT-1,0.024292,0.913707,0.062001
AGCACACGTTTAGACT-1,0.012665,0.853589,0.133746
AGCACCAGTACTCACG-1,0.000072,0.07869,0.921238
AGCACTACCGGCCTGT-1,0.000065,0.318245,0.681689
AGCACTACCTCACCAG-1,0.07359,0.890315,0.036095
AGCACTTAAGGACGCC-1,0.016691,0.307619,0.67569
AGCAGAAGGAGAAAGA-1,0.013543,0.934578,0.051879
AGCAGCCAGATGAATA-1,0.023246,0.931141,0.045612
AGCAGTCGAAGCATGC-1,0.914251,0.000097,0.085651
AGCATATCAATATGCT-1,0.080587,0.897836,0.021577
AGCATCATTTCGAAAG-1,0.000022,0.86088,0.139098
AGCATCGTCGATAATT-1,0.000053,0.518863,0.481084
AGCATTACGAGGCAAG-1,0.999823,0.000133,0.000044
AGCCAAGCTTTGTGTC-1,0.030819,0.692555,0.276626
AGCCACAGGTTACCCG-1,0.112141,0.77293,0.114928
AGCCACTCCCGTGCTT-1,0.00006,0.074365,0.925575
AGCCATATAGTATGTG-1,0.165294,0.83195,0.002756
AGCCCATACATGTAAG-1,0.086954,0.193595,0.719451
AGCCCGCAACAAGCAG-1,0.002964,0.996953,0.000083
AGCCCGCACTACAATG-1,0.994804,0.00011,0.005086
AGCCCGGCATTAGAGG-1,0.004617,0.813082,0.182301
AGCCCGGTAGCCTGTA-1,0.000018,0.878032,0.12195
AGCCCTAAGCGAAGTT-1,0.000032,0.997304,0.002664
AGCCCTCCCTGGTGGC-1,0.000017,0.927768,0.072214
AGCCCTGTCGCACCGT-1,0.000021,0.742585,0.257394
AGCCCTTCTAATCCGA-1,0.000105,0.15318,0.846715
AGCCCTTGGACATCCC-1,0.443257,0.556709,0.000034
AGCCGTGGCTAAATGT-1,0.000061,0.458754,0.541185
AGCCTAATACCCACGT-1,0.032644,0.057327,0.910029
AGCCTTAAAGCGGAAG-1,0.009299,0.760763,0.229938
AGCGACAGGAACGGTC-1,0.000036,0.783424,0.21654
AGCGACATCCCATTCA-1,0.000051,0.864421,0.135528
AGCGACCAACGATATT-1,0.000028,0.988355,0.011617
AGCGAGACGTGAAGGC-1,0.005793,0.585117,0.40909
AGCGATGCGCCTAATA-1,0.60326,0.088393,0.308347
AGCGCATAATGAATCG-1,0.00987,0.987995,0.002135
AGCGCGGGTGCCAATG-1,0.000065,0.000391,0.999544
AGCGCTAGAGCGATGT-1,0.03272,0.636837,0.330444
AGCGCTTATGGGCAAG-1,0.000052,0.954736,0.045213
AGCGGACACTTCGTAG-1,0.019329,0.798215,0.182456
AGCGGCGGTTAGCGGT-1,0.040362,0.068169,0.891469
AGCGGGAAGGGTCCAT-1,0.02226,0.502151,0.475589
AGCGGGTCTGACACTC-1,0.002499,0.994817,0.002684
AGCGGTTGAGATGTAC-1,0.021761,0.483813,0.494426
AGCGGTTGCCGCTCTG-1,0.000122,0.039569,0.960309
AGCGTACGAGAGCTAG-1,0.042192,0.751357,0.206451
AGCGTCTGAACCCGCA-1,0.000031,0.871934,0.128034
AGCGTGGTATTCTACT-1,0.000431,0.950088,0.049481
AGCGTTCCGATTTAAA-1,0.000032,0.752406,0.247562
AGCTAACAAGCAATGT-1,0.000024,0.760214,0.239762
AGCTAAGCTCCGTCCG-1,0.049271,0.887414,0.063315
AGCTAAGTACGCAGGC-1,0.216796,0.284075,0.499129
AGCTAGAAGCAGAAGT-1,0.011336,0.06659,0.922074
AGCTATTTAATCCAAC-1,0.000044,0.804053,0.195903
AGCTCCATATATGTTC-1,0.082915,0.756916,0.160169
AGCTCCTTCGCACATC-1,0.002341,0.801715,0.195944
AGCTCGTTGATGGAAA-1,0.006295,0.000548,0.993158
AGCTCTAGACGTTCCA-1,0.000035,0.846012,0.153953
AGCTCTTCCCAGTGCA-1,0.000041,0.879442,0.120517
AGCTCTTCGTAACCTT-1,0.020429,0.669757,0.309813
AGCTCTTTACTCAGTT-1,0.000054,0.782369,0.217577
AGCTGAAGTAAACCAA-1,0.000033,0.866616,0.133351
AGCTGCATTTGAGGTG-1,0.000047,0.081062,0.918891
AGCTGCTGTGCCGAAT-1,0.046726,0.083315,0.869959
AGCTGTAACCTCAATC-1,0.011882,0.691614,0.296504
AGCTTATAGAGACCTG-1,0.000042,0.922904,0.077054
AGCTTCAATACTTTGA-1,0.064662,0.688349,0.246989
AGCTTCTTCTCGAGCA-1,0.897752,0.065983,0.036266
AGCTTGATCAGGGTAG-1,0.111002,0.641188,0.24781
AGGAACGAACGACTTC-1,0.753862,0.080762,0.165376
AGGAAGCTGTCCGCCG-1,0.073338,0.822612,0.10405
AGGACAGTCGAATCCC-1,0.042782,0.848207,0.10901
AGGACATCGCACGTCG-1,0.000047,0.908537,0.091415
AGGACATCGGCACACT-1,0.6795,0.171815,0.148685
AGGACGACCCATTAGA-1,0.003899,0.789947,0.206153
AGGACGCTCGATGTTG-1,0.085761,0.581408,0.332831
AGGAGACATCCACAGT-1,0.00007,0.163327,0.836604
AGGAGAGTCTGGCTAC-1,0.021966,0.939346,0.038687
AGGAGGCCTTCGCGCG-1,0.041537,0.912523,0.04594
AGGATAAAGTCGGGAT-1,0.002863,0.989182,0.007955
AGGATATAGGGATTTA-1,0.023678,0.63778,0.338542
AGGATATCCGACTGCA-1,0.916263,0.054989,0.028748
AGGATCACGCGATCTG-1,0.000087,0.000524,0.999388
AGGATTGCTTACGACA-1,0.000038,0.725989,0.273973
AGGCAAAGAGGAATCA-1,0.007222,0.952859,0.039919
AGGCACGTGACTGTCC-1,0.11665,0.321052,0.562297
AGGCAGATGCGTAAAC-1,0.001629,0.003993,0.994379
AGGCAGGGAGCGTACT-1,0.053358,0.787044,0.159598
AGGCATTGTCGTAGGG-1,0.035886,0.959971,0.004143
AGGCCACCCGTTATGA-1,0.000035,0.975523,0.024442
AGGCCCAGTGACTGGT-1,0.072326,0.549827,0.377847
AGGCCCATTGTACAGG-1,0.000056,0.819663,0.180281
AGGCCCTAGAACGCCA-1,0.000067,0.000404,0.999528
AGGCCTATCATACCAA-1,0.078088,0.915812,0.0061
AGGCCTGAGAATCTCG-1,0.071579,0.302005,0.626416
AGGCGGTTTGTCCCGC-1,0.048639,0.655743,0.295618
AGGCGTCTATGGACGG-1,0.000077,0.518606,0.481317
AGGCTATGGTTAGCTT-1,0.011934,0.883598,0.104468
AGGCTTCCCGAAGAAG-1,0.005304,0.955919,0.038777
AGGCTTGCTAGACACC-1,0.000036,0.999893,0.000071
AGGGAAACGAGGTACT-1,0.000035,0.996819,0.003146
AGGGACAGCACGGCGG-1,0.028246,0.686512,0.285242
AGGGACCGGCTGCGTT-1,0.000025,0.939133,0.060841
AGGGACTCTACGCGAC-1,0.025127,0.873964,0.100909
AGGGAGACATACTTCG-1,0.001056,0.530875,0.468069
AGGGCAGCGGCGTGGT-1,0.000025,0.999926,0.00005
AGGGCCCTAATGTTCT-1,0.719645,0.071216,0.209139
AGGGCGAGCAGCTGAT-1,0.021761,0.489097,0.489142
AGGGCGTGATCGGCTA-1,0.00006,0.716475,0.283464
AGGGCTGCAGTTACAG-1,0.000035,0.95617,0.043795
AGGGTCAGAGCACTCG-1,0.00697,0.59481,0.39822
AGGGTCAGTAACCCTA-1,0.055286,0.419482,0.525232
AGGGTCGATGCGAACT-1,0.000048,0.510143,0.489809
AGGGTCTGGACGCAGT-1,0.731176,0.147641,0.121182
AGGGTGCCGTTCTTTA-1,0.010444,0.668737,0.32082
AGGGTGCTCTCGAGGG-1,0.005825,0.448402,0.545773
AGGGTGGATAGTGCAT-1,0.000058,0.724318,0.275624
AGGGTGTGCTACACGC-1,0.000039,0.445516,0.554445
AGGGTTCAGACGGTCC-1,0.211534,0.529693,0.258773
AGGGTTCCCTTTGGTT-1,0.014332,0.76733,0.218338
AGGGTTTAGTTCGGGA-1,0.000069,0.64713,0.352802
AGGTAACCTCCTATTC-1,0.000046,0.968628,0.031326
AGGTACGATATTGCCA-1,0.025958,0.962958,0.011085
AGGTAGATCGAGATAT-1,0.007603,0.895799,0.096598
AGGTAGGTACAAAGCT-1,0.000119,0.023452,0.976428
AGGTATAATTGATAGT-1,0.017034,0.517511,0.465455
AGGTATGCGGACATTA-1,0.064872,0.781495,0.153633
AGGTCAGGTGAGAGTG-1,0.000074,0.000445,0.999481
AGGTCGCCACTTCGGT-1,0.025899,0.516153,0.457948
AGGTCGCCTCCCAACA-1,0.713621,0.154538,0.13184
AGGTCGCGGAGTTACT-1,0.00004,0.853689,0.146271
AGGTGCACGTCCACAT-1,0.932601,0.026014,0.041385
AGGTGGTGACCTTCGC-1,0.038559,0.482216,0.479225
AGGTGTATCGCCATGA-1,0.000097,0.119941,0.879962
AGGTGTTGCCGACCAC-1,0.555759,0.323059,0.121183
AGGTTACACCATGCCG-1,0.030795,0.631602,0.337603
AGGTTCTCCTTTCCGG-1,0.000021,0.978466,0.021513
AGGTTGAGGCACGCTT-1,0.000069,0.599783,0.400148
AGGTTTCACACACCTT-1,0.011823,0.987381,0.000796
AGTAACGTTCATCCTG-1,0.000146,0.637739,0.362115
AGTAACTATAGCAGCC-1,0.999884,0.000087,0.000029
AGTAATCTAAGGGTGG-1,0.999842,0.000119,0.00004
AGTAATGTCTTGCCGC-1,0.000102,0.521532,0.478366
AGTAATTTGCAAGCGT-1,0.014501,0.979108,0.006391
AGTACAGAAGCTTATA-1,0.864971,0.033993,0.101037
AGTACATCATTTATCA-1,0.000034,0.84526,0.154706
AGTACCTTCGAGTGCT-1,0.000049,0.962834,0.037118
AGTACGGCCCGTATCG-1,0.00007,0.197045,0.802886
AGTACGGGCACCTGGC-1,0.027892,0.287153,0.684955
AGTACGTGGCCTGTCT-1,0.000046,0.91672,0.083234
AGTACTCTTATGCCCA-1,0.023901,0.830304,0.145795
AGTAGAAGGCGCCTCA-1,0.04198,0.828897,0.129123
AGTAGCGTGAACGAAC-1,0.035982,0.679902,0.284116
AGTAGCTAGACGCCGA-1,0.007707,0.71805,0.274244
AGTAGGAAGGAAGTTG-1,0.00003,0.97253,0.02744
AGTAGGTAACATACAT-1,0.000051,0.80167,0.198278
AGTATAATACTAGGCA-1,0.058414,0.793045,0.148541
AGTATACACAGCGACA-1,0.012513,0.863753,0.123734
AGTATCCATAATAACG-1,0.035563,0.641273,0.323164
AGTATGCTGGAGACCA-1,0.0069,0.899598,0.093503
AGTATTTGGCACGACC-1,0.000045,0.999917,0.000038
AGTCAAATGATGTGAT-1,0.023497,0.950819,0.025684
AGTCAACACCACCATC-1,0.000028,0.872061,0.127911
AGTCAAGATGACACTT-1,0.012813,0.734233,0.252953
AGTCACTAGCTCTCGA-1,0.000017,0.96259,0.037393
AGTCACTCCGCCTCAT-1,0.101957,0.887683,0.01036
AGTCAGCCACCGCCTG-1,0.000042,0.958849,0.041109
AGTCCATTGGCTGATG-1,0.046815,0.768641,0.184543
AGTCCCGCCTTTAATT-1,0.000042,0.963086,0.036872
AGTCCCTCGCAGAAAG-1,0.000066,0.16528,0.834653
AGTCGACGGTCTCAAG-1,0.080261,0.608997,0.310742
AGTCGGCCCAAACGAC-1,0.000053,0.663944,0.336003
AGTCGGCTCAACTTTA-1,0.078323,0.120475,0.801202
AGTCGGTTGCGTGAGA-1,0.02359,0.7025,0.273911
AGTCGTATAAAGCAGA-1,0.183585,0.479378,0.337037
AGTCGTCGACCACCAA-1,0.173074,0.807121,0.019805
AGTCGTGGGCATTACG-1,0.000061,0.759957,0.239982
AGTCTAAAGTATACTC-1,0.000038,0.917977,0.081985
AGTCTCACAAGACTAC-1,0.000045,0.956908,0.043047
AGTCTGGACATCCTTG-1,0.001816,0.98441,0.013774
AGTCTTCTCCTCAAAT-1,0.00008,0.401061,0.598859
AGTCTTTAAAGTGTCC-1,0.462,0.198273,0.339727
AGTGAACAAACTTCTC-1,0.015098,0.497396,0.487506
AGTGAAGATGGTGTCC-1,0.04068,0.335394,0.623926
AGTGACCTACTTTACG-1,0.00006,0.507138,0.492802
AGTGACTGTGACACAA-1,0.057906,0.599725,0.34237
AGTGAGACTTCCAGTA-1,0.000046,0.644997,0.354957
AGTGAGCCTCGCCGCC-1,0.000055,0.491969,0.507976
AGTGAGGGTTTCTGAC-1,0.071152,0.764889,0.163959
AGTGAGTCGAATTAAC-1,0.976313,0.000097,0.02359
AGTGATAACCTGCGCG-1,0.04688,0.949388,0.003733
AGTGATATGAGTAGTT-1,0.000049,0.67321,0.326741
AGTGATTCAAGCAGGA-1,0.000034,0.803317,0.196648
AGTGCACGCTTAAGAA-1,0.000009,0.99923,0.000761
AGTGCGTAGCTCGTAA-1,0.000038,0.639109,0.360853
AGTGCTAAACACAGCA-1,0.105007,0.182337,0.712656
AGTGCTTGCACGAATA-1,0.000022,0.989123,0.010856
AGTGGCCCGCAAATGG-1,0.867178,0.000138,0.132684
AGTGGCGGCAATTTGA-1,0.000094,0.000567,0.999339
AGTGGCGTCTGAAGGT-1,0.037259,0.826247,0.136493
AGTGGCTCCGTCGGCC-1,0.028232,0.17247,0.799298
AGTGGTGTTACCCGTG-1,0.036016,0.380171,0.583813
AGTGGTTGCGTATAGG-1,0.049939,0.927731,0.02233
AGTGTATTGCGCATTG-1,0.025574,0.888088,0.086338
AGTGTGCTAAGATCGC-1,0.022814,0.313302,0.663883
AGTGTGGTCTATTGTG-1,0.000078,0.846651,0.153271
AGTTAAACACTTGCGA-1,0.000038,0.717692,0.28227
AGTTAAGCGGTCCCGG-1,0.034043,0.792184,0.173773
AGTTAAGTCAACCGCT-1,0.000059,0.535737,0.464204
AGTTACCCTTAAGACT-1,0.000026,0.975276,0.024698
AGTTACCGCACATGGT-1,0.045989,0.773696,0.180315
AGTTACTCTATCGTGG-1,0.000071,0.779904,0.220025
AGTTATTGAAAGGTAA-1,0.000043,0.801752,0.198206
AGTTCACCGGTTGGAC-1,0.00624,0.928202,0.065558
AGTTCCTACAGAATTA-1,0.083967,0.16744,0.748592
AGTTCCTATTTATGTT-1,0.011422,0.969514,0.019065
AGTTCTGCGTTGTATC-1,0.039859,0.85135,0.108791
AGTTGACATCGGCTGG-1,0.191293,0.655383,0.153324
AGTTGACGGTCCTTGC-1,0.004001,0.983111,0.012888
AGTTGCGGTCCTCAAC-1,0.002768,0.826059,0.171172
AGTTGCTGACTGATAT-1,0.002257,0.997705,0.000038
AGTTGGCAAGGCTAGA-1,0.754733,0.000126,0.245141
AGTTTATGTAAAGACA-1,0.00053,0.567446,0.432023
AGTTTCGCAGGTCGGA-1,0.000074,0.86376,0.136166
AGTTTGCACCTGCCTC-1,0.101366,0.573296,0.325338
AGTTTGGCACGGGTTG-1,0.065096,0.377708,0.557196
AGTTTGGCCAGACCTA-1,0.00004,0.744673,0.255288
ATAAACCATTGGACGG-1,0.024858,0.89425,0.080892
ATAAACGGACCCGTAA-1,0.000016,0.999952,0.000032
ATAAACGTTGCACCAC-1,0.158053,0.816099,0.025848
ATAAAGGCTCGGTCGT-1,0.000064,0.069611,0.930325
ATAAAGGTCAAGTACG-1,0.00002,0.997151,0.002829
ATAACGCCGGAGGGTC-1,0.000046,0.682774,0.317181
ATAACGGAGTCCAACG-1,0.000077,0.201586,0.798337
ATAACGTTACCTCCAC-1,0.000022,0.96075,0.039227
ATAAGCAAACACCGAG-1,0.000023,0.550341,0.449636
ATAAGGTGGAGAACAT-1,0.006745,0.766463,0.226792
ATAAGTACCCGATTGT-1,0.002641,0.422101,0.575259
