Barcode,Topic 1,Topic 2to3,Topic 4to5,Topic 6to8,Topic 9,Topic 10
AAACAAGTATCTCCCA-1,0.010978,0.112346,0.338561,0.404052,0.056793,0.07727
AAACACCAATAACTGC-1,0.026845,0.114815,0.160415,0.160678,0.44055,0.096697
AAACAGCTTTCAGAAG-1,0.000272,0.021556,0.149421,0.643625,0.13228,0.052847
AAACAGGGTCTATATT-1,0.066051,0.159702,0.329191,0.286928,0.091115,0.067014
AAACAGTGTTCCTGGG-1,0.180806,0.009654,0.002113,0.000065,0.014956,0.792406
AAACATTTCCCGGATT-1,0.01116,0.171602,0.236852,0.245465,0.133315,0.201605
AAACCCGAACGAAATC-1,0.000006,0.096865,0.240058,0.652951,0.010114,0.000006
AAACCGGAAATGTTAA-1,0.000369,0.181905,0.451853,0.348707,0.015101,0.002066
AAACCGGGTAGGTACC-1,0.001541,0.125936,0.47429,0.206814,0.162233,0.029186
AAACCGTTCGTCCAGG-1,0.028788,0.075733,0.214039,0.200608,0.026174,0.454657
AAACCTAAGCAGCCGG-1,0.040825,0.134507,0.090291,0.323858,0.30647,0.10405
AAACCTCATGAAGTTG-1,0.421663,0.128215,0.183909,0.205818,0.029788,0.030608
AAACGAAGATGGAGTA-1,0.120145,0.048915,0.017719,0.244239,0.293494,0.275488
AAACGAGACGGTTGAT-1,0.009204,0.443976,0.22545,0.195182,0.126172,0.000016
AAACGCTGGGCACGAC-1,0.000007,0.066386,0.134418,0.776875,0.009577,0.012736
AAACGGGCGTACGGGT-1,0.05877,0.070288,0.165031,0.18963,0.505852,0.010429
AAACGGTTGCGAACTG-1,0.001319,0.044515,0.010254,0.195664,0.035874,0.712374
AAACTCGGTTCGCAAT-1,0.023659,0.09952,0.131969,0.302952,0.424719,0.017181
AAACTGCTGGCTCCAA-1,0.001915,0.119646,0.253302,0.51148,0.067932,0.045725
AAACTTAATTGCACGC-1,0.054064,0.0327,0.020933,0.044653,0.458067,0.389583
AAACTTGCAAACGTAT-1,0.028706,0.194659,0.2308,0.381647,0.069913,0.094275
AAAGAATGTGGACTAA-1,0.000014,0.252133,0.348609,0.208573,0.168911,0.02176
AAAGACTGGGCGCTTT-1,0.198473,0.465094,0.040106,0.046231,0.036041,0.214055
AAAGGCCCTATAATAC-1,0.123275,0.076117,0.062029,0.045138,0.42899,0.264451
AAAGGCTACGGACCAT-1,0.015039,0.23143,0.119986,0.222642,0.322633,0.088269
AAAGGCTCTCGCGCCG-1,0.000006,0.002859,0.04682,0.943737,0.006492,0.000086
AAAGGGATGTAGCAAG-1,0.81516,0.16151,0.000114,0.000171,0.000057,0.022988
AAAGGGCAGCTTGAAT-1,0.749302,0.162088,0.032479,0.03721,0.000031,0.018889
AAAGTAGCATTGCTCA-1,0.014769,0.120548,0.206577,0.238989,0.013097,0.40602
AAAGTCGACCCTCAGT-1,0.000008,0.132279,0.208131,0.657049,0.002524,0.000008
AAAGTGCCATCAATTA-1,0.027,0.360741,0.423202,0.137701,0.015621,0.035735
AAAGTGTGATTTATCT-1,0.005981,0.095299,0.220678,0.620847,0.051563,0.005631
AAAGTTGACTCCCGTA-1,0.011415,0.06724,0.079436,0.84168,0.00022,0.000009
AAATAACCATACGGGA-1,0.06197,0.240338,0.259304,0.351436,0.038874,0.048079
AAATAAGGTAGTGCCC-1,0.295973,0.642106,0.006531,0.00084,0.054512,0.000038
AAATACCTATAAGCAT-1,0.109487,0.096224,0.174944,0.435685,0.01711,0.16655
AAATAGCTTAGACTTT-1,0.000012,0.302047,0.197782,0.430201,0.069945,0.000012
AAATAGGGTGCTATTG-1,0.181787,0.263961,0.196055,0.1132,0.115311,0.129686
AAATCCGATACACGCC-1,0.083346,0.238829,0.133008,0.168126,0.331055,0.045636
AAATCGCGGAAGGAGT-1,0.052581,0.014873,0.00799,0.252302,0.233655,0.438601
AAATCGTGTACCACAA-1,0.026841,0.113303,0.384449,0.418311,0.050846,0.006249
AAATCTAGCCCTGCTA-1,0.105481,0.157635,0.251605,0.300665,0.087223,0.097392
AAATGCTCGTTACGTT-1,0.031545,0.821702,0.067331,0.012425,0.005014,0.061982
AAATGGCATGTCTTGT-1,0.060031,0.331559,0.259909,0.324104,0.014454,0.009943
AAATGGCCCGTGCCCT-1,0.050536,0.337019,0.26701,0.084789,0.01404,0.246606
AAATGGTCAATGTGCC-1,0.010534,0.452143,0.158062,0.231849,0.133727,0.013685
AAATGTATCTTATCCC-1,0.157856,0.614997,0.05915,0.052628,0.094313,0.021056
AAATTAACGGGTAGCT-1,0.042733,0.66113,0.09837,0.112313,0.084731,0.000721
AAATTAATAAGCGCGA-1,0.077873,0.565503,0.140221,0.07039,0.111118,0.034896
AAATTACACGACTCTG-1,0.06071,0.225435,0.490759,0.132073,0.034562,0.056461
AAATTACCTATCGATG-1,0.9994,0.000133,0.000133,0.0002,0.000067,0.000067
AAATTCCAGGTCCAAA-1,0.008146,0.568112,0.093403,0.160777,0.167632,0.00193
AAATTGATAGTCCTTT-1,0.000005,0.007426,0.013993,0.964321,0.011049,0.003206
AAATTTGCGGGTGTGG-1,0.032211,0.184449,0.491219,0.152395,0.024642,0.115084
AACAACTGGTAGTTGC-1,0.5003,0.09975,0.00007,0.000105,0.000035,0.399741
AACAATACATTGTCGA-1,0.016036,0.337378,0.237344,0.087074,0.238436,0.083732
AACAATTACTCTACGC-1,0.127005,0.647966,0.021474,0.088888,0.114645,0.000022
AACACACGCTCGCCGC-1,0.114643,0.082406,0.246933,0.365927,0.075542,0.114548
AACACGAGACGCGGCC-1,0.00687,0.041123,0.12947,0.583113,0.024365,0.215059
AACAGCTGTGTGGCAA-1,0.000984,0.084849,0.289743,0.442571,0.153727,0.028127
AACAGGAAATCGAATA-1,0.085054,0.52054,0.292356,0.028389,0.005484,0.068176
AACAGGATGGGCCGCG-1,0.076553,0.687044,0.03875,0.02135,0.099009,0.077295
AACAGGTAGTATGGAT-1,0.011356,0.410537,0.476451,0.029167,0.000022,0.072467
AACATTGAAGTTGATC-1,0.010389,0.014189,0.009925,0.085412,0.130363,0.749722
AACATTGTGACTCGAG-1,0.031907,0.10859,0.062391,0.513762,0.217623,0.065728
AACCAAGACTTCTCTG-1,0.250727,0.246709,0.04942,0.26278,0.106374,0.083991
AACCATAGGGTTGAAC-1,0.068878,0.020458,0.003283,0.006318,0.010955,0.890108
AACCATGGGATCGCTA-1,0.040168,0.735773,0.096192,0.127802,0.000032,0.000032
AACCCAGAGACGGAGA-1,0.225091,0.68433,0.062524,0.000162,0.000054,0.027839
AACCCATCCCATGATC-1,0.022112,0.109599,0.079979,0.168654,0.564401,0.055255
AACCCGACAACCCGTG-1,0.007548,0.065203,0.209368,0.184972,0.315667,0.217242
AACCCGAGCAGAATCG-1,0.009743,0.083283,0.24595,0.562557,0.018425,0.080042
AACCCTACTGTCAATA-1,0.293831,0.315488,0.260882,0.086995,0.031973,0.01083
AACCGAGCTTGGTCAT-1,0.978577,0.011552,0.000098,0.000147,0.000049,0.009577
AACCGCTAAGGGATGC-1,0.005117,0.2486,0.483073,0.255323,0.002385,0.005503
AACCGTTGTGTTTGCT-1,0.000011,0.099915,0.337205,0.560179,0.002679,0.000011
AACCTCGCTTTAGCCC-1,0.043636,0.274076,0.129449,0.204093,0.323091,0.025655
AACCTGTCACGGAATT-1,0.000015,0.493415,0.111713,0.269076,0.125766,0.000015
AACCTTTAAATACGGT-1,0.005546,0.187768,0.253661,0.453427,0.033111,0.066487
AACCTTTACGACGTCT-1,0.187258,0.513195,0.249286,0.0433,0.000027,0.006934
AACGAAAGTCGTCCCA-1,0.100257,0.183934,0.070413,0.19542,0.353194,0.096782
AACGACCTCCTAGCCG-1,0.013946,0.081486,0.311694,0.386449,0.056882,0.149544
AACGATAATGCCGTAG-1,0.086651,0.089309,0.180787,0.472514,0.024733,0.146006
AACGATAGAAGGGCCG-1,0.020483,0.693488,0.207392,0.07551,0.000029,0.003098
AACGATATGTCAACTG-1,0.97686,0.001917,0.000042,0.000063,0.000021,0.021098
AACGCGACCTTGGGCG-1,0.015746,0.034694,0.031905,0.270073,0.568736,0.078846
AACGCGGTCTCCAGCC-1,0.868146,0.094522,0.000135,0.000203,0.000068,0.036926
AACGCTGTTGCTGAAA-1,0.017096,0.297912,0.305714,0.240872,0.059943,0.078463
AACGGACGTACGTATA-1,0.090827,0.130298,0.394803,0.312528,0.03274,0.038805
AACGGCCATCTCCGGT-1,0.017779,0.149224,0.323944,0.320252,0.027184,0.161617
AACGTACTGTGGGTAC-1,0.0109,0.187388,0.484248,0.133282,0.0992,0.084983
AACGTCAGACTAGTGG-1,0.999363,0.000141,0.000141,0.000212,0.000071,0.000071
AACGTCGCTGCACTTC-1,0.03163,0.037193,0.174784,0.666444,0.034164,0.055785
AACGTGCGAAAGTCTC-1,0.000617,0.556205,0.1626,0.199449,0.078225,0.002903
AACGTTATCAGCACCT-1,0.999151,0.000189,0.000189,0.000283,0.000094,0.000094
AACGTTCTACCATTGT-1,0.06122,0.19587,0.487879,0.212242,0.022317,0.020472
AACTACCCGTTTGTCA-1,0.000008,0.076236,0.063703,0.860038,0.000008,0.000008
AACTAGGCTTGGGTGT-1,0.205464,0.149555,0.165555,0.239634,0.058282,0.181509
AACTCAAGTTAATTGC-1,0.0377,0.307217,0.104106,0.269126,0.057964,0.223886
AACTCCAGAGCGTGTT-1,0.002909,0.102924,0.145403,0.524855,0.218893,0.005017
AACTCGATGGCGCAGT-1,0.296448,0.368284,0.168596,0.13662,0.021941,0.008111
AACTCTCAATAGAGCG-1,0.000028,0.583038,0.124544,0.193025,0.099338,0.000028
AACTCTCAGTGTGCTC-1,0.139199,0.151524,0.202313,0.324574,0.036685,0.145706
AACTGAGTTATACTGA-1,0.037078,0.508146,0.315486,0.112843,0.006975,0.019473
AACTGATATTAGGCCT-1,0.087144,0.806283,0.081256,0.007789,0.010453,0.007075
AACTGGGTCCCGACGT-1,0.002579,0.533371,0.088625,0.333163,0.042251,0.00001
AACTTCTGCGTCTATC-1,0.105122,0.679434,0.030282,0.110638,0.074046,0.000479
AACTTGCCCGTATGCA-1,0.260779,0.644862,0.018374,0.029477,0.04146,0.005049
AACTTGCGTTCTCGCG-1,0.051828,0.498906,0.221296,0.144841,0.065222,0.017908
AACTTTACGGGAGCTT-1,0.11747,0.509558,0.182155,0.053906,0.055147,0.081763
AAGAAGGATCAGTTAG-1,0.162144,0.516941,0.13245,0.139165,0.000032,0.049268
AAGACATACGTGGTTT-1,0.022152,0.170367,0.439909,0.25523,0.064017,0.048324
AAGACCAAATAACTCA-1,0.064,0.012243,0.006799,0.026992,0.163896,0.72607
AAGACCCAACTGAACA-1,0.01546,0.070353,0.137472,0.421211,0.318246,0.037259
AAGACTGCAAGCTACT-1,0.049993,0.50185,0.138863,0.150246,0.153081,0.005966
AAGAGATGAATCGGTA-1,0.937979,0.061754,0.000076,0.000114,0.000038,0.000038
AAGAGCTCTTTATCGG-1,0.168995,0.588499,0.079286,0.071715,0.080535,0.01097
AAGAGGATGTACGCGA-1,0.080866,0.101381,0.286489,0.489088,0.041353,0.000824
AAGAGGCATGGATCGC-1,0.058208,0.435731,0.158087,0.088297,0.086185,0.173492
AAGAGGCCCTTTGGAA-1,0.017771,0.149531,0.301496,0.233666,0.067604,0.229932
AAGATGGCACCGGACC-1,0.001493,0.042187,0.107932,0.503067,0.247112,0.09821
AAGATTGGCGGAACGT-1,0.9998,0.000044,0.000044,0.000067,0.000022,0.000022
AAGCACCCTGCGTATC-1,0.062179,0.164232,0.220176,0.338163,0.140271,0.074978
AAGCATACTCTCCTGA-1,0.040934,0.114072,0.209287,0.292992,0.006301,0.336414
AAGCCGAAGCGGTTTA-1,0.003944,0.145395,0.23281,0.386263,0.000938,0.230649
AAGCCGCCGTGAAATC-1,0.026766,0.024543,0.025043,0.117172,0.219928,0.586549
AAGCCGGAGAGCAGGA-1,0.056978,0.246031,0.409947,0.164062,0.038469,0.084512
AAGCGCAGGGCTTTGA-1,0.102892,0.088702,0.091393,0.251183,0.413029,0.052802
AAGCGTCCCTCATCGA-1,0.004055,0.038254,0.068929,0.442723,0.444174,0.001865
AAGCTAGATCGAGTAA-1,0.019085,0.20428,0.26734,0.366385,0.086057,0.056853
AAGCTCGTGCCAAGTC-1,0.107089,0.489887,0.093215,0.225128,0.075608,0.009073
AAGCTCTTTCATGGTG-1,0.054621,0.195911,0.269262,0.237483,0.115522,0.127202
AAGGAGCGGTTGGTGC-1,0.779565,0.113492,0.01231,0.079073,0.00005,0.015509
AAGGATCGATCGCTTG-1,0.00002,0.368661,0.248963,0.361842,0.019703,0.00081
AAGGATGAGGGACCTC-1,0.86832,0.026542,0.030013,0.044185,0.001665,0.029276
AAGGCAGGCTGTCTCC-1,0.070594,0.508836,0.274862,0.139092,0.006594,0.000022
AAGGCGCGTAAAGCTT-1,0.999583,0.000093,0.000093,0.000139,0.000046,0.000046
AAGGCTGTGCTCATCG-1,0.126703,0.848235,0.010068,0.000178,0.014756,0.000059
AAGGGAACGACTGGCT-1,0.001263,0.045092,0.03918,0.294627,0.548203,0.071635
AAGGGACAGATTCTGT-1,0.958792,0.000092,0.000092,0.000139,0.001458,0.039426
AAGGGACTATGCATTC-1,0.000009,0.051263,0.154777,0.458896,0.333009,0.002046
AAGGGTTAGCCATGCG-1,0.030494,0.102064,0.483755,0.245789,0.054143,0.083754
AAGGTATCCTAATATA-1,0.993329,0.00009,0.00009,0.000135,0.000045,0.006312
AAGGTGATAAACCAGC-1,0.000004,0.02013,0.304043,0.642823,0.03291,0.00009
AAGTAGAAGACCGGGT-1,0.03479,0.69944,0.078578,0.082904,0.051051,0.053236
AAGTAGTGACGCGAGG-1,0.061587,0.700569,0.045359,0.163462,0.025499,0.003525
AAGTCAATTGTCGTCA-1,0.000009,0.021955,0.200472,0.772045,0.00551,0.000009
AAGTCTTCTGTGGCCT-1,0.122678,0.311219,0.208317,0.065508,0.003403,0.288875
AAGTGACGACCGAATT-1,0.009435,0.3115,0.479352,0.146629,0.011332,0.041753
AAGTGAGTCGGGTTTA-1,0.005552,0.062462,0.075742,0.25901,0.38765,0.209584
AAGTGCAAAGGTAGAC-1,0.003375,0.581981,0.122964,0.158422,0.133244,0.000013
AAGTGCCTTGACTGTA-1,0.012942,0.153546,0.385951,0.375319,0.014956,0.057285
AAGTGCGTTAGAATCT-1,0.017026,0.132923,0.247365,0.513013,0.023003,0.06667
AAGTGCTTCTCTATTG-1,0.068633,0.066823,0.061002,0.063602,0.390562,0.349378
AAGTGTTTGGAGACGG-1,0.039194,0.265744,0.509819,0.133821,0.021177,0.030244
AAGTTCACTCCAAGCT-1,0.001882,0.025696,0.069391,0.526533,0.356225,0.020272
AAGTTCGGCCAACAGG-1,0.021003,0.208223,0.223891,0.434543,0.071497,0.040843
AAGTTGTGATGTTATA-1,0.140007,0.212998,0.104268,0.314735,0.063478,0.164514
AAGTTTATGGGCCCAA-1,0.091233,0.036691,0.094736,0.093076,0.559344,0.12492
AATAACAACGCTCGGC-1,0.034245,0.635017,0.177327,0.051159,0.04559,0.056662
AATAACACTAGAACAA-1,0.007301,0.020882,0.067445,0.698698,0.047732,0.157943
AATAACGTCGCGCCCA-1,0.006645,0.09722,0.439992,0.258189,0.099657,0.098297
AATAATCTTCGTATCG-1,0.009579,0.153467,0.292061,0.22773,0.015053,0.302109
AATACAATGTTTCAGG-1,0.999111,0.000197,0.000197,0.000296,0.000099,0.000099
AATACCGGAGGGCTGT-1,0.007539,0.190545,0.178757,0.142432,0.414334,0.066392
AATACCTGATGTGAAC-1,0.002317,0.03888,0.068678,0.372702,0.422954,0.094469
AATAGAACAGAGTGGC-1,0.02748,0.066662,0.177402,0.668311,0.038436,0.021709
AATAGAATCTGTTTCA-1,0.026082,0.111737,0.286469,0.414647,0.039959,0.121106
AATAGTCCGTCCCGAC-1,0.07672,0.165512,0.185046,0.261077,0.090612,0.221033
AATAGTCGCGAGTCGG-1,0.700131,0.256751,0.004116,0.038942,0.00003,0.00003
AATATCCTAGCAAACT-1,0.002044,0.023166,0.079733,0.862139,0.016606,0.016312
AATATCGAATCAATGC-1,0.000522,0.249992,0.330507,0.221688,0.003162,0.194129
AATATTGGAGTATTGA-1,0.000792,0.196467,0.158272,0.597285,0.045392,0.001792
AATCAGGTTTCATTTA-1,0.053508,0.216728,0.043477,0.030148,0.288975,0.367164
AATCATGTAAAGACTC-1,0.029498,0.290081,0.393307,0.121482,0.045525,0.120106
AATCCAAGGGCCTGAG-1,0.019236,0.264239,0.452964,0.204413,0.02653,0.032618
AATCGCCTCAGCGCCA-1,0.000016,0.371605,0.18887,0.423444,0.016049,0.000016
AATCGCGCAGAGGACT-1,0.002703,0.38344,0.316409,0.252942,0.025044,0.019462
AATCGGTATAGCCCTC-1,0.197086,0.352418,0.164594,0.089516,0.061813,0.134572
AATCGTGAGCCGAGCA-1,0.129794,0.237481,0.084907,0.146374,0.312782,0.088662
AATCTAGGTTTACTTG-1,0.000083,0.037366,0.061908,0.656444,0.235542,0.008658
AATCTATGCCGGAGCC-1,0.999816,0.000041,0.000041,0.000061,0.00002,0.00002
AATCTCTACTGTGGTT-1,0.009461,0.52196,0.282659,0.146691,0.004205,0.035025
AATCTGCGTTGGGACG-1,0.355377,0.470568,0.016657,0.024849,0.128435,0.004114
AATCTGGCTTTCTAGT-1,0.047753,0.077346,0.073154,0.505474,0.235566,0.060707
AATGACAGCAATGTCT-1,0.008143,0.087537,0.334166,0.409039,0.093146,0.067969
AATGACGTAGGATGTC-1,0.002088,0.251789,0.511633,0.100167,0.068649,0.065673
AATGACTGTCAGCCGG-1,0.690637,0.000101,0.000101,0.000151,0.00005,0.308961
AATGAGTTCGCATATG-1,0.117061,0.880018,0.002625,0.000178,0.000059,0.000059
AATGATGATACGCTAT-1,0.789915,0.208329,0.000147,0.000221,0.000074,0.001313
AATGATGCGACTCCTG-1,0.7244,0.000212,0.000212,0.000318,0.000106,0.274753
AATGCAACCGGGTACC-1,0.994397,0.000103,0.000103,0.000154,0.000051,0.005193
AATGCACCAAGCAATG-1,0.028462,0.562614,0.111582,0.139234,0.158094,0.000015
AATGGTCCACCGTTCA-1,0.355016,0.432264,0.006449,0.00011,0.020457,0.185705
AATGGTTCTCACAAGC-1,0.026247,0.501358,0.022027,0.242863,0.207445,0.000059
AATGTATGGCACTGTA-1,0.009929,0.019792,0.018363,0.161282,0.206556,0.584078
AATGTGCCCGAGGTGT-1,0.009513,0.109415,0.2565,0.325382,0.235424,0.063766
AATGTGCTAATCTGAG-1,0.041452,0.050202,0.124002,0.240805,0.440677,0.102861
AATGTTGTCGTGAGAC-1,0.002602,0.110918,0.173293,0.651482,0.039945,0.02176
AATTAAAGGTCGGCGT-1,0.086609,0.487737,0.267508,0.09214,0.019768,0.046237
AATTAACGGATTTCCA-1,0.000023,0.042648,0.078389,0.632907,0.147689,0.098345
AATTACGAGACCCATC-1,0.100716,0.108967,0.052718,0.053065,0.156344,0.528189
AATTAGCGCTGCAGCG-1,0.036708,0.041326,0.058371,0.816392,0.023989,0.023214
AATTATACCCAGCAAG-1,0.001627,0.085076,0.052265,0.163001,0.150184,0.547846
AATTCATAAGGGATCT-1,0.712384,0.267421,0.009819,0.000176,0.000059,0.010143
AATTCATTGTCATGCA-1,0.075323,0.179496,0.088671,0.022033,0.08822,0.546257
AATTCCAAGCATGTAC-1,0.006156,0.205608,0.098926,0.240678,0.38337,0.065262
AATTCGATTCGAGGAT-1,0.080023,0.04018,0.110372,0.205131,0.487195,0.0771
AATTCTAGAGTTAGGC-1,0.066327,0.274789,0.321386,0.075564,0.009002,0.252933
AATTGAACGCTCTGGT-1,0.051752,0.295891,0.230567,0.29589,0.007706,0.118194
AATTGCAGCAATCGAC-1,0.000009,0.015631,0.067072,0.873045,0.042156,0.002086
AATTGCGTGGATTACA-1,0.000986,0.071207,0.122257,0.073622,0.4304,0.301527
AATTGTGGTTGCCAAA-1,0.019492,0.21573,0.242782,0.07161,0.004741,0.445646
AATTTGGTTCCAAAGA-1,0.138593,0.183061,0.291238,0.194327,0.037653,0.155128
ACAAACCATGCGTCCT-1,0.144032,0.014187,0.011065,0.042632,0.499206,0.288878
ACAAAGAAGGTAGGCC-1,0.000007,0.006759,0.086965,0.76045,0.038698,0.107122
ACAAAGCATGACCTAG-1,0.006837,0.135698,0.186094,0.293386,0.338271,0.039715
ACAAATCGCACCGAAT-1,0.00001,0.018664,0.105135,0.754914,0.015384,0.105892
ACAAATGGTAGTGTTT-1,0.074759,0.307651,0.436281,0.101383,0.019366,0.060561
ACAACAGCATGAGCTA-1,0.265734,0.710224,0.008781,0.00057,0.014641,0.000051
ACAACGGTCCCTGCGA-1,0.912411,0.041749,0.002128,0.03375,0.000052,0.00991
ACAAGCAGTGCCTAGC-1,0.348645,0.545063,0.018029,0.079277,0.008405,0.00058
ACAAGCTATATGGAAG-1,0.065737,0.180137,0.226724,0.464558,0.04706,0.015784
ACAAGGAAATCCGCCC-1,0.03537,0.10046,0.220894,0.359699,0.01469,0.268886
ACAAGGACAAGAGGTT-1,0.093126,0.702595,0.021669,0.060414,0.112541,0.009655
ACAAGGATGCTTTAGG-1,0.035567,0.300918,0.143439,0.275096,0.207025,0.037956
ACAAGGGCAGGCTCTG-1,0.01337,0.08815,0.379827,0.262902,0.190309,0.065443
ACAATAGTCGTACGTT-1,0.008558,0.148072,0.25513,0.369664,0.003145,0.21543
ACAATCCATTTAAACC-1,0.314362,0.166543,0.188887,0.279191,0.042943,0.008074
ACAATGAATACGGAGA-1,0.123883,0.113351,0.118178,0.232982,0.373846,0.03776
ACAATTGTGTCTCTTT-1,0.000015,0.11091,0.366982,0.476123,0.028253,0.017717
ACAATTTAGGAGGCTC-1,0.401561,0.339585,0.142303,0.078782,0.019821,0.017947
ACAATTTGAGCAGTGG-1,0.999179,0.000182,0.000182,0.000274,0.000091,0.000091
ACAATTTGGCCATATT-1,0.000882,0.486327,0.255304,0.178259,0.079015,0.000214
ACACAAAGACGGGTGG-1,0.986834,0.000092,0.000092,0.000138,0.000046,0.012799
ACACACCAGGACCAGT-1,0.003043,0.0649,0.337941,0.457556,0.032337,0.104223
ACACACTTTCTACACG-1,0.006502,0.173735,0.469921,0.333941,0.014952,0.000948
ACACATGATCAAATCT-1,0.070309,0.127573,0.103326,0.203089,0.293655,0.202047
ACACATTTCCGTAGAC-1,0.266668,0.209791,0.023819,0.123283,0.082486,0.293951
ACACCACATAATTAGC-1,0.474728,0.501946,0.002623,0.000142,0.015308,0.005254
ACACCCAGCATGCAGC-1,0.999335,0.000148,0.000148,0.000222,0.000074,0.000074
ACACCCGAGAAATCCG-1,0.373413,0.447012,0.016637,0.097373,0.060334,0.00523
ACACCGAGCGCTCTTT-1,0.208078,0.73401,0.039785,0.002723,0.015356,0.000047
ACACCGGTCTGACCGC-1,0.114729,0.000024,0.000093,0.006545,0.57528,0.303329
ACACCTTACTACTTGC-1,0.001913,0.187665,0.180685,0.561655,0.02041,0.047671
ACACGAGACTCCTTCT-1,0.682238,0.262985,0.000143,0.000215,0.026346,0.028073
ACACGGGAACTTAGGG-1,0.999367,0.000141,0.000141,0.000211,0.00007,0.00007
ACACGTAGGCCACAAG-1,0.024935,0.303692,0.399562,0.183291,0.052016,0.036504
ACACTCCAATGTCACT-1,0.125619,0.87017,0.003906,0.000183,0.000061,0.000061
ACACTGATCAAGGTGT-1,0.018358,0.158745,0.315521,0.443173,0.023231,0.040971
ACACTGGGACAGTCGT-1,0.027133,0.126464,0.267036,0.55182,0.011674,0.015874
ACAGAACTGAGAACAA-1,0.013888,0.016319,0.102899,0.676815,0.169025,0.021054
ACAGCGACATTCTCAT-1,0.123723,0.20259,0.280587,0.241084,0.084016,0.068
ACAGGCACGGATCCTT-1,0.000752,0.065843,0.069472,0.616671,0.24495,0.002312
ACAGGCTTGCCCGACT-1,0.007404,0.042956,0.142468,0.720116,0.032789,0.054268
ACAGGTGGAGGTGAGG-1,0.255138,0.131361,0.186622,0.203846,0.079321,0.143711
ACAGGTGTGTTGTTGC-1,0.090113,0.262517,0.300282,0.226848,0.011901,0.108339
ACAGTAATACAACTTG-1,0.066253,0.231196,0.442509,0.089554,0.07222,0.098267
ACATAAGTCGTGGTGA-1,0.019688,0.243866,0.111757,0.075812,0.378546,0.170332
ACATAATAAGGCGGTG-1,0.048083,0.577028,0.066557,0.066849,0.206722,0.03476
ACATACAATCAAGCGG-1,0.087661,0.080961,0.142914,0.218315,0.378474,0.091675
ACATCAGCTGGGACGC-1,0.563682,0.136702,0.206924,0.086235,0.002438,0.004018
ACATCCCGGCCATACG-1,0.005998,0.122996,0.251455,0.482133,0.05061,0.086809
ACATCCTGGTAACTGT-1,0.0725,0.44789,0.276446,0.120133,0.043985,0.039046
ACATCGATCGTTTACC-1,0.032818,0.372407,0.412541,0.06917,0.085444,0.027621
ACATCGGTCAGCCGCG-1,0.057307,0.15051,0.2605,0.48714,0.039428,0.005115
ACATCGTATGCAATGG-1,0.041948,0.251732,0.61896,0.027215,0.019854,0.040291
ACATGGCGCCAAAGTA-1,0.64395,0.04854,0.078713,0.137933,0.070488,0.020377
ACATTAGTTTATATCC-1,0.036957,0.066773,0.197377,0.15507,0.041894,0.501929
ACATTTGAAACCTAAC-1,0.017898,0.0507,0.107131,0.37819,0.359951,0.08613
ACCAACCGCACTCCAC-1,0.022065,0.111943,0.124836,0.326511,0.372169,0.042475
ACCAACGCTTATTTAT-1,0.014886,0.060286,0.130372,0.571027,0.001089,0.22234
ACCAAGAACGCGTGTC-1,0.000876,0.20996,0.295792,0.414693,0.078667,0.000012
ACCAAGTCATCGGCAG-1,0.0735,0.197199,0.191778,0.198093,0.256918,0.082511
ACCAATATGCAAGTTA-1,0.139476,0.212343,0.135209,0.321254,0.044039,0.147679
ACCACAAGTTTCTATC-1,0.230114,0.729284,0.018484,0.000593,0.000275,0.02125
ACCACCAATGTAACAA-1,0.11614,0.459262,0.271926,0.094365,0.043854,0.014454
ACCACGTGCAGCTATA-1,0.09386,0.275138,0.313006,0.258135,0.023501,0.03636
ACCAGACCATAACAAC-1,0.353551,0.132601,0.277838,0.056918,0.084455,0.094637
ACCAGTGCGGGAGACG-1,0.004831,0.157311,0.394341,0.315476,0.018539,0.109503
ACCATATCCGCAATAA-1,0.059228,0.343802,0.178111,0.142892,0.170462,0.105507
ACCATCCGCCAACTAG-1,0.003065,0.069945,0.261843,0.478487,0.10418,0.08248
ACCATCGTATATGGTA-1,0.009517,0.130022,0.686422,0.061236,0.056118,0.056686
ACCCAACGCCCGTGGC-1,0.812917,0.086846,0.000072,0.000109,0.023672,0.076385
ACCCACCTACATGCTC-1,0.999266,0.000163,0.000163,0.000245,0.000082,0.000082
ACCCATCTTGAGGGTA-1,0.00254,0.3868,0.193798,0.335059,0.028471,0.053332
ACCCATTTGTCCCTCT-1,0.067696,0.312519,0.214758,0.215446,0.147909,0.041672
ACCCGAGCGAAATTAC-1,0.000009,0.0779,0.160284,0.296212,0.229126,0.236469
ACCCGATTGGTTCCGA-1,0.024218,0.252993,0.103691,0.006693,0.068416,0.543988
ACCCGGAAACTCCCAG-1,0.045295,0.032716,0.135003,0.371234,0.018788,0.396963
ACCCGGAGCACCACAA-1,0.039199,0.097054,0.73083,0.124089,0.003937,0.004891
ACCCGGATGACGCATC-1,0.062059,0.437761,0.243563,0.189649,0.047637,0.019332
ACCCGGTTACACTTCC-1,0.000017,0.133599,0.24986,0.544076,0.072097,0.000352
ACCCGTAGTCTAGTTG-1,0.009633,0.145718,0.335995,0.211121,0.060636,0.236897
ACCCGTGTCATCAGTA-1,0.046258,0.200898,0.167766,0.369812,0.115332,0.099933
ACCCTATAGGACTGAG-1,0.014852,0.390381,0.428601,0.115276,0.050852,0.000037
ACCCTATGCCATATCG-1,0.000008,0.041676,0.078388,0.633475,0.043373,0.20308
ACCCTCCCGTCAGGGC-1,0.011562,0.185844,0.1937,0.257752,0.32893,0.022211
ACCCTCCCTTGCTATT-1,0.017499,0.246306,0.479534,0.216815,0.019231,0.020615
ACCCTTCATCTGCGAA-1,0.001644,0.156963,0.380723,0.402451,0.023613,0.034606
ACCGAAGAGTCTGGTT-1,0.084355,0.057886,0.053952,0.257222,0.324487,0.222098
ACCGACACATCTCCCA-1,0.000012,0.034818,0.057,0.739939,0.168164,0.000068
ACCGACTGAGTCCCAC-1,0.974476,0.000133,0.000133,0.0002,0.000067,0.024992
ACCGAGTCTCCTTATT-1,0.078147,0.065098,0.09712,0.121484,0.471565,0.166586
ACCGATAGGCATAACC-1,0.004115,0.021301,0.126939,0.842614,0.005023,0.000008
ACCGATATTTAATCAT-1,0.001214,0.049356,0.1013,0.836298,0.002317,0.009514
ACCGATGGTAGCATCG-1,0.022126,0.759116,0.128548,0.054878,0.035305,0.000027
ACCGCAATAACTGCCT-1,0.110278,0.09358,0.113905,0.526229,0.093535,0.062474
ACCGCGGTGGAAGTCG-1,0.036696,0.305696,0.442161,0.182903,0.022445,0.010099
ACCGGGCCTTTGTTGA-1,0.0735,0.198191,0.31384,0.365159,0.000619,0.048692
ACCGGTCAGGTACACC-1,0.00416,0.11629,0.085807,0.31897,0.34469,0.130083
ACCGTGACCACGTGGG-1,0.104689,0.237407,0.130937,0.111162,0.298433,0.117372
ACCTAAGTACCTTTCA-1,0.042341,0.302103,0.298779,0.109313,0.039118,0.208346
ACCTAATCGACTTCCT-1,0.094845,0.850176,0.01418,0.028996,0.011757,0.000046
ACCTACAGTATGTGGT-1,0.06749,0.366682,0.156862,0.379769,0.02918,0.000017
ACCTACTATAAATCTA-1,0.000014,0.036174,0.053311,0.187375,0.458616,0.264509
ACCTCCGCCCTCGCTG-1,0.002228,0.103385,0.224922,0.402278,0.021452,0.245735
ACCTCCGTTATTCACC-1,0.036278,0.59818,0.073252,0.097801,0.191719,0.00277
ACCTCGAACTTATGCT-1,0.007736,0.052132,0.058587,0.207552,0.340411,0.333582
ACCTGCGTGTCATGTT-1,0.033616,0.23686,0.328216,0.144719,0.010698,0.245891
ACGAAATGGGCGGCAC-1,0.028746,0.856638,0.094173,0.019106,0.001303,0.000034
ACGACCCATGAGTTGC-1,0.01205,0.141646,0.236819,0.446746,0.011171,0.151569
ACGACTCTAGGGCCGA-1,0.00413,0.026504,0.069507,0.450975,0.441614,0.00727
ACGACTGGTCATACTC-1,0.0027,0.007795,0.011497,0.103886,0.236092,0.63803
ACGAGGATACCACTCT-1,0.057961,0.335715,0.21576,0.065504,0.045632,0.279428
ACGAGGTTTACAACGT-1,0.000066,0.052239,0.146726,0.398744,0.38023,0.021995
ACGAGTACGGATGCCC-1,0.965886,0.000152,0.000152,0.000229,0.012291,0.02129
ACGATACATAGAACTA-1,0.015743,0.60638,0.094276,0.129322,0.153973,0.000305
ACGATACCTATCCTGA-1,0.047845,0.224074,0.081248,0.552388,0.012651,0.081795
ACGATCATACATAGAG-1,0.836436,0.087683,0.000151,0.023707,0.03459,0.017433
ACGATCATCTTGTAAA-1,0.009975,0.447658,0.244841,0.207959,0.086658,0.002908
ACGATGCATATGTTAT-1,0.000023,0.243877,0.289201,0.43026,0.03662,0.000018
ACGCAAACTAATAGAT-1,0.001033,0.095117,0.175118,0.356283,0.314645,0.057804
ACGCAATCACTACAGC-1,0.998956,0.000095,0.000095,0.000142,0.000047,0.000664
ACGCATACGTTTACTA-1,0.00119,0.074074,0.145034,0.705917,0.036579,0.037206
ACGCATTCGTGAGTAC-1,0.012027,0.442252,0.083134,0.351322,0.100968,0.010297
ACGCCAGATGATTTCT-1,0.188777,0.388526,0.097682,0.307995,0.011291,0.00573
ACGCCAGTGCGTTTGC-1,0.101719,0.496116,0.112424,0.131426,0.050898,0.107418
ACGCCGCTAGACGACC-1,0.001588,0.259599,0.334302,0.388271,0.015555,0.000684
ACGCGAAGTCAGACGA-1,0.005987,0.068719,0.541378,0.347539,0.022417,0.01396
ACGCGCTACACAGGGT-1,0.000178,0.072402,0.233221,0.681393,0.006411,0.006395
ACGCGGGCCAAGGACA-1,0.003032,0.646039,0.060664,0.100303,0.149169,0.040793
ACGCGTTTCTTAAGAG-1,0.056532,0.506976,0.098716,0.250558,0.084155,0.003063
ACGCTACTGAATGGGC-1,0.118719,0.217451,0.483772,0.043443,0.003828,0.132787
ACGCTAGTGATACACT-1,0.959894,0.039546,0.00016,0.00024,0.00008,0.00008
ACGCTGTGAGGCGTAG-1,0.083725,0.063524,0.352314,0.481715,0.000297,0.018426
ACGGAACACGAGTGCC-1,0.049614,0.053383,0.106045,0.114359,0.450221,0.226376
ACGGAATTTAGCAAAT-1,0.131497,0.807818,0.029286,0.003418,0.000054,0.027926
ACGGACTCTCAAAGCG-1,0.062688,0.042329,0.117894,0.345356,0.256959,0.174775
ACGGATGGTGCGGATA-1,0.391793,0.061684,0.164716,0.162228,0.138291,0.081288
ACGGCACTTGCTTGGG-1,0.056546,0.06192,0.11399,0.614132,0.026048,0.127364
ACGGCCAACATGGACT-1,0.083339,0.053306,0.489373,0.161936,0.05123,0.160816
ACGGCGACGATGGGAA-1,0.013822,0.102619,0.402762,0.387816,0.060002,0.032979
ACGGCTGGATGTAGAA-1,0.072347,0.165759,0.084573,0.069003,0.102989,0.505328
ACGGGAGTGTCGGCCC-1,0.080242,0.018564,0.082068,0.72585,0.080932,0.012345
ACGGGTCATGTGACTT-1,0.228293,0.69085,0.080567,0.000174,0.000058,0.000058
ACGGTACAGTTCAATG-1,0.011742,0.341945,0.213116,0.19083,0.220573,0.021794
ACGTACTTTGGCACGG-1,0.00001,0.001327,0.004684,0.163152,0.646054,0.184773
ACGTAGATTGCTGATG-1,0.000018,0.535997,0.126045,0.185915,0.147522,0.004503
ACGTAGGAGAGTCGCT-1,0.042183,0.239072,0.123767,0.065218,0.372489,0.157271
ACGTATTACTCCGATC-1,0.077277,0.236606,0.214165,0.399503,0.05364,0.018809
ACGTCTCGTTCCGGGA-1,0.063031,0.111706,0.199807,0.422422,0.086921,0.116114
ACGTGACAAAGTAAGT-1,0.003438,0.124822,0.186393,0.422261,0.229105,0.033981
ACGTGCGCCTCGTGCA-1,0.000021,0.4387,0.164237,0.288859,0.108163,0.000021
ACGTTAATGTCGAAGA-1,0.093177,0.212357,0.198209,0.482974,0.013261,0.000021
ACGTTAGATTTGCCCG-1,0.204255,0.368675,0.172217,0.226629,0.010594,0.01763
ACGTTATTGGTCACTC-1,0.336791,0.637795,0.022405,0.000169,0.000056,0.002783
ACGTTCGCAATCAATT-1,0.121811,0.408039,0.019077,0.057282,0.393774,0.000016
ACGTTCGTTCAGGAAA-1,0.042119,0.069142,0.072349,0.503003,0.281379,0.032008
ACGTTCTGTACAAGTC-1,0.001476,0.043777,0.049294,0.525951,0.377921,0.001581
ACGTTTAGTTGTGATC-1,0.158562,0.224917,0.376929,0.197224,0.017427,0.024941
ACGTTTCGGTGCACTT-1,0.074938,0.153138,0.416711,0.27784,0.032272,0.045102
ACTACAAAGAGAGGTG-1,0.001498,0.045173,0.078064,0.218503,0.527986,0.128776
ACTACATCCCGACAAG-1,0.00001,0.014102,0.044059,0.164938,0.311688,0.465203
ACTACCAGCTCTCTGG-1,0.999291,0.000158,0.000158,0.000236,0.000079,0.000079
ACTACGCGTTAGAATT-1,0.0023,0.062605,0.191664,0.510646,0.180372,0.052414
ACTAGTTGCGATCGTC-1,0.174364,0.24215,0.315243,0.143638,0.015739,0.108866
ACTATCCAGGGCATGG-1,0.000016,0.29877,0.178763,0.486579,0.035855,0.000016
ACTATCTGCCCGCGTA-1,0.06022,0.33204,0.243353,0.138108,0.005074,0.221205
ACTATGTCCAGCTGCC-1,0.009152,0.182674,0.155522,0.05785,0.300737,0.294065
ACTATTCGTCCGTGGT-1,0.094931,0.584322,0.271322,0.028506,0.000032,0.020887
ACTATTTCCGGGCCCA-1,0.062553,0.120836,0.268537,0.290316,0.114318,0.143441
ACTCAAGTGCAAGGCT-1,0.017912,0.244575,0.205406,0.301809,0.197954,0.032343
ACTCAATAAAGGCACG-1,0.780596,0.086268,0.055706,0.045475,0.009988,0.021968
ACTCATGGCAGCCTTC-1,0.038112,0.039391,0.020714,0.009764,0.238611,0.653408
ACTCCAATATCATCAT-1,0.026027,0.342984,0.087875,0.091676,0.259982,0.191456
ACTCCCATTCCTAAAG-1,0.000728,0.022512,0.089047,0.829009,0.019797,0.038907
ACTCCCGAATTCGTTT-1,0.019702,0.57234,0.033018,0.17357,0.201349,0.000021
ACTCCCTAATGCTAAA-1,0.039476,0.053288,0.159834,0.468655,0.200024,0.078722
ACTCCCTAGAATAGTA-1,0.016085,0.105826,0.401636,0.28889,0.074612,0.112951
ACTCCGGCCGACCACT-1,0.042804,0.38629,0.139886,0.087589,0.227908,0.115523
ACTCGATGTATTTCAT-1,0.206446,0.713733,0.024689,0.043876,0.010757,0.000499
ACTCGCCGTTCGATAA-1,0.014488,0.047743,0.110748,0.800979,0.001,0.025043
ACTCGCGATCTGACGC-1,0.003328,0.421489,0.162649,0.171817,0.24071,0.000007
ACTCGTAACCCGTCCT-1,0.007787,0.12377,0.257526,0.320562,0.033407,0.256948
ACTCGTCAGTAATCCC-1,0.000013,0.39509,0.122935,0.412943,0.069005,0.000013
ACTCTAAACCTGGGAT-1,0.151034,0.485654,0.110139,0.080546,0.162658,0.009971
ACTCTCTGACTTAGGT-1,0.000008,0.103274,0.371129,0.44086,0.082362,0.002366
ACTCTGACCTAATAGA-1,0.000011,0.043762,0.100708,0.627689,0.215385,0.012445
ACTCTTCAGCTCCCGC-1,0.308709,0.437635,0.038558,0.000666,0.19484,0.019592
ACTCTTGTATAGTAAC-1,0.007755,0.414099,0.129108,0.408355,0.020289,0.020393
ACTGAAACGCCGTTAG-1,0.02123,0.286535,0.233501,0.191614,0.023138,0.243981
ACTGAATGGCGAAAGT-1,0.013513,0.085964,0.246532,0.58728,0.008196,0.058515
ACTGCCCGCCATTCTC-1,0.000289,0.002321,0.004344,0.18313,0.053786,0.756131
ACTGCCGTCGTAACTC-1,0.023668,0.371932,0.266865,0.11654,0.000029,0.220965
ACTGCGGACACACCGT-1,0.021956,0.615126,0.091986,0.099117,0.17162,0.000195
ACTGCTCGGAAGGATG-1,0.131752,0.105339,0.045898,0.373262,0.326812,0.016937
ACTGTACGATACACAT-1,0.679646,0.319911,0.000127,0.00019,0.000063,0.000063
ACTGTAGCACTTTGGA-1,0.894499,0.10485,0.000186,0.000279,0.000093,0.000093
ACTGTCCAGGATTATA-1,0.084632,0.546935,0.048017,0.211302,0.1058,0.003314
ACTGTCTTCTTTAGAA-1,0.620904,0.368983,0.009718,0.000237,0.000079,0.000079
ACTGTGCTAGTAGATC-1,0.08428,0.729067,0.077616,0.108915,0.000061,0.000061
ACTTACGCATCCACGC-1,0.003007,0.201292,0.188721,0.375366,0.194379,0.037234
ACTTAGTACGACAAGA-1,0.064209,0.681075,0.195434,0.047363,0.009198,0.00272
ACTTATACTTACCCGG-1,0.000014,0.199683,0.24071,0.435953,0.123627,0.000014
ACTTATTAGGATCGGT-1,0.163158,0.462647,0.226299,0.021635,0.092615,0.033646
ACTTATTTATGTGCCA-1,0.000022,0.133709,0.209239,0.61893,0.011806,0.026293
ACTTCAGGCTGATCCC-1,0.159747,0.215918,0.295526,0.186052,0.011052,0.131707
ACTTCCAGTGGAAGCT-1,0.143781,0.097301,0.018261,0.373427,0.204915,0.162316
ACTTCCATGCGGGACA-1,0.000011,0.028295,0.050182,0.45562,0.46588,0.000011
ACTTGACTCCCTCTTT-1,0.234794,0.191911,0.225695,0.054019,0.051275,0.242306
ACTTGGGACCCGGTGG-1,0.749958,0.235218,0.000102,0.000153,0.000051,0.014518
ACTTGTAGTCCCTTCA-1,0.015258,0.068202,0.260655,0.605135,0.022032,0.02872
ACTTGTGGATGGAACG-1,0.101148,0.189421,0.273345,0.386096,0.003736,0.046254
ACTTTACCCTCATGAA-1,0.070537,0.44549,0.03029,0.167912,0.285528,0.000243
ACTTTCCTATAGCTTC-1,0.92871,0.000216,0.000216,0.000324,0.000108,0.070426
ACTTTGACTGCATCCT-1,0.030345,0.054738,0.138749,0.772967,0.002875,0.000326
ACTTTGGTCGTGCTCC-1,0.135643,0.037733,0.012431,0.14248,0.03237,0.639343
ACTTTGTCGACGCACT-1,0.027636,0.254237,0.575939,0.119346,0.007819,0.015022
AGAAATTATGACTCGC-1,0.025639,0.212654,0.320258,0.316434,0.024341,0.100674
AGAACCCAGCGTGACA-1,0.21932,0.175031,0.297261,0.257831,0.046245,0.004312
AGAACCCTCAATTGGG-1,0.085448,0.069373,0.087828,0.078432,0.468627,0.210292
AGAACGTGGTACATTC-1,0.901112,0.000118,0.000118,0.000177,0.041355,0.057121
AGAACTGTACTTTGTA-1,0.04049,0.029022,0.055074,0.566955,0.300056,0.008403
AGAAGAGCGCCGTTCC-1,0.000152,0.395424,0.080133,0.513697,0.010442,0.000152
AGAAGGTACACTTCAC-1,0.017691,0.084179,0.093164,0.51072,0.287719,0.006527
AGAAGGTTGCCGAATT-1,0.000385,0.116484,0.534506,0.257165,0.05117,0.04029
AGAAGGTTGTAGGTCG-1,0.016695,0.219147,0.177374,0.246698,0.28534,0.054745
AGAAGTGATTCGTGAT-1,0.003358,0.068063,0.124226,0.692414,0.008199,0.10374
AGAATAAATCTTCAGG-1,0.005501,0.182375,0.188011,0.515654,0.02401,0.084449
AGAATACAGGCTATCC-1,0.004158,0.022316,0.044209,0.525025,0.396427,0.007864
AGAATTATGGATTCGA-1,0.16189,0.506601,0.016675,0.093753,0.221067,0.000014
AGAATTGTTTGACATA-1,0.04679,0.830172,0.028362,0.090125,0.004509,0.000041
AGACAGCTCAGAATCC-1,0.999331,0.000149,0.000149,0.000223,0.000074,0.000074
AGACAGGCATCTCAGC-1,0.017835,0.148085,0.200732,0.565814,0.000016,0.067519
AGACCAAACCACACCT-1,0.01377,0.237578,0.180376,0.37832,0.130583,0.059373
AGACCATGGGATACAA-1,0.999672,0.000073,0.000073,0.000109,0.000036,0.000036
AGACCCACCGCTGATC-1,0.0716,0.177495,0.331409,0.292794,0.029276,0.097426
AGACCGCTCCGCGGTT-1,0.024465,0.22536,0.301735,0.378851,0.014871,0.054718
AGACCGGGAAACCCTG-1,0.043815,0.103432,0.334826,0.24977,0.021341,0.246816
AGACGAAGTGCCGGTC-1,0.080813,0.09385,0.356731,0.150427,0.072207,0.245972
AGACGACGATGCCGCT-1,0.00685,0.115592,0.209523,0.316871,0.066571,0.284593
AGACGCCCACTTCGCC-1,0.04779,0.233519,0.44641,0.19464,0.024218,0.053422
AGACTAGCCTTCCAGA-1,0.98441,0.015233,0.000102,0.000153,0.000051,0.000051
AGACTGTTACCGGGTC-1,0.000008,0.005055,0.037168,0.548984,0.406375,0.00241
AGAGAAACACCAGAAA-1,0.000955,0.023516,0.054682,0.166894,0.544173,0.20978
AGAGAACCGTCTAGGA-1,0.999832,0.000037,0.000037,0.000056,0.000019,0.000019
AGAGAAGGAGTACAAT-1,0.002198,0.072862,0.084187,0.379677,0.435152,0.025923
AGAGATCTCTAAAGCG-1,0.071387,0.266002,0.519155,0.081163,0.016143,0.046149
AGAGCAGTTATGAGAC-1,0.03295,0.688297,0.029347,0.210808,0.036127,0.002471
AGAGCCGCCGAGATTT-1,0.004383,0.118285,0.457898,0.33169,0.026582,0.061162
AGAGCGGGCTAATCAT-1,0.014023,0.231398,0.386873,0.352848,0.014842,0.000016
AGAGCGTACAAGCTCG-1,0.771104,0.116067,0.019234,0.091275,0.000023,0.002297
AGAGCTACGAAAGCAT-1,0.186272,0.205883,0.044451,0.560479,0.000032,0.002882
AGAGGCTTCGGAAACC-1,0.021787,0.187723,0.617667,0.131212,0.028706,0.012905
AGAGTAAACTTCACTA-1,0.000008,0.032501,0.126224,0.780008,0.002461,0.058798
AGATAACTTCAGGGCC-1,0.246706,0.579309,0.023458,0.105449,0.021647,0.02343
AGATACCAATAGAACC-1,0.27355,0.022745,0.100345,0.521654,0.062369,0.019338
AGATACCGGTGTTCAC-1,0.054521,0.25306,0.199153,0.493089,0.000164,0.000013
AGATACGACTTCATAT-1,0.025939,0.583367,0.133594,0.202011,0.000041,0.055047
AGATACTCAAGATCGA-1,0.004826,0.303337,0.303223,0.312246,0.034096,0.042272
AGATATAATACGACTA-1,0.000008,0.022518,0.06182,0.545354,0.36252,0.00778
AGATCGTGCATAAGAT-1,0.004945,0.495275,0.172997,0.100421,0.192345,0.034017
AGATCTCAGGTGTGAT-1,0.766361,0.148718,0.000094,0.043238,0.034293,0.007296
AGATGACTCGCCCACG-1,0.090618,0.685023,0.038651,0.054668,0.124725,0.006315
AGATGATGGAGTCTGG-1,0.159195,0.640211,0.066371,0.100053,0.033228,0.000942
AGATGCAAGACGTGCA-1,0.000007,0.056817,0.114536,0.586774,0.18688,0.054985
AGATGCATCCTGTGTC-1,0.00094,0.15898,0.23504,0.415933,0.127252,0.061854
AGATTATAGGACGTTT-1,0.081484,0.412461,0.271407,0.061733,0.170719,0.002195
AGATTCACAACCGATA-1,0.031726,0.066141,0.091562,0.608598,0.193751,0.008221
AGCAAAGGCCGCTAGT-1,0.002979,0.067584,0.113358,0.178856,0.551947,0.085277
AGCAACATATCTTATT-1,0.29503,0.239845,0.201682,0.221469,0.034296,0.007679
AGCAACCGAAAGTAAT-1,0.038294,0.039223,0.057354,0.387756,0.46572,0.011653
AGCACACGTTTAGACT-1,0.057243,0.037315,0.070967,0.124789,0.526435,0.183252
AGCACTACCGGCCTGT-1,0.058792,0.343956,0.175149,0.336622,0.007574,0.077906
AGCACTACCTCACCAG-1,0.07507,0.289154,0.378374,0.07936,0.024413,0.15363
AGCACTTAAGGACGCC-1,0.08238,0.742438,0.045562,0.047137,0.082451,0.000033
AGCAGAAGGAGAAAGA-1,0.000622,0.19177,0.129439,0.220248,0.428809,0.029111
AGCAGCCAGATGAATA-1,0.018352,0.018004,0.149516,0.187216,0.014363,0.612549
AGCAGTCGAAGCATGC-1,0.13776,0.168554,0.025759,0.021801,0.284662,0.361465
AGCATATCAATATGCT-1,0.203484,0.116277,0.236001,0.322645,0.068763,0.052829
AGCATCATTTCGAAAG-1,0.00911,0.395322,0.234637,0.090235,0.197433,0.073263
AGCATCGTCGATAATT-1,0.894797,0.093878,0.000086,0.000129,0.000043,0.011066
AGCATTACGAGGCAAG-1,0.054409,0.290395,0.08649,0.213609,0.084235,0.270861
AGCCAAGCTTTGTGTC-1,0.003844,0.079635,0.068335,0.643863,0.188048,0.016274
AGCCACAGGTTACCCG-1,0.096874,0.111459,0.065411,0.345268,0.369756,0.011232
AGCCACTCCCGTGCTT-1,0.612653,0.315559,0.000161,0.000241,0.00008,0.071306
AGCCATATAGTATGTG-1,0.096674,0.110722,0.034985,0.01225,0.449568,0.295801
AGCCCATACATGTAAG-1,0.003878,0.121718,0.266518,0.558033,0.012944,0.036908
AGCCCGCAACAAGCAG-1,0.009303,0.182837,0.160091,0.099333,0.463239,0.085196
AGCCCGCACTACAATG-1,0.282618,0.022028,0.204762,0.304577,0.129783,0.056231
AGCCCGGCATTAGAGG-1,0.038496,0.042846,0.053748,0.218188,0.593446,0.053277
AGCCCGGTAGCCTGTA-1,0.046793,0.075412,0.075711,0.611452,0.185492,0.005139
AGCCCTAAGCGAAGTT-1,0.074249,0.324886,0.21295,0.375621,0.001482,0.010811
AGCCCTCCCTGGTGGC-1,0.111347,0.006368,0.009246,0.028881,0.221577,0.622581
AGCCCTGTCGCACCGT-1,0.014477,0.435391,0.096397,0.439446,0.014278,0.00001
AGCCCTTGGACATCCC-1,0.227512,0.108921,0.228792,0.114022,0.016517,0.304236
AGCCGCAAATTCAAAT-1,0.02489,0.175169,0.284486,0.459743,0.053724,0.001987
AGCCGTGGCTAAATGT-1,0.028033,0.180479,0.378116,0.115029,0.015152,0.28319
AGCCTAATACCCACGT-1,0.018201,0.113314,0.416936,0.145228,0.133346,0.172975
AGCCTTAAAGCGGAAG-1,0.961095,0.038516,0.000111,0.000167,0.000056,0.000056
AGCGACAGGAACGGTC-1,0.127119,0.175443,0.376887,0.087939,0.061738,0.170874
AGCGACATCCCATTCA-1,0.007595,0.519694,0.136269,0.323207,0.01322,0.000016
AGCGACCAACGATATT-1,0.999243,0.000168,0.000168,0.000252,0.000084,0.000084
AGCGAGACGTGAAGGC-1,0.003848,0.018211,0.019966,0.022837,0.114322,0.820816
AGCGATGCGCCTAATA-1,0.057091,0.330653,0.366345,0.124259,0.037801,0.083852
AGCGCATAATGAATCG-1,0.000014,0.048992,0.249592,0.544512,0.096777,0.060114
AGCGCGGGTGCCAATG-1,0.993693,0.00592,0.00011,0.000166,0.000055,0.000055
AGCGCTAGAGCGATGT-1,0.042288,0.456933,0.055501,0.367982,0.075186,0.00211
AGCGGACACTTCGTAG-1,0.042767,0.451419,0.190976,0.095764,0.128945,0.090129
AGCGGCGGTTAGCGGT-1,0.012198,0.232198,0.25743,0.180783,0.025696,0.291695
AGCGGGAAGGGTCCAT-1,0.142255,0.618157,0.143406,0.087919,0.00437,0.003893
AGCGGGTCTGACACTC-1,0.116257,0.165381,0.171431,0.249536,0.210294,0.087101
AGCGTGGTATTCTACT-1,0.127655,0.21791,0.316854,0.253755,0.043414,0.040411
AGCTAACAAGCAATGT-1,0.00101,0.029513,0.089964,0.424697,0.389595,0.065221
AGCTAAGTACGCAGGC-1,0.021108,0.262692,0.142061,0.338026,0.2119,0.024214
AGCTAGAAGCAGAAGT-1,0.075783,0.546984,0.044496,0.077672,0.25433,0.000735
AGCTATTTAATCCAAC-1,0.03752,0.316125,0.33995,0.264027,0.023931,0.018447
AGCTCCATATATGTTC-1,0.238829,0.059352,0.21898,0.252963,0.033095,0.19678
AGCTCCTTCGCACATC-1,0.219997,0.067495,0.139311,0.278585,0.192447,0.102165
AGCTCTAGACGTTCCA-1,0.002442,0.470637,0.16694,0.35875,0.001205,0.000025
AGCTCTTCCCAGTGCA-1,0.015749,0.568631,0.139308,0.205214,0.063485,0.007614
AGCTCTTCGTAACCTT-1,0.099312,0.427393,0.188717,0.247686,0.036865,0.000028
AGCTCTTTACTCAGTT-1,0.066519,0.14349,0.269636,0.321566,0.021516,0.177272
AGCTGAAGTAAACCAA-1,0.00037,0.35423,0.16509,0.170869,0.236654,0.072786
AGCTGTAACCTCAATC-1,0.076571,0.150274,0.232854,0.312216,0.19333,0.034755
AGCTTCTTCTCGAGCA-1,0.000012,0.044926,0.140336,0.576474,0.234997,0.003256
AGCTTGATCTTAACTT-1,0.016562,0.188844,0.207747,0.488099,0.003042,0.095706
AGGAACGAACGACTTC-1,0.043996,0.216587,0.460585,0.217642,0.007894,0.053296
AGGAAGCTGTCCGCCG-1,0.044315,0.084878,0.278319,0.066836,0.482982,0.04267
AGGACAGTCGAATCCC-1,0.035282,0.259996,0.364634,0.205759,0.001669,0.13266
AGGACATCGCACGTCG-1,0.17645,0.659061,0.060043,0.104346,0.00005,0.00005
AGGACATCGGCACACT-1,0.014434,0.145523,0.739077,0.062887,0.010723,0.027356
AGGACGACCCATTAGA-1,0.000159,0.03141,0.16767,0.761692,0.005019,0.03405
AGGACGCTCGATGTTG-1,0.062498,0.684663,0.178709,0.025467,0.041888,0.006774
