Barcode,Topic 1,Topic 2to3,Topic 4to5,Topic 6to9
AAACAAGTATCTCCCA-1,0.000033,0.442676,0.429508,0.127783
AAACACCAATAACTGC-1,0.000019,0.014385,0.525824,0.459771
AAACAGAGCGACTCCT-1,0.000022,0.000045,0.000045,0.999887
AAACAGCTTTCAGAAG-1,0.000052,0.000103,0.113066,0.886779
AAACAGGGTCTATATT-1,0.000023,0.000046,0.036115,0.963815
AAACAGTGTTCCTGGG-1,0.000025,0.888052,0.111506,0.000418
AAACATGGTGAGAGGA-1,0.00002,0.001526,0.71363,0.284824
AAACATTTCCCGGATT-1,0.000054,0.956107,0.004409,0.03943
AAACCACTACACAGAT-1,0.000043,0.004557,0.170899,0.824501
AAACCCGAACGAAATC-1,0.00003,0.144636,0.647305,0.20803
AAACCGGAAATGTTAA-1,0.000064,0.61424,0.228002,0.157693
AAACCGGGTAGGTACC-1,0.000027,0.045355,0.005086,0.949532
AAACCGTTCGTCCAGG-1,0.000056,0.000112,0.880718,0.119114
AAACCTAAGCAGCCGG-1,0.000035,0.864277,0.000378,0.13531
AAACCTCATGAAGTTG-1,0.000032,0.015737,0.0213,0.962931
AAACGAAGAACATACC-1,0.000071,0.035418,0.037711,0.9268
AAACGAAGATGGAGTA-1,0.000023,0.000065,0.348282,0.651629
AAACGACAGTCTTGCC-1,0.000058,0.089581,0.185264,0.725097
AAACGAGACGGTTGAT-1,0.000053,0.119262,0.1503,0.730385
AAACGCCCGAGATCGG-1,0.000068,0.027452,0.00705,0.96543
AAACGGGCGTACGGGT-1,0.000036,0.875783,0.036672,0.087509
AAACGGTTGCGAACTG-1,0.000032,0.82466,0.175179,0.000129
AAACGTGTTCGCCCTA-1,0.00002,0.00004,0.021373,0.978567
AAACTAACGTGGCGAC-1,0.000023,0.000046,0.000046,0.999885
AAACTCGGTTCGCAAT-1,0.000099,0.724644,0.246311,0.028946
AAACTCGTGATATAAG-1,0.000063,0.000126,0.39771,0.6021
AAACTGCTGGCTCCAA-1,0.000039,0.061262,0.338178,0.600521
AAACTTAATTGCACGC-1,0.000025,0.012481,0.386329,0.601165
AAACTTGCAAACGTAT-1,0.000064,0.000128,0.287593,0.712216
AAAGAATGACCTTAGA-1,0.000019,0.037126,0.475759,0.487096
AAAGAATGTGGACTAA-1,0.000032,0.913307,0.000428,0.086234
AAAGACCCAAGTCGCG-1,0.000108,0.040241,0.000216,0.959436
AAAGACTGGGCGCTTT-1,0.000041,0.000082,0.000082,0.999796
AAAGCTTGCCTACATA-1,0.000024,0.028239,0.146874,0.824862
AAAGGCCCTATAATAC-1,0.000036,0.129106,0.326806,0.544052
AAAGGCTACGGACCAT-1,0.000062,0.280377,0.46009,0.259471
AAAGGCTCTCGCGCCG-1,0.000054,0.023116,0.728431,0.248399
AAAGGGATGTAGCAAG-1,0.000043,0.000086,0.000086,0.999786
AAAGGGCAGCTTGAAT-1,0.000058,0.000117,0.026105,0.97372
AAAGGTAAGCTGTACC-1,0.000081,0.000163,0.13757,0.862185
AAAGTAGCATTGCTCA-1,0.000036,0.000071,0.235847,0.764046
AAAGTCACTGATGTAA-1,0.000093,0.000185,0.095926,0.903796
AAAGTCGACCCTCAGT-1,0.000035,0.000069,0.00292,0.996977
AAAGTGCCATCAATTA-1,0.000026,0.838001,0.117561,0.044413
AAAGTGTGATTTATCT-1,0.000069,0.080832,0.325434,0.593665
AAAGTTGACTCCCGTA-1,0.000035,0.025677,0.299145,0.675142
AAATAACCATACGGGA-1,0.000077,0.000154,0.033307,0.966462
AAATAAGGTAGTGCCC-1,0.000029,0.026318,0.180762,0.792891
AAATACCTATAAGCAT-1,0.000046,0.055427,0.424466,0.520061
AAATAGCTTAGACTTT-1,0.000032,0.000063,0.246028,0.753878
AAATAGGGTGCTATTG-1,0.000082,0.148033,0.397047,0.454838
AAATCACTCCTAAACG-1,0.000138,0.078336,0.592198,0.329328
AAATCCGATACACGCC-1,0.00003,0.902464,0.082656,0.01485
AAATCGCGGAAGGAGT-1,0.000042,0.012571,0.503529,0.483858
AAATCGTGTACCACAA-1,0.000081,0.000163,0.490055,0.509701
AAATCTAGCCCTGCTA-1,0.000034,0.764768,0.182207,0.052991
AAATCTGCCCGCGTCC-1,0.000043,0.384636,0.144942,0.470379
AAATGACTGATCAAAC-1,0.000063,0.529189,0.288567,0.182182
AAATGATTCGATCAGC-1,0.000027,0.028295,0.010801,0.960877
AAATGCTCGTTACGTT-1,0.000119,0.005967,0.000239,0.993675
AAATGGCATGTCTTGT-1,0.000064,0.000128,0.147163,0.852644
AAATGGCCCGTGCCCT-1,0.000045,0.001426,0.282829,0.7157
AAATGGTCAATGTGCC-1,0.000034,0.026947,0.001823,0.971196
AAATGTATCTTATCCC-1,0.00004,0.016513,0.03151,0.951937
AAATTAACGGGTAGCT-1,0.000058,0.042511,0.018955,0.938475
AAATTAATAAGCGCGA-1,0.000032,0.000064,0.033539,0.966365
AAATTACACGACTCTG-1,0.000046,0.01158,0.000093,0.988281
AAATTACCTATCGATG-1,0.000033,0.000066,0.091323,0.908578
AAATTCCAGGTCCAAA-1,0.00003,0.105808,0.406464,0.487698
AAATTGATAGTCCTTT-1,0.000054,0.028177,0.549493,0.422276
AAATTGGTGAGAAGCA-1,0.00004,0.026008,0.119568,0.854385
AAATTTACCGAAATCC-1,0.000063,0.000127,0.131343,0.868467
AAATTTGCGGGTGTGG-1,0.000033,0.000066,0.133756,0.866145
AACAACTGGTAGTTGC-1,0.000069,0.000137,0.006682,0.993112
AACAATACATTGTCGA-1,0.000033,0.11729,0.699181,0.183496
AACAATTACTCTACGC-1,0.00006,0.020626,0.00012,0.979194
AACACACGCTCGCCGC-1,0.000051,0.560804,0.271802,0.167343
AACACGACTGTACTGA-1,0.000048,0.000097,0.045575,0.95428
AACACGAGACGCGGCC-1,0.000049,0.000097,0.197157,0.802697
AACAGCTGTGTGGCAA-1,0.000035,0.055994,0.756917,0.187053
AACAGGAAATCGAATA-1,0.000037,0.000074,0.000074,0.999814
AACAGGATGGGCCGCG-1,0.000073,0.027527,0.166266,0.806134
AACAGGTAGTATGGAT-1,0.000048,0.70378,0.20063,0.095542
AACATAGCGTGTATCG-1,0.000023,0.969519,0.000046,0.030411
AACATATCAACTGGTG-1,0.000033,0.062243,0.012679,0.925046
AACATCGATACGTCTA-1,0.000038,0.000076,0.081936,0.917949
AACATTGAAGTTGATC-1,0.000063,0.265155,0.621498,0.113284
AACATTGTGACTCGAG-1,0.000043,0.536505,0.395965,0.067487
AACCAAGACTTCTCTG-1,0.000034,0.001554,0.033502,0.964911
AACCAGTATCACTCTT-1,0.00007,0.000139,0.033918,0.965873
AACCATAGGGTTGAAC-1,0.000024,0.049872,0.436835,0.513268
AACCATGGGATCGCTA-1,0.000113,0.000225,0.035416,0.964246
AACCCAGAGACGGAGA-1,0.00008,0.000161,0.053534,0.946225
AACCCATCCCATGATC-1,0.000016,0.011149,0.010972,0.977863
AACCCGACAACCCGTG-1,0.000052,0.660117,0.338154,0.001676
AACCCGAGCAGAATCG-1,0.000042,0.932139,0.022935,0.044885
AACCCGATAGGGCTTC-1,0.000014,0.000029,0.000029,0.999929
AACCCGCTGTATTCCA-1,0.000034,0.423712,0.214243,0.362012
AACCCTACTGTCAATA-1,0.000047,0.000094,0.762921,0.236938
AACCCTGGTGGAACCA-1,0.000027,0.000054,0.021334,0.978584
AACCGAGCTTGGTCAT-1,0.000065,0.02612,0.108292,0.865523
AACCGCTAAGGGATGC-1,0.000046,0.052525,0.708821,0.238608
AACCGTTGTGTTTGCT-1,0.000051,0.000102,0.029955,0.969892
AACCTCGCTTTAGCCC-1,0.000055,0.852415,0.066901,0.080629
AACCTGTCACGGAATT-1,0.000033,0.032886,0.445394,0.521687
AACCTTTAAATACGGT-1,0.000037,0.073067,0.396397,0.530499
AACCTTTACGACGTCT-1,0.000058,0.000116,0.122201,0.877625
AACGAAAGTCGTCCCA-1,0.000034,0.009216,0.416862,0.573889
AACGACCTCCTAGCCG-1,0.000021,0.999856,0.000041,0.000082
AACGATAATGCCGTAG-1,0.000024,0.008945,0.334514,0.656517
AACGATAGAAGGGCCG-1,0.000065,0.00455,0.020686,0.974699
AACGATATGTCAACTG-1,0.000034,0.000068,0.002392,0.997506
AACGCATGATCTGGGT-1,0.00003,0.00006,0.021148,0.978762
AACGCGACCTTGGGCG-1,0.000031,0.790786,0.209058,0.000125
AACGCGGTCTCCAGCC-1,0.00004,0.002551,0.00008,0.997329
AACGCTGTTGCTGAAA-1,0.000056,0.745046,0.177622,0.077276
AACGGACGTACGTATA-1,0.000049,0.496676,0.414336,0.08894
AACGGCCATCTCCGGT-1,0.00003,0.024867,0.031026,0.944076
AACGTACTGTGGGTAC-1,0.000032,0.000064,0.172707,0.827198
AACGTCAGACTAGTGG-1,0.00005,0.000099,0.018906,0.980945
AACGTCATCCGGCTTG-1,0.00004,0.991025,0.00864,0.000295
AACGTCGCTGCACTTC-1,0.00004,0.918811,0.073899,0.00725
AACGTGATGAAGGACA-1,0.000036,0.000072,0.000072,0.99982
AACGTGCGAAAGTCTC-1,0.000044,0.03754,0.019678,0.942738
AACGTTATCAGCACCT-1,0.000137,0.010466,0.178348,0.811049
AACTACCCGTTTGTCA-1,0.00008,0.38538,0.566637,0.047903
AACTAGGCTTGGGTGT-1,0.000049,0.000632,0.582799,0.41652
AACTCAAGTTAATTGC-1,0.00004,0.098173,0.025137,0.87665
AACTCCAGAGCGTGTT-1,0.00006,0.727899,0.261445,0.010596
AACTCCTAATCCCATG-1,0.000028,0.000056,0.000056,0.999861
AACTCGATGGCGCAGT-1,0.000053,0.041232,0.000107,0.958608
AACTCTCAATAGAGCG-1,0.000034,0.09627,0.156339,0.747357
AACTCTCAGTGTGCTC-1,0.000038,0.009739,0.592054,0.398169
AACTGAGGTCAGCGTC-1,0.000086,0.000171,0.001564,0.998179
AACTGAGTTATACTGA-1,0.00006,0.545407,0.281359,0.173173
AACTGATATTAGGCCT-1,0.000063,0.002721,0.116378,0.880838
AACTGGGTCCCGACGT-1,0.000057,0.000114,0.024555,0.975274
AACTGGGTTCGAGCCG-1,0.00037,0.040566,0.411003,0.54806
AACTGGTGTGGGCCTT-1,0.000178,0.096213,0.286367,0.617241
AACTTCTGCGTCTATC-1,0.000113,0.000227,0.000227,0.999432
AACTTGCCCGTATGCA-1,0.000038,0.000075,0.0075,0.992388
AACTTGCGTTCTCGCG-1,0.000212,0.11182,0.238168,0.6498
AACTTTACGGGAGCTT-1,0.000049,0.000097,0.05663,0.943224
AACTTTCTCGATCATG-1,0.000036,0.000073,0.392853,0.607038
AAGAAAGTTTGATGGG-1,0.000021,0.523989,0.475905,0.000085
AAGAAATCACCAGATT-1,0.000046,0.000091,0.291978,0.707885
AAGAAGGATCAGTTAG-1,0.000143,0.04828,0.03116,0.920417
AAGACATACGTGGTTT-1,0.000033,0.989444,0.010393,0.00013
AAGACCAAATAACTCA-1,0.000028,0.00318,0.428894,0.567898
AAGACCCAACTGAACA-1,0.000039,0.133002,0.63449,0.232469
AAGACTGCAAGCTACT-1,0.000038,0.024318,0.000075,0.975569
AAGAGATGAATCGGTA-1,0.000071,0.000141,0.000141,0.999647
AAGAGCTCTTTATCGG-1,0.000045,0.000091,0.041188,0.958676
AAGAGGATGTACGCGA-1,0.000045,0.081359,0.044944,0.873651
AAGAGGCATGGATCGC-1,0.00004,0.006688,0.151256,0.842016
AAGAGGCCCTTTGGAA-1,0.000055,0.587575,0.412148,0.000222
AAGATGGCACCGGACC-1,0.000034,0.069757,0.431093,0.499116
AAGATTGGCGGAACGT-1,0.000034,0.005078,0.000067,0.994821
AAGCACCCTGCGTATC-1,0.000047,0.439859,0.476208,0.083886
AAGCATACTCTCCTGA-1,0.00004,0.160386,0.56701,0.272564
AAGCCACTTGCAGGTA-1,0.000017,0.959027,0.0025,0.038456
AAGCCGAAGCGGTTTA-1,0.000068,0.624646,0.375016,0.00027
AAGCCGCCGTGAAATC-1,0.00003,0.052777,0.557111,0.390082
AAGCCGCTTTACCTTG-1,0.000056,0.000112,0.358688,0.641144
AAGCCGGAGAGCAGGA-1,0.000031,0.819558,0.145717,0.034694
AAGCGCAGGGCTTTGA-1,0.000025,0.999827,0.000049,0.000099
AAGCGGAGTGCGCGCA-1,0.000068,0.000136,0.247209,0.752586
AAGCGGCGTCATGGGT-1,0.00005,0.0001,0.0001,0.999751
AAGCGTCCCTCATCGA-1,0.000045,0.044279,0.716818,0.238857
AAGCTAGATCGAGTAA-1,0.00003,0.000061,0.293491,0.706418
AAGCTATGGATTGACC-1,0.000038,0.699154,0.25243,0.048379
AAGCTCGTGCCAAGTC-1,0.000052,0.000454,0.020097,0.979397
AAGCTCTTTCATGGTG-1,0.000063,0.663353,0.335621,0.000964
AAGGAGCGGTTGGTGC-1,0.000053,0.000106,0.020445,0.979396
AAGGATCGATCGCTTG-1,0.000029,0.148094,0.438376,0.4135
AAGGATGAGGGACCTC-1,0.000016,0.000032,0.040379,0.959573
AAGGCAGGCTGTCTCC-1,0.000042,0.202952,0.757973,0.039033
AAGGCGCGTAAAGCTT-1,0.000032,0.000064,0.049681,0.950224
AAGGCTGTGCTCATCG-1,0.000046,0.000091,0.000091,0.999772
AAGGGAACGACTGGCT-1,0.000023,0.080293,0.358599,0.561084
AAGGGACAGATTCTGT-1,0.00004,0.000081,0.160027,0.839852
AAGGGACTATGCATTC-1,0.000017,0.000035,0.567578,0.43237
AAGGGTTAGCCATGCG-1,0.000018,0.905484,0.000037,0.094461
AAGGGTTTGATTTCAG-1,0.000046,0.027688,0.437691,0.534575
AAGGTATCCTAATATA-1,0.000037,0.000074,0.009165,0.990724
AAGGTGATAAACCAGC-1,0.000035,0.075271,0.36547,0.559223
AAGTAGAAGACCGGGT-1,0.000096,0.000192,0.171366,0.828346
AAGTAGTGACGCGAGG-1,0.00007,0.000141,0.076961,0.922829
AAGTCAATTGTCGTCA-1,0.000078,0.172488,0.196235,0.631198
AAGTCTAGTAGCTGCC-1,0.00003,0.000061,0.132938,0.86697
AAGTCTTCTGTGGCCT-1,0.000036,0.000072,0.082739,0.917153
AAGTGACGACCGAATT-1,0.00006,0.000121,0.315799,0.684019
AAGTGAGTCGGGTTTA-1,0.000048,0.205048,0.579633,0.215271
AAGTGCAAAGGTAGAC-1,0.000031,0.000062,0.000062,0.999845
AAGTGCCTTGACTGTA-1,0.000095,0.136138,0.460162,0.403605
AAGTGCGTTAGAATCT-1,0.000024,0.000511,0.000049,0.999416
AAGTGCTTCTCTATTG-1,0.000067,0.579608,0.388891,0.031435
AAGTGTTTGGAGACGG-1,0.000036,0.20927,0.380514,0.410179
AAGTTCACTCCAAGCT-1,0.000065,0.712495,0.106703,0.180737
AAGTTCAGTCTGCGTA-1,0.000044,0.000088,0.008798,0.991071
AAGTTCGGCCAACAGG-1,0.000028,0.000057,0.079914,0.920001
AAGTTGTGATGTTATA-1,0.00004,0.884404,0.027562,0.087994
AAGTTTACTAATGGCA-1,0.000283,0.204417,0.245907,0.549394
AAGTTTATGGGCCCAA-1,0.000022,0.999848,0.000043,0.000087
AATAACAACGCTCGGC-1,0.000039,0.000079,0.041221,0.958661
AATAACACTAGAACAA-1,0.000038,0.026583,0.553334,0.420045
AATAACGTCGCGCCCA-1,0.000026,0.970772,0.000053,0.029149
AATAAGTCCTCGAGAC-1,0.000099,0.061806,0.276082,0.662013
AATAATCTTCGTATCG-1,0.000058,0.339873,0.327418,0.332651
AATACAATGTTTCAGG-1,0.000054,0.000108,0.000108,0.999731
AATACCGGAGGGCTGT-1,0.000062,0.527082,0.472608,0.000248
AATACCTGATGTGAAC-1,0.000031,0.995315,0.004528,0.000126
AATAGAACAGAGTGGC-1,0.000076,0.000152,0.853101,0.146671
AATAGAATCTGTTTCA-1,0.000039,0.048838,0.58947,0.361654
AATAGCAAGCCTCCTG-1,0.000051,0.000102,0.034776,0.965072
AATAGCTACCGCGTGC-1,0.000048,0.049993,0.058148,0.891812
AATAGGCACGACCCTT-1,0.000028,0.875566,0.030931,0.093475
AATAGTCCGTCCCGAC-1,0.000043,0.038605,0.797337,0.164014
AATAGTCGCGAGTCGG-1,0.000028,0.002652,0.003317,0.994004
AATATCAAGGTCGGAT-1,0.000051,0.068348,0.000102,0.931499
AATATCCTAGCAAACT-1,0.000015,0.00003,0.123915,0.87604
AATATCGAATCAATGC-1,0.000126,0.578855,0.420517,0.000503
AATATCGAGGGTTCTC-1,0.000046,0.027497,0.149261,0.823195
AATATTGGAGTATTGA-1,0.000051,0.001094,0.000102,0.998753
AATCAGGTTTCATTTA-1,0.000064,0.434411,0.3665,0.199025
AATCATGTAAAGACTC-1,0.000022,0.796474,0.070734,0.132771
AATCCAAGGGCCTGAG-1,0.000052,0.000104,0.000104,0.99974
AATCCCGCTCAGAGCC-1,0.000048,0.865374,0.115444,0.019134
AATCGAGGTCTCAAGG-1,0.000032,0.999772,0.000065,0.00013
AATCGCCTCAGCGCCA-1,0.000056,0.00928,0.162545,0.82812
AATCGCGCAGAGGACT-1,0.000034,0.339911,0.329399,0.330656
AATCGGGACACTACGA-1,0.000082,0.002255,0.016265,0.981398
AATCGGTATAGCCCTC-1,0.000028,0.999807,0.000055,0.00011
AATCGTGAGCCGAGCA-1,0.000033,0.790595,0.172791,0.036582
AATCTAGGTTTACTTG-1,0.000054,0.000109,0.330456,0.669381
AATCTATGCCGGAGCC-1,0.000038,0.000275,0.131576,0.868111
AATCTCTACTGTGGTT-1,0.000036,0.000073,0.053511,0.94638
AATCTGCGTTGGGACG-1,0.00006,0.008413,0.539368,0.452159
AATCTGGCTTTCTAGT-1,0.000042,0.013915,0.157395,0.828649
AATCTGGGTAGACCCT-1,0.00009,0.032356,0.000179,0.967375
AATGACAGCAATGTCT-1,0.000025,0.00005,0.015231,0.984694
AATGACGTAGGATGTC-1,0.000081,0.000161,0.559172,0.440585
AATGACTGTCAGCCGG-1,0.000046,0.000093,0.013981,0.98588
AATGAGTTCGCATATG-1,0.000155,0.237344,0.00031,0.762191
AATGATGATACGCTAT-1,0.000034,0.020323,0.010313,0.969331
AATGATGCGACTCCTG-1,0.000026,0.000898,0.000053,0.999023
AATGCAACCGGGTACC-1,0.000054,0.038128,0.002683,0.959134
AATGCACCAAGCAATG-1,0.000038,0.000075,0.004014,0.995873
AATGGCCGCCAATGCG-1,0.000026,0.002774,0.192124,0.805076
AATGGTCCACCGTTCA-1,0.000072,0.018386,0.117414,0.864129
AATGGTTCTCACAAGC-1,0.000058,0.018416,0.009247,0.972279
AATGTATGGCACTGTA-1,0.000044,0.137766,0.509084,0.353106
AATGTGCCCGAGGTGT-1,0.000056,0.040294,0.597353,0.362297
AATGTGCTAATCTGAG-1,0.00004,0.283357,0.511041,0.205562
AATGTTAAGACCCTGA-1,0.000027,0.964456,0.003197,0.03232
AATGTTGTCGTGAGAC-1,0.000033,0.999766,0.000067,0.000134
AATTAAAGGTCGGCGT-1,0.000043,0.007027,0.000086,0.992844
AATTAACGGATTTCCA-1,0.000046,0.603879,0.233607,0.162468
AATTACGAGACCCATC-1,0.000039,0.051909,0.352449,0.595602
AATTAGCGCTGCAGCG-1,0.000069,0.068088,0.739571,0.192272
AATTATACCCAGCAAG-1,0.000033,0.950215,0.02771,0.022042
AATTCATAAGGGATCT-1,0.000025,0.036418,0.012949,0.950608
AATTCATTGTCATGCA-1,0.000038,0.054584,0.458672,0.486705
AATTCCAAGCATGTAC-1,0.000026,0.923573,0.02307,0.053331
AATTCGATTCGAGGAT-1,0.000057,0.999601,0.000114,0.000228
AATTCTAGAGTTAGGC-1,0.00009,0.000181,0.744474,0.255255
AATTGAACGCTCTGGT-1,0.000031,0.002409,0.421975,0.575585
AATTGCAGCAATCGAC-1,0.00006,0.767505,0.207619,0.024816
AATTGCGTGGATTACA-1,0.000065,0.164125,0.709446,0.126363
AATTGTGGTTGCCAAA-1,0.000019,0.925679,0.00035,0.073953
AATTTGGGACATAGTA-1,0.000041,0.002267,0.000083,0.997608
AATTTGGTTCCAAAGA-1,0.000071,0.000141,0.000141,0.999646
ACAAACCATGCGTCCT-1,0.000031,0.058111,0.586276,0.355582
ACAAACTCCATCAGAG-1,0.000029,0.869458,0.006301,0.124212
ACAAAGAAGGTAGGCC-1,0.000021,0.006605,0.087847,0.905528
ACAAAGCATGACCTAG-1,0.000046,0.869465,0.037277,0.093212
ACAAATCGCACCGAAT-1,0.000024,0.218383,0.42885,0.352743
ACAAATGGTAGTGTTT-1,0.000049,0.063947,0.375438,0.560566
ACAAATTCAGATCTGA-1,0.000029,0.000059,0.000059,0.999854
ACAACAGCATGAGCTA-1,0.000035,0.057165,0.00007,0.94273
ACAACGGTCCCTGCGA-1,0.000046,0.000092,0.000092,0.999771
ACAAGCAGTGCCTAGC-1,0.000041,0.000081,0.000081,0.999797
ACAAGCTATATGGAAG-1,0.000058,0.000116,0.199157,0.800669
ACAAGGAAATCCGCCC-1,0.000045,0.037978,0.472568,0.489409
ACAAGGACAAGAGGTT-1,0.000024,0.002399,0.000048,0.997529
ACAAGGATGCTTTAGG-1,0.000122,0.664932,0.167715,0.167231
ACAAGGCCTACCAGCC-1,0.000116,0.011875,0.234858,0.753152
ACAAGGGCAGGCTCTG-1,0.000038,0.089384,0.262608,0.647969
ACAAGTAATTGTAAGG-1,0.000035,0.582171,0.358944,0.058849
ACAATAGTCGTACGTT-1,0.000073,0.000146,0.100991,0.898791
ACAATCCATTTAAACC-1,0.000029,0.000058,0.02691,0.973003
ACAATGAATACGGAGA-1,0.000044,0.022468,0.529064,0.448423
ACAATGATTCTTCTAC-1,0.000036,0.000072,0.000072,0.999819
ACAATTGTGTCTCTTT-1,0.000036,0.611897,0.250803,0.137264
ACAATTTAGGAGGCTC-1,0.000067,0.000133,0.131671,0.868129
ACAATTTGAGCAGTGG-1,0.000035,0.000071,0.070325,0.929569
ACAATTTGGCCATATT-1,0.000041,0.199276,0.686468,0.114216
ACACAAAGACGGGTGG-1,0.000029,0.000057,0.000057,0.999857
ACACAAATATTCCTAG-1,0.000041,0.000083,0.114174,0.885702
ACACACCAGGACCAGT-1,0.000035,0.130115,0.598857,0.270993
ACACACTTTCTACACG-1,0.000039,0.053885,0.000078,0.945998
ACACATGATCAAATCT-1,0.000037,0.002492,0.765264,0.232208
ACACATTTCCGTAGAC-1,0.000028,0.976506,0.000321,0.023145
ACACCACATAATTAGC-1,0.000036,0.035322,0.449188,0.515454
ACACCCAGCATGCAGC-1,0.000046,0.000092,0.000092,0.999769
ACACCCGAGAAATCCG-1,0.000061,0.01019,0.082349,0.907401
ACACCCGTAAATCTGT-1,0.000019,0.03712,0.164341,0.798521
ACACCGGTCTGACCGC-1,0.000038,0.054195,0.73736,0.208407
ACACCTTAAGTAGGGC-1,0.000033,0.02059,0.000065,0.979312
ACACCTTACTACTTGC-1,0.000054,0.282087,0.423242,0.294617
ACACGAGACTCCTTCT-1,0.000048,0.000095,0.08448,0.915378
ACACGGCACTATGCAT-1,0.000057,0.00053,0.000114,0.999299
ACACGGGAACTTAGGG-1,0.000068,0.025479,0.043338,0.931115
ACACGTAGGCCACAAG-1,0.000062,0.861924,0.137764,0.000249
ACACTCCAATGTCACT-1,0.000126,0.105484,0.000252,0.894138
ACACTGATCAAGGTGT-1,0.000069,0.000138,0.817607,0.182186
ACACTGGGACAGTCGT-1,0.00006,0.879564,0.096704,0.023672
ACAGAACTGAGAACAA-1,0.000039,0.026533,0.348195,0.625234
ACAGATTAGGTTAGTG-1,0.000097,0.130793,0.059369,0.809741
ACAGCATAGAGCCAGT-1,0.000058,0.004477,0.031737,0.963728
ACAGCGACATTCTCAT-1,0.000081,0.818677,0.071075,0.110168
ACAGCGCACCCGCAGC-1,0.000048,0.000095,0.000095,0.999762
ACAGGCACGGATCCTT-1,0.000033,0.995428,0.004405,0.000134
ACAGGCTTGCCCGACT-1,0.000036,0.344482,0.290052,0.36543
ACAGGTGGAGGTGAGG-1,0.000045,0.035199,0.403798,0.560958
ACAGGTGTGTTGTTGC-1,0.00003,0.00006,0.218644,0.781266
ACAGTAATACAACTTG-1,0.000039,0.00718,0.09028,0.902501
ACAGTATACCGTGGGA-1,0.000023,0.000046,0.019374,0.980557
ACATAAGTCGTGGTGA-1,0.000044,0.036911,0.517136,0.44591
ACATAATAAGGCGGTG-1,0.000067,0.017356,0.191534,0.791043
ACATACAATCAAGCGG-1,0.000056,0.915907,0.000112,0.083926
ACATCAGCTGGGACGC-1,0.000043,0.000086,0.039601,0.96027
ACATCCCGGCCATACG-1,0.000037,0.003136,0.566069,0.430758
ACATCCTGGTAACTGT-1,0.000043,0.063533,0.474765,0.461659
ACATCGATCGTTTACC-1,0.000065,0.005905,0.046974,0.947056
ACATCGCAATATTCGG-1,0.000051,0.890741,0.038583,0.070625
ACATCGGTCAGCCGCG-1,0.000033,0.000067,0.068224,0.931675
ACATCGTATGCAATGG-1,0.000038,0.011701,0.347605,0.640656
ACATCGTTAACCTAGT-1,0.000063,0.000125,0.068389,0.931423
ACATCTCAACGCGTAA-1,0.000109,0.028399,0.238881,0.732611
ACATGCTTACGGCAGC-1,0.000031,0.766578,0.130643,0.102748
ACATGGCGCCAAAGTA-1,0.000037,0.028512,0.517216,0.454235
ACATTAGTTTATATCC-1,0.00006,0.000121,0.660058,0.339761
ACATTCGCGCGGAATA-1,0.000029,0.807054,0.064219,0.128698
ACATTTGAAACCTAAC-1,0.000032,0.967917,0.02337,0.008682
ACCAAACACCCAGCGA-1,0.000025,0.00005,0.014878,0.985046
ACCAAACTAGAAATCC-1,0.00003,0.117029,0.000059,0.882883
ACCAACACCACACACT-1,0.00002,0.00004,0.008237,0.991703
ACCAACCGCACTCCAC-1,0.000035,0.964902,0.01222,0.022843
ACCAACGCTTATTTAT-1,0.000061,0.121221,0.693298,0.18542
ACCAAGAACGCGTGTC-1,0.000046,0.006786,0.072168,0.921
ACCAAGTCATCGGCAG-1,0.000045,0.898844,0.000091,0.10102
ACCAATATGCAAGTTA-1,0.000051,0.926835,0.053536,0.019578
ACCACAACTCAGAACA-1,0.000058,0.078081,0.058454,0.863407
ACCACAAGTTTCTATC-1,0.000044,0.000088,0.022429,0.977439
ACCACACGGTTGATGG-1,0.000026,0.995846,0.000052,0.004076
ACCACCAATGTAACAA-1,0.000046,0.014823,0.78621,0.198921
ACCACCCTCTCTTCTA-1,0.000035,0.02642,0.298621,0.674923
ACCACGTGCAGCTATA-1,0.000033,0.000067,0.149612,0.850288
ACCAGACCATAACAAC-1,0.000021,0.002715,0.154108,0.843156
ACCAGCCCGGTCTTTG-1,0.000089,0.086535,0.020849,0.892527
ACCAGTGCCCGGTCAA-1,0.000064,0.000128,0.006146,0.993662
ACCAGTGCGGGAGACG-1,0.000052,0.475807,0.244501,0.279639
ACCATATCCGCAATAA-1,0.000049,0.000097,0.225013,0.774841
ACCATCCGCCAACTAG-1,0.000047,0.000097,0.001253,0.998603
ACCATCGTATATGGTA-1,0.000031,0.034355,0.003398,0.962216
ACCCAACGCCCGTGGC-1,0.000037,0.000075,0.267424,0.732463
ACCCACCTACATGCTC-1,0.000045,0.00009,0.031365,0.9685
ACCCATCTTGAGGGTA-1,0.000033,0.000065,0.001158,0.998744
ACCCATTTGTCCCTCT-1,0.000078,0.769605,0.068091,0.162226
ACCCGAGCGAAATTAC-1,0.000028,0.04197,0.707333,0.250669
ACCCGATTGGTTCCGA-1,0.000056,0.782452,0.216254,0.001238
ACCCGGAAACTCCCAG-1,0.000052,0.322682,0.324734,0.352533
ACCCGGAGCACCACAA-1,0.000041,0.788441,0.070057,0.141461
ACCCGGATGACGCATC-1,0.00005,0.000101,0.356154,0.643695
ACCCGGTTACACTTCC-1,0.000043,0.065732,0.039367,0.894859
ACCCGTAGCAGAGAAT-1,0.000156,0.717613,0.150133,0.132098
ACCCGTAGTCTAGTTG-1,0.000031,0.91794,0.045641,0.036389
ACCCGTGTCATCAGTA-1,0.00005,0.164599,0.419634,0.415716
ACCCTATAGGACTGAG-1,0.000054,0.048701,0.000108,0.951138
ACCCTATGCCATATCG-1,0.000045,0.025758,0.448867,0.52533
ACCCTCCCGTCAGGGC-1,0.000043,0.999699,0.000086,0.000172
ACCCTCCCTTGCTATT-1,0.000042,0.084374,0.36688,0.548704
ACCCTGGTAACGCCCT-1,0.00003,0.000061,0.054655,0.945254
ACCCTTCATCTGCGAA-1,0.000051,0.000101,0.000101,0.999747
ACCCTTGCCTGGGTCG-1,0.000053,0.000105,0.046065,0.953777
ACCCTTTAGTTCTCCA-1,0.000087,0.041506,0.000175,0.958232
ACCGAAAGGGCCCTGC-1,0.000086,0.037308,0.046881,0.915725
ACCGAAGAGTCTGGTT-1,0.000028,0.068857,0.155746,0.775369
ACCGACACATCTCCCA-1,0.000055,0.817026,0.166452,0.016467
ACCGACTGAGTCCCAC-1,0.000039,0.000077,0.059927,0.939957
ACCGAGTCTCCTTATT-1,0.000035,0.999469,0.000355,0.000141
ACCGATAGGCATAACC-1,0.000025,0.805792,0.084538,0.109645
ACCGATATTTAATCAT-1,0.000073,0.804854,0.194782,0.000291
ACCGATGGTAGCATCG-1,0.000041,0.092038,0.26902,0.638902
ACCGCAATAACTGCCT-1,0.000081,0.171499,0.653605,0.174814
ACCGCGGTGGAAGTCG-1,0.000077,0.284829,0.579965,0.135129
ACCGCTAGTCATTGGT-1,0.000024,0.927564,0.036927,0.035486
ACCGGGCCTTTGTTGA-1,0.000037,0.26252,0.165369,0.572074
ACCGGTCAGGTACACC-1,0.000032,0.018254,0.609505,0.372209
ACCGGTCTGAGTACGG-1,0.000124,0.024188,0.000248,0.97544
ACCGTCCACTGGGCCC-1,0.000028,0.016988,0.668081,0.314904
ACCGTGACCACGTGGG-1,0.000025,0.080053,0.659793,0.260129
ACCGTTCCCGCTCTGA-1,0.000123,0.078997,0.046704,0.874177
ACCTAAGTACCTTTCA-1,0.000066,0.000133,0.504855,0.494946
ACCTAATCGACTTCCT-1,0.000085,0.000171,0.154325,0.845419
ACCTACAGTATGTGGT-1,0.000064,0.202588,0.586556,0.210792
ACCTACTATAAATCTA-1,0.000035,0.835016,0.164809,0.00014
ACCTCAGCGAGGCGCA-1,0.000039,0.951689,0.000077,0.048195
ACCTCCGCCCTCGCTG-1,0.00007,0.795531,0.083966,0.120432
ACCTCCGTTATTCACC-1,0.000035,0.038158,0.340422,0.621386
ACCTCGAACTTATGCT-1,0.000039,0.051952,0.453627,0.494381
ACCTGCGTGTCATGTT-1,0.000054,0.000109,0.19331,0.806527
ACGAAATGGGCGGCAC-1,0.000029,0.010784,0.000058,0.989128
ACGACCCATGAGTTGC-1,0.000042,0.694256,0.211496,0.094206
ACGACTCTAGGGCCGA-1,0.000068,0.96412,0.03554,0.000272
ACGACTGGTCATACTC-1,0.000019,0.225292,0.516323,0.258366
ACGAGATATTTGCTTA-1,0.000042,0.012582,0.000084,0.987292
ACGAGGATACCACTCT-1,0.000034,0.000068,0.338672,0.661226
ACGAGGTTTACAACGT-1,0.000021,0.044812,0.183698,0.771469
ACGAGTACGGATGCCC-1,0.000057,0.000114,0.390639,0.60919
ACGATACATAGAACTA-1,0.000043,0.028842,0.01205,0.959064
ACGATACCTATCCTGA-1,0.00004,0.00008,0.131304,0.868577
ACGATCATACATAGAG-1,0.000058,0.000636,0.049764,0.949542
ACGATCATCTTGTAAA-1,0.000037,0.001635,0.057359,0.940969
ACGATGCATATGTTAT-1,0.000039,0.000077,0.032048,0.967836
ACGATGGATCCGATGC-1,0.000038,0.032861,0.000076,0.967025
ACGCAAACTAATAGAT-1,0.000047,0.350719,0.329742,0.319492
ACGCAATCACTACAGC-1,0.00003,0.009158,0.07506,0.915752
ACGCATAAATGACATG-1,0.000044,0.000089,0.026993,0.972873
ACGCATACGTTTACTA-1,0.000049,0.944335,0.043174,0.012442
ACGCATTCGTGAGTAC-1,0.000041,0.143467,0.000082,0.856409
ACGCCACTCGAAACAG-1,0.000023,0.978175,0.000066,0.021736
ACGCCAGATGATTTCT-1,0.000066,0.000132,0.07719,0.922613
ACGCCAGTGCGTTTGC-1,0.000034,0.969996,0.023615,0.006355
ACGCCCAGCTGTCGAT-1,0.000042,0.06172,0.00668,0.931559
ACGCCGCTAGACGACC-1,0.000038,0.193348,0.019201,0.787413
ACGCGAAGTCAGACGA-1,0.000057,0.000114,0.906704,0.093125
ACGCGCTACACAGGGT-1,0.000037,0.000075,0.041887,0.958001
ACGCGGGCCAAGGACA-1,0.000054,0.000109,0.109275,0.890562
ACGCGTTTCTTAAGAG-1,0.000045,0.000089,0.090042,0.909825
ACGCTACTGAATGGGC-1,0.000024,0.935683,0.000049,0.064244
ACGCTAGTATCAGTGC-1,0.000073,0.000147,0.627003,0.372777
ACGCTAGTGATACACT-1,0.000056,0.000544,0.275496,0.723905
ACGCTGTGAGGCGTAG-1,0.000046,0.01704,0.021818,0.961096
ACGCTTAGTGTCTCTC-1,0.000198,0.072123,0.032105,0.895574
ACGGAACACGAGTGCC-1,0.00003,0.8913,0.004004,0.104666
ACGGAATTTAGCAAAT-1,0.000119,0.000237,0.000237,0.999407
ACGGACGCAGCGACAA-1,0.00004,0.595352,0.050325,0.354283
ACGGACTCTCAAAGCG-1,0.000042,0.864841,0.054128,0.080989
ACGGAGCGCAAATTAC-1,0.000031,0.000063,0.001375,0.998531
ACGGATGGTGCGGATA-1,0.000055,0.465492,0.315697,0.218756
ACGGCACTTGCTTGGG-1,0.000053,0.066493,0.75753,0.175923
ACGGCCAACATGGACT-1,0.000041,0.028164,0.660196,0.311599
ACGGCGACGATGGGAA-1,0.000023,0.001391,0.248083,0.750504
ACGGCTGGATGTAGAA-1,0.000027,0.011046,0.518361,0.470566
ACGGGAGTGTCGGCCC-1,0.000036,0.000073,0.126458,0.873433
ACGGGCGTATGCGACA-1,0.000022,0.015281,0.095298,0.8894
ACGGGTCATGTGACTT-1,0.000061,0.039632,0.000122,0.960186
ACGGGTTGTGACCTGT-1,0.001235,0.351124,0.416753,0.230888
ACGGTACAGTTCAATG-1,0.000048,0.996377,0.003382,0.000193
ACGGTCACCGAGAACA-1,0.000041,0.443993,0.441785,0.114181
ACGTACAGATTTCTCT-1,0.000049,0.023509,0.000098,0.976344
ACGTACTTTGGCACGG-1,0.000033,0.839718,0.028581,0.131668
ACGTAGATTGCTGATG-1,0.000055,0.029256,0.060715,0.909974
ACGTAGGAGAGTCGCT-1,0.000033,0.846955,0.116505,0.036507
ACGTATTACTCCGATC-1,0.000072,0.041957,0.352645,0.605326
ACGTCGGGCAACTCGG-1,0.000025,0.063998,0.412016,0.523961
ACGTCTCGTTCCGGGA-1,0.000036,0.000072,0.112548,0.887345
ACGTGACAAAGTAAGT-1,0.000015,0.001913,0.160493,0.837579
ACGTGCGCCTCGTGCA-1,0.000043,0.000085,0.000085,0.999787
ACGTTAATGTCGAAGA-1,0.00005,0.12226,0.314985,0.562705
ACGTTAGATTTGCCCG-1,0.00005,0.000101,0.067503,0.932346
ACGTTATTGGTCACTC-1,0.000113,0.000226,0.000226,0.999435
ACGTTCACTATGCCGC-1,0.000033,0.944582,0.050019,0.005366
ACGTTCCGCGCTCCGT-1,0.000104,0.059328,0.000208,0.94036
ACGTTCGCAATCAATT-1,0.000039,0.046863,0.328164,0.624934
ACGTTCGTTCAGGAAA-1,0.000045,0.07684,0.612195,0.310919
ACGTTCTGTACAAGTC-1,0.000075,0.874488,0.00015,0.125287
ACGTTGTCGTTGAAAG-1,0.000038,0.77023,0.16729,0.062442
ACGTTTAGTTGTGATC-1,0.000071,0.031653,0.041063,0.927213
ACGTTTCGGTGCACTT-1,0.000036,0.846683,0.000072,0.153209
ACTAAGGACGCACACC-1,0.000048,0.019959,0.340986,0.639006
ACTAATACGTCAGGCG-1,0.000066,0.000132,0.000132,0.999671
ACTACAAAGAGAGGTG-1,0.000052,0.891458,0.068971,0.039519
ACTACATCCCGACAAG-1,0.000025,0.044665,0.317381,0.637929
ACTACCAGCTCTCTGG-1,0.000061,0.033114,0.056048,0.910778
ACTACCATCCGAGGGC-1,0.000025,0.791,0.04749,0.161484
ACTACGCGTTAGAATT-1,0.000043,0.305838,0.412346,0.281773
ACTAGTTGCGATCGTC-1,0.000066,0.458352,0.194638,0.346944
ACTATATGCTGTGTTC-1,0.000053,0.000105,0.033249,0.966594
ACTATCCAGGGCATGG-1,0.000034,0.031197,0.414769,0.554001
ACTATCTGCCCGCGTA-1,0.000036,0.364082,0.368863,0.267019
ACTATGTCCAGCTGCC-1,0.000032,0.042954,0.564022,0.392992
ACTATTCGTCCGTGGT-1,0.000035,0.00007,0.00007,0.999825
ACTATTTCCGGGCCCA-1,0.000027,0.028079,0.475788,0.496106
ACTCAAGTGCAAGGCT-1,0.000098,0.831509,0.115912,0.052481
ACTCAATAAAGGCACG-1,0.000039,0.000077,0.047907,0.951977
ACTCAGACCTGCTTCT-1,0.000085,0.040053,0.017372,0.942489
ACTCATGGCAGCCTTC-1,0.000026,0.120132,0.28918,0.590663
ACTCCAATATCATCAT-1,0.000023,0.022924,0.625692,0.351361
ACTCCCATTCCTAAAG-1,0.000038,0.02735,0.157263,0.815349
ACTCCCGAATTCGTTT-1,0.000037,0.053157,0.06322,0.883586
ACTCCCGTAGACTAGG-1,0.000033,0.036237,0.14088,0.82285
ACTCCCTAATGCTAAA-1,0.000041,0.23263,0.235251,0.532078
ACTCCCTAGAATAGTA-1,0.000044,0.013977,0.491224,0.494755
ACTCCGGCCGACCACT-1,0.00005,0.608165,0.301038,0.090746
ACTCGATGTATTTCAT-1,0.000124,0.000247,0.137639,0.86199
ACTCGCCGTTCGATAA-1,0.000035,0.999753,0.000071,0.000141
ACTCGCGATCTGACGC-1,0.000034,0.175668,0.53077,0.293529
ACTCGTAACCCGTCCT-1,0.000044,0.047259,0.275647,0.677051
ACTCGTCAGTAATCCC-1,0.000031,0.002164,0.015075,0.98273
ACTCTAAACCTGGGAT-1,0.00005,0.009657,0.032374,0.957919
ACTCTCTGACTTAGGT-1,0.000056,0.032726,0.326501,0.640717
ACTCTCTTATACACGA-1,0.000049,0.003937,0.000098,0.995915
ACTCTGACCTAATAGA-1,0.000048,0.918235,0.081524,0.000193
ACTCTTCAGCTCCCGC-1,0.000029,0.214943,0.545541,0.239487
ACTCTTGTATAGTAAC-1,0.000042,0.025277,0.013942,0.96074
ACTGAAACGCCGTTAG-1,0.000036,0.849002,0.007298,0.143664
ACTGAATGGCGAAAGT-1,0.000034,0.063081,0.255959,0.680926
ACTGATTTAGTGATTC-1,0.000204,0.174457,0.122269,0.70307
ACTGCCCGCCATTCTC-1,0.000037,0.652353,0.255926,0.091684
ACTGCCGTCGTAACTC-1,0.000054,0.000109,0.000109,0.999728
ACTGCGGACACACCGT-1,0.000034,0.245525,0.509431,0.24501
ACTGCTCGGAAGGATG-1,0.000035,0.000069,0.617033,0.382863
ACTGGCGAACCTGCGT-1,0.000063,0.000125,0.011553,0.988259
ACTGGGATGCCAGTGC-1,0.000048,0.906335,0.085769,0.007848
ACTGTACGATACACAT-1,0.00003,0.007053,0.000059,0.992858
ACTGTAGCACTTTGGA-1,0.000049,0.016833,0.000098,0.98302
ACTGTATACGCGAGCA-1,0.000055,0.040033,0.035244,0.924668
ACTGTCCAGGATTATA-1,0.000059,0.026462,0.000118,0.973361
ACTGTCTTCTTTAGAA-1,0.000034,0.000068,0.005383,0.994515
ACTGTGCTAGTAGATC-1,0.000101,0.051221,0.000203,0.948475
ACTTACCGGGCGCGCA-1,0.000062,0.000123,0.000123,0.999691
ACTTACGCATCCACGC-1,0.000049,0.77614,0.202379,0.021432
ACTTAGTACGACAAGA-1,0.000084,0.000167,0.000167,0.999582
ACTTATACTTACCCGG-1,0.00006,0.000121,0.591359,0.40846
ACTTATTAGGATCGGT-1,0.000067,0.013554,0.252055,0.734324
ACTTATTTATGTGCCA-1,0.000045,0.084405,0.295062,0.620488
ACTTCAGGCTGATCCC-1,0.000063,0.217084,0.568653,0.214199
ACTTCCAGTGGAAGCT-1,0.000031,0.003356,0.501751,0.494862
ACTTCCATGCGGGACA-1,0.000068,0.999525,0.000136,0.000271
ACTTCCTGTCGTGCGA-1,0.000016,0.052728,0.110077,0.837178
ACTTCGCCATACGCAC-1,0.000038,0.017429,0.0251,0.957432
ACTTCGCTAGCGAGTG-1,0.000029,0.036319,0.474659,0.488993
ACTTGACTCCCTCTTT-1,0.000044,0.022455,0.211538,0.765963
ACTTGCTCTATCTACC-1,0.000022,0.138722,0.376253,0.485004
ACTTGGGACCCGGTGG-1,0.000049,0.000097,0.090688,0.909166
ACTTGGGCTTTCGCCA-1,0.000067,0.836805,0.04592,0.117208
ACTTGTAGTCCCTTCA-1,0.000056,0.000112,0.208647,0.791184
ACTTGTGGATGGAACG-1,0.00006,0.554191,0.421107,0.024642
ACTTGTTACCGGATCA-1,0.000046,0.879421,0.081775,0.038758
ACTTTACCCTCATGAA-1,0.000057,0.019127,0.314706,0.66611
ACTTTATACACCACTT-1,0.000031,0.680167,0.032207,0.287595
ACTTTCCTATAGCTTC-1,0.000055,0.00011,0.000639,0.999195
ACTTTGACTGCATCCT-1,0.000072,0.000144,0.174896,0.824888
ACTTTGGTCGTGCTCC-1,0.000048,0.037853,0.476053,0.486046
ACTTTGTCGACGCACT-1,0.00006,0.819461,0.126385,0.054094
AGAAATTATGACTCGC-1,0.000036,0.705566,0.258713,0.035685
AGAACACGGCGATGGT-1,0.000029,0.678517,0.257757,0.063697
AGAACCCAGCGTGACA-1,0.000044,0.308815,0.531211,0.159931
AGAACCCTCAATTGGG-1,0.000047,0.000097,0.82286,0.176996
AGAACGTGGTACATTC-1,0.000038,0.074443,0.070318,0.855201
AGAACTGTACTTTGTA-1,0.000036,0.979283,0.020535,0.000146
AGAAGAGCGCCGTTCC-1,0.000401,0.080909,0.208037,0.710653
AGAAGGTACACTTCAC-1,0.000021,0.000076,0.193561,0.806342
AGAAGGTTGCCGAATT-1,0.000031,0.002104,0.044454,0.95341
AGAAGGTTGTAGGTCG-1,0.000053,0.643368,0.159611,0.196967
AGAAGTGATTCGTGAT-1,0.000048,0.000096,0.129419,0.870438
AGAATAAATCTTCAGG-1,0.000035,0.00007,0.061214,0.938682
AGAATACAGGCTATCC-1,0.000029,0.997911,0.001947,0.000114
AGAATGCGGGTTCGGA-1,0.000024,0.000047,0.00644,0.993489
AGAATTATGGATTCGA-1,0.000057,0.011565,0.426066,0.562312
AGAATTGTTTGACATA-1,0.000115,0.099453,0.00023,0.900201
AGACAGCTCAGAATCC-1,0.000098,0.000195,0.083523,0.916184
AGACAGGCATCTCAGC-1,0.000045,0.931183,0.062185,0.006587
AGACATAGATCCTTCC-1,0.000074,0.047039,0.000148,0.952739
AGACCAAACCACACCT-1,0.000032,0.017758,0.584377,0.397833
AGACCATGGGATACAA-1,0.000061,0.000122,0.098516,0.901301
AGACCCACCGCTGATC-1,0.000036,0.004658,0.37642,0.618886
AGACCCGCCCTCCTCG-1,0.000041,0.000081,0.014421,0.985457
AGACCGCTCCGCGGTT-1,0.000085,0.768684,0.230893,0.000338
AGACCGGGAAACCCTG-1,0.000045,0.00009,0.016355,0.98351
AGACGAAGTGCCGGTC-1,0.000045,0.554005,0.170063,0.275886
AGACGACGATGCCGCT-1,0.000026,0.000052,0.611071,0.388852
AGACGCCCACTTCGCC-1,0.00002,0.999858,0.00004,0.000081
AGACGGGCCGATTTAA-1,0.000049,0.000098,0.079753,0.9201
AGACTAGCCTTCCAGA-1,0.000051,0.014556,0.000648,0.984746
AGACTGTTACCGGGTC-1,0.000066,0.319286,0.314579,0.366069
AGAGAAACACCAGAAA-1,0.000035,0.651202,0.259361,0.089403
AGAGAACCGTCTAGGA-1,0.000038,0.006056,0.068814,0.925092
AGAGAAGGAGTACAAT-1,0.000036,0.007009,0.555122,0.437833
AGAGATCTCTAAAGCG-1,0.000024,0.000048,0.000048,0.99988
AGAGCAGTTATGAGAC-1,0.000045,0.00009,0.00009,0.999776
AGAGCCGCCGAGATTT-1,0.000058,0.768978,0.230732,0.000232
AGAGCGCTTGTAACGG-1,0.00005,0.022122,0.354751,0.623076
AGAGCGGGCTAATCAT-1,0.000045,0.000091,0.000091,0.999773
AGAGCGTACAAGCTCG-1,0.000061,0.000122,0.022563,0.977253
AGAGGCTTCGGAAACC-1,0.000044,0.628534,0.167639,0.203783
AGAGGGACAATTGTCC-1,0.000051,0.000102,0.000102,0.999744
AGAGTAAACTTCACTA-1,0.000066,0.500238,0.280048,0.219649
AGAGTATAGTGTTACG-1,0.000046,0.042692,0.200738,0.756524
AGAGTCTTAATGAAAG-1,0.000016,0.16472,0.077544,0.757719
AGAGTGAACAGACACC-1,0.000028,0.03804,0.450927,0.511005
AGAGTTAGAGACCGAT-1,0.000058,0.003338,0.022047,0.974557
AGAGTTGCAGGCCTCC-1,0.000046,0.008731,0.161057,0.830166
AGATAACTTCAGGGCC-1,0.000045,0.009341,0.200747,0.789867
AGATAATCACACCTAT-1,0.000031,0.697584,0.28405,0.018334
AGATACCAATAGAACC-1,0.000037,0.852554,0.034837,0.112572
AGATACCAGCACTTCA-1,0.000029,0.000057,0.02379,0.976124
AGATACCGGTGTTCAC-1,0.00004,0.00008,0.057739,0.942141
AGATACGACTTCATAT-1,0.000053,0.000106,0.065202,0.934639
AGATACTCAAGATCGA-1,0.000034,0.081468,0.155981,0.762516
AGATATAATACGACTA-1,0.000061,0.879638,0.120058,0.000243
AGATCGTGCATAAGAT-1,0.000029,0.000058,0.041762,0.958152
AGATCTCAGGTGTGAT-1,0.000032,0.009736,0.000064,0.990168
AGATCTGGAGAGGATA-1,0.000027,0.785076,0.108563,0.106334
AGATGACTCGCCCACG-1,0.000054,0.028894,0.000108,0.970943
AGATGAGGGTTGCGAT-1,0.000045,0.00009,0.037959,0.961906
AGATGATGGAGTCTGG-1,0.000068,0.045798,0.340324,0.61381
AGATGCAAGACGTGCA-1,0.000041,0.107324,0.643219,0.249416
AGATGCATCCTGTGTC-1,0.000027,0.000195,0.276824,0.722953
AGATTATAGGACGTTT-1,0.000062,0.000124,0.237682,0.762132
AGATTCAAGCGGGTCG-1,0.000098,0.114568,0.142388,0.742946
AGATTCACAACCGATA-1,0.00002,0.002728,0.226834,0.770418
AGCAAAGGCCGCTAGT-1,0.000037,0.953703,0.04611,0.00015
AGCAACATATCTTATT-1,0.000043,0.036892,0.498903,0.464162
AGCAACCGAAAGTAAT-1,0.000027,0.005425,0.333714,0.660834
AGCACACGTTTAGACT-1,0.000077,0.413726,0.349226,0.236971
AGCACCAGTACTCACG-1,0.000042,0.012905,0.024262,0.96279
AGCACTACCGGCCTGT-1,0.000065,0.030778,0.000131,0.969026
AGCACTACCTCACCAG-1,0.000062,0.424697,0.301781,0.27346
AGCACTTAAGGACGCC-1,0.000034,0.000069,0.005611,0.994285
AGCAGAAGGAGAAAGA-1,0.000056,0.806748,0.192974,0.000222
AGCAGCCAGATGAATA-1,0.000052,0.046771,0.683514,0.269664
AGCAGTCGAAGCATGC-1,0.00003,0.949177,0.050673,0.00012
AGCATATCAATATGCT-1,0.000105,0.473584,0.211822,0.31449
AGCATCATTTCGAAAG-1,0.000033,0.000065,0.239613,0.760289
AGCATCGTCGATAATT-1,0.000029,0.002516,0.000058,0.997396
AGCATTACGAGGCAAG-1,0.000046,0.792705,0.02109,0.186159
AGCCAAGCTTTGTGTC-1,0.00004,0.781552,0.152017,0.06639
AGCCACAGGTTACCCG-1,0.000072,0.859649,0.080227,0.060052
AGCCACTCCCGTGCTT-1,0.000039,0.015945,0.010499,0.973516
AGCCATATAGTATGTG-1,0.000033,0.934268,0.037283,0.028416
AGCCCATACATGTAAG-1,0.00003,0.009237,0.082189,0.908544
AGCCCGCAACAAGCAG-1,0.000023,0.737131,0.092661,0.170185
AGCCCGCACTACAATG-1,0.00003,0.979659,0.013682,0.006629
AGCCCGGCATTAGAGG-1,0.000057,0.082898,0.775843,0.141202
AGCCCGGTAGCCTGTA-1,0.000066,0.22974,0.56853,0.201664
AGCCCTAAGCGAAGTT-1,0.000057,0.000114,0.000114,0.999715
AGCCCTCCCTGGTGGC-1,0.000061,0.457055,0.344688,0.198196
AGCCCTGTCGCACCGT-1,0.00004,0.080368,0.652785,0.266807
AGCCCTTCTAATCCGA-1,0.000025,0.00005,0.004927,0.994997
AGCCCTTGGACATCCC-1,0.000042,0.995154,0.004637,0.000167
AGCCGCAAATTCAAAT-1,0.00003,0.031876,0.000059,0.968035
AGCCGTGGCTAAATGT-1,0.000039,0.030691,0.394418,0.574852
AGCCTAATACCCACGT-1,0.000024,0.000048,0.058988,0.940939
AGCCTTAAAGCGGAAG-1,0.000082,0.000164,0.045153,0.9546
AGCCTTGTCACTGATA-1,0.000052,0.465657,0.362229,0.172062
AGCGACAGGAACGGTC-1,0.000022,0.000044,0.205751,0.794184
AGCGACATCCCATTCA-1,0.000085,0.00017,0.030155,0.969589
AGCGACCAACGATATT-1,0.000055,0.018344,0.031943,0.949658
AGCGACTTTGAAGACA-1,0.000069,0.64251,0.185784,0.171638
AGCGAGACGTGAAGGC-1,0.00005,0.474094,0.461101,0.064755
AGCGATGCGCCTAATA-1,0.00005,0.934297,0.033083,0.032569
AGCGCATAATGAATCG-1,0.000058,0.175166,0.583764,0.241012
AGCGCGGGTGCCAATG-1,0.000032,0.020091,0.065022,0.914855
AGCGCTAGAGCGATGT-1,0.000025,0.179307,0.310301,0.510367
AGCGCTTATGGGCAAG-1,0.000057,0.000113,0.028988,0.970842
AGCGGACACTTCGTAG-1,0.000069,0.656728,0.294043,0.04916
AGCGGCGGTTAGCGGT-1,0.000025,0.03044,0.264155,0.705379
AGCGGGAAGGGTCCAT-1,0.000103,0.000206,0.000206,0.999484
AGCGGGTCTGACACTC-1,0.000101,0.577449,0.407614,0.014836
AGCGGTTGCCGCTCTG-1,0.000042,0.071136,0.281551,0.64727
AGCGTGGTATTCTACT-1,0.00005,0.00019,0.317035,0.682725
AGCGTTCCGATTTAAA-1,0.000112,0.130474,0.081403,0.788011
AGCTAACAAGCAATGT-1,0.000024,0.045614,0.675495,0.278867
AGCTAAGCTCCGTCCG-1,0.00004,0.900012,0.03025,0.069698
AGCTAAGTACGCAGGC-1,0.000062,0.860535,0.054045,0.085358
AGCTACGAATGGTGGT-1,0.000037,0.882231,0.000074,0.117659
AGCTAGAAGCAGAAGT-1,0.000026,0.001054,0.000052,0.998868
AGCTATTTAATCCAAC-1,0.00006,0.00012,0.036624,0.963196
AGCTCCATATATGTTC-1,0.000047,0.901515,0.092686,0.005752
AGCTCCTTCGCACATC-1,0.00004,0.461215,0.189808,0.348937
AGCTCGTTGATGGAAA-1,0.00004,0.00008,0.209342,0.790538
AGCTCTAGACGTTCCA-1,0.00005,0.000101,0.102471,0.897378
AGCTCTTCCCAGTGCA-1,0.000033,0.018618,0.018074,0.963274
AGCTCTTCGTAACCTT-1,0.000042,0.078149,0.571992,0.349816
AGCTCTTTACTCAGTT-1,0.000038,0.006735,0.018396,0.974831
AGCTGAAGTAAACCAA-1,0.000029,0.012888,0.000057,0.987026
AGCTGCTGTGCCGAAT-1,0.000064,0.057746,0.108911,0.833279
AGCTGTAACCTCAATC-1,0.000056,0.000154,0.566202,0.433588
AGCTTCTTCTCGAGCA-1,0.000034,0.999765,0.000067,0.000134
AGCTTGATCAGGGTAG-1,0.000077,0.531469,0.344611,0.123843
AGCTTGATCTTAACTT-1,0.000095,0.00019,0.316352,0.683363
AGGAACGAACGACTTC-1,0.000028,0.865433,0.019834,0.114705
AGGAAGCTGTCCGCCG-1,0.000036,0.235506,0.436658,0.3278
AGGACAGTCGAATCCC-1,0.000034,0.033724,0.130567,0.835675
AGGACATCGCACGTCG-1,0.000071,0.000142,0.000142,0.999644
AGGACATCGGCACACT-1,0.000036,0.955536,0.009906,0.034522
AGGACGACCCATTAGA-1,0.000049,0.000099,0.096019,0.903833
AGGACGCTCGATGTTG-1,0.000039,0.000078,0.000078,0.999806
AGGAGACATCCACAGT-1,0.000032,0.037047,0.326935,0.635987
AGGAGAGTCTGGCTAC-1,0.000024,0.004077,0.218579,0.77732
AGGAGCGTTTATTATC-1,0.000047,0.919093,0.068484,0.012376
AGGAGGCCTTCGCGCG-1,0.000045,0.589673,0.374433,0.03585
AGGATAAAGTCGGGAT-1,0.000035,0.006394,0.445904,0.547666
AGGATATAGGGATTTA-1,0.000057,0.125438,0.690517,0.183988
AGGATATCCGACTGCA-1,0.00006,0.890287,0.097711,0.011943
AGGATCACGCGATCTG-1,0.000059,0.022809,0.041146,0.935986
AGGATTGCTTACGACA-1,0.000064,0.027485,0.686712,0.285739
AGGCACGTGACTGTCC-1,0.000045,0.93345,0.066323,0.000182
AGGCAGATGCGTAAAC-1,0.000029,0.002534,0.062268,0.935168
AGGCAGGGAGCGTACT-1,0.000045,0.004998,0.720082,0.274875
AGGCATTGTCGTAGGG-1,0.000083,0.460493,0.228046,0.311378
AGGCCACATTGGTTAC-1,0.00003,0.53762,0.398221,0.064129
AGGCCACCCGTTATGA-1,0.000051,0.000101,0.009483,0.990365
AGGCCCATTGTACAGG-1,0.000071,0.000143,0.122981,0.876805
