Barcode,Topic 1,Topic 2,Topic 3,Topic 4to6,Topic 7,Topic 8,Topic 9to10
AAACAAGTATCTCCCA-1,0.568139,0.026609,0.000043,0.000128,0.000043,0.014777,0.390261
AAACAATCTACTAGCA-1,0.000025,0.066644,0.37859,0.296244,0.000025,0.244188,0.014283
AAACACCAATAACTGC-1,0.053905,0.077677,0.00006,0.000181,0.005299,0.027943,0.834936
AAACAGAGCGACTCCT-1,0.000029,0.128287,0.003184,0.549736,0.023476,0.149615,0.145673
AAACAGCTTTCAGAAG-1,0.073455,0.009761,0.079271,0.419833,0.005384,0.042264,0.370032
AAACAGGGTCTATATT-1,0.128956,0.029528,0.051989,0.236904,0.015483,0.015333,0.521809
AAACAGTGTTCCTGGG-1,0.052359,0.08826,0.000022,0.005583,0.36571,0.031067,0.456998
AAACATGGTGAGAGGA-1,0.000029,0.016735,0.429311,0.009444,0.178735,0.011639,0.354107
AAACATTTCCCGGATT-1,0.553696,0.024631,0.000048,0.000145,0.000048,0.011301,0.410131
AAACCACTACACAGAT-1,0.007532,0.011543,0.008132,0.229711,0.310497,0.178748,0.253838
AAACCCGAACGAAATC-1,0.344476,0.001706,0.024873,0.107396,0.014075,0.23074,0.276734
AAACCGGAAATGTTAA-1,0.807019,0.000027,0.000027,0.032985,0.05326,0.000932,0.105751
AAACCGGGTAGGTACC-1,0.064917,0.000026,0.229448,0.262104,0.003407,0.335171,0.104926
AAACCGTTCGTCCAGG-1,0.135107,0.191093,0.000027,0.097506,0.06479,0.108689,0.402786
AAACCTAAGCAGCCGG-1,0.312424,0.120685,0.092602,0.138889,0.015721,0.088762,0.230918
AAACCTCATGAAGTTG-1,0.000074,0.000074,0.07025,0.050932,0.000718,0.094791,0.783161
AAACGAAGAACATACC-1,0.000044,0.160472,0.006812,0.127818,0.032851,0.334078,0.337924
AAACGAAGATGGAGTA-1,0.000063,0.000063,0.246938,0.261381,0.030644,0.000063,0.460847
AAACGACAGTCTTGCC-1,0.000017,0.002933,0.026012,0.39554,0.221239,0.155195,0.199064
AAACGAGACGGTTGAT-1,0.04221,0.005394,0.201116,0.646154,0.000017,0.062035,0.043074
AAACGCCCGAGATCGG-1,0.000039,0.000039,0.000039,0.226231,0.073583,0.083591,0.616479
AAACGCTGGGCACGAC-1,0.897849,0.000028,0.000028,0.072614,0.000028,0.029396,0.000057
AAACGGGCGTACGGGT-1,0.653708,0.080219,0.00004,0.000121,0.00004,0.00004,0.265831
AAACGGTTGCGAACTG-1,0.008808,0.061612,0.000023,0.255587,0.0138,0.271496,0.388674
AAACGTGTTCGCCCTA-1,0.001411,0.008655,0.043791,0.628119,0.135107,0.123097,0.059819
AAACTAACGTGGCGAC-1,0.00172,0.01174,0.03926,0.260816,0.112963,0.081327,0.492175
AAACTCGGTTCGCAAT-1,0.012895,0.235345,0.000029,0.123538,0.008871,0.192943,0.426379
AAACTCGTGATATAAG-1,0.05604,0.067837,0.000514,0.295893,0.008362,0.271262,0.300093
AAACTGCTGGCTCCAA-1,0.065039,0.007673,0.118783,0.632256,0.000625,0.140477,0.035147
AAACTTAATTGCACGC-1,0.058646,0.000144,0.164248,0.19407,0.176887,0.000144,0.405862
AAACTTGCAAACGTAT-1,0.000059,0.20932,0.000059,0.000177,0.025842,0.000059,0.764484
AAAGAATGACCTTAGA-1,0.00003,0.130928,0.21166,0.000089,0.237826,0.00003,0.419437
AAAGAATGTGGACTAA-1,0.86981,0.024776,0.00003,0.000089,0.006448,0.00003,0.098818
AAAGACATGAAGTTTA-1,0.029719,0.157196,0.000032,0.059654,0.194848,0.096789,0.461761
AAAGACCCAAGTCGCG-1,0.000043,0.000043,0.028155,0.161883,0.05434,0.337411,0.418125
AAAGACTGGGCGCTTT-1,0.026271,0.134479,0.00008,0.000239,0.00008,0.00008,0.838771
AAAGCTTGCCTACATA-1,0.002453,0.08476,0.246471,0.512945,0.037245,0.059193,0.056933
AAAGGCCCTATAATAC-1,0.001599,0.000033,0.125966,0.027785,0.019365,0.046656,0.778597
AAAGGCTACGGACCAT-1,0.004478,0.000023,0.025607,0.484356,0.023274,0.034591,0.427671
AAAGGCTCTCGCGCCG-1,0.005706,0.618112,0.000024,0.000071,0.024496,0.002973,0.348619
AAAGGGATGTAGCAAG-1,0.146372,0.082965,0.010415,0.536251,0.000019,0.193977,0.030002
AAAGGGCAGCTTGAAT-1,0.00003,0.108803,0.32992,0.30556,0.00334,0.19869,0.053657
AAAGGTAAGCTGTACC-1,0.000041,0.000041,0.000884,0.350067,0.067165,0.168415,0.413387
AAAGGTCAACGACATG-1,0.033732,0.431232,0.019492,0.141179,0.249354,0.054109,0.070902
AAAGTAGCATTGCTCA-1,0.00484,0.000041,0.070792,0.156566,0.057777,0.251183,0.458801
AAAGTCACTGATGTAA-1,0.000043,0.001131,0.150152,0.300599,0.03463,0.301202,0.212243
AAAGTCGACCCTCAGT-1,0.232087,0.010042,0.000068,0.122979,0.000068,0.026576,0.60818
AAAGTGCCATCAATTA-1,0.99646,0.000019,0.000019,0.000057,0.000019,0.003389,0.000038
AAAGTGTGATTTATCT-1,0.11235,0.127128,0.000048,0.02442,0.000048,0.127353,0.608653
AAAGTTGACTCCCGTA-1,0.056879,0.025011,0.048421,0.201536,0.00626,0.241812,0.420082
AAATAACCATACGGGA-1,0.00003,0.385956,0.005696,0.167764,0.033483,0.099957,0.307114
AAATAAGGTAGTGCCC-1,0.01737,0.00002,0.301228,0.37254,0.061396,0.04787,0.199575
AAATACCTATAAGCAT-1,0.188937,0.05678,0.088905,0.089925,0.000143,0.266601,0.30871
AAATAGCTTAGACTTT-1,0.020578,0.000025,0.149875,0.30493,0.009455,0.270407,0.244731
AAATAGGGTGCTATTG-1,0.171487,0.177035,0.007605,0.135128,0.012972,0.027285,0.468487
AAATCACTCCTAAACG-1,0.000029,0.011518,0.138414,0.711042,0.124503,0.009942,0.004552
AAATCCGATACACGCC-1,0.494547,0.000037,0.000037,0.009406,0.013922,0.007354,0.474696
AAATCGCGGAAGGAGT-1,0.000094,0.016228,0.000094,0.000281,0.174105,0.000094,0.809105
AAATCGTGTACCACAA-1,0.044303,0.00462,0.000044,0.185723,0.025081,0.163655,0.576576
AAATCTAGCCCTGCTA-1,0.503756,0.00005,0.00005,0.000151,0.00005,0.002798,0.493144
AAATCTGCCCGCGTCC-1,0.000023,0.305828,0.116655,0.000069,0.306318,0.000023,0.271085
AAATGACTGATCAAAC-1,0.059208,0.035204,0.024457,0.329284,0.499269,0.027181,0.025396
AAATGATTCGATCAGC-1,0.01469,0.034291,0.000038,0.153565,0.001277,0.58114,0.215
AAATGCTCGTTACGTT-1,0.007725,0.005706,0.157535,0.117855,0.000065,0.25418,0.456935
AAATGGCATGTCTTGT-1,0.000026,0.084577,0.005668,0.47357,0.036821,0.248577,0.150762
AAATGGCCCGTGCCCT-1,0.336322,0.363759,0.00005,0.00015,0.00005,0.00005,0.299619
AAATGGTCAATGTGCC-1,0.001964,0.144634,0.089662,0.382613,0.061362,0.115469,0.204295
AAATGTATCTTATCCC-1,0.021484,0.006256,0.200986,0.01392,0.058497,0.021245,0.677613
AAATGTGGGTGCTCCT-1,0.000027,0.034691,0.172767,0.65286,0.068915,0.057825,0.012915
AAATTAACGGGTAGCT-1,0.010957,0.256582,0.011506,0.547513,0.055795,0.042692,0.074955
AAATTAATAAGCGCGA-1,0.000076,0.033421,0.000076,0.000229,0.066957,0.000076,0.899165
AAATTACACGACTCTG-1,0.009482,0.070021,0.021779,0.396096,0.074855,0.150431,0.277336
AAATTACCTATCGATG-1,0.001803,0.006167,0.002897,0.398796,0.003345,0.469078,0.117915
AAATTCCAGGTCCAAA-1,0.052599,0.052462,0.232999,0.304643,0.002146,0.076878,0.278274
AAATTGATAGTCCTTT-1,0.004749,0.015506,0.111262,0.047568,0.081485,0.255374,0.484056
AAATTGGTGAGAAGCA-1,0.000015,0.110029,0.023874,0.693581,0.108106,0.049812,0.014583
AAATTTACCGAAATCC-1,0.000035,0.021782,0.000035,0.440954,0.036809,0.403059,0.097325
AAATTTGCGGGTGTGG-1,0.000025,0.039111,0.169413,0.483823,0.10838,0.088789,0.110458
AACAACTGGTAGTTGC-1,0.000029,0.000029,0.314983,0.386483,0.127319,0.038411,0.132746
AACAATACATTGTCGA-1,0.000022,0.000022,0.198033,0.443442,0.041811,0.080731,0.23594
AACAATTACTCTACGC-1,0.000022,0.002874,0.431058,0.536695,0.000022,0.029287,0.000043
AACACACGCTCGCCGC-1,0.195364,0.258182,0.26136,0.225484,0.001897,0.014194,0.04352
AACACGACTGTACTGA-1,0.000813,0.000043,0.062758,0.562733,0.015413,0.173401,0.184839
AACACGAGACGCGGCC-1,0.005463,0.049018,0.172059,0.000148,0.018748,0.057919,0.696645
AACACGCGGCCGCGAA-1,0.000047,0.057919,0.190178,0.083508,0.000292,0.425307,0.24275
AACAGCTGTGTGGCAA-1,0.000033,0.167573,0.106953,0.096697,0.105256,0.079935,0.443553
AACAGGAAATCGAATA-1,0.013858,0.239773,0.00003,0.182947,0.077266,0.137823,0.348301
AACAGGATGGGCCGCG-1,0.000036,0.004356,0.150144,0.323177,0.147679,0.314544,0.060064
AACAGGTAGTATGGAT-1,0.529804,0.000063,0.000063,0.000188,0.092851,0.000063,0.376968
AACATAGCGTGTATCG-1,0.556226,0.218847,0.000026,0.000077,0.093298,0.000026,0.1315
AACATATCAACTGGTG-1,0.00002,0.064455,0.021326,0.571491,0.002832,0.306257,0.03362
AACATCGATACGTCTA-1,0.000026,0.055609,0.068828,0.666601,0.038273,0.016529,0.154134
AACATTGAAGTTGATC-1,0.000015,0.021134,0.704154,0.164325,0.000015,0.041441,0.068916
AACATTGTGACTCGAG-1,0.000014,0.033492,0.090953,0.776617,0.01804,0.037567,0.043318
AACCAAGACTTCTCTG-1,0.005307,0.000487,0.500841,0.108428,0.003171,0.27723,0.104537
AACCAGTATCACTCTT-1,0.000055,0.13639,0.000055,0.396642,0.023201,0.06091,0.382747
AACCATAGGGTTGAAC-1,0.030721,0.000144,0.151195,0.05143,0.144107,0.000144,0.622258
AACCATGGGATCGCTA-1,0.000032,0.045809,0.378225,0.340435,0.000032,0.213985,0.021482
AACCCAGAGACGGAGA-1,0.004645,0.180991,0.072045,0.287445,0.072999,0.285887,0.095987
AACCCATCCCATGATC-1,0.064223,0.0001,0.095678,0.022689,0.00821,0.0001,0.809002
AACCCGACAACCCGTG-1,0.032986,0.000026,0.000026,0.092103,0.165326,0.124058,0.585476
AACCCGAGCAGAATCG-1,0.862767,0.000039,0.000039,0.000118,0.008935,0.000039,0.128063
AACCCGATAGGGCTTC-1,0.025325,0.024475,0.010757,0.361823,0.322302,0.145535,0.109783
AACCCGCTGTATTCCA-1,0.070643,0.001795,0.030044,0.459568,0.405129,0.017088,0.015733
AACCCTACTGTCAATA-1,0.039876,0.003863,0.07127,0.256742,0.012573,0.222477,0.393198
AACCCTGGTGGAACCA-1,0.000044,0.211007,0.002515,0.087498,0.021316,0.090505,0.587117
AACCGAGCTTGGTCAT-1,0.025618,0.022594,0.017547,0.432411,0.028303,0.278266,0.195261
AACCGCTAAGGGATGC-1,0.096007,0.000035,0.087094,0.264349,0.002254,0.100445,0.449817
AACCGTTGTGTTTGCT-1,0.000039,0.000039,0.064882,0.657596,0.010809,0.072393,0.194241
AACCTAAAGCCGTCCG-1,0.000032,0.00005,0.005689,0.297424,0.222425,0.171316,0.303064
AACCTCGCTTTAGCCC-1,0.374259,0.163992,0.000041,0.000122,0.002301,0.00139,0.457894
AACCTGTCACGGAATT-1,0.013567,0.251901,0.185117,0.209386,0.189745,0.022227,0.128057
AACCTTTAAATACGGT-1,0.013714,0.008431,0.244879,0.587851,0.000013,0.134761,0.010352
AACCTTTACGACGTCT-1,0.000029,0.611056,0.005776,0.178108,0.003787,0.109959,0.091286
AACGAAAGTCGTCCCA-1,0.000151,0.000151,0.000151,0.000452,0.000151,0.000151,0.998795
AACGACCTCCTAGCCG-1,0.968933,0.020424,0.000017,0.00005,0.000017,0.000129,0.010431
AACGATAATGCCGTAG-1,0.008154,0.041553,0.362964,0.504413,0.000014,0.052997,0.029904
AACGATAGAAGGGCCG-1,0.000029,0.000029,0.1562,0.610179,0.031785,0.132457,0.06932
AACGATATGTCAACTG-1,0.039559,0.047837,0.013699,0.421304,0.075173,0.029254,0.373175
AACGCATGATCTGGGT-1,0.006399,0.365107,0.000032,0.176578,0.000032,0.175823,0.27603
AACGCGAACGGCAACA-1,0.065969,0.413536,0.000075,0.000226,0.000075,0.000075,0.520042
AACGCGACCTTGGGCG-1,0.068223,0.08687,0.07095,0.557065,0.013543,0.160038,0.043311
AACGCGGTCTCCAGCC-1,0.022724,0.301961,0.010679,0.202629,0.065488,0.207897,0.188621
AACGCTGTTGCTGAAA-1,0.572075,0.068358,0.000038,0.13905,0.000038,0.154524,0.065916
AACGGACGTACGTATA-1,0.330592,0.000043,0.009564,0.077644,0.000877,0.080992,0.500288
AACGGCCATCTCCGGT-1,0.000024,0.340044,0.01284,0.223862,0.147522,0.10757,0.168138
AACGTACTGTGGGTAC-1,0.042313,0.006078,0.000972,0.32352,0.081008,0.206867,0.339241
AACGTAGTCTACCCAT-1,0.000039,0.10332,0.396153,0.097235,0.000039,0.236562,0.166652
AACGTCAGACTAGTGG-1,0.000054,0.135013,0.000054,0.099299,0.116288,0.05701,0.592282
AACGTCATCCGGCTTG-1,0.017046,0.000011,0.000017,0.258754,0.634939,0.009314,0.079918
AACGTCGCTGCACTTC-1,0.81566,0.000016,0.032634,0.150267,0.000016,0.001376,0.000032
AACGTGATGAAGGACA-1,0.000031,0.034759,0.007038,0.37612,0.023419,0.249826,0.308806
AACGTGCGAAAGTCTC-1,0.011119,0.115689,0.000024,0.209459,0.017093,0.262313,0.384304
AACGTTCTACCATTGT-1,0.874607,0.000047,0.000047,0.000141,0.000047,0.000047,0.125064
AACTACCCGTTTGTCA-1,0.318582,0.141993,0.001917,0.002592,0.157183,0.000045,0.377688
AACTAGCGTATCGCAC-1,0.000048,0.037143,0.159468,0.123365,0.020127,0.433275,0.226574
AACTAGGCTTGGGTGT-1,0.037819,0.108308,0.009623,0.253788,0.03051,0.23758,0.322371
AACTCAAGTTAATTGC-1,0.036173,0.02058,0.070766,0.320299,0.084823,0.254999,0.21236
AACTCCAGAGCGTGTT-1,0.720914,0.09208,0.000048,0.000144,0.000048,0.016101,0.170666
AACTCCTAATCCCATG-1,0.019972,0.002736,0.000036,0.364672,0.0386,0.432013,0.141971
AACTCGATGGCGCAGT-1,0.00008,0.177664,0.00008,0.005456,0.00008,0.149677,0.666963
AACTCTCAATAGAGCG-1,0.000031,0.000031,0.161372,0.38205,0.024347,0.064903,0.367266
AACTCTCAGTGTGCTC-1,0.002387,0.22276,0.06729,0.253908,0.17598,0.17406,0.103615
AACTGAGGTCAGCGTC-1,0.002299,0.09346,0.000035,0.226403,0.034253,0.46462,0.17893
AACTGAGTTATACTGA-1,0.67648,0.131213,0.076836,0.04963,0.020883,0.007751,0.037208
AACTGATATTAGGCCT-1,0.000023,0.12533,0.135953,0.444597,0.051616,0.057807,0.184673
AACTGGGTCCCGACGT-1,0.000032,0.000032,0.040241,0.362951,0.015404,0.201304,0.380036
AACTGGGTTCGAGCCG-1,0.000045,0.006489,0.000045,0.629738,0.072539,0.057022,0.234121
AACTGGTGTGGGCCTT-1,0.00006,0.00006,0.139275,0.015312,0.110271,0.328154,0.406867
AACTTCTGCGTCTATC-1,0.100657,0.000125,0.000125,0.000375,0.000125,0.000125,0.898468
AACTTGCCCGTATGCA-1,0.000032,0.001559,0.354096,0.403969,0.000355,0.229363,0.010627
AACTTGCGTTCTCGCG-1,0.000145,0.03618,0.000145,0.000435,0.000145,0.109507,0.853443
AACTTTACGGGAGCTT-1,0.020006,0.000129,0.000129,0.000386,0.000129,0.000129,0.979094
AACTTTAGCTGCTGAG-1,0.000054,0.000054,0.011905,0.148462,0.038082,0.506747,0.294695
AACTTTCTCGATCATG-1,0.050256,0.000035,0.000035,0.185796,0.281329,0.040731,0.441818
AAGAAAGTTTGATGGG-1,0.073675,0.00003,0.00003,0.00009,0.277255,0.00003,0.648891
AAGAAATCACCAGATT-1,0.01957,0.061763,0.01749,0.292073,0.258798,0.098198,0.252107
AAGAAGGATCAGTTAG-1,0.000083,0.080581,0.016619,0.228208,0.000083,0.055433,0.618992
AAGACATACGTGGTTT-1,0.851981,0.055215,0.000022,0.000065,0.045408,0.000022,0.047286
AAGACCAAATAACTCA-1,0.025481,0.122283,0.000058,0.000174,0.068075,0.000058,0.78387
AAGACCCAACTGAACA-1,0.011566,0.171913,0.041929,0.633072,0.030004,0.051897,0.05962
AAGACTAACCCGTTGT-1,0.028934,0.441983,0.000084,0.000252,0.000084,0.000084,0.52858
AAGACTCACGCCCACT-1,0.00004,0.00004,0.01513,0.301173,0.210957,0.169845,0.302815
AAGACTGCAAGCTACT-1,0.001812,0.256949,0.012912,0.379173,0.043213,0.139707,0.166234
AAGAGATGAATCGGTA-1,0.000058,0.00272,0.050247,0.003763,0.104557,0.56952,0.269134
AAGAGCTCTTTATCGG-1,0.000172,0.00417,0.186055,0.682944,0.001117,0.05372,0.071822
AAGAGGATGTACGCGA-1,0.000026,0.004214,0.543633,0.198409,0.017374,0.105328,0.131016
AAGAGGCATGGATCGC-1,0.000019,0.088414,0.081804,0.405912,0.00146,0.226018,0.196374
AAGAGGCCCTTTGGAA-1,0.700089,0.040897,0.000048,0.000145,0.000048,0.000048,0.258724
AAGATGGCACCGGACC-1,0.019824,0.084052,0.180405,0.637773,0.029764,0.030015,0.018167
AAGATTGGCGGAACGT-1,0.058848,0.026469,0.010792,0.263165,0.000029,0.155642,0.485056
AAGCACCCTGCGTATC-1,0.141034,0.010142,0.000043,0.017278,0.001223,0.213584,0.616695
AAGCATACTCTCCTGA-1,0.007537,0.000022,0.026152,0.401999,0.005998,0.270041,0.288251
AAGCCACTTGCAGGTA-1,0.000023,0.000023,0.112891,0.000444,0.325181,0.007772,0.553665
AAGCCGAAGCGGTTTA-1,0.36609,0.099993,0.000071,0.000212,0.029836,0.000071,0.503726
AAGCCGCCGTGAAATC-1,0.000021,0.305518,0.210515,0.01042,0.061549,0.042398,0.369578
AAGCCGCTTTACCTTG-1,0.000018,0.000018,0.209857,0.575584,0.200527,0.007084,0.006911
AAGCCGGAGAGCAGGA-1,0.887741,0.000035,0.000035,0.000105,0.009168,0.000035,0.102881
AAGCGCAGGGCTTTGA-1,0.206417,0.252575,0.010869,0.011942,0.03857,0.018813,0.460814
AAGCGGAGTGCGCGCA-1,0.015252,0.024924,0.07093,0.561411,0.197423,0.085561,0.044498
AAGCGGCGTCATGGGT-1,0.00004,0.00004,0.00004,0.330883,0.05489,0.197169,0.416936
AAGCGTCCCTCATCGA-1,0.00004,0.238282,0.061345,0.080916,0.155452,0.062016,0.40195
AAGCTAGATCGAGTAA-1,0.051301,0.207264,0.119951,0.203392,0.019732,0.095668,0.302693
AAGCTATGGATTGACC-1,0.010987,0.119731,0.664674,0.000026,0.190211,0.000009,0.014361
AAGCTCGTGCCAAGTC-1,0.034013,0.000024,0.003188,0.561851,0.019439,0.257745,0.123739
AAGCTCTTTCATGGTG-1,0.227073,0.092465,0.000042,0.032495,0.01045,0.14341,0.494065
AAGGAGAACTTATAAG-1,0.000027,0.126175,0.165212,0.499941,0.000306,0.193747,0.01459
AAGGAGCGGTTGGTGC-1,0.000044,0.017956,0.000044,0.20144,0.133017,0.322915,0.324586
AAGGATCGATCGCTTG-1,0.099336,0.097046,0.000051,0.027593,0.019758,0.107276,0.64894
AAGGATGAGGGACCTC-1,0.023794,0.000041,0.000041,0.134882,0.059108,0.097496,0.684639
AAGGCAGGCTGTCTCC-1,0.200953,0.000557,0.523443,0.01871,0.243206,0.000023,0.013108
AAGGCGCGTAAAGCTT-1,0.036675,0.02835,0.069119,0.581843,0.033554,0.139035,0.111424
AAGGCTGTGCTCATCG-1,0.00003,0.019256,0.00003,0.355193,0.03173,0.200061,0.393701
AAGGGAACGACTGGCT-1,0.000028,0.035515,0.13298,0.095167,0.053935,0.077838,0.604537
AAGGGACAGATTCTGT-1,0.000031,0.000031,0.001038,0.279454,0.000509,0.202079,0.516858
AAGGGACTATGCATTC-1,0.000045,0.000045,0.517359,0.057885,0.01594,0.002875,0.405851
AAGGGTTAGCCATGCG-1,0.999826,0.000019,0.000019,0.000058,0.000019,0.000019,0.000039
AAGGGTTTGATTTCAG-1,0.000088,0.000088,0.055368,0.020133,0.052961,0.089717,0.781644
AAGGTATCCTAATATA-1,0.000022,0.06845,0.0144,0.516637,0.019995,0.32116,0.059336
AAGGTGATAAACCAGC-1,0.091225,0.183647,0.044816,0.177043,0.001197,0.145062,0.357009
AAGTAAGCTTCCAAAC-1,0.000039,0.233163,0.150384,0.191299,0.000674,0.103429,0.321011
AAGTAGAAGACCGGGT-1,0.037727,0.13961,0.018866,0.313276,0.035439,0.241982,0.213099
AAGTAGTGACGCGAGG-1,0.000049,0.000049,0.035449,0.152356,0.092023,0.363433,0.356642
AAGTCAATTGTCGTCA-1,0.206111,0.286902,0.000052,0.000155,0.000052,0.000052,0.506678
AAGTCTAGTAGCTGCC-1,0.020404,0.105032,0.006162,0.592562,0.206455,0.030104,0.039281
AAGTCTTCTGTGGCCT-1,0.000125,0.38072,0.000125,0.000375,0.000125,0.000125,0.618405
AAGTGACGACCGAATT-1,0.00004,0.010981,0.120222,0.11565,0.023076,0.411907,0.318125
AAGTGAGTCGGGTTTA-1,0.023921,0.047614,0.000035,0.125463,0.084126,0.049777,0.669064
AAGTGCAAAGGTAGAC-1,0.057862,0.000097,0.119125,0.210742,0.077132,0.003732,0.53131
AAGTGCCTTGACTGTA-1,0.177672,0.470582,0.143038,0.127268,0.00003,0.020604,0.060806
AAGTGCGTTAGAATCT-1,0.000042,0.000042,0.024452,0.100747,0.060299,0.180237,0.634181
AAGTGCTTCTCTATTG-1,0.000054,0.000054,0.042393,0.035233,0.365628,0.051165,0.505473
AAGTGTTTGGAGACGG-1,0.099239,0.03136,0.015318,0.138915,0.004024,0.025678,0.685466
AAGTTCACTCCAAGCT-1,0.342886,0.013642,0.000064,0.000192,0.000064,0.050694,0.592457
AAGTTCAGTCTGCGTA-1,0.042707,0.046654,0.019749,0.441756,0.034161,0.068163,0.346809
AAGTTCGGCCAACAGG-1,0.000025,0.176752,0.149914,0.382905,0.180061,0.05665,0.053694
AAGTTGTGATGTTATA-1,0.487105,0.04216,0.057869,0.238305,0.116461,0.011422,0.046678
AAGTTTACTAATGGCA-1,0.000067,0.01079,0.000067,0.412902,0.000067,0.208275,0.367832
AAGTTTATGGGCCCAA-1,0.027845,0.000036,0.036187,0.255285,0.048343,0.063748,0.568556
AATAACAACGCTCGGC-1,0.011709,0.007907,0.012834,0.070138,0.097063,0.387969,0.41238
AATAACACTAGAACAA-1,0.000027,0.000027,0.187222,0.152544,0.185235,0.04977,0.425175
AATAACGTCGCGCCCA-1,0.853863,0.000017,0.04543,0.053478,0.030713,0.010643,0.005857
AATAAGTCCTCGAGAC-1,0.000031,0.412194,0.043082,0.217121,0.005776,0.259005,0.062791
AATAATCTTCGTATCG-1,0.512258,0.000024,0.105589,0.173465,0.199571,0.000024,0.00907
AATACAATGTTTCAGG-1,0.000135,0.000135,0.000135,0.000405,0.000135,0.087619,0.911437
AATACCGGAGGGCTGT-1,0.064765,0.097826,0.0758,0.272068,0.019559,0.07793,0.392052
AATACCTGATGTGAAC-1,0.802773,0.000018,0.18466,0.012475,0.000018,0.000018,0.000037
AATAGAACAGAGTGGC-1,0.010743,0.266732,0.022608,0.097054,0.087155,0.003662,0.512046
AATAGAATCTGTTTCA-1,0.11236,0.000035,0.050694,0.164355,0.003708,0.082239,0.586609
AATAGCAAGCCTCCTG-1,0.05732,0.000038,0.00912,0.52886,0.110023,0.114176,0.180463
AATAGCTACCGCGTGC-1,0.02346,0.000044,0.002242,0.415789,0.038585,0.193951,0.325929
AATAGGCACGACCCTT-1,0.010695,0.003179,0.102927,0.004904,0.646409,0.00386,0.228026
AATAGTCCGTCCCGAC-1,0.145087,0.003814,0.000036,0.10709,0.004591,0.112246,0.627136
AATAGTCGCGAGTCGG-1,0.015609,0.055135,0.102285,0.218873,0.000095,0.004883,0.60312
AATATCAAGGTCGGAT-1,0.02678,0.025693,0.22787,0.387743,0.000032,0.307903,0.02398
AATATCCTAGCAAACT-1,0.000051,0.000051,0.675799,0.005356,0.000051,0.022357,0.296334
AATATCGAATCAATGC-1,0.373567,0.335051,0.000052,0.000157,0.002389,0.000052,0.288732
AATATCGAGGGTTCTC-1,0.00003,0.102759,0.094993,0.434256,0.001048,0.117634,0.24928
AATATTGGAGTATTGA-1,0.00004,0.023231,0.459977,0.073649,0.005178,0.193976,0.243949
AATCAGGTTTCATTTA-1,0.000051,0.000051,0.053754,0.131316,0.085169,0.109354,0.620304
AATCATGTAAAGACTC-1,0.321154,0.000064,0.000064,0.036575,0.000064,0.009372,0.632706
AATCCAAGGGCCTGAG-1,0.00003,0.228477,0.033495,0.373713,0.12995,0.110237,0.124098
AATCCATGCAAGGGTG-1,0.117914,0.025521,0.000061,0.105778,0.000061,0.272729,0.477937
AATCCCGCTCAGAGCC-1,0.002758,0.000011,0.052449,0.540478,0.403506,0.000775,0.000022
AATCGAGGTCTCAAGG-1,0.471084,0.023901,0.10057,0.300652,0.1006,0.003164,0.000029
AATCGCCTCAGCGCCA-1,0.000018,0.039316,0.074476,0.587263,0.000018,0.245421,0.053487
AATCGCGCAGAGGACT-1,0.132292,0.000038,0.000038,0.125843,0.02844,0.039898,0.673451
AATCGGGACACTACGA-1,0.000057,0.029737,0.105575,0.20454,0.046177,0.166768,0.447145
AATCGGTATAGCCCTC-1,0.959178,0.040708,0.000014,0.000043,0.000014,0.000014,0.000029
AATCGTGAGCCGAGCA-1,0.214598,0.391608,0.04353,0.250696,0.013051,0.002857,0.083661
AATCTAGGTTTACTTG-1,0.10269,0.005077,0.000089,0.000266,0.000089,0.000089,0.8917
AATCTATGCCGGAGCC-1,0.000038,0.055028,0.009281,0.352923,0.028709,0.21217,0.341852
AATCTCTACTGTGGTT-1,0.067115,0.01563,0.144942,0.34243,0.018995,0.017166,0.393723
AATCTGCGTTGGGACG-1,0.000019,0.047262,0.158739,0.559396,0.003656,0.136397,0.094532
AATCTGGCTTTCTAGT-1,0.01639,0.046323,0.000089,0.000267,0.02566,0.000089,0.911183
AATCTGGGTAGACCCT-1,0.000043,0.135441,0.043763,0.259773,0.077529,0.163257,0.320195
AATGACAGCAATGTCT-1,0.000032,0.26194,0.120871,0.181581,0.019396,0.158946,0.257235
AATGACGTAGGATGTC-1,0.085611,0.502156,0.00109,0.04863,0.001638,0.207885,0.152991
AATGACTGTCAGCCGG-1,0.043735,0.066511,0.066728,0.282705,0.142577,0.069065,0.328679
AATGAGTTCGCATATG-1,0.211421,0.064509,0.000081,0.000244,0.000081,0.107227,0.616436
AATGATGATACGCTAT-1,0.000029,0.002182,0.010653,0.73802,0.036626,0.056869,0.155622
AATGATGCGACTCCTG-1,0.000019,0.05343,0.125056,0.709594,0.000019,0.103442,0.00844
AATGCAACCGGGTACC-1,0.031233,0.005149,0.025397,0.61061,0.031732,0.134747,0.161132
AATGCACCAAGCAATG-1,0.014839,0.032387,0.012817,0.767927,0.000017,0.151731,0.020282
AATGGCCGCCAATGCG-1,0.000017,0.194313,0.003797,0.119283,0.349356,0.194966,0.138266
AATGGTCCACCGTTCA-1,0.000096,0.015821,0.070392,0.000289,0.010243,0.000287,0.902872
AATGGTTCTCACAAGC-1,0.000034,0.330059,0.102478,0.340897,0.034064,0.129416,0.063053
AATGTATGGCACTGTA-1,0.090595,0.000134,0.000134,0.000403,0.004339,0.000134,0.904261
AATGTGCCCGAGGTGT-1,0.000029,0.013,0.286595,0.417937,0.018028,0.159869,0.104542
AATGTGCTAATCTGAG-1,0.000026,0.324094,0.063319,0.081155,0.084689,0.146967,0.29975
AATGTTAAGACCCTGA-1,0.39026,0.188412,0.025931,0.034269,0.357894,0.000027,0.003206
AATGTTGTCGTGAGAC-1,0.945798,0.004034,0.005433,0.014746,0.000021,0.029924,0.000043
AATTAAAGGTCGGCGT-1,0.043718,0.235228,0.012885,0.44595,0.098266,0.064148,0.099805
AATTAACGGATTTCCA-1,0.011626,0.000425,0.10687,0.351304,0.002804,0.339666,0.187306
AATTACGAGACCCATC-1,0.000145,0.000145,0.000145,0.000434,0.100668,0.000145,0.89832
AATTACTCGTACGCTC-1,0.03182,0.043725,0.113415,0.308289,0.00015,0.00015,0.502452
AATTAGCGCTGCAGCG-1,0.018354,0.03755,0.186508,0.731688,0.000013,0.025862,0.000026
AATTATACCCAGCAAG-1,0.550183,0.137928,0.06183,0.111859,0.099457,0.004769,0.033974
AATTCATAAGGGATCT-1,0.015796,0.031617,0.008936,0.333842,0.015709,0.220997,0.373102
AATTCATTGTCATGCA-1,0.179987,0.000174,0.000174,0.000523,0.000174,0.000174,0.818793
AATTCCAAGCATGTAC-1,0.022322,0.150108,0.097748,0.378878,0.013983,0.05973,0.277232
AATTCGATTCGAGGAT-1,0.243567,0.073043,0.015749,0.080984,0.042019,0.023572,0.521067
AATTCTAGAGTTAGGC-1,0.00004,0.00004,0.010434,0.438979,0.00004,0.135407,0.415058
AATTGAACGCTCTGGT-1,0.088647,0.02201,0.014228,0.148458,0.012816,0.153508,0.560332
AATTGCAGCAATCGAC-1,0.719422,0.06506,0.00716,0.004613,0.004931,0.022991,0.175823
AATTGCGTGGATTACA-1,0.029692,0.087133,0.000102,0.000306,0.000102,0.000102,0.882564
AATTGTGGTTGCCAAA-1,0.876786,0.015093,0.000017,0.000077,0.089926,0.000017,0.018084
AATTTGGGACATAGTA-1,0.00003,0.020797,0.00003,0.733337,0.007628,0.214175,0.024003
AATTTGGTTCCAAAGA-1,0.000025,0.210296,0.017701,0.688259,0.012647,0.062804,0.008268
ACAAACCATGCGTCCT-1,0.000061,0.000061,0.02419,0.06744,0.10856,0.000061,0.799628
ACAAACCGACAAGGCG-1,0.000033,0.422853,0.000033,0.000098,0.072542,0.028734,0.475707
ACAAACTCCATCAGAG-1,0.000025,0.027285,0.471542,0.309181,0.191582,0.000373,0.000012
ACAAAGAAGGTAGGCC-1,0.000071,0.428462,0.000071,0.000213,0.09477,0.000071,0.476342
ACAAAGCATGACCTAG-1,0.835512,0.006962,0.045419,0.005308,0.000025,0.012314,0.09446
ACAAATCGCACCGAAT-1,0.094814,0.000036,0.000532,0.15974,0.020793,0.0885,0.635585
ACAAATGGTAGTGTTT-1,0.099479,0.065466,0.001692,0.264457,0.000023,0.431971,0.13691
ACAAATTCAGATCTGA-1,0.000023,0.041977,0.058607,0.787982,0.008794,0.070939,0.031678
ACAACAGCATGAGCTA-1,0.078625,0.000029,0.006651,0.275622,0.025199,0.073789,0.540085
ACAACGGTCCCTGCGA-1,0.000045,0.213164,0.152768,0.01799,0.012252,0.19984,0.40394
ACAAGCAGTGCCTAGC-1,0.000029,0.192957,0.304565,0.098331,0.014743,0.297881,0.091494
ACAAGCTATATGGAAG-1,0.000037,0.040143,0.856794,0.001457,0.032404,0.005079,0.064086
ACAAGGAAATCCGCCC-1,0.025812,0.018602,0.361191,0.392647,0.000014,0.121664,0.08007
ACAAGGACAAGAGGTT-1,0.018915,0.00005,0.018651,0.090179,0.151691,0.186137,0.534378
ACAAGGATGCTTTAGG-1,0.549266,0.03502,0.000049,0.000147,0.000049,0.00107,0.4144
ACAAGGCCTACCAGCC-1,0.001084,0.07674,0.000049,0.09097,0.272822,0.194699,0.363636
ACAAGGGCAGGCTCTG-1,0.042874,0.031488,0.168653,0.697582,0.000014,0.053878,0.005511
ACAAGTAATTGTAAGG-1,0.077497,0.065101,0.000034,0.000102,0.334036,0.000034,0.523196
ACAATAGTCGTACGTT-1,0.057318,0.244759,0.042302,0.000211,0.00007,0.081345,0.573995
ACAATCCATTTAAACC-1,0.000043,0.134082,0.021497,0.299126,0.036175,0.094114,0.414962
ACAATCGATCTTTATA-1,0.000067,0.076868,0.009846,0.242955,0.118777,0.256746,0.29474
ACAATGAATACGGAGA-1,0.000038,0.000038,0.130476,0.204564,0.104796,0.172402,0.387686
ACAATGATTCTTCTAC-1,0.0086,0.001,0.07261,0.762705,0.131774,0.017025,0.006287
ACAATTGTGTCTCTTT-1,0.343855,0.000051,0.047184,0.168324,0.006624,0.140451,0.293511
ACAATTTAGGAGGCTC-1,0.102504,0.050089,0.180573,0.24648,0.033375,0.051665,0.335315
ACAATTTGAGCAGTGG-1,0.009302,0.084797,0.000031,0.140095,0.071351,0.196638,0.497787
ACAATTTGGCCATATT-1,0.432099,0.015635,0.006146,0.002507,0.302135,0.035599,0.205879
ACACAAAGACGGGTGG-1,0.001373,0.042236,0.019755,0.785317,0.093548,0.027527,0.030243
ACACAAATATTCCTAG-1,0.016513,0.072002,0.010965,0.336314,0.352298,0.052402,0.159507
ACACACCAGGACCAGT-1,0.111158,0.004187,0.005151,0.227997,0.000591,0.256324,0.394592
ACACACTTTCTACACG-1,0.123435,0.078727,0.045606,0.477471,0.018995,0.207414,0.048352
ACACATGATCAAATCT-1,0.093388,0.147525,0.00007,0.00021,0.00007,0.00007,0.758668
ACACATTTCCGTAGAC-1,0.102515,0.000283,0.310852,0.416847,0.141989,0.016168,0.011347
ACACCACATAATTAGC-1,0.000017,0.000027,0.304391,0.542267,0.011062,0.095107,0.04713
ACACCCAGCATGCAGC-1,0.075086,0.041759,0.030488,0.277829,0.03888,0.312687,0.223272
ACACCCGAGAAATCCG-1,0.000029,0.35344,0.081016,0.135427,0.062311,0.068561,0.299216
ACACCCGTAAATCTGT-1,0.000019,0.016827,0.023698,0.412466,0.295219,0.176367,0.075405
ACACCGAGCGCTCTTT-1,0.042566,0.14128,0.013059,0.115378,0.000105,0.000105,0.687507
ACACCGGTCTGACCGC-1,0.086649,0.019286,0.000073,0.000218,0.018746,0.000073,0.874956
ACACCTTAAGTAGGGC-1,0.024146,0.200052,0.000049,0.242796,0.131493,0.230166,0.171299
ACACCTTACTACTTGC-1,0.15973,0.000047,0.036489,0.161861,0.00239,0.276129,0.363354
ACACGAGACTCCTTCT-1,0.000019,0.011708,0.004604,0.742898,0.006728,0.127115,0.106927
ACACGGCACTATGCAT-1,0.000063,0.000063,0.000063,0.039322,0.00456,0.508179,0.447751
ACACGGGAACTTAGGG-1,0.002123,0.011897,0.109715,0.657238,0.057143,0.017853,0.144032
ACACGTAGGCCACAAG-1,0.736512,0.000066,0.000066,0.000199,0.000066,0.000066,0.263024
ACACTCCAATGTCACT-1,0.052911,0.114125,0.00367,0.000331,0.00011,0.00011,0.828743
ACACTGATCAAGGTGT-1,0.072884,0.138299,0.010273,0.488464,0.009819,0.058651,0.22161
ACACTGGGACAGTCGT-1,0.794569,0.017019,0.000028,0.062896,0.000028,0.125406,0.000056
ACAGAACTGAGAACAA-1,0.00002,0.00002,0.688793,0.273918,0.00002,0.020212,0.017016
ACAGATTAGGTTAGTG-1,0.00006,0.327585,0.036426,0.180367,0.000459,0.175903,0.279199
ACAGCATAGAGCCAGT-1,0.00003,0.134967,0.110016,0.476242,0.006713,0.20234,0.069691
ACAGCGACATTCTCAT-1,0.775518,0.029307,0.026284,0.089698,0.000039,0.043443,0.035712
ACAGCGCACCCGCAGC-1,0.012694,0.047281,0.003933,0.335563,0.046235,0.187217,0.367077
ACAGGCACGGATCCTT-1,0.814962,0.165226,0.019661,0.000065,0.000022,0.000022,0.000043
ACAGGCTTGCCCGACT-1,0.03346,0.022063,0.259894,0.667983,0.000639,0.009627,0.006335
ACAGGTGGAGGTGAGG-1,0.002313,0.142314,0.008747,0.156899,0.15419,0.058846,0.476691
ACAGGTGTGTTGTTGC-1,0.000046,0.000046,0.555223,0.10125,0.058613,0.074563,0.21026
ACAGTAATACAACTTG-1,0.057744,0.039732,0.000089,0.015171,0.000089,0.000089,0.887084
ACAGTATACCGTGGGA-1,0.000037,0.008871,0.035618,0.466824,0.23294,0.113051,0.142659
ACAGTGCAGCGCATTT-1,0.047786,0.118448,0.179877,0.445335,0.163104,0.04017,0.005281
ACATAAGTCGTGGTGA-1,0.040004,0.000146,0.000146,0.000438,0.037169,0.000146,0.921951
ACATAATAAGGCGGTG-1,0.037194,0.016037,0.080713,0.778133,0.020748,0.056697,0.010477
ACATACAATCAAGCGG-1,0.467822,0.000015,0.226016,0.279714,0.026389,0.000015,0.00003
ACATCAGCTGGGACGC-1,0.036336,0.038642,0.033291,0.293758,0.00896,0.012165,0.576847
ACATCCCGGCCATACG-1,0.012142,0.000022,0.004733,0.750271,0.006867,0.11681,0.109156
ACATCCTGGTAACTGT-1,0.226846,0.023393,0.000044,0.040535,0.000044,0.117528,0.59161
ACATCGATCGTTTACC-1,0.041455,0.542364,0.010406,0.110491,0.050807,0.093179,0.151298
ACATCGCAATATTCGG-1,0.011572,0.025252,0.387614,0.012923,0.315494,0.008542,0.238603
ACATCGGTCAGCCGCG-1,0.017455,0.106941,0.098521,0.303367,0.076731,0.192101,0.204884
ACATCGTATGCAATGG-1,0.024678,0.000036,0.000036,0.128981,0.004877,0.268051,0.573341
ACATCGTTAACCTAGT-1,0.000043,0.05676,0.000043,0.223117,0.051496,0.435392,0.233148
ACATCTCAACGCGTAA-1,0.000057,0.003004,0.000057,0.093079,0.040173,0.206151,0.65748
ACATGCTTACGGCAGC-1,0.00007,0.00007,0.00007,0.00021,0.255967,0.00007,0.743544
ACATGGCGCCAAAGTA-1,0.223784,0.430812,0.001718,0.03113,0.009849,0.035752,0.266956
ACATGGCTCAATTTAG-1,0.047472,0.148475,0.000098,0.254397,0.000098,0.02337,0.52609
ACATTAGTTTATATCC-1,0.053615,0.048908,0.031664,0.820563,0.000015,0.045206,0.00003
ACATTCGCGCGGAATA-1,0.00002,0.046486,0.311774,0.046265,0.18542,0.082668,0.327366
ACATTTGAAACCTAAC-1,0.94436,0.000024,0.035164,0.000071,0.010764,0.000024,0.009593
ACCAAACACCCAGCGA-1,0.000032,0.060878,0.000032,0.178338,0.152571,0.022796,0.585352
ACCAAACTAGAAATCC-1,0.000047,0.284087,0.000047,0.09578,0.000047,0.179901,0.440091
ACCAACACCACACACT-1,0.000028,0.004212,0.000028,0.495095,0.013966,0.316891,0.169781
ACCAACCGCACTCCAC-1,0.79434,0.000046,0.000046,0.005386,0.031077,0.035476,0.133629
ACCAACGCTTATTTAT-1,0.0759,0.071447,0.073715,0.556185,0.000586,0.012811,0.209357
ACCAAGAACGCGTGTC-1,0.000025,0.09754,0.123808,0.439334,0.107774,0.125067,0.106452
ACCAAGTCATCGGCAG-1,0.894804,0.055737,0.002721,0.023709,0.000026,0.022482,0.000521
ACCAATATGCAAGTTA-1,0.025049,0.000027,0.113603,0.431476,0.004774,0.321161,0.10391
ACCACAACTCAGAACA-1,0.01712,0.004127,0.009015,0.452516,0.011717,0.323662,0.181844
ACCACAAGTTTCTATC-1,0.037914,0.01223,0.129965,0.296466,0.088619,0.152212,0.282594
ACCACACGGTTGATGG-1,0.108181,0.143692,0.335252,0.263437,0.149386,0.000017,0.000035
ACCACCAATGTAACAA-1,0.02873,0.007431,0.188213,0.302447,0.002996,0.044201,0.425982
ACCACCCTCTCTTCTA-1,0.079144,0.000037,0.002435,0.180502,0.299144,0.19657,0.242168
ACCACGTGCAGCTATA-1,0.21412,0.016258,0.007164,0.252695,0.000035,0.100612,0.409117
ACCACTGTTCAAGAAG-1,0.064432,0.19193,0.000088,0.111635,0.000088,0.024122,0.607706
ACCAGACCATAACAAC-1,0.04748,0.096444,0.000085,0.000255,0.073511,0.000085,0.782141
ACCAGCCCGGTCTTTG-1,0.028101,0.018332,0.000056,0.393422,0.017498,0.333406,0.209185
ACCAGGAGTGTGATCT-1,0.000061,0.000186,0.03846,0.134265,0.031841,0.430797,0.364391
ACCAGTGCCCGGTCAA-1,0.000032,0.14316,0.000032,0.559658,0.069732,0.037946,0.18944
ACCAGTGCGGGAGACG-1,0.110349,0.03541,0.002354,0.191319,0.000039,0.128566,0.531964
ACCATATCCGCAATAA-1,0.025213,0.056431,0.02534,0.739654,0.019183,0.065236,0.068943
ACCATCGTATATGGTA-1,0.023468,0.018332,0.036745,0.407182,0.071142,0.290697,0.152434
ACCATTAAGGGTGTCA-1,0.072346,0.247482,0.000094,0.130534,0.000094,0.028769,0.520681
ACCCAACGCCCGTGGC-1,0.036876,0.051521,0.127187,0.61151,0.006567,0.087918,0.078422
ACCCACCTACATGCTC-1,0.000042,0.008523,0.325844,0.171875,0.000042,0.394069,0.099604
ACCCATCTTGAGGGTA-1,0.033021,0.242022,0.03166,0.363163,0.079609,0.084172,0.166353
ACCCATTTGTCCCTCT-1,0.147392,0.008857,0.181909,0.65968,0.000015,0.002116,0.000031
ACCCGAGCGAAATTAC-1,0.000025,0.555097,0.032777,0.002049,0.05935,0.050436,0.300265
ACCCGATTGGTTCCGA-1,0.000028,0.000028,0.44777,0.388262,0.016558,0.000934,0.14642
ACCCGGAAACTCCCAG-1,0.034193,0.282058,0.186993,0.21575,0.003453,0.105806,0.171748
ACCCGGAGCACCACAA-1,0.833477,0.042506,0.009697,0.000074,0.064549,0.000025,0.049673
ACCCGGATGACGCATC-1,0.068394,0.059304,0.125248,0.190423,0.000032,0.28801,0.268589
ACCCGGTTACACTTCC-1,0.002135,0.000025,0.088322,0.495434,0.05493,0.155859,0.203295
ACCCGTAGCAGAGAAT-1,0.102111,0.000095,0.066832,0.000284,0.178092,0.000095,0.652491
ACCCGTAGTCTAGTTG-1,0.850334,0.000025,0.000025,0.008889,0.134695,0.000025,0.006008
ACCCGTGTCATCAGTA-1,0.055261,0.000911,0.010512,0.219666,0.019608,0.115023,0.579019
ACCCTATAGGACTGAG-1,0.028869,0.014611,0.000137,0.289478,0.000137,0.183511,0.483257
ACCCTATGCCATATCG-1,0.000026,0.182952,0.063913,0.383431,0.059511,0.111028,0.19914
ACCCTCCCGTCAGGGC-1,0.804213,0.000034,0.03162,0.000103,0.158261,0.000034,0.005733
ACCCTCCCTTGCTATT-1,0.109395,0.057197,0.091316,0.105988,0.005716,0.17321,0.457179
ACCCTGGTAACGCCCT-1,0.000046,0.000211,0.000046,0.249479,0.113013,0.078518,0.558687
ACCCTTCATCTGCGAA-1,0.017987,0.247843,0.0237,0.341888,0.050083,0.245513,0.072986
ACCCTTGCCTGGGTCG-1,0.015409,0.000647,0.012242,0.62835,0.22929,0.025375,0.088687
ACCCTTTAGTTCTCCA-1,0.000031,0.002918,0.003487,0.697705,0.011625,0.240731,0.043504
ACCGAAAGGGCCCTGC-1,0.002119,0.263336,0.139431,0.540142,0.029929,0.016084,0.00896
ACCGAAGAGTCTGGTT-1,0.032679,0.012611,0.10008,0.363682,0.000099,0.050478,0.440371
ACCGACACATCTCCCA-1,0.042927,0.16944,0.111102,0.4148,0.000014,0.245172,0.016545
ACCGACTGAGTCCCAC-1,0.009039,0.051305,0.002789,0.464804,0.016387,0.171332,0.284344
ACCGAGTCTCCTTATT-1,0.556669,0.086481,0.128204,0.000099,0.177293,0.000033,0.051222
ACCGATAGGCATAACC-1,0.644646,0.142137,0.019186,0.132923,0.05809,0.002979,0.00004
ACCGATATTTAATCAT-1,0.503208,0.400028,0.016678,0.018557,0.051821,0.007344,0.002364
ACCGATGGTAGCATCG-1,0.012647,0.000032,0.050056,0.283599,0.013806,0.159429,0.480431
ACCGCAATAACTGCCT-1,0.29497,0.044374,0.012388,0.064012,0.000028,0.150454,0.433775
ACCGCGGTGGAAGTCG-1,0.187138,0.394338,0.000253,0.000129,0.003347,0.000043,0.414753
ACCGCTAGTCATTGGT-1,0.019068,0.098914,0.093099,0.028026,0.49471,0.077998,0.188185
ACCGGGCCTTTGTTGA-1,0.077229,0.184256,0.067989,0.370986,0.011497,0.064616,0.223427
ACCGGTCAGGTACACC-1,0.055443,0.000103,0.04157,0.007945,0.006783,0.000103,0.888052
ACCGGTCTGAGTACGG-1,0.000044,0.000044,0.014287,0.436006,0.027628,0.095445,0.426545
ACCGTCCACTGGGCCC-1,0.000026,0.000026,0.333707,0.205134,0.127484,0.009796,0.323828
ACCGTGACCACGTGGG-1,0.000027,0.020423,0.024194,0.43201,0.134818,0.185274,0.203254
ACCGTTCCCGCTCTGA-1,0.000054,0.243044,0.006707,0.18713,0.012862,0.293397,0.256806
ACCTAAGTACCTTTCA-1,0.000039,0.000039,0.10737,0.134717,0.147613,0.300694,0.309527
ACCTAATCGACTTCCT-1,0.00005,0.012884,0.007782,0.235645,0.169927,0.224045,0.349667
ACCTACAGTATGTGGT-1,0.275685,0.000042,0.000042,0.158418,0.000042,0.134124,0.431647
ACCTACTATAAATCTA-1,0.105234,0.372222,0.005904,0.332734,0.013591,0.035055,0.135261
ACCTCAGCGAGGCGCA-1,0.580819,0.234437,0.098324,0.061391,0.001296,0.023701,0.000031
ACCTCCGCCCTCGCTG-1,0.669178,0.230671,0.050143,0.047497,0.000262,0.002189,0.000061
ACCTCCGTTATTCACC-1,0.000111,0.081784,0.172689,0.395861,0.052818,0.24455,0.052186
ACCTCGAACTTATGCT-1,0.071968,0.00012,0.00012,0.042521,0.00012,0.00012,0.885033
ACCTGCGTGTCATGTT-1,0.01278,0.071188,0.033578,0.032227,0.014197,0.13686,0.699169
ACCTTTCCTTTAGAAG-1,0.035181,0.177794,0.019092,0.204921,0.035009,0.063708,0.464296
ACGAAATGGGCGGCAC-1,0.000032,0.023929,0.298803,0.178433,0.00405,0.288237,0.206514
ACGACCCATGAGTTGC-1,0.972025,0.000028,0.000028,0.011578,0.000028,0.015989,0.000323
ACGACTCTAGGGCCGA-1,0.71823,0.006773,0.020334,0.041509,0.12259,0.017879,0.072686
ACGACTGGTCATACTC-1,0.000017,0.000017,0.242604,0.417344,0.028667,0.098748,0.212603
ACGAGAACCCATCACG-1,0.000029,0.000029,0.523317,0.33361,0.000029,0.051684,0.091301
ACGAGATATTTGCTTA-1,0.000036,0.000036,0.020927,0.472331,0.044327,0.397145,0.065198
ACGAGGATACCACTCT-1,0.004931,0.050074,0.000079,0.000236,0.089392,0.000079,0.85521
ACGAGGTTTACAACGT-1,0.121365,0.053404,0.263065,0.156143,0.000088,0.000504,0.405431
ACGAGTACGGATGCCC-1,0.03498,0.122361,0.000036,0.150555,0.013459,0.434608,0.244
ACGATACATAGAACTA-1,0.056092,0.441369,0.006926,0.151087,0.02069,0.120723,0.203112
ACGATACCTATCCTGA-1,0.000096,0.000096,0.26911,0.0044,0.048521,0.01635,0.661429
ACGATCATACATAGAG-1,0.198025,0.000022,0.005039,0.681157,0.000022,0.100739,0.014995
ACGATCATCTTGTAAA-1,0.008553,0.000031,0.087277,0.222612,0.009965,0.375739,0.295822
ACGATGCATATGTTAT-1,0.047895,0.001571,0.014641,0.204216,0.132927,0.184669,0.414082
ACGATGGATCCGATGC-1,0.011713,0.085853,0.000056,0.103661,0.019945,0.341704,0.437068
ACGCAAACTAATAGAT-1,0.000019,0.000019,0.134962,0.457691,0.063043,0.047775,0.296492
ACGCAATCACTACAGC-1,0.00003,0.137942,0.022249,0.641197,0.016989,0.124402,0.057191
ACGCATAAATGACATG-1,0.027055,0.02974,0.000657,0.318954,0.255955,0.106062,0.261576
ACGCATACGTTTACTA-1,0.625602,0.000054,0.000054,0.000163,0.000054,0.000054,0.374017
ACGCATTCGTGAGTAC-1,0.000018,0.00864,0.080155,0.834582,0.001188,0.072679,0.002738
ACGCCACTCGAAACAG-1,0.111195,0.000968,0.135528,0.25762,0.282546,0.046527,0.165616
ACGCCAGATGATTTCT-1,0.004037,0.000044,0.028104,0.549396,0.045332,0.317144,0.055943
ACGCCAGTGCGTTTGC-1,0.796555,0.040385,0.083321,0.061629,0.000285,0.011474,0.00635
ACGCCCAGCTGTCGAT-1,0.000045,0.17241,0.008707,0.416442,0.000045,0.245469,0.156883
ACGCCGCTAGACGACC-1,0.107177,0.026251,0.036635,0.208209,0.021633,0.401441,0.198655
ACGCGAAGTCAGACGA-1,0.028312,0.000029,0.024313,0.397964,0.0231,0.224868,0.301414
ACGCGCTACACAGGGT-1,0.000081,0.175965,0.031628,0.059336,0.179691,0.13536,0.41794
ACGCGGGCCAAGGACA-1,0.000024,0.00326,0.056454,0.639724,0.072424,0.031412,0.1967
ACGCGTTTCTTAAGAG-1,0.007413,0.000115,0.000115,0.000346,0.041183,0.000115,0.950712
ACGCTACTGAATGGGC-1,0.373665,0.041144,0.197781,0.387368,0.00001,0.00001,0.000021
ACGCTAGTATCAGTGC-1,0.000028,0.119486,0.001734,0.084637,0.219539,0.184526,0.39005
ACGCTAGTGATACACT-1,0.000037,0.000734,0.000037,0.285546,0.003038,0.338851,0.371756
ACGCTGTGAGGCGTAG-1,0.038335,0.251924,0.031104,0.371746,0.032169,0.006979,0.267743
ACGCTTAGTGTCTCTC-1,0.000034,0.170977,0.022333,0.568844,0.036571,0.152397,0.048844
ACGGAACACGAGTGCC-1,0.901227,0.091641,0.000018,0.006951,0.000018,0.00011,0.000036
ACGGAATTTAGCAAAT-1,0.000049,0.388134,0.080194,0.072224,0.007415,0.067193,0.384791
ACGGACGCAGCGACAA-1,0.032903,0.000083,0.000083,0.00025,0.169634,0.000083,0.796963
ACGGACTCTCAAAGCG-1,0.017027,0.021226,0.267742,0.269452,0.000718,0.135548,0.288286
ACGGAGCGCAAATTAC-1,0.000029,0.272048,0.000029,0.275252,0.01523,0.187509,0.249903
ACGGATGGTGCGGATA-1,0.116991,0.081618,0.005357,0.120748,0.002618,0.334895,0.337773
ACGGCACTTGCTTGGG-1,0.000942,0.000388,0.000033,0.117642,0.056615,0.343527,0.480853
ACGGCCAACATGGACT-1,0.000023,0.074331,0.004367,0.406611,0.036419,0.038484,0.439765
ACGGCGACGATGGGAA-1,0.134288,0.000023,0.148647,0.479843,0.000023,0.082974,0.154202
ACGGCGGGTTGCCCTG-1,0.000054,0.369083,0.013899,0.070433,0.000054,0.124867,0.42161
ACGGCTGGATGTAGAA-1,0.045774,0.067535,0.107589,0.233664,0.000083,0.022865,0.52249
ACGGGAGTGTCGGCCC-1,0.000026,0.021996,0.359629,0.138361,0.037417,0.306761,0.13581
ACGGGCGTATGCGACA-1,0.000022,0.013407,0.142508,0.694553,0.021565,0.089682,0.038262
ACGGGTCATGTGACTT-1,0.000108,0.069813,0.135348,0.259051,0.000108,0.037967,0.497606
