Barcode,Topic 1to10,Topic 11,Topic 12to13
AAACAAGTATCTCCCA-1,0.862271,0.136935,0.000795
AAACACCAATAACTGC-1,0.939495,0.000007,0.060498
AAACAGAGCGACTCCT-1,0.972994,0.000008,0.026998
AAACAGCTTTCAGAAG-1,0.787251,0.003425,0.209324
AAACAGGGTCTATATT-1,0.999985,0.000005,0.00001
AAACAGTGTTCCTGGG-1,0.285448,0.714484,0.000068
AAACATGGTGAGAGGA-1,0.779269,0.01158,0.209151
AAACATTTCCCGGATT-1,0.952365,0.008112,0.039522
AAACCACTACACAGAT-1,0.667233,0.003408,0.329359
AAACCCGAACGAAATC-1,0.777371,0.021913,0.200716
AAACCGGAAATGTTAA-1,0.701741,0.112268,0.185991
AAACCGGGTAGGTACC-1,0.999254,0.000006,0.00074
AAACCGTTCGTCCAGG-1,0.000991,0.57389,0.425119
AAACCTAAGCAGCCGG-1,0.431278,0.009594,0.559128
AAACCTCATGAAGTTG-1,0.923682,0.072887,0.003431
AAACGAAGAACATACC-1,0.766272,0.001489,0.232238
AAACGAAGATGGAGTA-1,0.756683,0.010602,0.232714
AAACGACAGTCTTGCC-1,0.37107,0.105091,0.523839
AAACGAGACGGTTGAT-1,0.768103,0.000013,0.231884
AAACGCCCGAGATCGG-1,0.936039,0.00001,0.063951
AAACGCTGGGCACGAC-1,0.854285,0.124717,0.020998
AAACGGGCGTACGGGT-1,0.737873,0.035186,0.226941
AAACGGTTGCGAACTG-1,0.858795,0.050306,0.090899
AAACGTGTTCGCCCTA-1,0.967567,0.006744,0.02569
AAACTAACGTGGCGAC-1,0.810137,0.000014,0.18985
AAACTCGGTTCGCAAT-1,0.682788,0.0502,0.267012
AAACTCGTGATATAAG-1,0.998089,0.000007,0.001905
AAACTGCTGGCTCCAA-1,0.964167,0.014557,0.021276
AAACTTAATTGCACGC-1,0.99999,0.000003,0.000007
AAACTTGCAAACGTAT-1,0.98505,0.00001,0.01494
AAAGAATGACCTTAGA-1,0.243581,0.071702,0.684717
AAAGAATGTGGACTAA-1,0.905923,0.051992,0.042085
AAAGACATGAAGTTTA-1,0.894881,0.009593,0.095526
AAAGACCCAAGTCGCG-1,0.000551,0.576087,0.423361
AAAGACTGGGCGCTTT-1,0.836731,0.001362,0.161907
AAAGCTTGCCTACATA-1,0.921884,0.006296,0.07182
AAAGGCCCTATAATAC-1,0.762086,0.011695,0.226219
AAAGGCTACGGACCAT-1,0.810293,0.000538,0.189169
AAAGGCTCTCGCGCCG-1,0.759742,0.000019,0.240239
AAAGGGATGTAGCAAG-1,0.236596,0.000031,0.763372
AAAGGGCAGCTTGAAT-1,0.084339,0.541457,0.374204
AAAGGTAAGCTGTACC-1,0.973964,0.000009,0.026026
AAAGGTCAACGACATG-1,0.591857,0.046122,0.362021
AAAGTAGCATTGCTCA-1,0.985569,0.001426,0.013005
AAAGTCACTGATGTAA-1,0.000509,0.267446,0.732046
AAAGTCGACCCTCAGT-1,0.841902,0.00298,0.155118
AAAGTGCCATCAATTA-1,0.850401,0.058018,0.091581
AAAGTGTGATTTATCT-1,0.953365,0.000012,0.046622
AAAGTTGACTCCCGTA-1,0.77707,0.050394,0.172536
AAATAACCATACGGGA-1,0.473002,0.030907,0.496091
AAATAAGGTAGTGCCC-1,0.934284,0.045628,0.020088
AAATACCTATAAGCAT-1,0.666173,0.143689,0.190138
AAATAGCTTAGACTTT-1,0.765531,0.00484,0.229629
AAATAGGGTGCTATTG-1,0.576147,0.000015,0.423838
AAATCACTCCTAAACG-1,0.934259,0.000658,0.065083
AAATCCGATACACGCC-1,0.517675,0.035793,0.446532
AAATCGCGGAAGGAGT-1,0.986072,0.010514,0.003414
AAATCGTGTACCACAA-1,0.826787,0.000017,0.173196
AAATCTAGCCCTGCTA-1,0.906885,0.034164,0.058951
AAATCTGCCCGCGTCC-1,0.999233,0.000256,0.000511
AAATGACTGATCAAAC-1,0.812232,0.006352,0.181416
AAATGATTCGATCAGC-1,0.883819,0.003553,0.112628
AAATGGCATGTCTTGT-1,0.97986,0.005316,0.014823
AAATGGCCCGTGCCCT-1,0.999981,0.000006,0.000013
AAATGGTCAATGTGCC-1,0.820555,0.004321,0.175124
AAATGTATCTTATCCC-1,0.926646,0.00639,0.066964
AAATGTGGGTGCTCCT-1,0.000557,0.632208,0.367235
AAATTAACGGGTAGCT-1,0.531219,0.00134,0.467441
AAATTAATAAGCGCGA-1,0.126164,0.168972,0.704863
AAATTACACGACTCTG-1,0.767438,0.002188,0.230375
AAATTACCTATCGATG-1,0.934383,0.005449,0.060167
AAATTCCAGGTCCAAA-1,0.352853,0.200878,0.446269
AAATTGATAGTCCTTT-1,0.940258,0.000012,0.05973
AAATTGGTGAGAAGCA-1,0.978478,0.000006,0.021516
AAATTTACCGAAATCC-1,0.492326,0.00003,0.507643
AAATTTGCGGGTGTGG-1,0.310979,0.086755,0.602266
AACAACTGGTAGTTGC-1,0.08682,0.759403,0.153777
AACAATACATTGTCGA-1,0.130516,0.567975,0.301509
AACAATTACTCTACGC-1,0.677041,0.009642,0.313317
AACACACGCTCGCCGC-1,0.849004,0.054955,0.096041
AACACGACTGTACTGA-1,0.807447,0.014959,0.177594
AACACGAGACGCGGCC-1,0.710405,0.056386,0.233209
AACAGCTGTGTGGCAA-1,0.825901,0.004845,0.169255
AACAGGAAATCGAATA-1,0.986283,0.000013,0.013704
AACAGGATGGGCCGCG-1,0.017685,0.923756,0.058559
AACAGGTAGTATGGAT-1,0.902652,0.008678,0.08867
AACATAGCGTGTATCG-1,0.842688,0.000015,0.157297
AACATATCAACTGGTG-1,0.705227,0.005305,0.289468
AACATCGATACGTCTA-1,0.971863,0.014424,0.013714
AACATTGAAGTTGATC-1,0.827891,0.000022,0.172087
AACATTGTGACTCGAG-1,0.374668,0.071349,0.553983
AACCAAGACTTCTCTG-1,0.975484,0.008551,0.015964
AACCAGTATCACTCTT-1,0.743961,0.101303,0.154737
AACCATAGGGTTGAAC-1,0.891711,0.003904,0.104384
AACCCAGAGACGGAGA-1,0.751579,0.100934,0.147487
AACCCATCCCATGATC-1,0.964431,0.000389,0.035181
AACCCGACAACCCGTG-1,0.100712,0.833008,0.06628
AACCCGAGCAGAATCG-1,0.741157,0.047276,0.211567
AACCCGATAGGGCTTC-1,0.976204,0.000043,0.023753
AACCCGCTGTATTCCA-1,0.926036,0.01049,0.063474
AACCCTACTGTCAATA-1,0.552111,0.038219,0.40967
AACCCTGGTGGAACCA-1,0.94382,0.003094,0.053086
AACCGAGCTTGGTCAT-1,0.272037,0.078157,0.649806
AACCGCTAAGGGATGC-1,0.244047,0.000017,0.755936
AACCGTTGTGTTTGCT-1,0.628219,0.000028,0.371753
AACCTAAAGCCGTCCG-1,0.676645,0.000017,0.323338
AACCTCGCTTTAGCCC-1,0.474349,0.007059,0.518593
AACCTGTCACGGAATT-1,0.959865,0.000007,0.040128
AACCTTTAAATACGGT-1,0.418749,0.268856,0.312395
AACCTTTACGACGTCT-1,0.70297,0.006996,0.290034
AACGAAAGTCGTCCCA-1,0.965438,0.000005,0.034558
AACGACCTCCTAGCCG-1,0.780447,0.042599,0.176954
AACGATAATGCCGTAG-1,0.588071,0.00607,0.405859
AACGATAGAAGGGCCG-1,0.297675,0.01225,0.690075
AACGATATGTCAACTG-1,0.958459,0.029019,0.012522
AACGCATGATCTGGGT-1,0.770437,0.010576,0.218987
AACGCGACCTTGGGCG-1,0.518567,0.0004,0.481033
AACGCGGTCTCCAGCC-1,0.58839,0.000026,0.411584
AACGCTGTTGCTGAAA-1,0.987052,0.000896,0.012052
AACGGACGTACGTATA-1,0.730328,0.044878,0.224793
AACGGCCATCTCCGGT-1,0.000494,0.910675,0.08883
AACGTACTGTGGGTAC-1,0.001263,0.772836,0.225901
AACGTCAGACTAGTGG-1,0.533847,0.255463,0.210691
AACGTCATCCGGCTTG-1,0.14114,0.000045,0.858816
AACGTCGCTGCACTTC-1,0.829219,0.007221,0.16356
AACGTGATGAAGGACA-1,0.851787,0.026629,0.121584
AACGTGCGAAAGTCTC-1,0.999047,0.000005,0.000948
AACGTTATCAGCACCT-1,0.16839,0.549849,0.281761
AACGTTCTACCATTGT-1,0.563404,0.316265,0.120331
AACTACCCGTTTGTCA-1,0.763439,0.000351,0.236211
AACTAGCGTATCGCAC-1,0.455331,0.082727,0.461942
AACTAGGCTTGGGTGT-1,0.852972,0.009703,0.137325
AACTCAAGTTAATTGC-1,0.081115,0.476606,0.442279
AACTCCAGAGCGTGTT-1,0.988304,0.004592,0.007104
AACTCCTAATCCCATG-1,0.461106,0.00002,0.538874
AACTCTCAATAGAGCG-1,0.486038,0.052851,0.461111
AACTCTCAGTGTGCTC-1,0.022757,0.708241,0.269002
AACTGAGGTCAGCGTC-1,0.79693,0.000017,0.203053
AACTGAGTTATACTGA-1,0.995349,0.003535,0.001116
AACTGATATTAGGCCT-1,0.554029,0.048541,0.397429
AACTGGGTCCCGACGT-1,0.958661,0.003955,0.037384
AACTGGGTTCGAGCCG-1,0.430095,0.000042,0.569863
AACTGGTGTGGGCCTT-1,0.000711,0.602039,0.39725
AACTTCTGCGTCTATC-1,0.061392,0.485164,0.453444
AACTTGCCCGTATGCA-1,0.058399,0.00045,0.94115
AACTTTACGGGAGCTT-1,0.347303,0.18278,0.469917
AACTTTAGCTGCTGAG-1,0.392861,0.095809,0.51133
AACTTTCTCGATCATG-1,0.936321,0.000009,0.06367
AAGAAAGTTTGATGGG-1,0.999971,0.00001,0.000019
AAGAAATCACCAGATT-1,0.61663,0.00001,0.383359
AAGACATACGTGGTTT-1,0.961903,0.03794,0.000157
AAGACCAAATAACTCA-1,0.800083,0.00533,0.194587
AAGACCCAACTGAACA-1,0.822204,0.000012,0.177785
AAGACTCACGCCCACT-1,0.648769,0.00002,0.351211
AAGACTGCAAGCTACT-1,0.810457,0.01916,0.170383
AAGAGATGAATCGGTA-1,0.341041,0.131084,0.527875
AAGAGCTCTTTATCGG-1,0.776992,0.005692,0.217315
AAGAGGATGTACGCGA-1,0.9035,0.025596,0.070904
AAGAGGCATGGATCGC-1,0.605408,0.002103,0.392489
AAGAGGCCCTTTGGAA-1,0.997435,0.000525,0.00204
AAGATGGCACCGGACC-1,0.044739,0.955218,0.000043
AAGATTGGCGGAACGT-1,0.518476,0.000298,0.481226
AAGCACCCTGCGTATC-1,0.948741,0.042324,0.008935
AAGCATACTCTCCTGA-1,0.836191,0.022873,0.140936
AAGCCACTTGCAGGTA-1,0.547371,0.087706,0.364923
AAGCCGAAGCGGTTTA-1,0.927487,0.032273,0.04024
AAGCCGCCGTGAAATC-1,0.849279,0.027643,0.123078
AAGCCGCTTTACCTTG-1,0.925384,0.011478,0.063138
AAGCCGGAGAGCAGGA-1,0.962019,0.017631,0.020351
AAGCGCAGGGCTTTGA-1,0.995078,0.000006,0.004915
AAGCGGAGTGCGCGCA-1,0.999464,0.000322,0.000214
AAGCGGCGTCATGGGT-1,0.805216,0.016261,0.178523
AAGCGTCCCTCATCGA-1,0.8999,0.00076,0.09934
AAGCTAGATCGAGTAA-1,0.756509,0.130214,0.113277
AAGCTATGGATTGACC-1,0.757766,0.012114,0.23012
AAGCTCGTGCCAAGTC-1,0.08426,0.015398,0.900341
AAGCTCTTTCATGGTG-1,0.909207,0.020802,0.06999
AAGGAGAACTTATAAG-1,0.200841,0.162254,0.636905
AAGGAGCGGTTGGTGC-1,0.89831,0.000011,0.10168
AAGGATCGATCGCTTG-1,0.872381,0.009165,0.118454
AAGGATGAGGGACCTC-1,0.84127,0.039339,0.119391
AAGGCAGGCTGTCTCC-1,0.86147,0.126572,0.011958
AAGGCGCGTAAAGCTT-1,0.519844,0.14326,0.336895
AAGGCTGTGCTCATCG-1,0.379675,0.22315,0.397175
AAGGGAACGACTGGCT-1,0.719509,0.047289,0.233202
AAGGGACAGATTCTGT-1,0.233728,0.192099,0.574173
AAGGGACTATGCATTC-1,0.547471,0.094857,0.357672
AAGGGTTAGCCATGCG-1,0.771336,0.009289,0.219375
AAGGGTTTGATTTCAG-1,0.912976,0.000013,0.087011
AAGGTATCCTAATATA-1,0.839938,0.088393,0.071669
AAGGTGATAAACCAGC-1,0.648116,0.021242,0.330642
AAGTAGAAGACCGGGT-1,0.115989,0.266991,0.61702
AAGTAGTGACGCGAGG-1,0.117997,0.808051,0.073952
AAGTCAATTGTCGTCA-1,0.942774,0.016929,0.040297
AAGTCTAGTAGCTGCC-1,0.975215,0.010723,0.014062
AAGTCTTCTGTGGCCT-1,0.999987,0.000004,0.000009
AAGTGACGACCGAATT-1,0.798418,0.000021,0.201561
AAGTGAGTCGGGTTTA-1,0.301596,0.121995,0.57641
AAGTGCAAAGGTAGAC-1,0.744386,0.08818,0.167433
AAGTGCCTTGACTGTA-1,0.822034,0.000013,0.177952
AAGTGCGTTAGAATCT-1,0.719868,0.000015,0.280118
AAGTGCTTCTCTATTG-1,0.857789,0.087551,0.05466
AAGTGTTTGGAGACGG-1,0.000324,0.000032,0.999643
AAGTTCACTCCAAGCT-1,0.929904,0.005175,0.064921
AAGTTCAGTCTGCGTA-1,0.998704,0.000821,0.000475
AAGTTCGGCCAACAGG-1,0.295135,0.153013,0.551853
AAGTTGTGATGTTATA-1,0.794514,0.132967,0.072519
AAGTTTACTAATGGCA-1,0.201074,0.02233,0.776596
AAGTTTATGGGCCCAA-1,0.739245,0.000011,0.260744
AATAACAACGCTCGGC-1,0.266,0.083252,0.650748
AATAACACTAGAACAA-1,0.023835,0.663105,0.31306
AATAACGTCGCGCCCA-1,0.460283,0.222709,0.317008
AATAAGTCCTCGAGAC-1,0.804549,0.000021,0.19543
AATAATCTTCGTATCG-1,0.955157,0.043182,0.001661
AATACAATGTTTCAGG-1,0.951208,0.000007,0.048785
AATACCGGAGGGCTGT-1,0.109765,0.599912,0.290323
AATACCTGATGTGAAC-1,0.713146,0.104641,0.182213
AATAGAACAGAGTGGC-1,0.000448,0.642226,0.357326
AATAGAATCTGTTTCA-1,0.74807,0.007511,0.244419
AATAGCAAGCCTCCTG-1,0.69816,0.00653,0.295309
AATAGCTACCGCGTGC-1,0.394702,0.074036,0.531262
AATAGGCACGACCCTT-1,0.859922,0.019115,0.120963
AATAGTCCGTCCCGAC-1,0.948663,0.001018,0.050319
AATAGTCGCGAGTCGG-1,0.914715,0.007984,0.0773
AATATCCTAGCAAACT-1,0.377264,0.066506,0.556231
AATATCGAATCAATGC-1,0.883851,0.001813,0.114336
AATATCGAGGGTTCTC-1,0.904672,0.004175,0.091153
AATATTGGAGTATTGA-1,0.13716,0.000045,0.862794
AATCAGGTTTCATTTA-1,0.93646,0.005268,0.058273
AATCATGTAAAGACTC-1,0.807859,0.091612,0.100528
AATCCAAGGGCCTGAG-1,0.000499,0.764834,0.234666
AATCCCGCTCAGAGCC-1,0.531131,0.062045,0.406824
AATCGAGGTCTCAAGG-1,0.78094,0.009364,0.209696
AATCGCCTCAGCGCCA-1,0.76434,0.066086,0.169574
AATCGCGCAGAGGACT-1,0.824182,0.013485,0.162334
AATCGGGACACTACGA-1,0.64922,0.000027,0.350753
AATCGGTATAGCCCTC-1,0.943268,0.056696,0.000036
AATCGTGAGCCGAGCA-1,0.790335,0.045645,0.16402
AATCTAGGTTTACTTG-1,0.979855,0.000624,0.019521
AATCTATGCCGGAGCC-1,0.755631,0.197656,0.046713
AATCTCTACTGTGGTT-1,0.275392,0.000024,0.724584
AATCTGCGTTGGGACG-1,0.976853,0.000009,0.023138
AATCTGGCTTTCTAGT-1,0.9669,0.000011,0.033089
AATCTGGGTAGACCCT-1,0.749787,0.000024,0.250189
AATGACAGCAATGTCT-1,0.746363,0.006852,0.246784
AATGACGTAGGATGTC-1,0.068094,0.058015,0.873891
AATGACTGTCAGCCGG-1,0.197189,0.035648,0.767163
AATGATGATACGCTAT-1,0.254775,0.035116,0.710108
AATGATGCGACTCCTG-1,0.720917,0.059818,0.219265
AATGCAACCGGGTACC-1,0.692018,0.027504,0.280478
AATGCACCAAGCAATG-1,0.533643,0.046057,0.4203
AATGGCCGCCAATGCG-1,0.817169,0.000963,0.181868
AATGGTCCACCGTTCA-1,0.861288,0.006886,0.131825
AATGGTTCTCACAAGC-1,0.708259,0.138978,0.152763
AATGTATGGCACTGTA-1,0.739489,0.016053,0.244458
AATGTGCCCGAGGTGT-1,0.840189,0.000016,0.159796
AATGTGCTAATCTGAG-1,0.972479,0.005101,0.02242
AATGTTAAGACCCTGA-1,0.983817,0.009977,0.006206
AATGTTGTCGTGAGAC-1,0.782909,0.104449,0.112642
AATTAAAGGTCGGCGT-1,0.817906,0.000012,0.182082
AATTAACGGATTTCCA-1,0.81398,0.016764,0.169256
AATTACGAGACCCATC-1,0.92436,0.000007,0.075632
AATTAGCGCTGCAGCG-1,0.634494,0.101012,0.264494
AATTATACCCAGCAAG-1,0.97746,0.000011,0.022529
AATTCATAAGGGATCT-1,0.985719,0.004033,0.010248
AATTCATTGTCATGCA-1,0.817671,0.015484,0.166845
AATTCCAAGCATGTAC-1,0.894016,0.000113,0.105871
AATTCGATTCGAGGAT-1,0.962291,0.013273,0.024436
AATTCTAGAGTTAGGC-1,0.90984,0.017421,0.072739
AATTGAACGCTCTGGT-1,0.229027,0.025581,0.745392
AATTGCAGCAATCGAC-1,0.843579,0.065876,0.090545
AATTGCGTGGATTACA-1,0.680907,0.064418,0.254674
AATTGTGGTTGCCAAA-1,0.990468,0.005749,0.003783
AATTTGGGACATAGTA-1,0.766232,0.000019,0.23375
AATTTGGTTCCAAAGA-1,0.645785,0.000022,0.354193
ACAAACCATGCGTCCT-1,0.840789,0.005801,0.15341
ACAAACCGACAAGGCG-1,0.963406,0.000009,0.036585
ACAAACTCCATCAGAG-1,0.144077,0.855688,0.000235
ACAAAGAAGGTAGGCC-1,0.452208,0.02511,0.522682
ACAAAGCATGACCTAG-1,0.853,0.069641,0.077359
ACAAATCGCACCGAAT-1,0.382652,0.014062,0.603286
ACAAATGGTAGTGTTT-1,0.440409,0.04436,0.515231
ACAAATTCAGATCTGA-1,0.408788,0.002871,0.58834
ACAACAGCATGAGCTA-1,0.754403,0.064397,0.181199
ACAACGGTCCCTGCGA-1,0.347573,0.258606,0.393821
ACAAGCAGTGCCTAGC-1,0.812177,0.000013,0.18781
ACAAGCTATATGGAAG-1,0.772077,0.018837,0.209086
ACAAGGAAATCCGCCC-1,0.671332,0.007368,0.3213
ACAAGGACAAGAGGTT-1,0.315468,0.157036,0.527496
ACAAGGATGCTTTAGG-1,0.634694,0.044633,0.320673
ACAAGGCCTACCAGCC-1,0.918337,0.000011,0.081652
ACAAGGGCAGGCTCTG-1,0.926575,0.00001,0.073415
ACAAGTAATTGTAAGG-1,0.398748,0.125722,0.47553
ACAATAGTCGTACGTT-1,0.712881,0.074433,0.212686
ACAATCCATTTAAACC-1,0.010183,0.929673,0.060144
ACAATCGATCTTTATA-1,0.000644,0.107042,0.892314
ACAATGAATACGGAGA-1,0.980154,0.000012,0.019834
ACAATGATTCTTCTAC-1,0.964083,0.021149,0.014769
ACAATTGTGTCTCTTT-1,0.667817,0.129764,0.202419
ACAATTTAGGAGGCTC-1,0.817885,0.014014,0.168101
ACAATTTGAGCAGTGG-1,0.702636,0.010773,0.286591
ACAATTTGGCCATATT-1,0.999975,0.000008,0.000017
ACACAAAGACGGGTGG-1,0.381857,0.000024,0.618119
ACACAAATATTCCTAG-1,0.916505,0.006887,0.076608
ACACACCAGGACCAGT-1,0.53628,0.038111,0.425609
ACACACTTTCTACACG-1,0.87168,0.055879,0.072442
ACACATGATCAAATCT-1,0.414301,0.013034,0.572665
ACACATTTCCGTAGAC-1,0.915798,0.000215,0.083987
ACACCACATAATTAGC-1,0.569118,0.003023,0.427859
ACACCCAGCATGCAGC-1,0.868903,0.008466,0.122631
ACACCCGAGAAATCCG-1,0.725959,0.151463,0.122578
ACACCCGTAAATCTGT-1,0.750016,0.000017,0.249967
ACACCGAGCGCTCTTT-1,0.98967,0.000006,0.010324
ACACCGGTCTGACCGC-1,0.663135,0.039402,0.297463
ACACCTTAAGTAGGGC-1,0.000633,0.646273,0.353094
ACACCTTACTACTTGC-1,0.925377,0.007288,0.067335
ACACGAGACTCCTTCT-1,0.863002,0.015755,0.121243
ACACGGCACTATGCAT-1,0.552725,0.012829,0.434446
ACACGGGAACTTAGGG-1,0.808028,0.000041,0.191931
ACACGTAGGCCACAAG-1,0.994747,0.005241,0.000012
ACACTCCAATGTCACT-1,0.00048,0.612059,0.387461
ACACTGATCAAGGTGT-1,0.000522,0.174266,0.825212
ACACTGGGACAGTCGT-1,0.994893,0.002909,0.002198
ACAGAACTGAGAACAA-1,0.598121,0.046145,0.355734
ACAGATTAGGTTAGTG-1,0.505589,0.006169,0.488242
ACAGCATAGAGCCAGT-1,0.722034,0.00002,0.277946
ACAGCGACATTCTCAT-1,0.913855,0.002742,0.083403
ACAGCGCACCCGCAGC-1,0.615935,0.020092,0.363974
ACAGGCACGGATCCTT-1,0.945182,0.001386,0.053432
ACAGGCTTGCCCGACT-1,0.864501,0.000013,0.135486
ACAGGTGGAGGTGAGG-1,0.001047,0.729993,0.26896
ACAGGTGTGTTGTTGC-1,0.999986,0.000005,0.000009
ACAGTAATACAACTTG-1,0.431254,0.102341,0.466405
ACAGTATACCGTGGGA-1,0.930914,0.011483,0.057603
ACAGTGCAGCGCATTT-1,0.474204,0.002348,0.523448
ACATAAGTCGTGGTGA-1,0.961308,0.001449,0.037243
ACATAATAAGGCGGTG-1,0.452222,0.005054,0.542723
ACATACAATCAAGCGG-1,0.702953,0.166308,0.13074
ACATCAGCTGGGACGC-1,0.384089,0.006962,0.608949
ACATCCCGGCCATACG-1,0.978236,0.000013,0.021751
ACATCCTGGTAACTGT-1,0.003409,0.058545,0.938047
ACATCGATCGTTTACC-1,0.901549,0.040181,0.05827
ACATCGCAATATTCGG-1,0.64866,0.00293,0.34841
ACATCGGTCAGCCGCG-1,0.051511,0.804026,0.144462
ACATCGTATGCAATGG-1,0.351918,0.000018,0.648064
ACATCGTTAACCTAGT-1,0.724558,0.000039,0.275403
ACATCTCAACGCGTAA-1,0.189615,0.28133,0.529054
ACATGCTTACGGCAGC-1,0.78967,0.01879,0.191539
ACATGGCGCCAAAGTA-1,0.719465,0.000941,0.279594
ACATTAGTTTATATCC-1,0.685925,0.000038,0.314037
ACATTCGCGCGGAATA-1,0.253831,0.003807,0.742362
ACATTTGAAACCTAAC-1,0.808978,0.047064,0.143958
ACCAAACACCCAGCGA-1,0.834128,0.020105,0.145767
ACCAAACTAGAAATCC-1,0.832912,0.005798,0.161289
ACCAACACCACACACT-1,0.878977,0.020587,0.100435
ACCAACCGCACTCCAC-1,0.786944,0.020745,0.192311
ACCAACGCTTATTTAT-1,0.322799,0.398566,0.278635
ACCAAGAACGCGTGTC-1,0.002074,0.234877,0.76305
ACCAAGTCATCGGCAG-1,0.447577,0.159907,0.392516
ACCAATATGCAAGTTA-1,0.9223,0.000009,0.077691
ACCACAACTCAGAACA-1,0.947547,0.000047,0.052406
ACCACAAGTTTCTATC-1,0.731461,0.027361,0.241179
ACCACACGGTTGATGG-1,0.708835,0.051042,0.240124
ACCACCAATGTAACAA-1,0.682409,0.048969,0.268623
ACCACCCTCTCTTCTA-1,0.976038,0.000007,0.023956
ACCACGTGCAGCTATA-1,0.496869,0.184009,0.319122
ACCAGACCATAACAAC-1,0.911163,0.000006,0.088831
ACCAGCCCGGTCTTTG-1,0.403706,0.000041,0.596252
ACCAGGAGTGTGATCT-1,0.000806,0.352173,0.647021
ACCAGTGCCCGGTCAA-1,0.397986,0.008348,0.593666
ACCAGTGCGGGAGACG-1,0.676726,0.129113,0.194162
ACCATATCCGCAATAA-1,0.347018,0.005136,0.647846
ACCATCCGCCAACTAG-1,0.597609,0.007374,0.395017
ACCATCGTATATGGTA-1,0.001361,0.831741,0.166897
ACCATTAAGGGTGTCA-1,0.861849,0.000016,0.138135
ACCCAACGCCCGTGGC-1,0.962151,0.004552,0.033297
ACCCACCTACATGCTC-1,0.006786,0.608834,0.384381
ACCCATCTTGAGGGTA-1,0.430814,0.2986,0.270586
ACCCATTTGTCCCTCT-1,0.997136,0.002854,0.00001
ACCCGAGCGAAATTAC-1,0.709887,0.005578,0.284535
ACCCGATTGGTTCCGA-1,0.639996,0.000021,0.359982
ACCCGGAAACTCCCAG-1,0.831632,0.097567,0.070801
ACCCGGAGCACCACAA-1,0.999987,0.000004,0.000009
ACCCGGATGACGCATC-1,0.300806,0.005664,0.69353
ACCCGGTTACACTTCC-1,0.279312,0.000047,0.720641
ACCCGTAGCAGAGAAT-1,0.768596,0.024739,0.206664
ACCCGTAGTCTAGTTG-1,0.913028,0.020164,0.066808
ACCCGTGTCATCAGTA-1,0.767578,0.000021,0.232401
ACCCTATGCCATATCG-1,0.000407,0.98546,0.014132
ACCCTCCCGTCAGGGC-1,0.827382,0.013227,0.159391
ACCCTCCCTTGCTATT-1,0.729434,0.011014,0.259552
ACCCTGGTAACGCCCT-1,0.890024,0.000013,0.109963
ACCCTTCATCTGCGAA-1,0.938347,0.000016,0.061637
ACCCTTGCCTGGGTCG-1,0.935427,0.011973,0.052599
ACCCTTTAGTTCTCCA-1,0.832129,0.019843,0.148028
ACCGAAAGGGCCCTGC-1,0.254122,0.301395,0.444483
ACCGAAGAGTCTGGTT-1,0.816315,0.003211,0.180474
ACCGACACATCTCCCA-1,0.334981,0.154424,0.510594
ACCGACTGAGTCCCAC-1,0.443951,0.002976,0.553073
ACCGAGTCTCCTTATT-1,0.918537,0.007714,0.07375
ACCGATAGGCATAACC-1,0.62608,0.000146,0.373775
ACCGATATTTAATCAT-1,0.842027,0.004083,0.153889
ACCGATGGTAGCATCG-1,0.548559,0.06912,0.382321
ACCGCAATAACTGCCT-1,0.424692,0.059191,0.516117
ACCGCGGTGGAAGTCG-1,0.654638,0.000016,0.345346
ACCGCTAGTCATTGGT-1,0.776023,0.000017,0.22396
ACCGGGCCTTTGTTGA-1,0.436373,0.124649,0.438979
ACCGGTCAGGTACACC-1,0.791841,0.000006,0.208153
ACCGGTCTGAGTACGG-1,0.833673,0.003594,0.162733
ACCGTCCACTGGGCCC-1,0.846774,0.002003,0.151222
ACCGTGACCACGTGGG-1,0.032655,0.518175,0.44917
ACCGTTCCCGCTCTGA-1,0.676562,0.000024,0.323414
ACCTAAGTACCTTTCA-1,0.987303,0.00001,0.012687
ACCTAATCGACTTCCT-1,0.000487,0.219854,0.779659
ACCTACAGTATGTGGT-1,0.917313,0.009511,0.073176
ACCTACTATAAATCTA-1,0.912221,0.019804,0.067975
ACCTCAGCGAGGCGCA-1,0.999919,0.000027,0.000054
ACCTCCGCCCTCGCTG-1,0.966682,0.000012,0.033307
ACCTCCGTTATTCACC-1,0.457267,0.03535,0.507383
ACCTCGAACTTATGCT-1,0.758552,0.00998,0.231468
ACCTGCGTGTCATGTT-1,0.912237,0.015028,0.072735
ACCTTTCCTTTAGAAG-1,0.456828,0.06893,0.474242
ACGAAATGGGCGGCAC-1,0.632637,0.001042,0.366321
ACGACCCATGAGTTGC-1,0.897456,0.096136,0.006408
ACGACTCTAGGGCCGA-1,0.94581,0.044916,0.009273
ACGACTGGTCATACTC-1,0.862472,0.10375,0.033778
ACGAGATATTTGCTTA-1,0.955278,0.002572,0.042149
ACGAGGATACCACTCT-1,0.685918,0.000015,0.314067
ACGAGGTTTACAACGT-1,0.751542,0.020486,0.227972
ACGAGTACGGATGCCC-1,0.746053,0.092064,0.161883
ACGATACATAGAACTA-1,0.781591,0.140033,0.078376
ACGATACCTATCCTGA-1,0.858798,0.000013,0.141189
ACGATCATACATAGAG-1,0.578626,0.052163,0.369211
ACGATCATCTTGTAAA-1,0.009871,0.050341,0.939787
ACGATGCATATGTTAT-1,0.000406,0.858542,0.141052
ACGATGGATCCGATGC-1,0.78721,0.009695,0.203095
ACGCAAACTAATAGAT-1,0.000468,0.842776,0.156755
ACGCAATCACTACAGC-1,0.040786,0.139782,0.819432
ACGCATAAATGACATG-1,0.821898,0.054661,0.123441
ACGCATACGTTTACTA-1,0.999116,0.000316,0.000568
ACGCATTCGTGAGTAC-1,0.657316,0.046936,0.295747
ACGCCACTCGAAACAG-1,0.947962,0.000585,0.051453
ACGCCAGATGATTTCT-1,0.714402,0.004439,0.281159
ACGCCAGTGCGTTTGC-1,0.99788,0.002103,0.000017
ACGCCCAGCTGTCGAT-1,0.408487,0.015882,0.575631
ACGCCGCTAGACGACC-1,0.759766,0.000016,0.240218
ACGCGAAGTCAGACGA-1,0.938318,0.000014,0.061667
ACGCGCTACACAGGGT-1,0.629046,0.083262,0.287692
ACGCGGGCCAAGGACA-1,0.826042,0.009089,0.164869
ACGCGTTTCTTAAGAG-1,0.821438,0.006744,0.171817
ACGCTACTGAATGGGC-1,0.958325,0.001667,0.040008
ACGCTAGTATCAGTGC-1,0.836814,0.039911,0.123275
ACGCTAGTGATACACT-1,0.156706,0.071646,0.771648
ACGCTGTGAGGCGTAG-1,0.842559,0.000012,0.157429
ACGCTTAGTGTCTCTC-1,0.528331,0.023116,0.448553
ACGGAACACGAGTGCC-1,0.999977,0.000008,0.000015
ACGGACGCAGCGACAA-1,0.869027,0.000012,0.130961
ACGGACTCTCAAAGCG-1,0.848104,0.00283,0.149066
ACGGAGCGCAAATTAC-1,0.819004,0.018081,0.162915
ACGGATGGTGCGGATA-1,0.745201,0.000375,0.254424
ACGGCACTTGCTTGGG-1,0.421171,0.004394,0.574435
ACGGCCAACATGGACT-1,0.691214,0.164124,0.144663
ACGGCGACGATGGGAA-1,0.833861,0.00424,0.161899
ACGGCTGGATGTAGAA-1,0.906718,0.006861,0.086421
ACGGGAGTGTCGGCCC-1,0.697039,0.018356,0.284604
ACGGGCGTATGCGACA-1,0.973023,0.000329,0.026649
ACGGGTCATGTGACTT-1,0.730769,0.000731,0.2685
ACGGGTTGTGACCTGT-1,0.719632,0.022701,0.257668
ACGGTACAGTTCAATG-1,0.946329,0.038641,0.015031
ACGGTCACCGAGAACA-1,0.631352,0.000019,0.368629
ACGTACAGATTTCTCT-1,0.873901,0.000019,0.12608
ACGTACTTTGGCACGG-1,0.930239,0.00001,0.069751
ACGTAGATTGCTGATG-1,0.841111,0.000021,0.158868
ACGTAGGAGAGTCGCT-1,0.249863,0.152314,0.597823
ACGTATTACTCCGATC-1,0.708133,0.005523,0.286344
ACGTCCTAAACGAGAT-1,0.000578,0.504186,0.495236
ACGTCGGGCAACTCGG-1,0.9997,0.000009,0.00029
ACGTCTCGTTCCGGGA-1,0.962731,0.000007,0.037262
ACGTGACAAAGTAAGT-1,0.83234,0.016255,0.151405
ACGTGCGCCTCGTGCA-1,0.851592,0.000021,0.148387
ACGTGGTCGAATGTGC-1,0.745181,0.003535,0.251284
ACGTTAATGTCGAAGA-1,0.44497,0.017107,0.537923
ACGTTAGATTTGCCCG-1,0.179626,0.332883,0.487491
ACGTTATTGGTCACTC-1,0.872655,0.008423,0.118923
ACGTTCACTATGCCGC-1,0.087103,0.121455,0.791442
ACGTTCCGCGCTCCGT-1,0.000389,0.499546,0.500065
ACGTTCGCAATCAATT-1,0.812347,0.001587,0.186066
ACGTTCGTTCAGGAAA-1,0.401607,0.598253,0.00014
ACGTTCTGTACAAGTC-1,0.660227,0.037221,0.302552
ACGTTGTCGTTGAAAG-1,0.904579,0.001108,0.094313
ACGTTTAGTTGTGATC-1,0.991007,0.000021,0.008972
ACGTTTCGGTGCACTT-1,0.7928,0.071984,0.135216
ACTAAGGACGCACACC-1,0.934837,0.000006,0.065157
ACTAATACGTCAGGCG-1,0.869758,0.000156,0.130087
ACTACAAAGAGAGGTG-1,0.312502,0.285451,0.402047
ACTACATCCCGACAAG-1,0.81488,0.00218,0.18294
ACTACCAGCTCTCTGG-1,0.183225,0.444863,0.371912
ACTACCATCCGAGGGC-1,0.942576,0.055046,0.002378
ACTACGCGTTAGAATT-1,0.868112,0.000015,0.131873
ACTAGTTGCGATCGTC-1,0.900943,0.007838,0.09122
ACTATATGCTGTGTTC-1,0.742221,0.006126,0.251652
ACTATCCAGGGCATGG-1,0.508294,0.074345,0.417361
ACTATCGCCGGCTAAA-1,0.810679,0.012004,0.177316
ACTATCTGCCCGCGTA-1,0.999984,0.000005,0.000011
ACTATGTCCAGCTGCC-1,0.994295,0.005638,0.000066
ACTATTCGTCCGTGGT-1,0.728159,0.057878,0.213963
ACTATTTCCGGGCCCA-1,0.152797,0.758508,0.088695
ACTCAAGTGCAAGGCT-1,0.690241,0.031815,0.277944
ACTCAATAAAGGCACG-1,0.973044,0.007785,0.019171
ACTCAGACCTGCTTCT-1,0.476206,0.031128,0.492666
ACTCATGGCAGCCTTC-1,0.957417,0.000099,0.042484
ACTCCAATATCATCAT-1,0.987822,0.009177,0.003001
ACTCCCATTCCTAAAG-1,0.991137,0.001942,0.006921
ACTCCCGAATTCGTTT-1,0.532152,0.183893,0.283956
ACTCCCGTAGACTAGG-1,0.900687,0.003882,0.095431
ACTCCCTAATGCTAAA-1,0.774367,0.042756,0.182877
ACTCCCTAGAATAGTA-1,0.998578,0.000008,0.001414
ACTCCGGCCGACCACT-1,0.938314,0.056316,0.00537
ACTCGATGTATTTCAT-1,0.721759,0.000016,0.278225
ACTCGCCGTTCGATAA-1,0.973307,0.021696,0.004997
ACTCGCGATCTGACGC-1,0.829072,0.170909,0.000019
ACTCGTAACCCGTCCT-1,0.727194,0.061714,0.211092
ACTCGTCAGTAATCCC-1,0.815713,0.000015,0.184271
ACTCTAAACCTGGGAT-1,0.982369,0.000005,0.017627
ACTCTCTGACTTAGGT-1,0.962624,0.013138,0.024239
ACTCTCTTATACACGA-1,0.730191,0.065261,0.204548
ACTCTGACCTAATAGA-1,0.994272,0.000008,0.005719
ACTCTTCAGCTCCCGC-1,0.978029,0.007204,0.014767
ACTCTTGTATAGTAAC-1,0.914154,0.038343,0.047504
ACTGAAACGCCGTTAG-1,0.760042,0.122925,0.117033
ACTGAATGGCGAAAGT-1,0.85355,0.096001,0.050449
ACTGATTTAGTGATTC-1,0.404507,0.000053,0.595439
ACTGCCCGCCATTCTC-1,0.659729,0.020655,0.319616
ACTGCCGTCGTAACTC-1,0.617542,0.039682,0.342776
ACTGCGGACACACCGT-1,0.927861,0.013943,0.058195
ACTGCTCGGAAGGATG-1,0.781338,0.046323,0.172339
ACTGGCGAACCTGCGT-1,0.705938,0.006036,0.288025
ACTGGGATGCCAGTGC-1,0.992059,0.000008,0.007933
ACTGTACGATACACAT-1,0.559558,0.086113,0.354329
ACTGTAGCACTTTGGA-1,0.444297,0.291859,0.263844
ACTGTCCAGGATTATA-1,0.442696,0.068453,0.488851
ACTGTCTTCTTTAGAA-1,0.906462,0.045956,0.047582
ACTGTTTAGTGTAGGC-1,0.000837,0.526428,0.472735
ACTTACCGGGCGCGCA-1,0.901955,0.00001,0.098034
ACTTACGCATCCACGC-1,0.176334,0.014025,0.809641
ACTTATACTTACCCGG-1,0.903675,0.029144,0.067181
ACTTATTAGGATCGGT-1,0.684406,0.048053,0.267541
ACTTATTTATGTGCCA-1,0.798603,0.020505,0.180892
ACTTCAGGCTGATCCC-1,0.742461,0.013573,0.243966
ACTTCCAGTGGAAGCT-1,0.953222,0.025558,0.021221
ACTTCCATGCGGGACA-1,0.50313,0.018762,0.478108
ACTTCCTGTCGTGCGA-1,0.96188,0.002225,0.035895
ACTTCGCCATACGCAC-1,0.810653,0.000021,0.189326
ACTTCGCTAGCGAGTG-1,0.214889,0.002564,0.782548
ACTTGACTCCCTCTTT-1,0.913791,0.001194,0.085015
ACTTGCCATATTGTAC-1,0.00609,0.686363,0.307546
ACTTGCTCTATCTACC-1,0.999753,0.000082,0.000165
ACTTGGGACCCGGTGG-1,0.904725,0.00001,0.095265
ACTTGGGCTTTCGCCA-1,0.292088,0.000041,0.707871
ACTTGTAGTCCCTTCA-1,0.696166,0.019266,0.284568
ACTTGTGGATGGAACG-1,0.899725,0.044181,0.056094
ACTTGTTACCGGATCA-1,0.739362,0.008986,0.251652
ACTTTACCCTCATGAA-1,0.969902,0.003968,0.02613
ACTTTATACACCACTT-1,0.86426,0.000021,0.13572
ACTTTCCTATAGCTTC-1,0.124801,0.000058,0.875142
ACTTTGACTGCATCCT-1,0.650125,0.00002,0.349855
ACTTTGGTCGTGCTCC-1,0.944072,0.004234,0.051694
ACTTTGTCGACGCACT-1,0.888689,0.09858,0.012731
AGAAATTATGACTCGC-1,0.718137,0.018441,0.263422
AGAACACGGCGATGGT-1,0.326907,0.035812,0.637281
AGAACCCAGCGTGACA-1,0.680475,0.004436,0.315089
AGAACCCTCAATTGGG-1,0.712804,0.081455,0.20574
AGAACGTGGTACATTC-1,0.890601,0.000015,0.109384
AGAACTGTACTTTGTA-1,0.944226,0.041111,0.014663
AGAAGAGCGCCGTTCC-1,0.86905,0.000161,0.130789
AGAAGGTACACTTCAC-1,0.636013,0.021401,0.342586
AGAAGGTTGCCGAATT-1,0.227223,0.397098,0.375679
AGAAGGTTGTAGGTCG-1,0.856274,0.000009,0.143717
AGAAGTGATTCGTGAT-1,0.744321,0.000021,0.255658
AGAATAAATCTTCAGG-1,0.986215,0.000007,0.013778
AGAATACAGGCTATCC-1,0.916224,0.000951,0.082824
AGAATGCGGGTTCGGA-1,0.86251,0.015725,0.121765
AGAATTATGGATTCGA-1,0.858799,0.053921,0.08728
AGAATTGTTTGACATA-1,0.38568,0.246507,0.367813
AGACAGCTCAGAATCC-1,0.580842,0.02692,0.392238
AGACAGGCATCTCAGC-1,0.998154,0.001833,0.000012
AGACATAGATCCTTCC-1,0.345981,0.238076,0.415943
AGACCAAACCACACCT-1,0.844413,0.009475,0.146112
AGACCATGGGATACAA-1,0.566019,0.20793,0.226051
AGACCCACCGCTGATC-1,0.82056,0.014144,0.165295
AGACCCGCCCTCCTCG-1,0.702331,0.102216,0.195453
AGACCGCTCCGCGGTT-1,0.920043,0.010695,0.069262
AGACCGGGAAACCCTG-1,0.276747,0.07734,0.645913
AGACGAAGTGCCGGTC-1,0.547832,0.002894,0.449275
AGACGACGATGCCGCT-1,0.977436,0.003941,0.018623
AGACGCCCACTTCGCC-1,0.96638,0.011144,0.022477
AGACGGGATTGGTATA-1,0.935771,0.003647,0.060582
AGACGGGCCGATTTAA-1,0.817688,0.020786,0.161526
AGACTAGCCTTCCAGA-1,0.602541,0.035414,0.362045
AGACTGTTACCGGGTC-1,0.239264,0.666128,0.094608
AGAGAAACACCAGAAA-1,0.684504,0.00002,0.315476
AGAGAACCGTCTAGGA-1,0.856301,0.027434,0.116265
AGAGAAGGAGTACAAT-1,0.71316,0.000017,0.286823
AGAGATCTCTAAAGCG-1,0.595697,0.000029,0.404274
AGAGCAGTTATGAGAC-1,0.383702,0.000028,0.616271
AGAGCCGCCGAGATTT-1,0.714205,0.000015,0.285779
AGAGCGCTTGTAACGG-1,0.885315,0.000007,0.114678
AGAGCGGGCTAATCAT-1,0.779022,0.000019,0.220959
AGAGCGTACAAGCTCG-1,0.039291,0.790452,0.170256
AGAGGCTTCGGAAACC-1,0.764686,0.061987,0.173327
AGAGGGACAATTGTCC-1,0.974901,0.000006,0.025093
AGAGGTATCTCGGTCC-1,0.302248,0.247688,0.450064
AGAGTAAACTTCACTA-1,0.782382,0.10388,0.113738
AGAGTATAGTGTTACG-1,0.899008,0.011543,0.089449
AGAGTCTTAATGAAAG-1,0.909569,0.000075,0.090355
AGAGTGAACAGACACC-1,0.949726,0.00001,0.050264
AGAGTTAGAGACCGAT-1,0.839495,0.023994,0.136511
AGAGTTGCAGGCCTCC-1,0.844261,0.000007,0.155732
AGATAACTTCAGGGCC-1,0.000293,0.91736,0.082347
AGATAATCACACCTAT-1,0.615769,0.008696,0.375534
AGATACCAATAGAACC-1,0.962553,0.017788,0.019659
AGATACCAGCACTTCA-1,0.690801,0.067249,0.24195
AGATACCGGTGTTCAC-1,0.087496,0.217813,0.694691
AGATACTCAAGATCGA-1,0.348538,0.026812,0.62465
AGATATAATACGACTA-1,0.691772,0.000099,0.308129
AGATCGTGCATAAGAT-1,0.036697,0.104964,0.858339
AGATCTCAGGTGTGAT-1,0.515077,0.000032,0.484891
AGATCTGGAGAGGATA-1,0.646349,0.013558,0.340094
AGATGACTCGCCCACG-1,0.993437,0.000012,0.006551
AGATGAGGGTTGCGAT-1,0.827481,0.032359,0.140161
AGATGATGGAGTCTGG-1,0.60128,0.00002,0.3987
AGATGCAAGACGTGCA-1,0.829926,0.000012,0.170062
AGATGCATCCTGTGTC-1,0.778735,0.028815,0.19245
AGATTATAGGACGTTT-1,0.939531,0.011357,0.049112
AGATTCAAGCGGGTCG-1,0.365465,0.01291,0.621625
AGATTCACAACCGATA-1,0.351598,0.09603,0.552372
AGCAAAGGCCGCTAGT-1,0.311584,0.041132,0.647283
AGCAACATATCTTATT-1,0.998369,0.000007,0.001624
AGCAACCGAAAGTAAT-1,0.987399,0.003323,0.009278
AGCACACGTTTAGACT-1,0.37715,0.033394,0.589455
AGCACCAGTACTCACG-1,0.27216,0.000037,0.727803
AGCACTACCGGCCTGT-1,0.995121,0.000009,0.00487
AGCACTACCTCACCAG-1,0.379658,0.010534,0.609807
AGCACTTAAGGACGCC-1,0.311364,0.467437,0.221199
AGCAGAAGGAGAAAGA-1,0.584652,0.112798,0.30255
AGCAGCCAGATGAATA-1,0.362751,0.000033,0.637216
AGCAGTCGAAGCATGC-1,0.759324,0.024518,0.216159
AGCATATCAATATGCT-1,0.267818,0.024349,0.707833
AGCATCATTTCGAAAG-1,0.884864,0.023691,0.091445
AGCATCGTCGATAATT-1,0.788026,0.000014,0.21196
AGCATTACGAGGCAAG-1,0.999981,0.000006,0.000012
AGCCAAGCTTTGTGTC-1,0.817498,0.068626,0.113876
AGCCACAGGTTACCCG-1,0.798382,0.039957,0.161662
AGCCACTCCCGTGCTT-1,0.94316,0.007456,0.049384
AGCCATATAGTATGTG-1,0.82706,0.027135,0.145805
AGCCCATACATGTAAG-1,0.710528,0.000019,0.289454
AGCCCGCAACAAGCAG-1,0.981839,0.004409,0.013752
AGCCCGCACTACAATG-1,0.960086,0.028042,0.011872
AGCCCGGCATTAGAGG-1,0.367068,0.067755,0.565177
AGCCCGGTAGCCTGTA-1,0.000324,0.574151,0.425526
AGCCCTAAGCGAAGTT-1,0.748491,0.039834,0.211676
AGCCCTCCCTGGTGGC-1,0.415455,0.150222,0.434323
AGCCCTGTCGCACCGT-1,0.894755,0.105236,0.000009
AGCCCTTCTAATCCGA-1,0.970504,0.0274,0.002096
AGCCCTTGGACATCCC-1,0.996782,0.000013,0.003205
AGCCGCAAATTCAAAT-1,0.856783,0.000217,0.143001
AGCCGCTTGATTAGCG-1,0.796813,0.000014,0.203173
AGCCGTGGCTAAATGT-1,0.933076,0.000011,0.066913
AGCCTAATACCCACGT-1,0.759759,0.024977,0.215264
AGCCTTAAAGCGGAAG-1,0.417621,0.000019,0.582361
AGCCTTGTCACTGATA-1,0.999887,0.000038,0.000076
AGCGACAGGAACGGTC-1,0.000294,0.941637,0.058069
AGCGACATCCCATTCA-1,0.613433,0.000029,0.386538
AGCGACCAACGATATT-1,0.558383,0.000021,0.441597
AGCGACTTTGAAGACA-1,0.201575,0.578513,0.219912
AGCGAGACGTGAAGGC-1,0.62149,0.022042,0.356469
AGCGATGCGCCTAATA-1,0.89728,0.008784,0.093936
AGCGCATAATGAATCG-1,0.717418,0.000016,0.282566
AGCGCGGGTGCCAATG-1,0.889608,0.011353,0.099039
AGCGCTAGAGCGATGT-1,0.940512,0.025931,0.033557
AGCGCTTATGGGCAAG-1,0.629684,0.024634,0.345681
AGCGGACACTTCGTAG-1,0.491764,0.061993,0.446243
AGCGGCGGTTAGCGGT-1,0.815823,0.136289,0.047888
AGCGGGAAGGGTCCAT-1,0.678698,0.000082,0.32122
AGCGGGTCTGACACTC-1,0.822538,0.068901,0.108561
AGCGGTTGAGATGTAC-1,0.319592,0.001711,0.678697
AGCGGTTGCCGCTCTG-1,0.815244,0.010211,0.174545
AGCGTGGTATTCTACT-1,0.98439,0.00825,0.00736
AGCGTTCCGATTTAAA-1,0.605573,0.000026,0.3944
AGCTAACAAGCAATGT-1,0.926436,0.003399,0.070164
AGCTAAGCTCCGTCCG-1,0.416458,0.087811,0.495731
AGCTAAGTACGCAGGC-1,0.798551,0.014831,0.186617
AGCTACGAATGGTGGT-1,0.452498,0.161554,0.385949
AGCTAGAAGCAGAAGT-1,0.033715,0.087172,0.879113
AGCTATTTAATCCAAC-1,0.667741,0.122255,0.210004
AGCTCCATATATGTTC-1,0.983775,0.01621,0.000015
AGCTCCTTCGCACATC-1,0.703665,0.050106,0.246228
AGCTCGTTGATGGAAA-1,0.828328,0.003306,0.168366
AGCTCTAGACGTTCCA-1,0.648471,0.018057,0.333473
AGCTCTTCCCAGTGCA-1,0.984824,0.000012,0.015165
AGCTCTTCGTAACCTT-1,0.963457,0.007502,0.029041
AGCTCTTTACTCAGTT-1,0.000454,0.697085,0.302462
AGCTGAAGTAAACCAA-1,0.718465,0.032034,0.249502
AGCTGCATTTGAGGTG-1,0.570186,0.037533,0.39228
AGCTGCTGTGCCGAAT-1,0.413579,0.000026,0.586395
AGCTGTAACCTCAATC-1,0.511691,0.000027,0.488282
AGCTTCAATACTTTGA-1,0.897998,0.000013,0.101988
AGCTTCTTCTCGAGCA-1,0.982682,0.014033,0.003286
AGCTTGATCAGGGTAG-1,0.791378,0.074991,0.13363
AGCTTGATCTTAACTT-1,0.497606,0.064195,0.438199
AGGAACGAACGACTTC-1,0.931367,0.03921,0.029423
AGGAAGCTGTCCGCCG-1,0.493918,0.003291,0.50279
AGGACAGTCGAATCCC-1,0.528219,0.173912,0.297869
AGGACATCGCACGTCG-1,0.642356,0.166689,0.190955
AGGACATCGGCACACT-1,0.897452,0.011545,0.091003
AGGACGACCCATTAGA-1,0.000483,0.378797,0.62072
AGGACGCTCGATGTTG-1,0.849102,0.000019,0.15088
AGGACTTATAGGAGAA-1,0.671468,0.000018,0.328515
AGGAGACATCCACAGT-1,0.986835,0.000082,0.013083
AGGAGAGTCTGGCTAC-1,0.747229,0.047669,0.205102
AGGAGCGTTTATTATC-1,0.576291,0.000361,0.423348
AGGAGGCCTTCGCGCG-1,0.481877,0.242018,0.276105
AGGATAAAGTCGGGAT-1,0.890753,0.002944,0.106303
AGGATATAGGGATTTA-1,0.862822,0.003345,0.133833
AGGATATCCGACTGCA-1,0.999979,0.000007,0.000014
AGGATCACGCGATCTG-1,0.762716,0.002665,0.234619
AGGATTGCTTACGACA-1,0.974412,0.020483,0.005105
AGGCACGTGACTGTCC-1,0.992492,0.007498,0.00001
AGGCAGATGCGTAAAC-1,0.998203,0.000008,0.001789
AGGCAGGGAGCGTACT-1,0.000455,0.106038,0.893506
AGGCATTGTCGTAGGG-1,0.558163,0.073488,0.36835
AGGCCACATTGGTTAC-1,0.790829,0.12524,0.083932
AGGCCACCCGTTATGA-1,0.525515,0.188483,0.286002
AGGCCCATTGTACAGG-1,0.609404,0.000022,0.390574
AGGCCCTAGAACGCCA-1,0.928675,0.040331,0.030994
AGGCCTATCATACCAA-1,0.760701,0.000017,0.239282
AGGCCTGAGAATCTCG-1,0.85643,0.007928,0.135642
AGGCGATAACTGGCGT-1,0.975588,0.013199,0.011214
AGGCGGTTTGTCCCGC-1,0.999804,0.000006,0.00019
AGGCGTCTATGGACGG-1,0.955987,0.018313,0.0257
AGGCTATGGTTAGCTT-1,0.000716,0.698692,0.300592
AGGCTTAAGTTGCACA-1,0.623974,0.000025,0.376001
AGGCTTCCCGAAGAAG-1,0.000982,0.763377,0.23564
AGGCTTGCTAGACACC-1,0.966909,0.000009,0.033083
AGGGAAACGAGGTACT-1,0.921998,0.000012,0.07799
AGGGACCGGCTGCGTT-1,0.596537,0.127285,0.276178
AGGGACTCTACGCGAC-1,0.53755,0.043277,0.419173
AGGGAGACATACTTCG-1,0.300124,0.010894,0.688983
AGGGCAGCGGCGTGGT-1,0.838577,0.000027,0.161395
AGGGCCCTAATGTTCT-1,0.992774,0.000008,0.007218
AGGGCGAGCAGCTGAT-1,0.848226,0.01334,0.138434
AGGGCGTGATCGGCTA-1,0.000838,0.495824,0.503338
AGGGCTGCAGTTACAG-1,0.694242,0.0097,0.296059
AGGGTCAGAGCACTCG-1,0.007108,0.897487,0.095405
AGGGTCAGTAACCCTA-1,0.787535,0.132739,0.079727
AGGGTCGATGCGAACT-1,0.251927,0.016439,0.731634
AGGGTCTGGACGCAGT-1,0.693103,0.06314,0.243757
AGGGTGCCGTTCTTTA-1,0.76212,0.011429,0.226451
AGGGTGCTCTCGAGGG-1,0.995079,0.000008,0.004913
AGGGTGGATAGTGCAT-1,0.928729,0.000025,0.071246
AGGGTGTGCTACACGC-1,0.464712,0.001892,0.533396
AGGGTTCAGACGGTCC-1,0.00736,0.992552,0.000088
AGGGTTCCCTTTGGTT-1,0.852363,0.035979,0.111658
AGGGTTTAGTTCGGGA-1,0.377727,0.000053,0.62222
AGGTAACCTCCTATTC-1,0.670127,0.123483,0.206391
AGGTACGATATTGCCA-1,0.862772,0.000018,0.13721
AGGTAGATCGAGATAT-1,0.794041,0.001538,0.20442
AGGTAGGTACAAAGCT-1,0.058845,0.461876,0.479279
AGGTATAATTGATAGT-1,0.638621,0.08676,0.274619
AGGTATGCGGACATTA-1,0.954664,0.002092,0.043244
AGGTCAGGTGAGAGTG-1,0.881806,0.030762,0.087433
AGGTCGCCTCCCAACA-1,0.95253,0.027505,0.019966
AGGTCGCGGAGTTACT-1,0.222269,0.008226,0.769505
AGGTGCACGTCCACAT-1,0.982073,0.000009,0.017918
AGGTGGTGACCTTCGC-1,0.982217,0.00001,0.017773
AGGTGTATCGCCATGA-1,0.546297,0.000027,0.453676
AGGTGTTGCCGACCAC-1,0.946157,0.011905,0.041938
AGGTTACACCATGCCG-1,0.668205,0.014287,0.317508
AGGTTCTCCTTTCCGG-1,0.967276,0.000011,0.032713
AGGTTGAGGCACGCTT-1,0.890602,0.099323,0.010074
AGGTTTCACACACCTT-1,0.981896,0.000013,0.018091
AGTAACGTTCATCCTG-1,0.757644,0.000029,0.242327
AGTAACTATAGCAGCC-1,0.948226,0.051753,0.000021
AGTAAGGGACAGAATC-1,0.641341,0.022419,0.33624
AGTAATCTAAGGGTGG-1,0.585734,0.062746,0.35152
AGTAATGTCTTGCCGC-1,0.21474,0.226817,0.558443
AGTAATTTGCAAGCGT-1,0.999982,0.000006,0.000012
AGTACAGAAGCTTATA-1,0.375548,0.000015,0.624437
AGTACATCATTTATCA-1,0.432495,0.039759,0.527747
AGTACCTTCGAGTGCT-1,0.404327,0.000028,0.595645
AGTACGGCCCGTATCG-1,0.933336,0.032312,0.034352
AGTACGGGCACCTGGC-1,0.938945,0.000009,0.061046
AGTACGTGGCCTGTCT-1,0.736833,0.000026,0.263141
AGTACTCTTATGCCCA-1,0.471892,0.327858,0.200249
AGTAGAAGGCGCCTCA-1,0.694715,0.000016,0.305269
AGTAGCGTGAACGAAC-1,0.734259,0.00002,0.265722
AGTAGCTAGACGCCGA-1,0.291646,0.09089,0.617465
AGTAGGAAGGAAGTTG-1,0.819523,0.067874,0.112603
AGTAGGTAACATACAT-1,0.37119,0.151947,0.476863
AGTATAATACTAGGCA-1,0.514583,0.318745,0.166672
AGTATACACAGCGACA-1,0.13824,0.572815,0.288945
AGTATGCTGGAGACCA-1,0.999664,0.000007,0.000328
AGTATTTGGCACGACC-1,0.74992,0.000025,0.250055
AGTCAAATGATGTGAT-1,0.284281,0.00003,0.71569
AGTCAACACCACCATC-1,0.051968,0.051924,0.896108
AGTCAAGATGACACTT-1,0.903379,0.009603,0.087018
AGTCACTAGCTCTCGA-1,0.759597,0.074035,0.166369
AGTCCATTGGCTGATG-1,0.144659,0.244434,0.610907
AGTCCCGCCTTTAATT-1,0.865486,0.007442,0.127072
AGTCCCTCGCAGAAAG-1,0.981884,0.007128,0.010988
AGTCGAAACGATTCAG-1,0.99997,0.00001,0.00002
AGTCGAATTAGCGTAA-1,0.860057,0.098309,0.041634
AGTCGACGGTCTCAAG-1,0.539338,0.049128,0.411534
AGTCGGCCCAAACGAC-1,0.526719,0.245651,0.227629
AGTCGGCTCAACTTTA-1,0.729608,0.172684,0.097707
AGTCGGTTGCGTGAGA-1,0.887966,0.067116,0.044919
AGTCGTATAAAGCAGA-1,0.404327,0.070956,0.524717
AGTCGTCGACCACCAA-1,0.758304,0.045587,0.196108
AGTCGTGGGCATTACG-1,0.853815,0.000016,0.146169
AGTCTAAAGTATACTC-1,0.857862,0.014534,0.127604
AGTCTCACAAGACTAC-1,0.739277,0.004224,0.256499
AGTCTGGACATCCTTG-1,0.000628,0.640685,0.358687
AGTCTTCTCCTCAAAT-1,0.083558,0.000646,0.915795
AGTCTTTAAAGTGTCC-1,0.803731,0.054291,0.141978
AGTGAACAAACTTCTC-1,0.29684,0.033745,0.669415
AGTGAAGATGGTGTCC-1,0.649899,0.000012,0.350089
AGTGACCTACTTTACG-1,0.565163,0.000029,0.434808
AGTGACTGTGACACAA-1,0.599457,0.000942,0.3996
AGTGAGACTTCCAGTA-1,0.99997,0.00001,0.00002
AGTGAGCCTCGCCGCC-1,0.434309,0.030017,0.535675
AGTGAGGGTTTCTGAC-1,0.92142,0.011064,0.067516
AGTGAGTCGAATTAAC-1,0.999983,0.000006,0.000011
AGTGATAACCTGCGCG-1,0.788859,0.105675,0.105466
AGTGATATGAGTAGTT-1,0.401133,0.107893,0.490974
AGTGATTCAAGCAGGA-1,0.553403,0.016586,0.430012
AGTGCACGCTTAAGAA-1,0.442669,0.085235,0.472096
AGTGCGTAGCTCGTAA-1,0.011408,0.72551,0.263082
AGTGCTAAACACAGCA-1,0.820841,0.157602,0.021558
AGTGCTTGCACGAATA-1,0.206571,0.083312,0.710117
AGTGGCCCGCAAATGG-1,0.590868,0.00002,0.409112
AGTGGCGGCAATTTGA-1,0.793126,0.010005,0.196868
AGTGGCGTCTGAAGGT-1,0.870358,0.001542,0.1281
AGTGGCTCCGTCGGCC-1,0.989135,0.000006,0.010859
AGTGGTGTTACCCGTG-1,0.254921,0.000018,0.745062
AGTGGTTGCGTATAGG-1,0.357036,0.030645,0.612319
AGTGTATTGCGCATTG-1,0.855878,0.005268,0.138854
AGTGTGCTAAGATCGC-1,0.919646,0.01023,0.070124
AGTGTGGTCTATTGTG-1,0.000592,0.482962,0.516446
AGTTAAACACTTGCGA-1,0.00049,0.78793,0.211581
AGTTAAGCGGTCCCGG-1,0.974678,0.014015,0.011307
AGTTAAGTCAACCGCT-1,0.681288,0.000425,0.318287
AGTTACCCTTAAGACT-1,0.271226,0.024627,0.704147
AGTTACCGCACATGGT-1,0.58596,0.00099,0.41305
AGTTACTCTATCGTGG-1,0.620761,0.000024,0.379215
AGTTATTCAGACTGTG-1,0.999878,0.000041,0.000081
AGTTATTGAAAGGTAA-1,0.988373,0.000012,0.011615
