Barcode,Topic 1,Topic 2to3,Topic 4to12
AAACAAGTATCTCCCA-1,0.199988,0.096419,0.703594
AAACACCAATAACTGC-1,0.000547,0.309556,0.689897
AAACAGAGCGACTCCT-1,0.000032,0.010592,0.989376
AAACAGCTTTCAGAAG-1,0.000019,0.002771,0.997211
AAACAGGGTCTATATT-1,0.000025,0.136742,0.863233
AAACAGTGTTCCTGGG-1,0.024049,0.66746,0.308491
AAACATGGTGAGAGGA-1,0.06021,0.376276,0.563514
AAACATTTCCCGGATT-1,0.362552,0.350072,0.287377
AAACCACTACACAGAT-1,0.000027,0.122388,0.877585
AAACCCGAACGAAATC-1,0.236304,0.068733,0.694964
AAACCGGAAATGTTAA-1,0.137698,0.139843,0.722459
AAACCGGGTAGGTACC-1,0.014725,0.043361,0.941914
AAACCGTTCGTCCAGG-1,0.000364,0.190951,0.808685
AAACCTAAGCAGCCGG-1,0.788858,0.00216,0.208983
AAACCTCATGAAGTTG-1,0.000027,0.000054,0.999919
AAACGAAGAACATACC-1,0.000035,0.010986,0.988979
AAACGAAGATGGAGTA-1,0.000045,0.358612,0.641343
AAACGACAGTCTTGCC-1,0.000021,0.117755,0.882224
AAACGAGACGGTTGAT-1,0.043564,0.027073,0.929362
AAACGCCCGAGATCGG-1,0.000024,0.000047,0.999929
AAACGCTGGGCACGAC-1,0.308694,0.146679,0.544626
AAACGGGCGTACGGGT-1,0.393465,0.402692,0.203843
AAACGGTTGCGAACTG-1,0.005362,0.318649,0.67599
AAACGTGTTCGCCCTA-1,0.001039,0.135043,0.863918
AAACTAACGTGGCGAC-1,0.013188,0.034043,0.952769
AAACTCGGTTCGCAAT-1,0.085821,0.389608,0.524571
AAACTCGTGATATAAG-1,0.000022,0.130927,0.869051
AAACTGCTGGCTCCAA-1,0.00082,0.171959,0.827221
AAACTTAATTGCACGC-1,0.014212,0.171322,0.814466
AAACTTGCAAACGTAT-1,0.01135,0.026048,0.962602
AAAGAATGACCTTAGA-1,0.007539,0.392786,0.599675
AAAGAATGTGGACTAA-1,0.797495,0.064235,0.13827
AAAGACATGAAGTTTA-1,0.000035,0.005553,0.994412
AAAGACCCAAGTCGCG-1,0.000061,0.008669,0.99127
AAAGACTGGGCGCTTT-1,0.000082,0.002164,0.997754
AAAGCTTGCCTACATA-1,0.002833,0.301965,0.695201
AAAGGCCCTATAATAC-1,0.009886,0.517191,0.472923
AAAGGCTACGGACCAT-1,0.081937,0.256925,0.661138
AAAGGCTCTCGCGCCG-1,0.036508,0.066784,0.896708
AAAGGGATGTAGCAAG-1,0.000836,0.055856,0.943308
AAAGGGCAGCTTGAAT-1,0.000058,0.000296,0.999646
AAAGGTAAGCTGTACC-1,0.000034,0.043021,0.956945
AAAGGTCAACGACATG-1,0.000023,0.040471,0.959507
AAAGTAGCATTGCTCA-1,0.015979,0.148381,0.83564
AAAGTCACTGATGTAA-1,0.000035,0.00007,0.999896
AAAGTCGACCCTCAGT-1,0.00004,0.032669,0.96729
AAAGTGCCATCAATTA-1,0.182378,0.001705,0.815917
AAAGTGTGATTTATCT-1,0.039114,0.192054,0.768832
AAAGTTGACTCCCGTA-1,0.013639,0.073903,0.912458
AAATAACCATACGGGA-1,0.000043,0.018196,0.981762
AAATAAGGTAGTGCCC-1,0.002564,0.275497,0.721939
AAATACCTATAAGCAT-1,0.030451,0.12827,0.841279
AAATAGCTTAGACTTT-1,0.046293,0.17171,0.781997
AAATAGGGTGCTATTG-1,0.220341,0.014162,0.765497
AAATCACTCCTAAACG-1,0.034781,0.175351,0.789868
AAATCCGATACACGCC-1,0.192586,0.01578,0.791634
AAATCGCGGAAGGAGT-1,0.000028,0.084428,0.915545
AAATCGTGTACCACAA-1,0.000019,0.00569,0.994291
AAATCTAGCCCTGCTA-1,0.081063,0.220696,0.698241
AAATCTGCCCGCGTCC-1,0.030311,0.458904,0.510786
AAATGACTGATCAAAC-1,0.042387,0.041631,0.915982
AAATGATTCGATCAGC-1,0.000024,0.051649,0.948327
AAATGCTCGTTACGTT-1,0.125446,0.024324,0.850231
AAATGGCATGTCTTGT-1,0.000059,0.144299,0.855642
AAATGGCCCGTGCCCT-1,0.000023,0.028075,0.971903
AAATGGTCAATGTGCC-1,0.000024,0.049484,0.950492
AAATGTGGGTGCTCCT-1,0.000111,0.223861,0.776028
AAATTAACGGGTAGCT-1,0.016634,0.050841,0.932525
AAATTAATAAGCGCGA-1,0.090634,0.153695,0.755672
AAATTACACGACTCTG-1,0.000036,0.005993,0.99397
AAATTACCTATCGATG-1,0.03541,0.080987,0.883602
AAATTCCAGGTCCAAA-1,0.010228,0.127775,0.861997
AAATTGATAGTCCTTT-1,0.000015,0.013888,0.986097
AAATTGGTGAGAAGCA-1,0.009014,0.351202,0.639784
AAATTTACCGAAATCC-1,0.00004,0.00008,0.99988
AAATTTGCGGGTGTGG-1,0.000021,0.021855,0.978124
AACAACTGGTAGTTGC-1,0.000022,0.000044,0.999934
AACAATACATTGTCGA-1,0.000009,0.025011,0.97498
AACAATTACTCTACGC-1,0.000049,0.000098,0.999853
AACACACGCTCGCCGC-1,0.065612,0.219118,0.71527
AACACGACTGTACTGA-1,0.000035,0.000071,0.999894
AACACGAGACGCGGCC-1,0.000012,0.000023,0.999965
AACAGCTGTGTGGCAA-1,0.001967,0.098402,0.899631
AACAGGAAATCGAATA-1,0.013444,0.013405,0.973151
AACAGGATGGGCCGCG-1,0.00005,0.0001,0.99985
AACAGGTAGTATGGAT-1,0.031489,0.056131,0.91238
AACATAGCGTGTATCG-1,0.948328,0.025346,0.026326
AACATATCAACTGGTG-1,0.00002,0.074616,0.925364
AACATCGATACGTCTA-1,0.000011,0.000022,0.999967
AACATTGAAGTTGATC-1,0.030484,0.495968,0.473548
AACATTGTGACTCGAG-1,0.008124,0.490004,0.501872
AACCAAGACTTCTCTG-1,0.007141,0.030967,0.961892
AACCAGTATCACTCTT-1,0.000056,0.012665,0.987279
AACCATAGGGTTGAAC-1,0.000207,0.300254,0.699539
AACCATGGGATCGCTA-1,0.000114,0.167652,0.832234
AACCCAGAGACGGAGA-1,0.029163,0.005321,0.965515
AACCCATCCCATGATC-1,0.045621,0.14695,0.807429
AACCCGACAACCCGTG-1,0.017973,0.304183,0.677844
AACCCGAGCAGAATCG-1,0.024577,0.136075,0.839347
AACCCGATAGGGCTTC-1,0.000034,0.260148,0.739818
AACCCGCTGTATTCCA-1,0.243837,0.372231,0.383932
AACCCTACTGTCAATA-1,0.027475,0.11516,0.857365
AACCCTGGTGGAACCA-1,0.000032,0.011051,0.988917
AACCGAGCTTGGTCAT-1,0.07673,0.047628,0.875642
AACCGCTAAGGGATGC-1,0.044571,0.057486,0.897942
AACCGTTGTGTTTGCT-1,0.000054,0.000108,0.999838
AACCTAAAGCCGTCCG-1,0.000067,0.006439,0.993494
AACCTCGCTTTAGCCC-1,0.557097,0.000027,0.442877
AACCTGTCACGGAATT-1,0.053676,0.258622,0.687702
AACCTTTAAATACGGT-1,0.000042,0.262388,0.73757
AACCTTTACGACGTCT-1,0.00004,0.023908,0.976052
AACGAAAGTCGTCCCA-1,0.000014,0.067763,0.932223
AACGACCTCCTAGCCG-1,0.191961,0.253653,0.554386
AACGATAATGCCGTAG-1,0.0998,0.129557,0.770643
AACGATAGAAGGGCCG-1,0.000039,0.000077,0.999884
AACGATATGTCAACTG-1,0.037566,0.02268,0.939754
AACGCATGATCTGGGT-1,0.06061,0.057328,0.882061
AACGCGACCTTGGGCG-1,0.002123,0.317191,0.680687
AACGCGGTCTCCAGCC-1,0.026458,0.045947,0.927595
AACGCTGTTGCTGAAA-1,0.243477,0.03459,0.721933
AACGGACGTACGTATA-1,0.017221,0.176636,0.806143
AACGGCCATCTCCGGT-1,0.035345,0.107835,0.85682
AACGTACTGTGGGTAC-1,0.004674,0.050788,0.944538
AACGTCAGACTAGTGG-1,0.00004,0.000081,0.999879
AACGTCATCCGGCTTG-1,0.057332,0.475536,0.467132
AACGTCGCTGCACTTC-1,0.9999,0.000018,0.000082
AACGTGATGAAGGACA-1,0.000026,0.000052,0.999921
AACGTGCGAAAGTCTC-1,0.104676,0.047886,0.847437
AACGTTATCAGCACCT-1,0.063393,0.003611,0.932996
AACGTTCTACCATTGT-1,0.373105,0.237372,0.389523
AACTACCCGTTTGTCA-1,0.000014,0.010636,0.98935
AACTAGCGTATCGCAC-1,0.034259,0.00008,0.965661
AACTAGGCTTGGGTGT-1,0.003324,0.172028,0.824648
AACTCAAGTTAATTGC-1,0.000029,0.015135,0.984836
AACTCCAGAGCGTGTT-1,0.357994,0.281832,0.360174
AACTCCTAATCCCATG-1,0.000026,0.07259,0.927384
AACTCTCAATAGAGCG-1,0.000024,0.127388,0.872588
AACTCTCAGTGTGCTC-1,0.012171,0.122753,0.865076
AACTGAGGTCAGCGTC-1,0.000032,0.055101,0.944867
AACTGAGTTATACTGA-1,0.07659,0.403739,0.519671
AACTGATATTAGGCCT-1,0.000061,0.097491,0.902448
AACTGGGTCCCGACGT-1,0.000037,0.001169,0.998795
AACTGGGTTCGAGCCG-1,0.000045,0.000091,0.999864
AACTGGTGTGGGCCTT-1,0.019974,0.032597,0.947429
AACTTCTGCGTCTATC-1,0.000076,0.000153,0.999771
AACTTGCCCGTATGCA-1,0.000048,0.000096,0.999856
AACTTTACGGGAGCTT-1,0.055452,0.293512,0.651035
AACTTTAGCTGCTGAG-1,0.231422,0.139901,0.628677
AACTTTCTCGATCATG-1,0.077705,0.09819,0.824105
AAGAAAGTTTGATGGG-1,0.000013,0.32686,0.673127
AAGAAATCACCAGATT-1,0.003543,0.271242,0.725215
AAGACATACGTGGTTT-1,0.264908,0.21027,0.524822
AAGACCAAATAACTCA-1,0.019983,0.180184,0.799833
AAGACCCAACTGAACA-1,0.002212,0.314187,0.683601
AAGACTCACGCCCACT-1,0.000068,0.033814,0.966118
AAGACTGCAAGCTACT-1,0.02902,0.056033,0.914947
AAGAGATGAATCGGTA-1,0.000035,0.00007,0.999896
AAGAGCTCTTTATCGG-1,0.062015,0.033938,0.904047
AAGAGGATGTACGCGA-1,0.000019,0.000039,0.999942
AAGAGGCATGGATCGC-1,0.048636,0.003175,0.948189
AAGAGGCCCTTTGGAA-1,0.22852,0.531234,0.240246
AAGATGGCACCGGACC-1,0.043394,0.239916,0.71669
AAGATTGGCGGAACGT-1,0.002141,0.171887,0.825972
AAGCACCCTGCGTATC-1,0.2547,0.199203,0.546097
AAGCATACTCTCCTGA-1,0.00003,0.260109,0.73986
AAGCCACTTGCAGGTA-1,0.004088,0.153299,0.842613
AAGCCGAAGCGGTTTA-1,0.061578,0.020961,0.917462
AAGCCGCCGTGAAATC-1,0.095707,0.513389,0.390904
AAGCCGCTTTACCTTG-1,0.000009,0.0162,0.983791
AAGCCGGAGAGCAGGA-1,0.029345,0.318731,0.651925
AAGCGCAGGGCTTTGA-1,0.284238,0.378903,0.336859
AAGCGGAGTGCGCGCA-1,0.019096,0.178993,0.801912
AAGCGGCGTCATGGGT-1,0.000039,0.030685,0.969277
AAGCGTCCCTCATCGA-1,0.015759,0.225484,0.758758
AAGCTAGATCGAGTAA-1,0.007696,0.21128,0.781024
AAGCTATGGATTGACC-1,0.074826,0.495457,0.429717
AAGCTCGTGCCAAGTC-1,0.019354,0.097603,0.883043
AAGCTCTTTCATGGTG-1,0.340446,0.18855,0.471004
AAGGAGAACTTATAAG-1,0.021381,0.132837,0.845782
AAGGAGCGGTTGGTGC-1,0.000028,0.023271,0.976701
AAGGATCGATCGCTTG-1,0.000018,0.101547,0.898434
AAGGATGAGGGACCTC-1,0.000009,0.000018,0.999973
AAGGCAGGCTGTCTCC-1,0.002913,0.314672,0.682414
AAGGCGCGTAAAGCTT-1,0.000043,0.000086,0.999871
AAGGCTGTGCTCATCG-1,0.000031,0.039688,0.960282
AAGGGAACGACTGGCT-1,0.000006,0.224293,0.775701
AAGGGACAGATTCTGT-1,0.005311,0.079902,0.914787
AAGGGACTATGCATTC-1,0.000011,0.23431,0.765679
AAGGGTTAGCCATGCG-1,0.822329,0.116117,0.061553
AAGGGTTTGATTTCAG-1,0.082294,0.440941,0.476765
AAGGTATCCTAATATA-1,0.000009,0.000017,0.999974
AAGGTGATAAACCAGC-1,0.000027,0.210236,0.789737
AAGTAGAAGACCGGGT-1,0.000068,0.000137,0.999795
AAGTAGTGACGCGAGG-1,0.062721,0.000118,0.937161
AAGTCAATTGTCGTCA-1,0.000027,0.215232,0.784741
AAGTCTAGTAGCTGCC-1,0.00354,0.103581,0.892879
AAGTCTTCTGTGGCCT-1,0.082025,0.665031,0.252944
AAGTGACGACCGAATT-1,0.000019,0.000039,0.999942
AAGTGAGTCGGGTTTA-1,0.062942,0.38748,0.549577
AAGTGCAAAGGTAGAC-1,0.00013,0.075172,0.924698
AAGTGCCTTGACTGTA-1,0.012639,0.269772,0.717589
AAGTGCGTTAGAATCT-1,0.039917,0.0564,0.903684
AAGTGCTTCTCTATTG-1,0.04828,0.369759,0.58196
AAGTGTTTGGAGACGG-1,0.082215,0.266489,0.651296
AAGTTCACTCCAAGCT-1,0.270277,0.137506,0.592217
AAGTTCAGTCTGCGTA-1,0.000007,0.000014,0.999979
AAGTTCGGCCAACAGG-1,0.000028,0.121057,0.878914
AAGTTGTGATGTTATA-1,0.391963,0.427831,0.180206
AAGTTTACTAATGGCA-1,0.000032,0.000063,0.999905
AAGTTTATGGGCCCAA-1,0.264718,0.682224,0.053058
AATAACAACGCTCGGC-1,0.016962,0.037109,0.945929
AATAACACTAGAACAA-1,0.135937,0.049549,0.814515
AATAACGTCGCGCCCA-1,0.948301,0.00891,0.042789
AATAAGTCCTCGAGAC-1,0.000043,0.000086,0.99987
AATAATCTTCGTATCG-1,0.007334,0.124003,0.868662
AATACAATGTTTCAGG-1,0.000129,0.064709,0.935162
AATACCGGAGGGCTGT-1,0.009999,0.504733,0.485268
AATACCTGATGTGAAC-1,0.343001,0.021343,0.635656
AATAGAACAGAGTGGC-1,0.000013,0.000025,0.999962
AATAGAATCTGTTTCA-1,0.050806,0.042081,0.907113
AATAGCAAGCCTCCTG-1,0.000038,0.161257,0.838705
AATAGCTACCGCGTGC-1,0.031284,0.092428,0.876288
AATAGGCACGACCCTT-1,0.041093,0.390368,0.568539
AATAGTCCGTCCCGAC-1,0.044727,0.198261,0.757012
AATAGTCGCGAGTCGG-1,0.059302,0.000261,0.940436
AATATCAAGGTCGGAT-1,0.000126,0.13247,0.867405
AATATCCTAGCAAACT-1,0.041798,0.49988,0.458322
AATATCGAATCAATGC-1,0.025889,0.469451,0.50466
AATATCGAGGGTTCTC-1,0.000014,0.01241,0.987576
AATATTGGAGTATTGA-1,0.000027,0.000054,0.999919
AATCAGGTTTCATTTA-1,0.007035,0.598615,0.394351
AATCATGTAAAGACTC-1,0.366115,0.209118,0.424766
AATCCAAGGGCCTGAG-1,0.000036,0.000071,0.999893
AATCCCGCTCAGAGCC-1,0.152419,0.510148,0.337433
AATCGAGGTCTCAAGG-1,0.331792,0.662121,0.006087
AATCGCCTCAGCGCCA-1,0.052183,0.143122,0.804696
AATCGCGCAGAGGACT-1,0.081042,0.143651,0.775307
AATCGGGACACTACGA-1,0.000048,0.000096,0.999856
AATCGGTATAGCCCTC-1,0.833401,0.000027,0.166572
AATCGTGAGCCGAGCA-1,0.307318,0.121317,0.571365
AATCTAGGTTTACTTG-1,0.000031,0.007939,0.992031
AATCTATGCCGGAGCC-1,0.003038,0.327559,0.669403
AATCTCTACTGTGGTT-1,0.000023,0.00202,0.997957
AATCTGCGTTGGGACG-1,0.049275,0.094729,0.855996
AATCTGGCTTTCTAGT-1,0.000057,0.156372,0.843571
AATCTGGGTAGACCCT-1,0.000048,0.000097,0.999855
AATGACAGCAATGTCT-1,0.000034,0.093744,0.906222
AATGACGTAGGATGTC-1,0.027899,0.28266,0.689441
AATGACTGTCAGCCGG-1,0.006805,0.012491,0.980704
AATGATGATACGCTAT-1,0.000027,0.075104,0.924869
AATGATGCGACTCCTG-1,0.032702,0.104292,0.863006
AATGCAACCGGGTACC-1,0.000014,0.006751,0.993235
AATGCACCAAGCAATG-1,0.076848,0.11014,0.813012
AATGGTCCACCGTTCA-1,0.000076,0.033276,0.966648
AATGGTTCTCACAAGC-1,0.000046,0.016307,0.983648
AATGTATGGCACTGTA-1,0.000686,0.177218,0.822096
AATGTGCCCGAGGTGT-1,0.000038,0.395178,0.604783
AATGTGCTAATCTGAG-1,0.050879,0.421259,0.527863
AATGTTAAGACCCTGA-1,0.586204,0.303741,0.110055
AATGTTGTCGTGAGAC-1,0.825077,0.034606,0.140316
AATTAAAGGTCGGCGT-1,0.000018,0.018194,0.981789
AATTAACGGATTTCCA-1,0.01112,0.035673,0.953207
AATTACGAGACCCATC-1,0.000033,0.292947,0.70702
AATTAGCGCTGCAGCG-1,0.000023,0.258482,0.741495
AATTATACCCAGCAAG-1,0.888881,0.00006,0.111059
AATTCATAAGGGATCT-1,0.00003,0.011284,0.988686
AATTCATTGTCATGCA-1,0.010037,0.282261,0.707702
AATTCCAAGCATGTAC-1,0.126943,0.409097,0.46396
AATTCGATTCGAGGAT-1,0.422032,0.32345,0.254519
AATTCTAGAGTTAGGC-1,0.02945,0.00845,0.962101
AATTGAACGCTCTGGT-1,0.02106,0.024724,0.954216
AATTGCAGCAATCGAC-1,0.389291,0.006085,0.604623
AATTGCGTGGATTACA-1,0.001416,0.134092,0.864492
AATTGTGGTTGCCAAA-1,0.025523,0.006013,0.968465
AATTTGGGACATAGTA-1,0.035797,0.001152,0.963051
AATTTGGTTCCAAAGA-1,0.000067,0.000133,0.9998
ACAAACCATGCGTCCT-1,0.009513,0.424625,0.565863
ACAAACCGACAAGGCG-1,0.000085,0.00017,0.999745
ACAAACTCCATCAGAG-1,0.099132,0.441183,0.459685
ACAAAGAAGGTAGGCC-1,0.03654,0.469451,0.494009
ACAAAGCATGACCTAG-1,0.226354,0.194505,0.579141
ACAAATCGCACCGAAT-1,0.019431,0.141779,0.83879
ACAAATGGTAGTGTTT-1,0.03327,0.086888,0.879843
ACAAATTCAGATCTGA-1,0.00006,0.028356,0.971585
ACAACAGCATGAGCTA-1,0.000011,0.000021,0.999968
ACAACGGTCCCTGCGA-1,0.000033,0.000066,0.999902
ACAAGCAGTGCCTAGC-1,0.000051,0.000102,0.999847
ACAAGCTATATGGAAG-1,0.055268,0.15021,0.794523
ACAAGGAAATCCGCCC-1,0.000894,0.094452,0.904655
ACAAGGACAAGAGGTT-1,0.000019,0.000038,0.999943
ACAAGGATGCTTTAGG-1,0.243387,0.037908,0.718705
ACAAGGCCTACCAGCC-1,0.000051,0.052448,0.947501
ACAAGGGCAGGCTCTG-1,0.049337,0.056908,0.893755
ACAAGTAATTGTAAGG-1,0.008729,0.489713,0.501558
ACAATAGTCGTACGTT-1,0.000046,0.047553,0.952402
ACAATCCATTTAAACC-1,0.000029,0.015411,0.98456
ACAATCGATCTTTATA-1,0.000111,0.063456,0.936433
ACAATGAATACGGAGA-1,0.076112,0.219327,0.704562
ACAATGATTCTTCTAC-1,0.017046,0.156726,0.826228
ACAATTGTGTCTCTTT-1,0.095381,0.087965,0.816654
ACAATTTAGGAGGCTC-1,0.010348,0.334492,0.65516
ACAATTTGAGCAGTGG-1,0.129272,0.053341,0.817387
ACAATTTGGCCATATT-1,0.230109,0.284075,0.485816
ACACAAAGACGGGTGG-1,0.000039,0.092837,0.907124
ACACAAATATTCCTAG-1,0.000013,0.203045,0.796942
ACACACCAGGACCAGT-1,0.002108,0.249188,0.748703
ACACACTTTCTACACG-1,0.000033,0.000067,0.9999
ACACATGATCAAATCT-1,0.00001,0.333631,0.666358
ACACATTTCCGTAGAC-1,0.175606,0.013573,0.810821
ACACCACATAATTAGC-1,0.031163,0.235131,0.733707
ACACCCAGCATGCAGC-1,0.016453,0.045353,0.938193
ACACCCGAGAAATCCG-1,0.00006,0.016406,0.983534
ACACCCGTAAATCTGT-1,0.04204,0.049845,0.908114
ACACCGGTCTGACCGC-1,0.000006,0.232515,0.767479
ACACCTTAAGTAGGGC-1,0.000067,0.028358,0.971575
ACACCTTACTACTTGC-1,0.036588,0.003357,0.960055
ACACGAGACTCCTTCT-1,0.000021,0.134485,0.865494
ACACGGCACTATGCAT-1,0.03031,0.000126,0.969564
ACACGGGAACTTAGGG-1,0.000022,0.063157,0.936821
ACACGTAGGCCACAAG-1,0.310696,0.270404,0.4189
ACACTGATCAAGGTGT-1,0.013246,0.147896,0.838857
ACACTGGGACAGTCGT-1,0.171804,0.046499,0.781697
ACAGAACTGAGAACAA-1,0.00003,0.147526,0.852445
ACAGATTAGGTTAGTG-1,0.000091,0.018273,0.981637
ACAGCATAGAGCCAGT-1,0.040188,0.000048,0.959764
ACAGCGACATTCTCAT-1,0.452079,0.260174,0.287747
ACAGCGCACCCGCAGC-1,0.005162,0.013128,0.981711
ACAGGCACGGATCCTT-1,0.96858,0.000059,0.031362
ACAGGCTTGCCCGACT-1,0.133445,0.228782,0.637772
ACAGGTGGAGGTGAGG-1,0.000177,0.039082,0.960742
ACAGGTGTGTTGTTGC-1,0.066838,0.222975,0.710187
ACAGTAATACAACTTG-1,0.00002,0.00004,0.999939
ACAGTATACCGTGGGA-1,0.000022,0.183416,0.816561
ACAGTGCAGCGCATTT-1,0.03765,0.109752,0.852597
ACATAAGTCGTGGTGA-1,0.00001,0.016351,0.983639
ACATAATAAGGCGGTG-1,0.000028,0.030505,0.969467
ACATACAATCAAGCGG-1,0.901039,0.001074,0.097887
ACATCAGCTGGGACGC-1,0.000079,0.016155,0.983766
ACATCCCGGCCATACG-1,0.085599,0.162587,0.751814
ACATCCTGGTAACTGT-1,0.220583,0.000032,0.779386
ACATCGATCGTTTACC-1,0.039875,0.126261,0.833864
ACATCGCAATATTCGG-1,0.045389,0.324467,0.630143
ACATCGGTCAGCCGCG-1,0.000018,0.01359,0.986392
ACATCGTATGCAATGG-1,0.017918,0.022625,0.959457
ACATCGTTAACCTAGT-1,0.000059,0.010219,0.989722
ACATCTCAACGCGTAA-1,0.000072,0.000144,0.999785
ACATGCTTACGGCAGC-1,0.000625,0.394988,0.604386
ACATGGCGCCAAAGTA-1,0.000237,0.153066,0.846697
ACATTAGTTTATATCC-1,0.027519,0.180572,0.79191
ACATTCGCGCGGAATA-1,0.000003,0.019057,0.98094
ACATTTGAAACCTAAC-1,0.704906,0.030798,0.264296
ACCAAACACCCAGCGA-1,0.008016,0.130693,0.86129
ACCAAACTAGAAATCC-1,0.000034,0.000068,0.999898
ACCAACACCACACACT-1,0.000015,0.008702,0.991283
ACCAACCGCACTCCAC-1,0.544666,0.292092,0.163242
ACCAACGCTTATTTAT-1,0.233259,0.023102,0.743639
ACCAAGAACGCGTGTC-1,0.000042,0.004178,0.995781
ACCAAGTCATCGGCAG-1,0.949868,0.000033,0.050099
ACCAATATGCAAGTTA-1,0.253353,0.152153,0.594495
ACCACAACTCAGAACA-1,0.000042,0.000084,0.999874
ACCACAAGTTTCTATC-1,0.000035,0.00007,0.999895
ACCACACGGTTGATGG-1,0.629633,0.044997,0.325371
ACCACCAATGTAACAA-1,0.053768,0.187508,0.758724
ACCACCCTCTCTTCTA-1,0.021263,0.438639,0.540098
ACCACGTGCAGCTATA-1,0.000031,0.23045,0.769519
ACCAGACCATAACAAC-1,0.118438,0.644207,0.237355
ACCAGCCCGGTCTTTG-1,0.017132,0.032964,0.949904
ACCAGGAGTGTGATCT-1,0.000125,0.00025,0.999625
ACCAGTGCCCGGTCAA-1,0.000016,0.000033,0.999951
ACCAGTGCGGGAGACG-1,0.146117,0.012631,0.841252
ACCATATCCGCAATAA-1,0.039547,0.061081,0.899372
ACCATCCGCCAACTAG-1,0.000024,0.000049,0.999927
ACCATCGTATATGGTA-1,0.027615,0.000309,0.972076
ACCCAACGCCCGTGGC-1,0.043084,0.020251,0.936665
ACCCACCTACATGCTC-1,0.00004,0.015847,0.984113
ACCCATCTTGAGGGTA-1,0.041808,0.06721,0.890983
ACCCATTTGTCCCTCT-1,0.581095,0.171778,0.247127
ACCCGAGCGAAATTAC-1,0.021505,0.580652,0.397843
ACCCGATTGGTTCCGA-1,0.00761,0.241962,0.750428
ACCCGGAAACTCCCAG-1,0.005049,0.080498,0.914453
ACCCGGAGCACCACAA-1,0.017834,0.215419,0.766748
ACCCGGATGACGCATC-1,0.000009,0.000019,0.999972
ACCCGGTTACACTTCC-1,0.007768,0.089746,0.902485
ACCCGTAGCAGAGAAT-1,0.00001,0.260095,0.739895
ACCCGTAGTCTAGTTG-1,0.297746,0.199619,0.502634
ACCCGTGTCATCAGTA-1,0.003937,0.106069,0.889994
ACCCTATGCCATATCG-1,0.00002,0.013091,0.986889
ACCCTCCCGTCAGGGC-1,0.999668,0.00006,0.000271
ACCCTCCCTTGCTATT-1,0.008424,0.121522,0.870054
ACCCTGGTAACGCCCT-1,0.01938,0.185062,0.795558
ACCCTTCATCTGCGAA-1,0.000041,0.050835,0.949124
ACCCTTGCCTGGGTCG-1,0.006396,0.169047,0.824558
ACCCTTTAGTTCTCCA-1,0.000055,0.000109,0.999836
ACCGAAAGGGCCCTGC-1,0.000045,0.000089,0.999866
ACCGAAGAGTCTGGTT-1,0.00001,0.026437,0.973553
ACCGACACATCTCCCA-1,0.347361,0.114356,0.538283
ACCGACTGAGTCCCAC-1,0.072904,0.000048,0.927048
ACCGAGTCTCCTTATT-1,0.779409,0.192805,0.027786
ACCGATAGGCATAACC-1,0.097212,0.31771,0.585078
ACCGATATTTAATCAT-1,0.078002,0.344775,0.577223
ACCGATGGTAGCATCG-1,0.009479,0.121732,0.86879
ACCGCAATAACTGCCT-1,0.098065,0.155068,0.746867
ACCGCGGTGGAAGTCG-1,0.001485,0.003598,0.994917
ACCGCTAGTCATTGGT-1,0.003031,0.059472,0.937497
ACCGGGCCTTTGTTGA-1,0.064535,0.169277,0.766188
ACCGGTCAGGTACACC-1,0.018141,0.273922,0.707937
ACCGGTCTGAGTACGG-1,0.000069,0.046852,0.953079
ACCGTCCACTGGGCCC-1,0.000007,0.000194,0.999799
ACCGTGACCACGTGGG-1,0.000016,0.275278,0.724706
ACCGTTCCCGCTCTGA-1,0.029253,0.000041,0.970706
ACCTAAGTACCTTTCA-1,0.009229,0.108988,0.881783
ACCTAATCGACTTCCT-1,0.000049,0.086158,0.913793
ACCTACAGTATGTGGT-1,0.025447,0.204941,0.769612
ACCTACTATAAATCTA-1,0.009543,0.63458,0.355877
ACCTCAGCGAGGCGCA-1,0.878091,0.010072,0.111837
ACCTCCGCCCTCGCTG-1,0.091992,0.129165,0.778844
ACCTCCGTTATTCACC-1,0.008159,0.356494,0.635348
ACCTCGAACTTATGCT-1,0.000013,0.547456,0.452531
ACCTGCGTGTCATGTT-1,0.000029,0.015798,0.984172
ACCTTTCCTTTAGAAG-1,0.080979,0.00754,0.911481
ACGAAATGGGCGGCAC-1,0.020041,0.004399,0.975559
ACGACCCATGAGTTGC-1,0.118075,0.239344,0.642581
ACGACTCTAGGGCCGA-1,0.461748,0.211917,0.326335
ACGACTGGTCATACTC-1,0.015289,0.607111,0.3776
ACGAGAACCCATCACG-1,0.000116,0.007325,0.992559
ACGAGATATTTGCTTA-1,0.000082,0.000163,0.999755
ACGAGGATACCACTCT-1,0.000029,0.043715,0.956256
ACGAGGTTTACAACGT-1,0.000015,0.163435,0.836549
ACGAGTACGGATGCCC-1,0.066835,0.02708,0.906085
ACGATACATAGAACTA-1,0.000013,0.000025,0.999962
ACGATACCTATCCTGA-1,0.072229,0.032545,0.895226
ACGATCATACATAGAG-1,0.024268,0.031187,0.944545
ACGATCATCTTGTAAA-1,0.000012,0.045478,0.95451
ACGATGCATATGTTAT-1,0.000022,0.004849,0.995129
ACGATGGATCCGATGC-1,0.000037,0.000074,0.999888
ACGCAAACTAATAGAT-1,0.061171,0.256159,0.682671
ACGCAATCACTACAGC-1,0.0365,0.309443,0.654057
ACGCATAAATGACATG-1,0.000014,0.000029,0.999957
ACGCATACGTTTACTA-1,0.308297,0.034255,0.657448
ACGCATTCGTGAGTAC-1,0.015894,0.003662,0.980444
ACGCCACTCGAAACAG-1,0.427247,0.071732,0.501022
ACGCCAGATGATTTCT-1,0.013582,0.003298,0.98312
ACGCCAGTGCGTTTGC-1,0.775442,0.20448,0.020078
ACGCCCAGCTGTCGAT-1,0.000064,0.000128,0.999808
ACGCCGCTAGACGACC-1,0.002711,0.19416,0.80313
ACGCGAAGTCAGACGA-1,0.000051,0.145632,0.854318
ACGCGCTACACAGGGT-1,0.000037,0.014875,0.985089
ACGCGGGCCAAGGACA-1,0.022087,0.018377,0.959536
ACGCTACTGAATGGGC-1,0.768429,0.167509,0.064062
ACGCTAGTATCAGTGC-1,0.027652,0.11954,0.852809
ACGCTAGTGATACACT-1,0.044259,0.076783,0.878958
ACGCTGTGAGGCGTAG-1,0.000037,0.000075,0.999888
ACGCTTAGTGTCTCTC-1,0.000052,0.000104,0.999845
ACGGAACACGAGTGCC-1,0.40097,0.114986,0.484044
ACGGAATTTAGCAAAT-1,0.044804,0.000289,0.954907
ACGGACGCAGCGACAA-1,0.000014,0.267901,0.732085
ACGGACTCTCAAAGCG-1,0.024445,0.390437,0.585117
ACGGAGCGCAAATTAC-1,0.019266,0.038513,0.942221
ACGGATGGTGCGGATA-1,0.109916,0.27522,0.614864
ACGGCACTTGCTTGGG-1,0.059873,0.198452,0.741674
ACGGCCAACATGGACT-1,0.039794,0.163193,0.797013
ACGGCGACGATGGGAA-1,0.193066,0.038692,0.768242
ACGGCTGGATGTAGAA-1,0.000542,0.228256,0.771202
ACGGGAGTGTCGGCCC-1,0.000018,0.000035,0.999947
ACGGGCGTATGCGACA-1,0.044036,0.280247,0.675717
ACGGGTTGTGACCTGT-1,0.000018,0.198583,0.801398
ACGGTACAGTTCAATG-1,0.994446,0.000039,0.005515
ACGGTCACCGAGAACA-1,0.000006,0.048009,0.951985
ACGTACAGATTTCTCT-1,0.000048,0.014279,0.985673
ACGTACTTTGGCACGG-1,0.044576,0.675287,0.280138
ACGTAGATTGCTGATG-1,0.000015,0.005187,0.994798
ACGTAGGAGAGTCGCT-1,0.411699,0.336484,0.251817
ACGTATTACTCCGATC-1,0.042872,0.209358,0.74777
ACGTCCTAAACGAGAT-1,0.035083,0.127232,0.837685
ACGTCGGGCAACTCGG-1,0.015679,0.473635,0.510686
ACGTCTCGTTCCGGGA-1,0.000034,0.460825,0.539141
ACGTGACAAAGTAAGT-1,0.000035,0.362727,0.637238
ACGTGCGCCTCGTGCA-1,0.000066,0.018022,0.981913
ACGTGGTCGAATGTGC-1,0.000036,0.000073,0.999891
ACGTTAATGTCGAAGA-1,0.00125,0.177765,0.820985
ACGTTAGATTTGCCCG-1,0.000027,0.001983,0.99799
ACGTTCACTATGCCGC-1,0.006227,0.425021,0.568752
ACGTTCCGCGCTCCGT-1,0.000069,0.028667,0.971264
ACGTTCGCAATCAATT-1,0.006626,0.042593,0.950781
ACGTTCGTTCAGGAAA-1,0.045791,0.030998,0.923211
ACGTTCTGTACAAGTC-1,0.556286,0.3482,0.095514
ACGTTGTCGTTGAAAG-1,0.012006,0.586764,0.40123
ACGTTTAGTTGTGATC-1,0.000076,0.018113,0.981811
ACGTTTCGGTGCACTT-1,0.824353,0.133316,0.042332
ACTAAGGACGCACACC-1,0.002293,0.280923,0.716784
ACTAATACGTCAGGCG-1,0.000053,0.020843,0.979104
ACTACAAAGAGAGGTG-1,0.095393,0.505481,0.399126
ACTACATCCCGACAAG-1,0.000004,0.021923,0.978073
ACTACCAGCTCTCTGG-1,0.000052,0.000103,0.999845
ACTACCATCCGAGGGC-1,0.044768,0.227999,0.727233
ACTACGCGTTAGAATT-1,0.010507,0.354658,0.634835
ACTAGTTGCGATCGTC-1,0.070571,0.066154,0.863275
ACTATATGCTGTGTTC-1,0.000054,0.103999,0.895946
ACTATCCAGGGCATGG-1,0.026945,0.344374,0.628681
ACTATCTGCCCGCGTA-1,0.000014,0.117664,0.882322
ACTATGTCCAGCTGCC-1,0.001701,0.603102,0.395196
ACTATTCGTCCGTGGT-1,0.038238,0.000196,0.961566
ACTATTTCCGGGCCCA-1,0.00353,0.319383,0.677087
ACTCAACGAATGTATT-1,0.033106,0.060268,0.906626
ACTCAAGTGCAAGGCT-1,0.427003,0.325254,0.247743
ACTCAATAAAGGCACG-1,0.007959,0.025282,0.966759
ACTCAGACCTGCTTCT-1,0.000123,0.12329,0.876587
ACTCATGGCAGCCTTC-1,0.014912,0.523818,0.461269
ACTCCAATATCATCAT-1,0.005422,0.567947,0.426631
ACTCCCATTCCTAAAG-1,0.000018,0.001442,0.99854
ACTCCCGAATTCGTTT-1,0.010044,0.072766,0.91719
ACTCCCGTAGACTAGG-1,0.005925,0.01781,0.976265
ACTCCCTAATGCTAAA-1,0.013436,0.036259,0.950305
ACTCCCTAGAATAGTA-1,0.250782,0.013309,0.735909
ACTCCGGCCGACCACT-1,0.704682,0.000031,0.295287
ACTCGCCGTTCGATAA-1,0.419892,0.434918,0.14519
ACTCGCGATCTGACGC-1,0.011849,0.376249,0.611902
ACTCGTAACCCGTCCT-1,0.022891,0.085667,0.891442
ACTCGTCAGTAATCCC-1,0.069016,0.02817,0.902814
ACTCTCTGACTTAGGT-1,0.036253,0.087158,0.87659
ACTCTCTTATACACGA-1,0.000186,0.235617,0.764197
ACTCTGACCTAATAGA-1,0.394782,0.004475,0.600744
ACTCTTCAGCTCCCGC-1,0.152449,0.280438,0.567113
ACTCTTGTATAGTAAC-1,0.088717,0.041862,0.869421
ACTGAAACGCCGTTAG-1,0.361207,0.274634,0.364159
ACTGAATGGCGAAAGT-1,0.026884,0.248914,0.724203
ACTGATTTAGTGATTC-1,0.00004,0.000081,0.999879
ACTGCCCGCCATTCTC-1,0.024956,0.717897,0.257147
ACTGCCGTCGTAACTC-1,0.151431,0.00598,0.842589
ACTGCGGACACACCGT-1,0.044199,0.379656,0.576145
ACTGCTCGGAAGGATG-1,0.000012,0.014912,0.985076
ACTGGCGAACCTGCGT-1,0.000015,0.084777,0.915208
ACTGGGATGCCAGTGC-1,0.073706,0.296321,0.629972
ACTGTACGATACACAT-1,0.014569,0.014527,0.970904
ACTGTAGCACTTTGGA-1,0.02079,0.000045,0.979165
ACTGTATACGCGAGCA-1,0.000101,0.024595,0.975303
ACTGTCCAGGATTATA-1,0.017632,0.028742,0.953626
ACTGTCTTCTTTAGAA-1,0.006603,0.055213,0.938184
ACTGTGCTAGTAGATC-1,0.094353,0.000432,0.905215
ACTGTTTAGTGTAGGC-1,0.000162,0.009368,0.990469
ACTTACCGGGCGCGCA-1,0.000035,0.013439,0.986526
ACTTACGCATCCACGC-1,0.15298,0.098752,0.748268
ACTTAGTACGACAAGA-1,0.031825,0.019016,0.949159
ACTTATACTTACCCGG-1,0.016845,0.047875,0.93528
ACTTATTAGGATCGGT-1,0.022151,0.007851,0.969998
ACTTATTTATGTGCCA-1,0.000009,0.000019,0.999972
ACTTCAGGCTGATCCC-1,0.079506,0.048739,0.871755
ACTTCCAGTGGAAGCT-1,0.051229,0.530756,0.418015
ACTTCCATGCGGGACA-1,0.29988,0.050894,0.649226
ACTTCCTGTCGTGCGA-1,0.017471,0.121297,0.861232
ACTTCGCCATACGCAC-1,0.014996,0.023427,0.961577
ACTTCGCTAGCGAGTG-1,0.139449,0.3425,0.518051
ACTTGACTCCCTCTTT-1,0.027647,0.056588,0.915765
ACTTGCCATATTGTAC-1,0.000146,0.13997,0.859883
ACTTGCTCTATCTACC-1,0.004508,0.592347,0.403145
ACTTGGGACCCGGTGG-1,0.026329,0.029619,0.944052
ACTTGGGCTTTCGCCA-1,0.612633,0.198796,0.188571
ACTTGTAGTCCCTTCA-1,0.000022,0.000044,0.999934
ACTTGTGGATGGAACG-1,0.067224,0.136258,0.796518
ACTTGTTACCGGATCA-1,0.118273,0.297625,0.584102
ACTTTACCCTCATGAA-1,0.00002,0.076917,0.923062
ACTTTATACACCACTT-1,0.000839,0.422678,0.576483
ACTTTCCTATAGCTTC-1,0.015878,0.000061,0.984062
ACTTTGACTGCATCCT-1,0.000042,0.027343,0.972615
ACTTTGGTCGTGCTCC-1,0.002701,0.311927,0.685372
ACTTTGTCGACGCACT-1,0.007866,0.085427,0.906707
AGAAATTATGACTCGC-1,0.04995,0.169896,0.780154
AGAACACGGCGATGGT-1,0.000017,0.438145,0.561838
AGAACCCAGCGTGACA-1,0.096173,0.017924,0.885903
AGAACCCTCAATTGGG-1,0.000015,0.287591,0.712394
AGAACGTGGTACATTC-1,0.121373,0.000044,0.878582
AGAACTGTACTTTGTA-1,0.960173,0.006832,0.032995
AGAAGAGCGCCGTTCC-1,0.000267,0.000534,0.999199
AGAAGGTACACTTCAC-1,0.001865,0.089641,0.908493
AGAAGGTTGCCGAATT-1,0.018405,0.064803,0.916792
AGAAGGTTGTAGGTCG-1,0.465197,0.207739,0.327064
AGAAGTGATTCGTGAT-1,0.000054,0.003625,0.996321
AGAATAAATCTTCAGG-1,0.00004,0.068385,0.931576
AGAATACAGGCTATCC-1,0.762797,0.212387,0.024816
AGAATGCGGGTTCGGA-1,0.015092,0.086661,0.898247
AGAATTATGGATTCGA-1,0.128442,0.030181,0.841377
AGAATTGTTTGACATA-1,0.011499,0.000402,0.988099
AGACAGCTCAGAATCC-1,0.113891,0.033812,0.852297
AGACAGGCATCTCAGC-1,0.055962,0.51683,0.427209
AGACATAGATCCTTCC-1,0.034435,0.008155,0.95741
AGACCAAACCACACCT-1,0.000021,0.301546,0.698434
AGACCATGGGATACAA-1,0.000074,0.000148,0.999779
AGACCCACCGCTGATC-1,0.000016,0.041605,0.958379
AGACCCGCCCTCCTCG-1,0.037379,0.119255,0.843366
AGACCGCTCCGCGGTT-1,0.099888,0.200424,0.699689
AGACCGGGAAACCCTG-1,0.000053,0.009114,0.990833
AGACGAAGTGCCGGTC-1,0.361892,0.021797,0.616311
AGACGACGATGCCGCT-1,0.00001,0.009113,0.990877
AGACGCCCACTTCGCC-1,0.000004,0.000452,0.999543
AGACGGGATTGGTATA-1,0.00007,0.008937,0.990992
AGACGGGCCGATTTAA-1,0.000028,0.000056,0.999916
AGACTAGCCTTCCAGA-1,0.000043,0.000085,0.999872
AGACTGTTACCGGGTC-1,0.012655,0.418995,0.56835
AGAGAAACACCAGAAA-1,0.006171,0.173107,0.820722
AGAGAACCGTCTAGGA-1,0.00001,0.006143,0.993847
AGAGAAGGAGTACAAT-1,0.027433,0.271009,0.701558
AGAGATCTCTAAAGCG-1,0.000054,0.000809,0.999137
AGAGCAGTTATGAGAC-1,0.000031,0.000061,0.999908
AGAGCCGCCGAGATTT-1,0.036057,0.142176,0.821768
AGAGCGCTTGTAACGG-1,0.000006,0.057235,0.94276
AGAGCGGGCTAATCAT-1,0.000069,0.001861,0.99807
AGAGCGTACAAGCTCG-1,0.00005,0.0001,0.999849
AGAGGCTTCGGAAACC-1,0.086805,0.246386,0.666809
AGAGGGACAATTGTCC-1,0.048038,0.000019,0.951943
AGAGGTATCTCGGTCC-1,0.036466,0.265874,0.69766
AGAGTAAACTTCACTA-1,0.000013,0.140193,0.859794
AGAGTATAGTGTTACG-1,0.00114,0.076124,0.922735
AGAGTCTTAATGAAAG-1,0.978385,0.000039,0.021576
AGAGTGAACAGACACC-1,0.025238,0.094196,0.880566
AGAGTTAGAGACCGAT-1,0.000047,0.000094,0.999859
AGAGTTGCAGGCCTCC-1,0.000019,0.170156,0.829824
AGATAACTTCAGGGCC-1,0.050525,0.003192,0.946283
AGATAATCACACCTAT-1,0.000012,0.041738,0.95825
AGATACCAATAGAACC-1,0.254212,0.12175,0.624038
AGATACCAGCACTTCA-1,0.026313,0.129843,0.843843
AGATACCGGTGTTCAC-1,0.000027,0.00414,0.995832
AGATACGACTTCATAT-1,0.014326,0.085215,0.900458
AGATACTCAAGATCGA-1,0.024597,0.001833,0.97357
AGATATAATACGACTA-1,0.121211,0.162127,0.716662
AGATCGTGCATAAGAT-1,0.00001,0.015278,0.984712
AGATCTCAGGTGTGAT-1,0.007784,0.000105,0.992111
AGATCTGGAGAGGATA-1,0.000009,0.02973,0.970262
AGATGACTCGCCCACG-1,0.000039,0.013379,0.986582
AGATGAGGGTTGCGAT-1,0.000046,0.000519,0.999434
AGATGATGGAGTCTGG-1,0.000021,0.114112,0.885867
AGATGCAAGACGTGCA-1,0.000018,0.138184,0.861798
AGATGCATCCTGTGTC-1,0.014476,0.305293,0.680231
AGATTATAGGACGTTT-1,0.008154,0.00921,0.982636
AGATTCAAGCGGGTCG-1,0.023286,0.018627,0.958087
AGATTCACAACCGATA-1,0.000019,0.1547,0.845281
AGCAAAGGCCGCTAGT-1,0.081196,0.081838,0.836966
AGCAACATATCTTATT-1,0.000714,0.020834,0.978452
AGCAACCGAAAGTAAT-1,0.019831,0.336879,0.64329
AGCACACGTTTAGACT-1,0.037623,0.418437,0.54394
AGCACCAGTACTCACG-1,0.003232,0.038117,0.958651
AGCACTACCGGCCTGT-1,0.000035,0.000069,0.999896
AGCACTACCTCACCAG-1,0.327669,0.004067,0.668265
AGCACTTAAGGACGCC-1,0.005645,0.000097,0.994257
AGCAGAAGGAGAAAGA-1,0.322885,0.374343,0.302773
AGCAGCCAGATGAATA-1,0.080408,0.213405,0.706188
AGCAGTCGAAGCATGC-1,0.999755,0.000044,0.0002
AGCATATCAATATGCT-1,0.30715,0.031445,0.661405
AGCATCATTTCGAAAG-1,0.035495,0.166806,0.7977
AGCATCGTCGATAATT-1,0.000057,0.08088,0.919063
AGCATTACGAGGCAAG-1,0.706397,0.00053,0.293073
AGCCAAGCTTTGTGTC-1,0.030019,0.137375,0.832606
AGCCACAGGTTACCCG-1,0.354221,0.211931,0.433848
AGCCACTCCCGTGCTT-1,0.000013,0.000025,0.999962
AGCCATATAGTATGTG-1,0.30258,0.474369,0.223051
AGCCCATACATGTAAG-1,0.043913,0.006973,0.949114
AGCCCGCAACAAGCAG-1,0.01766,0.367756,0.614584
AGCCCGCACTACAATG-1,0.668491,0.020485,0.311025
AGCCCGGCATTAGAGG-1,0.000005,0.081176,0.918819
AGCCCGGTAGCCTGTA-1,0.029653,0.040617,0.92973
AGCCCTAAGCGAAGTT-1,0.053197,0.00398,0.942823
AGCCCTCCCTGGTGGC-1,0.007393,0.622442,0.370166
AGCCCTGTCGCACCGT-1,0.000027,0.514899,0.485075
AGCCCTTCTAATCCGA-1,0.000029,0.048255,0.951716
AGCCCTTGGACATCCC-1,0.127761,0.551049,0.32119
AGCCGCAAATTCAAAT-1,0.13752,0.505479,0.357001
AGCCGTGGCTAAATGT-1,0.002365,0.188241,0.809393
AGCCTAATACCCACGT-1,0.000039,0.085141,0.91482
AGCCTTAAAGCGGAAG-1,0.04032,0.03928,0.9204
AGCCTTGTCACTGATA-1,0.036385,0.599183,0.364432
AGCGACAGGAACGGTC-1,0.000007,0.000015,0.999978
AGCGACATCCCATTCA-1,0.000023,0.000046,0.999932
AGCGACCAACGATATT-1,0.016013,0.053644,0.930343
AGCGACTTTGAAGACA-1,0.042559,0.459759,0.497682
AGCGAGACGTGAAGGC-1,0.029385,0.528824,0.441791
AGCGATGCGCCTAATA-1,0.231486,0.215557,0.552957
AGCGCATAATGAATCG-1,0.000011,0.000196,0.999793
AGCGCGGGTGCCAATG-1,0.00002,0.014494,0.985486
AGCGCTAGAGCGATGT-1,0.203041,0.062423,0.734536
AGCGCTTATGGGCAAG-1,0.000077,0.000154,0.999769
AGCGGACACTTCGTAG-1,0.033267,0.085807,0.880926
AGCGGCGGTTAGCGGT-1,0.000024,0.01284,0.987136
AGCGGGAAGGGTCCAT-1,0.000036,0.000072,0.999893
AGCGGGTCTGACACTC-1,0.058919,0.506866,0.434214
AGCGGTTGAGATGTAC-1,0.000041,0.007938,0.992022
AGCGGTTGCCGCTCTG-1,0.000028,0.176697,0.823275
AGCGTGGTATTCTACT-1,0.00002,0.048358,0.951623
AGCGTTCCGATTTAAA-1,0.000062,0.011182,0.988756
AGCTAACAAGCAATGT-1,0.010309,0.006537,0.983154
AGCTAAGCTCCGTCCG-1,0.015795,0.581268,0.402937
AGCTAAGTACGCAGGC-1,0.773942,0.045935,0.180123
AGCTACGAATGGTGGT-1,0.763748,0.174908,0.061344
AGCTAGAAGCAGAAGT-1,0.000011,0.01441,0.985579
AGCTATTTAATCCAAC-1,0.142904,0.000081,0.857016
AGCTCCATATATGTTC-1,0.073563,0.012212,0.914225
AGCTCCTTCGCACATC-1,0.116982,0.098138,0.784879
AGCTCGTTGATGGAAA-1,0.041322,0.216734,0.741944
AGCTCTAGACGTTCCA-1,0.01023,0.097334,0.892436
AGCTCTTCCCAGTGCA-1,0.000045,0.004067,0.995888
AGCTCTTCGTAACCTT-1,0.417314,0.010886,0.5718
AGCTCTTTACTCAGTT-1,0.069951,0.050335,0.879714
AGCTGAAGTAAACCAA-1,0.000694,0.043077,0.956229
AGCTGCATTTGAGGTG-1,0.000022,0.103469,0.896509
AGCTGCTGTGCCGAAT-1,0.00003,0.27078,0.72919
AGCTGTAACCTCAATC-1,0.000038,0.235571,0.76439
AGCTTATAGAGACCTG-1,0.020357,0.091674,0.887969
AGCTTCAATACTTTGA-1,0.013574,0.000319,0.986107
AGCTTCTTCTCGAGCA-1,0.52243,0.065633,0.411937
AGCTTGATCAGGGTAG-1,0.000005,0.00065,0.999345
AGCTTGATCTTAACTT-1,0.000045,0.08617,0.913785
AGGAACGAACGACTTC-1,0.00616,0.084433,0.909406
AGGAAGCTGTCCGCCG-1,0.081228,0.216182,0.70259
AGGACAGTCGAATCCC-1,0.040295,0.032671,0.927034
AGGACATCGCACGTCG-1,0.000063,0.000125,0.999812
AGGACATCGGCACACT-1,0.023334,0.055677,0.920989
AGGACGACCCATTAGA-1,0.00003,0.033103,0.966867
AGGACGCTCGATGTTG-1,0.018214,0.072804,0.908982
AGGAGACATCCACAGT-1,0.000011,0.03271,0.967279
AGGAGAGTCTGGCTAC-1,0.010487,0.085634,0.903879
AGGAGCGTTTATTATC-1,0.913339,0.001031,0.08563
AGGAGGCCTTCGCGCG-1,0.026322,0.20366,0.770018
AGGATAAAGTCGGGAT-1,0.0743,0.209293,0.716407
AGGATATAGGGATTTA-1,0.000012,0.025795,0.974193
AGGATATCCGACTGCA-1,0.910053,0.089699,0.000249
AGGATCACGCGATCTG-1,0.000026,0.000053,0.99992
AGGATTGCTTACGACA-1,0.108414,0.118199,0.773388
AGGCACGTGACTGTCC-1,0.073081,0.337215,0.589704
AGGCAGATGCGTAAAC-1,0.000015,0.031455,0.96853
AGGCAGGGAGCGTACT-1,0.008952,0.099459,0.891589
AGGCATTGTCGTAGGG-1,0.000045,0.307197,0.692757
AGGCCACATTGGTTAC-1,0.026735,0.000608,0.972658
AGGCCACCCGTTATGA-1,0.000038,0.00963,0.990332
AGGCCCATTGTACAGG-1,0.000057,0.091671,0.908272
AGGCCCTAGAACGCCA-1,0.000024,0.019374,0.980602
AGGCCTATCATACCAA-1,0.029589,0.113335,0.857077
AGGCCTGAGAATCTCG-1,0.135799,0.286256,0.577945
AGGCGATAACTGGCGT-1,0.002028,0.044649,0.953323
AGGCGGTTTGTCCCGC-1,0.00054,0.475206,0.524254
AGGCGTCTATGGACGG-1,0.000026,0.101528,0.898446
AGGCTATGGTTAGCTT-1,0.000062,0.033938,0.966
AGGCTTAAGTTGCACA-1,0.445776,0.244281,0.309943
AGGCTTCCCGAAGAAG-1,0.000133,0.045184,0.954683
AGGCTTGCTAGACACC-1,0.054305,0.000154,0.945541
AGGGAAACGAGGTACT-1,0.024391,0.102501,0.873108
AGGGACCGGCTGCGTT-1,0.056916,0.022943,0.920141
AGGGACTCTACGCGAC-1,0.042919,0.19986,0.75722
AGGGAGACATACTTCG-1,0.059944,0.229219,0.710837
AGGGCAGCGGCGTGGT-1,0.000052,0.005913,0.994035
AGGGCCCTAATGTTCT-1,0.013459,0.124521,0.86202
AGGGCGAGCAGCTGAT-1,0.000018,0.000616,0.999367
AGGGCGTGATCGGCTA-1,0.000119,0.115099,0.884782
AGGGCTGCAGTTACAG-1,0.025742,0.013944,0.960315
AGGGTCAGAGCACTCG-1,0.027599,0.42492,0.547482
AGGGTCAGTAACCCTA-1,0.000017,0.171337,0.828646
AGGGTCGATGCGAACT-1,0.036187,0.048565,0.915248
AGGGTCTGGACGCAGT-1,0.545962,0.233483,0.220555
AGGGTGCCGTTCTTTA-1,0.030148,0.361478,0.608374
AGGGTGCTCTCGAGGG-1,0.000016,0.116692,0.883292
AGGGTGGATAGTGCAT-1,0.00012,0.106424,0.893456
AGGGTTCAGACGGTCC-1,0.048108,0.505448,0.446444
AGGGTTCCCTTTGGTT-1,0.000026,0.02003,0.979944
AGGGTTTAGTTCGGGA-1,0.000023,0.000045,0.999932
AGGTAACCTCCTATTC-1,0.000061,0.000123,0.999816
AGGTACGATATTGCCA-1,0.000067,0.000133,0.9998
AGGTAGATCGAGATAT-1,0.024092,0.070284,0.905623
AGGTAGGTACAAAGCT-1,0.000041,0.015371,0.984588
AGGTATAATTGATAGT-1,0.00001,0.015988,0.984002
AGGTATGCGGACATTA-1,0.214773,0.019308,0.765919
AGGTCAGGTGAGAGTG-1,0.000023,0.01014,0.989837
AGGTCGCCTCCCAACA-1,0.011759,0.423094,0.565147
AGGTCGCGGAGTTACT-1,0.000239,0.179203,0.820558
AGGTGCACGTCCACAT-1,0.829905,0.058688,0.111407
AGGTGGTGACCTTCGC-1,0.017492,0.315224,0.667285
AGGTGTATCGCCATGA-1,0.000037,0.000074,0.999889
AGGTGTTGCCGACCAC-1,0.054169,0.148745,0.797087
AGGTTACACCATGCCG-1,0.17882,0.042869,0.778311
AGGTTCTCCTTTCCGG-1,0.000439,0.172767,0.826794
AGGTTGAGGCACGCTT-1,0.004548,0.023048,0.972404
AGGTTTCACACACCTT-1,0.00928,0.011419,0.979301
AGTAACGTTCATCCTG-1,0.038259,0.000164,0.961577
AGTAACTATAGCAGCC-1,0.99982,0.000033,0.000147
AGTAAGGGACAGAATC-1,0.848258,0.116758,0.034983
AGTAATCTAAGGGTGG-1,0.925541,0.074239,0.00022
AGTAATGTCTTGCCGC-1,0.00005,0.001404,0.998547
AGTAATTTGCAAGCGT-1,0.000918,0.087242,0.911839
AGTACAGAAGCTTATA-1,0.827728,0.065121,0.107151
AGTACATCATTTATCA-1,0.010699,0.05075,0.938551
AGTACCTTCGAGTGCT-1,0.000053,0.050153,0.949794
AGTACGGCCCGTATCG-1,0.000065,0.000129,0.999806
AGTACGGGCACCTGGC-1,0.000024,0.052455,0.947521
AGTACGTGGCCTGTCT-1,0.000076,0.02548,0.974443
AGTACTCTTATGCCCA-1,0.307138,0.088457,0.604405
AGTAGAAGGCGCCTCA-1,0.129117,0.208559,0.662324
AGTAGCGTGAACGAAC-1,0.000055,0.00011,0.999836
AGTAGCTAGACGCCGA-1,0.000093,0.050602,0.949305
AGTAGGAAGGAAGTTG-1,0.000046,0.050421,0.949534
AGTAGGTAACATACAT-1,0.001414,0.000093,0.998493
AGTATAATACTAGGCA-1,0.000059,0.000117,0.999824
AGTATACACAGCGACA-1,0.028467,0.400693,0.57084
AGTATGCTGGAGACCA-1,0.016063,0.030868,0.953069
AGTATTTGGCACGACC-1,0.022053,0.164628,0.813319
AGTCAAATGATGTGAT-1,0.000063,0.110669,0.889268
AGTCAACACCACCATC-1,0.014723,0.028081,0.957196
AGTCAAGATGACACTT-1,0.109157,0.10592,0.784923
AGTCACTAGCTCTCGA-1,0.00001,0.009301,0.990689
AGTCAGCCACCGCCTG-1,0.00525,0.000176,0.994574
AGTCCATTGGCTGATG-1,0.031898,0.236025,0.732076
AGTCCCGCCTTTAATT-1,0.000021,0.010597,0.989382
AGTCCCTCGCAGAAAG-1,0.065404,0.187898,0.746698
AGTCGAAACGATTCAG-1,0.062972,0.575477,0.361551
AGTCGAATTAGCGTAA-1,0.101477,0.054383,0.84414
AGTCGACGGTCTCAAG-1,0.000019,0.213984,0.785997
AGTCGGCCCAAACGAC-1,0.000023,0.000046,0.999931
AGTCGGCTCAACTTTA-1,0.020986,0.111281,0.867733
AGTCGGTTGCGTGAGA-1,0.047443,0.088627,0.86393
AGTCGTATAAAGCAGA-1,0.202572,0.333963,0.463465
AGTCGTCGACCACCAA-1,0.097874,0.213117,0.689008
AGTCGTGGGCATTACG-1,0.000031,0.115891,0.884079
AGTCTAAAGTATACTC-1,0.000019,0.1312,0.868781
AGTCTCACAAGACTAC-1,0.000026,0.048417,0.951557
AGTCTGGACATCCTTG-1,0.020181,0.056885,0.922934
AGTCTTCTCCTCAAAT-1,0.019761,0.000096,0.980143
AGTCTTTAAAGTGTCC-1,0.249739,0.00462,0.745641
AGTGAACAAACTTCTC-1,0.032826,0.001343,0.965831
AGTGAAGATGGTGTCC-1,0.000022,0.145975,0.854003
AGTGACCTACTTTACG-1,0.15602,0.001701,0.842279
AGTGACTGTGACACAA-1,0.010979,0.489199,0.499821
AGTGAGACTTCCAGTA-1,0.189585,0.006661,0.803754
AGTGAGCCTCGCCGCC-1,0.030056,0.056501,0.913443
AGTGAGGGTTTCTGAC-1,0.000072,0.000144,0.999784
AGTGAGTCGAATTAAC-1,0.545893,0.251167,0.20294
AGTGATAACCTGCGCG-1,0.277096,0.112034,0.61087
AGTGATATGAGTAGTT-1,0.000022,0.020116,0.979862
AGTGATTCAAGCAGGA-1,0.000017,0.006031,0.993952
AGTGCACGCTTAAGAA-1,0.208773,0.252287,0.53894
AGTGCGTAGCTCGTAA-1,0.03677,0.04559,0.91764
AGTGCTAAACACAGCA-1,0.271911,0.537011,0.191078
AGTGCTTGCACGAATA-1,0.047841,0.0686,0.883559
AGTGGCCCGCAAATGG-1,0.803112,0.041981,0.154907
AGTGGCGGCAATTTGA-1,0.000019,0.08489,0.915091
AGTGGCGTCTGAAGGT-1,0.190029,0.512435,0.297535
AGTGGCTCCGTCGGCC-1,0.000028,0.034216,0.965755
AGTGGTGTTACCCGTG-1,0.00004,0.046144,0.953816
AGTGGTTGCGTATAGG-1,0.000051,0.24775,0.752199
AGTGTATTGCGCATTG-1,0.034187,0.027746,0.938067
AGTGTGGTCTATTGTG-1,0.000198,0.132206,0.867595
AGTTAAACACTTGCGA-1,0.028059,0.029811,0.94213
AGTTAAGCGGTCCCGG-1,0.020911,0.007508,0.97158
AGTTAAGTCAACCGCT-1,0.158812,0.041736,0.799452
AGTTACCGCACATGGT-1,0.075039,0.131177,0.793785
AGTTACTCTATCGTGG-1,0.0203,0.000114,0.979586
AGTTATTCAGACTGTG-1,0.885668,0.065752,0.04858
AGTTATTGAAAGGTAA-1,0.000058,0.000116,0.999826
AGTTCCTACAGAATTA-1,0.031328,0.054146,0.914526
AGTTCCTATTTATGTT-1,0.082839,0.038416,0.878745
AGTTGACGGTCCTTGC-1,0.08506,0.072681,0.842259
AGTTGCGGTCCTCAAC-1,0.000006,0.059519,0.940475
