Barcode,Topic 1,Topic 2,Topic 3,Topic 4to6,Topic 7to12
AAACAACGAATAGTTC-1,0.000128,0.000661,0.109654,0.282034,0.607522
AAACAAGTATCTCCCA-1,0.000029,0.062676,0.000029,0.478727,0.45854
AAACAATCTACTAGCA-1,0.000172,0.000172,0.000172,0.99845,0.001033
AAACACCAATAACTGC-1,0.000039,0.001694,0.065546,0.634976,0.297745
AAACAGAGCGACTCCT-1,0.000046,0.000046,0.000046,0.824841,0.175022
AAACAGCTTTCAGAAG-1,0.000044,0.062584,0.000044,0.599125,0.338203
AAACAGGGTCTATATT-1,0.000033,0.017831,0.022448,0.293434,0.666254
AAACAGTGTTCCTGGG-1,0.000098,0.007737,0.15162,0.443927,0.396618
AAACATGGTGAGAGGA-1,0.000026,0.090183,0.042818,0.382211,0.484762
AAACATTTCCCGGATT-1,0.000034,0.019059,0.000034,0.603518,0.377354
AAACCACTACACAGAT-1,0.000049,0.000049,0.213626,0.407055,0.379222
AAACCCGAACGAAATC-1,0.000034,0.398229,0.000034,0.423825,0.177877
AAACCGGAAATGTTAA-1,0.000032,0.593257,0.19172,0.126949,0.088042
AAACCGGGTAGGTACC-1,0.00017,0.058779,0.492349,0.383775,0.064927
AAACCGTTCGTCCAGG-1,0.000101,0.000101,0.000101,0.737475,0.262221
AAACCTAAGCAGCCGG-1,0.000035,0.000035,0.000035,0.744249,0.255647
AAACCTCATGAAGTTG-1,0.000156,0.000156,0.000156,0.998598,0.000935
AAACGAAGAACATACC-1,0.000055,0.000055,0.028388,0.659155,0.312348
AAACGAAGATGGAGTA-1,0.000015,0.000015,0.138937,0.000046,0.860987
AAACGACAGTCTTGCC-1,0.000043,0.000043,0.028459,0.515731,0.455724
AAACGAGACGGTTGAT-1,0.00003,0.002207,0.003452,0.186961,0.807349
AAACGCCCGAGATCGG-1,0.000072,0.000072,0.032141,0.622974,0.34474
AAACGCTGGGCACGAC-1,0.000011,0.192907,0.209556,0.13826,0.459267
AAACGGGCGTACGGGT-1,0.000021,0.000021,0.000021,0.212144,0.787793
AAACGGGTTGGTATCC-1,0.000055,0.037445,0.075954,0.211304,0.675242
AAACGGTTGCGAACTG-1,0.000078,0.000078,0.000078,0.95996,0.039804
AAACGTGTTCGCCCTA-1,0.000018,0.061824,0.047632,0.014332,0.876193
AAACTAACGTGGCGAC-1,0.000037,0.000037,0.043623,0.373062,0.58324
AAACTCGGTTCGCAAT-1,0.000059,0.000059,0.019823,0.724889,0.255169
AAACTCGTGATATAAG-1,0.000068,0.030937,0.000068,0.665772,0.303155
AAACTGCTGGCTCCAA-1,0.000021,0.000021,0.032261,0.128142,0.839555
AAACTTAATTGCACGC-1,0.00003,0.002324,0.028921,0.396668,0.572057
AAACTTGCAAACGTAT-1,0.0001,0.127564,0.0001,0.865498,0.006738
AAAGAATGACCTTAGA-1,0.000012,0.000012,0.085417,0.052575,0.861984
AAAGAATGTGGACTAA-1,0.000027,0.277681,0.000027,0.476317,0.245947
AAAGACATGAAGTTTA-1,0.000061,0.000061,0.060936,0.747033,0.191908
AAAGACCCAAGTCGCG-1,0.00014,0.00014,0.00014,0.998744,0.000838
AAAGACTGGGCGCTTT-1,0.000189,0.000189,0.000189,0.998299,0.001134
AAAGCTTGCCTACATA-1,0.000032,0.023123,0.018285,0.263658,0.694901
AAAGGCCCTATAATAC-1,0.000019,0.064676,0.010549,0.192636,0.732119
AAAGGCTACGGACCAT-1,0.000083,0.000083,0.000083,0.862869,0.136882
AAAGGCTCTCGCGCCG-1,0.000052,0.025033,0.015478,0.511317,0.448121
AAAGGGATGTAGCAAG-1,0.00011,0.00011,0.028876,0.970243,0.000661
AAAGGGCAGCTTGAAT-1,0.00009,0.00009,0.035561,0.441239,0.52302
AAAGGTAAGCTGTACC-1,0.000057,0.000057,0.048513,0.573441,0.377933
AAAGGTCAACGACATG-1,0.000065,0.000065,0.001111,0.824122,0.174637
AAAGTAGCATTGCTCA-1,0.000179,0.000179,0.045228,0.953338,0.001075
AAAGTCACTGATGTAA-1,0.000107,0.000107,0.082982,0.678407,0.238397
AAAGTCGACCCTCAGT-1,0.00016,0.00016,0.00016,0.99856,0.00096
AAAGTGCCATCAATTA-1,0.000015,0.293746,0.093168,0.227001,0.386071
AAAGTGTGATTTATCT-1,0.000054,0.000054,0.000054,0.690196,0.309642
AAAGTTGACTCCCGTA-1,0.000023,0.081849,0.035101,0.063875,0.819151
AAATAACCATACGGGA-1,0.000021,0.000021,0.000021,0.070613,0.929324
AAATAAGGTAGTGCCC-1,0.000027,0.166678,0.009688,0.273138,0.55047
AAATACCTATAAGCAT-1,0.000046,0.000046,0.000046,0.538248,0.461613
AAATAGCTTAGACTTT-1,0.000026,0.027874,0.000026,0.283772,0.688303
AAATAGGGTGCTATTG-1,0.000045,0.000045,0.000045,0.376349,0.623518
AAATCACTCCTAAACG-1,0.000041,0.004464,0.116409,0.751938,0.127147
AAATCCGATACACGCC-1,0.000025,0.096117,0.036917,0.388926,0.478016
AAATCGCGGAAGGAGT-1,0.000028,0.043072,0.05274,0.268255,0.635906
AAATCGTGTACCACAA-1,0.000046,0.000046,0.003134,0.373938,0.622836
AAATCTAGCCCTGCTA-1,0.000031,0.015598,0.067099,0.47728,0.439992
AAATCTGCCCGCGTCC-1,0.000043,0.020304,0.000043,0.563515,0.416095
AAATGACTGATCAAAC-1,0.000039,0.000039,0.000039,0.159545,0.840337
AAATGATTCGATCAGC-1,0.000067,0.000067,0.000067,0.305509,0.69429
AAATGCTCGTTACGTT-1,0.000443,0.098335,0.502578,0.395984,0.00266
AAATGGCATGTCTTGT-1,0.000046,0.000046,0.072377,0.330569,0.596962
AAATGGCCCGTGCCCT-1,0.000038,0.047071,0.063115,0.345512,0.544263
AAATGGTCAATGTGCC-1,0.000063,0.000063,0.011278,0.52898,0.459617
AAATGTATCTTATCCC-1,0.000053,0.000053,0.000053,0.716766,0.283075
AAATGTGGGTGCTCCT-1,0.000101,0.000101,0.024096,0.915801,0.059901
AAATTAACGGGTAGCT-1,0.000085,0.018369,0.000085,0.937654,0.043806
AAATTAATAAGCGCGA-1,0.00005,0.024832,0.005198,0.614065,0.355854
AAATTACACGACTCTG-1,0.000049,0.000049,0.000049,0.3334,0.666454
AAATTACCTATCGATG-1,0.000049,0.0081,0.000049,0.79997,0.191832
AAATTCCAGGTCCAAA-1,0.000015,0.042289,0.004964,0.175686,0.777047
AAATTGATAGTCCTTT-1,0.000119,0.055484,0.410721,0.53296,0.000716
AAATTGCGGCGGTTCT-1,0.000359,0.000359,0.344494,0.549137,0.105651
AAATTGGTGAGAAGCA-1,0.000024,0.019901,0.015925,0.152156,0.811993
AAATTTACCGAAATCC-1,0.000069,0.000069,0.000069,0.94881,0.050983
AAATTTGCGGGTGTGG-1,0.000108,0.000108,0.235827,0.642352,0.121605
AACAACTGGTAGTTGC-1,0.000192,0.000192,0.000192,0.860986,0.138437
AACAATACATTGTCGA-1,0.00012,0.00012,0.116304,0.694833,0.188624
AACAATTACTCTACGC-1,0.000204,0.000204,0.219829,0.778541,0.001223
AACACACGCTCGCCGC-1,0.000052,0.022263,0.12607,0.826204,0.02541
AACACGACTGTACTGA-1,0.000083,0.000083,0.038821,0.523871,0.437142
AACACGAGACGCGGCC-1,0.00015,0.00015,0.00015,0.998646,0.000903
AACACGCGGCCGCGAA-1,0.000076,0.080745,0.105257,0.408599,0.405324
AACAGCTGTGTGGCAA-1,0.000149,0.000149,0.000149,0.998656,0.000896
AACAGGAAATCGAATA-1,0.000049,0.000049,0.000049,0.409725,0.59013
AACAGGATGGGCCGCG-1,0.000267,0.000267,0.000267,0.997596,0.001603
AACAGGTAGTATGGAT-1,0.000043,0.25309,0.000043,0.311588,0.435237
AACATAGCGTGTATCG-1,0.00004,0.00004,0.00004,0.526684,0.473194
AACATATCAACTGGTG-1,0.000038,0.000038,0.005333,0.305191,0.6894
AACATCGATACGTCTA-1,0.000024,0.033774,0.000024,0.047461,0.918717
AACATTGAAGTTGATC-1,0.00005,0.00005,0.021585,0.405282,0.573034
AACATTGTGACTCGAG-1,0.000075,0.000075,0.070524,0.681524,0.247802
AACCAAGACTTCTCTG-1,0.000049,0.127107,0.691801,0.18075,0.000293
AACCAGTATCACTCTT-1,0.000043,0.000043,0.000043,0.243528,0.756342
AACCATAGGGTTGAAC-1,0.000032,0.042631,0.000032,0.639193,0.318112
AACCATGGGATCGCTA-1,0.000287,0.000287,0.102133,0.572753,0.324539
AACCCAGAGACGGAGA-1,0.000167,0.000167,0.000167,0.968156,0.031344
AACCCATCCCATGATC-1,0.000046,0.055609,0.000046,0.448863,0.495436
AACCCGACAACCCGTG-1,0.000078,0.022779,0.095924,0.415869,0.46535
AACCCGAGCAGAATCG-1,0.000055,0.607313,0.000055,0.392247,0.00033
AACCCGATAGGGCTTC-1,0.000052,0.015307,0.051799,0.583594,0.349248
AACCCGCTGTATTCCA-1,0.000023,0.000023,0.226862,0.093744,0.679349
AACCCTACTGTCAATA-1,0.000032,0.042906,0.040415,0.328838,0.587809
AACCCTGGTGGAACCA-1,0.000078,0.000078,0.080595,0.700744,0.218506
AACCGAGCTTGGTCAT-1,0.000099,0.000099,0.000099,0.922539,0.077163
AACCGCTAAGGGATGC-1,0.000035,0.000035,0.019608,0.47116,0.509163
AACCGTTGTGTTTGCT-1,0.000111,0.000111,0.000111,0.999001,0.000666
AACCTAAAGCCGTCCG-1,0.000073,0.000073,0.043564,0.858864,0.097426
AACCTCGCTTTAGCCC-1,0.000027,0.00457,0.017714,0.034185,0.943504
AACCTGTCACGGAATT-1,0.000038,0.060676,0.057503,0.317471,0.564313
AACCTTTAAATACGGT-1,0.000031,0.000031,0.000031,0.191926,0.807981
AACCTTTACGACGTCT-1,0.000063,0.000063,0.000063,0.78868,0.211131
AACGAAAGTCGTCCCA-1,0.00004,0.00004,0.00004,0.503364,0.496516
AACGACCTCCTAGCCG-1,0.000025,0.971231,0.028523,0.000074,0.000148
AACGATAATGCCGTAG-1,0.000037,0.000037,0.033102,0.222146,0.744679
AACGATAGAAGGGCCG-1,0.000084,0.000084,0.000084,0.526337,0.473411
AACGATATGTCAACTG-1,0.000037,0.035118,0.000037,0.062087,0.902722
AACGCATGATCTGGGT-1,0.000054,0.0523,0.000054,0.626952,0.32064
AACGCGAACGGCAACA-1,0.000069,0.000069,0.236816,0.283116,0.479931
AACGCGACCTTGGGCG-1,0.00008,0.00008,0.176813,0.822545,0.000481
AACGCGGTCTCCAGCC-1,0.00008,0.142796,0.047089,0.425793,0.384243
AACGCTGTTGCTGAAA-1,0.000031,0.000031,0.000031,0.225795,0.774114
AACGGACGTACGTATA-1,0.000029,0.005727,0.000029,0.252652,0.741564
AACGGCCATCTCCGGT-1,0.000132,0.000132,0.06184,0.937106,0.00079
AACGTACTGTGGGTAC-1,0.000178,0.000178,0.000178,0.998401,0.001066
AACGTCAGACTAGTGG-1,0.000137,0.102917,0.000137,0.804295,0.092514
AACGTCATCCGGCTTG-1,0.00006,0.00006,0.00006,0.334308,0.665511
AACGTCGCTGCACTTC-1,0.000025,0.531664,0.162208,0.000075,0.306028
AACGTGATGAAGGACA-1,0.000044,0.000044,0.000044,0.324958,0.67491
AACGTGCGAAAGTCTC-1,0.000049,0.000049,0.000049,0.727734,0.272119
AACGTTATCAGCACCT-1,0.000135,0.000135,0.000135,0.99506,0.004535
AACGTTCTACCATTGT-1,0.000014,0.20264,0.135778,0.219922,0.441646
AACTACCCGTTTGTCA-1,0.000026,0.409869,0.000026,0.409144,0.180935
AACTAGCGTATCGCAC-1,0.000149,0.05176,0.000149,0.947049,0.000893
AACTAGGCTTGGGTGT-1,0.000147,0.065821,0.074173,0.709181,0.150678
AACTCAAGTTAATTGC-1,0.000141,0.000141,0.000141,0.998729,0.000847
AACTCCAGAGCGTGTT-1,0.000033,0.000033,0.040702,0.175671,0.783561
AACTCCTAATCCCATG-1,0.000041,0.000041,0.000041,0.536518,0.463358
AACTCGATAAACACGT-1,0.000305,0.000305,0.318037,0.578523,0.102829
AACTCGATGGCGCAGT-1,0.00006,0.045888,0.023142,0.192777,0.738133
AACTCTCAATAGAGCG-1,0.000044,0.042865,0.022712,0.53315,0.401228
AACTCTCAGTGTGCTC-1,0.000082,0.154118,0.000082,0.464742,0.380975
AACTGAGGTCAGCGTC-1,0.000079,0.047654,0.016339,0.708181,0.227747
AACTGAGTTATACTGA-1,0.000024,0.429413,0.206582,0.187041,0.17694
AACTGATATTAGGCCT-1,0.000067,0.023363,0.008816,0.665493,0.30226
AACTGGGTCCCGACGT-1,0.000056,0.000056,0.000056,0.590505,0.409327
AACTGGGTTCGAGCCG-1,0.00005,0.00005,0.00005,0.465674,0.534176
AACTGGTGTGGGCCTT-1,0.000138,0.000138,0.000138,0.916421,0.083164
AACTTCTGCGTCTATC-1,0.000131,0.000131,0.062625,0.936326,0.000786
AACTTGCCCGTATGCA-1,0.000218,0.000218,0.67241,0.325845,0.001309
AACTTGCGTTCTCGCG-1,0.000174,0.000174,0.16492,0.250931,0.583801
AACTTTACGGGAGCTT-1,0.000052,0.000052,0.020756,0.583741,0.3954
AACTTTAGCTGCTGAG-1,0.000143,0.000143,0.024641,0.974211,0.000861
AACTTTCTCGATCATG-1,0.000044,0.032079,0.000044,0.491692,0.476142
AAGAAAGTTTGATGGG-1,0.00005,0.00116,0.269436,0.000149,0.729205
AAGAAATCACCAGATT-1,0.000034,0.008401,0.000034,0.642814,0.348718
AAGAAGGATCAGTTAG-1,0.000231,0.000231,0.294813,0.332287,0.372438
AAGACATACGTGGTTT-1,0.00003,0.962934,0.00003,0.029309,0.007696
AAGACCAAATAACTCA-1,0.00001,0.002184,0.00001,0.061431,0.936366
AAGACCCAACTGAACA-1,0.00005,0.00005,0.00005,0.701328,0.298522
AAGACTAACCCGTTGT-1,0.000082,0.05333,0.083595,0.498243,0.36475
AAGACTCACGCCCACT-1,0.000035,0.011046,0.035147,0.529794,0.423979
AAGACTGCAAGCTACT-1,0.00005,0.046074,0.048853,0.354038,0.550984
AAGAGATGAATCGGTA-1,0.00027,0.00027,0.55524,0.442603,0.001618
AAGAGCTCTTTATCGG-1,0.000025,0.019235,0.000025,0.509025,0.471691
AAGAGGATGTACGCGA-1,0.000154,0.000154,0.84226,0.156508,0.000924
AAGAGGCATGGATCGC-1,0.000047,0.000047,0.000047,0.637814,0.362047
AAGAGGCCCTTTGGAA-1,0.000026,0.297658,0.162624,0.180299,0.359393
AAGATGGCACCGGACC-1,0.000119,0.008721,0.153169,0.690424,0.147567
AAGATTGGCGGAACGT-1,0.000027,0.000027,0.000027,0.21031,0.789608
AAGCACCCTGCGTATC-1,0.000054,0.000054,0.004035,0.286664,0.709193
AAGCATACTCTCCTGA-1,0.000054,0.000054,0.06916,0.442618,0.488115
AAGCCACTTGCAGGTA-1,0.000037,0.005201,0.045106,0.218831,0.730825
AAGCCGAAGCGGTTTA-1,0.000022,0.024256,0.17354,0.253012,0.54917
AAGCCGCCGTGAAATC-1,0.000027,0.023046,0.085672,0.463941,0.427315
AAGCCGCTTTACCTTG-1,0.000026,0.000026,0.004215,0.104141,0.891591
AAGCCGGAGAGCAGGA-1,0.000016,0.322435,0.108622,0.117056,0.451871
AAGCGCAGGGCTTTGA-1,0.000037,0.011225,0.064545,0.062085,0.862108
AAGCGGAGTGCGCGCA-1,0.000017,0.000017,0.246259,0.145186,0.60852
AAGCGGCGTCATGGGT-1,0.000063,0.000063,0.000063,0.638595,0.361215
AAGCGTCCCTCATCGA-1,0.000164,0.000164,0.50858,0.490105,0.000986
AAGCTAGATCGAGTAA-1,0.000095,0.000095,0.125572,0.681488,0.192749
AAGCTATGGATTGACC-1,0.000136,0.347752,0.000136,0.182299,0.469678
AAGCTCGTGCCAAGTC-1,0.000067,0.000067,0.000067,0.79274,0.20706
AAGCTCTTTCATGGTG-1,0.000131,0.000131,0.46324,0.535647,0.000852
AAGGAGAACTTATAAG-1,0.000113,0.000113,0.055806,0.943287,0.00068
AAGGAGCGGTTGGTGC-1,0.000082,0.000082,0.08669,0.560105,0.35304
AAGGATCGATCGCTTG-1,0.000043,0.02157,0.000043,0.455088,0.523255
AAGGATGAGGGACCTC-1,0.000021,0.15043,0.024936,0.078598,0.746014
AAGGCAGGCTGTCTCC-1,0.000053,0.391082,0.000053,0.444063,0.164748
AAGGCGCGTAAAGCTT-1,0.000123,0.000123,0.000123,0.998894,0.000737
AAGGCTGTGCTCATCG-1,0.000075,0.000075,0.028081,0.619155,0.352614
AAGGGAACGACTGGCT-1,0.000044,0.000044,0.000044,0.71797,0.281899
AAGGGACAGATTCTGT-1,0.000024,0.000024,0.000024,0.096624,0.903304
AAGGGACTATGCATTC-1,0.000048,0.000048,0.026943,0.58228,0.390682
AAGGGTTAGCCATGCG-1,0.000072,0.713595,0.046102,0.147444,0.092787
AAGGGTTTGATTTCAG-1,0.000028,0.005406,0.109698,0.179842,0.705027
AAGGTATCCTAATATA-1,0.000041,0.000041,0.000041,0.641392,0.358484
AAGGTGATAAACCAGC-1,0.000044,0.000044,0.000044,0.759073,0.240794
AAGTAGAAGACCGGGT-1,0.000122,0.000122,0.000122,0.99255,0.007084
AAGTAGTGACGCGAGG-1,0.000098,0.026825,0.020663,0.457802,0.494611
AAGTCAATTGTCGTCA-1,0.000044,0.131755,0.000044,0.562471,0.305684
AAGTCTAGTAGCTGCC-1,0.000065,0.026611,0.000065,0.67889,0.29437
AAGTCTTCTGTGGCCT-1,0.000076,0.133926,0.000076,0.22294,0.642983
AAGTGACGACCGAATT-1,0.000173,0.000173,0.089594,0.809832,0.100228
AAGTGAGTCGGGTTTA-1,0.000106,0.022663,0.000106,0.914678,0.062448
AAGTGCAAAGGTAGAC-1,0.000078,0.000078,0.109601,0.813333,0.076911
AAGTGCCTTGACTGTA-1,0.000023,0.105449,0.000023,0.063603,0.830902
AAGTGCGTTAGAATCT-1,0.000154,0.000154,0.000154,0.940924,0.058614
AAGTGCTTCTCTATTG-1,0.000128,0.000128,0.000128,0.847627,0.151987
AAGTGTTTGGAGACGG-1,0.000036,0.000036,0.12863,0.299307,0.571992
AAGTTCACTCCAAGCT-1,0.000033,0.011249,0.047319,0.270615,0.670784
AAGTTCAGTCTGCGTA-1,0.000036,0.000036,0.009805,0.179565,0.810559
AAGTTCGGCCAACAGG-1,0.000145,0.023476,0.170355,0.677287,0.128736
AAGTTGTGATGTTATA-1,0.000046,0.154617,0.02462,0.548006,0.272711
AAGTTTACTAATGGCA-1,0.000092,0.000092,0.089279,0.743976,0.166561
AAGTTTATGGGCCCAA-1,0.000029,0.01701,0.000029,0.227705,0.755227
AATAACAACGCTCGGC-1,0.000126,0.070922,0.309102,0.323102,0.296748
AATAACACTAGAACAA-1,0.000087,0.195647,0.06527,0.553714,0.185282
AATAACGTCGCGCCCA-1,0.000029,0.84853,0.151177,0.000088,0.000176
AATAAGTCCTCGAGAC-1,0.0001,0.098806,0.047715,0.840057,0.013322
AATAATCTTCGTATCG-1,0.000033,0.948084,0.029068,0.02262,0.000195
AATACAATGTTTCAGG-1,0.000225,0.000225,0.061963,0.93624,0.001348
AATACCGGAGGGCTGT-1,0.000171,0.000171,0.000171,0.998463,0.001025
AATACCTGATGTGAAC-1,0.000005,0.058232,0.414775,0.000015,0.526972
AATAGAACAGAGTGGC-1,0.000128,0.000128,0.023593,0.975381,0.000769
AATAGAATCTGTTTCA-1,0.00003,0.00003,0.106209,0.149868,0.743864
AATAGCAAGCCTCCTG-1,0.000062,0.000062,0.000062,0.193012,0.806801
AATAGCTACCGCGTGC-1,0.00003,0.00003,0.00003,0.258359,0.741552
AATAGGCACGACCCTT-1,0.000023,0.000023,0.09489,0.013288,0.891776
AATAGTCCGTCCCGAC-1,0.000071,0.000071,0.000071,0.861077,0.138709
AATAGTCGCGAGTCGG-1,0.000054,0.000054,0.046865,0.661762,0.291266
AATATCAAGGTCGGAT-1,0.000202,0.000202,0.000202,0.998184,0.001211
AATATCCTAGCAAACT-1,0.000035,0.009813,0.000035,0.30243,0.687687
AATATCGAATCAATGC-1,0.000022,0.029822,0.012033,0.269484,0.688639
AATATCGAGGGTTCTC-1,0.000043,0.18378,0.000043,0.193613,0.622522
AATATTGGAGTATTGA-1,0.000187,0.007438,0.071938,0.919316,0.001121
AATCAGACTGCAGGAC-1,0.000054,0.037243,0.052374,0.285865,0.624464
AATCAGGTTTCATTTA-1,0.000074,0.004341,0.07012,0.757505,0.16796
AATCATGTAAAGACTC-1,0.000027,0.018553,0.000027,0.395269,0.586123
AATCCAAGGGCCTGAG-1,0.000109,0.000109,0.076427,0.566682,0.356674
AATCCATGCAAGGGTG-1,0.000072,0.041749,0.07051,0.255231,0.632438
AATCCCGCTCAGAGCC-1,0.000046,0.000046,0.08196,0.056847,0.8611
AATCGAGGTCTCAAGG-1,0.000016,0.007653,0.172433,0.024753,0.795146
AATCGCCTCAGCGCCA-1,0.000072,0.000072,0.000072,0.981246,0.018538
AATCGCGCAGAGGACT-1,0.000094,0.194611,0.194656,0.610074,0.000564
AATCGGGACACTACGA-1,0.000102,0.000102,0.000102,0.931501,0.068194
AATCGGTATAGCCCTC-1,0.000019,0.432454,0.461091,0.000058,0.106378
AATCGTGAGCCGAGCA-1,0.000041,0.000041,0.005649,0.433844,0.560424
AATCTAGGTTTACTTG-1,0.000071,0.000071,0.009875,0.634503,0.355479
AATCTATGCCGGAGCC-1,0.000035,0.03072,0.000035,0.256127,0.713081
AATCTCTACTGTGGTT-1,0.000045,0.000045,0.119776,0.543562,0.336572
AATCTGCGTTGGGACG-1,0.00004,0.080742,0.00004,0.481292,0.437887
AATCTGGCTTTCTAGT-1,0.000048,0.000048,0.099375,0.297387,0.603142
AATCTGGGTAGACCCT-1,0.000084,0.000084,0.000084,0.795516,0.204232
AATGACAGCAATGTCT-1,0.000079,0.082277,0.078476,0.333745,0.505422
AATGACGTAGGATGTC-1,0.000019,0.000019,0.000019,0.000056,0.999889
AATGACTGTCAGCCGG-1,0.000056,0.000056,0.058323,0.382463,0.559103
AATGAGTTCGCATATG-1,0.000152,0.051263,0.185939,0.178625,0.584022
AATGATGATACGCTAT-1,0.000014,0.003231,0.040668,0.000042,0.956046
AATGATGCGACTCCTG-1,0.000063,0.046368,0.000063,0.725997,0.22751
AATGCAACCGGGTACC-1,0.00007,0.00007,0.00007,0.564324,0.435466
AATGCACCAAGCAATG-1,0.000043,0.000043,0.000043,0.625753,0.374117
AATGGCCGCCAATGCG-1,0.000057,0.000057,0.033537,0.537538,0.428812
AATGGTCCACCGTTCA-1,0.000559,0.000559,0.055451,0.82695,0.116481
AATGGTTCTCACAAGC-1,0.000296,0.028774,0.000296,0.968862,0.001773
AATGTATGGCACTGTA-1,0.000021,0.054683,0.000021,0.294542,0.650732
AATGTGCCCGAGGTGT-1,0.000161,0.047866,0.000161,0.950849,0.000963
AATGTGCTAATCTGAG-1,0.000092,0.000092,0.000092,0.883184,0.11654
AATGTTAAGACCCTGA-1,0.000023,0.000023,0.000023,0.103729,0.896202
AATGTTGTCGTGAGAC-1,0.000031,0.200799,0.074405,0.28992,0.434845
AATTAAAGGTCGGCGT-1,0.000051,0.06311,0.017358,0.382313,0.537169
AATTAACGGATTTCCA-1,0.00009,0.00009,0.00009,0.999194,0.000537
AATTACGAGACCCATC-1,0.000024,0.05306,0.025982,0.033712,0.887221
AATTACTCGTACGCTC-1,0.000081,0.000081,0.029559,0.389053,0.581226
AATTAGCGCTGCAGCG-1,0.000054,0.000054,0.000054,0.551622,0.448217
AATTATACCCAGCAAG-1,0.00001,0.007565,0.018636,0.008802,0.964987
AATTCATAAGGGATCT-1,0.000032,0.000032,0.000032,0.219821,0.780083
AATTCATTGTCATGCA-1,0.000037,0.093904,0.000037,0.47568,0.430342
AATTCCAACTTGGTGA-1,0.000063,0.078462,0.054503,0.300372,0.5666
AATTCCAAGCATGTAC-1,0.00004,0.029599,0.020912,0.282282,0.667167
AATTCGATTCGAGGAT-1,0.000064,0.000064,0.068185,0.330497,0.60119
AATTCTAGAGTTAGGC-1,0.000079,0.017313,0.000079,0.548796,0.433734
AATTGAACGCTCTGGT-1,0.000054,0.000054,0.000054,0.497839,0.502
AATTGCAGCAATCGAC-1,0.000027,0.057393,0.163675,0.569943,0.208961
AATTGCGTGGATTACA-1,0.000036,0.094728,0.081549,0.534616,0.289071
AATTGTGGTTGCCAAA-1,0.000032,0.884099,0.000032,0.115646,0.000191
AATTTGGGACATAGTA-1,0.000063,0.000063,0.000063,0.766663,0.233147
AATTTGGTTCCAAAGA-1,0.000043,0.000043,0.028409,0.417906,0.553599
ACAAACCATGCGTCCT-1,0.000037,0.006116,0.014779,0.781452,0.197616
ACAAACCGACAAGGCG-1,0.000057,0.000057,0.092285,0.890303,0.017298
ACAAACTCCATCAGAG-1,0.000053,0.000053,0.464116,0.060977,0.474801
ACAAAGAAGGTAGGCC-1,0.000053,0.043312,0.000053,0.742806,0.213776
ACAAAGCATGACCTAG-1,0.000019,0.000019,0.088862,0.421642,0.489457
ACAAATCGCACCGAAT-1,0.000034,0.000034,0.000034,0.56456,0.435338
ACAAATGGTAGTGTTT-1,0.00005,0.00005,0.00005,0.667273,0.332576
ACAAATTCAGATCTGA-1,0.000047,0.000047,0.001083,0.520767,0.478057
ACAACAGCATGAGCTA-1,0.000025,0.000025,0.000025,0.018925,0.981
ACAACGGTCCCTGCGA-1,0.000212,0.144,0.068148,0.376463,0.411176
ACAAGCAGTGCCTAGC-1,0.000177,0.000177,0.294217,0.704368,0.001062
ACAAGCTATATGGAAG-1,0.000055,0.038429,0.000055,0.50511,0.45635
ACAAGGAAATCCGCCC-1,0.000052,0.042954,0.000052,0.884635,0.072307
ACAAGGACAAGAGGTT-1,0.000089,0.000089,0.000089,0.80241,0.197322
ACAAGGATGCTTTAGG-1,0.000038,0.003856,0.010209,0.32578,0.660118
ACAAGGCCTACCAGCC-1,0.000091,0.000091,0.000091,0.792731,0.206994
ACAAGGGCAGGCTCTG-1,0.000054,0.000054,0.000054,0.68277,0.317067
ACAAGTAATTGTAAGG-1,0.000032,0.000032,0.000032,0.285304,0.7146
ACAATAGTCGTACGTT-1,0.000156,0.000156,0.000156,0.998598,0.000935
ACAATCCATTTAAACC-1,0.000101,0.053563,0.093552,0.622352,0.230433
ACAATCGATCTTTATA-1,0.000098,0.000098,0.000098,0.777147,0.222558
ACAATGAATACGGAGA-1,0.000166,0.000166,0.000166,0.998503,0.000998
ACAATGATTCTTCTAC-1,0.000079,0.022423,0.01678,0.605919,0.354799
ACAATTGTGTCTCTTT-1,0.000029,0.039468,0.069515,0.270125,0.620862
ACAATTTAGGAGGCTC-1,0.000072,0.009334,0.069034,0.86707,0.05449
ACAATTTGAGCAGTGG-1,0.000059,0.000059,0.058744,0.54702,0.394118
ACAATTTGGCCATATT-1,0.000049,0.661167,0.000595,0.291505,0.046684
ACACAAAGACGGGTGG-1,0.000103,0.000103,0.000103,0.917239,0.082453
ACACAAATATTCCTAG-1,0.00002,0.045159,0.088422,0.185995,0.680404
ACACACCAGGACCAGT-1,0.000029,0.011777,0.000029,0.055637,0.932529
ACACACTTTCTACACG-1,0.000076,0.000076,0.000076,0.442973,0.556798
ACACATGATCAAATCT-1,0.000047,0.000047,0.000047,0.684368,0.315491
ACACATTGACGCAACA-1,0.000119,0.000119,0.000119,0.699969,0.299674
ACACATTTCCGTAGAC-1,0.000055,0.000055,0.000055,0.239906,0.75993
ACACCACATAATTAGC-1,0.00002,0.012552,0.00002,0.118267,0.869142
ACACCCAGCATGCAGC-1,0.000083,0.000083,0.000083,0.371878,0.627873
ACACCCGAGAAATCCG-1,0.000169,0.000169,0.000169,0.998482,0.001012
ACACCCGTAAATCTGT-1,0.000034,0.00058,0.052644,0.784968,0.161775
ACACCGAGCGCTCTTT-1,0.000069,0.000069,0.068243,0.554014,0.377605
ACACCGGTCTGACCGC-1,0.000036,0.000036,0.000036,0.469301,0.530591
ACACCTTAAGTAGGGC-1,0.000193,0.000193,0.000193,0.800023,0.199397
ACACCTTACTACTTGC-1,0.000049,0.275431,0.00571,0.461084,0.257727
ACACGAGACTCCTTCT-1,0.000039,0.111001,0.03483,0.137961,0.716169
ACACGGCACTATGCAT-1,0.000089,0.000089,0.000089,0.772402,0.227332
ACACGGGAACTTAGGG-1,0.000106,0.000106,0.000106,0.999042,0.000639
ACACGTAGGCCACAAG-1,0.000036,0.294476,0.000036,0.025591,0.67986
ACACTCCAATGTCACT-1,0.00026,0.00026,0.00026,0.997656,0.001563
ACACTGATCAAGGTGT-1,0.000123,0.000123,0.000123,0.876431,0.123201
ACACTGGGACAGTCGT-1,0.000038,0.767311,0.000038,0.185759,0.046855
ACAGAACTGAGAACAA-1,0.000078,0.030496,0.000078,0.955188,0.01416
ACAGATTAGGTTAGTG-1,0.00011,0.00011,0.012948,0.809762,0.177072
ACAGCATAGAGCCAGT-1,0.000126,0.000126,0.031326,0.962499,0.005922
ACAGCGACATTCTCAT-1,0.000035,0.057134,0.000035,0.313457,0.629339
ACAGCGCACCCGCAGC-1,0.000033,0.000033,0.000033,0.134366,0.865534
ACAGGAGGCGCAGCCG-1,0.000156,0.065391,0.000156,0.619566,0.31473
ACAGGCACGGATCCTT-1,0.000029,0.100301,0.050933,0.457003,0.391734
ACAGGCTTGCCCGACT-1,0.000028,0.000028,0.000028,0.192663,0.807253
ACAGGTGGAGGTGAGG-1,0.000165,0.000165,0.000165,0.998512,0.000992
ACAGGTGTGTTGTTGC-1,0.00004,0.066564,0.00004,0.329918,0.603438
ACAGTAATACAACTTG-1,0.000028,0.000028,0.000028,0.299851,0.700065
ACAGTATACCGTGGGA-1,0.000044,0.000044,0.000044,0.348496,0.651373
ACAGTGCAGCGCATTT-1,0.000078,0.001049,0.000078,0.796552,0.202242
ACATAAGTCGTGGTGA-1,0.000037,0.000037,0.000037,0.356765,0.643125
ACATAATAAGGCGGTG-1,0.000098,0.000098,0.000098,0.835511,0.164196
ACATACAATCAAGCGG-1,0.000009,0.000009,0.001627,0.07096,0.927396
ACATCAGCTGGGACGC-1,0.000048,0.000048,0.101129,0.486487,0.412287
ACATCCCGGCCATACG-1,0.000113,0.000113,0.000113,0.949084,0.050575
ACATCCTGGTAACTGT-1,0.000024,0.146954,0.061725,0.072856,0.718441
ACATCGATCGTTTACC-1,0.000057,0.000057,0.031672,0.178755,0.789458
ACATCGCAATATTCGG-1,0.000029,0.000029,0.000029,0.022424,0.97749
ACATCGGTCAGCCGCG-1,0.000124,0.000124,0.052253,0.946754,0.000745
ACATCGTATGCAATGG-1,0.000065,0.000065,0.005996,0.820308,0.173565
ACATCGTTAACCTAGT-1,0.000091,0.000091,0.046661,0.850594,0.102563
ACATCTCAACGCGTAA-1,0.000036,0.025508,0.020917,0.314963,0.638576
ACATGCTTACGGCAGC-1,0.000033,0.000033,0.05769,0.138765,0.803479
ACATGGCGCCAAAGTA-1,0.000024,0.011777,0.000736,0.253602,0.733862
ACATGGCTCAATTTAG-1,0.000191,0.021655,0.153803,0.823205,0.001147
ACATTAGTTTATATCC-1,0.0001,0.0001,0.048173,0.81369,0.137938
ACATTCGCGCGGAATA-1,0.00005,0.00005,0.00005,0.494512,0.505336
ACATTTGAAACCTAAC-1,0.000008,0.029166,0.267367,0.005092,0.698367
ACCAAACACCCAGCGA-1,0.000024,0.045564,0.08703,0.201261,0.666122
ACCAAACTAGAAATCC-1,0.000067,0.000067,0.07764,0.788369,0.133858
ACCAACACCACACACT-1,0.000054,0.012399,0.000054,0.560372,0.42712
ACCAACCGCACTCCAC-1,0.000026,0.108263,0.052279,0.205076,0.634356
ACCAACGCTTATTTAT-1,0.00006,0.00006,0.061479,0.510793,0.427608
ACCAAGAACGCGTGTC-1,0.000073,0.000073,0.000073,0.634163,0.365618
ACCAAGTCATCGGCAG-1,0.000041,0.489656,0.000041,0.407089,0.103173
ACCAATATGCAAGTTA-1,0.000051,0.000051,0.000051,0.42635,0.573498
ACCACAACTCAGAACA-1,0.000074,0.000074,0.000074,0.876846,0.122932
ACCACAAGTTTCTATC-1,0.00011,0.00011,0.00011,0.999012,0.000659
ACCACACGGTTGATGG-1,0.000053,0.000053,0.000053,0.483417,0.516423
ACCACCAATGTAACAA-1,0.000014,0.013766,0.010396,0.157311,0.818512
ACCACCCTCTCTTCTA-1,0.00005,0.041791,0.014372,0.400418,0.543368
ACCACGTGCAGCTATA-1,0.000024,0.000024,0.014414,0.008374,0.977164
ACCACTGTTCAAGAAG-1,0.000123,0.000123,0.000123,0.998894,0.000737
ACCAGACCATAACAAC-1,0.000054,0.001281,0.041119,0.355346,0.6022
ACCAGCCCGGTCTTTG-1,0.000034,0.000034,0.079809,0.125508,0.794615
ACCAGGAGTGTGATCT-1,0.000135,0.000135,0.000135,0.998788,0.000808
ACCAGTGCCCGGTCAA-1,0.000059,0.000059,0.000059,0.6955,0.304321
ACCAGTGCGGGAGACG-1,0.00004,0.001867,0.00004,0.527133,0.470921
ACCATATCCGCAATAA-1,0.000077,0.001646,0.018771,0.820677,0.158829
ACCATCCGCCAACTAG-1,0.000031,0.000031,0.11063,0.26493,0.624378
ACCATCGTATATGGTA-1,0.000099,0.12658,0.000099,0.596773,0.276449
ACCATTAAGGGTGTCA-1,0.000145,0.000145,0.054794,0.924398,0.020518
ACCCAACGCCCGTGGC-1,0.000023,0.000023,0.021802,0.191368,0.786783
ACCCACCTACATGCTC-1,0.000103,0.000103,0.13498,0.306305,0.558508
ACCCATCTTGAGGGTA-1,0.000163,0.000163,0.000163,0.998529,0.00098
ACCCATTTGTCCCTCT-1,0.000014,0.000014,0.000014,0.001098,0.99886
ACCCGAGCGAAATTAC-1,0.000065,0.165771,0.102741,0.731034,0.00039
ACCCGATTGGTTCCGA-1,0.00008,0.179407,0.043334,0.776703,0.000477
ACCCGGAAACTCCCAG-1,0.000062,0.000062,0.054841,0.524819,0.420216
ACCCGGAGCACCACAA-1,0.000049,0.767057,0.000049,0.214353,0.018492
ACCCGGATGACGCATC-1,0.00002,0.023366,0.017532,0.087016,0.872065
ACCCGGTTACACTTCC-1,0.000077,0.000077,0.000077,0.670082,0.329687
ACCCGTAGCAGAGAAT-1,0.000187,0.000187,0.000187,0.291475,0.707964
ACCCGTAGTCTAGTTG-1,0.000037,0.833417,0.000037,0.165116,0.001394
ACCCGTGTCATCAGTA-1,0.000072,0.000072,0.094783,0.546208,0.358864
ACCCTATAGGACTGAG-1,0.000199,0.000199,0.360421,0.265723,0.373457
ACCCTATGCCATATCG-1,0.000221,0.000221,0.128492,0.607497,0.26357
ACCCTCCCGTCAGGGC-1,0.000014,0.062907,0.026065,0.022155,0.888859
ACCCTCCCTTGCTATT-1,0.000044,0.162456,0.000044,0.519992,0.317463
ACCCTGGTAACGCCCT-1,0.000027,0.062709,0.037972,0.027539,0.871752
ACCCTTCATCTGCGAA-1,0.000083,0.054404,0.000083,0.522473,0.422957
ACCCTTGCCTGGGTCG-1,0.000053,0.053127,0.011928,0.606857,0.328035
ACCCTTTAGTTCTCCA-1,0.000069,0.033055,0.018095,0.440925,0.507856
ACCGAAAGGGCCCTGC-1,0.000078,0.000078,0.014971,0.752083,0.23279
ACCGAAGAGTCTGGTT-1,0.000048,0.010053,0.000048,0.475798,0.514053
ACCGACACATCTCCCA-1,0.000092,0.000092,0.000092,0.96344,0.036284
ACCGACTGAGTCCCAC-1,0.00011,0.00011,0.044079,0.865886,0.089815
ACCGAGTCTCCTTATT-1,0.00004,0.000452,0.00004,0.43189,0.567577
ACCGATAGGCATAACC-1,0.000033,0.999634,0.000033,0.0001,0.0002
ACCGATATTTAATCAT-1,0.00007,0.660937,0.00007,0.29508,0.043842
ACCGATGGTAGCATCG-1,0.000051,0.024894,0.000051,0.491288,0.483716
ACCGCAATAACTGCCT-1,0.000028,0.094496,0.065357,0.262282,0.577836
ACCGCGGTGGAAGTCG-1,0.000039,0.059799,0.000039,0.574346,0.365778
ACCGCTAGTCATTGGT-1,0.000105,0.000105,0.02795,0.453733,0.518107
ACCGGGCCTTTGTTGA-1,0.000022,0.013803,0.011805,0.106325,0.868045
ACCGGTCAGGTACACC-1,0.000038,0.000038,0.009389,0.269711,0.720823
ACCGGTCTGAGTACGG-1,0.00007,0.00007,0.060958,0.649892,0.289011
ACCGTCCACTGGGCCC-1,0.000019,0.11125,0.079011,0.505008,0.304711
ACCGTGACCACGTGGG-1,0.000142,0.000142,0.569806,0.42906,0.00085
ACCGTTCCCGCTCTGA-1,0.000076,0.000076,0.0338,0.696161,0.269886
ACCTAAGTACCTTTCA-1,0.000146,0.073787,0.113167,0.7513,0.061599
ACCTAATCGACTTCCT-1,0.000099,0.013828,0.102621,0.402443,0.481009
ACCTACAGTATGTGGT-1,0.000119,0.19492,0.000119,0.615117,0.189726
ACCTACTATAAATCTA-1,0.000056,0.000056,0.074548,0.661195,0.264144
ACCTCAGCGAGGCGCA-1,0.000015,0.001175,0.012376,0.136191,0.850244
ACCTCCGCCCTCGCTG-1,0.000057,0.048842,0.000057,0.845504,0.10554
ACCTCCGTTATTCACC-1,0.00003,0.02919,0.00003,0.21147,0.759281
ACCTCGAACTTATGCT-1,0.000014,0.051424,0.032959,0.035495,0.880108
ACCTGCGTGTCATGTT-1,0.000127,0.000127,0.000127,0.998853,0.000765
ACCTTTCCTTTAGAAG-1,0.000082,0.000082,0.110794,0.829124,0.059919
ACGAAATGGGCGGCAC-1,0.000092,0.000092,0.184825,0.58603,0.228961
ACGACCCATGAGTTGC-1,0.000023,0.357219,0.124055,0.230679,0.288024
ACGACTCTAGGGCCGA-1,0.00001,0.011144,0.247883,0.01886,0.722103
ACGACTGGTCATACTC-1,0.000054,0.000054,0.000054,0.393894,0.605944
ACGAGAACCCATCACG-1,0.000231,0.000231,0.053714,0.583281,0.362543
ACGAGATATTTGCTTA-1,0.000108,0.000108,0.000108,0.897883,0.101793
ACGAGGATACCACTCT-1,0.000049,0.04366,0.069712,0.527545,0.359035
ACGAGGTTTACAACGT-1,0.000035,0.057856,0.030209,0.152632,0.759267
ACGAGTACGGATGCCC-1,0.000058,0.037784,0.000058,0.551424,0.410676
ACGAGTCGCCGGCGTT-1,0.000124,0.000124,0.206098,0.532252,0.261401
ACGATACATAGAACTA-1,0.000036,0.000036,0.000036,0.38425,0.615643
ACGATACCTATCCTGA-1,0.000106,0.050556,0.000106,0.741271,0.207962
ACGATCATACATAGAG-1,0.000049,0.000049,0.000049,0.23111,0.768743
ACGATCATCTTGTAAA-1,0.000016,0.041681,0.010391,0.010016,0.937896
ACGATGCATATGTTAT-1,0.00023,0.00023,0.00023,0.997928,0.001381
ACGATGGATCCGATGC-1,0.000094,0.000094,0.000094,0.71703,0.282689
ACGCAAACTAATAGAT-1,0.000108,0.044503,0.000108,0.954633,0.000649
ACGCAATCACTACAGC-1,0.000033,0.017873,0.000332,0.163052,0.818711
ACGCATAAATGACATG-1,0.0001,0.0001,0.023589,0.28879,0.687421
ACGCATACGTTTACTA-1,0.00002,0.00002,0.199403,0.02933,0.771227
ACGCATTCGTGAGTAC-1,0.000066,0.000066,0.013742,0.359815,0.626311
ACGCCACTCGAAACAG-1,0.000009,0.000009,0.186536,0.000342,0.813104
ACGCCAGATGATTTCT-1,0.000095,0.000095,0.000095,0.901936,0.09778
ACGCCAGTGCGTTTGC-1,0.000023,0.083968,0.000023,0.437288,0.478697
ACGCCCAGCTGTCGAT-1,0.000049,0.000049,0.033566,0.53796,0.428377
ACGCCGCTAGACGACC-1,0.000024,0.000024,0.000024,0.009205,0.990723
ACGCCTGACACGCGCT-1,0.00019,0.00019,0.111678,0.886803,0.001139
ACGCGAAGTCAGACGA-1,0.000072,0.000072,0.000072,0.571906,0.427878
ACGCGCTACACAGGGT-1,0.000142,0.002489,0.16483,0.416667,0.415871
ACGCGGGCCAAGGACA-1,0.000046,0.000046,0.031784,0.20999,0.758134
ACGCGTTTCTTAAGAG-1,0.00009,0.00009,0.076754,0.564081,0.358985
ACGCTACTGAATGGGC-1,0.000023,0.398585,0.344748,0.000069,0.256575
ACGCTAGTATCAGTGC-1,0.000049,0.017052,0.065946,0.738407,0.178546
ACGCTAGTGATACACT-1,0.000027,0.001555,0.010464,0.264885,0.723068
ACGCTGTGAGGCGTAG-1,0.000047,0.073232,0.044081,0.222545,0.660095
ACGCTTAGTGTCTCTC-1,0.000042,0.000042,0.000042,0.334894,0.664979
ACGGAACACGAGTGCC-1,0.000013,0.116199,0.086989,0.127781,0.669019
ACGGAATTTAGCAAAT-1,0.000195,0.000195,0.14179,0.24334,0.61448
ACGGACGCAGCGACAA-1,0.00002,0.00002,0.00002,0.001019,0.99892
ACGGACTCTCAAAGCG-1,0.000052,0.000052,0.042984,0.57692,0.379993
ACGGAGCGCAAATTAC-1,0.000026,0.000026,0.000026,0.055352,0.94457
ACGGATGGTGCGGATA-1,0.000056,0.011528,0.000056,0.296738,0.691623
ACGGCACTTGCTTGGG-1,0.000051,0.000051,0.000051,0.220035,0.779813
ACGGCCAACATGGACT-1,0.00008,0.00008,0.00008,0.716092,0.283669
ACGGCGACGATGGGAA-1,0.000077,0.000077,0.000077,0.951755,0.048013
ACGGCGGGTTGCCCTG-1,0.000167,0.000167,0.000167,0.897886,0.101613
ACGGCTGGATGTAGAA-1,0.00017,0.00017,0.461563,0.454966,0.08313
ACGGGAGTGTCGGCCC-1,0.000207,0.000207,0.000207,0.998139,0.001241
ACGGGCGTATGCGACA-1,0.000052,0.20643,0.000052,0.715998,0.077468
ACGGGTCATGTGACTT-1,0.000115,0.117792,0.06703,0.81437,0.000693
ACGGGTTGTGACCTGT-1,0.000035,0.076861,0.307173,0.000105,0.615827
ACGGTACAGTTCAATG-1,0.000031,0.023486,0.03434,0.34141,0.600732
ACGGTCACCGAGAACA-1,0.000025,0.000025,0.605408,0.06529,0.329253
ACGTACAGATTTCTCT-1,0.000102,0.000102,0.000102,0.739598,0.260095
ACGTACTTTGGCACGG-1,0.000033,0.013205,0.062698,0.503837,0.420228
ACGTAGATTGCTGATG-1,0.000082,0.019855,0.000082,0.875193,0.104788
ACGTAGGAGAGTCGCT-1,0.000062,0.000062,0.000062,0.817482,0.182332
ACGTATTACTCCGATC-1,0.000048,0.031544,0.009775,0.419204,0.53943
ACGTCCTAAACGAGAT-1,0.000083,0.003902,0.000083,0.986636,0.009295
ACGTCGGGCAACTCGG-1,0.000023,0.164612,0.101876,0.42273,0.310759
ACGTCTCGTTCCGGGA-1,0.000046,0.000046,0.022505,0.658403,0.319001
ACGTGACAAAGTAAGT-1,0.000034,0.009615,0.014188,0.335893,0.64027
ACGTGCGCCTCGTGCA-1,0.000084,0.000084,0.000084,0.498649,0.5011
ACGTGGTCGAATGTGC-1,0.000049,0.000049,0.096356,0.415785,0.48776
ACGTTAATGTCGAAGA-1,0.000067,0.000067,0.000067,0.939531,0.060267
ACGTTAGATTTGCCCG-1,0.000174,0.000174,0.000174,0.998434,0.001044
ACGTTATTGGTCACTC-1,0.000092,0.107781,0.000092,0.891484,0.000551
ACGTTCACTATGCCGC-1,0.000101,0.000101,0.000101,0.605559,0.394137
ACGTTCCGCGCTCCGT-1,0.000062,0.000062,0.061109,0.31092,0.627847
ACGTTCGCAATCAATT-1,0.000028,0.054015,0.000028,0.286596,0.659334
ACGTTCGTTCAGGAAA-1,0.000151,0.041291,0.030965,0.926687,0.000906
ACGTTCTGTACAAGTC-1,0.000027,0.103462,0.046333,0.229684,0.620494
ACGTTGTCGTTGAAAG-1,0.000109,0.000109,0.967984,0.031147,0.000652
ACGTTTAGTTGTGATC-1,0.000134,0.022598,0.000134,0.786121,0.191014
ACGTTTCGGTGCACTT-1,0.000071,0.999217,0.000071,0.000214,0.000427
ACTAAGGACGCACACC-1,0.000042,0.157964,0.000042,0.443447,0.398505
ACTAATACGTCAGGCG-1,0.000078,0.000078,0.000078,0.66853,0.331236
ACTACAAAGAGAGGTG-1,0.000098,0.121713,0.068064,0.796754,0.013371
ACTACATCCCGACAAG-1,0.000022,0.045633,0.000022,0.30347,0.650853
ACTACCAGCTCTCTGG-1,0.000244,0.000244,0.000244,0.997807,0.001462
ACTACCATCCGAGGGC-1,0.000011,0.060706,0.293952,0.017101,0.62823
ACTACGCGTTAGAATT-1,0.000078,0.000078,0.000078,0.791187,0.208579
ACTAGTTGCGATCGTC-1,0.000058,0.078724,0.000058,0.837947,0.083213
ACTATATGCTGTGTTC-1,0.000039,0.000039,0.076,0.095923,0.828
ACTATCCAGGGCATGG-1,0.000024,0.016496,0.000024,0.28809,0.695366
ACTATCGCCGGCTAAA-1,0.000037,0.000037,0.038646,0.394283,0.566997
ACTATCTGCCCGCGTA-1,0.000056,0.452437,0.000056,0.380364,0.167088
ACTATGTCCAGCTGCC-1,0.00003,0.029631,0.193158,0.363901,0.413279
ACTATTCGTCCGTGGT-1,0.000047,0.000047,0.000047,0.149315,0.850545
ACTATTTCCGGGCCCA-1,0.000165,0.000165,0.290438,0.708242,0.00099
ACTCAACGAATGTATT-1,0.000268,0.000268,0.074908,0.922948,0.001608
ACTCAAGTGCAAGGCT-1,0.000058,0.020707,0.000058,0.844288,0.134888
ACTCAATAAAGGCACG-1,0.000081,0.000081,0.024888,0.952271,0.022679
ACTCAGACCTGCTTCT-1,0.000313,0.000313,0.000313,0.99718,0.00188
ACTCATGGCAGCCTTC-1,0.00002,0.00002,0.131172,0.119583,0.749204
ACTCCAATATCATCAT-1,0.000079,0.014542,0.000079,0.864251,0.12105
ACTCCCATTCCTAAAG-1,0.000044,0.1562,0.23327,0.396985,0.213501
ACTCCCGAATTCGTTT-1,0.00006,0.00006,0.00006,0.411204,0.588615
ACTCCCGTAGACTAGG-1,0.000069,0.03,0.000069,0.969444,0.000416
ACTCCCTAATGCTAAA-1,0.000059,0.000059,0.000059,0.771489,0.228335
ACTCCCTAGAATAGTA-1,0.000029,0.000029,0.000029,0.013385,0.986528
ACTCCGGCCGACCACT-1,0.000018,0.010159,0.049583,0.520213,0.420026
ACTCGATGTATTTCAT-1,0.000197,0.000197,0.000197,0.998227,0.001182
ACTCGCCGTTCGATAA-1,0.000038,0.852687,0.000038,0.147009,0.000228
ACTCGCGATCTGACGC-1,0.000043,0.692099,0.035395,0.14797,0.124494
ACTCGTAACCCGTCCT-1,0.000129,0.000129,0.000129,0.993593,0.006019
ACTCGTCAGTAATCCC-1,0.00008,0.00008,0.00008,0.91368,0.086081
ACTCTAAACCTGGGAT-1,0.000037,0.000037,0.000037,0.26845,0.731439
ACTCTCTGACTTAGGT-1,0.000119,0.066234,0.000119,0.842121,0.091407
ACTCTCTTATACACGA-1,0.000115,0.000115,0.000115,0.73766,0.261994
ACTCTGACCTAATAGA-1,0.000021,0.022018,0.150295,0.401584,0.426083
ACTCTTCAGCTCCCGC-1,0.000049,0.370168,0.099029,0.35046,0.180294
ACTCTTGTATAGTAAC-1,0.000084,0.000084,0.000084,0.681889,0.317861
ACTGAAACGCCGTTAG-1,0.000045,0.031143,0.000045,0.576811,0.391955
ACTGAATGGCGAAAGT-1,0.000027,0.018659,0.029578,0.227478,0.724259
ACTGATTTAGTGATTC-1,0.000097,0.000097,0.000097,0.659034,0.340676
ACTGCCCGCCATTCTC-1,0.000034,0.000034,0.105013,0.389301,0.505618
ACTGCCGTCGTAACTC-1,0.000078,0.000078,0.000078,0.805453,0.194313
ACTGCGGACACACCGT-1,0.000048,0.377076,0.014443,0.416219,0.192213
ACTGCTCGGAAGGATG-1,0.000061,0.000061,0.000061,0.632799,0.367017
ACTGGCGAACCTGCGT-1,0.000057,0.000057,0.000057,0.594875,0.404955
ACTGGGATGCCAGTGC-1,0.000056,0.000056,0.435856,0.232748,0.331285
ACTGTACGATACACAT-1,0.000055,0.009601,0.000055,0.552665,0.437625
ACTGTAGCACTTTGGA-1,0.000138,0.000138,0.000138,0.653664,0.345924
ACTGTATACGCGAGCA-1,0.000277,0.000277,0.000277,0.997508,0.001661
ACTGTCCAGGATTATA-1,0.000147,0.000147,0.000148,0.810494,0.189064
ACTGTCTTCTTTAGAA-1,0.000104,0.000104,0.000104,0.999066,0.000623
ACTGTGCTAGTAGATC-1,0.000479,0.000479,0.266527,0.349196,0.38332
ACTGTTTAGTGTAGGC-1,0.000189,0.000189,0.000189,0.998303,0.001131
ACTTACCGGGCGCGCA-1,0.000029,0.000029,0.003235,0.132123,0.864583
ACTTACGCATCCACGC-1,0.000082,0.000082,0.000082,0.8856,0.114153
ACTTAGTACGACAAGA-1,0.000205,0.000205,0.197369,0.586146,0.216075
ACTTATACTTACCCGG-1,0.000039,0.000039,0.012864,0.306194,0.680864
ACTTATTAGGATCGGT-1,0.000127,0.000127,0.000127,0.831657,0.16796
ACTTATTTATGTGCCA-1,0.000055,0.016479,0.000055,0.483232,0.500179
ACTTCAGGCTGATCCC-1,0.000049,0.01109,0.012724,0.303365,0.672772
ACTTCCAGTGGAAGCT-1,0.00003,0.080378,0.019673,0.211986,0.687933
ACTTCCATGCGGGACA-1,0.000043,0.007116,0.000043,0.305983,0.686815
ACTTCCTGTCGTGCGA-1,0.000051,0.000051,0.045728,0.831329,0.122841
ACTTCGCCATACGCAC-1,0.000085,0.000085,0.000085,0.809033,0.190712
ACTTCGCTAGCGAGTG-1,0.000027,0.221622,0.054013,0.32397,0.400368
ACTTGACTCCCTCTTT-1,0.000054,0.000054,0.000054,0.151426,0.848413
ACTTGCCATATTGTAC-1,0.000182,0.025687,0.000182,0.90469,0.069258
ACTTGCTCTATCTACC-1,0.00004,0.021196,0.00004,0.316685,0.662039
ACTTGGGACCCGGTGG-1,0.000074,0.000074,0.000074,0.645025,0.354752
ACTTGGGCTTTCGCCA-1,0.000025,0.002774,0.000025,0.147637,0.849539
ACTTGTAGTCCCTTCA-1,0.000051,0.000051,0.04934,0.280037,0.670522
ACTTGTGGATGGAACG-1,0.000029,0.143893,0.000029,0.160507,0.695542
ACTTGTTACCGGATCA-1,0.000035,0.000035,0.322495,0.172823,0.504614
ACTTTACCCTCATGAA-1,0.000033,0.000033,0.000033,0.42569,0.574209
ACTTTATACACCACTT-1,0.000028,0.013575,0.703345,0.000084,0.282969
ACTTTCCTATAGCTTC-1,0.00008,0.00008,0.164678,0.174474,0.660689
ACTTTGACTGCATCCT-1,0.000088,0.000088,0.055499,0.71639,0.227934
ACTTTGGTCGTGCTCC-1,0.000071,0.130899,0.047403,0.529626,0.292001
ACTTTGTCGACGCACT-1,0.000061,0.84856,0.046923,0.10409,0.000366
AGAAATTATGACTCGC-1,0.000049,0.47968,0.000049,0.519927,0.000294
AGAACACGGCGATGGT-1,0.000026,0.000026,0.121483,0.137873,0.740593
AGAACCCAGCGTGACA-1,0.000031,0.705643,0.045166,0.189098,0.060061
AGAACCCTCAATTGGG-1,0.000015,0.000015,0.010279,0.127736,0.861954
AGAACGTGGTACATTC-1,0.000046,0.017228,0.000046,0.386118,0.596562
AGAACTGTACTTTGTA-1,0.000029,0.002872,0.000029,0.504436,0.492633
AGAAGAGCGCCGTTCC-1,0.00049,0.00049,0.00049,0.142751,0.855778
AGAAGGTACACTTCAC-1,0.000056,0.000056,0.045945,0.353364,0.600579
AGAAGGTTGCCGAATT-1,0.000141,0.000141,0.124531,0.874344,0.000843
AGAAGGTTGTAGGTCG-1,0.000054,0.000054,0.000054,0.599563,0.400275
AGAAGTGATTCGTGAT-1,0.000211,0.000211,0.000211,0.998101,0.001266
AGAATAAATCTTCAGG-1,0.000055,0.000055,0.164954,0.694972,0.139964
AGAATACAGGCTATCC-1,0.000011,0.000011,0.000011,0.109773,0.890193
AGAATGCGGGTTCGGA-1,0.000066,0.000066,0.000066,0.449541,0.550261
AGAATTATGGATTCGA-1,0.000033,0.00764,0.032001,0.410623,0.549702
AGAATTGTTTGACATA-1,0.000174,0.065576,0.217479,0.209426,0.507346
AGACAGCTCAGAATCC-1,0.000158,0.000158,0.000158,0.998577,0.000949
AGACAGGCATCTCAGC-1,0.000019,0.257571,0.257391,0.032812,0.452205
AGACATAGATCCTTCC-1,0.000215,0.094807,0.000215,0.90347,0.001292
