Barcode,Topic 1,Topic 2,Topic 3to5,Topic 6to12
AAACAACGAATAGTTC-1,0.000033,0.605915,0.070826,0.323226
AAACAAGTATCTCCCA-1,0.000013,0.000013,0.079242,0.920732
AAACAATCTACTAGCA-1,0.000017,0.000017,0.000051,0.999915
AAACACCAATAACTGC-1,0.000233,0.134337,0.551182,0.314248
AAACAGAGCGACTCCT-1,0.000033,0.049847,0.398007,0.552112
AAACAGCTTTCAGAAG-1,0.000044,0.000044,0.589279,0.410632
AAACAGGGTCTATATT-1,0.000031,0.041938,0.93665,0.021381
AAACAGTGTTCCTGGG-1,0.000025,0.016436,0.49069,0.492849
AAACATGGTGAGAGGA-1,0.000058,0.052166,0.736948,0.210828
AAACATTTCCCGGATT-1,0.000044,0.034365,0.87654,0.089051
AAACCACTACACAGAT-1,0.000014,0.000014,0.039314,0.960658
AAACCCGAACGAAATC-1,0.000013,0.010804,0.095126,0.894058
AAACCGGAAATGTTAA-1,0.000038,0.276355,0.236102,0.487505
AAACCGGGTAGGTACC-1,0.000049,0.07514,0.894427,0.030384
AAACCGTTCGTCCAGG-1,0.000144,0.109991,0.752297,0.137569
AAACCTAAGCAGCCGG-1,0.000092,0.085766,0.913501,0.000642
AAACCTCATGAAGTTG-1,0.000012,0.000012,0.034447,0.965529
AAACGAAGAACATACC-1,0.000058,0.084069,0.339017,0.576856
AAACGAAGATGGAGTA-1,0.000044,0.000044,0.664046,0.335867
AAACGACAGTCTTGCC-1,0.000016,0.000016,0.094622,0.905346
AAACGAGACGGTTGAT-1,0.000058,0.000058,0.997401,0.002484
AAACGCCCGAGATCGG-1,0.000017,0.007763,0.043655,0.948565
AAACGCTGGGCACGAC-1,0.000017,0.012074,0.228133,0.759775
AAACGGGCGTACGGGT-1,0.000025,0.000025,0.331513,0.668437
AAACGGGTTGGTATCC-1,0.000015,0.153235,0.006441,0.840309
AAACGGTTGCGAACTG-1,0.000044,0.06876,0.85191,0.079286
AAACGTGTTCGCCCTA-1,0.00002,0.009855,0.108846,0.881278
AAACTAACGTGGCGAC-1,0.000043,0.104314,0.284389,0.611254
AAACTCGGTTCGCAAT-1,0.000035,0.015513,0.321917,0.662535
AAACTCGTGATATAAG-1,0.000012,0.000012,0.077616,0.92236
AAACTTAATTGCACGC-1,0.000068,0.00584,0.95966,0.034432
AAACTTGCAAACGTAT-1,0.000051,0.000051,0.898468,0.101431
AAAGAATGACCTTAGA-1,0.000021,0.000021,0.317852,0.682105
AAAGAATGTGGACTAA-1,0.000012,0.099866,0.09625,0.803871
AAAGACATGAAGTTTA-1,0.000029,0.000029,0.107265,0.892678
AAAGACCCAAGTCGCG-1,0.000071,0.000071,0.597367,0.40249
AAAGACTGGGCGCTTT-1,0.00002,0.022154,0.35698,0.620847
AAAGCTTGCCTACATA-1,0.000021,0.067739,0.057911,0.874329
AAAGGCCCTATAATAC-1,0.000021,0.000021,0.27044,0.729517
AAAGGCTACGGACCAT-1,0.000064,0.000064,0.997964,0.001907
AAAGGCTCTCGCGCCG-1,0.000089,0.000089,0.999197,0.000625
AAAGGGATGTAGCAAG-1,0.000046,0.003027,0.701809,0.295118
AAAGGGCAGCTTGAAT-1,0.000019,0.00295,0.084394,0.912637
AAAGGTAAGCTGTACC-1,0.000077,0.000077,0.787826,0.21202
AAAGGTCAACGACATG-1,0.000035,0.061123,0.477514,0.461328
AAAGTAGCATTGCTCA-1,0.000061,0.000061,0.96906,0.030818
AAAGTCACTGATGTAA-1,0.000046,0.000046,0.496649,0.503259
AAAGTCGACCCTCAGT-1,0.000042,0.081655,0.674814,0.243489
AAAGTGCCATCAATTA-1,0.00002,0.000022,0.144205,0.855753
AAAGTGTGATTTATCT-1,0.000035,0.000035,0.474258,0.525673
AAAGTTGACTCCCGTA-1,0.000054,0.017633,0.591214,0.391099
AAATAACCATACGGGA-1,0.000076,0.1039,0.772436,0.123587
AAATAAGGTAGTGCCC-1,0.000014,0.000014,0.079205,0.920767
AAATAGCTTAGACTTT-1,0.000038,0.00464,0.532029,0.463293
AAATAGGGTGCTATTG-1,0.000098,0.000098,0.984949,0.014855
AAATCACTCCTAAACG-1,0.000017,0.000017,0.142789,0.857176
AAATCCGATACACGCC-1,0.000067,0.027376,0.94235,0.030207
AAATCGCGGAAGGAGT-1,0.000045,0.000045,0.534602,0.465309
AAATCGTGTACCACAA-1,0.000068,0.071117,0.928338,0.000477
AAATCTAGCCCTGCTA-1,0.000041,0.000041,0.472306,0.527613
AAATCTGCCCGCGTCC-1,0.000057,0.000057,0.501633,0.498254
AAATGACTGATCAAAC-1,0.000039,0.000039,0.784739,0.215184
AAATGATTCGATCAGC-1,0.000019,0.000019,0.179203,0.820759
AAATGCTCGTTACGTT-1,0.000065,0.057044,0.048209,0.894682
AAATGGCATGTCTTGT-1,0.000039,0.000039,0.507567,0.492356
AAATGGCCCGTGCCCT-1,0.000039,0.003116,0.426224,0.570621
AAATGGTCAATGTGCC-1,0.000056,0.000056,0.750437,0.249451
AAATGTATCTTATCCC-1,0.000053,0.334917,0.422813,0.242217
AAATGTGGGTGCTCCT-1,0.000087,0.033891,0.65768,0.308341
AAATTAACGGGTAGCT-1,0.000078,0.000078,0.262463,0.73738
AAATTAATAAGCGCGA-1,0.000025,0.021201,0.28207,0.696703
AAATTACACGACTCTG-1,0.000121,0.154697,0.844336,0.000847
AAATTACCTATCGATG-1,0.000039,0.000039,0.647717,0.352204
AAATTCCAGGTCCAAA-1,0.000016,0.000016,0.096722,0.903246
AAATTGATAGTCCTTT-1,0.000232,0.000232,0.698699,0.300837
AAATTGCGGCGGTTCT-1,0.000017,0.076388,0.010199,0.913397
AAATTGGTGAGAAGCA-1,0.000026,0.045181,0.267792,0.687001
AAATTTACCGAAATCC-1,0.000131,0.010696,0.806255,0.182918
AAATTTGCGGGTGTGG-1,0.000055,0.011489,0.988067,0.000388
AACAACTGGTAGTTGC-1,0.000048,0.000048,0.523239,0.476666
AACAATACATTGTCGA-1,0.000026,0.000026,0.429011,0.570938
AACAATTACTCTACGC-1,0.000065,0.04208,0.605865,0.35199
AACACACGCTCGCCGC-1,0.000039,0.005088,0.463016,0.531858
AACACGACTGTACTGA-1,0.000054,0.000054,0.350774,0.649119
AACACGAGACGCGGCC-1,0.000026,0.000026,0.480428,0.519519
AACACGCGGCCGCGAA-1,0.000037,0.062775,0.113991,0.823197
AACAGCTGTGTGGCAA-1,0.000039,0.000039,0.87118,0.128742
AACAGGAAATCGAATA-1,0.000036,0.000036,0.640566,0.359363
AACAGGATGGGCCGCG-1,0.000027,0.000027,0.15727,0.842675
AACAGGTAGTATGGAT-1,0.000016,0.028252,0.03374,0.937992
AACATAGCGTGTATCG-1,0.000037,0.029386,0.959003,0.011574
AACATATCAACTGGTG-1,0.000021,0.000021,0.206417,0.793542
AACATCGATACGTCTA-1,0.00002,0.00002,0.104522,0.895438
AACATTGAAGTTGATC-1,0.000069,0.054755,0.77246,0.172716
AACATTGGTCAGCCGT-1,0.000045,0.709217,0.16521,0.125528
AACATTGTGACTCGAG-1,0.000022,0.000022,0.317471,0.682485
AACCAAGACTTCTCTG-1,0.000013,0.000013,0.070312,0.929661
AACCAGTATCACTCTT-1,0.000185,0.000185,0.395844,0.603786
AACCATAGGGTTGAAC-1,0.000029,0.000029,0.354972,0.644969
AACCATGGGATCGCTA-1,0.000017,0.03774,0.16739,0.794852
AACCCAGAGACGGAGA-1,0.000036,0.041317,0.429078,0.52957
AACCCATCCCATGATC-1,0.000061,0.000061,0.512609,0.487269
AACCCGACAACCCGTG-1,0.000104,0.000104,0.999062,0.000729
AACCCGAGCAGAATCG-1,0.000051,0.023022,0.283984,0.692942
AACCCGATAGGGCTTC-1,0.000028,0.012651,0.267478,0.719843
AACCCGCTGTATTCCA-1,0.000042,0.02715,0.769143,0.203665
AACCCTACTGTCAATA-1,0.000023,0.000023,0.324065,0.675889
AACCCTGGTGGAACCA-1,0.000034,0.000034,0.547312,0.45262
AACCGAGCTTGGTCAT-1,0.000085,0.053973,0.911016,0.034926
AACCGCTAAGGGATGC-1,0.000023,0.000023,0.255569,0.744385
AACCGTTGTGTTTGCT-1,0.000032,0.000032,0.282032,0.717905
AACCTAAAGCCGTCCG-1,0.000013,0.000013,0.141803,0.858171
AACCTCGCTTTAGCCC-1,0.000131,0.078494,0.594754,0.326621
AACCTGTCACGGAATT-1,0.000017,0.000017,0.051961,0.948005
AACCTTTAAATACGGT-1,0.000083,0.137135,0.859038,0.003744
AACCTTTACGACGTCT-1,0.000058,0.000058,0.45051,0.549375
AACGAAAGTCGTCCCA-1,0.00003,0.005314,0.58039,0.414265
AACGACCTCCTAGCCG-1,0.000027,0.018281,0.601872,0.37982
AACGATAATGCCGTAG-1,0.000129,0.043746,0.756709,0.199416
AACGATAGAAGGGCCG-1,0.000063,0.024427,0.719081,0.256429
AACGATATGTCAACTG-1,0.000042,0.02636,0.461241,0.512357
AACGCATGATCTGGGT-1,0.000036,0.000036,0.656532,0.343397
AACGCGAACGGCAACA-1,0.000012,0.11102,0.060194,0.828775
AACGCGACCTTGGGCG-1,0.000061,0.000402,0.473135,0.526401
AACGCGGTCTCCAGCC-1,0.000032,0.00849,0.443648,0.54783
AACGCTGTTGCTGAAA-1,0.000015,0.000015,0.029667,0.970302
AACGGACGTACGTATA-1,0.000052,0.000052,0.826061,0.173835
AACGGCCATCTCCGGT-1,0.000033,0.000033,0.498192,0.501742
AACGTACTGTGGGTAC-1,0.000042,0.03036,0.635041,0.334557
AACGTAGTCTACCCAT-1,0.000115,0.000115,0.162029,0.837742
AACGTCAGACTAGTGG-1,0.000052,0.000052,0.223993,0.775903
AACGTCATCCGGCTTG-1,0.000009,0.000009,0.105785,0.894198
AACGTCGCTGCACTTC-1,0.000037,0.047155,0.735656,0.217152
AACGTGATGAAGGACA-1,0.00005,0.071424,0.644497,0.284029
AACGTGCGAAAGTCTC-1,0.000106,0.035588,0.642991,0.321315
AACGTTATCAGCACCT-1,0.000021,0.035897,0.069608,0.894474
AACGTTCTACCATTGT-1,0.000017,0.009495,0.249547,0.740941
AACTACCCGTTTGTCA-1,0.000008,0.000008,0.007113,0.992871
AACTAGCGTATCGCAC-1,0.000055,0.173681,0.180065,0.646198
AACTAGGCTTGGGTGT-1,0.000087,0.006132,0.993174,0.000608
AACTCAAGTTAATTGC-1,0.000055,0.000055,0.944063,0.055828
AACTCCAGAGCGTGTT-1,0.000026,0.000026,0.39769,0.602259
AACTCCTAATCCCATG-1,0.000098,0.000098,0.961383,0.03842
AACTCGATAAACACGT-1,0.000031,0.633908,0.18805,0.178011
AACTCGATGGCGCAGT-1,0.000046,0.076395,0.479884,0.443675
AACTCTCAATAGAGCG-1,0.000044,0.090271,0.877047,0.032638
AACTCTCAGTGTGCTC-1,0.000159,0.067996,0.855111,0.076734
AACTGAGGTCAGCGTC-1,0.00003,0.00003,0.057213,0.942726
AACTGAGTTATACTGA-1,0.000019,0.033765,0.000058,0.966158
AACTGATATTAGGCCT-1,0.000046,0.000046,0.850184,0.149723
AACTGGGTCCCGACGT-1,0.00006,0.00006,0.84315,0.156731
AACTGGGTTCGAGCCG-1,0.000078,0.031317,0.765771,0.202833
AACTGGTGTGGGCCTT-1,0.000026,0.000026,0.094807,0.90514
AACTTCTGCGTCTATC-1,0.000082,0.151098,0.710278,0.138542
AACTTGCCCGTATGCA-1,0.000066,0.065939,0.538884,0.395111
AACTTGCGTTCTCGCG-1,0.000074,0.02209,0.580724,0.397113
AACTTTACGGGAGCTT-1,0.00004,0.00004,0.340512,0.659408
AACTTTAGCTGCTGAG-1,0.000057,0.000057,0.266506,0.73338
AACTTTCTCGATCATG-1,0.000024,0.000024,0.170724,0.829228
AAGAAAGTTTGATGGG-1,0.000038,0.125173,0.606833,0.267956
AAGAAATCACCAGATT-1,0.000031,0.011806,0.434199,0.553965
AAGAAGGATCAGTTAG-1,0.000015,0.063817,0.130934,0.805234
AAGACATACGTGGTTT-1,0.000017,0.005673,0.283021,0.71129
AAGACCAAATAACTCA-1,0.000018,0.000018,0.343557,0.656407
AAGACCCAACTGAACA-1,0.000052,0.005347,0.575325,0.419277
AAGACTAACCCGTTGT-1,0.000021,0.002104,0.02289,0.974985
AAGACTCACGCCCACT-1,0.000093,0.026975,0.354545,0.618386
AAGACTGCAAGCTACT-1,0.000021,0.0491,0.473314,0.477564
AAGAGATGAATCGGTA-1,0.000038,0.000038,0.330686,0.669238
AAGAGCTCTTTATCGG-1,0.000175,0.010237,0.966096,0.023492
AAGAGGATGTACGCGA-1,0.000062,0.004226,0.740041,0.255671
AAGAGGCATGGATCGC-1,0.000019,0.000019,0.256219,0.743742
AAGAGGCCCTTTGGAA-1,0.000051,0.061089,0.477663,0.461197
AAGATGGCACCGGACC-1,0.000071,0.000071,0.795124,0.204735
AAGATTGGCGGAACGT-1,0.000016,0.000016,0.070417,0.929551
AAGCACCCTGCGTATC-1,0.000124,0.0518,0.94721,0.000867
AAGCATACTCTCCTGA-1,0.000153,0.10105,0.756642,0.142155
AAGCCACTTGCAGGTA-1,0.000035,0.000035,0.518052,0.481879
AAGCCGAAGCGGTTTA-1,0.00006,0.050836,0.336532,0.612571
AAGCCGCCGTGAAATC-1,0.000013,0.000013,0.078,0.921975
AAGCCGCTTTACCTTG-1,0.000016,0.014214,0.047439,0.938332
AAGCCGGAGAGCAGGA-1,0.000042,0.052025,0.30161,0.646323
AAGCGCAGGGCTTTGA-1,0.000029,0.001716,0.414541,0.583715
AAGCGGAGTGCGCGCA-1,0.000029,0.050812,0.492055,0.457104
AAGCGGCGTCATGGGT-1,0.000036,0.000036,0.235078,0.764851
AAGCGTCCCTCATCGA-1,0.000115,0.256253,0.589934,0.153697
AAGCTATGGATTGACC-1,0.000024,0.006832,0.270001,0.723143
AAGCTCGTGCCAAGTC-1,0.000029,0.00698,0.437464,0.555528
AAGCTCTTTCATGGTG-1,0.000118,0.000118,0.998938,0.000826
AAGGAGAACTTATAAG-1,0.000031,0.104482,0.134685,0.760802
AAGGAGCGGTTGGTGC-1,0.000051,0.000051,0.579574,0.420323
AAGGATCGATCGCTTG-1,0.000019,0.000019,0.180191,0.819771
AAGGATGAGGGACCTC-1,0.000036,0.000036,0.640283,0.359644
AAGGCAGGCTGTCTCC-1,0.000022,0.000022,0.172055,0.8279
AAGGCGCGTAAAGCTT-1,0.00003,0.00003,0.310033,0.689906
AAGGCTGTGCTCATCG-1,0.000049,0.025602,0.553584,0.420765
AAGGGAACGACTGGCT-1,0.00005,0.110869,0.791372,0.097709
AAGGGACAGATTCTGT-1,0.000055,0.041999,0.717403,0.240543
AAGGGACTATGCATTC-1,0.000101,0.039482,0.926027,0.03439
AAGGGTTAGCCATGCG-1,0.000015,0.000015,0.214531,0.785439
AAGGGTTTGATTTCAG-1,0.00004,0.00004,0.602581,0.397338
AAGGTATCCTAATATA-1,0.000051,0.013389,0.931532,0.055029
AAGGTGATAAACCAGC-1,0.000044,0.055579,0.366838,0.577539
AAGTAAGCTTCCAAAC-1,0.000046,0.044292,0.117044,0.838618
AAGTAGAAGACCGGGT-1,0.000049,0.010284,0.57957,0.410096
AAGTAGTGACGCGAGG-1,0.000044,0.051283,0.725898,0.222775
AAGTCAATTGTCGTCA-1,0.00003,0.00003,0.362733,0.637207
AAGTCTAGTAGCTGCC-1,0.000036,0.01355,0.273197,0.713216
AAGTCTTCTGTGGCCT-1,0.000085,0.064693,0.57782,0.357402
AAGTGACGACCGAATT-1,0.000063,0.000063,0.702031,0.297843
AAGTGAGTCGGGTTTA-1,0.000071,0.000071,0.873059,0.126799
AAGTGCAAAGGTAGAC-1,0.000028,0.000028,0.203143,0.796802
AAGTGCCTTGACTGTA-1,0.000039,0.000039,0.240861,0.75906
AAGTGCGTTAGAATCT-1,0.000069,0.002884,0.652227,0.34482
AAGTGCTTCTCTATTG-1,0.000098,0.122136,0.782231,0.095535
AAGTGTTTGGAGACGG-1,0.000075,0.000075,0.999328,0.000523
AAGTTCACTCCAAGCT-1,0.000026,0.000026,0.100928,0.899021
AAGTTCAGTCTGCGTA-1,0.000047,0.005333,0.562516,0.432104
AAGTTCGGCCAACAGG-1,0.000045,0.011318,0.704355,0.284282
AAGTTGTGATGTTATA-1,0.000053,0.000053,0.757539,0.242355
AAGTTTACTAATGGCA-1,0.000074,0.027143,0.480972,0.491811
AAGTTTATGGGCCCAA-1,0.000023,0.000077,0.372192,0.627708
AATAACAACGCTCGGC-1,0.000049,0.000049,0.7079,0.292001
AATAACACTAGAACAA-1,0.00006,0.062425,0.379174,0.558341
AATAACGTCGCGCCCA-1,0.000017,0.019027,0.224562,0.756394
AATAAGTCCTCGAGAC-1,0.00005,0.00005,0.358952,0.640948
AATAATCTTCGTATCG-1,0.000015,0.207535,0.084735,0.707715
AATACAATGTTTCAGG-1,0.000038,0.010964,0.150413,0.838585
AATACCGGAGGGCTGT-1,0.00006,0.029145,0.934758,0.036037
AATACCTGATGTGAAC-1,0.000043,0.015049,0.914104,0.070804
AATAGAACAGAGTGGC-1,0.00012,0.071669,0.927375,0.000837
AATAGAATCTGTTTCA-1,0.00002,0.00002,0.118618,0.881341
AATAGCAAGCCTCCTG-1,0.000048,0.022354,0.671124,0.306474
AATAGCTACCGCGTGC-1,0.000024,0.000024,0.33861,0.661343
AATAGGCACGACCCTT-1,0.000029,0.012962,0.70192,0.285088
AATAGTCCGTCCCGAC-1,0.000033,0.000529,0.320404,0.679034
AATAGTCGCGAGTCGG-1,0.000036,0.065234,0.363014,0.571716
AATATCAAGGTCGGAT-1,0.000049,0.07327,0.365909,0.560772
AATATCCTAGCAAACT-1,0.000041,0.000041,0.347026,0.652892
AATATCGAATCAATGC-1,0.00003,0.00003,0.251821,0.74812
AATATCGAGGGTTCTC-1,0.000015,0.000015,0.124849,0.87512
AATATTGGAGTATTGA-1,0.000067,0.003744,0.349138,0.647052
AATCAGACTGCAGGAC-1,0.000105,0.202577,0.09242,0.704898
AATCAGGTTTCATTTA-1,0.000086,0.000086,0.767526,0.232302
AATCATGTAAAGACTC-1,0.000046,0.000046,0.605759,0.39415
AATCCAAGGGCCTGAG-1,0.000017,0.000017,0.331095,0.668871
AATCCATGCAAGGGTG-1,0.000019,0.000019,0.056995,0.942966
AATCCCGCTCAGAGCC-1,0.000037,0.000037,0.783355,0.21657
AATCGAGGTCTCAAGG-1,0.000023,0.0277,0.568403,0.403874
AATCGCCTCAGCGCCA-1,0.000068,0.000068,0.975953,0.023912
AATCGCGCAGAGGACT-1,0.000019,0.027932,0.2226,0.749448
AATCGGGACACTACGA-1,0.000042,0.000042,0.30129,0.698625
AATCGGTATAGCCCTC-1,0.000046,0.008707,0.733511,0.257735
AATCGTGAGCCGAGCA-1,0.000256,0.000256,0.7872,0.212289
AATCTAGGTTTACTTG-1,0.000123,0.000123,0.95662,0.043135
AATCTATGCCGGAGCC-1,0.000034,0.000034,0.289736,0.710195
AATCTCTACTGTGGTT-1,0.000067,0.000067,0.209095,0.790771
AATCTGCGTTGGGACG-1,0.000059,0.000059,0.760919,0.238962
AATCTGGCTTTCTAGT-1,0.000132,0.000132,0.594508,0.405228
AATCTGGGTAGACCCT-1,0.000264,0.03649,0.553131,0.410116
AATGACAGCAATGTCT-1,0.000048,0.004202,0.870101,0.125649
AATGACGTAGGATGTC-1,0.000055,0.000055,0.895144,0.104746
AATGACTGTCAGCCGG-1,0.000015,0.000015,0.050175,0.949795
AATGAGTTCGCATATG-1,0.000026,0.000026,0.048101,0.951847
AATGATGATACGCTAT-1,0.00005,0.00005,0.772701,0.2272
AATGATGCGACTCCTG-1,0.000024,0.012587,0.274626,0.712762
AATGCAACCGGGTACC-1,0.000047,0.000047,0.787844,0.212063
AATGCACCAAGCAATG-1,0.000018,0.000018,0.119719,0.880244
AATGGCCGCCAATGCG-1,0.000034,0.000034,0.264391,0.735541
AATGGTCCACCGTTCA-1,0.000046,0.000046,0.526787,0.473122
AATGGTTCTCACAAGC-1,0.000038,0.000038,0.528122,0.471803
AATGTATGGCACTGTA-1,0.000033,0.000033,0.420467,0.579468
AATGTGCCCGAGGTGT-1,0.000178,0.069205,0.800615,0.130003
AATGTGCTAATCTGAG-1,0.00007,0.02125,0.957026,0.021654
AATGTTAAGACCCTGA-1,0.000016,0.006188,0.16617,0.827626
AATGTTGTCGTGAGAC-1,0.000013,0.000013,0.083052,0.916922
AATTAAAGGTCGGCGT-1,0.00005,0.00005,0.534763,0.465138
AATTAACGGATTTCCA-1,0.000062,0.000062,0.893036,0.10684
AATTACGAGACCCATC-1,0.00007,0.00007,0.733176,0.266685
AATTACTCGTACGCTC-1,0.000035,0.325061,0.172527,0.502377
AATTAGCGCTGCAGCG-1,0.000126,0.125273,0.873715,0.000885
AATTATACCCAGCAAG-1,0.000088,0.145257,0.833677,0.020978
AATTCATAAGGGATCT-1,0.000051,0.000051,0.790618,0.209279
AATTCATTGTCATGCA-1,0.000073,0.004661,0.585724,0.409542
AATTCCAACTTGGTGA-1,0.00006,0.864517,0.110562,0.024861
AATTCCAAGCATGTAC-1,0.00004,0.011275,0.503062,0.485623
AATTCGATTCGAGGAT-1,0.000046,0.016762,0.672968,0.310224
AATTCTAGAGTTAGGC-1,0.000184,0.000184,0.876856,0.122776
AATTGAACGCTCTGGT-1,0.000033,0.000033,0.428542,0.571391
AATTGCAGCAATCGAC-1,0.000023,0.000023,0.428017,0.571937
AATTGCGTGGATTACA-1,0.000026,0.000026,0.330519,0.669429
AATTGTGGTTGCCAAA-1,0.00001,0.011671,0.166563,0.821757
AATTTGGGACATAGTA-1,0.00013,0.019904,0.839262,0.140704
AATTTGGTTCCAAAGA-1,0.00002,0.03922,0.090569,0.870191
ACAAACCATGCGTCCT-1,0.000073,0.038467,0.888266,0.073194
ACAAACCGACAAGGCG-1,0.000061,0.021103,0.627304,0.351533
ACAAACTCCATCAGAG-1,0.000012,0.000012,0.044705,0.955271
ACAAAGAAGGTAGGCC-1,0.000035,0.002221,0.216958,0.780787
ACAAAGCATGACCTAG-1,0.000038,0.000038,0.944065,0.055859
ACAAATCGCACCGAAT-1,0.000033,0.000033,0.457135,0.542799
ACAAATGGTAGTGTTT-1,0.000014,0.000014,0.277078,0.722894
ACAAATTCAGATCTGA-1,0.000032,0.000032,0.048692,0.951243
ACAACAGCATGAGCTA-1,0.000026,0.042633,0.447013,0.510329
ACAACGGTCCCTGCGA-1,0.000077,0.046189,0.269818,0.683916
ACAAGCAGTGCCTAGC-1,0.000051,0.000341,0.551415,0.448192
ACAAGCTATATGGAAG-1,0.000026,0.000026,0.090454,0.909494
ACAAGGAAATCCGCCC-1,0.000071,0.02227,0.977162,0.000497
ACAAGGACAAGAGGTT-1,0.000011,0.000011,0.11606,0.883917
ACAAGGATGCTTTAGG-1,0.000031,0.000031,0.304192,0.695747
ACAAGGCCTACCAGCC-1,0.000026,0.000026,0.176822,0.823127
ACAAGGGCAGGCTCTG-1,0.000032,0.037629,0.738532,0.223806
ACAAGTAATTGTAAGG-1,0.000024,0.05316,0.373986,0.57283
ACAATAGTCGTACGTT-1,0.000046,0.033524,0.781122,0.185308
ACAATCCATTTAAACC-1,0.000041,0.080179,0.503589,0.416191
ACAATCGATCTTTATA-1,0.000025,0.000025,0.018863,0.981087
ACAATGAATACGGAGA-1,0.00004,0.092661,0.378289,0.52901
ACAATGATTCTTCTAC-1,0.000051,0.000051,0.441189,0.55871
ACAATTGTGTCTCTTT-1,0.000083,0.000083,0.649306,0.350529
ACAATTTAGGAGGCTC-1,0.000039,0.030065,0.329064,0.640833
ACAATTTGAGCAGTGG-1,0.000031,0.000031,0.19132,0.808618
ACAATTTGGCCATATT-1,0.000012,0.005328,0.004553,0.990107
ACACAAAGACGGGTGG-1,0.000018,0.000018,0.088183,0.911781
ACACAAATATTCCTAG-1,0.000025,0.004746,0.417249,0.57798
ACACACCAGGACCAGT-1,0.000046,0.000046,0.664202,0.335706
ACACACTTTCTACACG-1,0.000059,0.000059,0.600043,0.399839
ACACATGATCAAATCT-1,0.000154,0.120816,0.877954,0.001076
ACACATTGACGCAACA-1,0.000077,0.780211,0.081793,0.137919
ACACATTTCCGTAGAC-1,0.000037,0.027436,0.645002,0.327525
ACACCACATAATTAGC-1,0.00003,0.00003,0.173944,0.825997
ACACCCAGCATGCAGC-1,0.000037,0.000037,0.319985,0.679941
ACACCCGAGAAATCCG-1,0.000054,0.000054,0.48147,0.518422
ACACCCGTAAATCTGT-1,0.000036,0.047984,0.198498,0.753483
ACACCGAGCGCTCTTT-1,0.000072,0.749285,0.222837,0.027806
ACACCGGTCTGACCGC-1,0.000073,0.11002,0.889394,0.000513
ACACCTTAAGTAGGGC-1,0.000034,0.003885,0.641116,0.354966
ACACCTTACTACTTGC-1,0.000023,0.000023,0.238322,0.761631
ACACGAGACTCCTTCT-1,0.000045,0.015532,0.60136,0.383063
ACACGGCACTATGCAT-1,0.000027,0.000027,0.122163,0.877783
ACACGGGAACTTAGGG-1,0.000104,0.061372,0.8682,0.070324
ACACGTAGGCCACAAG-1,0.000036,0.001716,0.39454,0.603707
ACACTCCAATGTCACT-1,0.000035,0.000035,0.197354,0.802575
ACACTGATCAAGGTGT-1,0.000139,0.000139,0.998748,0.000974
ACACTGGGACAGTCGT-1,0.000022,0.024601,0.334173,0.641203
ACAGAACTGAGAACAA-1,0.00005,0.040174,0.782546,0.17723
ACAGATTAGGTTAGTG-1,0.00003,0.013108,0.133072,0.85379
ACAGCATAGAGCCAGT-1,0.00003,0.00003,0.061984,0.937956
ACAGCGACATTCTCAT-1,0.000046,0.000046,0.617048,0.382861
ACAGCGCACCCGCAGC-1,0.000055,0.01863,0.942085,0.03923
ACAGGCACGGATCCTT-1,0.000039,0.024906,0.752842,0.222213
ACAGGCTTGCCCGACT-1,0.000056,0.036504,0.943748,0.019692
ACAGGTGGAGGTGAGG-1,0.000088,0.081325,0.91797,0.000617
ACAGGTGTGTTGTTGC-1,0.000055,0.053313,0.488014,0.458618
ACAGTAATACAACTTG-1,0.000029,0.000029,0.536627,0.463315
ACAGTATACCGTGGGA-1,0.000064,0.027583,0.418379,0.553974
ACAGTGCAGCGCATTT-1,0.000029,0.000029,0.166756,0.833187
ACATAAGTCGTGGTGA-1,0.000104,0.000104,0.999065,0.000727
ACATAATAAGGCGGTG-1,0.000049,0.000049,0.722291,0.277611
ACATACAATCAAGCGG-1,0.000022,0.003928,0.649298,0.346752
ACATCAGCTGGGACGC-1,0.000017,0.000017,0.139462,0.860504
ACATCCCGGCCATACG-1,0.000061,0.106167,0.893347,0.000426
ACATCCTGGTAACTGT-1,0.000028,0.006347,0.263534,0.730091
ACATCGATCGTTTACC-1,0.000085,0.022328,0.97699,0.000596
ACATCGCAATATTCGG-1,0.000016,0.005365,0.297347,0.697272
ACATCGGTCAGCCGCG-1,0.000057,0.014334,0.692396,0.293213
ACATCGTATGCAATGG-1,0.000043,0.000043,0.482119,0.517795
ACATCGTTAACCTAGT-1,0.000043,0.000043,0.376877,0.623037
ACATCTCAACGCGTAA-1,0.000039,0.000039,0.155549,0.844373
ACATGCTTACGGCAGC-1,0.000054,0.045233,0.825889,0.128824
ACATGGCGCCAAAGTA-1,0.000029,0.000029,0.351664,0.648277
ACATGGCTCAATTTAG-1,0.000062,0.371405,0.328624,0.299908
ACATTAGTTTATATCC-1,0.000072,0.107204,0.892204,0.000519
ACATTCGCGCGGAATA-1,0.000026,0.028786,0.223124,0.748064
ACATTTGAAACCTAAC-1,0.000021,0.064955,0.18612,0.748904
ACCAAACACCCAGCGA-1,0.000028,0.000028,0.174325,0.825619
ACCAAACTAGAAATCC-1,0.000081,0.089826,0.418104,0.49199
ACCAACACCACACACT-1,0.000038,0.006143,0.795035,0.198784
ACCAACCGCACTCCAC-1,0.000011,0.000011,0.019799,0.98018
ACCAACGCTTATTTAT-1,0.000097,0.000097,0.999128,0.000678
ACCAAGAACGCGTGTC-1,0.000014,0.000014,0.016087,0.983884
ACCAAGTCATCGGCAG-1,0.000033,0.057222,0.534137,0.408608
ACCAATATGCAAGTTA-1,0.00015,0.027857,0.970941,0.001051
ACCACAACTCAGAACA-1,0.000019,0.000019,0.0189,0.981062
ACCACAAGTTTCTATC-1,0.000037,0.000037,0.578734,0.421192
ACCACACGGTTGATGG-1,0.000012,0.000012,0.035811,0.964165
ACCACCAATGTAACAA-1,0.000018,0.000018,0.212165,0.787799
ACCACCCTCTCTTCTA-1,0.000026,0.017492,0.171108,0.811374
ACCACGTGCAGCTATA-1,0.000073,0.035798,0.963619,0.00051
ACCACTGTTCAAGAAG-1,0.000065,0.712461,0.192233,0.09524
ACCAGACCATAACAAC-1,0.000034,0.077299,0.663745,0.258921
ACCAGCCCGGTCTTTG-1,0.000034,0.000034,0.116889,0.883044
ACCAGGAGTGTGATCT-1,0.000117,0.000117,0.452577,0.547188
ACCAGTGCCCGGTCAA-1,0.000069,0.000069,0.563089,0.436774
ACCAGTGCGGGAGACG-1,0.000039,0.000039,0.442789,0.557133
ACCATATCCGCAATAA-1,0.000038,0.000038,0.418567,0.581357
ACCATCCGCCAACTAG-1,0.000018,0.000018,0.141006,0.858958
ACCATCGTATATGGTA-1,0.00008,0.00008,0.970844,0.028997
ACCATTAAGGGTGTCA-1,0.00004,0.599944,0.078656,0.321359
ACCCAACGCCCGTGGC-1,0.000015,0.000015,0.064035,0.935934
ACCCACCTACATGCTC-1,0.000064,0.017272,0.25901,0.723654
ACCCATCTTGAGGGTA-1,0.000062,0.013015,0.914256,0.072666
ACCCATTTGTCCCTCT-1,0.000055,0.000055,0.651906,0.347985
ACCCGAGCGAAATTAC-1,0.00005,0.000055,0.553311,0.446584
ACCCGATTGGTTCCGA-1,0.000066,0.060188,0.665832,0.273915
ACCCGGAAACTCCCAG-1,0.000084,0.000084,0.978483,0.021349
ACCCGGAGCACCACAA-1,0.000029,0.039847,0.276937,0.683186
ACCCGGATGACGCATC-1,0.000036,0.000036,0.357774,0.642155
ACCCGGTTACACTTCC-1,0.000028,0.000028,0.252025,0.74792
ACCCGTAGCAGAGAAT-1,0.000046,0.000046,0.960102,0.039806
ACCCGTAGTCTAGTTG-1,0.00004,0.066053,0.431359,0.502548
ACCCGTGTCATCAGTA-1,0.000031,0.000031,0.183512,0.816426
ACCCTATAGGACTGAG-1,0.000024,0.044918,0.16406,0.790998
ACCCTATGCCATATCG-1,0.000121,0.000121,0.998908,0.000849
ACCCTCCCGTCAGGGC-1,0.000196,0.000196,0.418544,0.581064
ACCCTCCCTTGCTATT-1,0.000043,0.000084,0.45714,0.542732
ACCCTGGTAACGCCCT-1,0.000022,0.000022,0.10538,0.894577
ACCCTTCATCTGCGAA-1,0.00003,0.00003,0.249103,0.750836
ACCCTTGCCTGGGTCG-1,0.000032,0.060752,0.541835,0.39738
ACCCTTTAGTTCTCCA-1,0.000046,0.000046,0.185425,0.814483
ACCGAAAGGGCCCTGC-1,0.000039,0.000039,0.179038,0.820884
ACCGAAGAGTCTGGTT-1,0.000048,0.000048,0.770923,0.22898
ACCGACACATCTCCCA-1,0.000052,0.015369,0.627323,0.357256
ACCGACTGAGTCCCAC-1,0.000049,0.018543,0.965684,0.015725
ACCGAGTCTCCTTATT-1,0.000056,0.000056,0.865868,0.13402
ACCGATAGGCATAACC-1,0.00001,0.00001,0.132601,0.867379
ACCGATATTTAATCAT-1,0.000011,0.010745,0.023908,0.965336
ACCGATGGTAGCATCG-1,0.00005,0.00005,0.572888,0.427012
ACCGCAATAACTGCCT-1,0.000052,0.000052,0.971548,0.028347
ACCGCGGTGGAAGTCG-1,0.00002,0.00002,0.111796,0.888164
ACCGCTAGTCATTGGT-1,0.000119,0.463473,0.121728,0.41468
ACCGGGCCTTTGTTGA-1,0.000031,0.000031,0.342603,0.657335
ACCGGTCAGGTACACC-1,0.000116,0.046328,0.903,0.050556
ACCGGTCTGAGTACGG-1,0.000159,0.04956,0.949168,0.001113
ACCGTCCACTGGGCCC-1,0.000016,0.000016,0.117815,0.882154
ACCGTGACCACGTGGG-1,0.000051,0.000051,0.765103,0.234795
ACCGTTCCCGCTCTGA-1,0.000051,0.000051,0.37402,0.625879
ACCTAAGTACCTTTCA-1,0.000062,0.000062,0.450512,0.549364
ACCTAATCGACTTCCT-1,0.000045,0.013539,0.4952,0.491216
ACCTACAGTATGTGGT-1,0.00002,0.00002,0.133836,0.866125
ACCTACTATAAATCTA-1,0.000038,0.000038,0.517223,0.482702
ACCTCAGCGAGGCGCA-1,0.000026,0.002192,0.702553,0.29523
ACCTCCGCCCTCGCTG-1,0.000042,0.000042,0.503848,0.496068
ACCTCCGTTATTCACC-1,0.000049,0.020783,0.355417,0.623751
ACCTCGAACTTATGCT-1,0.000068,0.093253,0.906201,0.000478
ACCTGCGTGTCATGTT-1,0.000027,0.000027,0.621711,0.378235
ACCTTTCCTTTAGAAG-1,0.000083,0.085592,0.883489,0.030836
ACGAAATGGGCGGCAC-1,0.000069,0.019701,0.780236,0.199994
ACGACCCATGAGTTGC-1,0.00001,0.00001,0.000093,0.999887
ACGACTCTAGGGCCGA-1,0.000028,0.00506,0.327486,0.667426
ACGACTGGTCATACTC-1,0.00004,0.00561,0.860948,0.133402
ACGAGAACCCATCACG-1,0.00003,0.049353,0.273663,0.676954
ACGAGATATTTGCTTA-1,0.000043,0.000043,0.362678,0.637236
ACGAGGATACCACTCT-1,0.000068,0.150879,0.767947,0.081106
ACGAGGTTTACAACGT-1,0.000051,0.024303,0.634972,0.340673
ACGAGTACGGATGCCC-1,0.000041,0.000041,0.39395,0.605967
ACGAGTCGCCGGCGTT-1,0.000056,0.609204,0.040613,0.350127
ACGATACATAGAACTA-1,0.000029,0.018802,0.345333,0.635837
ACGATACCTATCCTGA-1,0.000064,0.09499,0.231561,0.673386
ACGATCATACATAGAG-1,0.000055,0.000055,0.816368,0.183521
ACGATCATCTTGTAAA-1,0.000063,0.008135,0.726448,0.265353
ACGATGCATATGTTAT-1,0.000059,0.000059,0.758942,0.240941
ACGATGGATCCGATGC-1,0.000055,0.049003,0.43138,0.519561
ACGCAAACTAATAGAT-1,0.000063,0.000063,0.856529,0.143344
ACGCAATCACTACAGC-1,0.000026,0.000026,0.273723,0.726225
ACGCATAAATGACATG-1,0.000019,0.000019,0.134598,0.865363
ACGCATACGTTTACTA-1,0.000044,0.000044,0.476081,0.523831
ACGCATTCGTGAGTAC-1,0.000066,0.007537,0.619207,0.37319
ACGCCACTCGAAACAG-1,0.00003,0.004133,0.678958,0.31688
ACGCCAGATGATTTCT-1,0.000126,0.230119,0.768872,0.000883
ACGCCAGTGCGTTTGC-1,0.000023,0.000023,0.28278,0.717175
ACGCCCAGCTGTCGAT-1,0.00004,0.092336,0.321436,0.586188
ACGCGAAGTCAGACGA-1,0.000141,0.333999,0.664873,0.000987
ACGCGCTACACAGGGT-1,0.000049,0.050116,0.940695,0.009139
ACGCGGGCCAAGGACA-1,0.000075,0.058884,0.673571,0.26747
ACGCGTTTCTTAAGAG-1,0.000034,0.027105,0.284165,0.688697
ACGCTACTGAATGGGC-1,0.00001,0.00001,0.058845,0.941135
ACGCTAGTATCAGTGC-1,0.000028,0.000028,0.226946,0.772998
ACGCTAGTGATACACT-1,0.000038,0.000038,0.52261,0.477314
ACGCTGTGAGGCGTAG-1,0.000056,0.026999,0.551255,0.42169
ACGCTTAGTGTCTCTC-1,0.000048,0.000048,0.231149,0.768756
ACGGAACACGAGTGCC-1,0.000045,0.067261,0.679941,0.252753
ACGGAATTTAGCAAAT-1,0.000016,0.074519,0.065146,0.860319
ACGGACGCAGCGACAA-1,0.000059,0.048777,0.836304,0.114859
ACGGACTCTCAAAGCG-1,0.000061,0.055752,0.693883,0.250304
ACGGAGCGCAAATTAC-1,0.000039,0.032673,0.583003,0.384285
ACGGATGGTGCGGATA-1,0.000136,0.079096,0.919818,0.00095
ACGGCACTTGCTTGGG-1,0.000096,0.248756,0.554954,0.196194
ACGGCCAACATGGACT-1,0.000069,0.090867,0.868712,0.040352
ACGGCGACGATGGGAA-1,0.000057,0.000057,0.999486,0.0004
ACGGCGGGTTGCCCTG-1,0.000086,0.200021,0.460421,0.339472
ACGGCTGGATGTAGAA-1,0.000066,0.000066,0.73643,0.263437
ACGGGAGTGTCGGCCC-1,0.000061,0.034385,0.771917,0.193637
ACGGGCGTATGCGACA-1,0.000065,0.000065,0.360114,0.639757
ACGGGTCATGTGACTT-1,0.000055,0.400368,0.230478,0.369099
ACGGGTTGTGACCTGT-1,0.000012,0.000012,0.127511,0.872466
ACGGTACAGTTCAATG-1,0.000025,0.000025,0.259289,0.740661
ACGGTCACCGAGAACA-1,0.000044,0.207122,0.38238,0.410453
ACGTACAGATTTCTCT-1,0.000064,0.045672,0.777672,0.176592
ACGTACTTTGGCACGG-1,0.000078,0.028312,0.920184,0.051426
ACGTAGATTGCTGATG-1,0.000145,0.000145,0.998693,0.001016
ACGTAGGAGAGTCGCT-1,0.000011,0.000011,0.016449,0.983528
ACGTATTACTCCGATC-1,0.000025,0.000025,0.155758,0.844192
ACGTCCTAAACGAGAT-1,0.000025,0.000025,0.055927,0.944022
ACGTCGGGCAACTCGG-1,0.000041,0.038364,0.663576,0.298018
ACGTCTCGTTCCGGGA-1,0.000057,0.000616,0.570962,0.428365
ACGTGACAAAGTAAGT-1,0.000069,0.058417,0.578461,0.363053
ACGTGCGCCTCGTGCA-1,0.000024,0.014077,0.238568,0.747331
ACGTGGTCGAATGTGC-1,0.00004,0.00004,0.189145,0.810774
ACGTTAGATTTGCCCG-1,0.000084,0.000084,0.767965,0.231868
ACGTTATTGGTCACTC-1,0.000082,0.000082,0.404579,0.595257
ACGTTCACTATGCCGC-1,0.00005,0.00005,0.999548,0.000352
ACGTTCCGCGCTCCGT-1,0.00006,0.009932,0.757732,0.232276
ACGTTCGCAATCAATT-1,0.000021,0.000021,0.171598,0.82836
ACGTTCGTTCAGGAAA-1,0.000051,0.008517,0.804952,0.186479
ACGTTCTGTACAAGTC-1,0.000089,0.000089,0.932225,0.067597
ACGTTGTCGTTGAAAG-1,0.000026,0.000026,0.191565,0.808384
ACGTTTAGTTGTGATC-1,0.00007,0.00007,0.708886,0.290974
ACGTTTCGGTGCACTT-1,0.000021,0.036226,0.163076,0.800676
ACTAAGGACGCACACC-1,0.000017,0.010705,0.062381,0.926898
ACTAATACGTCAGGCG-1,0.000061,0.014936,0.406224,0.578779
ACTACAAAGAGAGGTG-1,0.000026,0.007212,0.195055,0.797706
ACTACATCCCGACAAG-1,0.000088,0.189897,0.809402,0.000613
ACTACCAGCTCTCTGG-1,0.000047,0.00019,0.481808,0.517955
ACTACCATCCGAGGGC-1,0.000049,0.155093,0.496398,0.348461
ACTACGCGTTAGAATT-1,0.000048,0.000048,0.677143,0.322762
ACTAGTTGCGATCGTC-1,0.000067,0.142672,0.568533,0.288729
ACTATATGCTGTGTTC-1,0.000063,0.000063,0.247097,0.752777
ACTATCCAGGGCATGG-1,0.000022,0.000022,0.443836,0.556121
ACTATCGCCGGCTAAA-1,0.00003,0.952674,0.00009,0.047206
ACTATCTGCCCGCGTA-1,0.000019,0.000019,0.262907,0.737055
ACTATGTCCAGCTGCC-1,0.000031,0.000031,0.427136,0.572801
ACTATTCGTCCGTGGT-1,0.000122,0.023306,0.975718,0.000854
ACTATTTCCGGGCCCA-1,0.000035,0.040104,0.173188,0.786673
ACTCAACGAATGTATT-1,0.000058,0.04083,0.472496,0.486616
ACTCAAGTGCAAGGCT-1,0.000033,0.000033,0.370685,0.629249
ACTCAATAAAGGCACG-1,0.00008,0.035132,0.964225,0.000563
ACTCAGACCTGCTTCT-1,0.000068,0.0201,0.464035,0.515796
ACTCATGGCAGCCTTC-1,0.000056,0.000056,0.742263,0.257625
ACTCCAATATCATCAT-1,0.000041,0.018448,0.66867,0.312841
ACTCCCATTCCTAAAG-1,0.000058,0.000058,0.285219,0.714666
ACTCCCGAATTCGTTT-1,0.00006,0.00006,0.706567,0.293314
ACTCCCGTAGACTAGG-1,0.000017,0.001777,0.057463,0.940743
ACTCCCTAATGCTAAA-1,0.000073,0.013836,0.985579,0.000512
ACTCCGGCCGACCACT-1,0.000065,0.199033,0.800447,0.000455
ACTCGATGTATTTCAT-1,0.000062,0.141399,0.422464,0.436075
ACTCGCCGTTCGATAA-1,0.000016,0.016652,0.240894,0.742438
ACTCGCGATCTGACGC-1,0.000019,0.035094,0.156773,0.808114
ACTCGTAACCCGTCCT-1,0.000115,0.0764,0.880039,0.043446
ACTCGTCAGTAATCCC-1,0.000085,0.000085,0.999231,0.000598
ACTCTAAACCTGGGAT-1,0.00005,0.313518,0.358833,0.327598
ACTCTCTGACTTAGGT-1,0.000127,0.000127,0.998853,0.000892
ACTCTCTTATACACGA-1,0.000111,0.083764,0.665769,0.250356
ACTCTGACCTAATAGA-1,0.000043,0.000043,0.494064,0.50585
ACTCTTCAGCTCCCGC-1,0.00005,0.034046,0.418979,0.546925
ACTGAAACGCCGTTAG-1,0.00005,0.006551,0.713708,0.279691
ACTGAATGGCGAAAGT-1,0.000034,0.000034,0.805686,0.194246
ACTGATTTAGTGATTC-1,0.000053,0.000053,0.239953,0.759942
ACTGCCCGCCATTCTC-1,0.000073,0.000073,0.661324,0.33853
ACTGCCGTCGTAACTC-1,0.000052,0.000052,0.575489,0.424406
ACTGCGGACACACCGT-1,0.000011,0.001781,0.000103,0.998105
ACTGCTCGGAAGGATG-1,0.000072,0.09849,0.812284,0.089153
ACTGGCGAACCTGCGT-1,0.00002,0.00002,0.114734,0.885227
ACTGGGATGCCAGTGC-1,0.000056,0.082625,0.858297,0.059023
ACTGTACGATACACAT-1,0.000084,0.000084,0.99924,0.000591
ACTGTAGCACTTTGGA-1,0.000048,0.000048,0.425303,0.574601
ACTGTATACGCGAGCA-1,0.000016,0.003812,0.03203,0.964142
ACTGTCCAGGATTATA-1,0.000052,0.000052,0.921979,0.077917
ACTGTCTTCTTTAGAA-1,0.000072,0.000072,0.842395,0.157462
ACTGTGCTAGTAGATC-1,0.000053,0.000053,0.273838,0.726055
ACTGTTTAGTGTAGGC-1,0.000072,0.000072,0.387411,0.612445
ACTTACCGGGCGCGCA-1,0.000089,0.000089,0.775883,0.223939
ACTTACGCATCCACGC-1,0.000136,0.025472,0.919817,0.054575
ACTTAGTACGACAAGA-1,0.000015,0.000015,0.090011,0.909959
ACTTATACTTACCCGG-1,0.000016,0.000016,0.196913,0.803056
ACTTATCTGATCTATA-1,0.000034,0.135314,0.059689,0.804963
ACTTATTAGGATCGGT-1,0.000029,0.024266,0.072198,0.903507
ACTTATTTATGTGCCA-1,0.000042,0.000042,0.493474,0.506442
ACTTCAGGCTGATCCC-1,0.000057,0.000057,0.487265,0.51262
ACTTCCAGTGGAAGCT-1,0.000026,0.035703,0.127512,0.836758
ACTTCCATGCGGGACA-1,0.000071,0.027842,0.947152,0.024934
ACTTCCTGTCGTGCGA-1,0.000015,0.010742,0.0021,0.987143
ACTTCGCCATACGCAC-1,0.000133,0.045018,0.920769,0.03408
ACTTCGCTAGCGAGTG-1,0.00004,0.049807,0.430586,0.519567
ACTTGCCATATTGTAC-1,0.000095,0.000095,0.357425,0.642384
ACTTGCTCTATCTACC-1,0.000041,0.003861,0.520278,0.475819
ACTTGGGACCCGGTGG-1,0.000048,0.000048,0.30609,0.693814
ACTTGGGCTTTCGCCA-1,0.000028,0.000028,0.677985,0.321958
ACTTGTAGTCCCTTCA-1,0.000036,0.006514,0.144774,0.848676
ACTTGTGGATGGAACG-1,0.000017,0.003691,0.121385,0.874906
ACTTGTTACCGGATCA-1,0.000054,0.265345,0.56898,0.16562
ACTTTACCCTCATGAA-1,0.000049,0.000049,0.403031,0.596872
ACTTTATACACCACTT-1,0.000057,0.065958,0.728554,0.205431
ACTTTCCTATAGCTTC-1,0.000025,0.000025,0.042185,0.957765
ACTTTGACTGCATCCT-1,0.000065,0.00156,0.278697,0.719678
ACTTTGGTCGTGCTCC-1,0.000076,0.022202,0.977186,0.000535
ACTTTGTCGACGCACT-1,0.000027,0.000027,0.350346,0.6496
AGAAATTATGACTCGC-1,0.000025,0.003591,0.295211,0.701174
AGAACACGGCGATGGT-1,0.000042,0.097155,0.732375,0.170427
AGAACCCAGCGTGACA-1,0.000026,0.158992,0.318678,0.522304
AGAACCCTCAATTGGG-1,0.000055,0.048443,0.817493,0.134009
AGAACGTGGTACATTC-1,0.000112,0.042751,0.667142,0.289995
AGAACTGTACTTTGTA-1,0.000034,0.115041,0.830275,0.05465
AGAAGAGCGCCGTTCC-1,0.000399,0.059571,0.400244,0.539787
AGAAGGTACACTTCAC-1,0.000062,0.000062,0.999441,0.000435
AGAAGGTTGCCGAATT-1,0.00003,0.00003,0.213903,0.786037
AGAAGGTTGTAGGTCG-1,0.000084,0.128109,0.851549,0.020257
AGAAGTGATTCGTGAT-1,0.000077,0.026509,0.972874,0.00054
AGAATAAATCTTCAGG-1,0.00003,0.075119,0.320543,0.604308
AGAATACAGGCTATCC-1,0.000044,0.004151,0.755012,0.240793
AGAATGCGGGTTCGGA-1,0.000025,0.000025,0.206882,0.793068
AGAATTATGGATTCGA-1,0.000052,0.000052,0.594944,0.404952
AGAATTGTTTGACATA-1,0.000038,0.030274,0.254242,0.715446
AGACAGCTCAGAATCC-1,0.00003,0.102454,0.269055,0.628461
AGACAGGCATCTCAGC-1,0.000033,0.233204,0.293717,0.473047
AGACATAGATCCTTCC-1,0.000025,0.010278,0.160471,0.829226
AGACCAAACCACACCT-1,0.000021,0.007536,0.09305,0.899393
AGACCATGGGATACAA-1,0.000021,0.00989,0.191375,0.798713
AGACCCACCGCTGATC-1,0.000129,0.041513,0.534136,0.424222
AGACCCGCCCTCCTCG-1,0.000055,0.000055,0.684051,0.315838
AGACCGCTCCGCGGTT-1,0.000034,0.036745,0.278649,0.684573
AGACCGGGAAACCCTG-1,0.000047,0.032379,0.711444,0.256131
AGACGAAGTGCCGGTC-1,0.00002,0.007689,0.209434,0.782856
AGACGACGATGCCGCT-1,0.000107,0.102525,0.896621,0.000747
AGACGCCCACTTCGCC-1,0.000034,0.18883,0.223272,0.587863
AGACGGGATTGGTATA-1,0.000026,0.01036,0.146188,0.843426
AGACGGGCCGATTTAA-1,0.000046,0.000046,0.307699,0.692209
AGACTAGCCTTCCAGA-1,0.000018,0.000018,0.045796,0.954169
AGACTGTTACCGGGTC-1,0.000066,0.032096,0.967379,0.000459
AGAGAAACACCAGAAA-1,0.00005,0.019197,0.557076,0.423677
AGAGAACCGTCTAGGA-1,0.000014,0.000014,0.091983,0.907989
AGAGAAGGAGTACAAT-1,0.000065,0.025433,0.974045,0.000457
AGAGATCTCTAAAGCG-1,0.000018,0.000018,0.100435,0.89953
AGAGCAGTTATGAGAC-1,0.000018,0.028574,0.023756,0.947652
AGAGCCGCCGAGATTT-1,0.000025,0.000025,0.371817,0.628132
AGAGCGCTTGTAACGG-1,0.000012,0.000012,0.008328,0.991648
AGAGCGGGCTAATCAT-1,0.000034,0.000034,0.364943,0.634989
AGAGCGTACAAGCTCG-1,0.00005,0.030565,0.45747,0.511915
AGAGCTACGAAAGCAT-1,0.000038,0.171459,0.19553,0.632973
AGAGGCTTCGGAAACC-1,0.00003,0.00003,0.29714,0.702799
AGAGGGACAATTGTCC-1,0.000056,0.000056,0.536117,0.463771
AGAGGTATCTCGGTCC-1,0.000028,0.000028,0.084113,0.915832
AGAGTAAACTTCACTA-1,0.000019,0.004635,0.270048,0.725297
AGAGTATAGTGTTACG-1,0.00002,0.086535,0.000061,0.913383
AGAGTCTTAATGAAAG-1,0.000017,0.001621,0.403409,0.594954
AGAGTGAACAGACACC-1,0.000028,0.00695,0.199314,0.793708
AGAGTTAGAGACCGAT-1,0.000162,0.000162,0.998541,0.001135
AGAGTTGCAGGCCTCC-1,0.000037,0.002386,0.488833,0.508745
AGATAACTTCAGGGCC-1,0.000056,0.006874,0.712269,0.280801
AGATAATCACACCTAT-1,0.000019,0.000019,0.270045,0.729918
AGATACCAATAGAACC-1,0.000021,0.000021,0.301363,0.698595
AGATACCAGCACTTCA-1,0.000026,0.000026,0.063509,0.93644
AGATACCGGTGTTCAC-1,0.000065,0.000065,0.816258,0.183611
AGATACGACTTCATAT-1,0.000037,0.074584,0.433179,0.4922
AGATACTCAAGATCGA-1,0.000034,0.00566,0.439289,0.555017
AGATATAATACGACTA-1,0.00003,0.00003,0.347454,0.652487
AGATCGTGCATAAGAT-1,0.000035,0.000035,0.445493,0.554437
AGATCTCAGGTGTGAT-1,0.000161,0.100731,0.89798,0.001128
AGATCTGGAGAGGATA-1,0.000061,0.056909,0.862711,0.080319
AGATGACTCGCCCACG-1,0.000057,0.05543,0.589259,0.355254
AGATGAGGGTTGCGAT-1,0.00004,0.00004,0.453292,0.546627
AGATGATGGAGTCTGG-1,0.000059,0.058199,0.499874,0.441868
AGATGCAAGACGTGCA-1,0.000342,0.000342,0.640508,0.358808
AGATGCATCCTGTGTC-1,0.000086,0.026275,0.618697,0.354942
AGATGCTATAACGAGC-1,0.000051,0.65036,0.194587,0.155002
AGATTATAGGACGTTT-1,0.000028,0.000028,0.341944,0.658001
AGATTCAAGCGGGTCG-1,0.000067,0.067075,0.556531,0.376326
AGATTCACAACCGATA-1,0.000073,0.000073,0.925616,0.074238
AGCAAAGGCCGCTAGT-1,0.000071,0.001157,0.998278,0.000495
AGCAACATATCTTATT-1,0.000016,0.000016,0.057397,0.942571
AGCAACCGAAAGTAAT-1,0.000099,0.000099,0.999105,0.000696
AGCACACGTTTAGACT-1,0.000063,0.000063,0.782868,0.217006
AGCACCAGTACTCACG-1,0.000023,0.000023,0.292293,0.707662
AGCACTACCGGCCTGT-1,0.000088,0.014579,0.329469,0.655864
AGCACTACCTCACCAG-1,0.000112,0.000112,0.768774,0.231003
AGCACTTAAGGACGCC-1,0.000039,0.014787,0.541485,0.443688
AGCAGAAGGAGAAAGA-1,0.000017,0.002231,0.176103,0.821649
AGCAGCCAGATGAATA-1,0.000048,0.000048,0.875079,0.124825
AGCAGTCGAAGCATGC-1,0.000079,0.002585,0.902972,0.094365
AGCATATCAATATGCT-1,0.000071,0.000071,0.710176,0.289683
AGCATCATTTCGAAAG-1,0.000053,0.145742,0.771464,0.082742
AGCATCGTCGATAATT-1,0.000067,0.022605,0.492978,0.48435
AGCATTACGAGGCAAG-1,0.000055,0.020091,0.770686,0.209167
AGCCAAGCTTTGTGTC-1,0.000023,0.000023,0.130808,0.869146
AGCCACAGGTTACCCG-1,0.000025,0.000025,0.144469,0.855481
AGCCACTCCCGTGCTT-1,0.000055,0.039321,0.960237,0.000387
AGCCATATAGTATGTG-1,0.000037,0.000037,0.437692,0.562234
AGCCCATACATGTAAG-1,0.00004,0.00004,0.637345,0.362574
AGCCCGCAACAAGCAG-1,0.000033,0.000033,0.439521,0.560414
AGCCCGCACTACAATG-1,0.000046,0.029934,0.529521,0.4405
AGCCCGGCATTAGAGG-1,0.000045,0.000045,0.647495,0.352415
AGCCCGGTAGCCTGTA-1,0.000034,0.000034,0.456459,0.543474
AGCCCTAAGCGAAGTT-1,0.000032,0.033549,0.331406,0.635012
AGCCCTCCCTGGTGGC-1,0.000074,0.047158,0.573054,0.379714
AGCCCTGTCGCACCGT-1,0.000036,0.008529,0.206138,0.785297
AGCCCTTCTAATCCGA-1,0.000055,0.000055,0.737322,0.262567
AGCCCTTGGACATCCC-1,0.000022,0.027937,0.252083,0.719958
AGCCGCAAATTCAAAT-1,0.000039,0.051505,0.549991,0.398466
AGCCGCTTGATTAGCG-1,0.000044,0.894235,0.105411,0.000309
AGCCGTGGCTAAATGT-1,0.000039,0.030693,0.735813,0.233455
AGCCTAATACCCACGT-1,0.000071,0.000071,0.396485,0.603374
AGCCTTAAAGCGGAAG-1,0.000053,0.007896,0.51481,0.477241
AGCCTTGTCACTGATA-1,0.000111,0.000111,0.826168,0.173611
AGCGACAGGAACGGTC-1,0.000084,0.047161,0.952164,0.00059
AGCGACATCCCATTCA-1,0.478198,0.000085,0.448145,0.073573
AGCGACCAACGATATT-1,0.00002,0.053301,0.122689,0.823991
AGCGACTTTGAAGACA-1,0.000018,0.019387,0.301363,0.679232
AGCGAGACGTGAAGGC-1,0.000028,0.001798,0.329312,0.668861
AGCGATGCGCCTAATA-1,0.00001,0.00001,0.051807,0.948173
AGCGCATAATGAATCG-1,0.000023,0.000023,0.165061,0.834892
AGCGCGGGTGCCAATG-1,0.000043,0.000043,0.763686,0.236228
AGCGCTAGAGCGATGT-1,0.000036,0.073934,0.298465,0.627565
AGCGCTTATGGGCAAG-1,0.000093,0.000093,0.999162,0.000652
AGCGGACACTTCGTAG-1,0.000081,0.000081,0.753559,0.246279
AGCGGCGGTTAGCGGT-1,0.000104,0.000104,0.618552,0.381239
AGCGGGAAGGGTCCAT-1,0.000037,0.015182,0.447573,0.537208
AGCGGGTCTGACACTC-1,0.000025,0.000025,0.208995,0.790956
AGCGGTTGAGATGTAC-1,0.000046,0.000046,0.500009,0.499899
AGCGGTTGCCGCTCTG-1,0.000057,0.000057,0.673878,0.326007
AGCGTACGAGAGCTAG-1,0.000031,0.05897,0.133092,0.807907
AGCGTAGCGCTAGACC-1,0.000094,0.095115,0.115363,0.789428
