Barcode,Topic 1,Topic 2,Topic 3,Topic 4,Topic 5,Topic 6,Topic 7,Topic 8,Topic 9,Topic 10,Topic 11,Topic 12to13
AAACAAGTATCTCCCA-1,0.00002,0.430416,0.070041,0.00002,0.047855,0.018751,0.00002,0.426541,0.00002,0.00002,0.002873,0.003425
AAACAATCTACTAGCA-1,0.00014,0.027577,0.00014,0.121877,0.155606,0.00014,0.089277,0.137619,0.00014,0.350591,0.00014,0.116753
AAACACCAATAACTGC-1,0.000053,0.000053,0.028079,0.068238,0.266806,0.115278,0.089199,0.010992,0.051071,0.283142,0.049246,0.037844
AAACAGAGCGACTCCT-1,0.000029,0.053782,0.000029,0.218945,0.000029,0.002059,0.000029,0.000029,0.163557,0.029979,0.000029,0.531508
AAACAGCTTTCAGAAG-1,0.000054,0.000054,0.001419,0.351819,0.356769,0.000054,0.084942,0.000054,0.000054,0.204617,0.000054,0.000108
AAACAGGGTCTATATT-1,0.00005,0.00005,0.00005,0.419017,0.222505,0.00005,0.154943,0.00005,0.00005,0.203087,0.00005,0.0001
AAACAGTGTTCCTGGG-1,0.00002,0.00002,0.00002,0.357808,0.00002,0.455374,0.08997,0.00002,0.000041,0.073793,0.00002,0.022896
AAACATGGTGAGAGGA-1,0.590953,0.000024,0.000024,0.000024,0.017727,0.000024,0.391076,0.000024,0.000024,0.000024,0.000024,0.000049
AAACATTTCCCGGATT-1,0.000019,0.744555,0.049336,0.015828,0.010589,0.011899,0.000019,0.000019,0.004519,0.007173,0.010553,0.145492
AAACCCGAACGAAATC-1,0.000017,0.826822,0.022241,0.002694,0.071888,0.000017,0.076221,0.000017,0.000017,0.000017,0.000017,0.000033
AAACCGGAAATGTTAA-1,0.000022,0.778105,0.036,0.118002,0.003648,0.053617,0.006819,0.003675,0.000022,0.000022,0.000022,0.000045
AAACCGGGTAGGTACC-1,0.000014,0.000014,0.000014,0.000014,0.000014,0.102332,0.011595,0.002311,0.014278,0.366058,0.032304,0.471051
AAACCGTTCGTCCAGG-1,0.000049,0.000049,0.000049,0.70027,0.000049,0.021866,0.0207,0.000049,0.057686,0.080787,0.000049,0.1184
AAACCTAAGCAGCCGG-1,0.00001,0.005564,0.04633,0.091243,0.005044,0.199218,0.011313,0.000546,0.004236,0.031731,0.574011,0.030754
AAACCTCATGAAGTTG-1,0.000024,0.000024,0.014444,0.031618,0.055938,0.039965,0.132515,0.000916,0.07123,0.512187,0.039454,0.101685
AAACGAAGAACATACC-1,0.000053,0.000053,0.000053,0.523205,0.277253,0.000053,0.000053,0.030485,0.000053,0.168585,0.000053,0.000105
AAACGAAGATGGAGTA-1,0.000076,0.000076,0.000076,0.230639,0.768529,0.000076,0.000076,0.000076,0.000076,0.000076,0.000076,0.000151
AAACGAGACGGTTGAT-1,0.000023,0.000023,0.007595,0.321714,0.000023,0.035584,0.000023,0.000023,0.125717,0.117322,0.16618,0.225774
AAACGCCCGAGATCGG-1,0.000026,0.000026,0.000026,0.028921,0.000026,0.192501,0.050739,0.000026,0.024872,0.675351,0.003163,0.024321
AAACGCTGGGCACGAC-1,0.000012,0.39343,0.264605,0.000012,0.000883,0.178445,0.035348,0.000874,0.006329,0.004439,0.007967,0.107656
AAACGGGCGTACGGGT-1,0.013412,0.470901,0.072402,0.211956,0.017878,0.017946,0.077755,0.000023,0.020356,0.071076,0.022837,0.003458
AAACGGGTTGGTATCC-1,0.000217,0.036799,0.000217,0.48845,0.027655,0.000217,0.300983,0.000217,0.000217,0.000217,0.000217,0.144592
AAACGGTTGCGAACTG-1,0.000018,0.033329,0.000018,0.115936,0.000018,0.327843,0.100205,0.095276,0.133819,0.018637,0.000018,0.174886
AAACGTGTTCGCCCTA-1,0.000017,0.000017,0.000017,0.099651,0.000017,0.259249,0.000372,0.000017,0.202801,0.036487,0.007338,0.394018
AAACTAACGTGGCGAC-1,0.000052,0.000052,0.000052,0.568371,0.037179,0.000052,0.028107,0.000052,0.03586,0.330067,0.000052,0.000104
AAACTCGGTTCGCAAT-1,0.000024,0.009209,0.005993,0.490145,0.012353,0.237584,0.133185,0.01062,0.009824,0.00193,0.008835,0.080297
AAACTCGTGATATAAG-1,0.000012,0.044218,0.004031,0.000749,0.000012,0.030624,0.000873,0.06258,0.040719,0.038558,0.008119,0.769504
AAACTGCTGGCTCCAA-1,0.000013,0.047274,0.019275,0.055745,0.005198,0.100815,0.022927,0.011724,0.066874,0.057894,0.099777,0.512484
AAACTTAATTGCACGC-1,0.000051,0.008675,0.000051,0.206074,0.685991,0.042691,0.056164,0.000051,0.000051,0.000051,0.000051,0.000101
AAACTTGCAAACGTAT-1,0.000011,0.000011,0.005336,0.000011,0.000011,0.139923,0.016269,0.000011,0.009542,0.476512,0.033449,0.318915
AAAGAATGACCTTAGA-1,0.323867,0.000032,0.000032,0.000032,0.347076,0.000032,0.328733,0.000032,0.000032,0.000032,0.000032,0.000065
AAAGAATGTGGACTAA-1,0.000012,0.728144,0.078576,0.000791,0.002596,0.173917,0.00596,0.000012,0.000012,0.000012,0.008904,0.001062
AAAGACATGAAGTTTA-1,0.000041,0.154542,0.000041,0.006376,0.469463,0.000041,0.194875,0.028761,0.004004,0.083389,0.000041,0.058427
AAAGACCCAAGTCGCG-1,0.000061,0.000061,0.000061,0.5678,0.431534,0.000061,0.000061,0.000061,0.000061,0.000061,0.000061,0.000121
AAAGACTGGGCGCTTT-1,0.021246,0.000025,0.000025,0.150502,0.083464,0.000025,0.151804,0.000025,0.013223,0.579588,0.000025,0.000049
AAAGCTTGCCTACATA-1,0.000012,0.137615,0.023899,0.061621,0.002781,0.265713,0.08534,0.114365,0.035183,0.006368,0.010132,0.256971
AAAGGCCCTATAATAC-1,0.000046,0.008841,0.000046,0.312667,0.27335,0.052743,0.261919,0.000046,0.000046,0.090158,0.000046,0.000092
AAAGGCTACGGACCAT-1,0.000022,0.000022,0.000022,0.254136,0.037444,0.311809,0.032386,0.003279,0.136373,0.004521,0.000022,0.219963
AAAGGCTCTCGCGCCG-1,0.000023,0.000023,0.000023,0.176025,0.000023,0.083742,0.036068,0.337769,0.109861,0.001799,0.011567,0.243075
AAAGGGATGTAGCAAG-1,0.000017,0.000017,0.000017,0.045438,0.000017,0.061682,0.000017,0.011963,0.345859,0.02706,0.008689,0.499225
AAAGGGCAGCTTGAAT-1,0.000029,0.000029,0.000029,0.223305,0.049617,0.036394,0.132146,0.003034,0.031614,0.512557,0.000029,0.011219
AAAGGTAAGCTGTACC-1,0.000056,0.000056,0.000056,0.339043,0.000056,0.043809,0.000056,0.000056,0.135182,0.341432,0.000056,0.140145
AAAGTAGCATTGCTCA-1,0.00005,0.00005,0.00005,0.416435,0.018982,0.028251,0.014648,0.061404,0.012133,0.266865,0.000134,0.180995
AAAGTCACTGATGTAA-1,0.000022,0.020492,0.000022,0.031463,0.200692,0.000022,0.015114,0.113761,0.102512,0.497839,0.000026,0.018035
AAAGTCGACCCTCAGT-1,0.000017,0.000017,0.000017,0.000017,0.000017,0.056479,0.086494,0.000017,0.01963,0.699012,0.013954,0.124328
AAAGTGCCATCAATTA-1,0.000026,0.79445,0.022606,0.049108,0.085926,0.013677,0.034052,0.000026,0.000026,0.000026,0.000026,0.000051
AAAGTGTGATTTATCT-1,0.000036,0.692988,0.000036,0.165545,0.008377,0.000036,0.000036,0.004307,0.031737,0.083043,0.000036,0.013825
AAAGTTGACTCCCGTA-1,0.000035,0.480977,0.030071,0.1299,0.134617,0.000035,0.000035,0.000035,0.086354,0.104338,0.012806,0.020798
AAATAACCATACGGGA-1,0.000021,0.018976,0.011663,0.000358,0.00844,0.038812,0.000021,0.000021,0.305075,0.205883,0.000694,0.410037
AAATAAGGTAGTGCCC-1,0.000022,0.089264,0.004669,0.274782,0.044729,0.083952,0.090993,0.002701,0.105157,0.079298,0.101425,0.12301
AAATACCTATAAGCAT-1,0.001035,0.03309,0.02081,0.002102,0.007108,0.03327,0.000139,0.105739,0.033102,0.089868,0.240113,0.433622
AAATAGCTTAGACTTT-1,0.000017,0.237597,0.228524,0.021348,0.092032,0.032625,0.000017,0.000017,0.095987,0.02071,0.063169,0.207956
AAATAGGGTGCTATTG-1,0.000014,0.067383,0.062044,0.064432,0.015832,0.04499,0.000811,0.000485,0.073739,0.105203,0.185062,0.380005
AAATCCGATACACGCC-1,0.000009,0.000009,0.018584,0.01836,0.006793,0.295442,0.003416,0.000009,0.003741,0.033537,0.588833,0.031267
AAATCGCGGAAGGAGT-1,0.000075,0.000075,0.000075,0.253053,0.746123,0.000075,0.000075,0.000075,0.000075,0.000075,0.000075,0.00015
AAATCGTGTACCACAA-1,0.00001,0.00001,0.000098,0.00001,0.00001,0.04646,0.049395,0.011679,0.062416,0.036728,0.016643,0.776539
AAATCTAGCCCTGCTA-1,0.000021,0.918728,0.000021,0.014577,0.066482,0.000021,0.000021,0.000021,0.000021,0.000021,0.000021,0.000043
AAATCTGCCCGCGTCC-1,0.425551,0.045794,0.000014,0.000014,0.139441,0.000014,0.389085,0.000014,0.000014,0.000014,0.000014,0.000029
AAATGACTGATCAAAC-1,0.00001,0.00001,0.00001,0.005772,0.00001,0.460773,0.218225,0.00001,0.020591,0.011353,0.000854,0.282381
AAATGATTCGATCAGC-1,0.000038,0.000038,0.000038,0.035259,0.000038,0.01453,0.161675,0.009618,0.021117,0.043865,0.03095,0.682836
AAATGCTCGTTACGTT-1,0.000037,0.000037,0.000037,0.000037,0.615738,0.000037,0.028503,0.130997,0.057521,0.130567,0.000037,0.036451
AAATGGCATGTCTTGT-1,0.000036,0.000036,0.000036,0.295001,0.000036,0.000036,0.000036,0.074263,0.054781,0.482449,0.000165,0.093127
AAATGGCCCGTGCCCT-1,0.000046,0.000046,0.000046,0.275054,0.103688,0.004226,0.104256,0.000046,0.014329,0.498078,0.000046,0.000139
AAATGGTCAATGTGCC-1,0.000021,0.071245,0.003222,0.052542,0.002038,0.048883,0.035209,0.016574,0.331897,0.090261,0.011368,0.336742
AAATGTATCTTATCCC-1,0.403326,0.031206,0.000072,0.225983,0.152606,0.000072,0.000072,0.000072,0.000072,0.107525,0.026673,0.05232
AAATGTGGGTGCTCCT-1,0.000105,0.045989,0.054762,0.032623,0.176727,0.000105,0.184174,0.000105,0.312975,0.043788,0.000105,0.148543
AAATTAACGGGTAGCT-1,0.000022,0.000022,0.000022,0.190532,0.047944,0.059559,0.010726,0.008086,0.189579,0.029275,0.013001,0.451231
AAATTAATAAGCGCGA-1,0.071514,0.000074,0.000074,0.255081,0.672668,0.000074,0.000074,0.000074,0.000074,0.000074,0.000074,0.000147
AAATTACACGACTCTG-1,0.00002,0.017413,0.00002,0.019286,0.00002,0.037519,0.00002,0.00002,0.280708,0.075864,0.013165,0.555942
AAATTACCTATCGATG-1,0.006882,0.000015,0.000162,0.04636,0.017701,0.006159,0.000015,0.015632,0.058875,0.010836,0.070828,0.766535
AAATTCCAGGTCCAAA-1,0.000009,0.164463,0.433527,0.000009,0.030582,0.015848,0.069725,0.003983,0.00879,0.040093,0.030824,0.202149
AAATTGATAGTCCTTT-1,0.000078,0.000078,0.000078,0.334611,0.18565,0.002855,0.188137,0.000078,0.093279,0.19492,0.000078,0.000156
AAATTGCGGCGGTTCT-1,0.000256,0.090493,0.000256,0.038841,0.260496,0.000256,0.025921,0.050777,0.000256,0.40521,0.000256,0.126979
AAATTGGTGAGAAGCA-1,0.000025,0.000025,0.000025,0.20937,0.069867,0.255986,0.097944,0.051381,0.220916,0.014158,0.010112,0.070191
AAATTTACCGAAATCC-1,0.000041,0.000041,0.000041,0.102372,0.05946,0.028641,0.022494,0.017586,0.19854,0.471414,0.000041,0.099328
AAATTTGCGGGTGTGG-1,0.000013,0.000013,0.006727,0.014342,0.000196,0.132566,0.013263,0.012345,0.100565,0.223664,0.021607,0.4747
AACAACTGGTAGTTGC-1,0.000024,0.000024,0.000024,0.079296,0.030589,0.056994,0.017983,0.044843,0.277589,0.170052,0.019526,0.303055
AACAATACATTGTCGA-1,0.000016,0.000016,0.000016,0.032338,0.000016,0.277777,0.006191,0.000016,0.082483,0.393915,0.019472,0.187744
AACAATTACTCTACGC-1,0.000018,0.000018,0.000018,0.000018,0.000018,0.032229,0.018219,0.000018,0.053737,0.526001,0.058351,0.311356
AACACACGCTCGCCGC-1,0.000035,0.6367,0.000035,0.285795,0.033909,0.000035,0.000035,0.024015,0.013863,0.00547,0.000035,0.000071
AACACGACTGTACTGA-1,0.000035,0.000035,0.000035,0.197279,0.00353,0.000035,0.000035,0.000035,0.08391,0.648404,0.002344,0.064323
AACACGAGACGCGGCC-1,0.000038,0.000038,0.000038,0.366995,0.000038,0.004787,0.013824,0.000038,0.034579,0.578988,0.000038,0.0006
AACACGCGGCCGCGAA-1,0.000145,0.000145,0.042793,0.016929,0.203102,0.000145,0.085777,0.000145,0.000145,0.345516,0.000145,0.305012
AACAGCTGTGTGGCAA-1,0.000022,0.000022,0.000022,0.087181,0.013964,0.266272,0.001091,0.000022,0.051151,0.20241,0.033534,0.344309
AACAGGAAATCGAATA-1,0.000013,0.000013,0.000013,0.000144,0.000013,0.021529,0.001665,0.010139,0.178024,0.278589,0.031508,0.478352
AACAGGATGGGCCGCG-1,0.000015,0.000015,0.000015,0.000058,0.000015,0.053672,0.002664,0.000015,0.188904,0.316542,0.021161,0.416927
AACAGGTAGTATGGAT-1,0.000019,0.290327,0.249571,0.031264,0.000019,0.21652,0.000445,0.000019,0.01626,0.00239,0.156018,0.037149
AACATAGCGTGTATCG-1,0.000008,0.000008,0.003806,0.002051,0.000008,0.437059,0.191,0.002855,0.008762,0.010009,0.111057,0.233375
AACATATCAACTGGTG-1,0.000018,0.035722,0.042434,0.091938,0.003341,0.012136,0.004096,0.072558,0.14051,0.043356,0.147457,0.406433
AACATCGATACGTCTA-1,0.000029,0.023506,0.000029,0.264858,0.000029,0.024231,0.000029,0.012498,0.39593,0.022473,0.002152,0.254236
AACATTGAAGTTGATC-1,0.000053,0.072077,0.000053,0.149144,0.506779,0.000053,0.179706,0.000053,0.000053,0.091873,0.000053,0.000105
AACATTGGTCAGCCGT-1,0.000291,0.000291,0.000291,0.598028,0.10243,0.000291,0.112286,0.000291,0.000291,0.184634,0.000291,0.000583
AACATTGTGACTCGAG-1,0.002659,0.000027,0.000027,0.39545,0.021698,0.256899,0.162643,0.000027,0.044088,0.031071,0.000027,0.085383
AACCAAGACTTCTCTG-1,0.001731,0.000015,0.000015,0.000015,0.000015,0.138428,0.004604,0.000015,0.054396,0.544854,0.020463,0.235446
AACCAGTATCACTCTT-1,0.000037,0.010415,0.076895,0.000037,0.166308,0.000037,0.1667,0.161065,0.088023,0.286314,0.023594,0.020575
AACCATAGGGTTGAAC-1,0.00003,0.00003,0.02108,0.00003,0.549803,0.070751,0.181233,0.071712,0.00003,0.004529,0.00003,0.100743
AACCATGGGATCGCTA-1,0.000063,0.000063,0.000063,0.140529,0.858774,0.000063,0.000063,0.000063,0.000063,0.000063,0.000063,0.000127
AACCCAGAGACGGAGA-1,0.000062,0.000062,0.000062,0.614753,0.181136,0.000062,0.000062,0.000062,0.000062,0.203494,0.000062,0.000123
AACCCATCCCATGATC-1,0.000079,0.04076,0.000079,0.474236,0.309334,0.000079,0.012544,0.000079,0.000079,0.162493,0.000079,0.000158
AACCCGACAACCCGTG-1,0.000025,0.000025,0.000025,0.247433,0.025015,0.366573,0.074857,0.000025,0.037064,0.213065,0.006099,0.029792
AACCCGAGCAGAATCG-1,0.000016,0.635376,0.01928,0.000016,0.051486,0.0276,0.174619,0.043385,0.001964,0.000016,0.000016,0.046226
AACCCGCTGTATTCCA-1,0.000016,0.000016,0.000136,0.010829,0.000016,0.579917,0.327537,0.000329,0.007719,0.016808,0.002728,0.053951
AACCCTACTGTCAATA-1,0.002367,0.523872,0.058113,0.069857,0.154398,0.000022,0.016274,0.000022,0.020863,0.042561,0.025855,0.085796
AACCCTGGTGGAACCA-1,0.000014,0.000014,0.000014,0.000014,0.000014,0.014179,0.046117,0.000014,0.042821,0.682922,0.018543,0.195336
AACCGAGCTTGGTCAT-1,0.008278,0.018334,0.021218,0.21965,0.037891,0.007213,0.098673,0.056292,0.119797,0.049656,0.022735,0.340265
AACCGCTAAGGGATGC-1,0.000025,0.319174,0.116951,0.081246,0.012669,0.001446,0.000025,0.000025,0.165711,0.091239,0.047759,0.163731
AACCGTTGTGTTTGCT-1,0.058453,0.00004,0.00004,0.130648,0.00004,0.00004,0.00004,0.00004,0.340228,0.393281,0.016259,0.060891
AACCTAAAGCCGTCCG-1,0.000101,0.000101,0.000101,0.00184,0.721907,0.000101,0.000101,0.000101,0.000101,0.076449,0.054561,0.144535
AACCTCGCTTTAGCCC-1,0.00215,0.015967,0.006964,0.126124,0.013323,0.223294,0.04727,0.000017,0.061527,0.123031,0.133565,0.246769
AACCTGTCACGGAATT-1,0.000015,0.000015,0.031518,0.032738,0.003008,0.139452,0.106931,0.000015,0.025969,0.107165,0.538247,0.014926
AACCTTTAAATACGGT-1,0.000011,0.000011,0.003734,0.026404,0.019625,0.083702,0.007721,0.001619,0.022415,0.016648,0.067702,0.750409
AACCTTTACGACGTCT-1,0.000024,0.000024,0.000024,0.006649,0.000024,0.053148,0.005925,0.024374,0.491132,0.02853,0.022025,0.368122
AACGAAAGTCGTCCCA-1,0.00005,0.031806,0.00005,0.001666,0.763395,0.00005,0.136401,0.00005,0.054407,0.011978,0.00005,0.000099
AACGACCTCCTAGCCG-1,0.012752,0.885514,0.000019,0.000019,0.038293,0.000019,0.06327,0.000019,0.000019,0.000019,0.000019,0.000038
AACGATAATGCCGTAG-1,0.005563,0.002151,0.077117,0.088729,0.000017,0.06347,0.04649,0.031959,0.031632,0.074424,0.326132,0.252316
AACGATAGAAGGGCCG-1,0.000027,0.000027,0.000027,0.033493,0.080317,0.072673,0.000027,0.000027,0.075847,0.525868,0.013644,0.198023
AACGATATGTCAACTG-1,0.00003,0.079931,0.00003,0.321225,0.021449,0.00003,0.00003,0.009249,0.059739,0.034002,0.003185,0.471098
AACGCATGATCTGGGT-1,0.000023,0.000023,0.000023,0.128564,0.000023,0.036391,0.038878,0.035217,0.17946,0.110529,0.032868,0.438001
AACGCGAACGGCAACA-1,0.000191,0.000191,0.000191,0.075704,0.391856,0.000191,0.216951,0.000191,0.06592,0.000191,0.000191,0.248229
AACGCGACCTTGGGCG-1,0.000025,0.000025,0.000025,0.361544,0.005014,0.404671,0.026734,0.000025,0.009097,0.03719,0.000634,0.155016
AACGCGGTCTCCAGCC-1,0.000058,0.000058,0.000058,0.388164,0.054847,0.000058,0.000058,0.014787,0.301036,0.125052,0.028509,0.087314
AACGCTGTTGCTGAAA-1,0.000088,0.549395,0.008553,0.027118,0.256122,0.000088,0.000088,0.000088,0.024204,0.000088,0.000088,0.134082
AACGGACGTACGTATA-1,0.000018,0.720356,0.134961,0.000018,0.000018,0.000018,0.000018,0.000018,0.065738,0.021133,0.023872,0.033832
AACGGCCATCTCCGGT-1,0.00001,0.00001,0.00001,0.00001,0.00001,0.034678,0.00001,0.00001,0.030856,0.091581,0.027422,0.815392
AACGTACTGTGGGTAC-1,0.000034,0.021312,0.000034,0.225489,0.035189,0.09805,0.045691,0.049632,0.171027,0.193444,0.000034,0.160062
AACGTAGTCTACCCAT-1,0.000205,0.000205,0.000205,0.3419,0.056398,0.091129,0.164033,0.000205,0.000205,0.163195,0.181913,0.000409
AACGTCAGACTAGTGG-1,0.000045,0.000045,0.000045,0.514937,0.048546,0.000045,0.000045,0.000045,0.016981,0.382829,0.000045,0.036388
AACGTCGCTGCACTTC-1,0.001092,0.998761,0.000013,0.000013,0.000013,0.000013,0.000013,0.000013,0.000013,0.000013,0.000013,0.000027
AACGTGATGAAGGACA-1,0.000026,0.000026,0.000026,0.060628,0.000026,0.002102,0.002208,0.000026,0.084788,0.22388,0.014495,0.611772
AACGTGCGAAAGTCTC-1,0.000018,0.004656,0.0047,0.110494,0.00027,0.051832,0.015932,0.00327,0.227657,0.126994,0.254887,0.199288
AACGTTATCAGCACCT-1,0.267054,0.012302,0.060963,0.182185,0.237544,0.000079,0.000079,0.000079,0.091415,0.080326,0.007946,0.060028
AACGTTCTACCATTGT-1,0.000014,0.999826,0.000014,0.000014,0.000014,0.000014,0.000014,0.000014,0.000014,0.000014,0.000014,0.000029
AACTACCCGTTTGTCA-1,0.000043,0.519802,0.004173,0.020552,0.265185,0.018163,0.171827,0.000043,0.000043,0.000043,0.000043,0.000086
AACTAGCGTATCGCAC-1,0.000115,0.068599,0.088218,0.049285,0.213624,0.000115,0.000115,0.000115,0.282962,0.224364,0.000115,0.072372
AACTAGGCTTGGGTGT-1,0.000033,0.03764,0.000033,0.406763,0.000033,0.132663,0.011178,0.028728,0.025133,0.000033,0.0113,0.346465
AACTCAAGTTAATTGC-1,0.000532,0.000011,0.000011,0.040275,0.000011,0.024306,0.006943,0.004002,0.056672,0.056468,0.012474,0.798294
AACTCCAGAGCGTGTT-1,0.009029,0.487675,0.086285,0.09322,0.254673,0.000049,0.000049,0.068773,0.000049,0.000049,0.000049,0.000098
AACTCCTAATCCCATG-1,0.000074,0.000074,0.000074,0.3101,0.183252,0.000074,0.068326,0.066625,0.207952,0.054644,0.000074,0.10873
AACTCGATAAACACGT-1,0.000207,0.078593,0.000207,0.260834,0.193215,0.000207,0.000207,0.122406,0.000207,0.225845,0.000207,0.117865
AACTCGATGGCGCAGT-1,0.077913,0.089115,0.000164,0.000164,0.263062,0.000164,0.000164,0.030903,0.075661,0.199573,0.000164,0.262953
AACTCTCAATAGAGCG-1,0.000014,0.029891,0.021032,0.004656,0.043547,0.001186,0.000014,0.000014,0.062279,0.093089,0.345627,0.398652
AACTCTCAGTGTGCTC-1,0.000024,0.000024,0.000024,0.127989,0.000024,0.185369,0.008657,0.002224,0.081697,0.160769,0.001849,0.431349
AACTGAGGTCAGCGTC-1,0.000025,0.000025,0.000025,0.000025,0.000025,0.04912,0.000025,0.000025,0.042055,0.281659,0.011649,0.61534
AACTGAGTTATACTGA-1,0.001581,0.289022,0.095769,0.072877,0.093205,0.365757,0.012016,0.000019,0.000267,0.045188,0.020239,0.00406
AACTGATATTAGGCCT-1,0.034015,0.00005,0.00005,0.658516,0.101649,0.00005,0.00005,0.00005,0.110752,0.060114,0.013576,0.021126
AACTGGGTCCCGACGT-1,0.000008,0.000008,0.000008,0.000008,0.000008,0.001236,0.000088,0.008596,0.233267,0.029051,0.005868,0.721854
AACTGGGTTCGAGCCG-1,0.02823,0.000063,0.000063,0.139783,0.600823,0.000063,0.000063,0.000063,0.134099,0.096564,0.000063,0.000125
AACTGGTGTGGGCCTT-1,0.000062,0.000062,0.000062,0.274788,0.72453,0.000062,0.000062,0.000062,0.000062,0.000062,0.000062,0.000124
AACTTCTGCGTCTATC-1,0.000046,0.163856,0.000046,0.022845,0.812835,0.000046,0.000046,0.000046,0.000046,0.000046,0.000046,0.000093
AACTTGCCCGTATGCA-1,0.00002,0.00002,0.00002,0.00002,0.00002,0.00002,0.00002,0.00002,0.030605,0.455334,0.050756,0.463145
AACTTGCGTTCTCGCG-1,0.008301,0.021753,0.00013,0.076701,0.118092,0.00013,0.081199,0.00013,0.073353,0.434936,0.00013,0.185143
AACTTTACGGGAGCTT-1,0.000028,0.000028,0.093328,0.000028,0.324307,0.000028,0.278522,0.127757,0.000046,0.157602,0.000028,0.018297
AACTTTAGCTGCTGAG-1,0.000117,0.046925,0.038042,0.000117,0.43271,0.000117,0.000117,0.000117,0.000117,0.102684,0.000117,0.378821
AAGAAAGTTTGATGGG-1,0.000041,0.000041,0.000041,0.378438,0.509965,0.000041,0.11119,0.000041,0.000041,0.000041,0.000041,0.000082
AAGAAGGATCAGTTAG-1,0.010932,0.076648,0.021381,0.00012,0.283329,0.00012,0.134011,0.00012,0.094227,0.091738,0.00012,0.287256
AAGACATACGTGGTTT-1,0.000017,0.887755,0.000017,0.010013,0.017737,0.006456,0.077904,0.000017,0.000017,0.000017,0.000017,0.000034
AAGACCAAATAACTCA-1,0.006096,0.00005,0.00005,0.200963,0.670656,0.055861,0.053591,0.00005,0.00005,0.012481,0.00005,0.000101
AAGACCCAACTGAACA-1,0.000011,0.042743,0.001257,0.075948,0.016815,0.288785,0.044091,0.003538,0.058264,0.069643,0.005632,0.393272
AAGACTAACCCGTTGT-1,0.000226,0.03975,0.000226,0.034029,0.290633,0.000226,0.070362,0.000226,0.000226,0.049544,0.000226,0.514329
AAGACTCACGCCCACT-1,0.000051,0.033718,0.000051,0.223102,0.572575,0.007169,0.000051,0.005134,0.092725,0.044795,0.000051,0.020577
AAGACTGCAAGCTACT-1,0.000012,0.014332,0.020449,0.001636,0.000012,0.053701,0.000012,0.042984,0.086547,0.030206,0.124595,0.625515
AAGAGATGAATCGGTA-1,0.000036,0.000036,0.000036,0.249035,0.071177,0.006689,0.02147,0.065413,0.077811,0.432673,0.000036,0.07559
AAGAGCTCTTTATCGG-1,0.000032,0.004673,0.11009,0.265056,0.055426,0.001653,0.047819,0.008617,0.041134,0.152529,0.149894,0.163077
AAGAGGATGTACGCGA-1,0.000037,0.000037,0.000037,0.238382,0.009036,0.000037,0.000037,0.029845,0.391401,0.273357,0.012527,0.045267
AAGAGGCATGGATCGC-1,0.000013,0.000013,0.009587,0.019551,0.000013,0.018445,0.000013,0.000013,0.077919,0.073405,0.51709,0.283937
AAGAGGCCCTTTGGAA-1,0.018513,0.655014,0.075461,0.000016,0.001616,0.088228,0.037399,0.002299,0.001968,0.004534,0.089088,0.025863
AAGATGGCACCGGACC-1,0.000026,0.000026,0.000026,0.250956,0.024354,0.294438,0.012579,0.117083,0.072093,0.123337,0.001176,0.103906
AAGATTGGCGGAACGT-1,0.092358,0.298342,0.019969,0.047131,0.09847,0.000023,0.000023,0.000915,0.193416,0.072845,0.003165,0.173342
AAGCACCCTGCGTATC-1,0.000013,0.105668,0.026508,0.007452,0.000022,0.112137,0.020951,0.116077,0.03013,0.041163,0.201695,0.338184
AAGCATACTCTCCTGA-1,0.000015,0.134125,0.028293,0.08069,0.000015,0.094525,0.04053,0.0517,0.056197,0.036788,0.107743,0.369378
AAGCCACTTGCAGGTA-1,0.000011,0.031598,0.033448,0.000011,0.000011,0.253257,0.520009,0.003357,0.000011,0.138407,0.010097,0.009782
AAGCCGAAGCGGTTTA-1,0.000032,0.746936,0.062543,0.07149,0.118745,0.000032,0.000032,0.000032,0.000032,0.000032,0.000032,0.000064
AAGCCGCCGTGAAATC-1,0.00425,0.00004,0.00004,0.469773,0.161119,0.036257,0.213216,0.00004,0.00004,0.115107,0.00004,0.000079
AAGCCGGAGAGCAGGA-1,0.000022,0.776034,0.007852,0.134458,0.009079,0.056202,0.012851,0.000022,0.000022,0.002279,0.001138,0.000044
AAGCGCAGGGCTTTGA-1,0.000024,0.055216,0.000626,0.328437,0.003158,0.387894,0.00438,0.023208,0.00598,0.000187,0.01708,0.173811
AAGCGGCGTCATGGGT-1,0.040772,0.000049,0.000049,0.041884,0.000049,0.013497,0.01202,0.000049,0.066245,0.333286,0.000264,0.491834
AAGCGTCCCTCATCGA-1,0.000022,0.000022,0.000022,0.000022,0.000022,0.132979,0.076181,0.000022,0.003047,0.271155,0.000711,0.515797
AAGCTAGATCGAGTAA-1,0.000019,0.026854,0.008996,0.085877,0.075109,0.040091,0.000727,0.014647,0.031051,0.041245,0.154146,0.521237
AAGCTATGGATTGACC-1,0.017064,0.049983,0.000031,0.10167,0.566818,0.049732,0.203183,0.000031,0.011363,0.000031,0.000031,0.000062
AAGCTCGTGCCAAGTC-1,0.000031,0.000031,0.000031,0.279696,0.033448,0.022354,0.000031,0.000031,0.27398,0.038107,0.120255,0.232004
AAGCTCTTTCATGGTG-1,0.002905,0.12465,0.128185,0.18639,0.018422,0.038632,0.051119,0.000511,0.149313,0.031773,0.181781,0.086319
AAGGAGAACTTATAAG-1,0.000089,0.051452,0.000089,0.217102,0.367347,0.000089,0.000089,0.003846,0.123995,0.203292,0.000089,0.03252
AAGGAGCGGTTGGTGC-1,0.000047,0.000047,0.000047,0.449279,0.000047,0.0504,0.000047,0.000047,0.234366,0.000047,0.005432,0.260197
AAGGATCGATCGCTTG-1,0.000021,0.279985,0.340248,0.039504,0.031794,0.043133,0.000021,0.000021,0.021,0.08928,0.05633,0.098663
AAGGATGAGGGACCTC-1,0.000033,0.079815,0.000033,0.372753,0.000033,0.000033,0.000033,0.004136,0.107414,0.045422,0.038934,0.35136
AAGGCAGGCTGTCTCC-1,0.000024,0.254331,0.103217,0.209735,0.129974,0.164821,0.077525,0.000024,0.001373,0.000024,0.05812,0.000832
AAGGCGCGTAAAGCTT-1,0.001767,0.000039,0.000039,0.508886,0.004357,0.000039,0.041922,0.015966,0.081616,0.314411,0.000039,0.030918
AAGGCTGTGCTCATCG-1,0.00001,0.00001,0.00001,0.00001,0.00001,0.001076,0.00001,0.00001,0.165599,0.058967,0.010514,0.763776
AAGGGAACGACTGGCT-1,0.000058,0.000058,0.000058,0.34023,0.288035,0.20303,0.005176,0.000058,0.000058,0.163064,0.000058,0.000116
AAGGGACAGATTCTGT-1,0.000028,0.15852,0.009495,0.293458,0.000028,0.002568,0.000028,0.00521,0.191144,0.06706,0.019733,0.252728
AAGGGACTATGCATTC-1,0.000052,0.000052,0.000052,0.506268,0.023199,0.194636,0.032708,0.000052,0.000052,0.242772,0.000052,0.000104
AAGGGTTAGCCATGCG-1,0.000022,0.942429,0.000022,0.046559,0.010791,0.000022,0.000022,0.000022,0.000022,0.000022,0.000022,0.000044
AAGGGTTTGATTTCAG-1,0.134762,0.000059,0.000059,0.000059,0.556327,0.011304,0.177784,0.021124,0.000059,0.016335,0.000059,0.082069
AAGGTATCCTAATATA-1,0.005187,0.000024,0.000024,0.13015,0.010329,0.019999,0.007665,0.006503,0.146583,0.069052,0.019281,0.585203
AAGGTGATAAACCAGC-1,0.000031,0.449337,0.029613,0.297812,0.024151,0.000031,0.000031,0.000031,0.063523,0.000031,0.034719,0.100692
AAGTAAGCTTCCAAAC-1,0.000143,0.000143,0.288714,0.29365,0.087351,0.000143,0.020017,0.000143,0.000143,0.307034,0.000143,0.002375
AAGTAGAAGACCGGGT-1,0.000026,0.000026,0.000026,0.021146,0.000026,0.010874,0.000026,0.000026,0.035721,0.529984,0.043154,0.358964
AAGTAGTGACGCGAGG-1,0.000031,0.000031,0.000031,0.170178,0.064971,0.006639,0.033573,0.000031,0.214092,0.236919,0.013099,0.260403
AAGTCAATTGTCGTCA-1,0.000027,0.279018,0.171387,0.055173,0.000027,0.03333,0.000027,0.001999,0.117852,0.085665,0.134147,0.121348
AAGTCTTCTGTGGCCT-1,0.000061,0.000061,0.000061,0.12417,0.774565,0.000061,0.100659,0.000061,0.000061,0.000061,0.000061,0.000121
AAGTGACGACCGAATT-1,0.000054,0.000054,0.000054,0.403922,0.063612,0.095655,0.00135,0.009407,0.076113,0.313671,0.000054,0.036054
AAGTGAGTCGGGTTTA-1,0.000024,0.000024,0.000024,0.205578,0.001248,0.350449,0.008763,0.00452,0.019295,0.186834,0.011343,0.211898
AAGTGCAAAGGTAGAC-1,0.019082,0.000067,0.000067,0.45044,0.488424,0.000067,0.000067,0.000067,0.000067,0.041447,0.000067,0.000135
AAGTGCCTTGACTGTA-1,0.006021,0.657194,0.141941,0.00002,0.006695,0.00002,0.000245,0.00002,0.016414,0.106152,0.001929,0.063349
AAGTGCGTTAGAATCT-1,0.053529,0.00003,0.00003,0.09117,0.000189,0.038773,0.111403,0.002636,0.117994,0.246,0.113846,0.2244
AAGTGCTTCTCTATTG-1,0.000016,0.000016,0.000016,0.12581,0.000016,0.133606,0.45087,0.002546,0.025168,0.211089,0.004039,0.046806
AAGTGTTTGGAGACGG-1,0.000013,0.035993,0.302071,0.064247,0.001282,0.010374,0.002852,0.000013,0.062719,0.15385,0.246826,0.119761
AAGTTCACTCCAAGCT-1,0.000035,0.032851,0.178485,0.299823,0.087465,0.034157,0.000035,0.000035,0.079669,0.025989,0.212737,0.048719
AAGTTCAGTCTGCGTA-1,0.000049,0.068333,0.017928,0.326509,0.095536,0.025586,0.000049,0.128555,0.246656,0.00343,0.000049,0.087321
AAGTTCGGCCAACAGG-1,0.000026,0.002365,0.031382,0.071787,0.008177,0.057109,0.047036,0.000026,0.193349,0.321393,0.010829,0.25652
AAGTTGTGATGTTATA-1,0.000013,0.91188,0.004954,0.000013,0.000013,0.050071,0.032979,0.000013,0.000013,0.000013,0.000013,0.000026
AAGTTTACTAATGGCA-1,0.000054,0.000054,0.000054,0.088831,0.682419,0.000054,0.000054,0.055131,0.000792,0.172397,0.000054,0.000108
AAGTTTATGGGCCCAA-1,0.00002,0.026479,0.003079,0.310433,0.079125,0.168822,0.257352,0.004241,0.008719,0.00614,0.039412,0.096179
AATAACAACGCTCGGC-1,0.000018,0.000018,0.000018,0.008418,0.000018,0.042305,0.00282,0.000018,0.143616,0.426951,0.020569,0.355232
AATAACACTAGAACAA-1,0.000035,0.013825,0.000035,0.494519,0.000035,0.071972,0.000035,0.002935,0.020074,0.199315,0.000035,0.197183
AATAACGTCGCGCCCA-1,0.00001,0.999878,0.00001,0.00001,0.00001,0.00001,0.00001,0.00001,0.00001,0.00001,0.00001,0.00002
AATAAGTCCTCGAGAC-1,0.000031,0.000031,0.000031,0.303608,0.056732,0.000031,0.000031,0.000031,0.010114,0.612351,0.016947,0.000062
AATAATCTTCGTATCG-1,0.000013,0.660308,0.105309,0.005687,0.000013,0.193974,0.007711,0.000254,0.000035,0.002507,0.015572,0.008616
AATACAATGTTTCAGG-1,0.000026,0.000026,0.000026,0.026783,0.147211,0.000026,0.134135,0.043219,0.077002,0.550316,0.011537,0.009692
AATACCGGAGGGCTGT-1,0.000017,0.000017,0.000017,0.034546,0.000017,0.341898,0.11924,0.000017,0.01188,0.403762,0.000612,0.087976
AATACCTGATGTGAAC-1,0.000013,0.785159,0.075635,0.000013,0.000013,0.087484,0.051602,0.000013,0.000013,0.000013,0.000013,0.000027
AATAGAACAGAGTGGC-1,0.000504,0.000031,0.000031,0.285134,0.067549,0.024743,0.104673,0.008692,0.097598,0.005107,0.000031,0.405907
AATAGAATCTGTTTCA-1,0.187103,0.180006,0.092049,0.023767,0.159144,0.000034,0.000034,0.008761,0.058488,0.051434,0.010198,0.228983
AATAGCAAGCCTCCTG-1,0.000042,0.000042,0.000042,0.154631,0.007272,0.179051,0.049836,0.000042,0.009148,0.536261,0.00992,0.053715
AATAGCTACCGCGTGC-1,0.000022,0.000022,0.000022,0.013576,0.000022,0.049315,0.084797,0.295968,0.295797,0.065715,0.021284,0.173461
AATAGTCCGTCCCGAC-1,0.000032,0.216818,0.009453,0.269482,0.06893,0.050414,0.046375,0.169133,0.056613,0.009867,0.000032,0.102853
AATAGTCGCGAGTCGG-1,0.000081,0.000081,0.000081,0.335765,0.642305,0.000081,0.000081,0.000081,0.000081,0.021121,0.000081,0.000162
AATATCAAGGTCGGAT-1,0.000069,0.000069,0.000069,0.075231,0.924011,0.000069,0.000069,0.000069,0.000069,0.000069,0.000069,0.000138
AATATCCTAGCAAACT-1,0.018213,0.000063,0.000063,0.248432,0.687683,0.000063,0.016713,0.02845,0.000063,0.000063,0.000063,0.000127
AATATCGAATCAATGC-1,0.000028,0.729743,0.002354,0.090033,0.018964,0.000028,0.000028,0.000344,0.135514,0.002691,0.000028,0.020245
AATATCGAGGGTTCTC-1,0.000025,0.006418,0.006265,0.149303,0.027465,0.037892,0.006088,0.198825,0.243308,0.007263,0.051845,0.265304
AATATTGGAGTATTGA-1,0.000015,0.000015,0.006346,0.000015,0.000015,0.021563,0.029716,0.000015,0.032558,0.442099,0.096989,0.370653
AATCAGACTGCAGGAC-1,0.000246,0.000246,0.000246,0.251924,0.194144,0.000246,0.048454,0.000246,0.164114,0.23877,0.000246,0.10112
AATCAGGTTTCATTTA-1,0.000029,0.000029,0.000029,0.245353,0.000029,0.303525,0.156046,0.000029,0.005848,0.263955,0.024874,0.000254
AATCATGTAAAGACTC-1,0.000032,0.811231,0.018592,0.116465,0.033078,0.000032,0.000032,0.000032,0.003734,0.002413,0.000032,0.014326
AATCCAAGGGCCTGAG-1,0.000023,0.010719,0.004666,0.062597,0.017003,0.01368,0.031418,0.000023,0.034336,0.772343,0.016152,0.03704
AATCCATGCAAGGGTG-1,0.000154,0.000154,0.000154,0.000154,0.446882,0.000154,0.04726,0.000154,0.000154,0.208822,0.000154,0.295805
AATCCCGCTCAGAGCC-1,0.00001,0.00001,0.007054,0.00001,0.004839,0.639856,0.064319,0.00001,0.002525,0.013596,0.004482,0.263291
AATCGAGGTCTCAAGG-1,0.000018,0.083955,0.007428,0.231041,0.098874,0.452578,0.077181,0.002265,0.000018,0.000018,0.000493,0.046133
AATCGCCTCAGCGCCA-1,0.000034,0.039041,0.06451,0.503438,0.000034,0.000034,0.000034,0.000034,0.270189,0.034513,0.06527,0.022867
AATCGCGCAGAGGACT-1,0.000028,0.275211,0.058405,0.000028,0.237896,0.000065,0.243134,0.000028,0.039626,0.005418,0.052531,0.087631
AATCGGGACACTACGA-1,0.000025,0.000025,0.000025,0.024755,0.043211,0.001944,0.123133,0.009545,0.062196,0.670538,0.001956,0.062647
AATCGGTATAGCCCTC-1,0.000012,0.750217,0.045759,0.000012,0.000012,0.094858,0.00116,0.0011,0.000012,0.000012,0.004632,0.102215
AATCGTGAGCCGAGCA-1,0.000011,0.093997,0.079325,0.034634,0.001367,0.224626,0.037959,0.000011,0.00944,0.07783,0.142803,0.297997
AATCTAGGTTTACTTG-1,0.000038,0.000038,0.000038,0.147282,0.067865,0.045788,0.149616,0.000038,0.009938,0.443995,0.10465,0.030716
AATCTATGCCGGAGCC-1,0.002639,0.01408,0.000025,0.117442,0.038919,0.087078,0.001482,0.052922,0.139107,0.098948,0.139713,0.307644
AATCTCTACTGTGGTT-1,0.000043,0.000043,0.000043,0.244698,0.035225,0.030196,0.156103,0.000043,0.000228,0.530215,0.003079,0.000085
AATCTGCGTTGGGACG-1,0.000019,0.000019,0.225464,0.119518,0.000019,0.000019,0.000019,0.000019,0.125515,0.138046,0.225904,0.165437
AATCTGGCTTTCTAGT-1,0.000057,0.000057,0.000057,0.251921,0.176012,0.000057,0.215468,0.000057,0.005407,0.319514,0.015344,0.016046
AATCTGGGTAGACCCT-1,0.000054,0.000054,0.000054,0.474825,0.022906,0.000054,0.020823,0.000054,0.000054,0.480957,0.000054,0.000108
AATGACAGCAATGTCT-1,0.000019,0.000019,0.000019,0.000019,0.000019,0.069563,0.003965,0.033987,0.067747,0.180397,0.02378,0.620466
AATGACGTAGGATGTC-1,0.000021,0.000021,0.011866,0.097386,0.024909,0.021079,0.000021,0.000021,0.014633,0.121439,0.290431,0.418175
AATGACTGTCAGCCGG-1,0.000041,0.000041,0.000041,0.237102,0.000041,0.001572,0.004528,0.000041,0.268739,0.350283,0.000041,0.137529
AATGAGTTCGCATATG-1,0.005408,0.026775,0.000111,0.006844,0.175939,0.000111,0.057726,0.11579,0.0386,0.445136,0.018624,0.108935
AATGATGATACGCTAT-1,0.000014,0.000014,0.000014,0.000014,0.000014,0.000685,0.000014,0.000014,0.009333,0.003578,0.032236,0.954071
AATGATGCGACTCCTG-1,0.000016,0.000016,0.000016,0.024179,0.000016,0.013784,0.000016,0.000016,0.028072,0.074785,0.122301,0.736782
AATGCAACCGGGTACC-1,0.018087,0.002396,0.000047,0.652983,0.011276,0.028101,0.000047,0.000047,0.169345,0.037393,0.00174,0.078539
AATGCACCAAGCAATG-1,0.000019,0.086516,0.013637,0.01083,0.008939,0.001645,0.005113,0.104831,0.18671,0.255429,0.005188,0.321143
AATGGTCCACCGTTCA-1,0.00002,0.00002,0.0012,0.001622,0.026239,0.030926,0.082085,0.022186,0.05496,0.680866,0.049793,0.050083
AATGGTTCTCACAAGC-1,0.000024,0.000024,0.000024,0.002228,0.014217,0.074635,0.034973,0.000024,0.063202,0.644532,0.033021,0.133094
AATGTATGGCACTGTA-1,0.000081,0.000081,0.000081,0.431466,0.55923,0.008497,0.000081,0.000081,0.000081,0.000081,0.000081,0.000161
AATGTGCCCGAGGTGT-1,0.000047,0.000047,0.000047,0.19225,0.009995,0.010616,0.23511,0.000047,0.002942,0.534384,0.011641,0.002875
AATGTGCTAATCTGAG-1,0.000014,0.000014,0.000014,0.000014,0.000014,0.371167,0.046298,0.000014,0.012441,0.437345,0.01442,0.118244
AATGTTAAGACCCTGA-1,0.000015,0.19052,0.002699,0.243495,0.001845,0.477806,0.021894,0.001067,0.006871,0.000015,0.004663,0.04911
AATGTTGTCGTGAGAC-1,0.000019,0.997998,0.000019,0.000019,0.001788,0.000019,0.000019,0.000019,0.000019,0.000019,0.000019,0.000039
AATTAAAGGTCGGCGT-1,0.00002,0.025507,0.00002,0.044473,0.00628,0.052749,0.010337,0.175544,0.319318,0.032652,0.004265,0.328835
AATTAACGGATTTCCA-1,0.000023,0.07584,0.008542,0.275714,0.024163,0.148608,0.000023,0.007925,0.050456,0.018105,0.012073,0.378528
AATTACGAGACCCATC-1,0.00006,0.22422,0.00006,0.090463,0.638404,0.00006,0.00006,0.00006,0.03959,0.00006,0.00006,0.006904
AATTACTCGTACGCTC-1,0.022398,0.000178,0.000178,0.507284,0.000178,0.000178,0.000178,0.000178,0.412171,0.017026,0.038054,0.001999
AATTAGCGCTGCAGCG-1,0.00001,0.00001,0.00001,0.00001,0.00001,0.049864,0.00001,0.00001,0.013707,0.030273,0.026289,0.879795
AATTATACCCAGCAAG-1,0.000011,0.002477,0.024722,0.09147,0.000011,0.698184,0.004555,0.01581,0.00189,0.002397,0.135177,0.023295
AATTCATAAGGGATCT-1,0.130588,0.349204,0.000037,0.242322,0.012632,0.000037,0.000037,0.002299,0.166347,0.008437,0.000037,0.088025
AATTCATTGTCATGCA-1,0.000081,0.000081,0.000081,0.395597,0.60351,0.000081,0.000081,0.000081,0.000081,0.000081,0.000081,0.000162
AATTCCAACTTGGTGA-1,0.000256,0.077831,0.000256,0.442223,0.000256,0.000256,0.004566,0.000256,0.000256,0.357045,0.000256,0.116541
AATTCCAAGCATGTAC-1,0.000018,0.00406,0.000018,0.044485,0.026761,0.447708,0.053929,0.043277,0.042767,0.034748,0.006232,0.295997
AATTCGATTCGAGGAT-1,0.000012,0.000012,0.000012,0.101216,0.000012,0.305672,0.001546,0.000012,0.031206,0.007999,0.028139,0.524161
AATTCTAGAGTTAGGC-1,0.000038,0.000038,0.000038,0.371721,0.01196,0.044864,0.000038,0.099467,0.086976,0.010052,0.107103,0.267703
AATTGAACGCTCTGGT-1,0.000014,0.139956,0.179968,0.035379,0.002582,0.021778,0.000014,0.000504,0.045186,0.147058,0.258443,0.169117
AATTGCAGCAATCGAC-1,0.000033,0.741035,0.007018,0.017776,0.146856,0.028709,0.058376,0.000033,0.000033,0.000033,0.000033,0.000066
AATTGCGTGGATTACA-1,0.000061,0.000061,0.000061,0.152583,0.761775,0.037581,0.047513,0.000061,0.000061,0.000061,0.000061,0.000122
AATTGTGGTTGCCAAA-1,0.000016,0.852036,0.000016,0.000016,0.028754,0.000016,0.119053,0.000016,0.000016,0.000016,0.000016,0.000032
AATTTGGGACATAGTA-1,0.000031,0.000031,0.000031,0.028065,0.000031,0.050908,0.000031,0.000031,0.244244,0.138845,0.004194,0.533559
AATTTGGTTCCAAAGA-1,0.000035,0.000035,0.000035,0.182299,0.000035,0.000035,0.000035,0.000035,0.274459,0.402724,0.000035,0.140234
ACAAACCATGCGTCCT-1,0.000034,0.000034,0.000034,0.027107,0.684363,0.010059,0.278166,0.000034,0.000034,0.000034,0.000034,0.000068
ACAAACCGACAAGGCG-1,0.017837,0.0001,0.172629,0.0001,0.460491,0.0001,0.0001,0.0001,0.250649,0.082118,0.0001,0.015677
ACAAACTCCATCAGAG-1,0.000012,0.000012,0.000526,0.000012,0.000012,0.325428,0.448443,0.000012,0.000917,0.129812,0.011769,0.083043
ACAAAGAAGGTAGGCC-1,0.000066,0.000066,0.000066,0.360438,0.638838,0.000066,0.000066,0.000066,0.000066,0.000066,0.000066,0.000132
ACAAAGCATGACCTAG-1,0.00001,0.901722,0.042487,0.00001,0.00001,0.00138,0.007121,0.00001,0.003972,0.033114,0.000697,0.009467
ACAAATCGCACCGAAT-1,0.000015,0.128127,0.22413,0.011558,0.123721,0.013831,0.001441,0.000015,0.048202,0.059837,0.139441,0.249682
ACAAATGGTAGTGTTT-1,0.000051,0.190718,0.01693,0.629702,0.082259,0.000051,0.000051,0.000051,0.039658,0.000051,0.013518,0.026961
ACAAATTCAGATCTGA-1,0.00004,0.00004,0.002592,0.00004,0.04497,0.009254,0.100367,0.122945,0.019218,0.359253,0.063752,0.277531
ACAACAGCATGAGCTA-1,0.000019,0.000019,0.000047,0.073899,0.038438,0.070114,0.032419,0.200795,0.262844,0.05926,0.03318,0.228966
ACAACGGTCCCTGCGA-1,0.000034,0.000034,0.000034,0.128935,0.063373,0.011073,0.059795,0.000034,0.181162,0.55528,0.000034,0.000212
ACAAGCAGTGCCTAGC-1,0.000029,0.000029,0.000029,0.087203,0.008454,0.024252,0.057426,0.014918,0.043172,0.665346,0.030018,0.069124
ACAAGCTATATGGAAG-1,0.000072,0.000072,0.000072,0.252846,0.746359,0.000072,0.000072,0.000072,0.000072,0.000072,0.000072,0.000145
ACAAGGAAATCCGCCC-1,0.000008,0.000008,0.005616,0.000008,0.000008,0.077882,0.000008,0.000008,0.028108,0.085902,0.237713,0.564731
ACAAGGACAAGAGGTT-1,0.000028,0.000028,0.000028,0.400695,0.021925,0.004973,0.000028,0.000028,0.298325,0.16433,0.009882,0.09973
ACAAGGATGCTTTAGG-1,0.000016,0.188243,0.099134,0.012641,0.029753,0.048574,0.043924,0.091486,0.010193,0.046784,0.388175,0.041077
ACAAGGCCTACCAGCC-1,0.000048,0.015846,0.000048,0.339172,0.000048,0.02147,0.006352,0.000048,0.01699,0.599832,0.000048,0.000096
ACAAGGGCAGGCTCTG-1,0.000022,0.02727,0.005074,0.248055,0.023009,0.112979,0.000259,0.007317,0.090097,0.075067,0.095378,0.315474
ACAAGTAATTGTAAGG-1,0.000027,0.001188,0.00099,0.097072,0.189283,0.096752,0.329977,0.18385,0.005162,0.017025,0.000027,0.078648
ACAATAGTCGTACGTT-1,0.000023,0.000023,0.000023,0.000023,0.000023,0.074545,0.038841,0.000023,0.001114,0.571776,0.058294,0.255294
ACAATCCATTTAAACC-1,0.000015,0.012314,0.003648,0.009648,0.034548,0.032965,0.024611,0.000015,0.143955,0.259781,0.00825,0.470251
ACAATCGATCTTTATA-1,0.075632,0.113857,0.002516,0.000083,0.514258,0.000083,0.02501,0.000083,0.045828,0.222401,0.000083,0.000166
ACAATGAATACGGAGA-1,0.000027,0.000027,0.000027,0.037717,0.070316,0.154248,0.082038,0.000027,0.122007,0.384828,0.01739,0.131348
ACAATGATTCTTCTAC-1,0.008452,0.00005,0.00005,0.464297,0.011231,0.01845,0.172352,0.00005,0.086933,0.223837,0.00005,0.014247
ACAATTGTGTCTCTTT-1,0.023427,0.761543,0.000041,0.099186,0.075646,0.000041,0.000041,0.013073,0.020313,0.006566,0.000041,0.000082
ACAATTTAGGAGGCTC-1,0.000054,0.000054,0.000054,0.20802,0.534538,0.000054,0.176144,0.000054,0.000054,0.080808,0.000054,0.000109
ACAATTTGAGCAGTGG-1,0.000023,0.000023,0.000023,0.037155,0.041561,0.026036,0.000023,0.062111,0.318741,0.01406,0.127921,0.372325
ACAATTTGGCCATATT-1,0.000017,0.083288,0.176137,0.035572,0.112574,0.321313,0.050215,0.014999,0.038053,0.011396,0.119657,0.03678
ACACAAAGACGGGTGG-1,0.000021,0.000021,0.000021,0.149798,0.000844,0.017936,0.000021,0.007079,0.305219,0.028873,0.040751,0.449417
ACACACCAGGACCAGT-1,0.000026,0.262645,0.155372,0.074143,0.025465,0.000026,0.000026,0.103693,0.074343,0.039392,0.038934,0.225936
ACACACTTTCTACACG-1,0.000016,0.000016,0.000016,0.000016,0.000016,0.016104,0.020927,0.000016,0.118831,0.351758,0.003635,0.488645
ACACATGATCAAATCT-1,0.000058,0.000058,0.000058,0.225366,0.529093,0.007092,0.17931,0.000058,0.000058,0.058677,0.000058,0.000116
