Barcode,Topic 1,Topic 2,Topic 3to5,Topic 6,Topic 7to8,Topic 9,Topic 10,Topic 11to13
AAACAACGAATAGTTC-1,0.000008,0.000008,0.206987,0.001254,0.721047,0.051278,0.000008,0.019409
AAACAAGTATCTCCCA-1,0.031409,0.070203,0.222233,0.365229,0.047036,0.02453,0.022129,0.217231
AAACAATCTACTAGCA-1,0.000023,0.001472,0.816094,0.000023,0.000045,0.138889,0.000023,0.043432
AAACACCAATAACTGC-1,0.000017,0.014605,0.345641,0.137091,0.240636,0.101906,0.000017,0.160087
AAACAGAGCGACTCCT-1,0.362499,0.044599,0.121355,0.000024,0.003781,0.212362,0.201453,0.053928
AAACAGCTTTCAGAAG-1,0.000031,0.147206,0.04951,0.000031,0.259209,0.000071,0.017525,0.526418
AAACAGGGTCTATATT-1,0.000052,0.01615,0.000156,0.000052,0.112884,0.487955,0.025692,0.357059
AAACAGTGTTCCTGGG-1,0.015365,0.055441,0.000095,0.000032,0.000064,0.788371,0.000032,0.140601
AAACATGGTGAGAGGA-1,0.000035,0.109928,0.002522,0.050639,0.133025,0.09014,0.000035,0.613677
AAACATTTCCCGGATT-1,0.000021,0.009408,0.334607,0.017788,0.268749,0.068515,0.001604,0.299308
AAACCACTACACAGAT-1,0.99976,0.00002,0.00006,0.00002,0.00004,0.00002,0.00002,0.00006
AAACCCGAACGAAATC-1,0.006542,0.031773,0.112442,0.3234,0.193305,0.07108,0.069109,0.192348
AAACCGGAAATGTTAA-1,0.061897,0.03091,0.360602,0.170974,0.2407,0.000011,0.061038,0.073868
AAACCGGGTAGGTACC-1,0.000037,0.034857,0.017957,0.000037,0.044102,0.001808,0.022071,0.879131
AAACCGTTCGTCCAGG-1,0.000043,0.5183,0.00013,0.000043,0.000087,0.248139,0.065172,0.168085
AAACCTAAGCAGCCGG-1,0.000011,0.030498,0.412512,0.0383,0.185489,0.028201,0.000011,0.304978
AAACCTCATGAAGTTG-1,0.000087,0.000087,0.000262,0.000087,0.000175,0.639317,0.007872,0.352112
AAACGAAGAACATACC-1,0.000024,0.022711,0.394513,0.048423,0.040948,0.009861,0.201645,0.281876
AAACGAAGATGGAGTA-1,0.000052,0.000052,0.000156,0.008388,0.043695,0.141281,0.008929,0.797448
AAACGACAGTCTTGCC-1,0.999744,0.000021,0.000064,0.000021,0.000043,0.000021,0.000021,0.000064
AAACGAGACGGTTGAT-1,0.000008,0.000008,0.930306,0.000008,0.00381,0.040919,0.000008,0.024932
AAACGCCCGAGATCGG-1,0.819949,0.00005,0.000149,0.00005,0.000099,0.00005,0.179505,0.000149
AAACGCTGGGCACGAC-1,0.000027,0.041473,0.112871,0.005481,0.007243,0.10421,0.158413,0.570282
AAACGGGCGTACGGGT-1,0.000037,0.661036,0.000112,0.000037,0.000074,0.026365,0.245196,0.067143
AAACGGGTTGGTATCC-1,0.000013,0.034702,0.600249,0.000954,0.221432,0.007533,0.000444,0.134673
AAACGGTTGCGAACTG-1,0.000016,0.065208,0.565304,0.000016,0.194676,0.032597,0.000016,0.142166
AAACGTGTTCGCCCTA-1,0.793021,0.096505,0.000078,0.000026,0.000052,0.107426,0.002815,0.000078
AAACTAACGTGGCGAC-1,0.735485,0.078138,0.093274,0.000043,0.074444,0.000043,0.018443,0.00013
AAACTCGGTTCGCAAT-1,0.000017,0.046647,0.473152,0.004748,0.193694,0.023258,0.000017,0.258468
AAACTCGTGATATAAG-1,0.15336,0.000037,0.000111,0.000037,0.081404,0.29319,0.460821,0.011039
AAACTGCTGGCTCCAA-1,0.000012,0.06827,0.471237,0.051979,0.043203,0.001739,0.000012,0.363549
AAACTTAATTGCACGC-1,0.005518,0.05841,0.000128,0.054978,0.271239,0.068996,0.017231,0.523499
AAACTTGCAAACGTAT-1,0.000066,0.695908,0.000197,0.000066,0.000131,0.161727,0.141709,0.000197
AAAGAATGACCTTAGA-1,0.000014,0.000014,0.491911,0.002957,0.48345,0.000014,0.000014,0.021627
AAAGAATGTGGACTAA-1,0.000031,0.000031,0.000881,0.078453,0.084822,0.088512,0.054855,0.692415
AAAGACATGAAGTTTA-1,0.423728,0.002384,0.08598,0.000033,0.098707,0.07565,0.301068,0.012451
AAAGACCCAAGTCGCG-1,0.068531,0.030856,0.196596,0.006272,0.000068,0.013492,0.176521,0.507665
AAAGACTGGGCGCTTT-1,0.000045,0.010406,0.095025,0.044327,0.000091,0.334699,0.005039,0.510368
AAAGCTTGCCTACATA-1,0.841892,0.157907,0.000055,0.000018,0.000036,0.000018,0.000018,0.000055
AAAGGCCCTATAATAC-1,0.000022,0.338583,0.014054,0.000022,0.415461,0.011933,0.000022,0.219902
AAAGGCTACGGACCAT-1,0.00527,0.000029,0.277907,0.20912,0.042359,0.067377,0.006772,0.391165
AAAGGCTCTCGCGCCG-1,0.000041,0.103211,0.188662,0.008252,0.177749,0.048239,0.021885,0.451961
AAAGGGATGTAGCAAG-1,0.000044,0.000044,0.029127,0.000044,0.000089,0.257003,0.044754,0.668894
AAAGGGCAGCTTGAAT-1,0.00006,0.10507,0.000179,0.00006,0.000119,0.00006,0.106884,0.787569
AAAGGTAAGCTGTACC-1,0.707373,0.048223,0.000157,0.000052,0.083646,0.051003,0.10939,0.000157
AAAGGTCAACGACATG-1,0.789738,0.002668,0.000085,0.000028,0.000057,0.143825,0.056052,0.007548
AAAGTAGCATTGCTCA-1,0.000069,0.019831,0.000207,0.000069,0.000138,0.591155,0.241794,0.146738
AAAGTCACTGATGTAA-1,0.044655,0.000027,0.485488,0.154347,0.075368,0.000027,0.027693,0.212396
AAAGTCGACCCTCAGT-1,0.000132,0.000132,0.027627,0.000132,0.000263,0.484991,0.121039,0.365686
AAAGTGCCATCAATTA-1,0.005026,0.004282,0.284579,0.265879,0.299759,0.000011,0.032637,0.107827
AAAGTGTGATTTATCT-1,0.02012,0.017797,0.224287,0.046581,0.156421,0.015388,0.023293,0.496114
AAAGTTGACTCCCGTA-1,0.000011,0.134674,0.733921,0.007143,0.003159,0.000011,0.025355,0.095726
AAATAACCATACGGGA-1,0.000733,0.020043,0.429018,0.001443,0.187843,0.011973,0.132052,0.216895
AAATAAGGTAGTGCCC-1,0.060254,0.023151,0.224568,0.012968,0.39949,0.0177,0.145664,0.116205
AAATACCTATAAGCAT-1,0.000019,0.075999,0.313538,0.009155,0.292586,0.000019,0.022047,0.286638
AAATAGCTTAGACTTT-1,0.069313,0.14503,0.358012,0.086109,0.288001,0.002326,0.013697,0.037512
AAATAGGGTGCTATTG-1,0.000045,0.000045,0.001045,0.000045,0.000091,0.080412,0.053978,0.864339
AAATCACTCCTAAACG-1,0.948024,0.000027,0.000081,0.000027,0.000054,0.000871,0.050836,0.000081
AAATCCGATACACGCC-1,0.003651,0.00188,0.156905,0.000029,0.103551,0.032191,0.081615,0.620179
AAATCGCGGAAGGAGT-1,0.000037,0.435019,0.032893,0.000057,0.167874,0.145452,0.000037,0.218632
AAATCGTGTACCACAA-1,0.000019,0.025919,0.332876,0.000019,0.130042,0.000019,0.00274,0.508368
AAATCTAGCCCTGCTA-1,0.000039,0.009928,0.178225,0.005458,0.057668,0.000039,0.002228,0.746415
AAATCTGCCCGCGTCC-1,0.051922,0.343773,0.222055,0.123803,0.257457,0.000015,0.000015,0.00096
AAATGACTGATCAAAC-1,0.000013,0.056785,0.093223,0.00079,0.441263,0.000013,0.000013,0.407899
AAATGATTCGATCAGC-1,0.423844,0.000052,0.000155,0.000052,0.000103,0.332777,0.242864,0.000155
AAATGCTCGTTACGTT-1,0.000042,0.080337,0.156596,0.000042,0.0814,0.000064,0.02706,0.654459
AAATGGCATGTCTTGT-1,0.038605,0.000022,0.412814,0.066143,0.113646,0.004454,0.129183,0.235132
AAATGGCCCGTGCCCT-1,0.080106,0.037248,0.284873,0.065883,0.000095,0.443599,0.000048,0.088149
AAATGGTCAATGTGCC-1,0.000045,0.000045,0.029434,0.000045,0.00009,0.466648,0.001948,0.501747
AAATGTATCTTATCCC-1,0.000057,0.084062,0.000172,0.000057,0.361816,0.544783,0.000057,0.008995
AAATGTGGGTGCTCCT-1,0.00059,0.000008,0.813154,0.019263,0.032865,0.003063,0.017376,0.113681
AAATTAACGGGTAGCT-1,0.000053,0.000053,0.000158,0.000053,0.000105,0.371653,0.016138,0.611789
AAATTAATAAGCGCGA-1,0.000066,0.000066,0.000199,0.01532,0.000133,0.729338,0.030652,0.224226
AAATTACACGACTCTG-1,0.000025,0.000025,0.261282,0.000025,0.055639,0.02786,0.166202,0.488941
AAATTACCTATCGATG-1,0.001266,0.005299,0.474966,0.01407,0.310818,0.000014,0.092056,0.101511
AAATTCCAGGTCCAAA-1,0.051952,0.147104,0.043599,0.029875,0.178219,0.11467,0.261073,0.173508
AAATTGATAGTCCTTT-1,0.000067,0.210164,0.000202,0.000067,0.000135,0.368356,0.273296,0.147712
AAATTGCGGCGGTTCT-1,0.000017,0.062722,0.438413,0.002904,0.29713,0.007579,0.000169,0.191066
AAATTGGTGAGAAGCA-1,0.868707,0.119814,0.000076,0.000025,0.000051,0.011225,0.000025,0.000076
AAATTTACCGAAATCC-1,0.034209,0.000016,0.196043,0.000268,0.43446,0.001166,0.26742,0.066418
AAATTTGCGGGTGTGG-1,0.000023,0.000023,0.172235,0.000023,0.215741,0.003642,0.00818,0.600133
AACAACTGGTAGTTGC-1,0.000017,0.00737,0.833188,0.000017,0.022102,0.040633,0.000017,0.096654
AACAATACATTGTCGA-1,0.000038,0.067357,0.092626,0.029344,0.014604,0.672994,0.000038,0.123
AACAATTACTCTACGC-1,0.000034,0.13044,0.224347,0.000034,0.157389,0.000034,0.006161,0.481561
AACACACGCTCGCCGC-1,0.006048,0.000635,0.7004,0.004855,0.129729,0.097766,0.00001,0.060558
AACACGACTGTACTGA-1,0.021419,0.005942,0.735756,0.003069,0.123071,0.07166,0.018559,0.020525
AACACGAGACGCGGCC-1,0.004349,0.557166,0.000161,0.000054,0.000108,0.340201,0.074009,0.023954
AACACGCGGCCGCGAA-1,0.000007,0.012504,0.929581,0.000197,0.04879,0.000007,0.000007,0.008908
AACAGCTGTGTGGCAA-1,0.000062,0.340933,0.000187,0.000062,0.000124,0.406121,0.117238,0.135274
AACAGGAAATCGAATA-1,0.00003,0.00003,0.12735,0.061761,0.010224,0.278339,0.24583,0.276435
AACAGGATGGGCCGCG-1,0.000034,0.037615,0.194109,0.000034,0.092642,0.000034,0.022509,0.653024
AACAGGTAGTATGGAT-1,0.001069,0.010589,0.123815,0.544766,0.190286,0.016171,0.054763,0.058542
AACATAGCGTGTATCG-1,0.00001,0.06024,0.378779,0.027641,0.395426,0.00001,0.00001,0.137883
AACATATCAACTGGTG-1,0.000024,0.000024,0.452694,0.000024,0.022665,0.030294,0.245097,0.249178
AACATCGATACGTCTA-1,0.69344,0.017989,0.134852,0.000027,0.145118,0.000027,0.008463,0.000084
AACATTGAAGTTGATC-1,0.000933,0.021893,0.045989,0.329059,0.216572,0.130656,0.000028,0.254871
AACATTGGTCAGCCGT-1,0.000045,0.000045,0.07133,0.000045,0.2464,0.215097,0.000931,0.466107
AACATTGTGACTCGAG-1,0.000028,0.000028,0.297205,0.000028,0.051372,0.21819,0.007671,0.425479
AACCAAGACTTCTCTG-1,0.00003,0.010409,0.256189,0.00003,0.181971,0.00554,0.00003,0.5458
AACCAGTATCACTCTT-1,0.448692,0.000037,0.081995,0.000037,0.036976,0.288859,0.100965,0.042438
AACCATAGGGTTGAAC-1,0.036204,0.135531,0.000123,0.000363,0.128091,0.052975,0.000041,0.646672
AACCATGGGATCGCTA-1,0.000017,0.04198,0.68766,0.000017,0.102999,0.000017,0.000017,0.167295
AACCCAGAGACGGAGA-1,0.000017,0.0458,0.65017,0.017457,0.056906,0.000017,0.000017,0.229615
AACCCATCCCATGATC-1,0.000047,0.001017,0.000142,0.000064,0.116321,0.203768,0.000047,0.678593
AACCCGACAACCCGTG-1,0.076163,0.03658,0.000163,0.000054,0.000109,0.862036,0.000054,0.024839
AACCCGAGCAGAATCG-1,0.076777,0.023886,0.444671,0.211852,0.098567,0.002051,0.008842,0.133354
AACCCGATAGGGCTTC-1,0.945209,0.000036,0.000107,0.000036,0.000072,0.000036,0.054397,0.000107
AACCCGCTGTATTCCA-1,0.000014,0.035976,0.145681,0.010025,0.360175,0.000014,0.000014,0.448103
AACCCTACTGTCAATA-1,0.016607,0.072596,0.507846,0.089156,0.073329,0.11596,0.008169,0.116336
AACCCTGGTGGAACCA-1,0.00081,0.000307,0.559626,0.055631,0.154763,0.000013,0.111426,0.117424
AACCGAGCTTGGTCAT-1,0.000064,0.000064,0.035435,0.000064,0.000128,0.005544,0.173585,0.785117
AACCGCTAAGGGATGC-1,0.000036,0.034218,0.198357,0.000036,0.000072,0.013586,0.07154,0.682155
AACCGTTGTGTTTGCT-1,0.000011,0.000011,0.825708,0.025061,0.043518,0.000011,0.02339,0.082289
AACCTAAAGCCGTCCG-1,0.056229,0.000011,0.439131,0.000787,0.249118,0.142115,0.057155,0.055454
AACCTCGCTTTAGCCC-1,0.041755,0.015565,0.062767,0.000031,0.266807,0.309002,0.000031,0.304042
AACCTGTCACGGAATT-1,0.415062,0.02199,0.007247,0.015873,0.195262,0.209717,0.02102,0.113829
AACCTTTAAATACGGT-1,0.000017,0.000017,0.396328,0.003445,0.287969,0.113378,0.000017,0.198829
AACCTTTACGACGTCT-1,0.019133,0.000064,0.066565,0.000064,0.139492,0.033759,0.533978,0.206945
AACGAAAGTCGTCCCA-1,0.000031,0.257523,0.006875,0.295391,0.17913,0.123475,0.000031,0.137544
AACGACCTCCTAGCCG-1,0.000011,0.173973,0.444202,0.032095,0.225589,0.000282,0.012243,0.111606
AACGATAATGCCGTAG-1,0.000024,0.040223,0.175996,0.03346,0.005594,0.028544,0.028459,0.687701
AACGATAGAAGGGCCG-1,0.00003,0.00003,0.327044,0.065744,0.046155,0.06569,0.04401,0.451297
AACGATATGTCAACTG-1,0.061985,0.005697,0.588769,0.117793,0.051146,0.003599,0.014183,0.156829
AACGCATGATCTGGGT-1,0.23737,0.000039,0.000117,0.000039,0.018678,0.058683,0.589867,0.095208
AACGCGAACGGCAACA-1,0.000028,0.037331,0.149541,0.077361,0.007298,0.371523,0.003843,0.353074
AACGCGACCTTGGGCG-1,0.000042,0.000042,0.01265,0.000042,0.013782,0.000042,0.021324,0.952078
AACGCGGTCTCCAGCC-1,0.022148,0.014134,0.178886,0.051097,0.059683,0.174335,0.076724,0.422992
AACGCTGTTGCTGAAA-1,0.000017,0.005234,0.636705,0.049253,0.158909,0.032217,0.000017,0.117647
AACGGACGTACGTATA-1,0.000014,0.073465,0.689675,0.129388,0.05748,0.000014,0.000014,0.049949
AACGGCCATCTCCGGT-1,0.000025,0.000025,0.133438,0.016722,0.08531,0.000025,0.00169,0.762767
AACGTACTGTGGGTAC-1,0.000034,0.004436,0.11605,0.000034,0.172046,0.018549,0.001493,0.687358
AACGTAGTCTACCCAT-1,0.089411,0.134804,0.286124,0.016422,0.026066,0.019548,0.174423,0.253201
AACGTCAGACTAGTGG-1,0.000017,0.061609,0.65059,0.030186,0.073831,0.098394,0.000017,0.085357
AACGTCATCCGGCTTG-1,0.000032,0.013299,0.000096,0.000032,0.000064,0.624858,0.003273,0.358346
AACGTCGCTGCACTTC-1,0.048713,0.002154,0.054503,0.111116,0.24353,0.12894,0.033064,0.37798
AACGTGATGAAGGACA-1,0.000019,0.000019,0.583087,0.000195,0.098188,0.217963,0.024346,0.076185
AACGTGCGAAAGTCTC-1,0.030463,0.000023,0.513305,0.000023,0.064716,0.043778,0.028045,0.319646
AACGTTATCAGCACCT-1,0.000103,0.000086,0.000257,0.000086,0.000171,0.775444,0.054297,0.169557
AACGTTCTACCATTGT-1,0.000023,0.003282,0.136448,0.214501,0.182288,0.002959,0.068917,0.391583
AACTACCCGTTTGTCA-1,0.000025,0.021935,0.095174,0.297102,0.063811,0.092413,0.10547,0.32407
AACTAGCGTATCGCAC-1,0.000054,0.000054,0.013596,0.031545,0.000109,0.000054,0.342654,0.611934
AACTAGGCTTGGGTGT-1,0.00004,0.003074,0.323227,0.001248,0.103207,0.107285,0.00004,0.461879
AACTCAAGTTAATTGC-1,0.000027,0.097068,0.183046,0.000603,0.030087,0.189865,0.000027,0.499278
AACTCCAGAGCGTGTT-1,0.000027,0.058703,0.208894,0.021312,0.17666,0.069772,0.027601,0.43703
AACTCCTAATCCCATG-1,0.135502,0.000022,0.075216,0.000022,0.279781,0.006123,0.238432,0.264903
AACTCGATAAACACGT-1,0.000045,0.000045,0.000134,0.000045,0.117023,0.396809,0.002926,0.482974
AACTCGATGGCGCAGT-1,0.13568,0.129473,0.233419,0.000029,0.050906,0.038003,0.000029,0.412461
AACTCTCAATAGAGCG-1,0.02316,0.000025,0.433531,0.111241,0.024049,0.050779,0.130556,0.226657
AACTCTCAGTGTGCTC-1,0.000033,0.000033,0.151245,0.038958,0.035749,0.001265,0.007322,0.765394
AACTGAGGTCAGCGTC-1,0.801301,0.000095,0.000285,0.000095,0.00019,0.035833,0.161918,0.000285
AACTGAGTTATACTGA-1,0.001157,0.251814,0.202416,0.131291,0.220679,0.031845,0.105496,0.055301
AACTGATATTAGGCCT-1,0.000029,0.018275,0.507638,0.058077,0.027473,0.158465,0.016563,0.213479
AACTGGGTCCCGACGT-1,0.00004,0.00004,0.240077,0.090204,0.015629,0.154493,0.064901,0.434616
AACTGGGTTCGAGCCG-1,0.000032,0.000032,0.165471,0.001037,0.058773,0.344054,0.383525,0.047077
AACTGGTGTGGGCCTT-1,0.005756,0.000017,0.622191,0.011382,0.001875,0.013379,0.04202,0.30338
AACTTCTGCGTCTATC-1,0.000028,0.12239,0.467437,0.145044,0.001377,0.107174,0.000028,0.156521
AACTTGCCCGTATGCA-1,0.000035,0.002074,0.346556,0.000035,0.110507,0.014458,0.000035,0.526301
AACTTGCGTTCTCGCG-1,0.000022,0.04174,0.412341,0.000022,0.218991,0.000022,0.000022,0.326839
AACTTTACGGGAGCTT-1,0.000059,0.006696,0.118507,0.23595,0.165742,0.386306,0.000059,0.086683
AACTTTAGCTGCTGAG-1,0.036077,0.000042,0.287381,0.030147,0.000084,0.000059,0.103645,0.542565
AACTTTCTCGATCATG-1,0.721569,0.069423,0.029255,0.003756,0.07088,0.006638,0.05974,0.038738
AAGAAAGTTTGATGGG-1,0.071784,0.000053,0.073998,0.165078,0.075347,0.000032,0.008688,0.605019
AAGAAATCACCAGATT-1,0.999644,0.00003,0.000089,0.00003,0.000059,0.00003,0.00003,0.000089
AAGAAGGATCAGTTAG-1,0.000052,0.002915,0.07844,0.000052,0.014757,0.031902,0.004285,0.867598
AAGACATACGTGGTTT-1,0.000008,0.001826,0.559645,0.022204,0.337485,0.000008,0.000008,0.078815
AAGACCAAATAACTCA-1,0.00002,0.041785,0.00755,0.074859,0.614876,0.033231,0.00002,0.227659
AAGACCCAACTGAACA-1,0.096495,0.00563,0.266172,0.055433,0.076326,0.138227,0.000022,0.361695
AAGACTAACCCGTTGT-1,0.000029,0.000029,0.283945,0.000029,0.064434,0.000029,0.028615,0.622891
AAGACTCACGCCCACT-1,0.387487,0.000028,0.055027,0.026798,0.195955,0.002055,0.275823,0.056827
AAGACTGCAAGCTACT-1,0.038319,0.08669,0.253648,0.001573,0.015246,0.210268,0.005465,0.38879
AAGAGATGAATCGGTA-1,0.000036,0.00956,0.322981,0.000036,0.118796,0.000036,0.000036,0.548519
AAGAGCTCTTTATCGG-1,0.000047,0.000047,0.085741,0.017686,0.000093,0.001247,0.125681,0.769459
AAGAGGATGTACGCGA-1,0.000023,0.007624,0.475525,0.03137,0.000045,0.000023,0.000023,0.485368
AAGAGGCATGGATCGC-1,0.000013,0.000013,0.886741,0.000013,0.000026,0.000013,0.00268,0.110503
AAGAGGCCCTTTGGAA-1,0.000026,0.033426,0.268697,0.065178,0.080533,0.000026,0.010513,0.541602
AAGATGGCACCGGACC-1,0.029989,0.000829,0.131067,0.080159,0.000084,0.33442,0.021146,0.402306
AAGATTGGCGGAACGT-1,0.000007,0.000007,0.948896,0.000163,0.026149,0.000007,0.011791,0.012979
AAGCACCCTGCGTATC-1,0.00002,0.095011,0.560623,0.001532,0.211307,0.00002,0.00002,0.131468
AAGCATACTCTCCTGA-1,0.027065,0.003147,0.602208,0.001556,0.27714,0.003701,0.000012,0.08517
AAGCCACTTGCAGGTA-1,0.01295,0.000039,0.000117,0.000039,0.02109,0.027346,0.003899,0.934521
AAGCCGAAGCGGTTTA-1,0.092447,0.018333,0.252559,0.2493,0.190001,0.000024,0.058915,0.138422
AAGCCGCCGTGAAATC-1,0.011595,0.122172,0.000088,0.000029,0.137445,0.22323,0.004786,0.500655
AAGCCGCTTTACCTTG-1,0.861653,0.000019,0.042634,0.002976,0.072555,0.000019,0.000019,0.020123
AAGCCGGAGAGCAGGA-1,0.000011,0.04392,0.377528,0.35881,0.17566,0.000833,0.002415,0.040823
AAGCGCAGGGCTTTGA-1,0.000045,0.000045,0.011046,0.000045,0.000091,0.123309,0.029679,0.835739
AAGCGGAGTGCGCGCA-1,0.971786,0.000026,0.000077,0.000026,0.000051,0.027932,0.000026,0.000077
AAGCGGCGTCATGGGT-1,0.088483,0.000056,0.000169,0.000056,0.000113,0.326494,0.58446,0.000169
AAGCGTCCCTCATCGA-1,0.0001,0.078179,0.0003,0.0001,0.0002,0.782603,0.11534,0.023177
AAGCTAGATCGAGTAA-1,0.020106,0.058248,0.665215,0.000011,0.232968,0.000011,0.000011,0.02343
AAGCTATGGATTGACC-1,0.000025,0.000025,0.389371,0.081076,0.00005,0.000025,0.070815,0.458612
AAGCTCGTGCCAAGTC-1,0.000013,0.000013,0.890482,0.000013,0.010821,0.019745,0.000013,0.078901
AAGCTCTTTCATGGTG-1,0.000022,0.128812,0.464588,0.031402,0.224931,0.023175,0.000022,0.127049
AAGGAGAACTTATAAG-1,0.058501,0.00002,0.458555,0.098036,0.104249,0.055596,0.102899,0.122145
AAGGAGCGGTTGGTGC-1,0.000051,0.020394,0.035421,0.259612,0.010179,0.107813,0.000171,0.566359
AAGGATCGATCGCTTG-1,0.016533,0.003099,0.540705,0.037712,0.397231,0.000009,0.000619,0.004091
AAGGATGAGGGACCTC-1,0.084667,0.01615,0.670059,0.000019,0.032834,0.029451,0.044777,0.122043
AAGGCAGGCTGTCTCC-1,0.005062,0.114482,0.062606,0.063551,0.637998,0.000471,0.005062,0.110767
AAGGCGCGTAAAGCTT-1,0.00003,0.115698,0.126372,0.030542,0.163932,0.00003,0.022997,0.5404
AAGGCTGTGCTCATCG-1,0.000054,0.068001,0.100666,0.000054,0.02052,0.068432,0.140548,0.601725
AAGGGAACGACTGGCT-1,0.038038,0.004497,0.225399,0.00704,0.629785,0.014187,0.000011,0.081043
AAGGGACAGATTCTGT-1,0.032767,0.012514,0.26013,0.000036,0.000071,0.351541,0.275315,0.067626
AAGGGACTATGCATTC-1,0.061156,0.060569,0.000162,0.000054,0.000108,0.829192,0.00288,0.04588
AAGGGTTAGCCATGCG-1,0.000006,0.00454,0.784623,0.005144,0.202056,0.000006,0.000006,0.003618
AAGGGTTTGATTTCAG-1,0.000051,0.044088,0.000152,0.000051,0.346767,0.190647,0.000051,0.418194
AAGGTATCCTAATATA-1,0.000035,0.000035,0.329418,0.047464,0.01964,0.124644,0.250233,0.228531
AAGGTGATAAACCAGC-1,0.000039,0.47562,0.15282,0.000039,0.000079,0.090987,0.079983,0.200432
AAGTAAGCTTCCAAAC-1,0.000007,0.000007,0.903434,0.000762,0.001275,0.000007,0.020181,0.074326
AAGTAGAAGACCGGGT-1,0.000014,0.033589,0.644318,0.065055,0.082175,0.005733,0.000014,0.169101
AAGTAGTGACGCGAGG-1,0.000027,0.050555,0.351136,0.000027,0.06701,0.193948,0.000027,0.33727
AAGTCAATTGTCGTCA-1,0.000019,0.095421,0.225899,0.215784,0.244807,0.000356,0.024319,0.193396
AAGTCTAGTAGCTGCC-1,0.354838,0.046276,0.005688,0.000015,0.59311,0.000015,0.000015,0.000044
AAGTCTTCTGTGGCCT-1,0.000056,0.116825,0.000167,0.215355,0.305111,0.006209,0.000056,0.356221
AAGTGACGACCGAATT-1,0.000019,0.059295,0.351517,0.000019,0.29269,0.000019,0.000019,0.296422
AAGTGAGTCGGGTTTA-1,0.000022,0.002957,0.392316,0.00348,0.256422,0.000022,0.000022,0.344758
AAGTGCAAAGGTAGAC-1,0.000101,0.08269,0.000304,0.000101,0.000202,0.33476,0.303045,0.278796
AAGTGCCTTGACTGTA-1,0.000021,0.000021,0.390542,0.250752,0.080745,0.005999,0.144555,0.127365
AAGTGCGTTAGAATCT-1,0.00009,0.091169,0.000271,0.00009,0.000181,0.63317,0.019279,0.255748
AAGTGCTTCTCTATTG-1,0.000044,0.000044,0.000131,0.000044,0.005989,0.651441,0.000044,0.342263
AAGTGTTTGGAGACGG-1,0.000048,0.000048,0.000144,0.000048,0.000096,0.133734,0.089868,0.776013
AAGTTCACTCCAAGCT-1,0.000065,0.063757,0.000195,0.009212,0.005142,0.26604,0.14468,0.510909
AAGTTCAGTCTGCGTA-1,0.261831,0.008597,0.152891,0.000024,0.137078,0.029863,0.167908,0.241807
AAGTTCGGCCAACAGG-1,0.000048,0.02987,0.000143,0.000048,0.005198,0.051274,0.002792,0.910628
AAGTTGTGATGTTATA-1,0.000041,0.000041,0.089683,0.112097,0.01134,0.04821,0.035835,0.702753
AAGTTTACTAATGGCA-1,0.000028,0.000028,0.323094,0.001387,0.036224,0.009446,0.202591,0.427203
AAGTTTATGGGCCCAA-1,0.000017,0.02778,0.460762,0.008679,0.307149,0.008507,0.000017,0.18709
AATAACAACGCTCGGC-1,0.000014,0.016049,0.540751,0.003546,0.178421,0.000014,0.000014,0.261191
AATAACACTAGAACAA-1,0.000022,0.187566,0.173695,0.041469,0.169425,0.198146,0.000022,0.229656
AATAACGTCGCGCCCA-1,0.000022,0.020777,0.109096,0.026275,0.419463,0.008842,0.037751,0.377774
AATAAGTCCTCGAGAC-1,0.000025,0.000025,0.428674,0.023489,0.035933,0.025138,0.321901,0.164816
AATAATCTTCGTATCG-1,0.0417,0.03432,0.436444,0.320207,0.165882,0.000006,0.000006,0.001433
AATACAATGTTTCAGG-1,0.000018,0.087204,0.235045,0.005525,0.248851,0.000018,0.000018,0.423321
AATACCGGAGGGCTGT-1,0.031859,0.0735,0.000099,0.000033,0.000066,0.894312,0.000033,0.000099
AATACCTGATGTGAAC-1,0.000018,0.038247,0.124205,0.026165,0.646303,0.072533,0.000496,0.092032
AATAGAACAGAGTGGC-1,0.000019,0.074165,0.457393,0.002958,0.044512,0.054166,0.000019,0.366768
AATAGAATCTGTTTCA-1,0.000025,0.139062,0.322624,0.171411,0.001387,0.04491,0.003252,0.31733
AATAGCAAGCCTCCTG-1,0.37281,0.067431,0.074742,0.127205,0.348008,0.009704,0.000025,0.000075
AATAGCTACCGCGTGC-1,0.236383,0.072915,0.20363,0.000017,0.482836,0.000017,0.000017,0.004186
AATAGGCACGACCCTT-1,0.075232,0.00438,0.142971,0.074534,0.385082,0.063009,0.000018,0.254772
AATAGTCCGTCCCGAC-1,0.000035,0.014751,0.09829,0.007979,0.00171,0.001104,0.001411,0.87472
AATAGTCGCGAGTCGG-1,0.102443,0.145178,0.000337,0.000112,0.000225,0.437616,0.039816,0.274272
AATATCAAGGTCGGAT-1,0.000064,0.045502,0.000193,0.000064,0.000129,0.003476,0.306861,0.643711
AATATCCTAGCAAACT-1,0.000033,0.710442,0.056244,0.000033,0.113969,0.000033,0.000033,0.119214
AATATCGAATCAATGC-1,0.039492,0.143731,0.091039,0.4763,0.218923,0.000015,0.00629,0.024209
AATATCGAGGGTTCTC-1,0.000036,0.000036,0.066512,0.003725,0.018211,0.178573,0.092767,0.640139
AATATTGGAGTATTGA-1,0.00004,0.055547,0.034814,0.00004,0.138912,0.008161,0.00004,0.762445
AATCAGACTGCAGGAC-1,0.000022,0.014618,0.394055,0.000022,0.125479,0.023607,0.000022,0.442173
AATCAGGTTTCATTTA-1,0.000019,0.180239,0.004534,0.015135,0.620399,0.002263,0.000019,0.177392
AATCATGTAAAGACTC-1,0.000015,0.000015,0.726275,0.005258,0.097366,0.160517,0.000015,0.010538
AATCCAAGGGCCTGAG-1,0.046924,0.101031,0.194592,0.004946,0.0001,0.083887,0.126133,0.442388
AATCCATGCAAGGGTG-1,0.000038,0.009738,0.060055,0.008626,0.000076,0.49578,0.070359,0.355329
AATCCCGCTCAGAGCC-1,0.00004,0.00004,0.000119,0.00004,0.017329,0.614767,0.04843,0.319237
AATCGAGGTCTCAAGG-1,0.014619,0.057676,0.579224,0.027077,0.241824,0.0245,0.000008,0.055073
AATCGCCTCAGCGCCA-1,0.000025,0.000025,0.460091,0.059543,0.009073,0.122715,0.007586,0.340943
AATCGCGCAGAGGACT-1,0.012054,0.000032,0.044152,0.019241,0.029882,0.044184,0.257376,0.593079
AATCGGGACACTACGA-1,0.000034,0.000034,0.521532,0.018023,0.016038,0.000439,0.138467,0.305432
AATCGGTATAGCCCTC-1,0.000047,0.011377,0.000141,0.000047,0.066984,0.123005,0.015387,0.783012
AATCGTGAGCCGAGCA-1,0.000044,0.021875,0.306964,0.009538,0.030105,0.249746,0.000044,0.381683
AATCTAGGTTTACTTG-1,0.000031,0.048862,0.012482,0.021198,0.352448,0.057713,0.014611,0.492655
AATCTATGCCGGAGCC-1,0.156891,0.000033,0.12425,0.004325,0.186224,0.090534,0.263222,0.174522
AATCTCTACTGTGGTT-1,0.00012,0.00012,0.000359,0.00012,0.00024,0.464339,0.122969,0.411734
AATCTGCGTTGGGACG-1,0.000018,0.005178,0.528213,0.073401,0.105981,0.018548,0.076078,0.192582
AATCTGGCTTTCTAGT-1,0.000021,0.274664,0.000064,0.023243,0.339245,0.000146,0.004082,0.358534
AATCTGGGTAGACCCT-1,0.316083,0.000031,0.139237,0.000031,0.151636,0.134346,0.208658,0.049979
AATGACAGCAATGTCT-1,0.000038,0.000038,0.000607,0.000038,0.018356,0.283639,0.000038,0.697248
AATGACGTAGGATGTC-1,0.000034,0.070622,0.171698,0.073863,0.0309,0.000034,0.018804,0.634044
AATGACTGTCAGCCGG-1,0.000039,0.000039,0.119435,0.000039,0.112326,0.000039,0.047174,0.72091
AATGAGTTCGCATATG-1,0.000025,0.097598,0.418823,0.001565,0.123365,0.199622,0.000025,0.158977
AATGATGATACGCTAT-1,0.028608,0.000014,0.515419,0.007213,0.203369,0.02218,0.081246,0.141952
AATGATGCGACTCCTG-1,0.000018,0.004583,0.525793,0.002041,0.277007,0.008543,0.08795,0.094065
AATGCAACCGGGTACC-1,0.000046,0.000046,0.000276,0.000046,0.000091,0.050899,0.127014,0.821582
AATGCACCAAGCAATG-1,0.130993,0.000022,0.089215,0.000022,0.093585,0.257678,0.275557,0.152927
AATGGCCGCCAATGCG-1,0.858554,0.000041,0.000122,0.000041,0.000081,0.000041,0.136887,0.004236
AATGGTCCACCGTTCA-1,0.048745,0.000065,0.039693,0.098264,0.000129,0.437701,0.010194,0.36521
AATGGTTCTCACAAGC-1,0.000042,0.146802,0.043171,0.000042,0.001112,0.356023,0.035958,0.416851
AATGTATGGCACTGTA-1,0.000012,0.489612,0.252977,0.000456,0.256881,0.000012,0.000012,0.000037
AATGTGCCCGAGGTGT-1,0.080133,0.304527,0.046651,0.00007,0.000139,0.494469,0.003603,0.070409
AATGTGCTAATCTGAG-1,0.00004,0.074614,0.00012,0.000709,0.050299,0.740424,0.003637,0.130157
AATGTTAAGACCCTGA-1,0.000019,0.075015,0.214676,0.023339,0.249252,0.225073,0.000325,0.212302
AATGTTGTCGTGAGAC-1,0.000011,0.010831,0.742104,0.003407,0.217825,0.000011,0.000011,0.025801
AATTAAAGGTCGGCGT-1,0.000033,0.133299,0.346179,0.002324,0.059268,0.000033,0.000033,0.45883
AATTAACGGATTTCCA-1,0.000029,0.000029,0.250613,0.000029,0.156367,0.083019,0.00725,0.502665
AATTACGAGACCCATC-1,0.000032,0.292925,0.101181,0.051075,0.391328,0.116847,0.000032,0.046579
AATTACTCGTACGCTC-1,0.000093,0.000093,0.00028,0.009635,0.000186,0.548565,0.108473,0.332675
AATTAGCGCTGCAGCG-1,0.011631,0.001384,0.389689,0.000856,0.249088,0.000026,0.006801,0.340525
AATTATACCCAGCAAG-1,0.000027,0.000027,0.038486,0.018765,0.105977,0.060508,0.01276,0.763449
AATTCATAAGGGATCT-1,0.000031,0.02769,0.202426,0.036236,0.095317,0.0725,0.18834,0.377459
AATTCATTGTCATGCA-1,0.000022,0.192408,0.059374,0.197862,0.541231,0.000022,0.000022,0.009059
AATTCCAACTTGGTGA-1,0.000024,0.00707,0.256521,0.046494,0.473021,0.035343,0.000024,0.181503
AATTCCAAGCATGTAC-1,0.038898,0.000051,0.000154,0.000051,0.037632,0.175125,0.010182,0.737907
AATTCGATTCGAGGAT-1,0.106338,0.027303,0.588849,0.003798,0.099377,0.017697,0.00002,0.156618
AATTCTAGAGTTAGGC-1,0.000045,0.000045,0.108748,0.002341,0.193207,0.000045,0.075918,0.61965
AATTGAACGCTCTGGT-1,0.000024,0.029759,0.476591,0.020261,0.123465,0.005037,0.004393,0.340471
AATTGCAGCAATCGAC-1,0.012973,0.000022,0.125458,0.169592,0.102338,0.091224,0.011173,0.487219
AATTGCGTGGATTACA-1,0.000039,0.093145,0.000118,0.013364,0.434712,0.029846,0.000039,0.428736
AATTGTGGTTGCCAAA-1,0.024151,0.000014,0.439098,0.013224,0.156361,0.009107,0.004007,0.354039
AATTTGGGACATAGTA-1,0.123701,0.000028,0.220735,0.000028,0.011373,0.384289,0.165277,0.094568
AATTTGGTTCCAAAGA-1,0.013894,0.089791,0.675191,0.003044,0.086073,0.000015,0.047026,0.084967
ACAAACCATGCGTCCT-1,0.00002,0.00002,0.105481,0.02424,0.741375,0.108451,0.00002,0.020395
ACAAACCGACAAGGCG-1,0.080627,0.000011,0.242337,0.000245,0.348446,0.084986,0.127549,0.115798
ACAAACTCCATCAGAG-1,0.000011,0.093881,0.057925,0.020118,0.432489,0.013701,0.000011,0.381865
ACAAAGAAGGTAGGCC-1,0.000043,0.050665,0.031771,0.175292,0.081002,0.068665,0.000043,0.592518
ACAAAGCATGACCTAG-1,0.000026,0.020233,0.193988,0.022684,0.078994,0.078668,0.094323,0.511083
ACAAATCGCACCGAAT-1,0.000014,0.01113,0.493293,0.000419,0.319693,0.058877,0.000014,0.116561
ACAAATGGTAGTGTTT-1,0.000037,0.000037,0.163752,0.000037,0.021768,0.268291,0.021964,0.524115
ACAAATTCAGATCTGA-1,0.658207,0.023129,0.000124,0.000041,0.000083,0.274851,0.043439,0.000124
ACAACAGCATGAGCTA-1,0.000035,0.031485,0.244655,0.059995,0.020556,0.000035,0.053061,0.590179
ACAACGGTCCCTGCGA-1,0.000012,0.000012,0.736157,0.01555,0.139794,0.000012,0.000012,0.108451
ACAAGCAGTGCCTAGC-1,0.000029,0.072282,0.131919,0.093265,0.016314,0.082187,0.002626,0.601378
ACAAGCTATATGGAAG-1,0.000039,0.162037,0.000116,0.001103,0.551987,0.033835,0.000039,0.250845
ACAAGGAAATCCGCCC-1,0.00785,0.011881,0.415853,0.010169,0.261117,0.166429,0.00002,0.126682
ACAAGGACAAGAGGTT-1,0.000063,0.133068,0.230449,0.000063,0.076096,0.034647,0.000063,0.525552
ACAAGGATGCTTTAGG-1,0.000036,0.000036,0.079722,0.000036,0.038781,0.145773,0.037157,0.698459
ACAAGGCCTACCAGCC-1,0.87946,0.054798,0.060042,0.000035,0.00007,0.000035,0.000035,0.005525
ACAAGGGCAGGCTCTG-1,0.000022,0.000022,0.351386,0.106146,0.100973,0.000022,0.029708,0.411721
ACAAGTAATTGTAAGG-1,0.012248,0.000021,0.195929,0.141674,0.075958,0.001988,0.046822,0.525361
ACAATAGTCGTACGTT-1,0.000136,0.007703,0.000408,0.000136,0.000272,0.534005,0.243404,0.213936
ACAATCCATTTAAACC-1,0.100605,0.075768,0.091366,0.004707,0.032879,0.000035,0.190381,0.504261
ACAATCGATCTTTATA-1,0.005895,0.000014,0.457466,0.192891,0.002377,0.105179,0.084746,0.151432
ACAATGAATACGGAGA-1,0.021258,0.643617,0.080027,0.000052,0.000104,0.17737,0.077416,0.000156
ACAATGATTCTTCTAC-1,0.711162,0.000079,0.000237,0.000079,0.000158,0.000079,0.287967,0.000237
ACAATTGTGTCTCTTT-1,0.000061,0.235515,0.05559,0.000061,0.000121,0.045843,0.169546,0.493264
ACAATTTAGGAGGCTC-1,0.000059,0.000587,0.194962,0.108654,0.000117,0.690594,0.000059,0.004969
ACAATTTGAGCAGTGG-1,0.03322,0.001201,0.600681,0.102123,0.059548,0.040481,0.00001,0.162736
ACAATTTGGCCATATT-1,0.131635,0.013257,0.060249,0.033702,0.634912,0.112585,0.000603,0.013058
ACACAAAGACGGGTGG-1,0.000018,0.000018,0.704642,0.000018,0.012468,0.007463,0.000153,0.275218
ACACAAATATTCCTAG-1,0.906609,0.02756,0.001921,0.000021,0.000041,0.063765,0.000021,0.000062
ACACACCAGGACCAGT-1,0.00002,0.004964,0.658838,0.075957,0.052418,0.005418,0.000089,0.202295
ACACACTTTCTACACG-1,0.039029,0.041395,0.193202,0.136247,0.076938,0.003319,0.152275,0.357596
ACACATGATCAAATCT-1,0.000022,0.000022,0.117526,0.016244,0.48883,0.14281,0.001272,0.233273
ACACATTGACGCAACA-1,0.000052,0.042463,0.000156,0.008749,0.060701,0.600442,0.000052,0.287385
ACACATTTCCGTAGAC-1,0.000037,0.024028,0.029435,0.002071,0.000074,0.033867,0.039389,0.871099
ACACCACATAATTAGC-1,0.229261,0.103016,0.04775,0.025839,0.396759,0.174917,0.003279,0.019179
ACACCCAGCATGCAGC-1,0.006109,0.005376,0.511056,0.049204,0.016777,0.146227,0.000029,0.265223
ACACCCGAGAAATCCG-1,0.000025,0.000025,0.41816,0.014039,0.184127,0.04885,0.000025,0.334749
ACACCCGTAAATCTGT-1,0.971634,0.00003,0.000091,0.00003,0.000061,0.00003,0.028031,0.000091
ACACCGAGCGCTCTTT-1,0.023677,0.056942,0.000439,0.000146,0.000292,0.825575,0.039723,0.053207
ACACCGGTCTGACCGC-1,0.000013,0.019846,0.164842,0.000013,0.813939,0.000013,0.000013,0.001322
ACACCTTAAGTAGGGC-1,0.000025,0.022275,0.364083,0.026735,0.19386,0.000054,0.057583,0.335386
ACACCTTACTACTTGC-1,0.000015,0.029618,0.455649,0.188594,0.241194,0.000015,0.005079,0.079837
ACACGAGACTCCTTCT-1,0.000015,0.000015,0.776871,0.002062,0.001916,0.011598,0.027596,0.179927
ACACGGCACTATGCAT-1,0.000029,0.000029,0.400853,0.005315,0.03162,0.000029,0.300737,0.261388
ACACGGGAACTTAGGG-1,0.052283,0.000045,0.245725,0.027353,0.000089,0.065362,0.190149,0.418993
ACACGTAGGCCACAAG-1,0.000013,0.000013,0.667461,0.055198,0.106625,0.000015,0.005609,0.165065
ACACTCCAATGTCACT-1,0.191153,0.017569,0.0002,0.032679,0.091991,0.016471,0.031658,0.61828
ACACTGATCAAGGTGT-1,0.011242,0.032139,0.090435,0.051878,0.000069,0.087555,0.009815,0.716865
ACACTGGGACAGTCGT-1,0.000005,0.043733,0.913412,0.006435,0.028647,0.000005,0.000005,0.007758
ACAGAACTGAGAACAA-1,0.134382,0.643108,0.000134,0.000045,0.000089,0.222064,0.000045,0.000134
ACAGATTAGGTTAGTG-1,0.000025,0.003294,0.528823,0.229696,0.020096,0.002441,0.034664,0.180961
ACAGCATAGAGCCAGT-1,0.000017,0.051767,0.603872,0.161529,0.093049,0.000017,0.000017,0.089731
ACAGCGACATTCTCAT-1,0.000029,0.000029,0.480902,0.024452,0.070947,0.000029,0.04235,0.381263
ACAGCGCACCCGCAGC-1,0.038635,0.051423,0.498019,0.02269,0.223876,0.023926,0.02762,0.113811
ACAGGAGGCGCAGCCG-1,0.000044,0.095254,0.000131,0.001285,0.042187,0.151315,0.000044,0.709741
ACAGGCACGGATCCTT-1,0.000018,0.000018,0.513078,0.01249,0.060592,0.019224,0.020621,0.37396
ACAGGCTTGCCCGACT-1,0.000024,0.000024,0.474829,0.000024,0.07797,0.007037,0.000024,0.440067
ACAGGTGGAGGTGAGG-1,0.000021,0.025659,0.167752,0.079037,0.000042,0.007946,0.000021,0.719523
ACAGGTGTGTTGTTGC-1,0.000054,0.037053,0.007914,0.203455,0.224712,0.190983,0.000054,0.335775
ACAGTAATACAACTTG-1,0.000052,0.059264,0.116685,0.09535,0.000104,0.4589,0.000052,0.269593
ACAGTATACCGTGGGA-1,0.740661,0.121794,0.00009,0.00003,0.00006,0.137244,0.00003,0.00009
ACAGTGCAGCGCATTT-1,0.698178,0.000042,0.000125,0.000042,0.000083,0.01635,0.187615,0.097566
ACATAAGTCGTGGTGA-1,0.00004,0.214807,0.075078,0.10907,0.097212,0.13303,0.006808,0.363955
ACATAATAAGGCGGTG-1,0.000032,0.051602,0.27771,0.010921,0.00336,0.080783,0.000032,0.575559
ACATACAATCAAGCGG-1,0.006095,0.000016,0.203661,0.080516,0.527615,0.042261,0.003722,0.136113
ACATCAGCTGGGACGC-1,0.000139,0.044123,0.000416,0.000139,0.000277,0.526108,0.132508,0.29629
ACATCCCGGCCATACG-1,0.000058,0.001785,0.270464,0.000058,0.000115,0.144217,0.000058,0.583246
ACATCCTGGTAACTGT-1,0.000036,0.000036,0.113331,0.441347,0.032622,0.000036,0.131226,0.281367
ACATCGATCGTTTACC-1,0.000025,0.000025,0.695752,0.000025,0.065742,0.133256,0.000025,0.10515
ACATCGCAATATTCGG-1,0.000023,0.000023,0.140812,0.010825,0.255922,0.020932,0.03021,0.541252
ACATCGGTCAGCCGCG-1,0.000041,0.037006,0.00906,0.000041,0.000082,0.07562,0.053349,0.824801
ACATCGTATGCAATGG-1,0.000018,0.000018,0.682525,0.001369,0.063219,0.012723,0.000018,0.240112
ACATCGTTAACCTAGT-1,0.010875,0.084261,0.640315,0.000015,0.080553,0.113473,0.014747,0.05576
ACATCTCAACGCGTAA-1,0.000028,0.000028,0.113488,0.00104,0.012851,0.110758,0.353364,0.408443
ACATGCTTACGGCAGC-1,0.000014,0.000014,0.405184,0.031658,0.50085,0.000014,0.000014,0.062253
ACATGGCGCCAAAGTA-1,0.043624,0.048011,0.210337,0.079492,0.142324,0.065828,0.284861,0.125524
ACATGGCTCAATTTAG-1,0.000067,0.000067,0.02634,0.000067,0.110769,0.137311,0.000067,0.72531
ACATTAGTTTATATCC-1,0.000046,0.03021,0.164066,0.199739,0.002786,0.179029,0.000046,0.424079
ACATTCGCGCGGAATA-1,0.027362,0.000016,0.052883,0.257012,0.502922,0.087633,0.000016,0.072155
ACATTTGAAACCTAAC-1,0.008693,0.249134,0.002175,0.00004,0.082928,0.23893,0.005951,0.412149
ACCAAACACCCAGCGA-1,0.311803,0.000014,0.327938,0.000014,0.359891,0.000014,0.000014,0.000311
ACCAAACTAGAAATCC-1,0.035252,0.005884,0.084655,0.089804,0.077888,0.193144,0.395837,0.117536
ACCAACACCACACACT-1,0.438989,0.22224,0.000125,0.000042,0.000084,0.086994,0.2491,0.002426
ACCAACCGCACTCCAC-1,0.034274,0.112643,0.42457,0.038778,0.340419,0.00034,0.000016,0.048959
ACCAACGCTTATTTAT-1,0.000058,0.000058,0.000173,0.000058,0.000115,0.034518,0.042382,0.92264
ACCAAGAACGCGTGTC-1,0.000022,0.000022,0.707512,0.014553,0.079364,0.000022,0.000022,0.198484
ACCAAGTCATCGGCAG-1,0.042485,0.094126,0.239592,0.016826,0.318057,0.025375,0.022207,0.241332
ACCAATATGCAAGTTA-1,0.000007,0.000007,0.737166,0.001666,0.200067,0.000007,0.000007,0.061074
ACCACAACTCAGAACA-1,0.000014,0.010482,0.340706,0.134096,0.171964,0.057406,0.110986,0.174346
ACCACAAGTTTCTATC-1,0.017956,0.104388,0.169895,0.01409,0.064728,0.116081,0.016633,0.49623
ACCACACGGTTGATGG-1,0.000024,0.028487,0.084686,0.012288,0.176486,0.045275,0.013521,0.639234
ACCACCAATGTAACAA-1,0.000025,0.000025,0.246081,0.150557,0.031139,0.026441,0.232505,0.313226
ACCACCCTCTCTTCTA-1,0.671233,0.000038,0.000114,0.000038,0.000076,0.000038,0.318117,0.010347
ACCACGTGCAGCTATA-1,0.000036,0.040704,0.259785,0.000036,0.065861,0.282996,0.024319,0.326261
ACCACTGTTCAAGAAG-1,0.000052,0.0973,0.000155,0.000052,0.000103,0.902131,0.000052,0.000155
ACCAGACCATAACAAC-1,0.000021,0.738182,0.00772,0.000021,0.141076,0.018721,0.0087,0.085558
ACCAGCCCGGTCTTTG-1,0.084797,0.00003,0.195545,0.004886,0.009128,0.300035,0.232663,0.172916
ACCAGGAGTGTGATCT-1,0.004513,0.000012,0.743696,0.011851,0.144122,0.000012,0.065573,0.030222
ACCAGTGCCCGGTCAA-1,0.455916,0.034591,0.000208,0.000069,0.000139,0.207617,0.301253,0.000208
ACCAGTGCGGGAGACG-1,0.000016,0.037439,0.717983,0.143049,0.064534,0.000016,0.000016,0.036948
ACCATATCCGCAATAA-1,0.000033,0.018926,0.133915,0.000033,0.026382,0.296548,0.050305,0.473858
ACCATCCGCCAACTAG-1,0.000075,0.000075,0.000226,0.000075,0.000151,0.36033,0.255308,0.383758
ACCATCGTATATGGTA-1,0.000056,0.004629,0.000168,0.000056,0.00045,0.010618,0.123317,0.860706
ACCATTAAGGGTGTCA-1,0.000067,0.015071,0.000201,0.000067,0.000134,0.984192,0.000067,0.000201
ACCCAACGCCCGTGGC-1,0.000023,0.020569,0.513716,0.160514,0.009989,0.117066,0.033698,0.144427
ACCCACCTACATGCTC-1,0.000021,0.011435,0.771221,0.06474,0.004152,0.108116,0.000021,0.040293
ACCCATCTTGAGGGTA-1,0.013781,0.146533,0.166052,0.000031,0.196282,0.080862,0.000463,0.395995
ACCCATTTGTCCCTCT-1,0.00002,0.05128,0.58198,0.005744,0.135095,0.00002,0.00002,0.225841
ACCCGAGCGAAATTAC-1,0.001915,0.000063,0.000189,0.000063,0.000126,0.715855,0.104364,0.177426
ACCCGATTGGTTCCGA-1,0.00005,0.00005,0.00015,0.024092,0.047876,0.577006,0.031037,0.319737
ACCCGGAAACTCCCAG-1,0.014516,0.000021,0.453511,0.036063,0.139884,0.000021,0.002158,0.353826
ACCCGGAGCACCACAA-1,0.054094,0.002326,0.156767,0.583354,0.165415,0.000012,0.003554,0.034478
ACCCGGATGACGCATC-1,0.000057,0.014908,0.649997,0.012721,0.10229,0.11262,0.061838,0.04557
ACCCGGTTACACTTCC-1,0.000038,0.015131,0.157294,0.000038,0.159248,0.013184,0.002109,0.652957
ACCCGTAGCAGAGAAT-1,0.001362,0.078657,0.439153,0.042019,0.438763,0.000009,0.000009,0.000028
ACCCGTAGTCTAGTTG-1,0.000026,0.026201,0.151951,0.020404,0.110142,0.063528,0.069344,0.558404
ACCCGTGTCATCAGTA-1,0.00003,0.020104,0.245783,0.001338,0.158336,0.03804,0.005047,0.531323
ACCCTATAGGACTGAG-1,0.041414,0.054974,0.009662,0.000056,0.057655,0.182908,0.000056,0.653275
ACCCTATGCCATATCG-1,0.000024,0.247434,0.211153,0.000024,0.132947,0.000024,0.000024,0.40837
ACCCTCCCGTCAGGGC-1,0.000022,0.015701,0.269624,0.129217,0.206802,0.009687,0.000022,0.368926
ACCCTCCCTTGCTATT-1,0.000024,0.000024,0.557723,0.000024,0.18964,0.015778,0.017797,0.218988
ACCCTGGTAACGCCCT-1,0.249832,0.226144,0.196573,0.006583,0.270725,0.045178,0.00154,0.003425
ACCCTTCATCTGCGAA-1,0.000018,0.000018,0.778355,0.112641,0.000035,0.000018,0.000813,0.108103
ACCCTTGCCTGGGTCG-1,0.983795,0.000022,0.000066,0.000022,0.000044,0.000022,0.000022,0.016006
ACCCTTTAGTTCTCCA-1,0.00002,0.00002,0.281203,0.008996,0.279253,0.00002,0.121045,0.309442
ACCGAAAGGGCCCTGC-1,0.000029,0.000029,0.474233,0.014342,0.028764,0.013808,0.067055,0.401739
ACCGAAGAGTCTGGTT-1,0.011175,0.024652,0.000136,0.000045,0.010487,0.234151,0.150128,0.569226
ACCGACACATCTCCCA-1,0.017567,0.046432,0.042524,0.008656,0.113555,0.055004,0.023019,0.693243
ACCGACTGAGTCCCAC-1,0.000061,0.047948,0.00028,0.000061,0.000122,0.270439,0.154327,0.526762
ACCGAGTCTCCTTATT-1,0.000037,0.08745,0.039472,0.026755,0.182655,0.313815,0.000037,0.34978
ACCGATAGGCATAACC-1,0.136926,0.022173,0.447405,0.169869,0.177632,0.000008,0.000907,0.04508
ACCGATATTTAATCAT-1,0.000013,0.02133,0.324809,0.292704,0.281149,0.013381,0.01551,0.051104
ACCGATGGTAGCATCG-1,0.000034,0.003827,0.113143,0.291316,0.000952,0.117867,0.040445,0.432415
ACCGCAATAACTGCCT-1,0.000015,0.039761,0.564144,0.017626,0.16836,0.157633,0.000015,0.052446
ACCGCGGTGGAAGTCG-1,0.058889,0.029388,0.478504,0.215816,0.159907,0.000016,0.009504,0.047977
ACCGCTAGTCATTGGT-1,0.000022,0.007624,0.08955,0.293017,0.223294,0.007118,0.000022,0.379352
ACCGGGCCTTTGTTGA-1,0.05462,0.026428,0.520931,0.019428,0.060447,0.175035,0.006539,0.136571
ACCGGTCAGGTACACC-1,0.000065,0.196546,0.000194,0.000065,0.000129,0.000065,0.089615,0.713322
ACCGGTCTGAGTACGG-1,0.674196,0.000042,0.094753,0.000042,0.000084,0.011937,0.204077,0.014868
ACCGTCCACTGGGCCC-1,0.000016,0.000016,0.158381,0.05615,0.784343,0.000016,0.000016,0.001062
