Barcode,Topic 1,Topic 2to7,Topic 8,Topic 9,Topic 10
AAACAACGAATAGTTC-1,0.350578,0.000346,0.239175,0.336648,0.073253
AAACAAGTATCTCCCA-1,0.000033,0.65172,0.20691,0.118643,0.022694
AAACAATCTACTAGCA-1,0.061368,0.000499,0.148133,0.679453,0.110547
AAACACCAATAACTGC-1,0.109702,0.793942,0.010654,0.008972,0.07673
AAACAGAGCGACTCCT-1,0.096233,0.506752,0.380445,0.00012,0.01645
AAACAGCTTTCAGAAG-1,0.071861,0.825725,0.048798,0.046183,0.007434
AAACAGGGTCTATATT-1,0.165877,0.550649,0.048604,0.224729,0.010141
AAACAGTGTTCCTGGG-1,0.105965,0.569456,0.043832,0.132875,0.147872
AAACATGGTGAGAGGA-1,0.943187,0.000145,0.000024,0.007275,0.049369
AAACATTTCCCGGATT-1,0.04953,0.138981,0.187479,0.215772,0.408238
AAACCCGAACGAAATC-1,0.00041,0.838363,0.033531,0.071434,0.056261
AAACCGGAAATGTTAA-1,0.020439,0.711391,0.097664,0.15766,0.012846
AAACCGGGTAGGTACC-1,0.027612,0.67985,0.000029,0.202935,0.089574
AAACCGTTCGTCCAGG-1,0.012203,0.898944,0.005076,0.079202,0.004576
AAACCTAAGCAGCCGG-1,0.072964,0.017273,0.669199,0.23568,0.004884
AAACCTCATGAAGTTG-1,0.000016,0.952643,0.000016,0.032844,0.014482
AAACGAAGAACATACC-1,0.172321,0.000391,0.010389,0.591621,0.225278
AAACGAAGATGGAGTA-1,0.625824,0.325582,0.048541,0.000026,0.000026
AAACGAGACGGTTGAT-1,0.001447,0.76086,0.016813,0.172782,0.048097
AAACGCTGGGCACGAC-1,0.045735,0.570162,0.033404,0.000528,0.350171
AAACGGGCGTACGGGT-1,0.024252,0.605367,0.092222,0.214641,0.063517
AAACGGGTTGGTATCC-1,0.00408,0.000431,0.514419,0.455278,0.025792
AAACGGTTGCGAACTG-1,0.009005,0.53135,0.086262,0.284186,0.089198
AAACGTGTTCGCCCTA-1,0.024099,0.00051,0.250658,0.322652,0.402081
AAACTCGGTTCGCAAT-1,0.009536,0.883481,0.023926,0.029859,0.053197
AAACTCGTGATATAAG-1,0.000078,0.209678,0.139404,0.272559,0.378281
AAACTGCTGGCTCCAA-1,0.136073,0.529839,0.27673,0.034486,0.022872
AAACTTAATTGCACGC-1,0.677477,0.19024,0.118832,0.00004,0.013411
AAACTTGCAAACGTAT-1,0.103767,0.60365,0.004718,0.282756,0.005108
AAAGAATGACCTTAGA-1,0.625049,0.365471,0.003858,0.000018,0.005604
AAAGAATGTGGACTAA-1,0.00001,0.981737,0.001334,0.006612,0.010307
AAAGACCCAAGTCGCG-1,0.000046,0.357064,0.125177,0.492193,0.025519
AAAGACTGGGCGCTTT-1,0.012964,0.905423,0.00002,0.039251,0.042341
AAAGCTTGCCTACATA-1,0.08275,0.416145,0.033625,0.098595,0.368885
AAAGGCCCTATAATAC-1,0.078207,0.815361,0.070121,0.001285,0.035026
AAAGGCTACGGACCAT-1,0.000011,0.999956,0.000011,0.000011,0.000011
AAAGGCTCTCGCGCCG-1,0.000039,0.840589,0.000039,0.044566,0.114767
AAAGGGATGTAGCAAG-1,0.000035,0.789358,0.018516,0.183564,0.008527
AAAGGGCAGCTTGAAT-1,0.045307,0.407131,0.179828,0.367705,0.00003
AAAGGTAAGCTGTACC-1,0.070917,0.729392,0.078781,0.106219,0.014692
AAAGTAGCATTGCTCA-1,0.162466,0.495522,0.00003,0.267457,0.074525
AAAGTCACTGATGTAA-1,0.000043,0.857062,0.006502,0.130466,0.005927
AAAGTCGACCCTCAGT-1,0.00001,0.964557,0.022399,0.013025,0.00001
AAAGTGCCATCAATTA-1,0.027402,0.958439,0.001504,0.001314,0.011342
AAAGTGTGATTTATCT-1,0.00012,0.037275,0.962365,0.00012,0.00012
AAAGTTGACTCCCGTA-1,0.000073,0.530075,0.469707,0.000073,0.000073
AAATAACCATACGGGA-1,0.173061,0.000405,0.23233,0.581819,0.012385
AAATAAGGTAGTGCCC-1,0.019645,0.875237,0.079791,0.012797,0.01253
AAATACCTATAAGCAT-1,0.00003,0.75752,0.081286,0.135565,0.025598
AAATAGCTTAGACTTT-1,0.134331,0.028728,0.023152,0.463951,0.349838
AAATAGGGTGCTATTG-1,0.000038,0.8492,0.030647,0.096525,0.023591
AAATCCGATACACGCC-1,0.026621,0.662671,0.203018,0.081589,0.026102
AAATCGCGGAAGGAGT-1,0.880972,0.022037,0.096946,0.000022,0.000022
AAATCGTGTACCACAA-1,0.019652,0.747131,0.233064,0.000076,0.000076
AAATCTAGCCCTGCTA-1,0.011495,0.128743,0.117226,0.597263,0.145273
AAATCTGCCCGCGTCC-1,0.445065,0.553399,0.000022,0.000022,0.001493
AAATGACTGATCAAAC-1,0.000229,0.680427,0.120112,0.169746,0.029486
AAATGATTCGATCAGC-1,0.021697,0.002139,0.35516,0.562315,0.058688
AAATGCTCGTTACGTT-1,0.023403,0.105434,0.000056,0.863594,0.007512
AAATGGCATGTCTTGT-1,0.000049,0.875773,0.048498,0.073357,0.002323
AAATGGCCCGTGCCCT-1,0.235413,0.145194,0.101193,0.517659,0.000541
AAATGGTCAATGTGCC-1,0.000051,0.522846,0.016713,0.443437,0.016954
AAATGTATCTTATCCC-1,0.003286,0.958249,0.022999,0.012944,0.002523
AAATGTGGGTGCTCCT-1,0.733472,0.000296,0.124791,0.138461,0.00298
AAATTAACGGGTAGCT-1,0.000077,0.354617,0.000077,0.410832,0.234398
AAATTAATAAGCGCGA-1,0.043059,0.511474,0.013412,0.26063,0.171425
AAATTACACGACTCTG-1,0.068601,0.000522,0.039802,0.745541,0.145533
AAATTACCTATCGATG-1,0.209999,0.06633,0.526073,0.183541,0.014057
AAATTCCAGGTCCAAA-1,0.000055,0.509968,0.072147,0.061926,0.355904
AAATTGATAGTCCTTT-1,0.088994,0.368654,0.147215,0.395105,0.000032
AAATTGCGGCGGTTCT-1,0.000039,0.588753,0.101153,0.310016,0.000039
AAATTGGTGAGAAGCA-1,0.023633,0.000462,0.02724,0.461823,0.486842
AAATTTACCGAAATCC-1,0.149394,0.463683,0.219063,0.132812,0.035048
AAATTTGCGGGTGTGG-1,0.000012,0.957246,0.000012,0.041896,0.000833
AACAACTGGTAGTTGC-1,0.05573,0.418206,0.036755,0.489249,0.00006
AACAATACATTGTCGA-1,0.008951,0.841328,0.096843,0.051749,0.001129
AACAATTACTCTACGC-1,0.029293,0.660911,0.003792,0.18475,0.121255
AACACACGCTCGCCGC-1,0.029649,0.638685,0.113878,0.197108,0.020679
AACACGACTGTACTGA-1,0.037598,0.297901,0.032069,0.356299,0.276132
AACACGAGACGCGGCC-1,0.04952,0.791597,0.004273,0.072897,0.081712
AACACGCGGCCGCGAA-1,0.020394,0.801343,0.000033,0.144663,0.033566
AACAGCTGTGTGGCAA-1,0.320746,0.540913,0.036749,0.000055,0.101537
AACAGGAAATCGAATA-1,0.000042,0.855263,0.000042,0.105025,0.039628
AACAGGATGGGCCGCG-1,0.024856,0.326957,0.005038,0.640206,0.002943
AACAGGTAGTATGGAT-1,0.000011,0.999957,0.000011,0.000011,0.000011
AACATAGCGTGTATCG-1,0.08215,0.066962,0.579252,0.062775,0.20886
AACATATCAACTGGTG-1,0.044397,0.448513,0.107471,0.378569,0.021049
AACATCGATACGTCTA-1,0.265778,0.000575,0.179644,0.52404,0.029962
AACATTGAAGTTGATC-1,0.122117,0.590775,0.000028,0.001846,0.285233
AACATTGGTCAGCCGT-1,0.036953,0.242634,0.011327,0.402951,0.306135
AACATTGTGACTCGAG-1,0.000015,0.998226,0.000015,0.000511,0.001232
AACCAAGACTTCTCTG-1,0.000784,0.942234,0.000016,0.054212,0.002754
AACCAGTATCACTCTT-1,0.074304,0.529788,0.080073,0.134219,0.181616
AACCATAGGGTTGAAC-1,0.468159,0.520645,0.000018,0.004158,0.007021
AACCATGGGATCGCTA-1,0.00003,0.981843,0.00003,0.018066,0.00003
AACCCAGAGACGGAGA-1,0.013636,0.357792,0.013323,0.564757,0.050492
AACCCATCCCATGATC-1,0.361587,0.448051,0.000033,0.019365,0.170965
AACCCGACAACCCGTG-1,0.003273,0.880689,0.08862,0.014199,0.013218
AACCCGAGCAGAATCG-1,0.011676,0.624801,0.049157,0.183664,0.130702
AACCCGATAGGGCTTC-1,0.066385,0.65895,0.125548,0.000508,0.148609
AACCCGCTGTATTCCA-1,0.00237,0.781452,0.035549,0.05423,0.1264
AACCCTACTGTCAATA-1,0.058897,0.573983,0.13022,0.201367,0.035533
AACCCTGGTGGAACCA-1,0.288896,0.101183,0.09903,0.345347,0.165544
AACCGAGCTTGGTCAT-1,0.000027,0.933013,0.003042,0.058534,0.005384
AACCGCTAAGGGATGC-1,0.020471,0.630434,0.226935,0.106716,0.015444
AACCGTTGTGTTTGCT-1,0.000052,0.895523,0.104323,0.000052,0.000052
AACCTAAAGCCGTCCG-1,0.076396,0.504039,0.365428,0.007544,0.046594
AACCTCGCTTTAGCCC-1,0.079037,0.015088,0.334003,0.525361,0.046511
AACCTGTCACGGAATT-1,0.000025,0.679774,0.075041,0.232302,0.012857
AACCTTTAAATACGGT-1,0.000034,0.843985,0.033926,0.108911,0.013144
AACCTTTACGACGTCT-1,0.141842,0.362214,0.224717,0.080707,0.190519
AACGAAAGTCGTCCCA-1,0.788257,0.135627,0.000043,0.009977,0.066096
AACGACCTCCTAGCCG-1,0.021203,0.748478,0.017098,0.022386,0.190834
AACGATAATGCCGTAG-1,0.000024,0.920885,0.075243,0.003823,0.000024
AACGATAGAAGGGCCG-1,0.00703,0.342426,0.160533,0.482392,0.007619
AACGATATGTCAACTG-1,0.000031,0.784948,0.007369,0.20762,0.000031
AACGCATGATCTGGGT-1,0.058369,0.706514,0.101242,0.129349,0.004525
AACGCGAACGGCAACA-1,0.000036,0.886275,0.008837,0.010824,0.094028
AACGCGACCTTGGGCG-1,0.092051,0.638945,0.013509,0.017061,0.238433
AACGCGGTCTCCAGCC-1,0.000044,0.794125,0.06338,0.142145,0.000306
AACGCTGTTGCTGAAA-1,0.066165,0.679436,0.140507,0.10101,0.012883
AACGGCCATCTCCGGT-1,0.000016,0.908496,0.018646,0.065647,0.007195
AACGTACTGTGGGTAC-1,0.002644,0.858171,0.000024,0.131249,0.007912
AACGTAGTCTACCCAT-1,0.35924,0.000555,0.255983,0.384129,0.000093
AACGTCAGACTAGTGG-1,0.00006,0.543977,0.00006,0.175045,0.280857
AACGTCATCCGGCTTG-1,0.007464,0.485583,0.008953,0.022025,0.475974
AACGTCGCTGCACTTC-1,0.032233,0.732456,0.068874,0.11588,0.050557
AACGTGATGAAGGACA-1,0.122434,0.000467,0.375555,0.461973,0.039571
AACGTGCGAAAGTCTC-1,0.004017,0.784642,0.015203,0.195315,0.000823
AACGTTATCAGCACCT-1,0.04881,0.283758,0.115291,0.537298,0.014842
AACGTTCTACCATTGT-1,0.018589,0.733732,0.155773,0.001294,0.090612
AACTACCCGTTTGTCA-1,0.000051,0.488551,0.014056,0.129218,0.368124
AACTAGCGTATCGCAC-1,0.091786,0.024088,0.06513,0.567069,0.251928
AACTAGGCTTGGGTGT-1,0.000035,0.823868,0.000035,0.17336,0.002702
AACTCAAGTTAATTGC-1,0.043413,0.563098,0.00003,0.356817,0.036643
AACTCCAGAGCGTGTT-1,0.044878,0.621812,0.153316,0.144332,0.035662
AACTCCTAATCCCATG-1,0.184314,0.043923,0.771429,0.000167,0.000167
AACTCGATAAACACGT-1,0.047675,0.523637,0.004346,0.353812,0.07053
AACTCGATGGCGCAGT-1,0.044995,0.755663,0.010472,0.14095,0.04792
AACTCTCAATAGAGCG-1,0.071832,0.468457,0.126074,0.243069,0.090568
AACTCTCAGTGTGCTC-1,0.005916,0.903683,0.012457,0.072316,0.005627
AACTGAGTTATACTGA-1,0.000011,0.832613,0.010408,0.154654,0.002314
AACTGATATTAGGCCT-1,0.00005,0.714612,0.01534,0.242489,0.027508
AACTGGGTCCCGACGT-1,0.000026,0.7469,0.02292,0.228403,0.001751
AACTGGGTTCGAGCCG-1,0.057718,0.439317,0.421301,0.000153,0.081511
AACTGGTGTGGGCCTT-1,0.000071,0.57371,0.000071,0.185904,0.240244
AACTTCTGCGTCTATC-1,0.005104,0.201454,0.000073,0.607382,0.185986
AACTTGCCCGTATGCA-1,0.042217,0.618264,0.000037,0.291441,0.04804
AACTTGCGTTCTCGCG-1,0.000041,0.793602,0.000041,0.162792,0.043525
AACTTTACGGGAGCTT-1,0.09659,0.836317,0.000743,0.014389,0.05196
AACTTTAGCTGCTGAG-1,0.013211,0.00066,0.095728,0.89029,0.00011
AACTTTCTCGATCATG-1,0.012464,0.173698,0.403641,0.300845,0.109353
AAGAAAGTTTGATGGG-1,0.99943,0.000157,0.000361,0.000026,0.000026
AAGAAATCACCAGATT-1,0.000012,0.997787,0.002177,0.000012,0.000012
AAGAAGGATCAGTTAG-1,0.013362,0.667874,0.021546,0.296027,0.001192
AAGACATACGTGGTTT-1,0.000016,0.79807,0.059547,0.093695,0.048672
AAGACCAAATAACTCA-1,0.772223,0.010171,0.216519,0.00107,0.000017
AAGACCCAACTGAACA-1,0.065155,0.617782,0.020734,0.182872,0.113456
AAGACTAACCCGTTGT-1,0.000027,0.938114,0.061806,0.000027,0.000027
AAGACTGCAAGCTACT-1,0.000034,0.706061,0.013842,0.280029,0.000034
AAGAGATGAATCGGTA-1,0.024867,0.877706,0.000022,0.09456,0.002844
AAGAGCTCTTTATCGG-1,0.000036,0.874066,0.079438,0.046328,0.000132
AAGAGGATGTACGCGA-1,0.037759,0.684866,0.000032,0.254439,0.022904
AAGAGGCATGGATCGC-1,0.000028,0.658079,0.074117,0.262422,0.005354
AAGAGGCCCTTTGGAA-1,0.000019,0.996338,0.003605,0.000019,0.000019
AAGATGGCACCGGACC-1,0.046275,0.848933,0.095234,0.005536,0.004022
AAGATTGGCGGAACGT-1,0.175259,0.000338,0.346695,0.477652,0.000056
AAGCACCCTGCGTATC-1,0.000017,0.999634,0.000017,0.000316,0.000017
AAGCATACTCTCCTGA-1,0.000017,0.929696,0.014703,0.054288,0.001297
AAGCCACTTGCAGGTA-1,0.063215,0.553531,0.023891,0.007997,0.351366
AAGCCGAAGCGGTTTA-1,0.000024,0.969821,0.018731,0.0114,0.000024
AAGCCGCCGTGAAATC-1,0.050012,0.300093,0.050009,0.549867,0.050018
AAGCCGCTTTACCTTG-1,0.000035,0.40438,0.140822,0.09941,0.355353
AAGCCGGAGAGCAGGA-1,0.006934,0.736964,0.000193,0.152636,0.103274
AAGCGCAGGGCTTTGA-1,0.001225,0.605256,0.032815,0.126813,0.23389
AAGCGGAGTGCGCGCA-1,0.000024,0.672965,0.18298,0.000024,0.144007
AAGCGGCGTCATGGGT-1,0.094402,0.574711,0.099886,0.180868,0.050134
AAGCGTCCCTCATCGA-1,0.000015,0.816189,0.000015,0.179773,0.004007
AAGCTAGATCGAGTAA-1,0.000013,0.804445,0.000766,0.194763,0.000013
AAGCTATGGATTGACC-1,0.999682,0.000177,0.00003,0.00003,0.000082
AAGCTCGTGCCAAGTC-1,0.000034,0.859183,0.013813,0.10149,0.02548
AAGCTCTTTCATGGTG-1,0.021512,0.287176,0.106526,0.480551,0.104236
AAGGAGAACTTATAAG-1,0.248584,0.00035,0.282292,0.375699,0.093076
AAGGAGCGGTTGGTGC-1,0.000065,0.032184,0.000065,0.819183,0.148502
AAGGATCGATCGCTTG-1,0.000022,0.865662,0.013482,0.120812,0.000022
AAGGATGAGGGACCTC-1,0.000057,0.000341,0.328656,0.670889,0.000057
AAGGCAGGCTGTCTCC-1,0.000024,0.71754,0.007513,0.087463,0.187461
AAGGCGCGTAAAGCTT-1,0.009328,0.503565,0.000032,0.420069,0.067006
AAGGCTGTGCTCATCG-1,0.007854,0.782691,0.000039,0.183593,0.025823
AAGGGAACGACTGGCT-1,0.153697,0.182796,0.000025,0.157564,0.505919
AAGGGACAGATTCTGT-1,0.327183,0.199294,0.128111,0.188157,0.157255
AAGGGACTATGCATTC-1,0.087196,0.723033,0.054332,0.040122,0.095317
AAGGGTTAGCCATGCG-1,0.012756,0.649982,0.035051,0.04902,0.253192
AAGGGTTTGATTTCAG-1,0.892834,0.000187,0.001566,0.105381,0.000031
AAGGTATCCTAATATA-1,0.095184,0.540048,0.167633,0.155024,0.042111
AAGGTGATAAACCAGC-1,0.047012,0.486765,0.300108,0.15879,0.007326
AAGTAAGCTTCCAAAC-1,0.276159,0.000493,0.140812,0.413262,0.169274
AAGTAGAAGACCGGGT-1,0.046543,0.355172,0.077623,0.456466,0.064196
AAGTAGTGACGCGAGG-1,0.023159,0.88012,0.000178,0.094631,0.001912
AAGTCAATTGTCGTCA-1,0.02393,0.000412,0.188189,0.581015,0.206453
AAGTCTAGTAGCTGCC-1,0.000029,0.523415,0.115105,0.050459,0.310993
AAGTCTTCTGTGGCCT-1,0.139618,0.29407,0.06644,0.322925,0.176947
AAGTGACGACCGAATT-1,0.033271,0.79236,0.000036,0.089484,0.08485
AAGTGAGTCGGGTTTA-1,0.066809,0.672002,0.024076,0.063073,0.174041
AAGTGCAAAGGTAGAC-1,0.023339,0.886933,0.004986,0.070039,0.014702
AAGTGCCTTGACTGTA-1,0.035132,0.348505,0.064446,0.489967,0.061951
AAGTGCGTTAGAATCT-1,0.130974,0.525298,0.000033,0.279889,0.063806
AAGTGCTTCTCTATTG-1,0.013912,0.705094,0.067571,0.047735,0.165688
AAGTGTTTGGAGACGG-1,0.000038,0.762102,0.074974,0.161841,0.001045
AAGTTCACTCCAAGCT-1,0.013096,0.481601,0.314423,0.075728,0.115152
AAGTTCAGTCTGCGTA-1,0.052025,0.526186,0.130263,0.236452,0.055074
AAGTTCGGCCAACAGG-1,0.059237,0.875475,0.017786,0.039458,0.008044
AAGTTGTGATGTTATA-1,0.000015,0.910558,0.029547,0.059864,0.000015
AAGTTTACTAATGGCA-1,0.004861,0.000356,0.437955,0.556769,0.000059
AAGTTTATGGGCCCAA-1,0.00002,0.794776,0.001775,0.145597,0.057833
AATAACAACGCTCGGC-1,0.036248,0.778298,0.019924,0.163337,0.002193
AATAACACTAGAACAA-1,0.022739,0.690294,0.001168,0.251067,0.034732
AATAACGTCGCGCCCA-1,0.018988,0.774569,0.10611,0.054436,0.045897
AATAAGTCCTCGAGAC-1,0.147001,0.000412,0.385241,0.151003,0.316344
AATAATCTTCGTATCG-1,0.02052,0.921457,0.014074,0.003246,0.040704
AATACAATGTTTCAGG-1,0.000022,0.999809,0.000022,0.000127,0.000022
AATACCGGAGGGCTGT-1,0.211413,0.701345,0.012917,0.051265,0.023061
AATACCTGATGTGAAC-1,0.009418,0.246638,0.068417,0.149348,0.526178
AATAGAACAGAGTGGC-1,0.000012,0.890912,0.001187,0.107878,0.000012
AATAGAATCTGTTTCA-1,0.021566,0.127939,0.401931,0.437867,0.010698
AATAGCTACCGCGTGC-1,0.089092,0.062109,0.394154,0.289914,0.164731
AATAGGCACGACCCTT-1,0.026459,0.759263,0.075051,0.031595,0.107632
AATAGTCCGTCCCGAC-1,0.010025,0.680558,0.026812,0.232921,0.049685
AATAGTCGCGAGTCGG-1,0.015313,0.984199,0.000008,0.000473,0.000008
AATATCAAGGTCGGAT-1,0.00003,0.663037,0.050711,0.286193,0.00003
AATATCCTAGCAAACT-1,0.480761,0.3972,0.055534,0.010535,0.05597
AATATCGAATCAATGC-1,0.000016,0.989187,0.010339,0.000016,0.000441
AATATCGAGGGTTCTC-1,0.093305,0.39592,0.296321,0.178335,0.036119
AATATTGGAGTATTGA-1,0.00002,0.973681,0.00002,0.024998,0.001281
AATCAGACTGCAGGAC-1,0.000029,0.921383,0.024922,0.053636,0.000029
AATCAGGTTTCATTTA-1,0.126984,0.660248,0.012438,0.085635,0.114694
AATCATGTAAAGACTC-1,0.15097,0.0575,0.30779,0.317804,0.165936
AATCCAAGGGCCTGAG-1,0.037728,0.683619,0.023094,0.230655,0.024904
AATCCATGCAAGGGTG-1,0.000044,0.325461,0.050913,0.617723,0.005859
AATCCCGCTCAGAGCC-1,0.010896,0.865758,0.021789,0.002537,0.09902
AATCGAGGTCTCAAGG-1,0.011498,0.123806,0.339864,0.000816,0.524015
AATCGCCTCAGCGCCA-1,0.003321,0.53227,0.084792,0.34918,0.030436
AATCGCGCAGAGGACT-1,0.00003,0.726906,0.021815,0.103462,0.147787
AATCGGGACACTACGA-1,0.000073,0.471446,0.033424,0.339882,0.155174
AATCGGTATAGCCCTC-1,0.000019,0.905551,0.000019,0.074243,0.020169
AATCGTGAGCCGAGCA-1,0.089962,0.000526,0.879899,0.000088,0.029525
AATCTAGGTTTACTTG-1,0.145435,0.621044,0.00003,0.020449,0.213043
AATCTATGCCGGAGCC-1,0.114447,0.000465,0.121781,0.637754,0.125552
AATCTCTACTGTGGTT-1,0.045725,0.842937,0.0014,0.069048,0.04089
AATCTGCGTTGGGACG-1,0.202038,0.000401,0.463931,0.333564,0.000067
AATCTGGCTTTCTAGT-1,0.176401,0.37151,0.010219,0.205843,0.236027
AATCTGGGTAGACCCT-1,0.072356,0.519755,0.246628,0.053951,0.107309
AATGACAGCAATGTCT-1,0.024344,0.846453,0.007011,0.122174,0.000019
AATGACGTAGGATGTC-1,0.000038,0.83337,0.139301,0.027252,0.000038
AATGACTGTCAGCCGG-1,0.002785,0.530771,0.000133,0.46627,0.000041
AATGAGTTCGCATATG-1,0.002409,0.547035,0.053251,0.389977,0.007328
AATGATGATACGCTAT-1,0.212441,0.00054,0.565295,0.221634,0.00009
AATGATGCGACTCCTG-1,0.069797,0.663939,0.058627,0.193262,0.014374
AATGCAACCGGGTACC-1,0.000036,0.774445,0.000036,0.195241,0.030242
AATGCACCAAGCAATG-1,0.087276,0.546595,0.069209,0.287996,0.008925
AATGGTCCACCGTTCA-1,0.051591,0.501703,0.000028,0.251985,0.194693
AATGGTTCTCACAAGC-1,0.017586,0.28558,0.025601,0.588269,0.082964
AATGTATGGCACTGTA-1,0.763811,0.057768,0.113518,0.000038,0.064865
AATGTGCCCGAGGTGT-1,0.041738,0.716458,0.00003,0.192284,0.04949
AATGTGCTAATCTGAG-1,0.044628,0.946377,0.002039,0.005443,0.001513
AATGTTAAGACCCTGA-1,0.037192,0.030515,0.832017,0.007976,0.0923
AATGTTGTCGTGAGAC-1,0.000019,0.949681,0.015427,0.014716,0.020157
AATTAAAGGTCGGCGT-1,0.000045,0.462438,0.02535,0.504849,0.007319
AATTAACGGATTTCCA-1,0.012132,0.78739,0.106588,0.076325,0.017566
AATTACGAGACCCATC-1,0.918801,0.071621,0.00132,0.008231,0.000027
AATTACTCGTACGCTC-1,0.001177,0.306193,0.0696,0.622991,0.000039
AATTAGCGCTGCAGCG-1,0.000029,0.864457,0.007014,0.089736,0.038764
AATTCATAAGGGATCT-1,0.055768,0.0008,0.325447,0.351685,0.266299
AATTCATTGTCATGCA-1,0.784964,0.15207,0.000052,0.000052,0.062862
AATTCCAACTTGGTGA-1,0.018791,0.117436,0.471944,0.387443,0.004386
AATTCCAAGCATGTAC-1,0.000026,0.843746,0.072726,0.061948,0.021554
AATTCGATTCGAGGAT-1,0.001755,0.116063,0.31371,0.300267,0.268206
AATTCTAGAGTTAGGC-1,0.000024,0.823873,0.070686,0.105393,0.000024
AATTGAACGCTCTGGT-1,0.00338,0.233439,0.219386,0.5247,0.019095
AATTGCAGCAATCGAC-1,0.007924,0.143619,0.063387,0.523158,0.261912
AATTGCGTGGATTACA-1,0.63234,0.36756,0.000033,0.000033,0.000033
AATTGTGGTTGCCAAA-1,0.004301,0.559908,0.03161,0.096366,0.307816
AATTTGGGACATAGTA-1,0.086471,0.330248,0.169062,0.112557,0.301662
AATTTGGTTCCAAAGA-1,0.003761,0.395775,0.038451,0.553039,0.008974
ACAAACCATGCGTCCT-1,0.451283,0.525362,0.02274,0.00002,0.000595
ACAAACCGACAAGGCG-1,0.060938,0.230206,0.708604,0.000126,0.000126
ACAAACTCCATCAGAG-1,0.00819,0.945544,0.018795,0.000019,0.027451
ACAAAGAAGGTAGGCC-1,0.33905,0.375532,0.000022,0.024608,0.260788
ACAAAGCATGACCTAG-1,0.099537,0.066303,0.076459,0.183226,0.574475
ACAAATCGCACCGAAT-1,0.008656,0.487818,0.177022,0.265863,0.060641
ACAAATGGTAGTGTTT-1,0.022175,0.146944,0.32121,0.436798,0.072873
ACAACAGCATGAGCTA-1,0.000029,0.902811,0.005386,0.090944,0.00083
ACAACGGTCCCTGCGA-1,0.039063,0.278431,0.020151,0.342186,0.320169
ACAAGCAGTGCCTAGC-1,0.000358,0.755271,0.027793,0.111516,0.105062
ACAAGCTATATGGAAG-1,0.153461,0.627072,0.17755,0.000024,0.041892
ACAAGGAAATCCGCCC-1,0.000017,0.903955,0.07974,0.01627,0.000017
ACAAGGACAAGAGGTT-1,0.000017,0.933845,0.000017,0.066104,0.000017
ACAAGGATGCTTTAGG-1,0.085785,0.363634,0.33625,0.19838,0.015951
ACAAGGGCAGGCTCTG-1,0.000027,0.783577,0.083273,0.133096,0.000027
ACAAGTAATTGTAAGG-1,0.098106,0.797297,0.102295,0.000008,0.002295
ACAATAGTCGTACGTT-1,0.089043,0.269827,0.024524,0.587759,0.028846
ACAATCCATTTAAACC-1,0.017987,0.699215,0.000023,0.177476,0.105298
ACAATCGATCTTTATA-1,0.128807,0.000313,0.56625,0.304579,0.000052
ACAATGAATACGGAGA-1,0.095675,0.599065,0.083345,0.143509,0.078406
ACAATTGTGTCTCTTT-1,0.035463,0.377975,0.37636,0.194374,0.015828
ACAATTTAGGAGGCTC-1,0.000014,0.973071,0.000014,0.02199,0.00491
ACAATTTGAGCAGTGG-1,0.000085,0.027612,0.000085,0.503067,0.469151
ACAATTTGGCCATATT-1,0.038667,0.552273,0.01313,0.222361,0.173569
ACACAAAGACGGGTGG-1,0.001855,0.514191,0.115776,0.285329,0.08285
ACACAAATATTCCTAG-1,0.00002,0.91162,0.067956,0.00002,0.020385
ACACACCAGGACCAGT-1,0.132949,0.12931,0.379815,0.344717,0.013208
ACACACTTTCTACACG-1,0.000046,0.942764,0.01989,0.037254,0.000046
ACACATGATCAAATCT-1,0.243678,0.415789,0.029649,0.17772,0.133164
ACACATTGACGCAACA-1,0.000034,0.219825,0.123549,0.629258,0.027335
ACACATTTCCGTAGAC-1,0.009499,0.586923,0.090856,0.129158,0.183564
ACACCACATAATTAGC-1,0.000022,0.984071,0.006662,0.000022,0.009224
ACACCCAGCATGCAGC-1,0.000066,0.566661,0.000066,0.377237,0.05597
ACACCCGAGAAATCCG-1,0.000026,0.876885,0.014425,0.099651,0.009013
ACACCGAGCGCTCTTT-1,0.000053,0.443679,0.000053,0.195472,0.360744
ACACCGGTCTGACCGC-1,0.693942,0.229852,0.000022,0.009181,0.067003
ACACCTTAAGTAGGGC-1,0.000057,0.676236,0.000057,0.10352,0.22013
ACACCTTACTACTTGC-1,0.000025,0.986273,0.000025,0.001066,0.012611
ACACGAGACTCCTTCT-1,0.000068,0.77485,0.128782,0.077026,0.019273
ACACGGCACTATGCAT-1,0.127757,0.000672,0.012998,0.670263,0.18831
ACACGGGAACTTAGGG-1,0.000032,0.933595,0.06631,0.000032,0.000032
ACACGTAGGCCACAAG-1,0.000023,0.999908,0.000023,0.000023,0.000023
ACACTCCAATGTCACT-1,0.000055,0.299826,0.185605,0.44424,0.070275
ACACTGATCAAGGTGT-1,0.061234,0.64958,0.007726,0.276396,0.005064
ACACTGGGACAGTCGT-1,0.011348,0.429197,0.069351,0.308302,0.181802
ACAGAACTGAGAACAA-1,0.350267,0.507521,0.000026,0.06385,0.078336
ACAGATTAGGTTAGTG-1,0.008783,0.000476,0.296009,0.694652,0.000079
ACAGCATAGAGCCAGT-1,0.000052,0.658892,0.050043,0.286276,0.004738
ACAGCGACATTCTCAT-1,0.036235,0.000542,0.003164,0.320849,0.639211
ACAGCGCACCCGCAGC-1,0.068348,0.000525,0.0585,0.390642,0.481986
ACAGGAGGCGCAGCCG-1,0.074012,0.206498,0.233936,0.451175,0.034378
ACAGGCACGGATCCTT-1,0.022668,0.379382,0.563421,0.000042,0.034488
ACAGGCTTGCCCGACT-1,0.022916,0.47547,0.346921,0.057166,0.097527
ACAGGTGGAGGTGAGG-1,0.000019,0.928205,0.000019,0.055983,0.015775
ACAGGTGTGTTGTTGC-1,0.099769,0.635431,0.093793,0.023891,0.147115
ACAGTAATACAACTTG-1,0.248807,0.70729,0.000026,0.01144,0.032438
ACAGTATACCGTGGGA-1,0.000041,0.648938,0.350938,0.000041,0.000041
ACATAAGTCGTGGTGA-1,0.536911,0.002658,0.013855,0.409958,0.036617
ACATAATAAGGCGGTG-1,0.00006,0.685107,0.00754,0.248774,0.058519
ACATACAATCAAGCGG-1,0.051189,0.132511,0.689195,0.102731,0.024373
ACATCAGCTGGGACGC-1,0.096574,0.843813,0.011435,0.016235,0.031943
ACATCCCGGCCATACG-1,0.008119,0.400961,0.005493,0.468208,0.11722
ACATCCTGGTAACTGT-1,0.053488,0.000393,0.364422,0.466987,0.11471
ACATCGATCGTTTACC-1,0.030516,0.778895,0.007621,0.182934,0.000034
ACATCGCAATATTCGG-1,0.12877,0.20476,0.365753,0.254719,0.045998
ACATCGGTCAGCCGCG-1,0.033468,0.798586,0.000024,0.163209,0.004714
ACATCGTATGCAATGG-1,0.008635,0.447653,0.161352,0.37453,0.00783
ACATCGTTAACCTAGT-1,0.134444,0.00073,0.179536,0.554741,0.130549
ACATCTCAACGCGTAA-1,0.228289,0.103756,0.346536,0.140524,0.180895
ACATGCTTACGGCAGC-1,0.544637,0.06103,0.161319,0.178801,0.054213
ACATGGCGCCAAAGTA-1,0.01045,0.101485,0.118888,0.414834,0.354343
ACATGGCTCAATTTAG-1,0.021804,0.531572,0.00006,0.308519,0.138045
ACATTAGTTTATATCC-1,0.000029,0.750394,0.00042,0.246686,0.00247
ACATTCGCGCGGAATA-1,0.145461,0.83713,0.00661,0.000014,0.010784
ACATTTGAAACCTAAC-1,0.040784,0.011326,0.329381,0.393949,0.22456
ACCAAACACCCAGCGA-1,0.072335,0.000455,0.262459,0.392954,0.271796
ACCAAACTAGAAATCC-1,0.291289,0.00029,0.293074,0.349733,0.065614
ACCAACACCACACACT-1,0.057587,0.000455,0.411291,0.33285,0.197817
ACCAACCGCACTCCAC-1,0.073116,0.222817,0.377661,0.183443,0.142963
ACCAACGCTTATTTAT-1,0.000025,0.867042,0.000025,0.07025,0.062659
ACCAAGAACGCGTGTC-1,0.00003,0.946019,0.006696,0.047225,0.00003
ACCAAGTCATCGGCAG-1,0.060439,0.823313,0.002141,0.047383,0.066724
ACCAATATGCAAGTTA-1,0.000029,0.437232,0.140999,0.421711,0.000029
ACCACAACTCAGAACA-1,0.193695,0.249469,0.38164,0.000092,0.175104
ACCACAAGTTTCTATC-1,0.000071,0.460257,0.022981,0.40291,0.113782
ACCACACGGTTGATGG-1,0.034732,0.574007,0.238109,0.054979,0.098174
ACCACCAATGTAACAA-1,0.000031,0.739448,0.192926,0.034273,0.033322
ACCACCCTCTCTTCTA-1,0.000052,0.587744,0.000994,0.000052,0.411159
ACCACGTGCAGCTATA-1,0.022822,0.745009,0.097662,0.116192,0.018316
ACCACTGTTCAAGAAG-1,0.000037,0.794418,0.05595,0.142698,0.006896
ACCAGACCATAACAAC-1,0.009096,0.990887,0.000006,0.000006,0.000006
ACCAGCCCGGTCTTTG-1,0.108083,0.003299,0.472811,0.047299,0.368507
ACCAGGAGTGTGATCT-1,0.149497,0.000363,0.397592,0.452488,0.000061
ACCAGTGCCCGGTCAA-1,0.072643,0.670493,0.100474,0.125655,0.030736
ACCATATCCGCAATAA-1,0.017066,0.412654,0.04083,0.418941,0.11051
ACCATCCGCCAACTAG-1,0.000009,0.990487,0.000009,0.009486,0.000009
ACCATCGTATATGGTA-1,0.040019,0.691607,0.000049,0.087506,0.180819
ACCATTAAGGGTGTCA-1,0.000033,0.702833,0.000033,0.265464,0.031637
ACCCAACGCCCGTGGC-1,0.13401,0.000618,0.137913,0.598533,0.128925
ACCCACCTACATGCTC-1,0.0359,0.384217,0.00005,0.271778,0.308055
ACCCATCTTGAGGGTA-1,0.000036,0.872467,0.000036,0.119246,0.008215
ACCCATTTGTCCCTCT-1,0.02458,0.122923,0.3837,0.336726,0.132071
ACCCGAGCGAAATTAC-1,0.099253,0.419581,0.000037,0.058615,0.422514
ACCCGATTGGTTCCGA-1,0.058776,0.695699,0.016261,0.073933,0.155332
ACCCGGAAACTCCCAG-1,0.000022,0.953267,0.022725,0.019315,0.004671
ACCCGGAGCACCACAA-1,0.036688,0.62801,0.000024,0.0113,0.323978
ACCCGGATGACGCATC-1,0.038391,0.464678,0.123784,0.30302,0.070127
ACCCGGTTACACTTCC-1,0.000398,0.390855,0.029053,0.568254,0.01144
ACCCGTAGCAGAGAAT-1,0.91774,0.000216,0.000036,0.000036,0.081972
ACCCGTAGTCTAGTTG-1,0.000011,0.894117,0.016232,0.003883,0.085758
ACCCGTGTCATCAGTA-1,0.000036,0.892735,0.000036,0.083152,0.024041
ACCCTATAGGACTGAG-1,0.000026,0.928206,0.000026,0.071715,0.000026
ACCCTATGCCATATCG-1,0.061241,0.754858,0.000032,0.133593,0.050276
ACCCTCCCGTCAGGGC-1,0.042248,0.206195,0.14996,0.134285,0.467312
ACCCTCCCTTGCTATT-1,0.028678,0.000593,0.353251,0.560351,0.057127
ACCCTGGTAACGCCCT-1,0.022944,0.00594,0.235573,0.655855,0.079689
ACCCTTCATCTGCGAA-1,0.000055,0.639334,0.089112,0.271445,0.000055
ACCCTTGCCTGGGTCG-1,0.000023,0.996261,0.000548,0.000023,0.003146
ACCCTTTAGTTCTCCA-1,0.160032,0.029045,0.649867,0.000143,0.160912
ACCGAAAGGGCCCTGC-1,0.000035,0.928118,0.051561,0.020251,0.000035
ACCGAAGAGTCTGGTT-1,0.565631,0.307976,0.008585,0.024514,0.093294
ACCGACACATCTCCCA-1,0.000037,0.334618,0.176111,0.477991,0.011243
ACCGACTGAGTCCCAC-1,0.000042,0.648603,0.096514,0.241265,0.013576
ACCGAGTCTCCTTATT-1,0.007226,0.011992,0.466197,0.092098,0.422488
ACCGATAGGCATAACC-1,0.000011,0.980285,0.011639,0.007083,0.000982
ACCGATATTTAATCAT-1,0.034797,0.514588,0.080905,0.222999,0.146712
ACCGATGGTAGCATCG-1,0.106798,0.115923,0.372791,0.312637,0.091851
ACCGCAATAACTGCCT-1,0.000036,0.864011,0.068274,0.064778,0.002901
ACCGCGGTGGAAGTCG-1,0.000037,0.797578,0.085083,0.07466,0.042641
ACCGCTAGTCATTGGT-1,0.182774,0.529486,0.00633,0.000023,0.281387
ACCGGGCCTTTGTTGA-1,0.183916,0.412656,0.154757,0.091198,0.157473
ACCGGTCAGGTACACC-1,0.546095,0.356615,0.007922,0.089345,0.000022
ACCGTCCACTGGGCCC-1,0.999813,0.000125,0.000021,0.000021,0.000021
ACCGTGACCACGTGGG-1,0.073971,0.894682,0.000161,0.029065,0.002121
ACCGTTCCCGCTCTGA-1,0.139893,0.000496,0.1613,0.459538,0.238774
ACCTAAGTACCTTTCA-1,0.048202,0.594133,0.000032,0.343564,0.014069
ACCTAATCGACTTCCT-1,0.021474,0.60372,0.000029,0.286449,0.088328
ACCTACAGTATGTGGT-1,0.000029,0.687007,0.04204,0.270895,0.000029
ACCTACTATAAATCTA-1,0.031515,0.928035,0.005251,0.030578,0.004621
ACCTCAGCGAGGCGCA-1,0.012355,0.184025,0.246772,0.258371,0.298477
ACCTCCGCCCTCGCTG-1,0.000065,0.619236,0.062359,0.276559,0.041782
ACCTCCGTTATTCACC-1,0.030147,0.380148,0.055932,0.364743,0.16903
ACCTCGAACTTATGCT-1,0.329898,0.650636,0.006097,0.000162,0.013207
ACCTGCGTGTCATGTT-1,0.074329,0.913947,0.000015,0.00858,0.00313
ACCTTTCCTTTAGAAG-1,0.056657,0.507885,0.310199,0.020416,0.104842
ACGAAATGGGCGGCAC-1,0.005212,0.244271,0.091048,0.659446,0.000023
ACGACCCATGAGTTGC-1,0.087287,0.509372,0.125636,0.122385,0.15532
ACGACTCTAGGGCCGA-1,0.057741,0.616864,0.15852,0.110206,0.056669
ACGACTGGTCATACTC-1,0.04765,0.774094,0.105375,0.001638,0.071243
ACGAGAACCCATCACG-1,0.000035,0.96255,0.000035,0.026027,0.011352
ACGAGATATTTGCTTA-1,0.114384,0.000644,0.040324,0.480725,0.363924
ACGAGGATACCACTCT-1,0.175447,0.520352,0.002868,0.135826,0.165507
ACGAGGTTTACAACGT-1,0.187055,0.607927,0.199429,0.003555,0.002034
ACGAGTACGGATGCCC-1,0.1186,0.000626,0.21823,0.56421,0.098334
ACGAGTCGCCGGCGTT-1,0.000028,0.617437,0.030195,0.327982,0.024358
ACGATACATAGAACTA-1,0.075862,0.620729,0.108534,0.151991,0.042884
ACGATACCTATCCTGA-1,0.034489,0.839551,0.000015,0.023884,0.102061
ACGATCATACATAGAG-1,0.0117,0.294571,0.051111,0.622099,0.02052
ACGATCATCTTGTAAA-1,0.406194,0.067273,0.249357,0.220614,0.056561
ACGATGCATATGTTAT-1,0.021694,0.663042,0.000044,0.234412,0.080807
ACGATGGATCCGATGC-1,0.021272,0.01384,0.000115,0.635293,0.329481
ACGCAAACTAATAGAT-1,0.002098,0.826483,0.047818,0.114086,0.009515
ACGCAATCACTACAGC-1,0.016096,0.140171,0.312982,0.365774,0.164976
ACGCATACGTTTACTA-1,0.000044,0.829245,0.103497,0.063559,0.003654
ACGCATTCGTGAGTAC-1,0.014605,0.872371,0.000042,0.112939,0.000042
ACGCCACTCGAAACAG-1,0.003062,0.76254,0.010339,0.048854,0.175206
ACGCCAGATGATTTCT-1,0.000043,0.887587,0.035594,0.076733,0.000043
ACGCCAGTGCGTTTGC-1,0.00003,0.597227,0.00003,0.141536,0.261177
ACGCCCAGCTGTCGAT-1,0.367781,0.000866,0.337324,0.250866,0.043163
ACGCCGCTAGACGACC-1,0.000067,0.883948,0.000067,0.085516,0.030402
ACGCCTGACACGCGCT-1,0.037984,0.372727,0.337237,0.164588,0.087463
ACGCGAAGTCAGACGA-1,0.000022,0.947235,0.050839,0.001882,0.000022
ACGCGCTACACAGGGT-1,0.049426,0.901279,0.000018,0.035261,0.014017
ACGCGGGCCAAGGACA-1,0.000051,0.903457,0.002025,0.067004,0.027463
ACGCGTTTCTTAAGAG-1,0.000013,0.927243,0.012026,0.032082,0.028636
ACGCTACTGAATGGGC-1,0.021057,0.280572,0.390803,0.303014,0.004554
ACGCTAGTGATACACT-1,0.059031,0.600451,0.111122,0.223644,0.005751
ACGCTGTGAGGCGTAG-1,0.091343,0.882497,0.00275,0.002623,0.020787
ACGCTTAGTGTCTCTC-1,0.142273,0.407318,0.407064,0.043216,0.000129
ACGGAACACGAGTGCC-1,0.012832,0.0503,0.012015,0.226587,0.698266
ACGGAATTTAGCAAAT-1,0.002731,0.238561,0.000068,0.408593,0.350048
ACGGACGCAGCGACAA-1,0.759531,0.19659,0.008833,0.000039,0.035007
ACGGACTCTCAAAGCG-1,0.017847,0.555838,0.177448,0.234396,0.014471
ACGGAGCGCAAATTAC-1,0.047928,0.419071,0.532849,0.000076,0.000076
ACGGATGGTGCGGATA-1,0.024869,0.536332,0.12095,0.22675,0.091099
ACGGCACTTGCTTGGG-1,0.000058,0.531122,0.000058,0.435747,0.033016
ACGGCCAACATGGACT-1,0.015913,0.860064,0.029326,0.064337,0.03036
ACGGCGACGATGGGAA-1,0.000021,0.658386,0.112234,0.229338,0.000021
ACGGCGGGTTGCCCTG-1,0.000041,0.697613,0.043919,0.255906,0.00252
ACGGCTGGATGTAGAA-1,0.518652,0.477316,0.000025,0.000025,0.003983
ACGGGAGTGTCGGCCC-1,0.049761,0.522978,0.00376,0.190612,0.232889
ACGGGCGTATGCGACA-1,0.017036,0.591587,0.02148,0.086865,0.283032
ACGGGTCATGTGACTT-1,0.047881,0.108872,0.023936,0.443197,0.376114
ACGGGTTGTGACCTGT-1,0.716566,0.194129,0.0028,0.016667,0.069837
ACGGTACAGTTCAATG-1,0.076087,0.014467,0.581019,0.108546,0.219881
ACGGTCACCGAGAACA-1,0.814681,0.057243,0.116389,0.000028,0.011659
ACGTACAGATTTCTCT-1,0.010112,0.510935,0.044238,0.398915,0.0358
ACGTACTTTGGCACGG-1,0.084907,0.380614,0.044336,0.332396,0.157747
ACGTAGATTGCTGATG-1,0.000039,0.748938,0.002656,0.240636,0.007731
ACGTAGGAGAGTCGCT-1,0.013567,0.716431,0.065294,0.10212,0.102587
ACGTATTACTCCGATC-1,0.000179,0.341327,0.658136,0.000179,0.000179
ACGTCCTAAACGAGAT-1,0.000124,0.408326,0.591303,0.000124,0.000124
ACGTCGGGCAACTCGG-1,0.950406,0.000123,0.041316,0.008135,0.000021
ACGTCTCGTTCCGGGA-1,0.246677,0.215929,0.1026,0.336834,0.09796
ACGTGACAAAGTAAGT-1,0.640571,0.19163,0.007058,0.099823,0.060918
ACGTGCGCCTCGTGCA-1,0.000039,0.913566,0.035483,0.050873,0.000039
ACGTGGTCGAATGTGC-1,0.000831,0.001111,0.997687,0.000185,0.000185
ACGTTAATGTCGAAGA-1,0.008639,0.616148,0.011863,0.339963,0.023387
ACGTTAGATTTGCCCG-1,0.000031,0.856881,0.000031,0.121985,0.021073
ACGTTATTGGTCACTC-1,0.027942,0.8299,0.000033,0.138493,0.003632
ACGTTCACTATGCCGC-1,0.006754,0.896277,0.016293,0.035178,0.045498
ACGTTCCGCGCTCCGT-1,0.000049,0.498811,0.060688,0.285547,0.154905
ACGTTCGCAATCAATT-1,0.001405,0.887439,0.03339,0.051054,0.026712
ACGTTCGTTCAGGAAA-1,0.008711,0.820187,0.000019,0.128659,0.042423
ACGTTCTGTACAAGTC-1,0.031349,0.531443,0.081502,0.28733,0.068376
ACGTTGTCGTTGAAAG-1,0.054699,0.735421,0.025567,0.012313,0.172001
ACGTTTAGTTGTGATC-1,0.000075,0.54534,0.000075,0.432705,0.021804
ACGTTTCGGTGCACTT-1,0.070405,0.431798,0.034008,0.2004,0.263389
ACTAAGGACGCACACC-1,0.000025,0.590641,0.357414,0.000134,0.051786
ACTAATACGTCAGGCG-1,0.033337,0.602997,0.122063,0.191749,0.049854
ACTACAAAGAGAGGTG-1,0.071722,0.8586,0.031199,0.010949,0.02753
ACTACATCCCGACAAG-1,0.443056,0.37795,0.138764,0.000041,0.040188
ACTACCAGCTCTCTGG-1,0.011019,0.286118,0.059817,0.643005,0.00004
ACTACCATCCGAGGGC-1,0.091148,0.534788,0.059243,0.078326,0.236494
ACTACGCGTTAGAATT-1,0.000028,0.841995,0.032304,0.098487,0.027186
ACTAGTTGCGATCGTC-1,0.030981,0.658766,0.033243,0.260337,0.016673
ACTATATGCTGTGTTC-1,0.049576,0.583814,0.17149,0.179134,0.015987
ACTATCCAGGGCATGG-1,0.000022,0.833823,0.016401,0.145502,0.004253
ACTATCGCCGGCTAAA-1,0.000025,0.455748,0.010823,0.475922,0.057482
ACTATCTGCCCGCGTA-1,0.000029,0.39202,0.023634,0.348173,0.236145
ACTATGTCCAGCTGCC-1,0.056266,0.91778,0.006323,0.000013,0.019618
ACTATTCGTCCGTGGT-1,0.000068,0.53075,0.037899,0.343886,0.087398
ACTATTTCCGGGCCCA-1,0.009642,0.945537,0.000022,0.015759,0.02904
ACTCAACGAATGTATT-1,0.000049,0.915787,0.014728,0.067119,0.002318
ACTCAAGTGCAAGGCT-1,0.151145,0.077953,0.451065,0.319766,0.000072
ACTCAATAAAGGCACG-1,0.017366,0.628759,0.000114,0.182074,0.171687
ACTCAGACCTGCTTCT-1,0.000047,0.790174,0.000047,0.19101,0.018723
ACTCATGGCAGCCTTC-1,0.263627,0.70503,0.02743,0.000017,0.003897
ACTCCAATATCATCAT-1,0.112994,0.419356,0.195111,0.245758,0.026781
ACTCCCATTCCTAAAG-1,0.102106,0.63326,0.000034,0.111383,0.153217
ACTCCCGAATTCGTTT-1,0.271129,0.000416,0.317115,0.335047,0.076293
ACTCCCGTAGACTAGG-1,0.050966,0.904292,0.032919,0.000022,0.011801
ACTCCCTAATGCTAAA-1,0.000021,0.954077,0.014206,0.031446,0.000251
ACTCCCTAGAATAGTA-1,0.001243,0.645521,0.027827,0.28918,0.036229
ACTCCGGCCGACCACT-1,0.00438,0.56868,0.418192,0.00046,0.008288
ACTCGATGTATTTCAT-1,0.00003,0.850338,0.00003,0.149572,0.00003
ACTCGCCGTTCGATAA-1,0.002126,0.929654,0.053995,0.014214,0.000011
ACTCGCGATCTGACGC-1,0.000023,0.700099,0.000522,0.098582,0.200775
ACTCGTAACCCGTCCT-1,0.006149,0.993806,0.000015,0.000015,0.000015
ACTCGTCAGTAATCCC-1,0.00003,0.790844,0.028993,0.177655,0.002478
ACTCTAAACCTGGGAT-1,0.047884,0.608992,0.000012,0.240022,0.10309
ACTCTCTGACTTAGGT-1,0.000047,0.702157,0.061651,0.219844,0.016301
ACTCTCTTATACACGA-1,0.284517,0.031264,0.398416,0.145156,0.140647
ACTCTGACCTAATAGA-1,0.114828,0.014839,0.371458,0.224042,0.274834
ACTCTTCAGCTCCCGC-1,0.002149,0.821269,0.016119,0.124953,0.03551
ACTCTTGTATAGTAAC-1,0.000032,0.840462,0.008563,0.150912,0.000032
ACTGAAACGCCGTTAG-1,0.035898,0.541916,0.135632,0.262007,0.024547
ACTGAATGGCGAAAGT-1,0.008071,0.44784,0.133003,0.298932,0.112155
ACTGATTTAGTGATTC-1,0.307897,0.146692,0.28646,0.000337,0.258614
ACTGCCCGCCATTCTC-1,0.127532,0.430417,0.316401,0.00003,0.125621
ACTGCCGTCGTAACTC-1,0.000055,0.925729,0.000055,0.069554,0.004607
ACTGCGGACACACCGT-1,0.011556,0.382417,0.054072,0.083544,0.468412
ACTGCTCGGAAGGATG-1,0.741621,0.045848,0.000026,0.053586,0.158919
ACTGGCGAACCTGCGT-1,0.010879,0.062931,0.371103,0.13489,0.420198
ACTGGGATGCCAGTGC-1,0.000022,0.498418,0.000022,0.130331,0.371208
ACTGTACGATACACAT-1,0.027054,0.171992,0.596653,0.20424,0.000061
ACTGTAGCACTTTGGA-1,0.05522,0.632065,0.000056,0.220282,0.092377
ACTGTATACGCGAGCA-1,0.000043,0.544068,0.08561,0.347312,0.022968
ACTGTCCAGGATTATA-1,0.000077,0.175732,0.210648,0.613466,0.000077
ACTGTCTTCTTTAGAA-1,0.000043,0.922249,0.000043,0.064691,0.012975
ACTGTGCTAGTAGATC-1,0.091532,0.247883,0.000059,0.562371,0.098155
ACTGTTTAGTGTAGGC-1,0.152313,0.000682,0.372467,0.362261,0.112277
ACTTACCGGGCGCGCA-1,0.061276,0.561033,0.101719,0.271236,0.004737
ACTTACGCATCCACGC-1,0.000062,0.346004,0.2289,0.413866,0.011167
ACTTAGTACGACAAGA-1,0.001918,0.638967,0.061167,0.25972,0.038227
ACTTATACTTACCCGG-1,0.057899,0.000533,0.501077,0.37425,0.06624
ACTTATCTGATCTATA-1,0.566299,0.000666,0.092622,0.244005,0.096408
ACTTATTAGGATCGGT-1,0.000064,0.547,0.000064,0.393818,0.059054
ACTTATTTATGTGCCA-1,0.140163,0.000408,0.527486,0.331875,0.000068
ACTTCAGGCTGATCCC-1,0.012457,0.307628,0.170568,0.509282,0.000064
ACTTCCAGTGGAAGCT-1,0.660298,0.275833,0.06383,0.00002,0.00002
ACTTCCATGCGGGACA-1,0.060141,0.455796,0.19277,0.074031,0.217262
ACTTCGCCATACGCAC-1,0.000049,0.741112,0.019156,0.207095,0.032587
ACTTCGCTAGCGAGTG-1,0.000487,0.486394,0.002505,0.243429,0.267186
ACTTGACTCCCTCTTT-1,0.010025,0.887469,0.036219,0.066241,0.000046
ACTTGCCATATTGTAC-1,0.134082,0.000633,0.321857,0.483032,0.060396
ACTTGCTCTATCTACC-1,0.781664,0.000204,0.218064,0.000034,0.000034
ACTTGGGACCCGGTGG-1,0.036985,0.208699,0.000062,0.637862,0.116392
ACTTGGGCTTTCGCCA-1,0.01503,0.630999,0.181446,0.027351,0.145174
ACTTGTAGTCCCTTCA-1,0.003385,0.845867,0.000023,0.085759,0.064967
ACTTGTGGATGGAACG-1,0.000045,0.698958,0.018396,0.259615,0.022986
ACTTGTTACCGGATCA-1,0.00001,0.97625,0.001151,0.00904,0.01355
ACTTTACCCTCATGAA-1,0.017883,0.208382,0.416281,0.282414,0.075041
ACTTTATACACCACTT-1,0.77249,0.137963,0.039411,0.049548,0.000588
ACTTTCCTATAGCTTC-1,0.012256,0.739485,0.000059,0.23914,0.009059
ACTTTGACTGCATCCT-1,0.171808,0.473788,0.010032,0.211635,0.132737
ACTTTGGTCGTGCTCC-1,0.671762,0.279112,0.000048,0.044114,0.004965
ACTTTGTCGACGCACT-1,0.037524,0.241499,0.265949,0.317906,0.137122
AGAAATTATGACTCGC-1,0.004871,0.422821,0.162061,0.138404,0.271843
AGAACACGGCGATGGT-1,0.67841,0.098179,0.221821,0.001563,0.000028
AGAACCCAGCGTGACA-1,0.04849,0.447168,0.05418,0.175883,0.27428
AGAACCCTCAATTGGG-1,0.663189,0.2974,0.000037,0.00608,0.033294
AGAACGTGGTACATTC-1,0.000031,0.955385,0.003312,0.041241,0.000031
AGAACTGTACTTTGTA-1,0.051289,0.007002,0.66047,0.138312,0.142926
AGAAGAGCGCCGTTCC-1,0.000316,0.001893,0.126822,0.799356,0.071613
AGAAGGTACACTTCAC-1,0.118397,0.517449,0.046147,0.085918,0.232088
AGAAGGTTGCCGAATT-1,0.025828,0.706489,0.075339,0.165336,0.027009
AGAAGGTTGTAGGTCG-1,0.042394,0.003177,0.250926,0.603574,0.099929
AGAAGTGATTCGTGAT-1,0.108473,0.565183,0.000053,0.147146,0.179145
AGAATAAATCTTCAGG-1,0.010018,0.967265,0.021232,0.000014,0.001471
AGAATACAGGCTATCC-1,0.24485,0.331606,0.135757,0.09283,0.194957
AGAATGCGGGTTCGGA-1,0.060852,0.639227,0.125743,0.098116,0.076062
AGAATTATGGATTCGA-1,0.00011,0.388675,0.610994,0.00011,0.00011
AGAATTGTTTGACATA-1,0.043794,0.514972,0.000043,0.361187,0.080003
AGACAGCTCAGAATCC-1,0.120853,0.304115,0.285766,0.112403,0.176864
AGACAGGCATCTCAGC-1,0.000032,0.962607,0.012007,0.000013,0.025341
AGACATAGATCCTTCC-1,0.000055,0.763248,0.065463,0.165198,0.006036
AGACCAAACCACACCT-1,0.318746,0.570084,0.003004,0.000201,0.107965
AGACCATGGGATACAA-1,0.063763,0.550881,0.055885,0.142887,0.186584
AGACCCACCGCTGATC-1,0.000048,0.679687,0.000048,0.209632,0.110585
AGACCCGCCCTCCTCG-1,0.000052,0.68451,0.019339,0.24259,0.053509
AGACCGCTCCGCGGTT-1,0.000044,0.609174,0.045629,0.256088,0.089065
AGACCGGGAAACCCTG-1,0.000007,0.938094,0.036205,0.025688,0.000007
AGACGAAGTGCCGGTC-1,0.085653,0.2435,0.34388,0.211931,0.115036
AGACGACGATGCCGCT-1,0.015691,0.904859,0.004796,0.069508,0.005145
AGACGCCCACTTCGCC-1,0.007074,0.616314,0.000031,0.000795,0.375785
AGACGGGATTGGTATA-1,0.104628,0.50023,0.348511,0.035337,0.011294
AGACGGGCCGATTTAA-1,0.070381,0.613517,0.108076,0.20129,0.006736
AGACTAGCCTTCCAGA-1,0.181892,0.169167,0.062427,0.432495,0.154019
AGACTGTTACCGGGTC-1,0.000016,0.917353,0.057301,0.00568,0.019649
AGAGAAACACCAGAAA-1,0.136354,0.28221,0.010487,0.229243,0.341706
AGAGAACCGTCTAGGA-1,0.049173,0.000387,0.364017,0.586358,0.000065
AGAGAAGGAGTACAAT-1,0.059959,0.48851,0.112708,0.325857,0.012966
AGAGATCTCTAAAGCG-1,0.061068,0.753642,0.000067,0.176762,0.008461
AGAGCAGTTATGAGAC-1,0.042357,0.843793,0.015395,0.063907,0.034547
AGAGCCGCCGAGATTT-1,0.015785,0.948393,0.007137,0.003185,0.0255
