Barcode,Topic 1to10,Topic 11,Topic 12
AAACAACGAATAGTTC-1,0.985935,0.00002,0.014045
AAACAAGTATCTCCCA-1,0.920522,0.0047,0.074778
AAACAATCTACTAGCA-1,0.921462,0.000015,0.078523
AAACACCAATAACTGC-1,0.885895,0.041053,0.073052
AAACAGAGCGACTCCT-1,0.999964,0.000018,0.000018
AAACAGCTTTCAGAAG-1,0.99557,0.00143,0.003
AAACAGGGTCTATATT-1,0.941163,0.041941,0.016896
AAACAGTGTTCCTGGG-1,0.087446,0.572615,0.339939
AAACATGGTGAGAGGA-1,0.871329,0.049049,0.079623
AAACATTTCCCGGATT-1,0.655842,0.165032,0.179126
AAACCACTACACAGAT-1,0.99997,0.000015,0.000015
AAACCCGAACGAAATC-1,0.944117,0.050913,0.00497
AAACCGGAAATGTTAA-1,0.951134,0.003645,0.045221
AAACCGGGTAGGTACC-1,0.938085,0.057649,0.004266
AAACCGTTCGTCCAGG-1,0.86655,0.016008,0.117441
AAACCTAAGCAGCCGG-1,0.289116,0.431769,0.279115
AAACCTCATGAAGTTG-1,0.989966,0.000025,0.01001
AAACGAAGAACATACC-1,0.999931,0.000034,0.000034
AAACGAAGATGGAGTA-1,0.886315,0.088583,0.025102
AAACGACAGTCTTGCC-1,0.999964,0.000018,0.000018
AAACGAGACGGTTGAT-1,0.999948,0.000026,0.000026
AAACGCCCGAGATCGG-1,0.966979,0.000028,0.032992
AAACGCTGGGCACGAC-1,0.500322,0.175935,0.323743
AAACGGGCGTACGGGT-1,0.303203,0.0469,0.649897
AAACGGGTTGGTATCC-1,0.99488,0.000046,0.005074
AAACGGTTGCGAACTG-1,0.215734,0.036966,0.747301
AAACGTGTTCGCCCTA-1,0.999915,0.000042,0.000042
AAACTAACGTGGCGAC-1,0.997418,0.002552,0.000031
AAACTCGGTTCGCAAT-1,0.185316,0.23469,0.579994
AAACTCGTGATATAAG-1,0.990341,0.009625,0.000034
AAACTGCTGGCTCCAA-1,0.873857,0.000013,0.126129
AAACTTAATTGCACGC-1,0.858638,0.045631,0.09573
AAACTTGCAAACGTAT-1,0.761146,0.238841,0.000013
AAAGAATGACCTTAGA-1,0.706916,0.003863,0.289221
AAAGAATGTGGACTAA-1,0.103456,0.53977,0.356774
AAAGACATGAAGTTTA-1,0.999915,0.000043,0.000043
AAAGACCCAAGTCGCG-1,0.994352,0.000035,0.005613
AAAGACTGGGCGCTTT-1,0.891277,0.108683,0.00004
AAAGCTTGCCTACATA-1,0.999954,0.000023,0.000023
AAAGGCCCTATAATAC-1,0.195428,0.667411,0.137161
AAAGGCTACGGACCAT-1,0.63123,0.134464,0.234306
AAAGGCTCTCGCGCCG-1,0.954341,0.000477,0.045182
AAAGGGATGTAGCAAG-1,0.811636,0.18826,0.000104
AAAGGGCAGCTTGAAT-1,0.839641,0.160333,0.000026
AAAGGTAAGCTGTACC-1,0.999945,0.000027,0.000027
AAAGGTCAACGACATG-1,0.999965,0.000018,0.000018
AAAGTAGCATTGCTCA-1,0.82717,0.170643,0.002187
AAAGTCACTGATGTAA-1,0.999938,0.000031,0.000031
AAAGTCGACCCTCAGT-1,0.968247,0.031735,0.000018
AAAGTGCCATCAATTA-1,0.517577,0.259911,0.222512
AAAGTGTGATTTATCT-1,0.969603,0.022714,0.007683
AAAGTTGACTCCCGTA-1,0.899068,0.000026,0.100906
AAATAACCATACGGGA-1,0.999924,0.000038,0.000038
AAATAAGGTAGTGCCC-1,0.999953,0.000023,0.000023
AAATACCTATAAGCAT-1,0.950547,0.035238,0.014214
AAATAGCTTAGACTTT-1,0.991571,0.000016,0.008413
AAATAGGGTGCTATTG-1,0.988032,0.001342,0.010626
AAATCACTCCTAAACG-1,0.999346,0.000642,0.000013
AAATCCGATACACGCC-1,0.933372,0.014787,0.051841
AAATCGCGGAAGGAGT-1,0.953204,0.003626,0.043171
AAATCGTGTACCACAA-1,0.975145,0.012758,0.012098
AAATCTAGCCCTGCTA-1,0.735635,0.242072,0.022293
AAATCTGCCCGCGTCC-1,0.086306,0.000027,0.913667
AAATGACTGATCAAAC-1,0.402078,0.000017,0.597906
AAATGATTCGATCAGC-1,0.781623,0.218186,0.000191
AAATGCTCGTTACGTT-1,0.990671,0.009276,0.000054
AAATGGCATGTCTTGT-1,0.930146,0.06982,0.000034
AAATGGCCCGTGCCCT-1,0.968094,0.005571,0.026335
AAATGGTCAATGTGCC-1,0.994003,0.005969,0.000027
AAATGTATCTTATCCC-1,0.948785,0.051204,0.000011
AAATGTGGGTGCTCCT-1,0.99996,0.00002,0.00002
AAATTAACGGGTAGCT-1,0.994541,0.005434,0.000024
AAATTAATAAGCGCGA-1,0.711472,0.282767,0.005761
AAATTACACGACTCTG-1,0.999963,0.000019,0.000019
AAATTACCTATCGATG-1,0.999973,0.000013,0.000013
AAATTCCAGGTCCAAA-1,0.999972,0.000014,0.000014
AAATTGATAGTCCTTT-1,0.89907,0.012457,0.088473
AAATTGCGGCGGTTCT-1,0.999948,0.000026,0.000026
AAATTGGTGAGAAGCA-1,0.685585,0.314339,0.000076
AAATTTACCGAAATCC-1,0.999949,0.000026,0.000026
AAATTTGCGGGTGTGG-1,0.85284,0.002365,0.144795
AACAACTGGTAGTTGC-1,0.976476,0.000095,0.023429
AACAATACATTGTCGA-1,0.999991,0.000004,0.000004
AACAATTACTCTACGC-1,0.92148,0.022061,0.056459
AACACACGCTCGCCGC-1,0.946106,0.039811,0.014084
AACACGACTGTACTGA-1,0.99989,0.000055,0.000055
AACACGAGACGCGGCC-1,0.936572,0.063414,0.000014
AACACGCGGCCGCGAA-1,0.966823,0.000043,0.033134
AACAGCTGTGTGGCAA-1,0.979737,0.001222,0.019041
AACAGGAAATCGAATA-1,0.999953,0.000024,0.000024
AACAGGATGGGCCGCG-1,0.864898,0.135039,0.000063
AACAGGTAGTATGGAT-1,0.256203,0.743777,0.00002
AACATAGCGTGTATCG-1,0.104781,0.069417,0.825802
AACATATCAACTGGTG-1,0.999948,0.000026,0.000026
AACATCGATACGTCTA-1,0.816711,0.18318,0.000108
AACATTGAAGTTGATC-1,0.345494,0.190831,0.463675
AACATTGGTCAGCCGT-1,0.910785,0.000081,0.089134
AACATTGTGACTCGAG-1,0.595566,0.24651,0.157924
AACCAAGACTTCTCTG-1,0.87039,0.049054,0.080556
AACCAGTATCACTCTT-1,0.932291,0.067641,0.000068
AACCATAGGGTTGAAC-1,0.6859,0.148391,0.165709
AACCATGGGATCGCTA-1,0.973266,0.026694,0.00004
AACCCAGAGACGGAGA-1,0.99991,0.000045,0.000045
AACCCATCCCATGATC-1,0.976931,0.002733,0.020336
AACCCGACAACCCGTG-1,0.188282,0.017482,0.794235
AACCCGAGCAGAATCG-1,0.908974,0.006332,0.084694
AACCCGATAGGGCTTC-1,0.954796,0.045184,0.000019
AACCCGCTGTATTCCA-1,0.00034,0.239762,0.759898
AACCCTACTGTCAATA-1,0.98022,0.000023,0.019757
AACCCTGGTGGAACCA-1,0.999648,0.000318,0.000034
AACCGAGCTTGGTCAT-1,0.726322,0.273554,0.000124
AACCGCTAAGGGATGC-1,0.97407,0.000039,0.025891
AACCGTTGTGTTTGCT-1,0.999879,0.00006,0.00006
AACCTAAAGCCGTCCG-1,0.986124,0.013848,0.000028
AACCTCGCTTTAGCCC-1,0.692667,0.125127,0.182206
AACCTGTCACGGAATT-1,0.831429,0.056065,0.112506
AACCTTTAAATACGGT-1,0.833714,0.004262,0.162024
AACCTTTACGACGTCT-1,0.978831,0.02114,0.000029
AACGAAAGTCGTCCCA-1,0.940608,0.020941,0.038451
AACGACCTCCTAGCCG-1,0.379986,0.057708,0.562306
AACGATAATGCCGTAG-1,0.963869,0.024725,0.011406
AACGATAGAAGGGCCG-1,0.999893,0.000053,0.000053
AACGATATGTCAACTG-1,0.674777,0.325132,0.000091
AACGCATGATCTGGGT-1,0.908339,0.091495,0.000166
AACGCGAACGGCAACA-1,0.974355,0.000028,0.025617
AACGCGACCTTGGGCG-1,0.385563,0.033979,0.580459
AACGCGGTCTCCAGCC-1,0.810213,0.141364,0.048423
AACGCTGTTGCTGAAA-1,0.941591,0.053273,0.005136
AACGGACGTACGTATA-1,0.992175,0.001963,0.005862
AACGGCCATCTCCGGT-1,0.999988,0.000006,0.000006
AACGTACTGTGGGTAC-1,0.923507,0.004892,0.0716
AACGTAGTCTACCCAT-1,0.999956,0.000022,0.000022
AACGTCAGACTAGTGG-1,0.782304,0.217621,0.000075
AACGTCATCCGGCTTG-1,0.000303,0.00003,0.999667
AACGTCGCTGCACTTC-1,0.06163,0.069863,0.868507
AACGTGATGAAGGACA-1,0.999931,0.000035,0.000035
AACGTGCGAAAGTCTC-1,0.98914,0.000025,0.010835
AACGTTATCAGCACCT-1,0.932341,0.067628,0.000031
AACGTTCTACCATTGT-1,0.230937,0.008171,0.760893
AACTACCCGTTTGTCA-1,0.925776,0.005638,0.068586
AACTAGCGTATCGCAC-1,0.999971,0.000015,0.000015
AACTAGGCTTGGGTGT-1,0.975734,0.000011,0.024255
AACTCAAGTTAATTGC-1,0.969779,0.02416,0.006061
AACTCCAGAGCGTGTT-1,0.725438,0.042417,0.232144
AACTCCTAATCCCATG-1,0.915045,0.084902,0.000053
AACTCGATAAACACGT-1,0.9946,0.000016,0.005384
AACTCGATGGCGCAGT-1,0.978411,0.000056,0.021533
AACTCTCAATAGAGCG-1,0.999958,0.000021,0.000021
AACTCTCAGTGTGCTC-1,0.816763,0.03361,0.149627
AACTGAGGTCAGCGTC-1,0.999965,0.000018,0.000018
AACTGAGTTATACTGA-1,0.964723,0.035268,0.00001
AACTGATATTAGGCCT-1,0.959356,0.040597,0.000047
AACTGGGTCCCGACGT-1,0.952089,0.047851,0.000059
AACTGGGTTCGAGCCG-1,0.985733,0.014215,0.000052
AACTGGTGTGGGCCTT-1,0.999941,0.000029,0.000029
AACTTCTGCGTCTATC-1,0.904602,0.095338,0.00006
AACTTGCCCGTATGCA-1,0.716001,0.283905,0.000094
AACTTGCGTTCTCGCG-1,0.999907,0.000046,0.000046
AACTTTACGGGAGCTT-1,0.53675,0.463172,0.000078
AACTTTAGCTGCTGAG-1,0.999921,0.00004,0.00004
AACTTTCTCGATCATG-1,0.805245,0.194689,0.000066
AAGAAAGTTTGATGGG-1,0.057333,0.302319,0.640348
AAGAAATCACCAGATT-1,0.945104,0.054856,0.000041
AAGAAGGATCAGTTAG-1,0.974845,0.025096,0.000059
AAGACATACGTGGTTT-1,0.561071,0.139955,0.298975
AAGACCAAATAACTCA-1,0.987116,0.002815,0.010069
AAGACCCAACTGAACA-1,0.766488,0.228073,0.005439
AAGACTAACCCGTTGT-1,0.999927,0.000037,0.000037
AAGACTCACGCCCACT-1,0.999973,0.000013,0.000013
AAGACTGCAAGCTACT-1,0.999896,0.000052,0.000052
AAGAGATGAATCGGTA-1,0.621015,0.378913,0.000072
AAGAGCTCTTTATCGG-1,0.996661,0.000024,0.003316
AAGAGGATGTACGCGA-1,0.999979,0.000011,0.000011
AAGAGGCATGGATCGC-1,0.986489,0.000027,0.013484
AAGAGGCCCTTTGGAA-1,0.873517,0.049593,0.07689
AAGATGGCACCGGACC-1,0.719999,0.255114,0.024888
AAGATTGGCGGAACGT-1,0.967458,0.032497,0.000045
AAGCACCCTGCGTATC-1,0.688461,0.264939,0.0466
AAGCATACTCTCCTGA-1,0.867314,0.030399,0.102287
AAGCCACTTGCAGGTA-1,0.000268,0.000027,0.999705
AAGCCGAAGCGGTTTA-1,0.999982,0.000009,0.000009
AAGCCGCCGTGAAATC-1,0.453268,0.042424,0.504309
AAGCCGCTTTACCTTG-1,0.832417,0.167474,0.00011
AAGCCGGAGAGCAGGA-1,0.899273,0.028566,0.072161
AAGCGCAGGGCTTTGA-1,0.39628,0.01433,0.589391
AAGCGGAGTGCGCGCA-1,0.915596,0.084371,0.000033
AAGCGGCGTCATGGGT-1,0.965669,0.03431,0.000021
AAGCGTCCCTCATCGA-1,0.989239,0.000005,0.010756
AAGCTAGATCGAGTAA-1,0.958209,0.000017,0.041774
AAGCTATGGATTGACC-1,0.000603,0.00006,0.999337
AAGCTCGTGCCAAGTC-1,0.999929,0.000036,0.000036
AAGCTCTTTCATGGTG-1,0.946453,0.016955,0.036592
AAGGAGAACTTATAAG-1,0.989871,0.000032,0.010097
AAGGAGCGGTTGGTGC-1,0.799939,0.193978,0.006083
AAGGATCGATCGCTTG-1,0.989216,0.000018,0.010766
AAGGATGAGGGACCTC-1,0.999929,0.000035,0.000035
AAGGCAGGCTGTCTCC-1,0.971824,0.019852,0.008324
AAGGCGCGTAAAGCTT-1,0.913025,0.079451,0.007524
AAGGCTGTGCTCATCG-1,0.732611,0.267297,0.000093
AAGGGAACGACTGGCT-1,0.59868,0.029143,0.372176
AAGGGACAGATTCTGT-1,0.990543,0.009441,0.000017
AAGGGACTATGCATTC-1,0.834573,0.163733,0.001695
AAGGGTTAGCCATGCG-1,0.115504,0.033737,0.850759
AAGGGTTTGATTTCAG-1,0.86354,0.043079,0.093381
AAGGTATCCTAATATA-1,0.999783,0.000109,0.000109
AAGGTGATAAACCAGC-1,0.943176,0.003029,0.053795
AAGTAAGCTTCCAAAC-1,0.978321,0.002725,0.018954
AAGTAGAAGACCGGGT-1,0.917095,0.082867,0.000038
AAGTAGTGACGCGAGG-1,0.971002,0.028979,0.000019
AAGTCAATTGTCGTCA-1,0.910642,0.040613,0.048744
AAGTCTAGTAGCTGCC-1,0.713912,0.28603,0.000058
AAGTCTTCTGTGGCCT-1,0.871218,0.12876,0.000023
AAGTGACGACCGAATT-1,0.942347,0.057624,0.000029
AAGTGAGTCGGGTTTA-1,0.881393,0.034745,0.083862
AAGTGCAAAGGTAGAC-1,0.710709,0.28925,0.000041
AAGTGCCTTGACTGTA-1,0.792226,0.001733,0.206041
AAGTGCGTTAGAATCT-1,0.414812,0.585179,0.000009
AAGTGCTTCTCTATTG-1,0.188125,0.038505,0.77337
AAGTGTTTGGAGACGG-1,0.953574,0.000029,0.046397
AAGTTCACTCCAAGCT-1,0.957975,0.038425,0.0036
AAGTTCAGTCTGCGTA-1,0.33831,0.661568,0.000122
AAGTTCGGCCAACAGG-1,0.969437,0.030552,0.000011
AAGTTGTGATGTTATA-1,0.365712,0.065362,0.568926
AAGTTTACTAATGGCA-1,0.999914,0.000043,0.000043
AAGTTTATGGGCCCAA-1,0.15773,0.091539,0.750731
AATAACAACGCTCGGC-1,0.869668,0.13032,0.000012
AATAACACTAGAACAA-1,0.917944,0.045989,0.036066
AATAACGTCGCGCCCA-1,0.354918,0.138821,0.506262
AATAAGTCCTCGAGAC-1,0.988905,0.011051,0.000043
AATAATCTTCGTATCG-1,0.99998,0.00001,0.00001
AATACAATGTTTCAGG-1,0.989996,0.00998,0.000023
AATACCGGAGGGCTGT-1,0.406585,0.124581,0.468834
AATACCTGATGTGAAC-1,0.382502,0.039204,0.578294
AATAGAACAGAGTGGC-1,0.96872,0.008517,0.022763
AATAGAATCTGTTTCA-1,0.963376,0.006296,0.030327
AATAGCAAGCCTCCTG-1,0.999915,0.000043,0.000043
AATAGCTACCGCGTGC-1,0.921038,0.078744,0.000218
AATAGGCACGACCCTT-1,0.000357,0.154455,0.845188
AATAGTCCGTCCCGAC-1,0.683731,0.290367,0.025901
AATAGTCGCGAGTCGG-1,0.962702,0.037281,0.000017
AATATCAAGGTCGGAT-1,0.979094,0.000056,0.02085
AATATCCTAGCAAACT-1,0.977439,0.013214,0.009348
AATATCGAATCAATGC-1,0.974134,0.019888,0.005977
AATATCGAGGGTTCTC-1,0.999893,0.000053,0.000053
AATATTGGAGTATTGA-1,0.997336,0.000021,0.002643
AATCAGACTGCAGGAC-1,0.822145,0.139817,0.038038
AATCAGGTTTCATTTA-1,0.116394,0.000993,0.882614
AATCATGTAAAGACTC-1,0.911046,0.002622,0.086333
AATCCAAGGGCCTGAG-1,0.909587,0.090375,0.000038
AATCCATGCAAGGGTG-1,0.94255,0.033238,0.024212
AATCCCGCTCAGAGCC-1,0.000389,0.000039,0.999572
AATCGAGGTCTCAAGG-1,0.000398,0.113215,0.886387
AATCGCCTCAGCGCCA-1,0.960478,0.000031,0.039492
AATCGCGCAGAGGACT-1,0.999985,0.000007,0.000007
AATCGGGACACTACGA-1,0.956002,0.043974,0.000023
AATCGGTATAGCCCTC-1,0.162561,0.01255,0.824889
AATCGTGAGCCGAGCA-1,0.209115,0.455825,0.33506
AATCTAGGTTTACTTG-1,0.999979,0.000011,0.000011
AATCTATGCCGGAGCC-1,0.962797,0.037175,0.000028
AATCTCTACTGTGGTT-1,0.985277,0.014711,0.000012
AATCTGCGTTGGGACG-1,0.999892,0.000054,0.000054
AATCTGGCTTTCTAGT-1,0.976115,0.000156,0.023729
AATCTGGGTAGACCCT-1,0.979027,0.020949,0.000024
AATGACAGCAATGTCT-1,0.987045,0.002161,0.010793
AATGACGTAGGATGTC-1,0.993754,0.006062,0.000184
AATGACTGTCAGCCGG-1,0.667459,0.332487,0.000055
AATGAGTTCGCATATG-1,0.999926,0.000037,0.000037
AATGATGATACGCTAT-1,0.684121,0.234696,0.081184
AATGATGCGACTCCTG-1,0.974365,0.025596,0.000039
AATGCAACCGGGTACC-1,0.772963,0.200069,0.026968
AATGCACCAAGCAATG-1,0.584332,0.415575,0.000092
AATGGCCGCCAATGCG-1,0.983571,0.016409,0.000021
AATGGTCCACCGTTCA-1,0.735349,0.264552,0.000099
AATGGTTCTCACAAGC-1,0.999956,0.000022,0.000022
AATGTATGGCACTGTA-1,0.65589,0.258145,0.085964
AATGTGCCCGAGGTGT-1,0.94066,0.040329,0.01901
AATGTGCTAATCTGAG-1,0.4907,0.217872,0.291427
AATGTTAAGACCCTGA-1,0.000203,0.00002,0.999777
AATGTTGTCGTGAGAC-1,0.999988,0.000006,0.000006
AATTAAAGGTCGGCGT-1,0.980979,0.000034,0.018986
AATTAACGGATTTCCA-1,0.838715,0.005418,0.155867
AATTACGAGACCCATC-1,0.935851,0.038205,0.025944
AATTACTCGTACGCTC-1,0.661291,0.338661,0.000047
AATTAGCGCTGCAGCG-1,0.936455,0.000021,0.063524
AATTATACCCAGCAAG-1,0.000238,0.000097,0.999665
AATTCATAAGGGATCT-1,0.893462,0.106417,0.000122
AATTCATTGTCATGCA-1,0.766982,0.090123,0.142895
AATTCCAACTTGGTGA-1,0.948004,0.045423,0.006573
AATTCCAAGCATGTAC-1,0.175705,0.02315,0.801145
AATTCGATTCGAGGAT-1,0.900859,0.09154,0.007601
AATTCTAGAGTTAGGC-1,0.99987,0.000016,0.000115
AATTGAACGCTCTGGT-1,0.999973,0.000013,0.000013
AATTGCAGCAATCGAC-1,0.240265,0.004949,0.754786
AATTGCGTGGATTACA-1,0.585675,0.193984,0.220342
AATTGTGGTTGCCAAA-1,0.457445,0.15437,0.388185
AATTTGGGACATAGTA-1,0.999918,0.000041,0.000041
AATTTGGTTCCAAAGA-1,0.99991,0.000045,0.000045
ACAAACCATGCGTCCT-1,0.863594,0.093869,0.042538
ACAAACCGACAAGGCG-1,0.999945,0.000027,0.000027
ACAAACTCCATCAGAG-1,0.05029,0.021259,0.928451
ACAAAGAAGGTAGGCC-1,0.999985,0.000008,0.000008
ACAAAGCATGACCTAG-1,0.876214,0.041205,0.082582
ACAAATCGCACCGAAT-1,0.9261,0.000022,0.073878
ACAAATGGTAGTGTTT-1,0.979296,0.020689,0.000014
ACAAATTCAGATCTGA-1,0.999926,0.000037,0.000037
ACAACAGCATGAGCTA-1,0.9649,0.035079,0.000022
ACAACGGTCCCTGCGA-1,0.966315,0.033656,0.000029
ACAAGCAGTGCCTAGC-1,0.729784,0.270108,0.000108
ACAAGCTATATGGAAG-1,0.91799,0.08199,0.00002
ACAAGGAAATCCGCCC-1,0.983728,0.006165,0.010107
ACAAGGACAAGAGGTT-1,0.723921,0.27599,0.000089
ACAAGGATGCTTTAGG-1,0.735961,0.154368,0.109671
ACAAGGCCTACCAGCC-1,0.951922,0.048056,0.000023
ACAAGGGCAGGCTCTG-1,0.96944,0.000005,0.030555
ACAAGTAATTGTAAGG-1,0.000188,0.081362,0.91845
ACAATAGTCGTACGTT-1,0.939707,0.060283,0.00001
ACAATCCATTTAAACC-1,0.979636,0.020351,0.000013
ACAATCGATCTTTATA-1,0.999971,0.000014,0.000014
ACAATGAATACGGAGA-1,0.876842,0.082938,0.04022
ACAATGATTCTTCTAC-1,0.999896,0.000052,0.000052
ACAATTGTGTCTCTTT-1,0.75966,0.240313,0.000027
ACAATTTAGGAGGCTC-1,0.614528,0.365322,0.02015
ACAATTTGAGCAGTGG-1,0.941493,0.058476,0.000031
ACAATTTGGCCATATT-1,0.946195,0.034507,0.019298
ACACAAAGACGGGTGG-1,0.741232,0.23024,0.028527
ACACAAATATTCCTAG-1,0.896863,0.103074,0.000063
ACACACCAGGACCAGT-1,0.989739,0.010257,0.000005
ACACACTTTCTACACG-1,0.942837,0.057111,0.000051
ACACATGATCAAATCT-1,0.921812,0.029764,0.048424
ACACATTGACGCAACA-1,0.816072,0.155177,0.028751
ACACATTTCCGTAGAC-1,0.000456,0.000046,0.999498
ACACCACATAATTAGC-1,0.999953,0.000023,0.000023
ACACCCAGCATGCAGC-1,0.580563,0.419341,0.000096
ACACCCGAGAAATCCG-1,0.999945,0.000028,0.000028
ACACCCGTAAATCTGT-1,0.983427,0.016554,0.000019
ACACCGAGCGCTCTTT-1,0.867978,0.104294,0.027728
ACACCGGTCTGACCGC-1,0.548416,0.154422,0.297162
ACACCTTAAGTAGGGC-1,0.355046,0.644876,0.000079
ACACCTTACTACTTGC-1,0.982875,0.000026,0.017099
ACACGAGACTCCTTCT-1,0.999921,0.00004,0.00004
ACACGGCACTATGCAT-1,0.999945,0.000028,0.000028
ACACGGGAACTTAGGG-1,0.956284,0.04363,0.000086
ACACGTAGGCCACAAG-1,0.923718,0.036137,0.040145
ACACTCCAATGTCACT-1,0.958057,0.041912,0.000031
ACACTGATCAAGGTGT-1,0.933318,0.053066,0.013616
ACACTGGGACAGTCGT-1,0.830114,0.048192,0.121694
ACAGAACTGAGAACAA-1,0.999989,0.000006,0.000006
ACAGATTAGGTTAGTG-1,0.999851,0.000075,0.000075
ACAGCATAGAGCCAGT-1,0.853735,0.11969,0.026575
ACAGCGACATTCTCAT-1,0.486314,0.464256,0.04943
ACAGCGCACCCGCAGC-1,0.999907,0.000046,0.000046
ACAGGAGGCGCAGCCG-1,0.999398,0.000014,0.000588
ACAGGCACGGATCCTT-1,0.161804,0.341788,0.496408
ACAGGCTTGCCCGACT-1,0.999976,0.000012,0.000012
ACAGGTGGAGGTGAGG-1,0.993078,0.003142,0.00378
ACAGGTGTGTTGTTGC-1,0.841891,0.158092,0.000017
ACAGTAATACAACTTG-1,0.876687,0.123299,0.000014
ACAGTATACCGTGGGA-1,0.946741,0.053158,0.000101
ACAGTGCAGCGCATTT-1,0.999936,0.000032,0.000032
ACATAAGTCGTGGTGA-1,0.98164,0.004087,0.014273
ACATAATAAGGCGGTG-1,0.898574,0.101347,0.000078
ACATACAATCAAGCGG-1,0.331755,0.075202,0.593043
ACATCAGCTGGGACGC-1,0.882912,0.117042,0.000046
ACATCCCGGCCATACG-1,0.946024,0.033081,0.020895
ACATCCTGGTAACTGT-1,0.890592,0.109392,0.000016
ACATCGATCGTTTACC-1,0.999969,0.000016,0.000016
ACATCGCAATATTCGG-1,0.000338,0.675749,0.323913
ACATCGGTCAGCCGCG-1,0.974933,0.000026,0.025041
ACATCGTATGCAATGG-1,0.999981,0.000009,0.000009
ACATCGTTAACCTAGT-1,0.909786,0.09017,0.000043
ACATCTCAACGCGTAA-1,0.999959,0.00002,0.00002
ACATGCTTACGGCAGC-1,0.017837,0.140471,0.841692
ACATGGCGCCAAAGTA-1,0.971074,0.009776,0.01915
ACATGGCTCAATTTAG-1,0.979222,0.000054,0.020724
ACATTAGTTTATATCC-1,0.93511,0.042091,0.022799
ACATTCGCGCGGAATA-1,0.000151,0.000015,0.999833
ACATTTGAAACCTAAC-1,0.033396,0.000016,0.966589
ACCAAACACCCAGCGA-1,0.736213,0.263742,0.000045
ACCAAACTAGAAATCC-1,0.999952,0.000024,0.000024
ACCAACACCACACACT-1,0.852735,0.147185,0.00008
ACCAACCGCACTCCAC-1,0.096163,0.088898,0.814939
ACCAACGCTTATTTAT-1,0.959567,0.024741,0.015691
ACCAAGAACGCGTGTC-1,0.99993,0.000035,0.000035
ACCAAGTCATCGGCAG-1,0.531085,0.179283,0.289632
ACCAATATGCAAGTTA-1,0.892746,0.081677,0.025577
ACCACAACTCAGAACA-1,0.999913,0.000044,0.000044
ACCACAAGTTTCTATC-1,0.711961,0.287974,0.000066
ACCACACGGTTGATGG-1,0.000252,0.093664,0.906085
ACCACCAATGTAACAA-1,0.961493,0.030979,0.007528
ACCACCCTCTCTTCTA-1,0.954808,0.045138,0.000054
ACCACGTGCAGCTATA-1,0.946397,0.003144,0.050459
ACCACTGTTCAAGAAG-1,0.94745,0.000015,0.052535
ACCAGACCATAACAAC-1,0.96138,0.038605,0.000015
ACCAGCCCGGTCTTTG-1,0.999895,0.000052,0.000052
ACCAGGAGTGTGATCT-1,0.999942,0.000029,0.000029
ACCAGTGCCCGGTCAA-1,0.999933,0.000033,0.000033
ACCAGTGCGGGAGACG-1,0.967683,0.000018,0.032298
ACCATATCCGCAATAA-1,0.999918,0.000041,0.000041
ACCATCCGCCAACTAG-1,0.937084,0.054553,0.008364
ACCATCGTATATGGTA-1,0.98642,0.002135,0.011445
ACCATTAAGGGTGTCA-1,0.981183,0.018793,0.000024
ACCCAACGCCCGTGGC-1,0.999944,0.000028,0.000028
ACCCACCTACATGCTC-1,0.988161,0.011789,0.00005
ACCCATCTTGAGGGTA-1,0.999887,0.000056,0.000056
ACCCATTTGTCCCTCT-1,0.768109,0.150257,0.081634
ACCCGAGCGAAATTAC-1,0.912749,0.0728,0.01445
ACCCGATTGGTTCCGA-1,0.120663,0.000904,0.878433
ACCCGGAAACTCCCAG-1,0.588674,0.285696,0.12563
ACCCGGAGCACCACAA-1,0.868961,0.029303,0.101736
ACCCGGATGACGCATC-1,0.99992,0.00004,0.00004
ACCCGGTTACACTTCC-1,0.959533,0.013297,0.02717
ACCCGTAGCAGAGAAT-1,0.000244,0.000024,0.999732
ACCCGTAGTCTAGTTG-1,0.746432,0.080699,0.172869
ACCCGTGTCATCAGTA-1,0.765862,0.000398,0.23374
ACCCTATAGGACTGAG-1,0.999921,0.000039,0.000039
ACCCTATGCCATATCG-1,0.830421,0.091019,0.078559
ACCCTCCCGTCAGGGC-1,0.474771,0.066004,0.459224
ACCCTCCCTTGCTATT-1,0.918261,0.077424,0.004315
ACCCTGGTAACGCCCT-1,0.898444,0.101501,0.000055
ACCCTTCATCTGCGAA-1,0.966605,0.03337,0.000025
ACCCTTGCCTGGGTCG-1,0.431975,0.56797,0.000055
ACCCTTTAGTTCTCCA-1,0.999821,0.00009,0.00009
ACCGAAAGGGCCCTGC-1,0.864026,0.000026,0.135948
ACCGAAGAGTCTGGTT-1,0.921789,0.009027,0.069184
ACCGACACATCTCCCA-1,0.970709,0.028361,0.00093
ACCGACTGAGTCCCAC-1,0.855088,0.144821,0.000091
ACCGAGTCTCCTTATT-1,0.060949,0.03567,0.903382
ACCGATAGGCATAACC-1,0.873579,0.080902,0.045519
ACCGATATTTAATCAT-1,0.722384,0.277608,0.000008
ACCGATGGTAGCATCG-1,0.995836,0.000019,0.004145
ACCGCAATAACTGCCT-1,0.984658,0.001452,0.01389
ACCGCGGTGGAAGTCG-1,0.874897,0.000872,0.124231
ACCGCTAGTCATTGGT-1,0.000187,0.000714,0.999099
ACCGGGCCTTTGTTGA-1,0.99997,0.000015,0.000015
ACCGGTCAGGTACACC-1,0.836137,0.082437,0.081426
ACCGGTCTGAGTACGG-1,0.995498,0.004476,0.000026
ACCGTCCACTGGGCCC-1,0.872683,0.105447,0.02187
ACCGTGACCACGTGGG-1,0.909246,0.011659,0.079095
ACCGTTCCCGCTCTGA-1,0.989529,0.010447,0.000024
ACCTAAGTACCTTTCA-1,0.999986,0.000007,0.000007
ACCTAATCGACTTCCT-1,0.989895,0.010022,0.000082
ACCTACAGTATGTGGT-1,0.995846,0.000015,0.004139
ACCTACTATAAATCTA-1,0.050837,0.127401,0.821762
ACCTCAGCGAGGCGCA-1,0.046588,0.014651,0.93876
ACCTCCGCCCTCGCTG-1,0.955744,0.028751,0.015505
ACCTCCGTTATTCACC-1,0.999947,0.000026,0.000026
ACCTCGAACTTATGCT-1,0.594474,0.079673,0.325853
ACCTGCGTGTCATGTT-1,0.984851,0.00196,0.013189
ACCTTTCCTTTAGAAG-1,0.999957,0.000022,0.000022
ACGAAATGGGCGGCAC-1,0.833356,0.166582,0.000062
ACGACCCATGAGTTGC-1,0.943986,0.030286,0.025728
ACGACTCTAGGGCCGA-1,0.065919,0.264535,0.669545
ACGACTGGTCATACTC-1,0.818638,0.108565,0.072797
ACGAGAACCCATCACG-1,0.999936,0.000032,0.000032
ACGAGATATTTGCTTA-1,0.999929,0.000035,0.000035
ACGAGGATACCACTCT-1,0.971833,0.023912,0.004255
ACGAGGTTTACAACGT-1,0.843355,0.141466,0.01518
ACGAGTACGGATGCCC-1,0.999971,0.000015,0.000015
ACGAGTCGCCGGCGTT-1,0.99997,0.000015,0.000015
ACGATACATAGAACTA-1,0.884194,0.115686,0.00012
ACGATACCTATCCTGA-1,0.741282,0.258681,0.000036
ACGATCATACATAGAG-1,0.999733,0.000133,0.000133
ACGATCATCTTGTAAA-1,0.915217,0.084314,0.000469
ACGATGCATATGTTAT-1,0.981291,0.01867,0.000039
ACGATGGATCCGATGC-1,0.847144,0.152809,0.000047
ACGCAAACTAATAGAT-1,0.751001,0.139256,0.109743
ACGCAATCACTACAGC-1,0.999943,0.000028,0.000028
ACGCATAAATGACATG-1,0.999951,0.000025,0.000025
ACGCATACGTTTACTA-1,0.934664,0.038493,0.026843
ACGCATTCGTGAGTAC-1,0.96438,0.000025,0.035595
ACGCCACTCGAAACAG-1,0.0002,0.00002,0.99978
ACGCCAGATGATTTCT-1,0.999919,0.000041,0.000041
ACGCCAGTGCGTTTGC-1,0.000199,0.000315,0.999487
ACGCCCAGCTGTCGAT-1,0.98724,0.012711,0.000049
ACGCCGCTAGACGACC-1,0.919296,0.000024,0.08068
ACGCCTGACACGCGCT-1,0.9647,0.001951,0.03335
ACGCGAAGTCAGACGA-1,0.989064,0.000028,0.010909
ACGCGCTACACAGGGT-1,0.965255,0.000019,0.034726
ACGCGGGCCAAGGACA-1,0.950256,0.049716,0.000028
ACGCGTTTCTTAAGAG-1,0.473704,0.526246,0.00005
ACGCTACTGAATGGGC-1,0.10123,0.10345,0.79532
ACGCTAGTATCAGTGC-1,0.999969,0.000016,0.000016
ACGCTAGTGATACACT-1,0.999916,0.000042,0.000042
ACGCTGTGAGGCGTAG-1,0.976614,0.016759,0.006627
ACGCTTAGTGTCTCTC-1,0.797366,0.202568,0.000066
ACGGAACACGAGTGCC-1,0.63658,0.183562,0.179858
ACGGAATTTAGCAAAT-1,0.999937,0.000032,0.000032
ACGGACGCAGCGACAA-1,0.175512,0.12846,0.696028
ACGGACTCTCAAAGCG-1,0.8362,0.010429,0.153371
ACGGAGCGCAAATTAC-1,0.612128,0.38782,0.000052
ACGGATGGTGCGGATA-1,0.963062,0.008232,0.028706
ACGGCACTTGCTTGGG-1,0.858383,0.141362,0.000254
ACGGCCAACATGGACT-1,0.92055,0.069655,0.009795
ACGGCGACGATGGGAA-1,0.987937,0.01027,0.001792
ACGGCGGGTTGCCCTG-1,0.999901,0.00005,0.00005
ACGGCTGGATGTAGAA-1,0.907109,0.063916,0.028975
ACGGGAGTGTCGGCCC-1,0.907309,0.01001,0.082682
ACGGGCGTATGCGACA-1,0.985408,0.014566,0.000026
ACGGGTCATGTGACTT-1,0.998817,0.000035,0.001147
ACGGGTTGTGACCTGT-1,0.054673,0.14837,0.796957
ACGGTACAGTTCAATG-1,0.055516,0.000028,0.944455
ACGGTCACCGAGAACA-1,0.166038,0.32414,0.509822
ACGTACAGATTTCTCT-1,0.999877,0.000062,0.000062
ACGTACTTTGGCACGG-1,0.016879,0.42384,0.559281
ACGTAGATTGCTGATG-1,0.999956,0.000022,0.000022
ACGTAGGAGAGTCGCT-1,0.035098,0.246072,0.71883
ACGTATTACTCCGATC-1,0.975493,0.000021,0.024486
ACGTCCTAAACGAGAT-1,0.999953,0.000024,0.000024
ACGTCGGGCAACTCGG-1,0.972793,0.001833,0.025374
ACGTCTCGTTCCGGGA-1,0.990474,0.009512,0.000013
ACGTGACAAAGTAAGT-1,0.953793,0.017899,0.028308
ACGTGCGCCTCGTGCA-1,0.925708,0.074257,0.000035
ACGTGGTCGAATGTGC-1,0.999945,0.000028,0.000028
ACGTTAATGTCGAAGA-1,0.941243,0.048925,0.009832
ACGTTAGATTTGCCCG-1,0.977085,0.000071,0.022844
ACGTTATTGGTCACTC-1,0.950982,0.048972,0.000046
ACGTTCACTATGCCGC-1,0.402045,0.307466,0.290489
ACGTTCCGCGCTCCGT-1,0.964674,0.016956,0.01837
ACGTTCGCAATCAATT-1,0.987438,0.000022,0.01254
ACGTTCGTTCAGGAAA-1,0.878141,0.035411,0.086448
ACGTTCTGTACAAGTC-1,0.340407,0.45901,0.200583
ACGTTGTCGTTGAAAG-1,0.164763,0.141554,0.693683
ACGTTTAGTTGTGATC-1,0.999868,0.000066,0.000066
ACGTTTCGGTGCACTT-1,0.097918,0.083117,0.818965
ACTAAGGACGCACACC-1,0.970114,0.029864,0.000022
ACTAATACGTCAGGCG-1,0.999958,0.000021,0.000021
ACTACAAAGAGAGGTG-1,0.149221,0.239257,0.611522
ACTACATCCCGACAAG-1,0.979407,0.001013,0.01958
ACTACCAGCTCTCTGG-1,0.719562,0.280319,0.000119
ACTACCATCCGAGGGC-1,0.002222,0.102418,0.89536
ACTACGCGTTAGAATT-1,0.92068,0.020371,0.05895
ACTAGTTGCGATCGTC-1,0.942406,0.000023,0.057571
ACTATATGCTGTGTTC-1,0.99987,0.000065,0.000065
ACTATCCAGGGCATGG-1,0.899359,0.000022,0.100619
ACTATCGCCGGCTAAA-1,0.999977,0.000012,0.000012
ACTATCTGCCCGCGTA-1,0.991777,0.007708,0.000515
ACTATGTCCAGCTGCC-1,0.534039,0.456908,0.009053
ACTATTCGTCCGTGGT-1,0.999961,0.000019,0.000019
ACTATTTCCGGGCCCA-1,0.959084,0.006406,0.03451
ACTCAACGAATGTATT-1,0.978225,0.018183,0.003592
ACTCAAGTGCAAGGCT-1,0.518839,0.170417,0.310743
ACTCAATAAAGGCACG-1,0.563591,0.43631,0.000099
ACTCAGACCTGCTTCT-1,0.980145,0.000058,0.019797
ACTCATGGCAGCCTTC-1,0.624863,0.005158,0.369979
ACTCCAATATCATCAT-1,0.871975,0.043756,0.084269
ACTCCCATTCCTAAAG-1,0.880322,0.119671,0.000007
ACTCCCGAATTCGTTT-1,0.992972,0.00003,0.006998
ACTCCCGTAGACTAGG-1,0.748236,0.251679,0.000085
ACTCCCTAATGCTAAA-1,0.976079,0.010794,0.013126
ACTCCCTAGAATAGTA-1,0.999978,0.000011,0.000011
ACTCCGGCCGACCACT-1,0.123284,0.11078,0.765936
ACTCGATGTATTTCAT-1,0.99209,0.007871,0.00004
ACTCGCCGTTCGATAA-1,0.366124,0.059131,0.574745
ACTCGCGATCTGACGC-1,0.991404,0.008557,0.00004
ACTCGTAACCCGTCCT-1,0.999992,0.000004,0.000004
ACTCGTCAGTAATCCC-1,0.999941,0.000029,0.000029
ACTCTAAACCTGGGAT-1,0.963904,0.036061,0.000035
ACTCTCTGACTTAGGT-1,0.999989,0.000005,0.000005
ACTCTCTTATACACGA-1,0.999953,0.000024,0.000024
ACTCTGACCTAATAGA-1,0.006165,0.131515,0.86232
ACTCTTCAGCTCCCGC-1,0.90463,0.000018,0.095352
ACTCTTGTATAGTAAC-1,0.884284,0.115688,0.000028
ACTGAAACGCCGTTAG-1,0.835978,0.127404,0.036618
ACTGAATGGCGAAAGT-1,0.988028,0.010047,0.001925
ACTGATTTAGTGATTC-1,0.999954,0.000023,0.000023
ACTGCCCGCCATTCTC-1,0.671557,0.178524,0.149918
ACTGCCGTCGTAACTC-1,0.999906,0.000047,0.000047
ACTGCGGACACACCGT-1,0.984326,0.005355,0.010319
ACTGCTCGGAAGGATG-1,0.919054,0.034104,0.046841
ACTGGCGAACCTGCGT-1,0.964973,0.03501,0.000018
ACTGGGATGCCAGTGC-1,0.05753,0.00004,0.94243
ACTGTACGATACACAT-1,0.999898,0.000051,0.000051
ACTGTAGCACTTTGGA-1,0.642373,0.357433,0.000194
ACTGTATACGCGAGCA-1,0.999899,0.00005,0.00005
ACTGTCCAGGATTATA-1,0.962383,0.037592,0.000024
ACTGTCTTCTTTAGAA-1,0.988865,0.011103,0.000032
ACTGTGCTAGTAGATC-1,0.983113,0.016854,0.000033
ACTGTTTAGTGTAGGC-1,0.999889,0.000055,0.000055
ACTTACCGGGCGCGCA-1,0.999966,0.000017,0.000017
ACTTACGCATCCACGC-1,0.876467,0.028322,0.095211
ACTTAGTACGACAAGA-1,0.999956,0.000022,0.000022
ACTTATACTTACCCGG-1,0.999969,0.000015,0.000015
ACTTATCTGATCTATA-1,0.90155,0.000035,0.098415
ACTTATTAGGATCGGT-1,0.999872,0.000064,0.000064
ACTTATTTATGTGCCA-1,0.992089,0.004017,0.003894
ACTTCAGGCTGATCCC-1,0.808722,0.003377,0.187901
ACTTCCAGTGGAAGCT-1,0.945694,0.009859,0.044447
ACTTCCATGCGGGACA-1,0.910707,0.0099,0.079392
ACTTCCTGTCGTGCGA-1,0.999961,0.000019,0.000019
ACTTCGCCATACGCAC-1,0.918911,0.081024,0.000065
ACTTCGCTAGCGAGTG-1,0.999923,0.000039,0.000039
ACTTGACTCCCTCTTT-1,0.957898,0.000008,0.042094
ACTTGCCATATTGTAC-1,0.999965,0.000017,0.000017
ACTTGCTCTATCTACC-1,0.244811,0.289294,0.465895
ACTTGGGACCCGGTGG-1,0.541221,0.458705,0.000074
ACTTGGGCTTTCGCCA-1,0.000184,0.00023,0.999587
ACTTGTAGTCCCTTCA-1,0.668471,0.331513,0.000016
ACTTGTGGATGGAACG-1,0.990934,0.005658,0.003408
ACTTGTTACCGGATCA-1,0.00033,0.228843,0.770827
ACTTTACCCTCATGAA-1,0.99012,0.000022,0.009858
ACTTTATACACCACTT-1,0.000294,0.126447,0.873259
ACTTTCCTATAGCTTC-1,0.84838,0.151539,0.000082
ACTTTGACTGCATCCT-1,0.969673,0.018586,0.011741
ACTTTGGTCGTGCTCC-1,0.947751,0.032581,0.019669
ACTTTGTCGACGCACT-1,0.744303,0.010025,0.245672
AGAAATTATGACTCGC-1,0.876204,0.117903,0.005892
AGAACACGGCGATGGT-1,0.000152,0.000015,0.999832
AGAACCCAGCGTGACA-1,0.978821,0.0046,0.01658
AGAACCCTCAATTGGG-1,0.790848,0.089526,0.119627
AGAACGTGGTACATTC-1,0.870478,0.129469,0.000053
AGAACTGTACTTTGTA-1,0.000185,0.667731,0.332084
AGAAGAGCGCCGTTCC-1,0.999619,0.00019,0.00019
AGAAGGTACACTTCAC-1,0.983791,0.016199,0.00001
AGAAGGTTGCCGAATT-1,0.984206,0.00001,0.015784
AGAAGGTTGTAGGTCG-1,0.62232,0.128898,0.248782
AGAAGTGATTCGTGAT-1,0.581356,0.418634,0.00001
AGAATAAATCTTCAGG-1,0.953318,0.046663,0.000019
AGAATACAGGCTATCC-1,0.0647,0.00003,0.93527
AGAATGCGGGTTCGGA-1,0.999897,0.000052,0.000052
AGAATTATGGATTCGA-1,0.944856,0.000017,0.055127
AGAATTGTTTGACATA-1,0.982288,0.017678,0.000034
AGACAGCTCAGAATCC-1,0.999964,0.000018,0.000018
AGACAGGCATCTCAGC-1,0.986155,0.000312,0.013533
AGACATAGATCCTTCC-1,0.999879,0.00006,0.00006
AGACCAAACCACACCT-1,0.82479,0.162542,0.012668
AGACCATGGGATACAA-1,0.987142,0.012826,0.000033
AGACCCACCGCTGATC-1,0.993301,0.006684,0.000015
AGACCCGCCCTCCTCG-1,0.837504,0.162372,0.000124
AGACCGCTCCGCGGTT-1,0.926196,0.027568,0.046236
AGACCGGGAAACCCTG-1,0.985126,0.014862,0.000012
AGACGAAGTGCCGGTC-1,0.887764,0.03413,0.078106
AGACGACGATGCCGCT-1,0.971792,0.015792,0.012416
AGACGCCCACTTCGCC-1,0.621843,0.378142,0.000015
AGACGGGATTGGTATA-1,0.972224,0.027755,0.000021
AGACGGGCCGATTTAA-1,0.999969,0.000015,0.000015
AGACTAGCCTTCCAGA-1,0.647384,0.35252,0.000097
AGACTGTTACCGGGTC-1,0.676062,0.289241,0.034697
AGAGAAACACCAGAAA-1,0.271317,0.017131,0.711552
AGAGAACCGTCTAGGA-1,0.999871,0.000065,0.000065
AGAGAAGGAGTACAAT-1,0.949299,0.009361,0.04134
AGAGATCTCTAAAGCG-1,0.999969,0.000015,0.000015
AGAGCAGTTATGAGAC-1,0.769034,0.230849,0.000117
AGAGCCGCCGAGATTT-1,0.937926,0.035466,0.026608
AGAGCGCTTGTAACGG-1,0.864453,0.135485,0.000062
AGAGCGGGCTAATCAT-1,0.967527,0.032451,0.000022
AGAGCGTACAAGCTCG-1,0.9858,0.014132,0.000067
AGAGCTACGAAAGCAT-1,0.958045,0.000621,0.041334
AGAGGCTTCGGAAACC-1,0.987914,0.010168,0.001918
AGAGGGACAATTGTCC-1,0.99996,0.00002,0.00002
AGAGGTATCTCGGTCC-1,0.999892,0.000054,0.000054
AGAGTAAACTTCACTA-1,0.889588,0.039706,0.070705
AGAGTATAGTGTTACG-1,0.994487,0.001587,0.003925
AGAGTCTTAATGAAAG-1,0.022203,0.146963,0.830834
AGAGTGAACAGACACC-1,0.999965,0.000018,0.000018
AGAGTTAGAGACCGAT-1,0.999918,0.000041,0.000041
AGAGTTGCAGGCCTCC-1,0.987222,0.012748,0.00003
AGATAACTTCAGGGCC-1,0.970897,0.007558,0.021544
AGATAATCACACCTAT-1,0.00204,0.135053,0.862906
AGATACCAATAGAACC-1,0.4148,0.376756,0.208445
AGATACCAGCACTTCA-1,0.791505,0.208412,0.000083
AGATACCGGTGTTCAC-1,0.972999,0.013094,0.013907
AGATACGACTTCATAT-1,0.954646,0.045312,0.000042
AGATACTCAAGATCGA-1,0.999982,0.000009,0.000009
AGATATAATACGACTA-1,0.471509,0.193917,0.334574
AGATCGTGCATAAGAT-1,0.824301,0.175579,0.00012
AGATCTCAGGTGTGAT-1,0.999947,0.000027,0.000027
AGATCTGGAGAGGATA-1,0.000197,0.00002,0.999783
AGATGACTCGCCCACG-1,0.906879,0.093055,0.000066
AGATGAGGGTTGCGAT-1,0.999935,0.000033,0.000033
AGATGATGGAGTCTGG-1,0.999934,0.000033,0.000033
AGATGCAAGACGTGCA-1,0.974441,0.015135,0.010424
AGATGCATCCTGTGTC-1,0.829293,0.110632,0.060075
AGATGCTATAACGAGC-1,0.993789,0.003687,0.002525
AGATTATAGGACGTTT-1,0.991933,0.008025,0.000042
AGATTCAAGCGGGTCG-1,0.999945,0.000027,0.000027
AGATTCACAACCGATA-1,0.970762,0.010015,0.019224
AGCAAAGGCCGCTAGT-1,0.741764,0.17286,0.085376
AGCAACATATCTTATT-1,0.98231,0.005765,0.011924
AGCAACCGAAAGTAAT-1,0.724648,0.27534,0.000012
AGCACACGTTTAGACT-1,0.487983,0.10242,0.409597
AGCACCAGTACTCACG-1,0.825364,0.174545,0.000091
AGCACTACCGGCCTGT-1,0.733041,0.266932,0.000028
AGCACTACCTCACCAG-1,0.857116,0.124698,0.018186
AGCACTTAAGGACGCC-1,0.834477,0.024936,0.140586
AGCAGAAGGAGAAAGA-1,0.6381,0.231153,0.130747
AGCAGCCAGATGAATA-1,0.959764,0.017388,0.022848
AGCAGTCGAAGCATGC-1,0.234342,0.064056,0.701602
AGCATATCAATATGCT-1,0.947748,0.052232,0.000019
AGCATCATTTCGAAAG-1,0.943476,0.04043,0.016094
AGCATCGTCGATAATT-1,0.889725,0.110214,0.000061
AGCATTACGAGGCAAG-1,0.277536,0.372766,0.349698
AGCCAAGCTTTGTGTC-1,0.530796,0.40295,0.066254
AGCCACAGGTTACCCG-1,0.309277,0.596658,0.094064
AGCCACTCCCGTGCTT-1,0.956459,0.043339,0.000202
AGCCATATAGTATGTG-1,0.036126,0.049165,0.914709
AGCCCATACATGTAAG-1,0.63044,0.369536,0.000023
AGCCCGCAACAAGCAG-1,0.281521,0.014067,0.704412
AGCCCGCACTACAATG-1,0.192369,0.031191,0.77644
AGCCCGGCATTAGAGG-1,0.779317,0.198005,0.022678
AGCCCGGTAGCCTGTA-1,0.926599,0.055369,0.018032
AGCCCTAAGCGAAGTT-1,0.999956,0.000022,0.000022
AGCCCTCCCTGGTGGC-1,0.392388,0.153508,0.454103
AGCCCTGTCGCACCGT-1,0.893173,0.069214,0.037613
AGCCCTTCTAATCCGA-1,0.737225,0.262656,0.000119
AGCCCTTGGACATCCC-1,0.858252,0.054632,0.087116
AGCCGCAAATTCAAAT-1,0.990073,0.009904,0.000024
AGCCGCTTGATTAGCG-1,0.969567,0.030406,0.000026
AGCCGTGGCTAAATGT-1,0.985781,0.000487,0.013732
AGCCTAATACCCACGT-1,0.923748,0.027783,0.048469
AGCCTTAAAGCGGAAG-1,0.999539,0.000446,0.000015
AGCCTTGTCACTGATA-1,0.000181,0.022903,0.976916
AGCGACAGGAACGGTC-1,0.95496,0.045026,0.000014
AGCGACATCCCATTCA-1,0.999946,0.000027,0.000027
AGCGACCAACGATATT-1,0.750342,0.249575,0.000083
AGCGACTTTGAAGACA-1,0.000243,0.000024,0.999732
AGCGAGACGTGAAGGC-1,0.132036,0.031782,0.836182
AGCGATGCGCCTAATA-1,0.793019,0.063499,0.143481
AGCGCATAATGAATCG-1,0.834241,0.10265,0.063109
AGCGCGGGTGCCAATG-1,0.961071,0.038849,0.00008
AGCGCTAGAGCGATGT-1,0.968816,0.031167,0.000016
AGCGCTTATGGGCAAG-1,0.999925,0.000037,0.000037
AGCGGACACTTCGTAG-1,0.874853,0.016223,0.108924
AGCGGCGGTTAGCGGT-1,0.969378,0.000533,0.03009
AGCGGGAAGGGTCCAT-1,0.982144,0.017815,0.000041
AGCGGGTCTGACACTC-1,0.17054,0.064644,0.764816
AGCGGTTGAGATGTAC-1,0.999906,0.000047,0.000047
AGCGGTTGCCGCTCTG-1,0.813274,0.186632,0.000094
AGCGTACGAGAGCTAG-1,0.994352,0.005618,0.000031
AGCGTAGCGCTAGACC-1,0.997889,0.00208,0.000031
AGCGTCTGAACCCGCA-1,0.937306,0.00141,0.061284
AGCGTGGTATTCTACT-1,0.999975,0.000013,0.000013
AGCGTTCCGATTTAAA-1,0.991415,0.000047,0.008539
AGCTAACAAGCAATGT-1,0.928619,0.0059,0.065481
AGCTAAGCTCCGTCCG-1,0.000211,0.059925,0.939864
AGCTAAGTACGCAGGC-1,0.543888,0.244127,0.211984
AGCTACGAATGGTGGT-1,0.008479,0.839125,0.152397
AGCTAGAAGCAGAAGT-1,0.927127,0.072745,0.000128
AGCTATTTAATCCAAC-1,0.997613,0.002345,0.000042
AGCTCCATATATGTTC-1,0.944972,0.027022,0.028006
AGCTCCTTCGCACATC-1,0.99998,0.00001,0.00001
AGCTCGTTGATGGAAA-1,0.733475,0.266445,0.000081
AGCTCTAGACGTTCCA-1,0.995563,0.000024,0.004413
AGCTCTTCCCAGTGCA-1,0.900323,0.038282,0.061395
AGCTCTTCGTAACCTT-1,0.997575,0.002409,0.000016
AGCTCTTTACTCAGTT-1,0.92986,0.027429,0.042711
AGCTGAAGTAAACCAA-1,0.789671,0.210286,0.000043
AGCTGCATTTGAGGTG-1,0.999941,0.000029,0.000029
AGCTGCTGTGCCGAAT-1,0.99995,0.000025,0.000025
AGCTGTAACCTCAATC-1,0.93074,0.050115,0.019146
AGCTTATAGAGACCTG-1,0.999945,0.000028,0.000028
AGCTTCAATACTTTGA-1,0.999951,0.000025,0.000025
AGCTTCTTCTCGAGCA-1,0.363072,0.085229,0.551699
AGCTTGATCAGGGTAG-1,0.113524,0.000038,0.886438
AGCTTGATCTTAACTT-1,0.986606,0.000019,0.013375
AGGAAAGCCTCTGATG-1,0.999974,0.000013,0.000013
AGGAACGAACGACTTC-1,0.334824,0.211379,0.453797
AGGAAGCTGTCCGCCG-1,0.671751,0.054396,0.273853
AGGACAGTCGAATCCC-1,0.999969,0.000015,0.000015
AGGACATCGCACGTCG-1,0.999863,0.000069,0.000069
AGGACATCGGCACACT-1,0.390517,0.228116,0.381367
AGGACGACCCATTAGA-1,0.992979,0.000008,0.007013
AGGACGCTCGATGTTG-1,0.929905,0.069959,0.000135
AGGACTTATAGGAGAA-1,0.863706,0.136274,0.00002
AGGAGACATCCACAGT-1,0.872144,0.127826,0.00003
AGGAGAGTCTGGCTAC-1,0.999966,0.000017,0.000017
AGGAGCGTTTATTATC-1,0.000211,0.105221,0.894567
AGGAGGCCTTCGCGCG-1,0.878871,0.079488,0.041642
AGGATAAAGTCGGGAT-1,0.893533,0.07047,0.035997
AGGATATAGGGATTTA-1,0.960405,0.00002,0.039574
AGGATATCCGACTGCA-1,0.179118,0.267437,0.553444
AGGATCACGCGATCTG-1,0.904965,0.06349,0.031545
AGGATTGCTTACGACA-1,0.996224,0.003746,0.00003
AGGCAAAGAGGAATCA-1,0.994961,0.000023,0.005016
AGGCAATACGGAGGAC-1,0.999969,0.000016,0.000016
AGGCACGTGACTGTCC-1,0.881623,0.013863,0.104514
AGGCAGATGCGTAAAC-1,0.835293,0.164647,0.00006
AGGCAGGGAGCGTACT-1,0.86497,0.072004,0.063026
AGGCATTGTCGTAGGG-1,0.987929,0.012051,0.000021
AGGCCACATTGGTTAC-1,0.929658,0.041941,0.028401
AGGCCACCCGTTATGA-1,0.783918,0.215964,0.000118
AGGCCCAGTGACTGGT-1,0.999937,0.000031,0.000031
AGGCCCATTGTACAGG-1,0.999899,0.00005,0.00005
AGGCCCTAGAACGCCA-1,0.994896,0.000021,0.005083
AGGCCTATCATACCAA-1,0.000223,0.173071,0.826706
AGGCCTGAGAATCTCG-1,0.351337,0.622283,0.02638
AGGCGATAACTGGCGT-1,0.888215,0.02359,0.088195
AGGCGGTTTGTCCCGC-1,0.754684,0.245305,0.000011
AGGCGTCTATGGACGG-1,0.999817,0.000092,0.000092
AGGCTATGGTTAGCTT-1,0.72042,0.279489,0.000092
AGGCTTAAGTTGCACA-1,0.000339,0.000034,0.999627
AGGCTTCCCGAAGAAG-1,0.962565,0.01907,0.018365
AGGCTTGCTAGACACC-1,0.888734,0.111226,0.00004
AGGGAAACGAGGTACT-1,0.999896,0.000052,0.000052
AGGGACAGCACGGCGG-1,0.999922,0.000039,0.000039
AGGGACCGGCTGCGTT-1,0.99241,0.000019,0.00757
AGGGACTCTACGCGAC-1,0.905434,0.011147,0.083419
AGGGAGACATACTTCG-1,0.989291,0.010669,0.000041
AGGGCAGCGGCGTGGT-1,0.988799,0.011165,0.000037
AGGGCCCTAATGTTCT-1,0.533376,0.274222,0.192402
AGGGCGAGCAGCTGAT-1,0.865877,0.134113,0.00001
AGGGCGTGATCGGCTA-1,0.803029,0.195475,0.001497
AGGGCTGCAGTTACAG-1,0.974081,0.010852,0.015068
AGGGTCAGAGCACTCG-1,0.365954,0.00327,0.630776
AGGGTCAGTAACCCTA-1,0.930773,0.069156,0.000071
AGGGTCGATGCGAACT-1,0.987487,0.008414,0.0041
AGGGTCTGGACGCAGT-1,0.564731,0.255806,0.179463
AGGGTGCCGTTCTTTA-1,0.2681,0.277448,0.454452
AGGGTGCTCTCGAGGG-1,0.999963,0.000019,0.000019
AGGGTGGATAGTGCAT-1,0.429978,0.569959,0.000062
AGGGTGTGCTACACGC-1,0.950341,0.049634,0.000025
AGGGTTCAGACGGTCC-1,0.140141,0.034545,0.825314
AGGGTTCCCTTTGGTT-1,0.999944,0.000028,0.000028
AGGGTTTAGTTCGGGA-1,0.999871,0.000064,0.000064
AGGTAACCTCCTATTC-1,0.971087,0.02886,0.000053
AGGTACGATATTGCCA-1,0.999905,0.000048,0.000048
AGGTAGATCGAGATAT-1,0.975258,0.002482,0.02226
AGGTAGGTACAAAGCT-1,0.999961,0.000019,0.000019
AGGTATAATTGATAGT-1,0.99998,0.00001,0.00001
AGGTATGCGGACATTA-1,0.997529,0.000011,0.002459
AGGTCAGGTGAGAGTG-1,0.961238,0.006121,0.032641
AGGTCGCCACTTCGGT-1,0.981683,0.000017,0.0183
AGGTCGCCTCCCAACA-1,0.822596,0.031574,0.14583
AGGTCGCGGAGTTACT-1,0.966953,0.033026,0.000021
AGGTGCACGTCCACAT-1,0.412595,0.249364,0.338041
AGGTGGTGACCTTCGC-1,0.548835,0.133597,0.317568
AGGTGTATCGCCATGA-1,0.999967,0.000016,0.000016
AGGTGTTGCCGACCAC-1,0.535494,0.337269,0.127237
AGGTTACACCATGCCG-1,0.998818,0.001171,0.000011
AGGTTCTCCTTTCCGG-1,0.528599,0.244394,0.227008
AGGTTGAGGCACGCTT-1,0.876795,0.123054,0.000151
AGGTTTCACACACCTT-1,0.991454,0.008479,0.000067
AGTAACGTTCATCCTG-1,0.997019,0.002954,0.000027
AGTAACTATAGCAGCC-1,0.570325,0.023128,0.406548
AGTAAGGGACAGAATC-1,0.279811,0.181304,0.538885
AGTAATCTAAGGGTGG-1,0.000298,0.645792,0.353909
AGTAATGTCTTGCCGC-1,0.999951,0.000024,0.000024
AGTAATTTGCAAGCGT-1,0.293299,0.000017,0.706684
AGTACAGAAGCTTATA-1,0.100847,0.099949,0.799205
AGTACATCATTTATCA-1,0.999948,0.000026,0.000026
AGTACCTTCGAGTGCT-1,0.999879,0.00006,0.00006
AGTACGGCCCGTATCG-1,0.953053,0.046923,0.000024
AGTACGGGCACCTGGC-1,0.844905,0.155018,0.000077
AGTACGTGGCCTGTCT-1,0.999866,0.000067,0.000067
AGTACTCTTATGCCCA-1,0.8811,0.096597,0.022302
AGTAGAAGGCGCCTCA-1,0.063491,0.055736,0.880773
AGTAGCGTGAACGAAC-1,0.999976,0.000012,0.000012
AGTAGCTAGACGCCGA-1,0.999906,0.000047,0.000047
AGTAGGAAGGAAGTTG-1,0.963298,0.036625,0.000078
AGTAGGTAACATACAT-1,0.999926,0.000037,0.000037
AGTATAATACTAGGCA-1,0.839042,0.160825,0.000133
AGTATACACAGCGACA-1,0.802418,0.115816,0.081767
AGTATCCATAATAACG-1,0.990962,0.000047,0.008991
AGTATGCTGGAGACCA-1,0.998672,0.001321,0.000007
AGTATTTGGCACGACC-1,0.92869,0.039319,0.031992
AGTCAAATGATGTGAT-1,0.340376,0.010767,0.648857
AGTCAACACCACCATC-1,0.932561,0.053835,0.013604
