Barcode,Topic 1to2,Topic 3to4,Topic 5to11
AAACAAGTATCTCCCA-1,0.196186,0.474365,0.329449
AAACACCAATAACTGC-1,0.62206,0.000031,0.377909
AAACAGAGCGACTCCT-1,0.000061,0.514108,0.485831
AAACAGCTTTCAGAAG-1,0.173335,0.298941,0.527725
AAACAGGGTCTATATT-1,0.003099,0.288815,0.708086
AAACAGTGTTCCTGGG-1,0.932157,0.000044,0.067799
AAACATGGTGAGAGGA-1,0.671021,0.153775,0.175204
AAACATTTCCCGGATT-1,0.631797,0.261686,0.106517
AAACCCGAACGAAATC-1,0.020846,0.301506,0.677648
AAACCGGGTAGGTACC-1,0.015447,0.002737,0.981816
AAACCGTTCGTCCAGG-1,0.002834,0.084362,0.912804
AAACCTAAGCAGCCGG-1,0.823967,0.097965,0.078068
AAACCTCATGAAGTTG-1,0.00001,0.001618,0.998373
AAACGAAGATGGAGTA-1,0.543092,0.456778,0.00013
AAACGAGACGGTTGAT-1,0.005254,0.316557,0.678189
AAACGGGCGTACGGGT-1,0.777345,0.010294,0.212361
AAACGGTTGCGAACTG-1,0.82739,0.073704,0.098906
AAACGTGTTCGCCCTA-1,0.087601,0.64377,0.268628
AAACTCGGTTCGCAAT-1,0.830361,0.000035,0.169604
AAACTCGTGATATAAG-1,0.04599,0.634252,0.319758
AAACTGCTGGCTCCAA-1,0.093822,0.804064,0.102113
AAACTTAATTGCACGC-1,0.847781,0.152086,0.000133
AAACTTGCAAACGTAT-1,0.052748,0.182661,0.764591
AAAGAATGACCTTAGA-1,0.750912,0.192556,0.056532
AAAGACCCAAGTCGCG-1,0.176596,0.611559,0.211845
AAAGACTGGGCGCTTT-1,0.050251,0.517078,0.432672
AAAGCTTGCCTACATA-1,0.00003,0.257693,0.742277
AAAGGCCCTATAATAC-1,0.620487,0.000036,0.379477
AAAGGCTACGGACCAT-1,0.842073,0.000077,0.157849
AAAGGCTCTCGCGCCG-1,0.168313,0.831466,0.000221
AAAGGGATGTAGCAAG-1,0.000063,0.765176,0.234761
AAAGGGCAGCTTGAAT-1,0.025022,0.125606,0.849372
AAAGGTAAGCTGTACC-1,0.583415,0.380785,0.035801
AAAGTAGCATTGCTCA-1,0.059272,0.898725,0.042003
AAAGTCACTGATGTAA-1,0.477075,0.366906,0.156019
AAAGTCGACCCTCAGT-1,0.025619,0.014876,0.959505
AAAGTGTGATTTATCT-1,0.069298,0.624235,0.306467
AAAGTTGACTCCCGTA-1,0.137933,0.631365,0.230702
AAATAACCATACGGGA-1,0.107504,0.38057,0.511926
AAATAAGGTAGTGCCC-1,0.000011,0.135427,0.864562
AAATACCTATAAGCAT-1,0.152497,0.342181,0.505322
AAATAGCTTAGACTTT-1,0.053957,0.339473,0.606571
AAATAGGGTGCTATTG-1,0.268776,0.51934,0.211884
AAATCCGATACACGCC-1,0.295689,0.001604,0.702707
AAATCGCGGAAGGAGT-1,0.098026,0.055606,0.846368
AAATCGTGTACCACAA-1,0.043002,0.364331,0.592667
AAATCTAGCCCTGCTA-1,0.231421,0.302986,0.465593
AAATCTGCCCGCGTCC-1,0.877596,0.104673,0.017732
AAATGACTGATCAAAC-1,0.874205,0.012152,0.113643
AAATGATTCGATCAGC-1,0.010073,0.484572,0.505355
AAATGCTCGTTACGTT-1,0.000119,0.960711,0.03917
AAATGGCATGTCTTGT-1,0.000079,0.838915,0.161005
AAATGGCCCGTGCCCT-1,0.31753,0.142915,0.539555
AAATGGTCAATGTGCC-1,0.040729,0.365678,0.593594
AAATGTATCTTATCCC-1,0.010435,0.249426,0.740139
AAATTAACGGGTAGCT-1,0.000052,0.692547,0.307401
AAATTAATAAGCGCGA-1,0.038817,0.806635,0.154548
AAATTACACGACTCTG-1,0.00006,0.417989,0.581952
AAATTACCTATCGATG-1,0.000031,0.076258,0.923711
AAATTCCAGGTCCAAA-1,0.046866,0.068454,0.88468
AAATTGATAGTCCTTT-1,0.154483,0.178049,0.667468
AAATTGGTGAGAAGCA-1,0.142524,0.742777,0.114699
AAATTTGCGGGTGTGG-1,0.084264,0.873351,0.042385
AACAACTGGTAGTTGC-1,0.026571,0.127218,0.846211
AACAATACATTGTCGA-1,0.571742,0.000019,0.428239
AACAATTACTCTACGC-1,0.041011,0.7289,0.230089
AACACACGCTCGCCGC-1,0.000029,0.007899,0.992071
AACACGACTGTACTGA-1,0.091349,0.631485,0.277166
AACACGAGACGCGGCC-1,0.000231,0.262268,0.737501
AACAGCTGTGTGGCAA-1,0.701964,0.289374,0.008662
AACAGGAAATCGAATA-1,0.000059,0.394014,0.605927
AACAGGATGGGCCGCG-1,0.021863,0.465558,0.51258
AACAGGTAGTATGGAT-1,0.035864,0.427408,0.536728
AACATAGCGTGTATCG-1,0.878343,0.044571,0.077086
AACATATCAACTGGTG-1,0.03742,0.357116,0.605464
AACATCGATACGTCTA-1,0.00005,0.00005,0.9999
AACATTGAAGTTGATC-1,0.942539,0.057251,0.00021
AACATTGTGACTCGAG-1,0.881445,0.118355,0.000201
AACCAAGACTTCTCTG-1,0.016231,0.634104,0.349664
AACCATAGGGTTGAAC-1,0.936525,0.00148,0.061995
AACCATGGGATCGCTA-1,0.026274,0.587291,0.386436
AACCCAGAGACGGAGA-1,0.064918,0.696873,0.238209
AACCCATCCCATGATC-1,0.083742,0.132685,0.783573
AACCCGACAACCCGTG-1,0.809624,0.000032,0.190344
AACCCGCTGTATTCCA-1,0.881094,0.118403,0.000503
AACCCTACTGTCAATA-1,0.312614,0.465044,0.222343
AACCGAGCTTGGTCAT-1,0.051605,0.706285,0.24211
AACCGCTAAGGGATGC-1,0.000012,0.05191,0.948078
AACCGTTGTGTTTGCT-1,0.013851,0.985334,0.000815
AACCTCGCTTTAGCCC-1,0.633138,0.000051,0.366811
AACCTGTCACGGAATT-1,0.019457,0.335852,0.644691
AACCTTTAAATACGGT-1,0.088108,0.686637,0.225255
AACCTTTACGACGTCT-1,0.000056,0.34714,0.652803
AACGAAAGTCGTCCCA-1,0.183192,0.463892,0.352916
AACGATAATGCCGTAG-1,0.263543,0.120372,0.616085
AACGATAGAAGGGCCG-1,0.000099,0.790533,0.209368
AACGATATGTCAACTG-1,0.019288,0.593648,0.387064
AACGCATGATCTGGGT-1,0.000072,0.454906,0.545022
AACGCGACCTTGGGCG-1,0.82531,0.117383,0.057307
AACGCGGTCTCCAGCC-1,0.000075,0.332186,0.667739
AACGCTGTTGCTGAAA-1,0.042449,0.184447,0.773104
AACGGACGTACGTATA-1,0.181658,0.818209,0.000133
AACGGCCATCTCCGGT-1,0.026486,0.33942,0.634094
AACGTACTGTGGGTAC-1,0.004125,0.720948,0.274927
AACGTCAGACTAGTGG-1,0.01624,0.654976,0.328784
AACGTCATCCGGCTTG-1,0.692232,0.007577,0.300191
AACGTGATGAAGGACA-1,0.657716,0.341847,0.000437
AACGTGCGAAAGTCTC-1,0.072338,0.345726,0.581936
AACGTTATCAGCACCT-1,0.000085,0.304257,0.695658
AACTACCCGTTTGTCA-1,0.149233,0.66106,0.189707
AACTAGGCTTGGGTGT-1,0.026415,0.126319,0.847267
AACTCAAGTTAATTGC-1,0.001644,0.249849,0.748507
AACTCCAGAGCGTGTT-1,0.362702,0.543401,0.093897
AACTCCTAATCCCATG-1,0.000072,0.66989,0.330038
AACTCTCAATAGAGCG-1,0.035988,0.1507,0.813312
AACTCTCAGTGTGCTC-1,0.08841,0.148901,0.76269
AACTGATATTAGGCCT-1,0.004225,0.540388,0.455388
AACTGGGTCCCGACGT-1,0.000027,0.208118,0.791855
AACTTCTGCGTCTATC-1,0.00011,0.373591,0.626299
AACTTGCCCGTATGCA-1,0.000042,0.332507,0.667451
AACTTGCGTTCTCGCG-1,0.07455,0.587495,0.337954
AACTTTACGGGAGCTT-1,0.000092,0.799997,0.199911
AACTTTCTCGATCATG-1,0.003607,0.296417,0.699976
AAGAAAGTTTGATGGG-1,0.879709,0.084182,0.036109
AAGAAATCACCAGATT-1,0.09383,0.265875,0.640295
AAGACCAAATAACTCA-1,0.891378,0.079257,0.029365
AAGACCCAACTGAACA-1,0.665357,0.311073,0.02357
AAGACTGCAAGCTACT-1,0.0086,0.240324,0.751076
AAGAGATGAATCGGTA-1,0.035495,0.006872,0.957633
AAGAGCTCTTTATCGG-1,0.067332,0.262242,0.670425
AAGAGGATGTACGCGA-1,0.000014,0.008106,0.99188
AAGAGGCATGGATCGC-1,0.030018,0.098809,0.871173
AAGAGGCCCTTTGGAA-1,0.148084,0.303647,0.548269
AAGATGGCACCGGACC-1,0.292512,0.073242,0.634247
AAGATTGGCGGAACGT-1,0.002855,0.141213,0.855932
AAGCACCCTGCGTATC-1,0.549039,0.450661,0.000299
AAGCATACTCTCCTGA-1,0.122633,0.317302,0.560064
AAGCCACTTGCAGGTA-1,0.860933,0.095221,0.043846
AAGCCGAAGCGGTTTA-1,0.130983,0.717926,0.151091
AAGCCGCCGTGAAATC-1,0.83085,0.071016,0.098133
AAGCCGCTTTACCTTG-1,0.021506,0.331999,0.646495
AAGCGCAGGGCTTTGA-1,0.302817,0.418897,0.278286
AAGCGGAGTGCGCGCA-1,0.10234,0.239551,0.658109
AAGCGGCGTCATGGGT-1,0.08914,0.497121,0.413738
AAGCGTCCCTCATCGA-1,0.319683,0.679996,0.000321
AAGCTAGATCGAGTAA-1,0.09128,0.868692,0.040028
AAGCTATGGATTGACC-1,0.524435,0.000724,0.47484
AAGCTCGTGCCAAGTC-1,0.030228,0.414246,0.555526
AAGCTCTTTCATGGTG-1,0.194294,0.694367,0.111339
AAGGAGCGGTTGGTGC-1,0.045125,0.232249,0.722626
AAGGATCGATCGCTTG-1,0.057109,0.353634,0.589257
AAGGATGAGGGACCTC-1,0.100044,0.806299,0.093658
AAGGCAGGCTGTCTCC-1,0.031847,0.332718,0.635435
AAGGCGCGTAAAGCTT-1,0.000042,0.228589,0.771369
AAGGCTGTGCTCATCG-1,0.028862,0.291244,0.679893
AAGGGAACGACTGGCT-1,0.738509,0.128611,0.132879
AAGGGACAGATTCTGT-1,0.000016,0.000017,0.999967
AAGGGACTATGCATTC-1,0.479546,0.000037,0.520417
AAGGGTTTGATTTCAG-1,0.267233,0.401355,0.331411
AAGGTATCCTAATATA-1,0.019436,0.665435,0.315129
AAGGTGATAAACCAGC-1,0.038245,0.557892,0.403863
AAGTAGAAGACCGGGT-1,0.000029,0.004057,0.995915
AAGTAGTGACGCGAGG-1,0.049987,0.582453,0.36756
AAGTCAATTGTCGTCA-1,0.091581,0.40491,0.503508
AAGTCTAGTAGCTGCC-1,0.044214,0.33252,0.623266
AAGTCTTCTGTGGCCT-1,0.086635,0.514343,0.399023
AAGTGACGACCGAATT-1,0.000023,0.177722,0.822255
AAGTGAGTCGGGTTTA-1,0.689567,0.161592,0.148841
AAGTGCAAAGGTAGAC-1,0.039735,0.697692,0.262573
AAGTGCCTTGACTGTA-1,0.000015,0.005609,0.994376
AAGTGCGTTAGAATCT-1,0.029833,0.36851,0.601657
AAGTGCTTCTCTATTG-1,0.811168,0.052393,0.136439
AAGTGTTTGGAGACGG-1,0.000019,0.193665,0.806315
AAGTTCACTCCAAGCT-1,0.401814,0.597923,0.000262
AAGTTCAGTCTGCGTA-1,0.049342,0.243274,0.707384
AAGTTCGGCCAACAGG-1,0.01032,0.354075,0.635605
AAGTTGTGATGTTATA-1,0.223755,0.23121,0.545036
AAGTTTATGGGCCCAA-1,0.901128,0.015957,0.082915
AATAACAACGCTCGGC-1,0.000008,0.013503,0.986488
AATAACACTAGAACAA-1,0.008436,0.157719,0.833845
AATACAATGTTTCAGG-1,0.000061,0.559207,0.440733
AATACCGGAGGGCTGT-1,0.907715,0.090436,0.00185
AATACCTGATGTGAAC-1,0.098218,0.405792,0.49599
AATAGAACAGAGTGGC-1,0.000015,0.125562,0.874423
AATAGAATCTGTTTCA-1,0.098642,0.891002,0.010356
AATAGCTACCGCGTGC-1,0.014053,0.057157,0.928791
AATAGGCACGACCCTT-1,0.346304,0.00957,0.644125
AATAGTCCGTCCCGAC-1,0.402976,0.589664,0.00736
AATAGTCGCGAGTCGG-1,0.000055,0.125114,0.874832
AATATCCTAGCAAACT-1,0.068351,0.468682,0.462967
AATATCGAATCAATGC-1,0.092594,0.466055,0.441352
AATATCGAGGGTTCTC-1,0.003958,0.458619,0.537423
AATATTGGAGTATTGA-1,0.070931,0.285977,0.643092
AATCAGGTTTCATTTA-1,0.788022,0.006695,0.205283
AATCATGTAAAGACTC-1,0.29985,0.691734,0.008416
AATCCAAGGGCCTGAG-1,0.230088,0.769316,0.000596
AATCCCGCTCAGAGCC-1,0.858914,0.099061,0.042024
AATCGAGGTCTCAAGG-1,0.88121,0.003663,0.115128
AATCGCCTCAGCGCCA-1,0.027647,0.363118,0.609234
AATCGCGCAGAGGACT-1,0.000541,0.48602,0.513439
AATCGTGAGCCGAGCA-1,0.775553,0.091806,0.132641
AATCTAGGTTTACTTG-1,0.150798,0.79304,0.056161
AATCTATGCCGGAGCC-1,0.009588,0.168725,0.821686
AATCTCTACTGTGGTT-1,0.039762,0.003336,0.956902
AATCTGCGTTGGGACG-1,0.062893,0.538574,0.398533
AATCTGGCTTTCTAGT-1,0.011576,0.593941,0.394483
AATGACAGCAATGTCT-1,0.090254,0.885596,0.02415
AATGACGTAGGATGTC-1,0.00783,0.801171,0.190999
AATGACTGTCAGCCGG-1,0.000061,0.577846,0.422093
AATGAGTTCGCATATG-1,0.112097,0.825264,0.062639
AATGATGATACGCTAT-1,0.00007,0.656108,0.343821
AATGATGCGACTCCTG-1,0.000033,0.051056,0.948911
AATGCAACCGGGTACC-1,0.008042,0.615148,0.37681
AATGCACCAAGCAATG-1,0.000057,0.582362,0.417581
AATGGTCCACCGTTCA-1,0.003437,0.293041,0.703522
AATGGTTCTCACAAGC-1,0.005998,0.073089,0.920914
AATGTATGGCACTGTA-1,0.872892,0.023198,0.10391
AATGTGCCCGAGGTGT-1,0.072035,0.456606,0.471359
AATGTGCTAATCTGAG-1,0.976592,0.023268,0.00014
AATGTTAAGACCCTGA-1,0.70204,0.077277,0.220683
AATTAAAGGTCGGCGT-1,0.001262,0.109349,0.889389
AATTAACGGATTTCCA-1,0.313928,0.407636,0.278437
AATTACGAGACCCATC-1,0.624956,0.245417,0.129628
AATTAGCGCTGCAGCG-1,0.0384,0.419576,0.542024
AATTATACCCAGCAAG-1,0.977282,0.000238,0.02248
AATTCATAAGGGATCT-1,0.001334,0.159886,0.83878
AATTCATTGTCATGCA-1,0.808406,0.118839,0.072754
AATTCCAAGCATGTAC-1,0.912596,0.087223,0.000181
AATTCGATTCGAGGAT-1,0.32122,0.263048,0.415732
AATTCTAGAGTTAGGC-1,0.076168,0.881754,0.042078
AATTGAACGCTCTGGT-1,0.159888,0.138074,0.702038
AATTGCAGCAATCGAC-1,0.808042,0.172517,0.019441
AATTGCGTGGATTACA-1,0.907645,0.005916,0.086439
AATTTGGGACATAGTA-1,0.000072,0.565657,0.434271
AATTTGGTTCCAAAGA-1,0.026382,0.88091,0.092708
ACAAACCATGCGTCCT-1,0.965608,0.012869,0.021524
ACAAACTCCATCAGAG-1,0.871498,0.128079,0.000423
ACAAAGAAGGTAGGCC-1,0.023423,0.561392,0.415184
ACAAAGCATGACCTAG-1,0.723917,0.082638,0.193445
ACAAATCGCACCGAAT-1,0.089414,0.910467,0.000119
ACAAATGGTAGTGTTT-1,0.031976,0.498209,0.469815
ACAACAGCATGAGCTA-1,0.082318,0.337804,0.579879
ACAACGGTCCCTGCGA-1,0.000049,0.489079,0.510872
ACAAGCAGTGCCTAGC-1,0.000021,0.156123,0.843856
ACAAGCTATATGGAAG-1,0.001487,0.231001,0.767512
ACAAGGAAATCCGCCC-1,0.072223,0.80148,0.126297
ACAAGGACAAGAGGTT-1,0.000025,0.113898,0.886077
ACAAGGATGCTTTAGG-1,0.431886,0.108613,0.4595
ACAAGGGCAGGCTCTG-1,0.02702,0.181408,0.791572
ACAAGTAATTGTAAGG-1,0.954539,0.010102,0.035359
ACAATAGTCGTACGTT-1,0.038195,0.135642,0.826163
ACAATCCATTTAAACC-1,0.104432,0.345898,0.54967
ACAATGAATACGGAGA-1,0.405833,0.593958,0.000209
ACAATTGTGTCTCTTT-1,0.000018,0.028701,0.971281
ACAATTTAGGAGGCTC-1,0.000044,0.101008,0.898948
ACAATTTGAGCAGTGG-1,0.062868,0.520511,0.41662
ACACAAAGACGGGTGG-1,0.006863,0.515227,0.477909
ACACAAATATTCCTAG-1,0.148372,0.591081,0.260547
ACACACCAGGACCAGT-1,0.051646,0.932911,0.015443
ACACACTTTCTACACG-1,0.000105,0.486435,0.51346
ACACATGATCAAATCT-1,0.716485,0.226998,0.056517
ACACATTTCCGTAGAC-1,0.82218,0.000141,0.177678
ACACCACATAATTAGC-1,0.013786,0.190793,0.795421
ACACCCAGCATGCAGC-1,0.000048,0.322637,0.677314
ACACCCGAGAAATCCG-1,0.005696,0.18917,0.805134
ACACCGGTCTGACCGC-1,0.34513,0.000014,0.654856
ACACCTTAAGTAGGGC-1,0.000043,0.219509,0.780448
ACACCTTACTACTTGC-1,0.093138,0.692721,0.214141
ACACGAGACTCCTTCT-1,0.044902,0.08748,0.867618
ACACGGGAACTTAGGG-1,0.394703,0.161783,0.443514
ACACGTAGGCCACAAG-1,0.152499,0.313351,0.53415
ACACTCCAATGTCACT-1,0.013751,0.567549,0.4187
ACACTGATCAAGGTGT-1,0.038655,0.365101,0.596245
ACAGAACTGAGAACAA-1,0.087431,0.001369,0.911199
ACAGCATAGAGCCAGT-1,0.15673,0.719915,0.123355
ACAGCGACATTCTCAT-1,0.276942,0.020468,0.70259
ACAGCGCACCCGCAGC-1,0.177707,0.744893,0.0774
ACAGGCACGGATCCTT-1,0.938277,0.044993,0.016729
ACAGGCTTGCCCGACT-1,0.050881,0.743056,0.206063
ACAGGTGGAGGTGAGG-1,0.015238,0.61573,0.369032
ACAGGTGTGTTGTTGC-1,0.474012,0.107885,0.418103
ACAGTAATACAACTTG-1,0.009566,0.117425,0.873009
ACAGTATACCGTGGGA-1,0.000053,0.274808,0.725139
ACATAAGTCGTGGTGA-1,0.181595,0.031325,0.78708
ACATAATAAGGCGGTG-1,0.001824,0.338111,0.660066
ACATACAATCAAGCGG-1,0.841839,0.156273,0.001889
ACATCAGCTGGGACGC-1,0.032423,0.156118,0.81146
ACATCCCGGCCATACG-1,0.097121,0.421925,0.480954
ACATCCTGGTAACTGT-1,0.376778,0.301081,0.322141
ACATCGATCGTTTACC-1,0.043463,0.261094,0.695444
ACATCGCAATATTCGG-1,0.738829,0.240641,0.02053
ACATCGGTCAGCCGCG-1,0.024612,0.347807,0.62758
ACATCGTATGCAATGG-1,0.006061,0.885227,0.108712
ACATCGTTAACCTAGT-1,0.062169,0.579711,0.358121
ACATGCTTACGGCAGC-1,0.911042,0.088667,0.000291
ACATGGCGCCAAAGTA-1,0.000027,0.361478,0.638495
ACATTAGTTTATATCC-1,0.025202,0.134565,0.840234
ACATTCGCGCGGAATA-1,0.751625,0.163573,0.084802
ACATTTGAAACCTAAC-1,0.636194,0.071843,0.291963
ACCAAACACCCAGCGA-1,0.027019,0.406137,0.566844
ACCAACACCACACACT-1,0.000047,0.35074,0.649213
ACCAACCGCACTCCAC-1,0.669235,0.00005,0.330715
ACCAACGCTTATTTAT-1,0.019761,0.417597,0.562642
ACCAAGAACGCGTGTC-1,0.000054,0.221222,0.778724
ACCAATATGCAAGTTA-1,0.23546,0.764336,0.000204
ACCACAAGTTTCTATC-1,0.060016,0.426691,0.513293
ACCACACGGTTGATGG-1,0.800276,0.084237,0.115488
ACCACCAATGTAACAA-1,0.087122,0.676704,0.236174
ACCACCCTCTCTTCTA-1,0.034296,0.433689,0.532015
ACCACGTGCAGCTATA-1,0.024824,0.785,0.190176
ACCAGACCATAACAAC-1,0.000014,0.001153,0.998832
ACCAGTGCCCGGTCAA-1,0.154293,0.515152,0.330555
ACCAGTGCGGGAGACG-1,0.003903,0.118865,0.877231
ACCATATCCGCAATAA-1,0.025108,0.207447,0.767445
ACCATCCGCCAACTAG-1,0.034471,0.387676,0.577853
ACCATCGTATATGGTA-1,0.00006,0.5607,0.43924
ACCCAACGCCCGTGGC-1,0.005083,0.609482,0.385435
ACCCACCTACATGCTC-1,0.005956,0.514968,0.479075
ACCCATCTTGAGGGTA-1,0.061702,0.353094,0.585204
ACCCATTTGTCCCTCT-1,0.720592,0.07638,0.203028
ACCCGAGCGAAATTAC-1,0.800314,0.189273,0.010413
ACCCGATTGGTTCCGA-1,0.92774,0.013349,0.05891
ACCCGGAAACTCCCAG-1,0.403197,0.00003,0.596773
ACCCGGATGACGCATC-1,0.011157,0.030188,0.958654
ACCCGGTTACACTTCC-1,0.000023,0.17371,0.826267
ACCCGTAGCAGAGAAT-1,0.609866,0.000033,0.390101
ACCCGTGTCATCAGTA-1,0.159879,0.18741,0.652711
ACCCTATGCCATATCG-1,0.319149,0.646369,0.034482
ACCCTCCCGTCAGGGC-1,0.947459,0.052345,0.000196
ACCCTCCCTTGCTATT-1,0.089157,0.700793,0.210051
ACCCTGGTAACGCCCT-1,0.00005,0.163168,0.836783
ACCCTTCATCTGCGAA-1,0.000108,0.49023,0.509663
ACCCTTGCCTGGGTCG-1,0.030589,0.206708,0.762702
ACCGAAAGGGCCCTGC-1,0.108009,0.474555,0.417436
ACCGAAGAGTCTGGTT-1,0.015683,0.000026,0.984291
ACCGACACATCTCCCA-1,0.702919,0.223796,0.073286
ACCGACTGAGTCCCAC-1,0.005667,0.000166,0.994167
ACCGAGTCTCCTTATT-1,0.964306,0.035424,0.00027
ACCGATGGTAGCATCG-1,0.000609,0.365162,0.634229
ACCGCAATAACTGCCT-1,0.218232,0.781596,0.000172
ACCGCGGTGGAAGTCG-1,0.072293,0.476073,0.451634
ACCGCTAGTCATTGGT-1,0.963749,0.000095,0.036156
ACCGGGCCTTTGTTGA-1,0.041969,0.484389,0.473643
ACCGGTCAGGTACACC-1,0.553654,0.42648,0.019867
ACCGTCCACTGGGCCC-1,0.221476,0.027529,0.750995
ACCGTGACCACGTGGG-1,0.424516,0.173325,0.40216
ACCTAAGTACCTTTCA-1,0.000017,0.006733,0.99325
ACCTAATCGACTTCCT-1,0.036316,0.465482,0.498201
ACCTACAGTATGTGGT-1,0.000246,0.549547,0.450207
ACCTACTATAAATCTA-1,0.3831,0.000053,0.616847
ACCTCAGCGAGGCGCA-1,0.243092,0.723411,0.033497
ACCTCCGCCCTCGCTG-1,0.00003,0.312253,0.687717
ACCTCCGTTATTCACC-1,0.056455,0.315242,0.628303
ACCTCGAACTTATGCT-1,0.934156,0.021374,0.044469
ACCTGCGTGTCATGTT-1,0.031,0.026892,0.942108
ACGAAATGGGCGGCAC-1,0.002466,0.325812,0.671723
ACGACTCTAGGGCCGA-1,0.958102,0.041739,0.000159
ACGACTGGTCATACTC-1,0.566278,0.004856,0.428866
ACGAGATATTTGCTTA-1,0.378242,0.513587,0.108171
ACGAGGATACCACTCT-1,0.001472,0.045959,0.952569
ACGAGGTTTACAACGT-1,0.375189,0.247363,0.377448
ACGAGTACGGATGCCC-1,0.000019,0.034801,0.96518
ACGATACATAGAACTA-1,0.00005,0.294233,0.705717
ACGATACCTATCCTGA-1,0.027862,0.832534,0.139605
ACGATCATACATAGAG-1,0.000052,0.451448,0.5485
ACGATCATCTTGTAAA-1,0.007619,0.013814,0.978567
ACGATGCATATGTTAT-1,0.00001,0.00001,0.99998
ACGATGGATCCGATGC-1,0.074027,0.925311,0.000662
ACGCAAACTAATAGAT-1,0.70811,0.291686,0.000204
ACGCAATCACTACAGC-1,0.029004,0.464139,0.506857
ACGCATACGTTTACTA-1,0.178959,0.725732,0.095309
ACGCATTCGTGAGTAC-1,0.000043,0.226078,0.773879
ACGCCACTCGAAACAG-1,0.868947,0.026758,0.104296
ACGCCAGATGATTTCT-1,0.052262,0.634561,0.313177
ACGCCAGTGCGTTTGC-1,0.194614,0.301988,0.503398
ACGCCGCTAGACGACC-1,0.001008,0.427224,0.571768
ACGCGAAGTCAGACGA-1,0.136974,0.83711,0.025916
ACGCGCTACACAGGGT-1,0.266249,0.646206,0.087545
ACGCGGGCCAAGGACA-1,0.021471,0.261329,0.717201
ACGCGTTTCTTAAGAG-1,0.06547,0.024273,0.910257
ACGCTAGTGATACACT-1,0.080805,0.397114,0.522081
ACGCTGTGAGGCGTAG-1,0.001249,0.693792,0.304959
ACGGAACACGAGTGCC-1,0.154863,0.287853,0.557285
ACGGAATTTAGCAAAT-1,0.205656,0.79399,0.000354
ACGGACGCAGCGACAA-1,0.716427,0.006923,0.27665
ACGGACTCTCAAAGCG-1,0.554423,0.063107,0.38247
ACGGAGCGCAAATTAC-1,0.000046,0.211011,0.788943
ACGGATGGTGCGGATA-1,0.158768,0.051376,0.789855
ACGGCACTTGCTTGGG-1,0.033681,0.966096,0.000223
ACGGCCAACATGGACT-1,0.03141,0.685731,0.282858
ACGGCGACGATGGGAA-1,0.04774,0.202281,0.749979
ACGGCTGGATGTAGAA-1,0.790843,0.178529,0.030628
ACGGGAGTGTCGGCCC-1,0.1158,0.275399,0.6088
ACGGGCGTATGCGACA-1,0.000039,0.173473,0.826488
ACGGGTCATGTGACTT-1,0.053973,0.473396,0.472632
ACGGGTTGTGACCTGT-1,0.800298,0.109443,0.090259
ACGGTACAGTTCAATG-1,0.962074,0.027717,0.01021
ACGGTCACCGAGAACA-1,0.717637,0.003881,0.278481
ACGTACAGATTTCTCT-1,0.172247,0.826912,0.000841
ACGTACTTTGGCACGG-1,0.824434,0.069498,0.106068
ACGTAGATTGCTGATG-1,0.01517,0.00347,0.98136
ACGTAGGAGAGTCGCT-1,0.905075,0.094626,0.000299
ACGTATTACTCCGATC-1,0.003087,0.000016,0.996897
ACGTCGGGCAACTCGG-1,0.900812,0.079888,0.0193
ACGTCTCGTTCCGGGA-1,0.003044,0.147041,0.849915
ACGTGACAAAGTAAGT-1,0.03345,0.142424,0.824126
ACGTGCGCCTCGTGCA-1,0.000073,0.423686,0.576241
ACGTTAATGTCGAAGA-1,0.000069,0.16807,0.831861
ACGTTAGATTTGCCCG-1,0.040629,0.21213,0.747241
ACGTTATTGGTCACTC-1,0.000066,0.106611,0.893322
ACGTTCACTATGCCGC-1,0.896102,0.089002,0.014896
ACGTTCGCAATCAATT-1,0.060038,0.581405,0.358557
ACGTTCGTTCAGGAAA-1,0.713406,0.227707,0.058888
ACGTTCTGTACAAGTC-1,0.709593,0.13057,0.159837
ACGTTGTCGTTGAAAG-1,0.962277,0.037385,0.000338
ACGTTTAGTTGTGATC-1,0.000086,0.490517,0.509397
ACTAATACGTCAGGCG-1,0.085912,0.424517,0.489571
ACTACAAAGAGAGGTG-1,0.922479,0.077317,0.000204
ACTACATCCCGACAAG-1,0.783746,0.195026,0.021228
ACTACCAGCTCTCTGG-1,0.000039,0.095493,0.904468
ACTACCATCCGAGGGC-1,0.821782,0.046946,0.131272
ACTACGCGTTAGAATT-1,0.310227,0.118991,0.570783
ACTAGTTGCGATCGTC-1,0.164538,0.826874,0.008588
ACTATATGCTGTGTTC-1,0.09109,0.815626,0.093284
ACTATCCAGGGCATGG-1,0.000184,0.214534,0.785281
ACTATCTGCCCGCGTA-1,0.053272,0.295046,0.651683
ACTATGTCCAGCTGCC-1,0.821769,0.113414,0.064817
ACTATTCGTCCGTGGT-1,0.000071,0.330975,0.668954
ACTATTTCCGGGCCCA-1,0.380588,0.606124,0.013288
ACTCAAGTGCAAGGCT-1,0.576067,0.423591,0.000342
ACTCAATAAAGGCACG-1,0.006401,0.352646,0.640954
ACTCAGACCTGCTTCT-1,0.106345,0.341119,0.552536
ACTCATGGCAGCCTTC-1,0.991015,0.003885,0.0051
ACTCCAATATCATCAT-1,0.743948,0.1187,0.137351
ACTCCCATTCCTAAAG-1,0.119696,0.868194,0.01211
ACTCCCGAATTCGTTT-1,0.057942,0.395027,0.547032
ACTCCCGTAGACTAGG-1,0.002336,0.346575,0.651089
ACTCCCTAATGCTAAA-1,0.496898,0.340083,0.163019
ACTCCCTAGAATAGTA-1,0.056296,0.583204,0.3605
ACTCCGGCCGACCACT-1,0.703145,0.095023,0.201833
ACTCGATGTATTTCAT-1,0.001124,0.750363,0.248512
ACTCGTAACCCGTCCT-1,0.131327,0.199194,0.669478
ACTCGTCAGTAATCCC-1,0.000016,0.000016,0.999968
ACTCTAAACCTGGGAT-1,0.031438,0.581793,0.386768
ACTCTCTGACTTAGGT-1,0.000022,0.075122,0.924856
ACTCTCTTATACACGA-1,0.181283,0.541308,0.277409
ACTCTGACCTAATAGA-1,0.935484,0.023085,0.041431
ACTCTTGTATAGTAAC-1,0.000016,0.021965,0.97802
ACTGAAACGCCGTTAG-1,0.063997,0.332926,0.603077
ACTGAATGGCGAAAGT-1,0.146471,0.588533,0.264996
ACTGCCCGCCATTCTC-1,0.800428,0.000076,0.199495
ACTGCCGTCGTAACTC-1,0.000067,0.158549,0.841384
ACTGCGGACACACCGT-1,0.00003,0.321257,0.678713
ACTGCTCGGAAGGATG-1,0.01986,0.558634,0.421506
ACTGGGATGCCAGTGC-1,0.935092,0.000101,0.064807
ACTGTACGATACACAT-1,0.000015,0.001969,0.998016
ACTGTAGCACTTTGGA-1,0.049172,0.788017,0.162811
ACTGTATACGCGAGCA-1,0.08119,0.439818,0.478993
ACTGTCCAGGATTATA-1,0.000211,0.12387,0.875919
ACTGTCTTCTTTAGAA-1,0.00025,0.476063,0.523687
ACTGTGCTAGTAGATC-1,0.043441,0.49684,0.459718
ACTTACCGGGCGCGCA-1,0.153048,0.846622,0.00033
ACTTACGCATCCACGC-1,0.43405,0.565687,0.000263
ACTTAGTACGACAAGA-1,0.054257,0.367548,0.578195
ACTTATACTTACCCGG-1,0.051177,0.727767,0.221056
ACTTATTAGGATCGGT-1,0.00002,0.00002,0.999959
ACTTATTTATGTGCCA-1,0.000018,0.000018,0.999964
ACTTCAGGCTGATCCC-1,0.040329,0.959449,0.000223
ACTTCCAGTGGAAGCT-1,0.20789,0.491433,0.300677
ACTTCCATGCGGGACA-1,0.654828,0.297374,0.047798
ACTTCGCCATACGCAC-1,0.000076,0.324603,0.675321
ACTTGACTCCCTCTTT-1,0.015831,0.405955,0.578214
ACTTGCTCTATCTACC-1,0.897592,0.083366,0.019042
ACTTGGGACCCGGTGG-1,0.000018,0.003292,0.99669
ACTTGGGCTTTCGCCA-1,0.345211,0.266366,0.388423
ACTTGTAGTCCCTTCA-1,0.333166,0.512431,0.154403
ACTTGTGGATGGAACG-1,0.087098,0.62507,0.287833
ACTTGTTACCGGATCA-1,0.924082,0.064972,0.010946
ACTTTACCCTCATGAA-1,0.028407,0.387527,0.584066
ACTTTATACACCACTT-1,0.626517,0.279444,0.09404
ACTTTCCTATAGCTTC-1,0.00004,0.106576,0.893384
ACTTTGACTGCATCCT-1,0.007894,0.126456,0.86565
ACTTTGGTCGTGCTCC-1,0.31808,0.000028,0.681892
AGAACACGGCGATGGT-1,0.997125,0.002664,0.000211
AGAACCCTCAATTGGG-1,0.902668,0.077881,0.019451
AGAACGTGGTACATTC-1,0.016274,0.670574,0.313152
AGAACTGTACTTTGTA-1,0.759723,0.095337,0.14494
AGAAGAGCGCCGTTCC-1,0.015362,0.061384,0.923254
AGAAGGTACACTTCAC-1,0.009868,0.445535,0.544597
AGAAGGTTGCCGAATT-1,0.002096,0.425147,0.572757
AGAAGGTTGTAGGTCG-1,0.704029,0.217332,0.078639
AGAAGTGATTCGTGAT-1,0.053475,0.86616,0.080364
AGAATAAATCTTCAGG-1,0.173069,0.322249,0.504682
AGAATACAGGCTATCC-1,0.327546,0.246259,0.426196
AGAATGCGGGTTCGGA-1,0.266984,0.732555,0.000461
AGAATTATGGATTCGA-1,0.040429,0.843339,0.116231
AGAATTGTTTGACATA-1,0.000044,0.083664,0.916292
AGACAGCTCAGAATCC-1,0.000044,0.05952,0.940436
AGACCAAACCACACCT-1,0.000672,0.438131,0.561197
AGACCATGGGATACAA-1,0.003184,0.05315,0.943666
AGACCCACCGCTGATC-1,0.020792,0.646603,0.332605
AGACCCGCCCTCCTCG-1,0.006317,0.059879,0.933804
AGACCGCTCCGCGGTT-1,0.04654,0.375234,0.578226
AGACCGGGAAACCCTG-1,0.013386,0.248524,0.73809
AGACGAAGTGCCGGTC-1,0.007077,0.103346,0.889577
AGACGACGATGCCGCT-1,0.023899,0.257926,0.718175
AGACTAGCCTTCCAGA-1,0.000054,0.433965,0.565981
AGACTGTTACCGGGTC-1,0.740584,0.259136,0.00028
AGAGAAACACCAGAAA-1,0.936528,0.055472,0.008001
AGAGAACCGTCTAGGA-1,0.000012,0.03636,0.963628
AGAGAAGGAGTACAAT-1,0.198453,0.037173,0.764373
AGAGATCTCTAAAGCG-1,0.000029,0.318396,0.681575
AGAGCAGTTATGAGAC-1,0.00002,0.00002,0.99996
AGAGCCGCCGAGATTT-1,0.059874,0.298286,0.64184
AGAGCGCTTGTAACGG-1,0.108284,0.383236,0.50848
AGAGCGGGCTAATCAT-1,0.003257,0.626686,0.370058
AGAGCGTACAAGCTCG-1,0.000042,0.12319,0.876768
AGAGGCTTCGGAAACC-1,0.000017,0.179716,0.820268
AGAGTAAACTTCACTA-1,0.079527,0.75055,0.169923
AGAGTATAGTGTTACG-1,0.004439,0.337058,0.658504
AGAGTTGCAGGCCTCC-1,0.080435,0.337002,0.582563
AGATAACTTCAGGGCC-1,0.012722,0.42845,0.558827
AGATAATCACACCTAT-1,0.860066,0.005051,0.134883
AGATACCAGCACTTCA-1,0.000053,0.182907,0.81704
AGATACCGGTGTTCAC-1,0.010969,0.171489,0.817541
AGATACGACTTCATAT-1,0.072542,0.589793,0.337665
AGATACTCAAGATCGA-1,0.057825,0.137906,0.80427
AGATATAATACGACTA-1,0.937597,0.014005,0.048398
AGATCGTGCATAAGAT-1,0.000041,0.379983,0.619976
AGATCTCAGGTGTGAT-1,0.000058,0.703104,0.296838
AGATCTGGAGAGGATA-1,0.898245,0.101466,0.000289
AGATGACTCGCCCACG-1,0.000065,0.274144,0.725792
AGATGAGGGTTGCGAT-1,0.009,0.554732,0.436269
AGATGATGGAGTCTGG-1,0.000021,0.011955,0.988024
AGATGCAAGACGTGCA-1,0.139266,0.007096,0.853638
AGATGCATCCTGTGTC-1,0.007455,0.396252,0.596293
AGATTATAGGACGTTT-1,0.004977,0.016325,0.978698
AGATTCACAACCGATA-1,0.017254,0.469128,0.513618
AGCAAAGGCCGCTAGT-1,0.378424,0.17581,0.445766
AGCAACATATCTTATT-1,0.143238,0.194403,0.662359
AGCAACCGAAAGTAAT-1,0.000017,0.091035,0.908948
AGCACACGTTTAGACT-1,0.959098,0.040697,0.000205
AGCACCAGTACTCACG-1,0.000049,0.344672,0.655279
AGCACTACCGGCCTGT-1,0.000032,0.208939,0.791029
AGCACTACCTCACCAG-1,0.076782,0.923044,0.000174
AGCACTTAAGGACGCC-1,0.011423,0.057491,0.931085
AGCAGAAGGAGAAAGA-1,0.320248,0.000015,0.679738
AGCAGCCAGATGAATA-1,0.164285,0.190888,0.644827
AGCAGTCGAAGCATGC-1,0.621666,0.000122,0.378211
AGCATATCAATATGCT-1,0.198532,0.799266,0.002202
AGCATCATTTCGAAAG-1,0.005413,0.42763,0.566957
AGCATCGTCGATAATT-1,0.013928,0.829691,0.156381
AGCATTACGAGGCAAG-1,0.27739,0.199075,0.523536
AGCCAAGCTTTGTGTC-1,0.740224,0.035359,0.224417
AGCCACAGGTTACCCG-1,0.822626,0.177105,0.000269
AGCCACTCCCGTGCTT-1,0.000054,0.191175,0.808771
AGCCATATAGTATGTG-1,0.871843,0.104299,0.023858
AGCCCATACATGTAAG-1,0.000028,0.244357,0.755614
AGCCCGCAACAAGCAG-1,0.911594,0.022087,0.066319
AGCCCGGCATTAGAGG-1,0.884866,0.112867,0.002267
AGCCCGGTAGCCTGTA-1,0.290287,0.599829,0.109883
AGCCCTAAGCGAAGTT-1,0.000093,0.420224,0.579683
AGCCCTCCCTGGTGGC-1,0.927318,0.001466,0.071217
AGCCCTGTCGCACCGT-1,0.027013,0.241527,0.73146
AGCCCTTCTAATCCGA-1,0.010376,0.488847,0.500777
AGCCGCAAATTCAAAT-1,0.001124,0.026387,0.972489
AGCCGTGGCTAAATGT-1,0.100367,0.899489,0.000145
AGCCTAATACCCACGT-1,0.000016,0.139471,0.860513
AGCCTTAAAGCGGAAG-1,0.000072,0.57498,0.424948
AGCCTTGTCACTGATA-1,0.775827,0.223361,0.000812
AGCGACAGGAACGGTC-1,0.137909,0.858863,0.003228
AGCGACATCCCATTCA-1,0.000051,0.082809,0.91714
AGCGACCAACGATATT-1,0.000079,0.86367,0.13625
AGCGACTTTGAAGACA-1,0.945447,0.012123,0.04243
AGCGAGACGTGAAGGC-1,0.938485,0.020661,0.040854
AGCGATGCGCCTAATA-1,0.173342,0.200468,0.62619
AGCGCATAATGAATCG-1,0.653632,0.32435,0.022019
AGCGCGGGTGCCAATG-1,0.000069,0.979912,0.020019
AGCGCTAGAGCGATGT-1,0.023058,0.194803,0.782139
AGCGCTTATGGGCAAG-1,0.090847,0.603975,0.305177
AGCGGACACTTCGTAG-1,0.792818,0.104424,0.102758
AGCGGCGGTTAGCGGT-1,0.014574,0.443139,0.542287
AGCGGGAAGGGTCCAT-1,0.000261,0.649771,0.349968
AGCGGGTCTGACACTC-1,0.68279,0.162834,0.154377
AGCGGTTGCCGCTCTG-1,0.000046,0.065005,0.934949
AGCGTGGTATTCTACT-1,0.046303,0.294745,0.658952
AGCTAACAAGCAATGT-1,0.451309,0.212146,0.336545
AGCTAAGCTCCGTCCG-1,0.908837,0.081245,0.009918
AGCTAAGTACGCAGGC-1,0.466111,0.091639,0.442251
AGCTAGAAGCAGAAGT-1,0.000024,0.03232,0.967656
AGCTATTTAATCCAAC-1,0.000079,0.480185,0.519736
AGCTCCATATATGTTC-1,0.099315,0.377718,0.522967
AGCTCCTTCGCACATC-1,0.114119,0.095887,0.789994
AGCTCGTTGATGGAAA-1,0.022807,0.512821,0.464373
AGCTCTAGACGTTCCA-1,0.022631,0.160469,0.8169
AGCTCTTCCCAGTGCA-1,0.000061,0.349992,0.649947
AGCTCTTCGTAACCTT-1,0.035906,0.619917,0.344176
AGCTCTTTACTCAGTT-1,0.068957,0.662247,0.268796
AGCTGAAGTAAACCAA-1,0.013642,0.802373,0.183986
AGCTGTAACCTCAATC-1,0.072072,0.473881,0.454047
AGCTTCTTCTCGAGCA-1,0.898642,0.050841,0.050516
AGCTTGATCAGGGTAG-1,0.883173,0.046081,0.070746
AGCTTGATCTTAACTT-1,0.008811,0.908064,0.083125
AGGAAGCTGTCCGCCG-1,0.114687,0.008082,0.877231
AGGACAGTCGAATCCC-1,0.12455,0.531567,0.343883
AGGACATCGCACGTCG-1,0.001839,0.291332,0.706829
AGGACGACCCATTAGA-1,0.015233,0.020356,0.964411
AGGACGCTCGATGTTG-1,0.000053,0.304174,0.695773
AGGAGACATCCACAGT-1,0.030448,0.328863,0.640689
AGGAGAGTCTGGCTAC-1,0.034292,0.320719,0.644989
AGGAGGCCTTCGCGCG-1,0.056829,0.251019,0.692152
AGGATAAAGTCGGGAT-1,0.071503,0.498479,0.430018
AGGATATAGGGATTTA-1,0.127838,0.858366,0.013796
AGGATATCCGACTGCA-1,0.929933,0.005123,0.064945
AGGATCACGCGATCTG-1,0.000059,0.030964,0.968977
AGGATTGCTTACGACA-1,0.01912,0.375086,0.605794
AGGCAGATGCGTAAAC-1,0.021139,0.310951,0.66791
AGGCAGGGAGCGTACT-1,0.347344,0.652322,0.000334
AGGCATTGTCGTAGGG-1,0.030063,0.881825,0.088111
AGGCCACCCGTTATGA-1,0.003625,0.883499,0.112876
AGGCCCATTGTACAGG-1,0.000103,0.459807,0.54009
AGGCCCTAGAACGCCA-1,0.044717,0.637799,0.317484
AGGCCTATCATACCAA-1,0.800201,0.00006,0.19974
AGGCCTGAGAATCTCG-1,0.636226,0.349978,0.013796
AGGCGGTTTGTCCCGC-1,0.714357,0.237259,0.048384
AGGCGTCTATGGACGG-1,0.003502,0.331255,0.665243
AGGCTATGGTTAGCTT-1,0.012772,0.558885,0.428342
AGGCTTAAGTTGCACA-1,0.740934,0.006994,0.252073
AGGCTTCCCGAAGAAG-1,0.000027,0.37065,0.629323
AGGCTTGCTAGACACC-1,0.000094,0.921339,0.078567
AGGGAAACGAGGTACT-1,0.00008,0.52307,0.47685
AGGGACCGGCTGCGTT-1,0.010512,0.179018,0.81047
AGGGACTCTACGCGAC-1,0.341119,0.658615,0.000266
AGGGAGACATACTTCG-1,0.000039,0.365332,0.634629
AGGGCAGCGGCGTGGT-1,0.077024,0.517153,0.405823
AGGGCGAGCAGCTGAT-1,0.056835,0.535708,0.407457
AGGGCGTGATCGGCTA-1,0.000073,0.668634,0.331292
AGGGCTGCAGTTACAG-1,0.040609,0.487513,0.471878
AGGGTCAGAGCACTCG-1,0.898574,0.056183,0.045243
AGGGTCAGTAACCCTA-1,0.00006,0.307878,0.692062
AGGGTCGATGCGAACT-1,0.022314,0.100756,0.87693
AGGGTGCCGTTCTTTA-1,0.800393,0.198623,0.000984
AGGGTGCTCTCGAGGG-1,0.000014,0.000892,0.999094
AGGGTGGATAGTGCAT-1,0.031642,0.522407,0.445951
AGGGTTCAGACGGTCC-1,0.870196,0.000055,0.129748
AGGGTTCCCTTTGGTT-1,0.03357,0.046271,0.920159
AGGGTTTAGTTCGGGA-1,0.028552,0.083878,0.887569
AGGTAACCTCCTATTC-1,0.268902,0.607205,0.123893
AGGTACGATATTGCCA-1,0.000179,0.988171,0.01165
AGGTAGATCGAGATAT-1,0.808413,0.179191,0.012396
AGGTAGGTACAAAGCT-1,0.00001,0.081292,0.918697
AGGTATAATTGATAGT-1,0.009557,0.101131,0.889312
AGGTCAGGTGAGAGTG-1,0.124539,0.875291,0.00017
AGGTCGCGGAGTTACT-1,0.004079,0.056205,0.939716
AGGTGGTGACCTTCGC-1,0.721781,0.25757,0.020649
AGGTGTATCGCCATGA-1,0.081572,0.490949,0.427479
AGGTTACACCATGCCG-1,0.042556,0.853419,0.104025
AGGTTCTCCTTTCCGG-1,0.952748,0.038913,0.008339
AGGTTGAGGCACGCTT-1,0.007931,0.53306,0.459009
AGGTTTCACACACCTT-1,0.010771,0.173092,0.816137
AGTAAGGGACAGAATC-1,0.289769,0.003869,0.706362
AGTAATCTAAGGGTGG-1,0.906728,0.092543,0.000729
AGTAATGTCTTGCCGC-1,0.00011,0.64341,0.35648
AGTAATTTGCAAGCGT-1,0.80126,0.005184,0.193557
AGTACAGAAGCTTATA-1,0.713531,0.000043,0.286426
AGTACATCATTTATCA-1,0.129569,0.081562,0.78887
AGTACCTTCGAGTGCT-1,0.233281,0.54899,0.217729
AGTACGGCCCGTATCG-1,0.047588,0.222695,0.729717
AGTACGGGCACCTGGC-1,0.035804,0.572551,0.391645
AGTACGTGGCCTGTCT-1,0.153304,0.637403,0.209293
AGTACTCTTATGCCCA-1,0.227676,0.712882,0.059442
AGTAGAAGGCGCCTCA-1,0.870053,0.129756,0.000192
AGTAGGAAGGAAGTTG-1,0.000028,0.064916,0.935056
AGTAGGTAACATACAT-1,0.035445,0.83143,0.133126
AGTATAATACTAGGCA-1,0.000031,0.128851,0.871118
AGTATACACAGCGACA-1,0.806471,0.193363,0.000167
AGTATGCTGGAGACCA-1,0.314722,0.685034,0.000244
AGTATTTGGCACGACC-1,0.276885,0.722823,0.000292
AGTCAAATGATGTGAT-1,0.608131,0.000038,0.391831
AGTCAACACCACCATC-1,0.040002,0.183851,0.776147
AGTCAAGATGACACTT-1,0.000011,0.003511,0.996479
AGTCACTAGCTCTCGA-1,0.189807,0.721251,0.088942
AGTCAGCCACCGCCTG-1,0.103726,0.790717,0.105557
AGTCCATTGGCTGATG-1,0.033386,0.891292,0.075322
AGTCCCGCCTTTAATT-1,0.000057,0.204009,0.795934
AGTCCCTCGCAGAAAG-1,0.000032,0.290755,0.709212
AGTCGAAACGATTCAG-1,0.700168,0.05332,0.246512
AGTCGACGGTCTCAAG-1,0.037088,0.311309,0.651604
AGTCGGCCCAAACGAC-1,0.013343,0.370612,0.616044
AGTCGGCTCAACTTTA-1,0.111564,0.782222,0.106214
AGTCGGTTGCGTGAGA-1,0.048014,0.729726,0.22226
AGTCGTATAAAGCAGA-1,0.373056,0.000042,0.626902
AGTCGTCGACCACCAA-1,0.091046,0.267554,0.641399
AGTCGTGGGCATTACG-1,0.075174,0.202774,0.722052
AGTCTAAAGTATACTC-1,0.037611,0.045831,0.916559
AGTCTCACAAGACTAC-1,0.182464,0.259954,0.557582
AGTCTGGACATCCTTG-1,0.000088,0.432635,0.567277
AGTCTTCTCCTCAAAT-1,0.068875,0.644729,0.286396
AGTCTTTAAAGTGTCC-1,0.661648,0.03822,0.300132
AGTGAACAAACTTCTC-1,0.01596,0.239176,0.744864
AGTGAAGATGGTGTCC-1,0.00775,0.630518,0.361732
AGTGACCTACTTTACG-1,0.032348,0.748869,0.218783
AGTGACTGTGACACAA-1,0.999783,0.000048,0.000169
AGTGAGACTTCCAGTA-1,0.000018,0.042594,0.957388
AGTGAGCCTCGCCGCC-1,0.000036,0.360902,0.639062
AGTGAGGGTTTCTGAC-1,0.086223,0.73708,0.176697
AGTGATAACCTGCGCG-1,0.707033,0.253925,0.039042
AGTGATATGAGTAGTT-1,0.054578,0.502064,0.443358
AGTGATTCAAGCAGGA-1,0.067817,0.099996,0.832186
AGTGCACGCTTAAGAA-1,0.039755,0.603708,0.356537
AGTGCGTAGCTCGTAA-1,0.026438,0.954417,0.019145
AGTGCTAAACACAGCA-1,0.702563,0.297143,0.000294
AGTGCTTGCACGAATA-1,0.00001,0.000195,0.999796
AGTGGCCCGCAAATGG-1,0.508008,0.004287,0.487704
AGTGGCGGCAATTTGA-1,0.000041,0.311106,0.688853
AGTGGCGTCTGAAGGT-1,0.080152,0.000017,0.919831
AGTGGCTCCGTCGGCC-1,0.000015,0.070605,0.92938
AGTGGTGTTACCCGTG-1,0.023199,0.421118,0.555682
AGTGGTTGCGTATAGG-1,0.000029,0.198122,0.801849
AGTGTATTGCGCATTG-1,0.000052,0.260414,0.739534
AGTGTGGTCTATTGTG-1,0.000034,0.000034,0.999933
AGTTAAACACTTGCGA-1,0.066001,0.262022,0.671977
AGTTAAGCGGTCCCGG-1,0.000058,0.523844,0.476097
AGTTAAGTCAACCGCT-1,0.007457,0.848136,0.144408
AGTTACCCTTAAGACT-1,0.00774,0.272805,0.719455
AGTTACCGCACATGGT-1,0.002484,0.01224,0.985276
AGTTACTCTATCGTGG-1,0.000096,0.477304,0.5226
AGTTCACCGGTTGGAC-1,0.000069,0.041895,0.958036
AGTTCCTACAGAATTA-1,0.000012,0.000012,0.999976
AGTTCCTATTTATGTT-1,0.010582,0.935666,0.053752
AGTTGACGGTCCTTGC-1,0.826598,0.029867,0.143535
AGTTGCGGTCCTCAAC-1,0.917076,0.071345,0.011578
AGTTGCTGACTGATAT-1,0.063107,0.869361,0.067531
AGTTTATGTAAAGACA-1,0.006122,0.598222,0.395656
AGTTTCGCAGGTCGGA-1,0.000165,0.793976,0.205859
AGTTTGCACCTGCCTC-1,0.474695,0.524959,0.000346
AGTTTGGCACGGGTTG-1,0.003197,0.563267,0.433536
AGTTTGGCCAGACCTA-1,0.078262,0.921539,0.000199
ATAAACGGACCCGTAA-1,0.000014,0.167116,0.83287
ATAAACGTTGCACCAC-1,0.134273,0.760947,0.10478
ATAAAGGCTCGGTCGT-1,0.000028,0.122484,0.877489
ATAAATATTAGCAGCT-1,0.039127,0.215228,0.745645
ATAACGCCGGAGGGTC-1,0.000018,0.218447,0.781535
ATAACGGAGTCCAACG-1,0.0133,0.562228,0.424472
ATAACGTTACCTCCAC-1,0.332261,0.328913,0.338826
ATAAGGTGGAGAACAT-1,0.038714,0.888328,0.072958
ATAAGTAGGATTCAGA-1,0.060715,0.348731,0.590553
ATAAGTAGGGCGACTC-1,0.022958,0.75359,0.223452
ATAAGTTACCGCGACG-1,0.055188,0.539688,0.405124
ATAATACCGTTAGCCG-1,0.015693,0.94108,0.043227
ATAATAGCTGTTGAAT-1,0.137026,0.60263,0.260343
ATAATAGTGTAGGGAC-1,0.000077,0.584933,0.41499
ATAATCTTGGAGAACC-1,0.762863,0.10387,0.133267
ATAATTAGCTAAGTAG-1,0.320526,0.037296,0.642177
ATACAGCGTCCACTGA-1,0.512497,0.253409,0.234093
ATACAGGCCCTCCAAT-1,0.326549,0.673172,0.000279
ATACCACGGGCAACTT-1,0.017918,0.246571,0.735511
ATACCAGGCTAATAGA-1,0.164156,0.627363,0.20848
ATACCCTCCCGGCCAA-1,0.751236,0.091454,0.15731
ATACCGTCATCCATAA-1,0.000065,0.270538,0.729397
ATACCTAACCAAGAAA-1,0.452306,0.464682,0.083011
ATACGAAGGCTTTCCA-1,0.022372,0.24085,0.736778
ATACGAGGTTTGTAAG-1,0.889047,0.019418,0.091535
ATACGCCGGCGAAACC-1,0.031169,0.292488,0.676344
ATACGGAACGTCGTTT-1,0.002375,0.486183,0.511442
ATACGGGTTTCGATTG-1,0.000083,0.525246,0.474671
ATACGGTGAAGATGCA-1,0.000025,0.168803,0.831171
ATACGTACTTAGCCAC-1,0.169386,0.78334,0.047274
ATACGTCCACTCCTGT-1,0.205127,0.698972,0.0959
ATACGTTATGCACGGA-1,0.811215,0.175277,0.013508
ATACTACCCGTACCAC-1,0.296749,0.703021,0.00023
ATACTAGCATGACCCT-1,0.009926,0.407022,0.583052
ATACTGCCTTACACCG-1,0.482779,0.346635,0.170587
ATACTTGTTCTCGAGC-1,0.008582,0.278728,0.71269
ATAGACAACGGGACCT-1,0.1419,0.409046,0.449053
ATAGACGAAGAGAAAG-1,0.09131,0.550087,0.358603
ATAGAGTACTGGGACA-1,0.00765,0.183462,0.808888
ATAGAGTTATCAACTT-1,0.009656,0.096031,0.894313
ATAGCAACTAGGGAAG-1,0.653883,0.336021,0.010096
ATAGCCTCAGTACCCA-1,0.000087,0.293812,0.706101
ATAGCTGCTCTTGTTA-1,0.052973,0.864258,0.082768
ATAGGCGGCTATAGAA-1,0.001144,0.054781,0.944075
ATAGGCTAGCTTCGCA-1,0.091781,0.123287,0.784933
ATAGGGATATCCTTGA-1,0.000045,0.048264,0.951691
ATAGGTTGGGCAGATG-1,0.045908,0.840046,0.114046
ATAGTGAAGCGTTCTC-1,0.00421,0.19353,0.802259
ATAGTTCCACCCACTC-1,0.000022,0.095735,0.904242
ATATAAAGCGCTCGTG-1,0.516642,0.483055,0.000303
ATATAAATGTAGCTGC-1,0.111908,0.677752,0.21034
ATATAACACGGGCGCA-1,0.870555,0.00004,0.129406
ATATACATGTATGGTA-1,0.14315,0.528914,0.327936
ATATACGCTCGTGACG-1,0.172758,0.2425,0.584743
ATATAGAGTATTGGTC-1,0.865852,0.006254,0.127895
ATATCAACCTACAGAG-1,0.000014,0.022057,0.977929
ATATCAATTCCAGCCT-1,0.099623,0.106009,0.794368
ATATCGGTAGGGAGAT-1,0.000392,0.319036,0.680572
ATATCGTTCCTCGAAC-1,0.349165,0.338559,0.312276
ATATCTCCCTCGTTAA-1,0.000076,0.636147,0.363776
ATATCTTAGGGCCTTC-1,0.002412,0.004131,0.993457
ATATGGGATAGCAACT-1,0.956696,0.042883,0.000421
ATATGTCTAGAGCGTG-1,0.82918,0.146922,0.023897
ATATGTCTCCCTAGCC-1,0.002724,0.01347,0.983807
ATATTCAGTTAAACCT-1,0.025601,0.9056,0.068799
ATATTCCACATAGTGA-1,0.043669,0.555911,0.40042
ATATTCCCACAGGTCA-1,0.150239,0.8488,0.000961
ATATTGCTGTCAAAGT-1,0.000354,0.440858,0.558788
ATATTTAACCCTCAAG-1,0.040559,0.732775,0.226666
ATCAAACACTGTTCCA-1,0.007727,0.191109,0.801164
ATCAAACGAAGGTTTG-1,0.009882,0.727255,0.262863
ATCAAAGAGCCGTGGT-1,0.943309,0.055628,0.001062
ATCAAGATCCCAGGAC-1,0.967085,0.000076,0.032839
ATCAATCTGGGCTGCA-1,0.004927,0.165882,0.829191
ATCAATGCCGTGGCTG-1,0.575375,0.000099,0.424526
ATCACATTAGAATATC-1,0.000027,0.10406,0.895913
ATCACGTGCTAATTAA-1,0.058308,0.941522,0.000169
ATCACTTCATCCTCGC-1,0.000062,0.37529,0.624648
ATCAGAAGCTGGTTGC-1,0.522493,0.474122,0.003385
ATCAGACGGCACGCCG-1,0.053065,0.455726,0.491209
ATCAGCCTCATGCTGC-1,0.21845,0.504296,0.277253
ATCAGCTCGTCCACTA-1,0.106037,0.099957,0.794006
ATCAGGTCGCCATTGC-1,0.070283,0.792089,0.137627
ATCAGTAGGCAGGGAT-1,0.009349,0.522746,0.467906
ATCATAGATCGACGAG-1,0.487426,0.02061,0.491964
ATCATAGCCCTATGTA-1,0.204376,0.213284,0.58234
ATCATCCAATATTTGT-1,0.000034,0.368452,0.631514
ATCATTGTACCGCATT-1,0.692095,0.006403,0.301502
ATCCAACGCAGTCATA-1,0.037362,0.613241,0.349396
ATCCAATGGAGGGTCC-1,0.049725,0.077271,0.873004
ATCCAATGGTACCGAA-1,0.054904,0.004671,0.940425
ATCCACATCGACAGAA-1,0.394486,0.013755,0.591759
ATCCAGAGCAACAACC-1,0.110932,0.818227,0.070841
ATCCAGGATTCGTGAA-1,0.046258,0.203637,0.750105
ATCCCATCCACAGCGC-1,0.747174,0.210363,0.042463
ATCCCATTTCCGTGGG-1,0.822226,0.000059,0.177715
ATCCTACCTAAGCTCT-1,0.117246,0.882501,0.000253
ATCCTGAATCGCTGCG-1,0.088633,0.399471,0.511896
ATCCTGCGTGGAATGG-1,0.085911,0.318066,0.596023
ATCGACCCAATACAGA-1,0.018238,0.765635,0.216127
ATCGACTCTTTCCGTT-1,0.019246,0.847048,0.133706
ATCGCACGCCGGGAGA-1,0.011203,0.501141,0.487656
ATCGCCAGTCAACATT-1,0.024275,0.762441,0.213284
ATCGCTGCGTGCAGCA-1,0.009686,0.446164,0.544151
ATCGGAGACAGACGGC-1,0.209695,0.37484,0.415464
ATCGGCAAGCAGTCCA-1,0.000059,0.464814,0.535126
ATCGGTTACCTAGTAA-1,0.059924,0.464597,0.475479
ATCGTATTCCGAGAAC-1,0.00011,0.452654,0.547236
ATCGTGGAAAGTCTGG-1,0.747219,0.176757,0.076023
ATCGTTAGCTAGCGGA-1,0.283586,0.715949,0.000465
ATCGTTCACTTTCGCC-1,0.074036,0.771163,0.154802
ATCTAATATCCTACGG-1,0.182068,0.462263,0.355668
ATCTACCATCTGCTCC-1,0.852513,0.030722,0.116765
ATCTAGCTTGTGAGGG-1,0.5732,0.116268,0.310532
ATCTCCCACGGAATAT-1,0.27474,0.052305,0.672954
ATCTCCCTGCAATCTA-1,0.00598,0.51013,0.483889
ATCTCGTGAGCGAAAC-1,0.020881,0.318737,0.660382
ATCTGACATGGAAGGA-1,0.831233,0.057146,0.111621
