Barcode,Topic 1to4,Topic 5,Topic 6,Topic 7to8,Topic 9,Topic 10
AAACAAGTATCTCCCA-1,0.57838,0.01441,0.060575,0.162727,0.148738,0.035169
AAACACCAATAACTGC-1,0.487938,0.028109,0.294905,0.069738,0.049528,0.069782
AAACAGAGCGACTCCT-1,0.555569,0.005842,0.073719,0.364809,0.00003,0.00003
AAACAGGGTCTATATT-1,0.812583,0.020487,0.07182,0.073867,0.013955,0.007288
AAACAGTGTTCCTGGG-1,0.368887,0.035985,0.000021,0.000042,0.000021,0.595044
AAACATTTCCCGGATT-1,0.812721,0.041805,0.016021,0.113161,0.001286,0.015005
AAACCGGGTAGGTACC-1,0.191367,0.009989,0.515499,0.185165,0.006586,0.091394
AAACCGTTCGTCCAGG-1,0.701984,0.018141,0.271272,0.00856,0.000022,0.000022
AAACCTAAGCAGCCGG-1,0.133315,0.398333,0.000489,0.009888,0.006337,0.451637
AAACCTCATGAAGTTG-1,0.864623,0.000017,0.101586,0.033738,0.000017,0.000017
AAACGAAGAACATACC-1,0.435278,0.026442,0.083826,0.4528,0.001619,0.000035
AAACGAGACGGTTGAT-1,0.527034,0.013597,0.095209,0.364108,0.000026,0.000026
AAACGGGCGTACGGGT-1,0.234748,0.371449,0.090486,0.26429,0.039008,0.000019
AAACGGTTGCGAACTG-1,0.003978,0.000027,0.000027,0.000055,0.028392,0.967521
AAACTCGGTTCGCAAT-1,0.120643,0.000033,0.000018,0.001053,0.061041,0.817212
AAACTGCTGGCTCCAA-1,0.683765,0.059946,0.067388,0.031876,0.08874,0.068286
AAACTTGCAAACGTAT-1,0.413931,0.015868,0.335036,0.070921,0.068131,0.096113
AAAGAATGTGGACTAA-1,0.367707,0.021084,0.356951,0.17518,0.018625,0.060453
AAAGACCCAAGTCGCG-1,0.94159,0.000016,0.000016,0.057079,0.001284,0.000016
AAAGACTGGGCGCTTT-1,0.866205,0.000014,0.000014,0.133229,0.000524,0.000014
AAAGGCCCTATAATAC-1,0.585226,0.087375,0.303319,0.010716,0.013351,0.000013
AAAGGCTACGGACCAT-1,0.13009,0.000015,0.001027,0.006806,0.002415,0.859646
AAAGGCTCTCGCGCCG-1,0.000216,0.143618,0.193819,0.037373,0.056643,0.568332
AAAGGGATGTAGCAAG-1,0.462681,0.005514,0.053524,0.299878,0.005223,0.17318
AAAGGGCAGCTTGAAT-1,0.370473,0.000035,0.043211,0.503928,0.082318,0.000035
AAAGGTAAGCTGTACC-1,0.010803,0.000044,0.000044,0.521671,0.467394,0.000044
AAAGTAGCATTGCTCA-1,0.711211,0.037851,0.223766,0.027133,0.000019,0.000019
AAAGTCACTGATGTAA-1,0.947087,0.000021,0.000021,0.05283,0.000021,0.000021
AAAGTCGACCCTCAGT-1,0.940944,0.003041,0.009103,0.03983,0.000014,0.007068
AAAGTGTGATTTATCT-1,0.838372,0.054874,0.000012,0.061418,0.011031,0.034294
AAAGTTGACTCCCGTA-1,0.72034,0.085263,0.00445,0.18992,0.000013,0.000013
AAATAACCATACGGGA-1,0.022803,0.000053,0.041177,0.890182,0.010348,0.035436
AAATACCTATAAGCAT-1,0.661289,0.000013,0.000013,0.004663,0.015977,0.318045
AAATAGCTTAGACTTT-1,0.530506,0.004358,0.181583,0.238143,0.018247,0.027162
AAATAGGGTGCTATTG-1,0.000206,0.117242,0.088351,0.12087,0.241097,0.432235
AAATCCGATACACGCC-1,0.341452,0.035203,0.00603,0.029986,0.218293,0.369035
AAATCGTGTACCACAA-1,0.396561,0.161952,0.08747,0.169541,0.099721,0.084754
AAATCTAGCCCTGCTA-1,0.918842,0.001386,0.000009,0.002034,0.000009,0.077719
AAATGACTGATCAAAC-1,0.000175,0.000044,0.000044,0.000088,0.000044,0.999605
AAATGCTCGTTACGTT-1,0.000471,0.000118,0.201222,0.526897,0.261768,0.009525
AAATGGCATGTCTTGT-1,0.21297,0.000812,0.066122,0.719975,0.00006,0.00006
AAATGGCCCGTGCCCT-1,0.750778,0.002363,0.222413,0.022483,0.001947,0.000015
AAATGGTCAATGTGCC-1,0.44753,0.09423,0.094675,0.329015,0.021901,0.012649
AAATTAACGGGTAGCT-1,0.184331,0.023529,0.118914,0.439521,0.233674,0.000032
AAATTACACGACTCTG-1,0.565825,0.033137,0.001942,0.358409,0.000036,0.04065
AAATTACCTATCGATG-1,0.3087,0.043083,0.265004,0.383154,0.000029,0.000029
AAATTGATAGTCCTTT-1,0.808209,0.069629,0.023759,0.005691,0.077424,0.015287
AAATTTACCGAAATCC-1,0.658204,0.00005,0.00005,0.128615,0.213031,0.00005
AAATTTGCGGGTGTGG-1,0.106566,0.070964,0.767994,0.054392,0.000042,0.000042
AACAACTGGTAGTTGC-1,0.392958,0.003586,0.048648,0.554718,0.000046,0.000046
AACAATACATTGTCGA-1,0.652741,0.056856,0.272621,0.013638,0.004125,0.000019
AACAATTACTCTACGC-1,0.902221,0.006046,0.000023,0.088772,0.002916,0.000023
AACACACGCTCGCCGC-1,0.633259,0.124643,0.01503,0.184326,0.002387,0.040354
AACACGACTGTACTGA-1,0.807884,0.000034,0.000034,0.191982,0.000034,0.000034
AACACGAGACGCGGCC-1,0.364202,0.027051,0.44797,0.107432,0.000019,0.053325
AACACGCGGCCGCGAA-1,0.594447,0.00003,0.106173,0.26941,0.014554,0.015386
AACAGCTGTGTGGCAA-1,0.999929,0.000012,0.000012,0.000024,0.000012,0.000012
AACAGGAAATCGAATA-1,0.133574,0.000044,0.160627,0.676801,0.028911,0.000044
AACAGGATGGGCCGCG-1,0.073307,0.000056,0.022966,0.892675,0.010941,0.000056
AACATATCAACTGGTG-1,0.36879,0.029665,0.063888,0.35717,0.047139,0.133348
AACATTGAAGTTGATC-1,0.552925,0.106185,0.236135,0.057813,0.003107,0.043834
AACATTGTGACTCGAG-1,0.047861,0.011307,0.000786,0.011853,0.00839,0.919803
AACCAAGACTTCTCTG-1,0.283256,0.000015,0.019106,0.243994,0.453616,0.000015
AACCAGTATCACTCTT-1,0.166208,0.00015,0.057995,0.668946,0.106551,0.00015
AACCATGGGATCGCTA-1,0.000308,0.000077,0.240042,0.2989,0.460596,0.000077
AACCCAGAGACGGAGA-1,0.62947,0.005789,0.020104,0.344569,0.000035,0.000035
AACCCATCCCATGATC-1,0.836434,0.00728,0.07374,0.052374,0.001621,0.028551
AACCCGACAACCCGTG-1,0.018625,0.020737,0.01108,0.031917,0.03626,0.881382
AACCCGCTGTATTCCA-1,0.000132,0.000033,0.000033,0.000066,0.000033,0.999703
AACCCTACTGTCAATA-1,0.306585,0.21087,0.08978,0.383237,0.002051,0.007477
AACCCTGGTGGAACCA-1,0.989765,0.00002,0.000434,0.009741,0.00002,0.00002
AACCGAGCTTGGTCAT-1,0.197339,0.005062,0.324117,0.455281,0.017264,0.000936
AACCGCTAAGGGATGC-1,0.737156,0.077523,0.016922,0.096263,0.072126,0.00001
AACCGTTGTGTTTGCT-1,0.878522,0.000041,0.000041,0.121313,0.000041,0.000041
AACCTCGCTTTAGCCC-1,0.173097,0.075697,0.000732,0.027728,0.037866,0.68488
AACCTTTAAATACGGT-1,0.299457,0.448026,0.000027,0.008526,0.000031,0.243933
AACCTTTACGACGTCT-1,0.869111,0.000021,0.000021,0.130804,0.000021,0.000021
AACGATAATGCCGTAG-1,0.062128,0.200447,0.039686,0.146869,0.005829,0.545039
AACGATAGAAGGGCCG-1,0.06888,0.000058,0.149602,0.431412,0.349989,0.000058
AACGATATGTCAACTG-1,0.969311,0.00002,0.009308,0.021321,0.00002,0.00002
AACGCATGATCTGGGT-1,0.160445,0.008269,0.001758,0.829021,0.000467,0.000039
AACGCGACCTTGGGCG-1,0.031308,0.000033,0.000033,0.000065,0.000033,0.968529
AACGCGGTCTCCAGCC-1,0.542822,0.001304,0.026954,0.370132,0.055818,0.002969
AACGCTGTTGCTGAAA-1,0.767332,0.000769,0.00001,0.052527,0.13658,0.042783
AACGGACGTACGTATA-1,0.151394,0.209203,0.13121,0.508152,0.00002,0.00002
AACGGCCATCTCCGGT-1,0.553735,0.00613,0.270692,0.034134,0.135292,0.000017
AACGTACTGTGGGTAC-1,0.485661,0.047677,0.39781,0.068794,0.000029,0.000029
AACGTCAGACTAGTGG-1,0.45683,0.002063,0.004246,0.50085,0.000026,0.035985
AACGTCATCCGGCTTG-1,0.001334,0.000333,0.181348,0.000667,0.000333,0.815985
AACGTGATGAAGGACA-1,0.389775,0.004735,0.070026,0.535369,0.000047,0.000047
AACGTGCGAAAGTCTC-1,0.595113,0.119404,0.031242,0.102466,0.096024,0.05575
AACTAGCGTATCGCAC-1,0.000528,0.000132,0.275551,0.435479,0.269013,0.019297
AACTAGGCTTGGGTGT-1,0.139377,0.031598,0.067205,0.002413,0.037488,0.721919
AACTCAAGTTAATTGC-1,0.259041,0.05812,0.147003,0.397981,0.027458,0.110396
AACTCCAGAGCGTGTT-1,0.542081,0.185774,0.101419,0.163819,0.002191,0.004716
AACTCCTAATCCCATG-1,0.106422,0.000133,0.015704,0.573896,0.244761,0.059084
AACTCTCAATAGAGCG-1,0.206382,0.019044,0.24758,0.476202,0.000232,0.050561
AACTCTCAGTGTGCTC-1,0.615393,0.021982,0.323403,0.020622,0.018569,0.000031
AACTGATATTAGGCCT-1,0.559517,0.000033,0.001853,0.435552,0.003011,0.000033
AACTGGGTCCCGACGT-1,0.808671,0.000015,0.037642,0.14694,0.000576,0.006157
AACTGGGTTCGAGCCG-1,0.000554,0.000139,0.408962,0.415294,0.174913,0.000139
AACTGGTGTGGGCCTT-1,0.099411,0.005771,0.097169,0.746006,0.051582,0.000061
AACTTGCCCGTATGCA-1,0.31082,0.010257,0.002376,0.666646,0.00985,0.000052
AACTTTAGCTGCTGAG-1,0.000509,0.000127,0.088769,0.48774,0.422728,0.000127
AAGACCCAACTGAACA-1,0.252164,0.001129,0.046884,0.007557,0.002264,0.690002
AAGACTCACGCCCACT-1,0.712587,0.002875,0.045619,0.132114,0.054845,0.05196
AAGACTGCAAGCTACT-1,0.576796,0.117681,0.082629,0.222838,0.000028,0.000028
AAGAGATGAATCGGTA-1,0.449544,0.000028,0.000028,0.508136,0.039977,0.002285
AAGAGCTCTTTATCGG-1,0.522466,0.058276,0.024713,0.39448,0.000033,0.000033
AAGAGGATGTACGCGA-1,0.568498,0.000149,0.118169,0.307194,0.005934,0.000056
AAGAGGCATGGATCGC-1,0.641495,0.074281,0.046418,0.237773,0.000017,0.000017
AAGATGGCACCGGACC-1,0.233039,0.162914,0.590526,0.006251,0.000037,0.007232
AAGATTGGCGGAACGT-1,0.526326,0.012549,0.095405,0.280484,0.081022,0.004214
AAGCACCCTGCGTATC-1,0.43822,0.000019,0.000019,0.015424,0.007249,0.53907
AAGCATACTCTCCTGA-1,0.670933,0.014865,0.000023,0.003337,0.000023,0.310818
AAGCCACTTGCAGGTA-1,0.35863,0.093142,0.23499,0.000068,0.002626,0.310544
AAGCCGCCGTGAAATC-1,0.476811,0.008081,0.325554,0.025139,0.070133,0.094282
AAGCGCAGGGCTTTGA-1,0.067824,0.027783,0.01476,0.007263,0.000034,0.882336
AAGCGGCGTCATGGGT-1,0.754387,0.000039,0.011424,0.164205,0.069906,0.000039
AAGCGTCCCTCATCGA-1,0.510465,0.097228,0.315248,0.076987,0.000036,0.000036
AAGCTAGATCGAGTAA-1,0.289546,0.004713,0.012118,0.016238,0.121892,0.555494
AAGCTCGTGCCAAGTC-1,0.310183,0.067037,0.154204,0.46818,0.000366,0.000029
AAGCTCTTTCATGGTG-1,0.400411,0.008716,0.000022,0.00099,0.043008,0.546853
AAGGAGAACTTATAAG-1,0.012125,0.000079,0.111157,0.623934,0.252627,0.000079
AAGGAGCGGTTGGTGC-1,0.328515,0.008925,0.015657,0.475881,0.120455,0.050568
AAGGATCGATCGCTTG-1,0.595577,0.010072,0.071498,0.222698,0.028321,0.071834
AAGGATGAGGGACCTC-1,0.400707,0.009402,0.137336,0.442816,0.009709,0.00003
AAGGCGCGTAAAGCTT-1,0.663552,0.000021,0.000021,0.312886,0.023501,0.000021
AAGGCTGTGCTCATCG-1,0.981543,0.000011,0.000011,0.018414,0.000011,0.000011
AAGGGAACGACTGGCT-1,0.862337,0.005746,0.051484,0.02063,0.006936,0.052867
AAGGGACAGATTCTGT-1,0.20663,0.014743,0.271136,0.504203,0.000025,0.003262
AAGGGACTATGCATTC-1,0.498107,0.018431,0.240689,0.013954,0.049106,0.179712
AAGGTATCCTAATATA-1,0.616864,0.042819,0.157203,0.183068,0.000023,0.000023
AAGGTGATAAACCAGC-1,0.425605,0.249496,0.064353,0.248956,0.006653,0.004936
AAGTAGAAGACCGGGT-1,0.726584,0.003684,0.000025,0.262806,0.006875,0.000025
AAGTAGTGACGCGAGG-1,0.520232,0.000029,0.046663,0.369431,0.063616,0.000029
AAGTCAATTGTCGTCA-1,0.394675,0.162638,0.021338,0.368567,0.011427,0.041354
AAGTGACGACCGAATT-1,0.833433,0.000206,0.10455,0.061786,0.000013,0.000013
AAGTGAGTCGGGTTTA-1,0.141742,0.091383,0.095924,0.048972,0.014569,0.607409
AAGTGCAAAGGTAGAC-1,0.568317,0.000033,0.047914,0.368629,0.008192,0.006915
AAGTGCCTTGACTGTA-1,0.468932,0.126473,0.018278,0.348786,0.03751,0.000021
AAGTGCGTTAGAATCT-1,0.444114,0.017168,0.526309,0.012345,0.000032,0.000032
AAGTGCTTCTCTATTG-1,0.366214,0.090041,0.002879,0.008618,0.062324,0.469924
AAGTGTTTGGAGACGG-1,0.407605,0.09844,0.0137,0.072135,0.115195,0.292925
AAGTTCACTCCAAGCT-1,0.282581,0.006599,0.000019,0.027509,0.234577,0.448716
AAGTTCAGTCTGCGTA-1,0.355483,0.062218,0.000032,0.537439,0.002275,0.042554
AAGTTCGGCCAACAGG-1,0.476669,0.018597,0.460079,0.018905,0.019874,0.005876
AAGTTGTGATGTTATA-1,0.464281,0.047937,0.24471,0.211476,0.002596,0.029001
AAGTTTACTAATGGCA-1,0.000399,0.0001,0.046802,0.730718,0.221882,0.0001
AAGTTTATGGGCCCAA-1,0.000062,0.000015,0.000015,0.000031,0.000015,0.999861
AATAACAACGCTCGGC-1,0.35993,0.00862,0.137167,0.396841,0.000019,0.097423
AATAACACTAGAACAA-1,0.273307,0.022602,0.639039,0.010758,0.044919,0.009375
AATAAGTCCTCGAGAC-1,0.109778,0.000046,0.15207,0.653327,0.084733,0.000046
AATACAATGTTTCAGG-1,0.000334,0.000083,0.000749,0.483694,0.515056,0.000083
AATACCGGAGGGCTGT-1,0.085219,0.706403,0.015491,0.001076,0.041257,0.150555
AATACCTGATGTGAAC-1,0.378821,0.02006,0.050952,0.413958,0.027822,0.108388
AATAGAACAGAGTGGC-1,0.662694,0.001447,0.219611,0.001095,0.000022,0.115133
AATAGAATCTGTTTCA-1,0.009625,0.014574,0.170096,0.199022,0.425205,0.181477
AATAGGCACGACCCTT-1,0.249401,0.12379,0.078133,0.029666,0.006994,0.512015
AATAGTCCGTCCCGAC-1,0.206315,0.030568,0.040786,0.003808,0.078632,0.639891
AATATCAAGGTCGGAT-1,0.000324,0.000081,0.02499,0.314142,0.660382,0.000081
AATATCGAGGGTTCTC-1,0.023783,0.023853,0.018292,0.882555,0.051484,0.000033
AATATTGGAGTATTGA-1,0.369422,0.0046,0.113032,0.506266,0.004052,0.002628
AATCAGGTTTCATTTA-1,0.641475,0.333158,0.005684,0.019642,0.00002,0.00002
AATCATGTAAAGACTC-1,0.467042,0.10671,0.090851,0.156062,0.064651,0.114684
AATCCAAGGGCCTGAG-1,0.0145,0.000045,0.014948,0.881696,0.088766,0.000045
AATCCCGCTCAGAGCC-1,0.000251,0.100399,0.051826,0.000126,0.00006,0.847339
AATCGCCTCAGCGCCA-1,0.326497,0.133143,0.138182,0.402115,0.000031,0.000031
AATCGCGCAGAGGACT-1,0.531199,0.012289,0.207899,0.211686,0.011744,0.025183
AATCGGGACACTACGA-1,0.481116,0.000042,0.000042,0.518717,0.000042,0.000042
AATCGTGAGCCGAGCA-1,0.008287,0.000027,0.009373,0.000055,0.276758,0.7055
AATCTAGGTTTACTTG-1,0.784433,0.017775,0.174627,0.018952,0.000022,0.00419
AATCTATGCCGGAGCC-1,0.409658,0.050394,0.232754,0.213649,0.002612,0.090934
AATCTCTACTGTGGTT-1,0.736077,0.003588,0.078322,0.169853,0.012133,0.000027
AATCTGCGTTGGGACG-1,0.144984,0.072804,0.291089,0.491027,0.000048,0.000048
AATCTGGCTTTCTAGT-1,0.997756,0.000013,0.000013,0.000025,0.000013,0.002182
AATCTGGGTAGACCCT-1,0.000727,0.000182,0.096614,0.471327,0.298053,0.133097
AATGACAGCAATGTCT-1,0.878835,0.027556,0.073898,0.018529,0.001167,0.000014
AATGACGTAGGATGTC-1,0.493289,0.110514,0.028298,0.0388,0.327932,0.001167
AATGACTGTCAGCCGG-1,0.517553,0.000025,0.021641,0.361682,0.087554,0.011546
AATGATGATACGCTAT-1,0.596602,0.000027,0.029451,0.365727,0.008167,0.000027
AATGATGCGACTCCTG-1,0.058903,0.000099,0.031843,0.875916,0.033208,0.000031
AATGCAACCGGGTACC-1,0.91217,0.004836,0.006483,0.076203,0.000122,0.000187
AATGCACCAAGCAATG-1,0.313721,0.008706,0.022339,0.53547,0.079032,0.040733
AATGGTCCACCGTTCA-1,0.054189,0.001542,0.027796,0.797778,0.118655,0.00004
AATGGTTCTCACAAGC-1,0.190384,0.000055,0.029888,0.765198,0.008984,0.005491
AATGTGCCCGAGGTGT-1,0.558917,0.009318,0.391983,0.021407,0.000033,0.018343
AATGTGCTAATCTGAG-1,0.379001,0.010211,0.386723,0.001131,0.122341,0.100594
AATGTTAAGACCCTGA-1,0.261918,0.012031,0.000018,0.244306,0.081513,0.400213
AATTAAAGGTCGGCGT-1,0.677153,0.024237,0.108521,0.17462,0.015446,0.000023
AATTAACGGATTTCCA-1,0.350117,0.000023,0.000023,0.00126,0.055705,0.592874
AATTAGCGCTGCAGCG-1,0.000232,0.03044,0.167654,0.193603,0.078649,0.529421
AATTCATAAGGGATCT-1,0.518859,0.009803,0.026772,0.441741,0.00002,0.002805
AATTCCAAGCATGTAC-1,0.000082,0.000021,0.000021,0.000041,0.015011,0.984824
AATTCGATTCGAGGAT-1,0.022803,0.050814,0.011166,0.036347,0.037825,0.841045
AATTCTAGAGTTAGGC-1,0.000264,0.424849,0.266857,0.163195,0.024961,0.119874
AATTGAACGCTCTGGT-1,0.357338,0.281462,0.163076,0.198059,0.000041,0.000024
AATTGCAGCAATCGAC-1,0.166934,0.022219,0.334905,0.272437,0.088526,0.114979
AATTTGGGACATAGTA-1,0.010873,0.000178,0.132948,0.783485,0.072339,0.000178
AATTTGGTTCCAAAGA-1,0.434233,0.000049,0.065806,0.435462,0.064402,0.000049
ACAAACCATGCGTCCT-1,0.370984,0.002622,0.587461,0.003908,0.000055,0.03497
ACAAACTCCATCAGAG-1,0.000214,0.000053,0.119011,0.000107,0.000053,0.880561
ACAAAGCATGACCTAG-1,0.59525,0.152319,0.028603,0.20584,0.008376,0.009611
ACAAATCGCACCGAAT-1,0.411899,0.054999,0.037969,0.113868,0.067881,0.313385
ACAAATGGTAGTGTTT-1,0.066892,0.153954,0.193948,0.382637,0.182966,0.019602
ACAAATTCAGATCTGA-1,0.000294,0.000073,0.000073,0.147983,0.851503,0.000073
ACAACAGCATGAGCTA-1,0.750068,0.020029,0.005006,0.103116,0.116878,0.004903
ACAACGGTCCCTGCGA-1,0.795582,0.000018,0.000018,0.122642,0.081721,0.000018
ACAAGCAGTGCCTAGC-1,0.010376,0.000058,0.135522,0.561496,0.29249,0.000058
ACAAGGAAATCCGCCC-1,0.000136,0.047444,0.088416,0.097937,0.098229,0.667837
ACAAGGACAAGAGGTT-1,0.711009,0.003039,0.018131,0.253175,0.000018,0.014627
ACAAGGATGCTTTAGG-1,0.623405,0.00329,0.001236,0.018249,0.221346,0.132474
ACAAGGCCTACCAGCC-1,0.475953,0.06424,0.042126,0.263028,0.096649,0.058005
ACAAGGGCAGGCTCTG-1,0.483562,0.314049,0.115755,0.081194,0.005417,0.000022
ACAATAGTCGTACGTT-1,0.550502,0.010954,0.112217,0.285448,0.003893,0.036986
ACAATCCATTTAAACC-1,0.770256,0.000146,0.003754,0.134029,0.004263,0.087553
ACAATCGATCTTTATA-1,0.178279,0.008117,0.001364,0.72989,0.009678,0.072672
ACAATGAATACGGAGA-1,0.875523,0.000989,0.088608,0.02906,0.002795,0.003025
ACAATTGTGTCTCTTT-1,0.772561,0.000012,0.000012,0.043837,0.077069,0.106511
ACAATTTAGGAGGCTC-1,0.634736,0.000023,0.042393,0.310269,0.009906,0.002671
ACAATTTGAGCAGTGG-1,0.470723,0.024172,0.108845,0.269807,0.002065,0.124387
ACACAAAGACGGGTGG-1,0.264709,0.010451,0.078777,0.646008,0.000027,0.000027
ACACACCAGGACCAGT-1,0.993544,0.004334,0.001095,0.001008,0.00001,0.00001
ACACACTTTCTACACG-1,0.042877,0.000066,0.002389,0.859992,0.094609,0.000066
ACACATGATCAAATCT-1,0.94822,0.00774,0.002938,0.016158,0.000006,0.024939
ACACATTTCCGTAGAC-1,0.000173,0.025323,0.000043,0.000086,0.000043,0.974331
ACACCCAGCATGCAGC-1,0.0015,0.000066,0.040999,0.88802,0.069349,0.000066
ACACCCGAGAAATCCG-1,0.207124,0.000039,0.034232,0.688815,0.069751,0.000039
ACACCGGTCTGACCGC-1,0.436475,0.032223,0.512742,0.006723,0.009431,0.002406
ACACCTTAAGTAGGGC-1,0.766039,0.000034,0.001535,0.224648,0.007709,0.000034
ACACCTTACTACTTGC-1,0.450616,0.04242,0.113355,0.286457,0.035397,0.071754
ACACGAGACTCCTTCT-1,0.492001,0.05263,0.057536,0.376558,0.000028,0.021248
ACACGGCACTATGCAT-1,0.377895,0.000049,0.009371,0.449694,0.162942,0.000049
ACACGGGAACTTAGGG-1,0.426759,0.005634,0.046602,0.377039,0.124166,0.019801
ACACTGATCAAGGTGT-1,0.747584,0.006305,0.15106,0.015918,0.022115,0.057018
ACAGAACTGAGAACAA-1,0.150248,0.016209,0.61229,0.058943,0.099305,0.063005
ACAGATTAGGTTAGTG-1,0.015415,0.000078,0.164263,0.815548,0.004617,0.000078
ACAGCATAGAGCCAGT-1,0.166875,0.000048,0.007474,0.694661,0.130896,0.000048
ACAGCGACATTCTCAT-1,0.684472,0.05775,0.007202,0.109599,0.1402,0.000778
ACAGCGCACCCGCAGC-1,0.247923,0.000076,0.009552,0.735326,0.007048,0.000076
ACAGGCACGGATCCTT-1,0.493949,0.057986,0.056445,0.390205,0.001403,0.000012
ACAGGCTTGCCCGACT-1,0.635072,0.247724,0.000014,0.026975,0.031729,0.058486
ACAGGTGGAGGTGAGG-1,0.854031,0.015149,0.099553,0.010123,0.000013,0.02113
ACAGTAATACAACTTG-1,0.963003,0.000011,0.007336,0.011717,0.000011,0.017923
ACATAATAAGGCGGTG-1,0.040117,0.000037,0.223817,0.628737,0.027193,0.080099
ACATACAATCAAGCGG-1,0.344556,0.006077,0.109174,0.350945,0.009533,0.179715
ACATCAGCTGGGACGC-1,0.11962,0.000029,0.000661,0.720505,0.159157,0.000029
ACATCCCGGCCATACG-1,0.127401,0.0355,0.140839,0.013892,0.141798,0.54057
ACATCCTGGTAACTGT-1,0.258048,0.153326,0.119151,0.41349,0.055964,0.000021
ACATCGATCGTTTACC-1,0.326295,0.000032,0.10722,0.16435,0.269233,0.132871
ACATCGCAATATTCGG-1,0.283035,0.277346,0.316724,0.046625,0.000036,0.076234
ACATCGGTCAGCCGCG-1,0.769946,0.025171,0.121132,0.076281,0.004609,0.002861
ACATCGTATGCAATGG-1,0.756408,0.121603,0.024785,0.08717,0.003459,0.006573
ACATCGTTAACCTAGT-1,0.507306,0.000049,0.000049,0.492498,0.000049,0.000049
ACATCTCAACGCGTAA-1,0.00055,0.000138,0.414598,0.499112,0.085464,0.000138
ACATGGCGCCAAAGTA-1,0.947749,0.000991,0.000007,0.040249,0.000007,0.010998
ACATTAGTTTATATCC-1,0.000416,0.133719,0.298832,0.025643,0.018903,0.522486
ACATTCGCGCGGAATA-1,0.822067,0.001437,0.044825,0.001265,0.057878,0.072528
ACATTTGAAACCTAAC-1,0.370644,0.031187,0.061544,0.364129,0.062722,0.109773
ACCAAACTAGAAATCC-1,0.000373,0.000093,0.240671,0.670903,0.022931,0.065028
ACCAACCGCACTCCAC-1,0.823178,0.005229,0.00173,0.054861,0.058585,0.056417
ACCAACGCTTATTTAT-1,0.528665,0.070455,0.152972,0.003123,0.015638,0.229148
ACCAAGAACGCGTGTC-1,0.334553,0.000039,0.032144,0.611715,0.021509,0.000039
ACCAATATGCAAGTTA-1,0.25733,0.000029,0.003254,0.001465,0.270633,0.46729
ACCACAACTCAGAACA-1,0.137163,0.00004,0.038688,0.736287,0.087782,0.00004
ACCACAAGTTTCTATC-1,0.399294,0.006871,0.010325,0.486394,0.035262,0.061855
ACCACACGGTTGATGG-1,0.068566,0.013913,0.011351,0.307703,0.043685,0.554781
ACCACCAATGTAACAA-1,0.413246,0.01241,0.120237,0.396286,0.00342,0.0544
ACCACGTGCAGCTATA-1,0.673814,0.001315,0.00002,0.010132,0.146654,0.168066
ACCAGCCCGGTCTTTG-1,0.000341,0.000085,0.071323,0.170405,0.757761,0.000085
ACCAGGAGTGTGATCT-1,0.185168,0.053093,0.001914,0.727004,0.0001,0.032721
ACCAGTGCCCGGTCAA-1,0.000303,0.000076,0.001231,0.668358,0.329957,0.000076
ACCAGTGCGGGAGACG-1,0.933937,0.009074,0.021686,0.035282,0.000011,0.000011
ACCATATCCGCAATAA-1,0.11139,0.052153,0.314156,0.464083,0.058189,0.00003
ACCATCCGCCAACTAG-1,0.437809,0.01143,0.136071,0.387474,0.027183,0.000032
ACCATCGTATATGGTA-1,0.939383,0.000515,0.013193,0.046085,0.000017,0.000807
ACCCAACGCCCGTGGC-1,0.365372,0.016282,0.113293,0.361672,0.126824,0.016557
ACCCACCTACATGCTC-1,0.56125,0.007724,0.001741,0.42922,0.000032,0.000032
ACCCATCTTGAGGGTA-1,0.495909,0.000076,0.025098,0.447041,0.002091,0.029786
ACCCATTTGTCCCTCT-1,0.216195,0.285547,0.026781,0.458712,0.011892,0.000873
ACCCGAGCGAAATTAC-1,0.618293,0.329729,0.00001,0.027146,0.024813,0.00001
ACCCGATTGGTTCCGA-1,0.000142,0.175296,0.204273,0.085269,0.13232,0.402699
ACCCGGAAACTCCCAG-1,0.195598,0.00003,0.00003,0.00006,0.236467,0.567816
ACCCGGATGACGCATC-1,0.46882,0.065756,0.021501,0.443877,0.000023,0.000023
ACCCGGTTACACTTCC-1,0.828241,0.02789,0.003723,0.056989,0.004192,0.078965
ACCCGTGTCATCAGTA-1,0.53974,0.000786,0.003157,0.000061,0.140939,0.315317
ACCCTATGCCATATCG-1,0.500616,0.117648,0.25837,0.051929,0.001687,0.069749
ACCCTCCCGTCAGGGC-1,0.347789,0.103673,0.065183,0.24231,0.135167,0.105879
ACCCTCCCTTGCTATT-1,0.199008,0.308433,0.112195,0.32103,0.013104,0.046231
ACCCTTCATCTGCGAA-1,0.000443,0.089749,0.034577,0.830902,0.000111,0.044219
ACCCTTTAGTTCTCCA-1,0.338634,0.000054,0.0066,0.654604,0.000054,0.000054
ACCGAAAGGGCCCTGC-1,0.354605,0.002015,0.05548,0.587312,0.000542,0.000045
ACCGACACATCTCCCA-1,0.224683,0.027027,0.000023,0.001439,0.000023,0.746805
ACCGACTGAGTCCCAC-1,0.46671,0.033381,0.027641,0.407178,0.007532,0.057558
ACCGAGTCTCCTTATT-1,0.28653,0.00605,0.00002,0.00004,0.00002,0.70734
ACCGATGGTAGCATCG-1,0.618937,0.085745,0.051198,0.239179,0.000527,0.004413
ACCGCAATAACTGCCT-1,0.241138,0.065705,0.08259,0.07536,0.191547,0.343659
ACCGCGGTGGAAGTCG-1,0.613946,0.000016,0.064236,0.206476,0.046529,0.068796
ACCGCTAGTCATTGGT-1,0.567936,0.024352,0.002586,0.000063,0.087915,0.317148
ACCGGGCCTTTGTTGA-1,0.435554,0.196777,0.033509,0.256017,0.066424,0.011718
ACCGGTCAGGTACACC-1,0.340794,0.003053,0.197609,0.084595,0.366699,0.00725
ACCGTGACCACGTGGG-1,0.44701,0.139668,0.323076,0.002845,0.086923,0.000477
ACCGTTCCCGCTCTGA-1,0.000529,0.000132,0.349251,0.540071,0.109885,0.000132
ACCTAAGTACCTTTCA-1,0.748414,0.038605,0.118016,0.015936,0.00002,0.079008
ACCTAATCGACTTCCT-1,0.818528,0.000021,0.000021,0.06019,0.121219,0.000021
ACCTACAGTATGTGGT-1,0.512789,0.000568,0.123042,0.311728,0.021653,0.030221
ACCTACTATAAATCTA-1,0.000074,0.000019,0.000019,0.000037,0.000019,0.999833
ACCTCAGCGAGGCGCA-1,0.467838,0.000027,0.000182,0.457314,0.011796,0.062843
ACCTCCGTTATTCACC-1,0.301584,0.036126,0.161675,0.300663,0.051228,0.148723
ACCTGCGTGTCATGTT-1,0.077308,0.000032,0.333257,0.155996,0.259429,0.173978
ACGAAATGGGCGGCAC-1,0.530254,0.000024,0.093754,0.369487,0.006457,0.000024
ACGACTCTAGGGCCGA-1,0.707999,0.019101,0.021118,0.044522,0.150024,0.057236
ACGACTGGTCATACTC-1,0.404392,0.339193,0.209185,0.047196,0.000017,0.000017
ACGAGAACCCATCACG-1,0.462725,0.000058,0.006279,0.339776,0.13509,0.056071
ACGAGATATTTGCTTA-1,0.772179,0.000045,0.000667,0.22702,0.000045,0.000045
ACGAGGATACCACTCT-1,0.884552,0.012921,0.033208,0.03636,0.000014,0.032945
ACGAGGTTTACAACGT-1,0.551331,0.00001,0.21104,0.081841,0.155767,0.00001
ACGAGTACGGATGCCC-1,0.682576,0.001543,0.000165,0.21463,0.099769,0.001318
ACGATACATAGAACTA-1,0.158824,0.001002,0.02001,0.48582,0.267037,0.067307
ACGATCATACATAGAG-1,0.439245,0.117192,0.02164,0.410111,0.000206,0.011606
ACGATCATCTTGTAAA-1,0.904362,0.009941,0.007378,0.078291,0.000014,0.000014
ACGATGCATATGTTAT-1,0.026727,0.003467,0.211513,0.55656,0.13149,0.070242
ACGATGGATCCGATGC-1,0.657254,0.000038,0.011479,0.331153,0.000038,0.000038
ACGCAAACTAATAGAT-1,0.160039,0.00003,0.079166,0.000059,0.00003,0.760677
ACGCAATCACTACAGC-1,0.30107,0.001913,0.034518,0.376966,0.020173,0.26536
ACGCATACGTTTACTA-1,0.113932,0.190667,0.042941,0.464954,0.040339,0.147167
ACGCATTCGTGAGTAC-1,0.777346,0.022038,0.003758,0.15782,0.000024,0.039014
ACGCCACTCGAAACAG-1,0.018359,0.074261,0.032687,0.001433,0.000026,0.873234
ACGCCAGATGATTTCT-1,0.837226,0.000019,0.000877,0.161839,0.000019,0.000019
ACGCCAGTGCGTTTGC-1,0.330631,0.027068,0.071227,0.408431,0.050238,0.112405
ACGCCCAGCTGTCGAT-1,0.000392,0.000098,0.000098,0.325993,0.673321,0.000098
ACGCCGCTAGACGACC-1,0.762797,0.067593,0.054865,0.045883,0.000028,0.068834
ACGCGAAGTCAGACGA-1,0.452585,0.375661,0.017802,0.007515,0.018272,0.128165
ACGCGCTACACAGGGT-1,0.815243,0.00877,0.072818,0.103142,0.000014,0.000014
ACGCGGGCCAAGGACA-1,0.302471,0.04419,0.163013,0.431064,0.059229,0.000034
ACGCTAGTGATACACT-1,0.468971,0.026135,0.030995,0.44247,0.031398,0.00003
ACGCTGTGAGGCGTAG-1,0.337195,0.004208,0.182136,0.375727,0.090383,0.010351
ACGCTTAGTGTCTCTC-1,0.000627,0.000157,0.320471,0.469465,0.209123,0.000157
ACGGAACACGAGTGCC-1,0.388725,0.019491,0.128182,0.357347,0.035239,0.071016
ACGGAATTTAGCAAAT-1,0.000326,0.000082,0.182399,0.360457,0.456655,0.000082
ACGGACTCTCAAAGCG-1,0.02192,0.141817,0.000129,0.026161,0.238873,0.571101
ACGGAGCGCAAATTAC-1,0.371023,0.000024,0.063097,0.529405,0.012354,0.024096
ACGGATGGTGCGGATA-1,0.234775,0.080485,0.027752,0.013624,0.105786,0.537577
ACGGCACTTGCTTGGG-1,0.000291,0.037624,0.293148,0.010679,0.057785,0.600474
ACGGCCAACATGGACT-1,0.048653,0.268633,0.417968,0.002211,0.052238,0.210297
ACGGCGACGATGGGAA-1,0.325491,0.039915,0.012704,0.07757,0.140665,0.403655
ACGGGAGTGTCGGCCC-1,0.599011,0.006097,0.280884,0.095815,0.017151,0.001042
ACGGTACAGTTCAATG-1,0.469375,0.215202,0.051553,0.146763,0.114373,0.002734
ACGTACAGATTTCTCT-1,0.451532,0.000039,0.000039,0.48028,0.068073,0.000039
ACGTACTTTGGCACGG-1,0.777278,0.035054,0.000015,0.000031,0.000015,0.187606
ACGTAGATTGCTGATG-1,0.745049,0.074847,0.013283,0.152401,0.009341,0.005079
ACGTAGGAGAGTCGCT-1,0.000096,0.000024,0.000024,0.000048,0.001816,0.997992
ACGTATTACTCCGATC-1,0.226347,0.175006,0.030874,0.332954,0.178392,0.056428
ACGTGCGCCTCGTGCA-1,0.502338,0.000052,0.004671,0.492837,0.000052,0.000052
ACGTGGTCGAATGTGC-1,0.00055,0.000138,0.046597,0.727617,0.13817,0.086927
ACGTTAATGTCGAAGA-1,0.843514,0.08134,0.06546,0.009647,0.000019,0.000019
ACGTTAGATTTGCCCG-1,0.673168,0.000019,0.020805,0.212568,0.082664,0.010775
ACGTTCACTATGCCGC-1,0.060359,0.005201,0.005085,0.012862,0.048466,0.868027
ACGTTCCGCGCTCCGT-1,0.761269,0.000041,0.009017,0.159212,0.022512,0.04795
ACGTTCGTTCAGGAAA-1,0.698458,0.000029,0.023123,0.000051,0.18274,0.0956
ACGTTCTGTACAAGTC-1,0.145595,0.158556,0.060411,0.572844,0.012563,0.05003
ACGTTGTCGTTGAAAG-1,0.3551,0.341003,0.045818,0.028991,0.000047,0.22904
ACGTTTAGTTGTGATC-1,0.308893,0.000078,0.014697,0.662802,0.013453,0.000078
ACTAATACGTCAGGCG-1,0.960164,0.008046,0.00003,0.031699,0.00003,0.00003
ACTACAAAGAGAGGTG-1,0.079788,0.005388,0.020664,0.00005,0.000025,0.894085
ACTACATCCCGACAAG-1,0.38531,0.018012,0.436634,0.053616,0.099514,0.006913
ACTACCAGCTCTCTGG-1,0.957332,0.000016,0.000016,0.042605,0.000016,0.000016
ACTACCATCCGAGGGC-1,0.302062,0.217997,0.420623,0.009189,0.003687,0.046441
ACTACGCGTTAGAATT-1,0.251285,0.00003,0.00003,0.00006,0.042604,0.705992
ACTAGTTGCGATCGTC-1,0.412592,0.077359,0.065585,0.288019,0.083534,0.07291
ACTATATGCTGTGTTC-1,0.381594,0.00016,0.000042,0.618121,0.000042,0.000042
ACTATCCAGGGCATGG-1,0.418251,0.002454,0.125356,0.356102,0.010494,0.087343
ACTATGTCCAGCTGCC-1,0.226738,0.003676,0.319723,0.004416,0.290911,0.154537
ACTATTCGTCCGTGGT-1,0.085629,0.009915,0.057161,0.766186,0.009844,0.071265
ACTATTTCCGGGCCCA-1,0.68162,0.175711,0.136356,0.006252,0.000031,0.000031
ACTCAACGAATGTATT-1,0.417212,0.000065,0.000065,0.457426,0.070206,0.055026
ACTCAAGTGCAAGGCT-1,0.731041,0.099853,0.000014,0.003896,0.019232,0.145963
ACTCAATAAAGGCACG-1,0.233325,0.007069,0.13821,0.477486,0.143878,0.000032
ACTCAGACCTGCTTCT-1,0.00037,0.000092,0.348704,0.604332,0.000092,0.046409
ACTCATGGCAGCCTTC-1,0.325823,0.000707,0.58248,0.000037,0.000019,0.090935
ACTCCAATATCATCAT-1,0.886783,0.002376,0.004549,0.014788,0.014777,0.076727
ACTCCCATTCCTAAAG-1,0.398037,0.020541,0.401142,0.180225,0.000027,0.000027
ACTCCCGAATTCGTTT-1,0.147004,0.031987,0.058379,0.710726,0.034211,0.017694
ACTCCCTAATGCTAAA-1,0.228569,0.070177,0.000026,0.002449,0.000026,0.698754
ACTCCCTAGAATAGTA-1,0.000326,0.312372,0.113257,0.204183,0.042708,0.327155
ACTCCGGCCGACCACT-1,0.50119,0.040785,0.048902,0.155356,0.087153,0.166614
ACTCGTAACCCGTCCT-1,0.652971,0.01769,0.275626,0.03752,0.007332,0.008862
ACTCGTCAGTAATCCC-1,0.504409,0.008061,0.043953,0.282434,0.000025,0.161117
ACTCTCTGACTTAGGT-1,0.000269,0.121612,0.209206,0.549102,0.119744,0.000067
ACTCTCTTATACACGA-1,0.709147,0.000039,0.003009,0.287727,0.000039,0.000039
ACTCTGACCTAATAGA-1,0.714963,0.033643,0.049544,0.094512,0.105695,0.001642
ACTCTTGTATAGTAAC-1,0.678662,0.078746,0.025988,0.193223,0.000026,0.023355
ACTGAAACGCCGTTAG-1,0.067276,0.233564,0.196109,0.37065,0.063302,0.069099
ACTGAATGGCGAAAGT-1,0.199506,0.398025,0.217431,0.141815,0.009959,0.033264
ACTGATTTAGTGATTC-1,0.000353,0.000088,0.015588,0.603884,0.271288,0.108799
ACTGCCCGCCATTCTC-1,0.935597,0.034907,0.001752,0.0045,0.009605,0.01364
ACTGCCGTCGTAACTC-1,0.035126,0.000079,0.020644,0.703864,0.240209,0.000079
ACTGGGATGCCAGTGC-1,0.218233,0.000023,0.000023,0.051739,0.000636,0.729347
ACTGTACGATACACAT-1,0.130066,0.076732,0.206488,0.555039,0.000046,0.031629
ACTGTAGCACTTTGGA-1,0.015723,0.000042,0.110742,0.685463,0.187989,0.000042
ACTGTATACGCGAGCA-1,0.000288,0.000072,0.081655,0.312112,0.6058,0.000072
ACTGTCCAGGATTATA-1,0.117416,0.014022,0.09101,0.590399,0.058762,0.128391
ACTGTCTTCTTTAGAA-1,0.770137,0.009082,0.030465,0.119002,0.000019,0.071294
ACTGTGCTAGTAGATC-1,0.000426,0.000107,0.107012,0.281609,0.61074,0.000107
ACTGTTTAGTGTAGGC-1,0.01312,0.000094,0.09311,0.718941,0.174641,0.000094
ACTTACCGGGCGCGCA-1,0.354859,0.002397,0.008643,0.592641,0.04141,0.000049
ACTTACGCATCCACGC-1,0.267409,0.016687,0.000037,0.000074,0.197358,0.518435
ACTTAGTACGACAAGA-1,0.000209,0.000052,0.000052,0.24558,0.754054,0.000052
ACTTATACTTACCCGG-1,0.489562,0.01634,0.102926,0.391124,0.000024,0.000024
ACTTATTAGGATCGGT-1,0.850177,0.01607,0.000016,0.085232,0.019598,0.028907
ACTTATTTATGTGCCA-1,0.430101,0.37095,0.001862,0.138143,0.000023,0.058922
ACTTCAGGCTGATCCC-1,0.612468,0.303653,0.000218,0.006756,0.008721,0.068184
ACTTCCATGCGGGACA-1,0.61607,0.068271,0.001078,0.01062,0.163403,0.140558
ACTTCGCCATACGCAC-1,0.514138,0.015176,0.108746,0.350029,0.008094,0.003818
ACTTGACTCCCTCTTT-1,0.259631,0.495068,0.175798,0.049718,0.000117,0.019668
ACTTGCCATATTGTAC-1,0.00035,0.000087,0.000087,0.147886,0.851501,0.000087
ACTTGGGACCCGGTGG-1,0.582129,0.015962,0.001109,0.294713,0.011588,0.0945
ACTTGTAGTCCCTTCA-1,0.553528,0.000031,0.064348,0.283268,0.098793,0.000031
ACTTGTTACCGGATCA-1,0.072562,0.053141,0.000047,0.000094,0.000047,0.874109
ACTTTACCCTCATGAA-1,0.454236,0.00469,0.119727,0.345683,0.006691,0.068973
ACTTTCCTATAGCTTC-1,0.931369,0.000025,0.000025,0.029301,0.000025,0.039257
ACTTTGACTGCATCCT-1,0.805873,0.031403,0.029738,0.131259,0.001699,0.000028
AGAACGTGGTACATTC-1,0.438092,0.017446,0.107983,0.329625,0.089188,0.017665
AGAACTGTACTTTGTA-1,0.573931,0.010672,0.027147,0.144421,0.02141,0.222418
AGAAGAGCGCCGTTCC-1,0.446028,0.000257,0.044794,0.508407,0.000257,0.000257
AGAAGGTACACTTCAC-1,0.532211,0.001025,0.233044,0.093848,0.107648,0.032223
AGAAGGTTGCCGAATT-1,0.328004,0.000033,0.317924,0.336306,0.000033,0.017701
AGAAGGTTGTAGGTCG-1,0.034213,0.054948,0.0087,0.099081,0.16304,0.640019
AGAAGTGATTCGTGAT-1,0.007133,0.017811,0.942937,0.032002,0.000058,0.000058
AGAATAAATCTTCAGG-1,0.700614,0.000028,0.122138,0.120408,0.056785,0.000028
AGAATACAGGCTATCC-1,0.605842,0.000026,0.003859,0.239277,0.041154,0.109843
AGAATGCGGGTTCGGA-1,0.579562,0.004752,0.16814,0.174307,0.012092,0.061147
AGAATTATGGATTCGA-1,0.47688,0.01629,0.088798,0.417982,0.000025,0.000025
AGAATTGTTTGACATA-1,0.000432,0.000108,0.253467,0.213088,0.532798,0.000108
AGACATAGATCCTTCC-1,0.000386,0.000097,0.179616,0.355952,0.463853,0.000097
AGACCAAACCACACCT-1,0.288618,0.004132,0.637899,0.069332,0.00001,0.00001
AGACCATGGGATACAA-1,0.579237,0.021622,0.028106,0.367807,0.003198,0.00003
AGACCCACCGCTGATC-1,0.000305,0.406448,0.206163,0.242287,0.008572,0.136226
AGACCCGCCCTCCTCG-1,0.347212,0.002303,0.287426,0.204753,0.002584,0.155722
AGACCGGGAAACCCTG-1,0.933133,0.000011,0.010651,0.020145,0.036049,0.000011
AGACGAAGTGCCGGTC-1,0.928363,0.020349,0.000008,0.010323,0.015603,0.025354
AGACGACGATGCCGCT-1,0.574755,0.194609,0.192218,0.019798,0.000104,0.018517
AGACGGGATTGGTATA-1,0.301859,0.000121,0.065769,0.474556,0.083356,0.074339
AGACGGGCCGATTTAA-1,0.065793,0.000085,0.402158,0.512812,0.019068,0.000085
AGACTAGCCTTCCAGA-1,0.791176,0.000023,0.000023,0.201401,0.001719,0.005658
AGACTGTTACCGGGTC-1,0.119633,0.540613,0.026594,0.0314,0.000047,0.281713
AGAGAAACACCAGAAA-1,0.545208,0.182221,0.158287,0.035323,0.056518,0.022443
AGAGAACCGTCTAGGA-1,0.706339,0.003008,0.072623,0.105055,0.060267,0.052707
AGAGAAGGAGTACAAT-1,0.612779,0.173799,0.204051,0.009334,0.000018,0.000018
AGAGATCTCTAAAGCG-1,0.884251,0.005807,0.074525,0.035388,0.000015,0.000015
AGAGCAGTTATGAGAC-1,0.284733,0.000037,0.010143,0.667638,0.037413,0.000037
AGAGCGGGCTAATCAT-1,0.013462,0.000066,0.068835,0.888261,0.02931,0.000066
AGAGCGTACAAGCTCG-1,0.383843,0.000052,0.088905,0.398685,0.090274,0.03824
AGAGGCTTCGGAAACC-1,0.567435,0.049074,0.054784,0.214184,0.079814,0.03471
AGAGGTATCTCGGTCC-1,0.288017,0.000085,0.025421,0.661499,0.024892,0.000085
AGAGTTAGAGACCGAT-1,0.000466,0.000117,0.235654,0.340906,0.422741,0.000117
AGATAACTTCAGGGCC-1,0.950392,0.001193,0.000085,0.048307,0.000011,0.000011
AGATACCGGTGTTCAC-1,0.858543,0.007477,0.065458,0.048352,0.009547,0.010623
AGATACGACTTCATAT-1,0.721356,0.004894,0.031658,0.242037,0.000028,0.000028
AGATACTCAAGATCGA-1,0.337454,0.447724,0.018137,0.170813,0.000027,0.025845
AGATATAATACGACTA-1,0.000092,0.000023,0.000023,0.000087,0.084525,0.91525
AGATCGTGCATAAGAT-1,0.683661,0.000019,0.005711,0.261609,0.048981,0.000019
AGATCTCAGGTGTGAT-1,0.524865,0.13551,0.056785,0.253941,0.000032,0.028867
AGATGACTCGCCCACG-1,0.093566,0.000069,0.051379,0.817427,0.03749,0.000069
AGATGAGGGTTGCGAT-1,0.861821,0.000027,0.000027,0.13807,0.000027,0.000027
AGATGATGGAGTCTGG-1,0.609463,0.000027,0.130013,0.191181,0.043654,0.025662
AGATGCAAGACGTGCA-1,0.634236,0.030697,0.247039,0.024543,0.063466,0.00002
AGATTATAGGACGTTT-1,0.805401,0.000023,0.002908,0.086652,0.104994,0.000023
AGATTCACAACCGATA-1,0.940657,0.000008,0.057263,0.002056,0.000008,0.000008
AGCAAAGGCCGCTAGT-1,0.00014,0.019513,0.012897,0.06939,0.02009,0.87797
AGCAACATATCTTATT-1,0.463505,0.177189,0.006607,0.280062,0.041822,0.030814
AGCAACCGAAAGTAAT-1,0.330773,0.007829,0.490448,0.054779,0.051958,0.064214
AGCACACGTTTAGACT-1,0.76619,0.008654,0.009442,0.01373,0.14644,0.055542
AGCACCAGTACTCACG-1,0.693082,0.000019,0.000019,0.235657,0.04313,0.028092
AGCACTACCGGCCTGT-1,0.000163,0.000041,0.010822,0.801266,0.187667,0.000041
AGCACTACCTCACCAG-1,0.547914,0.133448,0.010787,0.017862,0.22406,0.065928
AGCACTTAAGGACGCC-1,0.198205,0.001906,0.265992,0.405484,0.060668,0.067745
AGCAGAAGGAGAAAGA-1,0.000083,0.000924,0.013386,0.082595,0.004818,0.898193
AGCAGCCAGATGAATA-1,0.47119,0.024521,0.009711,0.001096,0.14542,0.348063
AGCAGTCGAAGCATGC-1,0.200341,0.065016,0.029586,0.299293,0.096585,0.309179
AGCATATCAATATGCT-1,0.380299,0.057895,0.400149,0.122232,0.000045,0.039382
AGCATCATTTCGAAAG-1,0.817531,0.044353,0.121553,0.016351,0.000199,0.000014
AGCATCGTCGATAATT-1,0.537831,0.00002,0.00002,0.413633,0.028848,0.019648
AGCATTACGAGGCAAG-1,0.245871,0.028981,0.190728,0.471033,0.015081,0.048305
AGCCAAGCTTTGTGTC-1,0.02895,0.000027,0.000027,0.000054,0.122933,0.84801
AGCCACAGGTTACCCG-1,0.745789,0.090719,0.001284,0.045481,0.006397,0.11033
AGCCACTCCCGTGCTT-1,0.867389,0.020163,0.016474,0.055743,0.00399,0.036241
AGCCATATAGTATGTG-1,0.016134,0.000021,0.000021,0.000042,0.021034,0.962748
AGCCCATACATGTAAG-1,0.686472,0.00782,0.128841,0.176831,0.000018,0.000019
AGCCCGCAACAAGCAG-1,0.000078,0.000485,0.000019,0.000039,0.008198,0.991182
AGCCCGGCATTAGAGG-1,0.849656,0.033505,0.087535,0.028594,0.000696,0.000012
AGCCCGGTAGCCTGTA-1,0.3302,0.044447,0.026261,0.000057,0.002955,0.59608
AGCCCTAAGCGAAGTT-1,0.779498,0.000027,0.002272,0.196022,0.022153,0.000027
AGCCCTCCCTGGTGGC-1,0.879432,0.019801,0.0022,0.014936,0.04269,0.04094
AGCCCTTCTAATCCGA-1,0.941092,0.009177,0.00002,0.049671,0.00002,0.00002
AGCCGTGGCTAAATGT-1,0.587036,0.015096,0.249801,0.087678,0.027108,0.033281
AGCCTAATACCCACGT-1,0.90361,0.000014,0.06945,0.026897,0.000014,0.000014
AGCCTTAAAGCGGAAG-1,0.173051,0.000057,0.052996,0.643752,0.114505,0.01564
AGCGACAGGAACGGTC-1,0.22763,0.192411,0.492895,0.077599,0.000018,0.009447
AGCGACATCCCATTCA-1,0.032407,0.000076,0.012419,0.912714,0.042308,0.000076
AGCGACCAACGATATT-1,0.45401,0.016872,0.119488,0.39925,0.010353,0.000027
AGCGACTTTGAAGACA-1,0.000338,0.025666,0.069444,0.000169,0.000085,0.904299
AGCGAGACGTGAAGGC-1,0.059371,0.035467,0.788317,0.004829,0.054249,0.057766
AGCGCATAATGAATCG-1,0.044372,0.132392,0.055638,0.107941,0.002858,0.656799
AGCGCGGGTGCCAATG-1,0.049314,0.012671,0.238234,0.527106,0.105587,0.067088
AGCGCTTATGGGCAAG-1,0.923413,0.000043,0.000043,0.076415,0.000043,0.000043
AGCGGACACTTCGTAG-1,0.213833,0.000081,0.147355,0.000161,0.000081,0.638489
AGCGGCGGTTAGCGGT-1,0.614856,0.018558,0.17955,0.187,0.000018,0.000018
AGCGGGAAGGGTCCAT-1,0.511874,0.000042,0.133202,0.354796,0.000042,0.000042
AGCGGGTCTGACACTC-1,0.000061,0.000015,0.000015,0.000775,0.000961,0.998173
AGCGTCTGAACCCGCA-1,0.343894,0.000071,0.000071,0.575796,0.042808,0.03736
AGCGTGGTATTCTACT-1,0.269444,0.154349,0.14023,0.172345,0.144423,0.119208
AGCGTTCCGATTTAAA-1,0.127781,0.000143,0.387184,0.375781,0.108968,0.000143
AGCTAACAAGCAATGT-1,0.727627,0.146184,0.00664,0.003214,0.000129,0.116206
AGCTAAGCTCCGTCCG-1,0.058048,0.065746,0.102052,0.006156,0.006007,0.76199
AGCTAAGTACGCAGGC-1,0.28773,0.192364,0.071693,0.214156,0.100372,0.133685
AGCTAGAAGCAGAAGT-1,0.843877,0.001494,0.000013,0.15459,0.000013,0.000013
AGCTATTTAATCCAAC-1,0.803969,0.000029,0.020314,0.175631,0.000029,0.000029
AGCTCCTTCGCACATC-1,0.000158,0.391984,0.265575,0.225325,0.07699,0.039968
AGCTCTAGACGTTCCA-1,0.637797,0.138424,0.024429,0.110115,0.039083,0.050153
AGCTCTTCCCAGTGCA-1,0.465606,0.000035,0.000829,0.533459,0.000035,0.000035
AGCTCTTCGTAACCTT-1,0.423552,0.007032,0.092589,0.379183,0.030558,0.067085
AGCTCTTTACTCAGTT-1,0.71573,0.043393,0.050505,0.135458,0.049441,0.005474
AGCTGAAGTAAACCAA-1,0.681832,0.000012,0.000012,0.223998,0.018451,0.075695
AGCTGTAACCTCAATC-1,0.719461,0.092629,0.15744,0.030416,0.000027,0.000027
AGCTTATAGAGACCTG-1,0.000459,0.000115,0.298764,0.478316,0.222232,0.000115
AGCTTCTTCTCGAGCA-1,0.431999,0.237725,0.036601,0.166696,0.052596,0.074383
AGCTTGATCTTAACTT-1,0.670487,0.00762,0.215988,0.104249,0.001634,0.000022
AGGAAGCTGTCCGCCG-1,0.284422,0.005712,0.00002,0.000041,0.00002,0.709785
AGGACAGTCGAATCCC-1,0.736761,0.07026,0.140402,0.052534,0.000021,0.000021
AGGACATCGCACGTCG-1,0.196456,0.026156,0.004281,0.772969,0.000069,0.000069
AGGACGACCCATTAGA-1,0.717336,0.02634,0.102109,0.05537,0.023766,0.075078
AGGACGCTCGATGTTG-1,0.740955,0.000027,0.000027,0.258935,0.000027,0.000027
AGGAGGCCTTCGCGCG-1,0.747743,0.092472,0.047165,0.091853,0.020755,0.000012
AGGATAAAGTCGGGAT-1,0.168383,0.002274,0.063464,0.052691,0.319648,0.393541
AGGATATAGGGATTTA-1,0.708516,0.109914,0.006395,0.175149,0.000013,0.000013
AGGATATCCGACTGCA-1,0.433273,0.176597,0.085596,0.089645,0.199489,0.015399
AGGATCACGCGATCTG-1,0.77452,0.00002,0.180863,0.03454,0.00002,0.010037
AGGCAGATGCGTAAAC-1,0.677609,0.169632,0.031343,0.121385,0.000016,0.000016
AGGCAGGGAGCGTACT-1,0.158236,0.073168,0.210835,0.044804,0.000063,0.512894
AGGCATTGTCGTAGGG-1,0.546511,0.076293,0.017541,0.222235,0.137285,0.000134
AGGCCACCCGTTATGA-1,0.328636,0.000034,0.040492,0.556759,0.074046,0.000034
AGGCCCATTGTACAGG-1,0.57545,0.001952,0.018204,0.404318,0.000038,0.000038
AGGCCCTAGAACGCCA-1,0.55566,0.009652,0.230338,0.133824,0.067818,0.002709
