Barcode,Topic 1,Topic 2,Topic 3,Topic 4,Topic 5to7,Topic 8,Topic 9to10
AAACAACGAATAGTTC-1,0.101456,0.243665,0.026299,0.12121,0.190735,0.030179,0.286456
AAACAAGTATCTCCCA-1,0.000009,0.000009,0.000689,0.000364,0.479623,0.155411,0.363895
AAACACCAATAACTGC-1,0.103584,0.083355,0.1087,0.031445,0.420058,0.14419,0.108668
AAACAGAGCGACTCCT-1,0.252697,0.030687,0.00946,0.014849,0.468862,0.033532,0.189913
AAACAGCTTTCAGAAG-1,0.000828,0.065927,0.065028,0.003043,0.141457,0.535351,0.188366
AAACAGGGTCTATATT-1,0.035152,0.004953,0.04963,0.518962,0.091456,0.210763,0.089084
AAACAGTGTTCCTGGG-1,0.000019,0.188593,0.000019,0.16827,0.564947,0.000019,0.078134
AAACATGGTGAGAGGA-1,0.000589,0.000018,0.090131,0.199985,0.267781,0.364648,0.076849
AAACATTTCCCGGATT-1,0.111984,0.018208,0.146895,0.092832,0.540144,0.061782,0.028156
AAACCACTACACAGAT-1,0.104352,0.000027,0.059256,0.000027,0.553609,0.034324,0.248407
AAACCCGAACGAAATC-1,0.19924,0.01023,0.559284,0.035148,0.00575,0.158325,0.032023
AAACCGGAAATGTTAA-1,0.21074,0.097972,0.558525,0.000037,0.011355,0.09418,0.027192
AAACCGGGTAGGTACC-1,0.599761,0.010154,0.293684,0.000053,0.007412,0.088828,0.000107
AAACCGTTCGTCCAGG-1,0.361177,0.000033,0.069647,0.004826,0.05997,0.1903,0.314047
AAACCTAAGCAGCCGG-1,0.239364,0.391318,0.0018,0.000032,0.192601,0.103543,0.07134
AAACCTCATGAAGTTG-1,0.13194,0.098636,0.038079,0.108812,0.258019,0.116584,0.24793
AAACGAAGAACATACC-1,0.032936,0.966321,0.000093,0.000093,0.000279,0.000093,0.000186
AAACGAAGATGGAGTA-1,0.013627,0.000013,0.043693,0.008224,0.444993,0.202766,0.286684
AAACGACAGTCTTGCC-1,0.215289,0.007997,0.200965,0.248669,0.268148,0.000051,0.05888
AAACGAGACGGTTGAT-1,0.308214,0.005219,0.02093,0.000031,0.118667,0.30303,0.243909
AAACGCCCGAGATCGG-1,0.179759,0.000033,0.130793,0.006809,0.619285,0.000971,0.062351
AAACGCTGGGCACGAC-1,0.089631,0.127443,0.524083,0.000031,0.058129,0.145222,0.05546
AAACGGGCGTACGGGT-1,0.050698,0.001296,0.030374,0.000015,0.406694,0.19681,0.314114
AAACGGGTTGGTATCC-1,0.352908,0.638943,0.000085,0.000085,0.000255,0.000085,0.00764
AAACGGTTGCGAACTG-1,0.07827,0.301312,0.042491,0.479427,0.004544,0.000943,0.093014
AAACGTGTTCGCCCTA-1,0.088899,0.131595,0.545858,0.034411,0.199154,0.000028,0.000055
AAACTAACGTGGCGAC-1,0.517925,0.023039,0.356127,0.000041,0.096833,0.005955,0.000082
AAACTCGGTTCGCAAT-1,0.126845,0.050003,0.027142,0.795641,0.000184,0.000061,0.000123
AAACTCGTGATATAAG-1,0.355508,0.06148,0.037201,0.011473,0.348452,0.013635,0.172251
AAACTGCTGGCTCCAA-1,0.240207,0.43898,0.000028,0.206321,0.005345,0.000028,0.10909
AAACTTAATTGCACGC-1,0.031507,0.000016,0.121399,0.013362,0.514892,0.190258,0.128565
AAACTTGCAAACGTAT-1,0.351096,0.008309,0.073143,0.000028,0.270761,0.146801,0.149862
AAAGAATGACCTTAGA-1,0.000009,0.014238,0.004275,0.028294,0.818099,0.01729,0.117794
AAAGAATGTGGACTAA-1,0.000016,0.002686,0.114336,0.18503,0.666967,0.020253,0.010712
AAAGACATGAAGTTTA-1,0.003372,0.484382,0.270448,0.019737,0.22184,0.000074,0.000147
AAAGACCCAAGTCGCG-1,0.172463,0.164717,0.000055,0.071261,0.000164,0.030748,0.560593
AAAGACTGGGCGCTTT-1,0.00162,0.000021,0.008256,0.039741,0.445738,0.138978,0.365646
AAAGCTTGCCTACATA-1,0.463949,0.000037,0.531331,0.000037,0.000111,0.004461,0.000074
AAAGGCCCTATAATAC-1,0.125255,0.006136,0.13339,0.00002,0.612818,0.048645,0.073736
AAAGGCTACGGACCAT-1,0.611943,0.347996,0.039582,0.000068,0.000205,0.000068,0.000137
AAAGGCTCTCGCGCCG-1,0.11657,0.397708,0.043875,0.000069,0.000206,0.24414,0.197433
AAAGGGATGTAGCAAG-1,0.705834,0.012696,0.012026,0.000058,0.000175,0.172373,0.096837
AAAGGGCAGCTTGAAT-1,0.039117,0.000018,0.000018,0.10149,0.186135,0.07748,0.595742
AAAGGTAAGCTGTACC-1,0.444718,0.000047,0.215124,0.021727,0.172746,0.078745,0.066894
AAAGGTCAACGACATG-1,0.515571,0.068837,0.063801,0.000032,0.313907,0.0023,0.035552
AAAGTAGCATTGCTCA-1,0.120673,0.000451,0.103333,0.111297,0.129001,0.348082,0.187163
AAAGTCACTGATGTAA-1,0.357742,0.141037,0.000101,0.167476,0.011111,0.000101,0.322431
AAAGTCGACCCTCAGT-1,0.127631,0.027335,0.136945,0.000044,0.376333,0.241065,0.090647
AAAGTGCCATCAATTA-1,0.000016,0.02357,0.197572,0.59268,0.113461,0.002826,0.069874
AAAGTGTGATTTATCT-1,0.005056,0.103806,0.12764,0.00004,0.137676,0.293101,0.332682
AAAGTTGACTCCCGTA-1,0.003096,0.000019,0.015804,0.000019,0.338799,0.252312,0.389952
AAATAACCATACGGGA-1,0.196563,0.000029,0.006708,0.06914,0.066622,0.23701,0.423929
AAATAAGGTAGTGCCC-1,0.043812,0.000024,0.213498,0.541056,0.095398,0.093901,0.012311
AAATACCTATAAGCAT-1,0.039462,0.015916,0.000013,0.000013,0.092176,0.002734,0.849686
AAATAGCTTAGACTTT-1,0.099158,0.43855,0.071691,0.032382,0.021458,0.228174,0.108589
AAATAGGGTGCTATTG-1,0.052519,0.096814,0.000017,0.000017,0.442482,0.015502,0.39265
AAATCACTCCTAAACG-1,0.12993,0.283499,0.002292,0.517116,0.066701,0.000022,0.00044
AAATCCGATACACGCC-1,0.066335,0.177413,0.024922,0.026051,0.352671,0.026665,0.325943
AAATCGCGGAAGGAGT-1,0.036191,0.036438,0.133248,0.102246,0.283289,0.253853,0.154734
AAATCGTGTACCACAA-1,0.01239,0.925261,0.000078,0.061803,0.000234,0.000078,0.000156
AAATCTAGCCCTGCTA-1,0.010479,0.005088,0.008981,0.065715,0.264197,0.246619,0.398922
AAATCTGCCCGCGTCC-1,0.030474,0.000038,0.369105,0.000038,0.32066,0.267354,0.012331
AAATGACTGATCAAAC-1,0.000035,0.380399,0.000035,0.619321,0.000105,0.000035,0.00007
AAATGATTCGATCAGC-1,0.227209,0.107013,0.329377,0.057651,0.027592,0.148011,0.103147
AAATGCTCGTTACGTT-1,0.283548,0.211601,0.000042,0.014202,0.019539,0.001776,0.469291
AAATGGCATGTCTTGT-1,0.280532,0.01712,0.000042,0.058319,0.000344,0.006239,0.637404
AAATGGCCCGTGCCCT-1,0.000007,0.000007,0.000007,0.012434,0.734368,0.011326,0.24185
AAATGGTCAATGTGCC-1,0.335972,0.288223,0.280827,0.000197,0.00059,0.0885,0.005693
AAATGTATCTTATCCC-1,0.000035,0.020278,0.030264,0.020414,0.57885,0.234908,0.115251
AAATTAACGGGTAGCT-1,0.75997,0.239361,0.000084,0.000084,0.000251,0.000084,0.000167
AAATTAATAAGCGCGA-1,0.00001,0.0028,0.00001,0.02362,0.235061,0.147879,0.59062
AAATTACACGACTCTG-1,0.543016,0.197036,0.000053,0.000053,0.18418,0.022956,0.052705
AAATTACCTATCGATG-1,0.596538,0.175221,0.045827,0.000049,0.000148,0.106119,0.076096
AAATTCCAGGTCCAAA-1,0.296142,0.159536,0.310822,0.165763,0.000087,0.067592,0.000058
AAATTGATAGTCCTTT-1,0.245209,0.082364,0.041771,0.000035,0.499067,0.056206,0.075348
AAATTGCGGCGGTTCT-1,0.415732,0.583274,0.000124,0.000124,0.000373,0.000124,0.000249
AAATTGGTGAGAAGCA-1,0.094052,0.097223,0.166848,0.154193,0.421499,0.001466,0.06472
AAATTTACCGAAATCC-1,0.191084,0.000022,0.012923,0.012936,0.322686,0.00982,0.450529
AAATTTGCGGGTGTGG-1,0.276435,0.253296,0.128122,0.000055,0.025693,0.313818,0.002582
AACAACTGGTAGTTGC-1,0.598282,0.095116,0.000059,0.000059,0.035102,0.045219,0.226162
AACAATACATTGTCGA-1,0.377204,0.170791,0.031884,0.000035,0.237341,0.106601,0.076145
AACAATTACTCTACGC-1,0.458068,0.000045,0.026263,0.208113,0.000135,0.177569,0.129807
AACACACGCTCGCCGC-1,0.045755,0.029491,0.121408,0.021093,0.406373,0.102645,0.273235
AACACGACTGTACTGA-1,0.896093,0.08757,0.000134,0.000134,0.000403,0.015397,0.000269
AACACGAGACGCGGCC-1,0.232789,0.00005,0.256502,0.014686,0.00015,0.460057,0.035767
AACACGCGGCCGCGAA-1,0.029935,0.569773,0.042473,0.326425,0.00049,0.000163,0.030739
AACAGCTGTGTGGCAA-1,0.412259,0.167895,0.057452,0.000047,0.141335,0.141078,0.079934
AACAGGAAATCGAATA-1,0.76219,0.000073,0.014611,0.110804,0.00022,0.10685,0.005252
AACAGGATGGGCCGCG-1,0.237164,0.025344,0.000029,0.000029,0.02925,0.074112,0.634071
AACAGGTAGTATGGAT-1,0.035582,0.000014,0.190789,0.000014,0.432496,0.174428,0.166678
AACATAGCGTGTATCG-1,0.118755,0.211182,0.307548,0.130479,0.055319,0.112822,0.063895
AACATATCAACTGGTG-1,0.541845,0.010084,0.269896,0.00006,0.000181,0.174696,0.003238
AACATCGATACGTCTA-1,0.220621,0.007159,0.18073,0.305355,0.128949,0.153445,0.003741
AACATTGAAGTTGATC-1,0.076433,0.010839,0.062703,0.000019,0.483671,0.060189,0.306147
AACATTGGTCAGCCGT-1,0.551891,0.396799,0.050385,0.000132,0.000396,0.000132,0.000264
AACATTGTGACTCGAG-1,0.031259,0.958886,0.000042,0.000042,0.005991,0.000042,0.003737
AACCAAGACTTCTCTG-1,0.379344,0.092425,0.055686,0.00004,0.306598,0.107628,0.058279
AACCAGTATCACTCTT-1,0.048921,0.169748,0.000016,0.049754,0.179332,0.000016,0.552213
AACCATAGGGTTGAAC-1,0.072138,0.000016,0.062476,0.213689,0.1961,0.302327,0.153254
AACCATGGGATCGCTA-1,0.793911,0.164726,0.000073,0.000073,0.017766,0.000073,0.023376
AACCCAGAGACGGAGA-1,0.292827,0.70631,0.000108,0.000108,0.000323,0.000108,0.000216
AACCCATCCCATGATC-1,0.11581,0.092662,0.061769,0.000021,0.426542,0.171525,0.131672
AACCCGACAACCCGTG-1,0.072381,0.215704,0.032523,0.103079,0.442694,0.002672,0.130946
AACCCGAGCAGAATCG-1,0.005826,0.02846,0.138158,0.040338,0.23854,0.010224,0.538454
AACCCGATAGGGCTTC-1,0.473468,0.000056,0.368081,0.000056,0.073693,0.078835,0.005811
AACCCGCTGTATTCCA-1,0.214034,0.220011,0.000957,0.099615,0.019861,0.026638,0.418885
AACCCTACTGTCAATA-1,0.00437,0.000013,0.004611,0.047684,0.257391,0.269072,0.416857
AACCCTGGTGGAACCA-1,0.588234,0.039747,0.000044,0.000044,0.016073,0.018639,0.337219
AACCGAGCTTGGTCAT-1,0.188936,0.002183,0.012702,0.02745,0.148012,0.106125,0.514592
AACCGCTAAGGGATGC-1,0.006114,0.040567,0.017273,0.002662,0.265446,0.138302,0.529636
AACCGTTGTGTTTGCT-1,0.694426,0.163955,0.000087,0.046605,0.000262,0.00164,0.093025
AACCTCGCTTTAGCCC-1,0.012034,0.000015,0.007619,0.000015,0.226768,0.038427,0.715122
AACCTGTCACGGAATT-1,0.385135,0.000053,0.508526,0.098158,0.00016,0.007861,0.000107
AACCTTTAAATACGGT-1,0.274289,0.136821,0.00002,0.00002,0.121095,0.004901,0.462855
AACCTTTACGACGTCT-1,0.3334,0.07193,0.000037,0.024283,0.11487,0.02072,0.43476
AACGAAAGTCGTCCCA-1,0.004593,0.143355,0.00762,0.032074,0.499429,0.066053,0.246877
AACGACCTCCTAGCCG-1,0.000038,0.059814,0.4561,0.009637,0.254061,0.151443,0.068907
AACGATAATGCCGTAG-1,0.290384,0.014949,0.014978,0.142673,0.124401,0.016625,0.39599
AACGATAGAAGGGCCG-1,0.029847,0.713053,0.000167,0.255934,0.0005,0.000167,0.000333
AACGATATGTCAACTG-1,0.752257,0.048835,0.012645,0.000061,0.000183,0.181585,0.004435
AACGCATGATCTGGGT-1,0.006923,0.000028,0.106284,0.48375,0.15794,0.037187,0.207888
AACGCGAACGGCAACA-1,0.398703,0.449759,0.000057,0.000057,0.000172,0.000057,0.151192
AACGCGACCTTGGGCG-1,0.007807,0.492348,0.000031,0.000031,0.186013,0.000031,0.313738
AACGCGGTCTCCAGCC-1,0.49391,0.169381,0.028319,0.137133,0.07136,0.078088,0.021809
AACGCTGTTGCTGAAA-1,0.115904,0.033205,0.014317,0.024626,0.135451,0.382061,0.294435
AACGGACGTACGTATA-1,0.213791,0.028431,0.086397,0.022536,0.105966,0.418994,0.123885
AACGGCCATCTCCGGT-1,0.162886,0.027935,0.016788,0.000025,0.269326,0.084562,0.438478
AACGTACTGTGGGTAC-1,0.234845,0.000033,0.000675,0.000033,0.44379,0.048133,0.272491
AACGTCAGACTAGTGG-1,0.793955,0.103934,0.000068,0.000068,0.000203,0.010466,0.091307
AACGTCATCCGGCTTG-1,0.000113,0.228772,0.067308,0.703126,0.00034,0.000113,0.000227
AACGTCGCTGCACTTC-1,0.025963,0.093044,0.387211,0.000035,0.174188,0.278744,0.040816
AACGTGATGAAGGACA-1,0.165379,0.000031,0.000071,0.173779,0.043965,0.055344,0.561432
AACGTGCGAAAGTCTC-1,0.21832,0.152159,0.009171,0.096253,0.009377,0.187173,0.327548
AACGTTATCAGCACCT-1,0.14681,0.066837,0.000041,0.000041,0.181279,0.343851,0.261141
AACGTTCTACCATTGT-1,0.001216,0.049837,0.393988,0.240587,0.087938,0.169701,0.056734
AACTACCCGTTTGTCA-1,0.10829,0.000023,0.330267,0.000023,0.333386,0.101074,0.126937
AACTAGGCTTGGGTGT-1,0.494067,0.46826,0.03712,0.000079,0.000237,0.000079,0.000158
AACTCAAGTTAATTGC-1,0.433553,0.280336,0.00307,0.021397,0.000121,0.16528,0.096244
AACTCCAGAGCGTGTT-1,0.087521,0.002798,0.006504,0.031883,0.286241,0.024111,0.560942
AACTCCTAATCCCATG-1,0.267697,0.015319,0.035144,0.000998,0.372078,0.057898,0.250865
AACTCGATAAACACGT-1,0.488807,0.385514,0.109712,0.000103,0.000308,0.01535,0.000206
AACTCGATGGCGCAGT-1,0.22599,0.000035,0.000035,0.041219,0.008414,0.006056,0.718253
AACTCTCAATAGAGCG-1,0.285184,0.178787,0.016944,0.000053,0.016938,0.482107,0.019987
AACTCTCAGTGTGCTC-1,0.321188,0.00905,0.079375,0.002111,0.159677,0.10602,0.32258
AACTGAGGTCAGCGTC-1,0.234565,0.012465,0.036561,0.503089,0.211758,0.001497,0.000066
AACTGAGTTATACTGA-1,0.087179,0.125544,0.786798,0.000068,0.000205,0.000068,0.000137
AACTGATATTAGGCCT-1,0.562723,0.000077,0.016518,0.08854,0.000231,0.22681,0.105101
AACTGGGTCCCGACGT-1,0.852913,0.002322,0.000414,0.034803,0.00018,0.061581,0.047786
AACTGGGTTCGAGCCG-1,0.148269,0.002366,0.009243,0.131028,0.501546,0.000021,0.207528
AACTGGTGTGGGCCTT-1,0.065903,0.471612,0.000229,0.341428,0.000688,0.11968,0.000459
AACTTCTGCGTCTATC-1,0.67681,0.152584,0.015898,0.000094,0.048997,0.104913,0.000704
AACTTGCCCGTATGCA-1,0.074688,0.00198,0.000025,0.000025,0.193434,0.040387,0.689462
AACTTGCGTTCTCGCG-1,0.82622,0.068481,0.000045,0.000045,0.000135,0.016378,0.088697
AACTTTACGGGAGCTT-1,0.354892,0.045586,0.072038,0.000084,0.000252,0.525598,0.001549
AACTTTCTCGATCATG-1,0.264862,0.00004,0.63604,0.00004,0.085479,0.013459,0.00008
AAGAAAGTTTGATGGG-1,0.000024,0.000024,0.063261,0.632062,0.256106,0.02853,0.019994
AAGAAATCACCAGATT-1,0.108801,0.103097,0.477395,0.010203,0.274848,0.000035,0.025621
AAGAAGGATCAGTTAG-1,0.155783,0.006907,0.000027,0.000027,0.011143,0.014506,0.811608
AAGACATACGTGGTTT-1,0.000013,0.109589,0.011661,0.252736,0.623021,0.000229,0.002751
AAGACCAAATAACTCA-1,0.056707,0.001447,0.204076,0.031499,0.333791,0.246765,0.125716
AAGACCCAACTGAACA-1,0.442772,0.55668,0.000069,0.000069,0.000206,0.000069,0.000137
AAGACTAACCCGTTGT-1,0.12683,0.872494,0.000084,0.000084,0.000253,0.000084,0.000169
AAGACTCACGCCCACT-1,0.049796,0.056448,0.061657,0.053135,0.531243,0.000024,0.247697
AAGACTGCAAGCTACT-1,0.829874,0.017563,0.005817,0.000059,0.000178,0.060142,0.086366
AAGAGATGAATCGGTA-1,0.639446,0.037616,0.000042,0.000042,0.121386,0.038133,0.163337
AAGAGCTCTTTATCGG-1,0.145563,0.096366,0.000033,0.000033,0.078942,0.120975,0.558088
AAGAGGATGTACGCGA-1,0.455963,0.000067,0.241151,0.000067,0.002322,0.281668,0.018762
AAGAGGCATGGATCGC-1,0.268508,0.010417,0.026508,0.000041,0.098277,0.431243,0.165005
AAGAGGCCCTTTGGAA-1,0.007243,0.200908,0.469395,0.132186,0.042083,0.140835,0.00735
AAGATGGCACCGGACC-1,0.241205,0.224517,0.120555,0.153192,0.027075,0.090257,0.1432
AAGATTGGCGGAACGT-1,0.013059,0.079108,0.063173,0.000031,0.010773,0.016764,0.817091
AAGCACCCTGCGTATC-1,0.000527,0.000015,0.000015,0.032043,0.072374,0.010466,0.884562
AAGCATACTCTCCTGA-1,0.629168,0.057447,0.010396,0.054072,0.008009,0.059082,0.181826
AAGCCACTTGCAGGTA-1,0.034441,0.01106,0.248384,0.000035,0.347455,0.026455,0.332169
AAGCCGAAGCGGTTTA-1,0.01554,0.057176,0.131287,0.028967,0.251953,0.190287,0.324789
AAGCCGCCGTGAAATC-1,0.005479,0.000015,0.025242,0.173817,0.368626,0.096362,0.33046
AAGCCGCTTTACCTTG-1,0.000044,0.000044,0.556046,0.443601,0.000132,0.000044,0.000088
AAGCCGGAGAGCAGGA-1,0.00001,0.00001,0.008587,0.378003,0.552441,0.00001,0.060938
AAGCGCAGGGCTTTGA-1,0.581747,0.008981,0.045426,0.000034,0.070988,0.056373,0.236451
AAGCGGAGTGCGCGCA-1,0.05346,0.000031,0.307316,0.076365,0.529687,0.028089,0.005052
AAGCGGCGTCATGGGT-1,0.238396,0.325159,0.08836,0.000039,0.321839,0.001357,0.02485
AAGCGTCCCTCATCGA-1,0.138867,0.040096,0.006714,0.078338,0.114044,0.078682,0.54326
AAGCTAGATCGAGTAA-1,0.730632,0.016967,0.000041,0.000041,0.023272,0.052836,0.176213
AAGCTATGGATTGACC-1,0.002435,0.024799,0.088033,0.003124,0.599182,0.2091,0.073326
AAGCTCGTGCCAAGTC-1,0.365337,0.183889,0.039872,0.000067,0.008668,0.357391,0.044778
AAGCTCTTTCATGGTG-1,0.427198,0.000052,0.093271,0.000052,0.056264,0.236734,0.186429
AAGGAGCGGTTGGTGC-1,0.630661,0.302917,0.065525,0.000128,0.000385,0.000128,0.000256
AAGGATCGATCGCTTG-1,0.038973,0.134975,0.324494,0.338185,0.00027,0.162923,0.00018
AAGGATGAGGGACCTC-1,0.128033,0.00004,0.021111,0.250223,0.065522,0.424508,0.110564
AAGGCAGGCTGTCTCC-1,0.000009,0.078483,0.000404,0.383912,0.395095,0.000009,0.142087
AAGGCGCGTAAAGCTT-1,0.184196,0.056181,0.000026,0.027233,0.009999,0.005602,0.716763
AAGGCTGTGCTCATCG-1,0.35203,0.162956,0.000054,0.002047,0.235955,0.000054,0.246903
AAGGGAACGACTGGCT-1,0.000064,0.153816,0.167577,0.512988,0.000191,0.130536,0.034829
AAGGGACAGATTCTGT-1,0.40908,0.194299,0.078209,0.000054,0.000162,0.317073,0.001124
AAGGGACTATGCATTC-1,0.237594,0.019152,0.059242,0.232716,0.149479,0.106621,0.195196
AAGGGTTAGCCATGCG-1,0.000067,0.106056,0.422062,0.000067,0.023176,0.432656,0.015915
AAGGGTTTGATTTCAG-1,0.004876,0.000008,0.00314,0.114294,0.661789,0.018794,0.197099
AAGGTATCCTAATATA-1,0.188623,0.000024,0.022734,0.000024,0.192934,0.130288,0.465372
AAGGTGATAAACCAGC-1,0.011194,0.000014,0.019231,0.017149,0.294426,0.270631,0.387357
AAGTAGAAGACCGGGT-1,0.07543,0.307818,0.000096,0.178742,0.000289,0.135364,0.30226
AAGTAGTGACGCGAGG-1,0.628574,0.000062,0.071759,0.000062,0.000187,0.299231,0.000125
AAGTCAATTGTCGTCA-1,0.093264,0.021946,0.025404,0.009258,0.170203,0.296144,0.383781
AAGTCTAGTAGCTGCC-1,0.208159,0.000043,0.664179,0.000043,0.079293,0.048196,0.000087
AAGTCTTCTGTGGCCT-1,0.320662,0.000052,0.221158,0.000052,0.053935,0.312701,0.091441
AAGTGACGACCGAATT-1,0.031715,0.278427,0.000033,0.000033,0.329528,0.006951,0.353313
AAGTGAGTCGGGTTTA-1,0.762711,0.029204,0.002009,0.000046,0.115029,0.010841,0.08016
AAGTGCAAAGGTAGAC-1,0.000653,0.000028,0.024006,0.003431,0.340219,0.303008,0.328655
AAGTGCCTTGACTGTA-1,0.577102,0.000056,0.335551,0.000056,0.000169,0.086952,0.000113
AAGTGCGTTAGAATCT-1,0.107168,0.003641,0.012414,0.000025,0.367035,0.282836,0.226882
AAGTGCTTCTCTATTG-1,0.415402,0.093054,0.142984,0.000045,0.172407,0.139524,0.036585
AAGTGTTTGGAGACGG-1,0.355078,0.011517,0.037332,0.000045,0.034749,0.462795,0.098482
AAGTTCACTCCAAGCT-1,0.072223,0.377889,0.000018,0.000018,0.269332,0.004563,0.275956
AAGTTCAGTCTGCGTA-1,0.496431,0.011746,0.389731,0.020124,0.022752,0.039232,0.019984
AAGTTCGGCCAACAGG-1,0.145587,0.000034,0.05997,0.000034,0.197562,0.325955,0.270858
AAGTTGTGATGTTATA-1,0.01042,0.239771,0.058573,0.000026,0.486259,0.126981,0.07797
AAGTTTATGGGCCCAA-1,0.352101,0.084455,0.149522,0.167884,0.164302,0.026858,0.054878
AATAACAACGCTCGGC-1,0.391941,0.233386,0.042674,0.016752,0.164694,0.101976,0.048577
AATAACACTAGAACAA-1,0.032817,0.191626,0.000021,0.01418,0.386622,0.05124,0.323494
AATAACGTCGCGCCCA-1,0.000014,0.000014,0.066824,0.358934,0.410122,0.099866,0.064227
AATAAGTCCTCGAGAC-1,0.273515,0.666,0.000075,0.036067,0.000224,0.000075,0.024044
AATAATCTTCGTATCG-1,0.000025,0.000025,0.192872,0.278002,0.390018,0.001715,0.137344
AATACAATGTTTCAGG-1,0.053489,0.039162,0.00002,0.060459,0.21099,0.005545,0.630335
AATACCGGAGGGCTGT-1,0.219445,0.098722,0.197907,0.00003,0.139226,0.152662,0.192009
AATACCTGATGTGAAC-1,0.075356,0.062372,0.295988,0.005467,0.189448,0.346586,0.024782
AATAGAACAGAGTGGC-1,0.488032,0.000047,0.008039,0.000031,0.068521,0.050268,0.385062
AATAGAATCTGTTTCA-1,0.0729,0.000026,0.05049,0.083187,0.093139,0.211881,0.488377
AATAGCAAGCCTCCTG-1,0.099871,0.000034,0.3789,0.021613,0.356352,0.000678,0.142553
AATAGCTACCGCGTGC-1,0.690973,0.021636,0.25395,0.000036,0.016747,0.016585,0.000072
AATAGGCACGACCCTT-1,0.096299,0.232071,0.08382,0.000033,0.380901,0.052268,0.154607
AATAGTCCGTCCCGAC-1,0.000157,0.239197,0.000157,0.759545,0.000472,0.000157,0.000315
AATAGTCGCGAGTCGG-1,0.276326,0.000041,0.070691,0.000041,0.051998,0.553498,0.047404
AATATCCTAGCAAACT-1,0.000824,0.093928,0.01862,0.181891,0.413274,0.139593,0.15187
AATATCGAATCAATGC-1,0.079021,0.000022,0.141718,0.045251,0.339551,0.29089,0.103547
AATATCGAGGGTTCTC-1,0.587847,0.000064,0.325912,0.000064,0.000191,0.085796,0.000127
AATATTGGAGTATTGA-1,0.114349,0.208988,0.142424,0.316453,0.047384,0.011416,0.158985
AATCAGACTGCAGGAC-1,0.181783,0.396374,0.000111,0.000111,0.003473,0.125502,0.292647
AATCAGGTTTCATTTA-1,0.34137,0.011898,0.392361,0.000054,0.136547,0.108627,0.009142
AATCATGTAAAGACTC-1,0.080135,0.026773,0.098042,0.000033,0.055374,0.691439,0.048204
AATCCAAGGGCCTGAG-1,0.276344,0.182972,0.00005,0.091309,0.00015,0.069142,0.380033
AATCCATGCAAGGGTG-1,0.441297,0.438658,0.00007,0.00007,0.000209,0.00007,0.119627
AATCCCGCTCAGAGCC-1,0.000091,0.218434,0.136218,0.644713,0.000272,0.000091,0.000181
AATCGAGGTCTCAAGG-1,0.000062,0.11656,0.178102,0.177726,0.18577,0.079419,0.262361
AATCGCCTCAGCGCCA-1,0.340641,0.291686,0.05967,0.000049,0.172766,0.113801,0.021387
AATCGCGCAGAGGACT-1,0.121098,0.301957,0.206529,0.048591,0.074589,0.119375,0.127861
AATCGGGACACTACGA-1,0.217451,0.781797,0.000094,0.000094,0.000282,0.000094,0.000188
AATCGGTATAGCCCTC-1,0.000008,0.044964,0.000008,0.405915,0.446898,0.003246,0.098961
AATCGTGAGCCGAGCA-1,0.000028,0.095566,0.000028,0.221373,0.409139,0.001951,0.271915
AATCTAGGTTTACTTG-1,0.144991,0.016659,0.01457,0.00002,0.491925,0.12092,0.210913
AATCTATGCCGGAGCC-1,0.347602,0.016156,0.360494,0.162511,0.000162,0.112966,0.000108
AATCTCTACTGTGGTT-1,0.00094,0.202464,0.002228,0.017862,0.594935,0.022438,0.159133
AATCTGCGTTGGGACG-1,0.06663,0.117452,0.039647,0.000034,0.156573,0.273668,0.345997
AATCTGGCTTTCTAGT-1,0.000011,0.000011,0.000011,0.131923,0.635188,0.007962,0.224894
AATCTGGGTAGACCCT-1,0.073789,0.000023,0.0952,0.000023,0.282496,0.030849,0.517619
AATGACAGCAATGTCT-1,0.201926,0.037234,0.109143,0.000035,0.293782,0.281051,0.076829
AATGACGTAGGATGTC-1,0.18546,0.046712,0.097511,0.040453,0.158069,0.177665,0.29413
AATGACTGTCAGCCGG-1,0.356268,0.242774,0.0162,0.000109,0.000326,0.245137,0.139187
AATGAGTTCGCATATG-1,0.179837,0.000041,0.000041,0.021072,0.012646,0.203846,0.582518
AATGATGATACGCTAT-1,0.387632,0.034722,0.141788,0.153823,0.000261,0.2816,0.000174
AATGATGCGACTCCTG-1,0.437967,0.000067,0.265296,0.000067,0.000202,0.296266,0.000135
AATGCAACCGGGTACC-1,0.855022,0.106996,0.000076,0.000076,0.000228,0.03745,0.000152
AATGCACCAAGCAATG-1,0.294465,0.05592,0.215582,0.076176,0.207931,0.149796,0.00013
AATGGCCGCCAATGCG-1,0.182157,0.150781,0.009968,0.000041,0.568321,0.000041,0.08869
AATGGTCCACCGTTCA-1,0.117201,0.209598,0.001497,0.1102,0.074838,0.3083,0.178365
AATGGTTCTCACAAGC-1,0.332587,0.666952,0.000058,0.000058,0.000173,0.000058,0.000115
AATGTATGGCACTGTA-1,0.357764,0.095068,0.195141,0.000025,0.26589,0.054966,0.031146
AATGTGCCCGAGGTGT-1,0.103246,0.000026,0.010434,0.57579,0.140744,0.061008,0.108751
AATGTGCTAATCTGAG-1,0.615197,0.065674,0.208479,0.000039,0.006462,0.104072,0.000077
AATGTTAAGACCCTGA-1,0.188073,0.070542,0.336265,0.039693,0.225497,0.065364,0.074568
AATGTTGTCGTGAGAC-1,0.041782,0.118938,0.24363,0.13478,0.283705,0.164721,0.012444
AATTAAAGGTCGGCGT-1,0.570571,0.428814,0.000077,0.000077,0.000231,0.000077,0.000154
AATTAACGGATTTCCA-1,0.329985,0.640956,0.000046,0.000046,0.000137,0.000046,0.028786
AATTACGAGACCCATC-1,0.019047,0.000017,0.104546,0.034131,0.542917,0.169536,0.129806
AATTACTCGTACGCTC-1,0.135275,0.577591,0.000055,0.000055,0.003334,0.000078,0.283612
AATTAGCGCTGCAGCG-1,0.348874,0.425298,0.000051,0.225472,0.000153,0.000051,0.000102
AATTATACCCAGCAAG-1,0.000032,0.194556,0.121031,0.213615,0.424909,0.009641,0.036217
AATTCATAAGGGATCT-1,0.310045,0.248849,0.017652,0.102046,0.156903,0.080115,0.08439
AATTCATTGTCATGCA-1,0.111453,0.020268,0.134011,0.002436,0.592521,0.052416,0.086894
AATTCCAACTTGGTGA-1,0.527546,0.250061,0.221294,0.000157,0.000471,0.000157,0.000314
AATTCCAAGCATGTAC-1,0.000106,0.190804,0.000106,0.808348,0.000318,0.000106,0.000212
AATTCGATTCGAGGAT-1,0.189826,0.223001,0.002129,0.012479,0.189032,0.027767,0.355766
AATTCTAGAGTTAGGC-1,0.758749,0.016284,0.004388,0.034069,0.002981,0.043253,0.140276
AATTGAACGCTCTGGT-1,0.074863,0.326035,0.059001,0.08257,0.119552,0.192163,0.145816
AATTGCAGCAATCGAC-1,0.010987,0.053335,0.116744,0.027762,0.477181,0.185969,0.128023
AATTGCGTGGATTACA-1,0.048948,0.017338,0.093889,0.006735,0.79665,0.005501,0.03094
AATTGTGGTTGCCAAA-1,0.000009,0.000009,0.067,0.065971,0.664275,0.017857,0.184879
AATTTGGGACATAGTA-1,0.706892,0.000056,0.067815,0.000056,0.140662,0.045623,0.038895
AATTTGGTTCCAAAGA-1,0.283298,0.006869,0.000046,0.010624,0.102992,0.001406,0.594765
ACAAACCATGCGTCCT-1,0.004025,0.000008,0.033002,0.12845,0.604811,0.064893,0.164811
ACAAACTCCATCAGAG-1,0.000957,0.007951,0.006754,0.241933,0.490855,0.000012,0.251538
ACAAAGAAGGTAGGCC-1,0.000192,0.000012,0.020547,0.050772,0.392377,0.255902,0.280198
ACAAAGCATGACCTAG-1,0.079512,0.142871,0.150363,0.036749,0.311551,0.165296,0.113658
ACAAATCGCACCGAAT-1,0.390915,0.000917,0.033173,0.000034,0.042205,0.309977,0.222778
ACAAATGGTAGTGTTT-1,0.194271,0.010949,0.002693,0.000027,0.0935,0.245003,0.453557
ACAAATTCAGATCTGA-1,0.712625,0.004503,0.196661,0.019851,0.053665,0.011728,0.000967
ACAACAGCATGAGCTA-1,0.627275,0.02675,0.021493,0.000066,0.000198,0.284956,0.039263
ACAACGGTCCCTGCGA-1,0.128798,0.007292,0.000019,0.105908,0.026053,0.009635,0.722295
ACAAGCAGTGCCTAGC-1,0.41943,0.050149,0.037703,0.000046,0.007982,0.201719,0.282971
ACAAGCTATATGGAAG-1,0.02132,0.267061,0.001916,0.011622,0.230104,0.256224,0.211753
ACAAGGAAATCCGCCC-1,0.117796,0.629468,0.010328,0.067317,0.065601,0.015103,0.094385
ACAAGGACAAGAGGTT-1,0.25743,0.00002,0.008084,0.032516,0.018795,0.036634,0.646521
ACAAGGATGCTTTAGG-1,0.353623,0.064282,0.124645,0.000034,0.088655,0.30471,0.064051
ACAAGGCCTACCAGCC-1,0.000121,0.09103,0.48627,0.404139,0.000362,0.017837,0.000241
ACAAGGGCAGGCTCTG-1,0.390767,0.049671,0.199435,0.000068,0.000203,0.359721,0.000135
ACAAGTAATTGTAAGG-1,0.027071,0.083104,0.469439,0.002884,0.241518,0.069347,0.106636
ACAATAGTCGTACGTT-1,0.224866,0.138376,0.053958,0.098614,0.135029,0.176756,0.172401
ACAATCCATTTAAACC-1,0.458821,0.007239,0.01082,0.000035,0.235831,0.076755,0.210501
ACAATGAATACGGAGA-1,0.068843,0.03904,0.002183,0.000021,0.331266,0.084721,0.473926
ACAATGATTCTTCTAC-1,0.445092,0.033052,0.469356,0.000047,0.036736,0.015623,0.000094
ACAATTGTGTCTCTTT-1,0.025196,0.000049,0.139525,0.220436,0.274768,0.140051,0.199974
ACAATTTAGGAGGCTC-1,0.000019,0.012554,0.003716,0.030926,0.349353,0.041719,0.561713
ACAATTTGAGCAGTGG-1,0.201687,0.126754,0.000045,0.000031,0.053408,0.287546,0.330528
ACAATTTGGCCATATT-1,0.069813,0.628644,0.285495,0.000049,0.007724,0.008178,0.000097
ACACAAAGACGGGTGG-1,0.718315,0.231333,0.049674,0.000097,0.000291,0.000097,0.000194
ACACAAATATTCCTAG-1,0.000037,0.296727,0.313688,0.039646,0.34979,0.000037,0.000074
ACACACCAGGACCAGT-1,0.001623,0.000021,0.029538,0.215578,0.190295,0.203931,0.359014
ACACACTTTCTACACG-1,0.565573,0.157106,0.000086,0.159024,0.000258,0.000086,0.117867
ACACATGATCAAATCT-1,0.012724,0.00001,0.002791,0.473635,0.336828,0.044851,0.12916
ACACATTGACGCAACA-1,0.010175,0.391682,0.00004,0.303767,0.107252,0.00004,0.187044
ACACATTTCCGTAGAC-1,0.253906,0.178659,0.002621,0.203314,0.32533,0.000036,0.036133
ACACCACATAATTAGC-1,0.396978,0.001302,0.467313,0.046411,0.04188,0.045987,0.000129
ACACCCAGCATGCAGC-1,0.32228,0.213244,0.000109,0.119684,0.000327,0.1561,0.188256
ACACCCGAGAAATCCG-1,0.006285,0.58681,0.000037,0.000037,0.010321,0.000037,0.396474
ACACCCGTAAATCTGT-1,0.264984,0.23093,0.137773,0.056808,0.214774,0.014043,0.080688
ACACCGAGCGCTCTTT-1,0.05194,0.024253,0.00003,0.00003,0.14702,0.154801,0.621927
ACACCGGTCTGACCGC-1,0.083768,0.000022,0.1394,0.000022,0.292045,0.337065,0.147677
ACACCTTAAGTAGGGC-1,0.615411,0.383855,0.000092,0.000092,0.000275,0.000092,0.000184
ACACCTTACTACTTGC-1,0.066853,0.001603,0.128318,0.044668,0.458124,0.020155,0.28028
ACACGAGACTCCTTCT-1,0.120254,0.011139,0.000636,0.001343,0.089038,0.046058,0.731533
ACACGGCACTATGCAT-1,0.819448,0.071077,0.000092,0.04163,0.000277,0.007223,0.060253
ACACGGGAACTTAGGG-1,0.43675,0.000048,0.014929,0.007117,0.017772,0.344738,0.178646
ACACGTAGGCCACAAG-1,0.000229,0.003367,0.046653,0.14725,0.623203,0.092581,0.086717
ACACTCCAATGTCACT-1,0.527563,0.000065,0.000065,0.000065,0.000196,0.319475,0.152571
ACACTGATCAAGGTGT-1,0.510077,0.096164,0.000055,0.000055,0.001936,0.134289,0.257423
ACACTGGGACAGTCGT-1,0.170458,0.005164,0.284957,0.008276,0.288743,0.147819,0.094583
ACAGAACTGAGAACAA-1,0.075055,0.000533,0.006927,0.01103,0.468372,0.170627,0.267458
ACAGCATAGAGCCAGT-1,0.491191,0.507243,0.000196,0.000196,0.000587,0.000196,0.000392
ACAGCGACATTCTCAT-1,0.065075,0.000026,0.187519,0.001525,0.343184,0.185137,0.217533
ACAGCGCACCCGCAGC-1,0.377593,0.219628,0.000048,0.000048,0.005209,0.000048,0.397425
ACAGGAGGCGCAGCCG-1,0.070838,0.744237,0.074237,0.033535,0.044132,0.011245,0.021777
ACAGGCACGGATCCTT-1,0.004614,0.000023,0.206114,0.005351,0.465134,0.179945,0.138819
ACAGGCTTGCCCGACT-1,0.240223,0.059455,0.033596,0.025903,0.27453,0.12047,0.245823
ACAGGTGGAGGTGAGG-1,0.12907,0.261612,0.000025,0.000025,0.187465,0.043442,0.378361
ACAGGTGTGTTGTTGC-1,0.000029,0.003469,0.082758,0.581411,0.15786,0.159103,0.01537
ACAGTAATACAACTTG-1,0.395544,0.18901,0.118533,0.000031,0.155394,0.138874,0.002614
ACAGTATACCGTGGGA-1,0.378953,0.025457,0.425787,0.023476,0.079327,0.056529,0.01047
ACAGTGCAGCGCATTT-1,0.053543,0.526057,0.08812,0.228999,0.103122,0.000053,0.000106
ACATAAGTCGTGGTGA-1,0.121716,0.04383,0.127288,0.025191,0.344262,0.10222,0.235494
ACATAATAAGGCGGTG-1,0.522997,0.045259,0.007135,0.13332,0.074165,0.000042,0.217081
ACATACAATCAAGCGG-1,0.000008,0.00076,0.00131,0.056134,0.582307,0.016414,0.343067
ACATCAGCTGGGACGC-1,0.173509,0.000057,0.18595,0.042002,0.111001,0.44991,0.03757
ACATCCCGGCCATACG-1,0.361835,0.275499,0.000088,0.037142,0.034437,0.09897,0.192029
ACATCCTGGTAACTGT-1,0.135048,0.142621,0.371706,0.085578,0.041508,0.126001,0.097537
ACATCGATCGTTTACC-1,0.353856,0.013705,0.000048,0.314692,0.041059,0.011691,0.264948
ACATCGCAATATTCGG-1,0.003346,0.000024,0.04715,0.000024,0.767422,0.025097,0.156937
ACATCGGTCAGCCGCG-1,0.469027,0.073068,0.077307,0.048253,0.000145,0.283717,0.048483
ACATCGTATGCAATGG-1,0.342683,0.016584,0.110652,0.004739,0.285562,0.175108,0.064671
ACATCGTTAACCTAGT-1,0.359857,0.498043,0.000063,0.000063,0.00019,0.000063,0.141721
ACATCTCAACGCGTAA-1,0.230756,0.468232,0.225379,0.074879,0.000377,0.000126,0.000252
ACATGCTTACGGCAGC-1,0.000007,0.002549,0.000007,0.241554,0.693269,0.000007,0.062608
ACATGGCGCCAAAGTA-1,0.000423,0.000011,0.027672,0.120581,0.199041,0.067539,0.584734
ACATGGCTCAATTTAG-1,0.469111,0.001406,0.008241,0.000059,0.000178,0.058216,0.462788
ACATTAGTTTATATCC-1,0.804844,0.000131,0.123551,0.000131,0.000392,0.070691,0.000261
ACATTCGCGCGGAATA-1,0.000014,0.057583,0.00073,0.357426,0.526298,0.000014,0.057936
ACATTTGAAACCTAAC-1,0.000673,0.018568,0.00123,0.007269,0.928081,0.001185,0.042994
ACCAAACACCCAGCGA-1,0.173513,0.091151,0.197179,0.344958,0.065401,0.038839,0.088959
ACCAACACCACACACT-1,0.201939,0.067512,0.291018,0.200447,0.129792,0.003551,0.105742
ACCAACCGCACTCCAC-1,0.073157,0.141473,0.103235,0.007978,0.542551,0.0409,0.090707
ACCAACGCTTATTTAT-1,0.065446,0.55928,0.000087,0.374664,0.000262,0.000087,0.000174
ACCAAGAACGCGTGTC-1,0.000207,0.310336,0.000207,0.688007,0.000621,0.000207,0.000414
ACCAAGTCATCGGCAG-1,0.00002,0.167257,0.078449,0.106536,0.604331,0.029044,0.014364
ACCAATATGCAAGTTA-1,0.121641,0.000017,0.001058,0.000017,0.149116,0.043219,0.684934
ACCACAACTCAGAACA-1,0.52409,0.168376,0.016635,0.039186,0.013939,0.065908,0.171868
ACCACAAGTTTCTATC-1,0.537922,0.278412,0.010355,0.078178,0.000441,0.094398,0.000294
ACCACACGGTTGATGG-1,0.036092,0.000023,0.1085,0.157349,0.286072,0.060533,0.35143
ACCACCAATGTAACAA-1,0.683526,0.164765,0.133448,0.000027,0.000082,0.01803,0.000122
ACCACCCTCTCTTCTA-1,0.154962,0.000034,0.48654,0.234622,0.093907,0.025001,0.004935
ACCACGTGCAGCTATA-1,0.67552,0.007101,0.134709,0.000048,0.017078,0.097752,0.067792
ACCACTGTTCAAGAAG-1,0.274994,0.055255,0.201074,0.000076,0.000228,0.299157,0.169217
ACCAGACCATAACAAC-1,0.128357,0.024335,0.01095,0.011759,0.068886,0.460915,0.294797
ACCAGCCCGGTCTTTG-1,0.030497,0.968974,0.000066,0.000066,0.000198,0.000066,0.000132
ACCAGTGCCCGGTCAA-1,0.158897,0.264166,0.00701,0.167791,0.221807,0.028106,0.152223
ACCAGTGCGGGAGACG-1,0.016048,0.023019,0.036189,0.000024,0.180544,0.345738,0.398437
ACCATATCCGCAATAA-1,0.390181,0.609233,0.000073,0.000073,0.00022,0.000073,0.000147
ACCATCCGCCAACTAG-1,0.144841,0.031994,0.292621,0.201182,0.087428,0.226027,0.015906
ACCATCGTATATGGTA-1,0.334097,0.000056,0.010103,0.036098,0.016469,0.339468,0.26371
ACCATTAAGGGTGTCA-1,0.435178,0.088552,0.227712,0.00009,0.030258,0.131963,0.086248
ACCCAACGCCCGTGGC-1,0.363017,0.009278,0.035362,0.000039,0.05766,0.474988,0.059655
ACCCACCTACATGCTC-1,0.497091,0.000041,0.055815,0.000041,0.10457,0.163277,0.179164
ACCCATCTTGAGGGTA-1,0.374509,0.166858,0.016467,0.07431,0.052079,0.072736,0.24304
ACCCATTTGTCCCTCT-1,0.011777,0.022662,0.011428,0.058301,0.624773,0.058585,0.212474
ACCCGAGCGAAATTAC-1,0.317006,0.007645,0.13286,0.000028,0.269481,0.090021,0.182959
ACCCGATTGGTTCCGA-1,0.26837,0.113999,0.103974,0.002523,0.329259,0.027421,0.154454
ACCCGGAAACTCCCAG-1,0.211426,0.715167,0.000037,0.000037,0.012845,0.000037,0.060451
ACCCGGAGCACCACAA-1,0.059133,0.067582,0.559185,0.000034,0.043791,0.213506,0.056769
ACCCGGATGACGCATC-1,0.008051,0.225213,0.000023,0.000023,0.249736,0.056912,0.460041
ACCCGGTTACACTTCC-1,0.470793,0.476688,0.000075,0.000075,0.043046,0.004818,0.004505
ACCCGTAGCAGAGAAT-1,0.000031,0.002855,0.32187,0.301165,0.308381,0.065635,0.000063
ACCCGTAGTCTAGTTG-1,0.000016,0.009106,0.075305,0.108761,0.759728,0.011072,0.036011
ACCCGTGTCATCAGTA-1,0.509988,0.446866,0.042534,0.000087,0.000262,0.000087,0.000175
ACCCTATAGGACTGAG-1,0.183224,0.071366,0.000048,0.030687,0.014901,0.041137,0.658637
ACCCTATGCCATATCG-1,0.145964,0.010531,0.000193,0.001151,0.2431,0.01618,0.582881
ACCCTCCCGTCAGGGC-1,0.019945,0.002927,0.253498,0.004383,0.395483,0.270252,0.053512
ACCCTCCCTTGCTATT-1,0.300479,0.268487,0.188869,0.000057,0.117812,0.07469,0.049608
ACCCTGGTAACGCCCT-1,0.405033,0.000052,0.546464,0.000052,0.000157,0.048136,0.000105
ACCCTTCATCTGCGAA-1,0.590497,0.00008,0.00008,0.070344,0.000239,0.135706,0.203055
ACCCTTGCCTGGGTCG-1,0.000021,0.42758,0.021874,0.505824,0.044638,0.000021,0.000042
ACCCTTTAGTTCTCCA-1,0.577637,0.000466,0.0488,0.087917,0.056749,0.020656,0.207774
ACCGAAAGGGCCCTGC-1,0.214815,0.221033,0.000044,0.073793,0.035593,0.033212,0.421509
ACCGAAGAGTCTGGTT-1,0.09667,0.02614,0.034467,0.000014,0.647327,0.071302,0.12408
ACCGACACATCTCCCA-1,0.455699,0.506069,0.004205,0.000044,0.003546,0.010635,0.019801
ACCGACTGAGTCCCAC-1,0.068394,0.237016,0.000027,0.012872,0.085772,0.000027,0.595891
ACCGAGTCTCCTTATT-1,0.000032,0.003557,0.220899,0.022705,0.584897,0.000032,0.167879
ACCGATAGGCATAACC-1,0.034423,0.000013,0.108546,0.000013,0.564615,0.023712,0.268677
ACCGATATTTAATCAT-1,0.061663,0.04649,0.307014,0.584576,0.000128,0.000043,0.000085
ACCGATGGTAGCATCG-1,0.000014,0.000014,0.000014,0.010472,0.199383,0.183787,0.606315
ACCGCAATAACTGCCT-1,0.479635,0.052677,0.061609,0.000032,0.06464,0.124869,0.216539
ACCGCGGTGGAAGTCG-1,0.00732,0.206269,0.002506,0.042512,0.217872,0.077911,0.44561
ACCGCTAGTCATTGGT-1,0.000099,0.050939,0.126902,0.033645,0.580911,0.000024,0.207481
ACCGGGCCTTTGTTGA-1,0.079739,0.020965,0.035108,0.00002,0.208923,0.329445,0.3258
ACCGGTCAGGTACACC-1,0.055282,0.000501,0.130936,0.000021,0.361145,0.23881,0.213304
ACCGGTCTGAGTACGG-1,0.580995,0.00005,0.266578,0.00005,0.10924,0.02671,0.016379
ACCGTCCACTGGGCCC-1,0.057582,0.008428,0.215315,0.003253,0.321983,0.118666,0.274772
ACCGTGACCACGTGGG-1,0.116488,0.021826,0.041669,0.047114,0.230919,0.073941,0.468044
ACCGTTCCCGCTCTGA-1,0.273347,0.490129,0.000075,0.030908,0.000224,0.014862,0.190455
ACCTAAGTACCTTTCA-1,0.035699,0.052253,0.000021,0.047919,0.201483,0.093571,0.569053
ACCTAATCGACTTCCT-1,0.013637,0.103208,0.000017,0.052853,0.267174,0.026705,0.536406
ACCTACAGTATGTGGT-1,0.257931,0.000557,0.654098,0.00004,0.013682,0.039635,0.034057
ACCTACTATAAATCTA-1,0.000091,0.227596,0.000091,0.771675,0.000273,0.000091,0.000182
ACCTCAGCGAGGCGCA-1,0.128439,0.181761,0.198133,0.000027,0.150778,0.286295,0.054569
ACCTCCGCCCTCGCTG-1,0.160261,0.04347,0.540748,0.000038,0.122071,0.07806,0.055352
ACCTCCGTTATTCACC-1,0.490977,0.013064,0.342298,0.115385,0.000169,0.037995,0.000112
ACCTCGAACTTATGCT-1,0.20826,0.014531,0.167332,0.000019,0.559356,0.030877,0.019625
ACCTGCGTGTCATGTT-1,0.29286,0.009898,0.05316,0.000034,0.188133,0.24404,0.211875
ACGAAATGGGCGGCAC-1,0.027062,0.01345,0.000028,0.000028,0.238926,0.294786,0.425719
ACGACCCATGAGTTGC-1,0.000027,0.022834,0.226855,0.748769,0.001436,0.000027,0.000053
ACGACTCTAGGGCCGA-1,0.000019,0.033297,0.037606,0.639567,0.20233,0.058703,0.028478
ACGACTGGTCATACTC-1,0.073826,0.000019,0.046349,0.011305,0.480399,0.065346,0.322756
ACGAGAACCCATCACG-1,0.052591,0.900053,0.00007,0.00007,0.00021,0.00007,0.046936
ACGAGATATTTGCTTA-1,0.607091,0.011553,0.000097,0.034609,0.120715,0.109367,0.116568
ACGAGGATACCACTCT-1,0.016619,0.000028,0.011308,0.000028,0.356988,0.468596,0.146433
ACGAGGTTTACAACGT-1,0.019191,0.031409,0.026445,0.025438,0.384801,0.293272,0.219444
ACGAGTACGGATGCCC-1,0.590696,0.000073,0.391384,0.000073,0.00022,0.017406,0.000147
ACGAGTCGCCGGCGTT-1,0.430359,0.254529,0.170249,0.041138,0.000286,0.018796,0.084644
ACGATACATAGAACTA-1,0.581561,0.000053,0.035406,0.000053,0.017654,0.278435,0.086838
ACGATACCTATCCTGA-1,0.111875,0.000035,0.058675,0.237248,0.067246,0.340946,0.183976
ACGATCATACATAGAG-1,0.55771,0.057594,0.00004,0.002862,0.00012,0.018585,0.363088
ACGATCATCTTGTAAA-1,0.098965,0.025516,0.026794,0.164834,0.117021,0.271247,0.295623
ACGATGCATATGTTAT-1,0.431636,0.03072,0.027696,0.019312,0.00801,0.049381,0.433245
ACGATGGATCCGATGC-1,0.699105,0.000057,0.000057,0.000057,0.000171,0.062251,0.238301
ACGCAAACTAATAGAT-1,0.678378,0.00248,0.032648,0.016643,0.150363,0.016614,0.102874
ACGCAATCACTACAGC-1,0.36961,0.0281,0.365123,0.05252,0.000878,0.168089,0.015679
ACGCATAAATGACATG-1,0.196341,0.212638,0.17876,0.097544,0.298384,0.000028,0.016305
ACGCATACGTTTACTA-1,0.249494,0.016959,0.32487,0.000041,0.16535,0.193801,0.049485
ACGCATTCGTGAGTAC-1,0.34446,0.185421,0.000033,0.000033,0.006713,0.000033,0.463308
ACGCCACTCGAAACAG-1,0.376959,0.274397,0.014996,0.000028,0.316385,0.00488,0.012355
ACGCCAGATGATTTCT-1,0.904759,0.094447,0.000099,0.000099,0.000298,0.000099,0.000198
ACGCCAGTGCGTTTGC-1,0.000334,0.000023,0.251971,0.267341,0.343139,0.085693,0.051499
ACGCCCAGCTGTCGAT-1,0.313125,0.389965,0.004954,0.01367,0.000199,0.130496,0.14759
ACGCCGCTAGACGACC-1,0.464588,0.328145,0.000052,0.000052,0.023245,0.033531,0.150387
ACGCCTGACACGCGCT-1,0.000023,0.057105,0.223356,0.560083,0.159365,0.000023,0.000045
ACGCGAAGTCAGACGA-1,0.062463,0.687414,0.000044,0.000044,0.000133,0.000044,0.249857
ACGCGCTACACAGGGT-1,0.421104,0.026505,0.082183,0.000061,0.144535,0.271978,0.053634
ACGCGGGCCAAGGACA-1,0.68568,0.000053,0.000053,0.068369,0.027016,0.023827,0.195002
ACGCGTTTCTTAAGAG-1,0.001123,0.000017,0.000019,0.105087,0.202169,0.17878,0.512805
ACGCTACTGAATGGGC-1,0.00001,0.00001,0.00001,0.541248,0.442194,0.000822,0.015707
ACGCTAGTATCAGTGC-1,0.072927,0.313278,0.000035,0.378972,0.112955,0.000035,0.121798
ACGCTAGTGATACACT-1,0.244939,0.154223,0.429941,0.000098,0.000295,0.170306,0.000197
ACGCTGTGAGGCGTAG-1,0.004191,0.015915,0.000034,0.234564,0.410964,0.089492,0.24484
ACGCTTAGTGTCTCTC-1,0.143399,0.712986,0.143108,0.000072,0.000217,0.000072,0.000145
ACGGAACACGAGTGCC-1,0.08828,0.117947,0.218417,0.000026,0.285066,0.263954,0.02631
ACGGAATTTAGCAAAT-1,0.032543,0.244788,0.00002,0.00002,0.054161,0.00002,0.668447
ACGGACGCAGCGACAA-1,0.02659,0.048298,0.24105,0.000032,0.354113,0.204742,0.125176
ACGGACTCTCAAAGCG-1,0.450566,0.117362,0.000033,0.000033,0.069353,0.018462,0.344191
ACGGAGCGCAAATTAC-1,0.105621,0.000023,0.088595,0.125417,0.535831,0.023774,0.120739
ACGGATGGTGCGGATA-1,0.021418,0.023494,0.000012,0.000012,0.173799,0.007868,0.773396
ACGGCACTTGCTTGGG-1,0.760374,0.104842,0.134023,0.000109,0.000327,0.000109,0.000218
ACGGCCAACATGGACT-1,0.000129,0.345181,0.000129,0.653789,0.000386,0.000129,0.000257
ACGGCGACGATGGGAA-1,0.574831,0.066504,0.013071,0.000046,0.117013,0.143201,0.085335
ACGGCGGGTTGCCCTG-1,0.412838,0.552392,0.033728,0.000149,0.000447,0.000149,0.000298
ACGGCTGGATGTAGAA-1,0.170328,0.000027,0.331733,0.000027,0.143652,0.311305,0.042927
ACGGGAGTGTCGGCCC-1,0.478808,0.022567,0.166966,0.000063,0.009654,0.321817,0.000125
ACGGGCGTATGCGACA-1,0.127279,0.034028,0.061811,0.012548,0.527046,0.01776,0.219528
ACGGGTCATGTGACTT-1,0.631513,0.034725,0.018857,0.056197,0.045403,0.12322,0.090087
ACGGGTTGTGACCTGT-1,0.000032,0.000017,0.143659,0.021404,0.765771,0.023092,0.046025
ACGGTACAGTTCAATG-1,0.000012,0.149061,0.000012,0.246242,0.545089,0.000012,0.05957
