Barcode,Topic 1to2,Topic 3to4,Topic 5to12
AAACAACGAATAGTTC-1,0.483154,0.516359,0.000487
AAACAAGTATCTCCCA-1,0.056977,0.276089,0.666934
AAACAATCTACTAGCA-1,0.029885,0.969353,0.000762
AAACACCAATAACTGC-1,0.281864,0.004644,0.713493
AAACAGCTTTCAGAAG-1,0.364784,0.000776,0.63444
AAACAGGGTCTATATT-1,0.083909,0.005965,0.910126
AAACAGTGTTCCTGGG-1,0.09794,0.16932,0.73274
AAACATGGTGAGAGGA-1,0.514351,0.000092,0.485558
AAACATTTCCCGGATT-1,0.09215,0.690898,0.216952
AAACCACTACACAGAT-1,0.545424,0.184776,0.269799
AAACCCGAACGAAATC-1,0.073063,0.360955,0.565982
AAACCGGAAATGTTAA-1,0.093808,0.369166,0.537026
AAACCGGGTAGGTACC-1,0.127368,0.080824,0.791808
AAACCGTTCGTCCAGG-1,0.001405,0.016897,0.981698
AAACCTAAGCAGCCGG-1,0.029889,0.558525,0.411586
AAACCTCATGAAGTTG-1,0.059332,0.518536,0.422131
AAACGAAGAACATACC-1,0.209991,0.671725,0.118284
AAACGAAGATGGAGTA-1,0.492026,0.183417,0.324557
AAACGACAGTCTTGCC-1,0.411342,0.512827,0.075831
AAACGAGACGGTTGAT-1,0.002212,0.569953,0.427835
AAACGCTGGGCACGAC-1,0.042377,0.202802,0.754821
AAACGGGCGTACGGGT-1,0.005302,0.281616,0.713082
AAACGGGTTGGTATCC-1,0.1678,0.831678,0.000522
AAACGGTTGCGAACTG-1,0.025975,0.032971,0.941054
AAACGTGTTCGCCCTA-1,0.000049,0.086818,0.913133
AAACTCGGTTCGCAAT-1,0.001727,0.089786,0.908487
AAACTCGTGATATAAG-1,0.151142,0.366572,0.482286
AAACTGCTGGCTCCAA-1,0.063788,0.097981,0.838231
AAACTTAATTGCACGC-1,0.999199,0.00016,0.00064
AAACTTGCAAACGTAT-1,0.532444,0.042071,0.425486
AAAGAATGACCTTAGA-1,0.556132,0.004358,0.439509
AAAGAATGTGGACTAA-1,0.270763,0.338638,0.390599
AAAGACCCAAGTCGCG-1,0.000108,0.572787,0.427105
AAAGACTGGGCGCTTT-1,0.042366,0.280615,0.67702
AAAGCTTGCCTACATA-1,0.006301,0.002527,0.991172
AAAGGCCCTATAATAC-1,0.817173,0.171438,0.011389
AAAGGCTACGGACCAT-1,0.098221,0.004187,0.897591
AAAGGCTCTCGCGCCG-1,0.12167,0.155797,0.722533
AAAGGGATGTAGCAAG-1,0.024629,0.489706,0.485665
AAAGGGCAGCTTGAAT-1,0.006932,0.250456,0.742612
AAAGTAGCATTGCTCA-1,0.368505,0.545202,0.086293
AAAGTCACTGATGTAA-1,0.064928,0.898192,0.036881
AAAGTCGACCCTCAGT-1,0.065779,0.069504,0.864717
AAAGTGCCATCAATTA-1,0.024809,0.188597,0.786593
AAAGTGTGATTTATCT-1,0.135574,0.163827,0.7006
AAAGTTGACTCCCGTA-1,0.21716,0.465382,0.317458
AAATAACCATACGGGA-1,0.633767,0.221033,0.1452
AAATAAGGTAGTGCCC-1,0.000094,0.323095,0.676811
AAATACCTATAAGCAT-1,0.028439,0.602148,0.369414
AAATAGCTTAGACTTT-1,0.151754,0.120551,0.727695
AAATAGGGTGCTATTG-1,0.044727,0.576965,0.378308
AAATCACTCCTAAACG-1,0.720984,0.278356,0.00066
AAATCCGATACACGCC-1,0.001371,0.163267,0.835362
AAATCGCGGAAGGAGT-1,0.794221,0.205251,0.000527
AAATCGTGTACCACAA-1,0.003753,0.086851,0.909396
AAATCTAGCCCTGCTA-1,0.177201,0.3674,0.455399
AAATCTGCCCGCGTCC-1,0.999539,0.000092,0.000369
AAATGACTGATCAAAC-1,0.002171,0.066669,0.931161
AAATGATTCGATCAGC-1,0.019133,0.255325,0.725541
AAATGCTCGTTACGTT-1,0.009893,0.727507,0.2626
AAATGGCATGTCTTGT-1,0.000122,0.503336,0.496543
AAATGGCCCGTGCCCT-1,0.640095,0.095039,0.264867
AAATGGTCAATGTGCC-1,0.001056,0.543946,0.454998
AAATGTATCTTATCCC-1,0.097135,0.022827,0.880038
AAATGTGGGTGCTCCT-1,0.518586,0.480806,0.000609
AAATTAACGGGTAGCT-1,0.191473,0.373197,0.43533
AAATTAATAAGCGCGA-1,0.004484,0.016135,0.979381
AAATTACACGACTCTG-1,0.57612,0.331151,0.09273
AAATTACCTATCGATG-1,0.252292,0.573074,0.174634
AAATTCCAGGTCCAAA-1,0.04225,0.012362,0.945388
AAATTGATAGTCCTTT-1,0.190486,0.185084,0.624431
AAATTGCGGCGGTTCT-1,0.014841,0.614335,0.370824
AAATTGGTGAGAAGCA-1,0.021891,0.805029,0.17308
AAATTTGCGGGTGTGG-1,0.048843,0.018029,0.933128
AACAACTGGTAGTTGC-1,0.000087,0.785085,0.214828
AACAATACATTGTCGA-1,0.009926,0.005341,0.984733
AACAATTACTCTACGC-1,0.07095,0.546044,0.383006
AACACACGCTCGCCGC-1,0.008284,0.511753,0.479963
AACACGACTGTACTGA-1,0.394826,0.000098,0.605076
AACACGAGACGCGGCC-1,0.179481,0.209994,0.610525
AACACGCGGCCGCGAA-1,0.004434,0.586447,0.409119
AACAGCTGTGTGGCAA-1,0.207919,0.017737,0.774344
AACAGGAAATCGAATA-1,0.000053,0.253475,0.746472
AACAGGATGGGCCGCG-1,0.104357,0.711049,0.184594
AACAGGTAGTATGGAT-1,0.021327,0.128449,0.850224
AACATAGCGTGTATCG-1,0.008208,0.47278,0.519012
AACATATCAACTGGTG-1,0.13282,0.438073,0.429107
AACATCGATACGTCTA-1,0.133525,0.86571,0.000765
AACATTGAAGTTGATC-1,0.240755,0.118542,0.640703
AACATTGGTCAGCCGT-1,0.021974,0.256481,0.721544
AACATTGTGACTCGAG-1,0.032108,0.271849,0.696043
AACCAAGACTTCTCTG-1,0.059415,0.328412,0.612173
AACCATAGGGTTGAAC-1,0.998462,0.000308,0.00123
AACCATGGGATCGCTA-1,0.043651,0.601774,0.354575
AACCCAGAGACGGAGA-1,0.000024,0.027004,0.972972
AACCCATCCCATGATC-1,0.872087,0.000069,0.127844
AACCCGACAACCCGTG-1,0.002496,0.008251,0.989252
AACCCGAGCAGAATCG-1,0.021218,0.264523,0.714259
AACCCGATAGGGCTTC-1,0.062861,0.516771,0.420368
AACCCGCTGTATTCCA-1,0.179412,0.121375,0.699213
AACCCTACTGTCAATA-1,0.111559,0.403978,0.484463
AACCCTGGTGGAACCA-1,0.025754,0.742885,0.231361
AACCGAGCTTGGTCAT-1,0.065092,0.336272,0.598635
AACCGCTAAGGGATGC-1,0.033922,0.501457,0.464621
AACCGTTGTGTTTGCT-1,0.000076,0.08175,0.918174
AACCTCGCTTTAGCCC-1,0.117405,0.150627,0.731967
AACCTGTCACGGAATT-1,0.009603,0.343091,0.647306
AACCTTTAAATACGGT-1,0.000023,0.200571,0.799406
AACCTTTACGACGTCT-1,0.342482,0.000498,0.657021
AACGAAAGTCGTCCCA-1,0.999694,0.000061,0.000245
AACGACCTCCTAGCCG-1,0.055128,0.237838,0.707034
AACGATAATGCCGTAG-1,0.035951,0.244636,0.719413
AACGATAGAAGGGCCG-1,0.10386,0.003424,0.892716
AACGATATGTCAACTG-1,0.000075,0.308596,0.691329
AACGCATGATCTGGGT-1,0.167111,0.348333,0.484555
AACGCGAACGGCAACA-1,0.00297,0.505407,0.491623
AACGCGACCTTGGGCG-1,0.000016,0.021041,0.978943
AACGCGGTCTCCAGCC-1,0.011675,0.618711,0.369614
AACGCTGTTGCTGAAA-1,0.066653,0.212636,0.720711
AACGGACGTACGTATA-1,0.031645,0.013864,0.95449
AACGGCCATCTCCGGT-1,0.008416,0.035268,0.956316
AACGTACTGTGGGTAC-1,0.000019,0.019455,0.980526
AACGTAGTCTACCCAT-1,0.180651,0.713624,0.105725
AACGTCAGACTAGTGG-1,0.036992,0.061626,0.901383
AACGTCATCCGGCTTG-1,0.026177,0.171043,0.80278
AACGTCGCTGCACTTC-1,0.152201,0.28174,0.566059
AACGTGCGAAAGTCTC-1,0.013378,0.387786,0.598837
AACGTTATCAGCACCT-1,0.052505,0.339352,0.608143
AACGTTCTACCATTGT-1,0.01457,0.114918,0.870513
AACTACCCGTTTGTCA-1,0.088154,0.466251,0.445595
AACTAGCGTATCGCAC-1,0.130575,0.810752,0.058673
AACTAGGCTTGGGTGT-1,0.125731,0.093402,0.780866
AACTCAAGTTAATTGC-1,0.017451,0.00552,0.977029
AACTCCAGAGCGTGTT-1,0.015375,0.20695,0.777675
AACTCGATAAACACGT-1,0.005202,0.63026,0.364537
AACTCGATGGCGCAGT-1,0.250482,0.352267,0.397251
AACTCTCAATAGAGCG-1,0.024548,0.261053,0.7144
AACTCTCAGTGTGCTC-1,0.029942,0.724001,0.246057
AACTGAGGTCAGCGTC-1,0.227459,0.351099,0.421442
AACTGAGTTATACTGA-1,0.08055,0.816112,0.103339
AACTGATATTAGGCCT-1,0.065432,0.155382,0.779186
AACTGGGTCCCGACGT-1,0.001518,0.482371,0.516111
AACTGGTGTGGGCCTT-1,0.000073,0.137359,0.862568
AACTTCTGCGTCTATC-1,0.073901,0.905645,0.020454
AACTTGCCCGTATGCA-1,0.274181,0.47314,0.252679
AACTTGCGTTCTCGCG-1,0.067107,0.403193,0.5297
AACTTTACGGGAGCTT-1,0.080713,0.279263,0.640024
AACTTTAGCTGCTGAG-1,0.000121,0.570378,0.429501
AACTTTCTCGATCATG-1,0.000093,0.607456,0.392452
AAGAAAGTTTGATGGG-1,0.956402,0.043125,0.000472
AAGAAATCACCAGATT-1,0.267207,0.269425,0.463368
AAGAAGGATCAGTTAG-1,0.000077,0.607455,0.392469
AAGACATACGTGGTTT-1,0.081517,0.42158,0.496903
AAGACCAAATAACTCA-1,0.90943,0.030226,0.060344
AAGACCCAACTGAACA-1,0.000014,0.024685,0.975301
AAGACTAACCCGTTGT-1,0.000157,0.996128,0.003715
AAGACTGCAAGCTACT-1,0.000049,0.481724,0.518227
AAGAGATGAATCGGTA-1,0.142435,0.767621,0.089944
AAGAGCTCTTTATCGG-1,0.000025,0.02029,0.979685
AAGAGGATGTACGCGA-1,0.000018,0.002785,0.997197
AAGAGGCATGGATCGC-1,0.055657,0.452101,0.492242
AAGAGGCCCTTTGGAA-1,0.059037,0.382647,0.558315
AAGATGGCACCGGACC-1,0.047841,0.330831,0.621328
AAGATTGGCGGAACGT-1,0.215679,0.563183,0.221138
AAGCACCCTGCGTATC-1,0.000065,0.818427,0.181508
AAGCATACTCTCCTGA-1,0.081371,0.576808,0.341821
AAGCCACTTGCAGGTA-1,0.07172,0.239844,0.688435
AAGCCGAAGCGGTTTA-1,0.020173,0.250418,0.729409
AAGCCGCCGTGAAATC-1,0.8099,0.158865,0.031236
AAGCCGCTTTACCTTG-1,0.032622,0.304977,0.662402
AAGCCGGAGAGCAGGA-1,0.055525,0.256817,0.687658
AAGCGCAGGGCTTTGA-1,0.004458,0.093981,0.901561
AAGCGGAGTGCGCGCA-1,0.007853,0.169151,0.822996
AAGCGTCCCTCATCGA-1,0.241953,0.505582,0.252465
AAGCTAGATCGAGTAA-1,0.000014,0.046009,0.953977
AAGCTATGGATTGACC-1,0.999428,0.000114,0.000458
AAGCTCGTGCCAAGTC-1,0.000077,0.773536,0.226387
AAGCTCTTTCATGGTG-1,0.00003,0.13414,0.86583
AAGGAGAACTTATAAG-1,0.641652,0.357645,0.000703
AAGGAGCGGTTGGTGC-1,0.000044,0.245415,0.754541
AAGGATCGATCGCTTG-1,0.153182,0.84609,0.000728
AAGGATGAGGGACCTC-1,0.017774,0.3437,0.638526
AAGGCAGGCTGTCTCC-1,0.002915,0.535004,0.462081
AAGGCGCGTAAAGCTT-1,0.141985,0.734894,0.123121
AAGGCTGTGCTCATCG-1,0.008298,0.206295,0.785406
AAGGGAACGACTGGCT-1,0.969457,0.030221,0.000323
AAGGGACAGATTCTGT-1,0.224266,0.70358,0.072153
AAGGGACTATGCATTC-1,0.510638,0.008632,0.480731
AAGGGTTAGCCATGCG-1,0.022993,0.297672,0.679335
AAGGGTTTGATTTCAG-1,0.981042,0.018512,0.000445
AAGGTATCCTAATATA-1,0.01332,0.498793,0.487886
AAGGTGATAAACCAGC-1,0.012119,0.125599,0.862282
AAGTAAGCTTCCAAAC-1,0.445732,0.553646,0.000622
AAGTAGAAGACCGGGT-1,0.000051,0.443617,0.556331
AAGTAGTGACGCGAGG-1,0.000056,0.187427,0.812517
AAGTCAATTGTCGTCA-1,0.064365,0.347,0.588635
AAGTCTAGTAGCTGCC-1,0.007289,0.063384,0.929327
AAGTCTTCTGTGGCCT-1,0.109006,0.017506,0.873488
AAGTGACGACCGAATT-1,0.036582,0.039486,0.923932
AAGTGAGTCGGGTTTA-1,0.053989,0.20445,0.741561
AAGTGCAAAGGTAGAC-1,0.061231,0.264287,0.674482
AAGTGCCTTGACTGTA-1,0.022796,0.399667,0.577537
AAGTGCGTTAGAATCT-1,0.373479,0.38071,0.245811
AAGTGCTTCTCTATTG-1,0.079682,0.002939,0.917379
AAGTGTTTGGAGACGG-1,0.000033,0.193202,0.806765
AAGTTCACTCCAAGCT-1,0.000054,0.33791,0.662036
AAGTTCAGTCTGCGTA-1,0.6306,0.224664,0.144736
AAGTTCGGCCAACAGG-1,0.095108,0.236404,0.668487
AAGTTGTGATGTTATA-1,0.159238,0.319169,0.521594
AAGTTTACTAATGGCA-1,0.440774,0.558379,0.000847
AAGTTTATGGGCCCAA-1,0.001355,0.066156,0.932488
AATAACAACGCTCGGC-1,0.001369,0.138832,0.859799
AATAACACTAGAACAA-1,0.202861,0.225876,0.571263
AATAACGTCGCGCCCA-1,0.117266,0.287044,0.595689
AATAAGTCCTCGAGAC-1,0.721813,0.277174,0.001013
AATAATCTTCGTATCG-1,0.005738,0.232035,0.762227
AATACAATGTTTCAGG-1,0.061877,0.468576,0.469548
AATACCGGAGGGCTGT-1,0.053781,0.376138,0.570081
AATACCTGATGTGAAC-1,0.840081,0.046106,0.113813
AATAGAACAGAGTGGC-1,0.017547,0.079039,0.903413
AATAGAATCTGTTTCA-1,0.000036,0.147425,0.852539
AATAGCTACCGCGTGC-1,0.123052,0.373207,0.503741
AATAGGCACGACCCTT-1,0.122954,0.152629,0.724417
AATAGTCCGTCCCGAC-1,0.029756,0.153297,0.816947
AATAGTCGCGAGTCGG-1,0.324092,0.375066,0.300842
AATATCAAGGTCGGAT-1,0.000045,0.068806,0.931149
AATATCCTAGCAAACT-1,0.797415,0.177755,0.02483
AATATCGAATCAATGC-1,0.03116,0.286287,0.682553
AATATCGAGGGTTCTC-1,0.268948,0.551016,0.180037
AATATTGGAGTATTGA-1,0.090414,0.114102,0.795484
AATCAGACTGCAGGAC-1,0.000052,0.053113,0.946835
AATCAGGTTTCATTTA-1,0.080365,0.085673,0.833962
AATCATGTAAAGACTC-1,0.279324,0.610369,0.110307
AATCCAAGGGCCTGAG-1,0.010208,0.14032,0.849472
AATCCATGCAAGGGTG-1,0.027293,0.428559,0.544147
AATCCCGCTCAGAGCC-1,0.005371,0.017787,0.976842
AATCGAGGTCTCAAGG-1,0.040974,0.081172,0.877854
AATCGCCTCAGCGCCA-1,0.069592,0.507526,0.422882
AATCGCGCAGAGGACT-1,0.096732,0.438273,0.464995
AATCGGGACACTACGA-1,0.006444,0.578121,0.415435
AATCGGTATAGCCCTC-1,0.143669,0.250363,0.605968
AATCGTGAGCCGAGCA-1,0.000049,0.52175,0.478201
AATCTAGGTTTACTTG-1,0.638237,0.140516,0.221247
AATCTATGCCGGAGCC-1,0.007879,0.426676,0.565445
AATCTCTACTGTGGTT-1,0.103644,0.510845,0.385512
AATCTGCGTTGGGACG-1,0.000073,0.586826,0.413101
AATCTGGCTTTCTAGT-1,0.831815,0.167787,0.000398
AATGACAGCAATGTCT-1,0.09638,0.099403,0.804217
AATGACGTAGGATGTC-1,0.060041,0.484477,0.455482
AATGACTGTCAGCCGG-1,0.063469,0.117027,0.819504
AATGAGTTCGCATATG-1,0.000091,0.766037,0.233872
AATGATGATACGCTAT-1,0.764794,0.166964,0.068242
AATGATGCGACTCCTG-1,0.175235,0.41754,0.407225
AATGCAACCGGGTACC-1,0.000057,0.535764,0.464179
AATGGCCGCCAATGCG-1,0.237367,0.655694,0.106939
AATGGTCCACCGTTCA-1,0.102037,0.474022,0.423941
AATGGTTCTCACAAGC-1,0.15729,0.683999,0.158711
AATGTATGGCACTGTA-1,0.914309,0.084933,0.000758
AATGTGCCCGAGGTGT-1,0.796305,0.088969,0.114726
AATGTGCTAATCTGAG-1,0.230683,0.560331,0.208986
AATGTTAAGACCCTGA-1,0.207555,0.058442,0.734003
AATGTTGTCGTGAGAC-1,0.166542,0.370087,0.463371
AATTAAAGGTCGGCGT-1,0.000083,0.881662,0.118255
AATTAACGGATTTCCA-1,0.002962,0.375938,0.6211
AATTACGAGACCCATC-1,0.999608,0.000078,0.000314
AATTACTCGTACGCTC-1,0.029407,0.061875,0.908718
AATTAGCGCTGCAGCG-1,0.010996,0.088556,0.900448
AATTATACCCAGCAAG-1,0.02273,0.268995,0.708275
AATTCATAAGGGATCT-1,0.660147,0.339421,0.000432
AATTCATTGTCATGCA-1,0.991212,0.000086,0.008702
AATTCCAACTTGGTGA-1,0.012225,0.414086,0.573689
AATTCCAAGCATGTAC-1,0.008708,0.233217,0.758075
AATTCGATTCGAGGAT-1,0.100816,0.088715,0.810469
AATTCTAGAGTTAGGC-1,0.000026,0.115998,0.883975
AATTGAACGCTCTGGT-1,0.013118,0.106635,0.880247
AATTGCAGCAATCGAC-1,0.634158,0.290155,0.075687
AATTGCGTGGATTACA-1,0.999704,0.000059,0.000237
AATTGTGGTTGCCAAA-1,0.106102,0.344996,0.548902
AATTTGGTTCCAAAGA-1,0.000122,0.576052,0.423826
ACAAACCATGCGTCCT-1,0.185234,0.000034,0.814732
ACAAACTCCATCAGAG-1,0.038642,0.222958,0.7384
ACAAAGAAGGTAGGCC-1,0.317076,0.348294,0.33463
ACAAAGCATGACCTAG-1,0.171779,0.675412,0.152809
ACAAATCGCACCGAAT-1,0.049888,0.028132,0.92198
ACAAATGGTAGTGTTT-1,0.018409,0.261897,0.719693
ACAACAGCATGAGCTA-1,0.104903,0.460191,0.434906
ACAACGGTCCCTGCGA-1,0.022924,0.202856,0.774221
ACAAGCAGTGCCTAGC-1,0.013516,0.00159,0.984894
ACAAGCTATATGGAAG-1,0.002447,0.009474,0.988079
ACAAGGAAATCCGCCC-1,0.021535,0.571731,0.406733
ACAAGGACAAGAGGTT-1,0.08074,0.163732,0.755528
ACAAGGATGCTTTAGG-1,0.000059,0.60801,0.391931
ACAAGGGCAGGCTCTG-1,0.000047,0.642555,0.357398
ACAAGTAATTGTAAGG-1,0.41719,0.07321,0.509599
ACAATAGTCGTACGTT-1,0.373016,0.328664,0.29832
ACAATCCATTTAAACC-1,0.031915,0.097226,0.870859
ACAATCGATCTTTATA-1,0.092292,0.647745,0.259963
ACAATGAATACGGAGA-1,0.615806,0.153546,0.230648
ACAATTGTGTCTCTTT-1,0.223562,0.41751,0.358928
ACAATTTAGGAGGCTC-1,0.136895,0.189545,0.673561
ACAATTTGAGCAGTGG-1,0.009172,0.628803,0.362026
ACAATTTGGCCATATT-1,0.011191,0.144697,0.844113
ACACAAAGACGGGTGG-1,0.000067,0.818782,0.181151
ACACAAATATTCCTAG-1,0.000749,0.238238,0.761013
ACACACCAGGACCAGT-1,0.002947,0.500284,0.496768
ACACACTTTCTACACG-1,0.000044,0.028196,0.97176
ACACATGATCAAATCT-1,0.771323,0.227876,0.000801
ACACATTGACGCAACA-1,0.000046,0.477403,0.52255
ACACATTTCCGTAGAC-1,0.049084,0.657488,0.293428
ACACCACATAATTAGC-1,0.035056,0.120906,0.844038
ACACCCAGCATGCAGC-1,0.157169,0.391663,0.451168
ACACCCGAGAAATCCG-1,0.102074,0.595037,0.302889
ACACCCGTAAATCTGT-1,0.422882,0.352655,0.224463
ACACCGAGCGCTCTTT-1,0.076647,0.866084,0.057268
ACACCGGTCTGACCGC-1,0.984881,0.000101,0.015018
ACACCTTAAGTAGGGC-1,0.000039,0.119595,0.880366
ACACCTTACTACTTGC-1,0.27986,0.421064,0.299076
ACACGAGACTCCTTCT-1,0.000023,0.010873,0.989104
ACACGGCACTATGCAT-1,0.593733,0.40513,0.001138
ACACGGGAACTTAGGG-1,0.066494,0.564186,0.36932
ACACGTAGGCCACAAG-1,0.051878,0.34139,0.606732
ACACTCCAATGTCACT-1,0.028041,0.723978,0.247982
ACACTGATCAAGGTGT-1,0.161702,0.487384,0.350915
ACACTGGGACAGTCGT-1,0.020654,0.385941,0.593405
ACAGAACTGAGAACAA-1,0.310908,0.11587,0.573222
ACAGATTAGGTTAGTG-1,0.000123,0.397334,0.602544
ACAGCATAGAGCCAGT-1,0.000149,0.694375,0.305476
ACAGCGACATTCTCAT-1,0.690331,0.181797,0.127872
ACAGCGCACCCGCAGC-1,0.760181,0.237806,0.002013
ACAGGAGGCGCAGCCG-1,0.281722,0.472044,0.246235
ACAGGCACGGATCCTT-1,0.072124,0.055505,0.872371
ACAGGCTTGCCCGACT-1,0.040331,0.407224,0.552445
ACAGGTGGAGGTGAGG-1,0.009195,0.029826,0.960979
ACAGGTGTGTTGTTGC-1,0.090552,0.022775,0.886673
ACAGTAATACAACTTG-1,0.491169,0.31317,0.195661
ACAGTATACCGTGGGA-1,0.099809,0.126916,0.773276
ACATAAGTCGTGGTGA-1,0.985006,0.014603,0.000391
ACATAATAAGGCGGTG-1,0.009981,0.748742,0.241277
ACATACAATCAAGCGG-1,0.102964,0.215538,0.681498
ACATCAGCTGGGACGC-1,0.000025,0.124083,0.875893
ACATCCCGGCCATACG-1,0.00002,0.011263,0.988717
ACATCCTGGTAACTGT-1,0.082034,0.356889,0.561077
ACATCGATCGTTTACC-1,0.095382,0.431732,0.472886
ACATCGCAATATTCGG-1,0.444841,0.371547,0.183612
ACATCGGTCAGCCGCG-1,0.124142,0.200376,0.675482
ACATCGTATGCAATGG-1,0.02536,0.354822,0.619817
ACATCGTTAACCTAGT-1,0.365555,0.544146,0.090299
ACATGCTTACGGCAGC-1,0.644365,0.000096,0.35554
ACATGGCGCCAAAGTA-1,0.114113,0.307448,0.578439
ACATGGCTCAATTTAG-1,0.000115,0.858652,0.141233
ACATTAGTTTATATCC-1,0.006745,0.166065,0.82719
ACATTCGCGCGGAATA-1,0.581028,0.340439,0.078533
ACATTTGAAACCTAAC-1,0.311784,0.648037,0.040179
ACCAAACACCCAGCGA-1,0.162624,0.12223,0.715146
ACCAAACTAGAAATCC-1,0.571457,0.349163,0.07938
ACCAACACCACACACT-1,0.0886,0.291687,0.619713
ACCAACCGCACTCCAC-1,0.353978,0.484588,0.161435
ACCAACGCTTATTTAT-1,0.00927,0.04347,0.94726
ACCAAGAACGCGTGTC-1,0.000046,0.390167,0.609787
ACCAAGTCATCGGCAG-1,0.163198,0.319008,0.517794
ACCAATATGCAAGTTA-1,0.146566,0.632057,0.221377
ACCACAAGTTTCTATC-1,0.018312,0.000083,0.981605
ACCACACGGTTGATGG-1,0.059321,0.27422,0.666459
ACCACCAATGTAACAA-1,0.45916,0.537266,0.003574
ACCACCCTCTCTTCTA-1,0.209865,0.187947,0.602189
ACCACGTGCAGCTATA-1,0.000028,0.108087,0.891885
ACCACTGTTCAAGAAG-1,0.00006,0.762048,0.237892
ACCAGACCATAACAAC-1,0.132704,0.178109,0.689187
ACCAGCCCGGTCTTTG-1,0.32575,0.618756,0.055493
ACCAGGAGTGTGATCT-1,0.492276,0.506611,0.001113
ACCAGTGCGGGAGACG-1,0.012148,0.298422,0.68943
ACCATATCCGCAATAA-1,0.000024,0.055604,0.944373
ACCATCCGCCAACTAG-1,0.439611,0.038052,0.522337
ACCATCGTATATGGTA-1,0.273294,0.51282,0.213885
ACCATTAAGGGTGTCA-1,0.001304,0.422401,0.576295
ACCCAACGCCCGTGGC-1,0.026852,0.102634,0.870514
ACCCACCTACATGCTC-1,0.049883,0.469139,0.480978
ACCCATCTTGAGGGTA-1,0.025137,0.118282,0.856581
ACCCATTTGTCCCTCT-1,0.687458,0.257809,0.054733
ACCCGAGCGAAATTAC-1,0.132426,0.048375,0.819199
ACCCGATTGGTTCCGA-1,0.114807,0.177721,0.707471
ACCCGGAAACTCCCAG-1,0.083031,0.068311,0.848658
ACCCGGAGCACCACAA-1,0.051776,0.20594,0.742284
ACCCGGATGACGCATC-1,0.174969,0.38172,0.443311
ACCCGGTTACACTTCC-1,0.02624,0.000018,0.973742
ACCCGTAGCAGAGAAT-1,0.999731,0.000054,0.000215
ACCCGTAGTCTAGTTG-1,0.063175,0.422145,0.51468
ACCCGTGTCATCAGTA-1,0.000021,0.038078,0.961901
ACCCTATAGGACTGAG-1,0.063073,0.797232,0.139695
ACCCTATGCCATATCG-1,0.399744,0.321356,0.278901
ACCCTCCCGTCAGGGC-1,0.304206,0.307734,0.38806
ACCCTCCCTTGCTATT-1,0.09208,0.598631,0.309289
ACCCTGGTAACGCCCT-1,0.019572,0.360092,0.620336
ACCCTTCATCTGCGAA-1,0.000043,0.006864,0.993093
ACCCTTGCCTGGGTCG-1,0.010757,0.498317,0.490926
ACCGAAAGGGCCCTGC-1,0.023824,0.426292,0.549883
ACCGAAGAGTCTGGTT-1,0.630173,0.347781,0.022046
ACCGACACATCTCCCA-1,0.000055,0.538844,0.461101
ACCGACTGAGTCCCAC-1,0.000066,0.456477,0.543457
ACCGAGTCTCCTTATT-1,0.002772,0.10399,0.893238
ACCGATAGGCATAACC-1,0.083001,0.27357,0.643428
ACCGATATTTAATCAT-1,0.000085,0.251479,0.748436
ACCGATGGTAGCATCG-1,0.005602,0.254409,0.739989
ACCGCAATAACTGCCT-1,0.043315,0.362575,0.59411
ACCGCGGTGGAAGTCG-1,0.079971,0.428112,0.491917
ACCGCTAGTCATTGGT-1,0.170318,0.018124,0.811558
ACCGGGCCTTTGTTGA-1,0.176807,0.402726,0.420467
ACCGGTCAGGTACACC-1,0.991762,0.000076,0.008163
ACCGTCCACTGGGCCC-1,0.549016,0.000209,0.450775
ACCGTGACCACGTGGG-1,0.066128,0.027086,0.906786
ACCGTTCCCGCTCTGA-1,0.090018,0.908787,0.001195
ACCTAAGTACCTTTCA-1,0.1393,0.391178,0.469522
ACCTAATCGACTTCCT-1,0.005973,0.00268,0.991347
ACCTACAGTATGTGGT-1,0.021623,0.023592,0.954786
ACCTACTATAAATCTA-1,0.099246,0.407741,0.493013
ACCTCAGCGAGGCGCA-1,0.121475,0.552829,0.325697
ACCTCCGCCCTCGCTG-1,0.055669,0.309551,0.63478
ACCTCCGTTATTCACC-1,0.026925,0.112983,0.860092
ACCTCGAACTTATGCT-1,0.763023,0.000187,0.236789
ACCTGCGTGTCATGTT-1,0.729642,0.259511,0.010846
ACGAAATGGGCGGCAC-1,0.008489,0.041489,0.950021
ACGACCCATGAGTTGC-1,0.074409,0.359399,0.566192
ACGACTCTAGGGCCGA-1,0.003417,0.115102,0.881481
ACGACTGGTCATACTC-1,0.214496,0.45053,0.334973
ACGAGAACCCATCACG-1,0.005041,0.884352,0.110608
ACGAGATATTTGCTTA-1,0.431281,0.56593,0.00279
ACGAGGATACCACTCT-1,0.333628,0.375392,0.29098
ACGAGGTTTACAACGT-1,0.470721,0.06372,0.465559
ACGAGTACGGATGCCC-1,0.327873,0.532345,0.139782
ACGAGTCGCCGGCGTT-1,0.006274,0.503833,0.489892
ACGATACATAGAACTA-1,0.044408,0.373316,0.582276
ACGATACCTATCCTGA-1,0.134211,0.137506,0.728283
ACGATCATACATAGAG-1,0.002442,0.170697,0.826861
ACGATCATCTTGTAAA-1,0.14596,0.169291,0.684749
ACGATGCATATGTTAT-1,0.026559,0.546757,0.426683
ACGATGGATCCGATGC-1,0.097042,0.3094,0.593557
ACGCAAACTAATAGAT-1,0.006981,0.062292,0.930726
ACGCAATCACTACAGC-1,0.064195,0.218083,0.717722
ACGCATACGTTTACTA-1,0.386805,0.255688,0.357507
ACGCATTCGTGAGTAC-1,0.013636,0.543387,0.442977
ACGCCACTCGAAACAG-1,0.001549,0.403009,0.595442
ACGCCAGATGATTTCT-1,0.172536,0.371107,0.456357
ACGCCAGTGCGTTTGC-1,0.569325,0.430111,0.000563
ACGCCGCTAGACGACC-1,0.000044,0.30693,0.693026
ACGCCTGACACGCGCT-1,0.197687,0.396122,0.406191
ACGCGAAGTCAGACGA-1,0.034092,0.138238,0.827669
ACGCGCTACACAGGGT-1,0.015147,0.631201,0.353652
ACGCGGGCCAAGGACA-1,0.000057,0.249385,0.750558
ACGCGTTTCTTAAGAG-1,0.058663,0.462028,0.479309
ACGCTACTGAATGGGC-1,0.061577,0.255312,0.683111
ACGCTAGTATCAGTGC-1,0.25954,0.56681,0.17365
ACGCTAGTGATACACT-1,0.230168,0.218032,0.5518
ACGCTGTGAGGCGTAG-1,0.261531,0.072295,0.666174
ACGGAACACGAGTGCC-1,0.779753,0.106652,0.113594
ACGGAATTTAGCAAAT-1,0.166401,0.621172,0.212427
ACGGACGCAGCGACAA-1,0.490783,0.000037,0.50918
ACGGACTCTCAAAGCG-1,0.004121,0.146977,0.848902
ACGGAGCGCAAATTAC-1,0.038736,0.289685,0.67158
ACGGATGGTGCGGATA-1,0.00009,0.792252,0.207659
ACGGCACTTGCTTGGG-1,0.03298,0.005743,0.961277
ACGGCCAACATGGACT-1,0.115664,0.167865,0.716471
ACGGCGACGATGGGAA-1,0.013399,0.103017,0.883584
ACGGCGGGTTGCCCTG-1,0.000045,0.047342,0.952613
ACGGCTGGATGTAGAA-1,0.481386,0.030465,0.488149
ACGGGAGTGTCGGCCC-1,0.051238,0.012512,0.93625
ACGGGCGTATGCGACA-1,0.000063,0.436024,0.563913
ACGGGTCATGTGACTT-1,0.000724,0.123637,0.875639
ACGGGTTGTGACCTGT-1,0.999484,0.000103,0.000413
ACGGTACAGTTCAATG-1,0.089476,0.428206,0.482318
ACGGTCACCGAGAACA-1,0.99982,0.000036,0.000144
ACGTACAGATTTCTCT-1,0.043328,0.069461,0.88721
ACGTACTTTGGCACGG-1,0.069938,0.057294,0.872768
ACGTAGATTGCTGATG-1,0.064273,0.795034,0.140694
ACGTAGGAGAGTCGCT-1,0.133584,0.129281,0.737135
ACGTATTACTCCGATC-1,0.056788,0.385668,0.557544
ACGTCGGGCAACTCGG-1,0.568523,0.079092,0.352385
ACGTCTCGTTCCGGGA-1,0.657823,0.161017,0.18116
ACGTGACAAAGTAAGT-1,0.509213,0.351939,0.138848
ACGTGCGCCTCGTGCA-1,0.000084,0.495091,0.504825
ACGTTAATGTCGAAGA-1,0.017307,0.357016,0.625677
ACGTTAGATTTGCCCG-1,0.006536,0.457006,0.536458
ACGTTATTGGTCACTC-1,0.057363,0.176701,0.765937
ACGTTCACTATGCCGC-1,0.011426,0.000009,0.988565
ACGTTCCGCGCTCCGT-1,0.000171,0.905811,0.094018
ACGTTCGCAATCAATT-1,0.000206,0.335173,0.664621
ACGTTCGTTCAGGAAA-1,0.074966,0.527113,0.397921
ACGTTCTGTACAAGTC-1,0.000061,0.414631,0.585308
ACGTTGTCGTTGAAAG-1,0.124531,0.173049,0.70242
ACGTTTAGTTGTGATC-1,0.000213,0.718857,0.28093
ACGTTTCGGTGCACTT-1,0.105485,0.169701,0.724815
ACTAAGGACGCACACC-1,0.000106,0.513297,0.486597
ACTACAAAGAGAGGTG-1,0.001577,0.037871,0.960552
ACTACATCCCGACAAG-1,0.925921,0.073743,0.000336
ACTACCAGCTCTCTGG-1,0.030048,0.396064,0.573888
ACTACCATCCGAGGGC-1,0.249626,0.082232,0.668142
ACTACGCGTTAGAATT-1,0.012427,0.314011,0.673562
ACTAGTTGCGATCGTC-1,0.042094,0.288425,0.669481
ACTATCCAGGGCATGG-1,0.158183,0.723311,0.118507
ACTATCGCCGGCTAAA-1,0.000022,0.251998,0.74798
ACTATCTGCCCGCGTA-1,0.031771,0.385158,0.583071
ACTATGTCCAGCTGCC-1,0.894915,0.104646,0.000439
ACTATTCGTCCGTGGT-1,0.094376,0.483979,0.421645
ACTATTTCCGGGCCCA-1,0.088344,0.010739,0.900917
ACTCAACGAATGTATT-1,0.000094,0.389293,0.610613
ACTCAAGTGCAAGGCT-1,0.000058,0.442743,0.557199
ACTCAATAAAGGCACG-1,0.03166,0.002709,0.965631
ACTCAGACCTGCTTCT-1,0.154993,0.388123,0.456884
ACTCATGGCAGCCTTC-1,0.970144,0.000262,0.029594
ACTCCAATATCATCAT-1,0.207783,0.497133,0.295084
ACTCCCATTCCTAAAG-1,0.267929,0.113407,0.618664
ACTCCCGAATTCGTTT-1,0.603953,0.262359,0.133688
ACTCCCGTAGACTAGG-1,0.000102,0.671605,0.328293
ACTCCCTAATGCTAAA-1,0.009107,0.236985,0.753908
ACTCCCTAGAATAGTA-1,0.000011,0.031086,0.968903
ACTCCGGCCGACCACT-1,0.000012,0.002539,0.997449
ACTCGATGTATTTCAT-1,0.064147,0.197142,0.738711
ACTCGCCGTTCGATAA-1,0.063337,0.338905,0.597758
ACTCGCGATCTGACGC-1,0.029453,0.076125,0.894422
ACTCGTAACCCGTCCT-1,0.401425,0.356702,0.241873
ACTCGTCAGTAATCCC-1,0.029814,0.009202,0.960984
ACTCTAAACCTGGGAT-1,0.076819,0.330188,0.592992
ACTCTCTGACTTAGGT-1,0.005634,0.183627,0.810739
ACTCTGACCTAATAGA-1,0.593128,0.000058,0.406814
ACTCTTCAGCTCCCGC-1,0.003165,0.021418,0.975416
ACTCTTGTATAGTAAC-1,0.000076,0.927962,0.071962
ACTGAAACGCCGTTAG-1,0.029374,0.478721,0.491905
ACTGAATGGCGAAAGT-1,0.004585,0.496385,0.49903
ACTGCCCGCCATTCTC-1,0.44946,0.318178,0.232362
ACTGCCGTCGTAACTC-1,0.000147,0.63391,0.365943
ACTGCGGACACACCGT-1,0.056667,0.483288,0.460044
ACTGCTCGGAAGGATG-1,0.697849,0.168322,0.133829
ACTGGCGAACCTGCGT-1,0.000153,0.798726,0.20112
ACTGGGATGCCAGTGC-1,0.250076,0.284782,0.465143
ACTGTACGATACACAT-1,0.007022,0.101424,0.891554
ACTGTAGCACTTTGGA-1,0.074847,0.282498,0.642655
ACTGTATACGCGAGCA-1,0.043111,0.240474,0.716415
ACTGTCCAGGATTATA-1,0.003974,0.107218,0.888808
ACTGTCTTCTTTAGAA-1,0.23063,0.198338,0.571031
ACTGTGCTAGTAGATC-1,0.000138,0.908942,0.09092
ACTGTTTAGTGTAGGC-1,0.502206,0.496626,0.001168
ACTTACGCATCCACGC-1,0.021122,0.350788,0.62809
ACTTAGTACGACAAGA-1,0.23927,0.630143,0.130587
ACTTATACTTACCCGG-1,0.247287,0.047412,0.705302
ACTTATCTGATCTATA-1,0.455718,0.543479,0.000803
ACTTATTAGGATCGGT-1,0.145768,0.67616,0.178072
ACTTATTTATGTGCCA-1,0.072006,0.608668,0.319325
ACTTCAGGCTGATCCC-1,0.006952,0.269528,0.723521
ACTTCCAGTGGAAGCT-1,0.999715,0.000057,0.000228
ACTTCCATGCGGGACA-1,0.055326,0.047965,0.896709
ACTTCCTGTCGTGCGA-1,0.529244,0.469643,0.001113
ACTTCGCCATACGCAC-1,0.018165,0.00014,0.981695
ACTTCGCTAGCGAGTG-1,0.095709,0.205914,0.698377
ACTTGACTCCCTCTTT-1,0.01204,0.010582,0.977378
ACTTGCCATATTGTAC-1,0.301982,0.524305,0.173713
ACTTGCTCTATCTACC-1,0.629905,0.000039,0.370056
ACTTGGGACCCGGTGG-1,0.011877,0.337267,0.650856
ACTTGGGCTTTCGCCA-1,0.000051,0.427341,0.572607
ACTTGTAGTCCCTTCA-1,0.309655,0.32414,0.366205
ACTTGTGGATGGAACG-1,0.000116,0.353704,0.64618
ACTTGTTACCGGATCA-1,0.091576,0.268802,0.639622
ACTTTACCCTCATGAA-1,0.257154,0.190734,0.552111
ACTTTATACACCACTT-1,0.963934,0.024743,0.011323
ACTTTCCTATAGCTTC-1,0.000951,0.401443,0.597606
ACTTTGACTGCATCCT-1,0.268773,0.495566,0.235661
ACTTTGGTCGTGCTCC-1,0.987743,0.000153,0.012103
ACTTTGTCGACGCACT-1,0.000208,0.27237,0.727422
AGAAATTATGACTCGC-1,0.018569,0.274941,0.70649
AGAACACGGCGATGGT-1,0.999664,0.000067,0.000269
AGAACCCAGCGTGACA-1,0.004448,0.110362,0.88519
AGAACCCTCAATTGGG-1,0.956352,0.000059,0.043589
AGAACGTGGTACATTC-1,0.006211,0.172283,0.821506
AGAACTGTACTTTGTA-1,0.133409,0.491685,0.374906
AGAAGAGCGCCGTTCC-1,0.000422,0.304933,0.694645
AGAAGGTACACTTCAC-1,0.1671,0.000025,0.832875
AGAAGGTTGCCGAATT-1,0.074195,0.421003,0.504802
AGAAGGTTGTAGGTCG-1,0.029173,0.8297,0.141127
AGAAGTGATTCGTGAT-1,0.142891,0.332998,0.524111
AGAATAAATCTTCAGG-1,0.040787,0.780394,0.178819
AGAATACAGGCTATCC-1,0.701758,0.021639,0.276604
AGAATTATGGATTCGA-1,0.484902,0.221414,0.293684
AGAATTGTTTGACATA-1,0.149089,0.809193,0.041718
AGACAGCTCAGAATCC-1,0.000857,0.796181,0.202962
AGACAGGCATCTCAGC-1,0.00006,0.266888,0.733052
AGACATAGATCCTTCC-1,0.000107,0.281939,0.717954
AGACCAAACCACACCT-1,0.681759,0.14398,0.174261
AGACCATGGGATACAA-1,0.084398,0.154341,0.761261
AGACCCACCGCTGATC-1,0.00003,0.266995,0.732975
AGACCCGCCCTCCTCG-1,0.033693,0.676207,0.2901
AGACCGCTCCGCGGTT-1,0.094263,0.202373,0.703363
AGACCGGGAAACCCTG-1,0.237165,0.196343,0.566492
AGACGAAGTGCCGGTC-1,0.055234,0.544659,0.400107
AGACGACGATGCCGCT-1,0.020075,0.042752,0.937173
AGACGCCCACTTCGCC-1,0.017738,0.200397,0.781865
AGACTAGCCTTCCAGA-1,0.012523,0.027886,0.959591
AGACTGTTACCGGGTC-1,0.048007,0.040152,0.911841
AGAGAAACACCAGAAA-1,0.064671,0.016902,0.918428
AGAGAACCGTCTAGGA-1,0.000037,0.240681,0.759282
AGAGAAGGAGTACAAT-1,0.328884,0.320721,0.350395
AGAGATCTCTAAAGCG-1,0.132253,0.001204,0.866543
AGAGCAGTTATGAGAC-1,0.000025,0.023791,0.976184
AGAGCCGCCGAGATTT-1,0.030902,0.4624,0.506698
AGAGCGCTTGTAACGG-1,0.014663,0.104054,0.881283
AGAGCGGGCTAATCAT-1,0.05926,0.163652,0.777088
AGAGCGTACAAGCTCG-1,0.041035,0.169698,0.789267
AGAGCTACGAAAGCAT-1,0.119111,0.612096,0.268793
AGAGGCTTCGGAAACC-1,0.070102,0.255608,0.674289
AGAGGGACAATTGTCC-1,0.194023,0.804839,0.001138
AGAGGTATCTCGGTCC-1,0.213516,0.697709,0.088775
AGAGTAAACTTCACTA-1,0.041786,0.341846,0.616369
AGAGTATAGTGTTACG-1,0.086085,0.127235,0.78668
AGAGTCTTAATGAAAG-1,0.060027,0.296908,0.643065
AGAGTGAACAGACACC-1,0.290078,0.384124,0.325798
AGAGTTGCAGGCCTCC-1,0.000102,0.564239,0.435659
AGATAACTTCAGGGCC-1,0.030549,0.216044,0.753406
AGATAATCACACCTAT-1,0.93587,0.01882,0.045309
AGATACCAATAGAACC-1,0.11591,0.296343,0.587747
AGATACCAGCACTTCA-1,0.010213,0.828771,0.161016
AGATACCGGTGTTCAC-1,0.065773,0.013088,0.921139
AGATACGACTTCATAT-1,0.000038,0.057456,0.942505
AGATACTCAAGATCGA-1,0.00154,0.160268,0.838193
AGATATAATACGACTA-1,0.021277,0.300661,0.678061
AGATCGTGCATAAGAT-1,0.282522,0.322579,0.394899
AGATCTCAGGTGTGAT-1,0.032793,0.74198,0.225227
AGATCTGGAGAGGATA-1,0.183676,0.000021,0.816303
AGATGACTCGCCCACG-1,0.015455,0.178342,0.806203
AGATGATGGAGTCTGG-1,0.205622,0.34394,0.450438
AGATGCAAGACGTGCA-1,0.287431,0.377911,0.334658
AGATGCATCCTGTGTC-1,0.835868,0.085491,0.078641
AGATGCTATAACGAGC-1,0.000033,0.218473,0.781494
AGATTATAGGACGTTT-1,0.029893,0.003188,0.966918
AGATTCACAACCGATA-1,0.914405,0.085342,0.000253
AGCAAAGGCCGCTAGT-1,0.032337,0.153601,0.814062
AGCAACATATCTTATT-1,0.013354,0.234213,0.752433
AGCAACCGAAAGTAAT-1,0.716967,0.086571,0.196463
AGCACACGTTTAGACT-1,0.191863,0.000403,0.807734
AGCACCAGTACTCACG-1,0.113146,0.483261,0.403593
AGCACTACCGGCCTGT-1,0.033195,0.17119,0.795615
AGCACTACCTCACCAG-1,0.000044,0.276913,0.723043
AGCACTTAAGGACGCC-1,0.10947,0.086317,0.804214
AGCAGAAGGAGAAAGA-1,0.063829,0.087359,0.848812
AGCAGCCAGATGAATA-1,0.029817,0.508484,0.461699
AGCAGTCGAAGCATGC-1,0.000017,0.0763,0.923683
AGCATATCAATATGCT-1,0.122448,0.441813,0.435738
AGCATCATTTCGAAAG-1,0.60157,0.003094,0.395336
AGCATCGTCGATAATT-1,0.000061,0.48475,0.515189
AGCATTACGAGGCAAG-1,0.327181,0.378097,0.294722
AGCCAAGCTTTGTGTC-1,0.000022,0.130163,0.869815
AGCCACAGGTTACCCG-1,0.000059,0.580077,0.419864
AGCCACTCCCGTGCTT-1,0.000053,0.139292,0.860655
AGCCATATAGTATGTG-1,0.015258,0.506748,0.477994
AGCCCATACATGTAAG-1,0.108609,0.724868,0.166522
AGCCCGCAACAAGCAG-1,0.016828,0.020008,0.963165
AGCCCGCACTACAATG-1,0.107861,0.232143,0.659996
AGCCCGGCATTAGAGG-1,0.106804,0.012271,0.880925
AGCCCGGTAGCCTGTA-1,0.127657,0.056143,0.8162
AGCCCTAAGCGAAGTT-1,0.04495,0.368684,0.586366
AGCCCTCCCTGGTGGC-1,0.612699,0.300203,0.087098
AGCCCTGTCGCACCGT-1,0.066312,0.472621,0.461068
AGCCCTTCTAATCCGA-1,0.282647,0.240418,0.476935
AGCCCTTGGACATCCC-1,0.000452,0.258764,0.740783
AGCCGCAAATTCAAAT-1,0.094425,0.300864,0.604711
AGCCGCTTGATTAGCG-1,0.000016,0.077292,0.922692
AGCCGTGGCTAAATGT-1,0.17207,0.019227,0.808703
AGCCTAATACCCACGT-1,0.437645,0.325149,0.237206
AGCCTTAAAGCGGAAG-1,0.029861,0.054795,0.915344
AGCCTTGTCACTGATA-1,0.99953,0.000094,0.000376
AGCGACAGGAACGGTC-1,0.094514,0.383635,0.521851
AGCGACATCCCATTCA-1,0.00005,0.008104,0.991847
AGCGACCAACGATATT-1,0.000013,0.001032,0.998954
AGCGACTTTGAAGACA-1,0.172407,0.240857,0.586736
AGCGAGACGTGAAGGC-1,0.470475,0.29354,0.235984
AGCGATGCGCCTAATA-1,0.13247,0.403308,0.464222
AGCGCATAATGAATCG-1,0.011538,0.318789,0.669673
AGCGCGGGTGCCAATG-1,0.469187,0.530361,0.000452
AGCGCTAGAGCGATGT-1,0.066782,0.099653,0.833565
AGCGGACACTTCGTAG-1,0.000035,0.291506,0.708459
AGCGGCGGTTAGCGGT-1,0.707179,0.290119,0.002702
AGCGGGAAGGGTCCAT-1,0.005671,0.713103,0.281226
AGCGGGTCTGACACTC-1,0.012282,0.540106,0.447611
AGCGGTTGCCGCTCTG-1,0.002509,0.653935,0.343556
AGCGTACGAGAGCTAG-1,0.016423,0.213704,0.769873
AGCGTAGCGCTAGACC-1,0.000047,0.117784,0.882169
AGCGTCTGAACCCGCA-1,0.000052,0.139822,0.860125
AGCGTGGTATTCTACT-1,0.000025,0.139058,0.860917
AGCTAACAAGCAATGT-1,0.184989,0.719197,0.095813
AGCTAAGCTCCGTCCG-1,0.022165,0.005178,0.972657
AGCTAAGTACGCAGGC-1,0.072969,0.492265,0.434766
AGCTACGAATGGTGGT-1,0.185351,0.265364,0.549285
AGCTAGAAGCAGAAGT-1,0.081559,0.268259,0.650181
AGCTATTTAATCCAAC-1,0.000119,0.152341,0.84754
AGCTCCATATATGTTC-1,0.084191,0.262537,0.653272
AGCTCCTTCGCACATC-1,0.369415,0.174494,0.45609
AGCTCGTTGATGGAAA-1,0.06442,0.514664,0.420915
AGCTCTAGACGTTCCA-1,0.079634,0.436033,0.484333
AGCTCTTCCCAGTGCA-1,0.437626,0.561501,0.000873
AGCTCTTCGTAACCTT-1,0.664975,0.195026,0.139999
AGCTCTTTACTCAGTT-1,0.164434,0.652681,0.182885
AGCTGAAGTAAACCAA-1,0.24458,0.651401,0.104018
AGCTGTAACCTCAATC-1,0.360272,0.012474,0.627254
AGCTTATAGAGACCTG-1,0.000057,0.078587,0.921356
AGCTTCTTCTCGAGCA-1,0.751044,0.230774,0.018182
AGCTTGATCAGGGTAG-1,0.9995,0.0001,0.0004
AGCTTGATCTTAACTT-1,0.038808,0.150898,0.810293
AGGAAAGCCTCTGATG-1,0.000068,0.495526,0.504406
AGGAACGAACGACTTC-1,0.008828,0.39971,0.591462
AGGAAGCTGTCCGCCG-1,0.010791,0.317361,0.671848
AGGACAGTCGAATCCC-1,0.000959,0.753883,0.245158
AGGACATCGCACGTCG-1,0.176477,0.663141,0.160382
AGGACATCGGCACACT-1,0.07242,0.111615,0.815965
AGGACGACCCATTAGA-1,0.044625,0.283825,0.67155
AGGACTTATAGGAGAA-1,0.075824,0.385238,0.538938
AGGAGACATCCACAGT-1,0.035978,0.844234,0.119788
AGGAGAGTCTGGCTAC-1,0.025154,0.005865,0.96898
AGGAGCGTTTATTATC-1,0.126218,0.198196,0.675586
AGGAGGCCTTCGCGCG-1,0.389396,0.561405,0.049199
AGGATAAAGTCGGGAT-1,0.000026,0.288907,0.711067
AGGATATAGGGATTTA-1,0.279061,0.520993,0.199946
AGGATATCCGACTGCA-1,0.024487,0.287678,0.687836
AGGATCACGCGATCTG-1,0.306778,0.000031,0.693191
AGGATTGCTTACGACA-1,0.000082,0.663576,0.336342
AGGCAAAGAGGAATCA-1,0.334137,0.665061,0.000802
AGGCAATACGGAGGAC-1,0.118372,0.495334,0.386294
AGGCACGTGACTGTCC-1,0.023758,0.262565,0.713677
AGGCAGATGCGTAAAC-1,0.000042,0.294541,0.705417
AGGCAGGGAGCGTACT-1,0.011062,0.14345,0.845489
AGGCATTGTCGTAGGG-1,0.061196,0.39577,0.543034
AGGCCACATTGGTTAC-1,0.000048,0.247845,0.752107
AGGCCACCCGTTATGA-1,0.037717,0.539056,0.423227
AGGCCCAGTGACTGGT-1,0.114529,0.495688,0.389783
AGGCCCATTGTACAGG-1,0.000047,0.131914,0.868039
AGGCCCTAGAACGCCA-1,0.218502,0.462587,0.318911
AGGCCTATCATACCAA-1,0.053612,0.277888,0.6685
AGGCCTGAGAATCTCG-1,0.037016,0.156671,0.806313
AGGCGATAACTGGCGT-1,0.046327,0.215192,0.738482
AGGCGGTTTGTCCCGC-1,0.797664,0.127966,0.074369
AGGCGTCTATGGACGG-1,0.568985,0.382689,0.048326
AGGCTATGGTTAGCTT-1,0.000041,0.225748,0.774211
AGGCTTAAGTTGCACA-1,0.014719,0.177376,0.807905
AGGCTTCCCGAAGAAG-1,0.018409,0.030436,0.951155
AGGCTTGCTAGACACC-1,0.130166,0.531587,0.338247
AGGGAAACGAGGTACT-1,0.103709,0.460836,0.435455
AGGGACAGCACGGCGG-1,0.077677,0.400047,0.522276
AGGGACCGGCTGCGTT-1,0.166218,0.169128,0.664653
AGGGACTCTACGCGAC-1,0.011858,0.056434,0.931709
AGGGAGACATACTTCG-1,0.035055,0.374388,0.590557
AGGGCAGCGGCGTGGT-1,0.538273,0.460415,0.001312
AGGGCCCTAATGTTCT-1,0.000173,0.351594,0.648233
AGGGCGAGCAGCTGAT-1,0.749675,0.221269,0.029056
AGGGCGTGATCGGCTA-1,0.000083,0.937778,0.062139
AGGGCTGCAGTTACAG-1,0.00005,0.462878,0.537072
AGGGTCAGAGCACTCG-1,0.002021,0.064704,0.933275
AGGGTCAGTAACCCTA-1,0.306868,0.69214,0.000992
AGGGTCGATGCGAACT-1,0.309105,0.520226,0.17067
AGGGTCTGGACGCAGT-1,0.024595,0.353272,0.622133
AGGGTGCCGTTCTTTA-1,0.181199,0.501106,0.317695
AGGGTGCTCTCGAGGG-1,0.000025,0.109168,0.890806
AGGGTGGATAGTGCAT-1,0.125397,0.176737,0.697866
AGGGTGTGCTACACGC-1,0.658866,0.339697,0.001437
AGGGTTCAGACGGTCC-1,0.067089,0.14006,0.792852
AGGGTTCCCTTTGGTT-1,0.006391,0.191467,0.802142
AGGGTTTAGTTCGGGA-1,0.08559,0.555332,0.359078
AGGTAACCTCCTATTC-1,0.000093,0.647605,0.352302
AGGTACGATATTGCCA-1,0.04786,0.914609,0.037532
AGGTAGATCGAGATAT-1,0.229406,0.151179,0.619416
AGGTAGGTACAAAGCT-1,0.091541,0.039282,0.869177
AGGTATAATTGATAGT-1,0.112222,0.168918,0.71886
AGGTATGCGGACATTA-1,0.00003,0.050773,0.949197
AGGTCAGGTGAGAGTG-1,0.165337,0.135917,0.698746
AGGTCGCCACTTCGGT-1,0.013011,0.332519,0.654471
AGGTCGCCTCCCAACA-1,0.000174,0.314554,0.685272
AGGTCGCGGAGTTACT-1,0.143814,0.440815,0.415371
AGGTGCACGTCCACAT-1,0.338346,0.661139,0.000515
AGGTGGTGACCTTCGC-1,0.176444,0.325502,0.498054
AGGTGTATCGCCATGA-1,0.052436,0.001395,0.946169
AGGTGTTGCCGACCAC-1,0.132303,0.202951,0.664747
AGGTTACACCATGCCG-1,0.000027,0.001184,0.998789
AGGTTCTCCTTTCCGG-1,0.999639,0.000072,0.000289
AGGTTGAGGCACGCTT-1,0.016839,0.512956,0.470205
AGGTTTCACACACCTT-1,0.044496,0.279531,0.675973
AGTAACTATAGCAGCC-1,0.177534,0.281178,0.541288
AGTAAGGGACAGAATC-1,0.149532,0.37858,0.471888
AGTAATCTAAGGGTGG-1,0.063368,0.429802,0.50683
AGTAATGTCTTGCCGC-1,0.009,0.047796,0.943204
AGTAATTTGCAAGCGT-1,0.845485,0.011095,0.14342
AGTACAGAAGCTTATA-1,0.015134,0.119015,0.865851
AGTACATCATTTATCA-1,0.096749,0.098894,0.804357
AGTACGGCCCGTATCG-1,0.086398,0.669954,0.243647
AGTACGGGCACCTGGC-1,0.000067,0.38455,0.615383
AGTACTCTTATGCCCA-1,0.031066,0.386563,0.582371
AGTAGAAGGCGCCTCA-1,0.078896,0.556833,0.364271
AGTAGGTAACATACAT-1,0.000124,0.687031,0.312846
AGTATAATACTAGGCA-1,0.040185,0.672991,0.286823
AGTATACACAGCGACA-1,0.174228,0.492748,0.333024
AGTATCCATAATAACG-1,0.000101,0.804397,0.195502
AGTATGCTGGAGACCA-1,0.363601,0.025765,0.610635
AGTATTTGGCACGACC-1,0.104286,0.142892,0.752822
AGTCAAATGATGTGAT-1,0.282573,0.138427,0.579
AGTCAACACCACCATC-1,0.053399,0.010654,0.935947
AGTCAAGATGACACTT-1,0.129648,0.440764,0.429587
AGTCACTAGCTCTCGA-1,0.491013,0.255381,0.253606
AGTCACTCCGCCTCAT-1,0.000051,0.015719,0.98423
AGTCAGCCACCGCCTG-1,0.02503,0.001219,0.973752
AGTCCAGCGGGTACGT-1,0.150653,0.315303,0.534043
AGTCCATTGGCTGATG-1,0.070597,0.332562,0.59684
AGTCCCGCCTTTAATT-1,0.531449,0.000248,0.468303
AGTCCCTCGCAGAAAG-1,0.000048,0.281197,0.718755
AGTCGAAACGATTCAG-1,0.9996,0.00008,0.00032
AGTCGAATTAGCGTAA-1,0.138387,0.036636,0.824977
AGTCGACGGTCTCAAG-1,0.02935,0.415599,0.555051
AGTCGGCCCAAACGAC-1,0.01767,0.340621,0.641708
AGTCGGCTCAACTTTA-1,0.191736,0.249404,0.55886
AGTCGGTTGCGTGAGA-1,0.063922,0.111306,0.824772
AGTCGTATAAAGCAGA-1,0.04936,0.465744,0.484896
AGTCGTCGACCACCAA-1,0.04917,0.344138,0.606692
AGTCGTGGGCATTACG-1,0.814984,0.075873,0.109143
AGTCTAAAGTATACTC-1,0.064554,0.299716,0.63573
AGTCTCACAAGACTAC-1,0.23474,0.200655,0.564605
AGTCTGGACATCCTTG-1,0.108285,0.046489,0.845226
AGTCTTCTCCTCAAAT-1,0.105058,0.174112,0.72083
AGTCTTTAAAGTGTCC-1,0.003815,0.165015,0.83117
AGTGAACAAACTTCTC-1,0.099133,0.238708,0.662159
AGTGAAGATGGTGTCC-1,0.000041,0.09092,0.909039
AGTGACCTACTTTACG-1,0.024744,0.046385,0.928871
AGTGACTGTGACACAA-1,0.360577,0.415187,0.224236
AGTGAGACTTCCAGTA-1,0.024989,0.527829,0.447183
AGTGAGCCTCGCCGCC-1,0.466243,0.214296,0.319461
AGTGAGTCGAATTAAC-1,0.093857,0.331601,0.574543
AGTGATAACCTGCGCG-1,0.012895,0.189011,0.798093
AGTGATATGAGTAGTT-1,0.003025,0.538641,0.458334
AGTGATTCAAGCAGGA-1,0.037441,0.130366,0.832193
AGTGCACGCTTAAGAA-1,0.10826,0.477088,0.414653
AGTGCGTAGCTCGTAA-1,0.396603,0.317023,0.286374
AGTGCTAAACACAGCA-1,0.000031,0.13389,0.866078
AGTGCTTGCACGAATA-1,0.003107,0.478535,0.518358
AGTGGCCCGCAAATGG-1,0.000424,0.758293,0.241283
AGTGGCGGCAATTTGA-1,0.656275,0.196139,0.147586
AGTGGCGTCTGAAGGT-1,0.000539,0.928543,0.070918
AGTGGCTCCGTCGGCC-1,0.265415,0.356539,0.378046
AGTGGGAGTATACACG-1,0.000037,0.227866,0.772097
AGTGGTGTTACCCGTG-1,0.689346,0.263928,0.046726
AGTGGTTGCGTATAGG-1,0.005069,0.006779,0.988152
AGTGTATTGCGCATTG-1,0.223315,0.532275,0.24441
AGTGTGCTAAGATCGC-1,0.002937,0.91447,0.082593
AGTGTGGTCTATTGTG-1,0.016126,0.234246,0.749628
AGTTAAACACTTGCGA-1,0.090237,0.462174,0.447589
AGTTAAGCGGTCCCGG-1,0.000077,0.407844,0.592079
AGTTAAGTCAACCGCT-1,0.077015,0.179377,0.743608
AGTTACCCTTAAGACT-1,0.079114,0.327606,0.59328
AGTTACCGCACATGGT-1,0.010593,0.031446,0.957961
AGTTACTCTATCGTGG-1,0.387568,0.52857,0.083862
AGTTATTCAGACTGTG-1,0.171345,0.221115,0.60754
AGTTCACCGGTTGGAC-1,0.187093,0.318796,0.494111
AGTTCCTACAGAATTA-1,0.050826,0.118337,0.830837
AGTTCCTATTTATGTT-1,0.00199,0.295822,0.702187
AGTTCTGCGTTGTATC-1,0.000046,0.048303,0.951651
