Barcode,Topic 1,Topic 2,Topic 3,Topic 4,Topic 5,Topic 6to7,Topic 8,Topic 9to10
AAACAACGAATAGTTC-1,0.000013,0.000013,0.024124,0.266576,0.137329,0.553984,0.000013,0.017949
AAACAAGTATCTCCCA-1,0.237842,0.641725,0.076512,0.000795,0.022083,0.000131,0.000065,0.020846
AAACAATCTACTAGCA-1,0.000018,0.000018,0.021168,0.267327,0.047027,0.656666,0.000018,0.00776
AAACACCAATAACTGC-1,0.000032,0.000032,0.000032,0.000032,0.027666,0.877773,0.00101,0.093423
AAACAGAGCGACTCCT-1,0.190943,0.732339,0.010243,0.065871,0.000101,0.000201,0.000101,0.000201
AAACAGCTTTCAGAAG-1,0.000033,0.000033,0.000033,0.000321,0.044511,0.892614,0.02119,0.041265
AAACAGGGTCTATATT-1,0.000028,0.000028,0.00467,0.000044,0.035118,0.572669,0.021431,0.366013
AAACAGTGTTCCTGGG-1,0.000021,0.000021,0.000021,0.100459,0.033372,0.49432,0.000021,0.371765
AAACATGGTGAGAGGA-1,0.026549,0.000054,0.000054,0.000108,0.000054,0.000108,0.593392,0.379681
AAACATTTCCCGGATT-1,0.08671,0.703171,0.045984,0.078649,0.073519,0.000134,0.000067,0.011765
AAACCACTACACAGAT-1,0.246086,0.317271,0.22661,0.125235,0.000023,0.000046,0.064907,0.01982
AAACCCGAACGAAATC-1,0.351926,0.269494,0.018834,0.132987,0.082577,0.102585,0.000025,0.041572
AAACCGGGTAGGTACC-1,0.000024,0.000024,0.024424,0.000024,0.020044,0.657216,0.085863,0.21238
AAACCGTTCGTCCAGG-1,0.000022,0.000022,0.000022,0.000022,0.010752,0.703341,0.083585,0.202232
AAACCTAAGCAGCCGG-1,0.044851,0.178738,0.535115,0.000705,0.000026,0.002067,0.238235,0.000263
AAACCTCATGAAGTTG-1,0.000041,0.009254,0.000041,0.009384,0.012817,0.675639,0.004312,0.288512
AAACGAAGAACATACC-1,0.009223,0.002824,0.169743,0.268173,0.229597,0.171547,0.112431,0.036463
AAACGAAGATGGAGTA-1,0.000068,0.000068,0.000068,0.116193,0.142912,0.435423,0.000068,0.305198
AAACGACAGTCTTGCC-1,0.431246,0.277592,0.228052,0.061248,0.00002,0.000041,0.00002,0.001781
AAACGAGACGGTTGAT-1,0.003311,0.40097,0.585901,0.000044,0.000044,0.000087,0.000044,0.009599
AAACGCCCGAGATCGG-1,0.318609,0.129306,0.426237,0.085392,0.000045,0.00009,0.000045,0.040275
AAACGGGCGTACGGGT-1,0.166464,0.346513,0.000048,0.001856,0.000048,0.000096,0.484878,0.000096
AAACGGGTTGGTATCC-1,0.00011,0.00011,0.00011,0.317303,0.142752,0.335748,0.00011,0.203757
AAACGGTTGCGAACTG-1,0.000052,0.065904,0.000229,0.004236,0.200872,0.132246,0.003466,0.592994
AAACGTGTTCGCCCTA-1,0.317891,0.000521,0.584121,0.000013,0.025744,0.016377,0.055308,0.000025
AAACTAACGTGGCGAC-1,0.369707,0.137145,0.122634,0.054615,0.000032,0.021597,0.286635,0.007634
AAACTCGGTTCGCAAT-1,0.000046,0.090396,0.000046,0.014397,0.09101,0.132534,0.092388,0.579184
AAACTCGTGATATAAG-1,0.440951,0.487679,0.002138,0.068792,0.000073,0.000147,0.000073,0.000147
AAACTGCTGGCTCCAA-1,0.023038,0.386197,0.146064,0.048196,0.000066,0.000131,0.000066,0.396242
AAACTTAATTGCACGC-1,0.000053,0.000053,0.000053,0.158894,0.146021,0.192054,0.239487,0.263383
AAACTTGCAAACGTAT-1,0.020715,0.000046,0.0382,0.023733,0.024331,0.368412,0.152962,0.3716
AAAGAATGACCTTAGA-1,0.000071,0.000071,0.000071,0.101124,0.008739,0.01568,0.333417,0.540828
AAAGAATGTGGACTAA-1,0.682088,0.091386,0.068235,0.000024,0.000024,0.000049,0.158145,0.000049
AAAGACATGAAGTTTA-1,0.412177,0.003992,0.390077,0.113916,0.000027,0.000054,0.079702,0.000054
AAAGACCCAAGTCGCG-1,0.000066,0.071265,0.000066,0.104406,0.010576,0.220079,0.017972,0.575571
AAAGACTGGGCGCTTT-1,0.000048,0.000048,0.000048,0.072403,0.001277,0.482327,0.000048,0.4438
AAAGGCCCTATAATAC-1,0.000758,0.000032,0.000032,0.025577,0.207879,0.452412,0.158076,0.155233
AAAGGCTACGGACCAT-1,0.000018,0.000018,0.188086,0.000018,0.11046,0.391089,0.154768,0.155542
AAAGGCTCTCGCGCCG-1,0.000054,0.092956,0.148206,0.006512,0.018789,0.194961,0.00086,0.537662
AAAGGGATGTAGCAAG-1,0.000051,0.137654,0.190144,0.001361,0.000051,0.13431,0.082458,0.453972
AAAGGGCAGCTTGAAT-1,0.025712,0.000099,0.000099,0.144322,0.000099,0.151807,0.023422,0.654439
AAAGGTAAGCTGTACC-1,0.259847,0.252927,0.369365,0.0743,0.00005,0.0001,0.00005,0.043361
AAAGGTCAACGACATG-1,0.300338,0.508765,0.02809,0.161097,0.000038,0.000076,0.001313,0.000283
AAAGTAGCATTGCTCA-1,0.000055,0.000055,0.000055,0.01476,0.06961,0.383186,0.273347,0.258933
AAAGTCACTGATGTAA-1,0.000089,0.052435,0.071245,0.308702,0.000089,0.014793,0.000089,0.552559
AAAGTCGACCCTCAGT-1,0.000026,0.000026,0.000026,0.018697,0.024824,0.782487,0.054157,0.119758
AAAGTGTGATTTATCT-1,0.034051,0.742097,0.126275,0.000062,0.000062,0.000123,0.003878,0.093452
AAAGTTGACTCCCGTA-1,0.060471,0.35501,0.381351,0.000038,0.000038,0.000077,0.202938,0.000077
AAATAACCATACGGGA-1,0.000081,0.7779,0.000081,0.066156,0.000081,0.000161,0.035081,0.120459
AAATAAGGTAGTGCCC-1,0.148722,0.180029,0.622288,0.048746,0.000036,0.000072,0.000036,0.000072
AAATACCTATAAGCAT-1,0.000038,0.140402,0.105503,0.076521,0.043454,0.08178,0.188636,0.363666
AAATAGCTTAGACTTT-1,0.253839,0.40036,0.000048,0.116907,0.000048,0.000095,0.228608,0.000095
AAATAGGGTGCTATTG-1,0.01651,0.110291,0.286371,0.000018,0.000019,0.509849,0.025865,0.051078
AAATCCGATACACGCC-1,0.012233,0.342099,0.521479,0.037125,0.000033,0.000066,0.011382,0.075583
AAATCGCGGAAGGAGT-1,0.000031,0.000031,0.000031,0.000031,0.196235,0.7201,0.000031,0.083509
AAATCGTGTACCACAA-1,0.000053,0.000053,0.216878,0.000053,0.00534,0.107275,0.152464,0.517885
AAATCTAGCCCTGCTA-1,0.437202,0.177929,0.360368,0.000051,0.000051,0.024248,0.000051,0.000101
AAATCTGCCCGCGTCC-1,0.000985,0.003634,0.000024,0.000659,0.178328,0.251104,0.315657,0.249609
AAATGACTGATCAAAC-1,0.001503,0.029162,0.024017,0.239554,0.002639,0.465148,0.034873,0.203104
AAATGATTCGATCAGC-1,0.513147,0.347013,0.068664,0.031307,0.000051,0.000103,0.039613,0.000103
AAATGCTCGTTACGTT-1,0.000052,0.000052,0.000052,0.027393,0.079302,0.468896,0.313991,0.110264
AAATGGCATGTCTTGT-1,0.079779,0.159763,0.466339,0.00007,0.00007,0.036953,0.10326,0.153766
AAATGGCCCGTGCCCT-1,0.000044,0.000044,0.000044,0.00514,0.000044,0.482198,0.000044,0.512439
AAATGGTCAATGTGCC-1,0.000025,0.000025,0.115296,0.000025,0.078357,0.317554,0.020814,0.467904
AAATGTATCTTATCCC-1,0.133441,0.000074,0.000074,0.027938,0.026737,0.128015,0.344986,0.338735
AAATGTGGGTGCTCCT-1,0.000703,0.000008,0.001622,0.258666,0.316018,0.422959,0.000008,0.000016
AAATTAACGGGTAGCT-1,0.000026,0.000291,0.12135,0.000026,0.002039,0.368027,0.150664,0.357577
AAATTAATAAGCGCGA-1,0.000029,0.000029,0.000029,0.020955,0.076491,0.531317,0.085779,0.285372
AAATTACACGACTCTG-1,0.059535,0.327072,0.388232,0.000043,0.000043,0.000085,0.201958,0.023032
AAATTACCTATCGATG-1,0.00004,0.292321,0.621629,0.00004,0.00004,0.00008,0.085769,0.00008
AAATTCCAGGTCCAAA-1,0.28307,0.638436,0.004091,0.073967,0.000073,0.000145,0.000073,0.000145
AAATTGATAGTCCTTT-1,0.000042,0.000042,0.260777,0.000042,0.000042,0.418764,0.000042,0.320249
AAATTGCGGCGGTTCT-1,0.000021,0.000021,0.000021,0.192032,0.150231,0.654095,0.000021,0.003557
AAATTGGTGAGAAGCA-1,0.439224,0.332952,0.128755,0.098843,0.000038,0.000075,0.000038,0.000075
AAATTTACCGAAATCC-1,0.415135,0.050554,0.39456,0.102163,0.037378,0.000084,0.000042,0.000084
AAATTTGCGGGTGTGG-1,0.000041,0.000041,0.200073,0.003845,0.000041,0.101636,0.001817,0.692506
AACAACTGGTAGTTGC-1,0.000038,0.000038,0.000038,0.000528,0.052602,0.583928,0.189028,0.173801
AACAATACATTGTCGA-1,0.000029,0.000029,0.044176,0.000029,0.006867,0.39223,0.111872,0.444768
AACAATTACTCTACGC-1,0.000072,0.000072,0.000072,0.031962,0.000072,0.268498,0.090519,0.608734
AACACACGCTCGCCGC-1,0.229389,0.005527,0.571291,0.000025,0.036723,0.07971,0.056338,0.020997
AACACGACTGTACTGA-1,0.046114,0.034503,0.205839,0.077048,0.075768,0.318861,0.013942,0.227927
AACACGAGACGCGGCC-1,0.000043,0.000043,0.000043,0.02122,0.001139,0.434427,0.04536,0.497725
AACACGCGGCCGCGAA-1,0.000011,0.000011,0.000011,0.216787,0.084346,0.698802,0.000011,0.000022
AACAGCTGTGTGGCAA-1,0.000031,0.019513,0.000031,0.000031,0.00752,0.499943,0.000031,0.472901
AACAGGAAATCGAATA-1,0.000575,0.006787,0.357834,0.00003,0.098625,0.235804,0.085924,0.214421
AACAGGATGGGCCGCG-1,0.000068,0.000068,0.000068,0.001642,0.000068,0.276317,0.034436,0.687335
AACAGGTAGTATGGAT-1,0.158128,0.721175,0.044513,0.075687,0.000083,0.000166,0.000083,0.000166
AACATAGCGTGTATCG-1,0.34936,0.000928,0.221817,0.008608,0.327935,0.09129,0.000021,0.000042
AACATATCAACTGGTG-1,0.00441,0.765004,0.184115,0.046041,0.000072,0.000144,0.000072,0.000144
AACATCGATACGTCTA-1,0.452954,0.039059,0.257636,0.000026,0.015876,0.007704,0.226694,0.000052
AACATTGAAGTTGATC-1,0.000015,0.000015,0.000015,0.005787,0.145937,0.838223,0.000015,0.009991
AACATTGGTCAGCCGT-1,0.000023,0.000023,0.000023,0.230315,0.024162,0.745379,0.000023,0.000051
AACATTGTGACTCGAG-1,0.006099,0.062317,0.00005,0.021308,0.001731,0.066555,0.271003,0.570937
AACCAAGACTTCTCTG-1,0.000048,0.021655,0.000048,0.059005,0.000048,0.534074,0.000048,0.385074
AACCAGTATCACTCTT-1,0.469382,0.11128,0.237098,0.136264,0.000051,0.000101,0.000051,0.045773
AACCATAGGGTTGAAC-1,0.000032,0.000032,0.000032,0.035198,0.307258,0.613431,0.000032,0.043984
AACCATGGGATCGCTA-1,0.00004,0.008375,0.00004,0.006106,0.00004,0.622483,0.00004,0.362878
AACCCAGAGACGGAGA-1,0.000038,0.011203,0.052795,0.017344,0.008797,0.287653,0.042302,0.579867
AACCCATCCCATGATC-1,0.000042,0.000042,0.000042,0.005904,0.009626,0.585279,0.004142,0.394923
AACCCGACAACCCGTG-1,0.006214,0.020352,0.0151,0.00037,0.106038,0.519364,0.067747,0.264816
AACCCGAGCAGAATCG-1,0.053635,0.210092,0.735955,0.000046,0.000046,0.000091,0.000046,0.000091
AACCCGCTGTATTCCA-1,0.000032,0.045647,0.015244,0.330302,0.001144,0.361532,0.058446,0.187653
AACCCTACTGTCAATA-1,0.046544,0.788748,0.117447,0.000075,0.000075,0.00015,0.000075,0.046887
AACCCTGGTGGAACCA-1,0.022825,0.027323,0.321943,0.165053,0.258884,0.167266,0.028142,0.008564
AACCGAGCTTGGTCAT-1,0.079374,0.076433,0.106065,0.000035,0.012408,0.289906,0.394615,0.041165
AACCGCTAAGGGATGC-1,0.018762,0.583642,0.254275,0.000041,0.000041,0.000082,0.143074,0.000082
AACCGTTGTGTTTGCT-1,0.024561,0.307759,0.024356,0.05245,0.000091,0.025529,0.302334,0.262921
AACCTAAAGCCGTCCG-1,0.340349,0.196023,0.000037,0.274596,0.000037,0.000074,0.18881,0.000074
AACCTCGCTTTAGCCC-1,0.000444,0.622957,0.209015,0.000055,0.000055,0.00011,0.003202,0.164162
AACCTGTCACGGAATT-1,0.092757,0.247505,0.588082,0.071387,0.000045,0.00009,0.000045,0.00009
AACCTTTAAATACGGT-1,0.000035,0.012883,0.115353,0.01802,0.027718,0.210677,0.547485,0.06783
AACCTTTACGACGTCT-1,0.041285,0.454487,0.221889,0.091933,0.017574,0.170474,0.000076,0.002283
AACGAAAGTCGTCCCA-1,0.000026,0.000026,0.000026,0.000026,0.005623,0.924064,0.000026,0.070182
AACGATAATGCCGTAG-1,0.040369,0.084549,0.191085,0.002081,0.026017,0.348742,0.192147,0.11501
AACGATAGAAGGGCCG-1,0.000057,0.09277,0.000057,0.012094,0.000057,0.000114,0.095501,0.799351
AACGATATGTCAACTG-1,0.000051,0.276961,0.354822,0.000051,0.051066,0.155464,0.02326,0.138324
AACGCATGATCTGGGT-1,0.046505,0.545561,0.289113,0.030277,0.000072,0.000144,0.000072,0.088257
AACGCGAACGGCAACA-1,0.00916,0.000033,0.000033,0.041063,0.285538,0.521294,0.000033,0.142846
AACGCGACCTTGGGCG-1,0.070921,0.00007,0.164079,0.005546,0.046233,0.337022,0.089974,0.286154
AACGCGGTCTCCAGCC-1,0.135233,0.060328,0.144422,0.000114,0.000114,0.000228,0.352566,0.306994
AACGCTGTTGCTGAAA-1,0.040232,0.686145,0.150393,0.001554,0.055441,0.034173,0.000062,0.032
AACGGACGTACGTATA-1,0.031213,0.323916,0.581584,0.000045,0.000045,0.000852,0.000045,0.062298
AACGGCCATCTCCGGT-1,0.001453,0.000024,0.049597,0.003544,0.043746,0.532963,0.00128,0.367392
AACGTACTGTGGGTAC-1,0.000023,0.000023,0.044182,0.000023,0.047588,0.561074,0.00164,0.345448
AACGTAGTCTACCCAT-1,0.027999,0.000019,0.000019,0.127498,0.451244,0.393166,0.000019,0.000037
AACGTCAGACTAGTGG-1,0.000055,0.000055,0.057038,0.006182,0.021733,0.119748,0.000055,0.795134
AACGTCATCCGGCTTG-1,0.010567,0.048159,0.07149,0.327436,0.027352,0.108085,0.025578,0.381332
AACGTCGCTGCACTTC-1,0.570288,0.015226,0.3915,0.02278,0.000034,0.000069,0.000034,0.000069
AACGTGATGAAGGACA-1,0.189058,0.102541,0.448098,0.13227,0.016862,0.064677,0.013291,0.033205
AACGTGCGAAAGTCTC-1,0.039034,0.430657,0.131405,0.000052,0.000052,0.019296,0.115038,0.264466
AACGTTATCAGCACCT-1,0.000056,0.000056,0.000056,0.000056,0.015575,0.797908,0.000056,0.186238
AACTACCCGTTTGTCA-1,0.244881,0.500856,0.001527,0.195553,0.019811,0.000112,0.000056,0.037205
AACTAGCGTATCGCAC-1,0.002389,0.046537,0.000055,0.454878,0.000055,0.165664,0.000055,0.330367
AACTAGGCTTGGGTGT-1,0.013089,0.017018,0.000034,0.000034,0.268377,0.451812,0.134827,0.114808
AACTCAAGTTAATTGC-1,0.033744,0.001408,0.099672,0.006278,0.051031,0.27925,0.023911,0.504706
AACTCCAGAGCGTGTT-1,0.162643,0.28343,0.372754,0.000039,0.000039,0.000079,0.180937,0.000079
AACTCCTAATCCCATG-1,0.246636,0.633658,0.019483,0.068245,0.02915,0.00018,0.00009,0.002557
AACTCGATAAACACGT-1,0.000011,0.000011,0.000011,0.234997,0.469272,0.293021,0.000011,0.002665
AACTCGATGGCGCAGT-1,0.000032,0.000032,0.000032,0.09522,0.088311,0.708115,0.064733,0.043525
AACTCTCAATAGAGCG-1,0.000052,0.449973,0.472767,0.000052,0.000052,0.010166,0.000052,0.066885
AACTCTCAGTGTGCTC-1,0.00002,0.00002,0.035054,0.00002,0.140934,0.543472,0.00002,0.280459
AACTGAGGTCAGCGTC-1,0.237598,0.000027,0.611844,0.000027,0.068868,0.051866,0.029715,0.000055
AACTGATATTAGGCCT-1,0.000056,0.199309,0.234362,0.004897,0.000056,0.114153,0.000056,0.447111
AACTGGGTCCCGACGT-1,0.000069,0.326778,0.000069,0.000069,0.000069,0.000139,0.282639,0.390167
AACTGGGTTCGAGCCG-1,0.193309,0.075875,0.630728,0.059968,0.000034,0.000068,0.039951,0.000068
AACTGGTGTGGGCCTT-1,0.000066,0.051534,0.000066,0.554903,0.000066,0.000132,0.000066,0.393167
AACTTCTGCGTCTATC-1,0.000053,0.000053,0.052569,0.016914,0.019496,0.454801,0.000059,0.456055
AACTTGCCCGTATGCA-1,0.013387,0.000061,0.004811,0.000061,0.000873,0.455823,0.134519,0.390462
AACTTGCGTTCTCGCG-1,0.000094,0.000094,0.000094,0.048381,0.000094,0.173171,0.072758,0.705316
AACTTTACGGGAGCTT-1,0.000032,0.015643,0.000032,0.005655,0.173998,0.677675,0.010401,0.116564
AACTTTAGCTGCTGAG-1,0.000049,0.000049,0.000049,0.615543,0.041279,0.198791,0.000049,0.144191
AAGAAAGTTTGATGGG-1,0.000038,0.000038,0.000038,0.122436,0.241,0.378681,0.027655,0.230112
AAGAAGGATCAGTTAG-1,0.000058,0.000058,0.000058,0.042054,0.01229,0.560756,0.043677,0.341049
AAGACATACGTGGTTT-1,0.489045,0.230609,0.12955,0.087911,0.000028,0.000056,0.042465,0.020334
AAGACCAAATAACTCA-1,0.000024,0.000024,0.000024,0.002409,0.669084,0.317483,0.000024,0.010926
AAGACCCAACTGAACA-1,0.000043,0.042398,0.000043,0.003707,0.050031,0.272068,0.163301,0.468409
AAGACTAACCCGTTGT-1,0.000034,0.000034,0.000034,0.329633,0.000034,0.664105,0.000034,0.006091
AAGACTCACGCCCACT-1,0.298336,0.379141,0.005679,0.314126,0.000367,0.000101,0.002149,0.000101
AAGACTGCAAGCTACT-1,0.00004,0.108705,0.581285,0.00004,0.00004,0.060535,0.10378,0.145575
AAGAGATGAATCGGTA-1,0.00003,0.001217,0.016602,0.00003,0.00003,0.60339,0.105349,0.273353
AAGAGCTCTTTATCGG-1,0.000042,0.198285,0.534438,0.000042,0.004852,0.076185,0.155684,0.030472
AAGAGGATGTACGCGA-1,0.000028,0.000028,0.000028,0.000028,0.001575,0.753708,0.003348,0.241256
AAGAGGCATGGATCGC-1,0.028144,0.035428,0.806465,0.000033,0.000033,0.008434,0.117332,0.00413
AAGAGGCCCTTTGGAA-1,0.330266,0.128414,0.540992,0.000047,0.000047,0.000094,0.000047,0.000094
AAGATGGCACCGGACC-1,0.000031,0.001939,0.069988,0.00122,0.000497,0.222839,0.000031,0.703455
AAGATTGGCGGAACGT-1,0.000043,0.414205,0.559781,0.000043,0.000043,0.000086,0.0183,0.007498
AAGCACCCTGCGTATC-1,0.000453,0.04007,0.367043,0.00004,0.004425,0.057404,0.412031,0.118533
AAGCATACTCTCCTGA-1,0.000043,0.137944,0.024889,0.044322,0.033516,0.155602,0.096626,0.507057
AAGCCACTTGCAGGTA-1,0.000017,0.000017,0.036119,0.110978,0.017059,0.606927,0.000017,0.228866
AAGCCGAAGCGGTTTA-1,0.407447,0.515865,0.041967,0.0342,0.000087,0.000174,0.000087,0.000174
AAGCCGCCGTGAAATC-1,0.00004,0.00004,0.00004,0.016751,0.001003,0.307774,0.00004,0.674313
AAGCGCAGGGCTTTGA-1,0.000043,0.141368,0.000043,0.039124,0.058436,0.495696,0.000043,0.265245
AAGCGGCGTCATGGGT-1,0.188796,0.42351,0.21137,0.130128,0.000075,0.000151,0.000075,0.045895
AAGCGTCCCTCATCGA-1,0.000026,0.001602,0.027086,0.000026,0.000026,0.739765,0.00845,0.22302
AAGCTAGATCGAGTAA-1,0.000029,0.057137,0.000702,0.000029,0.108243,0.594766,0.122837,0.116259
AAGCTATGGATTGACC-1,0.053612,0.00004,0.00004,0.316288,0.00004,0.000079,0.445243,0.184659
AAGCTCGTGCCAAGTC-1,0.000029,0.04961,0.462104,0.000029,0.081715,0.345859,0.012567,0.048087
AAGCTCTTTCATGGTG-1,0.228572,0.105492,0.429553,0.000044,0.000044,0.02548,0.149707,0.061108
AAGGAGAACTTATAAG-1,0.000014,0.000014,0.000014,0.118547,0.547413,0.333959,0.000014,0.000027
AAGGAGCGGTTGGTGC-1,0.000041,0.012377,0.138661,0.016398,0.043301,0.259935,0.128521,0.400767
AAGGATCGATCGCTTG-1,0.367147,0.618862,0.000078,0.000078,0.000078,0.000156,0.013446,0.000156
AAGGATGAGGGACCTC-1,0.005381,0.282546,0.659073,0.000052,0.000052,0.000104,0.000052,0.052738
AAGGCAGGCTGTCTCC-1,0.826415,0.07677,0.096486,0.000047,0.000047,0.000094,0.000047,0.000094
AAGGCGCGTAAAGCTT-1,0.000026,0.000026,0.120904,0.000026,0.017388,0.512465,0.068639,0.280525
AAGGCTGTGCTCATCG-1,0.03437,0.014768,0.233175,0.018361,0.000083,0.036909,0.000083,0.662252
AAGGGAACGACTGGCT-1,0.000028,0.000028,0.025078,0.022344,0.004734,0.672113,0.000028,0.275648
AAGGGACAGATTCTGT-1,0.002837,0.605892,0.238635,0.00005,0.00005,0.000101,0.152333,0.000101
AAGGGACTATGCATTC-1,0.00004,0.015895,0.00004,0.00004,0.003649,0.686815,0.00004,0.293481
AAGGGTTTGATTTCAG-1,0.000106,0.000106,0.000106,0.092815,0.000106,0.000212,0.428583,0.477965
AAGGTATCCTAATATA-1,0.06978,0.517341,0.257318,0.001116,0.000063,0.000127,0.000063,0.154192
AAGGTGATAAACCAGC-1,0.018979,0.907768,0.022958,0.032251,0.000076,0.000152,0.007096,0.01072
AAGTAAGCTTCCAAAC-1,0.064344,0.000023,0.000023,0.438854,0.153438,0.185813,0.000023,0.157481
AAGTAGAAGACCGGGT-1,0.000051,0.02523,0.000622,0.040477,0.101079,0.264752,0.185398,0.382392
AAGTAGTGACGCGAGG-1,0.00004,0.00004,0.035908,0.00004,0.00004,0.558637,0.005872,0.399423
AAGTCAATTGTCGTCA-1,0.197155,0.51295,0.032982,0.000048,0.000048,0.000097,0.256624,0.000097
AAGTCTTCTGTGGCCT-1,0.071367,0.000072,0.000072,0.000072,0.010132,0.114505,0.201219,0.60256
AAGTGACGACCGAATT-1,0.028915,0.000037,0.000037,0.000037,0.044549,0.735431,0.096867,0.094128
AAGTGAGTCGGGTTTA-1,0.000028,0.000028,0.000028,0.001936,0.055616,0.563867,0.050303,0.328192
AAGTGCAAAGGTAGAC-1,0.000031,0.000031,0.000031,0.005696,0.05657,0.882376,0.000031,0.055236
AAGTGCCTTGACTGTA-1,0.020018,0.561236,0.255504,0.000053,0.000053,0.000106,0.162924,0.000106
AAGTGCGTTAGAATCT-1,0.000068,0.000068,0.079316,0.023604,0.002918,0.285768,0.003596,0.604663
AAGTGCTTCTCTATTG-1,0.043964,0.000026,0.000026,0.000972,0.29638,0.528885,0.000026,0.12972
AAGTGTTTGGAGACGG-1,0.000032,0.210509,0.512967,0.000032,0.038393,0.099983,0.005634,0.132451
AAGTTCACTCCAAGCT-1,0.00004,0.367061,0.346364,0.00004,0.00004,0.095222,0.047809,0.143425
AAGTTCAGTCTGCGTA-1,0.005259,0.317192,0.472477,0.057826,0.096382,0.037461,0.000055,0.013347
AAGTTCGGCCAACAGG-1,0.029037,0.000033,0.188091,0.012275,0.130262,0.157049,0.081906,0.401347
AAGTTGTGATGTTATA-1,0.72572,0.163633,0.094293,0.000048,0.000048,0.000096,0.016067,0.000096
AAGTTTACTAATGGCA-1,0.000041,0.052912,0.003943,0.417819,0.189759,0.279393,0.000041,0.056091
AAGTTTATGGGCCCAA-1,0.000056,0.081626,0.000056,0.0661,0.055235,0.101567,0.006854,0.688506
AATAACAACGCTCGGC-1,0.000044,0.000044,0.000044,0.04796,0.000044,0.259681,0.006459,0.685724
AATAACACTAGAACAA-1,0.001714,0.006888,0.012674,0.000017,0.001339,0.646132,0.000017,0.331218
AATAACGTCGCGCCCA-1,0.225464,0.754406,0.000046,0.019806,0.000046,0.000093,0.000046,0.000093
AATAAGTCCTCGAGAC-1,0.143414,0.247457,0.057371,0.429812,0.000048,0.000095,0.120792,0.00101
AATACAATGTTTCAGG-1,0.000093,0.000093,0.031464,0.108138,0.000093,0.189771,0.000093,0.670256
AATACCGGAGGGCTGT-1,0.000018,0.000018,0.000018,0.000018,0.000018,0.810788,0.086292,0.102829
AATACCTGATGTGAAC-1,0.392309,0.348502,0.141708,0.094664,0.000038,0.000076,0.000038,0.022664
AATAGAACAGAGTGGC-1,0.000015,0.000015,0.000015,0.000015,0.059398,0.834209,0.000015,0.106317
AATAGAATCTGTTTCA-1,0.18814,0.164542,0.581073,0.000042,0.000042,0.066033,0.000042,0.000085
AATAGCAAGCCTCCTG-1,0.368276,0.000024,0.45816,0.000024,0.000024,0.000048,0.173396,0.000048
AATAGCTACCGCGTGC-1,0.050144,0.655631,0.010832,0.238905,0.011946,0.032363,0.00006,0.000119
AATAGGCACGACCCTT-1,0.000016,0.000016,0.000016,0.28007,0.000016,0.513926,0.000016,0.205925
AATAGTCCGTCCCGAC-1,0.005808,0.057406,0.063685,0.003457,0.083652,0.157613,0.057133,0.571247
AATAGTCGCGAGTCGG-1,0.000033,0.000033,0.000033,0.000033,0.002379,0.794955,0.06576,0.136776
AATATCAAGGTCGGAT-1,0.043379,0.000036,0.000036,0.161427,0.022367,0.579139,0.106536,0.087079
AATATCCTAGCAAACT-1,0.03585,0.000039,0.000039,0.000039,0.058878,0.458146,0.103321,0.343689
AATATCGAATCAATGC-1,0.307639,0.362325,0.288504,0.022367,0.000066,0.000131,0.000066,0.018903
AATATCGAGGGTTCTC-1,0.020235,0.390877,0.445542,0.000057,0.000057,0.000114,0.026565,0.116553
AATATTGGAGTATTGA-1,0.000051,0.017536,0.000051,0.000051,0.000051,0.683233,0.016353,0.282673
AATCAGACTGCAGGAC-1,0.013595,0.000038,0.13773,0.468899,0.010079,0.158658,0.024894,0.186109
AATCAGGTTTCATTTA-1,0.000059,0.000059,0.000059,0.000059,0.000059,0.382724,0.054659,0.562321
AATCATGTAAAGACTC-1,0.087449,0.468264,0.401561,0.019945,0.00005,0.022582,0.00005,0.0001
AATCCAAGGGCCTGAG-1,0.000024,0.000024,0.238712,0.000024,0.120158,0.443937,0.075877,0.121244
AATCCATGCAAGGGTG-1,0.000066,0.000066,0.000066,0.23419,0.158035,0.179676,0.02389,0.404012
AATCCCGCTCAGAGCC-1,0.03313,0.008802,0.103008,0.315901,0.030255,0.102188,0.000027,0.406688
AATCGAGGTCTCAAGG-1,0.19298,0.009427,0.013918,0.283248,0.153248,0.186053,0.153889,0.007236
AATCGCCTCAGCGCCA-1,0.123862,0.611664,0.000082,0.059057,0.000082,0.000163,0.117573,0.087518
AATCGCGCAGAGGACT-1,0.079715,0.542431,0.343742,0.023313,0.000053,0.000107,0.000053,0.010586
AATCGGGACACTACGA-1,0.13735,0.000031,0.011956,0.034242,0.519164,0.220304,0.000031,0.076922
AATCGGTATAGCCCTC-1,0.099453,0.337357,0.562879,0.000045,0.000045,0.000089,0.000045,0.000089
AATCGTGAGCCGAGCA-1,0.011088,0.258127,0.60916,0.010331,0.000038,0.013166,0.000145,0.097944
AATCTAGGTTTACTTG-1,0.000043,0.000043,0.000043,0.000043,0.01515,0.799203,0.000043,0.185431
AATCTATGCCGGAGCC-1,0.51038,0.278437,0.014011,0.013068,0.000072,0.000144,0.183744,0.000144
AATCTCTACTGTGGTT-1,0.000032,0.000032,0.000032,0.017705,0.121468,0.769234,0.080918,0.010578
AATCTGCGTTGGGACG-1,0.001542,0.710918,0.260286,0.000077,0.000077,0.000154,0.02679,0.000154
AATCTGGCTTTCTAGT-1,0.000036,0.000036,0.000036,0.000036,0.038943,0.800002,0.000036,0.160874
AATCTGGGTAGACCCT-1,0.34874,0.000028,0.621777,0.029287,0.000028,0.000056,0.000028,0.000056
AATGACAGCAATGTCT-1,0.000051,0.000051,0.000051,0.000051,0.000051,0.429761,0.073367,0.496617
AATGACGTAGGATGTC-1,0.109448,0.329319,0.459731,0.000048,0.000048,0.000095,0.095499,0.005812
AATGACTGTCAGCCGG-1,0.000046,0.027061,0.096906,0.036527,0.011077,0.214732,0.220194,0.393456
AATGAGTTCGCATATG-1,0.046212,0.001441,0.012661,0.000047,0.003453,0.677058,0.002546,0.256582
AATGATGATACGCTAT-1,0.09318,0.317981,0.398354,0.000047,0.000047,0.000094,0.190204,0.000094
AATGATGCGACTCCTG-1,0.002017,0.518354,0.344907,0.040148,0.000083,0.000167,0.000083,0.094241
AATGCAACCGGGTACC-1,0.000035,0.084189,0.000035,0.010001,0.02315,0.2346,0.041075,0.606916
AATGCACCAAGCAATG-1,0.119936,0.826709,0.00008,0.039473,0.00008,0.000161,0.00008,0.01348
AATGGTCCACCGTTCA-1,0.000027,0.000027,0.000027,0.02133,0.03813,0.864288,0.029591,0.046581
AATGGTTCTCACAAGC-1,0.000048,0.014114,0.035747,0.017133,0.003925,0.253927,0.011696,0.66341
AATGTATGGCACTGTA-1,0.000073,0.000073,0.040231,0.095068,0.240912,0.457209,0.000073,0.166362
AATGTGCCCGAGGTGT-1,0.000056,0.000056,0.041863,0.004909,0.050993,0.590815,0.000056,0.311254
AATGTGCTAATCTGAG-1,0.000069,0.017859,0.000069,0.025684,0.000069,0.000645,0.000069,0.955534
AATGTTAAGACCCTGA-1,0.160253,0.183857,0.176497,0.235885,0.166056,0.047625,0.01251,0.017317
AATGTTGTCGTGAGAC-1,0.904767,0.004854,0.090151,0.000033,0.000033,0.000065,0.000033,0.000065
AATTAAAGGTCGGCGT-1,0.000023,0.008825,0.013457,0.000023,0.001858,0.614206,0.027096,0.334512
AATTAACGGATTTCCA-1,0.000049,0.113479,0.037688,0.008548,0.054466,0.195756,0.028131,0.561882
AATTACGAGACCCATC-1,0.000056,0.000056,0.000056,0.015446,0.099006,0.670517,0.01723,0.197634
AATTACTCGTACGCTC-1,0.014676,0.000058,0.000058,0.146992,0.088438,0.703692,0.011593,0.034494
AATTAGCGCTGCAGCG-1,0.000041,0.021678,0.038936,0.006358,0.079269,0.342811,0.000634,0.510271
AATTATACCCAGCAAG-1,0.380658,0.027542,0.566077,0.005794,0.000024,0.002957,0.00396,0.012988
AATTCATAAGGGATCT-1,0.000076,0.472395,0.443635,0.000076,0.000076,0.000152,0.000076,0.083513
AATTCATTGTCATGCA-1,0.000064,0.002093,0.026425,0.048189,0.000064,0.587882,0.000064,0.335219
AATTCCAACTTGGTGA-1,0.000021,0.000021,0.000021,0.309799,0.074167,0.414711,0.000021,0.201239
AATTCCAAGCATGTAC-1,0.00004,0.032732,0.112081,0.00004,0.140782,0.407838,0.066212,0.240275
AATTCGATTCGAGGAT-1,0.003287,0.12221,0.000032,0.000032,0.289401,0.442865,0.140601,0.001571
AATTCTAGAGTTAGGC-1,0.000036,0.000036,0.088505,0.000036,0.008186,0.344485,0.466357,0.092358
AATTGAACGCTCTGGT-1,0.000029,0.013067,0.950137,0.000029,0.000029,0.020051,0.016598,0.000059
AATTGCAGCAATCGAC-1,0.107211,0.777098,0.065574,0.021648,0.000061,0.000123,0.000061,0.028223
AATTGCGTGGATTACA-1,0.000044,0.000044,0.000044,0.047773,0.253706,0.633356,0.000196,0.064836
AATTTGGGACATAGTA-1,0.052018,0.74818,0.012829,0.085447,0.000114,0.101071,0.000114,0.000228
AATTTGGTTCCAAAGA-1,0.000049,0.125388,0.402518,0.000049,0.000049,0.000097,0.466615,0.005236
ACAAACCATGCGTCCT-1,0.000037,0.000037,0.000037,0.036858,0.04913,0.325071,0.047179,0.541651
ACAAACCGACAAGGCG-1,0.284969,0.007289,0.375796,0.122089,0.000024,0.000047,0.209739,0.000047
ACAAACTCCATCAGAG-1,0.002798,0.000011,0.031054,0.172867,0.003415,0.674778,0.000934,0.114143
ACAAAGAAGGTAGGCC-1,0.000048,0.000048,0.000048,0.014658,0.005334,0.250327,0.199876,0.529659
ACAAAGCATGACCTAG-1,0.224977,0.190566,0.465637,0.000834,0.006603,0.03437,0.000029,0.076984
ACAAATCGCACCGAAT-1,0.162364,0.518778,0.002359,0.000047,0.000047,0.000095,0.316215,0.000095
ACAAATGGTAGTGTTT-1,0.0449,0.601914,0.236448,0.017926,0.000072,0.000143,0.042961,0.055635
ACAAATTCAGATCTGA-1,0.201734,0.561471,0.039557,0.194276,0.0001,0.0002,0.0001,0.002562
ACAACAGCATGAGCTA-1,0.024614,0.524614,0.086474,0.000074,0.088643,0.031287,0.136398,0.107896
ACAACGGTCCCTGCGA-1,0.000034,0.000154,0.144054,0.001158,0.008831,0.434599,0.000034,0.411137
ACAAGCAGTGCCTAGC-1,0.000095,0.000095,0.000095,0.089539,0.099878,0.664159,0.000095,0.146045
ACAAGCTATATGGAAG-1,0.031008,0.000066,0.000066,0.000066,0.000066,0.000133,0.624636,0.343958
ACAAGGAAATCCGCCC-1,0.000044,0.364783,0.438525,0.000044,0.004594,0.000683,0.055379,0.135947
ACAAGGACAAGAGGTT-1,0.012278,0.004361,0.001079,0.007762,0.128643,0.261584,0.000038,0.584256
ACAAGGATGCTTTAGG-1,0.145887,0.254196,0.334752,0.00004,0.137968,0.086271,0.027197,0.01369
ACAAGGCCTACCAGCC-1,0.059351,0.001972,0.763061,0.11195,0.012655,0.050878,0.000044,0.000088
ACAAGGGCAGGCTCTG-1,0.000041,0.282264,0.512156,0.000041,0.000041,0.000083,0.190963,0.01441
ACAAGTAATTGTAAGG-1,0.000018,0.000018,0.000018,0.140676,0.283564,0.561383,0.000018,0.014304
ACAATAGTCGTACGTT-1,0.000064,0.000064,0.000064,0.086989,0.000064,0.146941,0.1628,0.603015
ACAATCCATTTAAACC-1,0.037382,0.000031,0.062812,0.003921,0.065687,0.403867,0.047851,0.378449
ACAATCGATCTTTATA-1,0.246562,0.000038,0.005767,0.400361,0.172814,0.009093,0.16529,0.000076
ACAATGAATACGGAGA-1,0.001006,0.000055,0.059162,0.041406,0.025113,0.181549,0.034493,0.657217
ACAATGATTCTTCTAC-1,0.32836,0.000151,0.517691,0.116706,0.000053,0.03688,0.000053,0.000106
ACAATTGTGTCTCTTT-1,0.191304,0.445676,0.04929,0.000052,0.06453,0.169682,0.056429,0.023038
ACAATTTAGGAGGCTC-1,0.000036,0.000036,0.000036,0.000036,0.032586,0.701571,0.101263,0.164435
ACAATTTGAGCAGTGG-1,0.274198,0.618802,0.000072,0.000072,0.000072,0.000143,0.025202,0.08144
ACACAAAGACGGGTGG-1,0.00002,0.00002,0.081057,0.00002,0.030475,0.565108,0.273615,0.049683
ACACACCAGGACCAGT-1,0.00007,0.859315,0.00007,0.012168,0.00007,0.00014,0.00007,0.128098
ACACACTTTCTACACG-1,0.000102,0.416682,0.12818,0.010285,0.050557,0.000321,0.000102,0.393772
ACACATGATCAAATCT-1,0.000038,0.000038,0.000038,0.049493,0.002299,0.455164,0.022507,0.470422
ACACATTGACGCAACA-1,0.000051,0.000051,0.000051,0.109082,0.475122,0.156319,0.032844,0.226482
ACACATTTCCGTAGAC-1,0.000075,0.082945,0.000075,0.081978,0.028539,0.218783,0.000075,0.587532
ACACCACATAATTAGC-1,0.438038,0.325377,0.213588,0.022725,0.000045,0.000091,0.000045,0.000091
ACACCCAGCATGCAGC-1,0.000029,0.000029,0.000029,0.01302,0.098495,0.504392,0.036937,0.34707
ACACCCGAGAAATCCG-1,0.000028,0.00104,0.052645,0.000028,0.036388,0.533124,0.000028,0.376718
ACACCGAGCGCTCTTT-1,0.00005,0.00005,0.00005,0.098303,0.152084,0.587678,0.04131,0.120477
ACACCGGTCTGACCGC-1,0.00004,0.00004,0.00004,0.021539,0.197218,0.363052,0.047286,0.370786
ACACCTTAAGTAGGGC-1,0.04136,0.056259,0.01171,0.000079,0.043668,0.064271,0.139338,0.643314
ACACCTTACTACTTGC-1,0.036756,0.683589,0.168243,0.110796,0.000103,0.000205,0.000103,0.000205
ACACGAGACTCCTTCT-1,0.000068,0.551167,0.22035,0.00829,0.000068,0.017242,0.126345,0.076469
ACACGGCACTATGCAT-1,0.288864,0.103543,0.110284,0.267485,0.103912,0.007142,0.000138,0.118632
ACACGGGAACTTAGGG-1,0.031391,0.175027,0.558869,0.000065,0.045963,0.015601,0.007738,0.165346
ACACGTAGGCCACAAG-1,0.148153,0.518251,0.017162,0.099334,0.188254,0.028712,0.000044,0.00009
ACACTCCAATGTCACT-1,0.000067,0.000067,0.000067,0.001152,0.12797,0.3848,0.000067,0.485812
ACACTGATCAAGGTGT-1,0.000023,0.037368,0.000023,0.000023,0.032356,0.650223,0.005152,0.274832
ACACTGGGACAGTCGT-1,0.2709,0.670199,0.011939,0.046618,0.000057,0.000115,0.000057,0.000115
ACAGAACTGAGAACAA-1,0.000063,0.000063,0.000063,0.037612,0.000417,0.25881,0.04015,0.66282
ACAGATTAGGTTAGTG-1,0.038782,0.012222,0.000055,0.140012,0.415239,0.258751,0.000055,0.134883
ACAGCATAGAGCCAGT-1,0.000031,0.000082,0.068892,0.008616,0.203296,0.634825,0.003499,0.080759
ACAGCGACATTCTCAT-1,0.104305,0.692253,0.125939,0.076975,0.000088,0.000176,0.000088,0.000176
ACAGCGCACCCGCAGC-1,0.056461,0.15202,0.714367,0.00994,0.000039,0.015357,0.005572,0.046243
ACAGGAGGCGCAGCCG-1,0.050409,0.003284,0.003362,0.125793,0.153342,0.212317,0.206384,0.245109
ACAGGCACGGATCCTT-1,0.220837,0.684476,0.00008,0.094126,0.00008,0.00016,0.00008,0.00016
ACAGGCTTGCCCGACT-1,0.000037,0.346299,0.585051,0.000037,0.000037,0.000074,0.000037,0.068428
ACAGGTGGAGGTGAGG-1,0.000027,0.000762,0.049529,0.003563,0.003194,0.375995,0.000473,0.566457
ACAGGTGTGTTGTTGC-1,0.080021,0.000055,0.014881,0.000055,0.051944,0.056976,0.346252,0.449816
ACAGTAATACAACTTG-1,0.000032,0.000032,0.000032,0.009349,0.007205,0.815247,0.029172,0.138932
ACAGTATACCGTGGGA-1,0.137408,0.330799,0.306282,0.054899,0.03351,0.048095,0.000045,0.088962
ACAGTGCAGCGCATTT-1,0.227508,0.326855,0.327386,0.056917,0.000021,0.009076,0.044603,0.007634
ACATAAGTCGTGGTGA-1,0.000025,0.000025,0.000025,0.000025,0.000025,0.772856,0.013675,0.213347
ACATAATAAGGCGGTG-1,0.000045,0.085713,0.198521,0.000047,0.028535,0.261417,0.057918,0.367805
ACATACAATCAAGCGG-1,0.524529,0.019985,0.455324,0.000023,0.000023,0.000046,0.000023,0.000046
ACATCAGCTGGGACGC-1,0.00004,0.00004,0.00004,0.027314,0.002073,0.491416,0.097755,0.381322
ACATCCCGGCCATACG-1,0.076634,0.116322,0.000114,0.000114,0.000367,0.149882,0.000114,0.656453
ACATCCTGGTAACTGT-1,0.035159,0.701814,0.043698,0.08983,0.000069,0.000137,0.129155,0.000137
ACATCGATCGTTTACC-1,0.00006,0.076711,0.00006,0.049078,0.049436,0.127609,0.207643,0.489405
ACATCGCAATATTCGG-1,0.000042,0.000042,0.000042,0.312568,0.000042,0.089019,0.000042,0.598203
ACATCGGTCAGCCGCG-1,0.011368,0.000026,0.040663,0.000026,0.016247,0.589383,0.076349,0.265938
ACATCGTATGCAATGG-1,0.028011,0.35575,0.299484,0.000099,0.169178,0.08702,0.038725,0.021735
ACATCGTTAACCTAGT-1,0.36421,0.120684,0.289328,0.04845,0.01697,0.000171,0.009691,0.150496
ACATCTCAACGCGTAA-1,0.284303,0.000018,0.555499,0.041354,0.082703,0.03607,0.000018,0.000036
ACATGCTTACGGCAGC-1,0.000036,0.000036,0.000036,0.248251,0.168805,0.446845,0.119487,0.016505
ACATGGCGCCAAAGTA-1,0.00005,0.292641,0.706959,0.00005,0.00005,0.0001,0.00005,0.0001
ACATGGCTCAATTTAG-1,0.00009,0.00009,0.00009,0.191091,0.03634,0.245528,0.055711,0.471058
ACATTAGTTTATATCC-1,0.000059,0.059776,0.056037,0.000059,0.000059,0.21898,0.097034,0.567995
ACATTCGCGCGGAATA-1,0.000028,0.000028,0.047013,0.165272,0.084564,0.292541,0.050889,0.359664
ACATTTGAAACCTAAC-1,0.300164,0.320354,0.322428,0.056801,0.000042,0.000084,0.000042,0.000084
ACCAAACACCCAGCGA-1,0.120464,0.120521,0.444951,0.059628,0.121951,0.115507,0.007888,0.009089
ACCAAACTAGAAATCC-1,0.099677,0.181834,0.002309,0.464704,0.088722,0.045615,0.01016,0.106981
ACCAACACCACACACT-1,0.556398,0.049965,0.198333,0.038376,0.05776,0.071381,0.000031,0.027757
ACCAACCGCACTCCAC-1,0.29031,0.092639,0.465188,0.003639,0.000026,0.0002,0.147945,0.000052
ACCAACGCTTATTTAT-1,0.017678,0.015472,0.067771,0.005481,0.108674,0.23834,0.012096,0.534487
ACCAAGAACGCGTGTC-1,0.000059,0.076813,0.000059,0.030549,0.000059,0.033876,0.045423,0.813163
ACCAAGTCATCGGCAG-1,0.294203,0.12546,0.568663,0.011432,0.00004,0.000081,0.00004,0.000081
ACCAATATGCAAGTTA-1,0.000055,0.222534,0.566146,0.000055,0.000055,0.000109,0.119928,0.091118
ACCACAACTCAGAACA-1,0.07662,0.000014,0.289331,0.053595,0.282008,0.29839,0.000014,0.000028
ACCACAAGTTTCTATC-1,0.000021,0.000021,0.106861,0.000021,0.265747,0.49669,0.013627,0.117012
ACCACACGGTTGATGG-1,0.016219,0.135916,0.39344,0.188699,0.009905,0.018582,0.080711,0.156528
ACCACCAATGTAACAA-1,0.207127,0.737603,0.000069,0.013566,0.000069,0.021654,0.000069,0.019843
ACCACGTGCAGCTATA-1,0.000052,0.542595,0.318455,0.000052,0.000052,0.076751,0.01591,0.046134
ACCACTGTTCAAGAAG-1,0.020922,0.004954,0.000045,0.01002,0.347608,0.447327,0.000045,0.169079
ACCAGACCATAACAAC-1,0.001491,0.000054,0.000054,0.000054,0.130502,0.183521,0.230989,0.453336
ACCAGCCCGGTCTTTG-1,0.290001,0.00192,0.367442,0.229896,0.000901,0.078886,0.000432,0.030523
ACCAGGAGTGTGATCT-1,0.000027,0.014971,0.000027,0.221949,0.324871,0.431089,0.005886,0.001179
ACCAGTGCCCGGTCAA-1,0.519156,0.000042,0.441352,0.000091,0.039147,0.000085,0.000042,0.000085
ACCAGTGCGGGAGACG-1,0.012855,0.511295,0.298425,0.01224,0.000058,0.001385,0.010594,0.153147
ACCATATCCGCAATAA-1,0.000024,0.001519,0.071545,0.000024,0.007424,0.50731,0.058669,0.353487
ACCATCCGCCAACTAG-1,0.000038,0.000038,0.000038,0.007017,0.123192,0.57043,0.011937,0.287309
ACCATCGTATATGGTA-1,0.000034,0.012297,0.000034,0.000034,0.022321,0.422663,0.000034,0.542581
ACCATTAAGGGTGTCA-1,0.00012,0.00012,0.00012,0.180455,0.094246,0.377657,0.00012,0.347163
ACCCAACGCCCGTGGC-1,0.000041,0.235693,0.453952,0.012564,0.087039,0.037492,0.054263,0.118956
ACCCACCTACATGCTC-1,0.00007,0.00007,0.126769,0.092606,0.015825,0.159551,0.00007,0.605039
ACCCATCTTGAGGGTA-1,0.00005,0.028809,0.00005,0.040625,0.00005,0.373869,0.066355,0.490191
ACCCATTTGTCCCTCT-1,0.17451,0.268125,0.346542,0.045112,0.040768,0.094696,0.000054,0.030193
ACCCGAGCGAAATTAC-1,0.000045,0.012423,0.016213,0.000045,0.000045,0.154357,0.000045,0.816826
ACCCGATTGGTTCCGA-1,0.109427,0.000057,0.035782,0.044235,0.008896,0.122598,0.102493,0.576513
ACCCGGAAACTCCCAG-1,0.000062,0.06638,0.004576,0.063158,0.000062,0.134406,0.000062,0.731293
ACCCGGATGACGCATC-1,0.000066,0.789944,0.161526,0.000066,0.000066,0.000131,0.000066,0.048137
ACCCGGTTACACTTCC-1,0.061846,0.000034,0.074589,0.000034,0.197182,0.388937,0.125459,0.151919
ACCCGTAGCAGAGAAT-1,0.01553,0.000024,0.01672,0.136334,0.341731,0.437334,0.001822,0.050504
ACCCGTAGTCTAGTTG-1,0.233222,0.100634,0.577794,0.000024,0.000024,0.01231,0.006292,0.069699
ACCCGTGTCATCAGTA-1,0.000054,0.107058,0.076757,0.020459,0.02375,0.092859,0.002802,0.676261
ACCCTATAGGACTGAG-1,0.000113,0.000113,0.184886,0.107385,0.000113,0.022329,0.000113,0.684948
ACCCTATGCCATATCG-1,0.000054,0.056181,0.004384,0.045887,0.000054,0.347228,0.000054,0.546157
ACCCTCCCGTCAGGGC-1,0.578269,0.304314,0.077806,0.03934,0.000045,0.00009,0.000045,0.00009
ACCCTCCCTTGCTATT-1,0.208039,0.165109,0.351105,0.000083,0.019781,0.181968,0.073246,0.00067
ACCCTGGTAACGCCCT-1,0.255033,0.050435,0.659626,0.03471,0.000033,0.000065,0.000033,0.000065
ACCCTTCATCTGCGAA-1,0.119227,0.110813,0.000058,0.02265,0.141415,0.109444,0.416087,0.080305
ACCCTTTAGTTCTCCA-1,0.458004,0.029615,0.2597,0.102721,0.033859,0.009614,0.106414,0.000074
ACCGAAAGGGCCCTGC-1,0.00918,0.000013,0.06506,0.000079,0.346633,0.577604,0.000013,0.001418
ACCGAAGAGTCTGGTT-1,0.000054,0.000054,0.000054,0.022957,0.059337,0.524775,0.000054,0.392714
ACCGACACATCTCCCA-1,0.000031,0.052726,0.012086,0.000068,0.113685,0.533029,0.017065,0.271309
ACCGACTGAGTCCCAC-1,0.020998,0.184687,0.434402,0.000054,0.000054,0.038368,0.062029,0.259409
ACCGAGTCTCCTTATT-1,0.009836,0.001825,0.675062,0.162218,0.015082,0.020932,0.105257,0.009789
ACCGATGGTAGCATCG-1,0.337032,0.342567,0.000043,0.000043,0.000043,0.000086,0.320101,0.000086
ACCGCAATAACTGCCT-1,0.000044,0.524642,0.31751,0.000044,0.000044,0.000088,0.038454,0.119175
ACCGCGGTGGAAGTCG-1,0.139836,0.379973,0.435187,0.000053,0.015445,0.029346,0.000053,0.000106
ACCGCTAGTCATTGGT-1,0.00135,0.00004,0.198933,0.237782,0.007826,0.039028,0.001302,0.513737
ACCGGGCCTTTGTTGA-1,0.205366,0.112991,0.474008,0.000032,0.07185,0.016549,0.119141,0.000064
ACCGGTCAGGTACACC-1,0.000027,0.000027,0.000027,0.000027,0.137428,0.636683,0.000027,0.225756
ACCGGTCTGAGTACGG-1,0.500403,0.155086,0.018147,0.102561,0.00005,0.0001,0.223552,0.0001
ACCGTCCACTGGGCCC-1,0.000042,0.000042,0.000042,0.088078,0.412936,0.368065,0.000042,0.130752
ACCGTGACCACGTGGG-1,0.000041,0.052663,0.015607,0.000041,0.000041,0.15452,0.00005,0.777038
ACCGTTCCCGCTCTGA-1,0.039257,0.000018,0.230148,0.057562,0.540718,0.132245,0.000018,0.000035
ACCTAAGTACCTTTCA-1,0.000058,0.000058,0.000058,0.035471,0.000058,0.327334,0.039732,0.59723
ACCTAATCGACTTCCT-1,0.000048,0.000048,0.017911,0.086598,0.000048,0.418587,0.153794,0.322965
ACCTACAGTATGTGGT-1,0.340946,0.457854,0.119583,0.000067,0.000067,0.000134,0.081217,0.000134
ACCTACTATAAATCTA-1,0.000023,0.000023,0.057291,0.000023,0.038122,0.659945,0.016005,0.228567
ACCTCAGCGAGGCGCA-1,0.172258,0.019309,0.798486,0.009835,0.000019,0.000037,0.000019,0.000037
ACCTCCGCCCTCGCTG-1,0.200359,0.66439,0.037164,0.000064,0.000064,0.000128,0.097702,0.000128
ACCTCCGTTATTCACC-1,0.39927,0.290539,0.000583,0.000035,0.000035,0.000071,0.309395,0.000071
ACCTCGAACTTATGCT-1,0.000069,0.000069,0.000069,0.141326,0.056605,0.384331,0.000069,0.417464
ACCTGCGTGTCATGTT-1,0.000041,0.000041,0.000041,0.000041,0.000041,0.767151,0.000041,0.232603
ACCTTTCCTTTAGAAG-1,0.000047,0.1596,0.000047,0.598212,0.020001,0.140582,0.000047,0.081464
ACGAAATGGGCGGCAC-1,0.000041,0.000041,0.042201,0.004078,0.024069,0.620147,0.000041,0.30938
ACGACTCTAGGGCCGA-1,0.224229,0.407922,0.097576,0.104203,0.005908,0.010737,0.000612,0.148812
ACGACTGGTCATACTC-1,0.000033,0.00776,0.07133,0.000033,0.000033,0.230771,0.003578,0.686463
ACGAGAACCCATCACG-1,0.000039,0.000039,0.000039,0.226805,0.000556,0.462777,0.000039,0.309706
ACGAGATATTTGCTTA-1,0.139816,0.286855,0.360444,0.18182,0.000063,0.000125,0.017878,0.013
ACGAGGATACCACTCT-1,0.000046,0.000046,0.000046,0.005905,0.00954,0.859924,0.000046,0.124448
ACGAGGTTTACAACGT-1,0.000029,0.000029,0.000029,0.003723,0.012606,0.662038,0.000029,0.321517
ACGAGTACGGATGCCC-1,0.143895,0.380676,0.459953,0.000067,0.000067,0.000135,0.015071,0.000135
ACGAGTCGCCGGCGTT-1,0.000017,0.000017,0.000017,0.159151,0.728622,0.109161,0.000017,0.002999
ACGATACATAGAACTA-1,0.000037,0.025482,0.680568,0.000037,0.02951,0.134342,0.107301,0.022723
ACGATACCTATCCTGA-1,0.014894,0.00429,0.00005,0.00005,0.080275,0.423063,0.213933,0.263446
ACGATCATACATAGAG-1,0.00005,0.015539,0.576491,0.00005,0.00005,0.030881,0.146319,0.230621
ACGATCATCTTGTAAA-1,0.156391,0.663835,0.024934,0.000056,0.000056,0.010605,0.14401,0.000112
ACGATGCATATGTTAT-1,0.000019,0.000019,0.000019,0.000019,0.012451,0.792241,0.006791,0.188443
ACGATGGATCCGATGC-1,0.135803,0.195633,0.261579,0.010921,0.000054,0.000107,0.395789,0.000114
