Barcode,Topic 1,Topic 2,Topic 3,Topic 4,Topic 5,Topic 6,Topic 7,Topic 8,Topic 9,Topic 10,Topic 11to12
AAACAAGTATCTCCCA-1,0.00001,0.00001,0.06342,0.000164,0.002538,0.082545,0.018173,0.306236,0.490572,0.03316,0.003172
AAACAATCTACTAGCA-1,0.000019,0.000019,0.000019,0.000019,0.01691,0.027857,0.180773,0.022909,0.682974,0.068466,0.000037
AAACACCAATAACTGC-1,0.997613,0.000217,0.000217,0.000217,0.000217,0.000217,0.000217,0.000217,0.000217,0.000217,0.000434
AAACAGAGCGACTCCT-1,0.000064,0.665344,0.000064,0.004765,0.074391,0.000064,0.011882,0.000064,0.134746,0.000064,0.10855
AAACAGGGTCTATATT-1,0.062894,0.118821,0.017467,0.054064,0.129969,0.006772,0.049447,0.252638,0.051179,0.000019,0.25673
AAACAGTGTTCCTGGG-1,0.81088,0.03988,0.127729,0.010908,0.000031,0.000031,0.000031,0.000031,0.010389,0.000031,0.000061
AAACATTTCCCGGATT-1,0.000017,0.003299,0.068518,0.000017,0.011697,0.050062,0.004102,0.140115,0.431904,0.003484,0.286784
AAACCCGAACGAAATC-1,0.000037,0.664599,0.000037,0.002403,0.000037,0.00708,0.000037,0.000037,0.02869,0.000037,0.297006
AAACCGGGTAGGTACC-1,0.321351,0.009404,0.000023,0.004725,0.168501,0.095307,0.079106,0.118829,0.038556,0.029494,0.134704
AAACCGTTCGTCCAGG-1,0.636487,0.028242,0.330199,0.004837,0.000029,0.000029,0.000029,0.000029,0.000029,0.000029,0.000059
AAACCTAAGCAGCCGG-1,0.011087,0.00001,0.00001,0.00001,0.000029,0.029418,0.00001,0.229807,0.035294,0.029708,0.664615
AAACCTCATGAAGTTG-1,0.279233,0.082648,0.055927,0.003878,0.144154,0.000033,0.013505,0.000033,0.024102,0.000033,0.396453
AAACGAAGAACATACC-1,0.000011,0.000011,0.208349,0.000011,0.006862,0.216055,0.017338,0.148389,0.391342,0.011611,0.000022
AAACGAGACGGTTGAT-1,0.085457,0.000818,0.030304,0.006258,0.161922,0.26247,0.143645,0.035938,0.052458,0.023762,0.196967
AAACGGGCGTACGGGT-1,0.00002,0.063078,0.085972,0.003995,0.00002,0.014511,0.00002,0.084764,0.040845,0.064931,0.641845
AAACGGGTTGGTATCC-1,0.000049,0.416075,0.108254,0.02592,0.058141,0.001802,0.000049,0.000049,0.022995,0.041307,0.325359
AAACGGTTGCGAACTG-1,0.019328,0.000012,0.036733,0.000857,0.000012,0.000012,0.135469,0.009821,0.041037,0.756695,0.000023
AAACTCGGTTCGCAAT-1,0.165277,0.056616,0.023447,0.000031,0.000031,0.000031,0.000031,0.000031,0.000031,0.020299,0.734173
AAACTGCTGGCTCCAA-1,0.028411,0.247459,0.106304,0.033354,0.056031,0.000021,0.027494,0.016452,0.000021,0.000021,0.484433
AAACTTAATTGCACGC-1,0.832207,0.000035,0.000035,0.000035,0.000035,0.000035,0.000035,0.000035,0.000035,0.16744,0.000071
AAACTTGCAAACGTAT-1,0.249728,0.000151,0.000025,0.000025,0.039088,0.006497,0.11503,0.229999,0.036501,0.000025,0.322933
AAAGAATGTGGACTAA-1,0.00001,0.001801,0.000146,0.002199,0.016147,0.004849,0.002164,0.162513,0.578916,0.063666,0.167588
AAAGACCCAAGTCGCG-1,0.000012,0.000012,0.155836,0.005447,0.206643,0.461036,0.010316,0.013573,0.053842,0.090267,0.003015
AAAGACTGGGCGCTTT-1,0.107805,0.030433,0.079424,0.045367,0.344702,0.017495,0.002522,0.000489,0.00164,0.278403,0.091719
AAAGGCCCTATAATAC-1,0.740445,0.003558,0.251684,0.000033,0.000033,0.000033,0.000033,0.000033,0.000033,0.004045,0.000067
AAAGGCTACGGACCAT-1,0.25717,0.035079,0.000029,0.000029,0.000029,0.000029,0.009669,0.020596,0.035089,0.056958,0.585322
AAAGGCTCTCGCGCCG-1,0.193153,0.075969,0.000046,0.000046,0.016561,0.000046,0.000046,0.000046,0.017032,0.000046,0.697007
AAAGGGATGTAGCAAG-1,0.004338,0.028091,0.005352,0.000028,0.16625,0.017903,0.299392,0.001337,0.000028,0.164686,0.312594
AAAGGGCAGCTTGAAT-1,0.125005,0.016681,0.099722,0.055162,0.376464,0.018543,0.00102,0.12725,0.070555,0.005981,0.103617
AAAGTAGCATTGCTCA-1,0.756525,0.062633,0.170045,0.000045,0.000045,0.000045,0.000045,0.000045,0.000045,0.010435,0.00009
AAAGTCACTGATGTAA-1,0.000022,0.000022,0.000022,0.000022,0.552376,0.190187,0.000022,0.037704,0.16854,0.002007,0.049076
AAAGTCGACCCTCAGT-1,0.064666,0.063444,0.035337,0.064856,0.188958,0.011909,0.123593,0.237978,0.009714,0.000025,0.19952
AAAGTGTGATTTATCT-1,0.011441,0.148504,0.127114,0.000032,0.079841,0.032538,0.039122,0.000032,0.097772,0.036102,0.427501
AAAGTTGACTCCCGTA-1,0.000608,0.053435,0.028635,0.00874,0.285939,0.087616,0.005819,0.007019,0.137131,0.008686,0.376371
AAATAACCATACGGGA-1,0.000011,0.000011,0.000011,0.000644,0.011686,0.225607,0.076459,0.038772,0.646768,0.000011,0.000021
AAATACCTATAAGCAT-1,0.015854,0.023525,0.083937,0.035005,0.051474,0.199833,0.134931,0.023896,0.029637,0.000014,0.401892
AAATAGCTTAGACTTT-1,0.000014,0.000014,0.000014,0.000014,0.000978,0.001121,0.15841,0.012334,0.580238,0.246836,0.000027
AAATAGGGTGCTATTG-1,0.020529,0.000008,0.000008,0.000008,0.149717,0.219326,0.018614,0.345624,0.016453,0.065583,0.164129
AAATCCGATACACGCC-1,0.000012,0.000012,0.000012,0.000012,0.000308,0.006506,0.000012,0.111429,0.126164,0.010328,0.745202
AAATCGTGTACCACAA-1,0.09505,0.226725,0.000042,0.001226,0.000042,0.000042,0.104499,0.000042,0.000787,0.004393,0.567153
AAATCTAGCCCTGCTA-1,0.000016,0.007161,0.000016,0.000086,0.086264,0.072498,0.003911,0.10203,0.470163,0.005249,0.252606
AAATGACTGATCAAAC-1,0.20851,0.002459,0.000024,0.000024,0.000024,0.000024,0.007194,0.180037,0.030738,0.196982,0.373982
AAATGCTCGTTACGTT-1,0.000028,0.007776,0.000028,0.000028,0.581872,0.243244,0.000028,0.047525,0.096242,0.000028,0.023203
AAATGGCATGTCTTGT-1,0.000029,0.000029,0.000029,0.000029,0.006878,0.362367,0.000029,0.250183,0.188641,0.000029,0.191756
AAATGGCCCGTGCCCT-1,0.408888,0.189412,0.201588,0.019456,0.000032,0.000032,0.040455,0.000032,0.026985,0.046766,0.066353
AAATGGTCAATGTGCC-1,0.041643,0.001449,0.000031,0.258653,0.166571,0.190931,0.014084,0.036033,0.040096,0.000031,0.250478
AAATGTGGGTGCTCCT-1,0.01081,0.14541,0.029697,0.011938,0.101876,0.000036,0.000335,0.000036,0.305916,0.050637,0.343311
AAATTAACGGGTAGCT-1,0.015263,0.005579,0.002348,0.094449,0.052808,0.092209,0.16864,0.195809,0.067651,0.00173,0.303513
AAATTACACGACTCTG-1,0.000012,0.000012,0.043497,0.006364,0.013307,0.310999,0.004896,0.046467,0.574408,0.000012,0.000024
AAATTACCTATCGATG-1,0.020107,0.001705,0.000959,0.004436,0.35645,0.235349,0.01361,0.046379,0.205619,0.019664,0.095722
AAATTCCAGGTCCAAA-1,0.016161,0.745709,0.002391,0.000041,0.00345,0.027814,0.061385,0.000041,0.072795,0.058451,0.011763
AAATTGATAGTCCTTT-1,0.363577,0.000023,0.000023,0.000023,0.000023,0.000023,0.267599,0.000023,0.001028,0.367614,0.000046
AAATTGCGGCGGTTCT-1,0.002576,0.009565,0.177845,0.070418,0.297498,0.031156,0.001359,0.000038,0.347155,0.000038,0.062349
AAATTTGCGGGTGTGG-1,0.733579,0.090971,0.000036,0.000042,0.069354,0.02396,0.000036,0.000036,0.000036,0.000036,0.081912
AACAACTGGTAGTTGC-1,0.000017,0.000017,0.004019,0.000017,0.080936,0.139279,0.530018,0.115718,0.007663,0.122281,0.000035
AACAATACATTGTCGA-1,0.872372,0.034179,0.003192,0.019058,0.000039,0.000039,0.000039,0.000039,0.000039,0.000039,0.070963
AACAATTACTCTACGC-1,0.020126,0.044596,0.107716,0.097196,0.422478,0.088954,0.006097,0.146868,0.006434,0.000029,0.059505
AACACACGCTCGCCGC-1,0.000016,0.000016,0.053622,0.002238,0.062237,0.193852,0.006105,0.092669,0.248859,0.023843,0.316541
AACACGACTGTACTGA-1,0.000048,0.005468,0.018237,0.091318,0.065807,0.075406,0.010851,0.13222,0.29678,0.000048,0.303815
AACACGAGACGCGGCC-1,0.103489,0.025816,0.012879,0.057939,0.000109,0.005377,0.429829,0.25344,0.036775,0.069812,0.004535
AACACGCGGCCGCGAA-1,0.06773,0.000019,0.077848,0.030326,0.254486,0.191611,0.012985,0.041094,0.301648,0.021929,0.000324
AACAGCTGTGTGGCAA-1,0.840836,0.000043,0.000043,0.000043,0.034165,0.007519,0.000043,0.000043,0.007725,0.001243,0.108295
AACAGGAAATCGAATA-1,0.000016,0.00354,0.19864,0.086655,0.01892,0.574901,0.000016,0.067301,0.009338,0.000016,0.040657
AACAGGATGGGCCGCG-1,0.045255,0.000019,0.000019,0.004079,0.41474,0.221287,0.101125,0.163219,0.039848,0.01029,0.000117
AACAGGTAGTATGGAT-1,0.05295,0.714156,0.031356,0.201141,0.00005,0.00005,0.00005,0.00005,0.00005,0.00005,0.000099
AACATAGCGTGTATCG-1,0.003998,0.027966,0.000017,0.000078,0.083224,0.039633,0.000017,0.044192,0.022058,0.018087,0.760729
AACATATCAACTGGTG-1,0.000014,0.000014,0.000014,0.001295,0.055675,0.292528,0.043785,0.049107,0.553847,0.000014,0.003707
AACATTGAAGTTGATC-1,0.846415,0.000033,0.000033,0.000033,0.000033,0.000033,0.000289,0.000033,0.000033,0.153001,0.000065
AACATTGGTCAGCCGT-1,0.020486,0.607512,0.297874,0.000847,0.009155,0.000064,0.000064,0.000064,0.06374,0.000064,0.000129
AACATTGTGACTCGAG-1,0.304177,0.143653,0.00714,0.026879,0.00217,0.000037,0.001208,0.002096,0.000037,0.000037,0.512566
AACCAAGACTTCTCTG-1,0.095862,0.123217,0.000032,0.013859,0.236943,0.011317,0.092581,0.043275,0.04825,0.000032,0.33463
AACCATAGGGTTGAAC-1,0.496,0.017629,0.049573,0.017735,0.046749,0.01607,0.042175,0.049707,0.026898,0.222981,0.014482
AACCATGGGATCGCTA-1,0.006646,0.091908,0.443523,0.123578,0.195928,0.009787,0.000039,0.000039,0.000039,0.054974,0.07354
AACCCAGAGACGGAGA-1,0.000017,0.007574,0.000361,0.020734,0.418951,0.371796,0.000017,0.133748,0.028249,0.000017,0.018538
AACCCATCCCATGATC-1,0.314695,0.000835,0.006394,0.297863,0.037337,0.000094,0.000094,0.000094,0.000094,0.000094,0.342406
AACCCGACAACCCGTG-1,0.64544,0.059139,0.109963,0.123696,0.000045,0.000045,0.000045,0.000045,0.001166,0.052439,0.007978
AACCCGAGCAGAATCG-1,0.02735,0.824382,0.080906,0.067019,0.000043,0.000043,0.000043,0.000043,0.000043,0.000043,0.000086
AACCCGCTGTATTCCA-1,0.105205,0.000767,0.109585,0.049155,0.001012,0.002221,0.039926,0.008529,0.059008,0.624563,0.000027
AACCCTACTGTCAATA-1,0.000018,0.001662,0.000018,0.000018,0.158478,0.138948,0.028955,0.12484,0.327292,0.016062,0.203709
AACCCTGGTGGAACCA-1,0.022094,0.010732,0.159901,0.06271,0.082102,0.116196,0.031733,0.049327,0.427848,0.005696,0.031661
AACCGAGCTTGGTCAT-1,0.034035,0.032761,0.000023,0.000023,0.3133,0.06794,0.091335,0.004475,0.04952,0.036036,0.370554
AACCGCTAAGGGATGC-1,0.00002,0.067796,0.344384,0.043984,0.037825,0.042164,0.00002,0.000651,0.126978,0.00002,0.336157
AACCGTTGTGTTTGCT-1,0.102028,0.308171,0.147966,0.009229,0.189223,0.136985,0.007486,0.000048,0.039731,0.000048,0.059084
AACCTCGCTTTAGCCC-1,0.000015,0.000659,0.077271,0.003501,0.043838,0.083023,0.000015,0.0002,0.000015,0.098334,0.693129
AACCTTTAAATACGGT-1,0.04797,0.000107,0.000017,0.000017,0.22731,0.041817,0.057371,0.042429,0.02644,0.000017,0.556503
AACCTTTACGACGTCT-1,0.000021,0.000021,0.000021,0.000021,0.024118,0.091984,0.176814,0.013851,0.692608,0.000021,0.000518
AACGATAATGCCGTAG-1,0.109755,0.001541,0.000022,0.000022,0.046017,0.044173,0.027978,0.000022,0.000022,0.000022,0.770425
AACGATAGAAGGGCCG-1,0.060286,0.017182,0.045799,0.001524,0.190845,0.472692,0.025884,0.06107,0.05339,0.008498,0.062829
AACGATATGTCAACTG-1,0.000011,0.000011,0.000011,0.000011,0.078958,0.722184,0.033428,0.013096,0.000641,0.136174,0.015474
AACGCATGATCTGGGT-1,0.000056,0.995537,0.000056,0.003901,0.000056,0.000056,0.000056,0.000056,0.000056,0.000056,0.000112
AACGCGAACGGCAACA-1,0.01988,0.000018,0.056613,0.013041,0.089737,0.255417,0.134188,0.041414,0.289153,0.100064,0.000474
AACGCGACCTTGGGCG-1,0.186191,0.039011,0.003717,0.045273,0.037627,0.001336,0.013274,0.328055,0.015327,0.218295,0.111894
AACGCGGTCTCCAGCC-1,0.038446,0.176271,0.193169,0.037209,0.282223,0.010099,0.007448,0.000031,0.000031,0.014413,0.240659
AACGCTGTTGCTGAAA-1,0.000014,0.000014,0.281311,0.003694,0.00197,0.25433,0.000331,0.211923,0.135816,0.012405,0.098191
AACGGACGTACGTATA-1,0.00002,0.023191,0.033476,0.00802,0.091925,0.239052,0.00002,0.007836,0.10352,0.008591,0.484349
AACGGCCATCTCCGGT-1,0.493393,0.090635,0.13331,0.282437,0.000028,0.000028,0.000028,0.000028,0.000028,0.000028,0.000056
AACGTACTGTGGGTAC-1,0.357196,0.353527,0.001556,0.287358,0.000045,0.000045,0.000045,0.000045,0.000045,0.000045,0.000091
AACGTAGTCTACCCAT-1,0.06086,0.136494,0.524335,0.000019,0.018177,0.026128,0.125137,0.000019,0.087106,0.021688,0.000038
AACGTCAGACTAGTGG-1,0.053567,0.004942,0.020104,0.000612,0.239419,0.385149,0.107918,0.000021,0.000021,0.188179,0.000068
AACGTCGCTGCACTTC-1,0.001406,0.031013,0.145508,0.06562,0.098763,0.010087,0.006339,0.057711,0.388104,0.000855,0.194595
AACGTGATGAAGGACA-1,0.000032,0.070081,0.000032,0.006454,0.002752,0.000032,0.211383,0.000032,0.422649,0.10533,0.181222
AACGTGCGAAAGTCTC-1,0.02954,0.008095,0.130392,0.022092,0.118529,0.097674,0.094071,0.033766,0.013631,0.001609,0.450602
AACTACCCGTTTGTCA-1,0.000065,0.639848,0.000065,0.128407,0.000065,0.000065,0.000065,0.000065,0.000065,0.000065,0.231225
AACTAGCGTATCGCAC-1,0.000039,0.078527,0.017843,0.110225,0.301296,0.043781,0.000039,0.006006,0.308998,0.028055,0.105191
AACTAGGCTTGGGTGT-1,0.062462,0.091766,0.185132,0.028592,0.02454,0.007287,0.142045,0.035296,0.025524,0.026661,0.370695
AACTCAAGTTAATTGC-1,0.138039,0.156949,0.00003,0.02273,0.044229,0.003964,0.064794,0.052417,0.00439,0.00768,0.504779
AACTCCAGAGCGTGTT-1,0.018974,0.001585,0.002884,0.000024,0.000024,0.07256,0.040426,0.017785,0.25026,0.008809,0.586668
AACTCCTAATCCCATG-1,0.000033,0.276368,0.120609,0.122288,0.183024,0.066387,0.003229,0.000033,0.163418,0.000033,0.064578
AACTCGATGGCGCAGT-1,0.000021,0.005463,0.024193,0.029975,0.095692,0.262533,0.031885,0.085041,0.465135,0.000021,0.000042
AACTCTCAATAGAGCG-1,0.042042,0.28343,0.049283,0.000028,0.361339,0.040418,0.000764,0.000028,0.061465,0.000028,0.161176
AACTCTCAGTGTGCTC-1,0.367901,0.021669,0.000037,0.000037,0.129434,0.008061,0.120362,0.238915,0.006786,0.000037,0.106762
AACTGATATTAGGCCT-1,0.000032,0.036644,0.298983,0.106679,0.221005,0.112059,0.000032,0.000032,0.015417,0.000032,0.209085
AACTGGGTCCCGACGT-1,0.00001,0.00001,0.00001,0.00001,0.031702,0.644713,0.000554,0.085989,0.003502,0.079083,0.154417
AACTGGTGTGGGCCTT-1,0.000024,0.010893,0.077549,0.008886,0.375675,0.188413,0.000728,0.003582,0.237019,0.043829,0.053403
AACTTCTGCGTCTATC-1,0.038918,0.015354,0.390973,0.019093,0.119628,0.273388,0.000029,0.099365,0.038376,0.000029,0.004848
AACTTGCCCGTATGCA-1,0.097662,0.493772,0.048835,0.000062,0.135075,0.000062,0.080385,0.000062,0.000062,0.129866,0.014158
AACTTGCGTTCTCGCG-1,0.022515,0.002145,0.000552,0.027257,0.546919,0.216532,0.007239,0.021444,0.11915,0.000024,0.036223
AACTTTAGCTGCTGAG-1,0.000026,0.038729,0.165558,0.031488,0.040546,0.015517,0.095207,0.012242,0.593593,0.000919,0.006174
AAGAAGGATCAGTTAG-1,0.005548,0.049826,0.6685,0.012432,0.152817,0.049497,0.00003,0.00003,0.0172,0.01954,0.02458
AAGACATACGTGGTTT-1,0.002734,0.775461,0.090872,0.076918,0.000036,0.000036,0.000036,0.000036,0.000036,0.001489,0.052345
AAGACCCAACTGAACA-1,0.342296,0.000913,0.000034,0.000034,0.000034,0.000034,0.000034,0.000034,0.000034,0.000034,0.656522
AAGACTAACCCGTTGT-1,0.000028,0.001151,0.147379,0.081187,0.296877,0.037552,0.000028,0.000028,0.434107,0.000028,0.001636
AAGACTGCAAGCTACT-1,0.000082,0.000082,0.000082,0.000082,0.000082,0.000082,0.000082,0.000082,0.000082,0.000082,0.999178
AAGAGATGAATCGGTA-1,0.149821,0.0259,0.000033,0.157556,0.427572,0.071746,0.123376,0.010935,0.000033,0.000033,0.032994
AAGAGCTCTTTATCGG-1,0.001874,0.000013,0.000013,0.000013,0.282652,0.348669,0.048037,0.128891,0.03214,0.002177,0.155522
AAGAGGATGTACGCGA-1,0.179818,0.008594,0.000052,0.022812,0.054369,0.060302,0.106132,0.171506,0.135165,0.000023,0.261226
AAGAGGCATGGATCGC-1,0.022395,0.025244,0.25697,0.116678,0.05615,0.053685,0.023679,0.01134,0.045352,0.000018,0.38849
AAGAGGCCCTTTGGAA-1,0.00004,0.197643,0.00004,0.231135,0.001631,0.00004,0.003973,0.00004,0.115072,0.052792,0.397595
AAGATGGCACCGGACC-1,0.754735,0.12818,0.000044,0.004563,0.000044,0.000044,0.000044,0.000044,0.000044,0.000044,0.112215
AAGATTGGCGGAACGT-1,0.000014,0.000014,0.000014,0.000014,0.071283,0.522981,0.048808,0.099186,0.192454,0.022262,0.042971
AAGCACCCTGCGTATC-1,0.080483,0.019566,0.006237,0.014972,0.029093,0.000025,0.031465,0.006801,0.103116,0.048911,0.659331
AAGCATACTCTCCTGA-1,0.053148,0.026891,0.03952,0.022907,0.043708,0.0443,0.171243,0.155824,0.022052,0.090966,0.329442
AAGCCACTTGCAGGTA-1,0.996474,0.000026,0.000026,0.000026,0.000026,0.000026,0.000026,0.000026,0.000026,0.003268,0.000052
AAGCCGAAGCGGTTTA-1,0.000018,0.000018,0.000018,0.000018,0.018588,0.030205,0.099113,0.046585,0.671587,0.009527,0.124323
AAGCCGCCGTGAAATC-1,0.734009,0.04311,0.045848,0.11668,0.000037,0.000037,0.000037,0.060052,0.000037,0.000081,0.000074
AAGCGCAGGGCTTTGA-1,0.142522,0.022537,0.042337,0.000039,0.000039,0.000039,0.000039,0.000039,0.000039,0.089651,0.702719
AAGCGTCCCTCATCGA-1,0.74863,0.000038,0.000038,0.033155,0.01281,0.060088,0.020007,0.043759,0.028194,0.053204,0.000077
AAGCTAGATCGAGTAA-1,0.025372,0.007403,0.000016,0.008317,0.030024,0.147852,0.052025,0.102783,0.077453,0.000016,0.548739
AAGCTCGTGCCAAGTC-1,0.019134,0.059909,0.10994,0.034705,0.239959,0.080103,0.072479,0.022996,0.000756,0.001498,0.35852
AAGCTCTTTCATGGTG-1,0.000542,0.018649,0.02107,0.000026,0.226023,0.059804,0.000026,0.000026,0.000026,0.159526,0.514282
AAGGAGAACTTATAAG-1,0.000021,0.123612,0.017926,0.001626,0.100701,0.127398,0.049622,0.005022,0.541732,0.000154,0.032185
AAGGAGCGGTTGGTGC-1,0.060539,0.01279,0.115199,0.002917,0.407882,0.013137,0.000036,0.183541,0.003345,0.000036,0.200579
AAGGATCGATCGCTTG-1,0.00006,0.099939,0.00006,0.004597,0.05025,0.00006,0.00006,0.00006,0.235161,0.00006,0.609692
AAGGATGAGGGACCTC-1,0.000018,0.016913,0.000018,0.002075,0.463497,0.234457,0.011198,0.034234,0.082328,0.001655,0.153606
AAGGCGCGTAAAGCTT-1,0.041574,0.022765,0.079715,0.017362,0.645963,0.070885,0.000026,0.001541,0.002252,0.106631,0.011287
AAGGCTGTGCTCATCG-1,0.019626,0.000018,0.000018,0.000018,0.107271,0.074872,0.55257,0.166543,0.062289,0.016742,0.000035
AAGGGAACGACTGGCT-1,0.665456,0.012759,0.000067,0.000067,0.056206,0.000067,0.019532,0.057706,0.010032,0.000067,0.178039
AAGGGACAGATTCTGT-1,0.000012,0.000341,0.10317,0.004402,0.010569,0.489533,0.019331,0.176117,0.103653,0.032376,0.060495
AAGGGACTATGCATTC-1,0.849228,0.00007,0.025177,0.124961,0.00007,0.00007,0.00007,0.00007,0.00007,0.00007,0.000141
AAGGTATCCTAATATA-1,0.000009,0.006242,0.104727,0.019298,0.13472,0.441171,0.003036,0.179389,0.056852,0.000009,0.054546
AAGGTGATAAACCAGC-1,0.000017,0.004378,0.000017,0.000017,0.11618,0.392189,0.000861,0.034625,0.091285,0.000365,0.360067
AAGTAAGCTTCCAAAC-1,0.061024,0.010864,0.18413,0.037754,0.176788,0.248033,0.037531,0.027407,0.188834,0.013875,0.01376
AAGTAGAAGACCGGGT-1,0.036347,0.006476,0.120175,0.030808,0.332251,0.217267,0.036311,0.113951,0.070464,0.014583,0.021367
AAGTAGTGACGCGAGG-1,0.043314,0.021513,0.086537,0.260584,0.180974,0.004632,0.011735,0.187177,0.028209,0.000039,0.175286
AAGTCAATTGTCGTCA-1,0.000025,0.069912,0.055226,0.043653,0.153859,0.10343,0.003361,0.002221,0.308354,0.000025,0.259934
AAGTGACGACCGAATT-1,0.08514,0.000015,0.000015,0.000015,0.000213,0.00067,0.573071,0.159309,0.026331,0.04269,0.11253
AAGTGAGTCGGGTTTA-1,0.49319,0.026441,0.000037,0.044364,0.00744,0.013658,0.022628,0.226017,0.030444,0.000037,0.135744
AAGTGCCTTGACTGTA-1,0.000014,0.007479,0.000014,0.00225,0.071935,0.266013,0.051344,0.072781,0.487353,0.000014,0.040802
AAGTGCGTTAGAATCT-1,0.269639,0.000025,0.073447,0.170737,0.000025,0.000025,0.24247,0.223595,0.010988,0.009001,0.000049
AAGTGCTTCTCTATTG-1,0.756887,0.03904,0.075428,0.016433,0.007808,0.000043,0.066554,0.000043,0.000516,0.037164,0.000085
AAGTGTTTGGAGACGG-1,0.072115,0.004251,0.003373,0.000058,0.221197,0.152426,0.002609,0.045355,0.021819,0.000017,0.476779
AAGTTCACTCCAAGCT-1,0.115366,0.008181,0.017663,0.000023,0.059276,0.210605,0.000023,0.036603,0.004973,0.000023,0.547264
AAGTTCAGTCTGCGTA-1,0.000052,0.373974,0.033794,0.224529,0.118099,0.1222,0.000052,0.000052,0.106256,0.000052,0.020941
AAGTTCGGCCAACAGG-1,0.548868,0.010734,0.000037,0.11355,0.012192,0.161275,0.018205,0.056813,0.014707,0.000037,0.063582
AAGTTGTGATGTTATA-1,0.036555,0.005286,0.001788,0.004517,0.005501,0.011351,0.082214,0.028168,0.589354,0.223532,0.011735
AAGTTTACTAATGGCA-1,0.000015,0.000015,0.000015,0.000015,0.003637,0.215563,0.013741,0.242228,0.524726,0.000015,0.00003
AAGTTTATGGGCCCAA-1,0.008594,0.000182,0.013671,0.000009,0.02395,0.017323,0.017325,0.083601,0.000074,0.775589,0.059681
AATAACAACGCTCGGC-1,0.086898,0.194579,0.115425,0.421695,0.017186,0.000035,0.016858,0.000035,0.000035,0.034648,0.112607
AATAACACTAGAACAA-1,0.527643,0.334483,0.038955,0.046118,0.000043,0.000043,0.000043,0.000043,0.000043,0.000043,0.052545
AATAACGTCGCGCCCA-1,0.017882,0.444613,0.184588,0.352793,0.000016,0.000016,0.000016,0.000016,0.000016,0.000016,0.000031
AATAAGTCCTCGAGAC-1,0.000025,0.000025,0.023075,0.000025,0.074746,0.04497,0.115525,0.002622,0.581691,0.157015,0.000281
AATACAATGTTTCAGG-1,0.00001,0.00001,0.125199,0.00019,0.049897,0.293137,0.284947,0.189829,0.002992,0.053769,0.00002
AATACCGGAGGGCTGT-1,0.427071,0.000022,0.000022,0.000022,0.000022,0.000022,0.153577,0.328094,0.023052,0.068049,0.000045
AATACCTGATGTGAAC-1,0.000012,0.065416,0.179784,0.065508,0.220528,0.016209,0.000012,0.022325,0.230812,0.013696,0.185698
AATAGAACAGAGTGGC-1,0.59652,0.293757,0.099276,0.010177,0.000034,0.000034,0.000034,0.000034,0.000034,0.000034,0.000068
AATAGAATCTGTTTCA-1,0.009602,0.00068,0.002783,0.000014,0.148009,0.325946,0.000014,0.051387,0.004656,0.000014,0.456894
AATAGTCCGTCCCGAC-1,0.164568,0.196281,0.122566,0.032273,0.007938,0.000034,0.000034,0.010696,0.001752,0.000034,0.463825
AATATCAAGGTCGGAT-1,0.000018,0.003956,0.036503,0.0217,0.07003,0.325129,0.013884,0.133102,0.3907,0.000018,0.004961
AATATCGAATCAATGC-1,0.000038,0.006386,0.000038,0.116638,0.026927,0.027579,0.000038,0.000038,0.297138,0.000038,0.525144
AATATCGAGGGTTCTC-1,0.000025,0.000025,0.000025,0.000025,0.201756,0.125294,0.043205,0.018892,0.487579,0.009637,0.113539
AATATTGGAGTATTGA-1,0.041556,0.040215,0.001972,0.000021,0.165745,0.045909,0.285935,0.224323,0.119382,0.015318,0.059623
AATCAGACTGCAGGAC-1,0.00003,0.012115,0.00003,0.00003,0.264687,0.054118,0.044292,0.00499,0.510457,0.026142,0.083109
AATCAGGTTTCATTTA-1,0.783174,0.088781,0.001274,0.026837,0.030588,0.000036,0.039828,0.000036,0.014595,0.014779,0.000071
AATCATGTAAAGACTC-1,0.000028,0.00044,0.000028,0.000028,0.092116,0.046771,0.000028,0.00272,0.37596,0.000028,0.481853
AATCCAAGGGCCTGAG-1,0.037637,0.00001,0.141103,0.001463,0.004962,0.630687,0.047563,0.062479,0.023832,0.050244,0.00002
AATCCATGCAAGGGTG-1,0.000025,0.012446,0.003471,0.090792,0.250048,0.306968,0.006887,0.01111,0.255171,0.000025,0.063057
AATCCCGCTCAGAGCC-1,0.284078,0.134662,0.031042,0.000051,0.000051,0.000051,0.000051,0.000051,0.000051,0.233878,0.316035
AATCGAGGTCTCAAGG-1,0.089097,0.019034,0.000019,0.000019,0.000576,0.000019,0.000019,0.033064,0.023408,0.271687,0.563059
AATCGCCTCAGCGCCA-1,0.000007,0.000007,0.0014,0.000007,0.022422,0.558859,0.041316,0.081141,0.001423,0.166006,0.127412
AATCGCGCAGAGGACT-1,0.03263,0.641926,0.000046,0.129949,0.000046,0.000046,0.000046,0.000046,0.000046,0.000046,0.195171
AATCGGGACACTACGA-1,0.015389,0.14124,0.026385,0.006594,0.125828,0.172683,0.000057,0.076113,0.135127,0.000057,0.300528
AATCGGTATAGCCCTC-1,0.000032,0.250048,0.001472,0.031993,0.010414,0.000032,0.000032,0.000032,0.383625,0.000032,0.322289
AATCGTGAGCCGAGCA-1,0.000007,0.000007,0.012805,0.000007,0.012006,0.142585,0.000224,0.470668,0.034192,0.288037,0.03946
AATCTAGGTTTACTTG-1,0.477774,0.153246,0.00007,0.00007,0.00007,0.00007,0.00007,0.00007,0.00007,0.020304,0.348186
AATCTATGCCGGAGCC-1,0.000096,0.550979,0.000096,0.000096,0.000096,0.000096,0.000096,0.000096,0.000096,0.000096,0.448153
AATCTGCGTTGGGACG-1,0.000026,0.036989,0.023253,0.012279,0.411641,0.120089,0.000026,0.000026,0.096401,0.000026,0.299246
AATCTGGCTTTCTAGT-1,0.16754,0.000022,0.063591,0.005641,0.014696,0.018187,0.057441,0.279648,0.119479,0.267115,0.00664
AATGACAGCAATGTCT-1,0.210126,0.087928,0.002506,0.072456,0.108357,0.026198,0.239051,0.171779,0.018181,0.000034,0.063385
AATGACGTAGGATGTC-1,0.008869,0.002735,0.000019,0.000019,0.368051,0.045103,0.033099,0.017883,0.007461,0.000019,0.516741
AATGACTGTCAGCCGG-1,0.038266,0.000043,0.000043,0.000043,0.443498,0.011677,0.015116,0.066853,0.012414,0.000046,0.412001
AATGAGTTCGCATATG-1,0.000023,0.004262,0.166938,0.004838,0.186151,0.455201,0.000023,0.070423,0.108487,0.000023,0.003631
AATGATGATACGCTAT-1,0.000018,0.001914,0.181719,0.119836,0.148393,0.262989,0.003252,0.011593,0.259994,0.000018,0.010273
AATGATGCGACTCCTG-1,0.000024,0.015763,0.001633,0.081154,0.169618,0.078501,0.02433,0.000482,0.517159,0.000024,0.111313
AATGCAACCGGGTACC-1,0.155541,0.00353,0.178995,0.037444,0.144978,0.102466,0.244399,0.037825,0.005785,0.024945,0.064092
AATGCACCAAGCAATG-1,0.000021,0.020146,0.032714,0.029783,0.234976,0.015887,0.10335,0.000021,0.497417,0.028967,0.036718
AATGGTCCACCGTTCA-1,0.238861,0.057422,0.069076,0.037676,0.222709,0.007484,0.054638,0.0079,0.011661,0.154256,0.138316
AATGGTTCTCACAAGC-1,0.068294,0.065015,0.085804,0.035061,0.421836,0.13515,0.040931,0.018493,0.033204,0.029039,0.067172
AATGTGCCCGAGGTGT-1,0.851938,0.053055,0.000053,0.000053,0.071412,0.000053,0.000053,0.000053,0.000053,0.000053,0.023226
AATGTGCTAATCTGAG-1,0.545222,0.000022,0.155854,0.005988,0.000022,0.000121,0.072125,0.0203,0.034769,0.165532,0.000044
AATGTTAAGACCCTGA-1,0.030018,0.014494,0.000021,0.000021,0.000021,0.002178,0.000021,0.000932,0.000021,0.018472,0.933801
AATGTTGTCGTGAGAC-1,0.000029,0.179947,0.198087,0.037008,0.000029,0.000029,0.002215,0.005704,0.196921,0.007888,0.372143
AATTAAAGGTCGGCGT-1,0.203116,0.15702,0.058899,0.111702,0.001021,0.000039,0.000039,0.000039,0.000039,0.000039,0.468047
AATTAACGGATTTCCA-1,0.074639,0.074566,0.010736,0.000025,0.004262,0.023582,0.119342,0.000025,0.080083,0.007028,0.605711
AATTAGCGCTGCAGCG-1,0.095733,0.004963,0.008121,0.000014,0.04471,0.19877,0.176631,0.191966,0.064244,0.019279,0.195571
AATTATACCCAGCAAG-1,0.031709,0.030327,0.141209,0.002039,0.083244,0.040909,0.00001,0.091501,0.053016,0.317783,0.208253
AATTCATAAGGGATCT-1,0.00003,0.086224,0.114059,0.062552,0.294107,0.115843,0.00003,0.00003,0.244062,0.00003,0.083034
AATTCCAAGCATGTAC-1,0.265347,0.286523,0.106101,0.000041,0.000041,0.000041,0.000041,0.000041,0.000041,0.185853,0.155933
AATTCGATTCGAGGAT-1,0.011098,0.070405,0.000025,0.000025,0.010638,0.015973,0.108375,0.196814,0.019452,0.191484,0.375711
AATTCTAGAGTTAGGC-1,0.026153,0.018371,0.00004,0.005537,0.003278,0.00004,0.04072,0.058242,0.00004,0.037775,0.809805
AATTGAACGCTCTGGT-1,0.000012,0.004814,0.216436,0.009977,0.070709,0.209371,0.04912,0.038352,0.012918,0.189342,0.198949
AATTGCAGCAATCGAC-1,0.000013,0.000013,0.000013,0.000013,0.000982,0.008673,0.000013,0.2397,0.525467,0.000013,0.225099
AATTTGGGACATAGTA-1,0.000044,0.270198,0.000044,0.248123,0.031405,0.000044,0.107571,0.000044,0.262559,0.055196,0.024772
AATTTGGTTCCAAAGA-1,0.000134,0.011932,0.000134,0.000134,0.000134,0.036168,0.000134,0.000134,0.315956,0.000134,0.635009
ACAAACCATGCGTCCT-1,0.769042,0.003209,0.05695,0.001303,0.00003,0.00003,0.00003,0.00003,0.00003,0.169287,0.00006
ACAAACTCCATCAGAG-1,0.770693,0.068638,0.000066,0.000066,0.000066,0.000066,0.000066,0.000066,0.000066,0.076144,0.08406
ACAAAGCATGACCTAG-1,0.000007,0.000007,0.000007,0.000007,0.000007,0.024364,0.007502,0.241414,0.4501,0.05879,0.217794
ACAAATCGCACCGAAT-1,0.000012,0.00029,0.307632,0.01009,0.050885,0.198882,0.000012,0.0111,0.000685,0.044912,0.3755
ACAAATGGTAGTGTTT-1,0.00001,0.006454,0.016908,0.00001,0.029745,0.548824,0.006445,0.07756,0.005536,0.056557,0.251952
ACAACAGCATGAGCTA-1,0.047533,0.00887,0.172093,0.027881,0.044436,0.068583,0.255406,0.050301,0.031793,0.051562,0.241542
ACAACGGTCCCTGCGA-1,0.000027,0.001803,0.100038,0.180402,0.39946,0.019375,0.000855,0.207573,0.042903,0.000027,0.047537
ACAAGCAGTGCCTAGC-1,0.044164,0.000017,0.012397,0.010837,0.357585,0.156947,0.05114,0.364459,0.00012,0.000017,0.002316
ACAAGGAAATCCGCCC-1,0.000013,0.000013,0.013757,0.000333,0.148289,0.227545,0.201904,0.134998,0.011561,0.058711,0.202876
ACAAGGACAAGAGGTT-1,0.025184,0.033618,0.028873,0.055963,0.12466,0.08221,0.445003,0.048205,0.008695,0.097376,0.050214
ACAAGGATGCTTTAGG-1,0.000022,0.010447,0.052276,0.001809,0.006256,0.010997,0.000022,0.0052,0.072212,0.025285,0.815473
ACAAGGGCAGGCTCTG-1,0.000014,0.000537,0.006104,0.008367,0.211463,0.18006,0.041816,0.18263,0.009166,0.000014,0.359828
ACAATAGTCGTACGTT-1,0.103475,0.301403,0.000043,0.02723,0.151869,0.002724,0.000043,0.052686,0.020643,0.000043,0.339841
ACAATCCATTTAAACC-1,0.170822,0.098879,0.062663,0.068752,0.045947,0.087456,0.09496,0.02862,0.114425,0.008931,0.218545
ACAATCGATCTTTATA-1,0.027639,0.091084,0.000036,0.234257,0.039279,0.000036,0.039025,0.000036,0.147688,0.056887,0.364032
ACAATGAATACGGAGA-1,0.785688,0.000072,0.000072,0.000072,0.000072,0.000072,0.000072,0.000072,0.000072,0.008176,0.205557
ACAATTGTGTCTCTTT-1,0.000026,0.000535,0.000026,0.000026,0.224688,0.087595,0.002989,0.076328,0.26969,0.000026,0.338072
ACAATTTGAGCAGTGG-1,0.00002,0.055462,0.316156,0.04104,0.175593,0.130804,0.025192,0.000238,0.019762,0.016409,0.219325
ACACAAAGACGGGTGG-1,0.133718,0.110513,0.120732,0.055609,0.337812,0.002666,0.029137,0.00004,0.003843,0.00004,0.205888
ACACACCAGGACCAGT-1,0.000027,0.044653,0.154085,0.045446,0.113712,0.12344,0.000027,0.000089,0.068039,0.001205,0.449276
ACACACTTTCTACACG-1,0.000035,0.01542,0.000035,0.000035,0.42458,0.291234,0.000035,0.000035,0.065148,0.000035,0.203407
ACACATGATCAAATCT-1,0.916659,0.023945,0.020647,0.034832,0.000038,0.000038,0.000038,0.000038,0.000038,0.000038,0.003688
ACACATTTCCGTAGAC-1,0.098457,0.142067,0.138338,0.045963,0.001924,0.000031,0.000031,0.002232,0.000031,0.000093,0.570832
ACACCCAGCATGCAGC-1,0.021996,0.000025,0.014045,0.055211,0.403532,0.08188,0.051982,0.194665,0.000025,0.061016,0.115622
ACACCCGAGAAATCCG-1,0.040743,0.043435,0.246958,0.003282,0.295389,0.075329,0.114828,0.004437,0.004973,0.170318,0.000308
ACACCGGTCTGACCGC-1,0.85,0.00987,0.000056,0.000056,0.000056,0.000056,0.000056,0.000056,0.000056,0.000056,0.139685
ACACCTTAAGTAGGGC-1,0.039503,0.06405,0.065312,0.218463,0.511947,0.026209,0.000043,0.000043,0.000043,0.000043,0.074345
ACACCTTACTACTTGC-1,0.000049,0.620495,0.255571,0.094469,0.000049,0.000049,0.000049,0.000049,0.029075,0.000049,0.000098
ACACGAGACTCCTTCT-1,0.02496,0.275056,0.35569,0.000017,0.145336,0.009751,0.162233,0.000017,0.000315,0.001235,0.025389
ACACGGCACTATGCAT-1,0.000019,0.000019,0.014057,0.000019,0.011279,0.224539,0.046883,0.152892,0.550236,0.000019,0.000038
ACACGGGAACTTAGGG-1,0.097453,0.000258,0.006263,0.000266,0.333184,0.091058,0.082979,0.078407,0.018609,0.000019,0.291504
ACACGTAGGCCACAAG-1,0.053036,0.095043,0.160494,0.445202,0.000027,0.000027,0.044204,0.000027,0.064978,0.029346,0.107616
ACACTCCAATGTCACT-1,0.000026,0.026848,0.425172,0.068305,0.014605,0.272612,0.000026,0.133815,0.00416,0.001074,0.053358
ACACTGATCAAGGTGT-1,0.439046,0.475462,0.065865,0.019211,0.000052,0.000052,0.000052,0.000052,0.000052,0.000052,0.000104
ACACTGGGACAGTCGT-1,0.00746,0.770435,0.000064,0.00721,0.000064,0.000064,0.000064,0.000064,0.000064,0.122643,0.091868
ACAGAACTGAGAACAA-1,0.533544,0.38923,0.01389,0.032826,0.000052,0.000052,0.000052,0.000052,0.000052,0.000052,0.030199
ACAGATTAGGTTAGTG-1,0.000035,0.0343,0.0673,0.109479,0.367662,0.057788,0.000035,0.000035,0.353092,0.000035,0.01024
ACAGCATAGAGCCAGT-1,0.044222,0.017133,0.049192,0.119005,0.430239,0.044801,0.005769,0.000036,0.136425,0.039356,0.113822
ACAGCGACATTCTCAT-1,0.00002,0.00002,0.000245,0.00002,0.04823,0.249114,0.008319,0.094411,0.348293,0.059625,0.191703
ACAGCGCACCCGCAGC-1,0.000029,0.051943,0.000667,0.000029,0.205772,0.023383,0.036766,0.003759,0.549506,0.025482,0.102663
ACAGGCACGGATCCTT-1,0.000013,0.011328,0.051516,0.012205,0.009059,0.036382,0.000013,0.22574,0.261295,0.146257,0.246189
ACAGGCTTGCCCGACT-1,0.000007,0.000774,0.017188,0.0028,0.016642,0.465926,0.032251,0.022962,0.067703,0.33632,0.037428
ACAGGTGGAGGTGAGG-1,0.577416,0.000024,0.000024,0.000024,0.04727,0.078545,0.095158,0.192248,0.005278,0.000109,0.003905
ACAGTAATACAACTTG-1,0.225908,0.008441,0.000042,0.000042,0.000042,0.000042,0.101366,0.000042,0.002441,0.289725,0.371909
ACATAATAAGGCGGTG-1,0.014925,0.178109,0.000826,0.000116,0.327335,0.045529,0.000036,0.000036,0.000036,0.000036,0.433016
ACATACAATCAAGCGG-1,0.001295,0.018765,0.086867,0.011445,0.066192,0.035018,0.004126,0.115072,0.253566,0.200177,0.207477
ACATCAGCTGGGACGC-1,0.06187,0.007936,0.197731,0.080598,0.174333,0.228701,0.078811,0.086501,0.022756,0.000547,0.060217
ACATCCCGGCCATACG-1,0.086208,0.115337,0.222127,0.391643,0.000034,0.000034,0.014024,0.000034,0.000034,0.000034,0.170489
ACATCCTGGTAACTGT-1,0.039508,0.010296,0.0201,0.096252,0.312412,0.112325,0.00002,0.011232,0.358856,0.00002,0.03898
ACATCGATCGTTTACC-1,0.000904,0.000032,0.000032,0.000032,0.000032,0.000032,0.27646,0.000032,0.033447,0.44078,0.248218
ACATCGGTCAGCCGCG-1,0.15712,0.305355,0.000037,0.366538,0.142215,0.000037,0.000037,0.000037,0.000037,0.000037,0.028552
ACATCGTATGCAATGG-1,0.097295,0.081398,0.01006,0.008212,0.068861,0.188802,0.00807,0.000425,0.05017,0.000021,0.486687
ACATCGTTAACCTAGT-1,0.000019,0.001366,0.006724,0.000019,0.026583,0.259986,0.00433,0.148137,0.55278,0.000019,0.000038
ACATCTCAACGCGTAA-1,0.000441,0.013557,0.148969,0.322754,0.019853,0.061484,0.018602,0.001467,0.318662,0.031195,0.063017
ACATGCTTACGGCAGC-1,0.831494,0.000031,0.030846,0.000031,0.000031,0.000031,0.012846,0.000031,0.000031,0.124565,0.000062
ACATGGCGCCAAAGTA-1,0.000014,0.000014,0.000164,0.000014,0.006606,0.020225,0.02378,0.196781,0.692432,0.024861,0.035107
ACATGGCTCAATTTAG-1,0.000011,0.000011,0.042077,0.014164,0.043178,0.489796,0.047716,0.046623,0.316389,0.000011,0.000023
ACATTAGTTTATATCC-1,0.021513,0.008922,0.061193,0.030909,0.09052,0.107594,0.049394,0.396024,0.080345,0.000017,0.153569
ACATTCGCGCGGAATA-1,0.840475,0.007474,0.000567,0.005166,0.086774,0.018675,0.000027,0.024034,0.001538,0.006534,0.008736
ACATTTGAAACCTAAC-1,0.000008,0.001584,0.001543,0.000008,0.032078,0.033098,0.02751,0.145956,0.496123,0.244908,0.017183
ACCAAACTAGAAATCC-1,0.00433,0.309718,0.194107,0.279603,0.007275,0.000764,0.033329,0.000038,0.087051,0.001192,0.082593
ACCAACCGCACTCCAC-1,0.000011,0.004246,0.142641,0.000011,0.001203,0.034332,0.000011,0.436481,0.143478,0.012977,0.22461
ACCAACGCTTATTTAT-1,0.378899,0.067213,0.339125,0.185372,0.000037,0.000037,0.029131,0.000037,0.000037,0.000037,0.000074
ACCAAGAACGCGTGTC-1,0.049065,0.182657,0.10646,0.035874,0.404894,0.021429,0.000036,0.000036,0.000036,0.000036,0.199474
ACCAAGTCATCGGCAG-1,0.000021,0.02144,0.161532,0.021637,0.002091,0.000021,0.006649,0.000266,0.40927,0.015782,0.361291
ACCAATATGCAAGTTA-1,0.111709,0.008806,0.058849,0.042365,0.123975,0.143299,0.101998,0.013205,0.047609,0.082473,0.26571
ACCACAACTCAGAACA-1,0.000033,0.023,0.001091,0.402344,0.049201,0.000921,0.034437,0.000033,0.234712,0.069752,0.184478
ACCACAAGTTTCTATC-1,0.005772,0.003004,0.165539,0.045096,0.217639,0.132898,0.235014,0.133888,0.005628,0.052702,0.002821
ACCACACGGTTGATGG-1,0.036696,0.00001,0.00001,0.00001,0.025175,0.047571,0.000236,0.36592,0.008544,0.35057,0.165259
ACCACCAATGTAACAA-1,0.013859,0.066162,0.000027,0.006382,0.064306,0.031916,0.08101,0.000027,0.369299,0.048435,0.318576
ACCACGTGCAGCTATA-1,0.044296,0.043814,0.01972,0.010374,0.251728,0.163679,0.076162,0.018615,0.018642,0.01545,0.337519
ACCAGCCCGGTCTTTG-1,0.000055,0.333399,0.061717,0.15027,0.115493,0.000055,0.000055,0.000055,0.145148,0.000055,0.193698
ACCAGGAGTGTGATCT-1,0.000038,0.059688,0.000038,0.031121,0.097206,0.056952,0.00211,0.000038,0.505477,0.000038,0.247294
ACCAGTGCGGGAGACG-1,0.000013,0.000574,0.001953,0.000013,0.043266,0.335602,0.030587,0.183926,0.224068,0.000013,0.179986
ACCATATCCGCAATAA-1,0.112009,0.028136,0.000037,0.000037,0.115988,0.000037,0.009301,0.003359,0.000309,0.000037,0.73075
ACCATCCGCCAACTAG-1,0.092441,0.007987,0.151779,0.054463,0.180677,0.132541,0.149781,0.067637,0.094887,0.000013,0.067794
ACCATCGTATATGGTA-1,0.185221,0.012836,0.013125,0.069885,0.129142,0.195295,0.078501,0.137017,0.090977,0.000025,0.087977
ACCCAACGCCCGTGGC-1,0.000011,0.001344,0.001734,0.000011,0.08045,0.496328,0.053916,0.072187,0.102745,0.075817,0.115456
ACCCACCTACATGCTC-1,0.000025,0.010566,0.067102,0.015992,0.420687,0.066697,0.095693,0.300526,0.022659,0.000018,0.000036
ACCCATCTTGAGGGTA-1,0.237205,0.047954,0.000022,0.041658,0.13443,0.073409,0.090264,0.051979,0.197067,0.000022,0.125992
ACCCATTTGTCCCTCT-1,0.018427,0.000524,0.094464,0.053941,0.041478,0.062444,0.068306,0.034856,0.311441,0.306071,0.008049
ACCCGAGCGAAATTAC-1,0.606511,0.050277,0.000068,0.000068,0.048795,0.023062,0.000068,0.025827,0.000522,0.000068,0.244734
ACCCGATTGGTTCCGA-1,0.646776,0.035562,0.000063,0.000063,0.122284,0.000063,0.000063,0.000063,0.000063,0.000063,0.194939
ACCCGGAAACTCCCAG-1,0.012097,0.028025,0.033315,0.0139,0.044786,0.013108,0.256902,0.059449,0.078382,0.02143,0.438604
ACCCGGATGACGCATC-1,0.000031,0.061017,0.027245,0.064296,0.288673,0.169862,0.010297,0.000031,0.158183,0.005288,0.215076
ACCCGGTTACACTTCC-1,0.198978,0.009052,0.027951,0.002708,0.021946,0.029051,0.321994,0.06383,0.120065,0.090802,0.113623
ACCCGTGTCATCAGTA-1,0.163479,0.040139,0.05838,0.097714,0.05389,0.045127,0.166391,0.128178,0.028119,0.000033,0.218551
ACCCTATAGGACTGAG-1,0.000031,0.03124,0.062829,0.107409,0.398238,0.182202,0.000031,0.056393,0.134368,0.000031,0.027229
ACCCTATGCCATATCG-1,0.254401,0.000024,0.010436,0.000024,0.02516,0.036469,0.337503,0.314921,0.020992,0.000024,0.000047
ACCCTCCCGTCAGGGC-1,0.000023,0.002193,0.109994,0.112478,0.005695,0.000023,0.001248,0.001853,0.189282,0.411459,0.165753
ACCCTCCCTTGCTATT-1,0.000011,0.000011,0.015784,0.000011,0.050788,0.449392,0.004834,0.230151,0.064491,0.001732,0.182795
ACCCTTCATCTGCGAA-1,0.010677,0.062836,0.00569,0.003731,0.466727,0.119525,0.000065,0.026765,0.103956,0.019092,0.180936
ACCCTTTAGTTCTCCA-1,0.000104,0.285564,0.000117,0.13308,0.066344,0.000104,0.000104,0.000104,0.036941,0.021182,0.456358
ACCGAAAGGGCCCTGC-1,0.020774,0.003747,0.118784,0.01239,0.174118,0.316731,0.007794,0.097325,0.211932,0.001702,0.034704
ACCGAAGAGTCTGGTT-1,0.161334,0.010978,0.038808,0.061035,0.035444,0.050099,0.171913,0.38901,0.070291,0.000013,0.011077
ACCGACACATCTCCCA-1,0.136319,0.013476,0.352861,0.00728,0.000025,0.000964,0.000019,0.031404,0.011777,0.029293,0.41658
ACCGACTGAGTCCCAC-1,0.000072,0.004259,0.000023,0.000023,0.011093,0.012974,0.503701,0.017716,0.009525,0.148236,0.292379
ACCGAGTCTCCTTATT-1,0.03001,0.014893,0.38184,0.000017,0.000017,0.000017,0.000017,0.030525,0.007328,0.226798,0.308536
ACCGATGGTAGCATCG-1,0.000013,0.000013,0.00002,0.000013,0.121895,0.319905,0.052355,0.094197,0.267883,0.01304,0.130666
ACCGCAATAACTGCCT-1,0.043302,0.000064,0.00001,0.000137,0.154253,0.161507,0.104791,0.025835,0.074612,0.251957,0.183532
ACCGCGGTGGAAGTCG-1,0.000013,0.000508,0.006191,0.064465,0.084808,0.101845,0.054013,0.023776,0.647959,0.000013,0.01641
ACCGCTAGTCATTGGT-1,0.973933,0.004036,0.00004,0.00004,0.021672,0.00004,0.00004,0.00004,0.00004,0.00004,0.00008
ACCGGGCCTTTGTTGA-1,0.000036,0.09092,0.171858,0.367163,0.059396,0.027789,0.010052,0.000036,0.15131,0.000036,0.121405
ACCGGTCAGGTACACC-1,0.658056,0.113002,0.219101,0.009496,0.000043,0.000043,0.000043,0.000043,0.000043,0.000043,0.000086
ACCGTGACCACGTGGG-1,0.827532,0.020351,0.000023,0.000023,0.000023,0.000023,0.060507,0.000023,0.000023,0.027887,0.063586
ACCGTTCCCGCTCTGA-1,0.000027,0.000027,0.000027,0.005747,0.068517,0.058246,0.071689,0.081981,0.604914,0.072958,0.035868
ACCTAAGTACCTTTCA-1,0.516171,0.136274,0.000073,0.000073,0.000073,0.000073,0.000073,0.000073,0.000073,0.000073,0.346974
ACCTAATCGACTTCCT-1,0.030804,0.047501,0.024756,0.085995,0.513831,0.040972,0.000952,0.125808,0.055206,0.000027,0.074148
ACCTACAGTATGTGGT-1,0.030465,0.437059,0.000051,0.472982,0.000051,0.052476,0.000051,0.000051,0.000051,0.000051,0.006712
ACCTACTATAAATCTA-1,0.066196,0.012087,0.000025,0.000025,0.000025,0.000025,0.020245,0.268939,0.015244,0.010902,0.606288
ACCTCCGCCCTCGCTG-1,0.096593,0.012636,0.029291,0.111556,0.067569,0.001794,0.034944,0.000042,0.182404,0.10167,0.3615
ACCTCCGTTATTCACC-1,0.045042,0.770982,0.000068,0.18336,0.000068,0.000068,0.000068,0.000068,0.000068,0.000068,0.000137
ACCTCGAACTTATGCT-1,0.86301,0.000036,0.000036,0.000036,0.000036,0.000036,0.000036,0.000036,0.000036,0.136629,0.000072
ACCTGCGTGTCATGTT-1,0.303439,0.194326,0.047592,0.000047,0.000047,0.000047,0.000047,0.000047,0.030522,0.064928,0.358957
ACGAAATGGGCGGCAC-1,0.145259,0.018356,0.001863,0.141569,0.315749,0.025088,0.083625,0.096878,0.018069,0.00003,0.153515
