Barcode,Topic 1,Topic 2,Topic 3,Topic 4,Topic 5,Topic 6,Topic 7,Topic 8,Topic 9,Topic 10,Topic 11
AAACAACGAATAGTTC-1,0.061547,0.046193,0.057086,0.023442,0.215929,0.150596,0.063773,0.038258,0.013911,0.121022,0.208243
AAACAAGTATCTCCCA-1,0.000058,0.22335,0.000058,0.000058,0.000058,0.035181,0.076053,0.0123,0.000058,0.019403,0.633424
AAACAATCTACTAGCA-1,0.001633,0.000009,0.081062,0.000459,0.021028,0.656186,0.057947,0.007706,0.160372,0.011004,0.002593
AAACACCAATAACTGC-1,0.297205,0.001917,0.264721,0.069299,0.107546,0.017821,0.055237,0.019021,0.153552,0.013671,0.000011
AAACAGAGCGACTCCT-1,0.076769,0.143266,0.018892,0.002096,0.005279,0.193621,0.222186,0.019132,0.31559,0.003136,0.000034
AAACAGCTTTCAGAAG-1,0.796711,0.034796,0.000028,0.000028,0.000028,0.000028,0.091083,0.001135,0.000028,0.000028,0.076109
AAACAGGGTCTATATT-1,0.546109,0.251916,0.000018,0.000018,0.000018,0.000018,0.201827,0.000018,0.000018,0.000018,0.000018
AAACAGTGTTCCTGGG-1,0.055325,0.03976,0.030301,0.105703,0.507769,0.00485,0.000008,0.003474,0.00465,0.124334,0.123827
AAACATGGTGAGAGGA-1,0.32554,0.383486,0.28342,0.000036,0.000036,0.000036,0.000036,0.000036,0.000036,0.0073,0.000036
AAACATTTCCCGGATT-1,0.000038,0.191327,0.044473,0.000038,0.029747,0.080828,0.062283,0.000038,0.001592,0.020804,0.568832
AAACCACTACACAGAT-1,0.000021,0.206332,0.060038,0.006534,0.408593,0.107368,0.132797,0.039972,0.00003,0.000022,0.038293
AAACCCGAACGAAATC-1,0.243706,0.106628,0.00005,0.00005,0.00005,0.00005,0.081514,0.00005,0.00005,0.00005,0.567799
AAACCGGAAATGTTAA-1,0.000021,0.332985,0.17707,0.012594,0.177477,0.020205,0.264058,0.004754,0.000021,0.000021,0.010792
AAACCGGGTAGGTACC-1,0.158361,0.001738,0.027346,0.000011,0.022006,0.115664,0.090807,0.029041,0.172573,0.250877,0.131576
AAACCGTTCGTCCAGG-1,0.016486,0.001913,0.010271,0.072385,0.046305,0.045874,0.032616,0.037064,0.301038,0.278032,0.158014
AAACCTAAGCAGCCGG-1,0.000014,0.246768,0.013199,0.031254,0.0667,0.061498,0.169449,0.096898,0.005025,0.062238,0.246956
AAACCTCATGAAGTTG-1,0.1206,0.001657,0.176788,0.002767,0.016125,0.169387,0.075209,0.006294,0.40092,0.02889,0.001362
AAACGAAGAACATACC-1,0.049588,0.490531,0.000031,0.000031,0.000031,0.000031,0.307748,0.011626,0.003683,0.006157,0.130543
AAACGAAGATGGAGTA-1,0.890849,0.005033,0.000034,0.000034,0.000034,0.000034,0.000034,0.000034,0.000034,0.000034,0.103848
AAACGACAGTCTTGCC-1,0.000011,0.012096,0.143243,0.207309,0.361647,0.199994,0.028596,0.0151,0.029338,0.002655,0.000011
AAACGAGACGGTTGAT-1,0.000019,0.000075,0.000019,0.000019,0.012239,0.271043,0.106007,0.144811,0.103579,0.041631,0.320558
AAACGCCCGAGATCGG-1,0.000088,0.527158,0.000088,0.000088,0.000088,0.000088,0.221694,0.000088,0.000088,0.000088,0.250443
AAACGCTGGGCACGAC-1,0.000012,0.087209,0.009523,0.010508,0.603691,0.075894,0.002605,0.005018,0.00071,0.047591,0.157239
AAACGGGCGTACGGGT-1,0.000018,0.050546,0.022754,0.000018,0.185798,0.201314,0.232516,0.011711,0.003587,0.009702,0.282038
AAACGGGTTGGTATCC-1,0.000028,0.074535,0.000028,0.000028,0.104144,0.246031,0.027216,0.048649,0.01364,0.084083,0.401619
AAACGGTTGCGAACTG-1,0.011801,0.206247,0.130783,0.163526,0.136396,0.006697,0.126043,0.104489,0.010119,0.061794,0.042106
AAACGTGTTCGCCCTA-1,0.00001,0.001483,0.096695,0.001113,0.187707,0.575776,0.079332,0.002179,0.055065,0.00063,0.00001
AAACTAACGTGGCGAC-1,0.000059,0.076511,0.00413,0.000059,0.056649,0.177461,0.085389,0.000059,0.000059,0.000059,0.599566
AAACTCGGTTCGCAAT-1,0.00002,0.028549,0.00002,0.039918,0.122571,0.040242,0.029812,0.134558,0.012473,0.173068,0.418769
AAACTCGTGATATAAG-1,0.009292,0.48288,0.000034,0.000034,0.000034,0.000034,0.50615,0.000034,0.000034,0.000034,0.001443
AAACTGCTGGCTCCAA-1,0.022,0.02645,0.001779,0.015343,0.006489,0.082046,0.109803,0.241152,0.300446,0.123879,0.070613
AAACTTAATTGCACGC-1,0.943313,0.000032,0.000032,0.000032,0.000032,0.000032,0.000032,0.000032,0.000032,0.000032,0.056398
AAACTTGCAAACGTAT-1,0.345113,0.000014,0.02142,0.000014,0.012847,0.314112,0.018025,0.001466,0.129252,0.139329,0.018408
AAAGAATGACCTTAGA-1,0.744373,0.000034,0.000034,0.000034,0.052804,0.000034,0.000034,0.000034,0.000034,0.000034,0.202551
AAAGAATGTGGACTAA-1,0.000043,0.766473,0.000043,0.000043,0.000043,0.000043,0.000043,0.000043,0.000043,0.000043,0.233144
AAAGACCCAAGTCGCG-1,0.000014,0.002002,0.000014,0.0537,0.085357,0.245912,0.079708,0.165181,0.347695,0.001392,0.019026
AAAGACTGGGCGCTTT-1,0.16052,0.001254,0.001442,0.000013,0.028738,0.043592,0.277894,0.070682,0.306514,0.042524,0.066827
AAAGCTTGCCTACATA-1,0.000012,0.005525,0.081234,0.000012,0.091355,0.661049,0.041298,0.004394,0.034607,0.021736,0.058778
AAAGGCCCTATAATAC-1,0.136489,0.000005,0.630164,0.132265,0.020275,0.008933,0.000005,0.000005,0.070019,0.001835,0.000005
AAAGGCTACGGACCAT-1,0.000018,0.047345,0.000018,0.051029,0.130932,0.013234,0.017098,0.140118,0.075243,0.275774,0.249191
AAAGGCTCTCGCGCCG-1,0.000014,0.000014,0.000014,0.024102,0.049365,0.038831,0.001515,0.124157,0.300527,0.350626,0.110834
AAAGGGATGTAGCAAG-1,0.000015,0.000625,0.000015,0.002325,0.022334,0.116914,0.172755,0.294253,0.318754,0.000325,0.071684
AAAGGGCAGCTTGAAT-1,0.012314,0.012955,0.020471,0.000058,0.009475,0.086047,0.188196,0.046092,0.267957,0.22127,0.135164
AAAGGTAAGCTGTACC-1,0.000068,0.342969,0.000068,0.000068,0.000068,0.000068,0.038693,0.000068,0.000068,0.000068,0.617792
AAAGGTCAACGACATG-1,0.000016,0.010274,0.104348,0.000676,0.359431,0.511137,0.005142,0.000579,0.005841,0.000016,0.002541
AAAGTAGCATTGCTCA-1,0.123605,0.100989,0.000026,0.000026,0.000026,0.000026,0.1438,0.004789,0.000026,0.018609,0.608077
AAAGTCACTGATGTAA-1,0.000021,0.091439,0.084018,0.031536,0.023857,0.086332,0.420698,0.151041,0.024424,0.026163,0.060471
AAAGTCGACCCTCAGT-1,0.488632,0.019847,0.000024,0.000024,0.000024,0.000024,0.187354,0.012,0.000024,0.000024,0.292024
AAAGTGCCATCAATTA-1,0.000013,0.054162,0.314139,0.001858,0.090572,0.348097,0.006053,0.006429,0.003054,0.049814,0.12581
AAAGTGTGATTTATCT-1,0.00001,0.00001,0.005544,0.000123,0.007394,0.641266,0.164303,0.005916,0.175415,0.00001,0.00001
AAAGTTGACTCCCGTA-1,0.000016,0.000016,0.041715,0.000016,0.015238,0.444921,0.299602,0.033645,0.047469,0.00539,0.111971
AAATAAGGTAGTGCCC-1,0.003907,0.991813,0.000022,0.000022,0.000022,0.000022,0.000022,0.000022,0.004104,0.000022,0.000022
AAATACCTATAAGCAT-1,0.030014,0.046623,0.000182,0.047985,0.016414,0.096099,0.226605,0.113921,0.23388,0.096435,0.091841
AAATAGCTTAGACTTT-1,0.000062,0.343439,0.000062,0.000062,0.000062,0.000062,0.002936,0.000062,0.000062,0.000062,0.65313
AAATAGGGTGCTATTG-1,0.000016,0.000016,0.020199,0.037818,0.012564,0.354375,0.035659,0.065807,0.187628,0.195066,0.09085
AAATCACTCCTAAACG-1,0.033237,0.007945,0.000012,0.157143,0.359557,0.203732,0.035764,0.089235,0.056867,0.003399,0.053109
AAATCCGATACACGCC-1,0.000011,0.04127,0.179165,0.005965,0.096411,0.120682,0.281848,0.080393,0.04685,0.044451,0.102955
AAATCGCGGAAGGAGT-1,0.961853,0.000032,0.000032,0.000032,0.000032,0.000032,0.000032,0.000032,0.000032,0.000032,0.037859
AAATCGTGTACCACAA-1,0.008273,0.000012,0.017492,0.010916,0.028854,0.032724,0.006919,0.090089,0.341645,0.354924,0.108151
AAATCTAGCCCTGCTA-1,0.000053,0.37558,0.009641,0.000053,0.000053,0.031501,0.074141,0.02322,0.03714,0.181766,0.266851
AAATCTGCCCGCGTCC-1,0.797977,0.000237,0.000237,0.000237,0.032774,0.000237,0.000237,0.000237,0.000237,0.000237,0.16735
AAATGACTGATCAAAC-1,0.03254,0.110676,0.112061,0.049733,0.000024,0.000024,0.000024,0.000024,0.000024,0.396614,0.298258
AAATGATTCGATCAGC-1,0.02787,0.605373,0.000069,0.000069,0.000069,0.000069,0.024173,0.000069,0.000069,0.014982,0.327188
AAATGCTCGTTACGTT-1,0.033857,0.014633,0.00002,0.009266,0.001456,0.00002,0.075935,0.183084,0.218853,0.036343,0.426536
AAATGGCATGTCTTGT-1,0.00002,0.00002,0.079883,0.00002,0.00002,0.599246,0.137009,0.010273,0.095432,0.03791,0.040165
AAATGGCCCGTGCCCT-1,0.41751,0.359446,0.000029,0.000029,0.000029,0.000029,0.222809,0.00003,0.000029,0.000029,0.000029
AAATGGTCAATGTGCC-1,0.02597,0.000649,0.052442,0.033861,0.037436,0.032558,0.037468,0.132743,0.527907,0.101163,0.017803
AAATGTATCTTATCCC-1,0.117097,0.030585,0.014574,0.009088,0.513723,0.002453,0.000014,0.002101,0.000014,0.033939,0.276412
AAATTAACGGGTAGCT-1,0.000153,0.002447,0.00001,0.018967,0.005773,0.011846,0.071962,0.453234,0.200211,0.158486,0.076911
AAATTAATAAGCGCGA-1,0.175401,0.039371,0.000015,0.00594,0.158255,0.015297,0.123094,0.02459,0.020715,0.036762,0.400561
AAATTACCTATCGATG-1,0.000047,0.396322,0.000047,0.000047,0.000047,0.000047,0.113978,0.000047,0.000047,0.000047,0.489323
AAATTCCAGGTCCAAA-1,0.030828,0.443138,0.000076,0.000076,0.000076,0.000076,0.000076,0.000076,0.000076,0.01438,0.51112
AAATTGATAGTCCTTT-1,0.270956,0.036719,0.133573,0.000034,0.000034,0.000034,0.000034,0.000034,0.000034,0.06141,0.497141
AAATTGCGGCGGTTCT-1,0.006781,0.078871,0.004173,0.099607,0.145463,0.185062,0.07099,0.217275,0.055387,0.074906,0.061485
AAATTGGTGAGAAGCA-1,0.000009,0.000009,0.281271,0.001413,0.017129,0.599942,0.024977,0.000871,0.072875,0.001494,0.000009
AAATTTGCGGGTGTGG-1,0.054705,0.007612,0.113331,0.012211,0.020029,0.055,0.039446,0.028076,0.205957,0.358471,0.105161
AACAACTGGTAGTTGC-1,0.00001,0.00001,0.119602,0.083167,0.004074,0.031773,0.006365,0.027464,0.603422,0.105555,0.018556
AACAATACATTGTCGA-1,0.019395,0.088626,0.000326,0.010929,0.076493,0.012507,0.016229,0.02948,0.020409,0.164767,0.560839
AACAATTACTCTACGC-1,0.059453,0.022685,0.045561,0.027586,0.051481,0.133706,0.054248,0.033472,0.285735,0.270519,0.015553
AACACACGCTCGCCGC-1,0.000011,0.000011,0.001287,0.000011,0.006566,0.711317,0.146433,0.006459,0.12753,0.000126,0.00025
AACACGACTGTACTGA-1,0.00006,0.244837,0.00006,0.00006,0.00006,0.00006,0.278782,0.00006,0.00006,0.00006,0.475899
AACACGAGACGCGGCC-1,0.262017,0.016593,0.000034,0.000034,0.000034,0.000034,0.010161,0.006425,0.000034,0.020534,0.684098
AACACGCGGCCGCGAA-1,0.019369,0.000014,0.000014,0.005867,0.125534,0.277688,0.022628,0.111206,0.277533,0.074789,0.085358
AACAGCTGTGTGGCAA-1,0.033582,0.17487,0.038527,0.000341,0.006095,0.0015,0.00003,0.00003,0.00003,0.371721,0.373275
AACAGGAAATCGAATA-1,0.071228,0.085959,0.034316,0.000018,0.015558,0.232924,0.54047,0.007653,0.011837,0.000018,0.000018
AACAGGATGGGCCGCG-1,0.000536,0.000006,0.156662,0.003183,0.018415,0.114968,0.009312,0.004893,0.652453,0.038273,0.001299
AACAGGTAGTATGGAT-1,0.000098,0.208537,0.000098,0.000098,0.000098,0.000098,0.000098,0.000098,0.000098,0.004947,0.785733
AACATAGCGTGTATCG-1,0.000028,0.224577,0.27556,0.026241,0.045288,0.056697,0.113201,0.084958,0.000032,0.007957,0.165462
AACATATCAACTGGTG-1,0.115931,0.164703,0.000061,0.000061,0.000061,0.000061,0.099809,0.000524,0.000061,0.015049,0.60368
AACATCGATACGTCTA-1,0.011738,0.44454,0.019558,0.000032,0.000032,0.018188,0.450111,0.000032,0.015319,0.037151,0.0033
AACATTGAAGTTGATC-1,0.40933,0.262899,0.12686,0.033389,0.091709,0.000021,0.00954,0.001988,0.000021,0.006515,0.057729
AACATTGGTCAGCCGT-1,0.000035,0.144096,0.000035,0.000035,0.009303,0.033511,0.125831,0.31511,0.019205,0.004982,0.347857
AACATTGTGACTCGAG-1,0.000017,0.033927,0.005375,0.054791,0.029779,0.000017,0.000017,0.009797,0.000795,0.523863,0.341622
AACCAAGACTTCTCTG-1,0.040255,0.000007,0.056884,0.001092,0.063946,0.169365,0.006555,0.004699,0.539867,0.113358,0.003971
AACCATAGGGTTGAAC-1,0.935223,0.038979,0.025588,0.000026,0.000026,0.000026,0.000026,0.000026,0.000026,0.000026,0.000026
AACCATGGGATCGCTA-1,0.059098,0.000012,0.000482,0.004984,0.050262,0.059728,0.212601,0.177394,0.213108,0.02194,0.200391
AACCCAGAGACGGAGA-1,0.017604,0.002936,0.000013,0.002501,0.00117,0.023211,0.080798,0.351662,0.112156,0.0288,0.379149
AACCCATCCCATGATC-1,0.764411,0.090981,0.017341,0.005973,0.000047,0.000033,0.117024,0.001912,0.000033,0.000033,0.002212
AACCCGACAACCCGTG-1,0.014319,0.047291,0.370304,0.186298,0.054381,0.017633,0.005123,0.015556,0.071286,0.204659,0.01315
AACCCGAGCAGAATCG-1,0.00009,0.406061,0.00009,0.00009,0.00009,0.00009,0.00009,0.00009,0.00009,0.028226,0.564993
AACCCGATAGGGCTTC-1,0.000024,0.315136,0.001337,0.050966,0.266535,0.059535,0.091305,0.062889,0.000538,0.010997,0.140737
AACCCGCTGTATTCCA-1,0.010842,0.025841,0.199563,0.668272,0.001087,0.015166,0.012351,0.011261,0.030499,0.022895,0.002224
AACCCTACTGTCAATA-1,0.00001,0.000832,0.031693,0.00001,0.012063,0.645744,0.160332,0.008234,0.096319,0.009057,0.035705
AACCCTGGTGGAACCA-1,0.092683,0.231054,0.031152,0.000064,0.004343,0.100339,0.137285,0.003368,0.022023,0.018388,0.359302
AACCGAGCTTGGTCAT-1,0.004337,0.302398,0.00784,0.033636,0.001091,0.019485,0.573275,0.026962,0.004914,0.00002,0.026042
AACCGCTAAGGGATGC-1,0.000023,0.000023,0.000023,0.000023,0.014841,0.220032,0.384295,0.037828,0.01895,0.011294,0.312666
AACCGTTGTGTTTGCT-1,0.061285,0.000024,0.000024,0.000024,0.000024,0.270723,0.415773,0.00838,0.196647,0.011998,0.035097
AACCTCGCTTTAGCCC-1,0.000015,0.056664,0.006008,0.023721,0.030669,0.270553,0.026476,0.113586,0.0709,0.291289,0.11012
AACCTGTCACGGAATT-1,0.100546,0.353494,0.00003,0.00003,0.00003,0.00003,0.503109,0.00003,0.00003,0.00003,0.042643
AACCTTTAAATACGGT-1,0.000011,0.000011,0.000489,0.183812,0.031873,0.186662,0.005932,0.09051,0.264597,0.193752,0.04235
AACCTTTACGACGTCT-1,0.004078,0.734652,0.074127,0.00005,0.00005,0.044046,0.00005,0.00005,0.142796,0.00005,0.00005
AACGAAAGTCGTCCCA-1,0.644502,0.002355,0.00368,0.014932,0.202144,0.004161,0.068944,0.011747,0.047485,0.000025,0.000025
AACGACCTCCTAGCCG-1,0.000011,0.090723,0.184499,0.077186,0.366141,0.15246,0.042031,0.030408,0.003826,0.005629,0.047087
AACGATAATGCCGTAG-1,0.000014,0.000014,0.000714,0.096523,0.010719,0.247935,0.004336,0.121824,0.23495,0.196538,0.086432
AACGATAGAAGGGCCG-1,0.000012,0.000184,0.002924,0.015105,0.009313,0.212296,0.223876,0.127248,0.384083,0.010074,0.014883
AACGATATGTCAACTG-1,0.000041,0.038198,0.000041,0.000041,0.016135,0.065232,0.380886,0.041885,0.001978,0.000041,0.455525
AACGCATGATCTGGGT-1,0.000094,0.525017,0.211222,0.000094,0.000094,0.017375,0.063993,0.000178,0.142707,0.039135,0.000094
AACGCGAACGGCAACA-1,0.000009,0.00077,0.000009,0.042727,0.106524,0.062245,0.081154,0.224906,0.261627,0.019255,0.200773
AACGCGACCTTGGGCG-1,0.015918,0.115738,0.167331,0.232168,0.033797,0.002618,0.01535,0.024807,0.004309,0.307807,0.080157
AACGCGGTCTCCAGCC-1,0.042358,0.008205,0.003765,0.013541,0.008238,0.180185,0.365219,0.074065,0.277952,0.017028,0.009445
AACGCTGTTGCTGAAA-1,0.000022,0.011697,0.079541,0.000022,0.001416,0.283082,0.457672,0.01508,0.02044,0.023744,0.107283
AACGGACGTACGTATA-1,0.000021,0.001426,0.000021,0.000021,0.0366,0.19698,0.352484,0.112121,0.048168,0.002557,0.2496
AACGGCCATCTCCGGT-1,0.032088,0.021176,0.002169,0.012981,0.027283,0.027246,0.198317,0.149487,0.216995,0.116818,0.195439
AACGTACTGTGGGTAC-1,0.002371,0.000014,0.010583,0.002405,0.044385,0.051845,0.020828,0.083012,0.310025,0.176754,0.297778
AACGTAGTCTACCCAT-1,0.035646,0.045938,0.024018,0.000025,0.005219,0.336556,0.446119,0.004645,0.007454,0.040721,0.053659
AACGTCAGACTAGTGG-1,0.021525,0.047017,0.000018,0.006521,0.010697,0.000357,0.484997,0.147167,0.071412,0.015411,0.194878
AACGTCATCCGGCTTG-1,0.025606,0.037071,0.18765,0.093308,0.052595,0.028855,0.110317,0.141424,0.087619,0.160965,0.074591
AACGTCGCTGCACTTC-1,0.000017,0.14085,0.464441,0.004786,0.07375,0.027092,0.288995,0.000017,0.000017,0.000017,0.000017
AACGTGCGAAAGTCTC-1,0.000009,0.000009,0.005715,0.10577,0.025277,0.257322,0.04132,0.137086,0.370234,0.037281,0.019977
AACGTTATCAGCACCT-1,0.044565,0.010177,0.01192,0.008155,0.081687,0.069713,0.156298,0.061783,0.181399,0.074455,0.299849
AACGTTCTACCATTGT-1,0.000014,0.08323,0.008786,0.061769,0.222671,0.186685,0.054781,0.024449,0.01933,0.131014,0.207271
AACTACCCGTTTGTCA-1,0.000116,0.300591,0.000116,0.000116,0.000116,0.000116,0.000116,0.000116,0.017688,0.238696,0.442213
AACTAGCGTATCGCAC-1,0.010229,0.390767,0.056514,0.000031,0.000031,0.18751,0.161393,0.002189,0.088805,0.088246,0.014286
AACTAGGCTTGGGTGT-1,0.000015,0.007084,0.002759,0.162581,0.007444,0.140367,0.01046,0.083915,0.338884,0.219942,0.026547
AACTCAAGTTAATTGC-1,0.0292,0.000855,0.000017,0.000018,0.003856,0.008239,0.036228,0.05339,0.069315,0.225058,0.573825
AACTCCAGAGCGTGTT-1,0.000016,0.012092,0.03705,0.000016,0.005701,0.504676,0.257273,0.005953,0.043364,0.045175,0.088685
AACTCCTAATCCCATG-1,0.063285,0.211633,0.029851,0.008459,0.00005,0.126499,0.204691,0.001963,0.353469,0.00005,0.00005
AACTCGATAAACACGT-1,0.001395,0.035008,0.012728,0.125622,0.102378,0.272888,0.116968,0.087545,0.228014,0.013607,0.003845
AACTCGATGGCGCAGT-1,0.012195,0.001583,0.000223,0.020889,0.014176,0.081902,0.138861,0.164571,0.462855,0.037907,0.064838
AACTCTCAATAGAGCG-1,0.000015,0.006679,0.116961,0.000015,0.000548,0.267691,0.604085,0.000666,0.00331,0.000015,0.000015
AACTCTCAGTGTGCTC-1,0.010129,0.062409,0.013802,0.004941,0.064524,0.047247,0.089471,0.088583,0.047154,0.37919,0.192551
AACTGAGGTCAGCGTC-1,0.000028,0.174443,0.165433,0.000028,0.056715,0.31665,0.284057,0.001032,0.000028,0.000028,0.00156
AACTGAGTTATACTGA-1,0.016895,0.097161,0.205726,0.005471,0.26665,0.204947,0.087739,0.013673,0.000535,0.004475,0.096728
AACTGATATTAGGCCT-1,0.018702,0.007846,0.081029,0.009297,0.019497,0.165929,0.339863,0.092798,0.028934,0.074048,0.162058
AACTGGGTCCCGACGT-1,0.000023,0.015675,0.000275,0.003787,0.026867,0.130172,0.445122,0.078982,0.229858,0.000307,0.068933
AACTGGTGTGGGCCTT-1,0.000015,0.014701,0.042384,0.07968,0.030199,0.478821,0.189218,0.041516,0.116409,0.000359,0.006698
AACTTCTGCGTCTATC-1,0.012371,0.093795,0.000014,0.005636,0.037712,0.004941,0.117432,0.240363,0.300067,0.050456,0.137212
AACTTGCCCGTATGCA-1,0.008838,0.002466,0.035412,0.003886,0.014238,0.097981,0.056005,0.048593,0.401257,0.126574,0.20475
AACTTGCGTTCTCGCG-1,0.000016,0.000016,0.000016,0.051857,0.061811,0.007325,0.047232,0.295667,0.308188,0.052733,0.175141
AACTTTACGGGAGCTT-1,0.393492,0.000013,0.218409,0.001054,0.000726,0.025705,0.029664,0.004102,0.22565,0.098735,0.002449
AACTTTAGCTGCTGAG-1,0.000026,0.079918,0.131265,0.000026,0.005509,0.350719,0.170409,0.020304,0.089664,0.106381,0.045778
AACTTTCTCGATCATG-1,0.000012,0.014564,0.004626,0.000957,0.325305,0.57296,0.016908,0.007838,0.036696,0.008423,0.011711
AAGAAAGTTTGATGGG-1,0.774193,0.028317,0.002512,0.001745,0.022749,0.000041,0.000041,0.000041,0.000041,0.000041,0.170278
AAGAAATCACCAGATT-1,0.000009,0.000009,0.000336,0.010978,0.455309,0.465874,0.000009,0.00151,0.059022,0.006935,0.000009
AAGAAGGATCAGTTAG-1,0.010662,0.009857,0.150467,0.035825,0.026362,0.027844,0.150695,0.173827,0.262997,0.079658,0.071805
AAGACATACGTGGTTT-1,0.000022,0.479181,0.000022,0.000022,0.23301,0.003872,0.196946,0.002488,0.000022,0.000022,0.084394
AAGACCAAATAACTCA-1,0.772065,0.152012,0.032904,0.005418,0.000025,0.000025,0.000025,0.000025,0.000025,0.000025,0.037451
AAGACCCAACTGAACA-1,0.000012,0.002161,0.000012,0.065117,0.052156,0.008977,0.080943,0.12027,0.214321,0.242084,0.213948
AAGACTAACCCGTTGT-1,0.045555,0.000232,0.003931,0.03318,0.088444,0.24484,0.040378,0.137899,0.148436,0.093034,0.164072
AAGACTGCAAGCTACT-1,0.037698,0.02349,0.000036,0.011109,0.0083,0.137678,0.300058,0.088593,0.32813,0.042108,0.022799
AAGAGATGAATCGGTA-1,0.060622,0.004459,0.001379,0.000015,0.038076,0.030557,0.27967,0.107524,0.150558,0.065327,0.261812
AAGAGCTCTTTATCGG-1,0.000022,0.010819,0.000022,0.015493,0.031779,0.101999,0.270468,0.433832,0.046031,0.037812,0.051724
AAGAGGATGTACGCGA-1,0.032125,0.000009,0.047113,0.003585,0.020148,0.178538,0.001153,0.004508,0.427821,0.273115,0.011885
AAGAGGCATGGATCGC-1,0.000022,0.000373,0.005973,0.003376,0.101998,0.124766,0.157589,0.137574,0.061037,0.063637,0.343654
AAGAGGCCCTTTGGAA-1,0.051272,0.233416,0.041946,0.000232,0.000088,0.000088,0.000088,0.000088,0.000088,0.162599,0.510094
AAGATGGCACCGGACC-1,0.000015,0.000015,0.000015,0.007642,0.192988,0.08439,0.000015,0.00382,0.064192,0.418877,0.228029
AAGATTGGCGGAACGT-1,0.00004,0.201497,0.00004,0.00004,0.00004,0.011841,0.447214,0.002065,0.00004,0.011582,0.325603
AAGCACCCTGCGTATC-1,0.000027,0.009028,0.000027,0.000027,0.037991,0.086907,0.246548,0.16723,0.015814,0.028734,0.407667
AAGCATACTCTCCTGA-1,0.000007,0.000007,0.023141,0.232374,0.006195,0.191503,0.026415,0.069392,0.379114,0.071844,0.000007
AAGCCACTTGCAGGTA-1,0.134726,0.003545,0.232733,0.069509,0.229343,0.002232,0.000014,0.000069,0.000014,0.115254,0.212562
AAGCCGAAGCGGTTTA-1,0.006597,0.2612,0.000095,0.000095,0.000095,0.036777,0.012265,0.000095,0.000095,0.037666,0.64502
AAGCCGCCGTGAAATC-1,0.503754,0.314351,0.000024,0.03862,0.040972,0.000024,0.000024,0.000024,0.000024,0.023945,0.078236
AAGCCGCTTTACCTTG-1,0.028805,0.046155,0.011909,0.015797,0.141069,0.49715,0.142897,0.008603,0.101713,0.005891,0.000012
AAGCCGGAGAGCAGGA-1,0.00001,0.00001,0.37063,0.003594,0.035184,0.55653,0.002225,0.000898,0.012838,0.017673,0.000408
AAGCGCAGGGCTTTGA-1,0.000014,0.044036,0.000779,0.0916,0.095126,0.224931,0.028581,0.132824,0.077509,0.127803,0.176798
AAGCGGAGTGCGCGCA-1,0.008041,0.27446,0.15789,0.106767,0.279077,0.087379,0.001153,0.028702,0.005023,0.019344,0.032164
AAGCGGCGTCATGGGT-1,0.037301,0.544366,0.065968,0.000143,0.000143,0.122987,0.000143,0.000143,0.228519,0.000143,0.000143
AAGCGTCCCTCATCGA-1,0.022962,0.159969,0.06926,0.049442,0.017951,0.074015,0.162,0.016768,0.160235,0.253379,0.014019
AAGCTAGATCGAGTAA-1,0.021169,0.034634,0.004785,0.092232,0.018821,0.078842,0.214302,0.258517,0.203823,0.037543,0.035333
AAGCTATGGATTGACC-1,0.746656,0.000071,0.000071,0.000071,0.000071,0.000071,0.000071,0.000071,0.000071,0.000071,0.252701
AAGCTCGTGCCAAGTC-1,0.005861,0.004554,0.000018,0.050026,0.026955,0.083146,0.113532,0.30393,0.391274,0.00895,0.011755
AAGCTCTTTCATGGTG-1,0.000029,0.08812,0.00003,0.011975,0.068424,0.039548,0.434055,0.054594,0.013279,0.005496,0.28445
AAGGAGAACTTATAAG-1,0.048176,0.227543,0.000071,0.000071,0.000071,0.013835,0.10858,0.000071,0.000071,0.005539,0.595971
AAGGAGCGGTTGGTGC-1,0.013507,0.019971,0.000014,0.010252,0.003022,0.005272,0.118666,0.248496,0.285057,0.076203,0.219541
AAGGATCGATCGCTTG-1,0.038159,0.174491,0.000041,0.000041,0.000041,0.08282,0.32889,0.019547,0.139268,0.036525,0.180177
AAGGATGAGGGACCTC-1,0.000021,0.003033,0.122227,0.000021,0.029036,0.229142,0.346728,0.037845,0.045507,0.015426,0.171014
AAGGCAGGCTGTCTCC-1,0.000029,0.483836,0.000029,0.000029,0.000029,0.000029,0.512262,0.000252,0.000029,0.000029,0.003451
AAGGCGCGTAAAGCTT-1,0.02381,0.005762,0.01623,0.009239,0.001248,0.011667,0.032332,0.041417,0.166363,0.383884,0.308046
AAGGCTGTGCTCATCG-1,0.010787,0.001184,0.000018,0.00385,0.014129,0.003892,0.135181,0.135042,0.318292,0.032112,0.345512
AAGGGAACGACTGGCT-1,0.593469,0.200767,0.000035,0.000035,0.000035,0.000035,0.000035,0.000035,0.000035,0.000035,0.20548
AAGGGACAGATTCTGT-1,0.070737,0.416672,0.000024,0.000024,0.000024,0.000024,0.501007,0.000024,0.000024,0.000024,0.011418
AAGGGACTATGCATTC-1,0.140108,0.031284,0.098998,0.02158,0.269153,0.077685,0.007549,0.017274,0.127409,0.180874,0.028086
AAGGGTTAGCCATGCG-1,0.00001,0.005477,0.00839,0.060395,0.282648,0.385137,0.085878,0.028026,0.102015,0.029504,0.012519
AAGGGTTTGATTTCAG-1,0.858363,0.000064,0.000064,0.000064,0.000064,0.000064,0.000064,0.000064,0.000064,0.000064,0.141058
AAGGTATCCTAATATA-1,0.000017,0.000017,0.090848,0.00183,0.0044,0.476383,0.067831,0.072869,0.127876,0.057606,0.100323
AAGGTGATAAACCAGC-1,0.002557,0.063688,0.01198,0.000019,0.016526,0.221321,0.380333,0.101545,0.032127,0.084374,0.085531
AAGTAAGCTTCCAAAC-1,0.000028,0.505423,0.000028,0.000028,0.000028,0.000028,0.450656,0.000028,0.000028,0.000028,0.0437
AAGTAGAAGACCGGGT-1,0.018111,0.03985,0.000013,0.124668,0.000771,0.004615,0.278835,0.31931,0.057203,0.004955,0.15167
AAGTAGTGACGCGAGG-1,0.0161,0.000014,0.020478,0.000014,0.021883,0.076603,0.09388,0.02924,0.495992,0.019134,0.226661
AAGTCAATTGTCGTCA-1,0.073243,0.179202,0.000052,0.000052,0.000052,0.00958,0.134132,0.000052,0.000052,0.000052,0.603528
AAGTCTAGTAGCTGCC-1,0.000019,0.082745,0.000019,0.000019,0.417726,0.270248,0.047118,0.014193,0.056632,0.021908,0.089373
AAGTCTTCTGTGGCCT-1,0.527726,0.243013,0.211733,0.002635,0.000027,0.000027,0.014732,0.000027,0.000027,0.000027,0.000027
AAGTGACGACCGAATT-1,0.105876,0.074528,0.080427,0.022854,0.010089,0.034776,0.14863,0.018629,0.129348,0.343149,0.031692
AAGTGAGTCGGGTTTA-1,0.02134,0.137771,0.000054,0.000054,0.000054,0.000054,0.000054,0.000054,0.000054,0.474134,0.36638
AAGTGCAAAGGTAGAC-1,0.053389,0.015567,0.017295,0.000017,0.059705,0.070418,0.148951,0.041413,0.16757,0.0385,0.387175
AAGTGCCTTGACTGTA-1,0.000053,0.206451,0.000053,0.000053,0.000053,0.000053,0.398221,0.000053,0.000053,0.018295,0.376662
AAGTGCGTTAGAATCT-1,0.075001,0.002243,0.017536,0.0008,0.053724,0.186845,0.057371,0.035066,0.163059,0.098168,0.310186
AAGTGCTTCTCTATTG-1,0.16714,0.134667,0.127983,0.06401,0.178075,0.000826,0.000447,0.016864,0.005818,0.07819,0.22598
AAGTGTTTGGAGACGG-1,0.000023,0.000321,0.000023,0.003077,0.022325,0.177494,0.049217,0.181373,0.129799,0.103201,0.333147
AAGTTCACTCCAAGCT-1,0.00001,0.000597,0.00001,0.002347,0.001344,0.208863,0.040706,0.199615,0.139297,0.28112,0.126091
AAGTTCAGTCTGCGTA-1,0.007016,0.520378,0.090538,0.013258,0.000107,0.033117,0.089287,0.000107,0.245977,0.000107,0.000107
AAGTTCGGCCAACAGG-1,0.013284,0.000009,0.076258,0.011698,0.029547,0.089883,0.050409,0.043111,0.434147,0.101095,0.150559
AAGTTGTGATGTTATA-1,0.019779,0.638621,0.000093,0.000093,0.000093,0.000093,0.000093,0.000093,0.000093,0.000093,0.340857
AAGTTTACTAATGGCA-1,0.139097,0.157475,0.000036,0.000036,0.000036,0.062181,0.322901,0.031327,0.140364,0.052983,0.093563
AAGTTTATGGGCCCAA-1,0.00181,0.017688,0.100883,0.204565,0.178565,0.08583,0.013153,0.100996,0.040368,0.088319,0.167825
AATAACAACGCTCGGC-1,0.010764,0.000673,0.000011,0.000011,0.00455,0.014761,0.044884,0.055271,0.060348,0.158841,0.649884
AATAACACTAGAACAA-1,0.057908,0.136591,0.012592,0.013144,0.000018,0.000018,0.000018,0.000018,0.000018,0.391029,0.388646
AATAACGTCGCGCCCA-1,0.000023,0.092401,0.015034,0.000219,0.306226,0.117309,0.27457,0.032184,0.002657,0.011491,0.147886
AATAATCTTCGTATCG-1,0.000033,0.322517,0.024022,0.000033,0.148327,0.098501,0.187773,0.00072,0.000033,0.000033,0.218006
AATACAATGTTTCAGG-1,0.02404,0.010414,0.005731,0.019658,0.136202,0.048364,0.183044,0.089015,0.376223,0.060264,0.047045
AATACCGGAGGGCTGT-1,0.000004,0.021802,0.011812,0.017542,0.012352,0.047433,0.005384,0.021307,0.056681,0.7385,0.067182
AATACCTGATGTGAAC-1,0.000106,0.413976,0.076658,0.040888,0.000106,0.000106,0.000106,0.000106,0.000106,0.010049,0.45779
AATAGAACAGAGTGGC-1,0.000013,0.000013,0.000013,0.001408,0.019495,0.020226,0.006707,0.050063,0.199307,0.385809,0.316946
AATAGAATCTGTTTCA-1,0.000018,0.038325,0.000018,0.0111,0.064146,0.304473,0.321297,0.064484,0.106284,0.043889,0.045965
AATAGCAAGCCTCCTG-1,0.00004,0.031412,0.153612,0.00004,0.141569,0.403489,0.029276,0.014943,0.00004,0.009517,0.216064
AATAGCTACCGCGTGC-1,0.283355,0.039715,0.000064,0.000064,0.000064,0.000064,0.114606,0.000064,0.000064,0.000064,0.561877
AATAGGCACGACCCTT-1,0.034246,0.01813,0.338313,0.103351,0.027366,0.020013,0.004906,0.009498,0.070071,0.269292,0.104815
AATAGTCCGTCCCGAC-1,0.000019,0.012115,0.000019,0.003173,0.000572,0.006169,0.021038,0.050276,0.081377,0.402158,0.423084
AATAGTCGCGAGTCGG-1,0.046417,0.034569,0.063246,0.047985,0.09058,0.042122,0.042401,0.023585,0.037219,0.346059,0.225818
AATATCAAGGTCGGAT-1,0.026987,0.05089,0.000048,0.000048,0.000048,0.000048,0.195414,0.085123,0.000048,0.000048,0.641299
AATATCCTAGCAAACT-1,0.72047,0.011091,0.067004,0.021777,0.133852,0.003169,0.012465,0.005828,0.024302,0.000021,0.000021
AATATCGAATCAATGC-1,0.000073,0.464362,0.024244,0.000073,0.000073,0.087594,0.007358,0.000073,0.05191,0.198282,0.165958
AATATCGAGGGTTCTC-1,0.082195,0.217568,0.000053,0.000053,0.000053,0.008773,0.118325,0.224725,0.166852,0.00986,0.171542
AATATTGGAGTATTGA-1,0.098149,0.13032,0.023844,0.000019,0.000534,0.009313,0.470932,0.011701,0.072192,0.061056,0.121941
AATCAGACTGCAGGAC-1,0.000008,0.000008,0.000008,0.192029,0.064105,0.317278,0.000008,0.011706,0.401281,0.01356,0.000008
AATCAGGTTTCATTTA-1,0.024458,0.006476,0.232406,0.185637,0.33167,0.042503,0.020992,0.015018,0.094969,0.037584,0.008286
AATCATGTAAAGACTC-1,0.075102,0.202973,0.000035,0.000035,0.000035,0.000035,0.202555,0.000035,0.000035,0.000035,0.519127
AATCCAAGGGCCTGAG-1,0.000013,0.005097,0.000013,0.041969,0.038454,0.15264,0.238282,0.12009,0.385134,0.00129,0.017018
AATCCATGCAAGGGTG-1,0.000012,0.044859,0.000012,0.059079,0.060474,0.089675,0.091448,0.331388,0.244084,0.001381,0.077588
AATCCCGCTCAGAGCC-1,0.000011,0.003241,0.071837,0.529597,0.066541,0.045471,0.012927,0.05079,0.088693,0.060511,0.070381
AATCGAGGTCTCAAGG-1,0.000017,0.026019,0.000939,0.118535,0.314006,0.22638,0.064719,0.03347,0.035159,0.055356,0.125401
AATCGCCTCAGCGCCA-1,0.000018,0.077249,0.000018,0.005351,0.052197,0.174743,0.186274,0.211428,0.122453,0.121333,0.048936
AATCGCGCAGAGGACT-1,0.000098,0.187856,0.000098,0.000098,0.000098,0.000098,0.000098,0.000098,0.000098,0.187534,0.623823
AATCGGGACACTACGA-1,0.00004,0.000377,0.022977,0.00004,0.030035,0.289416,0.189799,0.031282,0.005352,0.00004,0.43064
AATCGGTATAGCCCTC-1,0.000036,0.41154,0.000036,0.000036,0.233913,0.003777,0.176549,0.000036,0.000036,0.000036,0.174006
AATCGTGAGCCGAGCA-1,0.005149,0.048673,0.004474,0.036978,0.177314,0.240943,0.109497,0.085754,0.087597,0.013918,0.189703
AATCTAGGTTTACTTG-1,0.705231,0.028082,0.088515,0.006786,0.000023,0.001869,0.139754,0.006576,0.023117,0.000023,0.000023
AATCTATGCCGGAGCC-1,0.019431,0.146212,0.009766,0.000056,0.000073,0.134637,0.303392,0.043509,0.123833,0.035072,0.184018
AATCTCTACTGTGGTT-1,0.590568,0.000039,0.000039,0.000039,0.000039,0.000039,0.026566,0.001053,0.000039,0.019096,0.362483
AATCTGCGTTGGGACG-1,0.000023,0.010599,0.06277,0.000023,0.008202,0.331676,0.295275,0.064735,0.042795,0.058813,0.125088
AATCTGGCTTTCTAGT-1,0.777979,0.155183,0.000028,0.000028,0.000028,0.000028,0.066616,0.000028,0.000028,0.000028,0.000028
AATGACAGCAATGTCT-1,0.078119,0.006921,0.043689,0.002478,0.01845,0.022112,0.157142,0.029051,0.182243,0.235301,0.224494
AATGACGTAGGATGTC-1,0.000013,0.000013,0.000013,0.006459,0.050024,0.182758,0.049898,0.20357,0.293626,0.132983,0.080644
AATGACTGTCAGCCGG-1,0.00001,0.00001,0.00001,0.043031,0.019285,0.031176,0.018556,0.216654,0.530638,0.037461,0.103169
AATGAGTTCGCATATG-1,0.009558,0.011078,0.000013,0.034799,0.109915,0.004177,0.329602,0.27105,0.201232,0.001127,0.027449
AATGATGATACGCTAT-1,0.010258,0.376616,0.00007,0.00007,0.00007,0.00007,0.068151,0.00007,0.00007,0.00007,0.544485
AATGATGCGACTCCTG-1,0.066105,0.17545,0.000029,0.003101,0.007265,0.070322,0.331193,0.026379,0.276719,0.011117,0.03232
AATGCAACCGGGTACC-1,0.005585,0.113209,0.00002,0.012728,0.004506,0.030245,0.178497,0.26184,0.098338,0.049992,0.245041
AATGCACCAAGCAATG-1,0.054701,0.214482,0.051936,0.003198,0.00003,0.04889,0.176354,0.02524,0.413696,0.011444,0.00003
AATGGCCGCCAATGCG-1,0.00001,0.00001,0.275734,0.360589,0.129544,0.223475,0.00001,0.002308,0.008302,0.00001,0.00001
AATGGTCCACCGTTCA-1,0.017664,0.000007,0.003261,0.020991,0.135994,0.209116,0.002141,0.004981,0.550355,0.044069,0.011421
AATGGTTCTCACAAGC-1,0.016851,0.000007,0.020708,0.068399,0.031422,0.012002,0.043332,0.115082,0.677417,0.010293,0.004488
AATGTATGGCACTGTA-1,0.623983,0.000026,0.153318,0.020653,0.185292,0.004708,0.000026,0.000026,0.000026,0.007913,0.004028
AATGTGCCCGAGGTGT-1,0.205987,0.103497,0.040931,0.03512,0.062926,0.035737,0.008992,0.064327,0.048976,0.15113,0.242376
AATGTGCTAATCTGAG-1,0.105756,0.084463,0.064378,0.038862,0.14167,0.006452,0.000017,0.004269,0.000017,0.124725,0.429391
AATGTTAAGACCCTGA-1,0.000018,0.053409,0.000018,0.195444,0.427633,0.008648,0.175166,0.085466,0.037102,0.002423,0.014673
AATGTTGTCGTGAGAC-1,0.045221,0.484401,0.000054,0.000054,0.000054,0.000054,0.000054,0.000054,0.000054,0.000054,0.469945
AATTAAAGGTCGGCGT-1,0.025558,0.000011,0.003493,0.012347,0.01652,0.042085,0.008458,0.08329,0.450171,0.235441,0.122624
AATTAACGGATTTCCA-1,0.000021,0.005521,0.000021,0.097556,0.013153,0.056411,0.02276,0.113212,0.074106,0.282593,0.334646
AATTACGAGACCCATC-1,0.43709,0.000025,0.082195,0.008212,0.402871,0.023784,0.000025,0.000025,0.005771,0.030336,0.009667
AATTACTCGTACGCTC-1,0.000009,0.000009,0.049034,0.163013,0.118133,0.03165,0.093549,0.124332,0.418809,0.001453,0.000009
AATTAGCGCTGCAGCG-1,0.026179,0.000024,0.000024,0.000024,0.00209,0.000024,0.003859,0.109523,0.040743,0.297407,0.520102
AATTATACCCAGCAAG-1,0.000018,0.079812,0.247343,0.001484,0.139657,0.255654,0.143385,0.033135,0.002378,0.005083,0.092051
AATTCATAAGGGATCT-1,0.000068,0.335402,0.000068,0.000068,0.000068,0.000068,0.12557,0.000068,0.000068,0.000068,0.538484
AATTCATTGTCATGCA-1,0.970739,0.000033,0.000033,0.000033,0.001002,0.000033,0.000033,0.00819,0.000033,0.007978,0.011892
AATTCCAACTTGGTGA-1,0.000022,0.010051,0.000022,0.009867,0.159731,0.134915,0.062742,0.202382,0.122721,0.121804,0.175743
AATTCCAAGCATGTAC-1,0.000639,0.043993,0.135743,0.258557,0.139684,0.018257,0.070629,0.150862,0.065972,0.072525,0.043139
AATTCGATTCGAGGAT-1,0.000014,0.082255,0.000391,0.045807,0.174792,0.184299,0.169003,0.161182,0.046331,0.064229,0.071696
AATTCTAGAGTTAGGC-1,0.000021,0.000021,0.000021,0.000021,0.001266,0.007285,0.081943,0.128063,0.048148,0.243722,0.489489
AATTGAACGCTCTGGT-1,0.000017,0.019373,0.010415,0.013889,0.054972,0.308818,0.043688,0.209722,0.13832,0.076671,0.124115
AATTGCAGCAATCGAC-1,0.047876,0.256114,0.176412,0.008921,0.102828,0.042486,0.024629,0.044175,0.018216,0.063151,0.215193
AATTGCGTGGATTACA-1,0.825723,0.082368,0.072056,0.000035,0.000035,0.000035,0.000035,0.000035,0.000035,0.000035,0.019605
AATTGTGGTTGCCAAA-1,0.000018,0.245063,0.223654,0.000018,0.328755,0.040961,0.010094,0.008032,0.000018,0.000919,0.142467
AATTTGGTTCCAAAGA-1,0.00003,0.101144,0.034448,0.00003,0.00003,0.017235,0.588211,0.002864,0.002875,0.00003,0.253103
ACAAACCATGCGTCCT-1,0.819429,0.128393,0.034442,0.017608,0.000018,0.000018,0.000018,0.000018,0.000018,0.000018,0.000018
ACAAACTCCATCAGAG-1,0.000007,0.000024,0.494887,0.225151,0.001012,0.000007,0.000007,0.000007,0.000186,0.253774,0.024937
ACAAAGAAGGTAGGCC-1,0.633353,0.02246,0.073083,0.029745,0.211147,0.000023,0.000023,0.002202,0.000024,0.003852,0.024087
ACAAAGCATGACCTAG-1,0.015262,0.298111,0.000038,0.000038,0.023886,0.016507,0.000038,0.000038,0.000038,0.239228,0.406816
ACAAATCGCACCGAAT-1,0.000024,0.019288,0.000024,0.000024,0.042217,0.042446,0.252404,0.087314,0.018408,0.044745,0.493105
ACAAATGGTAGTGTTT-1,0.000022,0.045433,0.002949,0.007852,0.01934,0.348828,0.060955,0.08538,0.056839,0.127062,0.24534
ACAAATTCAGATCTGA-1,0.000177,0.516426,0.000177,0.000177,0.000177,0.000177,0.000177,0.000177,0.000177,0.000177,0.481982
ACAACAGCATGAGCTA-1,0.000022,0.001615,0.000022,0.006454,0.086103,0.151848,0.063415,0.173678,0.107946,0.180774,0.228123
ACAACGGTCCCTGCGA-1,0.04469,0.069879,0.000018,0.000018,0.000018,0.000018,0.176068,0.093711,0.018201,0.123707,0.473674
ACAAGCAGTGCCTAGC-1,0.003622,0.000006,0.061806,0.004037,0.016855,0.305498,0.000006,0.000434,0.502583,0.105146,0.000006
ACAAGCTATATGGAAG-1,0.748257,0.078648,0.004945,0.000025,0.000025,0.000025,0.167363,0.000635,0.000025,0.000025,0.000025
ACAAGGAAATCCGCCC-1,0.006683,0.024258,0.007929,0.068258,0.083699,0.15282,0.183984,0.138539,0.200313,0.088078,0.045441
ACAAGGACAAGAGGTT-1,0.024867,0.047923,0.019786,0.002939,0.000018,0.003259,0.21292,0.06031,0.077674,0.263729,0.286575
ACAAGGATGCTTTAGG-1,0.000016,0.020249,0.000016,0.000016,0.035196,0.295452,0.258902,0.187407,0.079028,0.011995,0.11172
ACAAGGCCTACCAGCC-1,0.129544,0.5108,0.000082,0.000082,0.000082,0.000082,0.113893,0.005331,0.000082,0.000082,0.239941
ACAAGGGCAGGCTCTG-1,0.000013,0.00162,0.011441,0.015158,0.039544,0.129512,0.047839,0.301861,0.088024,0.131047,0.233943
ACAAGTAATTGTAAGG-1,0.690618,0.260354,0.024035,0.000029,0.000029,0.000029,0.024793,0.000029,0.000029,0.000029,0.000029
ACAATAGTCGTACGTT-1,0.499243,0.002488,0.000022,0.000022,0.000022,0.000022,0.292492,0.017997,0.012529,0.010602,0.164562
ACAATCCATTTAAACC-1,0.013075,0.007028,0.065933,0.00108,0.019539,0.09752,0.123197,0.035356,0.442656,0.148179,0.046435
ACAATGAATACGGAGA-1,0.111032,0.008046,0.000025,0.000025,0.000025,0.000025,0.007265,0.001776,0.000025,0.034529,0.837228
ACAATGATTCTTCTAC-1,0.000017,0.012443,0.38185,0.001137,0.112371,0.422701,0.030831,0.002508,0.013154,0.001763,0.021226
ACAATTGTGTCTCTTT-1,0.000022,0.166306,0.001921,0.000022,0.039508,0.01516,0.68762,0.013738,0.051844,0.000074,0.023786
ACAATTTAGGAGGCTC-1,0.086061,0.001208,0.082738,0.000535,0.063529,0.186011,0.087225,0.057592,0.280207,0.050748,0.104149
ACAATTTGAGCAGTGG-1,0.000034,0.05592,0.000034,0.000034,0.009667,0.053626,0.451873,0.059104,0.018991,0.018165,0.332553
ACAATTTGGCCATATT-1,0.000037,0.47654,0.182334,0.000037,0.036627,0.100322,0.192443,0.000037,0.000037,0.000214,0.011371
ACACAAAGACGGGTGG-1,0.000011,0.009949,0.000011,0.041358,0.046153,0.054788,0.131002,0.303386,0.224854,0.024932,0.163557
ACACAAATATTCCTAG-1,0.006689,0.161458,0.013047,0.004587,0.353168,0.225736,0.208946,0.015593,0.006147,0.000471,0.004157
ACACACCAGGACCAGT-1,0.000034,0.596194,0.023749,0.000034,0.000034,0.141292,0.014784,0.005714,0.104545,0.108098,0.005523
ACACACTTTCTACACG-1,0.00218,0.095879,0.000038,0.000038,0.001848,0.166736,0.513163,0.043604,0.038707,0.000038,0.13777
ACACATGATCAAATCT-1,0.919453,0.000021,0.040489,0.001052,0.006087,0.023925,0.008889,0.000021,0.000021,0.000021,0.000021
ACACATTGACGCAACA-1,0.013127,0.09033,0.110608,0.166119,0.113818,0.013011,0.361937,0.083049,0.047272,0.000721,0.000009
ACACATTTCCGTAGAC-1,0.023705,0.096463,0.011195,0.291606,0.344382,0.011191,0.02368,0.033731,0.000579,0.010639,0.152828
ACACCACATAATTAGC-1,0.007676,0.642019,0.000033,0.000033,0.000033,0.000033,0.14496,0.000033,0.000033,0.000033,0.205116
ACACCCAGCATGCAGC-1,0.000012,0.004669,0.005563,0.15592,0.002412,0.01908,0.084749,0.189745,0.300703,0.063567,0.173579
ACACCCGAGAAATCCG-1,0.064502,0.057296,0.000009,0.023163,0.005789,0.00108,0.456169,0.199291,0.055411,0.019672,0.117618
ACACCCGTAAATCTGT-1,0.029987,0.086812,0.001243,0.123792,0.406099,0.034211,0.03281,0.157177,0.006359,0.0183,0.103209
ACACCGAGCGCTCTTT-1,0.034364,0.121495,0.000866,0.053543,0.04013,0.000629,0.066938,0.165816,0.031917,0.061245,0.423056
ACACCGGTCTGACCGC-1,0.883676,0.075354,0.020437,0.000024,0.000024,0.000024,0.000024,0.000024,0.000024,0.000024,0.020364
ACACCTTAAGTAGGGC-1,0.002357,0.038646,0.047567,0.020969,0.008003,0.017734,0.077562,0.177295,0.47223,0.113091,0.024545
ACACCTTACTACTTGC-1,0.032822,0.359626,0.057793,0.00009,0.00009,0.197146,0.014436,0.102301,0.000091,0.126409,0.109195
ACACGAGACTCCTTCT-1,0.000022,0.002348,0.000022,0.064315,0.128028,0.057268,0.192709,0.411485,0.044151,0.000022,0.099629
ACACGGGAACTTAGGG-1,0.000034,0.004534,0.000034,0.021173,0.03355,0.10224,0.148364,0.207212,0.108858,0.049365,0.324637
ACACGTAGGCCACAAG-1,0.000095,0.237145,0.000095,0.000095,0.000095,0.000095,0.000095,0.000095,0.000095,0.000095,0.762003
ACACTCCAATGTCACT-1,0.049593,0.05047,0.007228,0.067781,0.02699,0.000019,0.035388,0.123228,0.025581,0.221758,0.391964
ACACTGATCAAGGTGT-1,0.000012,0.000012,0.000012,0.001719,0.009844,0.011265,0.017352,0.182014,0.31372,0.349487,0.114562
ACACTGGGACAGTCGT-1,0.068869,0.293176,0.055125,0.025846,0.015748,0.041687,0.215733,0.021552,0.035334,0.001965,0.224965
ACAGAACTGAGAACAA-1,0.266921,0.000017,0.001221,0.000017,0.036874,0.124346,0.059034,0.028827,0.231245,0.099429,0.152068
ACAGATTAGGTTAGTG-1,0.007483,0.296047,0.000042,0.000042,0.000042,0.00878,0.680922,0.006001,0.000042,0.000042,0.000558
ACAGCATAGAGCCAGT-1,0.000022,0.017639,0.099556,0.000022,0.000022,0.410409,0.319313,0.037615,0.033252,0.037852,0.044299
ACAGCGACATTCTCAT-1,0.033668,0.766147,0.000049,0.000049,0.000049,0.000049,0.106392,0.003616,0.000049,0.013743,0.07619
ACAGGAGGCGCAGCCG-1,0.004118,0.236268,0.00085,0.087648,0.13825,0.03703,0.117428,0.156417,0.021766,0.023746,0.176479
ACAGGCACGGATCCTT-1,0.001077,0.834954,0.160238,0.000029,0.000029,0.000029,0.000029,0.000029,0.000029,0.001583,0.001973
ACAGGCTTGCCCGACT-1,0.000021,0.108495,0.000021,0.011781,0.0226,0.135233,0.489815,0.078959,0.043328,0.008774,0.100975
ACAGGTGGAGGTGAGG-1,0.000025,0.002728,0.000025,0.001575,0.006872,0.006609,0.000025,0.063158,0.071784,0.56222,0.28498
