Barcode,Topic 1,Topic 2,Topic 3to11
AAACAAGTATCTCCCA-1,0.000042,0.474486,0.525472
AAACAATCTACTAGCA-1,0.000016,0.000016,0.999969
AAACACCAATAACTGC-1,0.000023,0.000023,0.999953
AAACAGAGCGACTCCT-1,0.001073,0.043825,0.955102
AAACAGCTTTCAGAAG-1,0.000058,0.000058,0.999884
AAACAGGGTCTATATT-1,0.000016,0.000016,0.999968
AAACAGTGTTCCTGGG-1,0.000019,0.022826,0.977155
AAACATGGTGAGAGGA-1,0.000021,0.001389,0.99859
AAACATTTCCCGGATT-1,0.000051,0.819599,0.18035
AAACCACTACACAGAT-1,0.000036,0.000036,0.999927
AAACCCGAACGAAATC-1,0.000018,0.00874,0.991242
AAACCGGAAATGTTAA-1,0.000013,0.036098,0.96389
AAACCGGGTAGGTACC-1,0.000016,0.000016,0.999968
AAACCGTTCGTCCAGG-1,0.000421,0.000016,0.999562
AAACCTAAGCAGCCGG-1,0.000026,0.793987,0.205987
AAACCTCATGAAGTTG-1,0.00003,0.00003,0.99994
AAACGAAGAACATACC-1,0.000024,0.000024,0.999953
AAACGAAGATGGAGTA-1,0.000188,0.000188,0.999624
AAACGACAGTCTTGCC-1,0.000038,0.000038,0.999923
AAACGAGACGGTTGAT-1,0.004734,0.661069,0.334197
AAACGCCCGAGATCGG-1,0.000025,0.000025,0.99995
AAACGCTGGGCACGAC-1,0.000013,0.005564,0.994423
AAACGGGCGTACGGGT-1,0.000039,0.957664,0.042297
AAACGGTTGCGAACTG-1,0.000026,0.071799,0.928176
AAACGTGTTCGCCCTA-1,0.00001,0.00001,0.999981
AAACTAACGTGGCGAC-1,0.000073,0.017022,0.982905
AAACTCGGTTCGCAAT-1,0.000068,0.424414,0.575518
AAACTCGTGATATAAG-1,0.000031,0.025914,0.974056
AAACTGCTGGCTCCAA-1,0.000033,0.721254,0.278713
AAACTTAATTGCACGC-1,0.000036,0.026909,0.973056
AAACTTGCAAACGTAT-1,0.000042,0.000042,0.999917
AAAGAATGACCTTAGA-1,0.06036,0.000025,0.939615
AAAGAATGTGGACTAA-1,0.000027,0.725871,0.274101
AAAGACATGAAGTTTA-1,0.000024,0.000024,0.999951
AAAGACCCAAGTCGCG-1,0.000035,0.000035,0.999931
AAAGACTGGGCGCTTT-1,0.00004,0.00004,0.99992
AAAGCTTGCCTACATA-1,0.000012,0.018195,0.981793
AAAGGCCCTATAATAC-1,0.000007,0.000007,0.999986
AAAGGCTACGGACCAT-1,0.000031,0.022248,0.977722
AAAGGCTCTCGCGCCG-1,0.000019,0.024761,0.97522
AAAGGGATGTAGCAAG-1,0.001511,0.115341,0.883149
AAAGGGCAGCTTGAAT-1,0.000043,0.000043,0.999914
AAAGGTAAGCTGTACC-1,0.000051,0.044352,0.955598
AAAGGTCAACGACATG-1,0.000025,0.007137,0.992838
AAAGTAGCATTGCTCA-1,0.000026,0.002508,0.997467
AAAGTCACTGATGTAA-1,0.004268,0.010438,0.985293
AAAGTCGACCCTCAGT-1,0.00002,0.00002,0.99996
AAAGTGCCATCAATTA-1,0.000021,0.016072,0.983907
AAAGTGTGATTTATCT-1,0.000066,0.751091,0.248843
AAAGTTGACTCCCGTA-1,0.000032,0.663606,0.336362
AAATAACCATACGGGA-1,0.000034,0.010004,0.989962
AAATAAGGTAGTGCCC-1,0.00002,0.102857,0.897122
AAATACCTATAAGCAT-1,0.000039,0.74526,0.254701
AAATAGCTTAGACTTT-1,0.000056,0.20656,0.793384
AAATAGGGTGCTATTG-1,0.000044,0.808692,0.191264
AAATCCGATACACGCC-1,0.000027,0.99625,0.003724
AAATCGCGGAAGGAGT-1,0.000063,0.043188,0.956749
AAATCGTGTACCACAA-1,0.001274,0.000045,0.998681
AAATCTAGCCCTGCTA-1,0.000033,0.779877,0.220091
AAATCTGCCCGCGTCC-1,0.000083,0.044151,0.955766
AAATGACTGATCAAAC-1,0.000004,0.000004,0.999991
AAATGATTCGATCAGC-1,0.000031,0.004651,0.995319
AAATGCTCGTTACGTT-1,0.000053,0.00398,0.995966
AAATGGCATGTCTTGT-1,0.000028,0.084302,0.91567
AAATGGCCCGTGCCCT-1,0.00004,0.00004,0.99992
AAATGGTCAATGTGCC-1,0.00002,0.068853,0.931127
AAATGTATCTTATCCC-1,0.00005,0.001708,0.998242
AAATGTGGGTGCTCCT-1,0.000012,0.000012,0.999976
AAATTAACGGGTAGCT-1,0.000022,0.054635,0.945343
AAATTAATAAGCGCGA-1,0.000028,0.045813,0.954159
AAATTACACGACTCTG-1,0.001832,0.154858,0.84331
AAATTACCTATCGATG-1,0.000039,0.174936,0.825025
AAATTCCAGGTCCAAA-1,0.000014,0.010678,0.989308
AAATTGATAGTCCTTT-1,0.000028,0.032777,0.967194
AAATTGGTGAGAAGCA-1,0.000012,0.000012,0.999976
AAATTTACCGAAATCC-1,0.000022,0.000022,0.999957
AAATTTGCGGGTGTGG-1,0.00003,0.024776,0.975194
AACAACTGGTAGTTGC-1,0.000024,0.028199,0.971777
AACAATACATTGTCGA-1,0.000015,0.054912,0.945073
AACAATTACTCTACGC-1,0.000022,0.000022,0.999956
AACACACGCTCGCCGC-1,0.00169,0.627968,0.370343
AACACGACTGTACTGA-1,0.000022,0.000022,0.999955
AACACGAGACGCGGCC-1,0.00004,0.00004,0.999921
AACACGCGGCCGCGAA-1,0.000038,0.027601,0.972362
AACAGCTGTGTGGCAA-1,0.000022,0.000022,0.999957
AACAGGAAATCGAATA-1,0.000041,0.000041,0.999917
AACAGGATGGGCCGCG-1,0.000017,0.000017,0.999965
AACAGGTAGTATGGAT-1,0.000031,0.025356,0.974613
AACATAGCGTGTATCG-1,0.000019,0.843613,0.156369
AACATATCAACTGGTG-1,0.000015,0.029634,0.970351
AACATCGATACGTCTA-1,0.000011,0.019065,0.980924
AACATTGAAGTTGATC-1,0.000014,0.000014,0.999972
AACATTGTGACTCGAG-1,0.000021,0.000021,0.999958
AACCAAGACTTCTCTG-1,0.00003,0.00003,0.999941
AACCAGTATCACTCTT-1,0.00003,0.001503,0.998467
AACCATAGGGTTGAAC-1,0.000053,0.000053,0.999893
AACCATGGGATCGCTA-1,0.000077,0.000077,0.999846
AACCCAGAGACGGAGA-1,0.000017,0.000017,0.999967
AACCCATCCCATGATC-1,0.000035,0.000035,0.99993
AACCCGACAACCCGTG-1,0.000005,0.033503,0.966492
AACCCGAGCAGAATCG-1,0.000022,0.028618,0.97136
AACCCGATAGGGCTTC-1,0.00081,0.010086,0.989104
AACCCGCTGTATTCCA-1,0.000293,0.002021,0.997687
AACCCTACTGTCAATA-1,0.000052,0.67733,0.322618
AACCCTGGTGGAACCA-1,0.000018,0.000018,0.999964
AACCGAGCTTGGTCAT-1,0.000063,0.291793,0.708144
AACCGCTAAGGGATGC-1,0.000043,0.834295,0.165662
AACCGTTGTGTTTGCT-1,0.000052,0.000052,0.999896
AACCTAAAGCCGTCCG-1,0.000019,0.06077,0.939211
AACCTCGCTTTAGCCC-1,0.000057,0.887326,0.112617
AACCTGTCACGGAATT-1,0.000031,0.028471,0.971499
AACCTTTAAATACGGT-1,0.000029,0.269101,0.73087
AACCTTTACGACGTCT-1,0.00005,0.092296,0.907654
AACGAAAGTCGTCCCA-1,0.00004,0.008063,0.991897
AACGACCTCCTAGCCG-1,0.000018,0.083386,0.916597
AACGATAATGCCGTAG-1,0.000049,0.593354,0.406597
AACGATAGAAGGGCCG-1,0.000028,0.043286,0.956686
AACGATATGTCAACTG-1,0.000041,0.144762,0.855197
AACGCATGATCTGGGT-1,0.000033,0.025843,0.974125
AACGCGACCTTGGGCG-1,0.000034,0.013633,0.986332
AACGCGGTCTCCAGCC-1,0.000055,0.163154,0.836791
AACGCTGTTGCTGAAA-1,0.000026,0.630967,0.369008
AACGGACGTACGTATA-1,0.000047,0.826275,0.173678
AACGGCCATCTCCGGT-1,0.000023,0.083516,0.916461
AACGTACTGTGGGTAC-1,0.003411,0.049816,0.946773
AACGTAGTCTACCCAT-1,0.000023,0.019117,0.980859
AACGTCAGACTAGTGG-1,0.006455,0.000027,0.993518
AACGTCATCCGGCTTG-1,0.00001,0.038784,0.961206
AACGTCGCTGCACTTC-1,0.000033,0.129165,0.870802
AACGTGATGAAGGACA-1,0.000029,0.012581,0.98739
AACGTGCGAAAGTCTC-1,0.000055,0.550214,0.449731
AACGTTATCAGCACCT-1,0.00007,0.00007,0.999861
AACGTTCTACCATTGT-1,0.000007,0.000907,0.999086
AACTACCCGTTTGTCA-1,0.000055,0.123562,0.876384
AACTAGCGTATCGCAC-1,0.000013,0.000013,0.999973
AACTAGGCTTGGGTGT-1,0.00005,0.084865,0.915085
AACTCAAGTTAATTGC-1,0.000015,0.000015,0.99997
AACTCCAGAGCGTGTT-1,0.000058,0.859351,0.140591
AACTCCTAATCCCATG-1,0.000019,0.079751,0.92023
AACTCGATGGCGCAGT-1,0.000081,0.000081,0.999838
AACTCTCAATAGAGCG-1,0.000056,0.399363,0.600581
AACTCTCAGTGTGCTC-1,0.000027,0.002653,0.99732
AACTGAGGTCAGCGTC-1,0.000028,0.022165,0.977807
AACTGAGTTATACTGA-1,0.000015,0.136599,0.863385
AACTGATATTAGGCCT-1,0.000045,0.054237,0.945718
AACTGGGTCCCGACGT-1,0.000037,0.091015,0.908948
AACTGGGTTCGAGCCG-1,0.000035,0.012514,0.987451
AACTGGTGTGGGCCTT-1,0.000031,0.000031,0.999938
AACTTCTGCGTCTATC-1,0.000067,0.000067,0.999866
AACTTGCCCGTATGCA-1,0.000014,0.000014,0.999972
AACTTGCGTTCTCGCG-1,0.000084,0.000084,0.999831
AACTTTACGGGAGCTT-1,0.000053,0.000053,0.999894
AACTTTAGCTGCTGAG-1,0.000042,0.000042,0.999917
AACTTTCTCGATCATG-1,0.000016,0.00312,0.996864
AAGAAAGTTTGATGGG-1,0.00005,0.00005,0.999901
AAGAAATCACCAGATT-1,0.000024,0.056664,0.943312
AAGAAGGATCAGTTAG-1,0.000053,0.000053,0.999894
AAGACATACGTGGTTT-1,0.000008,0.007877,0.992115
AAGACCAAATAACTCA-1,0.00009,0.048675,0.951234
AAGACCCAACTGAACA-1,0.000037,0.022435,0.977528
AAGACTCACGCCCACT-1,0.000038,0.000038,0.999924
AAGACTGCAAGCTACT-1,0.00778,0.562889,0.42933
AAGAGATGAATCGGTA-1,0.000058,0.000058,0.999885
AAGAGCTCTTTATCGG-1,0.000029,0.476805,0.523166
AAGAGGATGTACGCGA-1,0.000022,0.000022,0.999956
AAGAGGCATGGATCGC-1,0.000035,0.753676,0.246289
AAGAGGCCCTTTGGAA-1,0.000057,0.113213,0.886729
AAGATGGCACCGGACC-1,0.000024,0.061631,0.938345
AAGATTGGCGGAACGT-1,0.000032,0.427393,0.572576
AAGCACCCTGCGTATC-1,0.00005,0.309252,0.690699
AAGCATACTCTCCTGA-1,0.001178,0.658945,0.339877
AAGCCACTTGCAGGTA-1,0.000013,0.025892,0.974095
AAGCCGAAGCGGTTTA-1,0.002546,0.421295,0.576159
AAGCCGCCGTGAAATC-1,0.000017,0.000017,0.999966
AAGCCGCTTTACCTTG-1,0.000041,0.067887,0.932072
AAGCCGGAGAGCAGGA-1,0.000009,0.000009,0.999982
AAGCGCAGGGCTTTGA-1,0.000053,0.790799,0.209148
AAGCGGAGTGCGCGCA-1,0.000025,0.000025,0.99995
AAGCGGCGTCATGGGT-1,0.000026,0.015871,0.984103
AAGCGTCCCTCATCGA-1,0.000024,0.000024,0.999952
AAGCTAGATCGAGTAA-1,0.000038,0.423955,0.576008
AAGCTATGGATTGACC-1,0.000029,0.043968,0.956003
AAGCTCGTGCCAAGTC-1,0.000054,0.766126,0.23382
AAGCTCTTTCATGGTG-1,0.000065,0.856288,0.143647
AAGGAGAACTTATAAG-1,0.000043,0.029033,0.970924
AAGGAGCGGTTGGTGC-1,0.000017,0.000017,0.999966
AAGGATCGATCGCTTG-1,0.000039,0.249559,0.750402
AAGGATGAGGGACCTC-1,0.000041,0.39638,0.603579
AAGGCAGGCTGTCTCC-1,0.000021,0.046483,0.953496
AAGGCGCGTAAAGCTT-1,0.000025,0.000025,0.99995
AAGGCTGTGCTCATCG-1,0.00004,0.006786,0.993173
AAGGGAACGACTGGCT-1,0.000018,0.000018,0.999965
AAGGGACAGATTCTGT-1,0.000076,0.112211,0.887713
AAGGGACTATGCATTC-1,0.000021,0.019923,0.980056
AAGGGTTAGCCATGCG-1,0.000007,0.030969,0.969025
AAGGGTTTGATTTCAG-1,0.000044,0.109107,0.89085
AAGGTATCCTAATATA-1,0.000074,0.328463,0.671463
AAGGTGATAAACCAGC-1,0.000047,0.823551,0.176402
AAGTAGAAGACCGGGT-1,0.000056,0.048379,0.951566
AAGTAGTGACGCGAGG-1,0.000021,0.002936,0.997043
AAGTCAATTGTCGTCA-1,0.00005,0.833065,0.166884
AAGTCTAGTAGCTGCC-1,0.000015,0.004096,0.995889
AAGTCTTCTGTGGCCT-1,0.000123,0.000123,0.999754
AAGTGACGACCGAATT-1,0.000057,0.000057,0.999886
AAGTGAGTCGGGTTTA-1,0.00003,0.048939,0.951031
AAGTGCAAAGGTAGAC-1,0.000044,0.000044,0.999912
AAGTGCCTTGACTGTA-1,0.000088,0.409425,0.590487
AAGTGCGTTAGAATCT-1,0.000018,0.000018,0.999965
AAGTGCTTCTCTATTG-1,0.000012,0.107268,0.89272
AAGTGTTTGGAGACGG-1,0.000068,0.841214,0.158718
AAGTTCACTCCAAGCT-1,0.000085,0.845789,0.154125
AAGTTCAGTCTGCGTA-1,0.000033,0.020755,0.979212
AAGTTCGGCCAACAGG-1,0.000019,0.003674,0.996307
AAGTTGTGATGTTATA-1,0.000031,0.299736,0.700233
AAGTTTACTAATGGCA-1,0.000724,0.053182,0.946095
AAGTTTATGGGCCCAA-1,0.000777,0.471998,0.527225
AATAACAACGCTCGGC-1,0.000018,0.000018,0.999963
AATAACACTAGAACAA-1,0.000021,0.01048,0.989499
AATAACGTCGCGCCCA-1,0.000011,0.151339,0.848649
AATAAGTCCTCGAGAC-1,0.000014,0.000014,0.999971
AATAATCTTCGTATCG-1,0.000036,0.013702,0.986263
AATACAATGTTTCAGG-1,0.0001,0.0001,0.999799
AATACCGGAGGGCTGT-1,0.000011,0.000011,0.999978
AATACCTGATGTGAAC-1,0.000021,0.947596,0.052383
AATAGAACAGAGTGGC-1,0.00002,0.00002,0.99996
AATAGAATCTGTTTCA-1,0.000048,0.662273,0.337679
AATAGCAAGCCTCCTG-1,0.000032,0.004367,0.995601
AATAGCTACCGCGTGC-1,0.000033,0.119352,0.880615
AATAGGCACGACCCTT-1,0.000014,0.000014,0.999971
AATAGTCCGTCCCGAC-1,0.000023,0.000023,0.999953
AATAGTCGCGAGTCGG-1,0.000073,0.028848,0.971079
AATATCAAGGTCGGAT-1,0.000073,0.000073,0.999853
AATATCCTAGCAAACT-1,0.000146,0.000146,0.999707
AATATCGAATCAATGC-1,0.00008,0.213147,0.786774
AATATCGAGGGTTCTC-1,0.00004,0.131622,0.868338
AATATTGGAGTATTGA-1,0.000049,0.033107,0.966845
AATCAGGTTTCATTTA-1,0.000006,0.000006,0.999988
AATCATGTAAAGACTC-1,0.000037,0.708899,0.291064
AATCCAAGGGCCTGAG-1,0.000038,0.000038,0.999925
AATCCCGCTCAGAGCC-1,0.000694,0.199275,0.800031
AATCGAGGTCTCAAGG-1,0.000021,0.943791,0.056187
AATCGCCTCAGCGCCA-1,0.000029,0.411335,0.588636
AATCGCGCAGAGGACT-1,0.000017,0.033291,0.966692
AATCGGGACACTACGA-1,0.000044,0.000044,0.999912
AATCGGTATAGCCCTC-1,0.142257,0.226525,0.631218
AATCGTGAGCCGAGCA-1,0.00002,0.950511,0.049469
AATCTAGGTTTACTTG-1,0.002475,0.000017,0.997508
AATCTATGCCGGAGCC-1,0.000027,0.000027,0.999946
AATCTCTACTGTGGTT-1,0.000039,0.000039,0.999922
AATCTGCGTTGGGACG-1,0.000045,0.651278,0.348677
AATCTGGCTTTCTAGT-1,0.000019,0.000019,0.999961
AATCTGGGTAGACCCT-1,0.000041,0.009014,0.990945
AATGACAGCAATGTCT-1,0.000025,0.045221,0.954754
AATGACGTAGGATGTC-1,0.000023,0.672591,0.327386
AATGACTGTCAGCCGG-1,0.000031,0.034922,0.965047
AATGAGTTCGCATATG-1,0.000081,0.000081,0.999837
AATGATGATACGCTAT-1,0.000045,0.13181,0.868145
AATGATGCGACTCCTG-1,0.000029,0.053705,0.946267
AATGCAACCGGGTACC-1,0.000028,0.004795,0.995177
AATGCACCAAGCAATG-1,0.000034,0.000034,0.999933
AATGGCCGCCAATGCG-1,0.00002,0.037118,0.962862
AATGGTCCACCGTTCA-1,0.000076,0.000076,0.999847
AATGGTTCTCACAAGC-1,0.000034,0.000034,0.999932
AATGTATGGCACTGTA-1,0.000049,0.040319,0.959632
AATGTGCCCGAGGTGT-1,0.000018,0.000018,0.999965
AATGTGCTAATCTGAG-1,0.000008,0.000008,0.999983
AATGTTAAGACCCTGA-1,0.000026,0.900794,0.09918
AATGTTGTCGTGAGAC-1,0.000036,0.219237,0.780727
AATTAAAGGTCGGCGT-1,0.000018,0.042368,0.957614
AATTAACGGATTTCCA-1,0.037229,0.06514,0.897631
AATTACGAGACCCATC-1,0.000076,0.039727,0.960197
AATTAGCGCTGCAGCG-1,0.000051,0.20427,0.795679
AATTATACCCAGCAAG-1,0.000027,0.720601,0.279372
AATTCATAAGGGATCT-1,0.00004,0.151339,0.848621
AATTCATTGTCATGCA-1,0.000032,0.030557,0.969411
AATTCCAAGCATGTAC-1,0.00002,0.020274,0.979706
AATTCGATTCGAGGAT-1,0.000041,0.926471,0.073488
AATTCTAGAGTTAGGC-1,0.000053,0.391455,0.608492
AATTGAACGCTCTGGT-1,0.000084,0.755264,0.244652
AATTGCAGCAATCGAC-1,0.000019,0.713659,0.286322
AATTGCGTGGATTACA-1,0.000044,0.046917,0.95304
AATTGTGGTTGCCAAA-1,0.000013,0.044895,0.955092
AATTTGGGACATAGTA-1,0.000023,0.014882,0.985095
AATTTGGTTCCAAAGA-1,0.000045,0.097081,0.902874
ACAAACCATGCGTCCT-1,0.000012,0.000012,0.999976
ACAAACCGACAAGGCG-1,0.000472,0.000017,0.999511
ACAAACTCCATCAGAG-1,0.000007,0.028571,0.971422
ACAAAGAAGGTAGGCC-1,0.000153,0.021394,0.978452
ACAAAGCATGACCTAG-1,0.000015,0.462496,0.537488
ACAAATCGCACCGAAT-1,0.000029,0.956207,0.043764
ACAAATGGTAGTGTTT-1,0.000034,0.870392,0.129574
ACAAATTCAGATCTGA-1,0.000031,0.000031,0.999938
ACAACAGCATGAGCTA-1,0.000042,0.526214,0.473744
ACAACGGTCCCTGCGA-1,0.000057,0.000057,0.999887
ACAAGCAGTGCCTAGC-1,0.000017,0.000017,0.999965
ACAAGCTATATGGAAG-1,0.000069,0.034752,0.965179
ACAAGGAAATCCGCCC-1,0.000021,0.637474,0.362505
ACAAGGACAAGAGGTT-1,0.000016,0.000016,0.999967
ACAAGGATGCTTTAGG-1,0.000033,0.811794,0.188173
ACAAGGCCTACCAGCC-1,0.000023,0.000023,0.999955
ACAAGGGCAGGCTCTG-1,0.000942,0.708524,0.290534
ACAAGTAATTGTAAGG-1,0.000027,0.000027,0.999946
ACAATAGTCGTACGTT-1,0.000063,0.000063,0.999873
ACAATCCATTTAAACC-1,0.000038,0.000038,0.999925
ACAATCGATCTTTATA-1,0.000046,0.000046,0.999907
ACAATGAATACGGAGA-1,0.000029,0.000029,0.999943
ACAATGATTCTTCTAC-1,0.000035,0.000035,0.99993
ACAATTGTGTCTCTTT-1,0.000042,0.735613,0.264345
ACAATTTAGGAGGCTC-1,0.000038,0.049302,0.95066
ACAATTTGAGCAGTGG-1,0.000086,0.343803,0.656111
ACAATTTGGCCATATT-1,0.00039,0.073851,0.925759
ACACAAAGACGGGTGG-1,0.000041,0.027414,0.972545
ACACAAATATTCCTAG-1,0.000021,0.027838,0.972142
ACACACCAGGACCAGT-1,0.000064,0.77482,0.225116
ACACACTTTCTACACG-1,0.000026,0.000026,0.999948
ACACATGATCAAATCT-1,0.000841,0.000009,0.99915
ACACATTTCCGTAGAC-1,0.000053,0.625573,0.374375
ACACCACATAATTAGC-1,0.000012,0.064514,0.935474
ACACCCAGCATGCAGC-1,0.000039,0.000039,0.999921
ACACCCGAGAAATCCG-1,0.000028,0.000028,0.999944
ACACCGGTCTGACCGC-1,0.000623,0.000015,0.999362
ACACCTTAAGTAGGGC-1,0.000036,0.028565,0.971399
ACACCTTACTACTTGC-1,0.003897,0.146809,0.849295
ACACGAGACTCCTTCT-1,0.000036,0.252557,0.747406
ACACGGCACTATGCAT-1,0.000026,0.008942,0.991032
ACACGGGAACTTAGGG-1,0.000044,0.330974,0.668982
ACACGTAGGCCACAAG-1,0.000015,0.04857,0.951415
ACACTCCAATGTCACT-1,0.000054,0.000054,0.999892
ACACTGATCAAGGTGT-1,0.000032,0.185799,0.814169
ACACTGGGACAGTCGT-1,0.000032,0.081885,0.918083
ACAGAACTGAGAACAA-1,0.000019,0.003048,0.996932
ACAGATTAGGTTAGTG-1,0.000024,0.000024,0.999952
ACAGCATAGAGCCAGT-1,0.000023,0.000023,0.999954
ACAGCGACATTCTCAT-1,0.00006,0.92141,0.07853
ACAGCGCACCCGCAGC-1,0.000049,0.053497,0.946454
ACAGGCACGGATCCTT-1,0.000019,0.918688,0.081293
ACAGGCTTGCCCGACT-1,0.000043,0.626764,0.373194
ACAGGTGGAGGTGAGG-1,0.000013,0.010272,0.989714
ACAGGTGTGTTGTTGC-1,0.000811,0.304062,0.695127
ACAGTAATACAACTTG-1,0.000019,0.000019,0.999963
ACAGTATACCGTGGGA-1,0.000029,0.011405,0.988566
ACAGTGCAGCGCATTT-1,0.000014,0.067419,0.932567
ACATAAGTCGTGGTGA-1,0.000049,0.000049,0.999902
ACATAATAAGGCGGTG-1,0.000025,0.01577,0.984205
ACATACAATCAAGCGG-1,0.000015,0.825723,0.174261
ACATCAGCTGGGACGC-1,0.000023,0.000023,0.999954
ACATCCCGGCCATACG-1,0.000018,0.000018,0.999963
ACATCCTGGTAACTGT-1,0.000031,0.538458,0.461511
ACATCGATCGTTTACC-1,0.000059,0.230811,0.769129
ACATCGCAATATTCGG-1,0.000021,0.000021,0.999959
ACATCGGTCAGCCGCG-1,0.000027,0.000027,0.999946
ACATCGTATGCAATGG-1,0.000033,0.376262,0.623705
ACATCGTTAACCTAGT-1,0.000045,0.000045,0.99991
ACATCTCAACGCGTAA-1,0.000036,0.000036,0.999928
ACATGCTTACGGCAGC-1,0.001325,0.000012,0.998663
ACATGGCGCCAAAGTA-1,0.00008,0.41897,0.58095
ACATTAGTTTATATCC-1,0.00004,0.159038,0.840922
ACATTCGCGCGGAATA-1,0.000013,0.000013,0.999974
ACATTTGAAACCTAAC-1,0.000017,0.523081,0.476902
ACCAAACACCCAGCGA-1,0.000014,0.033773,0.966212
ACCAAACTAGAAATCC-1,0.000027,0.000027,0.999946
ACCAACACCACACACT-1,0.000022,0.037849,0.962129
ACCAACCGCACTCCAC-1,0.000023,0.633186,0.366791
ACCAACGCTTATTTAT-1,0.000017,0.019345,0.980638
ACCAAGAACGCGTGTC-1,0.000025,0.127324,0.872651
ACCAAGTCATCGGCAG-1,0.000033,0.672364,0.327603
ACCAATATGCAAGTTA-1,0.000061,0.8864,0.11354
ACCACAACTCAGAACA-1,0.000028,0.000028,0.999945
ACCACAAGTTTCTATC-1,0.000029,0.000029,0.999943
ACCACACGGTTGATGG-1,0.000026,0.989739,0.010235
ACCACCAATGTAACAA-1,0.00006,0.317747,0.682192
ACCACCCTCTCTTCTA-1,0.000011,0.039882,0.960106
ACCACGTGCAGCTATA-1,0.000042,0.891118,0.10884
ACCAGACCATAACAAC-1,0.00017,0.00017,0.999659
ACCAGCCCGGTCTTTG-1,0.000015,0.000015,0.99997
ACCAGGAGTGTGATCT-1,0.000048,0.000048,0.999904
ACCAGTGCCCGGTCAA-1,0.000644,0.013031,0.986325
ACCAGTGCGGGAGACG-1,0.000033,0.680642,0.319325
ACCATATCCGCAATAA-1,0.000036,0.192438,0.807525
ACCATCCGCCAACTAG-1,0.000025,0.000025,0.999949
ACCATCGTATATGGTA-1,0.00616,0.021857,0.971983
ACCCAACGCCCGTGGC-1,0.000035,0.406636,0.593328
ACCCACCTACATGCTC-1,0.000022,0.033574,0.966404
ACCCATCTTGAGGGTA-1,0.000025,0.003617,0.996358
ACCCATTTGTCCCTCT-1,0.000044,0.86258,0.137376
ACCCGAGCGAAATTAC-1,0.000026,0.000026,0.999948
ACCCGATTGGTTCCGA-1,0.000005,0.000005,0.999991
ACCCGGAAACTCCCAG-1,0.000028,0.126149,0.873824
ACCCGGAGCACCACAA-1,0.00002,0.070871,0.929109
ACCCGGATGACGCATC-1,0.000071,0.600641,0.399288
ACCCGGTTACACTTCC-1,0.000026,0.000026,0.999947
ACCCGTAGCAGAGAAT-1,0.000041,0.000041,0.999919
ACCCGTAGTCTAGTTG-1,0.000019,0.022585,0.977397
ACCCGTGTCATCAGTA-1,0.000025,0.000025,0.999949
ACCCTATAGGACTGAG-1,0.000046,0.000046,0.999907
ACCCTATGCCATATCG-1,0.000029,0.074096,0.925875
ACCCTCCCGTCAGGGC-1,0.000025,0.98953,0.010444
ACCCTCCCTTGCTATT-1,0.000074,0.608246,0.39168
ACCCTGGTAACGCCCT-1,0.000025,0.002929,0.997046
ACCCTTCATCTGCGAA-1,0.000053,0.000053,0.999895
ACCCTTGCCTGGGTCG-1,0.000016,0.000016,0.999968
ACCCTTTAGTTCTCCA-1,0.000018,0.000018,0.999965
ACCGAAAGGGCCCTGC-1,0.000032,0.000032,0.999936
ACCGAAGAGTCTGGTT-1,0.000026,0.028317,0.971657
ACCGACACATCTCCCA-1,0.000052,0.489806,0.510142
ACCGACTGAGTCCCAC-1,0.000643,0.273953,0.725405
ACCGAGTCTCCTTATT-1,0.000026,0.999741,0.000233
ACCGATAGGCATAACC-1,0.000015,0.073653,0.926332
ACCGATATTTAATCAT-1,0.000012,0.000012,0.999977
ACCGATGGTAGCATCG-1,0.000047,0.83095,0.169003
ACCGCAATAACTGCCT-1,0.000026,0.928215,0.071759
ACCGCGGTGGAAGTCG-1,0.00009,0.399628,0.600283
ACCGCTAGTCATTGGT-1,0.000023,0.016727,0.983249
ACCGGGCCTTTGTTGA-1,0.000068,0.660432,0.339499
ACCGGTCAGGTACACC-1,0.000008,0.012749,0.987244
ACCGGTCTGAGTACGG-1,0.00002,0.00002,0.99996
ACCGTCCACTGGGCCC-1,0.000083,0.040064,0.959853
ACCGTGACCACGTGGG-1,0.000024,0.017214,0.982762
ACCGTTCCCGCTCTGA-1,0.000019,0.000019,0.999961
ACCTAAGTACCTTTCA-1,0.000059,0.016816,0.983125
ACCTAATCGACTTCCT-1,0.000047,0.000047,0.999906
ACCTACAGTATGTGGT-1,0.000804,0.028489,0.970708
ACCTACTATAAATCTA-1,0.000018,0.07699,0.922992
ACCTCAGCGAGGCGCA-1,0.000013,0.791706,0.208281
ACCTCCGCCCTCGCTG-1,0.000059,0.443975,0.555966
ACCTCCGTTATTCACC-1,0.000018,0.059759,0.940223
ACCTCGAACTTATGCT-1,0.000027,0.000027,0.999946
ACCTGCGTGTCATGTT-1,0.000031,0.000031,0.999939
ACCTTTCCTTTAGAAG-1,0.000017,0.000017,0.999966
ACGAAATGGGCGGCAC-1,0.000016,0.000016,0.999969
ACGACCCATGAGTTGC-1,0.000014,0.000868,0.999118
ACGACTCTAGGGCCGA-1,0.000034,0.922644,0.077322
ACGACTGGTCATACTC-1,0.000008,0.000008,0.999984
ACGAGAACCCATCACG-1,0.000085,0.000085,0.999829
ACGAGATATTTGCTTA-1,0.000025,0.020796,0.979179
ACGAGGATACCACTCT-1,0.000033,0.000033,0.999934
ACGAGGTTTACAACGT-1,0.000019,0.000019,0.999962
ACGAGTACGGATGCCC-1,0.000023,0.047657,0.95232
ACGATACATAGAACTA-1,0.000066,0.171343,0.828591
ACGATACCTATCCTGA-1,0.000133,0.102934,0.896934
ACGATCATACATAGAG-1,0.000032,0.112382,0.887586
ACGATCATCTTGTAAA-1,0.000029,0.252948,0.747023
ACGATGCATATGTTAT-1,0.000025,0.008563,0.991411
ACGATGGATCCGATGC-1,0.000033,0.054164,0.945803
ACGCAAACTAATAGAT-1,0.000038,0.007141,0.992821
ACGCAATCACTACAGC-1,0.000045,0.11584,0.884115
ACGCATAAATGACATG-1,0.000026,0.000026,0.999947
ACGCATACGTTTACTA-1,0.00004,0.624084,0.375875
ACGCATTCGTGAGTAC-1,0.000021,0.093234,0.906745
ACGCCACTCGAAACAG-1,0.000031,0.534991,0.464978
ACGCCAGATGATTTCT-1,0.000055,0.034486,0.965459
ACGCCAGTGCGTTTGC-1,0.000036,0.845896,0.154068
ACGCCCAGCTGTCGAT-1,0.000023,0.000023,0.999955
ACGCCGCTAGACGACC-1,0.000041,0.753312,0.246647
ACGCGAAGTCAGACGA-1,0.000041,0.220731,0.779228
ACGCGCTACACAGGGT-1,0.000029,0.000029,0.999943
ACGCGGGCCAAGGACA-1,0.000039,0.428913,0.571049
ACGCGTTTCTTAAGAG-1,0.000133,0.063112,0.936755
ACGCTACTGAATGGGC-1,0.000007,0.057808,0.942185
ACGCTAGTGATACACT-1,0.000413,0.121433,0.878155
ACGCTGTGAGGCGTAG-1,0.000023,0.000023,0.999954
ACGCTTAGTGTCTCTC-1,0.000033,0.005305,0.994662
ACGGAACACGAGTGCC-1,0.000022,0.74533,0.254648
ACGGAATTTAGCAAAT-1,0.000064,0.000064,0.999872
ACGGACGCAGCGACAA-1,0.000465,0.000017,0.999517
ACGGACTCTCAAAGCG-1,0.001804,0.840991,0.157206
ACGGAGCGCAAATTAC-1,0.000032,0.030549,0.969419
ACGGATGGTGCGGATA-1,0.000026,0.431676,0.568298
ACGGCACTTGCTTGGG-1,0.00003,0.035779,0.964191
ACGGCCAACATGGACT-1,0.000031,0.042009,0.957961
ACGGCGACGATGGGAA-1,0.000033,0.808764,0.191203
ACGGCGGGTTGCCCTG-1,0.000046,0.035461,0.964492
ACGGCTGGATGTAGAA-1,0.00004,0.043665,0.956295
ACGGGAGTGTCGGCCC-1,0.000024,0.060979,0.938997
ACGGGCGTATGCGACA-1,0.000014,0.000014,0.999971
ACGGGTTGTGACCTGT-1,0.000072,0.019278,0.98065
ACGGTACAGTTCAATG-1,0.000035,0.819305,0.18066
ACGGTCACCGAGAACA-1,0.000025,0.000025,0.99995
ACGTACAGATTTCTCT-1,0.000059,0.051137,0.948804
ACGTACTTTGGCACGG-1,0.000014,0.000014,0.999971
ACGTAGATTGCTGATG-1,0.001587,0.48067,0.517743
ACGTAGGAGAGTCGCT-1,0.000032,0.867507,0.132461
ACGTATTACTCCGATC-1,0.000055,0.72381,0.276135
ACGTCCTAAACGAGAT-1,0.001316,0.000026,0.998658
ACGTCGGGCAACTCGG-1,0.000047,0.017128,0.982825
ACGTCTCGTTCCGGGA-1,0.000159,0.013715,0.986127
ACGTGACAAAGTAAGT-1,0.00013,0.00013,0.999739
ACGTGCGCCTCGTGCA-1,0.000044,0.000044,0.999913
ACGTGGTCGAATGTGC-1,0.000041,0.023062,0.976897
ACGTTAATGTCGAAGA-1,0.000043,0.643158,0.356798
ACGTTAGATTTGCCCG-1,0.000014,0.001939,0.998047
ACGTTATTGGTCACTC-1,0.000077,0.030179,0.969745
ACGTTCACTATGCCGC-1,0.000008,0.000008,0.999984
ACGTTCCGCGCTCCGT-1,0.000021,0.000021,0.999958
ACGTTCGCAATCAATT-1,0.000015,0.000015,0.999969
ACGTTCGTTCAGGAAA-1,0.000018,0.01898,0.981001
ACGTTCTGTACAAGTC-1,0.000038,0.999622,0.00034
ACGTTGTCGTTGAAAG-1,0.000023,0.008295,0.991682
ACGTTTAGTTGTGATC-1,0.000035,0.03352,0.966445
ACGTTTCGGTGCACTT-1,0.000008,0.053518,0.946474
ACTAAGGACGCACACC-1,0.000023,0.018995,0.980982
ACTAATACGTCAGGCG-1,0.000058,0.055787,0.944154
ACTACAAAGAGAGGTG-1,0.000014,0.004212,0.995774
ACTACATCCCGACAAG-1,0.000022,0.000022,0.999957
ACTACCAGCTCTCTGG-1,0.000036,0.000036,0.999928
ACTACCATCCGAGGGC-1,0.000008,0.000008,0.999983
ACTACGCGTTAGAATT-1,0.000045,0.016201,0.983754
ACTAGTTGCGATCGTC-1,0.000086,0.455397,0.544517
ACTATATGCTGTGTTC-1,0.000054,0.03934,0.960606
ACTATCCAGGGCATGG-1,0.000086,0.215787,0.784127
ACTATCTGCCCGCGTA-1,0.000019,0.026114,0.973867
ACTATGTCCAGCTGCC-1,0.00004,0.00004,0.999919
ACTATTCGTCCGTGGT-1,0.000029,0.059983,0.939988
ACTATTTCCGGGCCCA-1,0.000023,0.032701,0.967276
ACTCAACGAATGTATT-1,0.000051,0.002628,0.997321
ACTCAAGTGCAAGGCT-1,0.000076,0.868623,0.131302
ACTCAATAAAGGCACG-1,0.001922,0.096279,0.9018
ACTCAGACCTGCTTCT-1,0.000031,0.000031,0.999937
ACTCATGGCAGCCTTC-1,0.000018,0.000018,0.999965
ACTCCAATATCATCAT-1,0.000026,0.006672,0.993302
ACTCCCATTCCTAAAG-1,0.000024,0.000024,0.999952
ACTCCCGAATTCGTTT-1,0.000057,0.442122,0.557821
ACTCCCGTAGACTAGG-1,0.004611,0.015799,0.97959
ACTCCCTAATGCTAAA-1,0.000049,0.608934,0.391017
ACTCCCTAGAATAGTA-1,0.000044,0.615511,0.384445
ACTCCGGCCGACCACT-1,0.000024,0.808042,0.191935
ACTCGATGTATTTCAT-1,0.000044,0.022734,0.977222
ACTCGCCGTTCGATAA-1,0.000026,0.060482,0.939493
ACTCGCGATCTGACGC-1,0.000024,0.047575,0.952401
ACTCGTAACCCGTCCT-1,0.000047,0.023592,0.976361
ACTCGTCAGTAATCCC-1,0.000046,0.626242,0.373712
ACTCTAAACCTGGGAT-1,0.000099,0.021314,0.978587
ACTCTCTGACTTAGGT-1,0.00004,0.864886,0.135075
ACTCTCTTATACACGA-1,0.000019,0.10847,0.89151
ACTCTGACCTAATAGA-1,0.000017,0.724413,0.275571
ACTCTTCAGCTCCCGC-1,0.000025,0.030411,0.969564
ACTCTTGTATAGTAAC-1,0.000038,0.55144,0.448523
ACTGAAACGCCGTTAG-1,0.000035,0.716025,0.28394
ACTGAATGGCGAAAGT-1,0.000072,0.746918,0.25301
ACTGATTTAGTGATTC-1,0.000029,0.000029,0.999943
ACTGCCCGCCATTCTC-1,0.00001,0.00001,0.99998
ACTGCCGTCGTAACTC-1,0.000025,0.000025,0.99995
ACTGCGGACACACCGT-1,0.00001,0.00001,0.99998
ACTGCTCGGAAGGATG-1,0.001903,0.00004,0.998057
ACTGGCGAACCTGCGT-1,0.000022,0.000022,0.999956
ACTGGGATGCCAGTGC-1,0.000023,0.288637,0.71134
ACTGTACGATACACAT-1,0.000042,0.503551,0.496407
ACTGTAGCACTTTGGA-1,0.000034,0.000034,0.999931
ACTGTATACGCGAGCA-1,0.000019,0.000019,0.999961
ACTGTCCAGGATTATA-1,0.000047,0.087877,0.912077
ACTGTCTTCTTTAGAA-1,0.000041,0.265702,0.734257
ACTGTGCTAGTAGATC-1,0.000027,0.000027,0.999945
ACTGTTTAGTGTAGGC-1,0.000053,0.000053,0.999894
ACTTACCGGGCGCGCA-1,0.000029,0.035408,0.964562
ACTTACGCATCCACGC-1,0.000038,0.873939,0.126023
ACTTAGTACGACAAGA-1,0.000043,0.000043,0.999914
ACTTATACTTACCCGG-1,0.000044,0.597037,0.402919
ACTTATTAGGATCGGT-1,0.000014,0.002421,0.997565
ACTTATTTATGTGCCA-1,0.000069,0.75551,0.244421
ACTTCAGGCTGATCCC-1,0.00006,0.665972,0.333968
ACTTCCAGTGGAAGCT-1,0.000108,0.000108,0.999784
ACTTCCATGCGGGACA-1,0.000052,0.97717,0.022778
ACTTCGCCATACGCAC-1,0.00916,0.435801,0.55504
ACTTCGCTAGCGAGTG-1,0.000013,0.03098,0.969007
ACTTGACTCCCTCTTT-1,0.000031,0.378265,0.621704
ACTTGCCATATTGTAC-1,0.000021,0.000021,0.999957
ACTTGCTCTATCTACC-1,0.000074,0.055642,0.944284
ACTTGGGACCCGGTGG-1,0.000014,0.000014,0.999973
ACTTGGGCTTTCGCCA-1,0.000454,0.835859,0.163686
ACTTGTAGTCCCTTCA-1,0.000072,0.000072,0.999855
ACTTGTGGATGGAACG-1,0.00008,0.459737,0.540182
ACTTGTTACCGGATCA-1,0.000013,0.048551,0.951436
ACTTTACCCTCATGAA-1,0.007389,0.061193,0.931418
ACTTTATACACCACTT-1,0.000052,0.000052,0.999896
ACTTTCCTATAGCTTC-1,0.002934,0.223609,0.773457
ACTTTGACTGCATCCT-1,0.000025,0.000025,0.999951
ACTTTGGTCGTGCTCC-1,0.000014,0.000014,0.999971
ACTTTGTCGACGCACT-1,0.000049,0.126125,0.873826
AGAAATTATGACTCGC-1,0.000035,0.052035,0.94793
AGAACACGGCGATGGT-1,0.000037,0.001316,0.998648
AGAACCCAGCGTGACA-1,0.000033,0.047811,0.952157
AGAACCCTCAATTGGG-1,0.000033,0.000033,0.999934
AGAACGTGGTACATTC-1,0.000049,0.364626,0.635326
AGAACTGTACTTTGTA-1,0.000038,0.913956,0.086006
AGAAGAGCGCCGTTCC-1,0.000321,0.583821,0.415858
AGAAGGTACACTTCAC-1,0.000027,0.000027,0.999946
AGAAGGTTGCCGAATT-1,0.000039,0.021242,0.97872
AGAAGGTTGTAGGTCG-1,0.000072,0.839195,0.160733
AGAAGTGATTCGTGAT-1,0.000033,0.000308,0.999659
AGAATAAATCTTCAGG-1,0.000016,0.000016,0.999968
AGAATACAGGCTATCC-1,0.000037,0.816162,0.183801
AGAATGCGGGTTCGGA-1,0.000021,0.067806,0.932174
AGAATTATGGATTCGA-1,0.000022,0.072258,0.92772
AGAATTGTTTGACATA-1,0.000068,0.000068,0.999863
AGACAGCTCAGAATCC-1,0.000064,0.000064,0.999871
AGACAGGCATCTCAGC-1,0.00002,0.076745,0.923235
AGACATAGATCCTTCC-1,0.000051,0.000051,0.999898
AGACCAAACCACACCT-1,0.000027,0.000027,0.999945
AGACCATGGGATACAA-1,0.000022,0.000022,0.999956
AGACCCACCGCTGATC-1,0.00004,0.558686,0.441274
AGACCCGCCCTCCTCG-1,0.00003,0.003198,0.996772
AGACCGCTCCGCGGTT-1,0.000035,0.038636,0.961329
AGACCGGGAAACCCTG-1,0.000482,0.000018,0.9995
AGACGAAGTGCCGGTC-1,0.000068,0.933581,0.066352
AGACGACGATGCCGCT-1,0.000023,0.029065,0.970912
AGACGCCCACTTCGCC-1,0.00002,0.137196,0.862784
AGACGGGATTGGTATA-1,0.000027,0.000027,0.999945
AGACGGGCCGATTTAA-1,0.000028,0.000028,0.999945
AGACTAGCCTTCCAGA-1,0.000021,0.06261,0.937369
AGACTGTTACCGGGTC-1,0.001284,0.097794,0.900922
AGAGAAACACCAGAAA-1,0.000008,0.035215,0.964777
AGAGAACCGTCTAGGA-1,0.001062,0.114119,0.884819
AGAGAAGGAGTACAAT-1,0.000021,0.008986,0.990994
AGAGATCTCTAAAGCG-1,0.000026,0.000026,0.999948
AGAGCAGTTATGAGAC-1,0.000046,0.000046,0.999907
AGAGCCGCCGAGATTT-1,0.000029,0.129213,0.870757
AGAGCGCTTGTAACGG-1,0.000011,0.000011,0.999978
AGAGCGGGCTAATCAT-1,0.000027,0.016557,0.983416
AGAGCGTACAAGCTCG-1,0.000063,0.000063,0.999873
AGAGGCTTCGGAAACC-1,0.000049,0.396436,0.603515
AGAGGGACAATTGTCC-1,0.000053,0.00874,0.991207
AGAGGTATCTCGGTCC-1,0.000139,0.000139,0.999722
AGAGTAAACTTCACTA-1,0.000059,0.190055,0.809886
AGAGTATAGTGTTACG-1,0.000039,0.066405,0.933556
AGAGTCTTAATGAAAG-1,0.000008,0.006271,0.99372
AGAGTTAGAGACCGAT-1,0.000041,0.000041,0.999917
AGAGTTGCAGGCCTCC-1,0.000804,0.009764,0.989432
AGATAACTTCAGGGCC-1,0.002428,0.032433,0.965138
AGATAATCACACCTAT-1,0.000039,0.000039,0.999922
AGATACCAATAGAACC-1,0.000017,0.048713,0.95127
AGATACCAGCACTTCA-1,0.000019,0.000019,0.999962
AGATACCGGTGTTCAC-1,0.00002,0.006954,0.993026
AGATACGACTTCATAT-1,0.000028,0.000028,0.999944
AGATACTCAAGATCGA-1,0.001102,0.76516,0.233738
AGATATAATACGACTA-1,0.00003,0.51366,0.486311
AGATCGTGCATAAGAT-1,0.000029,0.090615,0.909355
AGATCTCAGGTGTGAT-1,0.000059,0.722118,0.277824
AGATCTGGAGAGGATA-1,0.00005,0.044474,0.955476
AGATGACTCGCCCACG-1,0.000022,0.03323,0.966749
AGATGAGGGTTGCGAT-1,0.000036,0.07819,0.921774
AGATGATGGAGTCTGG-1,0.000064,0.339445,0.660491
AGATGCAAGACGTGCA-1,0.000036,0.000036,0.999927
AGATGCATCCTGTGTC-1,0.00015,0.062715,0.937135
AGATTATAGGACGTTT-1,0.00005,0.00005,0.9999
AGATTCAAGCGGGTCG-1,0.00006,0.002944,0.996996
AGATTCACAACCGATA-1,0.000011,0.000011,0.999978
AGCAAAGGCCGCTAGT-1,0.000041,0.748852,0.251106
AGCAACATATCTTATT-1,0.000044,0.781861,0.218096
AGCAACCGAAAGTAAT-1,0.000022,0.000022,0.999956
AGCACACGTTTAGACT-1,0.000023,0.000023,0.999954
AGCACCAGTACTCACG-1,0.000056,0.097322,0.902622
AGCACTACCGGCCTGT-1,0.000098,0.000098,0.999805
AGCACTACCTCACCAG-1,0.000044,0.795499,0.204458
AGCACTTAAGGACGCC-1,0.000017,0.000017,0.999967
AGCAGAAGGAGAAAGA-1,0.000031,0.349756,0.650213
AGCAGCCAGATGAATA-1,0.000043,0.059718,0.940239
AGCAGTCGAAGCATGC-1,0.000022,0.834464,0.165514
AGCATATCAATATGCT-1,0.000045,0.794919,0.205035
AGCATCATTTCGAAAG-1,0.00006,0.00006,0.99988
AGCATCGTCGATAATT-1,0.000031,0.000031,0.999938
AGCATTACGAGGCAAG-1,0.000035,0.712287,0.287677
AGCCAAGCTTTGTGTC-1,0.000911,0.023333,0.975755
AGCCACAGGTTACCCG-1,0.000049,0.887751,0.112201
AGCCACTCCCGTGCTT-1,0.000086,0.076369,0.923545
AGCCATATAGTATGTG-1,0.000063,0.434502,0.565435
AGCCCATACATGTAAG-1,0.001501,0.000043,0.998456
AGCCCGCAACAAGCAG-1,0.000011,0.000895,0.999094
AGCCCGCACTACAATG-1,0.000031,0.090587,0.909381
AGCCCGGCATTAGAGG-1,0.000017,0.020377,0.979606
AGCCCGGTAGCCTGTA-1,0.000019,0.000019,0.999962
AGCCCTAAGCGAAGTT-1,0.000024,0.047898,0.952078
AGCCCTCCCTGGTGGC-1,0.000008,0.019386,0.980606
AGCCCTGTCGCACCGT-1,0.000026,0.030247,0.969727
AGCCCTTCTAATCCGA-1,0.000018,0.063025,0.936957
AGCCCTTGGACATCCC-1,0.000018,0.049257,0.950724
AGCCGCAAATTCAAAT-1,0.000141,0.030455,0.969404
AGCCGTGGCTAAATGT-1,0.000024,0.000024,0.999952
AGCCTAATACCCACGT-1,0.000017,0.000017,0.999966
AGCCTTAAAGCGGAAG-1,0.000054,0.000054,0.999891
AGCCTTGTCACTGATA-1,0.000046,0.000046,0.999909
AGCGACAGGAACGGTC-1,0.00314,0.037258,0.959601
AGCGACATCCCATTCA-1,0.000041,0.000041,0.999917
AGCGACCAACGATATT-1,0.000798,0.00003,0.999172
AGCGACTTTGAAGACA-1,0.000009,0.00078,0.99921
AGCGAGACGTGAAGGC-1,0.00003,0.00003,0.999939
AGCGATGCGCCTAATA-1,0.000037,0.453146,0.546817
AGCGCATAATGAATCG-1,0.000031,0.000031,0.999938
AGCGCGGGTGCCAATG-1,0.000035,0.109155,0.89081
AGCGCTAGAGCGATGT-1,0.000012,0.049274,0.950714
AGCGCTTATGGGCAAG-1,0.000021,0.026888,0.973091
AGCGGACACTTCGTAG-1,0.000047,0.084737,0.915216
AGCGGCGGTTAGCGGT-1,0.000041,0.000041,0.999918
AGCGGGAAGGGTCCAT-1,0.001753,0.00003,0.998217
AGCGGGTCTGACACTC-1,0.000019,0.255387,0.744595
AGCGGTTGAGATGTAC-1,0.000028,0.000028,0.999943
AGCGGTTGCCGCTCTG-1,0.000016,0.02044,0.979543
AGCGTCTGAACCCGCA-1,0.000048,0.000048,0.999903
AGCGTGGTATTCTACT-1,0.000111,0.653423,0.346466
AGCGTTCCGATTTAAA-1,0.000032,0.004062,0.995906
AGCTAACAAGCAATGT-1,0.000017,0.018318,0.981665
AGCTAAGCTCCGTCCG-1,0.000014,0.008137,0.991849
AGCTAAGTACGCAGGC-1,0.00003,0.942777,0.057193
AGCTACGAATGGTGGT-1,0.000371,0.136229,0.863401
AGCTAGAAGCAGAAGT-1,0.000024,0.029984,0.969991
AGCTATTTAATCCAAC-1,0.000027,0.000027,0.999947
AGCTCCATATATGTTC-1,0.000051,0.139203,0.860747
AGCTCCTTCGCACATC-1,0.000038,0.854066,0.145897
AGCTCGTTGATGGAAA-1,0.000019,0.000019,0.999962
AGCTCTAGACGTTCCA-1,0.000045,0.673534,0.32642
AGCTCTTCCCAGTGCA-1,0.000051,0.058359,0.94159
AGCTCTTCGTAACCTT-1,0.000128,0.283327,0.716545
AGCTCTTTACTCAGTT-1,0.00003,0.006085,0.993885
AGCTGAAGTAAACCAA-1,0.000013,0.186308,0.813679
AGCTGCATTTGAGGTG-1,0.000021,0.053342,0.946638
AGCTGCTGTGCCGAAT-1,0.000052,0.024125,0.975824
AGCTGTAACCTCAATC-1,0.00004,0.051118,0.948842
AGCTTATAGAGACCTG-1,0.000021,0.000021,0.999959
AGCTTCAATACTTTGA-1,0.023933,0.00002,0.976047
AGCTTCTTCTCGAGCA-1,0.000035,0.793065,0.2069
AGCTTGATCAGGGTAG-1,0.000024,0.003991,0.995985
AGCTTGATCTTAACTT-1,0.000027,0.000027,0.999946
AGGAACGAACGACTTC-1,0.000017,0.059708,0.940275
AGGAAGCTGTCCGCCG-1,0.001366,0.456826,0.541808
AGGACAGTCGAATCCC-1,0.000039,0.677808,0.322153
AGGACATCGCACGTCG-1,0.000027,0.000027,0.999947
AGGACATCGGCACACT-1,0.000015,0.000979,0.999006
AGGACGACCCATTAGA-1,0.000049,0.000049,0.999903
AGGACGCTCGATGTTG-1,0.00003,0.072485,0.927485
AGGAGACATCCACAGT-1,0.000011,0.024778,0.975211
AGGAGAGTCTGGCTAC-1,0.000016,0.014475,0.985509
AGGAGCGTTTATTATC-1,0.000006,0.05938,0.940613
AGGAGGCCTTCGCGCG-1,0.000048,0.748053,0.251899
AGGATAAAGTCGGGAT-1,0.000027,0.248679,0.751293
AGGATATAGGGATTTA-1,0.000071,0.771883,0.228046
AGGATATCCGACTGCA-1,0.000027,0.940017,0.059956
AGGATCACGCGATCTG-1,0.000036,0.000036,0.999929
AGGATTGCTTACGACA-1,0.000024,0.036178,0.963798
AGGCACGTGACTGTCC-1,0.000023,0.063202,0.936776
AGGCAGATGCGTAAAC-1,0.000064,0.488454,0.511482
AGGCAGGGAGCGTACT-1,0.000023,0.002738,0.99724
AGGCATTGTCGTAGGG-1,0.00006,0.822786,0.177154
AGGCCACATTGGTTAC-1,0.00001,0.002633,0.997356
AGGCCACCCGTTATGA-1,0.000017,0.000017,0.999967
AGGCCCATTGTACAGG-1,0.00004,0.00004,0.99992
AGGCCCTAGAACGCCA-1,0.000017,0.002051,0.997932
AGGCCTATCATACCAA-1,0.000016,0.013854,0.98613
AGGCCTGAGAATCTCG-1,0.000037,0.837611,0.162352
AGGCGATAACTGGCGT-1,0.00002,0.03722,0.96276
AGGCGGTTTGTCCCGC-1,0.000037,0.000037,0.999926
AGGCGTCTATGGACGG-1,0.000019,0.020535,0.979446
AGGCTATGGTTAGCTT-1,0.000015,0.000015,0.999969
AGGCTTAAGTTGCACA-1,0.000025,0.488594,0.511382
AGGCTTCCCGAAGAAG-1,0.000016,0.017155,0.982829
AGGCTTGCTAGACACC-1,0.000094,0.000094,0.999812
AGGGAAACGAGGTACT-1,0.000023,0.000023,0.999954
AGGGACAGCACGGCGG-1,0.000018,0.000018,0.999963
AGGGACCGGCTGCGTT-1,0.000016,0.124974,0.87501
AGGGACTCTACGCGAC-1,0.000031,0.07726,0.922709
AGGGAGACATACTTCG-1,0.000019,0.000019,0.999962
AGGGCAGCGGCGTGGT-1,0.000014,0.000014,0.999972
AGGGCCCTAATGTTCT-1,0.000017,0.021945,0.978038
AGGGCGAGCAGCTGAT-1,0.000032,0.000032,0.999936
AGGGCGTGATCGGCTA-1,0.000059,0.036443,0.963498
AGGGCTGCAGTTACAG-1,0.000045,0.238705,0.76125
AGGGTCAGAGCACTCG-1,0.000126,0.060613,0.939261
AGGGTCAGTAACCCTA-1,0.000017,0.003021,0.996961
AGGGTCGATGCGAACT-1,0.082599,0.47537,0.442031
AGGGTCTGGACGCAGT-1,0.000012,0.000012,0.999977
AGGGTGCCGTTCTTTA-1,0.000014,0.000014,0.999973
AGGGTGCTCTCGAGGG-1,0.000054,0.65433,0.345616
AGGGTGGATAGTGCAT-1,0.000029,0.000029,0.999941
AGGGTGTGCTACACGC-1,0.000046,0.047716,0.952237
AGGGTTCAGACGGTCC-1,0.000354,0.065231,0.934415
AGGGTTCCCTTTGGTT-1,0.000028,0.23582,0.764153
AGGGTTTAGTTCGGGA-1,0.00003,0.359761,0.640209
AGGTAACCTCCTATTC-1,0.001918,0.017096,0.980986
AGGTACGATATTGCCA-1,0.000036,0.029527,0.970437
AGGTAGATCGAGATAT-1,0.000012,0.037735,0.962253
AGGTAGGTACAAAGCT-1,0.000016,0.000016,0.999968
AGGTATAATTGATAGT-1,0.000027,0.096049,0.903924
AGGTATGCGGACATTA-1,0.000015,0.007377,0.992608
AGGTCAGGTGAGAGTG-1,0.000047,0.000047,0.999906
AGGTCGCCTCCCAACA-1,0.000014,0.051186,0.9488
AGGTCGCGGAGTTACT-1,0.001553,0.059571,0.938877
AGGTGCACGTCCACAT-1,0.000025,0.487657,0.512318
AGGTGGTGACCTTCGC-1,0.000016,0.000016,0.999968
AGGTGTATCGCCATGA-1,0.000051,0.000051,0.999899
AGGTGTTGCCGACCAC-1,0.00001,0.077075,0.922914
AGGTTACACCATGCCG-1,0.000021,0.077894,0.922085
AGGTTCTCCTTTCCGG-1,0.001857,0.004724,0.993419
AGGTTGAGGCACGCTT-1,0.000031,0.025017,0.974952
AGGTTTCACACACCTT-1,0.002371,0.568481,0.429147
AGTAACGTTCATCCTG-1,0.000042,0.019177,0.980781
AGTAACTATAGCAGCC-1,0.000024,0.239249,0.760727
AGTAAGGGACAGAATC-1,0.000015,0.746636,0.253349
AGTAATCTAAGGGTGG-1,0.000031,0.526945,0.473023
AGTAATGTCTTGCCGC-1,0.000041,0.040214,0.959745
AGTAATTTGCAAGCGT-1,0.000059,0.000059,0.999881
AGTACAGAAGCTTATA-1,0.00003,0.931385,0.068586
AGTACATCATTTATCA-1,0.000033,0.05267,0.947297
AGTACCTTCGAGTGCT-1,0.000028,0.000028,0.999945
AGTACGGCCCGTATCG-1,0.000017,0.000017,0.999967
AGTACGGGCACCTGGC-1,0.000059,0.408631,0.59131
AGTACGTGGCCTGTCT-1,0.000035,0.000035,0.999929
AGTACTCTTATGCCCA-1,0.000062,0.551024,0.448915
AGTAGAAGGCGCCTCA-1,0.000546,0.064094,0.93536
AGTAGCGTGAACGAAC-1,0.000025,0.000025,0.99995
AGTAGCTAGACGCCGA-1,0.000048,0.000048,0.999903
AGTAGGAAGGAAGTTG-1,0.000075,0.000075,0.999851
AGTAGGTAACATACAT-1,0.000031,0.000031,0.999939
AGTATAATACTAGGCA-1,0.000041,0.012485,0.987474
AGTATACACAGCGACA-1,0.000025,0.082998,0.916978
AGTATGCTGGAGACCA-1,0.00003,0.040198,0.959772
AGTATTTGGCACGACC-1,0.000051,0.000051,0.999897
AGTCAAATGATGTGAT-1,0.000012,0.038537,0.961451
AGTCAACACCACCATC-1,0.000028,0.029529,0.970443
AGTCAAGATGACACTT-1,0.00005,0.769901,0.230049
AGTCACTAGCTCTCGA-1,0.000076,0.742466,0.257457
AGTCACTCCGCCTCAT-1,0.00005,0.007444,0.992506
AGTCAGCCACCGCCTG-1,0.000055,0.000055,0.99989
AGTCCATTGGCTGATG-1,0.000047,0.891311,0.108642
AGTCCCGCCTTTAATT-1,0.00002,0.0009,0.99908
AGTCCCTCGCAGAAAG-1,0.000007,0.000007,0.999986
AGTCGAAACGATTCAG-1,0.000048,0.000048,0.999905
AGTCGAATTAGCGTAA-1,0.000005,0.016757,0.983238
AGTCGACGGTCTCAAG-1,0.000033,0.758025,0.241942
AGTCGGCCCAAACGAC-1,0.000023,0.000023,0.999954
AGTCGGCTCAACTTTA-1,0.00005,0.00005,0.999901
AGTCGGTTGCGTGAGA-1,0.037711,0.081564,0.880725
AGTCGTATAAAGCAGA-1,0.000031,0.963843,0.036126
AGTCGTCGACCACCAA-1,0.000047,0.946222,0.053731
AGTCGTGGGCATTACG-1,0.000031,0.000031,0.999938
AGTCTAAAGTATACTC-1,0.00003,0.007392,0.992578
AGTCTCACAAGACTAC-1,0.000021,0.019424,0.980554
AGTCTGGACATCCTTG-1,0.000074,0.000074,0.999853
AGTCTTCTCCTCAAAT-1,0.00173,0.190659,0.807611
AGTCTTTAAAGTGTCC-1,0.000035,0.881478,0.118487
AGTGAACAAACTTCTC-1,0.000031,0.672816,0.327153
AGTGAAGATGGTGTCC-1,0.000027,0.063145,0.936828
AGTGACCTACTTTACG-1,0.000018,0.000018,0.999965
AGTGACTGTGACACAA-1,0.000011,0.011735,0.988254
AGTGAGACTTCCAGTA-1,0.000021,0.407905,0.592074
AGTGAGCCTCGCCGCC-1,0.00001,0.023987,0.976003
AGTGAGGGTTTCTGAC-1,0.000032,0.000032,0.999936
AGTGAGTCGAATTAAC-1,0.000024,0.122858,0.877119
AGTGATAACCTGCGCG-1,0.00005,0.967725,0.032226
AGTGATATGAGTAGTT-1,0.000043,0.000043,0.999914
AGTGATTCAAGCAGGA-1,0.000052,0.547169,0.452779
AGTGCACGCTTAAGAA-1,0.000039,0.891413,0.108548
AGTGCGTAGCTCGTAA-1,0.000034,0.033714,0.966252
AGTGCTAAACACAGCA-1,0.000038,0.803011,0.19695
AGTGCTTGCACGAATA-1,0.000027,0.759677,0.240296
AGTGGCCCGCAAATGG-1,0.00002,0.938534,0.061446
AGTGGCGGCAATTTGA-1,0.000067,0.138969,0.860964
AGTGGCGTCTGAAGGT-1,0.000023,0.533142,0.466836
