Barcode,Topic 1,Topic 2,Topic 3to10
AAACAAGTATCTCCCA-1,0.517939,0.253708,0.228354
AAACAATCTACTAGCA-1,0.496351,0.271272,0.232377
AAACACCAATAACTGC-1,0.000807,0.121904,0.877289
AAACAGAGCGACTCCT-1,0.000013,0.215797,0.78419
AAACAGCTTTCAGAAG-1,0.017543,0.829666,0.152791
AAACAGGGTCTATATT-1,0.00001,0.110775,0.889215
AAACAGTGTTCCTGGG-1,0.037775,0.048705,0.913521
AAACATTTCCCGGATT-1,0.777734,0.121495,0.100772
AAACCACTACACAGAT-1,0.197816,0.494994,0.30719
AAACCCGAACGAAATC-1,0.24243,0.0266,0.73097
AAACCGGAAATGTTAA-1,0.583597,0.058042,0.358361
AAACCGGGTAGGTACC-1,0.050561,0.224919,0.72452
AAACCGTTCGTCCAGG-1,0.03251,0.022725,0.944765
AAACCTAAGCAGCCGG-1,0.17625,0.167602,0.656148
AAACCTCATGAAGTTG-1,0.000027,0.127148,0.872825
AAACGAAGAACATACC-1,0.117658,0.882145,0.000197
AAACGACAGTCTTGCC-1,0.342827,0.46286,0.194313
AAACGAGACGGTTGAT-1,0.036441,0.187263,0.776296
AAACGCCCGAGATCGG-1,0.163031,0.749509,0.08746
AAACGCTGGGCACGAC-1,0.856264,0.003867,0.139869
AAACGGGCGTACGGGT-1,0.504169,0.177086,0.318745
AAACGGTTGCGAACTG-1,0.001849,0.063617,0.934534
AAACGTGTTCGCCCTA-1,0.000015,0.273861,0.726124
AAACTAACGTGGCGAC-1,0.073375,0.84238,0.084245
AAACTCGGTTCGCAAT-1,0.000009,0.028303,0.971688
AAACTCGTGATATAAG-1,0.051065,0.125869,0.823066
AAACTGCTGGCTCCAA-1,0.192761,0.011148,0.796091
AAACTTAATTGCACGC-1,0.000014,0.181704,0.818282
AAACTTGCAAACGTAT-1,0.000223,0.120656,0.879121
AAAGAATGTGGACTAA-1,0.41782,0.002002,0.580178
AAAGACATGAAGTTTA-1,0.184065,0.815404,0.000531
AAAGACCCAAGTCGCG-1,0.342398,0.657218,0.000383
AAAGACTGGGCGCTTT-1,0.104371,0.895048,0.000581
AAAGCTTGCCTACATA-1,0.009379,0.126592,0.864029
AAAGGCCCTATAATAC-1,0.005084,0.005923,0.988993
AAAGGCTACGGACCAT-1,0.000006,0.005468,0.994526
AAAGGCTCTCGCGCCG-1,0.025385,0.041635,0.93298
AAAGGGATGTAGCAAG-1,0.007811,0.191825,0.800364
AAAGGGCAGCTTGAAT-1,0.00004,0.848894,0.151065
AAAGGTAAGCTGTACC-1,0.000016,0.262609,0.737375
AAAGTAGCATTGCTCA-1,0.000013,0.013397,0.98659
AAAGTCACTGATGTAA-1,0.00878,0.990677,0.000543
AAAGTCGACCCTCAGT-1,0.000041,0.856637,0.143322
AAAGTGCCATCAATTA-1,0.922775,0.000016,0.077209
AAAGTGTGATTTATCT-1,0.0378,0.175719,0.786481
AAAGTTGACTCCCGTA-1,0.024855,0.015179,0.959967
AAATAACCATACGGGA-1,0.000012,0.0909,0.909088
AAATAAGGTAGTGCCC-1,0.000007,0.000007,0.999985
AAATACCTATAAGCAT-1,0.00778,0.088754,0.903466
AAATAGCTTAGACTTT-1,0.086105,0.135762,0.778133
AAATAGGGTGCTATTG-1,0.196639,0.109022,0.694339
AAATCACTCCTAAACG-1,0.456893,0.510516,0.03259
AAATCCGATACACGCC-1,0.274059,0.434368,0.291573
AAATCGCGGAAGGAGT-1,0.147465,0.852376,0.000159
AAATCGTGTACCACAA-1,0.000004,0.006063,0.993933
AAATCTAGCCCTGCTA-1,0.733584,0.000026,0.26639
AAATGACTGATCAAAC-1,0.054004,0.052178,0.893818
AAATGATTCGATCAGC-1,0.00529,0.238742,0.755968
AAATGCTCGTTACGTT-1,0.464212,0.535052,0.000736
AAATGGCATGTCTTGT-1,0.000013,0.177745,0.822241
AAATGGCCCGTGCCCT-1,0.000011,0.05078,0.94921
AAATGGTCAATGTGCC-1,0.000034,0.126519,0.873447
AAATGTGGGTGCTCCT-1,0.400299,0.521273,0.078427
AAATTAACGGGTAGCT-1,0.005519,0.044074,0.950407
AAATTACACGACTCTG-1,0.002798,0.251472,0.74573
AAATTACCTATCGATG-1,0.000592,0.015721,0.983687
AAATTCCAGGTCCAAA-1,0.042576,0.167701,0.789723
AAATTGATAGTCCTTT-1,0.000593,0.083165,0.916242
AAATTGGTGAGAAGCA-1,0.046884,0.098524,0.854593
AAATTTACCGAAATCC-1,0.00811,0.671662,0.320228
AAATTTGCGGGTGTGG-1,0.000014,0.050821,0.949165
AACAACTGGTAGTTGC-1,0.030904,0.152003,0.817093
AACAATACATTGTCGA-1,0.020436,0.04748,0.932084
AACAATTACTCTACGC-1,0.000019,0.203942,0.796039
AACACACGCTCGCCGC-1,0.285476,0.276121,0.438403
AACACGACTGTACTGA-1,0.023282,0.959575,0.017143
AACACGAGACGCGGCC-1,0.000011,0.249482,0.750508
AACAGCTGTGTGGCAA-1,0.004275,0.198394,0.797331
AACAGGAAATCGAATA-1,0.000014,0.044639,0.955348
AACAGGATGGGCCGCG-1,0.000011,0.081376,0.918613
AACAGGTAGTATGGAT-1,0.656143,0.190767,0.153091
AACATAGCGTGTATCG-1,0.034543,0.074247,0.89121
AACATATCAACTGGTG-1,0.00001,0.024406,0.975584
AACATCGATACGTCTA-1,0.005407,0.084832,0.909761
AACATTGAAGTTGATC-1,0.00036,0.055023,0.944617
AACATTGTGACTCGAG-1,0.011546,0.180616,0.807838
AACCAAGACTTCTCTG-1,0.000015,0.094566,0.905419
AACCAGTATCACTCTT-1,0.020445,0.931119,0.048436
AACCATAGGGTTGAAC-1,0.000017,0.558199,0.441784
AACCATGGGATCGCTA-1,0.131286,0.867868,0.000846
AACCCAGAGACGGAGA-1,0.000097,0.992078,0.007825
AACCCATCCCATGATC-1,0.000008,0.16504,0.834952
AACCCGACAACCCGTG-1,0.033988,0.020398,0.945614
AACCCGAGCAGAATCG-1,0.19045,0.00001,0.80954
AACCCGATAGGGCTTC-1,0.201534,0.616255,0.18221
AACCCGCTGTATTCCA-1,0.155081,0.132117,0.712802
AACCCTACTGTCAATA-1,0.005008,0.047332,0.94766
AACCCTGGTGGAACCA-1,0.095043,0.811593,0.093364
AACCGAGCTTGGTCAT-1,0.000025,0.255685,0.74429
AACCGCTAAGGGATGC-1,0.168088,0.001322,0.83059
AACCGTTGTGTTTGCT-1,0.000035,0.453483,0.546482
AACCTAAAGCCGTCCG-1,0.164715,0.834876,0.000409
AACCTCGCTTTAGCCC-1,0.143589,0.008347,0.848064
AACCTGTCACGGAATT-1,0.011185,0.089336,0.899479
AACCTTTAAATACGGT-1,0.045834,0.22417,0.729995
AACCTTTACGACGTCT-1,0.00002,0.180321,0.819659
AACGAAAGTCGTCCCA-1,0.00638,0.647603,0.346017
AACGACCTCCTAGCCG-1,0.25027,0.010654,0.739076
AACGATAATGCCGTAG-1,0.070162,0.193124,0.736714
AACGATAGAAGGGCCG-1,0.000023,0.317444,0.682533
AACGATATGTCAACTG-1,0.01586,0.145316,0.838824
AACGCATGATCTGGGT-1,0.011388,0.212179,0.776433
AACGCGACCTTGGGCG-1,0.076755,0.004762,0.918483
AACGCGGTCTCCAGCC-1,0.000012,0.03075,0.969238
AACGCTGTTGCTGAAA-1,0.695506,0.204752,0.099742
AACGGACGTACGTATA-1,0.55024,0.036937,0.412823
AACGGCCATCTCCGGT-1,0.000009,0.002903,0.997088
AACGTACTGTGGGTAC-1,0.036166,0.05102,0.912814
AACGTAGTCTACCCAT-1,0.531902,0.162547,0.30555
AACGTCAGACTAGTGG-1,0.000021,0.170778,0.829201
AACGTCATCCGGCTTG-1,0.012108,0.100526,0.887366
AACGTCGCTGCACTTC-1,0.174026,0.016809,0.809165
AACGTGATGAAGGACA-1,0.000016,0.435928,0.564055
AACGTGCGAAAGTCTC-1,0.000011,0.000726,0.999264
AACGTTCTACCATTGT-1,0.119806,0.096503,0.78369
AACTACCCGTTTGTCA-1,0.198134,0.026684,0.775183
AACTAGCGTATCGCAC-1,0.461443,0.516127,0.02243
AACTAGGCTTGGGTGT-1,0.004396,0.052025,0.943578
AACTCAAGTTAATTGC-1,0.000021,0.010442,0.989538
AACTCCAGAGCGTGTT-1,0.335824,0.000049,0.664127
AACTCCTAATCCCATG-1,0.000011,0.043143,0.956846
AACTCTCAATAGAGCG-1,0.000017,0.063101,0.936882
AACTCTCAGTGTGCTC-1,0.002479,0.024172,0.973349
AACTGAGGTCAGCGTC-1,0.000023,0.296327,0.703649
AACTGATATTAGGCCT-1,0.002691,0.299578,0.697732
AACTGGGTCCCGACGT-1,0.000169,0.245755,0.754076
AACTGGGTTCGAGCCG-1,0.096414,0.68698,0.216606
AACTGGTGTGGGCCTT-1,0.25652,0.742277,0.001203
AACTTGCCCGTATGCA-1,0.000026,0.293167,0.706807
AACTTTAGCTGCTGAG-1,0.418394,0.58089,0.000716
AACTTTCTCGATCATG-1,0.017685,0.079059,0.903255
AAGAAATCACCAGATT-1,0.00434,0.065352,0.930308
AAGACATACGTGGTTT-1,0.844955,0.000209,0.154835
AAGACCAAATAACTCA-1,0.124953,0.567019,0.308028
AAGACCCAACTGAACA-1,0.00513,0.010727,0.984143
AAGACTCACGCCCACT-1,0.180439,0.819189,0.000373
AAGACTGCAAGCTACT-1,0.00001,0.00001,0.99998
AAGAGATGAATCGGTA-1,0.00002,0.340439,0.659541
AAGAGCTCTTTATCGG-1,0.000018,0.043079,0.956902
AAGAGGATGTACGCGA-1,0.009939,0.1443,0.845761
AAGAGGCATGGATCGC-1,0.000655,0.010061,0.989284
AAGAGGCCCTTTGGAA-1,0.951412,0.02647,0.022119
AAGATGGCACCGGACC-1,0.086818,0.052627,0.860555
AAGATTGGCGGAACGT-1,0.005099,0.085403,0.909498
AAGCACCCTGCGTATC-1,0.000011,0.004763,0.995226
AAGCATACTCTCCTGA-1,0.008599,0.0441,0.947301
AAGCCACTTGCAGGTA-1,0.000006,0.163707,0.836288
AAGCCGAAGCGGTTTA-1,0.283321,0.157998,0.558681
AAGCCGCCGTGAAATC-1,0.000867,0.090398,0.908735
AAGCCGCTTTACCTTG-1,0.003054,0.141403,0.855543
AAGCCGGAGAGCAGGA-1,0.937207,0.059139,0.003654
AAGCGCAGGGCTTTGA-1,0.000008,0.014403,0.98559
AAGCGGAGTGCGCGCA-1,0.002328,0.152939,0.844733
AAGCGGCGTCATGGGT-1,0.071696,0.580748,0.347557
AAGCGTCCCTCATCGA-1,0.000011,0.050166,0.949823
AAGCTAGATCGAGTAA-1,0.021122,0.162837,0.816041
AAGCTCGTGCCAAGTC-1,0.007267,0.080546,0.912187
AAGCTCTTTCATGGTG-1,0.127878,0.481329,0.390793
AAGGAGAACTTATAAG-1,0.327694,0.672037,0.00027
AAGGAGCGGTTGGTGC-1,0.00003,0.129381,0.870589
AAGGATCGATCGCTTG-1,0.000091,0.034376,0.965534
AAGGATGAGGGACCTC-1,0.086916,0.410375,0.502709
AAGGCAGGCTGTCTCC-1,0.029483,0.040239,0.930278
AAGGCGCGTAAAGCTT-1,0.00002,0.086604,0.913376
AAGGCTGTGCTCATCG-1,0.002772,0.048002,0.949226
AAGGGAACGACTGGCT-1,0.00001,0.087711,0.912278
AAGGGACAGATTCTGT-1,0.049445,0.077911,0.872645
AAGGGACTATGCATTC-1,0.000286,0.165431,0.834282
AAGGGTTAGCCATGCG-1,0.04416,0.094792,0.861048
AAGGTATCCTAATATA-1,0.014674,0.107409,0.877916
AAGGTGATAAACCAGC-1,0.034435,0.220174,0.74539
AAGTAGAAGACCGGGT-1,0.010742,0.15509,0.834168
AAGTAGTGACGCGAGG-1,0.000012,0.028888,0.9711
AAGTCAATTGTCGTCA-1,0.130891,0.207305,0.661804
AAGTCTAGTAGCTGCC-1,0.069714,0.181631,0.748656
AAGTGACGACCGAATT-1,0.000013,0.021685,0.978302
AAGTGAGTCGGGTTTA-1,0.169068,0.196102,0.634831
AAGTGCCTTGACTGTA-1,0.006003,0.051166,0.942831
AAGTGCGTTAGAATCT-1,0.000018,0.127836,0.872146
AAGTGCTTCTCTATTG-1,0.013038,0.166839,0.820123
AAGTGTTTGGAGACGG-1,0.004914,0.25155,0.743535
AAGTTCACTCCAAGCT-1,0.190299,0.243376,0.566325
AAGTTCAGTCTGCGTA-1,0.000026,0.258435,0.741539
AAGTTCGGCCAACAGG-1,0.003841,0.05433,0.941828
AAGTTGTGATGTTATA-1,0.655245,0.133558,0.211198
AAGTTTACTAATGGCA-1,0.129706,0.869877,0.000417
AAGTTTATGGGCCCAA-1,0.142583,0.142973,0.714444
AATAACAACGCTCGGC-1,0.002555,0.20328,0.794165
AATAACACTAGAACAA-1,0.002867,0.033712,0.963422
AATAACGTCGCGCCCA-1,0.062894,0.074698,0.862408
AATAAGTCCTCGAGAC-1,0.040601,0.760144,0.199255
AATAATCTTCGTATCG-1,0.996992,0.000013,0.002995
AATACAATGTTTCAGG-1,0.333109,0.666458,0.000432
AATACCGGAGGGCTGT-1,0.00617,0.104303,0.889528
AATACCTGATGTGAAC-1,0.362473,0.151867,0.48566
AATAGAACAGAGTGGC-1,0.000008,0.000873,0.999119
AATAGAATCTGTTTCA-1,0.047926,0.510382,0.441692
AATAGCAAGCCTCCTG-1,0.041312,0.780802,0.177886
AATAGCTACCGCGTGC-1,0.000015,0.072308,0.927677
AATAGGCACGACCCTT-1,0.035848,0.098573,0.865579
AATAGTCCGTCCCGAC-1,0.007556,0.009511,0.982932
AATATCAAGGTCGGAT-1,0.165379,0.744359,0.090261
AATATCGAATCAATGC-1,0.970952,0.000009,0.029039
AATATCGAGGGTTCTC-1,0.108702,0.067066,0.824232
AATATTGGAGTATTGA-1,0.000017,0.000017,0.999966
AATCAGGTTTCATTTA-1,0.001256,0.129681,0.869063
AATCATGTAAAGACTC-1,0.51529,0.153239,0.331471
AATCCAAGGGCCTGAG-1,0.000073,0.849416,0.150511
AATCCCGCTCAGAGCC-1,0.032282,0.040661,0.927057
AATCGAGGTCTCAAGG-1,0.062293,0.178456,0.759251
AATCGCCTCAGCGCCA-1,0.092673,0.057663,0.849664
AATCGCGCAGAGGACT-1,0.120988,0.213104,0.665908
AATCGGGACACTACGA-1,0.057305,0.905865,0.03683
AATCGGTATAGCCCTC-1,0.514276,0.138184,0.34754
AATCGTGAGCCGAGCA-1,0.230274,0.085408,0.684318
AATCTAGGTTTACTTG-1,0.000022,0.240936,0.759042
AATCTATGCCGGAGCC-1,0.189123,0.139447,0.67143
AATCTGCGTTGGGACG-1,0.000016,0.090883,0.909101
AATCTGGCTTTCTAGT-1,0.000016,0.107498,0.892486
AATCTGGGTAGACCCT-1,0.094788,0.854012,0.0512
AATGACAGCAATGTCT-1,0.066237,0.23431,0.699454
AATGACGTAGGATGTC-1,0.004711,0.214125,0.781164
AATGACTGTCAGCCGG-1,0.000026,0.131167,0.868807
AATGATGATACGCTAT-1,0.091424,0.227352,0.681223
AATGATGCGACTCCTG-1,0.021862,0.079484,0.898654
AATGCAACCGGGTACC-1,0.045489,0.100435,0.854076
AATGCACCAAGCAATG-1,0.000012,0.098669,0.90132
AATGGTCCACCGTTCA-1,0.000076,0.990348,0.009576
AATGGTTCTCACAAGC-1,0.005244,0.649397,0.34536
AATGTATGGCACTGTA-1,0.009445,0.484512,0.506042
AATGTGCCCGAGGTGT-1,0.005622,0.241349,0.753029
AATGTGCTAATCTGAG-1,0.013765,0.058387,0.927848
AATGTTAAGACCCTGA-1,0.003376,0.009666,0.986957
AATGTTGTCGTGAGAC-1,0.678009,0.021345,0.300646
AATTAAAGGTCGGCGT-1,0.000016,0.039158,0.960826
AATTAACGGATTTCCA-1,0.07487,0.360116,0.565014
AATTACGAGACCCATC-1,0.124154,0.616649,0.259197
AATTAGCGCTGCAGCG-1,0.000019,0.160043,0.839938
AATTATACCCAGCAAG-1,0.066195,0.185816,0.747989
AATTCATAAGGGATCT-1,0.000813,0.138693,0.860494
AATTCATTGTCATGCA-1,0.045113,0.648023,0.306864
AATTCCAAGCATGTAC-1,0.039928,0.236421,0.723651
AATTCGATTCGAGGAT-1,0.010465,0.055988,0.933546
AATTCTAGAGTTAGGC-1,0.000018,0.133243,0.86674
AATTGAACGCTCTGGT-1,0.171186,0.243731,0.585082
AATTGCAGCAATCGAC-1,0.956639,0.000015,0.043346
AATTGCGTGGATTACA-1,0.007444,0.949665,0.042891
AATTGTGGTTGCCAAA-1,0.999796,0.000023,0.000181
AATTTGGGACATAGTA-1,0.127021,0.321589,0.55139
AATTTGGTTCCAAAGA-1,0.000021,0.38381,0.616169
ACAAACCATGCGTCCT-1,0.00001,0.173019,0.826971
ACAAACCGACAAGGCG-1,0.466695,0.530773,0.002533
ACAAACTCCATCAGAG-1,0.004894,0.107887,0.887219
ACAAAGAAGGTAGGCC-1,0.102087,0.58094,0.316974
ACAAAGCATGACCTAG-1,0.708408,0.068276,0.223317
ACAAATCGCACCGAAT-1,0.084804,0.037928,0.877268
ACAAATGGTAGTGTTT-1,0.000868,0.158827,0.840305
ACAAATTCAGATCTGA-1,0.019498,0.929028,0.051473
ACAACAGCATGAGCTA-1,0.032975,0.008496,0.958529
ACAACGGTCCCTGCGA-1,0.000027,0.313357,0.686616
ACAAGCAGTGCCTAGC-1,0.000027,0.179812,0.820161
ACAAGGAAATCCGCCC-1,0.019087,0.124634,0.856279
ACAAGGACAAGAGGTT-1,0.000018,0.024206,0.975776
ACAAGGATGCTTTAGG-1,0.358036,0.29363,0.348335
ACAAGGCCTACCAGCC-1,0.097862,0.798231,0.103907
ACAAGGGCAGGCTCTG-1,0.000295,0.085436,0.914268
ACAATAGTCGTACGTT-1,0.000024,0.261367,0.738609
ACAATCCATTTAAACC-1,0.000018,0.001169,0.998813
ACAATCGATCTTTATA-1,0.456163,0.543436,0.000401
ACAATGAATACGGAGA-1,0.00734,0.108214,0.884446
ACAATGATTCTTCTAC-1,0.0077,0.572674,0.419626
ACAATTGTGTCTCTTT-1,0.278779,0.036098,0.685123
ACAATTTGAGCAGTGG-1,0.010789,0.074061,0.91515
ACAATTTGGCCATATT-1,0.177609,0.33051,0.491881
ACACAAAGACGGGTGG-1,0.000764,0.26174,0.737496
ACACAAATATTCCTAG-1,0.000214,0.079865,0.91992
ACACACCAGGACCAGT-1,0.055973,0.120867,0.823161
ACACACTTTCTACACG-1,0.000018,0.383663,0.616319
ACACATGATCAAATCT-1,0.000009,0.088164,0.911827
ACACATTTCCGTAGAC-1,0.029704,0.069784,0.900512
ACACCACATAATTAGC-1,0.007526,0.00663,0.985843
ACACCCAGCATGCAGC-1,0.000023,0.110262,0.889715
ACACCCGAGAAATCCG-1,0.000059,0.75096,0.248982
ACACCCGTAAATCTGT-1,0.401928,0.518562,0.07951
ACACCGGTCTGACCGC-1,0.000012,0.103278,0.896711
ACACCTTAAGTAGGGC-1,0.000021,0.03211,0.967869
ACACCTTACTACTTGC-1,0.000015,0.015628,0.984357
ACACGAGACTCCTTCT-1,0.054376,0.278917,0.666707
ACACGGCACTATGCAT-1,0.031207,0.904905,0.063888
ACACGGGAACTTAGGG-1,0.000025,0.136343,0.863632
ACACGTAGGCCACAAG-1,0.507572,0.009225,0.483203
ACACTGATCAAGGTGT-1,0.00001,0.00001,0.99998
ACACTGGGACAGTCGT-1,0.933251,0.048836,0.017913
ACAGAACTGAGAACAA-1,0.000014,0.081811,0.918176
ACAGATTAGGTTAGTG-1,0.120907,0.878603,0.000489
ACAGCATAGAGCCAGT-1,0.017485,0.982146,0.000369
ACAGCGACATTCTCAT-1,0.700526,0.05154,0.247935
ACAGCGCACCCGCAGC-1,0.018338,0.466187,0.515476
ACAGGCACGGATCCTT-1,0.334367,0.103435,0.562199
ACAGGCTTGCCCGACT-1,0.10015,0.000016,0.899835
ACAGGTGGAGGTGAGG-1,0.000013,0.001639,0.998348
ACAGTAATACAACTTG-1,0.000011,0.012599,0.987391
ACAGTATACCGTGGGA-1,0.017817,0.189181,0.793003
ACATAAGTCGTGGTGA-1,0.009361,0.903069,0.08757
ACATAATAAGGCGGTG-1,0.000023,0.243774,0.756203
ACATACAATCAAGCGG-1,0.053466,0.075662,0.870872
ACATCCCGGCCATACG-1,0.0133,0.222648,0.764051
ACATCCTGGTAACTGT-1,0.163812,0.139427,0.696762
ACATCGATCGTTTACC-1,0.000007,0.00924,0.990753
ACATCGCAATATTCGG-1,0.002499,0.153709,0.843792
ACATCGGTCAGCCGCG-1,0.005147,0.105161,0.889692
ACATCGTATGCAATGG-1,0.120877,0.079392,0.799731
ACATCGTTAACCTAGT-1,0.031924,0.869286,0.09879
ACATCTCAACGCGTAA-1,0.09568,0.903988,0.000332
ACATGCTTACGGCAGC-1,0.001241,0.570871,0.427889
ACATGGCGCCAAAGTA-1,0.000173,0.083193,0.916634
ACATTAGTTTATATCC-1,0.001814,0.048449,0.949737
ACATTCGCGCGGAATA-1,0.000763,0.177589,0.821648
ACATTTGAAACCTAAC-1,0.431178,0.138191,0.43063
ACCAAACACCCAGCGA-1,0.000088,0.088913,0.910999
ACCAAACTAGAAATCC-1,0.283731,0.715885,0.000384
ACCAACACCACACACT-1,0.007649,0.388104,0.604247
ACCAACCGCACTCCAC-1,0.325818,0.000011,0.674171
ACCAACGCTTATTTAT-1,0.003314,0.029749,0.966936
ACCAAGAACGCGTGTC-1,0.000025,0.29359,0.706384
ACCAAGTCATCGGCAG-1,0.284103,0.000012,0.715885
ACCAATATGCAAGTTA-1,0.119023,0.437493,0.443484
ACCACAACTCAGAACA-1,0.025231,0.899006,0.075763
ACCACAAGTTTCTATC-1,0.06927,0.068557,0.862173
ACCACACGGTTGATGG-1,0.040375,0.136822,0.822803
ACCACCAATGTAACAA-1,0.00376,0.121409,0.874831
ACCACCCTCTCTTCTA-1,0.033494,0.129507,0.837
ACCACGTGCAGCTATA-1,0.00001,0.005187,0.994802
ACCAGCCCGGTCTTTG-1,0.245023,0.754684,0.000293
ACCAGGAGTGTGATCT-1,0.348548,0.651116,0.000337
ACCAGTGCCCGGTCAA-1,0.000549,0.536544,0.462907
ACCAGTGCGGGAGACG-1,0.210067,0.11913,0.670803
ACCATATCCGCAATAA-1,0.000008,0.000008,0.999984
ACCATCCGCCAACTAG-1,0.004277,0.226232,0.769491
ACCATCGTATATGGTA-1,0.051548,0.067128,0.881325
ACCCAACGCCCGTGGC-1,0.084767,0.241768,0.673465
ACCCACCTACATGCTC-1,0.030573,0.915839,0.053588
ACCCATCTTGAGGGTA-1,0.000029,0.064417,0.935554
ACCCATTTGTCCCTCT-1,0.680027,0.009809,0.310164
ACCCGAGCGAAATTAC-1,0.000011,0.132927,0.867062
ACCCGATTGGTTCCGA-1,0.018168,0.115324,0.866509
ACCCGGAAACTCCCAG-1,0.001545,0.005294,0.993161
ACCCGGAGCACCACAA-1,0.999836,0.000018,0.000146
ACCCGGATGACGCATC-1,0.049798,0.132525,0.817678
ACCCGGTTACACTTCC-1,0.072359,0.233732,0.693909
ACCCGTAGTCTAGTTG-1,0.383398,0.000069,0.616533
ACCCGTGTCATCAGTA-1,0.122946,0.041632,0.835422
ACCCTATGCCATATCG-1,0.024742,0.144808,0.830449
ACCCTCCCGTCAGGGC-1,0.048173,0.015724,0.936103
ACCCTCCCTTGCTATT-1,0.009727,0.205233,0.78504
ACCCTGGTAACGCCCT-1,0.015501,0.210947,0.773552
ACCCTTCATCTGCGAA-1,0.000017,0.10994,0.890043
ACCCTTGCCTGGGTCG-1,0.000014,0.048162,0.951824
ACCCTTTAGTTCTCCA-1,0.000067,0.967116,0.032817
ACCGAAAGGGCCCTGC-1,0.074285,0.861645,0.06407
ACCGAAGAGTCTGGTT-1,0.000014,0.309253,0.690733
ACCGACACATCTCCCA-1,0.000006,0.000006,0.999987
ACCGACTGAGTCCCAC-1,0.034241,0.059407,0.906353
ACCGAGTCTCCTTATT-1,0.000011,0.00005,0.99994
ACCGATAGGCATAACC-1,0.903876,0.000596,0.095528
ACCGATATTTAATCAT-1,0.937821,0.00002,0.062159
ACCGATGGTAGCATCG-1,0.010584,0.172834,0.816582
ACCGCAATAACTGCCT-1,0.000056,0.000778,0.999166
ACCGCGGTGGAAGTCG-1,0.020135,0.012571,0.967294
ACCGCTAGTCATTGGT-1,0.007245,0.173782,0.818972
ACCGGGCCTTTGTTGA-1,0.100634,0.207586,0.69178
ACCGGTCAGGTACACC-1,0.000006,0.006611,0.993383
ACCGGTCTGAGTACGG-1,0.081031,0.918692,0.000276
ACCGTCCACTGGGCCC-1,0.037231,0.524171,0.438598
ACCGTGACCACGTGGG-1,0.003132,0.065961,0.930908
ACCGTTCCCGCTCTGA-1,0.111951,0.88217,0.005879
ACCTAAGTACCTTTCA-1,0.000017,0.037483,0.9625
ACCTAATCGACTTCCT-1,0.000024,0.074003,0.925973
ACCTACAGTATGTGGT-1,0.023243,0.103234,0.873523
ACCTACTATAAATCTA-1,0.131541,0.22565,0.642808
ACCTCCGCCCTCGCTG-1,0.589269,0.038543,0.372189
ACCTCCGTTATTCACC-1,0.007909,0.056948,0.935142
ACCTCGAACTTATGCT-1,0.000011,0.262964,0.737025
ACCTGCGTGTCATGTT-1,0.00001,0.00001,0.999981
ACCTTTCCTTTAGAAG-1,0.930791,0.068956,0.000253
ACGAAATGGGCGGCAC-1,0.000022,0.201857,0.798121
ACGACCCATGAGTTGC-1,0.939063,0.020057,0.04088
ACGACTCTAGGGCCGA-1,0.130863,0.296813,0.572324
ACGACTGGTCATACTC-1,0.049632,0.267574,0.682794
ACGAGATATTTGCTTA-1,0.000032,0.574342,0.425626
ACGAGGATACCACTCT-1,0.000014,0.021101,0.978885
ACGAGGTTTACAACGT-1,0.000421,0.156525,0.843054
ACGAGTACGGATGCCC-1,0.00001,0.041683,0.958307
ACGATACATAGAACTA-1,0.001239,0.216353,0.782408
ACGATCATACATAGAG-1,0.002717,0.009399,0.987883
ACGATCATCTTGTAAA-1,0.001486,0.058466,0.940049
ACGATGCATATGTTAT-1,0.000026,0.102879,0.897095
ACGATGGATCCGATGC-1,0.000036,0.696058,0.303906
ACGCAAACTAATAGAT-1,0.01048,0.122396,0.867123
ACGCAATCACTACAGC-1,0.036153,0.058664,0.905183
ACGCATAAATGACATG-1,0.241218,0.75774,0.001042
ACGCATACGTTTACTA-1,0.726104,0.011128,0.262768
ACGCATTCGTGAGTAC-1,0.029527,0.224918,0.745555
ACGCCACTCGAAACAG-1,0.092319,0.040499,0.867182
ACGCCAGATGATTTCT-1,0.00002,0.118526,0.881454
ACGCCAGTGCGTTTGC-1,0.427541,0.10991,0.462549
ACGCCCAGCTGTCGAT-1,0.260028,0.711953,0.02802
ACGCCGCTAGACGACC-1,0.020447,0.519385,0.460169
ACGCGAAGTCAGACGA-1,0.00001,0.00001,0.99998
ACGCGCTACACAGGGT-1,0.008693,0.312772,0.678536
ACGCGGGCCAAGGACA-1,0.052072,0.031797,0.916131
ACGCTACTGAATGGGC-1,0.345992,0.136077,0.517931
ACGCTAGTGATACACT-1,0.006235,0.003124,0.99064
ACGCTGTGAGGCGTAG-1,0.030059,0.908456,0.061485
ACGCTTAGTGTCTCTC-1,0.16439,0.835149,0.00046
ACGGAACACGAGTGCC-1,0.271522,0.004273,0.724205
ACGGAATTTAGCAAAT-1,0.228241,0.771108,0.000652
ACGGACGCAGCGACAA-1,0.020825,0.644154,0.335021
ACGGACTCTCAAAGCG-1,0.000008,0.01549,0.984502
ACGGAGCGCAAATTAC-1,0.000013,0.015984,0.984002
ACGGATGGTGCGGATA-1,0.00942,0.153888,0.836692
ACGGCACTTGCTTGGG-1,0.007432,0.187335,0.805233
ACGGCCAACATGGACT-1,0.00001,0.009332,0.990659
ACGGCGACGATGGGAA-1,0.034182,0.240427,0.725391
ACGGCTGGATGTAGAA-1,0.049678,0.255798,0.694524
ACGGGAGTGTCGGCCC-1,0.00245,0.184603,0.812946
ACGGGCGTATGCGACA-1,0.000012,0.077153,0.922835
ACGGTACAGTTCAATG-1,0.114463,0.000009,0.885528
ACGGTCACCGAGAACA-1,0.003339,0.38736,0.609301
ACGTACAGATTTCTCT-1,0.000045,0.652302,0.347653
ACGTACTTTGGCACGG-1,0.00114,0.087633,0.911227
ACGTAGATTGCTGATG-1,0.020937,0.016463,0.962599
ACGTAGGAGAGTCGCT-1,0.028023,0.124972,0.847005
ACGTATTACTCCGATC-1,0.000107,0.006749,0.993145
ACGTGACAAAGTAAGT-1,0.340455,0.650501,0.009045
ACGTGCGCCTCGTGCA-1,0.000016,0.052115,0.947869
ACGTGGTCGAATGTGC-1,0.194966,0.778409,0.026625
ACGTTAATGTCGAAGA-1,0.044607,0.003985,0.951408
ACGTTAGATTTGCCCG-1,0.020439,0.187227,0.792333
ACGTTCACTATGCCGC-1,0.001429,0.044798,0.953773
ACGTTCCGCGCTCCGT-1,0.136794,0.862475,0.000731
ACGTTCGCAATCAATT-1,0.017627,0.019684,0.962689
ACGTTCGTTCAGGAAA-1,0.000012,0.124384,0.875603
ACGTTCTGTACAAGTC-1,0.26052,0.015281,0.724199
ACGTTGTCGTTGAAAG-1,0.000012,0.025714,0.974274
ACGTTTAGTTGTGATC-1,0.000016,0.059266,0.940718
ACGTTTCGGTGCACTT-1,0.254734,0.083094,0.662172
ACTAAGGACGCACACC-1,0.001527,0.330581,0.667892
ACTAATACGTCAGGCG-1,0.059947,0.5746,0.365453
ACTACAAAGAGAGGTG-1,0.076785,0.144517,0.778699
ACTACATCCCGACAAG-1,0.00001,0.106732,0.893258
ACTACCAGCTCTCTGG-1,0.032404,0.034281,0.933316
ACTACCATCCGAGGGC-1,0.000009,0.102747,0.897244
ACTACGCGTTAGAATT-1,0.028076,0.304395,0.667529
ACTAGTTGCGATCGTC-1,0.312272,0.000024,0.687704
ACTATATGCTGTGTTC-1,0.000019,0.101479,0.898502
ACTATCCAGGGCATGG-1,0.000022,0.16438,0.835598
ACTATCTGCCCGCGTA-1,0.830683,0.169101,0.000216
ACTATGTCCAGCTGCC-1,0.000009,0.009091,0.9909
ACTATTCGTCCGTGGT-1,0.155161,0.506427,0.338412
ACTATTTCCGGGCCCA-1,0.013547,0.153419,0.833034
ACTCAAGTGCAAGGCT-1,0.381302,0.009287,0.609411
ACTCAATAAAGGCACG-1,0.014926,0.12266,0.862414
ACTCAGACCTGCTTCT-1,0.408618,0.59046,0.000922
ACTCATGGCAGCCTTC-1,0.000015,0.255644,0.74434
ACTCCAATATCATCAT-1,0.00001,0.056285,0.943705
ACTCCCATTCCTAAAG-1,0.000011,0.037404,0.962586
ACTCCCGAATTCGTTT-1,0.000568,0.051419,0.948013
ACTCCCGTAGACTAGG-1,0.006573,0.175448,0.817979
ACTCCCTAATGCTAAA-1,0.000029,0.00671,0.99326
ACTCCCTAGAATAGTA-1,0.003422,0.067822,0.928755
ACTCCGGCCGACCACT-1,0.380126,0.218288,0.401586
ACTCGCCGTTCGATAA-1,0.48931,0.026279,0.484411
ACTCGCGATCTGACGC-1,0.16579,0.022107,0.812103
ACTCGTAACCCGTCCT-1,0.000011,0.003416,0.996573
ACTCGTCAGTAATCCC-1,0.016109,0.192751,0.79114
ACTCTCTGACTTAGGT-1,0.017834,0.231523,0.750643
ACTCTCTTATACACGA-1,0.000035,0.61643,0.383535
ACTCTGACCTAATAGA-1,0.517138,0.012395,0.470468
ACTCTTCAGCTCCCGC-1,0.104623,0.22467,0.670707
ACTCTTGTATAGTAAC-1,0.019832,0.009172,0.970996
ACTGAAACGCCGTTAG-1,0.393457,0.129658,0.476885
ACTGAATGGCGAAAGT-1,0.007199,0.036576,0.956225
ACTGATTTAGTGATTC-1,0.321533,0.67809,0.000377
ACTGCCCGCCATTCTC-1,0.000011,0.118295,0.881694
ACTGCCGTCGTAACTC-1,0.000018,0.03413,0.965852
ACTGCGGACACACCGT-1,0.01429,0.034612,0.951098
ACTGCTCGGAAGGATG-1,0.000045,0.52723,0.472725
ACTGGCGAACCTGCGT-1,0.00002,0.562688,0.437292
ACTGGGATGCCAGTGC-1,0.043992,0.021839,0.934169
ACTGTACGATACACAT-1,0.007958,0.351873,0.64017
ACTGTAGCACTTTGGA-1,0.10392,0.360419,0.53566
ACTGTATACGCGAGCA-1,0.149607,0.849463,0.00093
ACTGTCCAGGATTATA-1,0.000024,0.045722,0.954254
ACTGTCTTCTTTAGAA-1,0.009044,0.137423,0.853534
ACTGTGCTAGTAGATC-1,0.013803,0.984596,0.0016
ACTGTTTAGTGTAGGC-1,0.337221,0.658667,0.004112
ACTTACCGGGCGCGCA-1,0.000014,0.193712,0.806274
ACTTACGCATCCACGC-1,0.052296,0.009179,0.938525
ACTTAGTACGACAAGA-1,0.212435,0.786883,0.000682
ACTTATACTTACCCGG-1,0.005832,0.233792,0.760376
ACTTATTAGGATCGGT-1,0.000029,0.099459,0.900512
ACTTATTTATGTGCCA-1,0.064753,0.124932,0.810315
ACTTCAGGCTGATCCC-1,0.016229,0.05028,0.933491
ACTTCCATGCGGGACA-1,0.236278,0.255263,0.508459
ACTTCCTGTCGTGCGA-1,0.255793,0.616467,0.12774
ACTTCGCCATACGCAC-1,0.000017,0.013199,0.986785
ACTTCGCTAGCGAGTG-1,0.00001,0.002317,0.997672
ACTTGACTCCCTCTTT-1,0.060609,0.109224,0.830167
ACTTGCCATATTGTAC-1,0.182759,0.816559,0.000682
ACTTGGGACCCGGTGG-1,0.000017,0.051519,0.948464
ACTTGGGCTTTCGCCA-1,0.033602,0.08454,0.881858
ACTTGTAGTCCCTTCA-1,0.000035,0.845037,0.154928
ACTTGTGGATGGAACG-1,0.491278,0.014144,0.494578
ACTTGTTACCGGATCA-1,0.000017,0.031835,0.968148
ACTTTACCCTCATGAA-1,0.005184,0.110788,0.884029
ACTTTCCTATAGCTTC-1,0.019661,0.270084,0.710255
ACTTTGACTGCATCCT-1,0.091034,0.907676,0.00129
ACTTTGGTCGTGCTCC-1,0.000016,0.116139,0.883845
ACTTTGTCGACGCACT-1,0.999443,0.000062,0.000495
AGAAATTATGACTCGC-1,0.827807,0.167418,0.004775
AGAACCCAGCGTGACA-1,0.349395,0.14469,0.505915
AGAACCCTCAATTGGG-1,0.001115,0.657952,0.340933
AGAACGTGGTACATTC-1,0.035074,0.130081,0.834845
AGAACTGTACTTTGTA-1,0.038693,0.00566,0.955647
AGAAGAGCGCCGTTCC-1,0.00011,0.00011,0.99978
AGAAGGTACACTTCAC-1,0.001703,0.237043,0.761254
AGAAGGTTGCCGAATT-1,0.095622,0.231304,0.673074
AGAAGGTTGTAGGTCG-1,0.034961,0.058471,0.906569
AGAAGTGATTCGTGAT-1,0.000025,0.160517,0.839458
AGAATAAATCTTCAGG-1,0.092557,0.907135,0.000308
AGAATACAGGCTATCC-1,0.098943,0.018879,0.882178
AGAATGCGGGTTCGGA-1,0.000011,0.114295,0.885694
AGAATTATGGATTCGA-1,0.023541,0.017247,0.959212
AGAATTGTTTGACATA-1,0.666862,0.332761,0.000377
AGACAGGCATCTCAGC-1,0.526756,0.016691,0.456553
AGACATAGATCCTTCC-1,0.586555,0.413022,0.000423
AGACCAAACCACACCT-1,0.095803,0.543282,0.360915
AGACCATGGGATACAA-1,0.000058,0.76912,0.230823
AGACCCACCGCTGATC-1,0.005908,0.000007,0.994085
AGACCCGCCCTCCTCG-1,0.009841,0.066683,0.923476
AGACCGCTCCGCGGTT-1,0.492355,0.009967,0.497678
AGACCGGGAAACCCTG-1,0.000013,0.070813,0.929173
AGACGAAGTGCCGGTC-1,0.328154,0.004244,0.667601
AGACGACGATGCCGCT-1,0.000017,0.013691,0.986292
AGACGCCCACTTCGCC-1,0.983763,0.000032,0.016205
AGACGGGATTGGTATA-1,0.335879,0.663746,0.000375
AGACGGGCCGATTTAA-1,0.008342,0.558917,0.43274
AGACTAGCCTTCCAGA-1,0.000023,0.093793,0.906184
AGACTGTTACCGGGTC-1,0.000008,0.006636,0.993356
AGAGAAACACCAGAAA-1,0.00253,0.013707,0.983763
AGAGAACCGTCTAGGA-1,0.073847,0.040143,0.88601
AGAGAAGGAGTACAAT-1,0.003651,0.030258,0.966091
AGAGATCTCTAAAGCG-1,0.000014,0.00586,0.994126
AGAGCAGTTATGAGAC-1,0.028425,0.971148,0.000427
AGAGCCGCCGAGATTT-1,0.990445,0.00004,0.009515
AGAGCGCTTGTAACGG-1,0.001121,0.052435,0.946444
AGAGCGGGCTAATCAT-1,0.000014,0.026105,0.97388
AGAGCGTACAAGCTCG-1,0.00003,0.284318,0.715652
AGAGGCTTCGGAAACC-1,0.184023,0.062046,0.753932
AGAGGGACAATTGTCC-1,0.021296,0.660451,0.318253
AGAGGTATCTCGGTCC-1,0.363961,0.635164,0.000875
AGAGTAAACTTCACTA-1,0.427404,0.201297,0.3713
AGAGTATAGTGTTACG-1,0.001777,0.119607,0.878616
AGAGTGAACAGACACC-1,0.2358,0.527803,0.236397
AGAGTTAGAGACCGAT-1,0.042148,0.742395,0.215458
AGAGTTGCAGGCCTCC-1,0.000013,0.358377,0.641611
AGATAACTTCAGGGCC-1,0.000036,0.12248,0.877484
AGATACCAATAGAACC-1,0.992818,0.00002,0.007162
AGATACCAGCACTTCA-1,0.000018,0.318293,0.681689
AGATACCGGTGTTCAC-1,0.073969,0.031502,0.894529
AGATACGACTTCATAT-1,0.000246,0.998963,0.000791
AGATACTCAAGATCGA-1,0.038721,0.093523,0.867756
AGATATAATACGACTA-1,0.000329,0.140813,0.858858
AGATCGTGCATAAGAT-1,0.005625,0.149846,0.844529
AGATCTCAGGTGTGAT-1,0.010931,0.022152,0.966917
AGATGACTCGCCCACG-1,0.000028,0.197818,0.802154
AGATGAGGGTTGCGAT-1,0.000013,0.145001,0.854986
AGATGATGGAGTCTGG-1,0.104503,0.173953,0.721543
AGATGCAAGACGTGCA-1,0.000011,0.029099,0.970891
AGATGCATCCTGTGTC-1,0.06959,0.922793,0.007618
AGATTATAGGACGTTT-1,0.045938,0.092584,0.861479
AGATTCAAGCGGGTCG-1,0.352496,0.646776,0.000728
AGATTCACAACCGATA-1,0.050887,0.340998,0.608115
AGCAAAGGCCGCTAGT-1,0.019141,0.029954,0.950906
AGCAACATATCTTATT-1,0.001957,0.016667,0.981376
AGCAACCGAAAGTAAT-1,0.001656,0.105336,0.893008
AGCACACGTTTAGACT-1,0.000867,0.230354,0.768779
AGCACCAGTACTCACG-1,0.044314,0.080966,0.87472
AGCACTACCGGCCTGT-1,0.000042,0.449037,0.55092
AGCACTACCTCACCAG-1,0.053554,0.122862,0.823584
AGCACTTAAGGACGCC-1,0.031001,0.005386,0.963613
AGCAGAAGGAGAAAGA-1,0.008845,0.115598,0.875557
AGCAGCCAGATGAATA-1,0.004131,0.126257,0.869612
AGCAGTCGAAGCATGC-1,0.02987,0.100216,0.869914
AGCATATCAATATGCT-1,0.171013,0.245772,0.583215
AGCATCATTTCGAAAG-1,0.001071,0.057606,0.941323
AGCATCGTCGATAATT-1,0.000025,0.224947,0.775029
AGCATTACGAGGCAAG-1,0.652306,0.04015,0.307544
AGCCAAGCTTTGTGTC-1,0.008996,0.063711,0.927293
AGCCACAGGTTACCCG-1,0.247461,0.158314,0.594225
AGCCACTCCCGTGCTT-1,0.007955,0.138175,0.85387
AGCCATATAGTATGTG-1,0.015431,0.000008,0.984561
AGCCCATACATGTAAG-1,0.008251,0.34666,0.645088
AGCCCGCAACAAGCAG-1,0.000006,0.027462,0.972532
AGCCCGCACTACAATG-1,0.470208,0.070717,0.459075
AGCCCGGCATTAGAGG-1,0.001845,0.101926,0.896229
AGCCCGGTAGCCTGTA-1,0.000936,0.068168,0.930896
AGCCCTAAGCGAAGTT-1,0.030914,0.102604,0.866482
AGCCCTCCCTGGTGGC-1,0.002557,0.115737,0.881706
AGCCCTGTCGCACCGT-1,0.063901,0.014817,0.921283
AGCCCTTCTAATCCGA-1,0.000017,0.157775,0.842208
AGCCCTTGGACATCCC-1,0.509278,0.00739,0.483331
AGCCGTGGCTAAATGT-1,0.008389,0.068489,0.923121
AGCCTAATACCCACGT-1,0.000012,0.215371,0.784618
AGCGACAGGAACGGTC-1,0.00661,0.053303,0.940087
AGCGACATCCCATTCA-1,0.000022,0.084029,0.915949
AGCGACCAACGATATT-1,0.030296,0.201126,0.768578
AGCGACTTTGAAGACA-1,0.025983,0.10401,0.870007
AGCGAGACGTGAAGGC-1,0.005391,0.111174,0.883434
AGCGATGCGCCTAATA-1,0.961199,0.033397,0.005404
AGCGCATAATGAATCG-1,0.080864,0.157283,0.761853
AGCGCGGGTGCCAATG-1,0.040791,0.21466,0.74455
AGCGCTAGAGCGATGT-1,0.00342,0.111478,0.885103
AGCGCTTATGGGCAAG-1,0.002263,0.561281,0.436457
AGCGGACACTTCGTAG-1,0.180655,0.045474,0.773871
AGCGGCGGTTAGCGGT-1,0.038227,0.305925,0.655848
AGCGGGAAGGGTCCAT-1,0.043838,0.955523,0.000639
AGCGGGTCTGACACTC-1,0.087302,0.037838,0.87486
AGCGGTTGAGATGTAC-1,0.201745,0.797484,0.000771
AGCGGTTGCCGCTCTG-1,0.010264,0.05811,0.931626
AGCGTGGTATTCTACT-1,0.072239,0.048669,0.879092
AGCGTTCCGATTTAAA-1,0.121389,0.878235,0.000377
AGCTAACAAGCAATGT-1,0.014887,0.098051,0.887062
AGCTAAGCTCCGTCCG-1,0.018679,0.073145,0.908177
AGCTAAGTACGCAGGC-1,0.410242,0.047104,0.542655
AGCTAGAAGCAGAAGT-1,0.082471,0.394658,0.522871
AGCTATTTAATCCAAC-1,0.000008,0.001674,0.998318
AGCTCCATATATGTTC-1,0.526685,0.138392,0.334923
AGCTCCTTCGCACATC-1,0.20717,0.062241,0.730589
AGCTCGTTGATGGAAA-1,0.000015,0.132878,0.867107
AGCTCTAGACGTTCCA-1,0.009444,0.174173,0.816382
AGCTCTTCCCAGTGCA-1,0.000026,0.1499,0.850074
AGCTCTTCGTAACCTT-1,0.002733,0.18174,0.815527
AGCTCTTTACTCAGTT-1,0.012957,0.220256,0.766787
AGCTGAAGTAAACCAA-1,0.00954,0.257678,0.732782
AGCTGCATTTGAGGTG-1,0.633848,0.319462,0.04669
AGCTGTAACCTCAATC-1,0.000018,0.053316,0.946666
AGCTTATAGAGACCTG-1,0.56607,0.433641,0.000289
AGCTTCAATACTTTGA-1,0.732868,0.243635,0.023497
AGCTTCTTCTCGAGCA-1,0.624918,0.178801,0.196282
AGCTTGATCTTAACTT-1,0.000027,0.140167,0.859806
AGGAACGAACGACTTC-1,0.996472,0.003374,0.000154
AGGAAGCTGTCCGCCG-1,0.000798,0.036939,0.962263
AGGACAGTCGAATCCC-1,0.000704,0.214463,0.784833
AGGACATCGCACGTCG-1,0.031157,0.967694,0.00115
AGGACATCGGCACACT-1,0.322331,0.000018,0.67765
AGGACGACCCATTAGA-1,0.011269,0.018463,0.970267
AGGACGCTCGATGTTG-1,0.000014,0.082758,0.917228
AGGAGACATCCACAGT-1,0.028878,0.045622,0.9255
AGGAGAGTCTGGCTAC-1,0.046469,0.008544,0.944987
AGGAGGCCTTCGCGCG-1,0.219184,0.145844,0.634972
AGGATAAAGTCGGGAT-1,0.006214,0.10345,0.890336
AGGATATAGGGATTTA-1,0.03894,0.27255,0.68851
AGGATATCCGACTGCA-1,0.470794,0.100461,0.428745
AGGATCACGCGATCTG-1,0.000019,0.117684,0.882297
AGGATTGCTTACGACA-1,0.008951,0.018043,0.973006
AGGCACGTGACTGTCC-1,0.98404,0.013876,0.002085
AGGCAGATGCGTAAAC-1,0.002691,0.023014,0.974295
AGGCAGGGAGCGTACT-1,0.000241,0.012846,0.986913
AGGCATTGTCGTAGGG-1,0.276979,0.371362,0.35166
AGGCCACATTGGTTAC-1,0.358439,0.024212,0.617348
AGGCCACCCGTTATGA-1,0.000035,0.087842,0.912122
AGGCCCATTGTACAGG-1,0.000043,0.315579,0.684379
AGGCCCTAGAACGCCA-1,0.000163,0.133704,0.866133
AGGCCTATCATACCAA-1,0.022104,0.143217,0.834679
AGGCCTGAGAATCTCG-1,0.18056,0.072945,0.746495
AGGCGATAACTGGCGT-1,0.708588,0.085342,0.20607
AGGCGGTTTGTCCCGC-1,0.000011,0.023028,0.976962
AGGCGTCTATGGACGG-1,0.015422,0.220823,0.763755
AGGCTATGGTTAGCTT-1,0.000016,0.151595,0.848389
AGGCTTAAGTTGCACA-1,0.03617,0.08363,0.880201
AGGCTTCCCGAAGAAG-1,0.000011,0.000969,0.99902
AGGCTTGCTAGACACC-1,0.218261,0.776565,0.005174
AGGGAAACGAGGTACT-1,0.000018,0.285772,0.71421
AGGGACCGGCTGCGTT-1,0.005884,0.054754,0.939362
AGGGACTCTACGCGAC-1,0.006041,0.000481,0.993478
AGGGAGACATACTTCG-1,0.005574,0.033137,0.961289
AGGGCAGCGGCGTGGT-1,0.034583,0.901043,0.064374
AGGGCCCTAATGTTCT-1,0.98138,0.018389,0.00023
AGGGCGAGCAGCTGAT-1,0.000013,0.167142,0.832845
AGGGCGTGATCGGCTA-1,0.139044,0.52049,0.340466
AGGGCTGCAGTTACAG-1,0.018375,0.000009,0.981616
AGGGTCAGAGCACTCG-1,0.042419,0.124517,0.833064
AGGGTCAGTAACCCTA-1,0.000013,0.222749,0.777238
AGGGTCGATGCGAACT-1,0.003425,0.261637,0.734938
AGGGTCTGGACGCAGT-1,0.694579,0.088828,0.216592
AGGGTGCCGTTCTTTA-1,0.010128,0.056825,0.933048
AGGGTGCTCTCGAGGG-1,0.000008,0.031681,0.968311
AGGGTGGATAGTGCAT-1,0.48288,0.516497,0.000624
AGGGTGTGCTACACGC-1,0.19981,0.47656,0.323629
AGGGTTCAGACGGTCC-1,0.036598,0.003836,0.959566
AGGGTTCCCTTTGGTT-1,0.177824,0.287021,0.535155
AGGGTTTAGTTCGGGA-1,0.170583,0.007785,0.821632
AGGTAACCTCCTATTC-1,0.03556,0.777017,0.187423
AGGTACGATATTGCCA-1,0.005294,0.16839,0.826316
AGGTAGATCGAGATAT-1,0.018189,0.179434,0.802377
AGGTAGGTACAAAGCT-1,0.000018,0.004944,0.995038
AGGTATAATTGATAGT-1,0.086736,0.068987,0.844277
AGGTATGCGGACATTA-1,0.021987,0.01245,0.965563
AGGTCAGGTGAGAGTG-1,0.000013,0.055704,0.944282
AGGTCGCCTCCCAACA-1,0.99885,0.000044,0.001106
AGGTCGCGGAGTTACT-1,0.027984,0.334119,0.637897
AGGTGCACGTCCACAT-1,0.4055,0.001928,0.592572
AGGTGGTGACCTTCGC-1,0.172917,0.070485,0.756597
AGGTGTATCGCCATGA-1,0.017603,0.65787,0.324527
AGGTGTTGCCGACCAC-1,0.99832,0.000034,0.001646
AGGTTACACCATGCCG-1,0.02842,0.155843,0.815738
AGGTTCTCCTTTCCGG-1,0.008583,0.816228,0.175188
AGGTTGAGGCACGCTT-1,0.000027,0.181485,0.818488
AGGTTTCACACACCTT-1,0.000027,0.069318,0.930655
AGTAACGTTCATCCTG-1,0.047815,0.95052,0.001665
AGTAACTATAGCAGCC-1,0.295539,0.060407,0.644054
AGTAATCTAAGGGTGG-1,0.046773,0.023367,0.92986
AGTAATGTCTTGCCGC-1,0.000017,0.13009,0.869893
AGTACAGAAGCTTATA-1,0.055778,0.032047,0.912175
AGTACATCATTTATCA-1,0.147039,0.05754,0.795421
AGTACCTTCGAGTGCT-1,0.000024,0.299304,0.700671
AGTACGGCCCGTATCG-1,0.076519,0.922977,0.000504
AGTACGGGCACCTGGC-1,0.02281,0.220681,0.75651
AGTACGTGGCCTGTCT-1,0.000151,0.880338,0.11951
AGTACTCTTATGCCCA-1,0.300894,0.048224,0.650882
AGTAGAAGGCGCCTCA-1,0.053495,0.068172,0.878333
AGTAGCGTGAACGAAC-1,0.257148,0.603733,0.139119
AGTAGCTAGACGCCGA-1,0.125178,0.872219,0.002603
AGTAGGAAGGAAGTTG-1,0.000023,0.238417,0.76156
AGTAGGTAACATACAT-1,0.017905,0.9608,0.021295
AGTATAATACTAGGCA-1,0.000024,0.062044,0.937932
AGTATACACAGCGACA-1,0.009128,0.10803,0.882842
AGTATGCTGGAGACCA-1,0.00001,0.00167,0.99832
AGTATTTGGCACGACC-1,0.016056,0.000038,0.983906
AGTCAAATGATGTGAT-1,0.018046,0.11513,0.866824
AGTCAACACCACCATC-1,0.015929,0.01355,0.970521
AGTCAAGATGACACTT-1,0.078017,0.184691,0.737292
AGTCACTAGCTCTCGA-1,0.235785,0.000012,0.764203
AGTCAGCCACCGCCTG-1,0.247736,0.751665,0.000599
AGTCCATTGGCTGATG-1,0.051816,0.13098,0.817203
AGTCCCGCCTTTAATT-1,0.022791,0.121143,0.856066
AGTCCCTCGCAGAAAG-1,0.015293,0.111517,0.87319
AGTCGACGGTCTCAAG-1,0.02166,0.050671,0.927669
AGTCGGCCCAAACGAC-1,0.000023,0.022348,0.977628
AGTCGGCTCAACTTTA-1,0.016299,0.155248,0.828453
AGTCGGTTGCGTGAGA-1,0.000009,0.004789,0.995202
AGTCGTATAAAGCAGA-1,0.068405,0.1021,0.829496
AGTCGTCGACCACCAA-1,0.305215,0.29839,0.396394
AGTCGTGGGCATTACG-1,0.000019,0.01767,0.98231
AGTCTAAAGTATACTC-1,0.026816,0.08145,0.891735
AGTCTCACAAGACTAC-1,0.017511,0.287011,0.695477
AGTCTTCTCCTCAAAT-1,0.009564,0.108583,0.881853
AGTCTTTAAAGTGTCC-1,0.009699,0.034146,0.956155
AGTGAACAAACTTCTC-1,0.030062,0.028757,0.941181
AGTGAAGATGGTGTCC-1,0.011755,0.11115,0.877096
AGTGACCTACTTTACG-1,0.000015,0.003707,0.996277
AGTGACTGTGACACAA-1,0.00141,0.103739,0.894851
AGTGAGACTTCCAGTA-1,0.003177,0.125302,0.871521
AGTGAGCCTCGCCGCC-1,0.006953,0.033456,0.959591
AGTGAGGGTTTCTGAC-1,0.000032,0.751926,0.248042
AGTGAGTCGAATTAAC-1,0.960215,0.000019,0.039766
AGTGATAACCTGCGCG-1,0.100967,0.004265,0.894768
AGTGATATGAGTAGTT-1,0.000011,0.000011,0.999977
AGTGATTCAAGCAGGA-1,0.050581,0.274064,0.675356
AGTGCACGCTTAAGAA-1,0.311314,0.117038,0.571648
AGTGCGTAGCTCGTAA-1,0.036729,0.144273,0.818999
AGTGCTAAACACAGCA-1,0.410225,0.08313,0.506645
AGTGCTTGCACGAATA-1,0.007305,0.041788,0.950907
AGTGGCCCGCAAATGG-1,0.058172,0.008169,0.933659
AGTGGCGGCAATTTGA-1,0.000009,0.01511,0.984881
AGTGGCGTCTGAAGGT-1,0.26693,0.082529,0.650542
AGTGGCTCCGTCGGCC-1,0.000032,0.863992,0.135976
AGTGGTGTTACCCGTG-1,0.028098,0.713114,0.258788
AGTGGTTGCGTATAGG-1,0.248345,0.750774,0.000881
AGTGTATTGCGCATTG-1,0.000267,0.097161,0.902572
AGTGTGGTCTATTGTG-1,0.158277,0.819002,0.022721
AGTTAAACACTTGCGA-1,0.054779,0.112241,0.83298
AGTTAAGCGGTCCCGG-1,0.000024,0.160343,0.839633
AGTTAAGTCAACCGCT-1,0.000019,0.021841,0.97814
AGTTACCGCACATGGT-1,0.37905,0.620333,0.000617
AGTTACTCTATCGTGG-1,0.030305,0.563818,0.405876
AGTTATTCAGACTGTG-1,0.104156,0.088077,0.807766
AGTTATTGAAAGGTAA-1,0.416753,0.58287,0.000378
AGTTCCTACAGAATTA-1,0.006149,0.01782,0.97603
AGTTCCTATTTATGTT-1,0.037564,0.095445,0.866991
AGTTGACGGTCCTTGC-1,0.077667,0.136154,0.786178
AGTTGCGGTCCTCAAC-1,0.016253,0.395845,0.587902
AGTTGGCAAGGCTAGA-1,0.270408,0.083425,0.646167
AGTTTATGTAAAGACA-1,0.002322,0.135082,0.862595
AGTTTCGCAGGTCGGA-1,0.000042,0.342548,0.657411
AGTTTGCACCTGCCTC-1,0.122895,0.000564,0.876541
AGTTTGGCACGGGTTG-1,0.343913,0.353503,0.302584
AGTTTGGCCAGACCTA-1,0.00186,0.252968,0.745173
ATAAACGGACCCGTAA-1,0.000566,0.071256,0.928177
ATAAACGTTGCACCAC-1,0.120339,0.000488,0.879173
ATAAAGGCTCGGTCGT-1,0.075695,0.093315,0.83099
ATAAAGGTCAAGTACG-1,0.143977,0.853755,0.002268
ATAAATATTAGCAGCT-1,0.00003,0.121909,0.878061
ATAACGCCGGAGGGTC-1,0.002323,0.095792,0.901885
ATAACGGAGTCCAACG-1,0.02697,0.097791,0.875239
ATAACGTTACCTCCAC-1,0.000013,0.167162,0.832825
ATAAGCAAACACCGAG-1,0.032066,0.674721,0.293213
ATAAGGTGGAGAACAT-1,0.014639,0.062987,0.922375
ATAAGTACCCGATTGT-1,0.004948,0.42252,0.572533
ATAAGTAGGATTCAGA-1,0.021475,0.239328,0.739197
ATAAGTAGGGCGACTC-1,0.028517,0.043,0.928483
ATAAGTTACCGCGACG-1,0.004458,0.109446,0.886097
ATAATAGCTGTTGAAT-1,0.00251,0.102413,0.895077
ATAATAGTGTAGGGAC-1,0.000885,0.998124,0.00099
ATAATCTTGGAGAACC-1,0.079826,0.297797,0.622377
ATAATTAGCTAAGTAG-1,0.006272,0.178589,0.815139
ATACAGGCCCTCCAAT-1,0.004734,0.114414,0.880851
ATACCACGGGCAACTT-1,0.00003,0.224126,0.775844
ATACCAGCAAATTGCT-1,0.212541,0.786964,0.000495
ATACCAGGCTAATAGA-1,0.01554,0.98378,0.00068
ATACCGTCATCCATAA-1,0.00002,0.260048,0.739932
ATACCTAACCAAGAAA-1,0.000007,0.022291,0.977702
ATACGAAGGCTTTCCA-1,0.075579,0.183814,0.740606
ATACGACAGATGGGTA-1,0.233886,0.64853,0.117584
ATACGAGGTTTGTAAG-1,0.022089,0.050439,0.927472
ATACGCCGGCGAAACC-1,0.001668,0.043859,0.954473
ATACGGAACGTCGTTT-1,0.000015,0.155323,0.844662
ATACGGGTTTCGATTG-1,0.001432,0.383938,0.61463
ATACGGTGAAGATGCA-1,0.109088,0.890346,0.000566
ATACGTACTTAGCCAC-1,0.215244,0.128503,0.656252
ATACGTCCACTCCTGT-1,0.376534,0.043956,0.57951
ATACGTTATGCACGGA-1,0.001994,0.07938,0.918626
ATACTACCCGTACCAC-1,0.69211,0.000019,0.307872
ATACTAGCATGACCCT-1,0.000026,0.110033,0.889941
ATACTGCCTTACACCG-1,0.30831,0.093007,0.598683
ATAGACAACGGGACCT-1,0.042925,0.264867,0.692208
ATAGACGAAGAGAAAG-1,0.000021,0.043756,0.956224
ATAGAGTACTGGGACA-1,0.000018,0.006592,0.99339
ATAGAGTTATCAACTT-1,0.037756,0.046238,0.916005
ATAGATTTGCAGTCGG-1,0.337696,0.648032,0.014272
ATAGCAACTAGGGAAG-1,0.891806,0.018632,0.089562
ATAGCCATAACAGTCA-1,0.710663,0.043755,0.245583
ATAGGAATCTAAGCTT-1,0.063974,0.919265,0.016761
ATAGGCGGCTATAGAA-1,0.037257,0.199376,0.763367
ATAGGCTAGCTTCGCA-1,0.018015,0.15542,0.826565
