Barcode,Topic 1to2,Topic 3,Topic 4,Topic 5to6,Topic 7to8,Topic 9,Topic 10
AAACAAGTATCTCCCA-1,0.846522,0.000408,0.090806,0.055057,0.007169,0.000019,0.000019
AAACAATCTACTAGCA-1,0.085732,0.000069,0.000069,0.000138,0.1542,0.028985,0.730808
AAACACCAATAACTGC-1,0.797644,0.024686,0.126995,0.004991,0.006731,0.008172,0.03078
AAACAGAGCGACTCCT-1,0.07556,0.023045,0.049476,0.311134,0.463566,0.052835,0.024384
AAACAGCTTTCAGAAG-1,0.243566,0.000021,0.335047,0.103716,0.164355,0.082994,0.070301
AAACAGGGTCTATATT-1,0.753416,0.082403,0.015252,0.000049,0.000049,0.129651,0.01918
AAACAGTGTTCCTGGG-1,0.996803,0.000011,0.000011,0.003131,0.000022,0.000011,0.000011
AAACATGGTGAGAGGA-1,0.13901,0.054858,0.263253,0.064225,0.104627,0.251773,0.122254
AAACATTTCCCGGATT-1,0.831253,0.168595,0.000022,0.000043,0.000043,0.000022,0.000022
AAACCACTACACAGAT-1,0.000022,0.029073,0.057762,0.076382,0.802219,0.004305,0.030237
AAACCCGAACGAAATC-1,0.943634,0.001908,0.005357,0.011897,0.004069,0.018448,0.014688
AAACCGGGTAGGTACC-1,0.296156,0.003267,0.176827,0.093118,0.172669,0.076701,0.18126
AAACCGTTCGTCCAGG-1,0.834776,0.031502,0.05338,0.009995,0.009097,0.061222,0.000028
AAACCTAAGCAGCCGG-1,0.838145,0.070535,0.043226,0.022964,0.015059,0.005042,0.005029
AAACCTCATGAAGTTG-1,0.04636,0.008734,0.088079,0.454032,0.279581,0.002176,0.121038
AAACGAAGAACATACC-1,0.000087,0.041189,0.000043,0.000087,0.216605,0.000043,0.741946
AAACGAAGATGGAGTA-1,0.517095,0.152913,0.021528,0.000061,0.000064,0.160639,0.1477
AAACGACAGTCTTGCC-1,0.000027,0.000014,0.012894,0.036439,0.802158,0.051096,0.097372
AAACGAGACGGTTGAT-1,0.000018,0.128643,0.024511,0.715097,0.130398,0.000725,0.000608
AAACGCCCGAGATCGG-1,0.000032,0.000016,0.009518,0.084675,0.797097,0.000016,0.108645
AAACGGGCGTACGGGT-1,0.760908,0.219886,0.000024,0.000048,0.000048,0.019004,0.000081
AAACGGTTGCGAACTG-1,0.983931,0.000025,0.000025,0.000049,0.000049,0.001088,0.014833
AAACGTGTTCGCCCTA-1,0.000031,0.023525,0.000015,0.681978,0.070982,0.211027,0.012442
AAACTAACGTGGCGAC-1,0.034709,0.04095,0.006484,0.073192,0.40543,0.278799,0.160435
AAACTCGGTTCGCAAT-1,0.886473,0.113299,0.000033,0.000065,0.000065,0.000033,0.000033
AAACTCGTGATATAAG-1,0.044106,0.005354,0.070957,0.685286,0.144861,0.036303,0.013133
AAACTGCTGGCTCCAA-1,0.67315,0.003098,0.170931,0.078686,0.049576,0.020941,0.003619
AAACTTAATTGCACGC-1,0.094923,0.402702,0.275806,0.06973,0.141762,0.008162,0.006915
AAACTTGCAAACGTAT-1,0.497549,0.04798,0.175833,0.059607,0.12316,0.08078,0.015092
AAAGAATGACCTTAGA-1,0.010798,0.01732,0.414864,0.135514,0.144619,0.174396,0.102489
AAAGACATGAAGTTTA-1,0.05357,0.006741,0.05368,0.081168,0.312827,0.08524,0.406775
AAAGACCCAAGTCGCG-1,0.000065,0.000033,0.000033,0.000467,0.769718,0.022773,0.206912
AAAGACTGGGCGCTTT-1,0.009026,0.119392,0.01502,0.403383,0.165886,0.1188,0.168493
AAAGCTTGCCTACATA-1,0.111424,0.092925,0.07915,0.2162,0.123819,0.297223,0.079259
AAAGGCCCTATAATAC-1,0.136533,0.690294,0.02249,0.049647,0.07503,0.000013,0.025993
AAAGGCTACGGACCAT-1,0.406405,0.150227,0.111476,0.190023,0.020619,0.074012,0.047238
AAAGGCTCTCGCGCCG-1,0.361301,0.00986,0.249549,0.199127,0.124226,0.014409,0.041528
AAAGGGATGTAGCAAG-1,0.024417,0.00001,0.000013,0.88131,0.073323,0.001162,0.019765
AAAGGGCAGCTTGAAT-1,0.035747,0.042628,0.00102,0.792751,0.070513,0.056707,0.000634
AAAGGTAAGCTGTACC-1,0.000068,0.000034,0.001746,0.159498,0.502857,0.115701,0.220097
AAAGGTCAACGACATG-1,0.007907,0.009837,0.000048,0.000096,0.000096,0.043502,0.938514
AAAGTCACTGATGTAA-1,0.004763,0.000024,0.003351,0.063981,0.735192,0.000024,0.192666
AAAGTCGACCCTCAGT-1,0.154962,0.056836,0.151329,0.092364,0.045076,0.098153,0.40128
AAAGTGTGATTTATCT-1,0.617632,0.223913,0.000028,0.000056,0.000056,0.000113,0.158201
AAAGTTGACTCCCGTA-1,0.472249,0.000832,0.125988,0.046692,0.091256,0.141576,0.121406
AAATAACCATACGGGA-1,0.023476,0.000018,0.00334,0.558312,0.3729,0.021982,0.019972
AAATAAGGTAGTGCCC-1,0.015149,0.000031,0.005547,0.000061,0.017151,0.628054,0.334007
AAATACCTATAAGCAT-1,0.860825,0.000026,0.011631,0.060693,0.043415,0.0066,0.016809
AAATAGCTTAGACTTT-1,0.000027,0.135303,0.091981,0.42104,0.125073,0.059458,0.167119
AAATAGGGTGCTATTG-1,0.945366,0.000027,0.000027,0.000055,0.000055,0.025373,0.029096
AAATCCGATACACGCC-1,0.824465,0.169007,0.000017,0.000033,0.000033,0.005498,0.000948
AAATCGCGGAAGGAGT-1,0.123081,0.189326,0.333471,0.178935,0.085001,0.000021,0.090165
AAATCGTGTACCACAA-1,0.832663,0.000042,0.001891,0.002899,0.102645,0.000042,0.059818
AAATCTAGCCCTGCTA-1,0.933683,0.023338,0.000964,0.004671,0.000027,0.001237,0.03608
AAATCTGCCCGCGTCC-1,0.005543,0.222346,0.285449,0.027365,0.007355,0.04812,0.403822
AAATGACTGATCAAAC-1,0.464436,0.48302,0.00012,0.000241,0.000241,0.051821,0.00012
AAATGATTCGATCAGC-1,0.000055,0.000027,0.000027,0.152812,0.181467,0.586224,0.079388
AAATGCTCGTTACGTT-1,0.000031,0.039927,0.005388,0.543825,0.410799,0.000015,0.000015
AAATGGCATGTCTTGT-1,0.000051,0.000025,0.00335,0.284061,0.47738,0.040077,0.195056
AAATGGCCCGTGCCCT-1,0.920267,0.020807,0.002635,0.034781,0.019998,0.001492,0.00002
AAATGGTCAATGTGCC-1,0.00006,0.001037,0.189293,0.240906,0.360552,0.073069,0.135084
AAATGTGGGTGCTCCT-1,0.092891,0.000059,0.000059,0.048319,0.464078,0.047056,0.34754
AAATTAACGGGTAGCT-1,0.158187,0.000046,0.007869,0.331474,0.158258,0.201043,0.143124
AAATTAATAAGCGCGA-1,0.074753,0.000016,0.126632,0.346683,0.378996,0.050857,0.022064
AAATTACACGACTCTG-1,0.000086,0.000043,0.000043,0.020847,0.559132,0.261954,0.157895
AAATTACCTATCGATG-1,0.000028,0.007841,0.021594,0.387778,0.179517,0.280099,0.123142
AAATTCCAGGTCCAAA-1,0.000019,0.020157,0.195307,0.330944,0.295271,0.125531,0.032772
AAATTGATAGTCCTTT-1,0.876842,0.000041,0.000041,0.000083,0.000083,0.003131,0.11978
AAATTGCGGCGGTTCT-1,0.14724,0.004982,0.00021,0.117978,0.375081,0.248892,0.105617
AAATTGGTGAGAAGCA-1,0.001605,0.040648,0.000015,0.522612,0.079283,0.353433,0.002404
AAATTTACCGAAATCC-1,0.007729,0.000034,0.00256,0.006093,0.825377,0.044136,0.11407
AAATTTGCGGGTGTGG-1,0.499826,0.138816,0.144849,0.055672,0.070524,0.048845,0.041468
AACAACTGGTAGTTGC-1,0.054794,0.003159,0.095121,0.442248,0.306361,0.04666,0.051657
AACAATACATTGTCGA-1,0.919378,0.08047,0.000022,0.000044,0.000044,0.000022,0.000022
AACAATTACTCTACGC-1,0.00003,0.035597,0.003372,0.868139,0.068154,0.018178,0.00653
AACACACGCTCGCCGC-1,0.759986,0.085489,0.110782,0.019167,0.010157,0.014396,0.000022
AACACGACTGTACTGA-1,0.036818,0.000034,0.050122,0.004007,0.557439,0.055558,0.296022
AACACGAGACGCGGCC-1,0.507671,0.154769,0.062152,0.104561,0.043563,0.000017,0.127268
AACACGCGGCCGCGAA-1,0.108302,0.000086,0.000086,0.000172,0.000172,0.020753,0.870428
AACAGCTGTGTGGCAA-1,0.434302,0.361963,0.06402,0.09116,0.048443,0.000097,0.000016
AACAGGAAATCGAATA-1,0.007651,0.000013,0.024811,0.340306,0.617334,0.000013,0.009872
AACAGGATGGGCCGCG-1,0.005635,0.085563,0.054894,0.371184,0.316688,0.136619,0.029417
AACAGGTAGTATGGAT-1,0.635847,0.004811,0.021879,0.100211,0.029615,0.155095,0.052541
AACATAGCGTGTATCG-1,0.816541,0.173531,0.0001,0.000199,0.000199,0.009331,0.0001
AACATATCAACTGGTG-1,0.002668,0.074723,0.038575,0.14438,0.092103,0.406493,0.241058
AACATCGATACGTCTA-1,0.074764,0.012577,0.024114,0.365179,0.194714,0.280371,0.048282
AACATTGAAGTTGATC-1,0.661893,0.290808,0.023548,0.02368,0.000036,0.000018,0.000018
AACATTGTGACTCGAG-1,0.861935,0.134902,0.00003,0.00006,0.00006,0.002983,0.00003
AACCAAGACTTCTCTG-1,0.003392,0.000011,0.01998,0.807241,0.147052,0.000011,0.022314
AACCAGTATCACTCTT-1,0.000042,0.003074,0.101948,0.1243,0.759015,0.000021,0.0116
AACCATAGGGTTGAAC-1,0.046032,0.184933,0.393921,0.020819,0.030462,0.315822,0.008012
AACCATGGGATCGCTA-1,0.000048,0.000024,0.000024,0.386188,0.611022,0.000024,0.002672
AACCCAGAGACGGAGA-1,0.082742,0.000035,0.000035,0.015326,0.41454,0.089181,0.398142
AACCCATCCCATGATC-1,0.606624,0.270229,0.014425,0.000054,0.016628,0.057838,0.034203
AACCCGACAACCCGTG-1,0.795624,0.061664,0.129458,0.000049,0.000049,0.013132,0.000025
AACCCGCTGTATTCCA-1,0.741168,0.258272,0.00008,0.00016,0.00016,0.00008,0.00008
AACCCTACTGTCAATA-1,0.113007,0.142365,0.256465,0.242453,0.221151,0.003732,0.020827
AACCCTGGTGGAACCA-1,0.000054,0.018367,0.009571,0.000054,0.717458,0.081656,0.172839
AACCGAGCTTGGTCAT-1,0.000019,0.000009,0.000009,0.864746,0.135197,0.000009,0.000009
AACCGCTAAGGGATGC-1,0.381085,0.159534,0.248306,0.124038,0.086385,0.000632,0.00002
AACCGTTGTGTTTGCT-1,0.000059,0.006357,0.000083,0.133913,0.556834,0.00003,0.302724
AACCTAAAGCCGTCCG-1,0.147174,0.012732,0.008585,0.028655,0.23926,0.000083,0.563511
AACCTCGCTTTAGCCC-1,0.866434,0.04334,0.000031,0.000063,0.000063,0.033807,0.056263
AACCTGTCACGGAATT-1,0.355841,0.02006,0.182894,0.002771,0.057725,0.209418,0.171291
AACCTTTAAATACGGT-1,0.904632,0.000021,0.005385,0.04037,0.049146,0.000425,0.000021
AACCTTTACGACGTCT-1,0.000059,0.00003,0.00003,0.167478,0.433367,0.249538,0.149498
AACGAAAGTCGTCCCA-1,0.164614,0.218615,0.291556,0.091466,0.045107,0.011132,0.17751
AACGATAATGCCGTAG-1,0.970115,0.000029,0.000029,0.000058,0.000058,0.008388,0.021324
AACGATAGAAGGGCCG-1,0.037468,0.000026,0.001323,0.126306,0.658022,0.085105,0.091749
AACGATATGTCAACTG-1,0.000058,0.000029,0.000029,0.369449,0.199838,0.383029,0.047568
AACGCATGATCTGGGT-1,0.000017,0.000009,0.000009,0.960501,0.007836,0.031621,0.000009
AACGCGAACGGCAACA-1,0.060927,0.028827,0.041723,0.149327,0.528759,0.026094,0.164342
AACGCGACCTTGGGCG-1,0.888574,0.077573,0.00189,0.000045,0.00021,0.029488,0.00222
AACGCGGTCTCCAGCC-1,0.00002,0.073845,0.000925,0.922195,0.002996,0.00001,0.00001
AACGCTGTTGCTGAAA-1,0.877525,0.000053,0.000053,0.000105,0.006306,0.01842,0.097539
AACGGACGTACGTATA-1,0.842254,0.009837,0.000842,0.047317,0.088899,0.004536,0.006316
AACGGCCATCTCCGGT-1,0.622193,0.289477,0.000034,0.000068,0.000409,0.007754,0.080065
AACGTACTGTGGGTAC-1,0.884094,0.00004,0.00004,0.00008,0.007162,0.039084,0.069499
AACGTCAGACTAGTGG-1,0.029127,0.000014,0.000014,0.838099,0.121387,0.011345,0.000014
AACGTGATGAAGGACA-1,0.067155,0.00002,0.028538,0.113867,0.703519,0.080528,0.006371
AACGTGCGAAAGTCTC-1,0.014003,0.083156,0.325737,0.296781,0.18719,0.00231,0.090823
AACGTTATCAGCACCT-1,0.000089,0.000044,0.000044,0.201953,0.296082,0.501743,0.000044
AACTACCCGTTTGTCA-1,0.898876,0.000022,0.010841,0.024985,0.042956,0.019492,0.002828
AACTAGCGTATCGCAC-1,0.115,0.000091,0.000091,0.000182,0.000182,0.000091,0.884362
AACTAGGCTTGGGTGT-1,0.52792,0.290364,0.072281,0.008115,0.022072,0.026941,0.052308
AACTCAAGTTAATTGC-1,0.104109,0.088518,0.209697,0.458354,0.139299,0.000011,0.000011
AACTCCAGAGCGTGTT-1,0.592349,0.290916,0.000053,0.000105,0.000105,0.000053,0.116418
AACTCCTAATCCCATG-1,0.013708,0.085859,0.033688,0.262389,0.465491,0.001668,0.137197
AACTCGATAAACACGT-1,0.056906,0.000343,0.132005,0.165302,0.285773,0.139935,0.219736
AACTCGATGGCGCAGT-1,0.000028,0.005627,0.00066,0.227361,0.712113,0.000205,0.054006
AACTCTCAATAGAGCG-1,0.02679,0.001024,0.155647,0.279332,0.199252,0.190985,0.146971
AACTCTCAGTGTGCTC-1,0.620106,0.342147,0.024314,0.000132,0.000132,0.013101,0.000066
AACTGAGGTCAGCGTC-1,0.000086,0.000043,0.000043,0.044332,0.688432,0.219279,0.047784
AACTGATATTAGGCCT-1,0.000078,0.000039,0.000039,0.067041,0.574178,0.088129,0.270496
AACTGGGTCCCGACGT-1,0.0296,0.000011,0.016339,0.592922,0.348968,0.011907,0.000252
AACTGGGTTCGAGCCG-1,0.064569,0.000091,0.000091,0.000182,0.000182,0.009043,0.925842
AACTGGTGTGGGCCTT-1,0.000044,0.046662,0.021425,0.019309,0.859045,0.000022,0.053493
AACTTCTGCGTCTATC-1,0.04214,0.00003,0.00003,0.573874,0.203734,0.014089,0.166102
AACTTGCCCGTATGCA-1,0.003568,0.000008,0.000008,0.973327,0.023073,0.000008,0.000008
AACTTGCGTTCTCGCG-1,0.000027,0.000013,0.027116,0.527402,0.445416,0.000013,0.000013
AACTTTACGGGAGCTT-1,0.019782,0.005418,0.166484,0.610948,0.099545,0.021015,0.076808
AACTTTAGCTGCTGAG-1,0.000169,0.000084,0.000084,0.000169,0.120918,0.007632,0.870945
AACTTTCTCGATCATG-1,0.236253,0.083282,0.001772,0.223664,0.121927,0.199694,0.133408
AAGAAAGTTTGATGGG-1,0.0004,0.325978,0.135326,0.115441,0.0004,0.422254,0.0002
AAGAAGGATCAGTTAG-1,0.000062,0.078278,0.005779,0.213303,0.345474,0.016787,0.340317
AAGACCAAATAACTCA-1,0.179982,0.219985,0.424622,0.095875,0.017504,0.035171,0.026861
AAGACCCAACTGAACA-1,0.968997,0.000019,0.008817,0.010949,0.011179,0.000019,0.000019
AAGACTAACCCGTTGT-1,0.057949,0.000158,0.000158,0.000316,0.000316,0.000158,0.940945
AAGACTCACGCCCACT-1,0.087145,0.000056,0.000056,0.000112,0.000112,0.006374,0.906145
AAGACTGCAAGCTACT-1,0.000015,0.008655,0.062655,0.764183,0.155074,0.009008,0.00041
AAGAGATGAATCGGTA-1,0.173446,0.029438,0.04148,0.36658,0.280329,0.069425,0.039301
AAGAGCTCTTTATCGG-1,0.051629,0.133172,0.067943,0.136787,0.177462,0.205587,0.227419
AAGAGGATGTACGCGA-1,0.000086,0.000043,0.058018,0.05722,0.2269,0.439277,0.218457
AAGAGGCATGGATCGC-1,0.00003,0.041909,0.164469,0.282889,0.31625,0.106188,0.088264
AAGATGGCACCGGACC-1,0.823049,0.164456,0.000048,0.000096,0.000096,0.012206,0.000048
AAGATTGGCGGAACGT-1,0.090643,0.026422,0.034162,0.280527,0.170838,0.241015,0.156394
AAGCACCCTGCGTATC-1,0.86493,0.038196,0.063197,0.029052,0.003422,0.000023,0.001178
AAGCATACTCTCCTGA-1,0.942907,0.000021,0.000021,0.00686,0.043996,0.000021,0.006175
AAGCCACTTGCAGGTA-1,0.846965,0.000375,0.000036,0.000072,0.000072,0.04308,0.1094
AAGCCGAAGCGGTTTA-1,0.910402,0.000022,0.000022,0.000043,0.000043,0.000918,0.088551
AAGCCGCCGTGAAATC-1,0.741139,0.175451,0.020428,0.019193,0.015119,0.009494,0.019175
AAGCCGCTTTACCTTG-1,0.104862,0.000028,0.0023,0.309575,0.210831,0.216105,0.1563
AAGCGCAGGGCTTTGA-1,0.854545,0.145232,0.000032,0.000064,0.000064,0.000032,0.000032
AAGCGGAGTGCGCGCA-1,0.041899,0.013196,0.008102,0.39386,0.218797,0.206119,0.118029
AAGCGGCGTCATGGGT-1,0.000055,0.019716,0.000028,0.176307,0.546124,0.162823,0.094947
AAGCGTCCCTCATCGA-1,0.952482,0.047243,0.000039,0.000079,0.000079,0.000039,0.000039
AAGCTAGATCGAGTAA-1,0.928099,0.010222,0.00711,0.000074,0.05442,0.000037,0.000037
AAGCTCGTGCCAAGTC-1,0.142635,0.109072,0.072625,0.114312,0.189398,0.115888,0.256069
AAGCTCTTTCATGGTG-1,0.887554,0.112039,0.000058,0.000116,0.000116,0.000058,0.000058
AAGGAGAACTTATAAG-1,0.058205,0.00008,0.00008,0.023922,0.347349,0.00008,0.570284
AAGGAGCGGTTGGTGC-1,0.081638,0.00002,0.000982,0.56242,0.269499,0.049718,0.035724
AAGGATCGATCGCTTG-1,0.011815,0.072741,0.45677,0.27973,0.115316,0.059373,0.004253
AAGGATGAGGGACCTC-1,0.07443,0.002597,0.051291,0.636746,0.152935,0.081992,0.000009
AAGGCAGGCTGTCTCC-1,0.77739,0.044176,0.058399,0.022503,0.050729,0.03704,0.009764
AAGGCGCGTAAAGCTT-1,0.111874,0.000037,0.000037,0.17814,0.094563,0.533772,0.081578
AAGGCTGTGCTCATCG-1,0.000118,0.000059,0.000059,0.177043,0.128261,0.482693,0.211767
AAGGGAACGACTGGCT-1,0.562087,0.085797,0.130228,0.105455,0.07241,0.01996,0.024064
AAGGGACAGATTCTGT-1,0.065872,0.07098,0.186184,0.405578,0.073233,0.19732,0.000833
AAGGGACTATGCATTC-1,0.926132,0.029868,0.00002,0.000041,0.000041,0.00002,0.043878
AAGGGTTTGATTTCAG-1,0.352363,0.000152,0.262991,0.00488,0.020806,0.172765,0.186044
AAGGTATCCTAATATA-1,0.015802,0.000033,0.00457,0.077251,0.156225,0.710321,0.035798
AAGGTGATAAACCAGC-1,0.800482,0.000028,0.000111,0.000055,0.031908,0.088962,0.078454
AAGTAGAAGACCGGGT-1,0.000023,0.038495,0.000012,0.83926,0.122187,0.000012,0.000012
AAGTAGTGACGCGAGG-1,0.022916,0.014268,0.022204,0.460015,0.350467,0.000491,0.129639
AAGTCAATTGTCGTCA-1,0.527338,0.000017,0.118707,0.15095,0.177279,0.001676,0.024033
AAGTCTAGTAGCTGCC-1,0.074722,0.012327,0.005514,0.368916,0.1717,0.249162,0.117659
AAGTCTTCTGTGGCCT-1,0.23075,0.000023,0.089581,0.304064,0.149695,0.027026,0.198861
AAGTGACGACCGAATT-1,0.295799,0.058904,0.025722,0.056107,0.04768,0.316978,0.198811
AAGTGAGTCGGGTTTA-1,0.910687,0.083773,0.000039,0.000078,0.000078,0.005306,0.000039
AAGTGCAAAGGTAGAC-1,0.136493,0.016177,0.146435,0.355517,0.093618,0.223524,0.028236
AAGTGCCTTGACTGTA-1,0.841854,0.000033,0.000033,0.022105,0.016662,0.057034,0.062279
AAGTGCGTTAGAATCT-1,0.646684,0.060189,0.133669,0.054371,0.095349,0.000043,0.009695
AAGTGCTTCTCTATTG-1,0.934918,0.064956,0.000018,0.000036,0.000036,0.000018,0.000018
AAGTGTTTGGAGACGG-1,0.794215,0.000027,0.003054,0.077543,0.069029,0.009897,0.046236
AAGTTCACTCCAAGCT-1,0.747864,0.007086,0.136999,0.04229,0.065721,0.00002,0.00002
AAGTTCAGTCTGCGTA-1,0.025652,0.000023,0.000023,0.395714,0.113397,0.461055,0.004136
AAGTTCGGCCAACAGG-1,0.591214,0.049789,0.121399,0.082313,0.037588,0.026591,0.091106
AAGTTTACTAATGGCA-1,0.037085,0.000061,0.000061,0.000123,0.000123,0.000061,0.962486
AAGTTTATGGGCCCAA-1,0.644589,0.35522,0.000027,0.000055,0.000055,0.000027,0.000027
AATAACAACGCTCGGC-1,0.000023,0.005656,0.011818,0.871048,0.111356,0.000011,0.000088
AATAACACTAGAACAA-1,0.967235,0.004488,0.000024,0.000048,0.000048,0.019751,0.008406
AATAAGTCCTCGAGAC-1,0.122255,0.371901,0.000051,0.000101,0.000101,0.000051,0.505542
AATACAATGTTTCAGG-1,0.000065,0.017899,0.000033,0.377523,0.12666,0.260985,0.216836
AATACCGGAGGGCTGT-1,0.946925,0.052914,0.000023,0.000046,0.000046,0.000023,0.000023
AATACCTGATGTGAAC-1,0.415351,0.083736,0.116595,0.18764,0.178814,0.002911,0.014953
AATAGAACAGAGTGGC-1,0.63217,0.028514,0.178745,0.11603,0.039018,0.001867,0.003656
AATAGAATCTGTTTCA-1,0.927301,0.00002,0.00002,0.000039,0.000039,0.00004,0.07254
AATAGCAAGCCTCCTG-1,0.029892,0.000012,0.007629,0.426766,0.535586,0.000102,0.000012
AATAGCTACCGCGTGC-1,0.018702,0.000021,0.00292,0.434143,0.129709,0.34431,0.070195
AATAGTCCGTCCCGAC-1,0.912572,0.015665,0.000041,0.000082,0.000082,0.012308,0.059251
AATAGTCGCGAGTCGG-1,0.031989,0.000012,0.004899,0.820058,0.057593,0.054657,0.030791
AATATCAAGGTCGGAT-1,0.000038,0.016441,0.052831,0.046801,0.88065,0.000019,0.00322
AATATCCTAGCAAACT-1,0.128231,0.016515,0.354285,0.161208,0.203342,0.014315,0.122104
AATATCGAATCAATGC-1,0.887847,0.004615,0.00002,0.000039,0.000039,0.00002,0.10742
AATATCGAGGGTTCTC-1,0.003299,0.010961,0.027429,0.589021,0.039932,0.165422,0.163936
AATATTGGAGTATTGA-1,0.109916,0.000012,0.003444,0.637813,0.248791,0.000012,0.000012
AATCAGACTGCAGGAC-1,0.115456,0.000111,0.000111,0.016369,0.655578,0.025549,0.186827
AATCAGGTTTCATTTA-1,0.760611,0.048496,0.000031,0.000061,0.000061,0.000031,0.190709
AATCATGTAAAGACTC-1,0.428448,0.274982,0.005885,0.148196,0.095509,0.010293,0.036686
AATCCAAGGGCCTGAG-1,0.031331,0.011858,0.043478,0.205467,0.703465,0.003768,0.000633
AATCCATGCAAGGGTG-1,0.00008,0.035969,0.080639,0.00008,0.53634,0.024742,0.322149
AATCCCGCTCAGAGCC-1,0.628196,0.371236,0.000081,0.000162,0.000162,0.000081,0.000081
AATCGAGGTCTCAAGG-1,0.648288,0.243347,0.00016,0.00032,0.00032,0.107405,0.00016
AATCGCCTCAGCGCCA-1,0.041704,0.000056,0.200012,0.158226,0.057697,0.080665,0.461639
AATCGCGCAGAGGACT-1,0.639625,0.000025,0.031365,0.014703,0.025952,0.076315,0.212016
AATCGGGACACTACGA-1,0.000044,0.000022,0.034523,0.006409,0.954536,0.000022,0.004446
AATCGTGAGCCGAGCA-1,0.755579,0.221887,0.000026,0.000052,0.000052,0.000026,0.022378
AATCTAGGTTTACTTG-1,0.543655,0.128528,0.126839,0.129258,0.071686,0.000017,0.000017
AATCTATGCCGGAGCC-1,0.006991,0.000024,0.072146,0.434042,0.10396,0.323396,0.059441
AATCTCTACTGTGGTT-1,0.087343,0.011375,0.160643,0.173956,0.223396,0.079657,0.263629
AATCTGCGTTGGGACG-1,0.055223,0.018343,0.097742,0.738178,0.07847,0.007916,0.004128
AATCTGGCTTTCTAGT-1,0.527105,0.240785,0.000036,0.000071,0.000071,0.002955,0.228976
AATCTGGGTAGACCCT-1,0.000041,0.030623,0.018604,0.017668,0.895766,0.014865,0.022433
AATGACAGCAATGTCT-1,0.695875,0.07002,0.07072,0.010889,0.047809,0.041125,0.063563
AATGACGTAGGATGTC-1,0.213615,0.146343,0.085905,0.079792,0.248938,0.010636,0.21477
AATGACTGTCAGCCGG-1,0.003991,0.070077,0.000015,0.586353,0.190571,0.143986,0.005007
AATGAGTTCGCATATG-1,0.007595,0.002931,0.013565,0.137009,0.519217,0.119693,0.199991
AATGATGATACGCTAT-1,0.014147,0.014035,0.022103,0.432717,0.228546,0.238474,0.049979
AATGATGCGACTCCTG-1,0.045691,0.000022,0.011302,0.187009,0.284861,0.422378,0.048736
AATGCAACCGGGTACC-1,0.014534,0.000011,0.020924,0.790461,0.108485,0.064728,0.000856
AATGCACCAAGCAATG-1,0.075525,0.008341,0.014679,0.523176,0.233005,0.139415,0.00586
AATGGTCCACCGTTCA-1,0.110324,0.00002,0.082676,0.680237,0.118801,0.005951,0.001991
AATGGTTCTCACAAGC-1,0.031257,0.000018,0.002307,0.572004,0.384903,0.006555,0.002956
AATGTATGGCACTGTA-1,0.278618,0.353408,0.090504,0.000888,0.01452,0.079512,0.182551
AATGTGCCCGAGGTGT-1,0.849207,0.002241,0.007115,0.020368,0.088937,0.00002,0.032112
AATGTGCTAATCTGAG-1,0.704515,0.003913,0.046581,0.093498,0.018001,0.000802,0.13269
AATGTTAAGACCCTGA-1,0.722069,0.277509,0.00006,0.000121,0.000121,0.00006,0.00006
AATTAAAGGTCGGCGT-1,0.12785,0.071479,0.165779,0.210531,0.046508,0.025257,0.352596
AATTAACGGATTTCCA-1,0.6376,0.362063,0.000048,0.000096,0.000096,0.000048,0.000048
AATTACGAGACCCATC-1,0.456676,0.242265,0.158205,0.028065,0.084438,0.005548,0.024803
AATTAGCGCTGCAGCG-1,0.585133,0.024773,0.294444,0.073076,0.02253,0.000021,0.000021
AATTATACCCAGCAAG-1,0.475855,0.523228,0.000131,0.000262,0.000262,0.000131,0.000131
AATTCATAAGGGATCT-1,0.040147,0.043604,0.013797,0.65224,0.128219,0.121981,0.000011
AATTCATTGTCATGCA-1,0.140504,0.058003,0.446691,0.097084,0.148355,0.04082,0.068542
AATTCCAAGCATGTAC-1,0.864612,0.07576,0.013687,0.045132,0.000045,0.000742,0.000022
AATTCGATTCGAGGAT-1,0.866682,0.129444,0.000028,0.000056,0.000056,0.0001,0.003634
AATTCTAGAGTTAGGC-1,0.868997,0.043514,0.000064,0.000127,0.000127,0.048147,0.039025
AATTGAACGCTCTGGT-1,0.644374,0.005976,0.011013,0.0001,0.0001,0.051922,0.286515
AATTGCAGCAATCGAC-1,0.839673,0.025191,0.034786,0.031965,0.058382,0.005411,0.004592
AATTGCGTGGATTACA-1,0.087024,0.030191,0.308697,0.126226,0.175572,0.182102,0.090189
AATTTGGGACATAGTA-1,0.000067,0.000034,0.003925,0.265225,0.471644,0.006411,0.252695
AATTTGGTTCCAAAGA-1,0.000043,0.000021,0.002141,0.150949,0.725961,0.000021,0.120863
ACAAACCATGCGTCCT-1,0.705641,0.011565,0.221882,0.034595,0.019826,0.006479,0.000012
ACAAACCGACAAGGCG-1,0.108417,0.000073,0.012123,0.117747,0.248099,0.01616,0.497381
ACAAACTCCATCAGAG-1,0.405632,0.593167,0.000122,0.000244,0.000244,0.00047,0.000122
ACAAAGAAGGTAGGCC-1,0.579082,0.000015,0.089018,0.132917,0.045302,0.071603,0.082063
ACAAAGCATGACCTAG-1,0.517154,0.10028,0.035668,0.20485,0.034662,0.030993,0.076392
ACAAATCGCACCGAAT-1,0.854892,0.100316,0.025245,0.019345,0.000101,0.00005,0.00005
ACAAATGGTAGTGTTT-1,0.8128,0.000024,0.00271,0.000048,0.001891,0.009513,0.173014
ACAAATTCAGATCTGA-1,0.000105,0.002013,0.000053,0.004003,0.465216,0.275653,0.252958
ACAACAGCATGAGCTA-1,0.000015,0.024712,0.026375,0.853034,0.089844,0.006012,0.000008
ACAACGGTCCCTGCGA-1,0.171092,0.00002,0.013471,0.293461,0.358139,0.163687,0.000129
ACAAGCAGTGCCTAGC-1,0.220319,0.088836,0.000027,0.24546,0.009446,0.000565,0.435346
ACAAGCTATATGGAAG-1,0.040824,0.002127,0.18905,0.291927,0.230404,0.004584,0.241084
ACAAGGAAATCCGCCC-1,0.689584,0.053,0.014205,0.026883,0.019218,0.00375,0.193359
ACAAGGACAAGAGGTT-1,0.00002,0.118973,0.008653,0.736527,0.116057,0.000043,0.019726
ACAAGGATGCTTTAGG-1,0.840718,0.000041,0.000041,0.000082,0.000082,0.00155,0.157485
ACAAGGCCTACCAGCC-1,0.000041,0.000021,0.011879,0.148228,0.765353,0.067817,0.00666
ACAAGGGCAGGCTCTG-1,0.02976,0.015858,0.514162,0.158887,0.059966,0.07619,0.145178
ACAATAGTCGTACGTT-1,0.376536,0.176317,0.074342,0.000113,0.011974,0.193898,0.16682
ACAATCCATTTAAACC-1,0.000028,0.061739,0.108719,0.449543,0.33316,0.000699,0.046113
ACAATCGATCTTTATA-1,0.085641,0.026338,0.000047,0.005629,0.551374,0.000047,0.330924
ACAATGAATACGGAGA-1,0.726846,0.012935,0.117914,0.043864,0.09665,0.001532,0.000258
ACAATGATTCTTCTAC-1,0.000028,0.094164,0.002029,0.443657,0.394912,0.000014,0.065197
ACAATTGTGTCTCTTT-1,0.879199,0.000026,0.012253,0.025583,0.058443,0.023817,0.00068
ACAATTTAGGAGGCTC-1,0.15368,0.250747,0.018654,0.008166,0.242622,0.110924,0.215207
ACAATTTGAGCAGTGG-1,0.005437,0.007391,0.030318,0.065587,0.204635,0.639984,0.046648
ACACAAAGACGGGTGG-1,0.000056,0.000028,0.03477,0.288434,0.224808,0.264342,0.187562
ACACAAATATTCCTAG-1,0.164353,0.142959,0.014462,0.222587,0.118063,0.234285,0.103291
ACACACCAGGACCAGT-1,0.766645,0.000031,0.026671,0.002727,0.088799,0.012977,0.102151
ACACACTTTCTACACG-1,0.054191,0.000038,0.000038,0.121268,0.557278,0.008061,0.259125
ACACATGATCAAATCT-1,0.26558,0.257985,0.29822,0.094794,0.047669,0.002822,0.032932
ACACATTTCCGTAGAC-1,0.752185,0.145236,0.000035,0.00007,0.00007,0.000478,0.101926
ACACCACATAATTAGC-1,0.127979,0.012767,0.009543,0.000057,0.003459,0.652455,0.19374
ACACCCAGCATGCAGC-1,0.000019,0.000009,0.001214,0.95611,0.039441,0.003198,0.000009
ACACCCGAGAAATCCG-1,0.228529,0.039722,0.000023,0.375813,0.214035,0.141855,0.000023
ACACCGGTCTGACCGC-1,0.768825,0.028522,0.104789,0.019617,0.037712,0.025246,0.015289
ACACCTTAAGTAGGGC-1,0.040865,0.095317,0.091523,0.1672,0.232207,0.252087,0.120801
ACACCTTACTACTTGC-1,0.55393,0.061447,0.167966,0.076037,0.034728,0.069574,0.036318
ACACGAGACTCCTTCT-1,0.037084,0.088376,0.095101,0.367669,0.16068,0.169374,0.081716
ACACGGCACTATGCAT-1,0.000107,0.029624,0.000053,0.000107,0.56376,0.011535,0.394815
ACACGGGAACTTAGGG-1,0.010615,0.012294,0.037713,0.496394,0.246848,0.171827,0.024309
ACACTCCAATGTCACT-1,0.021676,0.048047,0.000051,0.034629,0.230038,0.158225,0.507334
ACACTGATCAAGGTGT-1,0.774184,0.162245,0.004801,0.03869,0.011005,0.000025,0.00905
ACAGAACTGAGAACAA-1,0.588285,0.010766,0.114995,0.161389,0.10707,0.003249,0.014246
ACAGATTAGGTTAGTG-1,0.000076,0.006396,0.047409,0.00121,0.666427,0.00267,0.275812
ACAGCATAGAGCCAGT-1,0.000083,0.000042,0.000042,0.000386,0.839381,0.038224,0.121842
ACAGCGACATTCTCAT-1,0.82622,0.010615,0.162972,0.000064,0.000064,0.000032,0.000032
ACAGCGCACCCGCAGC-1,0.000084,0.000042,0.000042,0.001489,0.588828,0.079875,0.329641
ACAGGCACGGATCCTT-1,0.965216,0.000945,0.000031,0.000061,0.000062,0.026311,0.007373
ACAGGCTTGCCCGACT-1,0.946661,0.006679,0.000022,0.000044,0.000044,0.006405,0.040145
ACAGGTGGAGGTGAGG-1,0.6421,0.112297,0.125881,0.082215,0.018669,0.003008,0.01583
ACAGGTGTGTTGTTGC-1,0.19012,0.002228,0.389406,0.091556,0.124636,0.105489,0.096565
ACAGTAATACAACTTG-1,0.675607,0.069056,0.000041,0.000083,0.000083,0.047694,0.207435
ACAGTATACCGTGGGA-1,0.000056,0.000028,0.000028,0.152507,0.099732,0.653283,0.094367
ACAGTGCAGCGCATTT-1,0.0001,0.00005,0.00005,0.0001,0.0001,0.02812,0.97148
ACATAAGTCGTGGTGA-1,0.632134,0.166585,0.010224,0.000066,0.000066,0.043703,0.147222
ACATAATAAGGCGGTG-1,0.047234,0.000024,0.005095,0.400945,0.334819,0.206082,0.005802
ACATACAATCAAGCGG-1,0.473728,0.525633,0.000091,0.000183,0.000183,0.000091,0.000091
ACATCAGCTGGGACGC-1,0.014163,0.151666,0.145561,0.124875,0.110337,0.318971,0.134427
ACATCCCGGCCATACG-1,0.527141,0.160436,0.068308,0.102122,0.046534,0.008667,0.086792
ACATCCTGGTAACTGT-1,0.229399,0.128873,0.381715,0.139304,0.073375,0.047309,0.000025
ACATCGATCGTTTACC-1,0.038498,0.098812,0.277882,0.255826,0.070846,0.184348,0.073788
ACATCGGTCAGCCGCG-1,0.110092,0.02504,0.043038,0.128384,0.103143,0.338287,0.252017
ACATCGTATGCAATGG-1,0.399297,0.00003,0.027392,0.11782,0.141677,0.001564,0.31222
ACATCGTTAACCTAGT-1,0.000048,0.072691,0.018413,0.030677,0.857687,0.000024,0.020461
ACATCTCAACGCGTAA-1,0.036469,0.189523,0.030102,0.028292,0.508029,0.000028,0.207556
ACATGCTTACGGCAGC-1,0.000095,0.057535,0.472206,0.175699,0.019293,0.252402,0.022768
ACATGGCGCCAAAGTA-1,0.000027,0.453621,0.129279,0.242558,0.155583,0.018874,0.000058
ACATGGCTCAATTTAG-1,0.034464,0.000145,0.000145,0.080383,0.656735,0.00401,0.224119
ACATTAGTTTATATCC-1,0.831803,0.074372,0.064391,0.029249,0.000093,0.000047,0.000047
ACATTCGCGCGGAATA-1,0.273102,0.108323,0.336941,0.10066,0.164701,0.001435,0.014838
ACATTTGAAACCTAAC-1,0.921079,0.078732,0.000027,0.000054,0.000054,0.000027,0.000027
ACCAAACACCCAGCGA-1,0.022907,0.000021,0.000021,0.129606,0.069831,0.760352,0.017262
ACCAAACTAGAAATCC-1,0.09403,0.000078,0.000078,0.000156,0.000156,0.000078,0.905423
ACCAACACCACACACT-1,0.000851,0.04768,0.010418,0.522733,0.16326,0.254157,0.000901
ACCAACCGCACTCCAC-1,0.861766,0.131229,0.000027,0.000055,0.000055,0.00684,0.000027
ACCAACGCTTATTTAT-1,0.796023,0.040479,0.000042,0.000084,0.000084,0.055054,0.108235
ACCAAGAACGCGTGTC-1,0.000058,0.075413,0.000029,0.204741,0.114088,0.000029,0.605643
ACCAATATGCAAGTTA-1,0.655066,0.096988,0.000038,0.000076,0.000076,0.000038,0.247719
ACCACAACTCAGAACA-1,0.000041,0.162498,0.028624,0.015602,0.722729,0.00002,0.070486
ACCACAAGTTTCTATC-1,0.111982,0.006453,0.049634,0.566893,0.12604,0.07905,0.059947
ACCACACGGTTGATGG-1,0.513663,0.306073,0.046886,0.000133,0.000133,0.043438,0.089675
ACCACCAATGTAACAA-1,0.273236,0.00003,0.149638,0.107248,0.112572,0.25059,0.106686
ACCACCCTCTCTTCTA-1,0.008689,0.008784,0.00003,0.127551,0.006268,0.527116,0.321562
ACCACGTGCAGCTATA-1,0.329442,0.000024,0.234553,0.129295,0.134562,0.049281,0.122842
ACCAGACCATAACAAC-1,0.092082,0.062017,0.225818,0.424985,0.155049,0.006698,0.033351
ACCAGCCCGGTCTTTG-1,0.092296,0.035319,0.000068,0.000136,0.202522,0.000068,0.669591
ACCAGGAGTGTGATCT-1,0.06191,0.000113,0.000113,0.000227,0.000227,0.000113,0.937297
ACCAGTGCCCGGTCAA-1,0.000106,0.000053,0.000053,0.076184,0.374917,0.384612,0.164075
ACCAGTGCGGGAGACG-1,0.531356,0.000018,0.108129,0.233113,0.096323,0.013389,0.017672
ACCATATCCGCAATAA-1,0.100759,0.095395,0.169529,0.380245,0.150252,0.042213,0.061607
ACCATCCGCCAACTAG-1,0.331078,0.124643,0.140184,0.086968,0.295245,0.007162,0.014719
ACCATCGTATATGGTA-1,0.312014,0.074201,0.133451,0.153271,0.263092,0.004411,0.059559
ACCCAACGCCCGTGGC-1,0.109949,0.050164,0.061573,0.514428,0.075108,0.155393,0.033385
ACCCACCTACATGCTC-1,0.033522,0.000008,0.005394,0.844978,0.116081,0.000008,0.000008
ACCCATCTTGAGGGTA-1,0.310014,0.040725,0.172686,0.204836,0.232138,0.025471,0.014131
ACCCATTTGTCCCTCT-1,0.810436,0.140419,0.023131,0.01134,0.010027,0.004611,0.000036
ACCCGAGCGAAATTAC-1,0.891702,0.064299,0.000023,0.020596,0.021323,0.00157,0.000488
ACCCGATTGGTTCCGA-1,0.99849,0.000335,0.000017,0.000034,0.000034,0.000017,0.001074
ACCCGGAAACTCCCAG-1,0.620017,0.025721,0.006138,0.120361,0.100101,0.003915,0.123748
ACCCGGATGACGCATC-1,0.0581,0.139881,0.113686,0.212917,0.18167,0.131559,0.162187
ACCCGGTTACACTTCC-1,0.467351,0.00005,0.038332,0.022197,0.063207,0.010757,0.398106
ACCCGTAGCAGAGAAT-1,0.031929,0.027915,0.369766,0.124691,0.036592,0.297616,0.111491
ACCCGTGTCATCAGTA-1,0.599977,0.013225,0.000071,0.000142,0.000142,0.000071,0.386373
ACCCTATAGGACTGAG-1,0.028991,0.000028,0.034791,0.081875,0.78944,0.000028,0.064847
ACCCTATGCCATATCG-1,0.781126,0.014268,0.097384,0.075679,0.00166,0.000037,0.029846
ACCCTCCCGTCAGGGC-1,0.78498,0.214828,0.000028,0.000055,0.000055,0.000028,0.000028
ACCCTCCCTTGCTATT-1,0.687331,0.000048,0.000048,0.000095,0.000095,0.000205,0.312178
ACCCTGGTAACGCCCT-1,0.006929,0.030596,0.016371,0.459667,0.109079,0.285854,0.091504
ACCCTTCATCTGCGAA-1,0.000042,0.000021,0.292333,0.21543,0.489986,0.000021,0.002167
ACCCTTTAGTTCTCCA-1,0.000128,0.354493,0.000064,0.001199,0.617582,0.000064,0.026469
ACCGAAAGGGCCCTGC-1,0.000016,0.043253,0.053854,0.149896,0.752965,0.000008,0.000008
ACCGAAGAGTCTGGTT-1,0.263289,0.201725,0.234158,0.017425,0.021256,0.116837,0.145308
ACCGACACATCTCCCA-1,0.853794,0.082446,0.013714,0.000043,0.000043,0.000022,0.049937
ACCGACTGAGTCCCAC-1,0.009485,0.006308,0.035917,0.586489,0.25467,0.091793,0.015338
ACCGAGTCTCCTTATT-1,0.88909,0.110655,0.000036,0.000073,0.000073,0.000036,0.000036
ACCGATGGTAGCATCG-1,0.000023,0.004398,0.36026,0.304137,0.304437,0.017781,0.008963
ACCGCAATAACTGCCT-1,0.867953,0.001514,0.001546,0.004265,0.040989,0.000828,0.082906
ACCGCGGTGGAAGTCG-1,0.766003,0.011702,0.000034,0.007419,0.063418,0.052912,0.098512
ACCGCTAGTCATTGGT-1,0.901193,0.069274,0.018137,0.000059,0.000059,0.011249,0.00003
ACCGGGCCTTTGTTGA-1,0.634797,0.01667,0.097669,0.059618,0.128294,0.023507,0.039446
ACCGGTCAGGTACACC-1,0.134456,0.699216,0.108974,0.049333,0.007985,0.000018,0.000018
ACCGGTCTGAGTACGG-1,0.00003,0.033004,0.010701,0.048639,0.907597,0.000015,0.000015
ACCGTCCACTGGGCCC-1,0.270585,0.013136,0.173211,0.00169,0.004843,0.329607,0.206929
ACCGTGACCACGTGGG-1,0.999851,0.000019,0.000019,0.000037,0.000037,0.000019,0.000019
ACCGTTCCCGCTCTGA-1,0.000219,0.000109,0.000109,0.000219,0.000219,0.028207,0.970918
ACCTAAGTACCTTTCA-1,0.750814,0.012781,0.107409,0.078321,0.041244,0.000032,0.0094
ACCTAATCGACTTCCT-1,0.000044,0.000022,0.192322,0.489255,0.217298,0.050643,0.050416
ACCTACAGTATGTGGT-1,0.708658,0.01305,0.000033,0.003407,0.053652,0.099879,0.121321
ACCTACTATAAATCTA-1,0.909366,0.09053,0.000015,0.00003,0.00003,0.000015,0.000015
ACCTCCGCCCTCGCTG-1,0.714268,0.011585,0.015724,0.083369,0.06639,0.012899,0.095766
ACCTCCGTTATTCACC-1,0.000018,0.137131,0.039101,0.670674,0.153058,0.000009,0.000009
ACCTCGAACTTATGCT-1,0.329771,0.341261,0.097174,0.000615,0.003369,0.178117,0.049692
ACCTGCGTGTCATGTT-1,0.448094,0.063847,0.167638,0.112941,0.106266,0.000022,0.101191
ACGAAATGGGCGGCAC-1,0.000036,0.040422,0.127142,0.542167,0.218821,0.023651,0.047761
ACGACTCTAGGGCCGA-1,0.796505,0.194417,0.000027,0.000055,0.000055,0.008914,0.000027
ACGACTGGTCATACTC-1,0.934398,0.065451,0.000022,0.000043,0.000043,0.000022,0.000022
ACGAGAACCCATCACG-1,0.000054,0.126931,0.000027,0.006396,0.575794,0.003486,0.287311
ACGAGATATTTGCTTA-1,0.000053,0.013848,0.011719,0.140065,0.834263,0.000026,0.000026
ACGAGGATACCACTCT-1,0.388802,0.271448,0.004979,0.00199,0.046128,0.001602,0.285052
ACGAGGTTTACAACGT-1,0.737709,0.206603,0.038877,0.000049,0.000049,0.00956,0.007153
ACGAGTACGGATGCCC-1,0.040849,0.000011,0.000011,0.91955,0.000022,0.012798,0.026758
ACGATACATAGAACTA-1,0.000039,0.309778,0.000019,0.2964,0.116655,0.27397,0.003139
ACGATACCTATCCTGA-1,0.023758,0.003777,0.163573,0.0883,0.209206,0.294744,0.216643
ACGATCATACATAGAG-1,0.051222,0.013148,0.006505,0.838934,0.081565,0.008616,0.00001
ACGATCATCTTGTAAA-1,0.025534,0.000036,0.068196,0.147882,0.073272,0.508363,0.176717
ACGATGCATATGTTAT-1,0.010964,0.089418,0.095382,0.468203,0.331046,0.003874,0.001114
ACGATGGATCCGATGC-1,0.000035,0.000018,0.004574,0.211223,0.784114,0.000018,0.000018
ACGCAAACTAATAGAT-1,0.663152,0.258384,0.015156,0.014382,0.017106,0.031791,0.000029
ACGCAATCACTACAGC-1,0.000084,0.000042,0.000042,0.017949,0.001049,0.591606,0.389228
ACGCATAAATGACATG-1,0.000158,0.243603,0.000079,0.000158,0.39299,0.098396,0.264615
ACGCATACGTTTACTA-1,0.493465,0.000021,0.41608,0.000043,0.000043,0.003136,0.087213
ACGCATTCGTGAGTAC-1,0.00002,0.020063,0.009339,0.813949,0.13828,0.00001,0.018339
ACGCCACTCGAAACAG-1,0.355228,0.434082,0.134117,0.009899,0.000081,0.066553,0.00004
ACGCCAGATGATTTCT-1,0.000059,0.049002,0.035772,0.393241,0.474294,0.00003,0.047604
ACGCCAGTGCGTTTGC-1,0.870574,0.00003,0.00003,0.00006,0.00006,0.023344,0.1059
ACGCCCAGCTGTCGAT-1,0.191622,0.002787,0.000053,0.026263,0.249601,0.000053,0.529621
ACGCCGCTAGACGACC-1,0.116545,0.000019,0.226192,0.241833,0.312121,0.009425,0.093865
ACGCGAAGTCAGACGA-1,0.856709,0.002584,0.032585,0.082772,0.025308,0.000021,0.000021
ACGCGCTACACAGGGT-1,0.104402,0.043929,0.283071,0.237201,0.319992,0.000245,0.011161
ACGCGGGCCAAGGACA-1,0.003753,0.029745,0.161641,0.309189,0.030953,0.128172,0.336546
ACGCGTTTCTTAAGAG-1,0.026939,0.051341,0.002389,0.041032,0.036354,0.191301,0.650644
ACGCTAGTGATACACT-1,0.000051,0.000244,0.016412,0.454022,0.154587,0.309998,0.064686
ACGCTGTGAGGCGTAG-1,0.000038,0.000019,0.23365,0.506291,0.259965,0.000019,0.000019
ACGCTTAGTGTCTCTC-1,0.039665,0.000104,0.000104,0.000208,0.000208,0.000104,0.959605
ACGGAACACGAGTGCC-1,0.912472,0.039949,0.000025,0.000051,0.000051,0.000025,0.047426
ACGGAATTTAGCAAAT-1,0.000066,0.000033,0.000033,0.166352,0.538168,0.13227,0.163077
ACGGACGCAGCGACAA-1,0.000036,0.000018,0.649658,0.096655,0.019809,0.192845,0.040978
ACGGACTCTCAAAGCG-1,0.893441,0.106315,0.000035,0.00007,0.00007,0.000035,0.000035
ACGGAGCGCAAATTAC-1,0.000086,0.000043,0.000043,0.26581,0.117008,0.609857,0.007153
ACGGATGGTGCGGATA-1,0.512357,0.388841,0.000085,0.000171,0.000171,0.000085,0.09829
ACGGCACTTGCTTGGG-1,0.793465,0.076814,0.00004,0.000079,0.014224,0.000266,0.115112
ACGGCCAACATGGACT-1,0.800163,0.176668,0.000029,0.000058,0.000058,0.000029,0.022996
ACGGCGACGATGGGAA-1,0.807134,0.08271,0.00002,0.00004,0.00004,0.003502,0.106555
ACGGCGGGTTGCCCTG-1,0.07873,0.000089,0.000089,0.000178,0.000178,0.000089,0.920645
ACGGCTGGATGTAGAA-1,0.708345,0.162872,0.038996,0.028723,0.047214,0.000013,0.013839
ACGGGAGTGTCGGCCC-1,0.655432,0.010545,0.100093,0.101688,0.078189,0.007461,0.046593
ACGGGCGTATGCGACA-1,0.003334,0.124574,0.006371,0.6232,0.067267,0.170174,0.005081
ACGGGTCATGTGACTT-1,0.000056,0.000028,0.000232,0.129427,0.727739,0.049697,0.092821
ACGGGTTGTGACCTGT-1,0.002649,0.353116,0.264288,0.102724,0.024408,0.055507,0.197309
ACGGTACAGTTCAATG-1,0.723651,0.087101,0.000025,0.00005,0.00005,0.000025,0.189097
ACGGTCACCGAGAACA-1,0.218158,0.2383,0.100272,0.003664,0.034951,0.339061,0.065595
ACGTACAGATTTCTCT-1,0.000047,0.113001,0.018668,0.1393,0.715977,0.000023,0.012984
ACGTACTTTGGCACGG-1,0.761278,0.000013,0.105666,0.099949,0.033069,0.000013,0.000013
ACGTAGATTGCTGATG-1,0.000022,0.041379,0.004135,0.825867,0.123463,0.004932,0.000203
ACGTAGGAGAGTCGCT-1,0.584404,0.118401,0.064588,0.145101,0.062728,0.023303,0.001476
ACGTATTACTCCGATC-1,0.252941,0.160765,0.067256,0.078037,0.259991,0.084972,0.096038
ACGTCGGGCAACTCGG-1,0.020135,0.100276,0.31346,0.419001,0.03677,0.046961,0.063396
ACGTCTCGTTCCGGGA-1,0.348457,0.026557,0.004433,0.000059,0.013424,0.036463,0.570607
ACGTGACAAAGTAAGT-1,0.252002,0.063681,0.281078,0.135954,0.098213,0.077367,0.091705
ACGTGCGCCTCGTGCA-1,0.021728,0.099691,0.075186,0.097585,0.304089,0.010806,0.390914
ACGTGGTCGAATGTGC-1,0.211624,0.000078,0.000078,0.000156,0.000156,0.000078,0.787829
ACGTTAATGTCGAAGA-1,0.198076,0.000044,0.067322,0.06532,0.163116,0.449569,0.056552
ACGTTAGATTTGCCCG-1,0.000033,0.193934,0.122809,0.408089,0.132,0.001204,0.141931
ACGTTATTGGTCACTC-1,0.000047,0.041431,0.009878,0.411814,0.37095,0.135251,0.030629
ACGTTCACTATGCCGC-1,0.99374,0.000028,0.000028,0.000056,0.000056,0.006063,0.000028
ACGTTCCGCGCTCCGT-1,0.000056,0.000028,0.027643,0.006805,0.897986,0.022949,0.044532
ACGTTCGCAATCAATT-1,0.005002,0.211307,0.198617,0.123097,0.15068,0.197755,0.113542
ACGTTCGTTCAGGAAA-1,0.98723,0.002412,0.000026,0.000053,0.000053,0.000026,0.0102
ACGTTCTGTACAAGTC-1,0.956143,0.025738,0.000024,0.017536,0.000048,0.000487,0.000024
ACGTTGTCGTTGAAAG-1,0.665922,0.090692,0.000091,0.000182,0.000182,0.24284,0.000091
ACGTTTAGTTGTGATC-1,0.000061,0.061386,0.021234,0.187622,0.606768,0.00003,0.1229
ACTAATACGTCAGGCG-1,0.000062,0.042919,0.000031,0.102144,0.478382,0.053313,0.323148
ACTACAAAGAGAGGTG-1,0.999902,0.000012,0.000012,0.000025,0.000025,0.000012,0.000012
ACTACATCCCGACAAG-1,0.700324,0.19265,0.036263,0.022006,0.00162,0.003404,0.043733
ACTACCAGCTCTCTGG-1,0.000031,0.000016,0.002759,0.69338,0.250962,0.051465,0.001387
ACTACCATCCGAGGGC-1,0.761157,0.067412,0.00005,0.000101,0.000101,0.057828,0.113351
ACTACGCGTTAGAATT-1,0.789696,0.083194,0.000526,0.024535,0.099661,0.00002,0.002368
ACTAGTTGCGATCGTC-1,0.788799,0.148218,0.009449,0.0051,0.023433,0.024966,0.000036
ACTATATGCTGTGTTC-1,0.000049,0.000025,0.003123,0.651376,0.243941,0.101011,0.000474
ACTATCCAGGGCATGG-1,0.464221,0.009127,0.036191,0.016695,0.007044,0.186372,0.280351
ACTATGTCCAGCTGCC-1,0.582765,0.085472,0.221822,0.089793,0.017363,0.002768,0.000017
ACTATTCGTCCGTGGT-1,0.014071,0.000066,0.000066,0.000708,0.378171,0.562487,0.04443
ACTATTTCCGGGCCCA-1,0.777304,0.094087,0.073986,0.000105,0.000105,0.05436,0.000053
ACTCAACGAATGTATT-1,0.153581,0.000065,0.000065,0.000131,0.02138,0.000065,0.824711
ACTCAAGTGCAAGGCT-1,0.515428,0.001773,0.254367,0.174186,0.025895,0.028065,0.000287
ACTCAATAAAGGCACG-1,0.000022,0.068957,0.000011,0.848729,0.006384,0.07561,0.000288
ACTCAGACCTGCTTCT-1,0.000029,0.026045,0.039902,0.144787,0.789207,0.000015,0.000015
ACTCATGGCAGCCTTC-1,0.476716,0.180702,0.089608,0.000718,0.000852,0.161246,0.090158
ACTCCAATATCATCAT-1,0.422015,0.111904,0.250893,0.19757,0.017592,0.000014,0.000014
ACTCCCATTCCTAAAG-1,0.670995,0.021439,0.108552,0.020621,0.038461,0.003578,0.136355
ACTCCCGAATTCGTTT-1,0.000017,0.124765,0.028614,0.703828,0.142759,0.000008,0.000008
ACTCCCGTAGACTAGG-1,0.153018,0.060938,0.000028,0.217089,0.107773,0.322409,0.138744
ACTCCCTAATGCTAAA-1,0.862128,0.137617,0.000036,0.000073,0.000073,0.000036,0.000036
