Barcode,Topic 1,Topic 2to8,Topic 9,Topic 10
AAACAAGTATCTCCCA-1,0.206193,0.217983,0.524792,0.051033
AAACACCAATAACTGC-1,0.000044,0.851451,0.148461,0.000044
AAACAGAGCGACTCCT-1,0.00005,0.024732,0.935527,0.03969
AAACAGCTTTCAGAAG-1,0.048614,0.900089,0.000643,0.050654
AAACAGGGTCTATATT-1,0.069169,0.817878,0.105696,0.007257
AAACAGTGTTCCTGGG-1,0.000199,0.809094,0.099641,0.091067
AAACATGGTGAGAGGA-1,0.972252,0.000138,0.00002,0.02759
AAACATTTCCCGGATT-1,0.000081,0.329062,0.581149,0.089708
AAACCCGAACGAAATC-1,0.026818,0.000284,0.000041,0.972857
AAACCGGAAATGTTAA-1,0.000075,0.000524,0.655369,0.344033
AAACCGGGTAGGTACC-1,0.028411,0.947502,0.002961,0.021126
AAACCGTTCGTCCAGG-1,0.000044,0.857671,0.142241,0.000044
AAACCTAAGCAGCCGG-1,0.00002,0.740584,0.169208,0.090188
AAACCTCATGAAGTTG-1,0.104348,0.671565,0.03196,0.192127
AAACGAAGAACATACC-1,0.018819,0.930722,0.043324,0.007135
AAACGAAGATGGAGTA-1,0.344308,0.303313,0.000028,0.352351
AAACGAGACGGTTGAT-1,0.000044,0.89438,0.105532,0.000044
AAACGCTGGGCACGAC-1,0.00002,0.57899,0.275873,0.145116
AAACGGGCGTACGGGT-1,0.000025,0.917238,0.027004,0.055733
AAACGGTTGCGAACTG-1,0.000019,0.947856,0.048134,0.003991
AAACTCGGTTCGCAAT-1,0.000056,0.958337,0.04155,0.000056
AAACTGCTGGCTCCAA-1,0.000034,0.890436,0.109495,0.000034
AAACTTAATTGCACGC-1,0.005996,0.896199,0.000016,0.097789
AAACTTGCAAACGTAT-1,0.002732,0.995709,0.001191,0.000368
AAAGAATGACCTTAGA-1,0.745735,0.200075,0.000082,0.054108
AAAGAATGTGGACTAA-1,0.003326,0.045159,0.637948,0.313566
AAAGACCCAAGTCGCG-1,0.058977,0.744094,0.153225,0.043705
AAAGACTGGGCGCTTT-1,0.159024,0.686498,0.138784,0.015694
AAAGGCCCTATAATAC-1,0.017969,0.919043,0.047997,0.014991
AAAGGCTACGGACCAT-1,0.000026,0.865644,0.134305,0.000026
AAAGGCTCTCGCGCCG-1,0.000026,0.984292,0.015656,0.000026
AAAGGGATGTAGCAAG-1,0.000014,0.999958,0.000014,0.000014
AAAGGGCAGCTTGAAT-1,0.016696,0.964078,0.000015,0.019211
AAAGTAGCATTGCTCA-1,0.000029,0.980898,0.011455,0.007619
AAAGTCACTGATGTAA-1,0.020361,0.959026,0.02059,0.000024
AAAGTCGACCCTCAGT-1,0.065555,0.848658,0.057343,0.028444
AAAGTGCCATCAATTA-1,0.013295,0.213676,0.445573,0.327457
AAAGTGTGATTTATCT-1,0.000026,0.959756,0.001683,0.038534
AAAGTTGACTCCCGTA-1,0.000068,0.810791,0.138815,0.050325
AAATAACCATACGGGA-1,0.001437,0.921576,0.051381,0.025606
AAATACCTATAAGCAT-1,0.05698,0.627449,0.302473,0.013098
AAATAGCTTAGACTTT-1,0.000067,0.088936,0.806478,0.104519
AAATAGGGTGCTATTG-1,0.000022,0.993009,0.004803,0.002166
AAATCCGATACACGCC-1,0.000018,0.895429,0.011528,0.093026
AAATCGCGGAAGGAGT-1,0.418947,0.352376,0.066875,0.161801
AAATCGTGTACCACAA-1,0.023405,0.687058,0.261805,0.027732
AAATCTAGCCCTGCTA-1,0.000064,0.470475,0.427936,0.101525
AAATCTGCCCGCGTCC-1,0.313264,0.311188,0.000031,0.375517
AAATGACTGATCAAAC-1,0.000012,0.97735,0.002153,0.020486
AAATGCTCGTTACGTT-1,0.029228,0.95659,0.014166,0.000017
AAATGGCATGTCTTGT-1,0.000044,0.914047,0.075236,0.010674
AAATGGCCCGTGCCCT-1,0.049427,0.872474,0.000015,0.078084
AAATGGTCAATGTGCC-1,0.000026,0.878131,0.120949,0.000894
AAATGTATCTTATCCC-1,0.905953,0.000103,0.062533,0.031411
AAATTAACGGGTAGCT-1,0.000027,0.952649,0.047298,0.000027
AAATTAATAAGCGCGA-1,0.950254,0.009064,0.000026,0.040656
AAATTACACGACTCTG-1,0.000027,0.999918,0.000027,0.000027
AAATTACCTATCGATG-1,0.000075,0.665941,0.276439,0.057545
AAATTGATAGTCCTTT-1,0.000072,0.964961,0.034895,0.000072
AAATTGCGGCGGTTCT-1,0.102639,0.855023,0.023024,0.019315
AAATTTGCGGGTGTGG-1,0.000033,0.911634,0.088301,0.000033
AACAACTGGTAGTTGC-1,0.034363,0.891157,0.074454,0.000026
AACAATACATTGTCGA-1,0.000013,0.992312,0.007661,0.000013
AACAATTACTCTACGC-1,0.033568,0.764027,0.202367,0.000038
AACACACGCTCGCCGC-1,0.018767,0.824511,0.095278,0.061444
AACACGACTGTACTGA-1,0.005571,0.906292,0.070563,0.017574
AACACGAGACGCGGCC-1,0.00002,0.948547,0.051413,0.00002
AACACGCGGCCGCGAA-1,0.055814,0.833682,0.073262,0.037242
AACAGCTGTGTGGCAA-1,0.025545,0.761714,0.015024,0.197718
AACAGGAAATCGAATA-1,0.004733,0.929213,0.066027,0.000027
AACAGGATGGGCCGCG-1,0.091984,0.898637,0.009353,0.000027
AACAGGTAGTATGGAT-1,0.055575,0.493045,0.000047,0.451333
AACATAGCGTGTATCG-1,0.000034,0.927209,0.026766,0.045991
AACATATCAACTGGTG-1,0.000045,0.364978,0.539369,0.095608
AACATTGAAGTTGATC-1,0.000019,0.999931,0.000019,0.000031
AACATTGTGACTCGAG-1,0.000028,0.878294,0.116401,0.005277
AACCAAGACTTCTCTG-1,0.044717,0.906818,0.048091,0.000375
AACCATAGGGTTGAAC-1,0.016114,0.82446,0.000024,0.159402
AACCATGGGATCGCTA-1,0.03802,0.961961,0.00001,0.00001
AACCCAGAGACGGAGA-1,0.017572,0.920163,0.062246,0.000019
AACCCATCCCATGATC-1,0.052604,0.888237,0.000038,0.059121
AACCCGACAACCCGTG-1,0.000024,0.942773,0.057179,0.000024
AACCCGAGCAGAATCG-1,0.068294,0.05878,0.000072,0.872854
AACCCGCTGTATTCCA-1,0.00374,0.846163,0.083376,0.066722
AACCCTACTGTCAATA-1,0.00002,0.954633,0.016451,0.028896
AACCCTGGTGGAACCA-1,0.002806,0.919398,0.010123,0.067673
AACCGAGCTTGGTCAT-1,0.000025,0.919527,0.046035,0.034413
AACCGCTAAGGGATGC-1,0.000038,0.534192,0.444574,0.021197
AACCGTTGTGTTTGCT-1,0.000062,0.634238,0.365638,0.000062
AACCTCGCTTTAGCCC-1,0.00003,0.92362,0.001667,0.074683
AACCTTTAAATACGGT-1,0.000056,0.927709,0.033808,0.038427
AACCTTTACGACGTCT-1,0.201181,0.309247,0.489513,0.000059
AACGAAAGTCGTCCCA-1,0.143799,0.598177,0.18239,0.075634
AACGACCTCCTAGCCG-1,0.010482,0.068842,0.250694,0.669983
AACGATAATGCCGTAG-1,0.016627,0.534704,0.439859,0.00881
AACGATAGAAGGGCCG-1,0.038789,0.887274,0.073904,0.000032
AACGATATGTCAACTG-1,0.000022,0.970307,0.029648,0.000022
AACGCATGATCTGGGT-1,0.009024,0.430439,0.398193,0.162345
AACGCGAACGGCAACA-1,0.233448,0.742405,0.002191,0.021957
AACGCGACCTTGGGCG-1,0.000026,0.936845,0.060491,0.002638
AACGCGGTCTCCAGCC-1,0.00005,0.715532,0.284369,0.00005
AACGCTGTTGCTGAAA-1,0.000035,0.999895,0.000035,0.000035
AACGGACGTACGTATA-1,0.000029,0.988105,0.000029,0.011837
AACGGCCATCTCCGGT-1,0.000023,0.966639,0.012999,0.020339
AACGTACTGTGGGTAC-1,0.031542,0.795901,0.172488,0.000069
AACGTCAGACTAGTGG-1,0.052135,0.913395,0.030017,0.004452
AACGTCATCCGGCTTG-1,0.000041,0.959027,0.030422,0.01051
AACGTCGCTGCACTTC-1,0.056711,0.421532,0.147832,0.373925
AACGTGATGAAGGACA-1,0.000016,0.992279,0.000016,0.00769
AACGTGCGAAAGTCTC-1,0.000034,0.721358,0.138099,0.140509
AACGTTATCAGCACCT-1,0.7092,0.263929,0.000046,0.026825
AACGTTCTACCATTGT-1,0.000043,0.236657,0.463864,0.299436
AACTACCCGTTTGTCA-1,0.075994,0.498244,0.001729,0.424034
AACTAGGCTTGGGTGT-1,0.083505,0.864864,0.030563,0.021068
AACTCAAGTTAATTGC-1,0.029265,0.928754,0.041946,0.000035
AACTCCAGAGCGTGTT-1,0.000053,0.772131,0.218867,0.008949
AACTCCTAATCCCATG-1,0.000072,0.081752,0.905562,0.012615
AACTCGATAAACACGT-1,0.177065,0.699102,0.123285,0.000547
AACTCGATGGCGCAGT-1,0.089272,0.854003,0.056698,0.000027
AACTCTCAATAGAGCG-1,0.000021,0.923921,0.056507,0.019551
AACTCTCAGTGTGCTC-1,0.000034,0.933689,0.028357,0.037919
AACTGAGTTATACTGA-1,0.000073,0.305932,0.28299,0.411004
AACTGATATTAGGCCT-1,0.021301,0.920294,0.058377,0.000028
AACTGGGTCCCGACGT-1,0.000042,0.788651,0.143898,0.067408
AACTGGTGTGGGCCTT-1,0.039289,0.871083,0.089613,0.000016
AACTTCTGCGTCTATC-1,0.21907,0.636205,0.002204,0.14252
AACTTGCCCGTATGCA-1,0.000035,0.999894,0.000035,0.000035
AACTTGCGTTCTCGCG-1,0.252467,0.449625,0.289493,0.008415
AACTTTACGGGAGCTT-1,0.880579,0.101873,0.017515,0.000033
AACTTTAGCTGCTGAG-1,0.041387,0.781153,0.177439,0.000021
AAGAAAGTTTGATGGG-1,0.187998,0.595327,0.007673,0.209002
AAGAAGGATCAGTTAG-1,0.070926,0.69708,0.171024,0.06097
AAGACATACGTGGTTT-1,0.017725,0.318278,0.000088,0.663909
AAGACCAAATAACTCA-1,0.171827,0.432415,0.000032,0.395726
AAGACCCAACTGAACA-1,0.032637,0.837799,0.129538,0.000025
AAGACTAACCCGTTGT-1,0.06244,0.880756,0.00525,0.051554
AAGACTGCAAGCTACT-1,0.002248,0.88724,0.083537,0.026975
AAGAGATGAATCGGTA-1,0.026301,0.857641,0.116019,0.000039
AAGAGCTCTTTATCGG-1,0.000035,0.863012,0.134434,0.002519
AAGAGGATGTACGCGA-1,0.001116,0.945094,0.053739,0.000051
AAGAGGCATGGATCGC-1,0.000033,0.878868,0.121066,0.000033
AAGAGGCCCTTTGGAA-1,0.063792,0.58079,0.10629,0.249127
AAGATGGCACCGGACC-1,0.000034,0.959334,0.040598,0.000034
AAGATTGGCGGAACGT-1,0.000029,0.969951,0.02341,0.00661
AAGCACCCTGCGTATC-1,0.000066,0.953938,0.04593,0.000066
AAGCATACTCTCCTGA-1,0.000043,0.640629,0.32904,0.030288
AAGCCACTTGCAGGTA-1,0.031029,0.490698,0.406553,0.071719
AAGCCGAAGCGGTTTA-1,0.036892,0.570519,0.290804,0.101784
AAGCCGCCGTGAAATC-1,0.1,0.7,0.1,0.1
AAGCCGGAGAGCAGGA-1,0.000049,0.000342,0.704175,0.295434
AAGCGCAGGGCTTTGA-1,0.000074,0.692863,0.285517,0.021545
AAGCGTCCCTCATCGA-1,0.000099,0.798245,0.073222,0.128434
AAGCTAGATCGAGTAA-1,0.000023,0.999932,0.000023,0.000023
AAGCTATGGATTGACC-1,0.500647,0.359006,0.025134,0.115214
AAGCTCGTGCCAAGTC-1,0.042815,0.521411,0.430443,0.005331
AAGCTCTTTCATGGTG-1,0.000049,0.983144,0.016758,0.000049
AAGGAGCGGTTGGTGC-1,0.000029,0.987178,0.010461,0.002332
AAGGATCGATCGCTTG-1,0.009752,0.000547,0.676508,0.313193
AAGGATGAGGGACCTC-1,0.000034,0.949873,0.049209,0.000884
AAGGCAGGCTGTCTCC-1,0.053558,0.421676,0.027039,0.497726
AAGGCGCGTAAAGCTT-1,0.044915,0.923643,0.029152,0.00229
AAGGCTGTGCTCATCG-1,0.067533,0.881172,0.051247,0.000048
AAGGGAACGACTGGCT-1,0.000029,0.978142,0.000029,0.021801
AAGGGACAGATTCTGT-1,0.000039,0.908045,0.091878,0.000039
AAGGGACTATGCATTC-1,0.000019,0.999942,0.000019,0.000019
AAGGGTTAGCCATGCG-1,0.00008,0.068166,0.32715,0.604604
AAGGGTTTGATTTCAG-1,0.882536,0.004623,0.000026,0.112815
AAGGTATCCTAATATA-1,0.00785,0.960598,0.029033,0.002519
AAGGTGATAAACCAGC-1,0.000023,0.942911,0.016028,0.041038
AAGTAGAAGACCGGGT-1,0.044553,0.902139,0.053279,0.00003
AAGTAGTGACGCGAGG-1,0.00286,0.972458,0.024658,0.000023
AAGTCAATTGTCGTCA-1,0.088855,0.332143,0.540581,0.038421
AAGTCTTCTGTGGCCT-1,0.931559,0.00017,0.01091,0.05736
AAGTGACGACCGAATT-1,0.038746,0.915563,0.045666,0.000024
AAGTGAGTCGGGTTTA-1,0.000036,0.881589,0.118339,0.000036
AAGTGCAAAGGTAGAC-1,0.772402,0.148829,0.078739,0.000031
AAGTGCCTTGACTGTA-1,0.037223,0.336379,0.544016,0.082382
AAGTGCGTTAGAATCT-1,0.004105,0.992002,0.000027,0.003866
AAGTGCTTCTCTATTG-1,0.000025,0.882771,0.000025,0.117179
AAGTGTTTGGAGACGG-1,0.000032,0.985899,0.014036,0.000032
AAGTTCACTCCAAGCT-1,0.000035,0.945216,0.054713,0.000035
AAGTTCAGTCTGCGTA-1,0.0524,0.519972,0.297592,0.130036
AAGTTCGGCCAACAGG-1,0.006887,0.907692,0.075159,0.010263
AAGTTGTGATGTTATA-1,0.000083,0.122329,0.318928,0.558659
AAGTTTACTAATGGCA-1,0.021598,0.869505,0.105825,0.003072
AAGTTTATGGGCCCAA-1,0.000026,0.871079,0.09053,0.038366
AATAACAACGCTCGGC-1,0.020283,0.944348,0.035346,0.000023
AATAACACTAGAACAA-1,0.010032,0.839376,0.150559,0.000032
AATAACGTCGCGCCCA-1,0.08405,0.598174,0.085955,0.23182
AATAATCTTCGTATCG-1,0.000077,0.007612,0.518209,0.474102
AATACAATGTTTCAGG-1,0.195225,0.78177,0.022978,0.000027
AATACCGGAGGGCTGT-1,0.00003,0.852465,0.147475,0.00003
AATACCTGATGTGAAC-1,0.081601,0.510211,0.22988,0.178308
AATAGAACAGAGTGGC-1,0.003746,0.996202,0.000027,0.000024
AATAGAATCTGTTTCA-1,0.000036,0.983317,0.003332,0.013315
AATAGGCACGACCCTT-1,0.000066,0.757259,0.198408,0.044267
AATAGTCCGTCCCGAC-1,0.000025,0.989587,0.009723,0.000665
AATAGTCGCGAGTCGG-1,0.949265,0.050696,0.000019,0.000019
AATATCAAGGTCGGAT-1,0.040552,0.908634,0.045679,0.005135
AATATCCTAGCAAACT-1,0.806078,0.024825,0.000019,0.169077
AATATCGAATCAATGC-1,0.07387,0.524726,0.203986,0.197417
AATATCGAGGGTTCTC-1,0.000078,0.006245,0.92528,0.068398
AATATTGGAGTATTGA-1,0.069252,0.77374,0.000076,0.156932
AATCAGACTGCAGGAC-1,0.108758,0.818462,0.002783,0.069997
AATCAGGTTTCATTTA-1,0.000441,0.769462,0.1397,0.090397
AATCATGTAAAGACTC-1,0.000062,0.430033,0.353696,0.216209
AATCCAAGGGCCTGAG-1,0.019127,0.942259,0.038597,0.000017
AATCCATGCAAGGGTG-1,0.112799,0.593215,0.293164,0.000822
AATCCCGCTCAGAGCC-1,0.005745,0.78614,0.167073,0.041042
AATCGAGGTCTCAAGG-1,0.000026,0.976348,0.000026,0.0236
AATCGCCTCAGCGCCA-1,0.005272,0.985635,0.009066,0.000027
AATCGCGCAGAGGACT-1,0.054943,0.276066,0.000101,0.66889
AATCGGGACACTACGA-1,0.00792,0.586202,0.394634,0.011244
AATCGGTATAGCCCTC-1,0.043239,0.158889,0.01047,0.787402
AATCGTGAGCCGAGCA-1,0.000013,0.987477,0.000225,0.012286
AATCTAGGTTTACTTG-1,0.052581,0.882576,0.036544,0.028299
AATCTCTACTGTGGTT-1,0.107297,0.882906,0.006172,0.003626
AATCTGCGTTGGGACG-1,0.000021,0.999936,0.000021,0.000022
AATCTGGCTTTCTAGT-1,0.054133,0.938388,0.000061,0.007418
AATGACAGCAATGTCT-1,0.009247,0.774342,0.189057,0.027353
AATGACGTAGGATGTC-1,0.000026,0.787502,0.211718,0.000755
AATGACTGTCAGCCGG-1,0.008381,0.968803,0.022791,0.000026
AATGAGTTCGCATATG-1,0.241952,0.521926,0.236073,0.000048
AATGATGATACGCTAT-1,0.000068,0.470977,0.528735,0.00022
AATGATGCGACTCCTG-1,0.000046,0.000323,0.900243,0.099387
AATGCAACCGGGTACC-1,0.000046,0.938003,0.061904,0.000046
AATGCACCAAGCAATG-1,0.029658,0.101765,0.859775,0.008803
AATGGTCCACCGTTCA-1,0.131984,0.818583,0.030591,0.018842
AATGGTTCTCACAAGC-1,0.013716,0.824987,0.161266,0.000031
AATGTATGGCACTGTA-1,0.181914,0.734362,0.00002,0.083704
AATGTGCCCGAGGTGT-1,0.00005,0.889212,0.077919,0.032818
AATGTGCTAATCTGAG-1,0.000038,0.91538,0.039032,0.04555
AATGTTAAGACCCTGA-1,0.009972,0.578701,0.315621,0.095707
AATGTTGTCGTGAGAC-1,0.079908,0.230346,0.170108,0.519639
AATTAAAGGTCGGCGT-1,0.000058,0.762812,0.230328,0.006802
AATTAACGGATTTCCA-1,0.000019,0.922599,0.077363,0.000019
AATTACGAGACCCATC-1,0.163424,0.667115,0.005146,0.164315
AATTACTCGTACGCTC-1,0.676725,0.117264,0.165435,0.040576
AATTAGCGCTGCAGCG-1,0.000856,0.834156,0.131092,0.033896
AATTATACCCAGCAAG-1,0.000028,0.999897,0.000048,0.000028
AATTCATAAGGGATCT-1,0.000024,0.949303,0.003029,0.047643
AATTCATTGTCATGCA-1,0.069311,0.814251,0.000033,0.116406
AATTCCAAGCATGTAC-1,0.008591,0.912361,0.079035,0.000013
AATTCGATTCGAGGAT-1,0.000045,0.531896,0.468014,0.000045
AATTCTAGAGTTAGGC-1,0.000046,0.939051,0.033764,0.02714
AATTGAACGCTCTGGT-1,0.000033,0.999902,0.000033,0.000033
AATTGCAGCAATCGAC-1,0.008347,0.184363,0.549842,0.257448
AATTGCGTGGATTACA-1,0.130021,0.755469,0.036595,0.077915
AATTGTGGTTGCCAAA-1,0.000064,0.091329,0.110863,0.797744
AATTTGGGACATAGTA-1,0.016873,0.308268,0.674771,0.000088
AATTTGGTTCCAAAGA-1,0.00128,0.98964,0.003761,0.005319
ACAAACCATGCGTCCT-1,0.005019,0.953476,0.000019,0.041486
ACAAACTCCATCAGAG-1,0.000029,0.939855,0.000029,0.060087
ACAAAGAAGGTAGGCC-1,0.570605,0.288977,0.105524,0.034893
ACAAAGCATGACCTAG-1,0.000034,0.414007,0.182369,0.40359
ACAAATCGCACCGAAT-1,0.000032,0.938398,0.061494,0.000076
ACAAATGGTAGTGTTT-1,0.000851,0.626856,0.263784,0.108508
ACAACAGCATGAGCTA-1,0.000163,0.940326,0.059483,0.000028
ACAACGGTCCCTGCGA-1,0.050375,0.766409,0.183187,0.000029
ACAAGCAGTGCCTAGC-1,0.023193,0.88522,0.090569,0.001017
ACAAGCTATATGGAAG-1,0.993867,0.000144,0.000021,0.005968
ACAAGGAAATCCGCCC-1,0.000027,0.834979,0.069623,0.09537
ACAAGGACAAGAGGTT-1,0.044081,0.818479,0.128949,0.008491
ACAAGGATGCTTTAGG-1,0.000025,0.999924,0.000025,0.000025
ACAAGGGCAGGCTCTG-1,0.000031,0.818881,0.181058,0.00003
ACAAGTAATTGTAAGG-1,0.003437,0.933339,0.006329,0.056896
ACAATAGTCGTACGTT-1,0.078734,0.797002,0.012764,0.1115
ACAATCCATTTAAACC-1,0.000026,0.987542,0.012405,0.000026
ACAATGAATACGGAGA-1,0.023408,0.944226,0.010478,0.021888
ACAATTGTGTCTCTTT-1,0.018059,0.710957,0.197446,0.073539
ACAATTTAGGAGGCTC-1,0.683884,0.08944,0.226514,0.000162
ACAATTTGAGCAGTGG-1,0.000052,0.856664,0.143233,0.000052
ACAATTTGGCCATATT-1,0.014101,0.211726,0.000103,0.77407
ACACAAAGACGGGTGG-1,0.000019,0.948728,0.019102,0.032151
ACACACCAGGACCAGT-1,0.000034,0.999721,0.000034,0.00021
ACACACTTTCTACACG-1,0.000031,0.913691,0.086247,0.000031
ACACATGATCAAATCT-1,0.049323,0.878438,0.000024,0.072216
ACACATTGACGCAACA-1,0.456064,0.104958,0.418185,0.020793
ACACATTTCCGTAGAC-1,0.000727,0.942979,0.00533,0.050964
ACACCCAGCATGCAGC-1,0.028249,0.508432,0.451292,0.012027
ACACCCGAGAAATCCG-1,0.055788,0.883406,0.060764,0.000042
ACACCGAGCGCTCTTT-1,0.958723,0.023828,0.012598,0.004851
ACACCGGTCTGACCGC-1,0.000012,0.999905,0.00007,0.000012
ACACCTTAAGTAGGGC-1,0.045947,0.814918,0.13911,0.000026
ACACCTTACTACTTGC-1,0.058359,0.596397,0.145996,0.199248
ACACGAGACTCCTTCT-1,0.030217,0.779083,0.184622,0.006079
ACACGGCACTATGCAT-1,0.016545,0.854058,0.129373,0.000024
ACACGGGAACTTAGGG-1,0.00005,0.800903,0.198563,0.000484
ACACGTAGGCCACAAG-1,0.041667,0.656997,0.018857,0.282479
ACACTCCAATGTCACT-1,0.510094,0.141817,0.348042,0.000046
ACACTGATCAAGGTGT-1,0.000052,0.884577,0.110104,0.005267
ACACTGGGACAGTCGT-1,0.09252,0.142123,0.000087,0.76527
ACAGAACTGAGAACAA-1,0.000023,0.931245,0.013503,0.055228
ACAGATTAGGTTAGTG-1,0.027127,0.851915,0.12094,0.000018
ACAGCATAGAGCCAGT-1,0.000027,0.996905,0.003041,0.000027
ACAGCGACATTCTCAT-1,0.00508,0.24991,0.50503,0.239979
ACAGCGCACCCGCAGC-1,0.000035,0.9085,0.080315,0.01115
ACAGGCACGGATCCTT-1,0.000017,0.903211,0.000017,0.096755
ACAGGCTTGCCCGACT-1,0.000041,0.891196,0.086719,0.022043
ACAGGTGGAGGTGAGG-1,0.000026,0.897289,0.07144,0.031245
ACAGGTGTGTTGTTGC-1,0.861859,0.000136,0.000019,0.137985
ACAGTAATACAACTTG-1,0.034461,0.965455,0.000042,0.000042
ACATAAGTCGTGGTGA-1,0.115544,0.781065,0.011475,0.091916
ACATAATAAGGCGGTG-1,0.021591,0.943548,0.026664,0.008197
ACATACAATCAAGCGG-1,0.000031,0.921048,0.021365,0.057557
ACATCAGCTGGGACGC-1,0.185179,0.54699,0.267759,0.000072
ACATCCCGGCCATACG-1,0.000043,0.959371,0.040544,0.000043
ACATCCTGGTAACTGT-1,0.000059,0.00856,0.962015,0.029366
ACATCGATCGTTTACC-1,0.000046,0.855695,0.141413,0.002846
ACATCGCAATATTCGG-1,0.041356,0.793531,0.157744,0.007369
ACATCGGTCAGCCGCG-1,0.048078,0.671511,0.277934,0.002477
ACATCGTATGCAATGG-1,0.000037,0.825044,0.173801,0.001117
ACATCGTTAACCTAGT-1,0.000021,0.999912,0.000046,0.000021
ACATCTCAACGCGTAA-1,0.03321,0.943805,0.022951,0.000034
ACATGCTTACGGCAGC-1,0.008343,0.87199,0.000009,0.119658
ACATGGCGCCAAAGTA-1,0.004413,0.000307,0.778784,0.216496
ACATGGCTCAATTTAG-1,0.40422,0.577703,0.018051,0.000025
ACATTAGTTTATATCC-1,0.000032,0.943655,0.004457,0.051855
ACATTCGCGCGGAATA-1,0.00002,0.824975,0.124711,0.050294
ACATTTGAAACCTAAC-1,0.00005,0.561508,0.16191,0.276533
ACCAACCGCACTCCAC-1,0.018198,0.335044,0.457232,0.189526
ACCAACGCTTATTTAT-1,0.000045,0.922238,0.076893,0.000823
ACCAAGAACGCGTGTC-1,0.037617,0.639716,0.322628,0.000038
ACCAAGTCATCGGCAG-1,0.080211,0.544857,0.053302,0.32163
ACCAATATGCAAGTTA-1,0.002861,0.882125,0.114984,0.00003
ACCACAACTCAGAACA-1,0.020063,0.845731,0.133377,0.000829
ACCACAAGTTTCTATC-1,0.021004,0.71879,0.260165,0.000041
ACCACACGGTTGATGG-1,0.000062,0.741506,0.050651,0.207781
ACCACCAATGTAACAA-1,0.019429,0.300164,0.575878,0.104528
ACCACGTGCAGCTATA-1,0.000034,0.999898,0.000034,0.000034
ACCACTGTTCAAGAAG-1,0.636433,0.322618,0.001841,0.039109
ACCAGACCATAACAAC-1,0.938843,0.060696,0.000014,0.000447
ACCAGTGCGGGAGACG-1,0.000025,0.919904,0.043029,0.037043
ACCATATCCGCAATAA-1,0.011491,0.758349,0.19333,0.03683
ACCATCCGCCAACTAG-1,0.04673,0.948737,0.001442,0.003091
ACCATCGTATATGGTA-1,0.016558,0.946168,0.037228,0.000046
ACCATTAAGGGTGTCA-1,0.839054,0.152365,0.008564,0.000017
ACCCAACGCCCGTGGC-1,0.000028,0.941945,0.057999,0.000028
ACCCACCTACATGCTC-1,0.065645,0.834659,0.099658,0.000038
ACCCATCTTGAGGGTA-1,0.000019,0.999943,0.000019,0.000019
ACCCATTTGTCCCTCT-1,0.000089,0.23919,0.468681,0.292041
ACCCGAGCGAAATTAC-1,0.000037,0.910114,0.089812,0.000037
ACCCGATTGGTTCCGA-1,0.000026,0.954032,0.022076,0.023865
ACCCGGAAACTCCCAG-1,0.000037,0.883757,0.085929,0.030277
ACCCGGAGCACCACAA-1,0.000036,0.617945,0.140842,0.241177
ACCCGGATGACGCATC-1,0.000066,0.670149,0.246607,0.083178
ACCCGGTTACACTTCC-1,0.07712,0.919043,0.0038,0.000036
ACCCGTAGCAGAGAAT-1,0.08895,0.278886,0.233062,0.399103
ACCCGTAGTCTAGTTG-1,0.007292,0.000427,0.325157,0.667123
ACCCGTGTCATCAGTA-1,0.014808,0.450975,0.478847,0.055369
ACCCTATAGGACTGAG-1,0.34002,0.438765,0.221167,0.000048
ACCCTATGCCATATCG-1,0.000054,0.846239,0.100218,0.053489
ACCCTCCCGTCAGGGC-1,0.009358,0.53655,0.115903,0.33819
ACCCTCCCTTGCTATT-1,0.037021,0.605858,0.31109,0.04603
ACCCTTCATCTGCGAA-1,0.017055,0.941185,0.019356,0.022405
ACCGAAAGGGCCCTGC-1,0.036586,0.78824,0.175155,0.000019
ACCGAAGAGTCTGGTT-1,0.043478,0.834426,0.000047,0.122048
ACCGACACATCTCCCA-1,0.000034,0.974288,0.025644,0.000034
ACCGACTGAGTCCCAC-1,0.000055,0.675438,0.324451,0.000055
ACCGAGTCTCCTTATT-1,0.00002,0.922047,0.003783,0.07415
ACCGATAGGCATAACC-1,0.008891,0.173734,0.393928,0.423448
ACCGATATTTAATCAT-1,0.024265,0.03374,0.503014,0.438981
ACCGATGGTAGCATCG-1,0.000025,0.954364,0.004227,0.041385
ACCGCAATAACTGCCT-1,0.000055,0.924764,0.047946,0.027234
ACCGCGGTGGAAGTCG-1,0.000111,0.223926,0.569057,0.206906
ACCGCTAGTCATTGGT-1,0.034044,0.633097,0.162724,0.170135
ACCGGGCCTTTGTTGA-1,0.000113,0.532874,0.414534,0.052479
ACCGGTCAGGTACACC-1,0.007266,0.963333,0.029372,0.000029
ACCGTCCACTGGGCCC-1,0.11624,0.679797,0.000026,0.203937
ACCGTGACCACGTGGG-1,0.000033,0.75013,0.249804,0.000033
ACCTAAGTACCTTTCA-1,0.000029,0.970525,0.028202,0.001245
ACCTAATCGACTTCCT-1,0.001542,0.966747,0.031684,0.000028
ACCTACAGTATGTGGT-1,0.036009,0.589868,0.12712,0.247003
ACCTACTATAAATCTA-1,0.00003,0.983183,0.016181,0.000606
ACCTCAGCGAGGCGCA-1,0.000037,0.722404,0.119494,0.158065
ACCTCCGCCCTCGCTG-1,0.006946,0.000735,0.207356,0.784963
ACCTCCGTTATTCACC-1,0.045637,0.478079,0.271502,0.204782
ACCTCGAACTTATGCT-1,0.066147,0.734285,0.074693,0.124875
ACCTGCGTGTCATGTT-1,0.022165,0.937064,0.037533,0.003237
ACGAAATGGGCGGCAC-1,0.179029,0.708628,0.099536,0.012807
ACGACCCATGAGTTGC-1,0.000075,0.200748,0.518115,0.281063
ACGACTCTAGGGCCGA-1,0.000019,0.902692,0.011265,0.086025
ACGACTGGTCATACTC-1,0.000032,0.871237,0.1242,0.004532
ACGAGAACCCATCACG-1,0.01615,0.957827,0.025398,0.000625
ACGAGATATTTGCTTA-1,0.000037,0.900381,0.088655,0.010928
ACGAGGATACCACTCT-1,0.036083,0.82288,0.067424,0.073614
ACGAGGTTTACAACGT-1,0.086581,0.717854,0.162088,0.033477
ACGAGTACGGATGCCC-1,0.000073,0.168111,0.750392,0.081424
ACGAGTCGCCGGCGTT-1,0.246733,0.597993,0.146573,0.008702
ACGATACATAGAACTA-1,0.030587,0.824007,0.145385,0.000021
ACGATACCTATCCTGA-1,0.950651,0.000153,0.000022,0.049174
ACGATCATACATAGAG-1,0.020573,0.907569,0.071829,0.000029
ACGATCATCTTGTAAA-1,0.000086,0.558242,0.359632,0.08204
ACGATGCATATGTTAT-1,0.007894,0.909577,0.082502,0.000028
ACGATGGATCCGATGC-1,0.000022,0.911432,0.088207,0.000339
ACGCAAACTAATAGAT-1,0.000023,0.880209,0.119745,0.000023
ACGCATACGTTTACTA-1,0.000078,0.222714,0.546757,0.230451
ACGCATTCGTGAGTAC-1,0.020691,0.815801,0.163452,0.000055
ACGCCACTCGAAACAG-1,0.01035,0.483548,0.452722,0.053379
ACGCCAGATGATTTCT-1,0.000044,0.852471,0.122552,0.024933
ACGCCAGTGCGTTTGC-1,0.095514,0.333798,0.255597,0.315091
ACGCCGCTAGACGACC-1,0.000029,0.999914,0.000029,0.000029
ACGCGAAGTCAGACGA-1,0.004452,0.90528,0.085271,0.004996
ACGCGCTACACAGGGT-1,0.000015,0.999954,0.000015,0.000015
ACGCGGGCCAAGGACA-1,0.000031,0.941616,0.058323,0.000031
ACGCGTTTCTTAAGAG-1,0.909293,0.006316,0.084374,0.000017
ACGCTACTGAATGGGC-1,0.000118,0.224271,0.21903,0.556581
ACGCTAGTGATACACT-1,0.000079,0.000556,0.982019,0.017345
ACGCTGTGAGGCGTAG-1,0.092949,0.84081,0.065502,0.000738
ACGGAACACGAGTGCC-1,0.000079,0.290034,0.598349,0.111537
ACGGAATTTAGCAAAT-1,0.08233,0.871852,0.037206,0.008612
ACGGACGCAGCGACAA-1,0.000013,0.99996,0.000013,0.000013
ACGGACTCTCAAAGCG-1,0.021805,0.952351,0.021658,0.004185
ACGGATGGTGCGGATA-1,0.00002,0.999939,0.00002,0.00002
ACGGCACTTGCTTGGG-1,0.000042,0.866399,0.113844,0.019716
ACGGCCAACATGGACT-1,0.000041,0.934235,0.065684,0.000041
ACGGCGACGATGGGAA-1,0.000032,0.96667,0.033265,0.000032
ACGGCGGGTTGCCCTG-1,0.04071,0.859354,0.039084,0.060852
ACGGCTGGATGTAGAA-1,0.041543,0.695088,0.00006,0.263308
ACGGGAGTGTCGGCCC-1,0.020197,0.977257,0.002508,0.000039
ACGGGTCATGTGACTT-1,0.794617,0.079439,0.113639,0.012305
ACGGGTTGTGACCTGT-1,0.24394,0.651887,0.003894,0.100279
ACGGTACAGTTCAATG-1,0.010648,0.842505,0.012614,0.134233
ACGGTCACCGAGAACA-1,0.056937,0.693519,0.022459,0.227085
ACGTACAGATTTCTCT-1,0.000044,0.747184,0.252729,0.000044
ACGTACTTTGGCACGG-1,0.000046,0.797851,0.166971,0.035133
ACGTAGATTGCTGATG-1,0.000031,0.906433,0.090393,0.003144
ACGTAGGAGAGTCGCT-1,0.000025,0.926159,0.024487,0.049329
ACGTATTACTCCGATC-1,0.000049,0.799664,0.144124,0.056163
ACGTCGGGCAACTCGG-1,0.608861,0.061066,0.003962,0.32611
ACGTCTCGTTCCGGGA-1,0.545056,0.192971,0.230894,0.031079
ACGTGACAAAGTAAGT-1,0.738546,0.066618,0.185622,0.009214
ACGTGCGCCTCGTGCA-1,0.000027,0.956812,0.000027,0.043134
ACGTTAATGTCGAAGA-1,0.00003,0.797131,0.184993,0.017845
ACGTTAGATTTGCCCG-1,0.016442,0.934562,0.048438,0.000558
ACGTTATTGGTCACTC-1,0.555759,0.01233,0.431863,0.000048
ACGTTCACTATGCCGC-1,0.00138,0.825902,0.000025,0.172693
ACGTTCCGCGCTCCGT-1,0.037416,0.698234,0.264321,0.000029
ACGTTCGCAATCAATT-1,0.026377,0.572197,0.331257,0.070169
ACGTTCGTTCAGGAAA-1,0.000037,0.927158,0.072767,0.000037
ACGTTCTGTACAAGTC-1,0.00875,0.837028,0.00002,0.154201
ACGTTGTCGTTGAAAG-1,0.001015,0.95271,0.00002,0.046255
ACGTTTAGTTGTGATC-1,0.000051,0.719447,0.280452,0.000051
ACGTTTCGGTGCACTT-1,0.000084,0.088434,0.565657,0.345825
ACTACAAAGAGAGGTG-1,0.000017,0.948222,0.03336,0.018401
ACTACATCCCGACAAG-1,0.030197,0.85598,0.000032,0.113791
ACTACCAGCTCTCTGG-1,0.005171,0.747824,0.246988,0.000017
ACTACCATCCGAGGGC-1,0.051363,0.689017,0.021032,0.238588
ACTACGCGTTAGAATT-1,0.000053,0.870403,0.128576,0.000968
ACTAGTTGCGATCGTC-1,0.009056,0.00059,0.800706,0.189648
ACTATATGCTGTGTTC-1,0.027971,0.708147,0.086015,0.177867
ACTATCCAGGGCATGG-1,0.026171,0.019103,0.705571,0.249155
ACTATCGCCGGCTAAA-1,0.782289,0.199908,0.016236,0.001566
ACTATCTGCCCGCGTA-1,0.06906,0.539747,0.007302,0.383891
ACTATGTCCAGCTGCC-1,0.013095,0.92018,0.000018,0.066708
ACTATTCGTCCGTGGT-1,0.000041,0.965446,0.005225,0.029287
ACTATTTCCGGGCCCA-1,0.002186,0.895742,0.09766,0.004412
ACTCAACGAATGTATT-1,0.062881,0.823188,0.113915,0.000016
ACTCAAGTGCAAGGCT-1,0.010248,0.920845,0.063304,0.005602
ACTCAATAAAGGCACG-1,0.003338,0.540277,0.427337,0.029048
ACTCAGACCTGCTTCT-1,0.049085,0.743648,0.202875,0.004392
ACTCATGGCAGCCTTC-1,0.021374,0.587361,0.151774,0.239491
ACTCCAATATCATCAT-1,0.000063,0.933043,0.03274,0.034154
ACTCCCATTCCTAAAG-1,0.034057,0.782007,0.15554,0.028397
ACTCCCGAATTCGTTT-1,0.016925,0.143438,0.73642,0.103217
ACTCCCTAATGCTAAA-1,0.007229,0.821784,0.170948,0.000039
ACTCCCTAGAATAGTA-1,0.000051,0.665282,0.334615,0.000051
ACTCCGGCCGACCACT-1,0.010505,0.939708,0.00315,0.046637
ACTCGATGTATTTCAT-1,0.686698,0.308858,0.004415,0.00003
ACTCGCCGTTCGATAA-1,0.043889,0.230294,0.00007,0.725747
ACTCGCGATCTGACGC-1,0.063462,0.000466,0.584365,0.351707
ACTCGTAACCCGTCCT-1,0.060609,0.93881,0.000062,0.000519
ACTCGTCAGTAATCCC-1,0.000024,0.999928,0.000024,0.000024
ACTCTAAACCTGGGAT-1,0.961376,0.003475,0.027668,0.007481
ACTCTCTGACTTAGGT-1,0.000025,0.927434,0.053793,0.018749
ACTCTCTTATACACGA-1,0.000029,0.849961,0.149982,0.000029
ACTCTGACCTAATAGA-1,0.000022,0.87727,0.011725,0.110983
ACTCTTGTATAGTAAC-1,0.00459,0.956098,0.03928,0.000032
ACTGAAACGCCGTTAG-1,0.000059,0.84559,0.110817,0.043535
ACTGAATGGCGAAAGT-1,0.004414,0.952151,0.003322,0.040113
ACTGCCCGCCATTCTC-1,0.000031,0.984631,0.003507,0.011831
ACTGCCGTCGTAACTC-1,0.000061,0.803058,0.196819,0.000061
ACTGCTCGGAAGGATG-1,0.096421,0.671736,0.213724,0.018119
ACTGGGATGCCAGTGC-1,0.000031,0.89759,0.005187,0.097191
ACTGTACGATACACAT-1,0.000027,0.999918,0.000027,0.000027
ACTGTAGCACTTTGGA-1,0.047573,0.828439,0.123956,0.000032
ACTGTATACGCGAGCA-1,0.070029,0.815253,0.114708,0.00001
ACTGTCCAGGATTATA-1,0.02557,0.744064,0.215221,0.015145
ACTGTCTTCTTTAGAA-1,0.000031,0.837084,0.162855,0.000031
ACTGTGCTAGTAGATC-1,0.016844,0.966261,0.01688,0.000015
ACTTACCGGGCGCGCA-1,0.04025,0.000309,0.821657,0.137785
ACTTACGCATCCACGC-1,0.009363,0.895875,0.094706,0.000057
ACTTAGTACGACAAGA-1,0.030138,0.954618,0.014387,0.000858
ACTTATACTTACCCGG-1,0.018988,0.860599,0.114011,0.006402
ACTTATTAGGATCGGT-1,0.049767,0.804325,0.145839,0.000069
ACTTATTTATGTGCCA-1,0.030987,0.858239,0.071035,0.039739
ACTTCAGGCTGATCCC-1,0.000054,0.976509,0.022269,0.001168
ACTTCCAGTGGAAGCT-1,0.56928,0.16494,0.139157,0.126623
ACTTCCATGCGGGACA-1,0.000061,0.871635,0.024862,0.103443
ACTTCGCCATACGCAC-1,0.000026,0.999921,0.000026,0.000026
ACTTGACTCCCTCTTT-1,0.000033,0.973096,0.001003,0.025868
ACTTGCTCTATCTACC-1,0.365862,0.265807,0.000022,0.36831
ACTTGGGACCCGGTGG-1,0.038484,0.88509,0.000028,0.076399
ACTTGGGCTTTCGCCA-1,0.000022,0.907216,0.067886,0.024876
ACTTGTAGTCCCTTCA-1,0.067999,0.776932,0.000022,0.155047
ACTTGTGGATGGAACG-1,0.028972,0.129176,0.365734,0.476118
ACTTGTTACCGGATCA-1,0.123697,0.561646,0.27127,0.043387
ACTTTACCCTCATGAA-1,0.016362,0.000351,0.884336,0.098951
ACTTTATACACCACTT-1,0.112664,0.710999,0.054111,0.122226
ACTTTCCTATAGCTTC-1,0.000073,0.676548,0.323306,0.000073
ACTTTGACTGCATCCT-1,0.057666,0.8692,0.000011,0.073123
ACTTTGGTCGTGCTCC-1,0.020725,0.655878,0.000068,0.323329
ACTTTGTCGACGCACT-1,0.000132,0.000925,0.395214,0.603729
AGAAATTATGACTCGC-1,0.047566,0.460754,0.057589,0.434091
AGAACACGGCGATGGT-1,0.036049,0.701437,0.000024,0.26249
AGAACCCAGCGTGACA-1,0.036117,0.000469,0.552105,0.411309
AGAACCCTCAATTGGG-1,0.095386,0.429663,0.204666,0.270285
AGAACGTGGTACATTC-1,0.00003,0.938058,0.061882,0.00003
AGAACTGTACTTTGTA-1,0.007131,0.834792,0.037108,0.120969
AGAAGAGCGCCGTTCC-1,0.000251,0.939302,0.000251,0.060195
AGAAGGTACACTTCAC-1,0.057582,0.712156,0.123995,0.106267
AGAAGGTTGCCGAATT-1,0.000016,0.99734,0.000016,0.002628
AGAAGGTTGTAGGTCG-1,0.000026,0.779293,0.220655,0.000026
AGAAGTGATTCGTGAT-1,0.00731,0.664467,0.32259,0.005633
AGAATAAATCTTCAGG-1,0.170162,0.571851,0.250534,0.007453
AGAATACAGGCTATCC-1,0.000056,0.680172,0.126057,0.193715
AGAATTATGGATTCGA-1,0.000059,0.944849,0.0038,0.051292
AGAATTGTTTGACATA-1,0.061846,0.92279,0.015344,0.000021
AGACAGCTCAGAATCC-1,0.312331,0.520735,0.149121,0.017813
AGACAGGCATCTCAGC-1,0.003798,0.148493,0.367189,0.48052
AGACATAGATCCTTCC-1,0.049838,0.892096,0.058013,0.000053
AGACCAAACCACACCT-1,0.131425,0.680665,0.000026,0.187884
AGACCATGGGATACAA-1,0.085665,0.846042,0.063143,0.005151
AGACCCACCGCTGATC-1,0.003856,0.853701,0.098519,0.043924
AGACCCGCCCTCCTCG-1,0.029608,0.864033,0.096006,0.010354
AGACCGCTCCGCGGTT-1,0.081637,0.30775,0.009624,0.600989
AGACCGGGAAACCCTG-1,0.014701,0.948782,0.036495,0.000022
AGACGAAGTGCCGGTC-1,0.027535,0.5547,0.411971,0.005793
AGACGACGATGCCGCT-1,0.000035,0.895454,0.064218,0.040292
AGACGCCCACTTCGCC-1,0.06796,0.280957,0.258239,0.392844
AGACTAGCCTTCCAGA-1,0.072106,0.887962,0.037377,0.002555
AGACTGTTACCGGGTC-1,0.000039,0.870921,0.129002,0.000039
AGAGAAACACCAGAAA-1,0.000021,0.998919,0.000021,0.001038
AGAGAACCGTCTAGGA-1,0.000021,0.953424,0.019073,0.027482
AGAGAAGGAGTACAAT-1,0.000057,0.999828,0.000057,0.000057
AGAGATCTCTAAAGCG-1,0.019071,0.954491,0.026402,0.000036
AGAGCAGTTATGAGAC-1,0.015299,0.962453,0.022218,0.00003
AGAGCCGCCGAGATTT-1,0.058482,0.659462,0.029531,0.252526
AGAGCGGGCTAATCAT-1,0.002899,0.94261,0.008401,0.046091
AGAGCGTACAAGCTCG-1,0.034648,0.841074,0.124247,0.000031
AGAGCTACGAAAGCAT-1,0.356936,0.122994,0.520034,0.000036
AGAGGCTTCGGAAACC-1,0.000075,0.180769,0.758208,0.060948
AGAGTAAACTTCACTA-1,0.017026,0.193173,0.632152,0.15765
AGAGTCTTAATGAAAG-1,0.00008,0.316363,0.348255,0.335302
AGATAACTTCAGGGCC-1,0.000023,0.999931,0.000023,0.000023
AGATAATCACACCTAT-1,0.036011,0.744184,0.000023,0.219782
AGATACCAATAGAACC-1,0.057036,0.637241,0.074169,0.231554
AGATACCGGTGTTCAC-1,0.020082,0.79785,0.178873,0.003195
AGATACGACTTCATAT-1,0.029377,0.429626,0.540962,0.000035
AGATACTCAAGATCGA-1,0.00005,0.840437,0.118422,0.041091
AGATATAATACGACTA-1,0.000033,0.999902,0.000033,0.000033
AGATCGTGCATAAGAT-1,0.048527,0.000326,0.89784,0.053307
AGATCTCAGGTGTGAT-1,0.000056,0.939012,0.021507,0.039425
AGATCTGGAGAGGATA-1,0.103364,0.753468,0.026519,0.116649
AGATGACTCGCCCACG-1,0.080934,0.884988,0.013097,0.020981
AGATGAGGGTTGCGAT-1,0.095521,0.000375,0.846037,0.058067
AGATGATGGAGTCTGG-1,0.00744,0.371351,0.490445,0.130763
AGATGCAAGACGTGCA-1,0.05504,0.928484,0.016435,0.000042
AGATGCATCCTGTGTC-1,0.501839,0.235137,0.262945,0.000079
AGATGCTATAACGAGC-1,0.542978,0.451221,0.000012,0.005788
AGATTATAGGACGTTT-1,0.000022,0.999934,0.000022,0.000022
AGATTCACAACCGATA-1,0.015098,0.915952,0.000033,0.068917
AGCAAAGGCCGCTAGT-1,0.000033,0.877316,0.122618,0.000033
AGCAACATATCTTATT-1,0.020198,0.911097,0.000025,0.06868
AGCAACCGAAAGTAAT-1,0.000017,0.88154,0.118427,0.000017
AGCACACGTTTAGACT-1,0.000055,0.898719,0.000055,0.10117
AGCACCAGTACTCACG-1,0.044149,0.867293,0.088515,0.000044
AGCACTACCGGCCTGT-1,0.023197,0.790507,0.000104,0.186192
AGCACTACCTCACCAG-1,0.000031,0.886276,0.113662,0.000031
AGCACTTAAGGACGCC-1,0.000014,0.996526,0.003445,0.000014
AGCAGAAGGAGAAAGA-1,0.000013,0.884797,0.115177,0.000013
AGCAGCCAGATGAATA-1,0.000031,0.962645,0.031505,0.005818
AGCAGTCGAAGCATGC-1,0.000028,0.870021,0.054982,0.074968
AGCATATCAATATGCT-1,0.000068,0.701182,0.298682,0.000068
AGCATCATTTCGAAAG-1,0.000038,0.782419,0.215666,0.001876
AGCATCGTCGATAATT-1,0.000026,0.999923,0.000026,0.000026
AGCATTACGAGGCAAG-1,0.014597,0.314943,0.315079,0.355381
AGCCAAGCTTTGTGTC-1,0.000018,0.997616,0.002144,0.000223
AGCCACAGGTTACCCG-1,0.000033,0.833901,0.109664,0.056402
AGCCACTCCCGTGCTT-1,0.000042,0.992726,0.007189,0.000042
AGCCATATAGTATGTG-1,0.000028,0.628975,0.28924,0.081757
AGCCCATACATGTAAG-1,0.000015,0.973414,0.026555,0.000015
AGCCCGCAACAAGCAG-1,0.001342,0.972025,0.021122,0.005511
AGCCCGCACTACAATG-1,0.021558,0.553184,0.020032,0.405226
AGCCCGGCATTAGAGG-1,0.00004,0.799996,0.172678,0.027286
AGCCCGGTAGCCTGTA-1,0.000046,0.966936,0.032971,0.000046
AGCCCTAAGCGAAGTT-1,0.00003,0.935524,0.064417,0.00003
AGCCCTCCCTGGTGGC-1,0.036274,0.874536,0.000041,0.089149
AGCCCTTCTAATCCGA-1,0.052634,0.526526,0.299937,0.120903
AGCCCTTGGACATCCC-1,0.019767,0.499819,0.258219,0.222195
AGCCGCAAATTCAAAT-1,0.962665,0.000129,0.035783,0.001423
AGCCGCTTGATTAGCG-1,0.947701,0.011348,0.040931,0.00002
AGCCGTGGCTAAATGT-1,0.000294,0.999602,0.000052,0.000052
AGCCTAATACCCACGT-1,0.022162,0.966532,0.011268,0.000038
AGCCTTAAAGCGGAAG-1,0.570574,0.250779,0.178596,0.00005
AGCCTTGTCACTGATA-1,0.769133,0.086113,0.000036,0.144718
AGCGACAGGAACGGTC-1,0.00005,0.822092,0.101493,0.076365
AGCGACATCCCATTCA-1,0.000058,0.789473,0.210412,0.000058
AGCGACCAACGATATT-1,0.011769,0.887927,0.085576,0.014729
AGCGACTTTGAAGACA-1,0.010519,0.897476,0.008093,0.083912
AGCGAGACGTGAAGGC-1,0.000028,0.932599,0.000028,0.067345
AGCGATGCGCCTAATA-1,0.020813,0.000582,0.292349,0.686256
AGCGCATAATGAATCG-1,0.000041,0.961195,0.038723,0.000041
AGCGCGGGTGCCAATG-1,0.000016,0.910775,0.066886,0.022324
AGCGCTTATGGGCAAG-1,0.022283,0.379935,0.537085,0.060697
AGCGGACACTTCGTAG-1,0.000035,0.964383,0.018938,0.016644
AGCGGCGGTTAGCGGT-1,0.057255,0.726591,0.083557,0.132598
AGCGGGAAGGGTCCAT-1,0.030319,0.902976,0.066687,0.000018
AGCGGGTCTGACACTC-1,0.000042,0.796784,0.105356,0.097818
AGCGTACGAGAGCTAG-1,0.057133,0.91546,0.000008,0.027398
AGCGTCTGAACCCGCA-1,0.038583,0.707348,0.254054,0.000015
AGCGTGGTATTCTACT-1,0.00004,0.962603,0.037316,0.00004
AGCTAACAAGCAATGT-1,0.026521,0.96281,0.004982,0.005687
AGCTAAGCTCCGTCCG-1,0.00004,0.933155,0.014117,0.052688
AGCTAAGTACGCAGGC-1,0.000037,0.801461,0.125584,0.072918
AGCTACGAATGGTGGT-1,0.000412,0.002881,0.687649,0.309058
AGCTAGAAGCAGAAGT-1,0.021017,0.000445,0.978474,0.000064
AGCTATTTAATCCAAC-1,0.000039,0.84498,0.154942,0.000039
AGCTCCATATATGTTC-1,0.035064,0.432224,0.000051,0.532661
AGCTCCTTCGCACATC-1,0.000029,0.984612,0.003236,0.012123
AGCTCTAGACGTTCCA-1,0.000017,0.999949,0.000017,0.000017
AGCTCTTCCCAGTGCA-1,0.017033,0.806999,0.028984,0.146984
AGCTCTTCGTAACCTT-1,0.320616,0.038526,0.625286,0.015573
AGCTCTTTACTCAGTT-1,0.069067,0.544747,0.386133,0.000053
AGCTGAAGTAAACCAA-1,0.000034,0.82274,0.153086,0.02414
AGCTGTAACCTCAATC-1,0.000031,0.994495,0.000031,0.005443
AGCTTCTTCTCGAGCA-1,0.035056,0.131836,0.653636,0.179472
AGCTTGATCAGGGTAG-1,0.051266,0.764601,0.012199,0.171934
AGCTTGATCTTAACTT-1,0.057527,0.669395,0.27303,0.000049
AGGAAAGCCTCTGATG-1,0.219943,0.437827,0.339035,0.003196
AGGAACGAACGACTTC-1,0.000082,0.206181,0.31787,0.475868
AGGAAGCTGTCCGCCG-1,0.000037,0.576435,0.42349,0.000037
AGGACAGTCGAATCCC-1,0.000016,0.999952,0.000016,0.000016
AGGACATCGCACGTCG-1,0.074193,0.807692,0.118083,0.000032
AGGACATCGGCACACT-1,0.000057,0.000399,0.647613,0.351932
AGGACGACCCATTAGA-1,0.000048,0.824378,0.169817,0.005757
AGGACGCTCGATGTTG-1,0.014045,0.000349,0.979006,0.0066
AGGACTTATAGGAGAA-1,0.671232,0.301997,0.008499,0.018272
AGGAGCGTTTATTATC-1,0.019129,0.664242,0.138139,0.17849
AGGAGGCCTTCGCGCG-1,0.000066,0.57852,0.335727,0.085686
AGGATAAAGTCGGGAT-1,0.000022,0.821046,0.178861,0.000071
AGGATATAGGGATTTA-1,0.000057,0.566247,0.35794,0.075756
AGGATATCCGACTGCA-1,0.002726,0.833787,0.000023,0.163464
AGGATCACGCGATCTG-1,0.025126,0.974784,0.000045,0.000045
AGGCACGTGACTGTCC-1,0.020743,0.251575,0.000096,0.727586
AGGCAGATGCGTAAAC-1,0.010229,0.989736,0.000018,0.000018
AGGCAGGGAGCGTACT-1,0.00004,0.891788,0.108131,0.00004
AGGCATTGTCGTAGGG-1,0.037959,0.586477,0.304514,0.07105
AGGCCACATTGGTTAC-1,0.00006,0.000422,0.690753,0.308765
AGGCCACCCGTTATGA-1,0.086799,0.8649,0.048274,0.000026
AGGCCCAGTGACTGGT-1,0.352257,0.29197,0.355729,0.000044
AGGCCCATTGTACAGG-1,0.041115,0.781272,0.177581,0.000032
AGGCCCTAGAACGCCA-1,0.00516,0.99257,0.002243,0.000027
AGGCCTATCATACCAA-1,0.000021,0.850349,0.081249,0.068382
AGGCCTGAGAATCTCG-1,0.023865,0.813583,0.147742,0.014811
AGGCGATAACTGGCGT-1,0.000049,0.000342,0.771371,0.228238
AGGCGGTTTGTCCCGC-1,0.007526,0.892942,0.092403,0.00713
AGGCTATGGTTAGCTT-1,0.038809,0.949723,0.000041,0.011426
AGGCTTAAGTTGCACA-1,0.000025,0.973923,0.026027,0.000025
AGGCTTCCCGAAGAAG-1,0.012671,0.978112,0.001558,0.00766
AGGCTTGCTAGACACC-1,0.196742,0.588553,0.214664,0.000041
AGGGAAACGAGGTACT-1,0.000069,0.464506,0.522584,0.012842
AGGGACCGGCTGCGTT-1,0.061911,0.227003,0.340833,0.370253
AGGGACTCTACGCGAC-1,0.000031,0.957515,0.042374,0.00008
AGGGCAGCGGCGTGGT-1,0.000013,0.999961,0.000013,0.000013
AGGGCCCTAATGTTCT-1,0.000044,0.000308,0.664907,0.33474
AGGGCGAGCAGCTGAT-1,0.075696,0.835446,0.020026,0.068833
AGGGCGTGATCGGCTA-1,0.015674,0.887806,0.096493,0.000027
AGGGCTGCAGTTACAG-1,0.000021,0.971813,0.022353,0.005813
AGGGTCAGAGCACTCG-1,0.000056,0.885593,0.114294,0.000056
AGGGTCGATGCGAACT-1,0.000034,0.924986,0.067056,0.007923
AGGGTCTGGACGCAGT-1,0.05887,0.404683,0.136426,0.400021
AGGGTGCCGTTCTTTA-1,0.000032,0.924714,0.065659,0.009595
AGGGTGCTCTCGAGGG-1,0.000048,0.886028,0.055032,0.058892
AGGGTGGATAGTGCAT-1,0.660001,0.135888,0.132666,0.071445
AGGGTTCAGACGGTCC-1,0.000024,0.987348,0.011613,0.001015
AGGGTTCCCTTTGGTT-1,0.000033,0.89462,0.105314,0.000033
AGGGTTTAGTTCGGGA-1,0.000046,0.822332,0.17054,0.007082
AGGTAACCTCCTATTC-1,0.050909,0.771849,0.145225,0.032016
AGGTACGATATTGCCA-1,0.000029,0.999914,0.000029,0.000029
AGGTAGATCGAGATAT-1,0.000024,0.987548,0.012404,0.000024
AGGTAGGTACAAAGCT-1,0.000027,0.731032,0.255708,0.013233
AGGTATAATTGATAGT-1,0.023168,0.000459,0.912341,0.064032
AGGTCAGGTGAGAGTG-1,0.000029,0.92513,0.074812,0.000029
AGGTCGCCTCCCAACA-1,0.000062,0.420897,0.238423,0.340618
AGGTCGCGGAGTTACT-1,0.000108,0.004088,0.813356,0.182448
AGGTGCACGTCCACAT-1,0.000051,0.065322,0.752106,0.182522
AGGTGGTGACCTTCGC-1,0.000029,0.951397,0.048545,0.000029
AGGTGTATCGCCATGA-1,0.083327,0.693305,0.215136,0.008232
AGGTGTTGCCGACCAC-1,0.000072,0.161251,0.504315,0.334362
AGGTTACACCATGCCG-1,0.068524,0.437669,0.031402,0.462404
AGGTTCTCCTTTCCGG-1,0.050031,0.71563,0.028655,0.205685
AGGTTGAGGCACGCTT-1,0.025515,0.809785,0.164635,0.000066
AGGTTTCACACACCTT-1,0.000034,0.997101,0.002831,0.000034
AGTAACTATAGCAGCC-1,0.000064,0.276653,0.460033,0.263249
AGTAAGGGACAGAATC-1,0.000279,0.42388,0.474045,0.101796
AGTAATCTAAGGGTGG-1,0.000027,0.874973,0.000027,0.124972
AGTAATGTCTTGCCGC-1,0.029554,0.748037,0.222338,0.000072
AGTAATTTGCAAGCGT-1,0.01691,0.973045,0.000019,0.010026
AGTACAGAAGCTTATA-1,0.000025,0.976823,0.000387,0.022764
AGTACATCATTTATCA-1,0.020353,0.466336,0.490872,0.022439
AGTACGGCCCGTATCG-1,0.182525,0.81178,0.000029,0.005665
AGTACGGGCACCTGGC-1,0.000027,0.99992,0.000027,0.000027
AGTACTCTTATGCCCA-1,0.000051,0.900275,0.099624,0.000051
AGTAGAAGGCGCCTCA-1,0.010399,0.987068,0.002463,0.00007
AGTAGGAAGGAAGTTG-1,0.06492,0.092543,0.775931,0.066606
AGTAGGTAACATACAT-1,0.031749,0.729882,0.235266,0.003102
AGTATAATACTAGGCA-1,0.019276,0.949018,0.030234,0.001472
