Barcode,Topic 1,Topic 2,Topic 3to6,Topic 7to8,Topic 9,Topic 10to11
AAACAACGAATAGTTC-1,0.000074,0.000074,0.039009,0.000148,0.000074,0.96062
AAACAAGTATCTCCCA-1,0.000063,0.000063,0.254767,0.276802,0.000063,0.468243
AAACAATCTACTAGCA-1,0.00014,0.040071,0.00056,0.256596,0.00014,0.702494
AAACACCAATAACTGC-1,0.000078,0.188379,0.000314,0.000157,0.740414,0.070657
AAACAGAGCGACTCCT-1,0.000079,0.000079,0.413975,0.259154,0.000079,0.326634
AAACAGCTTTCAGAAG-1,0.000064,0.018004,0.040387,0.000128,0.425438,0.515979
AAACAGGGTCTATATT-1,0.000039,0.141717,0.318472,0.215548,0.168042,0.156182
AAACAGTGTTCCTGGG-1,0.001224,0.068012,0.043467,0.887264,0.000011,0.000021
AAACATGGTGAGAGGA-1,0.000021,0.793444,0.000082,0.000041,0.206371,0.000041
AAACATTTCCCGGATT-1,0.000061,0.068322,0.608073,0.00606,0.053727,0.263758
AAACCACTACACAGAT-1,0.000017,0.023828,0.297201,0.643557,0.000017,0.03538
AAACCCGAACGAAATC-1,0.000042,0.000042,0.470772,0.243312,0.000042,0.285792
AAACCGGAAATGTTAA-1,0.000075,0.114133,0.036898,0.359479,0.000075,0.48934
AAACCGGGTAGGTACC-1,0.00003,0.00003,0.767238,0.041302,0.041156,0.150244
AAACCGTTCGTCCAGG-1,0.00004,0.00004,0.429115,0.054771,0.085841,0.430192
AAACCTAAGCAGCCGG-1,0.000089,0.000089,0.000357,0.000179,0.057502,0.941784
AAACCTCATGAAGTTG-1,0.000083,0.10726,0.281175,0.174682,0.000083,0.436717
AAACGAAGAACATACC-1,0.005123,0.00023,0.430618,0.262389,0.00023,0.301409
AAACGAAGATGGAGTA-1,0.000024,0.550002,0.112558,0.255811,0.081557,0.000048
AAACGAGACGGTTGAT-1,0.002428,0.000063,0.279038,0.085247,0.001144,0.63208
AAACGCCCGAGATCGG-1,0.000015,0.000015,0.384361,0.571404,0.00015,0.044054
AAACGCTGGGCACGAC-1,0.000015,0.000015,0.452594,0.342111,0.081314,0.123952
AAACGGGCGTACGGGT-1,0.000046,0.045046,0.640447,0.049348,0.062298,0.202816
AAACGGGTTGGTATCC-1,0.000117,0.000117,0.025944,0.000235,0.000117,0.973468
AAACGGTTGCGAACTG-1,0.000068,0.014032,0.190249,0.417772,0.000068,0.377811
AAACGTGTTCGCCCTA-1,0.000059,0.000059,0.241488,0.496097,0.000059,0.26224
AAACTAACGTGGCGAC-1,0.000072,0.000072,0.133073,0.397549,0.000072,0.469162
AAACTCGGTTCGCAAT-1,0.000052,0.000052,0.783034,0.165163,0.00862,0.043079
AAACTCGTGATATAAG-1,0.000045,0.000045,0.646462,0.217573,0.000045,0.135828
AAACTGCTGGCTCCAA-1,0.000034,0.000034,0.632317,0.020903,0.000034,0.346677
AAACTTAATTGCACGC-1,0.000041,0.580911,0.000163,0.000082,0.418722,0.000082
AAACTTGCAAACGTAT-1,0.000031,0.018156,0.475309,0.225374,0.097475,0.183654
AAAGAATGACCTTAGA-1,0.000031,0.579993,0.000126,0.000063,0.419724,0.000063
AAAGAATGTGGACTAA-1,0.00007,0.00007,0.000281,0.058409,0.093014,0.848155
AAAGACATGAAGTTTA-1,0.000045,0.012631,0.02626,0.081005,0.363648,0.516411
AAAGACCCAAGTCGCG-1,0.000044,0.003629,0.465563,0.399411,0.000044,0.131309
AAAGACTGGGCGCTTT-1,0.000027,0.017078,0.899696,0.027019,0.000027,0.056154
AAAGCTTGCCTACATA-1,0.000024,0.050581,0.307079,0.543477,0.03384,0.064998
AAAGGCCCTATAATAC-1,0.034993,0.216265,0.094637,0.581883,0.054625,0.017597
AAAGGCTACGGACCAT-1,0.000021,0.000021,0.859808,0.000588,0.000021,0.139541
AAAGGCTCTCGCGCCG-1,0.001843,0.037155,0.459122,0.008686,0.055754,0.437441
AAAGGGATGTAGCAAG-1,0.000041,0.000041,0.675616,0.004934,0.000041,0.319328
AAAGGGCAGCTTGAAT-1,0.000049,0.021247,0.532931,0.173507,0.048199,0.224067
AAAGGTAAGCTGTACC-1,0.000035,0.019393,0.294754,0.589539,0.000035,0.096242
AAAGTAGCATTGCTCA-1,0.000034,0.050688,0.510539,0.040839,0.193596,0.204304
AAAGTCACTGATGTAA-1,0.000026,0.000026,0.863474,0.136395,0.000026,0.000052
AAAGTCGACCCTCAGT-1,0.000078,0.000078,0.213139,0.000156,0.019004,0.767545
AAAGTGCCATCAATTA-1,0.000014,0.000014,0.577711,0.388056,0.000014,0.034192
AAAGTGTGATTTATCT-1,0.000187,0.033944,0.117132,0.000375,0.000187,0.848174
AAAGTTGACTCCCGTA-1,0.000131,0.000131,0.000525,0.000262,0.041419,0.957531
AAATAACCATACGGGA-1,0.0001,0.0001,0.265543,0.193595,0.0001,0.540562
AAATAAGGTAGTGCCC-1,0.000055,0.068402,0.174734,0.453883,0.061081,0.241845
AAATACCTATAAGCAT-1,0.000042,0.000042,0.686698,0.004786,0.000042,0.30839
AAATAGCTTAGACTTT-1,0.000079,0.000079,0.434497,0.220848,0.0117,0.332795
AAATAGGGTGCTATTG-1,0.000039,0.000039,0.611875,0.204193,0.000039,0.183815
AAATCCGATACACGCC-1,0.000067,0.000067,0.329139,0.20247,0.054464,0.413793
AAATCGCGGAAGGAGT-1,0.000068,0.552095,0.00027,0.000135,0.443362,0.00407
AAATCGTGTACCACAA-1,0.000041,0.000041,0.776531,0.000083,0.000041,0.223261
AAATCTAGCCCTGCTA-1,0.000095,0.000095,0.00038,0.00019,0.064396,0.934845
AAATCTGCCCGCGTCC-1,0.000024,0.667096,0.000097,0.000048,0.332687,0.000048
AAATGACTGATCAAAC-1,0.000061,0.000061,0.159857,0.496964,0.000061,0.342996
AAATGATTCGATCAGC-1,0.000038,0.000038,0.752479,0.241025,0.006344,0.000076
AAATGCTCGTTACGTT-1,0.000065,0.000065,0.783424,0.027352,0.024991,0.164102
AAATGGCATGTCTTGT-1,0.000231,0.000231,0.000923,0.000462,0.000231,0.997923
AAATGGCCCGTGCCCT-1,0.000031,0.113822,0.175458,0.329931,0.166377,0.21438
AAATGGTCAATGTGCC-1,0.000051,0.000051,0.633715,0.126126,0.000051,0.240005
AAATGTATCTTATCCC-1,0.000035,0.148312,0.096039,0.002525,0.078277,0.674813
AAATGTGGGTGCTCCT-1,0.000288,0.326183,0.065279,0.272592,0.000288,0.335371
AAATTAACGGGTAGCT-1,0.000037,0.000037,0.821582,0.023699,0.005228,0.149417
AAATTAATAAGCGCGA-1,0.000033,0.018954,0.201822,0.152073,0.242867,0.38425
AAATTACACGACTCTG-1,0.000212,0.000212,0.094773,0.000425,0.000212,0.904164
AAATTACCTATCGATG-1,0.000075,0.037553,0.371661,0.08133,0.000075,0.509305
AAATTCCAGGTCCAAA-1,0.000031,0.02229,0.654281,0.219352,0.007463,0.096582
AAATTGATAGTCCTTT-1,0.000044,0.039883,0.406864,0.239587,0.000044,0.313579
AAATTGCGGCGGTTCT-1,0.000021,0.000021,0.884957,0.114938,0.000021,0.000042
AAATTGGTGAGAAGCA-1,0.000029,0.004731,0.404587,0.374034,0.000029,0.216591
AAATTTACCGAAATCC-1,0.000033,0.000595,0.099855,0.557807,0.004508,0.337201
AAATTTGCGGGTGTGG-1,0.000038,0.029749,0.504979,0.081468,0.018573,0.365194
AACAACTGGTAGTTGC-1,0.000058,0.000058,0.7291,0.100221,0.000058,0.170506
AACAATACATTGTCGA-1,0.000045,0.035586,0.161352,0.441073,0.01233,0.349614
AACAATTACTCTACGC-1,0.000074,0.034098,0.498619,0.000148,0.035476,0.431585
AACACACGCTCGCCGC-1,0.000058,0.000058,0.612709,0.06026,0.051682,0.275232
AACACGACTGTACTGA-1,0.000112,0.260474,0.000446,0.000223,0.000112,0.738634
AACACGAGACGCGGCC-1,0.000045,0.000045,0.417054,0.125901,0.103994,0.352961
AACACGCGGCCGCGAA-1,0.000051,0.000051,0.454413,0.21503,0.013242,0.317212
AACAGCTGTGTGGCAA-1,0.006341,0.046565,0.359168,0.383993,0.015479,0.188453
AACAGGAAATCGAATA-1,0.000106,0.039718,0.274818,0.007766,0.017687,0.659906
AACAGGATGGGCCGCG-1,0.000065,0.014128,0.282194,0.00013,0.207006,0.496477
AACAGGTAGTATGGAT-1,0.000051,0.000051,0.398264,0.114602,0.000051,0.486981
AACATAGCGTGTATCG-1,0.00003,0.177343,0.352177,0.054098,0.015477,0.400875
AACATATCAACTGGTG-1,0.000045,0.000045,0.687639,0.180145,0.006898,0.12523
AACATCGATACGTCTA-1,0.000034,0.064369,0.362012,0.328816,0.000034,0.244736
AACATTGAAGTTGATC-1,0.00005,0.12137,0.000198,0.026624,0.690844,0.160915
AACATTGGTCAGCCGT-1,0.000036,0.037232,0.518763,0.113007,0.000036,0.330925
AACATTGTGACTCGAG-1,0.00006,0.00006,0.2703,0.144898,0.025636,0.559045
AACCAAGACTTCTCTG-1,0.000059,0.056473,0.383756,0.157707,0.053917,0.348087
AACCAGTATCACTCTT-1,0.000039,0.036088,0.066298,0.795959,0.000039,0.101578
AACCATAGGGTTGAAC-1,0.000628,0.627875,0.000116,0.000058,0.371264,0.000058
AACCATGGGATCGCTA-1,0.000053,0.047721,0.404775,0.076572,0.000053,0.470826
AACCCAGAGACGGAGA-1,0.000089,0.068323,0.248965,0.041508,0.245569,0.395545
AACCCATCCCATGATC-1,0.00005,0.0205,0.116154,0.269429,0.593766,0.000101
AACCCGACAACCCGTG-1,0.000047,0.063403,0.033929,0.43637,0.062312,0.40394
AACCCGAGCAGAATCG-1,0.000037,0.031154,0.447734,0.489317,0.000037,0.031722
AACCCGCTGTATTCCA-1,0.000014,0.096443,0.144306,0.759196,0.000014,0.000027
AACCCTACTGTCAATA-1,0.000126,0.015827,0.000506,0.000253,0.000126,0.983161
AACCCTGGTGGAACCA-1,0.000094,0.06111,0.389392,0.22448,0.045821,0.279103
AACCGAGCTTGGTCAT-1,0.000039,0.000039,0.776702,0.046291,0.000039,0.176888
AACCGCTAAGGGATGC-1,0.000089,0.173495,0.501202,0.000179,0.000089,0.324945
AACCGTTGTGTTTGCT-1,0.000101,0.000101,0.15079,0.079344,0.308297,0.461366
AACCTCGCTTTAGCCC-1,0.000146,0.000146,0.000583,0.058947,0.000146,0.940033
AACCTGTCACGGAATT-1,0.000078,0.000078,0.265448,0.283051,0.000078,0.451267
AACCTTTAAATACGGT-1,0.000026,0.000026,0.927752,0.032818,0.000026,0.039352
AACCTTTACGACGTCT-1,0.000107,0.000107,0.408447,0.169353,0.000107,0.421879
AACGAAAGTCGTCCCA-1,0.000041,0.304734,0.000163,0.000081,0.6949,0.000081
AACGACCTCCTAGCCG-1,0.000013,0.000038,0.181538,0.779731,0.000013,0.038668
AACGATAATGCCGTAG-1,0.000046,0.000046,0.67363,0.034884,0.000046,0.291348
AACGATAGAAGGGCCG-1,0.000035,0.000035,0.920312,0.048415,0.000035,0.031169
AACGATATGTCAACTG-1,0.000067,0.000067,0.249489,0.000134,0.021907,0.728337
AACGCATGATCTGGGT-1,0.000049,0.000049,0.508177,0.389348,0.000049,0.102329
AACGCGAACGGCAACA-1,0.00012,0.030945,0.379471,0.090338,0.00012,0.499006
AACGCGACCTTGGGCG-1,0.00003,0.081629,0.555791,0.286468,0.00003,0.076051
AACGCGGTCTCCAGCC-1,0.000036,0.000036,0.918659,0.035681,0.007272,0.038316
AACGCTGTTGCTGAAA-1,0.002479,0.118789,0.588278,0.000287,0.025863,0.264304
AACGGACGTACGTATA-1,0.000031,0.000031,0.697039,0.007576,0.071851,0.223471
AACGGCCATCTCCGGT-1,0.000026,0.000026,0.601095,0.091566,0.103668,0.20362
AACGTACTGTGGGTAC-1,0.002946,0.000041,0.401588,0.014151,0.159102,0.422171
AACGTAGTCTACCCAT-1,0.00008,0.149745,0.17448,0.204324,0.00008,0.471292
AACGTCAGACTAGTGG-1,0.000025,0.000025,0.967082,0.032793,0.000025,0.00005
AACGTCATCCGGCTTG-1,0.000029,0.13976,0.002537,0.857588,0.000029,0.000057
AACGTCGCTGCACTTC-1,0.000072,0.000072,0.000286,0.055996,0.110125,0.833449
AACGTGATGAAGGACA-1,0.000165,0.000165,0.000661,0.000331,0.079767,0.91891
AACGTGCGAAAGTCTC-1,0.000026,0.000026,0.724251,0.234736,0.000026,0.040934
AACGTTATCAGCACCT-1,0.000107,0.000107,0.246568,0.193072,0.040236,0.519909
AACGTTCTACCATTGT-1,0.000027,0.011048,0.313836,0.548339,0.000027,0.126722
AACTACCCGTTTGTCA-1,0.000084,0.000084,0.39695,0.129466,0.000084,0.473332
AACTAGCGTATCGCAC-1,0.000157,0.054733,0.102293,0.225811,0.000157,0.616848
AACTAGGCTTGGGTGT-1,0.000038,0.000038,0.863967,0.000605,0.060804,0.074548
AACTCAAGTTAATTGC-1,0.000026,0.000026,0.638966,0.043091,0.012859,0.305031
AACTCCAGAGCGTGTT-1,0.000099,0.044939,0.385115,0.13006,0.000099,0.439689
AACTCCTAATCCCATG-1,0.000034,0.000034,0.409659,0.51022,0.000034,0.080019
AACTCGATAAACACGT-1,0.000017,0.000017,0.850564,0.147726,0.000017,0.00166
AACTCGATGGCGCAGT-1,0.000035,0.000035,0.922554,0.024828,0.000035,0.052514
AACTCTCAATAGAGCG-1,0.000141,0.000141,0.000562,0.000281,0.000141,0.998735
AACTCTCAGTGTGCTC-1,0.000066,0.000066,0.2068,0.04296,0.092944,0.657165
AACTGAGGTCAGCGTC-1,0.000047,0.000047,0.457594,0.453286,0.000047,0.088981
AACTGAGTTATACTGA-1,0.000017,0.054874,0.395779,0.518658,0.000017,0.030654
AACTGATATTAGGCCT-1,0.000064,0.000064,0.432102,0.030077,0.000064,0.537629
AACTGGGTCCCGACGT-1,0.008522,0.000044,0.614294,0.101826,0.000044,0.275269
AACTGGGTTCGAGCCG-1,0.000062,0.000062,0.000246,0.137004,0.018886,0.843741
AACTGGTGTGGGCCTT-1,0.000028,0.005149,0.466206,0.341208,0.000028,0.187381
AACTTCTGCGTCTATC-1,0.000022,0.002268,0.730583,0.267061,0.000022,0.000044
AACTTGCCCGTATGCA-1,0.000098,0.000098,0.63088,0.110674,0.043624,0.214627
AACTTGCGTTCTCGCG-1,0.000092,0.020225,0.5106,0.200068,0.000092,0.268923
AACTTTACGGGAGCTT-1,0.003501,0.022071,0.464502,0.294872,0.000039,0.215015
AACTTTAGCTGCTGAG-1,0.000128,0.092924,0.05192,0.131125,0.114177,0.609728
AACTTTCTCGATCATG-1,0.000024,0.073963,0.093284,0.721052,0.000024,0.111652
AAGAAAGTTTGATGGG-1,0.000025,0.552558,0.0001,0.00005,0.447218,0.00005
AAGAAATCACCAGATT-1,0.000023,0.137066,0.053485,0.517229,0.000023,0.292175
AAGAAGGATCAGTTAG-1,0.000117,0.000117,0.524559,0.028728,0.000117,0.446361
AAGACATACGTGGTTT-1,0.000052,0.000052,0.023106,0.623877,0.000052,0.352862
AAGACCAAATAACTCA-1,0.000047,0.505917,0.00019,0.14226,0.322473,0.029114
AAGACCCAACTGAACA-1,0.000035,0.000035,0.360238,0.107433,0.126695,0.405565
AAGACTAACCCGTTGT-1,0.000058,0.000058,0.566639,0.073615,0.000058,0.359571
AAGACTCACGCCCACT-1,0.000011,0.000011,0.347639,0.43523,0.097668,0.119441
AAGACTGCAAGCTACT-1,0.000033,0.000033,0.777886,0.126062,0.000033,0.095954
AAGAGATGAATCGGTA-1,0.000036,0.000036,0.817585,0.000072,0.182199,0.000072
AAGAGCTCTTTATCGG-1,0.002976,0.000068,0.586456,0.017898,0.000068,0.392533
AAGAGGATGTACGCGA-1,0.000049,0.039823,0.536113,0.000099,0.106599,0.317316
AAGAGGCATGGATCGC-1,0.000112,0.000112,0.000446,0.000223,0.000112,0.998996
AAGAGGCCCTTTGGAA-1,0.000038,0.020919,0.228457,0.689587,0.000038,0.060961
AAGATGGCACCGGACC-1,0.000045,0.024998,0.207011,0.237808,0.074139,0.456
AAGATTGGCGGAACGT-1,0.000118,0.000118,0.00047,0.000235,0.012707,0.986352
AAGCACCCTGCGTATC-1,0.000061,0.000061,0.716807,0.139847,0.000061,0.143163
AAGCATACTCTCCTGA-1,0.000023,0.000023,0.804212,0.087542,0.053344,0.054855
AAGCCACTTGCAGGTA-1,0.000037,0.08781,0.00015,0.67116,0.000037,0.240806
AAGCCGAAGCGGTTTA-1,0.000062,0.000062,0.595164,0.036839,0.0087,0.359172
AAGCCGCCGTGAAATC-1,0.000032,0.009733,0.171866,0.631368,0.180603,0.006398
AAGCCGCTTTACCTTG-1,0.000012,0.057343,0.720922,0.212209,0.009491,0.000023
AAGCCGGAGAGCAGGA-1,0.000032,0.045318,0.361855,0.433281,0.123412,0.036103
AAGCGCAGGGCTTTGA-1,0.000085,0.000085,0.339921,0.209333,0.000085,0.450492
AAGCGGAGTGCGCGCA-1,0.000006,0.105911,0.275105,0.618958,0.000006,0.000013
AAGCGGCGTCATGGGT-1,0.000054,0.000054,0.159666,0.42361,0.014786,0.401829
AAGCGTCCCTCATCGA-1,0.000028,0.000028,0.901229,0.070025,0.028633,0.000057
AAGCTAGATCGAGTAA-1,0.000028,0.000028,0.641475,0.020296,0.018754,0.319418
AAGCTATGGATTGACC-1,0.000059,0.466359,0.093618,0.000117,0.43973,0.000117
AAGCTCGTGCCAAGTC-1,0.000042,0.000042,0.734414,0.157474,0.000042,0.107986
AAGCTCTTTCATGGTG-1,0.000113,0.000113,0.183332,0.189622,0.000113,0.626708
AAGGAGAACTTATAAG-1,0.000162,0.130983,0.067386,0.455453,0.000162,0.345854
AAGGAGCGGTTGGTGC-1,0.000023,0.010081,0.969309,0.003289,0.000023,0.017274
AAGGATCGATCGCTTG-1,0.000029,0.000029,0.908616,0.089887,0.000029,0.001409
AAGGATGAGGGACCTC-1,0.000154,0.000154,0.000617,0.000309,0.000154,0.998611
AAGGCAGGCTGTCTCC-1,0.000035,0.050485,0.58258,0.366797,0.000035,0.000069
AAGGCGCGTAAAGCTT-1,0.000034,0.000034,0.858553,0.048689,0.003081,0.08961
AAGGCTGTGCTCATCG-1,0.003517,0.029032,0.252068,0.064721,0.000042,0.650619
AAGGGAACGACTGGCT-1,0.000071,0.200743,0.000285,0.000143,0.60968,0.189078
AAGGGACAGATTCTGT-1,0.000082,0.000082,0.512216,0.005785,0.000082,0.481753
AAGGGACTATGCATTC-1,0.000076,0.139022,0.000303,0.090561,0.305049,0.464989
AAGGGTTAGCCATGCG-1,0.000044,0.000044,0.051409,0.44413,0.069767,0.434605
AAGGGTTTGATTTCAG-1,0.000038,0.709317,0.000151,0.000076,0.290343,0.000076
AAGGTATCCTAATATA-1,0.000106,0.000106,0.508875,0.021569,0.155886,0.313458
AAGGTGATAAACCAGC-1,0.000166,0.082154,0.24804,0.000332,0.000166,0.669142
AAGTAAGCTTCCAAAC-1,0.000069,0.000077,0.000275,0.000137,0.077264,0.922178
AAGTAGAAGACCGGGT-1,0.000038,0.000038,0.873191,0.019904,0.044117,0.062712
AAGTAGTGACGCGAGG-1,0.002258,0.000049,0.656657,0.000098,0.043788,0.297151
AAGTCAATTGTCGTCA-1,0.000115,0.000115,0.084487,0.00023,0.000115,0.914938
AAGTCTAGTAGCTGCC-1,0.000477,0.13873,0.130329,0.706827,0.00959,0.014046
AAGTCTTCTGTGGCCT-1,0.000075,0.066296,0.002206,0.122694,0.567531,0.241198
AAGTGACGACCGAATT-1,0.000015,0.005602,0.891963,0.073023,0.015242,0.014155
AAGTGAGTCGGGTTTA-1,0.000035,0.006489,0.60988,0.314979,0.009898,0.05872
AAGTGCAAAGGTAGAC-1,0.00004,0.00004,0.582121,0.197638,0.00004,0.220121
AAGTGCCTTGACTGTA-1,0.000048,0.000048,0.800521,0.138276,0.003248,0.057859
AAGTGCGTTAGAATCT-1,0.00002,0.0001,0.659275,0.256706,0.054441,0.029458
AAGTGCTTCTCTATTG-1,0.000038,0.014968,0.013223,0.502291,0.127309,0.342171
AAGTGTTTGGAGACGG-1,0.000038,0.000038,0.646252,0.202525,0.000038,0.151109
AAGTTCACTCCAAGCT-1,0.000127,0.03385,0.000507,0.02642,0.000127,0.938968
AAGTTCAGTCTGCGTA-1,0.000034,0.000034,0.763484,0.172223,0.000034,0.064191
AAGTTCGGCCAACAGG-1,0.000028,0.072369,0.465627,0.233043,0.000028,0.228904
AAGTTGTGATGTTATA-1,0.000156,0.000156,0.000626,0.000313,0.000156,0.998592
AAGTTTACTAATGGCA-1,0.000114,0.000114,0.387258,0.188471,0.016354,0.40769
AAGTTTATGGGCCCAA-1,0.000072,0.003486,0.314288,0.169465,0.003457,0.509231
AATAACAACGCTCGGC-1,0.000054,0.000054,0.43986,0.021174,0.122206,0.416651
AATAACACTAGAACAA-1,0.000024,0.018644,0.561362,0.246653,0.020229,0.153088
AATAACGTCGCGCCCA-1,0.000013,0.000542,0.310821,0.688585,0.000013,0.000026
AATAATCTTCGTATCG-1,0.000078,0.107585,0.161469,0.406875,0.000078,0.323915
AATACAATGTTTCAGG-1,0.00014,0.00014,0.469684,0.003652,0.057056,0.469326
AATACCGGAGGGCTGT-1,0.001181,0.021402,0.02795,0.611491,0.000641,0.337335
AATACCTGATGTGAAC-1,0.000076,0.071361,0.231333,0.245216,0.000076,0.451938
AATAGAACAGAGTGGC-1,0.000029,0.03944,0.683431,0.115213,0.03573,0.126156
AATAGAATCTGTTTCA-1,0.000147,0.000147,0.000588,0.000294,0.000147,0.998678
AATAGCAAGCCTCCTG-1,0.000531,0.000029,0.281296,0.650302,0.000029,0.067812
AATAGCTACCGCGTGC-1,0.000028,0.024065,0.360644,0.583779,0.000028,0.031456
AATAGGCACGACCCTT-1,0.000012,0.467773,0.027467,0.484303,0.000012,0.020435
AATAGTCCGTCCCGAC-1,0.000025,0.000025,0.923353,0.00557,0.000025,0.071001
AATAGTCGCGAGTCGG-1,0.000049,0.022832,0.440787,0.353816,0.072135,0.110381
AATATCAAGGTCGGAT-1,0.00003,0.00003,0.95568,0.044168,0.00003,0.000061
AATATCCTAGCAAACT-1,0.000044,0.684385,0.000178,0.000089,0.144878,0.170426
AATATCGAATCAATGC-1,0.002915,0.000064,0.575701,0.115789,0.000064,0.305468
AATATCGAGGGTTCTC-1,0.000068,0.000068,0.479633,0.154745,0.000068,0.365417
AATATTGGAGTATTGA-1,0.001238,0.000084,0.392211,0.000168,0.086427,0.519872
AATCAGACTGCAGGAC-1,0.000051,0.000051,0.736261,0.053064,0.000051,0.210522
AATCAGGTTTCATTTA-1,0.000036,0.044533,0.181885,0.606882,0.052973,0.113691
AATCATGTAAAGACTC-1,0.00227,0.000126,0.433073,0.117382,0.056418,0.390731
AATCCAAGGGCCTGAG-1,0.000039,0.000863,0.56675,0.411474,0.000039,0.020834
AATCCATGCAAGGGTG-1,0.000087,0.000087,0.625146,0.12936,0.000087,0.245233
AATCCCGCTCAGAGCC-1,0.000013,0.14868,0.067478,0.783791,0.000013,0.000025
AATCGAGGTCTCAAGG-1,0.000025,0.045886,0.455218,0.133278,0.064338,0.301255
AATCGCCTCAGCGCCA-1,0.000044,0.000044,0.644178,0.115026,0.000044,0.240664
AATCGCGCAGAGGACT-1,0.000045,0.000045,0.564395,0.07195,0.000045,0.36352
AATCGGGACACTACGA-1,0.000121,0.000121,0.000485,0.000242,0.000121,0.998909
AATCGGTATAGCCCTC-1,0.00013,0.072495,0.00052,0.054573,0.00013,0.872152
AATCGTGAGCCGAGCA-1,0.000133,0.062046,0.000532,0.000266,0.109149,0.827875
AATCTAGGTTTACTTG-1,0.000394,0.258999,0.15752,0.344929,0.097831,0.140328
AATCTATGCCGGAGCC-1,0.011751,0.000065,0.376717,0.264193,0.001632,0.345643
AATCTCTACTGTGGTT-1,0.000046,0.01344,0.490534,0.175615,0.074409,0.245957
AATCTGCGTTGGGACG-1,0.000116,0.001652,0.000462,0.000231,0.224305,0.773234
AATCTGGCTTTCTAGT-1,0.003469,0.141307,0.339369,0.259511,0.255497,0.000847
AATCTGGGTAGACCCT-1,0.000024,0.000024,0.47425,0.489139,0.005344,0.031219
AATGACAGCAATGTCT-1,0.000042,0.000042,0.557168,0.193804,0.01801,0.230934
AATGACGTAGGATGTC-1,0.005021,0.000035,0.854555,0.054082,0.000035,0.086273
AATGACTGTCAGCCGG-1,0.00005,0.00005,0.485837,0.000101,0.094377,0.419584
AATGAGTTCGCATATG-1,0.000077,0.027482,0.512183,0.153369,0.000077,0.306811
AATGATGATACGCTAT-1,0.001764,0.000066,0.626745,0.161446,0.000066,0.209912
AATGATGCGACTCCTG-1,0.000088,0.000088,0.439429,0.061242,0.000088,0.499065
AATGCAACCGGGTACC-1,0.000061,0.000061,0.559402,0.076581,0.000061,0.363834
AATGCACCAAGCAATG-1,0.000029,0.000029,0.272422,0.61026,0.000029,0.117231
AATGGTCCACCGTTCA-1,0.000093,0.144825,0.30268,0.048594,0.000093,0.503715
AATGGTTCTCACAAGC-1,0.000032,0.000032,0.966874,0.000064,0.027838,0.00516
AATGTATGGCACTGTA-1,0.000065,0.379555,0.000259,0.000129,0.619863,0.000129
AATGTGCCCGAGGTGT-1,0.000083,0.073553,0.121645,0.011684,0.256744,0.536291
AATGTGCTAATCTGAG-1,0.000022,0.089936,0.315292,0.55704,0.01749,0.02022
AATGTTAAGACCCTGA-1,0.000051,0.097505,0.260571,0.137023,0.011792,0.493057
AATGTTGTCGTGAGAC-1,0.000059,0.364518,0.000238,0.000119,0.000059,0.635006
AATTAAAGGTCGGCGT-1,0.000879,0.000027,0.769669,0.101974,0.016604,0.110847
AATTAACGGATTTCCA-1,0.000083,0.000083,0.371462,0.187958,0.000083,0.44033
AATTACGAGACCCATC-1,0.00004,0.721584,0.000158,0.000079,0.27806,0.000079
AATTACTCGTACGCTC-1,0.000148,0.000148,0.368594,0.074377,0.019457,0.537277
AATTAGCGCTGCAGCG-1,0.000042,0.000042,0.556264,0.054534,0.031356,0.357762
AATTATACCCAGCAAG-1,0.000054,0.193044,0.274356,0.235062,0.000054,0.297429
AATTCATAAGGGATCT-1,0.000078,0.000078,0.54365,0.044735,0.004532,0.406927
AATTCATTGTCATGCA-1,0.000062,0.573079,0.000248,0.002913,0.340294,0.083405
AATTCCAACTTGGTGA-1,0.000031,0.005688,0.585868,0.087306,0.000031,0.321076
AATTCCAAGCATGTAC-1,0.00004,0.047477,0.627827,0.219431,0.057553,0.047671
AATTCGATTCGAGGAT-1,0.00021,0.029686,0.235864,0.000421,0.00021,0.733608
AATTCTAGAGTTAGGC-1,0.00007,0.00007,0.47997,0.102227,0.00007,0.417592
AATTGAACGCTCTGGT-1,0.000102,0.000103,0.00041,0.000205,0.000103,0.999077
AATTGCAGCAATCGAC-1,0.000255,0.081252,0.001019,0.028495,0.000255,0.888726
AATTGCGTGGATTACA-1,0.000031,0.797765,0.000122,0.000061,0.201959,0.000061
AATTGTGGTTGCCAAA-1,0.000015,0.000015,0.585852,0.413992,0.000015,0.00011
AATTTGGGACATAGTA-1,0.000049,0.08501,0.252304,0.447274,0.016092,0.19927
AATTTGGTTCCAAAGA-1,0.000131,0.000131,0.163684,0.080378,0.000131,0.755546
ACAAACCATGCGTCCT-1,0.000058,0.152322,0.00023,0.089486,0.752986,0.004917
ACAAACTCCATCAGAG-1,0.000025,0.000025,0.083882,0.817699,0.043273,0.055097
ACAAAGAAGGTAGGCC-1,0.000031,0.327211,0.033735,0.282609,0.340531,0.015884
ACAAAGCATGACCTAG-1,0.000057,0.08688,0.428943,0.090164,0.000057,0.393898
ACAAATCGCACCGAAT-1,0.000086,0.000086,0.216815,0.064032,0.037487,0.681494
ACAAATGGTAGTGTTT-1,0.000153,0.000153,0.000612,0.000306,0.000153,0.998622
ACAAATTCAGATCTGA-1,0.000027,0.000027,0.390279,0.521943,0.025621,0.062103
ACAACAGCATGAGCTA-1,0.000041,0.000041,0.706893,0.056414,0.000041,0.236569
ACAACGGTCCCTGCGA-1,0.000063,0.035712,0.685973,0.159264,0.000063,0.118926
ACAAGCAGTGCCTAGC-1,0.000044,0.012498,0.641564,0.010314,0.148109,0.187471
ACAAGCTATATGGAAG-1,0.00007,0.00007,0.08886,0.100004,0.077418,0.733578
ACAAGGAAATCCGCCC-1,0.000043,0.033518,0.224665,0.020844,0.000043,0.720887
ACAAGGACAAGAGGTT-1,0.000069,0.000069,0.436684,0.03837,0.061145,0.463663
ACAAGGATGCTTTAGG-1,0.000115,0.079725,0.178637,0.06514,0.048311,0.628072
ACAAGGCCTACCAGCC-1,0.00001,0.012213,0.452611,0.535137,0.00001,0.000019
ACAAGGGCAGGCTCTG-1,0.000034,0.000034,0.794314,0.062571,0.000034,0.143013
ACAAGTAATTGTAAGG-1,0.000061,0.242343,0.000243,0.066226,0.539826,0.151299
ACAATAGTCGTACGTT-1,0.000043,0.023542,0.660438,0.048824,0.101301,0.165851
ACAATCCATTTAAACC-1,0.000052,0.000052,0.568884,0.007815,0.026143,0.397054
ACAATCGATCTTTATA-1,0.000105,0.27444,0.162942,0.429952,0.058317,0.074244
ACAATGAATACGGAGA-1,0.000035,0.017845,0.367061,0.215994,0.218145,0.18092
ACAATGATTCTTCTAC-1,0.000021,0.000021,0.354695,0.474621,0.055629,0.115014
ACAATTGTGTCTCTTT-1,0.000179,0.06589,0.206738,0.113063,0.000179,0.613951
ACAATTTAGGAGGCTC-1,0.000029,0.000029,0.908274,0.017144,0.000029,0.074495
ACAATTTGAGCAGTGG-1,0.000116,0.000116,0.078776,0.000232,0.311223,0.609537
ACAATTTGGCCATATT-1,0.000042,0.000042,0.19164,0.586108,0.000042,0.222126
ACACAAAGACGGGTGG-1,0.000118,0.26139,0.188543,0.000236,0.000118,0.549595
ACACAAATATTCCTAG-1,0.000011,0.225447,0.565963,0.208547,0.000011,0.000021
ACACACCAGGACCAGT-1,0.000124,0.000124,0.000495,0.000248,0.119232,0.879777
ACACACTTTCTACACG-1,0.000066,0.000066,0.529017,0.256011,0.000066,0.214774
ACACATGATCAAATCT-1,0.000094,0.104186,0.000377,0.07968,0.7523,0.063363
ACACATTGACGCAACA-1,0.000078,0.000078,0.523034,0.165276,0.000078,0.311457
ACACATTTCCGTAGAC-1,0.000071,0.000071,0.137369,0.566846,0.00907,0.286573
ACACCACATAATTAGC-1,0.000031,0.031764,0.260047,0.638174,0.000031,0.069954
ACACCCAGCATGCAGC-1,0.000048,0.029931,0.564613,0.071564,0.035081,0.298764
ACACCCGAGAAATCCG-1,0.000027,0.070724,0.635269,0.135759,0.000027,0.158194
ACACCGAGCGCTCTTT-1,0.00002,0.00002,0.891588,0.000039,0.089806,0.018528
ACACCGGTCTGACCGC-1,0.000049,0.181779,0.011016,0.000098,0.80696,0.000098
ACACCTTAAGTAGGGC-1,0.000035,0.000035,0.8451,0.074889,0.010003,0.069938
ACACCTTACTACTTGC-1,0.000073,0.000073,0.351898,0.166033,0.000073,0.481851
ACACGAGACTCCTTCT-1,0.000069,0.000069,0.544372,0.059977,0.000069,0.395442
ACACGGCACTATGCAT-1,0.000044,0.009034,0.689799,0.020839,0.099688,0.180596
ACACGGGAACTTAGGG-1,0.000055,0.000055,0.431405,0.028014,0.000055,0.540415
ACACGTAGGCCACAAG-1,0.000063,0.000063,0.435969,0.372163,0.000063,0.191679
ACACTCCAATGTCACT-1,0.000096,0.014817,0.47612,0.258621,0.000096,0.25025
ACACTGATCAAGGTGT-1,0.000867,0.00972,0.555547,0.033093,0.007649,0.393125
ACACTGGGACAGTCGT-1,0.000046,0.090359,0.040648,0.658128,0.000046,0.210773
ACAGAACTGAGAACAA-1,0.00005,0.00005,0.120479,0.000101,0.383063,0.496256
ACAGATTAGGTTAGTG-1,0.000225,0.000225,0.0009,0.156475,0.000225,0.84195
ACAGCATAGAGCCAGT-1,0.000089,0.000089,0.45735,0.204554,0.000089,0.33783
ACAGCGACATTCTCAT-1,0.000261,0.175242,0.416301,0.000523,0.000261,0.407413
ACAGCGCACCCGCAGC-1,0.003697,0.147478,0.240739,0.000387,0.079091,0.528608
ACAGGAGGCGCAGCCG-1,0.00004,0.00004,0.451739,0.147997,0.00004,0.400146
ACAGGCACGGATCCTT-1,0.000057,0.121428,0.473347,0.135205,0.000057,0.269906
ACAGGCTTGCCCGACT-1,0.000082,0.083882,0.000327,0.000164,0.0429,0.872645
ACAGGTGGAGGTGAGG-1,0.00003,0.00003,0.664266,0.045806,0.067621,0.222247
ACAGGTGTGTTGTTGC-1,0.000022,0.076275,0.156226,0.556164,0.04254,0.168772
ACAGTAATACAACTTG-1,0.000024,0.029422,0.565635,0.067323,0.313303,0.024294
ACAGTATACCGTGGGA-1,0.000025,0.035704,0.350633,0.478556,0.000025,0.135056
ACATAAGTCGTGGTGA-1,0.000045,0.525671,0.00018,0.00009,0.432469,0.041544
ACATAATAAGGCGGTG-1,0.000078,0.000078,0.444726,0.000156,0.000078,0.554884
ACATACAATCAAGCGG-1,0.001067,0.06799,0.481653,0.175274,0.038613,0.235404
ACATCAGCTGGGACGC-1,0.000068,0.075812,0.450667,0.013794,0.08073,0.378929
ACATCCCGGCCATACG-1,0.000068,0.000068,0.268439,0.087723,0.049643,0.594059
ACATCCTGGTAACTGT-1,0.000095,0.000095,0.347449,0.058281,0.025286,0.568794
ACATCGATCGTTTACC-1,0.000034,0.000034,0.950219,0.000067,0.000034,0.049613
ACATCGCAATATTCGG-1,0.000034,0.029466,0.011982,0.672253,0.18067,0.105595
ACATCGGTCAGCCGCG-1,0.00005,0.00005,0.62899,0.006362,0.073238,0.29131
ACATCGTATGCAATGG-1,0.000075,0.000075,0.404763,0.035726,0.010059,0.549303
ACATCGTTAACCTAGT-1,0.003098,0.000081,0.618034,0.052503,0.063595,0.262689
ACATCTCAACGCGTAA-1,0.000022,0.028971,0.4957,0.151863,0.15921,0.164234
ACATGCTTACGGCAGC-1,0.000037,0.335183,0.000147,0.000073,0.664486,0.000073
ACATGGCGCCAAAGTA-1,0.000075,0.000075,0.332587,0.070623,0.082268,0.514373
ACATGGCTCAATTTAG-1,0.000079,0.000079,0.508675,0.059267,0.000079,0.43182
ACATTAGTTTATATCC-1,0.000078,0.000078,0.498284,0.033684,0.016288,0.451588
ACATTCGCGCGGAATA-1,0.000035,0.334516,0.011308,0.388852,0.020916,0.244373
ACATTTGAAACCTAAC-1,0.000031,0.054777,0.515451,0.166513,0.04892,0.214308
ACCAAACACCCAGCGA-1,0.000022,0.063689,0.358284,0.539835,0.000022,0.03815
ACCAAACTAGAAATCC-1,0.00002,0.04347,0.535126,0.132258,0.10449,0.184636
ACCAACACCACACACT-1,0.000027,0.068545,0.309446,0.312883,0.000027,0.309072
ACCAACCGCACTCCAC-1,0.000138,0.378795,0.140064,0.15337,0.000138,0.327497
ACCAACGCTTATTTAT-1,0.000035,0.000035,0.704604,0.25174,0.020985,0.022602
ACCAAGAACGCGTGTC-1,0.000058,0.022991,0.697308,0.099686,0.000058,0.1799
ACCAAGTCATCGGCAG-1,0.000087,0.000087,0.000349,0.000175,0.286729,0.712573
ACCAATATGCAAGTTA-1,0.00004,0.00004,0.583197,0.279759,0.00004,0.136926
ACCACAACTCAGAACA-1,0.000139,0.196975,0.000554,0.105486,0.000211,0.696634
ACCACAAGTTTCTATC-1,0.000056,0.000056,0.409696,0.000131,0.000056,0.590004
ACCACACGGTTGATGG-1,0.000019,0.039977,0.437631,0.088929,0.056829,0.376616
ACCACCAATGTAACAA-1,0.000072,0.000072,0.438293,0.077363,0.000072,0.484129
ACCACCCTCTCTTCTA-1,0.000019,0.025255,0.205436,0.761741,0.007513,0.000037
ACCACGTGCAGCTATA-1,0.000044,0.008067,0.502742,0.105966,0.000044,0.383137
ACCACTGTTCAAGAAG-1,0.000092,0.048557,0.405267,0.127958,0.000092,0.418033
ACCAGACCATAACAAC-1,0.000021,0.142717,0.394199,0.314895,0.058095,0.090073
ACCAGCCCGGTCTTTG-1,0.000019,0.028215,0.452697,0.166066,0.198043,0.154961
ACCAGGAGTGTGATCT-1,0.000358,0.205134,0.001432,0.484033,0.000358,0.308685
ACCAGTGCCCGGTCAA-1,0.006114,0.000051,0.438337,0.470759,0.000051,0.084688
ACCAGTGCGGGAGACG-1,0.000094,0.018878,0.480618,0.000188,0.016088,0.484135
ACCATATCCGCAATAA-1,0.000022,0.000105,0.72833,0.059808,0.000022,0.211713
ACCATCCGCCAACTAG-1,0.000047,0.027204,0.121639,0.000094,0.803461,0.047555
ACCATCGTATATGGTA-1,0.000047,0.000047,0.741665,0.000093,0.178211,0.079938
ACCATTAAGGGTGTCA-1,0.000043,0.000591,0.719693,0.057053,0.064355,0.158266
ACCCAACGCCCGTGGC-1,0.000118,0.24938,0.197968,0.000236,0.000118,0.55218
ACCCACCTACATGCTC-1,0.000105,0.000105,0.227554,0.000209,0.03054,0.741488
ACCCATCTTGAGGGTA-1,0.000069,0.016183,0.521269,0.000137,0.074351,0.387991
ACCCATTTGTCCCTCT-1,0.000164,0.084903,0.12031,0.054297,0.020949,0.719377
ACCCGAGCGAAATTAC-1,0.000053,0.054098,0.095922,0.250356,0.063806,0.535765
ACCCGATTGGTTCCGA-1,0.000021,0.000021,0.331995,0.608562,0.035836,0.023566
ACCCGGAAACTCCCAG-1,0.000042,0.000042,0.605526,0.204545,0.017328,0.172517
ACCCGGAGCACCACAA-1,0.000032,0.063824,0.104336,0.768513,0.000032,0.063264
ACCCGGATGACGCATC-1,0.00004,0.00004,0.791587,0.114979,0.00004,0.093315
ACCCGGTTACACTTCC-1,0.000067,0.000067,0.565655,0.056671,0.079991,0.29755
ACCCGTAGCAGAGAAT-1,0.000037,0.121442,0.039421,0.335708,0.503318,0.000074
ACCCGTAGTCTAGTTG-1,0.000018,0.030563,0.210065,0.714348,0.000018,0.044988
ACCCGTGTCATCAGTA-1,0.000037,0.020684,0.652562,0.096248,0.090235,0.140233
ACCCTATAGGACTGAG-1,0.000031,0.000031,0.881256,0.076342,0.000031,0.04231
ACCCTATGCCATATCG-1,0.000021,0.047005,0.714682,0.238228,0.000021,0.000042
ACCCTCCCGTCAGGGC-1,0.000095,0.373958,0.371624,0.061542,0.000095,0.192686
ACCCTCCCTTGCTATT-1,0.004103,0.00008,0.102951,0.117125,0.00008,0.775661
ACCCTGGTAACGCCCT-1,0.000081,0.000081,0.309996,0.323056,0.000081,0.366706
ACCCTTCATCTGCGAA-1,0.000111,0.000111,0.301265,0.224542,0.000111,0.473862
ACCCTTGCCTGGGTCG-1,0.000009,0.202763,0.314399,0.480434,0.000009,0.002386
ACCCTTTAGTTCTCCA-1,0.000068,0.042993,0.479173,0.133057,0.110462,0.234246
ACCGAAAGGGCCCTGC-1,0.000023,0.000023,0.860423,0.138471,0.000023,0.001036
ACCGAAGAGTCTGGTT-1,0.000077,0.097243,0.000307,0.100516,0.779986,0.021871
ACCGACACATCTCCCA-1,0.00007,0.00007,0.485239,0.200819,0.00007,0.313732
ACCGACTGAGTCCCAC-1,0.000086,0.000086,0.557819,0.000171,0.000086,0.441752
ACCGAGTCTCCTTATT-1,0.000055,0.415654,0.000218,0.000109,0.000055,0.583909
ACCGATAGGCATAACC-1,0.00008,0.00008,0.109562,0.430888,0.00008,0.459309
ACCGATATTTAATCAT-1,0.000033,0.042026,0.325545,0.632298,0.000033,0.000065
ACCGATGGTAGCATCG-1,0.000095,0.038002,0.00038,0.00019,0.067292,0.894041
ACCGCAATAACTGCCT-1,0.000034,0.000034,0.681099,0.135961,0.005275,0.177595
ACCGCGGTGGAAGTCG-1,0.000076,0.000076,0.137261,0.000152,0.003881,0.858555
ACCGCTAGTCATTGGT-1,0.000056,0.165603,0.000226,0.53012,0.000056,0.303938
ACCGGGCCTTTGTTGA-1,0.000115,0.000115,0.000458,0.000229,0.000115,0.998969
ACCGGTCAGGTACACC-1,0.00009,0.230218,0.000358,0.000179,0.560498,0.208657
ACCGGTCTGAGTACGG-1,0.000032,0.000032,0.472519,0.468174,0.000032,0.05921
ACCGTCCACTGGGCCC-1,0.000049,0.220639,0.000196,0.241169,0.536025,0.001922
ACCGTGACCACGTGGG-1,0.001481,0.070506,0.421285,0.345437,0.000031,0.16126
ACCGTTCCCGCTCTGA-1,0.000049,0.024281,0.526263,0.128886,0.095391,0.22513
ACCTAAGTACCTTTCA-1,0.000035,0.067066,0.51879,0.080142,0.016923,0.317043
ACCTAATCGACTTCCT-1,0.000023,0.073933,0.771046,0.116186,0.000023,0.038789
ACCTACAGTATGTGGT-1,0.00004,0.00004,0.828354,0.105216,0.00004,0.066311
ACCTACTATAAATCTA-1,0.00005,0.00005,0.138648,0.492998,0.060951,0.307304
ACCTCAGCGAGGCGCA-1,0.00004,0.125215,0.419631,0.248351,0.008519,0.198244
ACCTCCGCCCTCGCTG-1,0.000057,0.000057,0.510712,0.236529,0.000057,0.252589
ACCTCCGTTATTCACC-1,0.000082,0.000082,0.48171,0.111738,0.000082,0.406306
ACCTCGAACTTATGCT-1,0.00008,0.205715,0.00032,0.228481,0.565244,0.00016
ACCTGCGTGTCATGTT-1,0.000037,0.034872,0.449387,0.291025,0.095382,0.129298
ACGAAATGGGCGGCAC-1,0.000036,0.000036,0.645037,0.187073,0.009556,0.158264
ACGACCCATGAGTTGC-1,0.000028,0.19073,0.035468,0.497676,0.000028,0.276069
ACGACTCTAGGGCCGA-1,0.000041,0.113291,0.500681,0.085195,0.008199,0.292594
ACGACTGGTCATACTC-1,0.000024,0.012977,0.306063,0.630288,0.043131,0.007517
ACGAGAACCCATCACG-1,0.004536,0.000037,0.697704,0.168012,0.000037,0.129674
ACGAGATATTTGCTTA-1,0.000208,0.046317,0.090219,0.000415,0.12075,0.742091
ACGAGGATACCACTCT-1,0.0001,0.054338,0.023997,0.0002,0.614073,0.307293
ACGAGGTTTACAACGT-1,0.000018,0.329927,0.197469,0.256986,0.215562,0.000037
ACGAGTACGGATGCCC-1,0.0001,0.0001,0.255523,0.000201,0.101122,0.642954
ACGAGTCGCCGGCGTT-1,0.000028,0.005487,0.533231,0.105654,0.000028,0.355571
ACGATACATAGAACTA-1,0.000123,0.004385,0.491292,0.090279,0.049996,0.363925
ACGATACCTATCCTGA-1,0.000026,0.002007,0.431376,0.188734,0.047173,0.330684
ACGATCATACATAGAG-1,0.000036,0.000036,0.977314,0.000072,0.000036,0.022506
ACGATCATCTTGTAAA-1,0.00242,0.000218,0.522599,0.287597,0.000058,0.187107
ACGATGCATATGTTAT-1,0.000043,0.000043,0.645252,0.000087,0.222963,0.131611
ACGATGGATCCGATGC-1,0.000214,0.032523,0.460122,0.000429,0.000214,0.506497
ACGCAAACTAATAGAT-1,0.000034,0.045344,0.432574,0.233024,0.048653,0.240372
ACGCAATCACTACAGC-1,0.000057,0.000057,0.603614,0.240163,0.000057,0.156051
ACGCATAAATGACATG-1,0.000031,0.000031,0.212188,0.571193,0.010338,0.206219
ACGCATACGTTTACTA-1,0.00013,0.00013,0.10643,0.00026,0.001549,0.8915
ACGCATTCGTGAGTAC-1,0.000049,0.000049,0.959993,0.000097,0.000049,0.039764
ACGCCACTCGAAACAG-1,0.000059,0.358227,0.000237,0.380263,0.000059,0.261154
ACGCCAGATGATTTCT-1,0.000187,0.023906,0.000748,0.000374,0.000187,0.974597
ACGCCAGTGCGTTTGC-1,0.000055,0.043903,0.518311,0.118592,0.030582,0.288557
ACGCCGCTAGACGACC-1,0.000046,0.000046,0.561718,0.056008,0.100369,0.281811
ACGCCTGACACGCGCT-1,0.000037,0.006231,0.474549,0.026907,0.007489,0.484786
ACGCGAAGTCAGACGA-1,0.00002,0.00002,0.931809,0.00004,0.00002,0.068091
ACGCGCTACACAGGGT-1,0.000046,0.016798,0.274798,0.000092,0.279787,0.428478
ACGCGGGCCAAGGACA-1,0.000019,0.000019,0.962851,0.037052,0.000019,0.000038
ACGCGTTTCTTAAGAG-1,0.000064,0.000064,0.204991,0.023958,0.064546,0.706378
ACGCTACTGAATGGGC-1,0.000043,0.117742,0.000363,0.632465,0.000043,0.249343
ACGCTAGTGATACACT-1,0.000034,0.000034,0.867824,0.100149,0.000034,0.031924
ACGCTGTGAGGCGTAG-1,0.00003,0.060461,0.695417,0.207716,0.00003,0.036346
ACGCTTAGTGTCTCTC-1,0.000051,0.099414,0.39461,0.151614,0.184601,0.169711
ACGGAACACGAGTGCC-1,0.000043,0.044372,0.515437,0.198938,0.077416,0.163794
ACGGAATTTAGCAAAT-1,0.000137,0.094782,0.039804,0.000274,0.000137,0.864867
ACGGACGCAGCGACAA-1,0.000017,0.608473,0.00007,0.000035,0.387277,0.004128
ACGGACTCTCAAAGCG-1,0.000045,0.000045,0.717546,0.160634,0.012406,0.109323
ACGGAGCGCAAATTAC-1,0.000064,0.000064,0.308755,0.233464,0.07689,0.380763
ACGGATGGTGCGGATA-1,0.000036,0.000036,0.66841,0.186937,0.003006,0.141576
ACGGCACTTGCTTGGG-1,0.000066,0.000066,0.357172,0.09421,0.037606,0.510879
ACGGCCAACATGGACT-1,0.000026,0.000026,0.640789,0.112921,0.008444,0.237794
ACGGCGACGATGGGAA-1,0.000034,0.000034,0.703252,0.127328,0.000034,0.169319
ACGGCGGGTTGCCCTG-1,0.000019,0.000019,0.983446,0.01646,0.000019,0.000038
ACGGCTGGATGTAGAA-1,0.000057,0.225214,0.000227,0.000114,0.774275,0.000114
ACGGGAGTGTCGGCCC-1,0.00006,0.046157,0.275539,0.000121,0.13479,0.543333
ACGGGCGTATGCGACA-1,0.000032,0.093503,0.474822,0.376852,0.000032,0.05476
ACGGGTCATGTGACTT-1,0.000083,0.000083,0.462516,0.136928,0.000083,0.400306
ACGGGTTGTGACCTGT-1,0.001692,0.612033,0.000196,0.000098,0.385883,0.000098
ACGGTACAGTTCAATG-1,0.002741,0.194532,0.253275,0.335861,0.000109,0.213482
ACGGTCACCGAGAACA-1,0.000031,0.58118,0.000124,0.000062,0.418541,0.000062
ACGTACAGATTTCTCT-1,0.000167,0.000167,0.332768,0.066664,0.000167,0.600068
ACGTACTTTGGCACGG-1,0.000026,0.125094,0.31468,0.541079,0.000026,0.019094
ACGTAGATTGCTGATG-1,0.000026,0.000026,0.941235,0.000053,0.000311,0.058348
ACGTAGGAGAGTCGCT-1,0.000027,0.032495,0.103493,0.776016,0.000027,0.087942
ACGTATTACTCCGATC-1,0.000159,0.000159,0.000636,0.000318,0.000159,0.998569
ACGTCCTAAACGAGAT-1,0.000012,0.033988,0.527632,0.154609,0.091619,0.19214
ACGTCGGGCAACTCGG-1,0.000032,0.502313,0.010869,0.046455,0.440268,0.000063
ACGTCTCGTTCCGGGA-1,0.000027,0.136475,0.378901,0.201243,0.18232,0.101033
ACGTGACAAAGTAAGT-1,0.000023,0.477734,0.000091,0.286679,0.235428,0.000046
ACGTGCGCCTCGTGCA-1,0.000054,0.000054,0.731567,0.038482,0.000054,0.229789
ACGTGGTCGAATGTGC-1,0.000032,0.032363,0.572204,0.057593,0.24577,0.092037
ACGTTAATGTCGAAGA-1,0.000064,0.000064,0.59142,0.011807,0.022478,0.374165
ACGTTAGATTTGCCCG-1,0.000022,0.01759,0.935465,0.003204,0.003387,0.040332
ACGTTATTGGTCACTC-1,0.000239,0.013567,0.748656,0.181815,0.000034,0.055688
ACGTTCACTATGCCGC-1,0.000301,0.437011,0.049628,0.453967,0.041292,0.017801
ACGTTCCGCGCTCCGT-1,0.00004,0.00004,0.717444,0.201285,0.00004,0.081151
ACGTTCGCAATCAATT-1,0.000054,0.000054,0.501662,0.29256,0.000054,0.205616
ACGTTCGTTCAGGAAA-1,0.000023,0.015662,0.743408,0.138945,0.093665,0.008298
ACGTTCTGTACAAGTC-1,0.000122,0.301989,0.347553,0.031336,0.000122,0.318878
ACGTTGTCGTTGAAAG-1,0.000453,0.209191,0.055665,0.73094,0.000013,0.003738
ACGTTTAGTTGTGATC-1,0.00626,0.000232,0.000928,0.000464,0.079145,0.912971
ACGTTTCGGTGCACTT-1,0.000018,0.055055,0.566792,0.365937,0.000018,0.01218
ACTAAGGACGCACACC-1,0.000014,0.104061,0.151089,0.621919,0.000014,0.122903
ACTAATACGTCAGGCG-1,0.000032,0.000032,0.513846,0.420741,0.000032,0.065316
ACTACAAAGAGAGGTG-1,0.000042,0.000042,0.018064,0.577484,0.000042,0.404327
ACTACATCCCGACAAG-1,0.000046,0.304345,0.002614,0.129156,0.551175,0.012664
ACTACCAGCTCTCTGG-1,0.00004,0.00004,0.831364,0.11117,0.003478,0.053908
ACTACCATCCGAGGGC-1,0.000008,0.383503,0.076982,0.539482,0.000008,0.000016
ACTACGCGTTAGAATT-1,0.000044,0.015721,0.645725,0.012632,0.016492,0.309386
ACTAGTTGCGATCGTC-1,0.000055,0.021969,0.542704,0.245009,0.000055,0.190209
ACTATATGCTGTGTTC-1,0.000044,0.038008,0.134198,0.636968,0.000044,0.190739
ACTATCCAGGGCATGG-1,0.000072,0.000072,0.615684,0.12254,0.000072,0.261559
ACTATCGCCGGCTAAA-1,0.00004,0.00004,0.53537,0.08114,0.000476,0.382935
ACTATCTGCCCGCGTA-1,0.000073,0.000073,0.435255,0.249289,0.000073,0.315238
ACTATGTCCAGCTGCC-1,0.000042,0.305931,0.032283,0.104135,0.557524,0.000084
ACTATTCGTCCGTGGT-1,0.000262,0.000262,0.059546,0.137506,0.000262,0.802162
ACTATTTCCGGGCCCA-1,0.002232,0.014197,0.561556,0.276273,0.000035,0.145707
ACTCAACGAATGTATT-1,0.000054,0.000054,0.549578,0.220415,0.000054,0.229845
ACTCAAGTGCAAGGCT-1,0.000143,0.000143,0.000573,0.000286,0.055329,0.943525
ACTCAATAAAGGCACG-1,0.000041,0.000041,0.803005,0.040684,0.000041,0.156188
ACTCAGACCTGCTTCT-1,0.000032,0.000032,0.988118,0.011719,0.000032,0.000065
ACTCATGGCAGCCTTC-1,0.000058,0.618354,0.000231,0.000116,0.374906,0.006335
ACTCCAATATCATCAT-1,0.000061,0.056876,0.175513,0.444477,0.077087,0.245985
ACTCCCATTCCTAAAG-1,0.000036,0.000036,0.58462,0.181282,0.091088,0.142937
ACTCCCGAATTCGTTT-1,0.000109,0.000109,0.401721,0.06512,0.000109,0.532833
ACTCCCGTAGACTAGG-1,0.000031,0.000031,0.262723,0.574216,0.000031,0.162967
ACTCCCTAATGCTAAA-1,0.000033,0.000033,0.931527,0.007668,0.000033,0.060704
ACTCCCTAGAATAGTA-1,0.00005,0.006117,0.288365,0.000101,0.139117,0.566249
ACTCCGGCCGACCACT-1,0.000054,0.144738,0.417081,0.076166,0.009103,0.352857
ACTCGATGTATTTCAT-1,0.000045,0.000045,0.615023,0.37131,0.000045,0.013532
ACTCGCCGTTCGATAA-1,0.000038,0.202585,0.115629,0.506703,0.000038,0.175008
ACTCGCGATCTGACGC-1,0.000038,0.000038,0.229863,0.50166,0.000038,0.268363
ACTCGTAACCCGTCCT-1,0.000027,0.023625,0.662412,0.195551,0.074091,0.044293
ACTCGTCAGTAATCCC-1,0.000043,0.000043,0.728215,0.082188,0.000043,0.189467
ACTCTAAACCTGGGAT-1,0.000051,0.000051,0.188059,0.113784,0.102004,0.596051
