Barcode,Topic 1,Topic 2to4,Topic 5to7,Topic 8to9
AAACAACGAATAGTTC-1,0.000079,0.147261,0.128158,0.724502
AAACAAGTATCTCCCA-1,0.000043,0.551959,0.447444,0.000553
AAACAATCTACTAGCA-1,0.000127,0.432353,0.063767,0.503753
AAACACCAATAACTGC-1,0.000039,0.956471,0.031916,0.011574
AAACAGAGCGACTCCT-1,0.000022,0.008889,0.707791,0.283298
AAACAGCTTTCAGAAG-1,0.000047,0.09999,0.670601,0.229363
AAACAGGGTCTATATT-1,0.000032,0.115894,0.65656,0.227514
AAACAGTGTTCCTGGG-1,0.000029,0.955861,0.000088,0.044021
AAACATGGTGAGAGGA-1,0.000035,0.999788,0.000106,0.000071
AAACATTTCCCGGATT-1,0.000049,0.908153,0.000148,0.09165
AAACCACTACACAGAT-1,0.000041,0.7681,0.119884,0.111976
AAACCCGAACGAAATC-1,0.000032,0.965838,0.000164,0.033966
AAACCGGAAATGTTAA-1,0.000042,0.933781,0.066094,0.000083
AAACCGGGTAGGTACC-1,0.000044,0.000132,0.94255,0.057274
AAACCGTTCGTCCAGG-1,0.000111,0.000334,0.700223,0.299332
AAACCTAAGCAGCCGG-1,0.000053,0.421751,0.15342,0.424776
AAACCTCATGAAGTTG-1,0.000043,0.000128,0.999745,0.000085
AAACGAAGAACATACC-1,0.000072,0.038853,0.293653,0.667421
AAACGAAGATGGAGTA-1,0.000042,0.996574,0.0033,0.000084
AAACGACAGTCTTGCC-1,0.000037,0.436913,0.549991,0.013059
AAACGAGACGGTTGAT-1,0.000111,0.082848,0.650183,0.266858
AAACGCCCGAGATCGG-1,0.000037,0.374194,0.513025,0.112743
AAACGCTGGGCACGAC-1,0.000043,0.98891,0.00013,0.010917
AAACGGGCGTACGGGT-1,0.000055,0.824958,0.080349,0.094638
AAACGGGTTGGTATCC-1,0.000068,0.023555,0.518042,0.458334
AAACGGTTGCGAACTG-1,0.000035,0.019697,0.836432,0.143837
AAACGTGTTCGCCCTA-1,0.000048,0.944274,0.028992,0.026686
AAACTAACGTGGCGAC-1,0.00012,0.658334,0.000361,0.341185
AAACTCGGTTCGCAAT-1,0.000131,0.103846,0.552048,0.343975
AAACTCGTGATATAAG-1,0.000031,0.914349,0.036114,0.049505
AAACTGCTGGCTCCAA-1,0.000153,0.059353,0.619895,0.320598
AAACTTAATTGCACGC-1,0.000053,0.979392,0.000158,0.020397
AAACTTGCAAACGTAT-1,0.000124,0.000371,0.679691,0.319814
AAAGAATGACCTTAGA-1,0.000047,0.965783,0.019247,0.014923
AAAGAATGTGGACTAA-1,0.000045,0.922845,0.000134,0.076975
AAAGACATGAAGTTTA-1,0.000051,0.030348,0.737251,0.23235
AAAGACCCAAGTCGCG-1,0.000166,0.06847,0.514718,0.416646
AAAGACTGGGCGCTTT-1,0.000109,0.000326,0.680689,0.318876
AAAGCTTGCCTACATA-1,0.00003,0.931454,0.016479,0.052037
AAAGGCCCTATAATAC-1,0.000055,0.895984,0.000165,0.103797
AAAGGCTACGGACCAT-1,0.000113,0.00034,0.642961,0.356586
AAAGGCTCTCGCGCCG-1,0.000289,0.000866,0.321667,0.677178
AAAGGGATGTAGCAAG-1,0.000067,0.160724,0.517795,0.321414
AAAGGGCAGCTTGAAT-1,0.000065,0.072803,0.660468,0.266664
AAAGGTAAGCTGTACC-1,0.000113,0.328947,0.119128,0.551812
AAAGGTCAACGACATG-1,0.000064,0.538041,0.141167,0.320728
AAAGTAGCATTGCTCA-1,0.000107,0.00032,0.988282,0.01129
AAAGTCACTGATGTAA-1,0.000184,0.000552,0.342211,0.657052
AAAGTCGACCCTCAGT-1,0.000046,0.031385,0.961542,0.007026
AAAGTGCCATCAATTA-1,0.000038,0.99977,0.000115,0.000077
AAAGTGTGATTTATCT-1,0.000076,0.097599,0.451613,0.450712
AAAGTTGACTCCCGTA-1,0.000082,0.278784,0.339025,0.38211
AAATAACCATACGGGA-1,0.000042,0.100855,0.668223,0.230881
AAATAAGGTAGTGCCC-1,0.000043,0.792095,0.00013,0.207732
AAATACCTATAAGCAT-1,0.000104,0.000311,0.647885,0.351699
AAATAGCTTAGACTTT-1,0.000072,0.770422,0.058588,0.170918
AAATAGGGTGCTATTG-1,0.000122,0.000365,0.605321,0.394192
AAATCACTCCTAAACG-1,0.000044,0.838186,0.0149,0.14687
AAATCCGATACACGCC-1,0.000037,0.547389,0.30464,0.147934
AAATCGCGGAAGGAGT-1,0.000076,0.966483,0.000228,0.033213
AAATCGTGTACCACAA-1,0.000071,0.000212,0.809658,0.190059
AAATCTAGCCCTGCTA-1,0.000042,0.934584,0.029145,0.036229
AAATCTGCCCGCGTCC-1,0.000044,0.974934,0.016112,0.00891
AAATGACTGATCAAAC-1,0.000023,0.94068,0.051702,0.007595
AAATGATTCGATCAGC-1,0.000062,0.621182,0.000187,0.378569
AAATGCTCGTTACGTT-1,0.000076,0.00023,0.817885,0.181809
AAATGGCATGTCTTGT-1,0.000066,0.087786,0.6951,0.217048
AAATGGCCCGTGCCCT-1,0.000079,0.128143,0.661293,0.210485
AAATGGTCAATGTGCC-1,0.000071,0.000214,0.595272,0.404442
AAATGTATCTTATCCC-1,0.000075,0.08147,0.787275,0.131181
AAATGTGGGTGCTCCT-1,0.000026,0.000088,0.792928,0.206958
AAATTAACGGGTAGCT-1,0.000085,0.027212,0.429251,0.543452
AAATTAATAAGCGCGA-1,0.000052,0.047816,0.816633,0.135498
AAATTACACGACTCTG-1,0.000042,0.055661,0.614385,0.329912
AAATTACCTATCGATG-1,0.000073,0.077016,0.570515,0.352396
AAATTCCAGGTCCAAA-1,0.000037,0.792734,0.037276,0.169953
AAATTGATAGTCCTTT-1,0.000179,0.071872,0.31895,0.608999
AAATTGCGGCGGTTCT-1,0.000075,0.000226,0.507854,0.491845
AAATTGGTGAGAAGCA-1,0.000109,0.859234,0.000328,0.140328
AAATTTACCGAAATCC-1,0.00005,0.024094,0.760229,0.215627
AAATTTGCGGGTGTGG-1,0.000117,0.000351,0.460664,0.538868
AACAACTGGTAGTTGC-1,0.000149,0.067249,0.163127,0.769475
AACAATACATTGTCGA-1,0.000095,0.042541,0.429139,0.528226
AACAATTACTCTACGC-1,0.000136,0.000409,0.398039,0.601416
AACACACGCTCGCCGC-1,0.000063,0.079961,0.298064,0.621911
AACACGACTGTACTGA-1,0.000092,0.022195,0.103145,0.874568
AACACGAGACGCGGCC-1,0.00017,0.064019,0.506454,0.429357
AACACGCGGCCGCGAA-1,0.00008,0.149401,0.158315,0.692204
AACAGCTGTGTGGCAA-1,0.000196,0.183913,0.181503,0.634389
AACAGGAAATCGAATA-1,0.000044,0.007202,0.776694,0.21606
AACAGGATGGGCCGCG-1,0.000154,0.080159,0.460329,0.459358
AACAGGTAGTATGGAT-1,0.000033,0.769554,0.20238,0.028032
AACATAGCGTGTATCG-1,0.000041,0.952238,0.043446,0.004274
AACATATCAACTGGTG-1,0.000051,0.193391,0.432598,0.37396
AACATCGATACGTCTA-1,0.000062,0.79058,0.000185,0.209173
AACATTGAAGTTGATC-1,0.000055,0.979258,0.020576,0.000111
AACATTGGTCAGCCGT-1,0.000102,0.045223,0.307753,0.646922
AACATTGTGACTCGAG-1,0.000122,0.030445,0.570329,0.399105
AACCAAGACTTCTCTG-1,0.00006,0.000179,0.97785,0.021912
AACCAGTATCACTCTT-1,0.000054,0.118405,0.735993,0.145549
AACCATAGGGTTGAAC-1,0.000082,0.934404,0.06535,0.000164
AACCATGGGATCGCTA-1,0.000109,0.062304,0.778227,0.15936
AACCCAGAGACGGAGA-1,0.000245,0.117486,0.241309,0.640959
AACCCATCCCATGATC-1,0.000052,0.947007,0.052836,0.000105
AACCCGACAACCCGTG-1,0.000052,0.384814,0.200537,0.414597
AACCCGAGCAGAATCG-1,0.000031,0.999813,0.000094,0.000062
AACCCGATAGGGCTTC-1,0.000057,0.941205,0.000171,0.058567
AACCCGCTGTATTCCA-1,0.000051,0.867185,0.093241,0.039522
AACCCTACTGTCAATA-1,0.000082,0.159776,0.530879,0.309263
AACCCTGGTGGAACCA-1,0.000081,0.015063,0.370459,0.614397
AACCGAGCTTGGTCAT-1,0.000054,0.000162,0.582951,0.416833
AACCGCTAAGGGATGC-1,0.000032,0.019458,0.785261,0.195249
AACCGTTGTGTTTGCT-1,0.000083,0.00025,0.820016,0.17965
AACCTAAAGCCGTCCG-1,0.00002,0.040576,0.950782,0.008622
AACCTCGCTTTAGCCC-1,0.000047,0.062291,0.759299,0.178363
AACCTGTCACGGAATT-1,0.000039,0.882363,0.089067,0.028531
AACCTTTAAATACGGT-1,0.000211,0.000634,0.540203,0.458952
AACCTTTACGACGTCT-1,0.000019,0.000056,0.998851,0.001075
AACGAAAGTCGTCCCA-1,0.000027,0.938009,0.061574,0.000389
AACGACCTCCTAGCCG-1,0.000038,0.999769,0.000115,0.000077
AACGATAATGCCGTAG-1,0.000086,0.000259,0.782035,0.21762
AACGATAGAAGGGCCG-1,0.00007,0.008626,0.446819,0.544486
AACGATATGTCAACTG-1,0.000095,0.000285,0.497003,0.502617
AACGCATGATCTGGGT-1,0.000095,0.353147,0.209111,0.437647
AACGCGAACGGCAACA-1,0.000082,0.000247,0.528858,0.470813
AACGCGACCTTGGGCG-1,0.000052,0.049322,0.806456,0.14417
AACGCGGTCTCCAGCC-1,0.000043,0.004463,0.843752,0.151742
AACGCTGTTGCTGAAA-1,0.000092,0.542076,0.289114,0.168718
AACGGACGTACGTATA-1,0.000051,0.17203,0.569597,0.258322
AACGGCCATCTCCGGT-1,0.00009,0.048466,0.533952,0.417492
AACGTACTGTGGGTAC-1,0.000084,0.000254,0.713029,0.286633
AACGTAGTCTACCCAT-1,0.000035,0.161408,0.342148,0.496409
AACGTCAGACTAGTGG-1,0.000239,0.000719,0.345512,0.65353
AACGTCATCCGGCTTG-1,0.000026,0.980055,0.016371,0.003548
AACGTCGCTGCACTTC-1,0.000046,0.946405,0.023093,0.030457
AACGTGATGAAGGACA-1,0.000037,0.018921,0.886288,0.094755
AACGTGCGAAAGTCTC-1,0.000068,0.002568,0.766466,0.230898
AACGTTATCAGCACCT-1,0.000076,0.067762,0.646376,0.285786
AACGTTCTACCATTGT-1,0.000033,0.854264,0.000099,0.145604
AACTACCCGTTTGTCA-1,0.000043,0.915536,0.018309,0.066111
AACTAGCGTATCGCAC-1,0.000103,0.077257,0.006121,0.916519
AACTAGGCTTGGGTGT-1,0.000354,0.001062,0.509443,0.489141
AACTCAAGTTAATTGC-1,0.000162,0.000486,0.041405,0.957946
AACTCCAGAGCGTGTT-1,0.000082,0.762642,0.094164,0.143112
AACTCCTAATCCCATG-1,0.000061,0.186858,0.256224,0.556857
AACTCGATAAACACGT-1,0.000032,0.000095,0.715835,0.284038
AACTCGATGGCGCAGT-1,0.000044,0.000131,0.934051,0.065775
AACTCTCAATAGAGCG-1,0.000044,0.015291,0.983457,0.001208
AACTCTCAGTGTGCTC-1,0.000067,0.000201,0.999599,0.000134
AACTGAGGTCAGCGTC-1,0.000086,0.430082,0.328472,0.24136
AACTGAGTTATACTGA-1,0.000052,0.842522,0.157321,0.000105
AACTGATATTAGGCCT-1,0.000084,0.000254,0.446481,0.553181
AACTGGGTCCCGACGT-1,0.000072,0.000215,0.362936,0.636778
AACTGGGTTCGAGCCG-1,0.000178,0.000535,0.324595,0.674693
AACTGGTGTGGGCCTT-1,0.000153,0.000458,0.008551,0.990838
AACTTCTGCGTCTATC-1,0.000053,0.055668,0.819416,0.124864
AACTTGCCCGTATGCA-1,0.000144,0.000433,0.758738,0.240685
AACTTGCGTTCTCGCG-1,0.000092,0.000277,0.730136,0.269496
AACTTTACGGGAGCTT-1,0.00019,0.139895,0.358776,0.501139
AACTTTAGCTGCTGAG-1,0.000117,0.104028,0.000351,0.895505
AACTTTCTCGATCATG-1,0.000055,0.999671,0.000164,0.00011
AAGAAAGTTTGATGGG-1,0.000034,0.997373,0.002525,0.000068
AAGAAATCACCAGATT-1,0.00002,0.944242,0.054498,0.001241
AAGAAGGATCAGTTAG-1,0.000056,0.023601,0.768049,0.208293
AAGACATACGTGGTTT-1,0.000034,0.999796,0.000102,0.000068
AAGACCAAATAACTCA-1,0.000055,0.938964,0.000812,0.060169
AAGACCCAACTGAACA-1,0.00009,0.048981,0.401903,0.549026
AAGACTAACCCGTTGT-1,0.000034,0.101358,0.831539,0.067068
AAGACTCACGCCCACT-1,0.000018,0.000054,0.999891,0.000036
AAGACTGCAAGCTACT-1,0.000091,0.029521,0.850843,0.119545
AAGAGATGAATCGGTA-1,0.000106,0.048212,0.461219,0.490463
AAGAGCTCTTTATCGG-1,0.000035,0.000105,0.943861,0.055998
AAGAGGATGTACGCGA-1,0.000149,0.036035,0.653989,0.309827
AAGAGGCATGGATCGC-1,0.000099,0.000297,0.761287,0.238316
AAGAGGCCCTTTGGAA-1,0.00006,0.949627,0.050193,0.00012
AAGATGGCACCGGACC-1,0.000035,0.028363,0.876852,0.09475
AAGATTGGCGGAACGT-1,0.000033,0.000098,0.928538,0.071332
AAGCACCCTGCGTATC-1,0.000042,0.025744,0.896238,0.077976
AAGCATACTCTCCTGA-1,0.00006,0.09241,0.791305,0.116225
AAGCCACTTGCAGGTA-1,0.000056,0.959829,0.040003,0.000112
AAGCCGAAGCGGTTTA-1,0.000094,0.86445,0.000282,0.135173
AAGCCGCCGTGAAATC-1,0.000036,0.981122,0.006993,0.01185
AAGCCGCTTTACCTTG-1,0.000035,0.824707,0.158332,0.016927
AAGCCGGAGAGCAGGA-1,0.000029,0.974274,0.024723,0.000973
AAGCGCAGGGCTTTGA-1,0.000039,0.091738,0.765406,0.142817
AAGCGGAGTGCGCGCA-1,0.000061,0.903383,0.000185,0.096371
AAGCGGCGTCATGGGT-1,0.000056,0.013557,0.724365,0.262022
AAGCGTCCCTCATCGA-1,0.00008,0.091508,0.670928,0.237484
AAGCTAGATCGAGTAA-1,0.000035,0.000105,0.99979,0.00007
AAGCTATGGATTGACC-1,0.000025,0.999853,0.000074,0.000049
AAGCTCGTGCCAAGTC-1,0.000076,0.047024,0.307654,0.645246
AAGCTCTTTCATGGTG-1,0.000064,0.176911,0.397814,0.425211
AAGGAGAACTTATAAG-1,0.000067,0.000202,0.534161,0.46557
AAGGAGCGGTTGGTGC-1,0.00013,0.000391,0.268233,0.731245
AAGGATCGATCGCTTG-1,0.000037,0.972586,0.027301,0.000075
AAGGATGAGGGACCTC-1,0.000046,0.00014,0.88528,0.114534
AAGGCAGGCTGTCTCC-1,0.000034,0.996302,0.000101,0.003563
AAGGCGCGTAAAGCTT-1,0.000114,0.125001,0.000342,0.874543
AAGGCTGTGCTCATCG-1,0.000084,0.155684,0.163424,0.680807
AAGGGAACGACTGGCT-1,0.000053,0.890042,0.065542,0.044364
AAGGGACAGATTCTGT-1,0.000083,0.021058,0.771168,0.207691
AAGGGACTATGCATTC-1,0.000075,0.757516,0.068415,0.173993
AAGGGTTAGCCATGCG-1,0.000039,0.955445,0.000116,0.044401
AAGGGTTTGATTTCAG-1,0.000041,0.862192,0.137684,0.000083
AAGGTATCCTAATATA-1,0.000076,0.000227,0.60716,0.392537
AAGGTGATAAACCAGC-1,0.000034,0.035948,0.891864,0.072154
AAGTAAGCTTCCAAAC-1,0.000059,0.000178,0.000178,0.999584
AAGTAGAAGACCGGGT-1,0.000079,0.000236,0.406154,0.593531
AAGTAGTGACGCGAGG-1,0.000068,0.000204,0.577965,0.421763
AAGTCAATTGTCGTCA-1,0.000075,0.639402,0.107543,0.25298
AAGTCTAGTAGCTGCC-1,0.000042,0.877762,0.000126,0.12207
AAGTCTTCTGTGGCCT-1,0.000086,0.497098,0.022749,0.480067
AAGTGACGACCGAATT-1,0.00011,0.037289,0.610685,0.351915
AAGTGAGTCGGGTTTA-1,0.000067,0.034243,0.7147,0.25099
AAGTGCAAAGGTAGAC-1,0.000082,0.017826,0.870767,0.111326
AAGTGCCTTGACTGTA-1,0.000066,0.89429,0.09333,0.012315
AAGTGCGTTAGAATCT-1,0.000106,0.050185,0.669039,0.28067
AAGTGCTTCTCTATTG-1,0.000069,0.815569,0.066952,0.117409
AAGTGTTTGGAGACGG-1,0.000207,0.055486,0.258167,0.68614
AAGTTCACTCCAAGCT-1,0.000111,0.077313,0.771663,0.150913
AAGTTCAGTCTGCGTA-1,0.000041,0.355106,0.334285,0.310567
AAGTTCGGCCAACAGG-1,0.000085,0.053826,0.773876,0.172213
AAGTTGTGATGTTATA-1,0.000106,0.971312,0.000318,0.028265
AAGTTTACTAATGGCA-1,0.000088,0.000264,0.564667,0.434981
AAGTTTATGGGCCCAA-1,0.000117,0.06533,0.479384,0.45517
AATAACAACGCTCGGC-1,0.000071,0.000213,0.649662,0.350055
AATAACACTAGAACAA-1,0.000259,0.048611,0.389228,0.561902
AATAACGTCGCGCCCA-1,0.000013,0.783401,0.21656,0.000026
AATAAGTCCTCGAGAC-1,0.000042,0.008821,0.902623,0.088514
AATAATCTTCGTATCG-1,0.000043,0.999743,0.000129,0.000086
AATACAATGTTTCAGG-1,0.000096,0.006946,0.446523,0.546434
AATACCGGAGGGCTGT-1,0.000041,0.827402,0.016521,0.156035
AATACCTGATGTGAAC-1,0.000044,0.98455,0.000133,0.015272
AATAGAACAGAGTGGC-1,0.000053,0.00016,0.844662,0.155124
AATAGAATCTGTTTCA-1,0.000083,0.007499,0.789327,0.203092
AATAGCAAGCCTCCTG-1,0.000126,0.524806,0.154787,0.320281
AATAGCTACCGCGTGC-1,0.000046,0.772324,0.00014,0.227489
AATAGGCACGACCCTT-1,0.00003,0.952655,0.047257,0.000059
AATAGTCCGTCCCGAC-1,0.000162,0.011047,0.742376,0.246415
AATAGTCGCGAGTCGG-1,0.000116,0.147801,0.540245,0.311838
AATATCAAGGTCGGAT-1,0.000169,0.095817,0.405462,0.498552
AATATCCTAGCAAACT-1,0.000036,0.878737,0.022954,0.098273
AATATCGAATCAATGC-1,0.000059,0.95154,0.048284,0.000117
AATATCGAGGGTTCTC-1,0.00007,0.129672,0.689565,0.180692
AATATTGGAGTATTGA-1,0.000175,0.110202,0.568188,0.321435
AATCAGACTGCAGGAC-1,0.00009,0.000269,0.300801,0.69884
AATCAGGTTTCATTTA-1,0.000056,0.989259,0.000169,0.010516
AATCATGTAAAGACTC-1,0.000066,0.79052,0.055532,0.153882
AATCCAAGGGCCTGAG-1,0.00012,0.000361,0.000361,0.999159
AATCCATGCAAGGGTG-1,0.000054,0.000161,0.846774,0.153012
AATCCCGCTCAGAGCC-1,0.000039,0.905085,0.08343,0.011446
AATCGAGGTCTCAAGG-1,0.000033,0.969686,0.030214,0.000067
AATCGCCTCAGCGCCA-1,0.000146,0.02165,0.579939,0.398265
AATCGCGCAGAGGACT-1,0.000044,0.967325,0.010634,0.021996
AATCGGGACACTACGA-1,0.000084,0.000252,0.552272,0.447392
AATCGGTATAGCCCTC-1,0.000039,0.853906,0.000116,0.145939
AATCGTGAGCCGAGCA-1,0.000053,0.71481,0.086768,0.198369
AATCTAGGTTTACTTG-1,0.0001,0.516517,0.068174,0.415209
AATCTATGCCGGAGCC-1,0.000056,0.794376,0.048363,0.157205
AATCTCTACTGTGGTT-1,0.000181,0.135783,0.479565,0.38447
AATCTGCGTTGGGACG-1,0.000023,0.000068,0.999865,0.000045
AATCTGGCTTTCTAGT-1,0.000084,0.372651,0.174292,0.452973
AATCTGGGTAGACCCT-1,0.000091,0.23334,0.368227,0.398342
AATGACAGCAATGTCT-1,0.000134,0.019659,0.686164,0.294043
AATGACGTAGGATGTC-1,0.000179,0.000538,0.674124,0.325158
AATGACTGTCAGCCGG-1,0.000122,0.000365,0.077483,0.922031
AATGAGTTCGCATATG-1,0.000109,0.000328,0.702453,0.297109
AATGATGATACGCTAT-1,0.000032,0.056753,0.760221,0.182993
AATGATGCGACTCCTG-1,0.000132,0.337232,0.213407,0.449229
AATGCAACCGGGTACC-1,0.000058,0.064656,0.591398,0.343888
AATGCACCAAGCAATG-1,0.000128,0.000386,0.591134,0.408352
AATGGCCGCCAATGCG-1,0.000086,0.816071,0.000259,0.183584
AATGGTCCACCGTTCA-1,0.000165,0.000496,0.687611,0.311727
AATGGTTCTCACAAGC-1,0.000101,0.000304,0.258954,0.74064
AATGTATGGCACTGTA-1,0.000056,0.919714,0.075818,0.004411
AATGTGCCCGAGGTGT-1,0.000097,0.143403,0.674036,0.182464
AATGTGCTAATCTGAG-1,0.00006,0.908799,0.072143,0.018998
AATGTTAAGACCCTGA-1,0.000039,0.950133,0.034831,0.014997
AATGTTGTCGTGAGAC-1,0.000059,0.999644,0.000178,0.000119
AATTAAAGGTCGGCGT-1,0.000105,0.000315,0.242727,0.756853
AATTAACGGATTTCCA-1,0.000053,0.066032,0.796565,0.137349
AATTACGAGACCCATC-1,0.000041,0.985728,0.014148,0.000082
AATTACTCGTACGCTC-1,0.000097,0.04528,0.58499,0.369634
AATTAGCGCTGCAGCG-1,0.000117,0.065211,0.586361,0.348311
AATTATACCCAGCAAG-1,0.000051,0.950811,0.032227,0.016911
AATTCATAAGGGATCT-1,0.000027,0.013362,0.773422,0.213189
AATTCATTGTCATGCA-1,0.000047,0.999716,0.000142,0.000095
AATTCCAACTTGGTGA-1,0.000031,0.036937,0.692174,0.270858
AATTCCAAGCATGTAC-1,0.000093,0.031363,0.637431,0.331113
AATTCGATTCGAGGAT-1,0.000068,0.149714,0.335668,0.51455
AATTCTAGAGTTAGGC-1,0.000142,0.000427,0.805776,0.193655
AATTGAACGCTCTGGT-1,0.000142,0.04918,0.558534,0.392143
AATTGCAGCAATCGAC-1,0.000059,0.903904,0.006937,0.089099
AATTGCGTGGATTACA-1,0.00007,0.971084,0.028706,0.00014
AATTGTGGTTGCCAAA-1,0.000027,0.908134,0.00008,0.09176
AATTTGGGACATAGTA-1,0.000082,0.015768,0.85272,0.131429
AATTTGGTTCCAAAGA-1,0.000085,0.020006,0.467404,0.512505
ACAAACCATGCGTCCT-1,0.000039,0.947838,0.048942,0.00318
ACAAACCGACAAGGCG-1,0.000043,0.093701,0.650197,0.256059
ACAAACTCCATCAGAG-1,0.000031,0.96408,0.031925,0.003964
ACAAAGAAGGTAGGCC-1,0.00004,0.824294,0.033138,0.142528
ACAAAGCATGACCTAG-1,0.000035,0.907051,0.004595,0.088319
ACAAATCGCACCGAAT-1,0.000082,0.101259,0.745686,0.152974
ACAAATGGTAGTGTTT-1,0.000086,0.018178,0.733547,0.248189
ACAAATTCAGATCTGA-1,0.000055,0.485495,0.204273,0.310177
ACAACAGCATGAGCTA-1,0.000058,0.000175,0.760485,0.239282
ACAACGGTCCCTGCGA-1,0.000075,0.012739,0.546352,0.440833
ACAAGCAGTGCCTAGC-1,0.000067,0.000201,0.903634,0.096099
ACAAGCTATATGGAAG-1,0.00004,0.520882,0.271848,0.20723
ACAAGGAAATCCGCCC-1,0.000066,0.066727,0.748221,0.184986
ACAAGGACAAGAGGTT-1,0.000081,0.043992,0.000244,0.955683
ACAAGGATGCTTTAGG-1,0.000047,0.474229,0.357227,0.168497
ACAAGGCCTACCAGCC-1,0.000086,0.116657,0.441761,0.441496
ACAAGGGCAGGCTCTG-1,0.000082,0.000246,0.752619,0.247053
ACAAGTAATTGTAAGG-1,0.000053,0.960672,0.039168,0.000106
ACAATAGTCGTACGTT-1,0.000078,0.027648,0.954326,0.017948
ACAATCCATTTAAACC-1,0.00008,0.000241,0.704053,0.295625
ACAATCGATCTTTATA-1,0.000091,0.081235,0.522632,0.396041
ACAATGAATACGGAGA-1,0.00009,0.000269,0.706888,0.292754
ACAATGATTCTTCTAC-1,0.00006,0.756243,0.096418,0.147279
ACAATTGTGTCTCTTT-1,0.000095,0.429527,0.065434,0.504944
ACAATTTAGGAGGCTC-1,0.00019,0.047137,0.484617,0.468056
ACAATTTGAGCAGTGG-1,0.00011,0.02605,0.86207,0.111769
ACAATTTGGCCATATT-1,0.000058,0.972133,0.000174,0.027635
ACACAAAGACGGGTGG-1,0.000091,0.000273,0.834129,0.165507
ACACAAATATTCCTAG-1,0.000055,0.932465,0.000165,0.067314
ACACACCAGGACCAGT-1,0.000032,0.028837,0.889788,0.081343
ACACACTTTCTACACG-1,0.000081,0.013324,0.745629,0.240967
ACACATGATCAAATCT-1,0.000034,0.995229,0.004669,0.000068
ACACATTGACGCAACA-1,0.000074,0.000223,0.817847,0.181856
ACACATTTCCGTAGAC-1,0.000055,0.681623,0.279207,0.039115
ACACCACATAATTAGC-1,0.000048,0.959579,0.000144,0.040228
ACACCCAGCATGCAGC-1,0.000176,0.00053,0.472113,0.527181
ACACCCGAGAAATCCG-1,0.000131,0.015347,0.000393,0.984129
ACACCCGTAAATCTGT-1,0.000032,0.832654,0.097806,0.069508
ACACCGAGCGCTCTTT-1,0.000046,0.10705,0.770597,0.122306
ACACCGGTCTGACCGC-1,0.000065,0.967713,0.025944,0.006278
ACACCTTAAGTAGGGC-1,0.000158,0.090623,0.000473,0.908747
ACACCTTACTACTTGC-1,0.000057,0.907473,0.037849,0.054621
ACACGAGACTCCTTCT-1,0.000065,0.000196,0.906401,0.093338
ACACGGCACTATGCAT-1,0.00005,0.00015,0.902881,0.096919
ACACGGGAACTTAGGG-1,0.000087,0.021617,0.600207,0.378089
ACACGTAGGCCACAAG-1,0.000049,0.776161,0.216112,0.007678
ACACTCCAATGTCACT-1,0.000068,0.03582,0.855642,0.10847
ACACTGATCAAGGTGT-1,0.00013,0.000391,0.342393,0.657085
ACACTGGGACAGTCGT-1,0.000039,0.999765,0.000117,0.000078
ACAGAACTGAGAACAA-1,0.000128,0.112596,0.431794,0.455482
ACAGATTAGGTTAGTG-1,0.000112,0.000337,0.494563,0.504988
ACAGCATAGAGCCAGT-1,0.000088,0.000265,0.839201,0.160446
ACAGCGACATTCTCAT-1,0.000093,0.816987,0.000279,0.182642
ACAGCGCACCCGCAGC-1,0.000101,0.000302,0.746582,0.253016
ACAGGAGGCGCAGCCG-1,0.000037,0.021611,0.905226,0.073125
ACAGGCACGGATCCTT-1,0.000068,0.956941,0.000205,0.042785
ACAGGCTTGCCCGACT-1,0.000033,0.0001,0.905711,0.094157
ACAGGTGGAGGTGAGG-1,0.000139,0.000419,0.380724,0.618718
ACAGGTGTGTTGTTGC-1,0.000034,0.374063,0.603238,0.022666
ACAGTAATACAACTTG-1,0.000036,0.073159,0.864084,0.062722
ACAGTATACCGTGGGA-1,0.000038,0.755404,0.119718,0.124841
ACAGTGCAGCGCATTT-1,0.000096,0.599397,0.063986,0.336522
ACATAAGTCGTGGTGA-1,0.000044,0.944184,0.034452,0.02132
ACATAATAAGGCGGTG-1,0.000086,0.066431,0.178287,0.755196
ACATACAATCAAGCGG-1,0.000059,0.919165,0.060521,0.020255
ACATCAGCTGGGACGC-1,0.000102,0.034159,0.806244,0.159495
ACATCCCGGCCATACG-1,0.000062,0.019707,0.974159,0.006072
ACATCCTGGTAACTGT-1,0.000078,0.735243,0.000235,0.264443
ACATCGATCGTTTACC-1,0.000183,0.011473,0.626278,0.362066
ACATCGCAATATTCGG-1,0.000024,0.999856,0.000072,0.000048
ACATCGGTCAGCCGCG-1,0.000116,0.009698,0.418134,0.572052
ACATCGTATGCAATGG-1,0.000191,0.021284,0.603018,0.375507
ACATCGTTAACCTAGT-1,0.000081,0.000244,0.662302,0.337372
ACATCTCAACGCGTAA-1,0.000044,0.018043,0.519235,0.462678
ACATGCTTACGGCAGC-1,0.000059,0.952149,0.034076,0.013716
ACATGGCGCCAAAGTA-1,0.000102,0.494514,0.242037,0.263347
ACATGGCTCAATTTAG-1,0.000054,0.030016,0.940233,0.029697
ACATTAGTTTATATCC-1,0.000137,0.000412,0.762372,0.237079
ACATTCGCGCGGAATA-1,0.000044,0.94415,0.000131,0.055676
ACATTTGAAACCTAAC-1,0.000031,0.912981,0.000095,0.086893
ACCAAACACCCAGCGA-1,0.000029,0.741706,0.088787,0.169478
ACCAAACTAGAAATCC-1,0.00002,0.000061,0.918732,0.081187
ACCAACACCACACACT-1,0.000049,0.788198,0.046559,0.165195
ACCAACCGCACTCCAC-1,0.000048,0.904467,0.010454,0.085031
ACCAACGCTTATTTAT-1,0.000143,0.00043,0.653896,0.345531
ACCAAGAACGCGTGTC-1,0.000104,0.000312,0.102451,0.897133
ACCAAGTCATCGGCAG-1,0.000058,0.975622,0.008088,0.016232
ACCAATATGCAAGTTA-1,0.000182,0.049419,0.304399,0.646001
ACCACAACTCAGAACA-1,0.000039,0.060247,0.922976,0.016738
ACCACAAGTTTCTATC-1,0.000064,0.000193,0.622052,0.377691
ACCACACGGTTGATGG-1,0.000049,0.950052,0.046586,0.003313
ACCACCAATGTAACAA-1,0.000033,0.672383,0.273632,0.053952
ACCACCCTCTCTTCTA-1,0.000021,0.826666,0.173272,0.000041
ACCACGTGCAGCTATA-1,0.000083,0.029585,0.970166,0.000166
ACCACTGTTCAAGAAG-1,0.000062,0.023014,0.747555,0.22937
ACCAGACCATAACAAC-1,0.000028,0.150066,0.730365,0.119541
ACCAGCCCGGTCTTTG-1,0.000054,0.168207,0.546822,0.284917
ACCAGGAGTGTGATCT-1,0.000108,0.000324,0.360635,0.638934
ACCAGTGCCCGGTCAA-1,0.000136,0.11342,0.334438,0.552006
ACCAGTGCGGGAGACG-1,0.000048,0.124511,0.733697,0.141744
ACCATATCCGCAATAA-1,0.000042,0.000126,0.545581,0.454251
ACCATCCGCCAACTAG-1,0.000049,0.037215,0.962637,0.000099
ACCATCGTATATGGTA-1,0.000101,0.000304,0.075179,0.924416
ACCATTAAGGGTGTCA-1,0.000043,0.000129,0.97841,0.021418
ACCCAACGCCCGTGGC-1,0.000059,0.000178,0.691457,0.308306
ACCCACCTACATGCTC-1,0.000063,0.000188,0.703905,0.295845
ACCCATCTTGAGGGTA-1,0.000137,0.00041,0.067411,0.932043
ACCCATTTGTCCCTCT-1,0.000095,0.839187,0.000284,0.160434
ACCCGAGCGAAATTAC-1,0.000066,0.44039,0.250883,0.308661
ACCCGATTGGTTCCGA-1,0.000057,0.908956,0.031307,0.059679
ACCCGGAAACTCCCAG-1,0.000126,0.000379,0.439261,0.560235
ACCCGGAGCACCACAA-1,0.000039,0.940584,0.022531,0.036845
ACCCGGATGACGCATC-1,0.000057,0.370113,0.469837,0.159993
ACCCGGTTACACTTCC-1,0.000155,0.006435,0.398654,0.594756
ACCCGTAGCAGAGAAT-1,0.000059,0.949428,0.04586,0.004653
ACCCGTAGTCTAGTTG-1,0.000054,0.994216,0.000161,0.005568
ACCCGTGTCATCAGTA-1,0.000296,0.07701,0.449583,0.473111
ACCCTATAGGACTGAG-1,0.000099,0.020723,0.172242,0.806935
ACCCTATGCCATATCG-1,0.000158,0.009299,0.689337,0.301206
ACCCTCCCGTCAGGGC-1,0.000045,0.934423,0.020196,0.045335
ACCCTCCCTTGCTATT-1,0.000096,0.11725,0.768511,0.114143
ACCCTGGTAACGCCCT-1,0.000033,0.769442,0.060184,0.17034
ACCCTTCATCTGCGAA-1,0.000099,0.0133,0.56687,0.41973
ACCCTTGCCTGGGTCG-1,0.000062,0.950424,0.000187,0.049327
ACCCTTTAGTTCTCCA-1,0.000054,0.000163,0.979702,0.020081
ACCGAAAGGGCCCTGC-1,0.000091,0.010856,0.746732,0.242321
ACCGAAGAGTCTGGTT-1,0.000056,0.989505,0.010325,0.000113
ACCGACACATCTCCCA-1,0.000047,0.058134,0.927039,0.01478
ACCGACTGAGTCCCAC-1,0.000103,0.097991,0.493795,0.408111
ACCGAGTCTCCTTATT-1,0.000042,0.916605,0.064439,0.018914
ACCGATAGGCATAACC-1,0.000031,0.792579,0.097277,0.110113
ACCGATATTTAATCAT-1,0.00003,0.684079,0.311927,0.003964
ACCGATGGTAGCATCG-1,0.000055,0.034455,0.728411,0.23708
ACCGCAATAACTGCCT-1,0.00016,0.035556,0.532876,0.431408
ACCGCGGTGGAAGTCG-1,0.000069,0.964319,0.000209,0.035403
ACCGCTAGTCATTGGT-1,0.000051,0.933403,0.013649,0.052897
ACCGGGCCTTTGTTGA-1,0.000083,0.456734,0.116762,0.426422
ACCGGTCAGGTACACC-1,0.000045,0.96534,0.022457,0.012158
ACCGGTCTGAGTACGG-1,0.000075,0.08973,0.305098,0.605097
ACCGTCCACTGGGCCC-1,0.00003,0.932308,0.0617,0.005962
ACCGTGACCACGTGGG-1,0.000048,0.050251,0.504197,0.445504
ACCGTTCCCGCTCTGA-1,0.000062,0.000187,0.879934,0.119817
ACCTAAGTACCTTTCA-1,0.000068,0.028217,0.885589,0.086126
ACCTAATCGACTTCCT-1,0.000079,0.000237,0.756361,0.243323
ACCTACAGTATGTGGT-1,0.000049,0.459108,0.540745,0.000098
ACCTACTATAAATCTA-1,0.000175,0.000525,0.515884,0.483415
ACCTCAGCGAGGCGCA-1,0.000033,0.888176,0.073967,0.037823
ACCTCCGCCCTCGCTG-1,0.000071,0.937004,0.027034,0.035891
ACCTCCGTTATTCACC-1,0.000066,0.906899,0.092901,0.000133
ACCTCGAACTTATGCT-1,0.000076,0.940885,0.05715,0.001888
ACCTGCGTGTCATGTT-1,0.00017,0.163557,0.446546,0.389727
ACCTTTCCTTTAGAAG-1,0.000116,0.07155,0.234104,0.69423
ACGAAATGGGCGGCAC-1,0.000081,0.000244,0.914971,0.084703
ACGACCCATGAGTTGC-1,0.000047,0.999204,0.000654,0.000095
ACGACTCTAGGGCCGA-1,0.000053,0.893857,0.044401,0.061689
ACGACTGGTCATACTC-1,0.000034,0.426129,0.448077,0.12576
ACGAGAACCCATCACG-1,0.000114,0.01985,0.000341,0.979695
ACGAGATATTTGCTTA-1,0.000102,0.019569,0.965941,0.014388
ACGAGGATACCACTCT-1,0.000059,0.047566,0.82951,0.122864
ACGAGGTTTACAACGT-1,0.000072,0.910129,0.027501,0.062297
ACGAGTACGGATGCCC-1,0.000129,0.403699,0.162698,0.433474
ACGAGTCGCCGGCGTT-1,0.000033,0.048132,0.650836,0.300999
ACGATACATAGAACTA-1,0.000041,0.000122,0.98152,0.018317
ACGATACCTATCCTGA-1,0.000058,0.257605,0.592499,0.149838
ACGATCATACATAGAG-1,0.000095,0.000285,0.728248,0.271373
ACGATCATCTTGTAAA-1,0.00011,0.365105,0.341071,0.293715
ACGATGCATATGTTAT-1,0.000186,0.00056,0.00056,0.998694
ACGATGGATCCGATGC-1,0.000049,0.013782,0.791194,0.194975
ACGCAAACTAATAGAT-1,0.000079,0.046203,0.61183,0.341888
ACGCAATCACTACAGC-1,0.000066,0.728427,0.011229,0.260278
ACGCATAAATGACATG-1,0.000062,0.653216,0.155749,0.190973
ACGCATACGTTTACTA-1,0.000098,0.880982,0.05553,0.06339
ACGCATTCGTGAGTAC-1,0.000065,0.012033,0.897543,0.090359
ACGCCACTCGAAACAG-1,0.000035,0.857514,0.100889,0.041562
ACGCCAGATGATTTCT-1,0.000113,0.000338,0.573164,0.426385
ACGCCAGTGCGTTTGC-1,0.00006,0.964007,0.017048,0.018885
ACGCCCAGCTGTCGAT-1,0.000047,0.000141,0.541335,0.458477
ACGCCGCTAGACGACC-1,0.000212,0.000635,0.510837,0.488316
ACGCCTGACACGCGCT-1,0.000044,0.34892,0.495793,0.155242
ACGCGAAGTCAGACGA-1,0.000073,0.000219,0.633571,0.366137
ACGCGCTACACAGGGT-1,0.000075,0.077971,0.394974,0.526979
ACGCGGGCCAAGGACA-1,0.000097,0.000291,0.511509,0.488104
ACGCGTTTCTTAAGAG-1,0.00008,0.138782,0.772949,0.088188
ACGCTACTGAATGGGC-1,0.000047,0.999719,0.00014,0.000094
ACGCTAGTATCAGTGC-1,0.00005,0.758039,0.093762,0.148149
ACGCTAGTGATACACT-1,0.000104,0.207151,0.418027,0.374718
ACGCTGTGAGGCGTAG-1,0.000185,0.07057,0.597716,0.33153
ACGCTTAGTGTCTCTC-1,0.000023,0.017889,0.982043,0.000046
ACGGAACACGAGTGCC-1,0.000067,0.989628,0.01017,0.000135
ACGGAATTTAGCAAAT-1,0.000073,0.000218,0.584695,0.415014
ACGGACGCAGCGACAA-1,0.000056,0.975769,0.000168,0.024007
ACGGACTCTCAAAGCG-1,0.000056,0.041191,0.838081,0.120673
ACGGAGCGCAAATTAC-1,0.000061,0.571769,0.07536,0.35281
ACGGATGGTGCGGATA-1,0.000073,0.020471,0.774712,0.204743
ACGGCACTTGCTTGGG-1,0.000101,0.000302,0.499015,0.500582
ACGGCCAACATGGACT-1,0.000261,0.046463,0.448599,0.504676
ACGGCGACGATGGGAA-1,0.000163,0.000489,0.701641,0.297707
ACGGCGGGTTGCCCTG-1,0.000111,0.000333,0.132764,0.866793
ACGGCTGGATGTAGAA-1,0.000029,0.988898,0.010442,0.000631
ACGGGAGTGTCGGCCC-1,0.000114,0.073682,0.862699,0.063505
ACGGGCGTATGCGACA-1,0.000039,0.989515,0.000116,0.01033
ACGGGTCATGTGACTT-1,0.000081,0.006576,0.530161,0.463182
ACGGGTTGTGACCTGT-1,0.000042,0.99975,0.000125,0.000083
ACGGTACAGTTCAATG-1,0.000055,0.999671,0.000165,0.00011
ACGGTCACCGAGAACA-1,0.000046,0.98385,0.016013,0.000091
ACGTACAGATTTCTCT-1,0.000065,0.000194,0.931597,0.068144
ACGTACTTTGGCACGG-1,0.000067,0.949917,0.000202,0.049813
ACGTAGATTGCTGATG-1,0.000102,0.039045,0.677731,0.283122
ACGTAGGAGAGTCGCT-1,0.000092,0.376414,0.079737,0.543756
ACGTATTACTCCGATC-1,0.00009,0.147818,0.363499,0.488593
ACGTCCTAAACGAGAT-1,0.000135,0.009333,0.072616,0.917916
ACGTCGGGCAACTCGG-1,0.00005,0.913032,0.049532,0.037386
ACGTCTCGTTCCGGGA-1,0.000033,0.793427,0.076261,0.130279
ACGTGACAAAGTAAGT-1,0.000032,0.926949,0.007195,0.065824
ACGTGCGCCTCGTGCA-1,0.000092,0.039403,0.236315,0.72419
ACGTGGTCGAATGTGC-1,0.000043,0.028807,0.718687,0.252463
ACGTTAATGTCGAAGA-1,0.000208,0.000623,0.518059,0.48111
ACGTTAGATTTGCCCG-1,0.000133,0.0082,0.46965,0.522017
ACGTTATTGGTCACTC-1,0.000073,0.00022,0.767882,0.231825
ACGTTCACTATGCCGC-1,0.000058,0.905139,0.008651,0.086151
ACGTTCCGCGCTCCGT-1,0.000148,0.008813,0.312518,0.678521
ACGTTCGCAATCAATT-1,0.00008,0.921981,0.031112,0.046827
ACGTTCGTTCAGGAAA-1,0.000052,0.059652,0.883207,0.057089
ACGTTCTGTACAAGTC-1,0.000075,0.893776,0.057087,0.049061
ACGTTGTCGTTGAAAG-1,0.000034,0.999796,0.000102,0.000068
ACGTTTAGTTGTGATC-1,0.000081,0.000244,0.888652,0.111023
ACGTTTCGGTGCACTT-1,0.000038,0.806313,0.000949,0.1927
ACTAAGGACGCACACC-1,0.00006,0.895492,0.000181,0.104267
ACTAATACGTCAGGCG-1,0.00006,0.022708,0.839026,0.138205
ACTACAAAGAGAGGTG-1,0.00006,0.840317,0.027583,0.13204
ACTACATCCCGACAAG-1,0.000034,0.965069,0.000101,0.034796
ACTACCAGCTCTCTGG-1,0.000307,0.228649,0.120014,0.65103
ACTACCATCCGAGGGC-1,0.000067,0.97045,0.029349,0.000134
ACTACGCGTTAGAATT-1,0.000239,0.000717,0.39388,0.605164
ACTAGTTGCGATCGTC-1,0.000074,0.851462,0.085704,0.062759
ACTATATGCTGTGTTC-1,0.000056,0.237436,0.762396,0.000112
ACTATCCAGGGCATGG-1,0.000082,0.806621,0.000247,0.19305
ACTATCGCCGGCTAAA-1,0.000041,0.036306,0.963318,0.000335
ACTATCTGCCCGCGTA-1,0.000045,0.943242,0.000136,0.056577
ACTATGTCCAGCTGCC-1,0.000036,0.946928,0.051364,0.001672
ACTATTCGTCCGTGGT-1,0.000117,0.028448,0.688236,0.283198
ACTATTTCCGGGCCCA-1,0.000043,0.102387,0.541807,0.355764
ACTCAACGAATGTATT-1,0.00014,0.054647,0.013389,0.931824
ACTCAAGTGCAAGGCT-1,0.000085,0.307056,0.358451,0.334408
ACTCAATAAAGGCACG-1,0.000078,0.018652,0.553094,0.428175
ACTCAGACCTGCTTCT-1,0.000283,0.063528,0.243534,0.692655
ACTCATGGCAGCCTTC-1,0.000047,0.999716,0.000142,0.000095
ACTCCAATATCATCAT-1,0.000065,0.636114,0.337048,0.026773
ACTCCCATTCCTAAAG-1,0.000064,0.073342,0.843598,0.082995
ACTCCCGAATTCGTTT-1,0.000104,0.584334,0.029531,0.386031
ACTCCCGTAGACTAGG-1,0.000047,0.88054,0.119319,0.000094
ACTCCCTAATGCTAAA-1,0.000034,0.000101,0.865392,0.134473
ACTCCCTAGAATAGTA-1,0.000054,0.000164,0.740751,0.259031
ACTCCGGCCGACCACT-1,0.000042,0.859184,0.115578,0.025196
ACTCGATGTATTTCAT-1,0.000078,0.079976,0.739774,0.180172
ACTCGCCGTTCGATAA-1,0.000054,0.999677,0.000161,0.000108
ACTCGCGATCTGACGC-1,0.000029,0.991592,0.000087,0.008292
ACTCGTAACCCGTCCT-1,0.000202,0.119678,0.622191,0.257929
ACTCGTCAGTAATCCC-1,0.000063,0.071783,0.839011,0.089143
ACTCTAAACCTGGGAT-1,0.000074,0.062088,0.71072,0.227119
ACTCTCTGACTTAGGT-1,0.00015,0.101618,0.780119,0.118113
ACTCTCTTATACACGA-1,0.000061,0.023862,0.948171,0.027907
ACTCTGACCTAATAGA-1,0.000031,0.892844,0.02895,0.078175
ACTCTTCAGCTCCCGC-1,0.000059,0.999644,0.000178,0.000119
ACTCTTGTATAGTAAC-1,0.000063,0.022395,0.9635,0.014041
ACTGAAACGCCGTTAG-1,0.000108,0.473012,0.091612,0.435268
ACTGAATGGCGAAAGT-1,0.000054,0.000163,0.999674,0.000109
ACTGATTTAGTGATTC-1,0.000052,0.000155,0.85142,0.148373
ACTGCCCGCCATTCTC-1,0.00004,0.973114,0.026766,0.00008
ACTGCCGTCGTAACTC-1,0.000057,0.112813,0.397681,0.489449
ACTGCGGACACACCGT-1,0.000047,0.999719,0.00014,0.000094
ACTGCTCGGAAGGATG-1,0.000034,0.994772,0.005125,0.000069
ACTGGCGAACCTGCGT-1,0.000049,0.866983,0.080509,0.052459
ACTGGGATGCCAGTGC-1,0.000097,0.700302,0.201054,0.098547
ACTGTACGATACACAT-1,0.00005,0.000149,0.874529,0.125273
ACTGTAGCACTTTGGA-1,0.000205,0.000615,0.189136,0.810043
ACTGTATACGCGAGCA-1,0.00016,0.058217,0.00048,0.941143
ACTGTCCAGGATTATA-1,0.000074,0.000222,0.760084,0.23962
ACTGTCTTCTTTAGAA-1,0.000104,0.000313,0.559089,0.440494
ACTGTGCTAGTAGATC-1,0.000108,0.11371,0.057706,0.828475
ACTGTTTAGTGTAGGC-1,0.000065,0.000196,0.762279,0.237459
ACTTACCGGGCGCGCA-1,0.000029,0.011573,0.878288,0.11011
ACTTACGCATCCACGC-1,0.000079,0.140645,0.355499,0.503777
ACTTAGTACGACAAGA-1,0.000066,0.126412,0.348555,0.524966
ACTTATACTTACCCGG-1,0.000142,0.000425,0.627877,0.371556
ACTTATCTGATCTATA-1,0.000065,0.024193,0.258424,0.717318
ACTTATTAGGATCGGT-1,0.000242,0.000725,0.534121,0.464912
ACTTATTTATGTGCCA-1,0.000052,0.082963,0.718378,0.198606
ACTTCAGGCTGATCCC-1,0.000131,0.000395,0.754096,0.245378
ACTTCCAGTGGAAGCT-1,0.000092,0.957706,0.028402,0.013799
ACTTCCATGCGGGACA-1,0.000071,0.443952,0.071382,0.484595
ACTTCCTGTCGTGCGA-1,0.000064,0.857607,0.000193,0.142136
ACTTCGCCATACGCAC-1,0.000073,0.02108,0.710935,0.267912
ACTTCGCTAGCGAGTG-1,0.000045,0.953976,0.04589,0.000089
ACTTGACTCCCTCTTT-1,0.000153,0.048612,0.552871,0.398364
ACTTGCCATATTGTAC-1,0.00005,0.203054,0.527218,0.269678
ACTTGCTCTATCTACC-1,0.00006,0.985557,0.014264,0.000119
ACTTGGGACCCGGTGG-1,0.000076,0.083932,0.186749,0.729243
ACTTGGGCTTTCGCCA-1,0.000043,0.86696,0.011876,0.121121
ACTTGTAGTCCCTTCA-1,0.000096,0.193723,0.364961,0.441221
ACTTGTGGATGGAACG-1,0.000066,0.495109,0.497451,0.007374
ACTTGTTACCGGATCA-1,0.000058,0.849307,0.095902,0.054733
ACTTTACCCTCATGAA-1,0.000066,0.806855,0.040023,0.153055
ACTTTATACACCACTT-1,0.000047,0.944646,0.029819,0.025488
ACTTTCCTATAGCTTC-1,0.000076,0.000229,0.837664,0.162031
ACTTTGACTGCATCCT-1,0.00013,0.077218,0.715083,0.20757
ACTTTGGTCGTGCTCC-1,0.000089,0.849312,0.071055,0.079544
ACTTTGTCGACGCACT-1,0.00005,0.968047,0.000149,0.031755
AGAAATTATGACTCGC-1,0.00003,0.964524,0.008262,0.027184
AGAACACGGCGATGGT-1,0.000025,0.999851,0.000075,0.00005
AGAACCCAGCGTGACA-1,0.000072,0.87833,0.000215,0.121383
AGAACCCTCAATTGGG-1,0.000057,0.914119,0.053218,0.032606
AGAACGTGGTACATTC-1,0.000083,0.010545,0.295268,0.694103
AGAACTGTACTTTGTA-1,0.000049,0.946198,0.053076,0.000676
AGAAGAGCGCCGTTCC-1,0.001565,0.131507,0.390831,0.476097
AGAAGGTACACTTCAC-1,0.000051,0.835705,0.007539,0.156705
AGAAGGTTGCCGAATT-1,0.000159,0.000479,0.000479,0.998883
AGAAGGTTGTAGGTCG-1,0.000096,0.088585,0.47021,0.44111
AGAAGTGATTCGTGAT-1,0.0001,0.076664,0.76633,0.156906
AGAATAAATCTTCAGG-1,0.000188,0.000564,0.573664,0.425583
AGAATACAGGCTATCC-1,0.000068,0.795319,0.170441,0.034172
AGAATGCGGGTTCGGA-1,0.000086,0.301259,0.402511,0.296143
AGAATTATGGATTCGA-1,0.000035,0.05242,0.729032,0.218513
AGAATTGTTTGACATA-1,0.000078,0.053404,0.758425,0.188094
AGACAGCTCAGAATCC-1,0.000075,0.030701,0.675109,0.294114
AGACAGGCATCTCAGC-1,0.000035,0.955993,0.001261,0.042711
AGACATAGATCCTTCC-1,0.000147,0.020135,0.000442,0.979276
AGACCAAACCACACCT-1,0.000047,0.958999,0.03965,0.001303
AGACCATGGGATACAA-1,0.000048,0.000144,0.780602,0.219206
AGACCCACCGCTGATC-1,0.000129,0.042337,0.703451,0.254083
AGACCCGCCCTCCTCG-1,0.000118,0.000353,0.360096,0.639433
AGACCGCTCCGCGGTT-1,0.00011,0.946732,0.000331,0.052827
AGACCGGGAAACCCTG-1,0.000099,0.000298,0.788342,0.211261
AGACGAAGTGCCGGTC-1,0.000079,0.363478,0.25801,0.378433
AGACGACGATGCCGCT-1,0.000174,0.085026,0.47875,0.436049
AGACGCCCACTTCGCC-1,0.000029,0.950931,0.000087,0.048952
AGACGGGATTGGTATA-1,0.000033,0.087073,0.750577,0.162317
AGACGGGCCGATTTAA-1,0.000051,0.295875,0.434505,0.269569
AGACTAGCCTTCCAGA-1,0.000148,0.000444,0.000444,0.998964
AGACTGTTACCGGGTC-1,0.000052,0.069497,0.778857,0.151594
AGAGAAACACCAGAAA-1,0.000028,0.836272,0.090645,0.073054
AGAGAACCGTCTAGGA-1,0.000033,0.093581,0.526713,0.379672
AGAGAAGGAGTACAAT-1,0.000133,0.119604,0.286209,0.594054
AGAGATCTCTAAAGCG-1,0.000176,0.210748,0.382959,0.406117
AGAGCAGTTATGAGAC-1,0.000136,0.000408,0.835032,0.164424
AGAGCCGCCGAGATTT-1,0.000063,0.981086,0.010192,0.00866
AGAGCGCTTGTAACGG-1,0.000031,0.686018,0.309299,0.004652
AGAGCGGGCTAATCAT-1,0.000061,0.125031,0.389034,0.485874
AGAGCGTACAAGCTCG-1,0.000084,0.000253,0.512224,0.48744
AGAGCTACGAAAGCAT-1,0.000068,0.18958,0.511879,0.298473
AGAGGCTTCGGAAACC-1,0.000049,0.635022,0.231662,0.133267
AGAGGGACAATTGTCC-1,0.000041,0.896869,0.000123,0.102967
AGAGGTATCTCGGTCC-1,0.000074,0.056201,0.268771,0.674954
AGAGTAAACTTCACTA-1,0.00006,0.664884,0.229092,0.105963
AGAGTATAGTGTTACG-1,0.000038,0.941264,0.000115,0.058583
AGAGTCTTAATGAAAG-1,0.000042,0.98891,0.000127,0.010921
AGAGTGAACAGACACC-1,0.000081,0.818671,0.018554,0.162693
AGAGTTAGAGACCGAT-1,0.000064,0.045057,0.631114,0.323766
AGAGTTGCAGGCCTCC-1,0.000047,0.902364,0.023432,0.074157
AGATAACTTCAGGGCC-1,0.00008,0.084505,0.181012,0.734403
AGATAATCACACCTAT-1,0.000027,0.999835,0.000082,0.000055
AGATACCAATAGAACC-1,0.000031,0.968907,0.000092,0.03097
AGATACCAGCACTTCA-1,0.000068,0.824711,0.069332,0.105889
AGATACCGGTGTTCAC-1,0.000127,0.03353,0.209384,0.756959
AGATACGACTTCATAT-1,0.00008,0.008273,0.000239,0.991409
AGATACTCAAGATCGA-1,0.000092,0.000276,0.836185,0.163447
AGATATAATACGACTA-1,0.000117,0.055079,0.488527,0.456277
AGATCGTGCATAAGAT-1,0.000051,0.070653,0.528634,0.400662
AGATCTCAGGTGTGAT-1,0.00009,0.000269,0.663831,0.335809
AGATCTGGAGAGGATA-1,0.000043,0.962707,0.000128,0.037122
AGATGACTCGCCCACG-1,0.000103,0.025816,0.522653,0.451427
AGATGAGGGTTGCGAT-1,0.000069,0.052001,0.322753,0.625177
AGATGATGGAGTCTGG-1,0.000061,0.757487,0.125921,0.116531
AGATGCAAGACGTGCA-1,0.000063,0.6244,0.152837,0.2227
AGATGCATCCTGTGTC-1,0.000036,0.824183,0.17571,0.000071
AGATGCTATAACGAGC-1,0.000066,0.089111,0.346099,0.564724
AGATTATAGGACGTTT-1,0.000194,0.000581,0.344507,0.654718
AGATTCAAGCGGGTCG-1,0.000103,0.508025,0.098961,0.392911
AGATTCACAACCGATA-1,0.000035,0.821321,0.168242,0.010402
AGCAAAGGCCGCTAGT-1,0.000051,0.111482,0.505029,0.383438
AGCAACATATCTTATT-1,0.000061,0.128824,0.667519,0.203595
AGCAACCGAAAGTAAT-1,0.000036,0.5836,0.359614,0.05675
AGCACACGTTTAGACT-1,0.000068,0.906312,0.000205,0.093414
AGCACCAGTACTCACG-1,0.000074,0.000222,0.93622,0.063484
AGCACTACCGGCCTGT-1,0.000104,0.063128,0.614389,0.322379
AGCACTACCTCACCAG-1,0.000062,0.192478,0.649818,0.157641
AGCACTTAAGGACGCC-1,0.000322,0.107968,0.054852,0.836858
AGCAGAAGGAGAAAGA-1,0.000028,0.039495,0.763102,0.197375
AGCAGCCAGATGAATA-1,0.000231,0.000694,0.35093,0.648146
AGCAGTCGAAGCATGC-1,0.000034,0.933996,0.043892,0.022078
AGCATATCAATATGCT-1,0.000088,0.278288,0.314063,0.407561
AGCATCATTTCGAAAG-1,0.000106,0.339722,0.306233,0.353939
AGCATCGTCGATAATT-1,0.000168,0.000505,0.105518,0.893808
AGCATTACGAGGCAAG-1,0.00006,0.887444,0.000181,0.112314
AGCCAAGCTTTGTGTC-1,0.000115,0.000345,0.857802,0.141738
AGCCACAGGTTACCCG-1,0.000092,0.614437,0.195843,0.189628
AGCCACTCCCGTGCTT-1,0.000047,0.052511,0.666995,0.280447
AGCCATATAGTATGTG-1,0.000065,0.284545,0.354944,0.360447
AGCCCATACATGTAAG-1,0.000173,0.000518,0.505084,0.494226
AGCCCGCAACAAGCAG-1,0.000092,0.08983,0.570865,0.339213
AGCCCGCACTACAATG-1,0.000052,0.999687,0.000156,0.000104
AGCCCGGCATTAGAGG-1,0.000063,0.948588,0.040337,0.011013
AGCCCGGTAGCCTGTA-1,0.000035,0.002316,0.906871,0.090778
AGCCCTAAGCGAAGTT-1,0.000047,0.000932,0.729095,0.269926
AGCCCTCCCTGGTGGC-1,0.000045,0.674586,0.277102,0.048267
AGCCCTGTCGCACCGT-1,0.000049,0.974519,0.011877,0.013555
AGCCCTTCTAATCCGA-1,0.000064,0.112694,0.254687,0.632555
AGCCCTTGGACATCCC-1,0.000042,0.998933,0.000127,0.000898
AGCCGCAAATTCAAAT-1,0.000033,0.325411,0.567197,0.107359
AGCCGCTTGATTAGCG-1,0.000113,0.00034,0.649019,0.350527
AGCCGTGGCTAAATGT-1,0.000116,0.122633,0.54605,0.331201
AGCCTAATACCCACGT-1,0.000085,0.372992,0.295772,0.331151
AGCCTTAAAGCGGAAG-1,0.000073,0.054806,0.618536,0.326585
AGCCTTGTCACTGATA-1,0.000029,0.992823,0.007089,0.000059
AGCGACAGGAACGGTC-1,0.000276,0.101583,0.229012,0.669128
AGCGACATCCCATTCA-1,0.000073,0.000219,0.633173,0.366535
AGCGACCAACGATATT-1,0.000185,0.050773,0.48062,0.468422
AGCGACTTTGAAGACA-1,0.000044,0.893139,0.105938,0.000879
AGCGAGACGTGAAGGC-1,0.000054,0.998331,0.000161,0.001454
AGCGATGCGCCTAATA-1,0.000046,0.977604,0.000137,0.022213
AGCGCATAATGAATCG-1,0.000202,0.062142,0.518518,0.419138
