Barcode,Topic 1,Topic 2,Topic 3,Topic 4,Topic 5,Topic 6,Topic 7,Topic 8to9,Topic 10,Topic 11,Topic 12,Topic 13
AAACAAGTATCTCCCA-1,0.000024,0.512211,0.061114,0.006547,0.000024,0.001436,0.000024,0.000049,0.023621,0.246245,0.093699,0.055006
AAACACCAATAACTGC-1,0.000047,0.112199,0.003711,0.000047,0.000047,0.152123,0.000047,0.019797,0.345364,0.208309,0.000047,0.158262
AAACAGAGCGACTCCT-1,0.000022,0.032873,0.000022,0.000022,0.000022,0.000022,0.000022,0.000045,0.079915,0.886988,0.000022,0.000022
AAACAGCTTTCAGAAG-1,0.000011,0.000011,0.050379,0.172871,0.08401,0.149967,0.150575,0.267922,0.009693,0.056092,0.025657,0.032811
AAACAGGGTCTATATT-1,0.000012,0.000956,0.000012,0.157717,0.000012,0.016689,0.067321,0.449295,0.000012,0.273229,0.031927,0.00282
AAACAGTGTTCCTGGG-1,0.000022,0.000022,0.000022,0.063383,0.116165,0.059278,0.016425,0.142056,0.225534,0.001324,0.008718,0.36705
AAACATGGTGAGAGGA-1,0.00001,0.00001,0.00001,0.00001,0.507931,0.052609,0.107367,0.159263,0.078866,0.00001,0.003576,0.090337
AAACATTTCCCGGATT-1,0.000023,0.415857,0.065031,0.000023,0.000023,0.000023,0.000023,0.000047,0.042088,0.349427,0.12741,0.000023
AAACCCGAACGAAATC-1,0.000023,0.395649,0.024985,0.000023,0.000023,0.085872,0.000023,0.011024,0.170726,0.152458,0.006073,0.15312
AAACCGGAAATGTTAA-1,0.009842,0.850684,0.000041,0.02163,0.074744,0.000041,0.000041,0.000082,0.042771,0.000041,0.000041,0.000041
AAACCGGGTAGGTACC-1,0.000021,0.000021,0.021577,0.163678,0.004783,0.000065,0.001483,0.434764,0.000021,0.12308,0.187172,0.063334
AAACCGTTCGTCCAGG-1,0.000029,0.000029,0.000029,0.000029,0.078295,0.104869,0.000029,0.028501,0.094157,0.223896,0.174645,0.295492
AAACCTAAGCAGCCGG-1,0.000028,0.070887,0.045606,0.001158,0.255246,0.010049,0.000028,0.009845,0.378097,0.000028,0.05015,0.178878
AAACCTCATGAAGTTG-1,0.342201,0.041259,0.000081,0.000081,0.000081,0.000081,0.000081,0.000162,0.379331,0.037357,0.174585,0.024698
AAACGAAGATGGAGTA-1,0.047078,0.024367,0.010961,0.000915,0.049434,0.101421,0.044968,0.123294,0.208681,0.222064,0.030528,0.136289
AAACGAGACGGTTGAT-1,0.000016,0.000016,0.000016,0.000151,0.73061,0.000098,0.000464,0.030806,0.072356,0.000016,0.115785,0.049667
AAACGCTGGGCACGAC-1,0.039291,0.700241,0.000026,0.248174,0.012063,0.000026,0.000026,0.000052,0.000026,0.000026,0.000026,0.000026
AAACGGGCGTACGGGT-1,0.000022,0.119604,0.079799,0.136315,0.116396,0.000022,0.000377,0.014881,0.246349,0.019288,0.190919,0.076028
AAACGGTTGCGAACTG-1,0.000021,0.000021,0.000021,0.014526,0.296717,0.006918,0.055981,0.078985,0.252222,0.000021,0.007313,0.287253
AAACGTGTTCGCCCTA-1,0.003178,0.135458,0.000031,0.146437,0.000031,0.216224,0.168007,0.000061,0.283222,0.04729,0.000031,0.000031
AAACTAACGTGGCGAC-1,0.000007,0.000007,0.000007,0.281713,0.003451,0.076807,0.024872,0.54609,0.000007,0.039737,0.008031,0.01927
AAACTCGGTTCGCAAT-1,0.000023,0.018302,0.000023,0.100389,0.278106,0.000023,0.000023,0.000045,0.320696,0.000023,0.237658,0.044691
AAACTCGTGATATAAG-1,0.000007,0.000007,0.000152,0.291246,0.064817,0.005707,0.055301,0.438521,0.00027,0.040052,0.089756,0.014163
AAACTGCTGGCTCCAA-1,0.000045,0.067329,0.000045,0.000045,0.000045,0.093113,0.000045,0.000093,0.65879,0.012302,0.000045,0.168103
AAACTTAATTGCACGC-1,0.000015,0.010229,0.000015,0.008779,0.019666,0.071962,0.055378,0.59239,0.033131,0.036385,0.032726,0.139324
AAACTTGCAAACGTAT-1,0.000081,0.000081,0.000081,0.000081,0.000081,0.000081,0.000081,0.000162,0.51722,0.481588,0.000081,0.00038
AAAGAATGACCTTAGA-1,0.001829,0.005064,0.010907,0.002814,0.013744,0.090598,0.09867,0.081731,0.374221,0.289797,0.006542,0.024083
AAAGAATGTGGACTAA-1,0.000018,0.447012,0.412326,0.000018,0.000018,0.000018,0.000018,0.000035,0.023299,0.116943,0.000018,0.000279
AAAGACTGGGCGCTTT-1,0.014912,0.021474,0.000071,0.000071,0.000071,0.17035,0.000071,0.000142,0.569958,0.222739,0.000071,0.000071
AAAGCTTGCCTACATA-1,0.000013,0.02248,0.000013,0.261778,0.006695,0.001223,0.183415,0.001372,0.123209,0.395951,0.003838,0.000013
AAAGGCCCTATAATAC-1,0.028244,0.107057,0.051437,0.000061,0.000061,0.000061,0.000061,0.000122,0.276522,0.536251,0.000061,0.000061
AAAGGCTACGGACCAT-1,0.000033,0.000705,0.000033,0.000033,0.282694,0.000302,0.000033,0.000067,0.694368,0.000033,0.000769,0.020929
AAAGGCTCTCGCGCCG-1,0.000012,0.010654,0.000012,0.134999,0.031638,0.008157,0.08422,0.072553,0.005178,0.268266,0.368618,0.015693
AAAGGGATGTAGCAAG-1,0.000032,0.000032,0.000032,0.115731,0.092084,0.244277,0.046073,0.053717,0.195584,0.001699,0.022386,0.228352
AAAGGGCAGCTTGAAT-1,0.720897,0.023223,0.000097,0.034362,0.000097,0.11189,0.000097,0.000195,0.108849,0.000097,0.000097,0.000097
AAAGGTAAGCTGTACC-1,0.003871,0.043555,0.000047,0.087542,0.000047,0.06579,0.314314,0.102051,0.382641,0.000047,0.000047,0.000047
AAAGTAGCATTGCTCA-1,0.000051,0.000051,0.000051,0.000051,0.000051,0.000051,0.000051,0.000102,0.249599,0.372729,0.000156,0.377058
AAAGTCGACCCTCAGT-1,0.007832,0.043359,0.025024,0.000036,0.000036,0.003226,0.000036,0.000411,0.08213,0.719377,0.078153,0.04038
AAAGTGCCATCAATTA-1,0.018664,0.749422,0.000021,0.160008,0.071712,0.000021,0.000021,0.000043,0.000021,0.000021,0.000021,0.000021
AAAGTGTGATTTATCT-1,0.000019,0.016714,0.000019,0.185787,0.235787,0.02728,0.001159,0.086098,0.137044,0.000019,0.056783,0.253293
AAAGTTGACTCCCGTA-1,0.024512,0.061214,0.01674,0.017612,0.097559,0.016213,0.000025,0.038751,0.302836,0.007579,0.174042,0.242917
AAATAACCATACGGGA-1,0.000027,0.016679,0.003862,0.010006,0.000027,0.000027,0.000027,0.000055,0.212413,0.731175,0.017178,0.008523
AAATAAGGTAGTGCCC-1,0.000012,0.001194,0.000012,0.242216,0.498125,0.000012,0.003469,0.000024,0.216251,0.02745,0.011223,0.000012
AAATACCTATAAGCAT-1,0.000024,0.105196,0.000024,0.026794,0.024331,0.000024,0.000024,0.000049,0.088392,0.540808,0.21431,0.000024
AAATAGCTTAGACTTT-1,0.000009,0.004651,0.078799,0.166185,0.609281,0.001562,0.015477,0.023702,0.019972,0.000009,0.019396,0.060957
AAATAGGGTGCTATTG-1,0.000034,0.03114,0.000034,0.142638,0.11723,0.059703,0.000034,0.007627,0.241818,0.000034,0.028252,0.371456
AAATCCGATACACGCC-1,0.00002,0.083122,0.098841,0.080269,0.05941,0.046691,0.00041,0.076812,0.172372,0.039254,0.105329,0.237471
AAATCGCGGAAGGAGT-1,0.000019,0.000019,0.000019,0.009744,0.315685,0.088015,0.169078,0.050365,0.165002,0.015817,0.05582,0.130415
AAATCGTGTACCACAA-1,0.000017,0.02463,0.112654,0.026233,0.071242,0.000017,0.051461,0.028742,0.014208,0.277239,0.357239,0.036319
AAATCTAGCCCTGCTA-1,0.0243,0.604228,0.000086,0.000066,0.005474,0.000066,0.000066,0.000132,0.044422,0.006115,0.173043,0.142001
AAATCTGCCCGCGTCC-1,0.000012,0.000012,0.000012,0.056061,0.259344,0.050467,0.320576,0.103252,0.108319,0.08234,0.016492,0.003113
AAATGACTGATCAAAC-1,0.000015,0.004986,0.000015,0.231917,0.260719,0.004459,0.092868,0.003538,0.393751,0.000015,0.00342,0.004296
AAATGATTCGATCAGC-1,0.000015,0.000015,0.009069,0.276074,0.00366,0.060222,0.126593,0.315396,0.00062,0.145162,0.019638,0.043537
AAATGCTCGTTACGTT-1,0.227171,0.009859,0.038178,0.00005,0.066051,0.108099,0.00005,0.068763,0.067023,0.163526,0.139262,0.111967
AAATGGCATGTCTTGT-1,0.007307,0.03679,0.008296,0.090625,0.008535,0.042493,0.046187,0.039594,0.011042,0.652998,0.052633,0.003499
AAATGGCCCGTGCCCT-1,0.00003,0.025068,0.010901,0.00003,0.00003,0.00003,0.00003,0.000061,0.00003,0.963728,0.00003,0.00003
AAATGGTCAATGTGCC-1,0.000042,0.000042,0.000042,0.000042,0.129825,0.000042,0.000042,0.004935,0.292506,0.197318,0.245708,0.129455
AAATGTATCTTATCCC-1,0.000008,0.004055,0.086954,0.029227,0.149707,0.06468,0.307344,0.292928,0.000008,0.056642,0.001701,0.006745
AAATTAACGGGTAGCT-1,0.000034,0.000034,0.000034,0.000034,0.095531,0.004067,0.015586,0.041357,0.287942,0.050941,0.183677,0.320762
AAATTAATAAGCGCGA-1,0.001715,0.000008,0.002493,0.082823,0.072915,0.00721,0.287665,0.15314,0.000223,0.333008,0.054527,0.004272
AAATTACACGACTCTG-1,0.000026,0.007095,0.000026,0.199986,0.000026,0.037118,0.000026,0.004103,0.089992,0.633406,0.006226,0.021969
AAATTACCTATCGATG-1,0.003933,0.024362,0.004248,0.104597,0.182584,0.04804,0.121424,0.02646,0.145314,0.177845,0.066917,0.094276
AAATTCCAGGTCCAAA-1,0.000016,0.070974,0.01078,0.094035,0.210308,0.026151,0.073252,0.002572,0.490637,0.000016,0.014373,0.006886
AAATTGATAGTCCTTT-1,0.000028,0.000028,0.000028,0.000028,0.000028,0.073149,0.000028,0.258106,0.03546,0.015454,0.00357,0.614092
AAATTGGTGAGAAGCA-1,0.015167,0.099644,0.000044,0.000044,0.000044,0.000044,0.000044,0.000087,0.616453,0.268345,0.000044,0.000044
AAATTTACCGAAATCC-1,0.013628,0.030073,0.028213,0.312028,0.010836,0.016081,0.012081,0.247845,0.121509,0.061017,0.081743,0.064945
AAATTTGCGGGTGTGG-1,0.000038,0.000038,0.000038,0.000038,0.000038,0.1862,0.000038,0.06563,0.192251,0.117008,0.000038,0.438646
AACAACTGGTAGTTGC-1,0.00002,0.00002,0.00002,0.017201,0.082318,0.046498,0.019303,0.493111,0.005899,0.00002,0.053715,0.281875
AACAATACATTGTCGA-1,0.000021,0.010112,0.001399,0.000021,0.017184,0.008234,0.000021,0.229672,0.061007,0.222787,0.132138,0.317403
AACAATTACTCTACGC-1,0.000118,0.093751,0.000118,0.000118,0.000118,0.022298,0.000118,0.000236,0.685104,0.197787,0.000118,0.000118
AACACACGCTCGCCGC-1,0.000038,0.279296,0.000257,0.14883,0.033851,0.00031,0.000041,0.024705,0.136899,0.012008,0.298566,0.0652
AACACGAGACGCGGCC-1,0.126942,0.165234,0.000154,0.224752,0.000154,0.000154,0.000154,0.022971,0.459026,0.000154,0.000154,0.000154
AACAGCTGTGTGGCAA-1,0.000016,0.000016,0.000016,0.00173,0.075234,0.001341,0.000177,0.569667,0.000016,0.000016,0.165101,0.186671
AACAGGAAATCGAATA-1,0.000019,0.000019,0.000019,0.19607,0.000019,0.065222,0.007308,0.135707,0.004828,0.454068,0.023007,0.113711
AACAGGATGGGCCGCG-1,0.000054,0.003326,0.000054,0.000054,0.000054,0.117617,0.000054,0.000109,0.19102,0.655246,0.000054,0.032356
AACAGGTAGTATGGAT-1,0.000023,0.423458,0.326368,0.009151,0.000023,0.000023,0.000023,0.000046,0.000023,0.155379,0.079605,0.005877
AACATAGCGTGTATCG-1,0.000049,0.000049,0.000049,0.000049,0.069255,0.000049,0.000049,0.000098,0.930208,0.000049,0.000049,0.000049
AACATATCAACTGGTG-1,0.000012,0.000012,0.064492,0.000748,0.400057,0.045204,0.128661,0.116115,0.137831,0.002202,0.027964,0.076703
AACATCGATACGTCTA-1,0.000024,0.079414,0.000024,0.115335,0.000024,0.039683,0.107018,0.008031,0.196446,0.453951,0.000024,0.000024
AACATTGAAGTTGATC-1,0.04499,0.22313,0.000149,0.000149,0.000149,0.000149,0.000149,0.12136,0.596888,0.012409,0.000149,0.000332
AACATTGTGACTCGAG-1,0.010282,0.000026,0.000026,0.000026,0.068706,0.022441,0.030406,0.002466,0.449838,0.0956,0.126872,0.193311
AACCAAGACTTCTCTG-1,0.000063,0.028652,0.000063,0.000063,0.000063,0.180139,0.000063,0.069712,0.501632,0.219423,0.000063,0.000063
AACCAGTATCACTCTT-1,0.000027,0.000252,0.059923,0.272442,0.005881,0.235254,0.006268,0.133842,0.079915,0.1299,0.013669,0.062627
AACCATAGGGTTGAAC-1,0.000012,0.000012,0.000012,0.000012,0.10564,0.146168,0.027515,0.460232,0.037482,0.014827,0.032367,0.175718
AACCATGGGATCGCTA-1,0.19013,0.007955,0.03118,0.174044,0.00006,0.014781,0.005158,0.133949,0.061466,0.085924,0.121661,0.173692
AACCCAGAGACGGAGA-1,0.048807,0.000048,0.106223,0.014739,0.00416,0.019839,0.02335,0.270557,0.255847,0.147337,0.041259,0.067833
AACCCATCCCATGATC-1,0.000022,0.000022,0.000022,0.023687,0.017813,0.187552,0.055252,0.189187,0.014461,0.152688,0.134459,0.224838
AACCCGACAACCCGTG-1,0.000019,0.000019,0.14789,0.0046,0.115669,0.05265,0.060174,0.178917,0.075914,0.014625,0.071962,0.27756
AACCCGAGCAGAATCG-1,0.000019,0.688051,0.265431,0.000019,0.000019,0.000019,0.000019,0.000038,0.000019,0.018079,0.000019,0.028268
AACCCGCTGTATTCCA-1,0.010001,0.000019,0.000019,0.000342,0.336142,0.000019,0.004884,0.000039,0.606429,0.006377,0.035709,0.000019
AACCCTACTGTCAATA-1,0.000028,0.063313,0.000028,0.160612,0.014076,0.000028,0.000028,0.000057,0.39623,0.203597,0.160993,0.001009
AACCGAGCTTGGTCAT-1,0.000025,0.039439,0.02469,0.120607,0.094325,0.026371,0.058377,0.040236,0.096712,0.28775,0.204736,0.006732
AACCGCTAAGGGATGC-1,0.000015,0.073369,0.043467,0.352418,0.081766,0.012069,0.008385,0.088039,0.049143,0.029015,0.132143,0.130171
AACCGTTGTGTTTGCT-1,0.183967,0.108546,0.000079,0.069715,0.000079,0.000079,0.000079,0.000158,0.330556,0.306585,0.000079,0.000079
AACCTCGCTTTAGCCC-1,0.00003,0.054092,0.006218,0.00081,0.281519,0.020093,0.001095,0.003391,0.229223,0.00003,0.099564,0.303934
AACCTGTCACGGAATT-1,0.000011,0.000011,0.000011,0.225413,0.769102,0.000011,0.000012,0.000023,0.005372,0.000011,0.000011,0.000011
AACCTTTAAATACGGT-1,0.000033,0.092027,0.003142,0.000033,0.031074,0.015883,0.007549,0.000066,0.360014,0.152676,0.113013,0.224489
AACCTTTACGACGTCT-1,0.000021,0.000021,0.000021,0.01686,0.028551,0.124186,0.076903,0.472509,0.007827,0.081282,0.049418,0.142401
AACGAAAGTCGTCCCA-1,0.000018,0.000018,0.000018,0.071913,0.06716,0.24868,0.151482,0.192739,0.083416,0.001793,0.036862,0.1459
AACGACCTCCTAGCCG-1,0.007014,0.918507,0.000023,0.032458,0.000023,0.000023,0.041812,0.000047,0.000023,0.000023,0.000023,0.000023
AACGATAATGCCGTAG-1,0.004865,0.140581,0.027663,0.093367,0.00003,0.00003,0.00003,0.00006,0.054925,0.459725,0.207999,0.010724
AACGATAGAAGGGCCG-1,0.000039,0.000039,0.000039,0.000039,0.000039,0.186166,0.000039,0.00599,0.216827,0.27536,0.001586,0.313839
AACGATATGTCAACTG-1,0.000012,0.000012,0.009394,0.000012,0.323007,0.010085,0.066738,0.160904,0.005889,0.111837,0.238364,0.073746
AACGCATGATCTGGGT-1,0.000017,0.000017,0.004706,0.191693,0.061839,0.094976,0.096828,0.352233,0.074256,0.031367,0.038295,0.053772
AACGCGACCTTGGGCG-1,0.000016,0.000016,0.000016,0.112922,0.179861,0.000016,0.030962,0.030467,0.095,0.16839,0.362733,0.019601
AACGCGGTCTCCAGCC-1,0.000013,0.000013,0.000013,0.000013,0.447254,0.019106,0.073603,0.377401,0.000013,0.024421,0.024153,0.033997
AACGCTGTTGCTGAAA-1,0.000029,0.240332,0.013107,0.000029,0.000029,0.000029,0.000029,0.000058,0.000029,0.383985,0.362316,0.000029
AACGGACGTACGTATA-1,0.000017,0.094531,0.016663,0.005535,0.00609,0.000017,0.000126,0.021477,0.000017,0.277836,0.568517,0.009174
AACGGCCATCTCCGGT-1,0.014559,0.000578,0.048641,0.028914,0.088635,0.050159,0.026693,0.018636,0.23621,0.043178,0.282858,0.160939
AACGTACTGTGGGTAC-1,0.000036,0.000036,0.00048,0.000036,0.059602,0.195799,0.000036,0.000071,0.227656,0.108769,0.028661,0.37882
AACGTCAGACTAGTGG-1,0.000039,0.000039,0.000039,0.002969,0.000039,0.581426,0.000039,0.114081,0.01706,0.033993,0.042377,0.207899
AACGTCATCCGGCTTG-1,0.000027,0.008159,0.000027,0.042003,0.013139,0.025087,0.277219,0.000054,0.633667,0.000565,0.000027,0.000027
AACGTCGCTGCACTTC-1,0.011201,0.690601,0.013662,0.089888,0.074205,0.000038,0.000038,0.000075,0.04614,0.025252,0.048863,0.000038
AACGTGCGAAAGTCTC-1,0.000018,0.019864,0.000018,0.0175,0.17717,0.01963,0.073732,0.024284,0.184466,0.020014,0.295831,0.167473
AACGTTATCAGCACCT-1,0.000026,0.010185,0.065098,0.000026,0.000026,0.000026,0.000026,0.000051,0.000026,0.92446,0.000026,0.000026
AACTACCCGTTTGTCA-1,0.000015,0.154702,0.286416,0.051303,0.137011,0.000402,0.000409,0.083108,0.000015,0.013913,0.135235,0.137472
AACTAGGCTTGGGTGT-1,0.000041,0.0364,0.000041,0.015046,0.071319,0.049693,0.000041,0.000081,0.338851,0.281284,0.100371,0.106833
AACTCAAGTTAATTGC-1,0.00003,0.006525,0.092246,0.00003,0.00003,0.00003,0.00003,0.004477,0.15676,0.374429,0.258824,0.106588
AACTCCAGAGCGTGTT-1,0.000018,0.074658,0.160578,0.117601,0.000018,0.000018,0.000018,0.000037,0.000018,0.490834,0.156182,0.000018
AACTCCTAATCCCATG-1,0.121952,0.062902,0.000059,0.000059,0.000059,0.071833,0.000059,0.180344,0.467953,0.094663,0.000059,0.000059
AACTCTCAATAGAGCG-1,0.001379,0.011801,0.000773,0.051729,0.155721,0.00002,0.00002,0.00004,0.342416,0.232435,0.178959,0.024705
AACTCTCAGTGTGCTC-1,0.000046,0.000046,0.000046,0.000046,0.000046,0.143465,0.000046,0.000092,0.308635,0.044451,0.000046,0.503038
AACTGAGGTCAGCGTC-1,0.000016,0.004956,0.000016,0.243205,0.002096,0.161343,0.018883,0.465643,0.006428,0.05267,0.00168,0.043064
AACTGAGTTATACTGA-1,0.00002,0.870465,0.00002,0.074515,0.053786,0.00002,0.001053,0.00004,0.00002,0.00002,0.00002,0.00002
AACTGATATTAGGCCT-1,0.018024,0.001901,0.000016,0.121957,0.004342,0.052208,0.014586,0.757974,0.000375,0.000016,0.000016,0.028587
AACTGGGTCCCGACGT-1,0.019964,0.000013,0.009734,0.016517,0.132149,0.02026,0.033121,0.479921,0.00258,0.116367,0.092372,0.077002
AACTTCTGCGTCTATC-1,0.999547,0.000038,0.000038,0.000038,0.000038,0.000038,0.000038,0.000075,0.000038,0.000038,0.000038,0.000038
AACTTGCCCGTATGCA-1,0.000233,0.095681,0.000076,0.000076,0.000076,0.209726,0.000076,0.000152,0.197168,0.496585,0.000076,0.000076
AACTTGCGTTCTCGCG-1,0.999679,0.000027,0.000027,0.000027,0.000027,0.000027,0.000027,0.000053,0.000027,0.000027,0.000027,0.000027
AACTTTACGGGAGCTT-1,0.000019,0.000019,0.000019,0.000019,0.002856,0.217365,0.055541,0.086145,0.013667,0.452993,0.012104,0.159254
AACTTTCTCGATCATG-1,0.000856,0.024507,0.000019,0.216543,0.000019,0.161424,0.347956,0.069012,0.000028,0.175123,0.004496,0.000019
AAGAAAGTTTGATGGG-1,0.002489,0.000005,0.000005,0.306839,0.091277,0.000005,0.170087,0.429277,0.000005,0.000005,0.000005,0.000005
AAGAAATCACCAGATT-1,0.000035,0.086024,0.000035,0.03701,0.000035,0.071222,0.000035,0.00007,0.456693,0.34877,0.000035,0.000035
AAGAAGGATCAGTTAG-1,0.999613,0.000032,0.000032,0.000032,0.000032,0.000032,0.000032,0.000065,0.000032,0.000032,0.000032,0.000032
AAGACATACGTGGTTT-1,0.000039,0.872143,0.000039,0.000039,0.000039,0.010909,0.000039,0.000077,0.116561,0.000039,0.000039,0.000039
AAGACCAAATAACTCA-1,0.07472,0.002621,0.00004,0.232756,0.37176,0.008131,0.091431,0.140005,0.076228,0.000014,0.001392,0.000902
AAGACCCAACTGAACA-1,0.000034,0.050655,0.000034,0.000034,0.000034,0.009527,0.000034,0.000069,0.666365,0.018893,0.064555,0.189765
AAGACTGCAAGCTACT-1,0.004392,0.000023,0.003669,0.079719,0.091932,0.00072,0.098983,0.050178,0.259539,0.006405,0.236355,0.168086
AAGAGATGAATCGGTA-1,0.02747,0.000116,0.000116,0.000116,0.000116,0.021513,0.000116,0.000232,0.68227,0.267701,0.000116,0.000116
AAGAGCTCTTTATCGG-1,0.000032,0.035704,0.031199,0.000032,0.072107,0.003123,0.000032,0.000064,0.39246,0.026593,0.026376,0.41228
AAGAGGATGTACGCGA-1,0.000032,0.000032,0.000032,0.000032,0.000032,0.000032,0.000032,0.161431,0.000032,0.437102,0.357473,0.043737
AAGAGGCATGGATCGC-1,0.015835,0.029945,0.000028,0.000028,0.003712,0.000169,0.000028,0.012237,0.524133,0.122974,0.186561,0.10435
AAGAGGCCCTTTGGAA-1,0.000019,0.53511,0.289917,0.000019,0.000019,0.000019,0.000019,0.000039,0.014716,0.079606,0.013285,0.06723
AAGATGGCACCGGACC-1,0.000031,0.000031,0.000031,0.000031,0.000031,0.004095,0.000031,0.000061,0.10892,0.524629,0.056422,0.305691
AAGATTGGCGGAACGT-1,0.000019,0.000019,0.000019,0.00148,0.091058,0.016375,0.056622,0.169333,0.324159,0.027106,0.13291,0.180899
AAGCACCCTGCGTATC-1,0.000021,0.024829,0.000021,0.278064,0.012156,0.000021,0.000021,0.000043,0.002252,0.239219,0.443106,0.000244
AAGCATACTCTCCTGA-1,0.000021,0.091978,0.030146,0.001477,0.187282,0.068165,0.018059,0.012364,0.101876,0.080762,0.315156,0.092713
AAGCCACTTGCAGGTA-1,0.000021,0.000021,0.000885,0.207651,0.008322,0.000376,0.021475,0.128587,0.014687,0.463148,0.154638,0.000188
AAGCCGAAGCGGTTTA-1,0.000026,0.560764,0.011804,0.000026,0.000026,0.000026,0.000026,0.000053,0.000026,0.406487,0.020708,0.000026
AAGCCGCCGTGAAATC-1,0.186327,0.300363,0.000127,0.000127,0.000127,0.038445,0.000127,0.000254,0.473722,0.000127,0.000127,0.000127
AAGCCGCTTTACCTTG-1,0.04619,0.046726,0.000041,0.000041,0.000041,0.082705,0.000041,0.000082,0.467524,0.356527,0.000041,0.000041
AAGCCGGAGAGCAGGA-1,0.00203,0.872436,0.000027,0.051618,0.049346,0.000027,0.000027,0.000053,0.024356,0.000027,0.000027,0.000027
AAGCGCAGGGCTTTGA-1,0.008057,0.102343,0.012885,0.000041,0.000041,0.031305,0.000041,0.000081,0.701606,0.000273,0.033356,0.109974
AAGCGGAGTGCGCGCA-1,0.000009,0.001954,0.003613,0.170721,0.009502,0.102167,0.396936,0.221364,0.000009,0.075089,0.009723,0.008915
AAGCGGCGTCATGGGT-1,0.000026,0.000026,0.000026,0.172774,0.00411,0.31533,0.007866,0.076223,0.192487,0.186189,0.000143,0.044798
AAGCGTCCCTCATCGA-1,0.000029,0.000029,0.000029,0.000029,0.000029,0.0468,0.000029,0.302705,0.046661,0.000029,0.021763,0.581868
AAGCTAGATCGAGTAA-1,0.000023,0.081851,0.000059,0.08055,0.135762,0.044868,0.023799,0.004793,0.092566,0.052608,0.220392,0.26273
AAGCTATGGATTGACC-1,0.000028,0.004453,0.000028,0.37655,0.011289,0.198134,0.2781,0.002004,0.077591,0.051768,0.000028,0.000028
AAGCTCGTGCCAAGTC-1,0.00002,0.00659,0.022365,0.068506,0.299804,0.000078,0.008692,0.041,0.096525,0.00002,0.042349,0.41405
AAGCTCTTTCATGGTG-1,0.000033,0.042134,0.000033,0.000033,0.167326,0.08237,0.064073,0.066553,0.100011,0.000033,0.152013,0.325389
AAGGAGCGGTTGGTGC-1,0.000024,0.000024,0.031268,0.000024,0.11017,0.019111,0.06374,0.274111,0.005713,0.2325,0.094795,0.168521
AAGGATCGATCGCTTG-1,0.003154,0.093295,0.00005,0.273721,0.01601,0.00005,0.00005,0.000099,0.613423,0.00005,0.00005,0.00005
AAGGATGAGGGACCTC-1,0.00001,0.00001,0.001162,0.00001,0.407995,0.022016,0.061407,0.062831,0.085814,0.153898,0.15258,0.052265
AAGGCAGGCTGTCTCC-1,0.000016,0.130608,0.002846,0.392625,0.297573,0.014126,0.015129,0.023602,0.098965,0.000016,0.000361,0.024131
AAGGCGCGTAAAGCTT-1,0.000014,0.000014,0.000014,0.211206,0.000014,0.000876,0.09466,0.586941,0.000014,0.097903,0.008325,0.000021
AAGGCTGTGCTCATCG-1,0.000019,0.000019,0.000019,0.002443,0.130874,0.019831,0.031812,0.596939,0.000019,0.00061,0.007011,0.210407
AAGGGAACGACTGGCT-1,0.019997,0.272358,0.096575,0.000044,0.000044,0.000044,0.000044,0.000089,0.231653,0.379061,0.000044,0.000044
AAGGGACAGATTCTGT-1,0.000019,0.048373,0.000019,0.023876,0.068541,0.016868,0.007085,0.000039,0.168002,0.615733,0.044362,0.007082
AAGGGACTATGCATTC-1,0.000068,0.000068,0.000068,0.000068,0.000068,0.000068,0.000068,0.000137,0.644653,0.306452,0.000068,0.048212
AAGGGTTTGATTTCAG-1,0.001537,0.000011,0.022075,0.182587,0.208554,0.002732,0.207859,0.219735,0.001734,0.11312,0.031498,0.008558
AAGGTATCCTAATATA-1,0.000014,0.000014,0.025492,0.003211,0.249158,0.025374,0.050679,0.123253,0.05383,0.025011,0.101324,0.342641
AAGGTGATAAACCAGC-1,0.000016,0.025325,0.000016,0.040084,0.361201,0.002312,0.000759,0.112777,0.124386,0.000016,0.177639,0.155469
AAGTAGAAGACCGGGT-1,0.000026,0.000026,0.000026,0.001084,0.000026,0.145786,0.010021,0.464109,0.085706,0.092694,0.021845,0.178651
AAGTAGTGACGCGAGG-1,0.000027,0.000027,0.000027,0.038941,0.033573,0.071103,0.136873,0.521146,0.004077,0.000027,0.086798,0.107379
AAGTCAATTGTCGTCA-1,0.000041,0.180437,0.062717,0.000041,0.000041,0.001366,0.000041,0.000083,0.378329,0.108674,0.00581,0.262419
AAGTCTAGTAGCTGCC-1,0.000018,0.008281,0.000018,0.343473,0.001458,0.082474,0.231111,0.037577,0.020937,0.274603,0.000031,0.000018
AAGTCTTCTGTGGCCT-1,0.003133,0.000014,0.000014,0.052477,0.157041,0.017178,0.495988,0.066987,0.011788,0.169416,0.025502,0.000463
AAGTGACGACCGAATT-1,0.000044,0.002588,0.000044,0.000044,0.000044,0.024159,0.000044,0.000087,0.284854,0.269868,0.000044,0.418181
AAGTGAGTCGGGTTTA-1,0.000066,0.000066,0.000066,0.000066,0.007842,0.000066,0.000066,0.085153,0.66708,0.102727,0.074592,0.062207
AAGTGCAAAGGTAGAC-1,0.000027,0.000027,0.000027,0.171847,0.016517,0.488565,0.028764,0.175824,0.021683,0.071022,0.017048,0.008649
AAGTGCCTTGACTGTA-1,0.000029,0.103185,0.019849,0.053353,0.018559,0.002114,0.000029,0.003819,0.19838,0.161568,0.360864,0.078252
AAGTGCGTTAGAATCT-1,0.000058,0.000058,0.000058,0.000058,0.000058,0.063717,0.000058,0.000848,0.173256,0.275847,0.000058,0.485929
AAGTGCTTCTCTATTG-1,0.017325,0.000031,0.002311,0.000031,0.000031,0.055082,0.000031,0.013261,0.045544,0.579703,0.01312,0.273532
AAGTGTTTGGAGACGG-1,0.000024,0.026337,0.00389,0.013694,0.372618,0.000024,0.00064,0.15283,0.063273,0.000024,0.12497,0.241678
AAGTTCACTCCAAGCT-1,0.000027,0.037425,0.073296,0.011936,0.152721,0.008416,0.010642,0.121244,0.030106,0.000027,0.146649,0.407512
AAGTTCAGTCTGCGTA-1,0.004784,0.000021,0.001309,0.208471,0.004967,0.000641,0.003927,0.173708,0.080101,0.306704,0.129312,0.086054
AAGTTCGGCCAACAGG-1,0.000012,0.000012,0.000012,0.000012,0.002527,0.000718,0.000671,0.637385,0.000012,0.066026,0.156016,0.136597
AAGTTGTGATGTTATA-1,0.000026,0.407502,0.262903,0.128807,0.010477,0.000026,0.000026,0.004233,0.016397,0.01082,0.142064,0.01672
AAGTTTATGGGCCCAA-1,0.000015,0.037733,0.046997,0.000015,0.357421,0.000015,0.00015,0.000029,0.174156,0.127157,0.253297,0.003016
AATAACAACGCTCGGC-1,0.004228,0.000018,0.000018,0.021758,0.001437,0.025534,0.000018,0.534754,0.000018,0.138794,0.121646,0.151776
AATAACACTAGAACAA-1,0.000018,0.000018,0.002675,0.000018,0.071708,0.033004,0.027873,0.263778,0.058499,0.035668,0.159725,0.347017
AATAATCTTCGTATCG-1,0.00004,0.899,0.014076,0.086522,0.00004,0.00004,0.00004,0.00008,0.00004,0.00004,0.00004,0.00004
AATACAATGTTTCAGG-1,0.668011,0.021542,0.000063,0.000063,0.000063,0.026192,0.014315,0.132536,0.039073,0.098016,0.000063,0.000063
AATACCGGAGGGCTGT-1,0.000016,0.000016,0.087561,0.029824,0.013159,0.0505,0.019072,0.322499,0.02724,0.012787,0.016178,0.421149
AATACCTGATGTGAAC-1,0.000029,0.142516,0.343671,0.192499,0.050162,0.003703,0.002456,0.017805,0.1302,0.007937,0.071619,0.037401
AATAGAACAGAGTGGC-1,0.000045,0.000045,0.064469,0.000045,0.000045,0.000045,0.000045,0.00009,0.682337,0.000045,0.000457,0.252329
AATAGAATCTGTTTCA-1,0.00004,0.051209,0.085661,0.004314,0.005452,0.00004,0.00004,0.00008,0.235388,0.169221,0.105091,0.343463
AATAGCAAGCCTCCTG-1,0.000012,0.006714,0.00383,0.160308,0.004017,0.025715,0.102482,0.324993,0.000012,0.354728,0.005098,0.012091
AATAGCTACCGCGTGC-1,0.004678,0.006947,0.005506,0.207658,0.000015,0.05358,0.095588,0.482182,0.025196,0.076796,0.003527,0.038327
AATAGGCACGACCCTT-1,0.010588,0.000008,0.005289,0.292357,0.05534,0.003805,0.048937,0.580784,0.000008,0.000008,0.002116,0.000759
AATAGTCCGTCCCGAC-1,0.000018,0.004414,0.172399,0.031999,0.066091,0.043762,0.097451,0.044998,0.121558,0.087804,0.160242,0.169265
AATAGTCGCGAGTCGG-1,0.000987,0.000012,0.000012,0.046438,0.044483,0.092847,0.036083,0.727446,0.000012,0.001956,0.004043,0.04568
AATATCAAGGTCGGAT-1,0.306277,0.062693,0.000031,0.402624,0.000031,0.00531,0.006525,0.000062,0.216354,0.000031,0.000031,0.000031
AATATCCTAGCAAACT-1,0.000043,0.000043,0.000043,0.000043,0.563673,0.000043,0.054619,0.007238,0.374128,0.000043,0.000043,0.000043
AATATCGAATCAATGC-1,0.000032,0.678422,0.009268,0.000032,0.000032,0.000032,0.000032,0.000064,0.008787,0.229117,0.004531,0.069652
AATATCGAGGGTTCTC-1,0.004274,0.000023,0.000023,0.026792,0.137821,0.169832,0.106949,0.025195,0.376013,0.089353,0.039013,0.024712
AATATTGGAGTATTGA-1,0.000118,0.05232,0.000118,0.000118,0.000118,0.000118,0.000118,0.000236,0.320468,0.626034,0.000118,0.000118
AATCAGGTTTCATTTA-1,0.000028,0.000028,0.000028,0.000028,0.000028,0.085136,0.000028,0.224727,0.008635,0.181939,0.02094,0.478457
AATCATGTAAAGACTC-1,0.00004,0.379964,0.05467,0.014952,0.00004,0.00004,0.00004,0.024276,0.077727,0.138103,0.200702,0.109444
AATCCAAGGGCCTGAG-1,0.000086,0.000086,0.073338,0.000086,0.000086,0.260273,0.000086,0.024603,0.594446,0.008738,0.000086,0.038086
AATCCCGCTCAGAGCC-1,0.000022,0.000022,0.000022,0.000022,0.660586,0.000022,0.000022,0.000044,0.33917,0.000022,0.000022,0.000022
AATCGAGGTCTCAAGG-1,0.000028,0.022212,0.150789,0.000028,0.138674,0.000028,0.003801,0.011676,0.605567,0.000028,0.06714,0.000028
AATCGCCTCAGCGCCA-1,0.004017,0.021875,0.033914,0.000025,0.126851,0.034668,0.000025,0.001361,0.318661,0.000025,0.039319,0.419259
AATCGCGCAGAGGACT-1,0.000014,0.078871,0.097782,0.268161,0.02023,0.000014,0.000014,0.000314,0.06108,0.151351,0.311279,0.010889
AATCGGTATAGCCCTC-1,0.000016,0.255373,0.420223,0.132175,0.048924,0.000016,0.000016,0.015428,0.000016,0.010536,0.096165,0.02111
AATCGTGAGCCGAGCA-1,0.000021,0.024514,0.030197,0.074108,0.022516,0.000021,0.000021,0.03889,0.110672,0.049544,0.601086,0.04841
AATCTAGGTTTACTTG-1,0.00005,0.00005,0.00005,0.00005,0.00005,0.20269,0.00005,0.000101,0.381738,0.232696,0.00005,0.182423
AATCTATGCCGGAGCC-1,0.000019,0.002326,0.006308,0.018323,0.102384,0.029721,0.209796,0.026735,0.116984,0.277193,0.108203,0.102008
AATCTCTACTGTGGTT-1,0.000007,0.000007,0.000007,0.08002,0.00614,0.01216,0.299571,0.497406,0.000007,0.100977,0.00369,0.000007
AATCTGCGTTGGGACG-1,0.000021,0.002954,0.000021,0.004642,0.191206,0.007316,0.053688,0.019308,0.384783,0.001658,0.141841,0.192562
AATCTGGCTTTCTAGT-1,0.00004,0.00004,0.004431,0.00004,0.00004,0.305523,0.00004,0.003964,0.154631,0.24751,0.00004,0.283703
AATGACAGCAATGTCT-1,0.000023,0.000023,0.000023,0.00311,0.021066,0.000023,0.000023,0.547503,0.000023,0.005851,0.107307,0.315027
AATGACGTAGGATGTC-1,0.000033,0.135827,0.034071,0.036782,0.076978,0.055867,0.000892,0.004425,0.121763,0.094324,0.123773,0.315266
AATGACTGTCAGCCGG-1,0.000022,0.000022,0.000022,0.016922,0.009275,0.078366,0.08234,0.286235,0.000022,0.451187,0.03233,0.043258
AATGAGTTCGCATATG-1,0.567267,0.0262,0.000068,0.045295,0.093706,0.039476,0.000068,0.000135,0.050601,0.104736,0.008274,0.064174
AATGATGATACGCTAT-1,0.000012,0.000012,0.000012,0.123992,0.323152,0.030965,0.109116,0.267573,0.000565,0.000012,0.013217,0.131373
AATGATGCGACTCCTG-1,0.000011,0.000011,0.000011,0.269945,0.078935,0.003243,0.117723,0.277655,0.000011,0.103238,0.137166,0.012053
AATGCAACCGGGTACC-1,0.000017,0.000017,0.000017,0.040603,0.283713,0.006159,0.164406,0.13688,0.001625,0.191525,0.14145,0.033589
AATGCACCAAGCAATG-1,0.028486,0.000022,0.000022,0.186382,0.039485,0.094724,0.027111,0.25438,0.182415,0.000022,0.002629,0.184323
AATGGTCCACCGTTCA-1,0.013184,0.009792,0.000094,0.000094,0.000094,0.171474,0.000094,0.000188,0.468961,0.335838,0.000094,0.000094
AATGGTTCTCACAAGC-1,0.058484,0.000135,0.000135,0.000135,0.000135,0.382038,0.000135,0.000271,0.558123,0.000135,0.000135,0.000135
AATGTATGGCACTGTA-1,0.000017,0.014298,0.004371,0.019289,0.005698,0.020547,0.043973,0.201102,0.000251,0.617163,0.061587,0.011703
AATGTGCCCGAGGTGT-1,0.000042,0.000042,0.000042,0.000042,0.000042,0.200599,0.000042,0.049041,0.166267,0.361983,0.000042,0.221817
AATGTGCTAATCTGAG-1,0.000021,0.000021,0.000021,0.000021,0.011281,0.003628,0.000021,0.541799,0.068303,0.000021,0.011389,0.363471
AATGTTAAGACCCTGA-1,0.00002,0.02917,0.057534,0.174502,0.272412,0.00002,0.007215,0.001683,0.436186,0.00002,0.021219,0.00002
AATGTTGTCGTGAGAC-1,0.000036,0.767661,0.000036,0.000036,0.000036,0.000036,0.000036,0.000071,0.003367,0.184529,0.041564,0.002595
AATTAAAGGTCGGCGT-1,0.000033,0.000033,0.000033,0.000033,0.510171,0.000033,0.000033,0.004504,0.286464,0.028351,0.129089,0.041225
AATTAACGGATTTCCA-1,0.000036,0.021442,0.14832,0.046326,0.044978,0.02839,0.000036,0.000342,0.27453,0.020959,0.251698,0.162943
AATTACGAGACCCATC-1,0.000013,0.000013,0.000013,0.107104,0.166445,0.019949,0.117623,0.358585,0.023964,0.136665,0.052533,0.017092
AATTACTCGTACGCTC-1,0.00522,0.024021,0.000101,0.000101,0.000101,0.184382,0.000101,0.000201,0.746769,0.038803,0.000101,0.000101
AATTAGCGCTGCAGCG-1,0.000023,0.053847,0.000046,0.050801,0.245782,0.066635,0.016273,0.020671,0.10073,0.089442,0.250498,0.105254
AATTATACCCAGCAAG-1,0.000024,0.029113,0.000024,0.47728,0.003316,0.000024,0.000024,0.000049,0.3461,0.094451,0.049569,0.000024
AATTCATAAGGGATCT-1,0.000016,0.000016,0.000016,0.022168,0.145646,0.036772,0.127255,0.276903,0.018675,0.005537,0.062839,0.304156
AATTCATTGTCATGCA-1,0.00002,0.00002,0.00002,0.00002,0.048547,0.123992,0.00239,0.326566,0.056329,0.042528,0.077635,0.321932
AATTCCAAGCATGTAC-1,0.000027,0.000027,0.010748,0.006127,0.011538,0.018594,0.032418,0.034487,0.288372,0.02057,0.10453,0.472562
AATTCGATTCGAGGAT-1,0.000035,0.061818,0.000035,0.000035,0.122814,0.012235,0.000035,0.000071,0.166591,0.000035,0.003745,0.63255
AATTCTAGAGTTAGGC-1,0.000057,0.0299,0.012644,0.000057,0.000057,0.000057,0.000057,0.000113,0.635395,0.057679,0.000057,0.263928
AATTGAACGCTCTGGT-1,0.00003,0.123107,0.230721,0.050799,0.00003,0.00406,0.00003,0.000061,0.149807,0.327883,0.080673,0.032798
AATTGCAGCAATCGAC-1,0.000035,0.60989,0.234572,0.000035,0.000035,0.000035,0.000035,0.000069,0.129335,0.000035,0.000035,0.025893
AATTGCGTGGATTACA-1,0.005736,0.000018,0.000018,0.000018,0.188102,0.200027,0.01021,0.333758,0.110036,0.004025,0.039343,0.108708
AATTGTGGTTGCCAAA-1,0.009797,0.973093,0.000026,0.000026,0.000026,0.000026,0.000026,0.000051,0.016853,0.000026,0.000026,0.000026
AATTTGGGACATAGTA-1,0.000049,0.000049,0.000049,0.000049,0.000049,0.041036,0.000049,0.000097,0.31512,0.642983,0.000049,0.000424
AATTTGGTTCCAAAGA-1,0.372748,0.044735,0.000042,0.045307,0.000042,0.000042,0.000042,0.000083,0.36039,0.176487,0.000042,0.000042
ACAAACCATGCGTCCT-1,0.000011,0.000011,0.030827,0.099499,0.007091,0.063751,0.03085,0.605046,0.003961,0.105143,0.03061,0.0232
ACAAACTCCATCAGAG-1,0.000008,0.000008,0.00283,0.062569,0.179543,0.000805,0.050665,0.589842,0.005948,0.022984,0.075594,0.009204
ACAAAGAAGGTAGGCC-1,0.000019,0.000019,0.000019,0.003299,0.222462,0.159032,0.043147,0.012133,0.166034,0.344496,0.04373,0.00561
ACAAAGCATGACCTAG-1,0.000017,0.360375,0.259186,0.069359,0.062845,0.013034,0.000017,0.022272,0.119337,0.000017,0.016461,0.07708
ACAAATCGCACCGAAT-1,0.000025,0.100489,0.002005,0.005431,0.227362,0.026012,0.007437,0.082806,0.057189,0.000025,0.092517,0.398702
ACAAATGGTAGTGTTT-1,0.000024,0.046858,0.000024,0.075517,0.037784,0.003075,0.000024,0.000048,0.081448,0.323531,0.412425,0.019241
ACAACAGCATGAGCTA-1,0.000021,0.074746,0.000028,0.298604,0.178889,0.037147,0.042406,0.022037,0.290364,0.000021,0.00513,0.050606
ACAACGGTCCCTGCGA-1,0.058254,0.092451,0.000092,0.000092,0.026885,0.070009,0.007544,0.21523,0.235802,0.134247,0.026127,0.133266
ACAAGCAGTGCCTAGC-1,0.000049,0.044765,0.000049,0.000049,0.000049,0.000049,0.000049,0.000098,0.000049,0.954695,0.000049,0.000049
ACAAGCTATATGGAAG-1,0.000017,0.000157,0.000017,0.004254,0.26824,0.183429,0.183065,0.035554,0.23682,0.028946,0.020163,0.039338
ACAAGGAAATCCGCCC-1,0.000024,0.060939,0.074943,0.049638,0.068415,0.058679,0.000024,0.00625,0.186715,0.000658,0.158782,0.334932
ACAAGGACAAGAGGTT-1,0.000017,0.000017,0.000017,0.000017,0.029131,0.078686,0.025768,0.577966,0.006451,0.032175,0.028681,0.221074
ACAAGGATGCTTTAGG-1,0.000045,0.105003,0.000045,0.000045,0.000045,0.007043,0.000045,0.000089,0.474713,0.004351,0.010498,0.39808
ACAAGGGCAGGCTCTG-1,0.000021,0.03811,0.041192,0.047506,0.383049,0.009589,0.025066,0.100404,0.026904,0.052468,0.150473,0.125218
ACAAGTAATTGTAAGG-1,0.024938,0.1719,0.000088,0.000088,0.000088,0.175627,0.000088,0.000309,0.561874,0.064825,0.000088,0.000088
ACAATAGTCGTACGTT-1,0.000184,0.000184,0.154888,0.000184,0.000184,0.000184,0.000184,0.000368,0.843088,0.000184,0.000184,0.000184
ACAATCCATTTAAACC-1,0.000016,0.000016,0.000016,0.000017,0.000016,0.000016,0.000016,0.675221,0.000016,0.015882,0.104797,0.203973
ACAATGAATACGGAGA-1,0.000009,0.000009,0.000009,0.000009,0.055021,0.000009,0.000009,0.839473,0.000009,0.000009,0.041527,0.063906
ACAATGATTCTTCTAC-1,0.00001,0.004802,0.00001,0.289012,0.011082,0.128432,0.111555,0.308074,0.00001,0.143319,0.002759,0.000936
ACAATTGTGTCTCTTT-1,0.000032,0.390893,0.012908,0.000032,0.000032,0.000032,0.000032,0.000065,0.000032,0.436566,0.142691,0.016681
ACAATTTAGGAGGCTC-1,0.000014,0.000014,0.000014,0.000014,0.026994,0.187555,0.074413,0.32198,0.000014,0.370239,0.006908,0.011842
ACAATTTGAGCAGTGG-1,0.000019,0.030888,0.123558,0.000266,0.098219,0.011542,0.076715,0.019298,0.323442,0.114808,0.069907,0.131339
ACAATTTGGCCATATT-1,0.001672,0.266243,0.000023,0.330376,0.197028,0.004497,0.058575,0.000046,0.14147,0.000023,0.000023,0.000023
ACACAAAGACGGGTGG-1,0.000024,0.000024,0.000024,0.000024,0.042279,0.411768,0.007572,0.049821,0.1907,0.146167,0.044475,0.107122
ACACAAATATTCCTAG-1,0.006203,0.055681,0.008893,0.361177,0.000018,0.064249,0.170735,0.015691,0.031675,0.285641,0.000018,0.000018
ACACACCAGGACCAGT-1,0.000021,0.036091,0.028011,0.009776,0.067241,0.035913,0.009877,0.064993,0.129842,0.079823,0.371334,0.167077
ACACACTTTCTACACG-1,0.041779,0.000065,0.000065,0.000065,0.000065,0.071893,0.000065,0.096164,0.247924,0.511516,0.000065,0.03033
ACACATGATCAAATCT-1,0.000022,0.000022,0.000022,0.117145,0.000985,0.388668,0.006313,0.285551,0.104258,0.079606,0.005672,0.011736
ACACATTTCCGTAGAC-1,0.000016,0.013005,0.000016,0.413857,0.020258,0.000016,0.003842,0.000033,0.177326,0.055588,0.313141,0.002902
ACACCACATAATTAGC-1,0.000013,0.015954,0.052809,0.032874,0.112646,0.016143,0.149701,0.003284,0.312543,0.244281,0.057826,0.001926
ACACCCAGCATGCAGC-1,0.000016,0.000016,0.039673,0.02782,0.07204,0.000273,0.091236,0.43062,0.000016,0.181245,0.132717,0.024328
ACACCCGAGAAATCCG-1,0.008335,0.045175,0.000064,0.000064,0.000064,0.088989,0.000064,0.000127,0.346461,0.447631,0.000064,0.062964
ACACCGAGCGCTCTTT-1,0.000019,0.000019,0.000019,0.015056,0.013705,0.239926,0.027338,0.62127,0.034919,0.016667,0.004093,0.026968
ACACCGGTCTGACCGC-1,0.000021,0.010683,0.000021,0.000021,0.000021,0.05991,0.006154,0.368726,0.084353,0.340731,0.006081,0.123277
ACACCTTAAGTAGGGC-1,0.000029,0.000029,0.000029,0.005136,0.048646,0.020586,0.003177,0.253382,0.000029,0.554925,0.089771,0.02426
ACACCTTACTACTTGC-1,0.006533,0.070586,0.000022,0.083503,0.004083,0.002877,0.006343,0.008023,0.227514,0.230304,0.351545,0.008665
ACACGAGACTCCTTCT-1,0.000029,0.000029,0.04757,0.005444,0.075928,0.184798,0.023926,0.028284,0.385934,0.000029,0.003197,0.244832
ACACGGGAACTTAGGG-1,0.000046,0.000046,0.000046,0.007958,0.123239,0.172624,0.000046,0.015663,0.516401,0.014684,0.027871,0.121377
ACACGTAGGCCACAAG-1,0.000026,0.566816,0.124873,0.000026,0.000026,0.000026,0.000026,0.000052,0.000026,0.266022,0.042054,0.000026
ACACTCCAATGTCACT-1,0.999471,0.000044,0.000044,0.000044,0.000044,0.000044,0.000044,0.000088,0.000044,0.000044,0.000044,0.000044
ACACTGATCAAGGTGT-1,0.000026,0.000026,0.000026,0.000026,0.414343,0.021531,0.022147,0.064179,0.100718,0.017982,0.232894,0.126102
ACACTGGGACAGTCGT-1,0.000018,0.492899,0.154946,0.000018,0.000018,0.000018,0.000018,0.000036,0.000018,0.326912,0.02508,0.000018
ACAGAACTGAGAACAA-1,0.000079,0.000079,0.000079,0.000079,0.000079,0.000079,0.000079,0.000157,0.638901,0.187727,0.000079,0.172586
ACAGCGACATTCTCAT-1,0.000037,0.550787,0.020416,0.000037,0.000037,0.000037,0.000037,0.000074,0.003395,0.425071,0.000037,0.000037
ACAGCGCACCCGCAGC-1,0.102906,0.098241,0.033822,0.087986,0.0239,0.040073,0.008867,0.236825,0.072163,0.11661,0.129577,0.049032
ACAGGAGGCGCAGCCG-1,0.024293,0.087558,0.092759,0.064901,0.069994,0.060287,0.143154,0.202085,0.017669,0.164712,0.06376,0.008828
ACAGGCACGGATCCTT-1,0.000013,0.067911,0.055738,0.022871,0.015329,0.00132,0.003798,0.222286,0.039348,0.107546,0.31411,0.14973
ACAGGCTTGCCCGACT-1,0.000023,0.08084,0.018483,0.007904,0.225254,0.218715,0.027835,0.092408,0.039353,0.000023,0.168251,0.120913
ACAGGTGGAGGTGAGG-1,0.000027,0.000027,0.143705,0.009051,0.029089,0.011181,0.005004,0.209383,0.086966,0.034101,0.111707,0.35976
ACAGGTGTGTTGTTGC-1,0.000949,0.000014,0.006808,0.046713,0.302823,0.103164,0.20275,0.013069,0.145763,0.176454,0.00148,0.000014
ACAGTAATACAACTTG-1,0.000027,0.000027,0.000027,0.000027,0.000027,0.191947,0.000027,0.038921,0.230811,0.395629,0.000027,0.142506
ACAGTATACCGTGGGA-1,0.440503,0.024851,0.000055,0.05886,0.000055,0.000055,0.000055,0.00011,0.475292,0.000055,0.000055,0.000055
ACATAAGTCGTGGTGA-1,0.000022,0.000022,0.000022,0.000022,0.102541,0.253697,0.022022,0.161662,0.082482,0.108403,0.115693,0.15341
ACATAATAAGGCGGTG-1,0.000037,0.000037,0.036212,0.000037,0.069201,0.135842,0.003446,0.065468,0.204275,0.396071,0.026726,0.062649
ACATACAATCAAGCGG-1,0.000036,0.120816,0.039863,0.145436,0.059325,0.000036,0.018108,0.006594,0.609677,0.000036,0.000036,0.000036
ACATCAGCTGGGACGC-1,0.000013,0.000013,0.000013,0.039479,0.000232,0.185148,0.201897,0.553427,0.000013,0.00982,0.000013,0.009932
ACATCCCGGCCATACG-1,0.000032,0.03614,0.011514,0.004598,0.233993,0.000713,0.030864,0.000065,0.20683,0.000032,0.091838,0.38338
ACATCCTGGTAACTGT-1,0.000017,0.02202,0.039502,0.001177,0.433068,0.002872,0.003212,0.045582,0.116598,0.000017,0.148027,0.187907
ACATCGATCGTTTACC-1,0.000018,0.000018,0.000018,0.119332,0.438946,0.006673,0.000913,0.050933,0.020417,0.000018,0.063313,0.2994
ACATCGCAATATTCGG-1,0.03726,0.172305,0.000039,0.000039,0.000039,0.000039,0.000039,0.000077,0.116319,0.673768,0.000039,0.000039
ACATCGGTCAGCCGCG-1,0.000035,0.000035,0.000035,0.000035,0.000035,0.024212,0.000035,0.06978,0.023183,0.198458,0.255098,0.429061
