Barcode,Topic 1,Topic 2,Topic 3,Topic 4,Topic 5to6,Topic 7,Topic 8,Topic 9,Topic 10
AAACAAGTATCTCCCA-1,0.313603,0.532919,0.000408,0.090806,0.055057,0.00002,0.007149,0.000019,0.000019
AAACAATCTACTAGCA-1,0.056077,0.029654,0.000069,0.000069,0.000138,0.000069,0.154132,0.028985,0.730808
AAACACCAATAACTGC-1,0.248065,0.549578,0.024686,0.126995,0.004991,0.005483,0.001248,0.008172,0.03078
AAACAGAGCGACTCCT-1,0.016115,0.059445,0.023045,0.049476,0.311134,0.223723,0.239842,0.052835,0.024384
AAACAGCTTTCAGAAG-1,0.151305,0.092261,0.000021,0.335047,0.103716,0.137217,0.027138,0.082994,0.070301
AAACAGGGTCTATATT-1,0.397542,0.355874,0.082403,0.015252,0.000049,0.000024,0.000024,0.129651,0.01918
AAACAGTGTTCCTGGG-1,0.266564,0.730239,0.000011,0.000011,0.003131,0.000011,0.000011,0.000011,0.000011
AAACATGGTGAGAGGA-1,0.088298,0.050712,0.054858,0.263253,0.064225,0.100127,0.0045,0.251773,0.122254
AAACATTTCCCGGATT-1,0.080527,0.750726,0.168595,0.000022,0.000043,0.000022,0.000022,0.000022,0.000022
AAACCACTACACAGAT-1,0.000011,0.000011,0.029073,0.057762,0.076382,0.043799,0.75842,0.004305,0.030237
AAACCCGAACGAAATC-1,0.590456,0.353178,0.001908,0.005357,0.011897,0.000017,0.004052,0.018448,0.014688
AAACCGGGTAGGTACC-1,0.129844,0.166313,0.003267,0.176827,0.093118,0.101352,0.071317,0.076701,0.18126
AAACCGTTCGTCCAGG-1,0.476766,0.358011,0.031502,0.05338,0.009995,0.009069,0.000028,0.061222,0.000028
AAACCTAAGCAGCCGG-1,0.156597,0.681548,0.070535,0.043226,0.022964,0.000758,0.014301,0.005042,0.005029
AAACCTCATGAAGTTG-1,0.020169,0.026191,0.008734,0.088079,0.454032,0.119354,0.160227,0.002176,0.121038
AAACGAAGAACATACC-1,0.000043,0.000043,0.041189,0.000043,0.000087,0.000043,0.216561,0.000043,0.741946
AAACGAAGATGGAGTA-1,0.358097,0.158998,0.152913,0.021528,0.000061,0.000033,0.000031,0.160639,0.1477
AAACGACAGTCTTGCC-1,0.000014,0.000014,0.000014,0.012894,0.036439,0.071686,0.730471,0.051096,0.097372
AAACGAGACGGTTGAT-1,0.000009,0.000009,0.128643,0.024511,0.715097,0.067746,0.062652,0.000725,0.000608
AAACGCCCGAGATCGG-1,0.000016,0.000016,0.000016,0.009518,0.084675,0.147929,0.649168,0.000016,0.108645
AAACGGGCGTACGGGT-1,0.625879,0.135029,0.219886,0.000024,0.000048,0.000024,0.000024,0.019004,0.000081
AAACGGTTGCGAACTG-1,0.703609,0.280323,0.000025,0.000025,0.000049,0.000025,0.000025,0.001088,0.014833
AAACGTGTTCGCCCTA-1,0.000015,0.000015,0.023525,0.000015,0.681978,0.057909,0.013073,0.211027,0.012442
AAACTAACGTGGCGAC-1,0.00484,0.029869,0.04095,0.006484,0.073192,0.114184,0.291246,0.278799,0.160435
AAACTCGGTTCGCAAT-1,0.132218,0.754256,0.113299,0.000033,0.000065,0.000033,0.000033,0.000033,0.000033
AAACTCGTGATATAAG-1,0.015186,0.02892,0.005354,0.070957,0.685286,0.045284,0.099577,0.036303,0.013133
AAACTGCTGGCTCCAA-1,0.287534,0.385615,0.003098,0.170931,0.078686,0.026869,0.022707,0.020941,0.003619
AAACTTAATTGCACGC-1,0.035094,0.059829,0.402702,0.275806,0.06973,0.086892,0.05487,0.008162,0.006915
AAACTTGCAAACGTAT-1,0.203216,0.294333,0.04798,0.175833,0.059607,0.08986,0.0333,0.08078,0.015092
AAAGAATGACCTTAGA-1,0.010459,0.000339,0.01732,0.414864,0.135514,0.102194,0.042425,0.174396,0.102489
AAAGACATGAAGTTTA-1,0.045287,0.008282,0.006741,0.05368,0.081168,0.000085,0.312742,0.08524,0.406775
AAAGACCCAAGTCGCG-1,0.000033,0.000033,0.000033,0.000033,0.000467,0.392077,0.377641,0.022773,0.206912
AAAGACTGGGCGCTTT-1,0.008998,0.000028,0.119392,0.01502,0.403383,0.150309,0.015577,0.1188,0.168493
AAAGCTTGCCTACATA-1,0.08654,0.024884,0.092925,0.07915,0.2162,0.043699,0.080119,0.297223,0.079259
AAAGGCCCTATAATAC-1,0.012158,0.124375,0.690294,0.02249,0.049647,0.016156,0.058874,0.000013,0.025993
AAAGGCTACGGACCAT-1,0.247115,0.15929,0.150227,0.111476,0.190023,0.010773,0.009846,0.074012,0.047238
AAAGGCTCTCGCGCCG-1,0.34087,0.020431,0.00986,0.249549,0.199127,0.031211,0.093016,0.014409,0.041528
AAAGGGATGTAGCAAG-1,0.005683,0.018734,0.00001,0.000013,0.88131,0.033964,0.039359,0.001162,0.019765
AAAGGGCAGCTTGAAT-1,0.015187,0.02056,0.042628,0.00102,0.792751,0.051015,0.019498,0.056707,0.000634
AAAGGTAAGCTGTACC-1,0.000034,0.000034,0.000034,0.001746,0.159498,0.328554,0.174303,0.115701,0.220097
AAAGGTCAACGACATG-1,0.007859,0.000048,0.009837,0.000048,0.000096,0.000048,0.000048,0.043502,0.938514
AAAGTCACTGATGTAA-1,0.000024,0.00474,0.000024,0.003351,0.063981,0.149246,0.585946,0.000024,0.192666
AAAGTCGACCCTCAGT-1,0.023331,0.131631,0.056836,0.151329,0.092364,0.019912,0.025165,0.098153,0.40128
AAAGTGTGATTTATCT-1,0.055973,0.561658,0.223913,0.000028,0.000056,0.000028,0.000028,0.000113,0.158201
AAAGTTGACTCCCGTA-1,0.340831,0.131418,0.000832,0.125988,0.046692,0.016482,0.074774,0.141576,0.121406
AAATAACCATACGGGA-1,0.023458,0.000018,0.000018,0.00334,0.558312,0.158077,0.214823,0.021982,0.019972
AAATAAGGTAGTGCCC-1,0.015118,0.000031,0.000031,0.005547,0.000061,0.01712,0.000031,0.628054,0.334007
AAATACCTATAAGCAT-1,0.497217,0.363608,0.000026,0.011631,0.060693,0.015684,0.027731,0.0066,0.016809
AAATAGCTTAGACTTT-1,0.000013,0.000013,0.135303,0.091981,0.42104,0.075976,0.049097,0.059458,0.167119
AAATAGGGTGCTATTG-1,0.563704,0.381662,0.000027,0.000027,0.000055,0.000027,0.000027,0.025373,0.029096
AAATCCGATACACGCC-1,0.220381,0.604083,0.169007,0.000017,0.000033,0.000017,0.000017,0.005498,0.000948
AAATCGCGGAAGGAGT-1,0.011096,0.111985,0.189326,0.333471,0.178935,0.022103,0.062898,0.000021,0.090165
AAATCGTGTACCACAA-1,0.212491,0.620172,0.000042,0.001891,0.002899,0.024329,0.078316,0.000042,0.059818
AAATCTAGCCCTGCTA-1,0.051099,0.882584,0.023338,0.000964,0.004671,0.000014,0.000014,0.001237,0.03608
AAATCTGCCCGCGTCC-1,0.001211,0.004332,0.222346,0.285449,0.027365,0.007337,0.000018,0.04812,0.403822
AAATGACTGATCAAAC-1,0.445693,0.018743,0.48302,0.00012,0.000241,0.00012,0.00012,0.051821,0.00012
AAATGATTCGATCAGC-1,0.000027,0.000027,0.000027,0.000027,0.152812,0.168185,0.013281,0.586224,0.079388
AAATGCTCGTTACGTT-1,0.000015,0.000015,0.039927,0.005388,0.543825,0.103039,0.30776,0.000015,0.000015
AAATGGCATGTCTTGT-1,0.000025,0.000025,0.000025,0.00335,0.284061,0.05834,0.41904,0.040077,0.195056
AAATGGCCCGTGCCCT-1,0.062347,0.85792,0.020807,0.002635,0.034781,0.000019,0.019979,0.001492,0.00002
AAATGGTCAATGTGCC-1,0.00003,0.00003,0.001037,0.189293,0.240906,0.292613,0.067939,0.073069,0.135084
AAATGTGGGTGCTCCT-1,0.00021,0.092681,0.000059,0.000059,0.048319,0.00092,0.463158,0.047056,0.34754
AAATTAACGGGTAGCT-1,0.02927,0.128917,0.000046,0.007869,0.331474,0.130111,0.028147,0.201043,0.143124
AAATTAATAAGCGCGA-1,0.06429,0.010463,0.000016,0.126632,0.346683,0.345816,0.03318,0.050857,0.022064
AAATTACACGACTCTG-1,0.000043,0.000043,0.000043,0.000043,0.020847,0.425285,0.133847,0.261954,0.157895
AAATTACCTATCGATG-1,0.000014,0.000014,0.007841,0.021594,0.387778,0.118586,0.060931,0.280099,0.123142
AAATTCCAGGTCCAAA-1,0.000009,0.000009,0.020157,0.195307,0.330944,0.177917,0.117354,0.125531,0.032772
AAATTGATAGTCCTTT-1,0.580502,0.296339,0.000041,0.000041,0.000083,0.000041,0.000041,0.003131,0.11978
AAATTGCGGCGGTTCT-1,0.00021,0.14703,0.004982,0.00021,0.117978,0.042276,0.332804,0.248892,0.105617
AAATTGGTGAGAAGCA-1,0.00159,0.000015,0.040648,0.000015,0.522612,0.041528,0.037755,0.353433,0.002404
AAATTTACCGAAATCC-1,0.007696,0.000034,0.000034,0.00256,0.006093,0.234246,0.591131,0.044136,0.11407
AAATTTGCGGGTGTGG-1,0.368452,0.131374,0.138816,0.144849,0.055672,0.029847,0.040677,0.048845,0.041468
AACAACTGGTAGTTGC-1,0.011323,0.043471,0.003159,0.095121,0.442248,0.21125,0.095111,0.04666,0.051657
AACAATACATTGTCGA-1,0.110954,0.808423,0.08047,0.000022,0.000044,0.000022,0.000022,0.000022,0.000022
AACAATTACTCTACGC-1,0.000015,0.000015,0.035597,0.003372,0.868139,0.040642,0.027512,0.018178,0.00653
AACACACGCTCGCCGC-1,0.254831,0.505155,0.085489,0.110782,0.019167,0.005847,0.00431,0.014396,0.000022
AACACGACTGTACTGA-1,0.013945,0.022873,0.000034,0.050122,0.004007,0.199148,0.358291,0.055558,0.296022
AACACGAGACGCGGCC-1,0.032662,0.475009,0.154769,0.062152,0.104561,0.018683,0.024879,0.000017,0.127268
AACACGCGGCCGCGAA-1,0.014996,0.093306,0.000086,0.000086,0.000172,0.000086,0.000086,0.020753,0.870428
AACAGCTGTGTGGCAA-1,0.077735,0.356567,0.361963,0.06402,0.09116,0.000587,0.047856,0.000097,0.000016
AACAGGAAATCGAATA-1,0.007638,0.000013,0.000013,0.024811,0.340306,0.122187,0.495147,0.000013,0.009872
AACAGGATGGGCCGCG-1,0.002491,0.003144,0.085563,0.054894,0.371184,0.229797,0.086891,0.136619,0.029417
AACAGGTAGTATGGAT-1,0.337593,0.298254,0.004811,0.021879,0.100211,0.001283,0.028333,0.155095,0.052541
AACATAGCGTGTATCG-1,0.784012,0.032529,0.173531,0.0001,0.000199,0.0001,0.0001,0.009331,0.0001
AACATATCAACTGGTG-1,0.001406,0.001262,0.074723,0.038575,0.14438,0.071596,0.020508,0.406493,0.241058
AACATCGATACGTCTA-1,0.01539,0.059375,0.012577,0.024114,0.365179,0.074612,0.120102,0.280371,0.048282
AACATTGAAGTTGATC-1,0.107975,0.553918,0.290808,0.023548,0.02368,0.000018,0.000018,0.000018,0.000018
AACATTGTGACTCGAG-1,0.290616,0.571319,0.134902,0.00003,0.00006,0.00003,0.00003,0.002983,0.00003
AACCAAGACTTCTCTG-1,0.003381,0.000011,0.000011,0.01998,0.807241,0.072241,0.07481,0.000011,0.022314
AACCAGTATCACTCTT-1,0.000021,0.000021,0.003074,0.101948,0.1243,0.146386,0.612629,0.000021,0.0116
AACCATAGGGTTGAAC-1,0.043308,0.002724,0.184933,0.393921,0.020819,0.030444,0.000017,0.315822,0.008012
AACCATGGGATCGCTA-1,0.000024,0.000024,0.000024,0.000024,0.386188,0.20669,0.404332,0.000024,0.002672
AACCCAGAGACGGAGA-1,0.03242,0.050322,0.000035,0.000035,0.015326,0.29351,0.12103,0.089181,0.398142
AACCCATCCCATGATC-1,0.289266,0.317357,0.270229,0.014425,0.000054,0.000027,0.016601,0.057838,0.034203
AACCCGACAACCCGTG-1,0.625776,0.169847,0.061664,0.129458,0.000049,0.000025,0.000025,0.013132,0.000025
AACCCGCTGTATTCCA-1,0.463797,0.277371,0.258272,0.00008,0.00016,0.00008,0.00008,0.00008,0.00008
AACCCTACTGTCAATA-1,0.024605,0.088403,0.142365,0.256465,0.242453,0.138085,0.083066,0.003732,0.020827
AACCCTGGTGGAACCA-1,0.000027,0.000027,0.018367,0.009571,0.000054,0.107316,0.610142,0.081656,0.172839
AACCGAGCTTGGTCAT-1,0.000009,0.000009,0.000009,0.000009,0.864746,0.016857,0.11834,0.000009,0.000009
AACCGCTAAGGGATGC-1,0.21471,0.166375,0.159534,0.248306,0.124038,0.033815,0.052569,0.000632,0.00002
AACCGTTGTGTTTGCT-1,0.00003,0.00003,0.006357,0.000083,0.133913,0.216435,0.340398,0.00003,0.302724
AACCTAAAGCCGTCCG-1,0.003906,0.143268,0.012732,0.008585,0.028655,0.035373,0.203887,0.000083,0.563511
AACCTCGCTTTAGCCC-1,0.284277,0.582157,0.04334,0.000031,0.000063,0.000031,0.000031,0.033807,0.056263
AACCTGTCACGGAATT-1,0.122069,0.233772,0.02006,0.182894,0.002771,0.020632,0.037093,0.209418,0.171291
AACCTTTAAATACGGT-1,0.478016,0.426615,0.000021,0.005385,0.04037,0.030827,0.018319,0.000425,0.000021
AACCTTTACGACGTCT-1,0.00003,0.00003,0.00003,0.00003,0.167478,0.318945,0.114422,0.249538,0.149498
AACGAAAGTCGTCCCA-1,0.062509,0.102105,0.218615,0.291556,0.091466,0.010318,0.034789,0.011132,0.17751
AACGATAATGCCGTAG-1,0.506783,0.463332,0.000029,0.000029,0.000058,0.000029,0.000029,0.008388,0.021324
AACGATAGAAGGGCCG-1,0.022412,0.015056,0.000026,0.001323,0.126306,0.354333,0.303689,0.085105,0.091749
AACGATATGTCAACTG-1,0.000029,0.000029,0.000029,0.000029,0.369449,0.134819,0.065019,0.383029,0.047568
AACGCATGATCTGGGT-1,0.000009,0.000009,0.000009,0.000009,0.960501,0.006035,0.001801,0.031621,0.000009
AACGCGAACGGCAACA-1,0.000069,0.060858,0.028827,0.041723,0.149327,0.079668,0.449091,0.026094,0.164342
AACGCGACCTTGGGCG-1,0.297389,0.591185,0.077573,0.00189,0.000045,0.000187,0.000023,0.029488,0.00222
AACGCGGTCTCCAGCC-1,0.00001,0.00001,0.073845,0.000925,0.922195,0.000488,0.002508,0.00001,0.00001
AACGCTGTTGCTGAAA-1,0.647768,0.229757,0.000053,0.000053,0.000105,0.006253,0.000053,0.01842,0.097539
AACGGACGTACGTATA-1,0.210724,0.631529,0.009837,0.000842,0.047317,0.003129,0.08577,0.004536,0.006316
AACGGCCATCTCCGGT-1,0.288839,0.333354,0.289477,0.000034,0.000068,0.000034,0.000376,0.007754,0.080065
AACGTACTGTGGGTAC-1,0.571519,0.312575,0.00004,0.00004,0.00008,0.002012,0.00515,0.039084,0.069499
AACGTCAGACTAGTGG-1,0.02138,0.007747,0.000014,0.000014,0.838099,0.071326,0.05006,0.011345,0.000014
AACGTGATGAAGGACA-1,0.061164,0.005991,0.00002,0.028538,0.113867,0.203081,0.500439,0.080528,0.006371
AACGTGCGAAAGTCTC-1,0.000216,0.013787,0.083156,0.325737,0.296781,0.0386,0.148591,0.00231,0.090823
AACGTTATCAGCACCT-1,0.000044,0.000044,0.000044,0.000044,0.201953,0.296038,0.000044,0.501743,0.000044
AACTACCCGTTTGTCA-1,0.413303,0.485573,0.000022,0.010841,0.024985,0.02718,0.015776,0.019492,0.002828
AACTAGCGTATCGCAC-1,0.068191,0.046809,0.000091,0.000091,0.000182,0.000091,0.000091,0.000091,0.884362
AACTAGGCTTGGGTGT-1,0.396434,0.131485,0.290364,0.072281,0.008115,0.001327,0.020745,0.026941,0.052308
AACTCAAGTTAATTGC-1,0.008595,0.095515,0.088518,0.209697,0.458354,0.023797,0.115502,0.000011,0.000011
AACTCCAGAGCGTGTT-1,0.363867,0.228482,0.290916,0.000053,0.000105,0.000053,0.000053,0.000053,0.116418
AACTCCTAATCCCATG-1,0.000014,0.013693,0.085859,0.033688,0.262389,0.006644,0.458848,0.001668,0.137197
AACTCGATAAACACGT-1,0.056563,0.000343,0.000343,0.132005,0.165302,0.006259,0.279514,0.139935,0.219736
AACTCGATGGCGCAGT-1,0.000014,0.000014,0.005627,0.00066,0.227361,0.148705,0.563408,0.000205,0.054006
AACTCTCAATAGAGCG-1,0.026769,0.000021,0.001024,0.155647,0.279332,0.14932,0.049933,0.190985,0.146971
AACTCTCAGTGTGCTC-1,0.438506,0.1816,0.342147,0.024314,0.000132,0.000066,0.000066,0.013101,0.000066
AACTGAGGTCAGCGTC-1,0.000043,0.000043,0.000043,0.000043,0.044332,0.545618,0.142814,0.219279,0.047784
AACTGATATTAGGCCT-1,0.000039,0.000039,0.000039,0.000039,0.067041,0.382965,0.191213,0.088129,0.270496
AACTGGGTCCCGACGT-1,0.012823,0.016776,0.000011,0.016339,0.592922,0.073762,0.275207,0.011907,0.000252
AACTGGGTTCGAGCCG-1,0.064479,0.000091,0.000091,0.000091,0.000182,0.000091,0.000091,0.009043,0.925842
AACTGGTGTGGGCCTT-1,0.000022,0.000022,0.046662,0.021425,0.019309,0.039558,0.819487,0.000022,0.053493
AACTTCTGCGTCTATC-1,0.011413,0.030727,0.00003,0.00003,0.573874,0.198086,0.005649,0.014089,0.166102
AACTTGCCCGTATGCA-1,0.000008,0.00356,0.000008,0.000008,0.973327,0.001512,0.021561,0.000008,0.000008
AACTTGCGTTCTCGCG-1,0.000013,0.000013,0.000013,0.027116,0.527402,0.08213,0.363286,0.000013,0.000013
AACTTTACGGGAGCTT-1,0.009374,0.010409,0.005418,0.166484,0.610948,0.056196,0.043349,0.021015,0.076808
AACTTTAGCTGCTGAG-1,0.000084,0.000084,0.000084,0.000084,0.000169,0.000084,0.120833,0.007632,0.870945
AACTTTCTCGATCATG-1,0.074776,0.161476,0.083282,0.001772,0.223664,0.039162,0.082765,0.199694,0.133408
AAGAAAGTTTGATGGG-1,0.0002,0.0002,0.325978,0.135326,0.115441,0.0002,0.0002,0.422254,0.0002
AAGAAGGATCAGTTAG-1,0.000031,0.000031,0.078278,0.005779,0.213303,0.066621,0.278853,0.016787,0.340317
AAGACCAAATAACTCA-1,0.042038,0.137944,0.219985,0.424622,0.095875,0.008612,0.008892,0.035171,0.026861
AAGACCCAACTGAACA-1,0.213881,0.755116,0.000019,0.008817,0.010949,0.000019,0.011159,0.000019,0.000019
AAGACTAACCCGTTGT-1,0.057791,0.000158,0.000158,0.000158,0.000316,0.000158,0.000158,0.000158,0.940945
AAGACTCACGCCCACT-1,0.038964,0.048181,0.000056,0.000056,0.000112,0.000056,0.000056,0.006374,0.906145
AAGACTGCAAGCTACT-1,0.000008,0.000008,0.008655,0.062655,0.764183,0.052587,0.102487,0.009008,0.00041
AAGAGATGAATCGGTA-1,0.021299,0.152148,0.029438,0.04148,0.36658,0.131915,0.148414,0.069425,0.039301
AAGAGCTCTTTATCGG-1,0.02312,0.028509,0.133172,0.067943,0.136787,0.020883,0.156579,0.205587,0.227419
AAGAGGATGTACGCGA-1,0.000043,0.000043,0.000043,0.058018,0.05722,0.120607,0.106293,0.439277,0.218457
AAGAGGCATGGATCGC-1,0.000015,0.000015,0.041909,0.164469,0.282889,0.216438,0.099812,0.106188,0.088264
AAGATGGCACCGGACC-1,0.791103,0.031946,0.164456,0.000048,0.000096,0.000048,0.000048,0.012206,0.000048
AAGATTGGCGGAACGT-1,0.016378,0.074264,0.026422,0.034162,0.280527,0.155467,0.01537,0.241015,0.156394
AAGCACCCTGCGTATC-1,0.069058,0.795872,0.038196,0.063197,0.029052,0.000023,0.003399,0.000023,0.001178
AAGCATACTCTCCTGA-1,0.32556,0.617347,0.000021,0.000021,0.00686,0.000637,0.043359,0.000021,0.006175
AAGCCACTTGCAGGTA-1,0.359303,0.487662,0.000375,0.000036,0.000072,0.000036,0.000036,0.04308,0.1094
AAGCCGAAGCGGTTTA-1,0.130564,0.779837,0.000022,0.000022,0.000043,0.000022,0.000022,0.000918,0.088551
AAGCCGCCGTGAAATC-1,0.237545,0.503594,0.175451,0.020428,0.019193,0.008912,0.006207,0.009494,0.019175
AAGCCGCTTTACCTTG-1,0.072221,0.032641,0.000028,0.0023,0.309575,0.044152,0.166679,0.216105,0.1563
AAGCGCAGGGCTTTGA-1,0.25016,0.604385,0.145232,0.000032,0.000064,0.000032,0.000032,0.000032,0.000032
AAGCGGAGTGCGCGCA-1,0.014229,0.027669,0.013196,0.008102,0.39386,0.023631,0.195165,0.206119,0.118029
AAGCGGCGTCATGGGT-1,0.000028,0.000028,0.019716,0.000028,0.176307,0.287196,0.258928,0.162823,0.094947
AAGCGTCCCTCATCGA-1,0.265061,0.687421,0.047243,0.000039,0.000079,0.000039,0.000039,0.000039,0.000039
AAGCTAGATCGAGTAA-1,0.517012,0.411088,0.010222,0.00711,0.000074,0.000037,0.054383,0.000037,0.000037
AAGCTCGTGCCAAGTC-1,0.0543,0.088335,0.109072,0.072625,0.114312,0.051556,0.137843,0.115888,0.256069
AAGCTCTTTCATGGTG-1,0.049536,0.838018,0.112039,0.000058,0.000116,0.000058,0.000058,0.000058,0.000058
AAGGAGAACTTATAAG-1,0.031786,0.026419,0.00008,0.00008,0.023922,0.00008,0.347269,0.00008,0.570284
AAGGAGCGGTTGGTGC-1,0.070379,0.011259,0.00002,0.000982,0.56242,0.235842,0.033657,0.049718,0.035724
AAGGATCGATCGCTTG-1,0.007058,0.004758,0.072741,0.45677,0.27973,0.028645,0.086672,0.059373,0.004253
AAGGATGAGGGACCTC-1,0.026737,0.047693,0.002597,0.051291,0.636746,0.065544,0.087391,0.081992,0.000009
AAGGCAGGCTGTCTCC-1,0.399719,0.377671,0.044176,0.058399,0.022503,0.0206,0.030129,0.03704,0.009764
AAGGCGCGTAAAGCTT-1,0.046873,0.065001,0.000037,0.000037,0.17814,0.06669,0.027873,0.533772,0.081578
AAGGCTGTGCTCATCG-1,0.000059,0.000059,0.000059,0.000059,0.177043,0.100325,0.027936,0.482693,0.211767
AAGGGAACGACTGGCT-1,0.203464,0.358623,0.085797,0.130228,0.105455,0.006781,0.065629,0.01996,0.024064
AAGGGACAGATTCTGT-1,0.009747,0.056125,0.07098,0.186184,0.405578,0.025333,0.0479,0.19732,0.000833
AAGGGACTATGCATTC-1,0.124318,0.801814,0.029868,0.00002,0.000041,0.00002,0.00002,0.00002,0.043878
AAGGGTTTGATTTCAG-1,0.310165,0.042198,0.000152,0.262991,0.00488,0.018842,0.001964,0.172765,0.186044
AAGGTATCCTAATATA-1,0.015769,0.000033,0.000033,0.00457,0.077251,0.13903,0.017195,0.710321,0.035798
AAGGTGATAAACCAGC-1,0.59783,0.202651,0.000028,0.000111,0.000055,0.003437,0.028471,0.088962,0.078454
AAGTAGAAGACCGGGT-1,0.000012,0.000012,0.038495,0.000012,0.83926,0.011703,0.110483,0.000012,0.000012
AAGTAGTGACGCGAGG-1,0.022563,0.000353,0.014268,0.022204,0.460015,0.210792,0.139675,0.000491,0.129639
AAGTCAATTGTCGTCA-1,0.369981,0.157357,0.000017,0.118707,0.15095,0.013426,0.163853,0.001676,0.024033
AAGTCTAGTAGCTGCC-1,0.045542,0.02918,0.012327,0.005514,0.368916,0.041143,0.130558,0.249162,0.117659
AAGTCTTCTGTGGCCT-1,0.078076,0.152674,0.000023,0.089581,0.304064,0.052933,0.096762,0.027026,0.198861
AAGTGACGACCGAATT-1,0.207954,0.087845,0.058904,0.025722,0.056107,0.011897,0.035782,0.316978,0.198811
AAGTGAGTCGGGTTTA-1,0.429193,0.481493,0.083773,0.000039,0.000078,0.000039,0.000039,0.005306,0.000039
AAGTGCAAAGGTAGAC-1,0.043998,0.092495,0.016177,0.146435,0.355517,0.029343,0.064275,0.223524,0.028236
AAGTGCCTTGACTGTA-1,0.478801,0.363053,0.000033,0.000033,0.022105,0.005379,0.011283,0.057034,0.062279
AAGTGCGTTAGAATCT-1,0.262083,0.384601,0.060189,0.133669,0.054371,0.013313,0.082036,0.000043,0.009695
AAGTGCTTCTCTATTG-1,0.171246,0.763672,0.064956,0.000018,0.000036,0.000018,0.000018,0.000018,0.000018
AAGTGTTTGGAGACGG-1,0.509282,0.284933,0.000027,0.003054,0.077543,0.008006,0.061023,0.009897,0.046236
AAGTTCACTCCAAGCT-1,0.053898,0.693966,0.007086,0.136999,0.04229,0.000021,0.0657,0.00002,0.00002
AAGTTCAGTCTGCGTA-1,0.025629,0.000023,0.000023,0.000023,0.395714,0.064435,0.048962,0.461055,0.004136
AAGTTCGGCCAACAGG-1,0.269839,0.321375,0.049789,0.121399,0.082313,0.012871,0.024717,0.026591,0.091106
AAGTTTACTAATGGCA-1,0.000061,0.037024,0.000061,0.000061,0.000123,0.000061,0.000061,0.000061,0.962486
AAGTTTATGGGCCCAA-1,0.264895,0.379694,0.35522,0.000027,0.000055,0.000027,0.000027,0.000027,0.000027
AATAACAACGCTCGGC-1,0.000011,0.000011,0.005656,0.011818,0.871048,0.030991,0.080365,0.000011,0.000088
AATAACACTAGAACAA-1,0.427812,0.539424,0.004488,0.000024,0.000048,0.000024,0.000024,0.019751,0.008406
AATAAGTCCTCGAGAC-1,0.000051,0.122204,0.371901,0.000051,0.000101,0.000051,0.000051,0.000051,0.505542
AATACAATGTTTCAGG-1,0.000033,0.000033,0.017899,0.000033,0.377523,0.089917,0.036743,0.260985,0.216836
AATACCGGAGGGCTGT-1,0.572113,0.374811,0.052914,0.000023,0.000046,0.000023,0.000023,0.000023,0.000023
AATACCTGATGTGAAC-1,0.261486,0.153865,0.083736,0.116595,0.18764,0.031216,0.147597,0.002911,0.014953
AATAGAACAGAGTGGC-1,0.261742,0.370428,0.028514,0.178745,0.11603,0.014293,0.024726,0.001867,0.003656
AATAGAATCTGTTTCA-1,0.230385,0.696916,0.00002,0.00002,0.000039,0.00002,0.00002,0.00004,0.07254
AATAGCAAGCCTCCTG-1,0.005434,0.024458,0.000012,0.007629,0.426766,0.072639,0.462947,0.000102,0.000012
AATAGCTACCGCGTGC-1,0.008729,0.009973,0.000021,0.00292,0.434143,0.079596,0.050113,0.34431,0.070195
AATAGTCCGTCCCGAC-1,0.281739,0.630833,0.015665,0.000041,0.000082,0.000041,0.000041,0.012308,0.059251
AATAGTCGCGAGTCGG-1,0.027475,0.004514,0.000012,0.004899,0.820058,0.051023,0.00657,0.054657,0.030791
AATATCAAGGTCGGAT-1,0.000019,0.000019,0.016441,0.052831,0.046801,0.023604,0.857047,0.000019,0.00322
AATATCCTAGCAAACT-1,0.072574,0.055657,0.016515,0.354285,0.161208,0.073787,0.129555,0.014315,0.122104
AATATCGAATCAATGC-1,0.170784,0.717064,0.004615,0.00002,0.000039,0.00002,0.00002,0.00002,0.10742
AATATCGAGGGTTCTC-1,0.003284,0.000015,0.010961,0.027429,0.589021,0.033562,0.00637,0.165422,0.163936
AATATTGGAGTATTGA-1,0.030319,0.079597,0.000012,0.003444,0.637813,0.04273,0.206061,0.000012,0.000012
AATCAGACTGCAGGAC-1,0.039563,0.075893,0.000111,0.000111,0.016369,0.068028,0.58755,0.025549,0.186827
AATCAGGTTTCATTTA-1,0.317068,0.443543,0.048496,0.000031,0.000061,0.000031,0.000031,0.000031,0.190709
AATCATGTAAAGACTC-1,0.014314,0.414134,0.274982,0.005885,0.148196,0.000012,0.095497,0.010293,0.036686
AATCCAAGGGCCTGAG-1,0.016535,0.014797,0.011858,0.043478,0.205467,0.276039,0.427426,0.003768,0.000633
AATCCATGCAAGGGTG-1,0.00004,0.00004,0.035969,0.080639,0.00008,0.000812,0.535528,0.024742,0.322149
AATCCCGCTCAGAGCC-1,0.205885,0.422311,0.371236,0.000081,0.000162,0.000081,0.000081,0.000081,0.000081
AATCGAGGTCTCAAGG-1,0.648128,0.00016,0.243347,0.00016,0.00032,0.00016,0.00016,0.107405,0.00016
AATCGCCTCAGCGCCA-1,0.023806,0.017898,0.000056,0.200012,0.158226,0.042125,0.015573,0.080665,0.461639
AATCGCGCAGAGGACT-1,0.548488,0.091136,0.000025,0.031365,0.014703,0.024806,0.001146,0.076315,0.212016
AATCGGGACACTACGA-1,0.000022,0.000022,0.000022,0.034523,0.006409,0.055587,0.898948,0.000022,0.004446
AATCGTGAGCCGAGCA-1,0.352866,0.402713,0.221887,0.000026,0.000052,0.000026,0.000026,0.000026,0.022378
AATCTAGGTTTACTTG-1,0.102147,0.441508,0.128528,0.126839,0.129258,0.011651,0.060035,0.000017,0.000017
AATCTATGCCGGAGCC-1,0.006733,0.000258,0.000024,0.072146,0.434042,0.096237,0.007723,0.323396,0.059441
AATCTCTACTGTGGTT-1,0.084875,0.002467,0.011375,0.160643,0.173956,0.124491,0.098905,0.079657,0.263629
AATCTGCGTTGGGACG-1,0.003819,0.051403,0.018343,0.097742,0.738178,0.003664,0.074806,0.007916,0.004128
AATCTGGCTTTCTAGT-1,0.382462,0.144643,0.240785,0.000036,0.000071,0.000036,0.000036,0.002955,0.228976
AATCTGGGTAGACCCT-1,0.000021,0.000021,0.030623,0.018604,0.017668,0.217355,0.678411,0.014865,0.022433
AATGACAGCAATGTCT-1,0.351279,0.344595,0.07002,0.07072,0.010889,0.008375,0.039433,0.041125,0.063563
AATGACGTAGGATGTC-1,0.072193,0.141422,0.146343,0.085905,0.079792,0.002017,0.246922,0.010636,0.21477
AATGACTGTCAGCCGG-1,0.000015,0.003975,0.070077,0.000015,0.586353,0.02255,0.168022,0.143986,0.005007
AATGAGTTCGCATATG-1,0.007568,0.000028,0.002931,0.013565,0.137009,0.181356,0.33786,0.119693,0.199991
AATGATGATACGCTAT-1,0.012242,0.001905,0.014035,0.022103,0.432717,0.178357,0.050189,0.238474,0.049979
AATGATGCGACTCCTG-1,0.045642,0.000048,0.000022,0.011302,0.187009,0.239397,0.045465,0.422378,0.048736
AATGCAACCGGGTACC-1,0.011821,0.002713,0.000011,0.020924,0.790461,0.062964,0.045521,0.064728,0.000856
AATGCACCAAGCAATG-1,0.042319,0.033205,0.008341,0.014679,0.523176,0.101845,0.13116,0.139415,0.00586
AATGGTCCACCGTTCA-1,0.07179,0.038533,0.00002,0.082676,0.680237,0.101219,0.017582,0.005951,0.001991
AATGGTTCTCACAAGC-1,0.014321,0.016936,0.000018,0.002307,0.572004,0.170573,0.21433,0.006555,0.002956
AATGTATGGCACTGTA-1,0.075588,0.203031,0.353408,0.090504,0.000888,0.013098,0.001422,0.079512,0.182551
AATGTGCCCGAGGTGT-1,0.046906,0.802301,0.002241,0.007115,0.020368,0.000643,0.088294,0.00002,0.032112
AATGTGCTAATCTGAG-1,0.053032,0.651483,0.003913,0.046581,0.093498,0.005716,0.012285,0.000802,0.13269
AATGTTAAGACCCTGA-1,0.419258,0.302811,0.277509,0.00006,0.000121,0.00006,0.00006,0.00006,0.00006
AATTAAAGGTCGGCGT-1,0.022983,0.104867,0.071479,0.165779,0.210531,0.005655,0.040853,0.025257,0.352596
AATTAACGGATTTCCA-1,0.00505,0.63255,0.362063,0.000048,0.000096,0.000048,0.000048,0.000048,0.000048
AATTACGAGACCCATC-1,0.042783,0.413893,0.242265,0.158205,0.028065,0.012824,0.071614,0.005548,0.024803
AATTAGCGCTGCAGCG-1,0.042299,0.542834,0.024773,0.294444,0.073076,0.000021,0.022509,0.000021,0.000021
AATTATACCCAGCAAG-1,0.472151,0.003704,0.523228,0.000131,0.000262,0.000131,0.000131,0.000131,0.000131
AATTCATAAGGGATCT-1,0.018946,0.021201,0.043604,0.013797,0.65224,0.034872,0.093347,0.121981,0.000011
AATTCATTGTCATGCA-1,0.098906,0.041599,0.058003,0.446691,0.097084,0.114494,0.033861,0.04082,0.068542
AATTCCAAGCATGTAC-1,0.267936,0.596676,0.07576,0.013687,0.045132,0.000022,0.000022,0.000742,0.000022
AATTCGATTCGAGGAT-1,0.211158,0.655524,0.129444,0.000028,0.000056,0.000028,0.000028,0.0001,0.003634
AATTCTAGAGTTAGGC-1,0.577839,0.291157,0.043514,0.000064,0.000127,0.000064,0.000064,0.048147,0.039025
AATTGAACGCTCTGGT-1,0.182828,0.461545,0.005976,0.011013,0.0001,0.00005,0.00005,0.051922,0.286515
AATTGCAGCAATCGAC-1,0.568887,0.270785,0.025191,0.034786,0.031965,0.01331,0.045073,0.005411,0.004592
AATTGCGTGGATTACA-1,0.083743,0.00328,0.030191,0.308697,0.126226,0.169545,0.006026,0.182102,0.090189
AATTTGGGACATAGTA-1,0.000034,0.000034,0.000034,0.003925,0.265225,0.121022,0.350621,0.006411,0.252695
AATTTGGTTCCAAAGA-1,0.000021,0.000021,0.000021,0.002141,0.150949,0.100675,0.625286,0.000021,0.120863
ACAAACCATGCGTCCT-1,0.283235,0.422406,0.011565,0.221882,0.034595,0.01076,0.009066,0.006479,0.000012
ACAAACCGACAAGGCG-1,0.026776,0.081641,0.000073,0.012123,0.117747,0.004493,0.243607,0.01616,0.497381
ACAAACTCCATCAGAG-1,0.40551,0.000122,0.593167,0.000122,0.000244,0.000122,0.000122,0.00047,0.000122
ACAAAGAAGGTAGGCC-1,0.315443,0.26364,0.000015,0.089018,0.132917,0.016301,0.029001,0.071603,0.082063
ACAAAGCATGACCTAG-1,0.187953,0.329201,0.10028,0.035668,0.20485,0.000691,0.033972,0.030993,0.076392
ACAAATCGCACCGAAT-1,0.186355,0.668537,0.100316,0.025245,0.019345,0.00005,0.00005,0.00005,0.00005
ACAAATGGTAGTGTTT-1,0.367027,0.445772,0.000024,0.00271,0.000048,0.000024,0.001867,0.009513,0.173014
ACAAATTCAGATCTGA-1,0.000053,0.000053,0.002013,0.000053,0.004003,0.158923,0.306293,0.275653,0.252958
ACAACAGCATGAGCTA-1,0.000008,0.000008,0.024712,0.026375,0.853034,0.044312,0.045532,0.006012,0.000008
ACAACGGTCCCTGCGA-1,0.113834,0.057259,0.00002,0.013471,0.293461,0.279224,0.078915,0.163687,0.000129
ACAAGCAGTGCCTAGC-1,0.000027,0.220292,0.088836,0.000027,0.24546,0.006733,0.002713,0.000565,0.435346
ACAAGCTATATGGAAG-1,0.036588,0.004236,0.002127,0.18905,0.291927,0.143419,0.086986,0.004584,0.241084
ACAAGGAAATCCGCCC-1,0.107805,0.581779,0.053,0.014205,0.026883,0.005475,0.013743,0.00375,0.193359
ACAAGGACAAGAGGTT-1,0.00001,0.00001,0.118973,0.008653,0.736527,0.038165,0.077891,0.000043,0.019726
ACAAGGATGCTTTAGG-1,0.6676,0.173117,0.000041,0.000041,0.000082,0.000041,0.000041,0.00155,0.157485
ACAAGGCCTACCAGCC-1,0.000021,0.000021,0.000021,0.011879,0.148228,0.116204,0.64915,0.067817,0.00666
ACAAGGGCAGGCTCTG-1,0.029742,0.000018,0.015858,0.514162,0.158887,0.019614,0.040352,0.07619,0.145178
ACAATAGTCGTACGTT-1,0.160985,0.215551,0.176317,0.074342,0.000113,0.011918,0.000056,0.193898,0.16682
ACAATCCATTTAAACC-1,0.000014,0.000014,0.061739,0.108719,0.449543,0.134809,0.19835,0.000699,0.046113
ACAATCGATCTTTATA-1,0.000047,0.085594,0.026338,0.000047,0.005629,0.000849,0.550525,0.000047,0.330924
ACAATGAATACGGAGA-1,0.268327,0.45852,0.012935,0.117914,0.043864,0.048937,0.047713,0.001532,0.000258
ACAATGATTCTTCTAC-1,0.000014,0.000014,0.094164,0.002029,0.443657,0.028516,0.366395,0.000014,0.065197
ACAATTGTGTCTCTTT-1,0.522138,0.357061,0.000026,0.012253,0.025583,0.017383,0.04106,0.023817,0.00068
ACAATTTAGGAGGCTC-1,0.07799,0.07569,0.250747,0.018654,0.008166,0.210295,0.032327,0.110924,0.215207
ACAATTTGAGCAGTGG-1,0.005405,0.000032,0.007391,0.030318,0.065587,0.192454,0.012181,0.639984,0.046648
ACACAAAGACGGGTGG-1,0.000028,0.000028,0.000028,0.03477,0.288434,0.17604,0.048769,0.264342,0.187562
ACACAAATATTCCTAG-1,0.107639,0.056714,0.142959,0.014462,0.222587,0.064393,0.053671,0.234285,0.103291
ACACACCAGGACCAGT-1,0.359318,0.407326,0.000031,0.026671,0.002727,0.021525,0.067274,0.012977,0.102151
ACACACTTTCTACACG-1,0.002196,0.051995,0.000038,0.000038,0.121268,0.092067,0.465211,0.008061,0.259125
ACACATGATCAAATCT-1,0.086112,0.179468,0.257985,0.29822,0.094794,0.015525,0.032144,0.002822,0.032932
ACACATTTCCGTAGAC-1,0.471802,0.280383,0.145236,0.000035,0.00007,0.000035,0.000035,0.000478,0.101926
ACACCACATAATTAGC-1,0.079213,0.048766,0.012767,0.009543,0.000057,0.002325,0.001134,0.652455,0.19374
ACACCCAGCATGCAGC-1,0.000009,0.000009,0.000009,0.001214,0.95611,0.033167,0.006274,0.003198,0.000009
ACACCCGAGAAATCCG-1,0.00987,0.218659,0.039722,0.000023,0.375813,0.076904,0.137131,0.141855,0.000023
ACACCGGTCTGACCGC-1,0.345681,0.423145,0.028522,0.104789,0.019617,0.035911,0.001801,0.025246,0.015289
ACACCTTAAGTAGGGC-1,0.023708,0.017157,0.095317,0.091523,0.1672,0.14654,0.085667,0.252087,0.120801
ACACCTTACTACTTGC-1,0.231862,0.322068,0.061447,0.167966,0.076037,0.006301,0.028428,0.069574,0.036318
ACACGAGACTCCTTCT-1,0.017409,0.019675,0.088376,0.095101,0.367669,0.107818,0.052862,0.169374,0.081716
ACACGGCACTATGCAT-1,0.000053,0.000053,0.029624,0.000053,0.000107,0.075267,0.488492,0.011535,0.394815
ACACGGGAACTTAGGG-1,0.010598,0.000017,0.012294,0.037713,0.496394,0.145076,0.101772,0.171827,0.024309
ACACTCCAATGTCACT-1,0.001753,0.019922,0.048047,0.000051,0.034629,0.160359,0.069679,0.158225,0.507334
ACACTGATCAAGGTGT-1,0.077853,0.696332,0.162245,0.004801,0.03869,0.000025,0.01098,0.000025,0.00905
ACAGAACTGAGAACAA-1,0.10066,0.487625,0.010766,0.114995,0.161389,0.003956,0.103113,0.003249,0.014246
ACAGATTAGGTTAGTG-1,0.000038,0.000038,0.006396,0.047409,0.00121,0.045153,0.621274,0.00267,0.275812
ACAGCATAGAGCCAGT-1,0.000042,0.000042,0.000042,0.000042,0.000386,0.529568,0.309813,0.038224,0.121842
ACAGCGACATTCTCAT-1,0.473911,0.352309,0.010615,0.162972,0.000064,0.000032,0.000032,0.000032,0.000032
ACAGCGCACCCGCAGC-1,0.000042,0.000042,0.000042,0.000042,0.001489,0.468196,0.120632,0.079875,0.329641
ACAGGCACGGATCCTT-1,0.835224,0.129992,0.000945,0.000031,0.000061,0.000031,0.000031,0.026311,0.007373
ACAGGCTTGCCCGACT-1,0.122161,0.8245,0.006679,0.000022,0.000044,0.000022,0.000022,0.006405,0.040145
ACAGGTGGAGGTGAGG-1,0.250336,0.391764,0.112297,0.125881,0.082215,0.001179,0.01749,0.003008,0.01583
ACAGGTGTGTTGTTGC-1,0.080452,0.109667,0.002228,0.389406,0.091556,0.087177,0.037459,0.105489,0.096565
ACAGTAATACAACTTG-1,0.473672,0.201935,0.069056,0.000041,0.000083,0.000041,0.000041,0.047694,0.207435
ACAGTATACCGTGGGA-1,0.000028,0.000028,0.000028,0.000028,0.152507,0.034654,0.065078,0.653283,0.094367
ACAGTGCAGCGCATTT-1,0.00005,0.00005,0.00005,0.00005,0.0001,0.00005,0.00005,0.02812,0.97148
ACATAAGTCGTGGTGA-1,0.403058,0.229076,0.166585,0.010224,0.000066,0.000033,0.000033,0.043703,0.147222
ACATAATAAGGCGGTG-1,0.037418,0.009815,0.000024,0.005095,0.400945,0.253845,0.080974,0.206082,0.005802
ACATACAATCAAGCGG-1,0.372416,0.101312,0.525633,0.000091,0.000183,0.000091,0.000091,0.000091,0.000091
ACATCAGCTGGGACGC-1,0.014123,0.00004,0.151666,0.145561,0.124875,0.047438,0.062899,0.318971,0.134427
ACATCCCGGCCATACG-1,0.118409,0.408732,0.160436,0.068308,0.102122,0.004891,0.041643,0.008667,0.086792
ACATCCTGGTAACTGT-1,0.169893,0.059506,0.128873,0.381715,0.139304,0.026166,0.047209,0.047309,0.000025
ACATCGATCGTTTACC-1,0.029627,0.008871,0.098812,0.277882,0.255826,0.013459,0.057387,0.184348,0.073788
ACATCGGTCAGCCGCG-1,0.110046,0.000045,0.02504,0.043038,0.128384,0.040747,0.062395,0.338287,0.252017
ACATCGTATGCAATGG-1,0.167935,0.231362,0.00003,0.027392,0.11782,0.028791,0.112886,0.001564,0.31222
ACATCGTTAACCTAGT-1,0.000024,0.000024,0.072691,0.018413,0.030677,0.025669,0.832017,0.000024,0.020461
ACATCTCAACGCGTAA-1,0.000028,0.036441,0.189523,0.030102,0.028292,0.000028,0.508001,0.000028,0.207556
ACATGCTTACGGCAGC-1,0.000048,0.000048,0.057535,0.472206,0.175699,0.019246,0.000048,0.252402,0.022768
ACATGGCGCCAAAGTA-1,0.000013,0.000013,0.453621,0.129279,0.242558,0.047207,0.108376,0.018874,0.000058
ACATGGCTCAATTTAG-1,0.034319,0.000145,0.000145,0.000145,0.080383,0.185034,0.4717,0.00401,0.224119
ACATTAGTTTATATCC-1,0.192018,0.639785,0.074372,0.064391,0.029249,0.000047,0.000047,0.000047,0.000047
ACATTCGCGCGGAATA-1,0.052935,0.220167,0.108323,0.336941,0.10066,0.041495,0.123205,0.001435,0.014838
ACATTTGAAACCTAAC-1,0.40406,0.517019,0.078732,0.000027,0.000054,0.000027,0.000027,0.000027,0.000027
ACCAAACACCCAGCGA-1,0.017968,0.004939,0.000021,0.000021,0.129606,0.013091,0.05674,0.760352,0.017262
ACCAAACTAGAAATCC-1,0.002823,0.091206,0.000078,0.000078,0.000156,0.000078,0.000078,0.000078,0.905423
ACCAACACCACACACT-1,0.00001,0.000841,0.04768,0.010418,0.522733,0.010353,0.152907,0.254157,0.000901
ACCAACCGCACTCCAC-1,0.765639,0.096127,0.131229,0.000027,0.000055,0.000027,0.000027,0.00684,0.000027
ACCAACGCTTATTTAT-1,0.405975,0.390047,0.040479,0.000042,0.000084,0.000042,0.000042,0.055054,0.108235
ACCAAGAACGCGTGTC-1,0.000029,0.000029,0.075413,0.000029,0.204741,0.022592,0.091496,0.000029,0.605643
ACCAATATGCAAGTTA-1,0.072935,0.582131,0.096988,0.000038,0.000076,0.000038,0.000038,0.000038,0.247719
ACCACAACTCAGAACA-1,0.00002,0.00002,0.162498,0.028624,0.015602,0.025909,0.69682,0.00002,0.070486
ACCACAAGTTTCTATC-1,0.008248,0.103733,0.006453,0.049634,0.566893,0.084823,0.041218,0.07905,0.059947
ACCACACGGTTGATGG-1,0.322697,0.190965,0.306073,0.046886,0.000133,0.000066,0.000066,0.043438,0.089675
ACCACCAATGTAACAA-1,0.273206,0.00003,0.00003,0.149638,0.107248,0.072005,0.040566,0.25059,0.106686
ACCACCCTCTCTTCTA-1,0.008659,0.00003,0.008784,0.00003,0.127551,0.006238,0.00003,0.527116,0.321562
ACCACGTGCAGCTATA-1,0.203891,0.125552,0.000024,0.234553,0.129295,0.005969,0.128593,0.049281,0.122842
ACCAGACCATAACAAC-1,0.018192,0.07389,0.062017,0.225818,0.424985,0.089189,0.06586,0.006698,0.033351
ACCAGCCCGGTCTTTG-1,0.000068,0.092228,0.035319,0.000068,0.000136,0.000068,0.202454,0.000068,0.669591
ACCAGGAGTGTGATCT-1,0.061796,0.000113,0.000113,0.000113,0.000227,0.000113,0.000113,0.000113,0.937297
ACCAGTGCCCGGTCAA-1,0.000053,0.000053,0.000053,0.000053,0.076184,0.219989,0.154929,0.384612,0.164075
ACCAGTGCGGGAGACG-1,0.30706,0.224297,0.000018,0.108129,0.233113,0.013594,0.08273,0.013389,0.017672
ACCATATCCGCAATAA-1,0.011227,0.089532,0.095395,0.169529,0.380245,0.060532,0.08972,0.042213,0.061607
ACCATCCGCCAACTAG-1,0.090505,0.240573,0.124643,0.140184,0.086968,0.024502,0.270743,0.007162,0.014719
ACCATCGTATATGGTA-1,0.178974,0.133039,0.074201,0.133451,0.153271,0.018793,0.244299,0.004411,0.059559
ACCCAACGCCCGTGGC-1,0.025367,0.084582,0.050164,0.061573,0.514428,0.033047,0.04206,0.155393,0.033385
ACCCACCTACATGCTC-1,0.004164,0.029358,0.000008,0.005394,0.844978,0.036904,0.079177,0.000008,0.000008
ACCCATCTTGAGGGTA-1,0.019556,0.290458,0.040725,0.172686,0.204836,0.053589,0.178548,0.025471,0.014131
ACCCATTTGTCCCTCT-1,0.530217,0.280219,0.140419,0.023131,0.01134,0.009991,0.000036,0.004611,0.000036
ACCCGAGCGAAATTAC-1,0.323511,0.568191,0.064299,0.000023,0.020596,0.003014,0.018309,0.00157,0.000488
ACCCGATTGGTTCCGA-1,0.284691,0.713799,0.000335,0.000017,0.000034,0.000017,0.000017,0.000017,0.001074
ACCCGGAAACTCCCAG-1,0.279514,0.340503,0.025721,0.006138,0.120361,0.006489,0.093612,0.003915,0.123748
ACCCGGATGACGCATC-1,0.049891,0.008209,0.139881,0.113686,0.212917,0.058119,0.123551,0.131559,0.162187
ACCCGGTTACACTTCC-1,0.147133,0.320219,0.00005,0.038332,0.022197,0.033291,0.029915,0.010757,0.398106
ACCCGTAGCAGAGAAT-1,0.030557,0.001372,0.027915,0.369766,0.124691,0.032511,0.00408,0.297616,0.111491
ACCCGTGTCATCAGTA-1,0.056088,0.543888,0.013225,0.000071,0.000142,0.000071,0.000071,0.000071,0.386373
ACCCTATAGGACTGAG-1,0.000028,0.028962,0.000028,0.034791,0.081875,0.345057,0.444383,0.000028,0.064847
ACCCTATGCCATATCG-1,0.394528,0.386598,0.014268,0.097384,0.075679,0.000037,0.001623,0.000037,0.029846
ACCCTCCCGTCAGGGC-1,0.150648,0.634332,0.214828,0.000028,0.000055,0.000028,0.000028,0.000028,0.000028
ACCCTCCCTTGCTATT-1,0.336289,0.351042,0.000048,0.000048,0.000095,0.000048,0.000048,0.000205,0.312178
ACCCTGGTAACGCCCT-1,0.004158,0.002771,0.030596,0.016371,0.459667,0.049591,0.059488,0.285854,0.091504
ACCCTTCATCTGCGAA-1,0.000021,0.000021,0.000021,0.292333,0.21543,0.108948,0.381038,0.000021,0.002167
ACCCTTTAGTTCTCCA-1,0.000064,0.000064,0.354493,0.000064,0.001199,0.032095,0.585487,0.000064,0.026469
ACCGAAAGGGCCCTGC-1,0.000008,0.000008,0.043253,0.053854,0.149896,0.003117,0.749848,0.000008,0.000008
ACCGAAGAGTCTGGTT-1,0.241492,0.021797,0.201725,0.234158,0.017425,0.021226,0.00003,0.116837,0.145308
ACCGACACATCTCCCA-1,0.095775,0.758019,0.082446,0.013714,0.000043,0.000022,0.000022,0.000022,0.049937
ACCGACTGAGTCCCAC-1,0.000017,0.009468,0.006308,0.035917,0.586489,0.170058,0.084612,0.091793,0.015338
ACCGAGTCTCCTTATT-1,0.347762,0.541328,0.110655,0.000036,0.000073,0.000036,0.000036,0.000036,0.000036
ACCGATGGTAGCATCG-1,0.000012,0.000012,0.004398,0.36026,0.304137,0.111202,0.193234,0.017781,0.008963
ACCGCAATAACTGCCT-1,0.512991,0.354962,0.001514,0.001546,0.004265,0.007503,0.033485,0.000828,0.082906
ACCGCGGTGGAAGTCG-1,0.380432,0.385571,0.011702,0.000034,0.007419,0.006666,0.056752,0.052912,0.098512
ACCGCTAGTCATTGGT-1,0.494043,0.40715,0.069274,0.018137,0.000059,0.00003,0.00003,0.011249,0.00003
ACCGGGCCTTTGTTGA-1,0.314619,0.320178,0.01667,0.097669,0.059618,0.074397,0.053896,0.023507,0.039446
ACCGGTCAGGTACACC-1,0.088268,0.046188,0.699216,0.108974,0.049333,0.002277,0.005708,0.000018,0.000018
ACCGGTCTGAGTACGG-1,0.000015,0.000015,0.033004,0.010701,0.048639,0.094538,0.813059,0.000015,0.000015
ACCGTCCACTGGGCCC-1,0.217627,0.052957,0.013136,0.173211,0.00169,0.00482,0.000023,0.329607,0.206929
ACCGTGACCACGTGGG-1,0.247954,0.751897,0.000019,0.000019,0.000037,0.000019,0.000019,0.000019,0.000019
ACCGTTCCCGCTCTGA-1,0.000109,0.000109,0.000109,0.000109,0.000219,0.000109,0.000109,0.028207,0.970918
ACCTAAGTACCTTTCA-1,0.209869,0.540945,0.012781,0.107409,0.078321,0.003999,0.037245,0.000032,0.0094
ACCTAATCGACTTCCT-1,0.000022,0.000022,0.000022,0.192322,0.489255,0.203029,0.014268,0.050643,0.050416
ACCTACAGTATGTGGT-1,0.369294,0.339364,0.01305,0.000033,0.003407,0.020704,0.032948,0.099879,0.121321
ACCTACTATAAATCTA-1,0.189823,0.719542,0.09053,0.000015,0.00003,0.000015,0.000015,0.000015,0.000015
ACCTCCGCCCTCGCTG-1,0.148894,0.565374,0.011585,0.015724,0.083369,0.000033,0.066357,0.012899,0.095766
ACCTCCGTTATTCACC-1,0.000009,0.000009,0.137131,0.039101,0.670674,0.045512,0.107546,0.000009,0.000009
ACCTCGAACTTATGCT-1,0.203028,0.126743,0.341261,0.097174,0.000615,0.003344,0.000025,0.178117,0.049692
ACCTGCGTGTCATGTT-1,0.061364,0.38673,0.063847,0.167638,0.112941,0.017849,0.088417,0.000022,0.101191
ACGAAATGGGCGGCAC-1,0.000018,0.000018,0.040422,0.127142,0.542167,0.074796,0.144025,0.023651,0.047761
ACGACTCTAGGGCCGA-1,0.638713,0.157792,0.194417,0.000027,0.000055,0.000027,0.000027,0.008914,0.000027
ACGACTGGTCATACTC-1,0.150117,0.78428,0.065451,0.000022,0.000043,0.000022,0.000022,0.000022,0.000022
ACGAGAACCCATCACG-1,0.000027,0.000027,0.126931,0.000027,0.006396,0.023111,0.552683,0.003486,0.287311
