Barcode,Topic 1,Topic 2,Topic 3,Topic 4to5,Topic 6,Topic 7to9
AAACAAGTATCTCCCA-1,0.191589,0.400094,0.000079,0.206829,0.201174,0.000236
AAACACCAATAACTGC-1,0.005976,0.290942,0.064644,0.000108,0.071893,0.566436
AAACAGAGCGACTCCT-1,0.05539,0.093769,0.351897,0.240323,0.219467,0.039153
AAACAGCTTTCAGAAG-1,0.000036,0.054611,0.012938,0.267557,0.075954,0.588904
AAACAGGGTCTATATT-1,0.000031,0.047738,0.002945,0.311445,0.067079,0.570762
AAACATGGTGAGAGGA-1,0.000021,0.271622,0.06385,0.194206,0.060827,0.409474
AAACATTTCCCGGATT-1,0.027268,0.360804,0.000047,0.121923,0.282709,0.207249
AAACCACTACACAGAT-1,0.036397,0.000026,0.026065,0.001072,0.040577,0.895862
AAACCCGAACGAAATC-1,0.512353,0.032559,0.003568,0.154654,0.017551,0.279315
AAACCGGGTAGGTACC-1,0.033696,0.965323,0.00014,0.00028,0.00014,0.000421
AAACCGTTCGTCCAGG-1,0.026762,0.972597,0.000092,0.000183,0.000092,0.000275
AAACCTAAGCAGCCGG-1,0.000053,0.292761,0.004124,0.155634,0.463862,0.083565
AAACCTCATGAAGTTG-1,0.000073,0.105451,0.006652,0.481495,0.099262,0.307066
AAACGAAGAACATACC-1,0.031764,0.209782,0.257554,0.090967,0.007351,0.402583
AAACGAAGATGGAGTA-1,0.016524,0.103016,0.419807,0.049524,0.248217,0.162911
AAACGACAGTCTTGCC-1,0.000044,0.191124,0.182527,0.020912,0.445003,0.16039
AAACGAGACGGTTGAT-1,0.092504,0.366569,0.05896,0.462761,0.018868,0.000338
AAACGCCCGAGATCGG-1,0.002427,0.005822,0.015269,0.023438,0.151804,0.801239
AAACGCTGGGCACGAC-1,0.999334,0.000083,0.000083,0.000166,0.000083,0.00025
AAACGGGCGTACGGGT-1,0.115912,0.006933,0.000244,0.05472,0.344284,0.477906
AAACGGTTGCGAACTG-1,0.000047,0.245629,0.177658,0.08013,0.203694,0.292843
AAACGTGTTCGCCCTA-1,0.000078,0.22966,0.000079,0.137825,0.496346,0.136012
AAACTAACGTGGCGAC-1,0.000069,0.248796,0.020648,0.224905,0.20577,0.299811
AAACTCGGTTCGCAAT-1,0.000034,0.056151,0.054603,0.170202,0.122251,0.596759
AAACTCGTGATATAAG-1,0.174163,0.128808,0.000075,0.113154,0.457879,0.125921
AAACTGCTGGCTCCAA-1,0.015521,0.230757,0.136834,0.294134,0.212969,0.109785
AAACTTAATTGCACGC-1,0.000016,0.00855,0.044882,0.094775,0.011495,0.840282
AAACTTGCAAACGTAT-1,0.000021,0.000021,0.156116,0.273286,0.020378,0.550177
AAAGAATGACCTTAGA-1,0.000026,0.285709,0.014482,0.214172,0.254075,0.231536
AAAGAATGTGGACTAA-1,0.052714,0.061741,0.000043,0.000087,0.58391,0.301505
AAAGACATGAAGTTTA-1,0.015334,0.000024,0.029726,0.071405,0.000024,0.883487
AAAGACTGGGCGCTTT-1,0.000046,0.001433,0.000046,0.685095,0.127079,0.1863
AAAGCTTGCCTACATA-1,0.091431,0.000022,0.000022,0.008359,0.373796,0.526371
AAAGGCCCTATAATAC-1,0.007091,0.184453,0.113333,0.110698,0.154855,0.42957
AAAGGCTACGGACCAT-1,0.000096,0.342278,0.000096,0.165102,0.233217,0.259212
AAAGGCTCTCGCGCCG-1,0.004304,0.050287,0.132178,0.357037,0.004336,0.451857
AAAGGGATGTAGCAAG-1,0.000043,0.049755,0.392373,0.418626,0.060641,0.078562
AAAGGTAAGCTGTACC-1,0.018499,0.276029,0.031018,0.338432,0.277724,0.058297
AAAGGTCAACGACATG-1,0.000034,0.023372,0.00073,0.080813,0.297084,0.597967
AAAGTAGCATTGCTCA-1,0.015333,0.460976,0.000954,0.43875,0.002209,0.081779
AAAGTCACTGATGTAA-1,0.119357,0.491076,0.110805,0.249814,0.020987,0.007961
AAAGTCGACCCTCAGT-1,0.00008,0.438077,0.121876,0.369215,0.00008,0.070673
AAAGTGCCATCAATTA-1,0.999483,0.000065,0.000065,0.000129,0.000065,0.000194
AAAGTGTGATTTATCT-1,0.063309,0.749921,0.001453,0.185023,0.000073,0.00022
AAAGTTGACTCCCGTA-1,0.237988,0.17618,0.071901,0.268632,0.177588,0.067711
AAATAACCATACGGGA-1,0.015799,0.043963,0.041104,0.480369,0.161026,0.25774
AAATAAGGTAGTGCCC-1,0.17681,0.352096,0.000055,0.379222,0.068686,0.023131
AAATACCTATAAGCAT-1,0.045482,0.079089,0.273533,0.375374,0.047678,0.178844
AAATAGCTTAGACTTT-1,0.275693,0.183432,0.000061,0.486333,0.041566,0.012915
AAATAGGGTGCTATTG-1,0.000051,0.231862,0.002123,0.445032,0.239965,0.080968
AAATCACTCCTAAACG-1,0.000028,0.022242,0.000028,0.000056,0.249717,0.72793
AAATCCGATACACGCC-1,0.007614,0.316979,0.000047,0.034349,0.638815,0.002195
AAATCGCGGAAGGAGT-1,0.033444,0.147004,0.364958,0.315946,0.000025,0.138623
AAATCGTGTACCACAA-1,0.000033,0.037316,0.241932,0.398328,0.000033,0.322359
AAATCTAGCCCTGCTA-1,0.311702,0.124693,0.007038,0.357365,0.122042,0.077161
AAATCTGCCCGCGTCC-1,0.034688,0.140215,0.167056,0.442023,0.009234,0.206784
AAATGACTGATCAAAC-1,0.000007,0.014376,0.000937,0.093219,0.113162,0.778299
AAATGATTCGATCAGC-1,0.051358,0.439625,0.164264,0.218151,0.109297,0.017306
AAATGGCATGTCTTGT-1,0.000038,0.148174,0.053962,0.539693,0.02532,0.232812
AAATGGCCCGTGCCCT-1,0.007795,0.167443,0.079172,0.31896,0.168327,0.258303
AAATGGTCAATGTGCC-1,0.000096,0.110709,0.370895,0.345241,0.127504,0.045554
AAATGTATCTTATCCC-1,0.035243,0.243943,0.224444,0.155985,0.064306,0.276079
AAATTAACGGGTAGCT-1,0.000052,0.012203,0.489909,0.275401,0.131952,0.090482
AAATTAATAAGCGCGA-1,0.014843,0.00002,0.095186,0.201388,0.003775,0.684787
AAATTACACGACTCTG-1,0.205563,0.381704,0.16917,0.216774,0.000072,0.026716
AAATTACCTATCGATG-1,0.077042,0.068029,0.100766,0.299493,0.133363,0.321307
AAATTCCAGGTCCAAA-1,0.188173,0.524108,0.000065,0.273463,0.013997,0.000194
AAATTGATAGTCCTTT-1,0.000142,0.998867,0.000142,0.000283,0.000142,0.000425
AAATTGGTGAGAAGCA-1,0.119196,0.03174,0.109761,0.03299,0.426604,0.279709
AAATTTACCGAAATCC-1,0.000066,0.20175,0.006314,0.364951,0.208456,0.218464
AACAACTGGTAGTTGC-1,0.028184,0.295959,0.670171,0.000141,0.000071,0.005474
AACAATACATTGTCGA-1,0.128903,0.791149,0.000145,0.000291,0.079076,0.000436
AACACACGCTCGCCGC-1,0.051396,0.152859,0.048784,0.299291,0.053033,0.394637
AACACGACTGTACTGA-1,0.000066,0.247544,0.042828,0.62028,0.00817,0.081112
AACACGAGACGCGGCC-1,0.00004,0.196202,0.260531,0.299822,0.048744,0.194662
AACAGCTGTGTGGCAA-1,0.270828,0.252363,0.24733,0.000107,0.022862,0.20651
AACAGGAAATCGAATA-1,0.000042,0.107545,0.063991,0.62033,0.012007,0.196084
AACAGGATGGGCCGCG-1,0.054684,0.168473,0.233348,0.53684,0.000075,0.006581
AACAGGTAGTATGGAT-1,0.507721,0.421549,0.07011,0.000207,0.000103,0.00031
AACATAGCGTGTATCG-1,0.011558,0.274533,0.017214,0.414247,0.107439,0.175008
AACATATCAACTGGTG-1,0.000029,0.010832,0.001784,0.57958,0.155295,0.252481
AACATCGATACGTCTA-1,0.05037,0.000016,0.005554,0.095159,0.057975,0.790927
AACATTGAAGTTGATC-1,0.009056,0.139246,0.119383,0.149201,0.002336,0.580779
AACATTGTGACTCGAG-1,0.01118,0.120086,0.078062,0.038757,0.068044,0.683871
AACCAAGACTTCTCTG-1,0.033913,0.954754,0.000103,0.000205,0.010718,0.000308
AACCAGTATCACTCTT-1,0.000076,0.354275,0.120316,0.115446,0.194014,0.215874
AACCATAGGGTTGAAC-1,0.000025,0.150401,0.102174,0.208945,0.069582,0.468873
AACCCATCCCATGATC-1,0.026558,0.07833,0.180427,0.000092,0.009331,0.705262
AACCCGAGCAGAATCG-1,0.593712,0.278128,0.0001,0.002895,0.124864,0.000301
AACCCGATAGGGCTTC-1,0.000053,0.118631,0.000053,0.000107,0.461569,0.419588
AACCCGCTGTATTCCA-1,0.016652,0.043061,0.003221,0.217546,0.174562,0.544958
AACCCTACTGTCAATA-1,0.042964,0.04838,0.000567,0.504647,0.139348,0.264095
AACCCTGGTGGAACCA-1,0.000026,0.013392,0.209837,0.367088,0.046391,0.363266
AACCGAGCTTGGTCAT-1,0.001149,0.112629,0.146871,0.4646,0.008,0.26675
AACCGCTAAGGGATGC-1,0.112813,0.000033,0.000445,0.334204,0.246252,0.306253
AACCGTTGTGTTTGCT-1,0.077693,0.729762,0.000159,0.191752,0.000159,0.000476
AACCTAAAGCCGTCCG-1,0.000351,0.007094,0.097263,0.204052,0.001385,0.689855
AACCTCGCTTTAGCCC-1,0.000055,0.192707,0.001908,0.663215,0.115187,0.026927
AACCTGTCACGGAATT-1,0.127207,0.303346,0.099236,0.347113,0.122953,0.000145
AACCTTTAAATACGGT-1,0.03019,0.476255,0.006665,0.260855,0.208806,0.017229
AACCTTTACGACGTCT-1,0.033228,0.000036,0.050806,0.58497,0.090444,0.240515
AACGAAAGTCGTCCCA-1,0.009097,0.015492,0.037662,0.112812,0.013551,0.811387
AACGACCTCCTAGCCG-1,0.99968,0.00004,0.00004,0.00008,0.00004,0.00012
AACGATAATGCCGTAG-1,0.018413,0.16473,0.02622,0.634886,0.101314,0.054438
AACGATAGAAGGGCCG-1,0.000039,0.061527,0.018565,0.634002,0.042974,0.242892
AACGATATGTCAACTG-1,0.019391,0.018792,0.298435,0.437016,0.132136,0.094229
AACGCATGATCTGGGT-1,0.000072,0.269047,0.000072,0.551009,0.179584,0.000216
AACGCGACCTTGGGCG-1,0.000017,0.000017,0.055361,0.3819,0.011981,0.550725
AACGCGGTCTCCAGCC-1,0.00007,0.426526,0.160678,0.331497,0.00007,0.081159
AACGCTGTTGCTGAAA-1,0.000086,0.32568,0.000086,0.434938,0.162846,0.076365
AACGGACGTACGTATA-1,0.115338,0.215603,0.000076,0.29038,0.329802,0.048802
AACGGCCATCTCCGGT-1,0.028721,0.861162,0.030112,0.078774,0.000935,0.000297
AACGTACTGTGGGTAC-1,0.000092,0.999264,0.000092,0.000184,0.000092,0.000276
AACGTCAGACTAGTGG-1,0.000192,0.998461,0.000192,0.000385,0.000192,0.000577
AACGTCATCCGGCTTG-1,0.000016,0.218252,0.000309,0.054317,0.275485,0.45162
AACGTCGCTGCACTTC-1,0.054373,0.250004,0.00007,0.062227,0.543056,0.090271
AACGTGATGAAGGACA-1,0.000014,0.000014,0.007286,0.257777,0.000715,0.734194
AACGTGCGAAAGTCTC-1,0.000025,0.049948,0.161048,0.707691,0.01913,0.062159
AACGTTATCAGCACCT-1,0.000097,0.498718,0.117993,0.382804,0.000097,0.000291
AACGTTCTACCATTGT-1,0.300373,0.08317,0.233288,0.262898,0.008819,0.111453
AACTACCCGTTTGTCA-1,0.378683,0.411912,0.000092,0.208945,0.000092,0.000276
AACTAGGCTTGGGTGT-1,0.004479,0.015789,0.030334,0.439025,0.032129,0.478244
AACTCAAGTTAATTGC-1,0.000059,0.313685,0.034828,0.484626,0.009299,0.157503
AACTCCAGAGCGTGTT-1,0.048649,0.000033,0.020056,0.324476,0.27133,0.335456
AACTCCTAATCCCATG-1,0.019343,0.071867,0.089606,0.149425,0.132114,0.537646
AACTCTCAATAGAGCG-1,0.000023,0.007396,0.000027,0.515366,0.071691,0.405498
AACTCTCAGTGTGCTC-1,0.027199,0.272096,0.272127,0.427995,0.000042,0.000542
AACTGAGGTCAGCGTC-1,0.000098,0.165827,0.058835,0.283322,0.206403,0.285514
AACTGATATTAGGCCT-1,0.000096,0.443227,0.000096,0.556196,0.000096,0.000288
AACTGGGTCCCGACGT-1,0.000105,0.132587,0.168479,0.58119,0.000051,0.117588
AACTGGGTTCGAGCCG-1,0.014908,0.160222,0.011045,0.150618,0.08104,0.582167
AACTTTACGGGAGCTT-1,0.000071,0.131158,0.125087,0.596472,0.000152,0.14706
AACTTTCTCGATCATG-1,0.010807,0.422459,0.000257,0.24006,0.325644,0.000772
AAGAAAGTTTGATGGG-1,0.00003,0.241889,0.081472,0.084904,0.068018,0.523688
AAGAAATCACCAGATT-1,0.039095,0.150939,0.077881,0.428781,0.166083,0.137221
AAGACATACGTGGTTT-1,0.303227,0.563007,0.000148,0.000296,0.132879,0.000444
AAGACCAAATAACTCA-1,0.00394,0.062626,0.048212,0.324455,0.111041,0.449726
AAGACCCAACTGAACA-1,0.000053,0.302501,0.046543,0.199029,0.039347,0.412526
AAGACTCACGCCCACT-1,0.000018,0.000018,0.107201,0.003185,0.059859,0.829718
AAGACTGCAAGCTACT-1,0.036605,0.024541,0.069939,0.693106,0.034677,0.141132
AAGAGCTCTTTATCGG-1,0.000032,0.224809,0.312456,0.375256,0.000032,0.087414
AAGAGGATGTACGCGA-1,0.003564,0.995241,0.000171,0.000342,0.000171,0.000512
AAGAGGCATGGATCGC-1,0.056312,0.045071,0.071235,0.654993,0.046633,0.125757
AAGAGGCCCTTTGGAA-1,0.554186,0.000053,0.000053,0.000105,0.236148,0.209456
AAGATGGCACCGGACC-1,0.323114,0.201214,0.017657,0.000407,0.04698,0.410629
AAGATTGGCGGAACGT-1,0.062283,0.114684,0.001777,0.575638,0.126429,0.11919
AAGCACCCTGCGTATC-1,0.036787,0.237472,0.416242,0.139283,0.162968,0.007249
AAGCATACTCTCCTGA-1,0.019995,0.224328,0.20741,0.340823,0.047235,0.16021
AAGCCACTTGCAGGTA-1,0.003707,0.064474,0.003908,0.166718,0.022013,0.73918
AAGCCGAAGCGGTTTA-1,0.621314,0.330155,0.000101,0.048027,0.000101,0.000302
AAGCCGCCGTGAAATC-1,0.000018,0.000343,0.012831,0.28525,0.022753,0.678805
AAGCCGCTTTACCTTG-1,0.11048,0.001768,0.130266,0.179593,0.543491,0.034401
AAGCCGGAGAGCAGGA-1,0.819141,0.180191,0.000095,0.000191,0.000095,0.000286
AAGCGCAGGGCTTTGA-1,0.120551,0.006181,0.118232,0.120372,0.208295,0.426369
AAGCGGAGTGCGCGCA-1,0.003037,0.012613,0.263539,0.063213,0.477508,0.18009
AAGCGGCGTCATGGGT-1,0.000056,0.272883,0.067132,0.197987,0.059686,0.402256
AAGCGTCCCTCATCGA-1,0.051822,0.946682,0.000214,0.000428,0.000214,0.000642
AAGCTAGATCGAGTAA-1,0.100558,0.000026,0.03863,0.613688,0.020221,0.226877
AAGCTATGGATTGACC-1,0.000163,0.030082,0.000163,0.000326,0.062205,0.90706
AAGCTCGTGCCAAGTC-1,0.007161,0.161257,0.10956,0.716269,0.005639,0.000114
AAGCTCTTTCATGGTG-1,0.094707,0.001611,0.207927,0.16724,0.194748,0.333767
AAGGAGCGGTTGGTGC-1,0.000101,0.341859,0.08902,0.568615,0.000101,0.000304
AAGGATCGATCGCTTG-1,0.385608,0.327941,0.000121,0.285848,0.000121,0.000362
AAGGATGAGGGACCTC-1,0.039501,0.000017,0.209476,0.28977,0.006108,0.455128
AAGGCAGGCTGTCTCC-1,0.721956,0.047924,0.077383,0.152564,0.000043,0.00013
AAGGCGCGTAAAGCTT-1,0.208087,0.267613,0.44407,0.07911,0.000065,0.001054
AAGGCTGTGCTCATCG-1,0.000046,0.194996,0.180661,0.559901,0.000046,0.06435
AAGGGAACGACTGGCT-1,0.000055,0.332595,0.002624,0.219816,0.160361,0.284549
AAGGGACAGATTCTGT-1,0.034935,0.05444,0.083748,0.512861,0.23428,0.079735
AAGGGACTATGCATTC-1,0.000052,0.193884,0.045111,0.392308,0.059346,0.3093
AAGGGTTAGCCATGCG-1,0.676721,0.322692,0.000084,0.000168,0.000084,0.000252
AAGGGTTTGATTTCAG-1,0.002055,0.169209,0.169879,0.159612,0.018649,0.480596
AAGGTATCCTAATATA-1,0.000039,0.07985,0.104904,0.661659,0.013155,0.140394
AAGGTGATAAACCAGC-1,0.177971,0.183371,0.024939,0.496775,0.050683,0.066261
AAGTAGAAGACCGGGT-1,0.02676,0.969052,0.0035,0.000229,0.000115,0.000344
AAGTCAATTGTCGTCA-1,0.230857,0.012725,0.333551,0.162546,0.196722,0.063599
AAGTCTAGTAGCTGCC-1,0.014831,0.160548,0.079435,0.568087,0.072199,0.104899
AAGTCTTCTGTGGCCT-1,0.06028,0.422616,0.261214,0.000091,0.000046,0.255752
AAGTGACGACCGAATT-1,0.000093,0.914396,0.084956,0.000185,0.000093,0.000278
AAGTGAGTCGGGTTTA-1,0.000132,0.689722,0.000132,0.012247,0.297368,0.000397
AAGTGCAAAGGTAGAC-1,0.000417,0.45935,0.009713,0.530262,0.000065,0.000194
AAGTGCCTTGACTGTA-1,0.242965,0.396853,0.070973,0.193299,0.085174,0.010735
AAGTGCGTTAGAATCT-1,0.000173,0.673694,0.000173,0.120663,0.139118,0.066179
AAGTGCTTCTCTATTG-1,0.030916,0.872956,0.000098,0.000196,0.000098,0.095736
AAGTGTTTGGAGACGG-1,0.089377,0.064906,0.153363,0.154517,0.276708,0.261128
AAGTTCACTCCAAGCT-1,0.000077,0.63611,0.020486,0.268598,0.04569,0.02904
AAGTTCAGTCTGCGTA-1,0.001558,0.000027,0.008301,0.437516,0.033057,0.519541
AAGTTGTGATGTTATA-1,0.175169,0.326676,0.000205,0.00041,0.496927,0.000614
AAGTTTACTAATGGCA-1,0.054897,0.943643,0.000209,0.000417,0.000209,0.000626
AAGTTTATGGGCCCAA-1,0.00003,0.082447,0.247636,0.087199,0.294375,0.288313
AATAACAACGCTCGGC-1,0.042688,0.36841,0.204697,0.373659,0.000099,0.010446
AATAACGTCGCGCCCA-1,0.610552,0.249626,0.086624,0.000146,0.000073,0.052979
AATAAGTCCTCGAGAC-1,0.000075,0.221507,0.000075,0.399489,0.046746,0.332108
AATAATCTTCGTATCG-1,0.999182,0.000102,0.000102,0.000205,0.000102,0.000307
AATACAATGTTTCAGG-1,0.109309,0.054887,0.27291,0.557097,0.000147,0.00565
AATACCGGAGGGCTGT-1,0.000112,0.814189,0.000112,0.000224,0.124387,0.060977
AATACCTGATGTGAAC-1,0.013404,0.074177,0.000063,0.08772,0.631859,0.192776
AATAGAACAGAGTGGC-1,0.000042,0.532959,0.321833,0.140533,0.000042,0.004591
AATAGAATCTGTTTCA-1,0.000058,0.162534,0.000058,0.616553,0.175558,0.045239
AATAGCAAGCCTCCTG-1,0.000058,0.085664,0.114179,0.127205,0.281094,0.391801
AATAGCTACCGCGTGC-1,0.000045,0.170056,0.021173,0.481714,0.179502,0.147511
AATAGGCACGACCCTT-1,0.051889,0.533372,0.042244,0.000096,0.026491,0.345909
AATAGTCCGTCCCGAC-1,0.053103,0.055647,0.870251,0.000067,0.009567,0.011364
AATAGTCGCGAGTCGG-1,0.000083,0.109252,0.046302,0.545728,0.111136,0.1875
AATATCCTAGCAAACT-1,0.002726,0.05471,0.04191,0.132775,0.212332,0.555547
AATATCGAATCAATGC-1,0.465826,0.397112,0.000077,0.136678,0.000077,0.000231
AATATCGAGGGTTCTC-1,0.098686,0.083309,0.066886,0.454484,0.296455,0.000179
AATATTGGAGTATTGA-1,0.000215,0.830373,0.046689,0.00043,0.121647,0.000645
AATCAGGTTTCATTTA-1,0.000042,0.158701,0.040072,0.168363,0.054618,0.578205
AATCATGTAAAGACTC-1,0.028479,0.000028,0.000028,0.240556,0.236258,0.494651
AATCCAAGGGCCTGAG-1,0.054567,0.145091,0.300582,0.499523,0.000059,0.000178
AATCCCGCTCAGAGCC-1,0.000019,0.320099,0.114084,0.100611,0.214534,0.250652
AATCGAGGTCTCAAGG-1,0.045227,0.055939,0.1074,0.147877,0.265153,0.378404
AATCGCCTCAGCGCCA-1,0.031904,0.000067,0.003452,0.628727,0.093781,0.242068
AATCGCGCAGAGGACT-1,0.585435,0.259708,0.006595,0.147923,0.000085,0.000254
AATCGGGACACTACGA-1,0.000081,0.54443,0.2337,0.20219,0.006233,0.013366
AATCGGTATAGCCCTC-1,0.075199,0.338598,0.000132,0.000264,0.515585,0.070221
AATCGTGAGCCGAGCA-1,0.000079,0.195084,0.000079,0.254757,0.504634,0.045367
AATCTAGGTTTACTTG-1,0.000049,0.08843,0.069092,0.187575,0.170915,0.483939
AATCTATGCCGGAGCC-1,0.000067,0.101536,0.000067,0.513795,0.169567,0.214966
AATCTCTACTGTGGTT-1,0.016387,0.161009,0.011601,0.164146,0.038953,0.607905
AATCTGCGTTGGGACG-1,0.009544,0.562888,0.032046,0.309512,0.048923,0.037087
AATCTGGCTTTCTAGT-1,0.000065,0.370865,0.03394,0.274227,0.038583,0.282319
AATCTGGGTAGACCCT-1,0.127795,0.289077,0.269491,0.000098,0.035094,0.278445
AATGACAGCAATGTCT-1,0.056286,0.942712,0.000143,0.000286,0.000143,0.000429
AATGACGTAGGATGTC-1,0.000837,0.233266,0.000056,0.528736,0.236938,0.000167
AATGACTGTCAGCCGG-1,0.000035,0.162386,0.53551,0.214576,0.000341,0.087152
AATGATGATACGCTAT-1,0.00002,0.00002,0.063159,0.359715,0.018677,0.558409
AATGATGCGACTCCTG-1,0.000051,0.082736,0.1109,0.586383,0.213561,0.006368
AATGCAACCGGGTACC-1,0.000035,0.050556,0.044113,0.464634,0.000153,0.440509
AATGCACCAAGCAATG-1,0.000036,0.000036,0.000036,0.500965,0.093819,0.405108
AATGGCCGCCAATGCG-1,0.094909,0.225192,0.00712,0.000077,0.23873,0.433972
AATGGTCCACCGTTCA-1,0.056571,0.213639,0.265779,0.333894,0.00005,0.130067
AATGTATGGCACTGTA-1,0.000031,0.299748,0.261316,0.198353,0.000288,0.240264
AATGTGCCCGAGGTGT-1,0.006544,0.204679,0.288581,0.101101,0.012078,0.387017
AATGTGCTAATCTGAG-1,0.00033,0.055364,0.001066,0.200878,0.037616,0.704745
AATGTTAAGACCCTGA-1,0.020456,0.000012,0.187897,0.111167,0.059489,0.620979
AATGTTGTCGTGAGAC-1,0.401142,0.149419,0.000103,0.000205,0.448823,0.000308
AATTAAAGGTCGGCGT-1,0.027337,0.077557,0.179498,0.421474,0.017683,0.276451
AATTAACGGATTTCCA-1,0.000049,0.174665,0.167282,0.349263,0.066957,0.241785
AATTACGAGACCCATC-1,0.01767,0.367349,0.016245,0.314359,0.021363,0.263015
AATTAGCGCTGCAGCG-1,0.000033,0.179066,0.092017,0.404724,0.00993,0.314231
AATTATACCCAGCAAG-1,0.033881,0.010315,0.123853,0.17346,0.240381,0.418109
AATTCATAAGGGATCT-1,0.046207,0.387344,0.025012,0.488797,0.052391,0.000249
AATTCATTGTCATGCA-1,0.014692,0.313154,0.040956,0.275711,0.020658,0.33483
AATTCCAAGCATGTAC-1,0.000015,0.000015,0.017145,0.173137,0.000567,0.80912
AATTCGATTCGAGGAT-1,0.105432,0.000022,0.148257,0.053009,0.131723,0.561557
AATTCTAGAGTTAGGC-1,0.000035,0.0233,0.082777,0.631153,0.013273,0.249462
AATTGAACGCTCTGGT-1,0.048339,0.042669,0.006678,0.557263,0.23193,0.113121
AATTGCAGCAATCGAC-1,0.016256,0.0965,0.007976,0.07936,0.732278,0.06763
AATTGCGTGGATTACA-1,0.000036,0.191483,0.026105,0.304093,0.060845,0.417438
AATTGTGGTTGCCAAA-1,0.970447,0.028949,0.000086,0.000173,0.000086,0.000259
AATTTGGGACATAGTA-1,0.00006,0.207111,0.031123,0.686591,0.003573,0.071541
AATTTGGTTCCAAAGA-1,0.000048,0.274457,0.044795,0.5328,0.000048,0.147852
ACAAACCATGCGTCCT-1,0.089733,0.094098,0.106185,0.245267,0.026583,0.438134
ACAAACCGACAAGGCG-1,0.000049,0.234154,0.003336,0.340344,0.116582,0.305535
ACAAACTCCATCAGAG-1,0.19596,0.734432,0.062302,0.000074,0.002738,0.004493
ACAAAGAAGGTAGGCC-1,0.001047,0.25007,0.005181,0.000071,0.27563,0.468001
ACAAAGCATGACCTAG-1,0.300278,0.000023,0.000023,0.000046,0.246152,0.453479
ACAAATCGCACCGAAT-1,0.009669,0.055313,0.031024,0.675906,0.193428,0.034659
ACAAATGGTAGTGTTT-1,0.040676,0.031617,0.089386,0.307272,0.109071,0.421977
ACAAATTCAGATCTGA-1,0.027342,0.066863,0.111842,0.031606,0.101866,0.66048
ACAACAGCATGAGCTA-1,0.005483,0.006645,0.092201,0.730644,0.009478,0.155549
ACAAGCAGTGCCTAGC-1,0.04677,0.173613,0.387649,0.374793,0.000092,0.017083
ACAAGCTATATGGAAG-1,0.009958,0.081832,0.022945,0.122715,0.144586,0.617964
ACAAGGAAATCCGCCC-1,0.020025,0.146301,0.006896,0.595279,0.084613,0.146887
ACAAGGACAAGAGGTT-1,0.00003,0.355632,0.28033,0.363887,0.00003,0.000091
ACAAGGATGCTTTAGG-1,0.024037,0.385018,0.003588,0.345931,0.241243,0.000184
ACAAGGCCTACCAGCC-1,0.054042,0.000036,0.012039,0.055191,0.139492,0.7392
ACAAGGGCAGGCTCTG-1,0.01521,0.305555,0.111365,0.525128,0.018518,0.024225
ACAAGTAATTGTAAGG-1,0.00003,0.095193,0.010126,0.242944,0.148538,0.503168
ACAATAGTCGTACGTT-1,0.000064,0.111629,0.06665,0.626434,0.024098,0.171125
ACAATCGATCTTTATA-1,0.050396,0.520896,0.071754,0.193719,0.000083,0.163151
ACAATGAATACGGAGA-1,0.000115,0.518675,0.352956,0.000229,0.127681,0.000344
ACAATGATTCTTCTAC-1,0.000097,0.31458,0.040047,0.000408,0.33125,0.313618
ACAATTGTGTCTCTTT-1,0.132968,0.070785,0.210349,0.181185,0.337625,0.067087
ACAATTTAGGAGGCTC-1,0.004001,0.048802,0.118133,0.334308,0.000042,0.494715
ACAATTTGAGCAGTGG-1,0.039973,0.268752,0.067487,0.436536,0.012764,0.174487
ACAATTTGGCCATATT-1,0.383538,0.548751,0.000146,0.023636,0.04349,0.000438
ACACAAAGACGGGTGG-1,0.014678,0.000023,0.084551,0.42687,0.003261,0.470618
ACACAAATATTCCTAG-1,0.129089,0.045314,0.147075,0.056816,0.459709,0.161997
ACACACCAGGACCAGT-1,0.041367,0.196864,0.000063,0.448535,0.224474,0.088698
ACACACTTTCTACACG-1,0.029542,0.192405,0.222105,0.412636,0.009442,0.13387
ACACATGATCAAATCT-1,0.000028,0.023012,0.372643,0.058843,0.190962,0.354512
ACACATTTCCGTAGAC-1,0.000029,0.03181,0.00063,0.138064,0.225631,0.603836
ACACCACATAATTAGC-1,0.037932,0.603281,0.038389,0.195564,0.072749,0.052085
ACACCCAGCATGCAGC-1,0.000036,0.001743,0.177873,0.597958,0.000036,0.222354
ACACCCGAGAAATCCG-1,0.006567,0.242669,0.202609,0.536803,0.000063,0.011289
ACACCCGTAAATCTGT-1,0.000077,0.000022,0.11706,0.000044,0.2821,0.600697
ACACCGAGCGCTCTTT-1,0.000093,0.375421,0.311888,0.018436,0.121582,0.172579
ACACCGGTCTGACCGC-1,0.105788,0.000017,0.053058,0.226526,0.000017,0.614593
ACACCTTAAGTAGGGC-1,0.063265,0.811235,0.12466,0.00028,0.00014,0.00042
ACACCTTACTACTTGC-1,0.722889,0.219614,0.056947,0.000183,0.000092,0.000275
ACACGAGACTCCTTCT-1,0.000032,0.046376,0.249496,0.608658,0.061873,0.033565
ACACGGCACTATGCAT-1,0.000023,0.000023,0.072582,0.385755,0.000023,0.541593
ACACGGGAACTTAGGG-1,0.011436,0.423638,0.090341,0.474331,0.000064,0.000191
ACACGTAGGCCACAAG-1,0.665671,0.333624,0.000101,0.000201,0.000101,0.000302
ACACTGATCAAGGTGT-1,0.000035,0.002598,0.019648,0.755421,0.024605,0.197694
ACACTGGGACAGTCGT-1,0.571843,0.198835,0.000128,0.022739,0.206071,0.000384
ACAGAACTGAGAACAA-1,0.00003,0.000186,0.109103,0.215963,0.003677,0.671042
ACAGATTAGGTTAGTG-1,0.057109,0.941856,0.000148,0.000296,0.000148,0.000444
ACAGCATAGAGCCAGT-1,0.000159,0.601875,0.000159,0.157763,0.202297,0.037747
ACAGCGACATTCTCAT-1,0.123198,0.406621,0.00017,0.108518,0.360983,0.00051
ACAGCGCACCCGCAGC-1,0.000086,0.297456,0.03355,0.611968,0.038268,0.018671
ACAGGCACGGATCCTT-1,0.000045,0.118112,0.000045,0.157415,0.417752,0.30663
ACAGGCTTGCCCGACT-1,0.064433,0.282109,0.012137,0.485427,0.1436,0.012293
ACAGGTGTGTTGTTGC-1,0.000043,0.172791,0.031679,0.001411,0.321465,0.472611
ACAGTAATACAACTTG-1,0.000035,0.078628,0.019612,0.398897,0.030793,0.472035
ACAGTATACCGTGGGA-1,0.076069,0.45242,0.02386,0.036645,0.264847,0.146159
ACAGTGCAGCGCATTT-1,0.006788,0.00867,0.037289,0.007578,0.238418,0.701257
ACATAAGTCGTGGTGA-1,0.000051,0.178011,0.000051,0.387977,0.094322,0.339589
ACATAATAAGGCGGTG-1,0.000061,0.419248,0.420415,0.127805,0.000061,0.032411
ACATACAATCAAGCGG-1,0.027035,0.025223,0.000038,0.369135,0.151841,0.426728
ACATCAGCTGGGACGC-1,0.123574,0.261536,0.211756,0.318283,0.01091,0.073942
ACATCCCGGCCATACG-1,0.000061,0.180021,0.046438,0.482569,0.000061,0.290851
ACATCCTGGTAACTGT-1,0.403708,0.435321,0.146961,0.000151,0.000076,0.013782
ACATCGATCGTTTACC-1,0.000076,0.198055,0.062373,0.739189,0.000076,0.000229
ACATCGCAATATTCGG-1,0.000036,0.209226,0.000036,0.105355,0.201728,0.483619
ACATCGGTCAGCCGCG-1,0.611475,0.282299,0.000141,0.000281,0.000141,0.105663
ACATCGTATGCAATGG-1,0.030734,0.357431,0.113725,0.393792,0.090667,0.013652
ACATCGTTAACCTAGT-1,0.000179,0.532035,0.000179,0.054531,0.162904,0.250172
ACATCTCAACGCGTAA-1,0.034371,0.000023,0.332448,0.033306,0.000023,0.59983
ACATGCTTACGGCAGC-1,0.003368,0.000018,0.008434,0.17147,0.017991,0.798718
ACATGGCGCCAAAGTA-1,0.256371,0.14395,0.00006,0.30254,0.214773,0.082306
ACATTAGTTTATATCC-1,0.000056,0.066722,0.03481,0.555603,0.014194,0.328615
ACATTCGCGCGGAATA-1,0.002489,0.00001,0.152024,0.105937,0.000013,0.739528
ACATTTGAAACCTAAC-1,0.137904,0.057178,0.001979,0.001155,0.361392,0.440391
ACCAAACACCCAGCGA-1,0.000037,0.066784,0.009296,0.381817,0.450231,0.091835
ACCAAACTAGAAATCC-1,0.000169,0.670141,0.000169,0.04238,0.192617,0.094523
ACCAACACCACACACT-1,0.000038,0.299644,0.020897,0.487009,0.168477,0.023934
ACCAACCGCACTCCAC-1,0.176504,0.042792,0.000034,0.000069,0.375376,0.405226
ACCAACGCTTATTTAT-1,0.000066,0.298621,0.07764,0.35372,0.025191,0.244762
ACCAAGAACGCGTGTC-1,0.000044,0.184058,0.224838,0.530334,0.021554,0.039172
ACCAAGTCATCGGCAG-1,0.206146,0.49488,0.000089,0.000177,0.288454,0.010254
ACCAATATGCAAGTTA-1,0.0217,0.008055,0.044047,0.431425,0.027824,0.466949
ACCACAACTCAGAACA-1,0.000051,0.038923,0.103107,0.321529,0.006721,0.529668
ACCACAAGTTTCTATC-1,0.000105,0.373701,0.025155,0.569933,0.007531,0.023574
ACCACACGGTTGATGG-1,0.034862,0.053806,0.084462,0.292916,0.286025,0.247929
ACCACCAATGTAACAA-1,0.229196,0.512517,0.000082,0.257875,0.000082,0.000247
ACCACCCTCTCTTCTA-1,0.000047,0.003218,0.000047,0.120899,0.422473,0.453315
ACCACGTGCAGCTATA-1,0.014637,0.017364,0.123396,0.477674,0.018185,0.348744
ACCAGACCATAACAAC-1,0.00004,0.230885,0.103643,0.1912,0.018967,0.455265
ACCAGCCCGGTCTTTG-1,0.000067,0.045896,0.107983,0.398657,0.190467,0.25693
ACCAGTGCCCGGTCAA-1,0.124662,0.000037,0.02821,0.051383,0.109784,0.685926
ACCAGTGCGGGAGACG-1,0.036052,0.087559,0.131833,0.340342,0.404071,0.000143
ACCATATCCGCAATAA-1,0.035496,0.412225,0.237358,0.129496,0.000049,0.185377
ACCATCCGCCAACTAG-1,0.000082,0.505605,0.253911,0.041745,0.00243,0.196226
ACCATCGTATATGGTA-1,0.029837,0.564858,0.107413,0.274935,0.022666,0.000289
ACCATTAAGGGTGTCA-1,0.038445,0.960487,0.000153,0.000305,0.000153,0.000458
ACCCAACGCCCGTGGC-1,0.000055,0.390753,0.000055,0.44047,0.132607,0.036059
ACCCATCTTGAGGGTA-1,0.026316,0.486257,0.123704,0.363388,0.000084,0.000251
ACCCATTTGTCCCTCT-1,0.280918,0.244915,0.00988,0.319428,0.142954,0.001905
ACCCGAGCGAAATTAC-1,0.000058,0.41359,0.008027,0.208722,0.046884,0.32272
ACCCGATTGGTTCCGA-1,0.175144,0.514915,0.223937,0.040654,0.000063,0.045287
ACCCGGAAACTCCCAG-1,0.000063,0.24157,0.082901,0.471674,0.035741,0.16805
ACCCGGAGCACCACAA-1,0.999586,0.000052,0.000052,0.000103,0.000052,0.000155
ACCCGGATGACGCATC-1,0.080544,0.095075,0.00006,0.524062,0.292249,0.00801
ACCCGGTTACACTTCC-1,0.000025,0.000025,0.197194,0.447317,0.006381,0.349057
ACCCGTAGCAGAGAAT-1,0.000039,0.206967,0.06414,0.372372,0.070175,0.286307
ACCCGTAGTCTAGTTG-1,0.865448,0.053611,0.000068,0.000137,0.019413,0.061323
ACCCGTGTCATCAGTA-1,0.000096,0.300017,0.021101,0.591618,0.025224,0.061944
ACCCTCCCGTCAGGGC-1,0.008247,0.139684,0.000058,0.081746,0.735043,0.035222
ACCCTCCCTTGCTATT-1,0.026637,0.028363,0.057644,0.300335,0.408761,0.17826
ACCCTGGTAACGCCCT-1,0.052101,0.000035,0.000035,0.052234,0.214413,0.681182
ACCCTTCATCTGCGAA-1,0.031183,0.292532,0.146202,0.265693,0.002152,0.262238
ACCCTTGCCTGGGTCG-1,0.031419,0.024856,0.000046,0.331568,0.396289,0.215822
ACCCTTTAGTTCTCCA-1,0.000032,0.000032,0.161686,0.139477,0.003271,0.695502
ACCGAAAGGGCCCTGC-1,0.038765,0.410876,0.105776,0.44255,0.000084,0.001949
ACCGAAGAGTCTGGTT-1,0.03293,0.127906,0.235962,0.013797,0.239896,0.349509
ACCGACACATCTCCCA-1,0.000024,0.000024,0.005559,0.089731,0.000024,0.904637
ACCGACTGAGTCCCAC-1,0.000081,0.417791,0.003604,0.578201,0.000081,0.000242
ACCGAGTCTCCTTATT-1,0.084813,0.000057,0.000057,0.00215,0.568462,0.344462
ACCGATAGGCATAACC-1,0.769611,0.062157,0.000091,0.000181,0.16769,0.000272
ACCGATATTTAATCAT-1,0.951325,0.000103,0.047957,0.000205,0.000103,0.000308
ACCGATGGTAGCATCG-1,0.01949,0.009709,0.001338,0.355702,0.066351,0.54741
ACCGCAATAACTGCCT-1,0.107622,0.099651,0.006305,0.396657,0.218849,0.170916
ACCGCGGTGGAAGTCG-1,0.637931,0.20277,0.000091,0.158845,0.000091,0.000273
ACCGCTAGTCATTGGT-1,0.00003,0.157016,0.052104,0.049278,0.079422,0.662149
ACCGGGCCTTTGTTGA-1,0.09367,0.605111,0.0001,0.289888,0.010928,0.000301
ACCGGTCAGGTACACC-1,0.029128,0.17686,0.131689,0.194057,0.069223,0.399042
ACCGGTCTGAGTACGG-1,0.00003,0.031384,0.006839,0.111279,0.031434,0.819034
ACCGTCCACTGGGCCC-1,0.000016,0.046094,0.057073,0.333743,0.058441,0.504633
ACCGTTCCCGCTCTGA-1,0.048906,0.113502,0.279536,0.106911,0.050252,0.400894
ACCTAAGTACCTTTCA-1,0.339099,0.656201,0.004196,0.000168,0.000084,0.000252
ACCTAATCGACTTCCT-1,0.024857,0.23039,0.394985,0.312569,0.00013,0.037068
ACCTACAGTATGTGGT-1,0.436783,0.517026,0.000151,0.045437,0.000151,0.000452
ACCTACTATAAATCTA-1,0.00001,0.00001,0.029089,0.120691,0.00001,0.85019
ACCTCAGCGAGGCGCA-1,0.063397,0.112359,0.000038,0.138204,0.354911,0.331091
ACCTCCGCCCTCGCTG-1,0.473792,0.513576,0.0001,0.000199,0.0001,0.012234
ACCTCCGTTATTCACC-1,0.264238,0.735021,0.000106,0.000212,0.000106,0.000317
ACCTCGAACTTATGCT-1,0.00022,0.042094,0.036324,0.147433,0.018714,0.755214
ACCTGCGTGTCATGTT-1,0.000076,0.191769,0.287498,0.192554,0.18712,0.140982
ACCTTTCCTTTAGAAG-1,0.07728,0.538541,0.256578,0.009335,0.000062,0.118203
ACGAAATGGGCGGCAC-1,0.000112,0.999103,0.000112,0.000224,0.000112,0.000336
ACGACCCATGAGTTGC-1,0.910963,0.08863,0.000058,0.000116,0.000058,0.000175
ACGACTCTAGGGCCGA-1,0.036202,0.347792,0.000081,0.017264,0.598419,0.000242
ACGACTGGTCATACTC-1,0.000107,0.833426,0.000107,0.000215,0.062535,0.103609
ACGAGATATTTGCTTA-1,0.038979,0.186764,0.187036,0.359054,0.055531,0.172638
ACGAGGATACCACTCT-1,0.000045,0.160867,0.021057,0.418762,0.013464,0.385806
ACGAGGTTTACAACGT-1,0.014788,0.010492,0.078009,0.011688,0.078764,0.806258
ACGAGTACGGATGCCC-1,0.074056,0.052093,0.03277,0.656072,0.05716,0.127849
ACGATACATAGAACTA-1,0.000058,0.245373,0.21272,0.471224,0.070426,0.000199
ACGATACCTATCCTGA-1,0.000046,0.187364,0.006541,0.166219,0.109169,0.530662
ACGATCATACATAGAG-1,0.00004,0.050783,0.265012,0.492426,0.001404,0.190335
ACGATCATCTTGTAAA-1,0.103279,0.509655,0.000073,0.374259,0.012517,0.000218
ACGATGCATATGTTAT-1,0.000112,0.513882,0.000112,0.449779,0.010443,0.02567
ACGATGGATCCGATGC-1,0.00005,0.108769,0.038887,0.69246,0.01785,0.141984
ACGCAAACTAATAGAT-1,0.053518,0.941324,0.00011,0.000219,0.004501,0.000329
ACGCAATCACTACAGC-1,0.000033,0.002145,0.016708,0.49034,0.051834,0.43894
ACGCATAAATGACATG-1,0.079384,0.082784,0.008878,0.005894,0.105321,0.717739
ACGCATACGTTTACTA-1,0.115992,0.109551,0.000075,0.188456,0.425883,0.160043
ACGCATTCGTGAGTAC-1,0.000037,0.049293,0.120318,0.608633,0.000037,0.221683
ACGCCACTCGAAACAG-1,0.020391,0.023706,0.01217,0.085322,0.157908,0.700503
ACGCCAGATGATTTCT-1,0.050718,0.003344,0.066473,0.571408,0.01457,0.293487
ACGCCAGTGCGTTTGC-1,0.472067,0.000046,0.000046,0.000091,0.12015,0.407601
ACGCCCAGCTGTCGAT-1,0.000046,0.000046,0.00321,0.379842,0.078906,0.537949
ACGCCGCTAGACGACC-1,0.003623,0.06844,0.096581,0.560501,0.081107,0.189746
ACGCGAAGTCAGACGA-1,0.000026,0.000026,0.691134,0.090721,0.058124,0.159968
ACGCGCTACACAGGGT-1,0.039361,0.81695,0.020699,0.122572,0.000105,0.000314
ACGCGGGCCAAGGACA-1,0.000027,0.070723,0.2078,0.490978,0.002669,0.227803
ACGCGTTTCTTAAGAG-1,0.00003,0.061544,0.187266,0.295813,0.000115,0.455232
ACGCTACTGAATGGGC-1,0.621911,0.377407,0.000097,0.000195,0.000097,0.000292
ACGCTAGTATCAGTGC-1,0.052692,0.00004,0.00004,0.000079,0.194288,0.752861
ACGCTAGTGATACACT-1,0.026657,0.048466,0.000039,0.547519,0.239334,0.137984
ACGCTGTGAGGCGTAG-1,0.000122,0.333553,0.000122,0.561572,0.000122,0.104509
ACGCTTAGTGTCTCTC-1,0.00007,0.181959,0.164791,0.161942,0.010082,0.481157
ACGGAACACGAGTGCC-1,0.000022,0.000022,0.000022,0.024588,0.134563,0.840782
ACGGAATTTAGCAAAT-1,0.05297,0.246014,0.047412,0.641255,0.000158,0.01219
ACGGACGCAGCGACAA-1,0.000053,0.37144,0.15047,0.071119,0.040723,0.366195
ACGGACTCTCAAAGCG-1,0.064958,0.155407,0.450012,0.084776,0.113229,0.131617
ACGGAGCGCAAATTAC-1,0.000049,0.2126,0.02826,0.643982,0.114231,0.000879
ACGGATGGTGCGGATA-1,0.021805,0.259795,0.218304,0.277976,0.012921,0.2092
ACGGCACTTGCTTGGG-1,0.000055,0.464511,0.080237,0.362923,0.000055,0.092218
ACGGCCAACATGGACT-1,0.014747,0.000018,0.007349,0.23576,0.000018,0.742109
ACGGCGACGATGGGAA-1,0.006386,0.082163,0.082889,0.264985,0.266176,0.297401
ACGGCTGGATGTAGAA-1,0.000024,0.009565,0.023715,0.165525,0.119028,0.682142
ACGGGAGTGTCGGCCC-1,0.000132,0.730634,0.000132,0.186583,0.000132,0.082389
ACGGGCGTATGCGACA-1,0.008898,0.105534,0.000049,0.122032,0.410549,0.352938
ACGGGTCATGTGACTT-1,0.179217,0.81957,0.000173,0.000346,0.000173,0.00052
ACGGGTTGTGACCTGT-1,0.000035,0.198433,0.135703,0.359868,0.022825,0.283135
ACGGTACAGTTCAATG-1,0.010727,0.00228,0.000039,0.182866,0.383665,0.420423
ACGGTCACCGAGAACA-1,0.000021,0.048591,0.034331,0.318248,0.01693,0.581879
ACGTACAGATTTCTCT-1,0.018604,0.009793,0.264827,0.389844,0.00354,0.313391
ACGTACTTTGGCACGG-1,0.00002,0.067643,0.012021,0.209774,0.00717,0.703371
ACGTAGATTGCTGATG-1,0.000042,0.096454,0.138812,0.47798,0.026624,0.260088
ACGTAGGAGAGTCGCT-1,0.044492,0.000013,0.019465,0.031188,0.035652,0.86919
ACGTATTACTCCGATC-1,0.185396,0.73003,0.000149,0.083828,0.000149,0.000448
ACGTCCTAAACGAGAT-1,0.090359,0.265388,0.17493,0.13919,0.017042,0.313092
ACGTCGGGCAACTCGG-1,0.005067,0.411124,0.052095,0.208909,0.094428,0.228377
ACGTCTCGTTCCGGGA-1,0.050581,0.000018,0.00893,0.00714,0.00387,0.929461
ACGTGACAAAGTAAGT-1,0.000017,0.008072,0.016152,0.017817,0.083618,0.874324
ACGTGCGCCTCGTGCA-1,0.000079,0.194143,0.544944,0.165937,0.03248,0.062416
ACGTGGTCGAATGTGC-1,0.000028,0.000028,0.062951,0.426215,0.003211,0.507567
ACGTTAATGTCGAAGA-1,0.000048,0.394552,0.121166,0.454911,0.02571,0.003613
ACGTTAGATTTGCCCG-1,0.000164,0.991567,0.000164,0.007452,0.000164,0.000491
ACGTTATTGGTCACTC-1,0.167217,0.831666,0.00016,0.000319,0.00016,0.000479
ACGTTCACTATGCCGC-1,0.088546,0.726938,0.022297,0.000112,0.000056,0.162052
ACGTTCCGCGCTCCGT-1,0.053132,0.375721,0.2756,0.266509,0.000094,0.028944
ACGTTCGCAATCAATT-1,0.335003,0.414789,0.001013,0.241752,0.00728,0.000163
ACGTTCGTTCAGGAAA-1,0.038289,0.330818,0.292304,0.3154,0.000039,0.02315
ACGTTCTGTACAAGTC-1,0.004318,0.037866,0.000044,0.064923,0.356161,0.536688
ACGTTGTCGTTGAAAG-1,0.000041,0.3838,0.035067,0.175683,0.040384,0.365025
ACGTTTAGTTGTGATC-1,0.000063,0.26593,0.416321,0.168622,0.000063,0.149
ACGTTTCGGTGCACTT-1,0.790757,0.140365,0.000077,0.068493,0.000077,0.000231
ACTAAGGACGCACACC-1,0.000037,0.145192,0.017311,0.038284,0.55477,0.244406
ACTAATACGTCAGGCG-1,0.077377,0.001669,0.067851,0.248016,0.049187,0.555901
ACTACAAAGAGAGGTG-1,0.046229,0.856962,0.010207,0.000095,0.037886,0.04862
ACTACATCCCGACAAG-1,0.014682,0.00001,0.208099,0.004395,0.00186,0.770954
ACTACCAGCTCTCTGG-1,0.367608,0.222034,0.316418,0.093657,0.000071,0.000213
ACTACCATCCGAGGGC-1,0.000015,0.001299,0.000741,0.100975,0.018544,0.878425
ACTACGCGTTAGAATT-1,0.000112,0.599589,0.000112,0.222926,0.122802,0.05446
ACTAGTTGCGATCGTC-1,0.506261,0.493169,0.000081,0.000163,0.000081,0.000244
ACTATATGCTGTGTTC-1,0.140231,0.031018,0.231769,0.116021,0.240273,0.240688
ACTATCCAGGGCATGG-1,0.171393,0.004703,0.000042,0.255349,0.426308,0.142205
ACTATCGCCGGCTAAA-1,0.158034,0.840998,0.000138,0.000277,0.000138,0.000415
ACTATCTGCCCGCGTA-1,0.56053,0.316759,0.01722,0.10518,0.000078,0.000234
ACTATGTCCAGCTGCC-1,0.004195,0.524897,0.110213,0.000101,0.000051,0.360544
ACTATTCGTCCGTGGT-1,0.00838,0.118789,0.743799,0.109417,0.00004,0.019575
ACTATTTCCGGGCCCA-1,0.012803,0.251629,0.400198,0.277045,0.000038,0.058287
ACTCAAGTGCAAGGCT-1,0.059728,0.082298,0.284081,0.024878,0.443298,0.105717
ACTCAATAAAGGCACG-1,0.040234,0.035612,0.103332,0.727531,0.00652,0.086771
ACTCATGGCAGCCTTC-1,0.000149,0.183229,0.075413,0.351654,0.004592,0.384962
ACTCCAATATCATCAT-1,0.004033,0.0143,0.011584,0.386604,0.002555,0.580923
ACTCCCATTCCTAAAG-1,0.106866,0.171592,0.172888,0.331461,0.024961,0.192232
ACTCCCGAATTCGTTT-1,0.024638,0.234199,0.000077,0.5278,0.205382,0.007904
ACTCCCGTAGACTAGG-1,0.000077,0.203885,0.000077,0.309563,0.445333,0.041064
ACTCCCTAATGCTAAA-1,0.065498,0.03035,0.041309,0.567948,0.064791,0.230103
ACTCCCTAGAATAGTA-1,0.004452,0.274611,0.015815,0.688556,0.016392,0.000174
ACTCCGGCCGACCACT-1,0.029403,0.000018,0.004369,0.089712,0.166575,0.709922
ACTCGATGTATTTCAT-1,0.000416,0.770053,0.028783,0.032627,0.000416,0.167704
ACTCGCCGTTCGATAA-1,0.229626,0.583697,0.000142,0.000284,0.185825,0.000426
ACTCGCGATCTGACGC-1,0.820696,0.045771,0.000084,0.000168,0.020342,0.112939
ACTCGTAACCCGTCCT-1,0.000037,0.002445,0.003597,0.49924,0.055344,0.439338
ACTCGTCAGTAATCCC-1,0.028457,0.000031,0.031081,0.563668,0.031592,0.34517
ACTCTAAACCTGGGAT-1,0.000031,0.037092,0.046042,0.415034,0.006639,0.495163
ACTCTCTGACTTAGGT-1,0.000075,0.267185,0.071519,0.59768,0.00483,0.058711
ACTCTCTTATACACGA-1,0.015815,0.014768,0.215201,0.150751,0.017521,0.585943
ACTCTGACCTAATAGA-1,0.169999,0.000028,0.005054,0.000056,0.242228,0.582635
ACTCTTCAGCTCCCGC-1,0.231001,0.14357,0.038783,0.365507,0.112563,0.108576
ACTCTTGTATAGTAAC-1,0.108471,0.106235,0.160989,0.620167,0.000051,0.004087
ACTGAAACGCCGTTAG-1,0.021512,0.13938,0.000038,0.311393,0.367573,0.160104
ACTGAATGGCGAAAGT-1,0.00006,0.516495,0.00006,0.351275,0.131928,0.000181
ACTGATTTAGTGATTC-1,0.000056,0.000056,0.180038,0.207856,0.042301,0.569693
ACTGCCCGCCATTCTC-1,0.000032,0.165327,0.008254,0.029181,0.032678,0.764528
ACTGCCGTCGTAACTC-1,0.000052,0.355354,0.128175,0.423007,0.000052,0.093359
ACTGCGGACACACCGT-1,0.449587,0.000026,0.026328,0.198332,0.002013,0.323713
ACTGCTCGGAAGGATG-1,0.000032,0.000032,0.207738,0.038931,0.082372,0.670895
ACTGGCGAACCTGCGT-1,0.000034,0.009054,0.000034,0.168202,0.351008,0.471668
ACTGGGATGCCAGTGC-1,0.11155,0.526115,0.079049,0.000066,0.000033,0.283186
ACTGTACGATACACAT-1,0.000049,0.140059,0.045031,0.779149,0.034474,0.001239
ACTGTAGCACTTTGGA-1,0.039203,0.344216,0.55728,0.046598,0.000084,0.01262
ACTGTCCAGGATTATA-1,0.000083,0.1044,0.491853,0.201736,0.117961,0.083967
ACTGTCTTCTTTAGAA-1,0.000079,0.345751,0.050916,0.602937,0.000079,0.000238
ACTGTTTAGTGTAGGC-1,0.095339,0.157718,0.416057,0.150554,0.000083,0.180249
ACTTACCGGGCGCGCA-1,0.000043,0.204153,0.093287,0.478308,0.067936,0.156272
ACTTACGCATCCACGC-1,0.000094,0.268027,0.000094,0.598657,0.124881,0.008247
ACTTATACTTACCCGG-1,0.02273,0.132237,0.053341,0.496881,0.278641,0.01617
ACTTATTAGGATCGGT-1,0.000043,0.015575,0.008343,0.584321,0.002496,0.389222
ACTTATTTATGTGCCA-1,0.059851,0.451794,0.000102,0.261649,0.2263,0.000305
ACTTCAGGCTGATCCC-1,0.025758,0.079668,0.143588,0.299507,0.213877,0.237602
ACTTCCAGTGGAAGCT-1,0.000046,0.370677,0.095177,0.225129,0.063285,0.245687
ACTTCCATGCGGGACA-1,0.015009,0.017409,0.000042,0.418503,0.198487,0.35055
ACTTCCTGTCGTGCGA-1,0.000055,0.290969,0.008604,0.015086,0.526143,0.159142
ACTTCGCCATACGCAC-1,0.000056,0.222812,0.392593,0.343414,0.000535,0.04059
ACTTCGCTAGCGAGTG-1,0.153323,0.128621,0.016304,0.293911,0.257136,0.150704
ACTTGACTCCCTCTTT-1,0.000059,0.074318,0.13384,0.736994,0.015021,0.039768
ACTTGCTCTATCTACC-1,0.000054,0.350636,0.199831,0.271448,0.000054,0.177977
ACTTGGGACCCGGTGG-1,0.134369,0.168713,0.448332,0.110585,0.000036,0.137965
ACTTGGGCTTTCGCCA-1,0.001579,0.07506,0.010503,0.170327,0.409881,0.332651
ACTTGTAGTCCCTTCA-1,0.000069,0.177606,0.198832,0.26559,0.195965,0.161938
ACTTGTGGATGGAACG-1,0.501306,0.414191,0.000084,0.04764,0.036528,0.000251
ACTTGTTACCGGATCA-1,0.000021,0.296235,0.07891,0.072619,0.0701,0.482115
ACTTTACCCTCATGAA-1,0.077708,0.110975,0.00004,0.250611,0.190102,0.370564
ACTTTATACACCACTT-1,0.00429,0.00723,0.415658,0.013155,0.040594,0.519073
ACTTTCCTATAGCTTC-1,0.000059,0.117267,0.200067,0.44247,0.000059,0.240077
ACTTTGACTGCATCCT-1,0.000063,0.211255,0.019309,0.322623,0.05717,0.389581
ACTTTGGTCGTGCTCC-1,0.000087,0.366642,0.095367,0.218682,0.116009,0.203212
ACTTTGTCGACGCACT-1,0.879752,0.119003,0.000178,0.000356,0.000178,0.000534
AGAAATTATGACTCGC-1,0.566508,0.092004,0.00006,0.014618,0.297367,0.029443
AGAACACGGCGATGGT-1,0.000033,0.196958,0.023053,0.042164,0.141894,0.595898
AGAACCCAGCGTGACA-1,0.784517,0.213502,0.00007,0.001629,0.00007,0.000211
AGAACCCTCAATTGGG-1,0.004845,0.202767,0.162114,0.145583,0.012591,0.4721
AGAACGTGGTACATTC-1,0.03005,0.284491,0.219955,0.400218,0.000044,0.065242
AGAACTGTACTTTGTA-1,0.048783,0.000031,0.00269,0.104986,0.152102,0.691408
