Barcode,Topic 1to3,Topic 4,Topic 5to11
AAACAACGAATAGTTC-1,0.019086,0.019735,0.961179
AAACAAGTATCTCCCA-1,0.878706,0.009466,0.111829
AAACAATCTACTAGCA-1,0.000082,0.074279,0.925639
AAACACCAATAACTGC-1,0.000081,0.273772,0.726147
AAACAGAGCGACTCCT-1,0.000115,0.540336,0.459549
AAACAGCTTTCAGAAG-1,0.000043,0.044518,0.955438
AAACAGGGTCTATATT-1,0.000079,0.405289,0.594631
AAACAGTGTTCCTGGG-1,0.799449,0.000042,0.200508
AAACATGGTGAGAGGA-1,0.101913,0.479884,0.418203
AAACATTTCCCGGATT-1,0.999749,0.000031,0.00022
AAACCACTACACAGAT-1,0.000045,0.056893,0.943062
AAACCCGAACGAAATC-1,0.529655,0.000012,0.470333
AAACCGGAAATGTTAA-1,0.999778,0.000028,0.000194
AAACCGGGTAGGTACC-1,0.120009,0.515797,0.364195
AAACCGTTCGTCCAGG-1,0.786914,0.014108,0.198978
AAACCTAAGCAGCCGG-1,0.990151,0.000025,0.009824
AAACCTCATGAAGTTG-1,0.062248,0.38889,0.548862
AAACGAAGAACATACC-1,0.000135,0.545486,0.45438
AAACGAAGATGGAGTA-1,0.000088,0.218095,0.781817
AAACGACAGTCTTGCC-1,0.15051,0.66063,0.188861
AAACGAGACGGTTGAT-1,0.514392,0.327203,0.158405
AAACGCCCGAGATCGG-1,0.000075,0.094336,0.905589
AAACGCTGGGCACGAC-1,0.691692,0.000019,0.308289
AAACGGGCGTACGGGT-1,0.558534,0.000026,0.441441
AAACGGGTTGGTATCC-1,0.000365,0.180448,0.819186
AAACGGTTGCGAACTG-1,0.774637,0.015615,0.209748
AAACGTGTTCGCCCTA-1,0.236457,0.06288,0.700663
AAACTAACGTGGCGAC-1,0.030637,0.000015,0.969348
AAACTCGGTTCGCAAT-1,0.999728,0.000034,0.000238
AAACTCGTGATATAAG-1,0.062473,0.012438,0.925089
AAACTGCTGGCTCCAA-1,0.83351,0.166051,0.000439
AAACTTAATTGCACGC-1,0.115373,0.567851,0.316776
AAACTTGCAAACGTAT-1,0.087587,0.000011,0.912403
AAAGAATGACCTTAGA-1,0.000106,0.519174,0.48072
AAAGAATGTGGACTAA-1,0.999887,0.000014,0.000099
AAAGACATGAAGTTTA-1,0.210422,0.418385,0.371193
AAAGACCCAAGTCGCG-1,0.015552,0.009518,0.97493
AAAGACTGGGCGCTTT-1,0.035987,0.05307,0.910943
AAAGCTTGCCTACATA-1,0.054718,0.068869,0.876414
AAAGGCCCTATAATAC-1,0.00008,0.23744,0.76248
AAAGGCTACGGACCAT-1,0.847687,0.000033,0.15228
AAAGGCTCTCGCGCCG-1,0.8612,0.110948,0.027852
AAAGGGATGTAGCAAG-1,0.056394,0.259784,0.683822
AAAGGGCAGCTTGAAT-1,0.03157,0.352137,0.616293
AAAGGTAAGCTGTACC-1,0.000077,0.01565,0.984273
AAAGGTCAACGACATG-1,0.134887,0.098242,0.766871
AAAGTAGCATTGCTCA-1,0.511068,0.143956,0.344976
AAAGTCACTGATGTAA-1,0.000035,0.000012,0.999953
AAAGTCGACCCTCAGT-1,0.000034,0.000011,0.999955
AAAGTGCCATCAATTA-1,0.527411,0.000032,0.472556
AAAGTGTGATTTATCT-1,0.848932,0.000036,0.151031
AAAGTTGACTCCCGTA-1,0.671328,0.005326,0.323346
AAATAACCATACGGGA-1,0.054299,0.044998,0.900704
AAATAAGGTAGTGCCC-1,0.097311,0.202507,0.700183
AAATACCTATAAGCAT-1,0.94549,0.054174,0.000336
AAATAGCTTAGACTTT-1,0.677944,0.021055,0.301001
AAATAGGGTGCTATTG-1,0.784033,0.057134,0.158833
AAATCACTCCTAAACG-1,0.310854,0.572448,0.116699
AAATCCGATACACGCC-1,0.761707,0.000017,0.238276
AAATCGCGGAAGGAGT-1,0.000163,0.760933,0.238904
AAATCGTGTACCACAA-1,0.800095,0.17828,0.021625
AAATCTAGCCCTGCTA-1,0.999811,0.000024,0.000166
AAATCTGCCCGCGTCC-1,0.000167,0.411148,0.588685
AAATGACTGATCAAAC-1,0.753196,0.023939,0.222865
AAATGATTCGATCAGC-1,0.000044,0.072109,0.927847
AAATGCTCGTTACGTT-1,0.103282,0.00002,0.896698
AAATGGCATGTCTTGT-1,0.007535,0.50157,0.490895
AAATGGCCCGTGCCCT-1,0.023984,0.146061,0.829956
AAATGGTCAATGTGCC-1,0.692721,0.206874,0.100405
AAATGTATCTTATCCC-1,0.000093,0.079588,0.920319
AAATGTGGGTGCTCCT-1,0.000096,0.389816,0.610087
AAATTAACGGGTAGCT-1,0.582483,0.417019,0.000499
AAATTAATAAGCGCGA-1,0.000047,0.087137,0.912816
AAATTACACGACTCTG-1,0.000058,0.0069,0.993042
AAATTACCTATCGATG-1,0.055489,0.186084,0.758428
AAATTCCAGGTCCAAA-1,0.570429,0.014202,0.415369
AAATTGATAGTCCTTT-1,0.046344,0.073036,0.88062
AAATTGCGGCGGTTCT-1,0.000074,0.103199,0.896727
AAATTGGTGAGAAGCA-1,0.014539,0.200665,0.784796
AAATTTACCGAAATCC-1,0.000141,0.54963,0.450229
AAATTTGCGGGTGTGG-1,0.01206,0.317701,0.670239
AACAACTGGTAGTTGC-1,0.128668,0.863095,0.008237
AACAATACATTGTCGA-1,0.652533,0.26569,0.081776
AACAATTACTCTACGC-1,0.014475,0.766906,0.218618
AACACACGCTCGCCGC-1,0.913769,0.015301,0.07093
AACACGACTGTACTGA-1,0.064286,0.000014,0.935699
AACACGAGACGCGGCC-1,0.000067,0.258633,0.7413
AACACGCGGCCGCGAA-1,0.07413,0.190847,0.735024
AACAGCTGTGTGGCAA-1,0.315583,0.238755,0.445662
AACAGGAAATCGAATA-1,0.010893,0.580531,0.408576
AACAGGATGGGCCGCG-1,0.058192,0.216273,0.725535
AACAGGTAGTATGGAT-1,0.950014,0.000017,0.049969
AACATAGCGTGTATCG-1,0.785229,0.039206,0.175565
AACATATCAACTGGTG-1,0.282841,0.340499,0.37666
AACATCGATACGTCTA-1,0.053809,0.286285,0.659906
AACATTGAAGTTGATC-1,0.089472,0.256189,0.654339
AACATTGGTCAGCCGT-1,0.026433,0.012917,0.960649
AACATTGTGACTCGAG-1,0.809687,0.189782,0.000531
AACCAAGACTTCTCTG-1,0.117294,0.007169,0.875537
AACCAGTATCACTCTT-1,0.000167,0.24316,0.756673
AACCATAGGGTTGAAC-1,0.000061,0.058999,0.94094
AACCATGGGATCGCTA-1,0.005066,0.354482,0.640452
AACCCAGAGACGGAGA-1,0.050687,0.226587,0.722726
AACCCATCCCATGATC-1,0.000571,0.697372,0.302057
AACCCGACAACCCGTG-1,0.732682,0.153881,0.113436
AACCCGAGCAGAATCG-1,0.99449,0.000022,0.005489
AACCCGATAGGGCTTC-1,0.003178,0.047638,0.949184
AACCCGCTGTATTCCA-1,0.79481,0.00858,0.19661
AACCCTACTGTCAATA-1,0.699353,0.13875,0.161897
AACCCTGGTGGAACCA-1,0.000041,0.000014,0.999946
AACCGAGCTTGGTCAT-1,0.007988,0.402322,0.58969
AACCGCTAAGGGATGC-1,0.98777,0.012026,0.000204
AACCGTTGTGTTTGCT-1,0.000141,0.259804,0.740054
AACCTAAAGCCGTCCG-1,0.016947,0.920124,0.062929
AACCTCGCTTTAGCCC-1,0.767957,0.042645,0.189398
AACCTGTCACGGAATT-1,0.827442,0.0516,0.120958
AACCTTTAAATACGGT-1,0.552814,0.000028,0.447158
AACCTTTACGACGTCT-1,0.030563,0.000017,0.96942
AACGAAAGTCGTCCCA-1,0.000112,0.611409,0.388479
AACGACCTCCTAGCCG-1,0.93224,0.000015,0.067745
AACGATAATGCCGTAG-1,0.924329,0.075444,0.000227
AACGATAGAAGGGCCG-1,0.12113,0.515382,0.363488
AACGATATGTCAACTG-1,0.062009,0.304323,0.633668
AACGCATGATCTGGGT-1,0.08548,0.365825,0.548695
AACGCGAACGGCAACA-1,0.000046,0.000015,0.999939
AACGCGACCTTGGGCG-1,0.908609,0.000049,0.091342
AACGCGGTCTCCAGCC-1,0.150811,0.000385,0.848805
AACGCTGTTGCTGAAA-1,0.949918,0.049726,0.000357
AACGGACGTACGTATA-1,0.938287,0.044135,0.017578
AACGGCCATCTCCGGT-1,0.697406,0.082771,0.219823
AACGTACTGTGGGTAC-1,0.82905,0.148298,0.022652
AACGTAGTCTACCCAT-1,0.00047,0.296948,0.702582
AACGTCAGACTAGTGG-1,0.014775,0.28108,0.704146
AACGTCATCCGGCTTG-1,0.785725,0.003982,0.210293
AACGTCGCTGCACTTC-1,0.830234,0.010294,0.159472
AACGTGATGAAGGACA-1,0.008618,0.210672,0.78071
AACGTGCGAAAGTCTC-1,0.753358,0.016308,0.230334
AACGTTATCAGCACCT-1,0.000082,0.081688,0.91823
AACGTTCTACCATTGT-1,0.607891,0.061897,0.330212
AACTACCCGTTTGTCA-1,0.999783,0.000027,0.00019
AACTAGCGTATCGCAC-1,0.052225,0.129675,0.818099
AACTAGGCTTGGGTGT-1,0.52398,0.005656,0.470363
AACTCAAGTTAATTGC-1,0.637023,0.348382,0.014594
AACTCCAGAGCGTGTT-1,0.795016,0.167846,0.037138
AACTCCTAATCCCATG-1,0.000079,0.19467,0.805251
AACTCGATAAACACGT-1,0.046545,0.035222,0.918232
AACTCGATGGCGCAGT-1,0.003365,0.21587,0.780766
AACTCTCAATAGAGCG-1,0.600821,0.065093,0.334086
AACTCTCAGTGTGCTC-1,0.813393,0.085101,0.101506
AACTGAGGTCAGCGTC-1,0.013695,0.067927,0.918378
AACTGAGTTATACTGA-1,0.820972,0.000041,0.178986
AACTGATATTAGGCCT-1,0.000107,0.407821,0.592072
AACTGGGTCCCGACGT-1,0.083517,0.00001,0.916473
AACTGGGTTCGAGCCG-1,0.00006,0.016898,0.983042
AACTGGTGTGGGCCTT-1,0.000056,0.000019,0.999926
AACTTCTGCGTCTATC-1,0.176974,0.026068,0.796958
AACTTGCCCGTATGCA-1,0.033104,0.094527,0.872369
AACTTGCGTTCTCGCG-1,0.000082,0.047781,0.952137
AACTTTACGGGAGCTT-1,0.024528,0.30616,0.669312
AACTTTAGCTGCTGAG-1,0.003877,0.36365,0.632474
AACTTTCTCGATCATG-1,0.040438,0.324873,0.634689
AAGAAAGTTTGATGGG-1,0.000076,0.019403,0.980521
AAGAAATCACCAGATT-1,0.106838,0.100587,0.792576
AAGAAGGATCAGTTAG-1,0.073573,0.129916,0.79651
AAGACATACGTGGTTT-1,0.971315,0.000017,0.028668
AAGACCAAATAACTCA-1,0.025662,0.106203,0.868135
AAGACCCAACTGAACA-1,0.869639,0.055439,0.074921
AAGACTAACCCGTTGT-1,0.000142,0.410267,0.589592
AAGACTCACGCCCACT-1,0.109431,0.438214,0.452356
AAGACTGCAAGCTACT-1,0.745356,0.240076,0.014568
AAGAGATGAATCGGTA-1,0.000062,0.011937,0.988001
AAGAGCTCTTTATCGG-1,0.654083,0.28521,0.060707
AAGAGGATGTACGCGA-1,0.00009,0.217305,0.782605
AAGAGGCATGGATCGC-1,0.533025,0.031635,0.43534
AAGAGGCCCTTTGGAA-1,0.951185,0.000027,0.048789
AAGATGGCACCGGACC-1,0.839865,0.140247,0.019888
AAGATTGGCGGAACGT-1,0.09482,0.080126,0.825054
AAGCACCCTGCGTATC-1,0.916816,0.002672,0.080512
AAGCATACTCTCCTGA-1,0.811608,0.032379,0.156014
AAGCCACTTGCAGGTA-1,0.291788,0.376244,0.331968
AAGCCGAAGCGGTTTA-1,0.888758,0.000024,0.111218
AAGCCGCCGTGAAATC-1,0.000063,0.082088,0.917849
AAGCCGCTTTACCTTG-1,0.000031,0.00001,0.999958
AAGCCGGAGAGCAGGA-1,0.732374,0.000039,0.267587
AAGCGCAGGGCTTTGA-1,0.99967,0.000041,0.000289
AAGCGGAGTGCGCGCA-1,0.028716,0.602046,0.369238
AAGCGGCGTCATGGGT-1,0.000267,0.792036,0.207697
AAGCGTCCCTCATCGA-1,0.311307,0.529115,0.159579
AAGCTAGATCGAGTAA-1,0.91149,0.018328,0.070182
AAGCTATGGATTGACC-1,0.024957,0.132224,0.842819
AAGCTCGTGCCAAGTC-1,0.664005,0.180452,0.155543
AAGCTCTTTCATGGTG-1,0.913737,0.08576,0.000502
AAGGAGAACTTATAAG-1,0.000127,0.44634,0.553532
AAGGAGCGGTTGGTGC-1,0.063264,0.411902,0.524834
AAGGATCGATCGCTTG-1,0.520672,0.000018,0.47931
AAGGATGAGGGACCTC-1,0.323654,0.514047,0.162299
AAGGCAGGCTGTCTCC-1,0.942684,0.05366,0.003655
AAGGCGCGTAAAGCTT-1,0.000047,0.046542,0.953411
AAGGCTGTGCTCATCG-1,0.334118,0.41731,0.248572
AAGGGAACGACTGGCT-1,0.332129,0.337214,0.330657
AAGGGACAGATTCTGT-1,0.005669,0.309481,0.68485
AAGGGACTATGCATTC-1,0.0269,0.541389,0.43171
AAGGGTTAGCCATGCG-1,0.659436,0.134172,0.206392
AAGGGTTTGATTTCAG-1,0.000079,0.002009,0.997911
AAGGTATCCTAATATA-1,0.085116,0.536628,0.378255
AAGGTGATAAACCAGC-1,0.668859,0.002599,0.328542
AAGTAAGCTTCCAAAC-1,0.179432,0.450822,0.369746
AAGTAGAAGACCGGGT-1,0.007108,0.17103,0.821862
AAGTAGTGACGCGAGG-1,0.071854,0.46407,0.464075
AAGTCAATTGTCGTCA-1,0.99337,0.006423,0.000207
AAGTCTAGTAGCTGCC-1,0.082752,0.046259,0.87099
AAGTCTTCTGTGGCCT-1,0.000045,0.02061,0.979345
AAGTGACGACCGAATT-1,0.038271,0.127004,0.834725
AAGTGAGTCGGGTTTA-1,0.654779,0.045593,0.299628
AAGTGCAAAGGTAGAC-1,0.000062,0.220638,0.7793
AAGTGCCTTGACTGTA-1,0.334194,0.006052,0.659754
AAGTGCGTTAGAATCT-1,0.00512,0.00159,0.993289
AAGTGCTTCTCTATTG-1,0.160832,0.000018,0.839149
AAGTGTTTGGAGACGG-1,0.922862,0.057995,0.019143
AAGTTCACTCCAAGCT-1,0.999687,0.000039,0.000274
AAGTTCAGTCTGCGTA-1,0.11977,0.46626,0.413971
AAGTTCGGCCAACAGG-1,0.071231,0.318376,0.610392
AAGTTGTGATGTTATA-1,0.800343,0.199214,0.000443
AAGTTTACTAATGGCA-1,0.000175,0.559635,0.44019
AAGTTTATGGGCCCAA-1,0.986757,0.012908,0.000334
AATAACAACGCTCGGC-1,0.016427,0.194867,0.788706
AATAACACTAGAACAA-1,0.420987,0.433299,0.145713
AATAACGTCGCGCCCA-1,0.662207,0.057016,0.280777
AATAAGTCCTCGAGAC-1,0.000104,0.196151,0.803745
AATAATCTTCGTATCG-1,0.954153,0.00003,0.045817
AATACAATGTTTCAGG-1,0.024109,0.023435,0.952456
AATACCGGAGGGCTGT-1,0.710334,0.233136,0.056531
AATACCTGATGTGAAC-1,0.843868,0.015712,0.14042
AATAGAACAGAGTGGC-1,0.899536,0.100214,0.00025
AATAGAATCTGTTTCA-1,0.982949,0.002976,0.014074
AATAGCAAGCCTCCTG-1,0.024829,0.018808,0.956364
AATAGCTACCGCGTGC-1,0.014968,0.157397,0.827635
AATAGGCACGACCCTT-1,0.32735,0.096214,0.576436
AATAGTCCGTCCCGAC-1,0.999728,0.000034,0.000238
AATAGTCGCGAGTCGG-1,0.000031,0.00001,0.999958
AATATCAAGGTCGGAT-1,0.000067,0.000022,0.99991
AATATCCTAGCAAACT-1,0.000115,0.348835,0.65105
AATATCGAATCAATGC-1,0.988909,0.010924,0.000167
AATATCGAGGGTTCTC-1,0.150735,0.246622,0.602643
AATATTGGAGTATTGA-1,0.012514,0.142064,0.845422
AATCAGACTGCAGGAC-1,0.00011,0.133827,0.866063
AATCAGGTTTCATTTA-1,0.734135,0.197301,0.068564
AATCATGTAAAGACTC-1,0.990172,0.009547,0.000281
AATCCAAGGGCCTGAG-1,0.03522,0.209718,0.755062
AATCCATGCAAGGGTG-1,0.046754,0.14348,0.809766
AATCCCGCTCAGAGCC-1,0.804003,0.008208,0.187788
AATCGAGGTCTCAAGG-1,0.752302,0.009169,0.238529
AATCGCCTCAGCGCCA-1,0.81015,0.007134,0.182716
AATCGCGCAGAGGACT-1,0.892348,0.059674,0.047978
AATCGGGACACTACGA-1,0.000131,0.260599,0.73927
AATCGGTATAGCCCTC-1,0.990665,0.008612,0.000724
AATCGTGAGCCGAGCA-1,0.980217,0.000087,0.019696
AATCTAGGTTTACTTG-1,0.00015,0.531559,0.468291
AATCTATGCCGGAGCC-1,0.262681,0.486239,0.25108
AATCTCTACTGTGGTT-1,0.000052,0.038401,0.961547
AATCTGCGTTGGGACG-1,0.470303,0.029879,0.499818
AATCTGGCTTTCTAGT-1,0.000104,0.312719,0.687176
AATCTGGGTAGACCCT-1,0.00448,0.330324,0.665197
AATGACAGCAATGTCT-1,0.000064,0.000021,0.999915
AATGACGTAGGATGTC-1,0.525302,0.000022,0.474676
AATGACTGTCAGCCGG-1,0.000105,0.526176,0.473719
AATGAGTTCGCATATG-1,0.000058,0.000019,0.999923
AATGATGATACGCTAT-1,0.100254,0.44185,0.457896
AATGATGCGACTCCTG-1,0.607995,0.128682,0.263322
AATGCAACCGGGTACC-1,0.127544,0.073987,0.798469
AATGCACCAAGCAATG-1,0.022376,0.000013,0.977612
AATGGCCGCCAATGCG-1,0.044037,0.309527,0.646437
AATGGTCCACCGTTCA-1,0.000037,0.000012,0.99995
AATGGTTCTCACAAGC-1,0.008355,0.041172,0.950474
AATGTATGGCACTGTA-1,0.048009,0.446987,0.505004
AATGTGCCCGAGGTGT-1,0.215606,0.000014,0.78438
AATGTGCTAATCTGAG-1,0.131519,0.640944,0.227537
AATGTTAAGACCCTGA-1,0.796127,0.00783,0.196043
AATGTTGTCGTGAGAC-1,0.999203,0.000611,0.000186
AATTAAAGGTCGGCGT-1,0.63182,0.036341,0.331838
AATTAACGGATTTCCA-1,0.628815,0.000034,0.371151
AATTACGAGACCCATC-1,0.00008,0.11803,0.881889
AATTACTCGTACGCTC-1,0.051089,0.036588,0.912324
AATTAGCGCTGCAGCG-1,0.745051,0.052138,0.202811
AATTATACCCAGCAAG-1,0.824777,0.003283,0.171941
AATTCATAAGGGATCT-1,0.103212,0.002231,0.894556
AATTCATTGTCATGCA-1,0.008878,0.189278,0.801844
AATTCCAACTTGGTGA-1,0.040112,0.005738,0.954151
AATTCCAAGCATGTAC-1,0.959797,0.039692,0.000511
AATTCGATTCGAGGAT-1,0.977589,0.022071,0.000341
AATTCTAGAGTTAGGC-1,0.999597,0.00005,0.000353
AATTGAACGCTCTGGT-1,0.929597,0.000034,0.070368
AATTGCAGCAATCGAC-1,0.790814,0.017432,0.191753
AATTGCGTGGATTACA-1,0.000084,0.042049,0.957867
AATTGTGGTTGCCAAA-1,0.989844,0.01,0.000156
AATTTGGGACATAGTA-1,0.000108,0.340243,0.659649
AATTTGGTTCCAAAGA-1,0.176719,0.097397,0.725884
ACAAACCATGCGTCCT-1,0.000051,0.230457,0.769492
ACAAACCGACAAGGCG-1,0.036668,0.914179,0.049153
ACAAACTCCATCAGAG-1,0.595757,0.045026,0.359216
ACAAAGAAGGTAGGCC-1,0.000092,0.488094,0.511814
ACAAAGCATGACCTAG-1,0.991872,0.000022,0.008105
ACAAATCGCACCGAAT-1,0.883659,0.094067,0.022274
ACAAATGGTAGTGTTT-1,0.89468,0.104911,0.00041
ACAAATTCAGATCTGA-1,0.083941,0.162907,0.753151
ACAACAGCATGAGCTA-1,0.482812,0.487134,0.030054
ACAACGGTCCCTGCGA-1,0.000057,0.100344,0.899599
ACAAGCAGTGCCTAGC-1,0.00004,0.000013,0.999947
ACAAGCTATATGGAAG-1,0.014458,0.642533,0.343009
ACAAGGAAATCCGCCC-1,0.976831,0.022936,0.000234
ACAAGGACAAGAGGTT-1,0.041318,0.017833,0.940849
ACAAGGATGCTTTAGG-1,0.957995,0.041768,0.000237
ACAAGGCCTACCAGCC-1,0.000066,0.045423,0.954511
ACAAGGGCAGGCTCTG-1,0.832844,0.016997,0.150159
ACAAGTAATTGTAAGG-1,0.133274,0.246559,0.620168
ACAATAGTCGTACGTT-1,0.244386,0.233103,0.522511
ACAATCCATTTAAACC-1,0.081045,0.032587,0.886368
ACAATCGATCTTTATA-1,0.000137,0.333664,0.666199
ACAATGAATACGGAGA-1,0.297762,0.164482,0.537756
ACAATGATTCTTCTAC-1,0.049621,0.37611,0.574269
ACAATTGTGTCTCTTT-1,0.724605,0.029058,0.246337
ACAATTTAGGAGGCTC-1,0.000058,0.188687,0.811255
ACAATTTGAGCAGTGG-1,0.270017,0.475212,0.254771
ACAATTTGGCCATATT-1,0.948273,0.000054,0.051673
ACACAAAGACGGGTGG-1,0.302976,0.471211,0.225813
ACACAAATATTCCTAG-1,0.037225,0.291114,0.671661
ACACACCAGGACCAGT-1,0.874513,0.000037,0.125451
ACACACTTTCTACACG-1,0.088738,0.00002,0.911242
ACACATGATCAAATCT-1,0.081226,0.444138,0.474637
ACACATTGACGCAACA-1,0.057952,0.003018,0.93903
ACACATTTCCGTAGAC-1,0.966285,0.000026,0.033689
ACACCACATAATTAGC-1,0.257955,0.538386,0.20366
ACACCCAGCATGCAGC-1,0.00006,0.019542,0.980398
ACACCCGAGAAATCCG-1,0.072856,0.072751,0.854393
ACACCCGTAAATCTGT-1,0.239764,0.413393,0.346843
ACACCGAGCGCTCTTT-1,0.000052,0.003201,0.996747
ACACCGGTCTGACCGC-1,0.003449,0.30133,0.695221
ACACCTTAAGTAGGGC-1,0.007815,0.283029,0.709156
ACACCTTACTACTTGC-1,0.986979,0.000022,0.012999
ACACGAGACTCCTTCT-1,0.550912,0.288913,0.160175
ACACGGCACTATGCAT-1,0.000141,0.345034,0.654825
ACACGGGAACTTAGGG-1,0.339452,0.280191,0.380358
ACACGTAGGCCACAAG-1,0.8055,0.042462,0.152037
ACACTCCAATGTCACT-1,0.034637,0.000023,0.965339
ACACTGATCAAGGTGT-1,0.445369,0.016369,0.538261
ACACTGGGACAGTCGT-1,0.999703,0.000037,0.00026
ACAGAACTGAGAACAA-1,0.032744,0.471019,0.496237
ACAGATTAGGTTAGTG-1,0.000061,0.00002,0.999918
ACAGCATAGAGCCAGT-1,0.008629,0.001199,0.990172
ACAGCGACATTCTCAT-1,0.999613,0.000048,0.000339
ACAGCGCACCCGCAGC-1,0.000124,0.359689,0.640188
ACAGGAGGCGCAGCCG-1,0.080567,0.055513,0.86392
ACAGGCACGGATCCTT-1,0.970385,0.000022,0.029592
ACAGGCTTGCCCGACT-1,0.999737,0.000033,0.00023
ACAGGTGGAGGTGAGG-1,0.353544,0.330821,0.315635
ACAGGTGTGTTGTTGC-1,0.000036,0.000012,0.999952
ACAGTAATACAACTTG-1,0.014558,0.220729,0.764713
ACAGTATACCGTGGGA-1,0.000107,0.666198,0.333695
ACAGTGCAGCGCATTT-1,0.159433,0.319208,0.521359
ACATAAGTCGTGGTGA-1,0.076136,0.279686,0.644178
ACATAATAAGGCGGTG-1,0.000061,0.027129,0.972811
ACATACAATCAAGCGG-1,0.785851,0.139427,0.074722
ACATCAGCTGGGACGC-1,0.004897,0.210695,0.784408
ACATCCCGGCCATACG-1,0.999749,0.000031,0.00022
ACATCCTGGTAACTGT-1,0.713299,0.01394,0.272761
ACATCGATCGTTTACC-1,0.79057,0.048017,0.161413
ACATCGCAATATTCGG-1,0.18249,0.113089,0.704421
ACATCGGTCAGCCGCG-1,0.579386,0.403213,0.017401
ACATCGTATGCAATGG-1,0.770228,0.000024,0.229748
ACATCGTTAACCTAGT-1,0.196554,0.449312,0.354134
ACATCTCAACGCGTAA-1,0.000052,0.006005,0.993943
ACATGCTTACGGCAGC-1,0.02701,0.23075,0.742239
ACATGGCGCCAAAGTA-1,0.908131,0.091615,0.000254
ACATGGCTCAATTTAG-1,0.035424,0.025791,0.938784
ACATTAGTTTATATCC-1,0.940118,0.059562,0.00032
ACATTCGCGCGGAATA-1,0.080384,0.140987,0.778629
ACATTTGAAACCTAAC-1,0.981814,0.000022,0.018164
ACCAAACACCCAGCGA-1,0.129757,0.142681,0.727562
ACCAAACTAGAAATCC-1,0.000096,0.258669,0.741236
ACCAACACCACACACT-1,0.212069,0.369885,0.418046
ACCAACCGCACTCCAC-1,0.964331,0.000017,0.035651
ACCAACGCTTATTTAT-1,0.823447,0.053528,0.123025
ACCAAGAACGCGTGTC-1,0.144578,0.000042,0.85538
ACCAAGTCATCGGCAG-1,0.999763,0.00003,0.000207
ACCAATATGCAAGTTA-1,0.751071,0.003858,0.245071
ACCACAACTCAGAACA-1,0.013798,0.000018,0.986184
ACCACAAGTTTCTATC-1,0.48508,0.092708,0.422212
ACCACACGGTTGATGG-1,0.844887,0.029817,0.125295
ACCACCAATGTAACAA-1,0.830268,0.000024,0.169708
ACCACCCTCTCTTCTA-1,0.023519,0.060953,0.915529
ACCACGTGCAGCTATA-1,0.880991,0.013358,0.105652
ACCACTGTTCAAGAAG-1,0.032545,0.025042,0.942413
ACCAGACCATAACAAC-1,0.000053,0.266214,0.733733
ACCAGCCCGGTCTTTG-1,0.000066,0.000022,0.999912
ACCAGGAGTGTGATCT-1,0.000113,0.217343,0.782544
ACCAGTGCCCGGTCAA-1,0.0001,0.000033,0.999866
ACCAGTGCGGGAGACG-1,0.980238,0.019526,0.000235
ACCATATCCGCAATAA-1,0.872178,0.12754,0.000282
ACCATCCGCCAACTAG-1,0.183766,0.030339,0.785896
ACCATCGTATATGGTA-1,0.479363,0.475279,0.045357
ACCATTAAGGGTGTCA-1,0.000086,0.280291,0.719623
ACCCAACGCCCGTGGC-1,0.583166,0.333567,0.083267
ACCCACCTACATGCTC-1,0.035248,0.641039,0.323713
ACCCATCTTGAGGGTA-1,0.097479,0.185299,0.717222
ACCCATTTGTCCCTCT-1,0.839651,0.000029,0.16032
ACCCGAGCGAAATTAC-1,0.352359,0.204807,0.442834
ACCCGATTGGTTCCGA-1,0.611171,0.129774,0.259054
ACCCGGAAACTCCCAG-1,0.932552,0.030023,0.037425
ACCCGGAGCACCACAA-1,0.999748,0.000031,0.00022
ACCCGGATGACGCATC-1,0.606536,0.089032,0.304432
ACCCGGTTACACTTCC-1,0.541376,0.10256,0.356065
ACCCGTAGCAGAGAAT-1,0.000052,0.000017,0.999931
ACCCGTGTCATCAGTA-1,0.918386,0.058553,0.02306
ACCCTATAGGACTGAG-1,0.015942,0.119926,0.864132
ACCCTATGCCATATCG-1,0.732262,0.20941,0.058328
ACCCTCCCGTCAGGGC-1,0.942965,0.00002,0.057016
ACCCTCCCTTGCTATT-1,0.8562,0.089069,0.054731
ACCCTGGTAACGCCCT-1,0.129689,0.328526,0.541785
ACCCTTCATCTGCGAA-1,0.000124,0.323928,0.675948
ACCCTTGCCTGGGTCG-1,0.100884,0.081427,0.817689
ACCCTTTAGTTCTCCA-1,0.000196,0.354152,0.645652
ACCGAAAGGGCCCTGC-1,0.000064,0.038966,0.96097
ACCGAAGAGTCTGGTT-1,0.000125,0.386337,0.613538
ACCGACACATCTCCCA-1,0.995867,0.003877,0.000257
ACCGACTGAGTCCCAC-1,0.244162,0.04635,0.709488
ACCGAGTCTCCTTATT-1,0.982364,0.000025,0.017611
ACCGATAGGCATAACC-1,0.99987,0.000016,0.000114
ACCGATATTTAATCAT-1,0.992722,0.000025,0.007253
ACCGATGGTAGCATCG-1,0.334354,0.022723,0.642923
ACCGCAATAACTGCCT-1,0.999835,0.000021,0.000144
ACCGCGGTGGAAGTCG-1,0.96931,0.030423,0.000268
ACCGCTAGTCATTGGT-1,0.553944,0.098196,0.347861
ACCGGGCCTTTGTTGA-1,0.881592,0.000034,0.118374
ACCGGTCAGGTACACC-1,0.000116,0.498688,0.501196
ACCGGTCTGAGTACGG-1,0.000059,0.00002,0.999921
ACCGTCCACTGGGCCC-1,0.068028,0.27715,0.654823
ACCGTGACCACGTGGG-1,0.368138,0.000027,0.631836
ACCGTTCCCGCTCTGA-1,0.005164,0.180425,0.814412
ACCTAAGTACCTTTCA-1,0.027224,0.031335,0.941441
ACCTAATCGACTTCCT-1,0.000073,0.241532,0.758396
ACCTACAGTATGTGGT-1,0.865316,0.03638,0.098303
ACCTACTATAAATCTA-1,0.635744,0.078248,0.286008
ACCTCAGCGAGGCGCA-1,0.869369,0.094633,0.035998
ACCTCCGCCCTCGCTG-1,0.964001,0.000032,0.035967
ACCTCCGTTATTCACC-1,0.695973,0.154502,0.149525
ACCTCGAACTTATGCT-1,0.001017,0.129729,0.869254
ACCTGCGTGTCATGTT-1,0.000061,0.022248,0.977691
ACCTTTCCTTTAGAAG-1,0.000177,0.8121,0.187724
ACGAAATGGGCGGCAC-1,0.01722,0.211316,0.771464
ACGACCCATGAGTTGC-1,0.980297,0.000025,0.019678
ACGACTCTAGGGCCGA-1,0.993629,0.006078,0.000293
ACGACTGGTCATACTC-1,0.557602,0.275513,0.166885
ACGAGAACCCATCACG-1,0.056736,0.006431,0.936833
ACGAGATATTTGCTTA-1,0.035774,0.382074,0.582152
ACGAGGATACCACTCT-1,0.000042,0.000014,0.999943
ACGAGGTTTACAACGT-1,0.028362,0.354308,0.617329
ACGAGTACGGATGCCC-1,0.154608,0.328535,0.516857
ACGAGTCGCCGGCGTT-1,0.074562,0.020541,0.904896
ACGATACATAGAACTA-1,0.115114,0.022092,0.862794
ACGATACCTATCCTGA-1,0.000039,0.000013,0.999948
ACGATCATACATAGAG-1,0.141497,0.025335,0.833169
ACGATCATCTTGTAAA-1,0.678608,0.158789,0.162603
ACGATGCATATGTTAT-1,0.486321,0.041128,0.47255
ACGATGGATCCGATGC-1,0.097144,0.434705,0.468151
ACGCAAACTAATAGAT-1,0.730539,0.165262,0.104199
ACGCAATCACTACAGC-1,0.000078,0.099591,0.900331
ACGCATAAATGACATG-1,0.000067,0.124431,0.875502
ACGCATACGTTTACTA-1,0.981031,0.018722,0.000247
ACGCATTCGTGAGTAC-1,0.362874,0.019485,0.617641
ACGCCACTCGAAACAG-1,0.816795,0.019093,0.164112
ACGCCAGATGATTTCT-1,0.076885,0.047257,0.875858
ACGCCAGTGCGTTTGC-1,0.932174,0.000218,0.067607
ACGCCCAGCTGTCGAT-1,0.000157,0.540444,0.459399
ACGCCGCTAGACGACC-1,0.938332,0.061382,0.000286
ACGCCTGACACGCGCT-1,0.07571,0.09208,0.83221
ACGCGAAGTCAGACGA-1,0.788064,0.000025,0.211912
ACGCGCTACACAGGGT-1,0.203023,0.071505,0.725473
ACGCGGGCCAAGGACA-1,0.812321,0.132936,0.054742
ACGCGTTTCTTAAGAG-1,0.000079,0.225329,0.774592
ACGCTACTGAATGGGC-1,0.69584,0.095641,0.208519
ACGCTAGTATCAGTGC-1,0.081067,0.744856,0.174078
ACGCTAGTGATACACT-1,0.176051,0.162673,0.661276
ACGCTGTGAGGCGTAG-1,0.331357,0.470977,0.197666
ACGCTTAGTGTCTCTC-1,0.000249,0.471651,0.5281
ACGGAACACGAGTGCC-1,0.998731,0.001119,0.00015
ACGGAATTTAGCAAAT-1,0.092131,0.276624,0.631245
ACGGACGCAGCGACAA-1,0.000035,0.000012,0.999953
ACGGACTCTCAAAGCG-1,0.813426,0.008723,0.177851
ACGGAGCGCAAATTAC-1,0.000046,0.020218,0.979736
ACGGATGGTGCGGATA-1,0.980502,0.019102,0.000395
ACGGCACTTGCTTGGG-1,0.998417,0.001289,0.000294
ACGGCCAACATGGACT-1,0.968454,0.031245,0.0003
ACGGCGACGATGGGAA-1,0.997241,0.000028,0.00273
ACGGCGGGTTGCCCTG-1,0.000049,0.000016,0.999935
ACGGCTGGATGTAGAA-1,0.000101,0.612071,0.387829
ACGGGAGTGTCGGCCC-1,0.000111,0.426679,0.57321
ACGGGCGTATGCGACA-1,0.000514,0.31928,0.680206
ACGGGTCATGTGACTT-1,0.000095,0.22923,0.770675
ACGGGTTGTGACCTGT-1,0.000225,0.515454,0.484321
ACGGTACAGTTCAATG-1,0.734916,0.000023,0.265061
ACGGTCACCGAGAACA-1,0.086166,0.439191,0.474644
ACGTACAGATTTCTCT-1,0.000152,0.142029,0.857818
ACGTACTTTGGCACGG-1,0.482108,0.273677,0.244215
ACGTAGATTGCTGATG-1,0.496796,0.061652,0.441553
ACGTAGGAGAGTCGCT-1,0.999587,0.000052,0.000362
ACGTATTACTCCGATC-1,0.461712,0.099024,0.439264
ACGTCCTAAACGAGAT-1,0.1727,0.691864,0.135436
ACGTCGGGCAACTCGG-1,0.154674,0.457677,0.387649
ACGTCTCGTTCCGGGA-1,0.000058,0.22077,0.779172
ACGTGACAAAGTAAGT-1,0.178544,0.219674,0.601781
ACGTGCGCCTCGTGCA-1,0.000122,0.41586,0.584018
ACGTGGTCGAATGTGC-1,0.000189,0.413069,0.586742
ACGTTAATGTCGAAGA-1,0.582411,0.00004,0.417549
ACGTTAGATTTGCCCG-1,0.532199,0.18531,0.28249
ACGTTATTGGTCACTC-1,0.000144,0.475564,0.524292
ACGTTCACTATGCCGC-1,0.796648,0.001376,0.201976
ACGTTCCGCGCTCCGT-1,0.192692,0.337404,0.469904
ACGTTCGCAATCAATT-1,0.366894,0.473077,0.16003
ACGTTCGTTCAGGAAA-1,0.826378,0.131054,0.042568
ACGTTCTGTACAAGTC-1,0.351461,0.000019,0.648521
ACGTTGTCGTTGAAAG-1,0.179697,0.02044,0.799864
ACGTTTAGTTGTGATC-1,0.003683,0.172392,0.823926
ACGTTTCGGTGCACTT-1,0.701466,0.044266,0.254268
ACTAAGGACGCACACC-1,0.148161,0.527543,0.324296
ACTAATACGTCAGGCG-1,0.000097,0.030538,0.969366
ACTACAAAGAGAGGTG-1,0.98031,0.019345,0.000345
ACTACATCCCGACAAG-1,0.089856,0.519443,0.390701
ACTACCAGCTCTCTGG-1,0.000069,0.004961,0.99497
ACTACCATCCGAGGGC-1,0.128102,0.456126,0.415772
ACTACGCGTTAGAATT-1,0.842985,0.135737,0.021278
ACTAGTTGCGATCGTC-1,0.665896,0.000023,0.33408
ACTATATGCTGTGTTC-1,0.125538,0.30621,0.568252
ACTATCCAGGGCATGG-1,0.788736,0.117512,0.093752
ACTATCGCCGGCTAAA-1,0.054045,0.091083,0.854872
ACTATCTGCCCGCGTA-1,0.795933,0.00002,0.204046
ACTATGTCCAGCTGCC-1,0.137772,0.142235,0.719993
ACTATTCGTCCGTGGT-1,0.038556,0.405123,0.55632
ACTATTTCCGGGCCCA-1,0.945952,0.045478,0.00857
ACTCAACGAATGTATT-1,0.052176,0.000471,0.947353
ACTCAAGTGCAAGGCT-1,0.999626,0.000047,0.000328
ACTCAATAAAGGCACG-1,0.051367,0.037537,0.911096
ACTCAGACCTGCTTCT-1,0.000072,0.022361,0.977567
ACTCATGGCAGCCTTC-1,0.125067,0.434463,0.44047
ACTCCAATATCATCAT-1,0.020383,0.025407,0.95421
ACTCCCATTCCTAAAG-1,0.047701,0.000016,0.952284
ACTCCCGAATTCGTTT-1,0.466819,0.395231,0.13795
ACTCCCGTAGACTAGG-1,0.020222,0.232692,0.747086
ACTCCCTAATGCTAAA-1,0.999792,0.000026,0.000182
ACTCCCTAGAATAGTA-1,0.961018,0.038634,0.000348
ACTCCGGCCGACCACT-1,0.999744,0.000032,0.000224
ACTCGATGTATTTCAT-1,0.00019,0.648601,0.351209
ACTCGCCGTTCGATAA-1,0.759288,0.011042,0.22967
ACTCGCGATCTGACGC-1,0.999798,0.000025,0.000176
ACTCGTAACCCGTCCT-1,0.315118,0.046364,0.638519
ACTCGTCAGTAATCCC-1,0.839958,0.035295,0.124747
ACTCTAAACCTGGGAT-1,0.000035,0.000957,0.999008
ACTCTCTGACTTAGGT-1,0.856298,0.090527,0.053175
ACTCTCTTATACACGA-1,0.000205,0.441528,0.558266
ACTCTGACCTAATAGA-1,0.99982,0.000023,0.000158
ACTCTTCAGCTCCCGC-1,0.529559,0.000017,0.470423
ACTCTTGTATAGTAAC-1,0.41737,0.00003,0.582601
ACTGAAACGCCGTTAG-1,0.926228,0.073486,0.000286
ACTGAATGGCGAAAGT-1,0.999748,0.000031,0.00022
ACTGATTTAGTGATTC-1,0.000243,0.571783,0.427973
ACTGCCCGCCATTCTC-1,0.435161,0.053904,0.510935
ACTGCCGTCGTAACTC-1,0.000042,0.000014,0.999944
ACTGCGGACACACCGT-1,0.622446,0.146218,0.231335
ACTGCTCGGAAGGATG-1,0.000138,0.77305,0.226811
ACTGGCGAACCTGCGT-1,0.01263,0.322996,0.664374
ACTGGGATGCCAGTGC-1,0.888332,0.000052,0.111616
ACTGTACGATACACAT-1,0.211206,0.163579,0.625215
ACTGTAGCACTTTGGA-1,0.123841,0.000017,0.876142
ACTGTATACGCGAGCA-1,0.000087,0.077243,0.92267
ACTGTCCAGGATTATA-1,0.495106,0.048154,0.45674
ACTGTCTTCTTTAGAA-1,0.397493,0.186291,0.416216
ACTGTGCTAGTAGATC-1,0.000086,0.000029,0.999885
ACTGTTTAGTGTAGGC-1,0.000101,0.189086,0.810813
ACTTACCGGGCGCGCA-1,0.00086,0.386343,0.612796
ACTTACGCATCCACGC-1,0.861767,0.000045,0.138188
ACTTAGTACGACAAGA-1,0.000105,0.38548,0.614415
ACTTATACTTACCCGG-1,0.546862,0.126918,0.32622
ACTTATCTGATCTATA-1,0.012268,0.020147,0.967585
ACTTATTAGGATCGGT-1,0.705661,0.182946,0.111393
ACTTATTTATGTGCCA-1,0.987212,0.012478,0.00031
ACTTCAGGCTGATCCC-1,0.816579,0.00003,0.183391
ACTTCCAGTGGAAGCT-1,0.063367,0.068506,0.868126
ACTTCCATGCGGGACA-1,0.961877,0.023452,0.014671
ACTTCCTGTCGTGCGA-1,0.142661,0.787829,0.06951
ACTTCGCCATACGCAC-1,0.873724,0.125744,0.000532
ACTTCGCTAGCGAGTG-1,0.393783,0.440665,0.165552
ACTTGACTCCCTCTTT-1,0.943313,0.056336,0.000351
ACTTGCCATATTGTAC-1,0.000245,0.654219,0.345536
ACTTGCTCTATCTACC-1,0.000182,0.538521,0.461297
ACTTGGGACCCGGTGG-1,0.260965,0.359661,0.379374
ACTTGGGCTTTCGCCA-1,0.697677,0.028229,0.274093
ACTTGTAGTCCCTTCA-1,0.01925,0.229968,0.750782
ACTTGTGGATGGAACG-1,0.692235,0.000082,0.307683
ACTTGTTACCGGATCA-1,0.8685,0.000027,0.131473
ACTTTACCCTCATGAA-1,0.174456,0.027522,0.798023
ACTTTATACACCACTT-1,0.000085,0.119944,0.879971
ACTTTCCTATAGCTTC-1,0.454378,0.183564,0.362057
ACTTTGACTGCATCCT-1,0.023664,0.000015,0.976322
ACTTTGGTCGTGCTCC-1,0.064587,0.000012,0.935401
ACTTTGTCGACGCACT-1,0.99969,0.000039,0.000271
AGAAATTATGACTCGC-1,0.999818,0.000023,0.00016
AGAACACGGCGATGGT-1,0.018288,0.034578,0.947134
AGAACCCAGCGTGACA-1,0.96891,0.03089,0.0002
AGAACCCTCAATTGGG-1,0.000108,0.538164,0.461729
AGAACGTGGTACATTC-1,0.067408,0.087292,0.8453
AGAACTGTACTTTGTA-1,0.82412,0.024628,0.151252
AGAAGAGCGCCGTTCC-1,0.863244,0.000699,0.136057
AGAAGGTACACTTCAC-1,0.115861,0.68383,0.200309
AGAAGGTTGCCGAATT-1,0.403121,0.575711,0.021169
AGAAGGTTGTAGGTCG-1,0.99937,0.000079,0.000552
AGAAGTGATTCGTGAT-1,0.078809,0.501594,0.419597
AGAATAAATCTTCAGG-1,0.000034,0.001988,0.997978
AGAATACAGGCTATCC-1,0.86989,0.031462,0.098648
AGAATGCGGGTTCGGA-1,0.000058,0.150676,0.849267
AGAATTATGGATTCGA-1,0.739793,0.143151,0.117057
AGAATTGTTTGACATA-1,0.032119,0.190244,0.777637
AGACAGCTCAGAATCC-1,0.008659,0.19212,0.799222
AGACAGGCATCTCAGC-1,0.990948,0.008659,0.000392
AGACATAGATCCTTCC-1,0.094494,0.076834,0.828672
AGACCAAACCACACCT-1,0.055208,0.339479,0.605312
AGACCATGGGATACAA-1,0.034726,0.448226,0.517047
AGACCCACCGCTGATC-1,0.529619,0.000022,0.470359
AGACCCGCCCTCCTCG-1,0.159259,0.757922,0.082819
AGACCGCTCCGCGGTT-1,0.475022,0.000012,0.524966
AGACCGGGAAACCCTG-1,0.000067,0.130104,0.869829
AGACGAAGTGCCGGTC-1,0.751148,0.000029,0.248824
AGACGACGATGCCGCT-1,0.11866,0.336502,0.544838
AGACGCCCACTTCGCC-1,0.974465,0.000031,0.025504
AGACGGGATTGGTATA-1,0.00289,0.690811,0.306298
AGACGGGCCGATTTAA-1,0.066337,0.53714,0.396523
AGACTAGCCTTCCAGA-1,0.313284,0.57905,0.107667
AGACTGTTACCGGGTC-1,0.999677,0.00004,0.000282
AGAGAAACACCAGAAA-1,0.302996,0.048132,0.648873
AGAGAACCGTCTAGGA-1,0.043526,0.830132,0.126342
AGAGAAGGAGTACAAT-1,0.130662,0.03391,0.835427
AGAGATCTCTAAAGCG-1,0.000108,0.333704,0.666188
AGAGCAGTTATGAGAC-1,0.095824,0.42121,0.482967
AGAGCCGCCGAGATTT-1,0.725116,0.000151,0.274733
AGAGCGCTTGTAACGG-1,0.039094,0.065235,0.895672
AGAGCGGGCTAATCAT-1,0.000256,0.000014,0.99973
AGAGCGTACAAGCTCG-1,0.085506,0.529983,0.384511
AGAGCTACGAAAGCAT-1,0.000073,0.082432,0.917494
AGAGGCTTCGGAAACC-1,0.655818,0.012989,0.331193
AGAGGGACAATTGTCC-1,0.000052,0.034107,0.965841
AGAGGTATCTCGGTCC-1,0.000039,0.000013,0.999948
AGAGTAAACTTCACTA-1,0.936562,0.000025,0.063413
AGAGTATAGTGTTACG-1,0.081098,0.329205,0.589697
AGAGTCTTAATGAAAG-1,0.585804,0.180537,0.233659
AGAGTGAACAGACACC-1,0.241857,0.720685,0.037458
AGAGTTAGAGACCGAT-1,0.000073,0.001531,0.998396
AGAGTTGCAGGCCTCC-1,0.000084,0.266439,0.733477
AGATAACTTCAGGGCC-1,0.562943,0.341527,0.09553
AGATAATCACACCTAT-1,0.103344,0.194658,0.701998
AGATACCAATAGAACC-1,0.998363,0.000016,0.001621
AGATACCAGCACTTCA-1,0.087862,0.000844,0.911294
AGATACCGGTGTTCAC-1,0.117701,0.108865,0.773434
AGATACGACTTCATAT-1,0.000082,0.203894,0.796024
AGATACTCAAGATCGA-1,0.880474,0.005903,0.113623
AGATATAATACGACTA-1,0.978171,0.005535,0.016294
AGATCGTGCATAAGAT-1,0.000111,0.432184,0.567705
AGATCTCAGGTGTGAT-1,0.831487,0.146273,0.02224
AGATCTGGAGAGGATA-1,0.000039,0.000013,0.999947
AGATGACTCGCCCACG-1,0.000094,0.177333,0.822573
AGATGAGGGTTGCGAT-1,0.00532,0.101935,0.892745
AGATGATGGAGTCTGG-1,0.445086,0.10345,0.451464
AGATGCAAGACGTGCA-1,0.030823,0.058068,0.911109
AGATGCATCCTGTGTC-1,0.000032,0.000011,0.999957
AGATGCTATAACGAGC-1,0.040848,0.070939,0.888213
AGATTATAGGACGTTT-1,0.836239,0.122202,0.04156
AGATTCAAGCGGGTCG-1,0.000075,0.050979,0.948946
AGATTCACAACCGATA-1,0.061019,0.253109,0.685872
AGCAAAGGCCGCTAGT-1,0.520337,0.008388,0.471275
AGCAACATATCTTATT-1,0.89388,0.075302,0.030818
AGCAACCGAAAGTAAT-1,0.027208,0.155755,0.817037
AGCACACGTTTAGACT-1,0.011772,0.03464,0.953588
AGCACCAGTACTCACG-1,0.183852,0.109033,0.707115
AGCACTACCGGCCTGT-1,0.004137,0.270843,0.72502
AGCACTACCTCACCAG-1,0.953595,0.005074,0.041332
AGCACTTAAGGACGCC-1,0.231589,0.407593,0.360817
AGCAGAAGGAGAAAGA-1,0.924423,0.068311,0.007265
AGCAGCCAGATGAATA-1,0.909094,0.000043,0.090863
AGCAGTCGAAGCATGC-1,0.89062,0.007918,0.101463
AGCATATCAATATGCT-1,0.853029,0.000026,0.146944
AGCATCATTTCGAAAG-1,0.04018,0.392347,0.567473
AGCATCGTCGATAATT-1,0.000096,0.001984,0.99792
AGCATTACGAGGCAAG-1,0.99984,0.00002,0.00014
AGCCAAGCTTTGTGTC-1,0.879583,0.072791,0.047626
AGCCACAGGTTACCCG-1,0.999719,0.000035,0.000246
AGCCACTCCCGTGCTT-1,0.164625,0.401234,0.434141
AGCCATATAGTATGTG-1,0.999333,0.000083,0.000584
AGCCCATACATGTAAG-1,0.0732,0.301507,0.625293
AGCCCGCAACAAGCAG-1,0.999768,0.000029,0.000203
AGCCCGCACTACAATG-1,0.79501,0.00524,0.19975
AGCCCGGCATTAGAGG-1,0.135034,0.469822,0.395143
AGCCCGGTAGCCTGTA-1,0.966308,0.033397,0.000295
AGCCCTAAGCGAAGTT-1,0.011741,0.13022,0.858039
AGCCCTCCCTGGTGGC-1,0.051484,0.0155,0.933017
AGCCCTGTCGCACCGT-1,0.823653,0.035523,0.140824
AGCCCTTCTAATCCGA-1,0.042538,0.12624,0.831222
AGCCCTTGGACATCCC-1,0.504186,0.000012,0.495802
AGCCGCAAATTCAAAT-1,0.007168,0.052973,0.93986
AGCCGCTTGATTAGCG-1,0.071886,0.018312,0.909802
AGCCGTGGCTAAATGT-1,0.025728,0.01254,0.961732
AGCCTAATACCCACGT-1,0.010589,0.169031,0.82038
AGCCTTAAAGCGGAAG-1,0.234581,0.288574,0.476845
AGCCTTGTCACTGATA-1,0.000087,0.018252,0.981661
AGCGACAGGAACGGTC-1,0.528102,0.095889,0.376009
AGCGACATCCCATTCA-1,0.014587,0.265792,0.71962
AGCGACCAACGATATT-1,0.078436,0.244709,0.676855
AGCGACTTTGAAGACA-1,0.719573,0.023834,0.256593
AGCGAGACGTGAAGGC-1,0.419987,0.236971,0.343042
AGCGATGCGCCTAATA-1,0.999819,0.000023,0.000159
AGCGCATAATGAATCG-1,0.739423,0.145826,0.114751
AGCGCGGGTGCCAATG-1,0.224,0.153754,0.622246
AGCGCTAGAGCGATGT-1,0.919776,0.065361,0.014863
AGCGCTTATGGGCAAG-1,0.000135,0.186015,0.81385
AGCGGACACTTCGTAG-1,0.999625,0.000047,0.000328
AGCGGCGGTTAGCGGT-1,0.028107,0.156067,0.815826
AGCGGGAAGGGTCCAT-1,0.123574,0.022164,0.854261
AGCGGGTCTGACACTC-1,0.793978,0.000056,0.205967
AGCGGTTGAGATGTAC-1,0.282096,0.642405,0.075499
AGCGGTTGCCGCTCTG-1,0.111445,0.053022,0.835533
AGCGTACGAGAGCTAG-1,0.000147,0.343961,0.655892
AGCGTAGCGCTAGACC-1,0.000125,0.17629,0.823585
AGCGTCTGAACCCGCA-1,0.093079,0.256247,0.650674
AGCGTGGTATTCTACT-1,0.868561,0.01385,0.117589
AGCGTTCCGATTTAAA-1,0.000069,0.119875,0.880056
AGCTAACAAGCAATGT-1,0.444672,0.159098,0.396231
AGCTAAGCTCCGTCCG-1,0.478826,0.101068,0.420106
AGCTAAGTACGCAGGC-1,0.93382,0.055329,0.01085
AGCTACGAATGGTGGT-1,0.60375,0.142697,0.253553
AGCTAGAAGCAGAAGT-1,0.137232,0.022675,0.840093
AGCTATTTAATCCAAC-1,0.052561,0.084314,0.863125
AGCTCCATATATGTTC-1,0.978638,0.000028,0.021334
AGCTCCTTCGCACATC-1,0.954994,0.013922,0.031084
AGCTCGTTGATGGAAA-1,0.143314,0.119478,0.737207
AGCTCTAGACGTTCCA-1,0.990977,0.008797,0.000226
AGCTCTTCCCAGTGCA-1,0.02871,0.216628,0.754662
AGCTCTTCGTAACCTT-1,0.702698,0.000027,0.297274
AGCTCTTTACTCAGTT-1,0.492628,0.206861,0.300511
AGCTGAAGTAAACCAA-1,0.006759,0.139219,0.854022
AGCTGCATTTGAGGTG-1,0.070322,0.215705,0.713973
AGCTGCTGTGCCGAAT-1,0.163119,0.553101,0.28378
AGCTGTAACCTCAATC-1,0.037072,0.002869,0.96006
AGCTTATAGAGACCTG-1,0.000166,0.378929,0.620905
AGCTTCAATACTTTGA-1,0.036983,0.852286,0.11073
AGCTTCTTCTCGAGCA-1,0.999839,0.00002,0.000141
AGCTTGATCAGGGTAG-1,0.000116,0.13255,0.867334
AGCTTGATCTTAACTT-1,0.000084,0.122613,0.877303
AGGAAAGCCTCTGATG-1,0.085587,0.0274,0.887013
AGGAACGAACGACTTC-1,0.949945,0.01566,0.034395
AGGAAGCTGTCCGCCG-1,0.837646,0.161803,0.000552
AGGACAGTCGAATCCC-1,0.745879,0.253787,0.000334
AGGACATCGCACGTCG-1,0.076146,0.340473,0.583381
AGGACATCGGCACACT-1,0.986115,0.000035,0.013849
AGGACGACCCATTAGA-1,0.446695,0.270156,0.283149
AGGACGCTCGATGTTG-1,0.157921,0.371212,0.470867
AGGACTTATAGGAGAA-1,0.004858,0.196062,0.79908
AGGAGACATCCACAGT-1,0.092057,0.04675,0.861193
AGGAGAGTCTGGCTAC-1,0.015429,0.128411,0.85616
AGGAGCGTTTATTATC-1,0.555431,0.100779,0.343789
AGGAGGCCTTCGCGCG-1,0.944638,0.000027,0.055335
AGGATAAAGTCGGGAT-1,0.874919,0.124705,0.000376
AGGATATAGGGATTTA-1,0.895733,0.000038,0.104229
AGGATATCCGACTGCA-1,0.974334,0.000025,0.025641
AGGATCACGCGATCTG-1,0.000058,0.000019,0.999923
AGGATTGCTTACGACA-1,0.243643,0.174287,0.58207
AGGCAAAGAGGAATCA-1,0.001292,0.626896,0.371812
AGGCAATACGGAGGAC-1,0.088836,0.06738,0.843784
AGGCACGTGACTGTCC-1,0.99523,0.000027,0.004743
AGGCAGATGCGTAAAC-1,0.293511,0.421483,0.285006
AGGCAGGGAGCGTACT-1,0.999648,0.000044,0.000308
AGGCATTGTCGTAGGG-1,0.924247,0.018895,0.056859
AGGCCACATTGGTTAC-1,0.96584,0.000024,0.034136
AGGCCACCCGTTATGA-1,0.021957,0.249362,0.728681
AGGCCCAGTGACTGGT-1,0.02343,0.165189,0.81138
AGGCCCATTGTACAGG-1,0.061262,0.207557,0.731181
AGGCCCTAGAACGCCA-1,0.005685,0.090716,0.903598
AGGCCTATCATACCAA-1,0.602583,0.008777,0.38864
AGGCCTGAGAATCTCG-1,0.986709,0.012899,0.000393
AGGCGATAACTGGCGT-1,0.86517,0.00812,0.126709
AGGCGGTTTGTCCCGC-1,0.158095,0.000018,0.841887
AGGCGTCTATGGACGG-1,0.038841,0.359686,0.601474
AGGCTATGGTTAGCTT-1,0.108343,0.455231,0.436426
AGGCTTAAGTTGCACA-1,0.81103,0.04373,0.14524
AGGCTTCCCGAAGAAG-1,0.803203,0.034131,0.162666
AGGCTTGCTAGACACC-1,0.005244,0.000014,0.994743
AGGGAAACGAGGTACT-1,0.000081,0.235193,0.764726
AGGGACAGCACGGCGG-1,0.000051,0.000017,0.999932
AGGGACCGGCTGCGTT-1,0.69872,0.005246,0.296034
AGGGACTCTACGCGAC-1,0.934223,0.000031,0.065746
AGGGAGACATACTTCG-1,0.114486,0.011252,0.874262
AGGGCAGCGGCGTGGT-1,0.000238,0.583022,0.41674
AGGGCCCTAATGTTCT-1,0.769585,0.000018,0.230397
AGGGCGAGCAGCTGAT-1,0.000126,0.706374,0.2935
AGGGCGTGATCGGCTA-1,0.000149,0.76732,0.232532
AGGGCTGCAGTTACAG-1,0.839438,0.157806,0.002756
AGGGTCAGAGCACTCG-1,0.767953,0.20898,0.023067
AGGGTCAGTAACCCTA-1,0.000576,0.505244,0.49418
AGGGTCGATGCGAACT-1,0.688357,0.132428,0.179215
AGGGTCTGGACGCAGT-1,0.778106,0.000017,0.221877
AGGGTGCCGTTCTTTA-1,0.547742,0.288625,0.163633
AGGGTGCTCTCGAGGG-1,0.09301,0.002455,0.904535
AGGGTGGATAGTGCAT-1,0.020488,0.025273,0.954238
AGGGTGTGCTACACGC-1,0.000089,0.153523,0.846388
AGGGTTCAGACGGTCC-1,0.827573,0.01452,0.157907
AGGGTTCCCTTTGGTT-1,0.702573,0.278998,0.018429
AGGGTTTAGTTCGGGA-1,0.808758,0.190832,0.00041
AGGTAACCTCCTATTC-1,0.041967,0.038797,0.919236
AGGTACGATATTGCCA-1,0.141756,0.102019,0.756225
AGGTAGATCGAGATAT-1,0.483746,0.051161,0.465093
AGGTAGGTACAAAGCT-1,0.00007,0.156402,0.843528
AGGTATAATTGATAGT-1,0.047717,0.000012,0.952271
AGGTATGCGGACATTA-1,0.904138,0.095649,0.000213
AGGTCAGGTGAGAGTG-1,0.097555,0.565855,0.336589
AGGTCGCCACTTCGGT-1,0.000121,0.287016,0.712863
AGGTCGCCTCCCAACA-1,0.999816,0.000023,0.000161
AGGTCGCGGAGTTACT-1,0.395902,0.066362,0.537736
AGGTGCACGTCCACAT-1,0.343721,0.000012,0.656267
AGGTGGTGACCTTCGC-1,0.68781,0.090685,0.221505
AGGTGTATCGCCATGA-1,0.161379,0.228527,0.610093
AGGTGTTGCCGACCAC-1,0.468768,0.000025,0.531207
AGGTTACACCATGCCG-1,0.996622,0.00317,0.000208
AGGTTCTCCTTTCCGG-1,0.000143,0.272237,0.72762
AGGTTGAGGCACGCTT-1,0.080321,0.044632,0.875047
AGGTTTCACACACCTT-1,0.93889,0.043073,0.018037
AGTAACGTTCATCCTG-1,0.000183,0.641825,0.357992
AGTAACTATAGCAGCC-1,0.999194,0.000486,0.000319
AGTAAGGGACAGAATC-1,0.671649,0.061179,0.267171
AGTAATCTAAGGGTGG-1,0.821419,0.028861,0.14972
AGTAATGTCTTGCCGC-1,0.000055,0.000018,0.999926
AGTAATTTGCAAGCGT-1,0.000093,0.279693,0.720213
AGTACAGAAGCTTATA-1,0.999722,0.000035,0.000243
AGTACATCATTTATCA-1,0.113107,0.50931,0.377583
AGTACCTTCGAGTGCT-1,0.013502,0.075306,0.911192
AGTACGGCCCGTATCG-1,0.000037,0.003959,0.996003
AGTACGGGCACCTGGC-1,0.067582,0.11961,0.812808
AGTACGTGGCCTGTCT-1,0.000147,0.181327,0.818526
AGTACTCTTATGCCCA-1,0.999579,0.000053,0.000369
AGTAGAAGGCGCCTCA-1,0.862641,0.000034,0.137325
AGTAGCGTGAACGAAC-1,0.000683,0.112538,0.886779
AGTAGCTAGACGCCGA-1,0.000122,0.258777,0.741101
AGTAGGAAGGAAGTTG-1,0.000045,0.094898,0.905057
AGTAGGTAACATACAT-1,0.055091,0.005754,0.939154
AGTATAATACTAGGCA-1,0.054896,0.001167,0.943937
AGTATACACAGCGACA-1,0.852191,0.000036,0.147773
AGTATCCATAATAACG-1,0.000044,0.000015,0.999941
AGTATGCTGGAGACCA-1,0.083109,0.636556,0.280335
AGTATTTGGCACGACC-1,0.987915,0.011634,0.00045
AGTCAAATGATGTGAT-1,0.540448,0.308587,0.150966
AGTCAACACCACCATC-1,0.570218,0.29467,0.135112
AGTCAAGATGACACTT-1,0.988531,0.011176,0.000293
