Barcode,Topic 1,Topic 2to4,Topic 5to10
AAACAAGTATCTCCCA-1,0.000027,0.88291,0.117063
AAACAATCTACTAGCA-1,0.00003,0.002841,0.997129
AAACACCAATAACTGC-1,0.00003,0.008362,0.991608
AAACAGAGCGACTCCT-1,0.000042,0.000127,0.999831
AAACAGCTTTCAGAAG-1,0.000016,0.007119,0.992865
AAACAGGGTCTATATT-1,0.000029,0.001406,0.998565
AAACAGTGTTCCTGGG-1,0.000047,0.746934,0.25302
AAACATGGTGAGAGGA-1,0.000031,0.093641,0.906328
AAACATTTCCCGGATT-1,0.000035,0.999758,0.000208
AAACCACTACACAGAT-1,0.000017,0.00005,0.999933
AAACCCGAACGAAATC-1,0.000013,0.548998,0.450989
AAACCGGAAATGTTAA-1,0.000031,0.999786,0.000184
AAACCGGGTAGGTACC-1,0.000038,0.181889,0.818073
AAACCGTTCGTCCAGG-1,0.000043,0.585033,0.414924
AAACCTAAGCAGCCGG-1,0.000027,0.97916,0.020813
AAACCTCATGAAGTTG-1,0.000034,0.111022,0.888944
AAACGAAGAACATACC-1,0.00005,0.000149,0.999802
AAACGAAGATGGAGTA-1,0.000032,0.000097,0.999871
AAACGACAGTCTTGCC-1,0.000033,0.005135,0.994833
AAACGAGACGGTTGAT-1,0.000051,0.510652,0.489298
AAACGCCCGAGATCGG-1,0.000028,0.000083,0.99989
AAACGCTGGGCACGAC-1,0.000021,0.722412,0.277567
AAACGGGCGTACGGGT-1,0.000028,0.580294,0.419678
AAACGGGTTGGTATCC-1,0.000039,0.041761,0.9582
AAACGGTTGCGAACTG-1,0.000055,0.744954,0.254992
AAACGTGTTCGCCCTA-1,0.000013,0.252398,0.747589
AAACTAACGTGGCGAC-1,0.000017,0.037054,0.962929
AAACTCGGTTCGCAAT-1,0.000037,0.999738,0.000224
AAACTCGTGATATAAG-1,0.000013,0.060172,0.939816
AAACTGCTGGCTCCAA-1,0.000069,0.889313,0.110618
AAACTTAATTGCACGC-1,0.000039,0.137661,0.862301
AAACTTGCAAACGTAT-1,0.000012,0.140751,0.859237
AAAGAATGACCTTAGA-1,0.000039,0.000117,0.999844
AAAGAATGTGGACTAA-1,0.000016,0.999891,0.000093
AAAGACATGAAGTTTA-1,0.000032,0.03606,0.963908
AAAGACCCAAGTCGCG-1,0.000016,0.014911,0.985073
AAAGACTGGGCGCTTT-1,0.000021,0.068637,0.931342
AAAGCTTGCCTACATA-1,0.000014,0.066702,0.933284
AAAGGCCCTATAATAC-1,0.000029,0.040322,0.959649
AAAGGCTACGGACCAT-1,0.000036,0.871683,0.128282
AAAGGCTCTCGCGCCG-1,0.000046,0.932542,0.067412
AAAGGGATGTAGCAAG-1,0.000029,0.178341,0.821631
AAAGGGCAGCTTGAAT-1,0.000028,0.045148,0.954824
AAAGGTAAGCTGTACC-1,0.000028,0.000085,0.999887
AAAGTAGCATTGCTCA-1,0.00003,0.629789,0.370181
AAAGTCACTGATGTAA-1,0.000013,0.000039,0.999948
AAAGTCGACCCTCAGT-1,0.000012,0.002828,0.997159
AAAGTGCCATCAATTA-1,0.000036,0.551377,0.448587
AAAGTGTGATTTATCT-1,0.00004,0.745167,0.254793
AAAGTTGACTCCCGTA-1,0.000044,0.70622,0.293735
AAATAACCATACGGGA-1,0.000017,0.069645,0.930338
AAATAAGGTAGTGCCC-1,0.000021,0.133368,0.866611
AAATACCTATAAGCAT-1,0.000053,0.985903,0.014044
AAATAGCTTAGACTTT-1,0.000027,0.640923,0.35905
AAATAGGGTGCTATTG-1,0.000037,0.831737,0.168225
AAATCACTCCTAAACG-1,0.000037,0.156028,0.843935
AAATCCGATACACGCC-1,0.000019,0.784197,0.215784
AAATCGCGGAAGGAGT-1,0.00006,0.000179,0.999761
AAATCGTGTACCACAA-1,0.00008,0.810215,0.189705
AAATCTAGCCCTGCTA-1,0.000026,0.999817,0.000157
AAATCTGCCCGCGTCC-1,0.000061,0.020773,0.979166
AAATGATTCGATCAGC-1,0.000016,0.008727,0.991257
AAATGCTCGTTACGTT-1,0.000022,0.144965,0.855013
AAATGGCATGTCTTGT-1,0.000039,0.050824,0.949137
AAATGGCCCGTGCCCT-1,0.000023,0.08409,0.915886
AAATGGTCAATGTGCC-1,0.000038,0.682248,0.317714
AAATGTATCTTATCCC-1,0.000034,0.011347,0.988619
AAATGTGGGTGCTCCT-1,0.000035,0.000106,0.999859
AAATTAACGGGTAGCT-1,0.000078,0.684048,0.315874
AAATTAATAAGCGCGA-1,0.000017,0.000052,0.999931
AAATTACACGACTCTG-1,0.000021,0.000064,0.999915
AAATTACCTATCGATG-1,0.000023,0.116434,0.883543
AAATTCCAGGTCCAAA-1,0.000019,0.593165,0.406816
AAATTGATAGTCCTTT-1,0.000027,0.168521,0.831452
AAATTGCGGCGGTTCT-1,0.000027,0.000081,0.999891
AAATTGGTGAGAAGCA-1,0.000022,0.021169,0.978809
AAATTTACCGAAATCC-1,0.000052,0.000155,0.999793
AAATTTGCGGGTGTGG-1,0.000032,0.053451,0.946517
AACAACTGGTAGTTGC-1,0.000063,0.205117,0.79482
AACAATACATTGTCGA-1,0.000057,0.78041,0.219532
AACAATTACTCTACGC-1,0.000053,0.088193,0.911753
AACACACGCTCGCCGC-1,0.000031,0.915128,0.084842
AACACGACTGTACTGA-1,0.000016,0.049438,0.950547
AACACGAGACGCGGCC-1,0.000025,0.029494,0.970482
AACACGCGGCCGCGAA-1,0.00004,0.075483,0.924477
AACAGCTGTGTGGCAA-1,0.000039,0.364647,0.635315
AACAGGAAATCGAATA-1,0.000039,0.056263,0.943698
AACAGGATGGGCCGCG-1,0.000024,0.071011,0.928965
AACAGGTAGTATGGAT-1,0.000019,0.966766,0.033216
AACATATCAACTGGTG-1,0.000059,0.303676,0.696265
AACATCGATACGTCTA-1,0.000028,0.068991,0.930981
AACATTGAAGTTGATC-1,0.000038,0.167073,0.832889
AACATTGTGACTCGAG-1,0.000084,0.845043,0.154874
AACCAAGACTTCTCTG-1,0.000018,0.233392,0.766589
AACCAGTATCACTCTT-1,0.000061,0.000184,0.999755
AACCATAGGGTTGAAC-1,0.000022,0.000067,0.999911
AACCATGGGATCGCTA-1,0.000038,0.02738,0.972582
AACCCAGAGACGGAGA-1,0.000024,0.078054,0.921922
AACCCATCCCATGATC-1,0.000051,0.019292,0.980657
AACCCGACAACCCGTG-1,0.000054,0.776024,0.223921
AACCCGAGCAGAATCG-1,0.000024,0.976753,0.023224
AACCCGATAGGGCTTC-1,0.000026,0.009793,0.990182
AACCCTACTGTCAATA-1,0.000067,0.762592,0.237341
AACCCTGGTGGAACCA-1,0.000015,0.000045,0.99994
AACCGAGCTTGGTCAT-1,0.000035,0.078633,0.921332
AACCGCTAAGGGATGC-1,0.000032,0.891153,0.108815
AACCGTTGTGTTTGCT-1,0.000052,0.015261,0.984688
AACCTAAAGCCGTCCG-1,0.000064,0.000193,0.999743
AACCTCGCTTTAGCCC-1,0.000058,0.790568,0.209374
AACCTGTCACGGAATT-1,0.000029,0.71559,0.284381
AACCTTTAAATACGGT-1,0.000031,0.557532,0.442437
AACCTTTACGACGTCT-1,0.000019,0.047296,0.952685
AACGAAAGTCGTCCCA-1,0.000041,0.000123,0.999836
AACGACCTCCTAGCCG-1,0.000017,0.883511,0.116473
AACGATAATGCCGTAG-1,0.000036,0.948792,0.051173
AACGATAGAAGGGCCG-1,0.000051,0.163371,0.836578
AACGATATGTCAACTG-1,0.000035,0.133682,0.866283
AACGCATGATCTGGGT-1,0.000035,0.127668,0.872297
AACGCGAACGGCAACA-1,0.000017,0.00005,0.999933
AACGCGACCTTGGGCG-1,0.000054,0.852178,0.147769
AACGCGGTCTCCAGCC-1,0.000021,0.257811,0.742167
AACGCTGTTGCTGAAA-1,0.000056,0.993074,0.00687
AACGGACGTACGTATA-1,0.000045,0.99165,0.008306
AACGGCCATCTCCGGT-1,0.000052,0.684863,0.315084
AACGTACTGTGGGTAC-1,0.000069,0.9282,0.071731
AACGTAGTCTACCCAT-1,0.000033,0.000099,0.999868
AACGTCAGACTAGTGG-1,0.00003,0.08558,0.914389
AACGTCGCTGCACTTC-1,0.000014,0.780513,0.219473
AACGTGATGAAGGACA-1,0.000036,0.017479,0.982486
AACGTGCGAAAGTCTC-1,0.00003,0.781538,0.218432
AACGTTATCAGCACCT-1,0.00003,0.000091,0.999879
AACTACCCGTTTGTCA-1,0.00003,0.998389,0.001581
AACTAGCGTATCGCAC-1,0.000041,0.051593,0.948366
AACTAGGCTTGGGTGT-1,0.000025,0.602971,0.397004
AACTCAAGTTAATTGC-1,0.000048,0.738432,0.26152
AACTCCAGAGCGTGTT-1,0.000059,0.863235,0.136706
AACTCCTAATCCCATG-1,0.000029,0.000087,0.999884
AACTCGATGGCGCAGT-1,0.000042,0.014812,0.985146
AACTCTCAATAGAGCG-1,0.000034,0.584372,0.415594
AACTCTCAGTGTGCTC-1,0.000062,0.821499,0.178439
AACTGAGGTCAGCGTC-1,0.000032,0.016573,0.983395
AACTGAGTTATACTGA-1,0.000045,0.686015,0.31394
AACTGATATTAGGCCT-1,0.000039,0.00378,0.996181
AACTGGGTCCCGACGT-1,0.000011,0.073613,0.926376
AACTGGGTTCGAGCCG-1,0.000022,0.000066,0.999912
AACTGGTGTGGGCCTT-1,0.00002,0.000061,0.999918
AACTTCTGCGTCTATC-1,0.000033,0.226162,0.773805
AACTTGCCCGTATGCA-1,0.000025,0.087755,0.91222
AACTTGCGTTCTCGCG-1,0.00003,0.002157,0.997813
AACTTTACGGGAGCTT-1,0.00003,0.058558,0.941412
AACTTTAGCTGCTGAG-1,0.000067,0.054068,0.945864
AACTTTCTCGATCATG-1,0.00003,0.058149,0.941821
AAGAAAGTTTGATGGG-1,0.000028,0.000084,0.999888
AAGAAATCACCAGATT-1,0.000017,0.124896,0.875087
AAGAAGGATCAGTTAG-1,0.000028,0.084651,0.915321
AAGACATACGTGGTTT-1,0.000018,0.978518,0.021464
AAGACCAAATAACTCA-1,0.000019,0.032338,0.967643
AAGACCCAACTGAACA-1,0.000038,0.897073,0.102889
AAGACTAACCCGTTGT-1,0.000052,0.000156,0.999792
AAGACTCACGCCCACT-1,0.000039,0.064954,0.935007
AAGACTGCAAGCTACT-1,0.00006,0.819079,0.180861
AAGAGATGAATCGGTA-1,0.000023,0.055243,0.944734
AAGAGCTCTTTATCGG-1,0.000094,0.677415,0.322491
AAGAGGATGTACGCGA-1,0.000033,0.018164,0.981803
AAGAGGCATGGATCGC-1,0.000072,0.52115,0.478778
AAGAGGCCCTTTGGAA-1,0.000029,0.965458,0.034513
AAGATGGCACCGGACC-1,0.000041,0.85984,0.140119
AAGATTGGCGGAACGT-1,0.000019,0.119666,0.880316
AAGCACCCTGCGTATC-1,0.000037,0.90124,0.098723
AAGCATACTCTCCTGA-1,0.000025,0.826896,0.173078
AAGCCACTTGCAGGTA-1,0.000061,0.309448,0.69049
AAGCCGAAGCGGTTTA-1,0.000026,0.855707,0.144267
AAGCCGCCGTGAAATC-1,0.000023,0.001403,0.998573
AAGCCGCTTTACCTTG-1,0.000011,0.00161,0.998379
AAGCCGGAGAGCAGGA-1,0.000043,0.713753,0.286204
AAGCGCAGGGCTTTGA-1,0.000045,0.999682,0.000273
AAGCGGAGTGCGCGCA-1,0.000044,0.051079,0.948878
AAGCGGCGTCATGGGT-1,0.000098,0.000294,0.999607
AAGCGTCCCTCATCGA-1,0.000092,0.33411,0.665798
AAGCTAGATCGAGTAA-1,0.000048,0.929222,0.07073
AAGCTATGGATTGACC-1,0.000022,0.04518,0.954799
AAGCTCGTGCCAAGTC-1,0.000045,0.341903,0.658051
AAGCTCTTTCATGGTG-1,0.000079,0.951118,0.048803
AAGGAGAACTTATAAG-1,0.000047,0.007939,0.992014
AAGGAGCGGTTGGTGC-1,0.000049,0.200232,0.799719
AAGGATCGATCGCTTG-1,0.00002,0.5521,0.44788
AAGGATGAGGGACCTC-1,0.000044,0.433832,0.566125
AAGGCAGGCTGTCTCC-1,0.000025,0.943698,0.056276
AAGGCGCGTAAAGCTT-1,0.000017,0.09468,0.905302
AAGGCTGTGCTCATCG-1,0.000047,0.475108,0.524844
AAGGGAACGACTGGCT-1,0.000027,0.402269,0.597704
AAGGGACAGATTCTGT-1,0.000027,0.049365,0.950608
AAGGGACTATGCATTC-1,0.000052,0.056481,0.943467
AAGGGTTTGATTTCAG-1,0.000029,0.000087,0.999884
AAGGTATCCTAATATA-1,0.00005,0.159991,0.839959
AAGGTGATAAACCAGC-1,0.000025,0.693778,0.306197
AAGTAAGCTTCCAAAC-1,0.000037,0.073642,0.926321
AAGTAGAAGACCGGGT-1,0.000027,0.075425,0.924548
AAGTAGTGACGCGAGG-1,0.000039,0.150217,0.849743
AAGTCAATTGTCGTCA-1,0.000032,0.997072,0.002895
AAGTCTAGTAGCTGCC-1,0.000014,0.094514,0.905472
AAGTCTTCTGTGGCCT-1,0.000016,0.000049,0.999934
AAGTGACGACCGAATT-1,0.000025,0.068173,0.931803
AAGTGAGTCGGGTTTA-1,0.00005,0.783763,0.216187
AAGTGCAAAGGTAGAC-1,0.000023,0.00087,0.999107
AAGTGCCTTGACTGTA-1,0.000022,0.389757,0.61022
AAGTGCGTTAGAATCT-1,0.000017,0.093872,0.906111
AAGTGCTTCTCTATTG-1,0.00002,0.203129,0.796851
AAGTGTTTGGAGACGG-1,0.000056,0.990955,0.008988
AAGTTCACTCCAAGCT-1,0.000043,0.972343,0.027613
AAGTTCAGTCTGCGTA-1,0.000038,0.000113,0.999849
AAGTTCGGCCAACAGG-1,0.000035,0.148557,0.851409
AAGTTGTGATGTTATA-1,0.00007,0.889296,0.110634
AAGTTTACTAATGGCA-1,0.000064,0.000193,0.999743
AAGTTTATGGGCCCAA-1,0.000053,0.999631,0.000316
AATAACAACGCTCGGC-1,0.000016,0.08961,0.910375
AATAACACTAGAACAA-1,0.00005,0.381076,0.618874
AATAAGTCCTCGAGAC-1,0.000038,0.000114,0.999848
AATAATCTTCGTATCG-1,0.000033,0.870012,0.129955
AATACAATGTTTCAGG-1,0.000023,0.063573,0.936404
AATACCGGAGGGCTGT-1,0.000069,0.775352,0.224578
AATAGAACAGAGTGGC-1,0.000039,0.842232,0.157729
AATAGAATCTGTTTCA-1,0.000033,0.989293,0.010674
AATAGCAAGCCTCCTG-1,0.000018,0.031819,0.968163
AATAGCTACCGCGTGC-1,0.000021,0.055416,0.944562
AATAGTCCGTCCCGAC-1,0.000037,0.999738,0.000225
AATAGTCGCGAGTCGG-1,0.000011,0.000034,0.999954
AATATCAAGGTCGGAT-1,0.000025,0.012592,0.987383
AATATCCTAGCAAACT-1,0.000041,0.004536,0.995424
AATATCGAATCAATGC-1,0.000026,0.989277,0.010696
AATATCGAGGGTTCTC-1,0.000053,0.156997,0.84295
AATATTGGAGTATTGA-1,0.000034,0.082154,0.917811
AATCAGACTGCAGGAC-1,0.000041,0.000122,0.999838
AATCAGGTTTCATTTA-1,0.000045,0.719333,0.280623
AATCATGTAAAGACTC-1,0.000044,0.999691,0.000265
AATCCAAGGGCCTGAG-1,0.000028,0.092272,0.907701
AATCCATGCAAGGGTG-1,0.00003,0.070186,0.929784
AATCGCCTCAGCGCCA-1,0.000038,0.748287,0.251675
AATCGCGCAGAGGACT-1,0.000029,0.914308,0.085663
AATCGGGACACTACGA-1,0.000048,0.000144,0.999807
AATCGGTATAGCCCTC-1,0.000042,0.987877,0.012081
AATCGTGAGCCGAGCA-1,0.000043,0.992203,0.007754
AATCTAGGTTTACTTG-1,0.000055,0.000165,0.99978
AATCTATGCCGGAGCC-1,0.000035,0.260747,0.739218
AATCTCTACTGTGGTT-1,0.000019,0.005677,0.994304
AATCTGCGTTGGGACG-1,0.000022,0.519696,0.480282
AATCTGGCTTTCTAGT-1,0.000038,0.000115,0.999847
AATCTGGGTAGACCCT-1,0.000041,0.017857,0.982102
AATGACAGCAATGTCT-1,0.000023,0.032876,0.9671
AATGACGTAGGATGTC-1,0.000024,0.511863,0.488113
AATGACTGTCAGCCGG-1,0.000039,0.00238,0.997581
AATGAGTTCGCATATG-1,0.000021,0.000063,0.999915
AATGATGATACGCTAT-1,0.000048,0.129026,0.870926
AATGATGCGACTCCTG-1,0.00006,0.672297,0.327644
AATGCAACCGGGTACC-1,0.000021,0.212211,0.787768
AATGCACCAAGCAATG-1,0.000014,0.051438,0.948548
AATGGCCGCCAATGCG-1,0.000027,0.059708,0.940265
AATGGTCCACCGTTCA-1,0.000014,0.008178,0.991808
AATGGTTCTCACAAGC-1,0.00002,0.012222,0.987759
AATGTATGGCACTGTA-1,0.000048,0.077338,0.922614
AATGTGCCCGAGGTGT-1,0.000016,0.280056,0.719929
AATGTGCTAATCTGAG-1,0.00007,0.189684,0.810246
AATGTTGTCGTGAGAC-1,0.000029,0.993929,0.006042
AATTAAAGGTCGGCGT-1,0.00005,0.789462,0.210488
AATTAACGGATTTCCA-1,0.000037,0.718359,0.281603
AATTACGAGACCCATC-1,0.000029,0.000088,0.999882
AATTAGCGCTGCAGCG-1,0.000042,0.83114,0.168818
AATTCATAAGGGATCT-1,0.000021,0.192302,0.807677
AATTCATTGTCATGCA-1,0.00003,0.000091,0.999879
AATTCCAAGCATGTAC-1,0.00008,0.998879,0.001041
AATTCGATTCGAGGAT-1,0.000054,0.903236,0.09671
AATTCTAGAGTTAGGC-1,0.000056,0.999611,0.000334
AATTGAACGCTCTGGT-1,0.000038,0.896267,0.103695
AATTGCAGCAATCGAC-1,0.000048,0.79459,0.205362
AATTGCGTGGATTACA-1,0.000031,0.000092,0.999877
AATTGTGGTTGCCAAA-1,0.000024,0.984523,0.015452
AATTTGGGACATAGTA-1,0.00004,0.000119,0.999841
AATTTGGTTCCAAAGA-1,0.00003,0.225372,0.774598
ACAAACCATGCGTCCT-1,0.000019,0.030088,0.969894
ACAAACCGACAAGGCG-1,0.000065,0.000197,0.999738
ACAAAGAAGGTAGGCC-1,0.000034,0.004734,0.995232
ACAAAGCATGACCTAG-1,0.000025,0.987566,0.012409
ACAAATCGCACCGAAT-1,0.000042,0.895125,0.104834
ACAAATGGTAGTGTTT-1,0.000064,0.938713,0.061223
ACAAATTCAGATCTGA-1,0.000048,0.066445,0.933507
ACAACAGCATGAGCTA-1,0.000058,0.533995,0.465947
ACAACGGTCCCTGCGA-1,0.000021,0.021851,0.978128
ACAAGCAGTGCCTAGC-1,0.000015,0.014807,0.985178
ACAAGCTATATGGAAG-1,0.000051,0.044224,0.955725
ACAAGGAAATCCGCCC-1,0.000037,0.990108,0.009855
ACAAGGACAAGAGGTT-1,0.000016,0.234593,0.76539
ACAAGGATGCTTTAGG-1,0.000037,0.991049,0.008914
ACAAGGCCTACCAGCC-1,0.000024,0.000073,0.999903
ACAAGGGCAGGCTCTG-1,0.00003,0.899205,0.100765
ACAATAGTCGTACGTT-1,0.000035,0.326384,0.673582
ACAATCCATTTAAACC-1,0.000013,0.175028,0.824959
ACAATCGATCTTTATA-1,0.00005,0.000151,0.999798
ACAATGAATACGGAGA-1,0.000069,0.268347,0.731584
ACAATGATTCTTCTAC-1,0.000035,0.060216,0.939749
ACAATTGTGTCTCTTT-1,0.000032,0.773663,0.226305
ACAATTTAGGAGGCTC-1,0.000021,0.000064,0.999915
ACAATTTGAGCAGTGG-1,0.000051,0.401157,0.598792
ACAATTTGGCCATATT-1,0.000059,0.954606,0.045335
ACACAAAGACGGGTGG-1,0.000029,0.385391,0.61458
ACACAAATATTCCTAG-1,0.000026,0.047734,0.95224
ACACACCAGGACCAGT-1,0.000041,0.823662,0.176298
ACACACTTTCTACACG-1,0.000022,0.133091,0.866887
ACACATGATCAAATCT-1,0.000033,0.096477,0.903489
ACACATTTCCGTAGAC-1,0.000029,0.972723,0.027248
ACACCACATAATTAGC-1,0.000039,0.281768,0.718193
ACACCCAGCATGCAGC-1,0.000022,0.025073,0.974905
ACACCCGAGAAATCCG-1,0.000017,0.138693,0.86129
ACACCCGTAAATCTGT-1,0.000052,0.119039,0.88091
ACACCGAGCGCTCTTT-1,0.000019,0.000057,0.999924
ACACCGGTCTGACCGC-1,0.000032,0.008893,0.991075
ACACCTTAAGTAGGGC-1,0.000046,0.051717,0.948237
ACACCTTACTACTTGC-1,0.000024,0.976261,0.023715
ACACGAGACTCCTTCT-1,0.000044,0.707599,0.292357
ACACGGCACTATGCAT-1,0.000052,0.000155,0.999793
ACACGGGAACTTAGGG-1,0.000031,0.380093,0.619876
ACACGTAGGCCACAAG-1,0.000033,0.815155,0.184812
ACACTCCAATGTCACT-1,0.000026,0.040604,0.959371
ACACTGATCAAGGTGT-1,0.000029,0.610835,0.389136
ACACTGGGACAGTCGT-1,0.000041,0.992505,0.007454
ACAGAACTGAGAACAA-1,0.000035,0.048055,0.95191
ACAGATTAGGTTAGTG-1,0.000022,0.003896,0.996081
ACAGCATAGAGCCAGT-1,0.000017,0.000276,0.999707
ACAGCGACATTCTCAT-1,0.000053,0.999627,0.00032
ACAGCGCACCCGCAGC-1,0.000045,0.000136,0.999819
ACAGGCACGGATCCTT-1,0.000025,0.956745,0.043231
ACAGGCTTGCCCGACT-1,0.000036,0.999747,0.000217
ACAGGTGGAGGTGAGG-1,0.00005,0.382911,0.61704
ACAGGTGTGTTGTTGC-1,0.000013,0.00004,0.999947
ACAGTAATACAACTTG-1,0.000022,0.043635,0.956343
ACAGTATACCGTGGGA-1,0.000039,0.000118,0.999843
ACATAAGTCGTGGTGA-1,0.000026,0.085649,0.914325
ACATAATAAGGCGGTG-1,0.000022,0.009164,0.990814
ACATACAATCAAGCGG-1,0.000024,0.805384,0.194593
ACATCAGCTGGGACGC-1,0.000023,0.025902,0.974076
ACATCCCGGCCATACG-1,0.000035,0.999758,0.000207
ACATCCTGGTAACTGT-1,0.000038,0.766301,0.233661
ACATCGATCGTTTACC-1,0.000062,0.678811,0.321127
ACATCGGTCAGCCGCG-1,0.000052,0.698018,0.30193
ACATCGTATGCAATGG-1,0.000026,0.733038,0.266936
ACATCGTTAACCTAGT-1,0.000078,0.230888,0.769033
ACATCTCAACGCGTAA-1,0.000019,0.000057,0.999924
ACATGCTTACGGCAGC-1,0.000043,0.057236,0.942721
ACATGGCGCCAAAGTA-1,0.00004,0.944436,0.055524
ACATTAGTTTATATCC-1,0.00005,0.936534,0.063416
ACATTCGCGCGGAATA-1,0.000046,0.171647,0.828308
ACATTTGAAACCTAAC-1,0.000024,0.969093,0.030883
ACCAAACACCCAGCGA-1,0.000015,0.154657,0.845328
ACCAAACTAGAAATCC-1,0.000035,0.000105,0.999859
ACCAACACCACACACT-1,0.000027,0.236844,0.763129
ACCAACCGCACTCCAC-1,0.000019,0.965528,0.034453
ACCAACGCTTATTTAT-1,0.000061,0.761911,0.238028
ACCAAGAACGCGTGTC-1,0.000012,0.244584,0.755403
ACCAAGTCATCGGCAG-1,0.000033,0.999772,0.000196
ACCAATATGCAAGTTA-1,0.00003,0.792084,0.207887
ACCACAACTCAGAACA-1,0.00002,0.009742,0.990239
ACCACAAGTTTCTATC-1,0.000029,0.510425,0.489546
ACCACCAATGTAACAA-1,0.000026,0.830135,0.169839
ACCACCCTCTCTTCTA-1,0.000016,0.033419,0.966565
ACCACGTGCAGCTATA-1,0.000037,0.866599,0.133364
ACCAGACCATAACAAC-1,0.000019,0.009358,0.990623
ACCAGCCCGGTCTTTG-1,0.000024,0.000073,0.999903
ACCAGGAGTGTGATCT-1,0.000042,0.000125,0.999834
ACCAGTGCCCGGTCAA-1,0.000037,0.00011,0.999853
ACCAGTGCGGGAGACG-1,0.000037,0.962619,0.037344
ACCATATCCGCAATAA-1,0.000044,0.97994,0.020015
ACCATCCGCCAACTAG-1,0.000017,0.227854,0.772128
ACCATCGTATATGGTA-1,0.000095,0.59652,0.403385
ACCATTAAGGGTGTCA-1,0.000032,0.000095,0.999874
ACCCAACGCCCGTGGC-1,0.000051,0.648281,0.351668
ACCCACCTACATGCTC-1,0.000047,0.095974,0.903979
ACCCATCTTGAGGGTA-1,0.000036,0.129868,0.870097
ACCCATTTGTCCCTCT-1,0.000031,0.849861,0.150107
ACCCGAGCGAAATTAC-1,0.000026,0.393947,0.606027
ACCCGATTGGTTCCGA-1,0.000039,0.67167,0.328291
ACCCGGAAACTCCCAG-1,0.000063,0.968225,0.031713
ACCCGGAGCACCACAA-1,0.000035,0.999757,0.000208
ACCCGGATGACGCATC-1,0.000077,0.64162,0.358303
ACCCGGTTACACTTCC-1,0.000069,0.595265,0.404666
ACCCGTAGCAGAGAAT-1,0.000019,0.000057,0.999924
ACCCGTAGTCTAGTTG-1,0.000021,0.941563,0.058416
ACCCGTGTCATCAGTA-1,0.000062,0.951295,0.048643
ACCCTATAGGACTGAG-1,0.000044,0.018384,0.981572
ACCCTATGCCATATCG-1,0.000088,0.739819,0.260093
ACCCTCCCGTCAGGGC-1,0.000022,0.941362,0.058616
ACCCTCCCTTGCTATT-1,0.00006,0.945953,0.053987
ACCCTGGTAACGCCCT-1,0.000026,0.171817,0.828157
ACCCTTCATCTGCGAA-1,0.000045,0.029451,0.970504
ACCCTTGCCTGGGTCG-1,0.000017,0.113066,0.886916
ACCCTTTAGTTCTCCA-1,0.000072,0.008727,0.991201
ACCGAAAGGGCCCTGC-1,0.000023,0.00007,0.999906
ACCGAAGAGTCTGGTT-1,0.000046,0.000138,0.999816
ACCGACACATCTCCCA-1,0.00004,0.999718,0.000242
ACCGACTGAGTCCCAC-1,0.000023,0.267939,0.732038
ACCGAGTCTCCTTATT-1,0.000027,0.986771,0.013202
ACCGATAGGCATAACC-1,0.000018,0.999875,0.000107
ACCGATATTTAATCAT-1,0.000027,0.990374,0.009598
ACCGATGGTAGCATCG-1,0.00003,0.418472,0.581498
ACCGCAATAACTGCCT-1,0.000023,0.999841,0.000136
ACCGCGGTGGAAGTCG-1,0.000042,0.995632,0.004326
ACCGCTAGTCATTGGT-1,0.000046,0.626553,0.373401
ACCGGGCCTTTGTTGA-1,0.000037,0.846768,0.153195
ACCGGTCAGGTACACC-1,0.000043,0.003418,0.99654
ACCGGTCTGAGTACGG-1,0.000022,0.000065,0.999913
ACCGTCCACTGGGCCC-1,0.000027,0.069251,0.930722
ACCGTGACCACGTGGG-1,0.000029,0.357812,0.642158
ACCGTTCCCGCTCTGA-1,0.000049,0.015595,0.984356
ACCTAAGTACCTTTCA-1,0.000026,0.09119,0.908784
ACCTAATCGACTTCCT-1,0.000027,0.00008,0.999893
ACCTACAGTATGTGGT-1,0.000038,0.859206,0.140757
ACCTACTATAAATCTA-1,0.000081,0.69839,0.301529
ACCTCAGCGAGGCGCA-1,0.00003,0.891568,0.108402
ACCTCCGCCCTCGCTG-1,0.000036,0.943462,0.056502
ACCTCCGTTATTCACC-1,0.000034,0.719335,0.280632
ACCTCGAACTTATGCT-1,0.000021,0.012357,0.987622
ACCTGCGTGTCATGTT-1,0.000022,0.020549,0.979428
ACCTTTCCTTTAGAAG-1,0.000065,0.000195,0.99974
ACGAAATGGGCGGCAC-1,0.000021,0.069462,0.930516
ACGACCCATGAGTTGC-1,0.000028,0.95766,0.042312
ACGACTCTAGGGCCGA-1,0.000046,0.999677,0.000277
ACGACTGGTCATACTC-1,0.000036,0.602415,0.397549
ACGAGAACCCATCACG-1,0.00002,0.070392,0.929588
ACGAGATATTTGCTTA-1,0.000055,0.048312,0.951633
ACGAGGATACCACTCT-1,0.000016,0.000047,0.999938
ACGAGGTTTACAACGT-1,0.000032,0.041283,0.958685
ACGAGTACGGATGCCC-1,0.000044,0.125163,0.874793
ACGATACATAGAACTA-1,0.000018,0.22936,0.770622
ACGATACCTATCCTGA-1,0.000014,0.000043,0.999943
ACGATCATACATAGAG-1,0.000021,0.210503,0.789475
ACGATCATCTTGTAAA-1,0.000043,0.615264,0.384693
ACGATGCATATGTTAT-1,0.000026,0.5532,0.446774
ACGATGGATCCGATGC-1,0.000049,0.124446,0.875505
ACGCAAACTAATAGAT-1,0.000058,0.865101,0.134842
ACGCAATCACTACAGC-1,0.000028,0.018918,0.981053
ACGCATAAATGACATG-1,0.000025,0.000074,0.999902
ACGCATACGTTTACTA-1,0.000039,0.974476,0.025485
ACGCATTCGTGAGTAC-1,0.000041,0.487946,0.512013
ACGCCAGATGATTTCT-1,0.000027,0.1506,0.849373
ACGCCAGTGCGTTTGC-1,0.000045,0.930874,0.069081
ACGCCCAGCTGTCGAT-1,0.000058,0.000173,0.99977
ACGCCGCTAGACGACC-1,0.000045,0.977007,0.022948
ACGCGAAGTCAGACGA-1,0.000027,0.781065,0.218908
ACGCGCTACACAGGGT-1,0.000023,0.31618,0.683797
ACGCGGGCCAAGGACA-1,0.00004,0.949372,0.050587
ACGCGTTTCTTAAGAG-1,0.000029,0.000087,0.999883
ACGCTAGTATCAGTGC-1,0.000097,0.054809,0.945094
ACGCTAGTGATACACT-1,0.000044,0.198314,0.801643
ACGCTGTGAGGCGTAG-1,0.000051,0.461259,0.53869
ACGCTTAGTGTCTCTC-1,0.000091,0.000274,0.999634
ACGGAACACGAGTGCC-1,0.000024,0.992949,0.007028
ACGGAATTTAGCAAAT-1,0.000037,0.117651,0.882312
ACGGACGCAGCGACAA-1,0.000013,0.000039,0.999948
ACGGACTCTCAAAGCG-1,0.000036,0.771991,0.227973
ACGGAGCGCAAATTAC-1,0.000017,0.00005,0.999933
ACGGATGGTGCGGATA-1,0.000062,0.999565,0.000373
ACGGCACTTGCTTGGG-1,0.000046,0.999676,0.000278
ACGGCCAACATGGACT-1,0.000047,0.992575,0.007378
ACGGCGACGATGGGAA-1,0.000031,0.988901,0.011068
ACGGCGGGTTGCCCTG-1,0.000018,0.000054,0.999928
ACGGCTGGATGTAGAA-1,0.000037,0.000111,0.999852
ACGGGAGTGTCGGCCC-1,0.000041,0.002329,0.997631
ACGGGCGTATGCGACA-1,0.000023,0.024118,0.975859
ACGGGTCATGTGACTT-1,0.000035,0.000104,0.999861
ACGGGTTGTGACCTGT-1,0.000082,0.020666,0.979252
ACGGTACAGTTCAATG-1,0.000026,0.744437,0.255537
ACGGTCACCGAGAACA-1,0.000026,0.102706,0.897268
ACGTACAGATTTCTCT-1,0.000056,0.000168,0.999776
ACGTACTTTGGCACGG-1,0.000049,0.593742,0.406209
ACGTAGATTGCTGATG-1,0.000039,0.476617,0.523344
ACGTAGGAGAGTCGCT-1,0.000057,0.999602,0.000341
ACGTATTACTCCGATC-1,0.0001,0.486918,0.512982
ACGTCCTAAACGAGAT-1,0.00005,0.079637,0.920314
ACGTCGGGCAACTCGG-1,0.00004,0.158453,0.841507
ACGTCTCGTTCCGGGA-1,0.000021,0.000064,0.999915
ACGTGACAAAGTAAGT-1,0.00002,0.167931,0.832049
ACGTGCGCCTCGTGCA-1,0.000045,0.028426,0.971529
ACGTGGTCGAATGTGC-1,0.000069,0.000208,0.999722
ACGTTAATGTCGAAGA-1,0.000039,0.683851,0.31611
ACGTTAGATTTGCCCG-1,0.00005,0.571384,0.428567
ACGTTATTGGTCACTC-1,0.000053,0.000158,0.999789
ACGTTCACTATGCCGC-1,0.000036,0.819819,0.180145
ACGTTCCGCGCTCCGT-1,0.000046,0.229871,0.770084
ACGTTCGCAATCAATT-1,0.000049,0.403541,0.596411
ACGTTCGTTCAGGAAA-1,0.000076,0.86736,0.132564
ACGTTCTGTACAAGTC-1,0.00002,0.433613,0.566366
ACGTTGTCGTTGAAAG-1,0.000035,0.175017,0.824948
ACGTTTAGTTGTGATC-1,0.000044,0.07243,0.927526
ACTAAGGACGCACACC-1,0.000046,0.148374,0.851579
ACTAATACGTCAGGCG-1,0.000035,0.000106,0.999858
ACTACAAAGAGAGGTG-1,0.000054,0.996002,0.003944
ACTACATCCCGACAAG-1,0.000031,0.082289,0.91768
ACTACCAGCTCTCTGG-1,0.000025,0.032245,0.967729
ACTACCATCCGAGGGC-1,0.00005,0.159158,0.840792
ACTACGCGTTAGAATT-1,0.000088,0.90306,0.096852
ACTAGTTGCGATCGTC-1,0.000026,0.688678,0.311296
ACTATATGCTGTGTTC-1,0.00004,0.145868,0.854092
ACTATCCAGGGCATGG-1,0.000038,0.839797,0.160165
ACTATCTGCCCGCGTA-1,0.000023,0.807203,0.192775
ACTATGTCCAGCTGCC-1,0.000024,0.164649,0.835326
ACTATTCGTCCGTGGT-1,0.000042,0.086798,0.91316
ACTATTTCCGGGCCCA-1,0.000049,0.948597,0.051354
ACTCAACGAATGTATT-1,0.000025,0.053895,0.94608
ACTCAAGTGCAAGGCT-1,0.000051,0.999639,0.000309
ACTCAATAAAGGCACG-1,0.000018,0.15102,0.848962
ACTCAGACCTGCTTCT-1,0.000026,0.004684,0.99529
ACTCATGGCAGCCTTC-1,0.000044,0.171257,0.828699
ACTCCAATATCATCAT-1,0.000022,0.027686,0.972292
ACTCCCATTCCTAAAG-1,0.000018,0.076666,0.923317
ACTCCCGAATTCGTTT-1,0.000055,0.472434,0.527511
ACTCCCGTAGACTAGG-1,0.000023,0.043935,0.956042
ACTCCCTAATGCTAAA-1,0.000029,0.968301,0.031671
ACTCCCTAGAATAGTA-1,0.000055,0.999617,0.000328
ACTCCGGCCGACCACT-1,0.000035,0.999753,0.000211
ACTCGATGTATTTCAT-1,0.00007,0.000209,0.999721
ACTCGCCGTTCGATAA-1,0.000016,0.768642,0.231342
ACTCGCGATCTGACGC-1,0.000028,0.999806,0.000166
ACTCGTAACCCGTCCT-1,0.000018,0.422598,0.577384
ACTCGTCAGTAATCCC-1,0.000041,0.786505,0.213454
ACTCTAAACCTGGGAT-1,0.000013,0.000189,0.999798
ACTCTCTGACTTAGGT-1,0.000075,0.867558,0.132367
ACTCTCTTATACACGA-1,0.000075,0.000226,0.999698
ACTCTGACCTAATAGA-1,0.000025,0.999826,0.000149
ACTCTTCAGCTCCCGC-1,0.000019,0.554784,0.445197
ACTCTTGTATAGTAAC-1,0.000033,0.416331,0.583636
ACTGAAACGCCGTTAG-1,0.000045,0.94564,0.054316
ACTGAATGGCGAAAGT-1,0.000035,0.999757,0.000208
ACTGATTTAGTGATTC-1,0.00009,0.000269,0.999642
ACTGCCCGCCATTCTC-1,0.000024,0.488926,0.51105
ACTGCCGTCGTAACTC-1,0.000016,0.000047,0.999938
ACTGCGGACACACCGT-1,0.000036,0.465242,0.534722
ACTGCTCGGAAGGATG-1,0.000051,0.004609,0.99534
ACTGGCGAACCTGCGT-1,0.00004,0.021478,0.978482
ACTGGGATGCCAGTGC-1,0.000057,0.90741,0.092533
ACTGTACGATACACAT-1,0.00004,0.31042,0.68954
ACTGTAGCACTTTGGA-1,0.000019,0.288854,0.711127
ACTGTATACGCGAGCA-1,0.000032,0.000096,0.999872
ACTGTCCAGGATTATA-1,0.000038,0.650627,0.349335
ACTGTCTTCTTTAGAA-1,0.000048,0.520941,0.479011
ACTGTGCTAGTAGATC-1,0.000032,0.001375,0.998593
ACTGTTTAGTGTAGGC-1,0.000037,0.000111,0.999852
ACTTACCGGGCGCGCA-1,0.000317,0.000953,0.99873
ACTTACGCATCCACGC-1,0.000049,0.826552,0.173398
ACTTAGTACGACAAGA-1,0.000039,0.000116,0.999845
ACTTATACTTACCCGG-1,0.000043,0.579349,0.420608
ACTTATTAGGATCGGT-1,0.000069,0.740057,0.259874
ACTTATTTATGTGCCA-1,0.000049,0.99948,0.000471
ACTTCAGGCTGATCCC-1,0.000033,0.753197,0.246769
ACTTCCAGTGGAAGCT-1,0.000037,0.056515,0.943448
ACTTCCATGCGGGACA-1,0.000045,0.987202,0.012753
ACTTCCTGTCGTGCGA-1,0.000067,0.04204,0.957893
ACTTCGCCATACGCAC-1,0.000031,0.996429,0.003541
ACTTCGCTAGCGAGTG-1,0.000031,0.408039,0.591931
ACTTGACTCCCTCTTT-1,0.000055,0.97244,0.027504
ACTTGCCATATTGTAC-1,0.00009,0.00027,0.99964
ACTTGCTCTATCTACC-1,0.000067,0.000201,0.999732
ACTTGGGACCCGGTGG-1,0.00004,0.346961,0.652999
ACTTGTAGTCCCTTCA-1,0.000023,0.030517,0.969459
ACTTGTGGATGGAACG-1,0.000091,0.774036,0.225873
ACTTTACCCTCATGAA-1,0.000025,0.219153,0.780821
ACTTTATACACCACTT-1,0.000031,0.002166,0.997803
ACTTTCCTATAGCTTC-1,0.000045,0.46144,0.538516
ACTTTGACTGCATCCT-1,0.000016,0.065338,0.934645
ACTTTGGTCGTGCTCC-1,0.000013,0.05878,0.941207
ACTTTGTCGACGCACT-1,0.000043,0.999701,0.000256
AGAAATTATGACTCGC-1,0.000025,0.999824,0.000151
AGAACACGGCGATGGT-1,0.000013,0.028694,0.971292
AGAACCCAGCGTGACA-1,0.000031,0.939861,0.060108
AGAACCCTCAATTGGG-1,0.00004,0.005341,0.99462
AGAACGTGGTACATTC-1,0.000019,0.187536,0.812445
AGAACTGTACTTTGTA-1,0.000018,0.82808,0.171902
AGAAGAGCGCCGTTCC-1,0.000769,0.994614,0.004617
AGAAGGTACACTTCAC-1,0.00005,0.113627,0.886323
AGAAGGTTGCCGAATT-1,0.000116,0.510079,0.489805
AGAAGGTTGTAGGTCG-1,0.000087,0.999393,0.000521
AGAAGTGATTCGTGAT-1,0.000053,0.154601,0.845346
AGAATAAATCTTCAGG-1,0.000012,0.004131,0.995857
AGAATACAGGCTATCC-1,0.00002,0.873474,0.126506
AGAATGCGGGTTCGGA-1,0.000021,0.000134,0.999845
AGAATTATGGATTCGA-1,0.000048,0.779003,0.220949
AGAATTGTTTGACATA-1,0.000026,0.03799,0.961984
AGACAGCTCAGAATCC-1,0.000029,0.008037,0.991934
AGACAGGCATCTCAGC-1,0.000062,0.997173,0.002765
AGACATAGATCCTTCC-1,0.000036,0.121327,0.878637
AGACCAAACCACACCT-1,0.000023,0.063993,0.935983
AGACCATGGGATACAA-1,0.000033,0.090869,0.909099
AGACCCACCGCTGATC-1,0.000025,0.556241,0.443735
AGACCCGCCCTCCTCG-1,0.00005,0.195836,0.804114
AGACCGCTCCGCGGTT-1,0.000013,0.504913,0.495074
AGACCGGGAAACCCTG-1,0.000025,0.010108,0.989868
AGACGAAGTGCCGGTC-1,0.000031,0.769346,0.230623
AGACGACGATGCCGCT-1,0.00003,0.220162,0.779808
AGACGCCCACTTCGCC-1,0.000034,0.955029,0.044937
AGACGGGATTGGTATA-1,0.000068,0.000203,0.99973
AGACGGGCCGATTTAA-1,0.000078,0.000233,0.999689
AGACTAGCCTTCCAGA-1,0.000059,0.339561,0.66038
AGACTGTTACCGGGTC-1,0.000044,0.999689,0.000267
AGAGAAACACCAGAAA-1,0.000019,0.38631,0.613671
AGAGAACCGTCTAGGA-1,0.000051,0.079646,0.920303
AGAGAAGGAGTACAAT-1,0.000035,0.15204,0.847925
AGAGATCTCTAAAGCG-1,0.00004,0.003332,0.996628
AGAGCAGTTATGAGAC-1,0.000034,0.165957,0.834009
AGAGCCGCCGAGATTT-1,0.000033,0.733764,0.266203
AGAGCGCTTGTAACGG-1,0.000017,0.044676,0.955307
AGAGCGGGCTAATCAT-1,0.000016,0.042983,0.957001
AGAGCGTACAAGCTCG-1,0.00004,0.161794,0.838166
AGAGCTACGAAAGCAT-1,0.000027,0.000081,0.999892
AGAGGCTTCGGAAACC-1,0.00003,0.665203,0.334767
AGAGGGACAATTGTCC-1,0.000019,0.001275,0.998706
AGAGGTATCTCGGTCC-1,0.000014,0.002942,0.997044
AGAGTAAACTTCACTA-1,0.000028,0.941766,0.058206
AGAGTATAGTGTTACG-1,0.000037,0.100383,0.89958
AGAGTGAACAGACACC-1,0.000062,0.051467,0.948471
AGAGTTAGAGACCGAT-1,0.000027,0.00008,0.999893
AGAGTTGCAGGCCTCC-1,0.000031,0.000092,0.999877
AGATAACTTCAGGGCC-1,0.000032,0.695637,0.304331
AGATACCAATAGAACC-1,0.000018,0.998355,0.001627
AGATACCAGCACTTCA-1,0.000016,0.086662,0.913321
AGATACCGGTGTTCAC-1,0.000031,0.282968,0.717001
AGATACGACTTCATAT-1,0.00003,0.00009,0.99988
AGATACTCAAGATCGA-1,0.000044,0.783967,0.215988
AGATATAATACGACTA-1,0.000043,0.988167,0.011789
AGATCGTGCATAAGAT-1,0.000041,0.063209,0.93675
AGATCTCAGGTGTGAT-1,0.000037,0.837973,0.16199
AGATCTGGAGAGGATA-1,0.000014,0.009394,0.990592
AGATGACTCGCCCACG-1,0.000035,0.008179,0.991787
AGATGAGGGTTGCGAT-1,0.000024,0.006075,0.993901
AGATGATGGAGTCTGG-1,0.000035,0.465524,0.53444
AGATGCAAGACGTGCA-1,0.000026,0.063028,0.936947
AGATGCATCCTGTGTC-1,0.000012,0.000035,0.999953
AGATTATAGGACGTTT-1,0.000052,0.818084,0.181864
AGATTCAAGCGGGTCG-1,0.000027,0.000082,0.99989
AGATTCACAACCGATA-1,0.000025,0.115252,0.884724
AGCAAAGGCCGCTAGT-1,0.000032,0.632089,0.367879
AGCAACATATCTTATT-1,0.000048,0.959972,0.03998
AGCAACCGAAAGTAAT-1,0.000023,0.049954,0.950023
AGCACACGTTTAGACT-1,0.000024,0.059786,0.94019
AGCACCAGTACTCACG-1,0.000028,0.300212,0.69976
AGCACTACCGGCCTGT-1,0.000031,0.046243,0.953725
AGCACTACCTCACCAG-1,0.000033,0.932429,0.067537
AGCACTTAAGGACGCC-1,0.000031,0.298662,0.701307
AGCAGAAGGAGAAAGA-1,0.000051,0.930829,0.06912
AGCAGCCAGATGAATA-1,0.000047,0.896466,0.103486
AGCAGTCGAAGCATGC-1,0.000015,0.837253,0.162732
AGCATATCAATATGCT-1,0.000029,0.908892,0.091079
AGCATCATTTCGAAAG-1,0.000041,0.081097,0.918862
AGCATCGTCGATAATT-1,0.000035,0.09307,0.906895
AGCATTACGAGGCAAG-1,0.000022,0.999845,0.000133
AGCCAAGCTTTGTGTC-1,0.000066,0.999535,0.000399
AGCCACAGGTTACCCG-1,0.000039,0.99973,0.000232
AGCCACTCCCGTGCTT-1,0.00003,0.223563,0.776407
AGCCATATAGTATGTG-1,0.000092,0.999358,0.000551
AGCCCATACATGTAAG-1,0.000031,0.111725,0.888244
AGCCCGCAACAAGCAG-1,0.000032,0.999776,0.000192
AGCCCGCACTACAATG-1,0.000011,0.742081,0.257908
AGCCCGGCATTAGAGG-1,0.000048,0.157282,0.84267
AGCCCGGTAGCCTGTA-1,0.000046,0.988787,0.011167
AGCCCTAAGCGAAGTT-1,0.000027,0.021156,0.978817
AGCCCTCCCTGGTGGC-1,0.000023,0.106316,0.89366
AGCCCTGTCGCACCGT-1,0.000183,0.546904,0.452913
AGCCCTTCTAATCCGA-1,0.000022,0.037902,0.962076
AGCCCTTGGACATCCC-1,0.000013,0.538551,0.461435
AGCCGCAAATTCAAAT-1,0.000016,0.012948,0.987036
AGCCGTGGCTAAATGT-1,0.000017,0.061258,0.938725
AGCCTAATACCCACGT-1,0.000025,0.035088,0.964888
AGCCTTAAAGCGGAAG-1,0.000027,0.316038,0.683935
AGCCTTGTCACTGATA-1,0.000032,0.000096,0.999872
AGCGACAGGAACGGTC-1,0.000024,0.751385,0.248591
AGCGACATCCCATTCA-1,0.000035,0.059954,0.940011
AGCGACCAACGATATT-1,0.000037,0.191488,0.808475
AGCGAGACGTGAAGGC-1,0.00003,0.5101,0.489871
AGCGATGCGCCTAATA-1,0.000025,0.999825,0.00015
AGCGCATAATGAATCG-1,0.000055,0.756112,0.243832
AGCGCGGGTGCCAATG-1,0.000025,0.333064,0.666911
AGCGCTAGAGCGATGT-1,0.000052,0.917983,0.081965
AGCGCTTATGGGCAAG-1,0.00005,0.004252,0.995698
AGCGGACACTTCGTAG-1,0.000052,0.98621,0.013738
AGCGGCGGTTAGCGGT-1,0.000026,0.038083,0.961891
AGCGGGAAGGGTCCAT-1,0.00002,0.179116,0.820864
AGCGGGTCTGACACTC-1,0.000062,0.710497,0.289442
AGCGGTTGAGATGTAC-1,0.000064,0.168909,0.831028
AGCGGTTGCCGCTCTG-1,0.000021,0.125647,0.874332
AGCGTACGAGAGCTAG-1,0.000054,0.000162,0.999784
AGCGTAGCGCTAGACC-1,0.000046,0.000138,0.999817
AGCGTCTGAACCCGCA-1,0.000064,0.123879,0.876057
AGCGTGGTATTCTACT-1,0.000049,0.770616,0.229334
AGCGTTCCGATTTAAA-1,0.000025,0.000076,0.999899
AGCTAACAAGCAATGT-1,0.00003,0.51308,0.48689
AGCTAAGTACGCAGGC-1,0.000033,0.948946,0.051021
AGCTAGAAGCAGAAGT-1,0.000023,0.191879,0.808098
AGCTATTTAATCCAAC-1,0.000022,0.082813,0.917164
AGCTCCATATATGTTC-1,0.000031,0.966459,0.03351
AGCTCCTTCGCACATC-1,0.000034,0.96125,0.038716
AGCTCGTTGATGGAAA-1,0.00002,0.171599,0.828381
AGCTCTAGACGTTCCA-1,0.000036,0.999751,0.000213
AGCTCTTCCCAGTGCA-1,0.000031,0.044314,0.955654
AGCTCTTCGTAACCTT-1,0.00003,0.719314,0.280656
AGCTCTTTACTCAGTT-1,0.000072,0.646909,0.353019
AGCTGAAGTAAACCAA-1,0.000017,0.044102,0.955881
AGCTGCTGTGCCGAAT-1,0.000051,0.037523,0.962426
AGCTGTAACCTCAATC-1,0.00002,0.111085,0.888896
AGCTTATAGAGACCTG-1,0.000061,0.000183,0.999757
AGCTTCAATACTTTGA-1,0.000098,0.000294,0.999608
AGCTTCTTCTCGAGCA-1,0.000022,0.999845,0.000133
AGCTTGATCAGGGTAG-1,0.000042,0.000457,0.999501
AGCTTGATCTTAACTT-1,0.000031,0.02804,0.97193
AGGAACGAACGACTTC-1,0.000036,0.944746,0.055218
AGGAAGCTGTCCGCCG-1,0.000087,0.915963,0.08395
AGGACAGTCGAATCCC-1,0.000053,0.782727,0.21722
AGGACATCGCACGTCG-1,0.000038,0.155422,0.844539
AGGACATCGGCACACT-1,0.000039,0.996939,0.003022
AGGACGACCCATTAGA-1,0.000085,0.45999,0.539925
AGGACGCTCGATGTTG-1,0.000046,0.18635,0.813604
AGGAGACATCCACAGT-1,0.000017,0.099301,0.900683
AGGAGAGTCTGGCTAC-1,0.00002,0.038046,0.961934
AGGAGGCCTTCGCGCG-1,0.00003,0.959808,0.040162
AGGATAAAGTCGGGAT-1,0.000059,0.902852,0.097089
AGGATATAGGGATTTA-1,0.000042,0.920627,0.079331
AGGATATCCGACTGCA-1,0.000027,0.99146,0.008512
AGGATCACGCGATCTG-1,0.000021,0.000064,0.999915
AGGATTGCTTACGACA-1,0.00002,0.289234,0.710747
AGGCAAAGAGGAATCA-1,0.000043,0.000129,0.999828
AGGCACGTGACTGTCC-1,0.00003,0.998314,0.001656
AGGCAGATGCGTAAAC-1,0.000045,0.39334,0.606615
AGGCAGGGAGCGTACT-1,0.000048,0.99966,0.000291
AGGCATTGTCGTAGGG-1,0.000037,0.872425,0.127539
AGGCCACATTGGTTAC-1,0.000027,0.954576,0.045397
AGGCCACCCGTTATGA-1,0.000036,0.067785,0.932179
AGGCCCAGTGACTGGT-1,0.000043,0.028768,0.971189
AGGCCCATTGTACAGG-1,0.000035,0.112439,0.887526
AGGCCCTAGAACGCCA-1,0.000021,0.068523,0.931456
AGGCCTATCATACCAA-1,0.000049,0.501226,0.498724
AGGCCTGAGAATCTCG-1,0.000062,0.98722,0.012718
AGGCGATAACTGGCGT-1,0.000048,0.878191,0.121761
AGGCGGTTTGTCCCGC-1,0.00002,0.179731,0.820249
AGGCGTCTATGGACGG-1,0.000037,0.056668,0.943295
AGGCTATGGTTAGCTT-1,0.000043,0.268757,0.7312
AGGCTTCCCGAAGAAG-1,0.000039,0.8042,0.19576
AGGCTTGCTAGACACC-1,0.000015,0.025407,0.974578
AGGGAAACGAGGTACT-1,0.00003,0.000089,0.999881
AGGGACAGCACGGCGG-1,0.000019,0.000056,0.999925
AGGGACCGGCTGCGTT-1,0.000011,0.649464,0.350524
AGGGACTCTACGCGAC-1,0.000034,0.922067,0.077898
AGGGAGACATACTTCG-1,0.000017,0.12437,0.875613
AGGGCAGCGGCGTGGT-1,0.000087,0.000262,0.99965
AGGGCCCTAATGTTCT-1,0.00002,0.788098,0.211881
AGGGCGAGCAGCTGAT-1,0.000046,0.029175,0.970778
AGGGCGTGATCGGCTA-1,0.000055,0.021964,0.977981
AGGGCTGCAGTTACAG-1,0.00006,0.894288,0.105652
AGGGTCAGAGCACTCG-1,0.000078,0.751009,0.248913
AGGGTCAGTAACCCTA-1,0.000035,0.000698,0.999267
AGGGTCGATGCGAACT-1,0.000074,0.689868,0.310058
AGGGTCTGGACGCAGT-1,0.000019,0.81563,0.184351
AGGGTGCCGTTCTTTA-1,0.000041,0.526146,0.473813
AGGGTGCTCTCGAGGG-1,0.000018,0.182219,0.817763
AGGGTGGATAGTGCAT-1,0.000017,0.042464,0.957519
AGGGTGTGCTACACGC-1,0.000033,0.000098,0.999869
AGGGTTCAGACGGTCC-1,0.000058,0.692846,0.307097
AGGGTTCCCTTTGGTT-1,0.000049,0.803682,0.196268
AGGGTTTAGTTCGGGA-1,0.000064,0.836783,0.163152
AGGTAACCTCCTATTC-1,0.000023,0.071529,0.928447
AGGTACGATATTGCCA-1,0.000031,0.189324,0.810645
AGGTAGATCGAGATAT-1,0.000026,0.591649,0.408325
AGGTAGGTACAAAGCT-1,0.000026,0.008312,0.991662
AGGTATAATTGATAGT-1,0.000013,0.123555,0.876432
AGGTATGCGGACATTA-1,0.000033,0.801723,0.198244
AGGTCAGGTGAGAGTG-1,0.000037,0.023336,0.976627
AGGTCGCCACTTCGGT-1,0.000044,0.000133,0.999822
AGGTCGCCTCCCAACA-1,0.000025,0.999823,0.000152
AGGTCGCGGAGTTACT-1,0.000028,0.484019,0.515953
AGGTGCACGTCCACAT-1,0.000014,0.431018,0.568968
AGGTGGTGACCTTCGC-1,0.000067,0.803169,0.196763
AGGTGTATCGCCATGA-1,0.000037,0.21681,0.783153
AGGTGTTGCCGACCAC-1,0.000027,0.581936,0.418037
AGGTTACACCATGCCG-1,0.000033,0.985087,0.01488
AGGTTCTCCTTTCCGG-1,0.000053,0.000158,0.999789
AGGTTGAGGCACGCTT-1,0.00002,0.153325,0.846655
AGGTTTCACACACCTT-1,0.000065,0.999547,0.000388
AGTAACGTTCATCCTG-1,0.000067,0.000201,0.999732
AGTAACTATAGCAGCC-1,0.00005,0.999648,0.000301
AGTAATCTAAGGGTGG-1,0.000017,0.772341,0.227642
AGTAATGTCTTGCCGC-1,0.00002,0.016498,0.983482
AGTAATTTGCAAGCGT-1,0.000034,0.000108,0.999858
AGTACAGAAGCTTATA-1,0.000038,0.982731,0.017231
AGTACATCATTTATCA-1,0.000048,0.134095,0.865857
AGTACCTTCGAGTGCT-1,0.000026,0.017556,0.982418
AGTACGGCCCGTATCG-1,0.000014,0.011062,0.988924
AGTACGGGCACCTGGC-1,0.000022,0.144324,0.855654
AGTACGTGGCCTGTCT-1,0.000054,0.000162,0.999785
AGTACTCTTATGCCCA-1,0.000058,0.999593,0.000349
AGTAGAAGGCGCCTCA-1,0.000038,0.871112,0.128851
AGTAGCGTGAACGAAC-1,0.000022,0.000067,0.99991
AGTAGCTAGACGCCGA-1,0.000045,0.000134,0.999822
AGTAGGAAGGAAGTTG-1,0.000016,0.002654,0.99733
AGTAGGTAACATACAT-1,0.000024,0.069788,0.930188
AGTATAATACTAGGCA-1,0.000019,0.139711,0.86027
AGTATACACAGCGACA-1,0.00004,0.823779,0.17618
AGTATCCATAATAACG-1,0.000016,0.002542,0.997442
AGTATGCTGGAGACCA-1,0.000069,0.114023,0.885908
AGTATTTGGCACGACC-1,0.000071,0.981606,0.018323
AGTCAAATGATGTGAT-1,0.000048,0.643722,0.35623
AGTCAACACCACCATC-1,0.000059,0.580015,0.419927
AGTCAAGATGACACTT-1,0.000046,0.998527,0.001427
AGTCACTAGCTCTCGA-1,0.000032,0.999776,0.000192
AGTCACTCCGCCTCAT-1,0.000095,0.000286,0.999619
AGTCAGCCACCGCCTG-1,0.000024,0.132148,0.867829
AGTCCAGCGGGTACGT-1,0.000061,0.000183,0.999756
AGTCCATTGGCTGATG-1,0.000045,0.856845,0.14311
AGTCCCGCCTTTAATT-1,0.00004,0.000119,0.999841
AGTCCCTCGCAGAAAG-1,0.000012,0.101541,0.898447
AGTCGAAACGATTCAG-1,0.000044,0.000132,0.999825
AGTCGACGGTCTCAAG-1,0.000041,0.909747,0.090212
AGTCGGCCCAAACGAC-1,0.000027,0.241131,0.758842
AGTCGGCTCAACTTTA-1,0.000047,0.007293,0.992661
AGTCGGTTGCGTGAGA-1,0.000049,0.964713,0.035238
AGTCGTATAAAGCAGA-1,0.000028,0.578816,0.421156
AGTCGTCGACCACCAA-1,0.000041,0.78787,0.212089
AGTCGTGGGCATTACG-1,0.000027,0.103995,0.895978
AGTCTAAAGTATACTC-1,0.000032,0.168196,0.831773
AGTCTCACAAGACTAC-1,0.000045,0.103874,0.896081
AGTCTGGACATCCTTG-1,0.00003,0.000089,0.999881
AGTCTTCTCCTCAAAT-1,0.000035,0.133824,0.866142
AGTCTTTAAAGTGTCC-1,0.000032,0.999774,0.000194
AGTGAACAAACTTCTC-1,0.000032,0.970331,0.029637
AGTGAAGATGGTGTCC-1,0.000016,0.151769,0.848215
AGTGACCTACTTTACG-1,0.000021,0.710854,0.289124
AGTGACTGTGACACAA-1,0.000016,0.084441,0.915543
AGTGAGACTTCCAGTA-1,0.000034,0.858741,0.141225
AGTGAGCCTCGCCGCC-1,0.000045,0.680595,0.31936
AGTGAGGGTTTCTGAC-1,0.000042,0.000126,0.999832
AGTGAGTCGAATTAAC-1,0.000031,0.923248,0.076721
AGTGATAACCTGCGCG-1,0.000043,0.904694,0.095263
AGTGATATGAGTAGTT-1,0.000078,0.833209,0.166713
AGTGATTCAAGCAGGA-1,0.000022,0.621465,0.378513
AGTGCACGCTTAAGAA-1,0.000028,0.999806,0.000166
AGTGCGTAGCTCGTAA-1,0.000064,0.675471,0.324464
AGTGCTAAACACAGCA-1,0.000028,0.999805,0.000168
AGTGCTTGCACGAATA-1,0.000064,0.853815,0.146121
AGTGGCCCGCAAATGG-1,0.000028,0.92417,0.075802
AGTGGCGGCAATTTGA-1,0.000023,0.017018,0.982959
AGTGGCGTCTGAAGGT-1,0.00005,0.984619,0.015331
AGTGGCTCCGTCGGCC-1,0.000027,0.142284,0.857688
AGTGGTGTTACCCGTG-1,0.000037,0.000111,0.999852
AGTGGTTGCGTATAGG-1,0.000033,0.094666,0.9053
AGTGTATTGCGCATTG-1,0.00002,0.018458,0.981521
AGTGTGCTAAGATCGC-1,0.000011,0.000033,0.999956
AGTGTGGTCTATTGTG-1,0.000086,0.015794,0.984119
AGTTAAACACTTGCGA-1,0.000043,0.788966,0.210991
AGTTAAGCGGTCCCGG-1,0.000012,0.024693,0.975295
AGTTAAGTCAACCGCT-1,0.000019,0.021973,0.978008
AGTTACCCTTAAGACT-1,0.000031,0.230106,0.769864
AGTTACCGCACATGGT-1,0.00003,0.079155,0.920815
