Barcode,Topic 1,Topic 2,Topic 3,Topic 4,Topic 5to6,Topic 7,Topic 8,Topic 9,Topic 10,Topic 11
AAACAAGTATCTCCCA-1,0.000019,0.008181,0.017383,0.009212,0.485676,0.007093,0.291143,0.1107,0.055769,0.014823
AAACACCAATAACTGC-1,0.353309,0.00009,0.00009,0.00009,0.000179,0.00009,0.00009,0.00009,0.00009,0.645885
AAACAGCTTTCAGAAG-1,0.131109,0.001673,0.00002,0.053329,0.337048,0.18994,0.004948,0.083623,0.00875,0.18956
AAACAGGGTCTATATT-1,0.318232,0.36963,0.000028,0.000028,0.014747,0.263645,0.000028,0.000028,0.000028,0.033608
AAACAGTGTTCCTGGG-1,0.12549,0.17197,0.558851,0.102103,0.000032,0.002917,0.002275,0.036332,0.000016,0.000016
AAACATGGTGAGAGGA-1,0.514854,0.000023,0.208836,0.160823,0.039839,0.016642,0.001031,0.041926,0.005968,0.010058
AAACATTTCCCGGATT-1,0.0022,0.031803,0.056339,0.023797,0.628112,0.014921,0.027897,0.136526,0.032534,0.045872
AAACCACTACACAGAT-1,0.115778,0.052554,0.005987,0.077626,0.747498,0.000111,0.000111,0.000111,0.000111,0.000111
AAACCCGAACGAAATC-1,0.000019,0.05154,0.010728,0.00062,0.028335,0.021401,0.006783,0.006374,0.01614,0.858059
AAACCGGAAATGTTAA-1,0.337047,0.201892,0.218374,0.115236,0.001605,0.047347,0.031545,0.011555,0.018996,0.016402
AAACCGGGTAGGTACC-1,0.031634,0.04486,0.006308,0.052104,0.286084,0.352258,0.00442,0.003927,0.064981,0.153424
AAACCGTTCGTCCAGG-1,0.015662,0.082133,0.000029,0.000029,0.006688,0.159707,0.000444,0.058166,0.014638,0.662504
AAACCTAAGCAGCCGG-1,0.068576,0.286228,0.022741,0.000045,0.000091,0.000045,0.000045,0.195862,0.000045,0.42632
AAACCTCATGAAGTTG-1,0.078827,0.321894,0.035086,0.036838,0.043639,0.140422,0.007469,0.057249,0.033489,0.245086
AAACGAAGATGGAGTA-1,0.604762,0.00006,0.00006,0.00006,0.000119,0.00006,0.00006,0.00006,0.00006,0.394702
AAACGAGACGGTTGAT-1,0.176945,0.572914,0.00006,0.00006,0.00012,0.06577,0.00006,0.002932,0.00006,0.181079
AAACGCTGGGCACGAC-1,0.094071,0.00001,0.112146,0.642625,0.039697,0.00113,0.025619,0.077128,0.006313,0.00126
AAACGGGCGTACGGGT-1,0.000037,0.548181,0.183453,0.000037,0.002982,0.000037,0.000037,0.030423,0.005354,0.229459
AAACGGTTGCGAACTG-1,0.00735,0.169198,0.101809,0.000028,0.000055,0.014253,0.018865,0.324776,0.011913,0.351754
AAACGTGTTCGCCCTA-1,0.000035,0.663218,0.053932,0.000035,0.252298,0.000641,0.000035,0.000035,0.00181,0.027959
AAACTAACGTGGCGAC-1,0.000236,0.419378,0.000236,0.088422,0.266774,0.106909,0.049732,0.067841,0.000236,0.000236
AAACTCGGTTCGCAAT-1,0.01755,0.20623,0.112561,0.033241,0.199281,0.015338,0.119006,0.239496,0.003743,0.053555
AAACTCGTGATATAAG-1,0.00003,0.305663,0.052477,0.003873,0.236157,0.014698,0.040078,0.009133,0.219559,0.118332
AAACTGCTGGCTCCAA-1,0.00434,0.252163,0.05458,0.020103,0.24697,0.097835,0.135832,0.15922,0.00002,0.028936
AAACTTAATTGCACGC-1,0.728514,0.124112,0.000035,0.000035,0.015917,0.072349,0.000035,0.000035,0.000035,0.058931
AAACTTGCAAACGTAT-1,0.116285,0.000237,0.000027,0.003285,0.131886,0.262025,0.000028,0.186393,0.014961,0.284872
AAAGAATGACCTTAGA-1,0.571809,0.013011,0.164786,0.000036,0.000072,0.000036,0.000036,0.001554,0.000036,0.248623
AAAGAATGTGGACTAA-1,0.000016,0.180394,0.450723,0.035203,0.037664,0.006552,0.024774,0.049318,0.032587,0.18277
AAAGACCCAAGTCGCG-1,0.095727,0.669182,0.049708,0.000127,0.058443,0.02927,0.000127,0.000127,0.086253,0.011036
AAAGACTGGGCGCTTT-1,0.008607,0.180595,0.031886,0.13141,0.125155,0.28957,0.023056,0.000015,0.111852,0.097853
AAAGCTTGCCTACATA-1,0.00234,0.010707,0.17307,0.000183,0.000056,0.000028,0.000028,0.004345,0.010141,0.799103
AAAGGCCCTATAATAC-1,0.258352,0.018884,0.001077,0.14964,0.316479,0.246261,0.007353,0.00002,0.001915,0.00002
AAAGGCTACGGACCAT-1,0.013246,0.199394,0.040659,0.032506,0.02461,0.213224,0.017122,0.29521,0.00125,0.162778
AAAGGCTCTCGCGCCG-1,0.052313,0.488328,0.021384,0.108379,0.005976,0.259321,0.039213,0.025053,0.000017,0.000017
AAAGGGATGTAGCAAG-1,0.000027,0.104604,0.000027,0.000027,0.601858,0.00455,0.000027,0.000027,0.085411,0.203442
AAAGGGCAGCTTGAAT-1,0.068848,0.196912,0.094896,0.068485,0.030088,0.062718,0.099882,0.077716,0.022677,0.277778
AAAGGTAAGCTGTACC-1,0.000293,0.282846,0.000293,0.000293,0.536757,0.011042,0.001266,0.000293,0.000293,0.166622
AAAGTAGCATTGCTCA-1,0.08599,0.056991,0.000034,0.000034,0.056961,0.251612,0.000034,0.010731,0.000034,0.537578
AAAGTCGACCCTCAGT-1,0.050613,0.11098,0.046137,0.041991,0.095061,0.384032,0.014112,0.013841,0.047271,0.195963
AAAGTGCCATCAATTA-1,0.05387,0.02834,0.258423,0.218894,0.042829,0.065528,0.021012,0.12034,0.027526,0.163239
AAAGTGTGATTTATCT-1,0.000052,0.850045,0.000052,0.000052,0.000104,0.000052,0.00484,0.1447,0.000052,0.000052
AAAGTTGACTCCCGTA-1,0.030794,0.002588,0.000032,0.000032,0.644811,0.023763,0.000032,0.019832,0.028058,0.250058
AAATAAGGTAGTGCCC-1,0.000024,0.390773,0.013385,0.000024,0.04401,0.007866,0.066207,0.018196,0.014581,0.444934
AAATACCTATAAGCAT-1,0.000025,0.230708,0.05254,0.030998,0.250758,0.132157,0.034509,0.203786,0.021637,0.042882
AAATAGCTTAGACTTT-1,0.00701,0.138701,0.136138,0.002117,0.230132,0.015537,0.039156,0.046368,0.101901,0.282938
AAATAGGGTGCTATTG-1,0.110677,0.635308,0.036973,0.000045,0.000089,0.011259,0.000045,0.143246,0.000045,0.062313
AAATCCGATACACGCC-1,0.035927,0.117118,0.062152,0.457965,0.253973,0.009906,0.02706,0.031738,0.004131,0.000031
AAATCGCGGAAGGAGT-1,0.339466,0.000102,0.013129,0.147624,0.0633,0.144661,0.099024,0.015047,0.000102,0.177545
AAATCGTGTACCACAA-1,0.011241,0.110763,0.01498,0.026984,0.112475,0.352437,0.010831,0.057435,0.008996,0.293858
AAATCTAGCCCTGCTA-1,0.000014,0.114922,0.004529,0.000903,0.388623,0.128939,0.137919,0.075099,0.062667,0.086383
AAATCTGCCCGCGTCC-1,0.476606,0.000014,0.004776,0.516756,0.001776,0.000014,0.000014,0.000014,0.000014,0.000014
AAATGACTGATCAAAC-1,0.014244,0.007995,0.349391,0.000025,0.00005,0.000025,0.000025,0.248876,0.000025,0.379343
AAATGATTCGATCAGC-1,0.000022,0.087024,0.005592,0.002437,0.652295,0.049602,0.009517,0.001386,0.093258,0.098865
AAATGCTCGTTACGTT-1,0.000039,0.100113,0.021126,0.000275,0.256968,0.078105,0.002246,0.000039,0.028077,0.513013
AAATGGCCCGTGCCCT-1,0.18321,0.133419,0.000048,0.000048,0.041745,0.335833,0.000048,0.072903,0.061777,0.170969
AAATGGTCAATGTGCC-1,0.008216,0.384033,0.017015,0.055296,0.054335,0.060718,0.40717,0.007694,0.001877,0.003645
AAATGTATCTTATCCC-1,0.024741,0.070795,0.020646,0.081802,0.034251,0.246742,0.014309,0.046172,0.061519,0.399022
AAATTAACGGGTAGCT-1,0.000031,0.351604,0.031863,0.000031,0.004228,0.038504,0.00015,0.09316,0.014608,0.465821
AAATTAATAAGCGCGA-1,0.033355,0.270064,0.00941,0.007988,0.000054,0.053024,0.000027,0.051827,0.007479,0.566772
AAATTACCTATCGATG-1,0.082139,0.505521,0.000095,0.000095,0.198051,0.054241,0.000095,0.158736,0.000095,0.000933
AAATTCCAGGTCCAAA-1,0.00002,0.293742,0.01325,0.025858,0.10698,0.091398,0.137714,0.019593,0.086413,0.225032
AAATTGATAGTCCTTT-1,0.276139,0.001603,0.000016,0.423769,0.227556,0.032101,0.021186,0.017599,0.000016,0.000016
AAATTGGTGAGAAGCA-1,0.000019,0.429918,0.01597,0.033662,0.438693,0.038884,0.025831,0.000019,0.016874,0.000131
AAATTTGCGGGTGTGG-1,0.000864,0.000013,0.00675,0.030504,0.445092,0.34652,0.066434,0.091652,0.001831,0.01034
AACAACTGGTAGTTGC-1,0.000037,0.054018,0.000037,0.000037,0.000074,0.000037,0.000037,0.022892,0.011477,0.911352
AACAATACATTGTCGA-1,0.028375,0.042568,0.011997,0.000029,0.118093,0.133034,0.001147,0.136761,0.016242,0.511755
AACAATTACTCTACGC-1,0.073163,0.312646,0.023111,0.045588,0.031661,0.223255,0.030281,0.035477,0.141711,0.083106
AACACACGCTCGCCGC-1,0.000033,0.465214,0.010942,0.005321,0.329564,0.097279,0.008245,0.008543,0.04098,0.03388
AACACGAGACGCGGCC-1,0.08328,0.123519,0.008976,0.07857,0.195049,0.214177,0.003514,0.155759,0.007169,0.129989
AACAGCTGTGTGGCAA-1,0.198674,0.16392,0.002843,0.000027,0.003007,0.440291,0.000027,0.062442,0.000027,0.128741
AACAGGATGGGCCGCG-1,0.030029,0.012923,0.009331,0.137527,0.123017,0.357449,0.24548,0.053479,0.007035,0.02373
AACAGGTAGTATGGAT-1,0.128753,0.043161,0.047244,0.002317,0.000096,0.035469,0.009996,0.282204,0.001448,0.449312
AACATAGCGTGTATCG-1,0.190464,0.22698,0.235638,0.007335,0.121334,0.012993,0.03381,0.060686,0.010683,0.100077
AACATATCAACTGGTG-1,0.000037,0.495333,0.014518,0.043236,0.229949,0.057968,0.000037,0.000037,0.096945,0.061939
AACATCGATACGTCTA-1,0.000025,0.399466,0.027952,0.000042,0.488212,0.01058,0.000025,0.000052,0.025243,0.048403
AACATTGAAGTTGATC-1,0.514608,0.108216,0.000054,0.000054,0.000108,0.038627,0.000054,0.000638,0.007356,0.330286
AACATTGTGACTCGAG-1,0.040202,0.017138,0.010968,0.160938,0.070653,0.195038,0.03145,0.368135,0.008267,0.097211
AACCAAGACTTCTCTG-1,0.046307,0.216604,0.028651,0.147999,0.230466,0.278108,0.046471,0.001137,0.002235,0.002023
AACCATAGGGTTGAAC-1,0.6798,0.160807,0.00006,0.00006,0.00012,0.00006,0.00006,0.00006,0.00006,0.158913
AACCATGGGATCGCTA-1,0.000023,0.073392,0.012422,0.000023,0.690141,0.004701,0.004301,0.000567,0.089118,0.125313
AACCCAGAGACGGAGA-1,0.000012,0.000538,0.000012,0.000133,0.989325,0.005391,0.003447,0.000012,0.001118,0.000012
AACCCATCCCATGATC-1,0.419077,0.05255,0.00008,0.00008,0.00016,0.00008,0.00008,0.00008,0.00008,0.527733
AACCCGACAACCCGTG-1,0.020427,0.195903,0.103309,0.000026,0.000051,0.062544,0.000026,0.282915,0.013363,0.321437
AACCCGAGCAGAATCG-1,0.010227,0.310324,0.177259,0.067727,0.017778,0.057696,0.033023,0.180176,0.03916,0.10663
AACCCGATAGGGCTTC-1,0.063859,0.331553,0.044355,0.000069,0.000139,0.000069,0.000069,0.000069,0.057407,0.50241
AACCCGCTGTATTCCA-1,0.049785,0.000027,0.551272,0.005046,0.000053,0.000027,0.000027,0.294132,0.000027,0.099606
AACCCTACTGTCAATA-1,0.045156,0.193139,0.011318,0.13739,0.596069,0.000017,0.016858,0.000017,0.000017,0.000017
AACCGAGCTTGGTCAT-1,0.012486,0.722043,0.000083,0.000083,0.000166,0.000083,0.000083,0.000083,0.010039,0.25485
AACCGCTAAGGGATGC-1,0.18666,0.317303,0.000033,0.000033,0.174523,0.227562,0.000033,0.002498,0.043475,0.047879
AACCTCGCTTTAGCCC-1,0.042639,0.506021,0.037704,0.000053,0.073663,0.000053,0.000053,0.142368,0.000053,0.197391
AACCTGTCACGGAATT-1,0.000028,0.028383,0.010502,0.00566,0.09033,0.139635,0.042594,0.016707,0.01806,0.6481
AACCTTTAAATACGGT-1,0.057517,0.090408,0.018978,0.083992,0.290801,0.038322,0.009924,0.336156,0.000045,0.073855
AACGAAAGTCGTCCCA-1,0.473518,0.000067,0.000067,0.000067,0.000135,0.000067,0.000067,0.043308,0.000102,0.482602
AACGACCTCCTAGCCG-1,0.019937,0.001998,0.238222,0.429299,0.02786,0.012306,0.011497,0.065423,0.058641,0.134817
AACGATAATGCCGTAG-1,0.000027,0.148368,0.005932,0.001293,0.340348,0.012086,0.045677,0.246758,0.074833,0.12468
AACGATAGAAGGGCCG-1,0.019404,0.776931,0.000062,0.000062,0.000125,0.000062,0.000062,0.000062,0.021111,0.182117
AACGCATGATCTGGGT-1,0.000067,0.481453,0.000067,0.000067,0.000134,0.000067,0.000067,0.000067,0.002586,0.515427
AACGCGAACGGCAACA-1,0.036923,0.769097,0.004604,0.041051,0.116104,0.007294,0.024826,0.000033,0.000033,0.000033
AACGCGACCTTGGGCG-1,0.031843,0.237468,0.139283,0.068996,0.033028,0.110086,0.031633,0.226606,0.058853,0.062204
AACGCGGTCTCCAGCC-1,0.009132,0.535818,0.000075,0.000075,0.082862,0.028452,0.000075,0.000075,0.043051,0.300384
AACGCTGTTGCTGAAA-1,0.00004,0.276722,0.00004,0.00004,0.246363,0.063959,0.054998,0.038685,0.218695,0.100461
AACGGACGTACGTATA-1,0.00006,0.380239,0.00006,0.00006,0.104196,0.004013,0.00006,0.017333,0.127283,0.366697
AACGGCCATCTCCGGT-1,0.083832,0.080312,0.029325,0.090771,0.192106,0.269977,0.024095,0.122041,0.016968,0.090573
AACGTACTGTGGGTAC-1,0.001981,0.033247,0.073291,0.171977,0.218671,0.345667,0.035564,0.057081,0.01896,0.043561
AACGTCAGACTAGTGG-1,0.000033,0.172784,0.000033,0.000033,0.023506,0.000874,0.000859,0.004913,0.003071,0.793893
AACGTCATCCGGCTTG-1,0.031738,0.093671,0.548942,0.000026,0.000052,0.000026,0.000026,0.286301,0.000026,0.039192
AACGTCGCTGCACTTC-1,0.003999,0.125855,0.515081,0.081961,0.033602,0.005723,0.091507,0.12919,0.006227,0.006853
AACGTGCGAAAGTCTC-1,0.000028,0.568502,0.048886,0.000028,0.257071,0.006331,0.006094,0.013625,0.018191,0.081244
AACGTTATCAGCACCT-1,0.042161,0.063853,0.038382,0.056605,0.082244,0.132738,0.121273,0.065782,0.166748,0.230215
AACGTTCTACCATTGT-1,0.048925,0.000014,0.311488,0.380251,0.046089,0.016479,0.064309,0.095806,0.017014,0.019625
AACTACCCGTTTGTCA-1,0.013046,0.260857,0.026428,0.013303,0.072292,0.099243,0.268902,0.203415,0.011057,0.031457
AACTAGGCTTGGGTGT-1,0.000042,0.006453,0.000042,0.000042,0.000084,0.000042,0.000042,0.167948,0.007904,0.817401
AACTCAAGTTAATTGC-1,0.004476,0.115742,0.03307,0.013959,0.069562,0.337024,0.053333,0.070987,0.038837,0.26301
AACTCCAGAGCGTGTT-1,0.000071,0.208804,0.010747,0.000071,0.037447,0.000071,0.000071,0.096229,0.000071,0.64642
AACTCGATGGCGCAGT-1,0.000032,0.136633,0.000032,0.000032,0.657191,0.012781,0.000032,0.000032,0.012033,0.1812
AACTCTCAATAGAGCG-1,0.039285,0.540754,0.000072,0.000072,0.002821,0.017108,0.000072,0.007486,0.000072,0.392257
AACTCTCAGTGTGCTC-1,0.23657,0.080978,0.000025,0.000025,0.015275,0.407845,0.000025,0.021939,0.000025,0.237295
AACTGAGGTCAGCGTC-1,0.123689,0.875885,0.000047,0.000047,0.000095,0.000047,0.000047,0.000047,0.000047,0.000047
AACTGAGTTATACTGA-1,0.052041,0.040007,0.443973,0.129095,0.061141,0.045077,0.004485,0.031739,0.031122,0.161319
AACTGGGTCCCGACGT-1,0.117992,0.770146,0.000063,0.000063,0.000126,0.000063,0.000063,0.000063,0.000063,0.111359
AACTTCTGCGTCTATC-1,0.11012,0.188112,0.01307,0.001422,0.083166,0.122015,0.031327,0.025799,0.057432,0.367538
AACTTGCCCGTATGCA-1,0.013662,0.229842,0.004048,0.117244,0.026234,0.346313,0.131875,0.079354,0.000025,0.051402
AACTTGCGTTCTCGCG-1,0.000032,0.087087,0.016634,0.021999,0.531348,0.03033,0.000032,0.003288,0.039572,0.269677
AACTTTACGGGAGCTT-1,0.056362,0.16514,0.000591,0.011098,0.078136,0.316559,0.014095,0.037729,0.020613,0.299677
AACTTTCTCGATCATG-1,0.060679,0.155915,0.225387,0.01911,0.072445,0.148067,0.056335,0.011622,0.022043,0.228397
AAGAAAGTTTGATGGG-1,0.984878,0.000049,0.014681,0.000049,0.000098,0.000049,0.000049,0.000049,0.000049,0.000049
AAGAAATCACCAGATT-1,0.003468,0.008139,0.185806,0.155296,0.323552,0.005007,0.252007,0.009394,0.050321,0.007009
AAGAAGGATCAGTTAG-1,0.000013,0.000013,0.000013,0.011617,0.982734,0.00216,0.003411,0.000013,0.000013,0.000013
AAGACATACGTGGTTT-1,0.017414,0.050756,0.586889,0.170077,0.076475,0.013794,0.038506,0.017389,0.00244,0.02626
AAGACCAAATAACTCA-1,0.615712,0.14071,0.003358,0.000036,0.000073,0.002275,0.000036,0.011903,0.000036,0.225859
AAGACCCAACTGAACA-1,0.028143,0.072762,0.015149,0.119683,0.093017,0.200837,0.098231,0.332879,0.000369,0.038931
AAGACTGCAAGCTACT-1,0.00002,0.324463,0.015447,0.007726,0.329653,0.037302,0.177836,0.013329,0.050149,0.044075
AAGAGATGAATCGGTA-1,0.007691,0.143976,0.006441,0.139262,0.281434,0.27257,0.025212,0.003794,0.018638,0.100983
AAGAGCTCTTTATCGG-1,0.057303,0.625412,0.000066,0.000066,0.114203,0.103828,0.000066,0.000066,0.005745,0.093244
AAGAGGATGTACGCGA-1,0.012155,0.055391,0.022975,0.054578,0.190662,0.286158,0.014371,0.012662,0.065542,0.285506
AAGAGGCATGGATCGC-1,0.034334,0.698848,0.017851,0.000067,0.000134,0.000067,0.000067,0.000067,0.000067,0.248497
AAGAGGCCCTTTGGAA-1,0.081722,0.007628,0.001242,0.084388,0.018428,0.013113,0.631283,0.162165,0.000016,0.000016
AAGATGGCACCGGACC-1,0.105315,0.134197,0.010748,0.001849,0.015616,0.437417,0.012543,0.200457,0.009053,0.072805
AAGCACCCTGCGTATC-1,0.000025,0.020072,0.00371,0.011038,0.464941,0.055958,0.005141,0.234705,0.021578,0.182832
AAGCATACTCTCCTGA-1,0.00152,0.048969,0.032252,0.038784,0.212837,0.039103,0.027485,0.487532,0.018821,0.092696
AAGCCACTTGCAGGTA-1,0.283674,0.000035,0.474724,0.035528,0.000071,0.000035,0.000035,0.068824,0.052156,0.084917
AAGCCGAAGCGGTTTA-1,0.000032,0.125855,0.008267,0.000032,0.131797,0.045726,0.012619,0.190563,0.048154,0.436955
AAGCCGCCGTGAAATC-1,0.450574,0.012726,0.000026,0.01267,0.08669,0.350071,0.011244,0.05576,0.000026,0.020212
AAGCCGCTTTACCTTG-1,0.000028,0.187846,0.319185,0.005665,0.022451,0.000028,0.013313,0.006897,0.145928,0.298657
AAGCCGGAGAGCAGGA-1,0.037592,0.007092,0.102158,0.338559,0.070538,0.121255,0.052117,0.153793,0.005035,0.111861
AAGCGCAGGGCTTTGA-1,0.045556,0.018643,0.091385,0.031516,0.488828,0.007136,0.135549,0.146316,0.026673,0.008399
AAGCGGAGTGCGCGCA-1,0.000026,0.392663,0.225334,0.007833,0.287514,0.008631,0.012091,0.000026,0.009433,0.05645
AAGCGTCCCTCATCGA-1,0.118169,0.013305,0.001887,0.037491,0.245698,0.196603,0.024972,0.314223,0.020238,0.027413
AAGCTAGATCGAGTAA-1,0.000036,0.056906,0.007342,0.007376,0.222109,0.030438,0.220291,0.36095,0.05821,0.036342
AAGCTATGGATTGACC-1,0.674741,0.195357,0.059435,0.070186,0.00008,0.00004,0.00004,0.00004,0.00004,0.00004
AAGCTCGTGCCAAGTC-1,0.000047,0.239234,0.000047,0.000047,0.322926,0.010041,0.000047,0.001019,0.061554,0.36504
AAGCTCTTTCATGGTG-1,0.104868,0.443754,0.000066,0.000066,0.011482,0.000066,0.000066,0.019603,0.000066,0.419962
AAGGAGCGGTTGGTGC-1,0.000037,0.026812,0.000037,0.000037,0.125514,0.022719,0.021182,0.183496,0.007752,0.612413
AAGGATCGATCGCTTG-1,0.087866,0.220309,0.034994,0.102282,0.215445,0.026297,0.174294,0.132343,0.000023,0.006147
AAGGCAGGCTGTCTCC-1,0.032435,0.000301,0.086966,0.249852,0.151878,0.111799,0.078156,0.076197,0.028142,0.184275
AAGGCGCGTAAAGCTT-1,0.000027,0.046374,0.008281,0.000027,0.00273,0.035028,0.004826,0.018466,0.018558,0.865683
AAGGCTGTGCTCATCG-1,0.074992,0.110761,0.007888,0.02743,0.161333,0.203045,0.035593,0.073483,0.027402,0.278073
AAGGGAACGACTGGCT-1,0.753968,0.238286,0.000032,0.000032,0.000064,0.005275,0.000032,0.000032,0.000032,0.002248
AAGGGACAGATTCTGT-1,0.000125,0.135181,0.000125,0.000125,0.498728,0.056379,0.089215,0.000125,0.09368,0.126316
AAGGGACTATGCATTC-1,0.589263,0.312906,0.000043,0.000043,0.000086,0.000161,0.000043,0.000043,0.000043,0.097368
AAGGGTTAGCCATGCG-1,0.171569,0.028979,0.461286,0.139014,0.003934,0.030423,0.04545,0.035197,0.021053,0.063096
AAGGGTTTGATTTCAG-1,0.612653,0.000022,0.155491,0.212988,0.018731,0.000022,0.000024,0.000022,0.000022,0.000022
AAGGTGATAAACCAGC-1,0.069851,0.583571,0.005878,0.000071,0.009599,0.000061,0.001015,0.193326,0.000061,0.136566
AAGTAGAAGACCGGGT-1,0.011829,0.051861,0.001817,0.04056,0.670235,0.027435,0.163332,0.004527,0.017342,0.011061
AAGTAGTGACGCGAGG-1,0.039577,0.07253,0.000014,0.419023,0.142829,0.187765,0.10881,0.029426,0.000014,0.000014
AAGTCAATTGTCGTCA-1,0.000036,0.036394,0.050856,0.027963,0.301755,0.012332,0.009727,0.122017,0.138437,0.300484
AAGTCTAGTAGCTGCC-1,0.038575,0.030464,0.184484,0.169103,0.30286,0.012958,0.058961,0.009725,0.022733,0.170138
AAGTCTTCTGTGGCCT-1,0.140358,0.000025,0.024465,0.104645,0.183893,0.277808,0.00621,0.023841,0.026738,0.212016
AAGTGACGACCGAATT-1,0.015246,0.077064,0.032869,0.031894,0.150805,0.502822,0.006172,0.051022,0.002218,0.129889
AAGTGAGTCGGGTTTA-1,0.275418,0.26704,0.000032,0.000032,0.000063,0.033755,0.000032,0.067912,0.000032,0.355685
AAGTGCAAAGGTAGAC-1,0.007165,0.075426,0.042654,0.14671,0.106141,0.25718,0.224959,0.01248,0.025946,0.101339
AAGTGCCTTGACTGTA-1,0.040721,0.142397,0.052781,0.004224,0.199625,0.030274,0.003212,0.137034,0.176229,0.213503
AAGTGCGTTAGAATCT-1,0.037223,0.044585,0.000029,0.000029,0.157912,0.29284,0.000029,0.163924,0.003889,0.299541
AAGTGCTTCTCTATTG-1,0.128699,0.046914,0.230564,0.021262,0.019866,0.113131,0.069023,0.298035,0.006583,0.065923
AAGTGTTTGGAGACGG-1,0.010671,0.252435,0.000055,0.000055,0.171431,0.000758,0.000055,0.015788,0.01172,0.537031
AAGTTCACTCCAAGCT-1,0.037883,0.255464,0.019292,0.060275,0.454396,0.040182,0.064694,0.037113,0.014411,0.016289
AAGTTCAGTCTGCGTA-1,0.000059,0.946337,0.000059,0.000059,0.000118,0.000059,0.000059,0.000059,0.000059,0.053131
AAGTTCGGCCAACAGG-1,0.000046,0.011576,0.015002,0.055196,0.297734,0.285394,0.0276,0.025258,0.114909,0.167284
AAGTTGTGATGTTATA-1,0.00002,0.078713,0.302219,0.063674,0.108955,0.008801,0.061614,0.129461,0.054261,0.192281
AAGTTTATGGGCCCAA-1,0.003354,0.066257,0.176251,0.047681,0.204965,0.018566,0.074987,0.208874,0.058453,0.140612
AATAACAACGCTCGGC-1,0.064509,0.0358,0.01518,0.017715,0.13141,0.293715,0.00939,0.0348,0.050133,0.347349
AATAACACTAGAACAA-1,0.122212,0.029082,0.049158,0.063823,0.05125,0.392273,0.004447,0.178641,0.010808,0.098307
AATAACGTCGCGCCCA-1,0.030037,0.048259,0.246971,0.497092,0.075985,0.007785,0.006615,0.01847,0.015793,0.052992
AATAATCTTCGTATCG-1,0.031704,0.360199,0.31568,0.089917,0.000582,0.077201,0.020319,0.042368,0.007269,0.054763
AATACAATGTTTCAGG-1,0.000032,0.315936,0.017718,0.000032,0.022428,0.055062,0.004069,0.00245,0.02384,0.558431
AATACCGGAGGGCTGT-1,0.077246,0.095054,0.119898,0.008342,0.058432,0.220398,0.034877,0.285734,0.0173,0.082719
AATACCTGATGTGAAC-1,0.003649,0.014364,0.35135,0.082735,0.202839,0.003869,0.025924,0.048895,0.225521,0.040854
AATAGAACAGAGTGGC-1,0.011659,0.131106,0.010478,0.02808,0.012447,0.058596,0.006959,0.120495,0.009368,0.610812
AATAGAATCTGTTTCA-1,0.07764,0.210576,0.048403,0.009422,0.317496,0.000112,0.000112,0.132529,0.031231,0.172478
AATAGCAAGCCTCCTG-1,0.06162,0.337886,0.000316,0.01064,0.296281,0.000316,0.000316,0.291994,0.000316,0.000316
AATAGCTACCGCGTGC-1,0.000027,0.021434,0.018928,0.003705,0.514902,0.052156,0.000027,0.000027,0.172056,0.21674
AATAGGCACGACCCTT-1,0.147493,0.000025,0.521048,0.14059,0.002876,0.000025,0.000611,0.185775,0.000025,0.001531
AATAGTCCGTCCCGAC-1,0.000031,0.2301,0.00259,0.000031,0.000061,0.024256,0.003191,0.087839,0.003388,0.648514
AATAGTCGCGAGTCGG-1,0.001202,0.574609,0.013685,0.069906,0.027936,0.190093,0.007223,0.001127,0.033426,0.080792
AATATCAAGGTCGGAT-1,0.05108,0.393502,0.00016,0.00016,0.156404,0.158208,0.00016,0.054456,0.037852,0.148018
AATATCCTAGCAAACT-1,0.090594,0.000054,0.000054,0.000054,0.023162,0.210359,0.000054,0.000054,0.024471,0.651141
AATATCGAATCAATGC-1,0.000029,0.07464,0.012776,0.045923,0.182133,0.176167,0.082141,0.157329,0.050007,0.218857
AATATCGAGGGTTCTC-1,0.000055,0.219945,0.000055,0.000055,0.406927,0.000055,0.000055,0.000055,0.016858,0.35594
AATATTGGAGTATTGA-1,0.248316,0.098914,0.00003,0.00003,0.027005,0.486987,0.00003,0.000597,0.018855,0.119237
AATCAGGTTTCATTTA-1,0.419895,0.371933,0.036809,0.014178,0.000058,0.022516,0.057914,0.076638,0.000029,0.000029
AATCATGTAAAGACTC-1,0.000026,0.117033,0.006761,0.000026,0.545825,0.019571,0.007897,0.019841,0.046444,0.236578
AATCCAAGGGCCTGAG-1,0.03252,0.633936,0.000057,0.000057,0.267233,0.014388,0.000057,0.000057,0.013011,0.038684
AATCCATGCAAGGGTG-1,0.131417,0.598498,0.004608,0.000055,0.000111,0.000055,0.000055,0.000055,0.000055,0.26509
AATCCCGCTCAGAGCC-1,0.423922,0.070613,0.358433,0.039012,0.000042,0.000021,0.024381,0.083535,0.000021,0.000021
AATCGAGGTCTCAAGG-1,0.008316,0.367926,0.455679,0.015637,0.009514,0.000032,0.000546,0.063926,0.021463,0.056962
AATCGCCTCAGCGCCA-1,0.000093,0.463405,0.000093,0.000093,0.050819,0.000093,0.000093,0.005776,0.000093,0.479443
AATCGCGCAGAGGACT-1,0.000023,0.067698,0.050953,0.033416,0.061228,0.099177,0.172779,0.104697,0.015328,0.394702
AATCGGTATAGCCCTC-1,0.024517,0.134423,0.560332,0.129874,0.012732,0.01544,0.068354,0.03538,0.002698,0.016249
AATCGTGAGCCGAGCA-1,0.07961,0.563832,0.113138,0.011767,0.014104,0.031987,0.012616,0.056474,0.007256,0.109216
AATCTAGGTTTACTTG-1,0.494075,0.447036,0.000045,0.000045,0.00009,0.058527,0.000045,0.000045,0.000045,0.000045
AATCTATGCCGGAGCC-1,0.000036,0.391257,0.128713,0.000036,0.167421,0.007733,0.005992,0.029999,0.032552,0.236261
AATCTCTACTGTGGTT-1,0.028952,0.194388,0.093057,0.088797,0.094188,0.268657,0.005959,0.013413,0.049726,0.162863
AATCTGCGTTGGGACG-1,0.292055,0.468345,0.000091,0.000091,0.000183,0.093292,0.000091,0.000091,0.000091,0.145668
AATCTGGCTTTCTAGT-1,0.454834,0.242077,0.000044,0.000044,0.004488,0.205696,0.000044,0.034107,0.000044,0.058622
AATGACAGCAATGTCT-1,0.558908,0.171062,0.000026,0.000026,0.000052,0.184264,0.000026,0.000026,0.000026,0.085586
AATGACGTAGGATGTC-1,0.000052,0.21583,0.001583,0.000052,0.179833,0.013578,0.000052,0.028886,0.066102,0.494033
AATGACTGTCAGCCGG-1,0.000021,0.002533,0.002167,0.003569,0.444466,0.131336,0.19522,0.098894,0.000021,0.121773
AATGAGTTCGCATATG-1,0.000016,0.010863,0.000197,0.025852,0.851098,0.059053,0.050974,0.000016,0.001564,0.00037
AATGATGCGACTCCTG-1,0.000063,0.591284,0.070433,0.000063,0.014306,0.000063,0.000063,0.000063,0.058837,0.264826
AATGCAACCGGGTACC-1,0.000015,0.057557,0.000015,0.018955,0.817787,0.023631,0.080762,0.001248,0.000015,0.000015
AATGGCCGCCAATGCG-1,0.141786,0.478699,0.090625,0.000084,0.000168,0.000084,0.000084,0.000084,0.000084,0.288302
AATGGTCCACCGTTCA-1,0.047344,0.045012,0.000012,0.438325,0.233664,0.206491,0.015173,0.000012,0.013955,0.000012
AATGGTTCTCACAAGC-1,0.000032,0.059485,0.023604,0.001681,0.419751,0.025248,0.017296,0.006498,0.038304,0.408101
AATGTATGGCACTGTA-1,0.751553,0.000051,0.008607,0.000051,0.000101,0.000051,0.000051,0.006213,0.003691,0.229631
AATGTGCCCGAGGTGT-1,0.228108,0.000046,0.000046,0.003499,0.12908,0.224544,0.000395,0.124283,0.019814,0.270184
AATGTGCTAATCTGAG-1,0.187861,0.184608,0.024153,0.022844,0.055104,0.364003,0.013904,0.011978,0.135528,0.000018
AATGTTAAGACCCTGA-1,0.017852,0.528512,0.378326,0.000032,0.000064,0.000032,0.000032,0.028487,0.000032,0.046629
AATGTTGTCGTGAGAC-1,0.063566,0.002707,0.298768,0.132747,0.128922,0.010028,0.122088,0.177152,0.02358,0.040442
AATTAAAGGTCGGCGT-1,0.000019,0.142548,0.004122,0.07209,0.159069,0.264271,0.073341,0.017664,0.040432,0.226445
AATTAACGGATTTCCA-1,0.000035,0.175963,0.000131,0.000035,0.011086,0.004613,0.000035,0.336778,0.000035,0.471289
AATTACGAGACCCATC-1,0.621893,0.000061,0.000061,0.000061,0.000123,0.000061,0.000061,0.000061,0.004188,0.373427
AATTACTCGTACGCTC-1,0.050399,0.3359,0.039696,0.090408,0.31197,0.119369,0.015423,0.000042,0.036752,0.000042
AATTAGCGCTGCAGCG-1,0.00003,0.104678,0.025033,0.002652,0.221751,0.108257,0.106698,0.215116,0.001156,0.214629
AATTATACCCAGCAAG-1,0.0696,0.138061,0.322873,0.083341,0.226881,0.000038,0.000922,0.092368,0.017578,0.048338
AATTCATTGTCATGCA-1,0.722365,0.275964,0.001248,0.000053,0.000106,0.000053,0.000053,0.000053,0.000053,0.000053
AATTCCAAGCATGTAC-1,0.000032,0.076111,0.040775,0.000032,0.000203,0.033319,0.038207,0.345251,0.016765,0.449307
AATTCGATTCGAGGAT-1,0.013138,0.126966,0.124767,0.008997,0.238591,0.000377,0.004729,0.274331,0.070418,0.137688
AATTCTAGAGTTAGGC-1,0.086608,0.145755,0.004889,0.000041,0.004954,0.214817,0.023398,0.151759,0.000041,0.367739
AATTGAACGCTCTGGT-1,0.183073,0.469684,0.000075,0.000075,0.000149,0.000075,0.000075,0.046892,0.000075,0.29983
AATTGCAGCAATCGAC-1,0.000024,0.102047,0.201299,0.037334,0.251668,0.007781,0.020302,0.091014,0.037834,0.250698
AATTGCGTGGATTACA-1,0.706493,0.000066,0.120727,0.000066,0.000132,0.000066,0.000066,0.000066,0.000066,0.172251
AATTGTGGTTGCCAAA-1,0.000525,0.007183,0.715836,0.037246,0.000288,0.001986,0.010566,0.045286,0.00106,0.180025
ACAAACCATGCGTCCT-1,0.542485,0.454767,0.000034,0.000034,0.000068,0.002309,0.000034,0.000034,0.000034,0.000202
ACAAACTCCATCAGAG-1,0.191219,0.000027,0.376049,0.00331,0.000053,0.000027,0.000027,0.385886,0.000027,0.043377
ACAAAGAAGGTAGGCC-1,0.335657,0.21601,0.000023,0.000023,0.085462,0.306074,0.000023,0.000023,0.001103,0.055602
ACAAAGCATGACCTAG-1,0.007532,0.135133,0.234262,0.021414,0.427218,0.002504,0.003786,0.038825,0.095182,0.034144
ACAAATCGCACCGAAT-1,0.000053,0.539427,0.000053,0.000053,0.109099,0.018043,0.000053,0.000637,0.000053,0.332532
ACAAATGGTAGTGTTT-1,0.04274,0.49678,0.050112,0.011568,0.159688,0.066314,0.001101,0.006007,0.002553,0.163136
ACAACAGCATGAGCTA-1,0.000038,0.583591,0.005115,0.000038,0.246796,0.011039,0.000038,0.015781,0.009268,0.128295
ACAACGGTCCCTGCGA-1,0.001052,0.116614,0.004238,0.2376,0.377472,0.126588,0.132681,0.000011,0.002486,0.001258
ACAAGCAGTGCCTAGC-1,0.072298,0.173344,0.042241,0.096146,0.102898,0.37605,0.11714,0.014674,0.003032,0.002177
ACAAGCTATATGGAAG-1,0.041851,0.000025,0.000025,0.000025,0.137982,0.289775,0.000025,0.014508,0.048365,0.467417
ACAAGGAAATCCGCCC-1,0.000018,0.000019,0.001514,0.005774,0.953401,0.007469,0.005152,0.016942,0.009693,0.000018
ACAAGGACAAGAGGTT-1,0.000011,0.161663,0.006426,0.132511,0.175284,0.281439,0.224614,0.008483,0.001473,0.008095
ACAAGGATGCTTTAGG-1,0.207659,0.028011,0.266294,0.066293,0.419468,0.000075,0.000075,0.000075,0.011977,0.000075
ACAAGGGCAGGCTCTG-1,0.000039,0.222079,0.001313,0.000039,0.254413,0.005006,0.000039,0.059921,0.319281,0.13787
ACAAGTAATTGTAAGG-1,0.763822,0.001201,0.231469,0.003237,0.000077,0.000039,0.000039,0.000039,0.000039,0.000039
ACAATAGTCGTACGTT-1,0.003703,0.026761,0.002839,0.06914,0.343033,0.44185,0.003749,0.061229,0.008474,0.039222
ACAATCCATTTAAACC-1,0.024155,0.029117,0.002535,0.231538,0.20274,0.334578,0.117101,0.024892,0.015129,0.018214
ACAATGAATACGGAGA-1,0.124608,0.01374,0.000037,0.000037,0.042949,0.21321,0.00048,0.1443,0.013709,0.446932
ACAATGATTCTTCTAC-1,0.108361,0.890987,0.000072,0.000072,0.000145,0.000072,0.000072,0.000072,0.000072,0.000072
ACAATTGTGTCTCTTT-1,0.011837,0.064487,0.039832,0.00867,0.754786,0.028693,0.027473,0.048488,0.012362,0.003372
ACAATTTAGGAGGCTC-1,0.186816,0.149233,0.071027,0.045059,0.012412,0.297836,0.006875,0.220245,0.00003,0.010466
ACAATTTGAGCAGTGG-1,0.072463,0.292744,0.000091,0.000091,0.298873,0.047201,0.00831,0.024951,0.000091,0.255185
ACAATTTGGCCATATT-1,0.01937,0.025734,0.110778,0.497683,0.050111,0.106668,0.04071,0.025713,0.013139,0.110094
ACACAAAGACGGGTGG-1,0.000021,0.171208,0.018832,0.000021,0.462749,0.028214,0.058283,0.045874,0.02079,0.194008
ACACAAATATTCCTAG-1,0.000026,0.111387,0.207632,0.061309,0.245676,0.000944,0.002268,0.001848,0.195387,0.173524
ACACACCAGGACCAGT-1,0.140491,0.267419,0.008185,0.000099,0.239867,0.000099,0.041018,0.00231,0.000099,0.300413
ACACATGATCAAATCT-1,0.616362,0.066609,0.000037,0.011669,0.036562,0.259082,0.009567,0.000037,0.000037,0.000037
ACACATTGACGCAACA-1,0.047631,0.950238,0.000068,0.000068,0.000135,0.000068,0.000068,0.000068,0.000068,0.001589
ACACATTTCCGTAGAC-1,0.009278,0.105064,0.481328,0.022213,0.011633,0.000031,0.01025,0.331132,0.003812,0.025259
ACACCACATAATTAGC-1,0.000019,0.146249,0.00351,0.000019,0.130148,0.029122,0.416501,0.050676,0.015079,0.208676
ACACCCAGCATGCAGC-1,0.021769,0.115701,0.013627,0.230703,0.286087,0.043692,0.063664,0.019459,0.02239,0.182907
ACACCCGAGAAATCCG-1,0.000025,0.677636,0.00055,0.010807,0.165169,0.042722,0.029871,0.002391,0.042566,0.028262
ACACCCGTAAATCTGT-1,0.25336,0.409856,0.219738,0.012167,0.00011,0.000055,0.000055,0.009233,0.000055,0.095371
ACACCGAGCGCTCTTT-1,0.000041,0.044194,0.001098,0.000041,0.097199,0.000698,0.000041,0.000041,0.479865,0.37678
ACACCGGTCTGACCGC-1,0.885212,0.000063,0.000063,0.000063,0.000127,0.000063,0.000063,0.000063,0.000063,0.114217
ACACCTTAAGTAGGGC-1,0.008035,0.110577,0.006255,0.000028,0.036076,0.025422,0.054044,0.171748,0.212771,0.375044
ACACCTTACTACTTGC-1,0.000026,0.376342,0.013968,0.000026,0.018475,0.020669,0.067526,0.168717,0.054563,0.279687
ACACGAGACTCCTTCT-1,0.017511,0.029693,0.034586,0.047895,0.53492,0.00903,0.000032,0.004734,0.20723,0.114367
ACACGGGAACTTAGGG-1,0.000083,0.49022,0.000083,0.000083,0.000167,0.000083,0.000083,0.000083,0.000083,0.509028
ACACGTAGGCCACAAG-1,0.000023,0.25989,0.194979,0.038338,0.029862,0.057528,0.160589,0.170733,0.009693,0.078366
ACACTCCAATGTCACT-1,0.000032,0.123866,0.06716,0.000032,0.236788,0.019362,0.109073,0.000643,0.102906,0.340139
ACACTGATCAAGGTGT-1,0.011618,0.1027,0.019532,0.00164,0.001215,0.189342,0.054205,0.096127,0.002151,0.521469
ACACTGGGACAGTCGT-1,0.004141,0.001081,0.138978,0.182562,0.206294,0.035218,0.057552,0.160415,0.015794,0.197964
ACAGAACTGAGAACAA-1,0.15522,0.146421,0.000038,0.000038,0.054727,0.1897,0.000038,0.084348,0.016979,0.352492
ACAGCGACATTCTCAT-1,0.021188,0.034966,0.075707,0.008448,0.453315,0.003025,0.037292,0.265122,0.073646,0.027292
ACAGGCACGGATCCTT-1,0.008757,0.000018,0.261398,0.054465,0.615658,0.000018,0.03054,0.021083,0.008045,0.000018
ACAGGCTTGCCCGACT-1,0.165109,0.042745,0.111723,0.249145,0.330295,0.016998,0.000083,0.029302,0.000083,0.054516
ACAGGTGGAGGTGAGG-1,0.033374,0.095666,0.004626,0.006633,0.049803,0.276162,0.016381,0.21994,0.054432,0.242985
ACAGGTGTGTTGTTGC-1,0.136493,0.237113,0.008528,0.000029,0.01346,0.207564,0.000029,0.000029,0.017471,0.379285
ACAGTAATACAACTTG-1,0.142761,0.182654,0.000037,0.000037,0.005951,0.158299,0.000037,0.008311,0.008181,0.493732
ACAGTATACCGTGGGA-1,0.000019,0.062184,0.098843,0.040315,0.597482,0.018354,0.081337,0.012525,0.021106,0.067836
ACATAAGTCGTGGTGA-1,0.447419,0.010987,0.039535,0.124231,0.292831,0.047298,0.003571,0.034053,0.000038,0.000038
ACATAATAAGGCGGTG-1,0.057594,0.661832,0.015957,0.053496,0.056883,0.041669,0.000042,0.027794,0.000045,0.084689
ACATACAATCAAGCGG-1,0.042667,0.013658,0.372202,0.072549,0.345021,0.003367,0.000121,0.019202,0.071021,0.060193
ACATCAGCTGGGACGC-1,0.070074,0.122269,0.015229,0.009655,0.007256,0.135343,0.007329,0.036515,0.159849,0.436481
ACATCCCGGCCATACG-1,0.059304,0.138371,0.00087,0.000029,0.000344,0.162101,0.013922,0.196853,0.007844,0.420362
ACATCCTGGTAACTGT-1,0.003769,0.13632,0.036199,0.012978,0.608754,0.068593,0.048969,0.01443,0.020754,0.049232
ACATCGATCGTTTACC-1,0.000032,0.007323,0.000032,0.000364,0.191885,0.134775,0.205974,0.307315,0.003656,0.148644
ACATCGCAATATTCGG-1,0.643457,0.000043,0.147295,0.172213,0.000086,0.000043,0.000043,0.036733,0.000043,0.000043
ACATCGGTCAGCCGCG-1,0.000019,0.170081,0.005603,0.012505,0.171122,0.427434,0.019672,0.006367,0.023243,0.163955
ACATCGTATGCAATGG-1,0.000081,0.445335,0.000081,0.000081,0.000161,0.000081,0.000081,0.000081,0.000081,0.553939
ACATGCTTACGGCAGC-1,0.99954,0.000046,0.000046,0.000046,0.000092,0.000046,0.000046,0.000046,0.000046,0.000046
ACATGGCGCCAAAGTA-1,0.000025,0.136199,0.016248,0.000025,0.332532,0.021235,0.019249,0.101173,0.056306,0.317007
ACATGGCTCAATTTAG-1,0.000095,0.698583,0.000095,0.000095,0.092574,0.015188,0.000095,0.000095,0.000095,0.193084
ACATTAGTTTATATCC-1,0.034127,0.26232,0.044135,0.043827,0.02182,0.06104,0.074788,0.400388,0.000031,0.057525
ACATTCGCGCGGAATA-1,0.622227,0.089049,0.21868,0.00004,0.00008,0.00004,0.00004,0.00004,0.00004,0.069764
ACATTTGAAACCTAAC-1,0.056817,0.069454,0.2871,0.236124,0.324447,0.000016,0.008102,0.004878,0.012374,0.000688
ACCAAACACCCAGCGA-1,0.000021,0.027429,0.003495,0.000271,0.621719,0.027769,0.008047,0.004241,0.079318,0.22769
ACCAACACCACACACT-1,0.000031,0.214345,0.02292,0.000031,0.399705,0.007978,0.000031,0.007869,0.091398,0.255692
ACCAACCGCACTCCAC-1,0.004417,0.141729,0.146043,0.042054,0.457605,0.009447,0.026626,0.085859,0.081627,0.004593
ACCAACGCTTATTTAT-1,0.001368,0.141799,0.042315,0.010793,0.004675,0.186528,0.058831,0.262759,0.007392,0.283539
ACCAAGAACGCGTGTC-1,0.000029,0.170074,0.003283,0.008258,0.624921,0.005733,0.000029,0.016535,0.074496,0.09664
ACCAAGTCATCGGCAG-1,0.000019,0.12352,0.351966,0.060144,0.073464,0.001669,0.083212,0.247794,0.010145,0.048066
ACCAATATGCAAGTTA-1,0.000052,0.12683,0.000052,0.000052,0.090038,0.000052,0.000052,0.042463,0.004706,0.735701
ACCACAAGTTTCTATC-1,0.056677,0.050967,0.057321,0.040115,0.209644,0.083343,0.104528,0.132947,0.029111,0.235346
ACCACACGGTTGATGG-1,0.000045,0.189443,0.259928,0.000045,0.000089,0.000045,0.000045,0.173624,0.037944,0.338794
ACCACCAATGTAACAA-1,0.027801,0.496546,0.072425,0.004319,0.009049,0.006812,0.00181,0.274901,0.00263,0.103706
ACCACCCTCTCTTCTA-1,0.000017,0.002799,0.057393,0.073853,0.316881,0.01105,0.360838,0.013077,0.040115,0.123977
ACCACGTGCAGCTATA-1,0.011381,0.057546,0.000024,0.117827,0.710784,0.00807,0.06136,0.032976,0.000016,0.000016
ACCACTGTTCAAGAAG-1,0.012203,0.201872,0.000073,0.000073,0.291296,0.000073,0.000073,0.000073,0.008712,0.48555
ACCAGACCATAACAAC-1,0.077217,0.000016,0.003146,0.124643,0.203321,0.276671,0.016697,0.062481,0.019119,0.216689
ACCAGTGCGGGAGACG-1,0.000059,0.24135,0.000059,0.000059,0.126037,0.000059,0.000059,0.00509,0.043657,0.58357
ACCATATCCGCAATAA-1,0.025572,0.195206,0.021313,0.07199,0.048511,0.083296,0.1175,0.278508,0.00649,0.151614
ACCATCCGCCAACTAG-1,0.117852,0.01677,0.008455,0.047599,0.290752,0.373129,0.008749,0.082081,0.019453,0.035158
ACCATCGTATATGGTA-1,0.000025,0.032982,0.00075,0.030035,0.070806,0.42789,0.022302,0.041354,0.146911,0.226945
ACCATTAAGGGTGTCA-1,0.000037,0.043874,0.000268,0.000037,0.59846,0.053826,0.000037,0.000037,0.040229,0.263194
ACCCAACGCCCGTGGC-1,0.127434,0.046536,0.019707,0.000082,0.336519,0.000082,0.000082,0.167729,0.028791,0.27304
ACCCACCTACATGCTC-1,0.04786,0.000698,0.018242,0.143056,0.242623,0.072733,0.174198,0.049984,0.029418,0.22119
ACCCATCTTGAGGGTA-1,0.085716,0.046155,0.023035,0.02214,0.033465,0.452079,0.011359,0.02194,0.011562,0.292549
ACCCATTTGTCCCTCT-1,0.029739,0.119976,0.240363,0.099129,0.294737,0.006159,0.055293,0.127691,0.012499,0.014414
ACCCGAGCGAAATTAC-1,0.389162,0.006617,0.000041,0.000041,0.000082,0.158447,0.000041,0.071967,0.000041,0.373561
ACCCGATTGGTTCCGA-1,0.211047,0.011574,0.065597,0.298935,0.057246,0.030942,0.012978,0.311616,0.000033,0.000033
ACCCGGAAACTCCCAG-1,0.017881,0.328571,0.046012,0.062961,0.010489,0.000163,0.080702,0.453167,0.000027,0.000027
ACCCGGAGCACCACAA-1,0.143331,0.000011,0.031725,0.77717,0.003077,0.000011,0.00635,0.038301,0.000011,0.000011
ACCCGGATGACGCATC-1,0.00003,0.113909,0.00003,0.00003,0.418672,0.011437,0.00003,0.00003,0.258163,0.197667
ACCCGGTTACACTTCC-1,0.000017,0.04178,0.001911,0.118215,0.333205,0.388286,0.05616,0.016053,0.014223,0.030149
ACCCGTAGCAGAGAAT-1,0.999641,0.000036,0.000036,0.000036,0.000072,0.000036,0.000036,0.000036,0.000036,0.000036
ACCCGTAGTCTAGTTG-1,0.081305,0.201406,0.280876,0.332992,0.033473,0.016988,0.043429,0.008415,0.000565,0.000551
ACCCGTGTCATCAGTA-1,0.024687,0.185066,0.046573,0.047522,0.057477,0.330092,0.150808,0.112418,0.016225,0.029133
ACCCTATAGGACTGAG-1,0.000014,0.073305,0.000014,0.008762,0.902306,0.012119,0.00344,0.000014,0.000014,0.000014
ACCCTATGCCATATCG-1,0.062436,0.000037,0.000037,0.000037,0.137289,0.269864,0.01012,0.142623,0.02137,0.356189
ACCCTCCCGTCAGGGC-1,0.00407,0.000482,0.251761,0.099045,0.587256,0.000016,0.010296,0.038873,0.007514,0.000687
ACCCTCCCTTGCTATT-1,0.058621,0.326583,0.089314,0.000089,0.000178,0.000089,0.000089,0.024652,0.000089,0.500297
ACCCTGGTAACGCCCT-1,0.000034,0.060959,0.174379,0.011327,0.248574,0.000658,0.003583,0.092046,0.156006,0.252434
ACCCTTGCCTGGGTCG-1,0.000024,0.044377,0.27177,0.070261,0.258595,0.000715,0.095364,0.001467,0.070271,0.187157
ACCGAAGAGTCTGGTT-1,0.475951,0.000061,0.000213,0.008815,0.100048,0.095823,0.004736,0.149234,0.000061,0.165057
ACCGACACATCTCCCA-1,0.000025,0.230958,0.048747,0.000042,0.117738,0.002129,0.076226,0.305676,0.016184,0.202275
ACCGACTGAGTCCCAC-1,0.000025,0.144733,0.000025,0.011861,0.627316,0.12026,0.018869,0.000025,0.054113,0.022773
ACCGAGTCTCCTTATT-1,0.06025,0.167428,0.278951,0.000037,0.000073,0.000037,0.000037,0.021893,0.000037,0.471258
ACCGATAGGCATAACC-1,0.101113,0.050791,0.045657,0.566694,0.108067,0.047703,0.048869,0.030829,0.000085,0.000192
ACCGATATTTAATCAT-1,0.015101,0.000023,0.287632,0.270728,0.011696,0.015097,0.030294,0.103104,0.013255,0.253072
ACCGATGGTAGCATCG-1,0.034817,0.440557,0.000064,0.000064,0.332484,0.055419,0.010951,0.065131,0.031823,0.02869
ACCGCAATAACTGCCT-1,0.000042,0.628285,0.006706,0.022462,0.075189,0.042025,0.003713,0.060535,0.006355,0.154687
ACCGCGGTGGAAGTCG-1,0.011531,0.182933,0.040004,0.016743,0.08238,0.018256,0.38985,0.164642,0.043172,0.05049
ACCGCTAGTCATTGGT-1,0.22424,0.000024,0.408372,0.322571,0.010406,0.000024,0.001343,0.032972,0.000024,0.000024
ACCGGGCCTTTGTTGA-1,0.000029,0.102706,0.038312,0.012816,0.578095,0.012957,0.009385,0.152135,0.050578,0.042987
ACCGGTCAGGTACACC-1,0.803152,0.097089,0.000044,0.000044,0.000087,0.000376,0.000044,0.000044,0.020417,0.078705
ACCGTCCACTGGGCCC-1,0.878032,0.000028,0.039514,0.052846,0.011928,0.001411,0.012099,0.004085,0.000028,0.000028
ACCGTGACCACGTGGG-1,0.063694,0.000046,0.000146,0.002173,0.149919,0.468202,0.007938,0.181432,0.000164,0.126285
ACCTAAGTACCTTTCA-1,0.153374,0.003559,0.001351,0.000027,0.089979,0.454902,0.000027,0.147558,0.000027,0.149196
ACCTAATCGACTTCCT-1,0.045559,0.344806,0.020447,0.075948,0.132682,0.308241,0.047079,0.000015,0.015277,0.009947
ACCTACAGTATGTGGT-1,0.000028,0.563489,0.013254,0.000028,0.003259,0.02835,0.034733,0.029978,0.020134,0.306748
ACCTACTATAAATCTA-1,0.067595,0.182375,0.158799,0.000794,0.000055,0.000027,0.000027,0.391657,0.000027,0.198643
ACCTCAGCGAGGCGCA-1,0.000019,0.083509,0.286574,0.186567,0.335094,0.000025,0.038208,0.050135,0.015594,0.004276
