Barcode,Topic 1,Topic 2,Topic 3to11
AAACAAGTATCTCCCA-1,0.910878,0.01236,0.076763
AAACAATCTACTAGCA-1,0.046694,0.000037,0.953269
AAACACCAATAACTGC-1,0.116038,0.034294,0.849668
AAACAGAGCGACTCCT-1,0.000015,0.040577,0.959407
AAACAGCTTTCAGAAG-1,0.002247,0.007881,0.989872
AAACAGGGTCTATATT-1,0.00001,0.00001,0.99998
AAACATTTCCCGGATT-1,0.813848,0.026797,0.159355
AAACCACTACACAGAT-1,0.02582,0.000065,0.974116
AAACCCGAACGAAATC-1,0.725448,0.008389,0.266164
AAACCGGAAATGTTAA-1,0.999851,0.000015,0.000134
AAACCGGGTAGGTACC-1,0.000011,0.000058,0.999931
AAACCGTTCGTCCAGG-1,0.000007,0.004573,0.995419
AAACCTAAGCAGCCGG-1,0.317842,0.462245,0.219913
AAACCTCATGAAGTTG-1,0.000017,0.000017,0.999965
AAACGAAGAACATACC-1,0.003801,0.053867,0.942332
AAACGAAGATGGAGTA-1,0.006216,0.006394,0.98739
AAACGACAGTCTTGCC-1,0.086086,0.04921,0.864704
AAACGAGACGGTTGAT-1,0.000019,0.038377,0.961604
AAACGCCCGAGATCGG-1,0.029143,0.026249,0.944608
AAACGGGCGTACGGGT-1,0.787362,0.000171,0.212467
AAACGGGTTGGTATCC-1,0.00006,0.00006,0.99988
AAACGGTTGCGAACTG-1,0.001178,0.080441,0.918381
AAACGTGTTCGCCCTA-1,0.074935,0.016204,0.908861
AAACTAACGTGGCGAC-1,0.051791,0.01669,0.93152
AAACTCGGTTCGCAAT-1,0.091615,0.285185,0.623201
AAACTCGTGATATAAG-1,0.000015,0.000015,0.99997
AAACTGCTGGCTCCAA-1,0.138369,0.143889,0.717743
AAACTTAATTGCACGC-1,0.16721,0.000038,0.832753
AAACTTGCAAACGTAT-1,0.004875,0.000315,0.994809
AAAGACATGAAGTTTA-1,0.042684,0.000031,0.957285
AAAGACCCAAGTCGCG-1,0.000015,0.023963,0.976021
AAAGACTGGGCGCTTT-1,0.00001,0.00001,0.999981
AAAGCTTGCCTACATA-1,0.000019,0.000019,0.999962
AAAGGCCCTATAATAC-1,0.000017,0.007002,0.992981
AAAGGCTACGGACCAT-1,0.00116,0.067902,0.930938
AAAGGCTCTCGCGCCG-1,0.002428,0.002398,0.995174
AAAGGGATGTAGCAAG-1,0.000012,0.012932,0.987055
AAAGGGCAGCTTGAAT-1,0.000028,0.000028,0.999945
AAAGGTAAGCTGTACC-1,0.066236,0.01369,0.920074
AAAGGTCAACGACATG-1,0.000045,0.000045,0.99991
AAAGTAGCATTGCTCA-1,0.166504,0.03393,0.799565
AAAGTCACTGATGTAA-1,0.000361,0.047506,0.952133
AAAGTCGACCCTCAGT-1,0.000008,0.000173,0.999819
AAAGTGCCATCAATTA-1,0.999784,0.000022,0.000194
AAAGTGTGATTTATCT-1,0.301883,0.051419,0.646698
AAAGTTGACTCCCGTA-1,0.51761,0.042819,0.43957
AAATAACCATACGGGA-1,0.000011,0.001601,0.998388
AAATAAGGTAGTGCCC-1,0.064624,0.001649,0.933727
AAATACCTATAAGCAT-1,0.286236,0.112503,0.60126
AAATAGCTTAGACTTT-1,0.00443,0.122115,0.873455
AAATAGGGTGCTATTG-1,0.321482,0.101591,0.576927
AAATCACTCCTAAACG-1,0.000031,0.023695,0.976273
AAATCCGATACACGCC-1,0.684631,0.024671,0.290698
AAATCGCGGAAGGAGT-1,0.021425,0.000022,0.978552
AAATCGTGTACCACAA-1,0.000016,0.114098,0.885886
AAATCTAGCCCTGCTA-1,0.842779,0.04548,0.111741
AAATGATTCGATCAGC-1,0.018302,0.033696,0.948002
AAATGCTCGTTACGTT-1,0.000032,0.000032,0.999936
AAATGGCATGTCTTGT-1,0.020965,0.031046,0.947989
AAATGGCCCGTGCCCT-1,0.000015,0.000015,0.99997
AAATGGTCAATGTGCC-1,0.000017,0.051227,0.948755
AAATGTATCTTATCCC-1,0.074717,0.000064,0.925219
AAATGTGGGTGCTCCT-1,0.058458,0.005843,0.935699
AAATTAACGGGTAGCT-1,0.000011,0.085582,0.914407
AAATTAATAAGCGCGA-1,0.000032,0.000032,0.999935
AAATTACACGACTCTG-1,0.001822,0.025015,0.973163
AAATTACCTATCGATG-1,0.000006,0.007287,0.992707
AAATTCCAGGTCCAAA-1,0.049157,0.061998,0.888845
AAATTGATAGTCCTTT-1,0.029029,0.001607,0.969364
AAATTGCGGCGGTTCT-1,0.04364,0.013589,0.94277
AAATTGGTGAGAAGCA-1,0.053337,0.013446,0.933217
AAATTTACCGAAATCC-1,0.022653,0.015195,0.962152
AAATTTGCGGGTGTGG-1,0.000019,0.000019,0.999962
AACAACTGGTAGTTGC-1,0.009464,0.015814,0.974722
AACAATACATTGTCGA-1,0.000012,0.000012,0.999977
AACAATTACTCTACGC-1,0.001311,0.009733,0.988956
AACACACGCTCGCCGC-1,0.954656,0.000029,0.045314
AACACGACTGTACTGA-1,0.000022,0.003561,0.996418
AACACGAGACGCGGCC-1,0.000016,0.002165,0.997819
AACACGCGGCCGCGAA-1,0.000049,0.000049,0.999902
AACAGCTGTGTGGCAA-1,0.000006,0.00936,0.990634
AACAGGAAATCGAATA-1,0.000021,0.000021,0.999958
AACAGGATGGGCCGCG-1,0.000013,0.018001,0.981986
AACAGGTAGTATGGAT-1,0.681427,0.219905,0.098668
AACATATCAACTGGTG-1,0.006494,0.016166,0.97734
AACATCGATACGTCTA-1,0.000013,0.000013,0.999974
AACATTGAAGTTGATC-1,0.000023,0.000023,0.999953
AACATTGGTCAGCCGT-1,0.039465,0.000033,0.960503
AACATTGTGACTCGAG-1,0.000018,0.01401,0.985972
AACCAAGACTTCTCTG-1,0.000009,0.000009,0.999981
AACCAGTATCACTCTT-1,0.017323,0.019722,0.962955
AACCATAGGGTTGAAC-1,0.031512,0.048542,0.919946
AACCATGGGATCGCTA-1,0.000011,0.000011,0.999978
AACCCAGAGACGGAGA-1,0.000012,0.013153,0.986836
AACCCATCCCATGATC-1,0.000014,0.000014,0.999972
AACCCGACAACCCGTG-1,0.000017,0.001555,0.998429
AACCCGAGCAGAATCG-1,0.958032,0.000023,0.041944
AACCCTACTGTCAATA-1,0.113425,0.183367,0.703209
AACCCTGGTGGAACCA-1,0.00003,0.002064,0.997905
AACCGAGCTTGGTCAT-1,0.000025,0.003443,0.996532
AACCGCTAAGGGATGC-1,0.511788,0.416589,0.071622
AACCGTTGTGTTTGCT-1,0.000022,0.000022,0.999956
AACCTAAAGCCGTCCG-1,0.000036,0.000036,0.999928
AACCTCGCTTTAGCCC-1,0.345593,0.045955,0.608452
AACCTGTCACGGAATT-1,0.014833,0.025012,0.960155
AACCTTTAAATACGGT-1,0.032188,0.172253,0.79556
AACCTTTACGACGTCT-1,0.000023,0.018834,0.981143
AACGAAAGTCGTCCCA-1,0.069338,0.024982,0.90568
AACGATAATGCCGTAG-1,0.015621,0.48935,0.495029
AACGATAGAAGGGCCG-1,0.041077,0.09537,0.863554
AACGATATGTCAACTG-1,0.00002,0.021485,0.978495
AACGCATGATCTGGGT-1,0.000031,0.000031,0.999939
AACGCGAACGGCAACA-1,0.000088,0.000088,0.999825
AACGCGACCTTGGGCG-1,0.04264,0.040661,0.916699
AACGCGGTCTCCAGCC-1,0.000044,0.000044,0.999912
AACGCTGTTGCTGAAA-1,0.658098,0.047134,0.294768
AACGGACGTACGTATA-1,0.994035,0.005789,0.000176
AACGGCCATCTCCGGT-1,0.000007,0.017209,0.982784
AACGTACTGTGGGTAC-1,0.013406,0.146552,0.840042
AACGTAGTCTACCCAT-1,0.002652,0.005338,0.99201
AACGTCAGACTAGTGG-1,0.000013,0.003513,0.996474
AACGTGATGAAGGACA-1,0.02326,0.00003,0.97671
AACGTGCGAAAGTCTC-1,0.05987,0.072596,0.867533
AACGTTATCAGCACCT-1,0.000015,0.000015,0.999971
AACTACCCGTTTGTCA-1,0.68257,0.102172,0.215258
AACTAGCGTATCGCAC-1,0.056093,0.000111,0.943796
AACTAGGCTTGGGTGT-1,0.050432,0.185694,0.763874
AACTCAAGTTAATTGC-1,0.003653,0.076018,0.92033
AACTCCAGAGCGTGTT-1,0.559897,0.196114,0.243989
AACTCCTAATCCCATG-1,0.000025,0.013419,0.986556
AACTCGATGGCGCAGT-1,0.000018,0.000018,0.999964
AACTCTCAATAGAGCG-1,0.014332,0.038271,0.947397
AACTCTCAGTGTGCTC-1,0.000016,0.02801,0.971974
AACTGAGGTCAGCGTC-1,0.042805,0.002044,0.955151
AACTGAGTTATACTGA-1,0.999782,0.000022,0.000196
AACTGATATTAGGCCT-1,0.003914,0.007249,0.988836
AACTGGGTCCCGACGT-1,0.000015,0.007948,0.992037
AACTGGGTTCGAGCCG-1,0.013378,0.008818,0.977804
AACTGGTGTGGGCCTT-1,0.00002,0.05437,0.94561
AACTTCTGCGTCTATC-1,0.000021,0.000021,0.999958
AACTTGCCCGTATGCA-1,0.000011,0.000011,0.999978
AACTTGCGTTCTCGCG-1,0.000048,0.009648,0.990304
AACTTTACGGGAGCTT-1,0.000019,0.000019,0.999962
AACTTTAGCTGCTGAG-1,0.000068,0.0738,0.926132
AACTTTCTCGATCATG-1,0.003976,0.00002,0.996004
AAGAAATCACCAGATT-1,0.000025,0.000025,0.999951
AAGAAGGATCAGTTAG-1,0.00001,0.016968,0.983022
AAGACATACGTGGTTT-1,0.695946,0.030574,0.27348
AAGACCAAATAACTCA-1,0.031504,0.002112,0.966384
AAGACCCAACTGAACA-1,0.000022,0.003983,0.995996
AAGACTAACCCGTTGT-1,0.000047,0.009683,0.99027
AAGACTCACGCCCACT-1,0.040278,0.000053,0.959669
AAGACTGCAAGCTACT-1,0.002792,0.144123,0.853085
AAGAGATGAATCGGTA-1,0.003106,0.000021,0.996873
AAGAGCTCTTTATCGG-1,0.001931,0.068216,0.929853
AAGAGGATGTACGCGA-1,0.000016,0.00921,0.990774
AAGAGGCATGGATCGC-1,0.004084,0.323971,0.671945
AAGAGGCCCTTTGGAA-1,0.607856,0.185907,0.206237
AAGATGGCACCGGACC-1,0.030334,0.00512,0.964546
AAGATTGGCGGAACGT-1,0.004236,0.015736,0.980028
AAGCACCCTGCGTATC-1,0.063173,0.366108,0.570719
AAGCATACTCTCCTGA-1,0.066573,0.101387,0.83204
AAGCCGAAGCGGTTTA-1,0.938168,0.025719,0.036113
AAGCCGCCGTGAAATC-1,0.000013,0.002279,0.997709
AAGCCGCTTTACCTTG-1,0.000024,0.042382,0.957594
AAGCCGGAGAGCAGGA-1,0.997898,0.001875,0.000227
AAGCGCAGGGCTTTGA-1,0.264939,0.184076,0.550985
AAGCGGCGTCATGGGT-1,0.000018,0.020903,0.97908
AAGCGTCCCTCATCGA-1,0.000018,0.000018,0.999964
AAGCTAGATCGAGTAA-1,0.024764,0.128664,0.846572
AAGCTCGTGCCAAGTC-1,0.06857,0.099676,0.831754
AAGCTCTTTCATGGTG-1,0.440181,0.031554,0.528265
AAGGAGAACTTATAAG-1,0.041015,0.025142,0.933843
AAGGAGCGGTTGGTGC-1,0.00002,0.062924,0.937055
AAGGATCGATCGCTTG-1,0.105903,0.164322,0.729776
AAGGATGAGGGACCTC-1,0.000013,0.000013,0.999974
AAGGCAGGCTGTCTCC-1,0.001793,0.176818,0.821389
AAGGCGCGTAAAGCTT-1,0.099764,0.016651,0.883585
AAGGCTGTGCTCATCG-1,0.051256,0.029061,0.919683
AAGGGAACGACTGGCT-1,0.000035,0.000035,0.999931
AAGGGACAGATTCTGT-1,0.003445,0.019208,0.977347
AAGGGACTATGCATTC-1,0.00001,0.01317,0.98682
AAGGTATCCTAATATA-1,0.000012,0.013318,0.98667
AAGGTGATAAACCAGC-1,0.915302,0.015369,0.069329
AAGTAAGCTTCCAAAC-1,0.000146,0.000146,0.999708
AAGTAGAAGACCGGGT-1,0.000016,0.001272,0.998712
AAGTAGTGACGCGAGG-1,0.000018,0.006719,0.993263
AAGTCAATTGTCGTCA-1,0.869702,0.064557,0.065742
AAGTCTAGTAGCTGCC-1,0.00001,0.00001,0.999979
AAGTCTTCTGTGGCCT-1,0.000031,0.000031,0.999938
AAGTGACGACCGAATT-1,0.000017,0.000017,0.999966
AAGTGAGTCGGGTTTA-1,0.017483,0.045754,0.936764
AAGTGCAAAGGTAGAC-1,0.000015,0.000021,0.999964
AAGTGCCTTGACTGTA-1,0.783308,0.000041,0.21665
AAGTGCGTTAGAATCT-1,0.006812,0.000739,0.992448
AAGTGCTTCTCTATTG-1,0.040832,0.002269,0.956899
AAGTGTTTGGAGACGG-1,0.50522,0.00005,0.49473
AAGTTCACTCCAAGCT-1,0.550705,0.004056,0.445238
AAGTTCAGTCTGCGTA-1,0.000019,0.030608,0.969373
AAGTTCGGCCAACAGG-1,0.011424,0.034174,0.954403
AAGTTGTGATGTTATA-1,0.81369,0.014903,0.171407
AAGTTTACTAATGGCA-1,0.000061,0.070369,0.92957
AAGTTTATGGGCCCAA-1,0.384076,0.088027,0.527898
AATAACAACGCTCGGC-1,0.000005,0.000005,0.999989
AATAACACTAGAACAA-1,0.000007,0.010312,0.98968
AATAAGTCCTCGAGAC-1,0.000056,0.000056,0.999888
AATAATCTTCGTATCG-1,0.980966,0.000021,0.019013
AATACAATGTTTCAGG-1,0.000031,0.000031,0.999937
AATACCGGAGGGCTGT-1,0.000009,0.000373,0.999618
AATAGAACAGAGTGGC-1,0.049533,0.014649,0.935818
AATAGAATCTGTTTCA-1,0.713266,0.011632,0.275102
AATAGCAAGCCTCCTG-1,0.05162,0.015397,0.932982
AATAGCTACCGCGTGC-1,0.000018,0.000018,0.999964
AATAGTCCGTCCCGAC-1,0.007735,0.028929,0.963336
AATAGTCGCGAGTCGG-1,0.000015,0.000015,0.99997
AATATCAAGGTCGGAT-1,0.000018,0.003859,0.996122
AATATCCTAGCAAACT-1,0.043146,0.000028,0.956826
AATATCGAATCAATGC-1,0.940018,0.000022,0.05996
AATATCGAGGGTTCTC-1,0.000017,0.000017,0.999965
AATATTGGAGTATTGA-1,0.000015,0.000015,0.99997
AATCAGACTGCAGGAC-1,0.000097,0.000097,0.999807
AATCAGGTTTCATTTA-1,0.020469,0.000176,0.979355
AATCATGTAAAGACTC-1,0.90136,0.000043,0.098597
AATCCAAGGGCCTGAG-1,0.000018,0.000018,0.999964
AATCCATGCAAGGGTG-1,0.000054,0.000054,0.999893
AATCGCCTCAGCGCCA-1,0.351477,0.02234,0.626183
AATCGCGCAGAGGACT-1,0.12471,0.029348,0.845942
AATCGGGACACTACGA-1,0.000019,0.015208,0.984773
AATCGTGAGCCGAGCA-1,0.698111,0.021589,0.2803
AATCTAGGTTTACTTG-1,0.000017,0.000017,0.999966
AATCTATGCCGGAGCC-1,0.000718,0.004485,0.994797
AATCTCTACTGTGGTT-1,0.000017,0.000017,0.999967
AATCTGCGTTGGGACG-1,0.014267,0.036609,0.949124
AATCTGGCTTTCTAGT-1,0.000018,0.000018,0.999963
AATCTGGGTAGACCCT-1,0.060789,0.000025,0.939186
AATGACAGCAATGTCT-1,0.012657,0.01359,0.973752
AATGACGTAGGATGTC-1,0.523157,0.04737,0.429473
AATGACTGTCAGCCGG-1,0.000019,0.007533,0.992448
AATGAGTTCGCATATG-1,0.000029,0.01427,0.985701
AATGATGATACGCTAT-1,0.000031,0.000031,0.999938
AATGATGCGACTCCTG-1,0.014544,0.035081,0.950375
AATGCAACCGGGTACC-1,0.000018,0.001122,0.998861
AATGCACCAAGCAATG-1,0.000022,0.000022,0.999957
AATGGCCGCCAATGCG-1,0.025695,0.012744,0.961562
AATGGTCCACCGTTCA-1,0.000016,0.000016,0.999968
AATGGTTCTCACAAGC-1,0.00002,0.00002,0.999961
AATGTATGGCACTGTA-1,0.025813,0.005964,0.968223
AATGTGCCCGAGGTGT-1,0.000012,0.001884,0.998104
AATGTGCTAATCTGAG-1,0.000011,0.009582,0.990407
AATGTTGTCGTGAGAC-1,0.839453,0.041004,0.119543
AATTAAAGGTCGGCGT-1,0.00002,0.110432,0.889548
AATTAACGGATTTCCA-1,0.001197,0.323261,0.675541
AATTACGAGACCCATC-1,0.014195,0.002519,0.983286
AATTAGCGCTGCAGCG-1,0.00147,0.134539,0.863991
AATTCATAAGGGATCT-1,0.000887,0.13291,0.866204
AATTCATTGTCATGCA-1,0.021204,0.008065,0.970731
AATTCCAAGCATGTAC-1,0.000013,0.0597,0.940288
AATTCGATTCGAGGAT-1,0.092999,0.086366,0.820635
AATTCTAGAGTTAGGC-1,0.000036,0.034377,0.965588
AATTGAACGCTCTGGT-1,0.499177,0.141071,0.359752
AATTGCAGCAATCGAC-1,0.951887,0.000085,0.048028
AATTGCGTGGATTACA-1,0.024389,0.011898,0.963713
AATTGTGGTTGCCAAA-1,0.83604,0.039093,0.124867
AATTTGGGACATAGTA-1,0.000029,0.001017,0.998954
AATTTGGTTCCAAAGA-1,0.000012,0.000231,0.999757
ACAAACCATGCGTCCT-1,0.009674,0.02213,0.968196
ACAAACCGACAAGGCG-1,0.000058,0.000058,0.999883
ACAAAGAAGGTAGGCC-1,0.000028,0.000028,0.999945
ACAAAGCATGACCTAG-1,0.500886,0.113533,0.385581
ACAAATCGCACCGAAT-1,0.194418,0.074638,0.730944
ACAAATGGTAGTGTTT-1,0.87921,0.029659,0.091132
ACAAATTCAGATCTGA-1,0.023091,0.032814,0.944096
ACAACAGCATGAGCTA-1,0.000012,0.109156,0.890833
ACAACGGTCCCTGCGA-1,0.032835,0.050536,0.916629
ACAAGCAGTGCCTAGC-1,0.000011,0.001769,0.99822
ACAAGCTATATGGAAG-1,0.033043,0.000033,0.966924
ACAAGGAAATCCGCCC-1,0.112508,0.277618,0.609874
ACAAGGACAAGAGGTT-1,0.000009,0.030905,0.969087
ACAAGGATGCTTTAGG-1,0.497351,0.18426,0.318389
ACAAGGCCTACCAGCC-1,0.021376,0.02754,0.951084
ACAAGGGCAGGCTCTG-1,0.51167,0.186517,0.301813
ACAATAGTCGTACGTT-1,0.000023,0.000023,0.999954
ACAATCCATTTAAACC-1,0.000009,0.054225,0.945766
ACAATCGATCTTTATA-1,0.038398,0.013751,0.947852
ACAATGAATACGGAGA-1,0.00002,0.00002,0.99996
ACAATGATTCTTCTAC-1,0.046158,0.017731,0.936111
ACAATTGTGTCTCTTT-1,0.939011,0.003544,0.057445
ACAATTTAGGAGGCTC-1,0.000014,0.000014,0.999971
ACAATTTGAGCAGTGG-1,0.045248,0.132336,0.822416
ACAATTTGGCCATATT-1,0.00042,0.2246,0.774979
ACACAAAGACGGGTGG-1,0.000021,0.060993,0.938985
ACACAAATATTCCTAG-1,0.059735,0.052376,0.88789
ACACACCAGGACCAGT-1,0.69946,0.01427,0.28627
ACACACTTTCTACACG-1,0.000009,0.000009,0.999982
ACACATGATCAAATCT-1,0.000014,0.000014,0.999973
ACACCACATAATTAGC-1,0.004724,0.000453,0.994823
ACACCCAGCATGCAGC-1,0.000011,0.004616,0.995373
ACACCCGAGAAATCCG-1,0.000011,0.000011,0.999978
ACACCCGTAAATCTGT-1,0.001584,0.013811,0.984605
ACACCGAGCGCTCTTT-1,0.095876,0.000091,0.904033
ACACCGGTCTGACCGC-1,0.000031,0.000031,0.999937
ACACCTTAAGTAGGGC-1,0.000012,0.00469,0.995299
ACACCTTACTACTTGC-1,0.029691,0.25222,0.718089
ACACGAGACTCCTTCT-1,0.000019,0.024032,0.975948
ACACGGCACTATGCAT-1,0.001719,0.000034,0.998247
ACACGGGAACTTAGGG-1,0.073772,0.031542,0.894685
ACACGTAGGCCACAAG-1,0.999825,0.000017,0.000157
ACACTCCAATGTCACT-1,0.00002,0.009838,0.990141
ACACTGATCAAGGTGT-1,0.161438,0.035517,0.803046
ACACTGGGACAGTCGT-1,0.991565,0.000024,0.00841
ACAGAACTGAGAACAA-1,0.000013,0.000457,0.999529
ACAGATTAGGTTAGTG-1,0.000026,0.002663,0.997311
ACAGCATAGAGCCAGT-1,0.00001,0.001262,0.998728
ACAGCGACATTCTCAT-1,0.570014,0.017603,0.412383
ACAGCGCACCCGCAGC-1,0.030442,0.089045,0.880513
ACAGGCACGGATCCTT-1,0.439796,0.165298,0.394906
ACAGGCTTGCCCGACT-1,0.842591,0.000033,0.157377
ACAGGTGGAGGTGAGG-1,0.033258,0.015807,0.950936
ACAGGTGTGTTGTTGC-1,0.013932,0.000021,0.986047
ACAGTAATACAACTTG-1,0.006605,0.000011,0.993384
ACAGTATACCGTGGGA-1,0.000025,0.000025,0.999951
ACAGTGCAGCGCATTT-1,0.007243,0.004412,0.988345
ACATAAGTCGTGGTGA-1,0.025149,0.000039,0.974812
ACATAATAAGGCGGTG-1,0.000025,0.010882,0.989093
ACATCAGCTGGGACGC-1,0.000015,0.000015,0.999969
ACATCCCGGCCATACG-1,0.000019,0.025417,0.974564
ACATCCTGGTAACTGT-1,0.594836,0.010937,0.394227
ACATCGATCGTTTACC-1,0.177118,0.228487,0.594394
ACATCGGTCAGCCGCG-1,0.009268,0.034053,0.956679
ACATCGTATGCAATGG-1,0.440922,0.02231,0.536768
ACATCGTTAACCTAGT-1,0.000035,0.011953,0.988011
ACATCTCAACGCGTAA-1,0.017872,0.033236,0.948892
ACATGGCGCCAAAGTA-1,0.106291,0.099625,0.794085
ACATGGCTCAATTTAG-1,0.000092,0.000092,0.999816
ACATTAGTTTATATCC-1,0.000035,0.01696,0.983005
ACATTCGCGCGGAATA-1,0.032584,0.047225,0.920191
ACCAAACACCCAGCGA-1,0.013702,0.051585,0.934712
ACCAAACTAGAAATCC-1,0.018634,0.017283,0.964084
ACCAACACCACACACT-1,0.000009,0.005727,0.994264
ACCAACCGCACTCCAC-1,0.804337,0.000033,0.19563
ACCAACGCTTATTTAT-1,0.001769,0.162115,0.836116
ACCAAGAACGCGTGTC-1,0.000028,0.000028,0.999944
ACCAATATGCAAGTTA-1,0.261201,0.511712,0.227087
ACCACAACTCAGAACA-1,0.029562,0.000036,0.970402
ACCACAAGTTTCTATC-1,0.000022,0.023354,0.976624
ACCACCAATGTAACAA-1,0.007903,0.237181,0.754916
ACCACCCTCTCTTCTA-1,0.000013,0.000013,0.999974
ACCACGTGCAGCTATA-1,0.669582,0.177665,0.152754
ACCAGACCATAACAAC-1,0.007346,0.000032,0.992622
ACCAGCCCGGTCTTTG-1,0.012813,0.048048,0.939139
ACCAGGAGTGTGATCT-1,0.030151,0.01535,0.954499
ACCAGTGCCCGGTCAA-1,0.041685,0.017282,0.941033
ACCAGTGCGGGAGACG-1,0.911858,0.013159,0.074983
ACCATATCCGCAATAA-1,0.000017,0.178265,0.821718
ACCATCCGCCAACTAG-1,0.000016,0.000016,0.999967
ACCATCGTATATGGTA-1,0.000023,0.014912,0.985065
ACCCAACGCCCGTGGC-1,0.022469,0.064483,0.913049
ACCCACCTACATGCTC-1,0.000019,0.000019,0.999962
ACCCATCTTGAGGGTA-1,0.016741,0.025182,0.958077
ACCCATTTGTCCCTCT-1,0.943111,0.005642,0.051247
ACCCGAGCGAAATTAC-1,0.000015,0.011654,0.988332
ACCCGATTGGTTCCGA-1,0.005779,0.031643,0.962577
ACCCGGAAACTCCCAG-1,0.000006,0.156548,0.843445
ACCCGGAGCACCACAA-1,0.992982,0.00686,0.000158
ACCCGGATGACGCATC-1,0.000009,0.092976,0.907014
ACCCGGTTACACTTCC-1,0.068849,0.080422,0.850729
ACCCGTAGTCTAGTTG-1,0.674725,0.072232,0.253043
ACCCGTGTCATCAGTA-1,0.033912,0.021612,0.944476
ACCCTATAGGACTGAG-1,0.000045,0.000045,0.999911
ACCCTATGCCATATCG-1,0.000017,0.000017,0.999967
ACCCTCCCTTGCTATT-1,0.79492,0.008408,0.196672
ACCCTGGTAACGCCCT-1,0.000016,0.000016,0.999968
ACCCTTCATCTGCGAA-1,0.000018,0.008318,0.991664
ACCCTTGCCTGGGTCG-1,0.056217,0.047255,0.896529
ACCCTTTAGTTCTCCA-1,0.055456,0.002596,0.941949
ACCGAAAGGGCCCTGC-1,0.000019,0.000019,0.999963
ACCGAAGAGTCTGGTT-1,0.000019,0.000019,0.999963
ACCGACACATCTCCCA-1,0.015394,0.046098,0.938508
ACCGACTGAGTCCCAC-1,0.000008,0.026112,0.973881
ACCGATAGGCATAACC-1,0.999817,0.000018,0.000165
ACCGATATTTAATCAT-1,0.834386,0.000016,0.165598
ACCGATGGTAGCATCG-1,0.003722,0.190471,0.805807
ACCGCAATAACTGCCT-1,0.595654,0.207505,0.196841
ACCGCGGTGGAAGTCG-1,0.655187,0.04496,0.299853
ACCGGGCCTTTGTTGA-1,0.937813,0.000027,0.06216
ACCGGTCAGGTACACC-1,0.128292,0.009068,0.862639
ACCGGTCTGAGTACGG-1,0.048294,0.008311,0.943395
ACCGTGACCACGTGGG-1,0.000011,0.000469,0.999521
ACCGTTCCCGCTCTGA-1,0.00008,0.00008,0.999841
ACCTAAGTACCTTTCA-1,0.000019,0.000019,0.999963
ACCTAATCGACTTCCT-1,0.043527,0.015631,0.940842
ACCTACAGTATGTGGT-1,0.000012,0.156352,0.843636
ACCTACTATAAATCTA-1,0.195288,0.132907,0.671805
ACCTCCGCCCTCGCTG-1,0.939662,0.002501,0.057837
ACCTCCGTTATTCACC-1,0.000186,0.02703,0.972783
ACCTCGAACTTATGCT-1,0.051184,0.005436,0.94338
ACCTGCGTGTCATGTT-1,0.000021,0.000021,0.999958
ACCTTTCCTTTAGAAG-1,0.000067,0.000067,0.999865
ACGAAATGGGCGGCAC-1,0.049082,0.014782,0.936135
ACGACCCATGAGTTGC-1,0.804653,0.00005,0.195297
ACGACTGGTCATACTC-1,0.001352,0.021887,0.976761
ACGAGAACCCATCACG-1,0.006796,0.069584,0.923621
ACGAGATATTTGCTTA-1,0.058465,0.006639,0.934896
ACGAGGATACCACTCT-1,0.000013,0.000121,0.999865
ACGAGGTTTACAACGT-1,0.000025,0.000025,0.99995
ACGAGTACGGATGCCC-1,0.000009,0.002425,0.997566
ACGATACATAGAACTA-1,0.000014,0.01931,0.980675
ACGATACCTATCCTGA-1,0.013689,0.000037,0.986274
ACGATCATACATAGAG-1,0.000048,0.000048,0.999904
ACGATCATCTTGTAAA-1,0.058264,0.225143,0.716592
ACGATGCATATGTTAT-1,0.000026,0.036201,0.963772
ACGATGGATCCGATGC-1,0.000017,0.018848,0.981135
ACGCAAACTAATAGAT-1,0.000007,0.000007,0.999986
ACGCAATCACTACAGC-1,0.006187,0.048661,0.945153
ACGCATAAATGACATG-1,0.10158,0.004397,0.894023
ACGCATACGTTTACTA-1,0.999291,0.000029,0.00068
ACGCATTCGTGAGTAC-1,0.000012,0.123773,0.876215
ACGCCAGATGATTTCT-1,0.000027,0.000027,0.999945
ACGCCCAGCTGTCGAT-1,0.002535,0.001371,0.996094
ACGCCGCTAGACGACC-1,0.411552,0.215668,0.372781
ACGCGAAGTCAGACGA-1,0.004888,0.081588,0.913525
ACGCGCTACACAGGGT-1,0.070753,0.013832,0.915415
ACGCGGGCCAAGGACA-1,0.000018,0.075376,0.924606
ACGCGTTTCTTAAGAG-1,0.000025,0.002703,0.997272
ACGCTAGTATCAGTGC-1,0.000038,0.009381,0.990581
ACGCTAGTGATACACT-1,0.021969,0.014254,0.963776
ACGCTGTGAGGCGTAG-1,0.000009,0.000009,0.999981
ACGCTTAGTGTCTCTC-1,0.029549,0.007991,0.96246
ACGGAATTTAGCAAAT-1,0.000013,0.009844,0.990143
ACGGACTCTCAAAGCG-1,0.03696,0.135735,0.827305
ACGGAGCGCAAATTAC-1,0.000019,0.000019,0.999963
ACGGATGGTGCGGATA-1,0.634094,0.0536,0.312307
ACGGCACTTGCTTGGG-1,0.000021,0.212285,0.787695
ACGGCCAACATGGACT-1,0.01828,0.01563,0.96609
ACGGCGACGATGGGAA-1,0.137616,0.321273,0.541111
ACGGCGGGTTGCCCTG-1,0.000067,0.000067,0.999866
ACGGCTGGATGTAGAA-1,0.000791,0.000039,0.99917
ACGGGAGTGTCGGCCC-1,0.005414,0.001678,0.992907
ACGGGCGTATGCGACA-1,0.000015,0.000015,0.999969
ACGGGTCATGTGACTT-1,0.000056,0.000056,0.999887
ACGGTCACCGAGAACA-1,0.036321,0.021804,0.941875
ACGTACAGATTTCTCT-1,0.000274,0.016371,0.983355
ACGTACTTTGGCACGG-1,0.058326,0.033973,0.907702
ACGTAGATTGCTGATG-1,0.000019,0.104745,0.895236
ACGTAGGAGAGTCGCT-1,0.359456,0.233312,0.407232
ACGTATTACTCCGATC-1,0.490792,0.039463,0.469746
ACGTCCTAAACGAGAT-1,0.000072,0.000072,0.999855
ACGTCTCGTTCCGGGA-1,0.033484,0.079905,0.886612
ACGTGACAAAGTAAGT-1,0.116804,0.000048,0.883148
ACGTGCGCCTCGTGCA-1,0.008395,0.016317,0.975288
ACGTGGTCGAATGTGC-1,0.016117,0.00008,0.983803
ACGTTAATGTCGAAGA-1,0.071401,0.230564,0.698035
ACGTTAGATTTGCCCG-1,0.026852,0.000021,0.973127
ACGTTATTGGTCACTC-1,0.000027,0.000027,0.999945
ACGTTCCGCGCTCCGT-1,0.000018,0.003044,0.996938
ACGTTCGCAATCAATT-1,0.005154,0.030247,0.964599
ACGTTCGTTCAGGAAA-1,0.00001,0.01961,0.980381
ACGTTCTGTACAAGTC-1,0.805715,0.006232,0.188052
ACGTTTAGTTGTGATC-1,0.000011,0.001629,0.99836
ACTAATACGTCAGGCG-1,0.035053,0.002202,0.962745
ACTACAAAGAGAGGTG-1,0.163063,0.152675,0.684262
ACTACATCCCGACAAG-1,0.000019,0.004504,0.995476
ACTACCAGCTCTCTGG-1,0.00002,0.000725,0.999255
ACTACGCGTTAGAATT-1,0.030188,0.019425,0.950387
ACTAGTTGCGATCGTC-1,0.823087,0.037974,0.138938
ACTATATGCTGTGTTC-1,0.026046,0.000042,0.973913
ACTATCCAGGGCATGG-1,0.014217,0.07375,0.912033
ACTATCTGCCCGCGTA-1,0.682546,0.072697,0.244757
ACTATGTCCAGCTGCC-1,0.000017,0.001893,0.998091
ACTATTCGTCCGTGGT-1,0.000016,0.006643,0.99334
ACTATTTCCGGGCCCA-1,0.000007,0.006246,0.993747
ACTCAACGAATGTATT-1,0.00002,0.004789,0.995191
ACTCAAGTGCAAGGCT-1,0.705263,0.007977,0.28676
ACTCAATAAAGGCACG-1,0.000021,0.027271,0.972709
ACTCAGACCTGCTTCT-1,0.000022,0.000022,0.999956
ACTCATGGCAGCCTTC-1,0.025362,0.000034,0.974604
ACTCCAATATCATCAT-1,0.000024,0.000024,0.999953
ACTCCCATTCCTAAAG-1,0.000016,0.000016,0.999969
ACTCCCGAATTCGTTT-1,0.000011,0.066596,0.933394
ACTCCCGTAGACTAGG-1,0.000014,0.018438,0.981547
ACTCCCTAATGCTAAA-1,0.000936,0.377101,0.621963
ACTCCCTAGAATAGTA-1,0.061582,0.114542,0.823876
ACTCGATGTATTTCAT-1,0.000041,0.000041,0.999917
ACTCGCCGTTCGATAA-1,0.851894,0.011644,0.136462
ACTCGCGATCTGACGC-1,0.024175,0.07428,0.901545
ACTCGTAACCCGTCCT-1,0.00002,0.00002,0.99996
ACTCGTCAGTAATCCC-1,0.000017,0.083416,0.916568
ACTCTAAACCTGGGAT-1,0.049589,0.026566,0.923846
ACTCTCTGACTTAGGT-1,0.567656,0.137168,0.295176
ACTCTCTTATACACGA-1,0.069295,0.000088,0.930616
ACTCTTCAGCTCCCGC-1,0.055755,0.120873,0.823372
ACTCTTGTATAGTAAC-1,0.026015,0.095862,0.878123
ACTGAAACGCCGTTAG-1,0.409629,0.065052,0.525319
ACTGAATGGCGAAAGT-1,0.482229,0.260047,0.257724
ACTGATTTAGTGATTC-1,0.005775,0.00652,0.987705
ACTGCCCGCCATTCTC-1,0.000023,0.000023,0.999953
ACTGCCGTCGTAACTC-1,0.000019,0.000019,0.999961
ACTGCGGACACACCGT-1,0.000016,0.063356,0.936628
ACTGCTCGGAAGGATG-1,0.106401,0.00003,0.893569
ACTGTACGATACACAT-1,0.000017,0.030255,0.969728
ACTGTAGCACTTTGGA-1,0.000013,0.004548,0.99544
ACTGTATACGCGAGCA-1,0.000018,0.000018,0.999964
ACTGTCCAGGATTATA-1,0.000033,0.080043,0.919924
ACTGTCTTCTTTAGAA-1,0.015832,0.216565,0.767603
ACTGTGCTAGTAGATC-1,0.000032,0.000032,0.999935
ACTGTTTAGTGTAGGC-1,0.025539,0.024521,0.94994
ACTTACCGGGCGCGCA-1,0.021512,0.158016,0.820472
ACTTACGCATCCACGC-1,0.325893,0.150251,0.523856
ACTTAGTACGACAAGA-1,0.000016,0.000016,0.999968
ACTTATACTTACCCGG-1,0.00001,0.143975,0.856015
ACTTATCTGATCTATA-1,0.022105,0.004898,0.972997
ACTTATTAGGATCGGT-1,0.000029,0.084931,0.91504
ACTTATTTATGTGCCA-1,0.820288,0.000047,0.179665
ACTTCAGGCTGATCCC-1,0.594825,0.018387,0.386787
ACTTCCAGTGGAAGCT-1,0.025881,0.006919,0.9672
ACTTCCATGCGGGACA-1,0.7907,0.085749,0.123551
ACTTCCTGTCGTGCGA-1,0.018597,0.02437,0.957033
ACTTCGCCATACGCAC-1,0.032946,0.010564,0.95649
ACTTCGCTAGCGAGTG-1,0.000026,0.006747,0.993226
ACTTGACTCCCTCTTT-1,0.209897,0.15462,0.635483
ACTTGCCATATTGTAC-1,0.136722,0.069675,0.793603
ACTTGGGACCCGGTGG-1,0.030916,0.027213,0.94187
ACTTGTAGTCCCTTCA-1,0.0039,0.000015,0.996085
ACTTGTGGATGGAACG-1,0.803406,0.017286,0.179308
ACTTTACCCTCATGAA-1,0.006504,0.11771,0.875785
ACTTTCCTATAGCTTC-1,0.08141,0.158164,0.760426
ACTTTGACTGCATCCT-1,0.055179,0.000548,0.944274
ACTTTGGTCGTGCTCC-1,0.000028,0.000028,0.999944
ACTTTGTCGACGCACT-1,0.9639,0.000023,0.036077
AGAAATTATGACTCGC-1,0.918234,0.001272,0.080494
AGAACCCAGCGTGACA-1,0.116069,0.104794,0.779137
AGAACCCTCAATTGGG-1,0.056454,0.000044,0.943502
AGAACGTGGTACATTC-1,0.0955,0.047796,0.856704
AGAAGAGCGCCGTTCC-1,0.107669,0.03304,0.85929
AGAAGGTACACTTCAC-1,0.17743,0.003075,0.819495
AGAAGGTTGCCGAATT-1,0.229332,0.03789,0.732778
AGAAGGTTGTAGGTCG-1,0.018349,0.197289,0.784362
AGAAGTGATTCGTGAT-1,0.000032,0.000032,0.999935
AGAATAAATCTTCAGG-1,0.000009,0.000009,0.999982
AGAATGCGGGTTCGGA-1,0.07295,0.048316,0.878733
AGAATTATGGATTCGA-1,0.012815,0.032186,0.955
AGAATTGTTTGACATA-1,0.000033,0.000033,0.999934
AGACAGCTCAGAATCC-1,0.000021,0.000021,0.999958
AGACAGGCATCTCAGC-1,0.950335,0.000026,0.049639
AGACATAGATCCTTCC-1,0.000016,0.012878,0.987106
AGACCAAACCACACCT-1,0.000028,0.000028,0.999944
AGACCATGGGATACAA-1,0.000019,0.001659,0.998322
AGACCCACCGCTGATC-1,0.041643,0.091483,0.866874
AGACCCGCCCTCCTCG-1,0.103483,0.087009,0.809509
AGACCGCTCCGCGGTT-1,0.789242,0.051402,0.159356
AGACCGGGAAACCCTG-1,0.000015,0.000015,0.99997
AGACGAAGTGCCGGTC-1,0.995359,0.004434,0.000207
AGACGACGATGCCGCT-1,0.007906,0.000018,0.992075
AGACGCCCACTTCGCC-1,0.999801,0.00002,0.000179
AGACGGGATTGGTATA-1,0.000085,0.000085,0.999829
AGACGGGCCGATTTAA-1,0.035459,0.020058,0.944483
AGACTAGCCTTCCAGA-1,0.000039,0.001283,0.998678
AGACTGTTACCGGGTC-1,0.026146,0.005946,0.967908
AGAGAAACACCAGAAA-1,0.03436,0.020144,0.945496
AGAGAACCGTCTAGGA-1,0.000014,0.013123,0.986862
AGAGAAGGAGTACAAT-1,0.000014,0.013479,0.986507
AGAGATCTCTAAAGCG-1,0.00001,0.000265,0.999726
AGAGCAGTTATGAGAC-1,0.000027,0.000027,0.999947
AGAGCCGCCGAGATTT-1,0.914704,0.000047,0.085249
AGAGCGCTTGTAACGG-1,0.000027,0.014246,0.985727
AGAGCGGGCTAATCAT-1,0.000013,0.000013,0.999974
AGAGCGTACAAGCTCG-1,0.017276,0.009862,0.972861
AGAGCTACGAAAGCAT-1,0.000083,0.000083,0.999835
AGAGGCTTCGGAAACC-1,0.936078,0.000035,0.063887
AGAGGTATCTCGGTCC-1,0.037625,0.020082,0.942292
AGAGTAAACTTCACTA-1,0.828964,0.032907,0.138129
AGAGTATAGTGTTACG-1,0.000083,0.000072,0.999845
AGAGTGAACAGACACC-1,0.012245,0.000052,0.987703
AGAGTTAGAGACCGAT-1,0.036683,0.025033,0.938284
AGATAACTTCAGGGCC-1,0.060188,0.062267,0.877545
AGATACCAATAGAACC-1,0.98004,0.00002,0.01994
AGATACCAGCACTTCA-1,0.000037,0.000037,0.999927
AGATACCGGTGTTCAC-1,0.028407,0.119556,0.852037
AGATACGACTTCATAT-1,0.000013,0.000994,0.998993
AGATACTCAAGATCGA-1,0.726068,0.029637,0.244295
AGATATAATACGACTA-1,0.001698,0.142401,0.8559
AGATCGTGCATAAGAT-1,0.000019,0.000019,0.999963
AGATCTCAGGTGTGAT-1,0.00001,0.058053,0.941937
AGATGACTCGCCCACG-1,0.116422,0.00728,0.876298
AGATGAGGGTTGCGAT-1,0.000023,0.016939,0.983039
AGATGATGGAGTCTGG-1,0.098117,0.162634,0.739249
AGATGCAAGACGTGCA-1,0.000012,0.002012,0.997976
AGATGCATCCTGTGTC-1,0.004311,0.000027,0.995661
AGATTATAGGACGTTT-1,0.026354,0.000046,0.9736
AGATTCAAGCGGGTCG-1,0.184312,0.017613,0.798075
AGATTCACAACCGATA-1,0.000013,0.000013,0.999973
AGCAAAGGCCGCTAGT-1,0.000717,0.176347,0.822935
AGCAACATATCTTATT-1,0.358516,0.067285,0.574199
AGCAACCGAAAGTAAT-1,0.000022,0.000022,0.999956
AGCACACGTTTAGACT-1,0.000024,0.015858,0.984119
AGCACCAGTACTCACG-1,0.005047,0.189101,0.805852
AGCACTACCGGCCTGT-1,0.000012,0.000012,0.999977
AGCACTACCTCACCAG-1,0.655143,0.082165,0.262692
AGCACTTAAGGACGCC-1,0.006613,0.044812,0.948576
AGCAGAAGGAGAAAGA-1,0.014529,0.177664,0.807806
AGCAGCCAGATGAATA-1,0.00001,0.073847,0.926143
AGCATATCAATATGCT-1,0.994325,0.000038,0.005637
AGCATCATTTCGAAAG-1,0.001893,0.000015,0.998093
AGCATCGTCGATAATT-1,0.031854,0.098991,0.869155
AGCATTACGAGGCAAG-1,0.867546,0.005214,0.12724
AGCCAAGCTTTGTGTC-1,0.007719,0.059205,0.933076
AGCCACAGGTTACCCG-1,0.580332,0.094969,0.324699
AGCCACTCCCGTGCTT-1,0.000005,0.000005,0.99999
AGCCATATAGTATGTG-1,0.507119,0.035782,0.457099
AGCCCATACATGTAAG-1,0.028528,0.009167,0.962305
AGCCCGCAACAAGCAG-1,0.140245,0.094849,0.764905
AGCCCGGCATTAGAGG-1,0.000021,0.011776,0.988203
AGCCCGGTAGCCTGTA-1,0.053834,0.055348,0.890818
AGCCCTAAGCGAAGTT-1,0.000014,0.000014,0.999973
AGCCCTCCCTGGTGGC-1,0.177298,0.02802,0.794682
AGCCCTGTCGCACCGT-1,0.000472,0.151417,0.848111
AGCCCTTCTAATCCGA-1,0.000024,0.026126,0.973851
AGCCCTTGGACATCCC-1,0.999791,0.000021,0.000188
AGCCGCAAATTCAAAT-1,0.130273,0.002653,0.867075
AGCCGTGGCTAAATGT-1,0.003041,0.000015,0.996944
AGCCTAATACCCACGT-1,0.000796,0.001114,0.99809
AGCCTTAAAGCGGAAG-1,0.000012,0.000012,0.999975
AGCGACAGGAACGGTC-1,0.00002,0.00002,0.99996
AGCGACATCCCATTCA-1,0.000015,0.03596,0.964025
AGCGACCAACGATATT-1,0.062371,0.00488,0.932749
AGCGAGACGTGAAGGC-1,0.000019,0.006353,0.993627
AGCGATGCGCCTAATA-1,0.973102,0.005962,0.020936
AGCGCATAATGAATCG-1,0.000908,0.089427,0.909665
AGCGCGGGTGCCAATG-1,0.000016,0.000016,0.999968
AGCGCTAGAGCGATGT-1,0.011061,0.008571,0.980368
AGCGCTTATGGGCAAG-1,0.035659,0.012833,0.951508
AGCGGACACTTCGTAG-1,0.061458,0.361461,0.577081
AGCGGCGGTTAGCGGT-1,0.000011,0.000011,0.999979
AGCGGGAAGGGTCCAT-1,0.000014,0.00934,0.990646
AGCGGGTCTGACACTC-1,0.157726,0.252439,0.589834
AGCGGTTGAGATGTAC-1,0.000041,0.000041,0.999919
AGCGGTTGCCGCTCTG-1,0.000014,0.046723,0.953263
AGCGTACGAGAGCTAG-1,0.000074,0.000074,0.999853
AGCGTAGCGCTAGACC-1,0.012272,0.00005,0.987678
AGCGTCTGAACCCGCA-1,0.000033,0.000836,0.999131
AGCGTGGTATTCTACT-1,0.128462,0.283908,0.58763
AGCGTTCCGATTTAAA-1,0.020944,0.000058,0.978997
AGCTAACAAGCAATGT-1,0.000959,0.059306,0.939735
AGCTAAGTACGCAGGC-1,0.292552,0.210954,0.496495
AGCTAGAAGCAGAAGT-1,0.000018,0.000299,0.999682
AGCTATTTAATCCAAC-1,0.000013,0.00555,0.994437
AGCTCCATATATGTTC-1,0.953625,0.015387,0.030989
AGCTCCTTCGCACATC-1,0.852422,0.043064,0.104514
AGCTCGTTGATGGAAA-1,0.14842,0.050963,0.800616
AGCTCTAGACGTTCCA-1,0.041779,0.187341,0.77088
AGCTCTTCCCAGTGCA-1,0.000351,0.030139,0.96951
AGCTCTTCGTAACCTT-1,0.095587,0.097143,0.80727
AGCTCTTTACTCAGTT-1,0.008893,0.016743,0.974364
AGCTGAAGTAAACCAA-1,0.000014,0.000082,0.999905
AGCTGCATTTGAGGTG-1,0.032313,0.000063,0.967624
AGCTGCTGTGCCGAAT-1,0.000068,0.000068,0.999863
AGCTGTAACCTCAATC-1,0.106886,0.019989,0.873125
AGCTTATAGAGACCTG-1,0.000069,0.000069,0.999862
AGCTTCAATACTTTGA-1,0.000064,0.000064,0.999873
AGCTTCTTCTCGAGCA-1,0.863204,0.000324,0.136472
AGCTTGATCTTAACTT-1,0.00002,0.00002,0.99996
AGGAAAGCCTCTGATG-1,0.004965,0.000039,0.994996
AGGAACGAACGACTTC-1,0.963578,0.000031,0.036391
AGGAAGCTGTCCGCCG-1,0.000011,0.210984,0.789005
AGGACAGTCGAATCCC-1,0.662568,0.040542,0.29689
AGGACATCGCACGTCG-1,0.000018,0.000018,0.999965
AGGACGACCCATTAGA-1,0.069173,0.133195,0.797632
AGGACGCTCGATGTTG-1,0.000022,0.005875,0.994103
AGGAGACATCCACAGT-1,0.016331,0.002012,0.981656
AGGAGAGTCTGGCTAC-1,0.000022,0.000022,0.999956
AGGAGGCCTTCGCGCG-1,0.900644,0.022905,0.076452
AGGATAAAGTCGGGAT-1,0.000014,0.092801,0.907186
AGGATATAGGGATTTA-1,0.887641,0.037267,0.075091
AGGATCACGCGATCTG-1,0.000014,0.000014,0.999972
AGGATTGCTTACGACA-1,0.008582,0.001911,0.989507
AGGCAAAGAGGAATCA-1,0.020181,0.010948,0.968871
AGGCACGTGACTGTCC-1,0.868173,0.000046,0.131782
AGGCAGATGCGTAAAC-1,0.013306,0.054787,0.931906
AGGCAGGGAGCGTACT-1,0.005496,0.01849,0.976014
AGGCATTGTCGTAGGG-1,0.851085,0.000504,0.148412
AGGCCACATTGGTTAC-1,0.287426,0.327474,0.3851
AGGCCACCCGTTATGA-1,0.029783,0.023053,0.947164
AGGCCCAGTGACTGGT-1,0.2303,0.000089,0.769611
AGGCCCATTGTACAGG-1,0.000014,0.007576,0.99241
AGGCCCTAGAACGCCA-1,0.003761,0.00001,0.996229
AGGCCTATCATACCAA-1,0.087267,0.115207,0.797526
AGGCCTGAGAATCTCG-1,0.565265,0.274254,0.160481
AGGCGATAACTGGCGT-1,0.965262,0.000019,0.034719
AGGCGGTTTGTCCCGC-1,0.000023,0.000023,0.999954
AGGCGTCTATGGACGG-1,0.000033,0.000033,0.999935
AGGCTATGGTTAGCTT-1,0.001701,0.005701,0.992598
AGGCTTCCCGAAGAAG-1,0.064175,0.018847,0.916978
AGGCTTGCTAGACACC-1,0.000021,0.000021,0.999958
AGGGAAACGAGGTACT-1,0.000018,0.013807,0.986175
AGGGACAGCACGGCGG-1,0.033845,0.000094,0.966061
AGGGACCGGCTGCGTT-1,0.14104,0.002225,0.856735
AGGGACTCTACGCGAC-1,0.000012,0.034418,0.96557
AGGGAGACATACTTCG-1,0.010063,0.011275,0.978662
AGGGCAGCGGCGTGGT-1,0.027768,0.069397,0.902835
AGGGCCCTAATGTTCT-1,0.84979,0.000041,0.150169
AGGGCGAGCAGCTGAT-1,0.00002,0.00002,0.99996
AGGGCGTGATCGGCTA-1,0.000008,0.000008,0.999984
AGGGCTGCAGTTACAG-1,0.069407,0.224768,0.705825
AGGGTCAGAGCACTCG-1,0.000014,0.000014,0.999971
AGGGTCAGTAACCCTA-1,0.034173,0.000363,0.965464
AGGGTCGATGCGAACT-1,0.000014,0.201648,0.798339
AGGGTGCCGTTCTTTA-1,0.000031,0.000031,0.999938
AGGGTGCTCTCGAGGG-1,0.000686,0.063699,0.935615
AGGGTGGATAGTGCAT-1,0.000023,0.000023,0.999954
AGGGTGTGCTACACGC-1,0.086033,0.02595,0.888017
AGGGTTCAGACGGTCC-1,0.129832,0.025016,0.845153
AGGGTTCCCTTTGGTT-1,0.011382,0.007715,0.980903
AGGGTTTAGTTCGGGA-1,0.002184,0.108655,0.88916
AGGTAACCTCCTATTC-1,0.000025,0.000025,0.99995
AGGTACGATATTGCCA-1,0.000017,0.020349,0.979634
AGGTAGATCGAGATAT-1,0.000025,0.000025,0.999951
AGGTAGGTACAAAGCT-1,0.000942,0.000018,0.99904
AGGTATAATTGATAGT-1,0.000011,0.118836,0.881153
AGGTATGCGGACATTA-1,0.009112,0.004949,0.985939
AGGTCAGGTGAGAGTG-1,0.062618,0.00084,0.936542
AGGTCGCCACTTCGGT-1,0.016584,0.01573,0.967686
AGGTCGCCTCCCAACA-1,0.947742,0.000033,0.052224
AGGTCGCGGAGTTACT-1,0.000016,0.004317,0.995668
AGGTGGTGACCTTCGC-1,0.000011,0.022034,0.977955
AGGTGTATCGCCATGA-1,0.000012,0.000012,0.999976
AGGTGTTGCCGACCAC-1,0.921498,0.028,0.050502
AGGTTACACCATGCCG-1,0.56166,0.077265,0.361074
AGGTTCTCCTTTCCGG-1,0.048586,0.008798,0.942616
AGGTTGAGGCACGCTT-1,0.000024,0.000024,0.999953
AGGTTTCACACACCTT-1,0.000013,0.386735,0.613252
AGTAACGTTCATCCTG-1,0.010947,0.017155,0.971898
AGTAATGTCTTGCCGC-1,0.010916,0.029211,0.959873
AGTACATCATTTATCA-1,0.02428,0.021505,0.954215
AGTACCTTCGAGTGCT-1,0.038241,0.03357,0.928188
AGTACGGCCCGTATCG-1,0.000012,0.000012,0.999975
AGTACGGGCACCTGGC-1,0.063083,0.026705,0.910212
AGTACGTGGCCTGTCT-1,0.005624,0.006131,0.988245
AGTACTCTTATGCCCA-1,0.924189,0.006585,0.069226
AGTAGAAGGCGCCTCA-1,0.215469,0.16132,0.623212
AGTAGCGTGAACGAAC-1,0.001858,0.000037,0.998106
AGTAGCTAGACGCCGA-1,0.027794,0.021998,0.950208
AGTAGGAAGGAAGTTG-1,0.000012,0.006163,0.993825
AGTAGGTAACATACAT-1,0.141876,0.012695,0.845429
AGTATAATACTAGGCA-1,0.040183,0.024316,0.935501
AGTATACACAGCGACA-1,0.015531,0.03551,0.948959
AGTATCCATAATAACG-1,0.011193,0.000053,0.988754
AGTATGCTGGAGACCA-1,0.052545,0.033813,0.913642
AGTATTTGGCACGACC-1,0.057559,0.005588,0.936853
AGTCAAATGATGTGAT-1,0.000016,0.010216,0.989768
AGTCAACACCACCATC-1,0.00001,0.048079,0.951911
AGTCAAGATGACACTT-1,0.906286,0.013984,0.079729
AGTCACTAGCTCTCGA-1,0.831436,0.000033,0.168531
AGTCACTCCGCCTCAT-1,0.000074,0.000074,0.999852
AGTCAGCCACCGCCTG-1,0.000017,0.000017,0.999965
AGTCCAGCGGGTACGT-1,0.055051,0.000044,0.944905
AGTCCATTGGCTGATG-1,0.022501,0.228087,0.749412
AGTCCCGCCTTTAATT-1,0.00002,0.015012,0.984968
AGTCCCTCGCAGAAAG-1,0.000018,0.000018,0.999964
AGTCGACGGTCTCAAG-1,0.07901,0.240285,0.680705
AGTCGGCCCAAACGAC-1,0.000015,0.021739,0.978246
AGTCGGCTCAACTTTA-1,0.00001,0.00001,0.99998
AGTCGGTTGCGTGAGA-1,0.005529,0.211501,0.78297
AGTCGTATAAAGCAGA-1,0.245665,0.082995,0.67134
AGTCGTCGACCACCAA-1,0.911928,0.002098,0.085973
AGTCGTGGGCATTACG-1,0.000029,0.000029,0.999943
AGTCTAAAGTATACTC-1,0.026254,0.020716,0.95303
AGTCTCACAAGACTAC-1,0.000013,0.045122,0.954864
AGTCTGGACATCCTTG-1,0.02016,0.015728,0.964111
AGTCTTCTCCTCAAAT-1,0.062087,0.080446,0.857467
AGTCTTTAAAGTGTCC-1,0.496195,0.09714,0.406665
AGTGAACAAACTTCTC-1,0.836275,0.008077,0.155649
AGTGAAGATGGTGTCC-1,0.000011,0.000011,0.999977
AGTGACCTACTTTACG-1,0.000009,0.169378,0.830613
AGTGACTGTGACACAA-1,0.02686,0.0177,0.95544
AGTGAGACTTCCAGTA-1,0.020153,0.043447,0.936401
AGTGAGCCTCGCCGCC-1,0.051449,0.031647,0.916904
AGTGAGGGTTTCTGAC-1,0.040518,0.012546,0.946936
AGTGAGTCGAATTAAC-1,0.805143,0.012187,0.182669
AGTGATAACCTGCGCG-1,0.721442,0.010553,0.268005
AGTGATATGAGTAGTT-1,0.00382,0.037518,0.958662
AGTGATTCAAGCAGGA-1,0.039577,0.369282,0.591141
AGTGCACGCTTAAGAA-1,0.87126,0.000038,0.128702
AGTGCGTAGCTCGTAA-1,0.000023,0.005424,0.994553
AGTGCTAAACACAGCA-1,0.795111,0.036867,0.168022
AGTGCTTGCACGAATA-1,0.479556,0.087234,0.433209
AGTGGCGGCAATTTGA-1,0.000025,0.000025,0.99995
AGTGGCGTCTGAAGGT-1,0.454331,0.180504,0.365165
AGTGGCTCCGTCGGCC-1,0.000012,0.000012,0.999977
AGTGGTGTTACCCGTG-1,0.000015,0.000015,0.99997
AGTGGTTGCGTATAGG-1,0.000008,0.000008,0.999984
AGTGTATTGCGCATTG-1,0.000015,0.002528,0.997457
AGTGTGCTAAGATCGC-1,0.000102,0.000102,0.999797
AGTGTGGTCTATTGTG-1,0.081416,0.003364,0.91522
AGTTAAACACTTGCGA-1,0.000016,0.085222,0.914762
AGTTAAGCGGTCCCGG-1,0.000018,0.001326,0.998656
AGTTAAGTCAACCGCT-1,0.000017,0.000017,0.999966
AGTTACCCTTAAGACT-1,0.000014,0.000014,0.999971
AGTTACCGCACATGGT-1,0.000014,0.000014,0.999972
AGTTACTCTATCGTGG-1,0.000013,0.03114,0.968847
AGTTATTGAAAGGTAA-1,0.056229,0.010034,0.933737
AGTTCACCGGTTGGAC-1,0.000022,0.000022,0.999957
AGTTCCTACAGAATTA-1,0.000028,0.00795,0.992022
AGTTCCTATTTATGTT-1,0.000458,0.200552,0.79899
AGTTCTGCGTTGTATC-1,0.000035,0.000035,0.999929
AGTTGACATCGGCTGG-1,0.000026,0.001141,0.998833
AGTTGACGGTCCTTGC-1,0.000011,0.085558,0.914432
AGTTGCGGTCCTCAAC-1,0.031064,0.00913,0.959806
AGTTGCTGACTGATAT-1,0.000033,0.024526,0.975442
AGTTGGCAAGGCTAGA-1,0.906631,0.003272,0.090097
AGTTTATGTAAAGACA-1,0.006423,0.027216,0.966361
AGTTTCGCAGGTCGGA-1,0.000015,0.000015,0.99997
AGTTTGCACCTGCCTC-1,0.266166,0.381001,0.352833
AGTTTGGCACGGGTTG-1,0.936733,0.000083,0.063184
AGTTTGGCCAGACCTA-1,0.000025,0.000025,0.99995
ATAAACCATTGGACGG-1,0.001427,0.013629,0.984945
ATAAACGGACCCGTAA-1,0.000017,0.172221,0.827762
ATAAACGTTGCACCAC-1,0.978789,0.019516,0.001695
ATAAAGGCTCGGTCGT-1,0.068395,0.066796,0.864809
ATAAAGGTCAAGTACG-1,0.010914,0.004812,0.984274
ATAAATATTAGCAGCT-1,0.000005,0.000005,0.999989
ATAACGCCGGAGGGTC-1,0.000007,0.098517,0.901476
ATAACGGAGTCCAACG-1,0.000019,0.005898,0.994082
ATAACGTTACCTCCAC-1,0.025766,0.00518,0.969054
ATAAGGTGGAGAACAT-1,0.369231,0.036567,0.594202
ATAAGTACCCGATTGT-1,0.032126,0.008902,0.958972
ATAAGTAGGATTCAGA-1,0.000027,0.000027,0.999946
ATAAGTAGGGCGACTC-1,0.193087,0.032085,0.774828
ATAAGTTACCGCGACG-1,0.000012,0.19577,0.804218
ATAATACCGTTAGCCG-1,0.010622,0.042819,0.946559
ATAATAGCTGTTGAAT-1,0.000019,0.117022,0.882959
ATAATAGTGTAGGGAC-1,0.038927,0.045884,0.915189
ATAATCTTGGAGAACC-1,0.116634,0.192629,0.690737
ATAATTAGCTAAGTAG-1,0.000631,0.083697,0.915672
ATACAGGCCCTCCAAT-1,0.037909,0.091412,0.870679
ATACCACGGGCAACTT-1,0.000008,0.000282,0.99971
ATACCAGCAAATTGCT-1,0.030142,0.000056,0.969802
ATACCAGGCTAATAGA-1,0.000013,0.001353,0.998633
ATACCAGGTGAGCGAT-1,0.041735,0.000078,0.958187
ATACCGTCATCCATAA-1,0.050879,0.000038,0.949083
ATACCTAACCAAGAAA-1,0.000008,0.046079,0.953913
ATACGAAGGCTTTCCA-1,0.00132,0.065202,0.933479
ATACGACAGATGGGTA-1,0.000085,0.000085,0.999831
ATACGCCGATCTACCG-1,0.016327,0.001279,0.982395
ATACGCCGGCGAAACC-1,0.159423,0.215709,0.624869
ATACGGAACGTCGTTT-1,0.018064,0.009143,0.972793
ATACGGGTTTCGATTG-1,0.000023,0.000023,0.999954
ATACGGTGAAGATGCA-1,0.000013,0.002701,0.997287
ATACGTACTTAGCCAC-1,0.446305,0.273161,0.280535
ATACGTCCACTCCTGT-1,0.82171,0.0334,0.14489
ATACGTTATGCACGGA-1,0.000014,0.073607,0.926379
ATACTACCCGTACCAC-1,0.651831,0.118745,0.229423
ATACTAGCATGACCCT-1,0.028702,0.095308,0.87599
ATACTCTCGCCACTCT-1,0.000021,0.002487,0.997492
ATACTGCCTTACACCG-1,0.262532,0.207922,0.529546
ATACTTGTTCTCGAGC-1,0.000011,0.000011,0.999978
ATAGACAACGGGACCT-1,0.000015,0.017965,0.98202
