Barcode,Topic 1,Topic 2,Topic 3,Topic 4to5,Topic 6,Topic 7,Topic 8,Topic 9
AAACAAGTATCTCCCA-1,0.191589,0.400094,0.000079,0.206829,0.201174,0.000079,0.000079,0.000079
AAACACCAATAACTGC-1,0.005976,0.290942,0.064644,0.000108,0.071893,0.000054,0.102787,0.463595
AAACAGAGCGACTCCT-1,0.05539,0.093769,0.351897,0.240323,0.219467,0.018761,0.00331,0.017082
AAACAGCTTTCAGAAG-1,0.000036,0.054611,0.012938,0.267557,0.075954,0.23555,0.31842,0.034933
AAACAGGGTCTATATT-1,0.000031,0.047738,0.002945,0.311445,0.067079,0.342249,0.030476,0.198037
AAACATGGTGAGAGGA-1,0.000021,0.271622,0.06385,0.194206,0.060827,0.024133,0.316251,0.06909
AAACATTTCCCGGATT-1,0.027268,0.360804,0.000047,0.121923,0.282709,0.195039,0.01111,0.0011
AAACCACTACACAGAT-1,0.036397,0.000026,0.026065,0.001072,0.040577,0.187415,0.006805,0.701643
AAACCCGAACGAAATC-1,0.512353,0.032559,0.003568,0.154654,0.017551,0.219,0.013789,0.046527
AAACCGGGTAGGTACC-1,0.033696,0.965323,0.00014,0.00028,0.00014,0.00014,0.00014,0.00014
AAACCGTTCGTCCAGG-1,0.026762,0.972597,0.000092,0.000183,0.000092,0.000092,0.000092,0.000092
AAACCTAAGCAGCCGG-1,0.000053,0.292761,0.004124,0.155634,0.463862,0.083458,0.000053,0.000053
AAACCTCATGAAGTTG-1,0.000073,0.105451,0.006652,0.481495,0.099262,0.008865,0.000073,0.298128
AAACGAAGAACATACC-1,0.031764,0.209782,0.257554,0.090967,0.007351,0.000037,0.000274,0.402272
AAACGAAGATGGAGTA-1,0.016524,0.103016,0.419807,0.049524,0.248217,0.003383,0.055396,0.104133
AAACGACAGTCTTGCC-1,0.000044,0.191124,0.182527,0.020912,0.445003,0.039606,0.041079,0.079706
AAACGAGACGGTTGAT-1,0.092504,0.366569,0.05896,0.462761,0.018868,0.000244,0.000047,0.000047
AAACGCCCGAGATCGG-1,0.002427,0.005822,0.015269,0.023438,0.151804,0.269851,0.239708,0.291681
AAACGCTGGGCACGAC-1,0.999334,0.000083,0.000083,0.000166,0.000083,0.000083,0.000083,0.000083
AAACGGGCGTACGGGT-1,0.115912,0.006933,0.000244,0.05472,0.344284,0.312792,0.015672,0.149443
AAACGGTTGCGAACTG-1,0.000047,0.245629,0.177658,0.08013,0.203694,0.052733,0.047868,0.192242
AAACGTGTTCGCCCTA-1,0.000078,0.22966,0.000079,0.137825,0.496346,0.070735,0.056235,0.009043
AAACTAACGTGGCGAC-1,0.000069,0.248796,0.020648,0.224905,0.20577,0.135535,0.164206,0.000069
AAACTCGGTTCGCAAT-1,0.000034,0.056151,0.054603,0.170202,0.122251,0.297292,0.223275,0.076192
AAACTCGTGATATAAG-1,0.174163,0.128808,0.000075,0.113154,0.457879,0.000075,0.000075,0.12577
AAACTGCTGGCTCCAA-1,0.015521,0.230757,0.136834,0.294134,0.212969,0.022843,0.001828,0.085114
AAACTTAATTGCACGC-1,0.000016,0.00855,0.044882,0.094775,0.011495,0.550909,0.251848,0.037526
AAACTTGCAAACGTAT-1,0.000021,0.000021,0.156116,0.273286,0.020378,0.162259,0.027883,0.360036
AAAGAATGACCTTAGA-1,0.000026,0.285709,0.014482,0.214172,0.254075,0.068563,0.090528,0.072445
AAAGAATGTGGACTAA-1,0.052714,0.061741,0.000043,0.000087,0.58391,0.061836,0.000805,0.238864
AAAGACATGAAGTTTA-1,0.015334,0.000024,0.029726,0.071405,0.000024,0.266942,0.014336,0.602208
AAAGACTGGGCGCTTT-1,0.000046,0.001433,0.000046,0.685095,0.127079,0.012002,0.000046,0.174253
AAAGCTTGCCTACATA-1,0.091431,0.000022,0.000022,0.008359,0.373796,0.04929,0.000022,0.47706
AAAGGCCCTATAATAC-1,0.007091,0.184453,0.113333,0.110698,0.154855,0.003844,0.040107,0.385619
AAAGGCTACGGACCAT-1,0.000096,0.342278,0.000096,0.165102,0.233217,0.020406,0.000096,0.238709
AAAGGCTCTCGCGCCG-1,0.004304,0.050287,0.132178,0.357037,0.004336,0.139981,0.194888,0.116988
AAAGGGATGTAGCAAG-1,0.000043,0.049755,0.392373,0.418626,0.060641,0.070169,0.007575,0.000818
AAAGGTAAGCTGTACC-1,0.018499,0.276029,0.031018,0.338432,0.277724,0.018738,0.024622,0.014938
AAAGGTCAACGACATG-1,0.000034,0.023372,0.00073,0.080813,0.297084,0.19875,0.183953,0.215265
AAAGTAGCATTGCTCA-1,0.015333,0.460976,0.000954,0.43875,0.002209,0.00007,0.00007,0.081639
AAAGTCACTGATGTAA-1,0.119357,0.491076,0.110805,0.249814,0.020987,0.000119,0.007723,0.000119
AAAGTCGACCCTCAGT-1,0.00008,0.438077,0.121876,0.369215,0.00008,0.00008,0.020048,0.050545
AAAGTGCCATCAATTA-1,0.999483,0.000065,0.000065,0.000129,0.000065,0.000065,0.000065,0.000065
AAAGTGTGATTTATCT-1,0.063309,0.749921,0.001453,0.185023,0.000073,0.000073,0.000073,0.000073
AAAGTTGACTCCCGTA-1,0.237988,0.17618,0.071901,0.268632,0.177588,0.018795,0.00011,0.048806
AAATAACCATACGGGA-1,0.015799,0.043963,0.041104,0.480369,0.161026,0.099386,0.140318,0.018035
AAATAAGGTAGTGCCC-1,0.17681,0.352096,0.000055,0.379222,0.068686,0.02227,0.000055,0.000807
AAATACCTATAAGCAT-1,0.045482,0.079089,0.273533,0.375374,0.047678,0.049529,0.11091,0.018405
AAATAGCTTAGACTTT-1,0.275693,0.183432,0.000061,0.486333,0.041566,0.012793,0.000061,0.000061
AAATAGGGTGCTATTG-1,0.000051,0.231862,0.002123,0.445032,0.239965,0.071801,0.009117,0.000051
AAATCACTCCTAAACG-1,0.000028,0.022242,0.000028,0.000056,0.249717,0.190608,0.419877,0.117446
AAATCCGATACACGCC-1,0.007614,0.316979,0.000047,0.034349,0.638815,0.0021,0.000047,0.000047
AAATCGCGGAAGGAGT-1,0.033444,0.147004,0.364958,0.315946,0.000025,0.021211,0.109439,0.007973
AAATCGTGTACCACAA-1,0.000033,0.037316,0.241932,0.398328,0.000033,0.188656,0.133671,0.000033
AAATCTAGCCCTGCTA-1,0.311702,0.124693,0.007038,0.357365,0.122042,0.073124,0.002804,0.001233
AAATCTGCCCGCGTCC-1,0.034688,0.140215,0.167056,0.442023,0.009234,0.102717,0.071342,0.032725
AAATGACTGATCAAAC-1,0.000007,0.014376,0.000937,0.093219,0.113162,0.432481,0.081346,0.264473
AAATGATTCGATCAGC-1,0.051358,0.439625,0.164264,0.218151,0.109297,0.004867,0.003231,0.009208
AAATGGCATGTCTTGT-1,0.000038,0.148174,0.053962,0.539693,0.02532,0.102435,0.073382,0.056996
AAATGGCCCGTGCCCT-1,0.007795,0.167443,0.079172,0.31896,0.168327,0.00503,0.025262,0.228011
AAATGGTCAATGTGCC-1,0.000096,0.110709,0.370895,0.345241,0.127504,0.036336,0.000096,0.009122
AAATGTATCTTATCCC-1,0.035243,0.243943,0.224444,0.155985,0.064306,0.003069,0.142709,0.130301
AAATTAACGGGTAGCT-1,0.000052,0.012203,0.489909,0.275401,0.131952,0.079411,0.009719,0.001352
AAATTAATAAGCGCGA-1,0.014843,0.00002,0.095186,0.201388,0.003775,0.356575,0.111472,0.21674
AAATTACACGACTCTG-1,0.205563,0.381704,0.16917,0.216774,0.000072,0.000072,0.026572,0.000072
AAATTACCTATCGATG-1,0.077042,0.068029,0.100766,0.299493,0.133363,0.248359,0.035603,0.037344
AAATTCCAGGTCCAAA-1,0.188173,0.524108,0.000065,0.273463,0.013997,0.000065,0.000065,0.000065
AAATTGATAGTCCTTT-1,0.000142,0.998867,0.000142,0.000283,0.000142,0.000142,0.000142,0.000142
AAATTGGTGAGAAGCA-1,0.119196,0.03174,0.109761,0.03299,0.426604,0.013847,0.000036,0.265825
AAATTTACCGAAATCC-1,0.000066,0.20175,0.006314,0.364951,0.208456,0.140155,0.0448,0.033508
AACAACTGGTAGTTGC-1,0.028184,0.295959,0.670171,0.000141,0.000071,0.000071,0.000071,0.005333
AACAATACATTGTCGA-1,0.128903,0.791149,0.000145,0.000291,0.079076,0.000145,0.000145,0.000145
AACACACGCTCGCCGC-1,0.051396,0.152859,0.048784,0.299291,0.053033,0.185564,0.199841,0.009232
AACACGACTGTACTGA-1,0.000066,0.247544,0.042828,0.62028,0.00817,0.001641,0.019069,0.060402
AACACGAGACGCGGCC-1,0.00004,0.196202,0.260531,0.299822,0.048744,0.002503,0.092111,0.100048
AACAGCTGTGTGGCAA-1,0.270828,0.252363,0.24733,0.000107,0.022862,0.000054,0.000054,0.206403
AACAGGAAATCGAATA-1,0.000042,0.107545,0.063991,0.62033,0.012007,0.128425,0.067617,0.000042
AACAGGATGGGCCGCG-1,0.054684,0.168473,0.233348,0.53684,0.000075,0.006432,0.000075,0.000075
AACAGGTAGTATGGAT-1,0.507721,0.421549,0.07011,0.000207,0.000103,0.000103,0.000103,0.000103
AACATAGCGTGTATCG-1,0.011558,0.274533,0.017214,0.414247,0.107439,0.0217,0.069683,0.083626
AACATATCAACTGGTG-1,0.000029,0.010832,0.001784,0.57958,0.155295,0.203646,0.013259,0.035576
AACATCGATACGTCTA-1,0.05037,0.000016,0.005554,0.095159,0.057975,0.6508,0.001942,0.138184
AACATTGAAGTTGATC-1,0.009056,0.139246,0.119383,0.149201,0.002336,0.008665,0.162061,0.410052
AACATTGTGACTCGAG-1,0.01118,0.120086,0.078062,0.038757,0.068044,0.003747,0.000266,0.679857
AACCAAGACTTCTCTG-1,0.033913,0.954754,0.000103,0.000205,0.010718,0.000103,0.000103,0.000103
AACCAGTATCACTCTT-1,0.000076,0.354275,0.120316,0.115446,0.194014,0.014594,0.201205,0.000076
AACCATAGGGTTGAAC-1,0.000025,0.150401,0.102174,0.208945,0.069582,0.101049,0.338216,0.029609
AACCCATCCCATGATC-1,0.026558,0.07833,0.180427,0.000092,0.009331,0.008389,0.387994,0.30888
AACCCGAGCAGAATCG-1,0.593712,0.278128,0.0001,0.002895,0.124864,0.0001,0.0001,0.0001
AACCCGATAGGGCTTC-1,0.000053,0.118631,0.000053,0.000107,0.461569,0.130321,0.289213,0.000053
AACCCGCTGTATTCCA-1,0.016652,0.043061,0.003221,0.217546,0.174562,0.110879,0.014759,0.419321
AACCCTACTGTCAATA-1,0.042964,0.04838,0.000567,0.504647,0.139348,0.194525,0.032984,0.036586
AACCCTGGTGGAACCA-1,0.000026,0.013392,0.209837,0.367088,0.046391,0.098997,0.053751,0.210518
AACCGAGCTTGGTCAT-1,0.001149,0.112629,0.146871,0.4646,0.008,0.030043,0.230821,0.005887
AACCGCTAAGGGATGC-1,0.112813,0.000033,0.000445,0.334204,0.246252,0.124717,0.000033,0.181503
AACCGTTGTGTTTGCT-1,0.077693,0.729762,0.000159,0.191752,0.000159,0.000159,0.000159,0.000159
AACCTAAAGCCGTCCG-1,0.000351,0.007094,0.097263,0.204052,0.001385,0.018773,0.061324,0.609759
AACCTCGCTTTAGCCC-1,0.000055,0.192707,0.001908,0.663215,0.115187,0.009209,0.017663,0.000055
AACCTGTCACGGAATT-1,0.127207,0.303346,0.099236,0.347113,0.122953,0.000048,0.000048,0.000048
AACCTTTAAATACGGT-1,0.03019,0.476255,0.006665,0.260855,0.208806,0.000091,0.000091,0.017046
AACCTTTACGACGTCT-1,0.033228,0.000036,0.050806,0.58497,0.090444,0.191344,0.002828,0.046343
AACGAAAGTCGTCCCA-1,0.009097,0.015492,0.037662,0.112812,0.013551,0.102046,0.438573,0.270768
AACGACCTCCTAGCCG-1,0.99968,0.00004,0.00004,0.00008,0.00004,0.00004,0.00004,0.00004
AACGATAATGCCGTAG-1,0.018413,0.16473,0.02622,0.634886,0.101314,0.012365,0.04202,0.000052
AACGATAGAAGGGCCG-1,0.000039,0.061527,0.018565,0.634002,0.042974,0.034155,0.000039,0.208698
AACGATATGTCAACTG-1,0.019391,0.018792,0.298435,0.437016,0.132136,0.058431,0.012609,0.023189
AACGCATGATCTGGGT-1,0.000072,0.269047,0.000072,0.551009,0.179584,0.000072,0.000072,0.000072
AACGCGACCTTGGGCG-1,0.000017,0.000017,0.055361,0.3819,0.011981,0.076138,0.00362,0.470966
AACGCGGTCTCCAGCC-1,0.00007,0.426526,0.160678,0.331497,0.00007,0.00007,0.081019,0.00007
AACGCTGTTGCTGAAA-1,0.000086,0.32568,0.000086,0.434938,0.162846,0.002053,0.074226,0.000086
AACGGACGTACGTATA-1,0.115338,0.215603,0.000076,0.29038,0.329802,0.000076,0.000076,0.048649
AACGGCCATCTCCGGT-1,0.028721,0.861162,0.030112,0.078774,0.000935,0.000099,0.000099,0.000099
AACGTACTGTGGGTAC-1,0.000092,0.999264,0.000092,0.000184,0.000092,0.000092,0.000092,0.000092
AACGTCAGACTAGTGG-1,0.000192,0.998461,0.000192,0.000385,0.000192,0.000192,0.000192,0.000192
AACGTCATCCGGCTTG-1,0.000016,0.218252,0.000309,0.054317,0.275485,0.013684,0.003605,0.434331
AACGTCGCTGCACTTC-1,0.054373,0.250004,0.00007,0.062227,0.543056,0.018942,0.009852,0.061477
AACGTGATGAAGGACA-1,0.000014,0.000014,0.007286,0.257777,0.000715,0.680419,0.022658,0.031118
AACGTGCGAAAGTCTC-1,0.000025,0.049948,0.161048,0.707691,0.01913,0.042948,0.00595,0.013261
AACGTTATCAGCACCT-1,0.000097,0.498718,0.117993,0.382804,0.000097,0.000097,0.000097,0.000097
AACGTTCTACCATTGT-1,0.300373,0.08317,0.233288,0.262898,0.008819,0.040306,0.041489,0.029657
AACTACCCGTTTGTCA-1,0.378683,0.411912,0.000092,0.208945,0.000092,0.000092,0.000092,0.000092
AACTAGGCTTGGGTGT-1,0.004479,0.015789,0.030334,0.439025,0.032129,0.19788,0.053754,0.22661
AACTCAAGTTAATTGC-1,0.000059,0.313685,0.034828,0.484626,0.009299,0.000059,0.001823,0.155621
AACTCCAGAGCGTGTT-1,0.048649,0.000033,0.020056,0.324476,0.27133,0.189471,0.000033,0.145952
AACTCCTAATCCCATG-1,0.019343,0.071867,0.089606,0.149425,0.132114,0.217712,0.123978,0.195956
AACTCTCAATAGAGCG-1,0.000023,0.007396,0.000027,0.515366,0.071691,0.390237,0.015238,0.000023
AACTCTCAGTGTGCTC-1,0.027199,0.272096,0.272127,0.427995,0.000042,0.000098,0.000402,0.000042
AACTGAGGTCAGCGTC-1,0.000098,0.165827,0.058835,0.283322,0.206403,0.050063,0.235353,0.000098
AACTGATATTAGGCCT-1,0.000096,0.443227,0.000096,0.556196,0.000096,0.000096,0.000096,0.000096
AACTGGGTCCCGACGT-1,0.000105,0.132587,0.168479,0.58119,0.000051,0.036161,0.081376,0.000051
AACTGGGTTCGAGCCG-1,0.014908,0.160222,0.011045,0.150618,0.08104,0.342555,0.15844,0.081172
AACTTTACGGGAGCTT-1,0.000071,0.131158,0.125087,0.596472,0.000152,0.005727,0.000071,0.141262
AACTTTCTCGATCATG-1,0.010807,0.422459,0.000257,0.24006,0.325644,0.000257,0.000257,0.000257
AAGAAAGTTTGATGGG-1,0.00003,0.241889,0.081472,0.084904,0.068018,0.012014,0.220806,0.290868
AAGAAATCACCAGATT-1,0.039095,0.150939,0.077881,0.428781,0.166083,0.1121,0.016024,0.009097
AAGACATACGTGGTTT-1,0.303227,0.563007,0.000148,0.000296,0.132879,0.000148,0.000148,0.000148
AAGACCAAATAACTCA-1,0.00394,0.062626,0.048212,0.324455,0.111041,0.128668,0.2436,0.077458
AAGACCCAACTGAACA-1,0.000053,0.302501,0.046543,0.199029,0.039347,0.007249,0.283808,0.12147
AAGACTCACGCCCACT-1,0.000018,0.000018,0.107201,0.003185,0.059859,0.549701,0.128645,0.151372
AAGACTGCAAGCTACT-1,0.036605,0.024541,0.069939,0.693106,0.034677,0.038326,0.027492,0.075315
AAGAGCTCTTTATCGG-1,0.000032,0.224809,0.312456,0.375256,0.000032,0.009477,0.077904,0.000032
AAGAGGATGTACGCGA-1,0.003564,0.995241,0.000171,0.000342,0.000171,0.000171,0.000171,0.000171
AAGAGGCATGGATCGC-1,0.056312,0.045071,0.071235,0.654993,0.046633,0.117507,0.008219,0.000032
AAGAGGCCCTTTGGAA-1,0.554186,0.000053,0.000053,0.000105,0.236148,0.003329,0.000053,0.206074
AAGATGGCACCGGACC-1,0.323114,0.201214,0.017657,0.000407,0.04698,0.000203,0.000203,0.410222
AAGATTGGCGGAACGT-1,0.062283,0.114684,0.001777,0.575638,0.126429,0.105274,0.004765,0.009151
AAGCACCCTGCGTATC-1,0.036787,0.237472,0.416242,0.139283,0.162968,0.000072,0.000072,0.007104
AAGCATACTCTCCTGA-1,0.019995,0.224328,0.20741,0.340823,0.047235,0.095812,0.059601,0.004797
AAGCCACTTGCAGGTA-1,0.003707,0.064474,0.003908,0.166718,0.022013,0.05415,0.039498,0.645532
AAGCCGAAGCGGTTTA-1,0.621314,0.330155,0.000101,0.048027,0.000101,0.000101,0.000101,0.000101
AAGCCGCCGTGAAATC-1,0.000018,0.000343,0.012831,0.28525,0.022753,0.297938,0.126759,0.254109
AAGCCGCTTTACCTTG-1,0.11048,0.001768,0.130266,0.179593,0.543491,0.033671,0.000079,0.000651
AAGCCGGAGAGCAGGA-1,0.819141,0.180191,0.000095,0.000191,0.000095,0.000095,0.000095,0.000095
AAGCGCAGGGCTTTGA-1,0.120551,0.006181,0.118232,0.120372,0.208295,0.076164,0.104925,0.24528
AAGCGGAGTGCGCGCA-1,0.003037,0.012613,0.263539,0.063213,0.477508,0.123538,0.056526,0.000026
AAGCGGCGTCATGGGT-1,0.000056,0.272883,0.067132,0.197987,0.059686,0.071344,0.178002,0.15291
AAGCGTCCCTCATCGA-1,0.051822,0.946682,0.000214,0.000428,0.000214,0.000214,0.000214,0.000214
AAGCTAGATCGAGTAA-1,0.100558,0.000026,0.03863,0.613688,0.020221,0.111581,0.002766,0.11253
AAGCTATGGATTGACC-1,0.000163,0.030082,0.000163,0.000326,0.062205,0.002018,0.200766,0.704277
AAGCTCGTGCCAAGTC-1,0.007161,0.161257,0.10956,0.716269,0.005639,0.000038,0.000038,0.000038
AAGCTCTTTCATGGTG-1,0.094707,0.001611,0.207927,0.16724,0.194748,0.260845,0.000042,0.07288
AAGGAGCGGTTGGTGC-1,0.000101,0.341859,0.08902,0.568615,0.000101,0.000101,0.000101,0.000101
AAGGATCGATCGCTTG-1,0.385608,0.327941,0.000121,0.285848,0.000121,0.000121,0.000121,0.000121
AAGGATGAGGGACCTC-1,0.039501,0.000017,0.209476,0.28977,0.006108,0.337049,0.085463,0.032616
AAGGCAGGCTGTCTCC-1,0.721956,0.047924,0.077383,0.152564,0.000043,0.000043,0.000043,0.000043
AAGGCGCGTAAAGCTT-1,0.208087,0.267613,0.44407,0.07911,0.000065,0.000065,0.000065,0.000924
AAGGCTGTGCTCATCG-1,0.000046,0.194996,0.180661,0.559901,0.000046,0.000046,0.021726,0.042579
AAGGGAACGACTGGCT-1,0.000055,0.332595,0.002624,0.219816,0.160361,0.005461,0.175182,0.103906
AAGGGACAGATTCTGT-1,0.034935,0.05444,0.083748,0.512861,0.23428,0.023621,0.042324,0.013791
AAGGGACTATGCATTC-1,0.000052,0.193884,0.045111,0.392308,0.059346,0.01349,0.068492,0.227317
AAGGGTTAGCCATGCG-1,0.676721,0.322692,0.000084,0.000168,0.000084,0.000084,0.000084,0.000084
AAGGGTTTGATTTCAG-1,0.002055,0.169209,0.169879,0.159612,0.018649,0.045195,0.271523,0.163878
AAGGTATCCTAATATA-1,0.000039,0.07985,0.104904,0.661659,0.013155,0.096917,0.016301,0.027176
AAGGTGATAAACCAGC-1,0.177971,0.183371,0.024939,0.496775,0.050683,0.062739,0.003476,0.000046
AAGTAGAAGACCGGGT-1,0.02676,0.969052,0.0035,0.000229,0.000115,0.000115,0.000115,0.000115
AAGTCAATTGTCGTCA-1,0.230857,0.012725,0.333551,0.162546,0.196722,0.042926,0.000035,0.020637
AAGTCTAGTAGCTGCC-1,0.014831,0.160548,0.079435,0.568087,0.072199,0.05803,0.046828,0.000041
AAGTCTTCTGTGGCCT-1,0.06028,0.422616,0.261214,0.000091,0.000046,0.000046,0.253615,0.002091
AAGTGACGACCGAATT-1,0.000093,0.914396,0.084956,0.000185,0.000093,0.000093,0.000093,0.000093
AAGTGAGTCGGGTTTA-1,0.000132,0.689722,0.000132,0.012247,0.297368,0.000132,0.000132,0.000132
AAGTGCAAAGGTAGAC-1,0.000417,0.45935,0.009713,0.530262,0.000065,0.000065,0.000065,0.000065
AAGTGCCTTGACTGTA-1,0.242965,0.396853,0.070973,0.193299,0.085174,0.005441,0.000093,0.005202
AAGTGCGTTAGAATCT-1,0.000173,0.673694,0.000173,0.120663,0.139118,0.000173,0.000173,0.065833
AAGTGCTTCTCTATTG-1,0.030916,0.872956,0.000098,0.000196,0.000098,0.000098,0.000098,0.09554
AAGTGTTTGGAGACGG-1,0.089377,0.064906,0.153363,0.154517,0.276708,0.208771,0.035034,0.017323
AAGTTCACTCCAAGCT-1,0.000077,0.63611,0.020486,0.268598,0.04569,0.000077,0.028887,0.000077
AAGTTCAGTCTGCGTA-1,0.001558,0.000027,0.008301,0.437516,0.033057,0.490115,0.000027,0.029399
AAGTTGTGATGTTATA-1,0.175169,0.326676,0.000205,0.00041,0.496927,0.000205,0.000205,0.000205
AAGTTTACTAATGGCA-1,0.054897,0.943643,0.000209,0.000417,0.000209,0.000209,0.000209,0.000209
AAGTTTATGGGCCCAA-1,0.00003,0.082447,0.247636,0.087199,0.294375,0.047983,0.169337,0.070993
AATAACAACGCTCGGC-1,0.042688,0.36841,0.204697,0.373659,0.000099,0.000099,0.000099,0.010248
AATAACGTCGCGCCCA-1,0.610552,0.249626,0.086624,0.000146,0.000073,0.000073,0.05193,0.000976
AATAAGTCCTCGAGAC-1,0.000075,0.221507,0.000075,0.399489,0.046746,0.124149,0.034032,0.173927
AATAATCTTCGTATCG-1,0.999182,0.000102,0.000102,0.000205,0.000102,0.000102,0.000102,0.000102
AATACAATGTTTCAGG-1,0.109309,0.054887,0.27291,0.557097,0.000147,0.000135,0.000135,0.005379
AATACCGGAGGGCTGT-1,0.000112,0.814189,0.000112,0.000224,0.124387,0.000112,0.000112,0.060754
AATACCTGATGTGAAC-1,0.013404,0.074177,0.000063,0.08772,0.631859,0.010641,0.001278,0.180857
AATAGAACAGAGTGGC-1,0.000042,0.532959,0.321833,0.140533,0.000042,0.000042,0.000042,0.004506
AATAGAATCTGTTTCA-1,0.000058,0.162534,0.000058,0.616553,0.175558,0.023425,0.001465,0.020349
AATAGCAAGCCTCCTG-1,0.000058,0.085664,0.114179,0.127205,0.281094,0.216239,0.120158,0.055403
AATAGCTACCGCGTGC-1,0.000045,0.170056,0.021173,0.481714,0.179502,0.107346,0.028297,0.011869
AATAGGCACGACCCTT-1,0.051889,0.533372,0.042244,0.000096,0.026491,0.000048,0.129944,0.215917
AATAGTCCGTCCCGAC-1,0.053103,0.055647,0.870251,0.000067,0.009567,0.000033,0.007202,0.004128
AATAGTCGCGAGTCGG-1,0.000083,0.109252,0.046302,0.545728,0.111136,0.031009,0.061067,0.095424
AATATCCTAGCAAACT-1,0.002726,0.05471,0.04191,0.132775,0.212332,0.161816,0.220323,0.173407
AATATCGAATCAATGC-1,0.465826,0.397112,0.000077,0.136678,0.000077,0.000077,0.000077,0.000077
AATATCGAGGGTTCTC-1,0.098686,0.083309,0.066886,0.454484,0.296455,0.00006,0.00006,0.00006
AATATTGGAGTATTGA-1,0.000215,0.830373,0.046689,0.00043,0.121647,0.000215,0.000215,0.000215
AATCAGGTTTCATTTA-1,0.000042,0.158701,0.040072,0.168363,0.054618,0.000107,0.006669,0.571429
AATCATGTAAAGACTC-1,0.028479,0.000028,0.000028,0.240556,0.236258,0.326276,0.000028,0.168347
AATCCAAGGGCCTGAG-1,0.054567,0.145091,0.300582,0.499523,0.000059,0.000059,0.000059,0.000059
AATCCCGCTCAGAGCC-1,0.000019,0.320099,0.114084,0.100611,0.214534,0.001782,0.002582,0.246288
AATCGAGGTCTCAAGG-1,0.045227,0.055939,0.1074,0.147877,0.265153,0.017466,0.090116,0.270822
AATCGCCTCAGCGCCA-1,0.031904,0.000067,0.003452,0.628727,0.093781,0.237942,0.000028,0.004098
AATCGCGCAGAGGACT-1,0.585435,0.259708,0.006595,0.147923,0.000085,0.000085,0.000085,0.000085
AATCGGGACACTACGA-1,0.000081,0.54443,0.2337,0.20219,0.006233,0.000081,0.000081,0.013203
AATCGGTATAGCCCTC-1,0.075199,0.338598,0.000132,0.000264,0.515585,0.000132,0.000132,0.069958
AATCGTGAGCCGAGCA-1,0.000079,0.195084,0.000079,0.254757,0.504634,0.045208,0.000079,0.000079
AATCTAGGTTTACTTG-1,0.000049,0.08843,0.069092,0.187575,0.170915,0.217427,0.079312,0.187201
AATCTATGCCGGAGCC-1,0.000067,0.101536,0.000067,0.513795,0.169567,0.214441,0.000458,0.000067
AATCTCTACTGTGGTT-1,0.016387,0.161009,0.011601,0.164146,0.038953,0.166236,0.213844,0.227826
AATCTGCGTTGGGACG-1,0.009544,0.562888,0.032046,0.309512,0.048923,0.009478,0.027546,0.000063
AATCTGGCTTTCTAGT-1,0.000065,0.370865,0.03394,0.274227,0.038583,0.000065,0.056256,0.225997
AATCTGGGTAGACCCT-1,0.127795,0.289077,0.269491,0.000098,0.035094,0.000049,0.034742,0.243654
AATGACAGCAATGTCT-1,0.056286,0.942712,0.000143,0.000286,0.000143,0.000143,0.000143,0.000143
AATGACGTAGGATGTC-1,0.000837,0.233266,0.000056,0.528736,0.236938,0.000056,0.000056,0.000056
AATGACTGTCAGCCGG-1,0.000035,0.162386,0.53551,0.214576,0.000341,0.000035,0.000035,0.087082
AATGATGATACGCTAT-1,0.00002,0.00002,0.063159,0.359715,0.018677,0.553001,0.005388,0.00002
AATGATGCGACTCCTG-1,0.000051,0.082736,0.1109,0.586383,0.213561,0.006266,0.000051,0.000051
AATGCAACCGGGTACC-1,0.000035,0.050556,0.044113,0.464634,0.000153,0.129732,0.309212,0.001566
AATGCACCAAGCAATG-1,0.000036,0.000036,0.000036,0.500965,0.093819,0.403394,0.001679,0.000036
AATGGCCGCCAATGCG-1,0.094909,0.225192,0.00712,0.000077,0.23873,0.000683,0.284106,0.149183
AATGGTCCACCGTTCA-1,0.056571,0.213639,0.265779,0.333894,0.00005,0.00005,0.00005,0.129967
AATGTATGGCACTGTA-1,0.000031,0.299748,0.261316,0.198353,0.000288,0.012658,0.213529,0.014077
AATGTGCCCGAGGTGT-1,0.006544,0.204679,0.288581,0.101101,0.012078,0.000042,0.005256,0.381719
AATGTGCTAATCTGAG-1,0.00033,0.055364,0.001066,0.200878,0.037616,0.004859,0.002704,0.697182
AATGTTAAGACCCTGA-1,0.020456,0.000012,0.187897,0.111167,0.059489,0.257258,0.076576,0.287145
AATGTTGTCGTGAGAC-1,0.401142,0.149419,0.000103,0.000205,0.448823,0.000103,0.000103,0.000103
AATTAAAGGTCGGCGT-1,0.027337,0.077557,0.179498,0.421474,0.017683,0.125975,0.101313,0.049163
AATTAACGGATTTCCA-1,0.000049,0.174665,0.167282,0.349263,0.066957,0.022486,0.138711,0.080588
AATTACGAGACCCATC-1,0.01767,0.367349,0.016245,0.314359,0.021363,0.000049,0.212659,0.050307
AATTAGCGCTGCAGCG-1,0.000033,0.179066,0.092017,0.404724,0.00993,0.124701,0.165456,0.024075
AATTATACCCAGCAAG-1,0.033881,0.010315,0.123853,0.17346,0.240381,0.079457,0.045185,0.293467
AATTCATAAGGGATCT-1,0.046207,0.387344,0.025012,0.488797,0.052391,0.000083,0.000083,0.000083
AATTCATTGTCATGCA-1,0.014692,0.313154,0.040956,0.275711,0.020658,0.085663,0.213226,0.035941
AATTCCAAGCATGTAC-1,0.000015,0.000015,0.017145,0.173137,0.000567,0.488717,0.005839,0.314564
AATTCGATTCGAGGAT-1,0.105432,0.000022,0.148257,0.053009,0.131723,0.151999,0.060761,0.348797
AATTCTAGAGTTAGGC-1,0.000035,0.0233,0.082777,0.631153,0.013273,0.195253,0.052881,0.001329
AATTGAACGCTCTGGT-1,0.048339,0.042669,0.006678,0.557263,0.23193,0.067854,0.039066,0.0062
AATTGCAGCAATCGAC-1,0.016256,0.0965,0.007976,0.07936,0.732278,0.042787,0.00005,0.024793
AATTGCGTGGATTACA-1,0.000036,0.191483,0.026105,0.304093,0.060845,0.183771,0.174809,0.058859
AATTGTGGTTGCCAAA-1,0.970447,0.028949,0.000086,0.000173,0.000086,0.000086,0.000086,0.000086
AATTTGGGACATAGTA-1,0.00006,0.207111,0.031123,0.686591,0.003573,0.056017,0.015464,0.00006
AATTTGGTTCCAAAGA-1,0.000048,0.274457,0.044795,0.5328,0.000048,0.000048,0.056178,0.091626
ACAAACCATGCGTCCT-1,0.089733,0.094098,0.106185,0.245267,0.026583,0.024065,0.233122,0.180947
ACAAACCGACAAGGCG-1,0.000049,0.234154,0.003336,0.340344,0.116582,0.011005,0.027123,0.267407
ACAAACTCCATCAGAG-1,0.19596,0.734432,0.062302,0.000074,0.002738,0.000037,0.000037,0.004419
ACAAAGAAGGTAGGCC-1,0.001047,0.25007,0.005181,0.000071,0.27563,0.01242,0.410325,0.045256
ACAAAGCATGACCTAG-1,0.300278,0.000023,0.000023,0.000046,0.246152,0.070143,0.000023,0.383314
ACAAATCGCACCGAAT-1,0.009669,0.055313,0.031024,0.675906,0.193428,0.027641,0.001941,0.005078
ACAAATGGTAGTGTTT-1,0.040676,0.031617,0.089386,0.307272,0.109071,0.388869,0.025537,0.007571
ACAAATTCAGATCTGA-1,0.027342,0.066863,0.111842,0.031606,0.101866,0.129249,0.436642,0.094589
ACAACAGCATGAGCTA-1,0.005483,0.006645,0.092201,0.730644,0.009478,0.108058,0.002825,0.044666
ACAAGCAGTGCCTAGC-1,0.04677,0.173613,0.387649,0.374793,0.000092,0.016899,0.000092,0.000092
ACAAGCTATATGGAAG-1,0.009958,0.081832,0.022945,0.122715,0.144586,0.122221,0.240331,0.255412
ACAAGGAAATCCGCCC-1,0.020025,0.146301,0.006896,0.595279,0.084613,0.084717,0.049733,0.012437
ACAAGGACAAGAGGTT-1,0.00003,0.355632,0.28033,0.363887,0.00003,0.00003,0.00003,0.00003
ACAAGGATGCTTTAGG-1,0.024037,0.385018,0.003588,0.345931,0.241243,0.000061,0.000061,0.000061
ACAAGGCCTACCAGCC-1,0.054042,0.000036,0.012039,0.055191,0.139492,0.492929,0.074106,0.172165
ACAAGGGCAGGCTCTG-1,0.01521,0.305555,0.111365,0.525128,0.018518,0.023977,0.0002,0.000048
ACAAGTAATTGTAAGG-1,0.00003,0.095193,0.010126,0.242944,0.148538,0.096994,0.131968,0.274207
ACAATAGTCGTACGTT-1,0.000064,0.111629,0.06665,0.626434,0.024098,0.036392,0.018827,0.115906
ACAATCGATCTTTATA-1,0.050396,0.520896,0.071754,0.193719,0.000083,0.000083,0.114204,0.048864
ACAATGAATACGGAGA-1,0.000115,0.518675,0.352956,0.000229,0.127681,0.000115,0.000115,0.000115
ACAATGATTCTTCTAC-1,0.000097,0.31458,0.040047,0.000408,0.33125,0.048312,0.244909,0.020397
ACAATTGTGTCTCTTT-1,0.132968,0.070785,0.210349,0.181185,0.337625,0.059173,0.000801,0.007113
ACAATTTAGGAGGCTC-1,0.004001,0.048802,0.118133,0.334308,0.000042,0.100915,0.095475,0.298325
ACAATTTGAGCAGTGG-1,0.039973,0.268752,0.067487,0.436536,0.012764,0.170195,0.002261,0.002032
ACAATTTGGCCATATT-1,0.383538,0.548751,0.000146,0.023636,0.04349,0.000146,0.000146,0.000146
ACACAAAGACGGGTGG-1,0.014678,0.000023,0.084551,0.42687,0.003261,0.24569,0.057351,0.167577
ACACAAATATTCCTAG-1,0.129089,0.045314,0.147075,0.056816,0.459709,0.10352,0.013085,0.045392
ACACACCAGGACCAGT-1,0.041367,0.196864,0.000063,0.448535,0.224474,0.070119,0.006112,0.012467
ACACACTTTCTACACG-1,0.029542,0.192405,0.222105,0.412636,0.009442,0.017858,0.093915,0.022097
ACACATGATCAAATCT-1,0.000028,0.023012,0.372643,0.058843,0.190962,0.057139,0.012628,0.284745
ACACATTTCCGTAGAC-1,0.000029,0.03181,0.00063,0.138064,0.225631,0.159745,0.345509,0.098581
ACACCACATAATTAGC-1,0.037932,0.603281,0.038389,0.195564,0.072749,0.00103,0.051,0.000055
ACACCCAGCATGCAGC-1,0.000036,0.001743,0.177873,0.597958,0.000036,0.053383,0.081869,0.087102
ACACCCGAGAAATCCG-1,0.006567,0.242669,0.202609,0.536803,0.000063,0.008973,0.002253,0.000063
ACACCCGTAAATCTGT-1,0.000077,0.000022,0.11706,0.000044,0.2821,0.092928,0.17317,0.334598
ACACCGAGCGCTCTTT-1,0.000093,0.375421,0.311888,0.018436,0.121582,0.000093,0.000093,0.172393
ACACCGGTCTGACCGC-1,0.105788,0.000017,0.053058,0.226526,0.000017,0.162068,0.371692,0.080833
ACACCTTAAGTAGGGC-1,0.063265,0.811235,0.12466,0.00028,0.00014,0.00014,0.00014,0.00014
ACACCTTACTACTTGC-1,0.722889,0.219614,0.056947,0.000183,0.000092,0.000092,0.000092,0.000092
ACACGAGACTCCTTCT-1,0.000032,0.046376,0.249496,0.608658,0.061873,0.025589,0.003,0.004975
ACACGGCACTATGCAT-1,0.000023,0.000023,0.072582,0.385755,0.000023,0.419987,0.121583,0.000023
ACACGGGAACTTAGGG-1,0.011436,0.423638,0.090341,0.474331,0.000064,0.000064,0.000064,0.000064
ACACGTAGGCCACAAG-1,0.665671,0.333624,0.000101,0.000201,0.000101,0.000101,0.000101,0.000101
ACACTGATCAAGGTGT-1,0.000035,0.002598,0.019648,0.755421,0.024605,0.042045,0.000041,0.155608
ACACTGGGACAGTCGT-1,0.571843,0.198835,0.000128,0.022739,0.206071,0.000128,0.000128,0.000128
ACAGAACTGAGAACAA-1,0.00003,0.000186,0.109103,0.215963,0.003677,0.048154,0.01076,0.612127
ACAGATTAGGTTAGTG-1,0.057109,0.941856,0.000148,0.000296,0.000148,0.000148,0.000148,0.000148
ACAGCATAGAGCCAGT-1,0.000159,0.601875,0.000159,0.157763,0.202297,0.037429,0.000159,0.000159
ACAGCGACATTCTCAT-1,0.123198,0.406621,0.00017,0.108518,0.360983,0.00017,0.00017,0.00017
ACAGCGCACCCGCAGC-1,0.000086,0.297456,0.03355,0.611968,0.038268,0.018499,0.000086,0.000086
ACAGGCACGGATCCTT-1,0.000045,0.118112,0.000045,0.157415,0.417752,0.154761,0.130028,0.021841
ACAGGCTTGCCCGACT-1,0.064433,0.282109,0.012137,0.485427,0.1436,0.000606,0.011636,0.000051
ACAGGTGTGTTGTTGC-1,0.000043,0.172791,0.031679,0.001411,0.321465,0.039973,0.233449,0.199189
ACAGTAATACAACTTG-1,0.000035,0.078628,0.019612,0.398897,0.030793,0.192249,0.179997,0.099789
ACAGTATACCGTGGGA-1,0.076069,0.45242,0.02386,0.036645,0.264847,0.040185,0.105911,0.000063
ACAGTGCAGCGCATTT-1,0.006788,0.00867,0.037289,0.007578,0.238418,0.084013,0.187313,0.429931
ACATAAGTCGTGGTGA-1,0.000051,0.178011,0.000051,0.387977,0.094322,0.060229,0.189891,0.089469
ACATAATAAGGCGGTG-1,0.000061,0.419248,0.420415,0.127805,0.000061,0.000061,0.03229,0.000061
ACATACAATCAAGCGG-1,0.027035,0.025223,0.000038,0.369135,0.151841,0.113649,0.290899,0.02218
ACATCAGCTGGGACGC-1,0.123574,0.261536,0.211756,0.318283,0.01091,0.00128,0.046899,0.025763
ACATCCCGGCCATACG-1,0.000061,0.180021,0.046438,0.482569,0.000061,0.003987,0.286803,0.000061
ACATCCTGGTAACTGT-1,0.403708,0.435321,0.146961,0.000151,0.000076,0.000076,0.013631,0.000076
ACATCGATCGTTTACC-1,0.000076,0.198055,0.062373,0.739189,0.000076,0.000076,0.000076,0.000076
ACATCGCAATATTCGG-1,0.000036,0.209226,0.000036,0.105355,0.201728,0.016414,0.056348,0.410856
ACATCGGTCAGCCGCG-1,0.611475,0.282299,0.000141,0.000281,0.000141,0.000141,0.000141,0.105382
ACATCGTATGCAATGG-1,0.030734,0.357431,0.113725,0.393792,0.090667,0.009577,0.004023,0.000053
ACATCGTTAACCTAGT-1,0.000179,0.532035,0.000179,0.054531,0.162904,0.234651,0.015343,0.000179
ACATCTCAACGCGTAA-1,0.034371,0.000023,0.332448,0.033306,0.000023,0.107955,0.000023,0.491852
ACATGCTTACGGCAGC-1,0.003368,0.000018,0.008434,0.17147,0.017991,0.201667,0.191426,0.405625
ACATGGCGCCAAAGTA-1,0.256371,0.14395,0.00006,0.30254,0.214773,0.078788,0.00147,0.002047
ACATTAGTTTATATCC-1,0.000056,0.066722,0.03481,0.555603,0.014194,0.137022,0.191538,0.000056
ACATTCGCGCGGAATA-1,0.002489,0.00001,0.152024,0.105937,0.000013,0.033272,0.049291,0.656965
ACATTTGAAACCTAAC-1,0.137904,0.057178,0.001979,0.001155,0.361392,0.043751,0.285397,0.111243
ACCAAACACCCAGCGA-1,0.000037,0.066784,0.009296,0.381817,0.450231,0.048852,0.040039,0.002944
ACCAAACTAGAAATCC-1,0.000169,0.670141,0.000169,0.04238,0.192617,0.000169,0.000169,0.094186
ACCAACACCACACACT-1,0.000038,0.299644,0.020897,0.487009,0.168477,0.02151,0.002386,0.000038
ACCAACCGCACTCCAC-1,0.176504,0.042792,0.000034,0.000069,0.375376,0.008368,0.027195,0.369663
ACCAACGCTTATTTAT-1,0.000066,0.298621,0.07764,0.35372,0.025191,0.000066,0.000066,0.244629
ACCAAGAACGCGTGTC-1,0.000044,0.184058,0.224838,0.530334,0.021554,0.000044,0.000044,0.039083
ACCAAGTCATCGGCAG-1,0.206146,0.49488,0.000089,0.000177,0.288454,0.000089,0.005045,0.005121
ACCAATATGCAAGTTA-1,0.0217,0.008055,0.044047,0.431425,0.027824,0.43304,0.005963,0.027946
ACCACAACTCAGAACA-1,0.000051,0.038923,0.103107,0.321529,0.006721,0.268919,0.245761,0.014988
ACCACAAGTTTCTATC-1,0.000105,0.373701,0.025155,0.569933,0.007531,0.000105,0.023363,0.000105
ACCACACGGTTGATGG-1,0.034862,0.053806,0.084462,0.292916,0.286025,0.063533,0.094152,0.090244
ACCACCAATGTAACAA-1,0.229196,0.512517,0.000082,0.257875,0.000082,0.000082,0.000082,0.000082
ACCACCCTCTCTTCTA-1,0.000047,0.003218,0.000047,0.120899,0.422473,0.401281,0.025801,0.026234
ACCACGTGCAGCTATA-1,0.014637,0.017364,0.123396,0.477674,0.018185,0.271546,0.077172,0.000026
ACCAGACCATAACAAC-1,0.00004,0.230885,0.103643,0.1912,0.018967,0.051994,0.25706,0.146211
ACCAGCCCGGTCTTTG-1,0.000067,0.045896,0.107983,0.398657,0.190467,0.02121,0.031425,0.204295
ACCAGTGCCCGGTCAA-1,0.124662,0.000037,0.02821,0.051383,0.109784,0.423812,0.026474,0.235641
ACCAGTGCGGGAGACG-1,0.036052,0.087559,0.131833,0.340342,0.404071,0.000048,0.000048,0.000048
ACCATATCCGCAATAA-1,0.035496,0.412225,0.237358,0.129496,0.000049,0.000049,0.183886,0.001442
ACCATCCGCCAACTAG-1,0.000082,0.505605,0.253911,0.041745,0.00243,0.000082,0.112717,0.083427
ACCATCGTATATGGTA-1,0.029837,0.564858,0.107413,0.274935,0.022666,0.000096,0.000096,0.000096
ACCATTAAGGGTGTCA-1,0.038445,0.960487,0.000153,0.000305,0.000153,0.000153,0.000153,0.000153
ACCCAACGCCCGTGGC-1,0.000055,0.390753,0.000055,0.44047,0.132607,0.000792,0.035212,0.000055
ACCCATCTTGAGGGTA-1,0.026316,0.486257,0.123704,0.363388,0.000084,0.000084,0.000084,0.000084
ACCCATTTGTCCCTCT-1,0.280918,0.244915,0.00988,0.319428,0.142954,0.000054,0.000054,0.001796
ACCCGAGCGAAATTAC-1,0.000058,0.41359,0.008027,0.208722,0.046884,0.000058,0.001746,0.320916
ACCCGATTGGTTCCGA-1,0.175144,0.514915,0.223937,0.040654,0.000063,0.000063,0.000063,0.045161
ACCCGGAAACTCCCAG-1,0.000063,0.24157,0.082901,0.471674,0.035741,0.014792,0.153195,0.000063
ACCCGGAGCACCACAA-1,0.999586,0.000052,0.000052,0.000103,0.000052,0.000052,0.000052,0.000052
ACCCGGATGACGCATC-1,0.080544,0.095075,0.00006,0.524062,0.292249,0.00789,0.00006,0.00006
ACCCGGTTACACTTCC-1,0.000025,0.000025,0.197194,0.447317,0.006381,0.31124,0.001469,0.036348
ACCCGTAGCAGAGAAT-1,0.000039,0.206967,0.06414,0.372372,0.070175,0.033543,0.181659,0.071106
ACCCGTAGTCTAGTTG-1,0.865448,0.053611,0.000068,0.000137,0.019413,0.000068,0.027759,0.033496
ACCCGTGTCATCAGTA-1,0.000096,0.300017,0.021101,0.591618,0.025224,0.005468,0.054806,0.001671
ACCCTCCCGTCAGGGC-1,0.008247,0.139684,0.000058,0.081746,0.735043,0.013884,0.021279,0.000058
ACCCTCCCTTGCTATT-1,0.026637,0.028363,0.057644,0.300335,0.408761,0.116592,0.026104,0.035565
ACCCTGGTAACGCCCT-1,0.052101,0.000035,0.000035,0.052234,0.214413,0.57167,0.000035,0.109476
ACCCTTCATCTGCGAA-1,0.031183,0.292532,0.146202,0.265693,0.002152,0.024014,0.077065,0.161159
ACCCTTGCCTGGGTCG-1,0.031419,0.024856,0.000046,0.331568,0.396289,0.205377,0.006891,0.003554
ACCCTTTAGTTCTCCA-1,0.000032,0.000032,0.161686,0.139477,0.003271,0.394086,0.009131,0.292285
ACCGAAAGGGCCCTGC-1,0.038765,0.410876,0.105776,0.44255,0.000084,0.000084,0.000084,0.001781
ACCGAAGAGTCTGGTT-1,0.03293,0.127906,0.235962,0.013797,0.239896,0.012688,0.026642,0.310179
ACCGACACATCTCCCA-1,0.000024,0.000024,0.005559,0.089731,0.000024,0.797205,0.09551,0.011922
ACCGACTGAGTCCCAC-1,0.000081,0.417791,0.003604,0.578201,0.000081,0.000081,0.000081,0.000081
ACCGAGTCTCCTTATT-1,0.084813,0.000057,0.000057,0.00215,0.568462,0.103809,0.031579,0.209074
ACCGATAGGCATAACC-1,0.769611,0.062157,0.000091,0.000181,0.16769,0.000091,0.000091,0.000091
ACCGATATTTAATCAT-1,0.951325,0.000103,0.047957,0.000205,0.000103,0.000103,0.000103,0.000103
ACCGATGGTAGCATCG-1,0.01949,0.009709,0.001338,0.355702,0.066351,0.525818,0.011584,0.010008
ACCGCAATAACTGCCT-1,0.107622,0.099651,0.006305,0.396657,0.218849,0.10257,0.010174,0.058172
ACCGCGGTGGAAGTCG-1,0.637931,0.20277,0.000091,0.158845,0.000091,0.000091,0.000091,0.000091
ACCGCTAGTCATTGGT-1,0.00003,0.157016,0.052104,0.049278,0.079422,0.006138,0.009285,0.646725
ACCGGGCCTTTGTTGA-1,0.09367,0.605111,0.0001,0.289888,0.010928,0.0001,0.0001,0.0001
ACCGGTCAGGTACACC-1,0.029128,0.17686,0.131689,0.194057,0.069223,0.02608,0.255178,0.117784
ACCGGTCTGAGTACGG-1,0.00003,0.031384,0.006839,0.111279,0.031434,0.69423,0.120116,0.004689
ACCGTCCACTGGGCCC-1,0.000016,0.046094,0.057073,0.333743,0.058441,0.26419,0.10805,0.132393
ACCGTTCCCGCTCTGA-1,0.048906,0.113502,0.279536,0.106911,0.050252,0.000065,0.000065,0.400764
ACCTAAGTACCTTTCA-1,0.339099,0.656201,0.004196,0.000168,0.000084,0.000084,0.000084,0.000084
ACCTAATCGACTTCCT-1,0.024857,0.23039,0.394985,0.312569,0.00013,0.00013,0.00013,0.036808
ACCTACAGTATGTGGT-1,0.436783,0.517026,0.000151,0.045437,0.000151,0.000151,0.000151,0.000151
ACCTACTATAAATCTA-1,0.00001,0.00001,0.029089,0.120691,0.00001,0.340035,0.185894,0.324262
ACCTCAGCGAGGCGCA-1,0.063397,0.112359,0.000038,0.138204,0.354911,0.172781,0.118113,0.040196
ACCTCCGCCCTCGCTG-1,0.473792,0.513576,0.0001,0.000199,0.0001,0.0001,0.012034,0.0001
ACCTCCGTTATTCACC-1,0.264238,0.735021,0.000106,0.000212,0.000106,0.000106,0.000106,0.000106
ACCTCGAACTTATGCT-1,0.00022,0.042094,0.036324,0.147433,0.018714,0.062851,0.349371,0.342992
ACCTGCGTGTCATGTT-1,0.000076,0.191769,0.287498,0.192554,0.18712,0.008844,0.001131,0.131007
ACCTTTCCTTTAGAAG-1,0.07728,0.538541,0.256578,0.009335,0.000062,0.000062,0.078581,0.03956
ACGAAATGGGCGGCAC-1,0.000112,0.999103,0.000112,0.000224,0.000112,0.000112,0.000112,0.000112
ACGACCCATGAGTTGC-1,0.910963,0.08863,0.000058,0.000116,0.000058,0.000058,0.000058,0.000058
ACGACTCTAGGGCCGA-1,0.036202,0.347792,0.000081,0.017264,0.598419,0.000081,0.000081,0.000081
ACGACTGGTCATACTC-1,0.000107,0.833426,0.000107,0.000215,0.062535,0.000107,0.003985,0.099516
ACGAGATATTTGCTTA-1,0.038979,0.186764,0.187036,0.359054,0.055531,0.044557,0.105675,0.022405
ACGAGGATACCACTCT-1,0.000045,0.160867,0.021057,0.418762,0.013464,0.030266,0.076747,0.278792
ACGAGGTTTACAACGT-1,0.014788,0.010492,0.078009,0.011688,0.078764,0.064619,0.183115,0.558525
ACGAGTACGGATGCCC-1,0.074056,0.052093,0.03277,0.656072,0.05716,0.070738,0.050991,0.00612
ACGATACATAGAACTA-1,0.000058,0.245373,0.21272,0.471224,0.070426,0.000058,0.000058,0.000083
ACGATACCTATCCTGA-1,0.000046,0.187364,0.006541,0.166219,0.109169,0.239746,0.225294,0.065621
ACGATCATACATAGAG-1,0.00004,0.050783,0.265012,0.492426,0.001404,0.055816,0.134479,0.00004
ACGATCATCTTGTAAA-1,0.103279,0.509655,0.000073,0.374259,0.012517,0.000073,0.000073,0.000073
ACGATGCATATGTTAT-1,0.000112,0.513882,0.000112,0.449779,0.010443,0.000112,0.000112,0.025445
ACGATGGATCCGATGC-1,0.00005,0.108769,0.038887,0.69246,0.01785,0.002725,0.136377,0.002883
ACGCAAACTAATAGAT-1,0.053518,0.941324,0.00011,0.000219,0.004501,0.00011,0.00011,0.00011
ACGCAATCACTACAGC-1,0.000033,0.002145,0.016708,0.49034,0.051834,0.415047,0.02386,0.000033
ACGCATAAATGACATG-1,0.079384,0.082784,0.008878,0.005894,0.105321,0.394549,0.314119,0.009071
ACGCATACGTTTACTA-1,0.115992,0.109551,0.000075,0.188456,0.425883,0.007628,0.000075,0.15234
ACGCATTCGTGAGTAC-1,0.000037,0.049293,0.120318,0.608633,0.000037,0.112322,0.107224,0.002136
ACGCCACTCGAAACAG-1,0.020391,0.023706,0.01217,0.085322,0.157908,0.30414,0.262118,0.134246
ACGCCAGATGATTTCT-1,0.050718,0.003344,0.066473,0.571408,0.01457,0.144993,0.148449,0.000045
ACGCCAGTGCGTTTGC-1,0.472067,0.000046,0.000046,0.000091,0.12015,0.010356,0.000046,0.397199
ACGCCCAGCTGTCGAT-1,0.000046,0.000046,0.00321,0.379842,0.078906,0.073967,0.000046,0.463935
ACGCCGCTAGACGACC-1,0.003623,0.06844,0.096581,0.560501,0.081107,0.04912,0.015908,0.124718
ACGCGAAGTCAGACGA-1,0.000026,0.000026,0.691134,0.090721,0.058124,0.1599,0.000042,0.000026
ACGCGCTACACAGGGT-1,0.039361,0.81695,0.020699,0.122572,0.000105,0.000105,0.000105,0.000105
ACGCGGGCCAAGGACA-1,0.000027,0.070723,0.2078,0.490978,0.002669,0.024779,0.196651,0.006373
ACGCGTTTCTTAAGAG-1,0.00003,0.061544,0.187266,0.295813,0.000115,0.07127,0.261216,0.122746
ACGCTACTGAATGGGC-1,0.621911,0.377407,0.000097,0.000195,0.000097,0.000097,0.000097,0.000097
ACGCTAGTATCAGTGC-1,0.052692,0.00004,0.00004,0.000079,0.194288,0.274514,0.203318,0.275029
ACGCTAGTGATACACT-1,0.026657,0.048466,0.000039,0.547519,0.239334,0.004259,0.000039,0.133685
ACGCTGTGAGGCGTAG-1,0.000122,0.333553,0.000122,0.561572,0.000122,0.000122,0.088359,0.016028
ACGCTTAGTGTCTCTC-1,0.00007,0.181959,0.164791,0.161942,0.010082,0.014727,0.434568,0.031862
ACGGAACACGAGTGCC-1,0.000022,0.000022,0.000022,0.024588,0.134563,0.749124,0.049502,0.042156
ACGGAATTTAGCAAAT-1,0.05297,0.246014,0.047412,0.641255,0.000158,0.011873,0.000158,0.000158
ACGGACGCAGCGACAA-1,0.000053,0.37144,0.15047,0.071119,0.040723,0.006033,0.35384,0.006321
ACGGACTCTCAAAGCG-1,0.064958,0.155407,0.450012,0.084776,0.113229,0.02129,0.021884,0.088444
ACGGAGCGCAAATTAC-1,0.000049,0.2126,0.02826,0.643982,0.114231,0.000782,0.000049,0.000049
ACGGATGGTGCGGATA-1,0.021805,0.259795,0.218304,0.277976,0.012921,0.154241,0.054917,0.000042
ACGGCACTTGCTTGGG-1,0.000055,0.464511,0.080237,0.362923,0.000055,0.000055,0.092107,0.000055
ACGGCCAACATGGACT-1,0.014747,0.000018,0.007349,0.23576,0.000018,0.614078,0.104945,0.023085
ACGGCGACGATGGGAA-1,0.006386,0.082163,0.082889,0.264985,0.266176,0.184159,0.101368,0.011874
ACGGCTGGATGTAGAA-1,0.000024,0.009565,0.023715,0.165525,0.119028,0.24437,0.250216,0.187557
ACGGGAGTGTCGGCCC-1,0.000132,0.730634,0.000132,0.186583,0.000132,0.000132,0.000132,0.082126
ACGGGCGTATGCGACA-1,0.008898,0.105534,0.000049,0.122032,0.410549,0.0699,0.00565,0.277388
