Barcode,Topic 1,Topic 2to7,Topic 8,Topic 9
AAACAAGTATCTCCCA-1,0.000023,0.99993,0.000023,0.000023
AAACATTTCCCGGATT-1,0.000038,0.953521,0.000038,0.046403
AAACCCGAACGAAATC-1,0.000025,0.98249,0.000025,0.01746
AAACCGGGTAGGTACC-1,0.000031,0.045648,0.879833,0.074488
AAACCGTTCGTCCAGG-1,0.000065,0.91817,0.039532,0.042233
AAACCTAAGCAGCCGG-1,0.000047,0.52415,0.000047,0.475757
AAACGAGACGGTTGAT-1,0.000072,0.761123,0.000072,0.238734
AAACGGGCGTACGGGT-1,0.000018,0.967488,0.001651,0.030843
AAACGGTTGCGAACTG-1,0.000023,0.975931,0.011873,0.012173
AAACTCGGTTCGCAAT-1,0.000049,0.714613,0.037684,0.247654
AAACTGCTGGCTCCAA-1,0.00002,0.938036,0.027115,0.034828
AAAGAATGTGGACTAA-1,0.000021,0.999938,0.000021,0.000021
AAAGGCTACGGACCAT-1,0.000022,0.997642,0.000022,0.002314
AAAGGCTCTCGCGCCG-1,0.000052,0.959972,0.000052,0.039923
AAAGGGATGTAGCAAG-1,0.000035,0.800506,0.114783,0.084675
AAAGTGTGATTTATCT-1,0.000061,0.736737,0.024261,0.238941
AAAGTTGACTCCCGTA-1,0.000028,0.992697,0.007247,0.000028
AAATAAGGTAGTGCCC-1,0.000032,0.978736,0.000032,0.021199
AAATACCTATAAGCAT-1,0.000023,0.977014,0.019517,0.003445
AAATAGCTTAGACTTT-1,0.000037,0.818528,0.07197,0.109465
AAATAGGGTGCTATTG-1,0.000103,0.189487,0.006484,0.803927
AAATCCGATACACGCC-1,0.000023,0.91756,0.000023,0.082394
AAATCGTGTACCACAA-1,0.000058,0.97851,0.000058,0.021373
AAATCTAGCCCTGCTA-1,0.000033,0.938856,0.006543,0.054569
AAATGGTCAATGTGCC-1,0.000023,0.961643,0.037636,0.000697
AAATTAACGGGTAGCT-1,0.000026,0.933889,0.06606,0.000026
AAATTACCTATCGATG-1,0.000149,0.273062,0.012065,0.714724
AAATTCCAGGTCCAAA-1,0.000027,0.881778,0.000628,0.117567
AAATTGATAGTCCTTT-1,0.000039,0.185018,0.781975,0.032967
AAATTTGCGGGTGTGG-1,0.000106,0.542918,0.301286,0.15569
AACAACTGGTAGTTGC-1,0.000034,0.858667,0.141266,0.000034
AACAATACATTGTCGA-1,0.000021,0.451702,0.511747,0.036531
AACACACGCTCGCCGC-1,0.000031,0.924325,0.000031,0.075613
AACAGCTGTGTGGCAA-1,0.000017,0.597606,0.343244,0.059133
AACAGGATGGGCCGCG-1,0.000038,0.3583,0.595045,0.046617
AACAGGTAGTATGGAT-1,0.000039,0.95316,0.033512,0.013288
AACATAGCGTGTATCG-1,0.000046,0.20958,0.005808,0.784566
AACATATCAACTGGTG-1,0.000044,0.661565,0.001744,0.336648
AACATTGTGACTCGAG-1,0.000029,0.960003,0.039938,0.000029
AACCCAGAGACGGAGA-1,0.000043,0.735747,0.264167,0.000043
AACCCGAGCAGAATCG-1,0.000022,0.950659,0.048885,0.000434
AACCCTACTGTCAATA-1,0.00003,0.941419,0.00003,0.058521
AACCGAGCTTGGTCAT-1,0.000023,0.99993,0.000023,0.000023
AACCGCTAAGGGATGC-1,0.000056,0.487845,0.02248,0.489618
AACCTCGCTTTAGCCC-1,0.000109,0.260346,0.071161,0.668384
AACCTGTCACGGAATT-1,0.000022,0.999933,0.000022,0.000022
AACCTTTAAATACGGT-1,0.000166,0.590016,0.000166,0.409652
AACGATAATGCCGTAG-1,0.000106,0.772753,0.000106,0.227035
AACGATATGTCAACTG-1,0.000066,0.967838,0.027928,0.004167
AACGCGACCTTGGGCG-1,0.000022,0.797335,0.10343,0.099213
AACGCGGTCTCCAGCC-1,0.000028,0.886393,0.068125,0.045455
AACGCTGTTGCTGAAA-1,0.000115,0.618259,0.000115,0.381511
AACGGACGTACGTATA-1,0.00008,0.579963,0.00008,0.419878
AACGGCCATCTCCGGT-1,0.000031,0.92264,0.052976,0.024352
AACGTACTGTGGGTAC-1,0.000051,0.862926,0.051581,0.085442
AACGTCAGACTAGTGG-1,0.000063,0.124339,0.648316,0.227282
AACGTCGCTGCACTTC-1,0.000026,0.577217,0.394319,0.028438
AACGTGCGAAAGTCTC-1,0.000014,0.999957,0.000014,0.000014
AACTACCCGTTTGTCA-1,0.000033,0.987245,0.000033,0.012689
AACTAGGCTTGGGTGT-1,0.000091,0.999726,0.000091,0.000091
AACTCAAGTTAATTGC-1,0.000029,0.696884,0.16557,0.137517
AACTCCAGAGCGTGTT-1,0.000056,0.965928,0.000056,0.03396
AACTCTCAATAGAGCG-1,0.00008,0.333541,0.00008,0.666299
AACTCTCAGTGTGCTC-1,0.000092,0.775124,0.049789,0.174995
AACTGATATTAGGCCT-1,0.000017,0.971425,0.028523,0.000034
AACTGGGTCCCGACGT-1,0.000039,0.827794,0.125461,0.046707
AAGACATACGTGGTTT-1,0.000022,0.382688,0.61177,0.00552
AAGACCCAACTGAACA-1,0.000021,0.99384,0.006117,0.000021
AAGACTGCAAGCTACT-1,0.000045,0.935217,0.007698,0.05704
AAGAGCTCTTTATCGG-1,0.000028,0.999916,0.000028,0.000028
AAGAGGATGTACGCGA-1,0.000023,0.25459,0.670567,0.07482
AAGAGGCATGGATCGC-1,0.000076,0.323664,0.000076,0.676185
AAGAGGCCCTTTGGAA-1,0.000021,0.879984,0.004334,0.115661
AAGATGGCACCGGACC-1,0.000021,0.973376,0.025662,0.000941
AAGATTGGCGGAACGT-1,0.000083,0.058928,0.041973,0.899017
AAGCACCCTGCGTATC-1,0.000074,0.458968,0.120826,0.420132
AAGCATACTCTCCTGA-1,0.000053,0.979497,0.000053,0.020398
AAGCCGAAGCGGTTTA-1,0.000027,0.943728,0.012263,0.043981
AAGCGCAGGGCTTTGA-1,0.000022,0.601122,0.000022,0.398833
AAGCGTCCCTCATCGA-1,0.00004,0.898108,0.057244,0.044608
AAGCTAGATCGAGTAA-1,0.000075,0.911657,0.000075,0.088193
AAGCTCGTGCCAAGTC-1,0.000041,0.965414,0.025732,0.008813
AAGCTCTTTCATGGTG-1,0.000336,0.461599,0.012886,0.525179
AAGGAGCGGTTGGTGC-1,0.000059,0.819967,0.097045,0.08293
AAGGATCGATCGCTTG-1,0.000051,0.945244,0.000051,0.054653
AAGGATGAGGGACCTC-1,0.000064,0.499397,0.020924,0.479614
AAGGCAGGCTGTCTCC-1,0.000014,0.976851,0.022169,0.000965
AAGGCGCGTAAAGCTT-1,0.00006,0.00036,0.99952,0.00006
AAGGCTGTGCTCATCG-1,0.000018,0.970562,0.029402,0.000018
AAGGGACAGATTCTGT-1,0.000177,0.449583,0.000177,0.550064
AAGGTATCCTAATATA-1,0.000032,0.912946,0.000032,0.086991
AAGGTGATAAACCAGC-1,0.00011,0.435738,0.00011,0.564041
AAGTAGAAGACCGGGT-1,0.000038,0.660492,0.104147,0.235323
AAGTAGTGACGCGAGG-1,0.000041,0.307876,0.686658,0.005424
AAGTCAATTGTCGTCA-1,0.000065,0.982653,0.000065,0.017218
AAGTGAGTCGGGTTTA-1,0.000015,0.988591,0.011379,0.000015
AAGTGCCTTGACTGTA-1,0.000138,0.733388,0.000138,0.266335
AAGTGCGTTAGAATCT-1,0.000035,0.389575,0.588135,0.022255
AAGTGTTTGGAGACGG-1,0.000194,0.366504,0.000194,0.633109
AAGTTCACTCCAAGCT-1,0.000139,0.34208,0.000139,0.657641
AAGTTCGGCCAACAGG-1,0.000024,0.851787,0.142436,0.005753
AAGTTGTGATGTTATA-1,0.000021,0.999938,0.000021,0.000021
AAGTTTATGGGCCCAA-1,0.000027,0.412428,0.027011,0.560535
AATAACAACGCTCGGC-1,0.000018,0.299065,0.678657,0.02226
AATAACACTAGAACAA-1,0.000029,0.94593,0.048566,0.005475
AATACCTGATGTGAAC-1,0.00004,0.909138,0.0372,0.053621
AATAGAACAGAGTGGC-1,0.000034,0.940733,0.01511,0.044124
AATAGAATCTGTTTCA-1,0.000196,0.18613,0.000196,0.813479
AATAGTCCGTCCCGAC-1,0.000034,0.992525,0.000035,0.007406
AATATCGAATCAATGC-1,0.000058,0.914884,0.004481,0.080576
AATATCGAGGGTTCTC-1,0.000023,0.996762,0.000023,0.003192
AATCATGTAAAGACTC-1,0.000062,0.939432,0.000062,0.060443
AATCGAGGTCTCAAGG-1,0.000184,0.867654,0.000184,0.131978
AATCGCCTCAGCGCCA-1,0.00007,0.556953,0.00331,0.439667
AATCGCGCAGAGGACT-1,0.000059,0.889318,0.016831,0.093792
AATCGGTATAGCCCTC-1,0.000024,0.962733,0.027551,0.009692
AATCGTGAGCCGAGCA-1,0.000035,0.399068,0.000035,0.600862
AATCTATGCCGGAGCC-1,0.000044,0.889701,0.011551,0.098704
AATCTGCGTTGGGACG-1,0.000138,0.197139,0.000138,0.802586
AATGACAGCAATGTCT-1,0.000047,0.186586,0.751474,0.061894
AATGACGTAGGATGTC-1,0.000106,0.147717,0.000106,0.852071
AATGACTGTCAGCCGG-1,0.000026,0.749093,0.146492,0.104389
AATGATGATACGCTAT-1,0.000171,0.266627,0.000171,0.733031
AATGATGCGACTCCTG-1,0.000045,0.76434,0.010931,0.224684
AATGCAACCGGGTACC-1,0.000015,0.999954,0.000015,0.000015
AATGGTTCTCACAAGC-1,0.000055,0.000329,0.932877,0.066739
AATGTGCCCGAGGTGT-1,0.000037,0.484898,0.392385,0.12268
AATGTTAAGACCCTGA-1,0.000045,0.559687,0.008092,0.432176
AATGTTGTCGTGAGAC-1,0.000014,0.983159,0.016043,0.000785
AATTAAAGGTCGGCGT-1,0.00005,0.917825,0.035923,0.046203
AATTAACGGATTTCCA-1,0.000081,0.91332,0.000082,0.086517
AATTAGCGCTGCAGCG-1,0.000041,0.947315,0.033971,0.018673
AATTATACCCAGCAAG-1,0.000037,0.901737,0.000037,0.09819
AATTCATAAGGGATCT-1,0.000092,0.063924,0.08469,0.851293
AATTCCAAGCATGTAC-1,0.000046,0.833225,0.045437,0.121292
AATTCGATTCGAGGAT-1,0.000081,0.275106,0.045077,0.679737
AATTCTAGAGTTAGGC-1,0.000032,0.999905,0.000032,0.000032
AATTGAACGCTCTGGT-1,0.000226,0.296218,0.068264,0.635293
AATTGCAGCAATCGAC-1,0.000028,0.971661,0.000028,0.028283
ACAAAGCATGACCTAG-1,0.00002,0.950478,0.00002,0.049482
ACAAATCGCACCGAAT-1,0.000173,0.231789,0.000173,0.767865
ACAAATGGTAGTGTTT-1,0.00025,0.491297,0.00025,0.508202
ACAACAGCATGAGCTA-1,0.000044,0.953493,0.019338,0.027124
ACAAGGAAATCCGCCC-1,0.000067,0.700571,0.000067,0.299296
ACAAGGACAAGAGGTT-1,0.000041,0.073959,0.925959,0.000041
ACAAGGATGCTTTAGG-1,0.000059,0.762636,0.000059,0.237246
ACAAGGGCAGGCTCTG-1,0.000096,0.329518,0.071241,0.599145
ACAATCCATTTAAACC-1,0.000031,0.232083,0.767855,0.000031
ACAATGAATACGGAGA-1,0.000031,0.093584,0.83493,0.071455
ACAATTGTGTCTCTTT-1,0.000118,0.764116,0.037444,0.198322
ACAATTTGAGCAGTGG-1,0.00005,0.98431,0.00005,0.01559
ACACAAAGACGGGTGG-1,0.00004,0.933734,0.029336,0.03689
ACACACCAGGACCAGT-1,0.00008,0.289802,0.00008,0.710037
ACACATTTCCGTAGAC-1,0.000039,0.80081,0.073048,0.126102
ACACCACATAATTAGC-1,0.000017,0.904041,0.091854,0.004088
ACACCCAGCATGCAGC-1,0.000048,0.695517,0.121138,0.183297
ACACCCGAGAAATCCG-1,0.000038,0.001184,0.856724,0.142055
ACACCTTAAGTAGGGC-1,0.000024,0.854977,0.144974,0.000024
ACACCTTACTACTTGC-1,0.000031,0.999908,0.000031,0.000031
ACACGAGACTCCTTCT-1,0.000142,0.670192,0.107793,0.221873
ACACGGGAACTTAGGG-1,0.000091,0.969878,0.014232,0.015799
ACACGTAGGCCACAAG-1,0.000029,0.918199,0.000029,0.081744
ACACTGATCAAGGTGT-1,0.000056,0.949888,0.032672,0.017383
ACACTGGGACAGTCGT-1,0.00003,0.862781,0.013853,0.123336
ACAGCGACATTCTCAT-1,0.00004,0.995263,0.00004,0.004657
ACAGGCACGGATCCTT-1,0.000023,0.998141,0.000023,0.001813
ACAGGCTTGCCCGACT-1,0.000097,0.207228,0.14823,0.644445
ACAGGTGGAGGTGAGG-1,0.00004,0.950649,0.039548,0.009763
ACATAATAAGGCGGTG-1,0.000046,0.878869,0.006827,0.114259
ACATCCCGGCCATACG-1,0.000057,0.976534,0.000057,0.023351
ACATCCTGGTAACTGT-1,0.000087,0.516785,0.000087,0.48304
ACATCGATCGTTTACC-1,0.000022,0.999935,0.000022,0.000022
ACATCGGTCAGCCGCG-1,0.000051,0.646451,0.101689,0.251809
ACATCGTATGCAATGG-1,0.000075,0.259085,0.038086,0.702754
ACATGGCGCCAAAGTA-1,0.000034,0.933392,0.000034,0.066541
ACATTAGTTTATATCC-1,0.000065,0.83788,0.072055,0.090001
ACATTTGAAACCTAAC-1,0.000044,0.940619,0.000044,0.059292
ACCAACCGCACTCCAC-1,0.000021,0.965132,0.013167,0.021681
ACCAACGCTTATTTAT-1,0.000044,0.997317,0.001367,0.001272
ACCAAGAACGCGTGTC-1,0.000031,0.778077,0.165396,0.056496
ACCAAGTCATCGGCAG-1,0.000012,0.999882,0.000094,0.000012
ACCAATATGCAAGTTA-1,0.000115,0.224538,0.000115,0.775233
ACCACAAGTTTCTATC-1,0.000052,0.743652,0.098739,0.157557
ACCACACGGTTGATGG-1,0.000065,0.766895,0.014278,0.218762
ACCACCAATGTAACAA-1,0.000064,0.711173,0.000065,0.288698
ACCACGTGCAGCTATA-1,0.000104,0.212422,0.012336,0.775138
ACCAGTGCGGGAGACG-1,0.000095,0.729275,0.000095,0.270535
ACCATATCCGCAATAA-1,0.000055,0.81092,0.024702,0.164323
ACCATCGTATATGGTA-1,0.00005,0.75452,0.077594,0.167837
ACCCAACGCCCGTGGC-1,0.000061,0.228469,0.017587,0.753884
ACCCATCTTGAGGGTA-1,0.000036,0.805693,0.182789,0.011482
ACCCATTTGTCCCTCT-1,0.000034,0.999878,0.000034,0.000053
ACCCGGAAACTCCCAG-1,0.000059,0.9565,0.008991,0.034451
ACCCGGATGACGCATC-1,0.000067,0.766674,0.068549,0.164709
ACCCGGTTACACTTCC-1,0.000036,0.94538,0.022183,0.032401
ACCCGTGTCATCAGTA-1,0.000084,0.914623,0.000084,0.08521
ACCCTATGCCATATCG-1,0.000063,0.730334,0.068724,0.200879
ACCCTCCCGTCAGGGC-1,0.000027,0.810258,0.000027,0.189688
ACCCTCCCTTGCTATT-1,0.000311,0.485053,0.000311,0.514325
ACCGACACATCTCCCA-1,0.000059,0.910182,0.000059,0.089699
ACCGACTGAGTCCCAC-1,0.000074,0.744418,0.000074,0.255434
ACCGAGTCTCCTTATT-1,0.000098,0.295023,0.000098,0.704781
ACCGATAGGCATAACC-1,0.000027,0.589639,0.368045,0.042289
ACCGATGGTAGCATCG-1,0.000093,0.25553,0.000093,0.744284
ACCGCAATAACTGCCT-1,0.000095,0.160796,0.184319,0.65479
ACCGCGGTGGAAGTCG-1,0.00005,0.977251,0.00005,0.022649
ACCGGGCCTTTGTTGA-1,0.000065,0.856999,0.046379,0.096557
ACCGTGACCACGTGGG-1,0.000019,0.921223,0.078515,0.000243
ACCTAAGTACCTTTCA-1,0.000073,0.096864,0.827204,0.075859
ACCTACAGTATGTGGT-1,0.00003,0.930063,0.021534,0.048373
ACCTACTATAAATCTA-1,0.000035,0.842809,0.058571,0.098585
ACCTCCGCCCTCGCTG-1,0.000062,0.967444,0.026318,0.006176
ACCTCCGTTATTCACC-1,0.000063,0.790048,0.036117,0.173772
ACGACTCTAGGGCCGA-1,0.000039,0.984113,0.000039,0.015809
ACGAGTACGGATGCCC-1,0.00002,0.999941,0.00002,0.00002
ACGATACATAGAACTA-1,0.000033,0.988619,0.000033,0.011316
ACGATCATACATAGAG-1,0.000033,0.981476,0.018458,0.000033
ACGATCATCTTGTAAA-1,0.000026,0.999923,0.000026,0.000026
ACGATGCATATGTTAT-1,0.000022,0.907876,0.085797,0.006305
ACGCAAACTAATAGAT-1,0.000015,0.963293,0.020721,0.01597
ACGCAATCACTACAGC-1,0.000022,0.999934,0.000022,0.000022
ACGCATACGTTTACTA-1,0.000048,0.894812,0.000048,0.105091
ACGCATTCGTGAGTAC-1,0.000027,0.975058,0.007977,0.016938
ACGCCACTCGAAACAG-1,0.000036,0.797473,0.055499,0.146992
ACGCCAGATGATTTCT-1,0.00003,0.976442,0.013605,0.009923
ACGCCAGTGCGTTTGC-1,0.000031,0.931141,0.000031,0.068797
ACGCCGCTAGACGACC-1,0.000051,0.973833,0.012568,0.013549
ACGCGAAGTCAGACGA-1,0.000027,0.976115,0.023831,0.000027
ACGCGCTACACAGGGT-1,0.000055,0.182197,0.792084,0.025665
ACGCGGGCCAAGGACA-1,0.000037,0.854141,0.121435,0.024387
ACGCTAGTGATACACT-1,0.000042,0.866191,0.000042,0.133725
ACGGAACACGAGTGCC-1,0.000041,0.954232,0.000041,0.045685
ACGGACTCTCAAAGCG-1,0.000075,0.41794,0.000075,0.581909
ACGGATGGTGCGGATA-1,0.00009,0.137436,0.00009,0.862383
ACGGCACTTGCTTGGG-1,0.000064,0.891387,0.012146,0.096402
ACGGCCAACATGGACT-1,0.000065,0.955,0.012876,0.032058
ACGGCGACGATGGGAA-1,0.000122,0.402737,0.000122,0.597019
ACGGTACAGTTCAATG-1,0.000023,0.999133,0.000023,0.000821
ACGTAGATTGCTGATG-1,0.000096,0.842805,0.09708,0.060019
ACGTAGGAGAGTCGCT-1,0.000049,0.28666,0.000049,0.713242
ACGTATTACTCCGATC-1,0.000061,0.787836,0.02364,0.188464
ACGTGCGCCTCGTGCA-1,0.000062,0.655774,0.086365,0.257799
ACGTTAATGTCGAAGA-1,0.000038,0.931957,0.00452,0.063485
ACGTTAGATTTGCCCG-1,0.000036,0.835508,0.069227,0.095229
ACGTTCGCAATCAATT-1,0.000027,0.980385,0.006828,0.01276
ACGTTCGTTCAGGAAA-1,0.000042,0.954427,0.036883,0.008647
ACGTTCTGTACAAGTC-1,0.000051,0.988073,0.000051,0.011825
ACTACCAGCTCTCTGG-1,0.000094,0.10121,0.73104,0.167656
ACTACGCGTTAGAATT-1,0.000059,0.871456,0.000059,0.128427
ACTAGTTGCGATCGTC-1,0.000079,0.836612,0.081123,0.082185
ACTATCCAGGGCATGG-1,0.000057,0.884367,0.000057,0.115519
ACTATCTGCCCGCGTA-1,0.000048,0.954953,0.041188,0.003812
ACTATTTCCGGGCCCA-1,0.000019,0.973204,0.007326,0.019452
ACTCAAGTGCAAGGCT-1,0.000132,0.433593,0.000132,0.566143
ACTCAATAAAGGCACG-1,0.000032,0.947844,0.044639,0.007485
ACTCCCGAATTCGTTT-1,0.00004,0.997052,0.00004,0.002868
ACTCCCTAATGCTAAA-1,0.000078,0.829153,0.000078,0.17069
ACTCCCTAGAATAGTA-1,0.00006,0.899515,0.033537,0.066888
ACTCCGGCCGACCACT-1,0.000014,0.96062,0.004431,0.034935
ACTCGCCGTTCGATAA-1,0.000015,0.964491,0.034204,0.001291
ACTCGTCAGTAATCCC-1,0.000039,0.891591,0.000039,0.108331
ACTCTCTGACTTAGGT-1,0.000141,0.131745,0.189701,0.678413
ACTCTGACCTAATAGA-1,0.00004,0.836269,0.00004,0.163651
ACTCTTGTATAGTAAC-1,0.000071,0.803653,0.000071,0.196204
ACTGAAACGCCGTTAG-1,0.000041,0.976959,0.000041,0.022959
ACTGAATGGCGAAAGT-1,0.000215,0.274795,0.035527,0.689464
ACTGCCGTCGTAACTC-1,0.000018,0.989015,0.010075,0.000893
ACTGCGGACACACCGT-1,0.000022,0.977547,0.022409,0.000022
ACTGTACGATACACAT-1,0.000033,0.952221,0.001513,0.046233
ACTGTAGCACTTTGGA-1,0.000069,0.189144,0.744844,0.065944
ACTGTCCAGGATTATA-1,0.000023,0.962502,0.037452,0.000023
ACTGTCTTCTTTAGAA-1,0.000069,0.859816,0.032815,0.1073
ACTTACGCATCCACGC-1,0.000145,0.226495,0.000146,0.773214
ACTTATACTTACCCGG-1,0.000097,0.102844,0.055836,0.841223
ACTTATTAGGATCGGT-1,0.000019,0.999942,0.000019,0.000019
ACTTATTTATGTGCCA-1,0.000146,0.081534,0.000146,0.918174
ACTTCAGGCTGATCCC-1,0.000182,0.215028,0.000182,0.784608
ACTTCCATGCGGGACA-1,0.000095,0.621589,0.003089,0.375227
ACTTCGCCATACGCAC-1,0.000048,0.842572,0.000048,0.157332
ACTTGACTCCCTCTTT-1,0.000044,0.927755,0.013763,0.058438
ACTTGGGACCCGGTGG-1,0.000025,0.95114,0.000025,0.048809
ACTTGGGCTTTCGCCA-1,0.002469,0.842884,0.002471,0.152177
ACTTGTGGATGGAACG-1,0.000042,0.988704,0.008272,0.002982
ACTTTACCCTCATGAA-1,0.000033,0.982327,0.000033,0.017607
ACTTTCCTATAGCTTC-1,0.00016,0.846609,0.00016,0.15307
AGAAATTATGACTCGC-1,0.000015,0.999955,0.000015,0.000015
AGAACGTGGTACATTC-1,0.00004,0.969458,0.00004,0.030462
AGAACTGTACTTTGTA-1,0.000045,0.931265,0.000045,0.068644
AGAAGAGCGCCGTTCC-1,0.001277,0.251014,0.001278,0.746431
AGAAGGTTGCCGAATT-1,0.000025,0.914401,0.072776,0.012798
AGAAGGTTGTAGGTCG-1,0.000117,0.237026,0.000117,0.76274
AGAAGTGATTCGTGAT-1,0.000029,0.225679,0.685874,0.088418
AGAATACAGGCTATCC-1,0.000043,0.933159,0.000043,0.066756
AGAATTATGGATTCGA-1,0.000048,0.779076,0.000048,0.220827
AGACCCACCGCTGATC-1,0.000083,0.936989,0.037721,0.025208
AGACCCGCCCTCCTCG-1,0.000049,0.779886,0.027061,0.193004
AGACCGCTCCGCGGTT-1,0.00003,0.995268,0.004672,0.00003
AGACGAAGTGCCGGTC-1,0.00007,0.84083,0.00007,0.15903
AGACGACGATGCCGCT-1,0.000055,0.31942,0.477219,0.203306
AGACTAGCCTTCCAGA-1,0.000061,0.939946,0.037867,0.022127
AGACTGTTACCGGGTC-1,0.000022,0.946781,0.002235,0.050962
AGAGAACCGTCTAGGA-1,0.000057,0.284932,0.02536,0.689651
AGAGAAGGAGTACAAT-1,0.000017,0.918147,0.078763,0.003073
AGAGCCGCCGAGATTT-1,0.000024,0.987295,0.008059,0.004622
AGAGCGGGCTAATCAT-1,0.000027,0.867704,0.10169,0.03058
AGAGGCTTCGGAAACC-1,0.000048,0.981234,0.000048,0.01867
AGAGTAAACTTCACTA-1,0.000078,0.855453,0.00085,0.143619
AGATAACTTCAGGGCC-1,0.000054,0.69127,0.241845,0.066831
AGATACCAATAGAACC-1,0.000012,0.94735,0.052627,0.000012
AGATACCGGTGTTCAC-1,0.000021,0.853073,0.133805,0.013101
AGATACGACTTCATAT-1,0.00011,0.603921,0.183787,0.212182
AGATACTCAAGATCGA-1,0.00014,0.063215,0.004167,0.932478
AGATATAATACGACTA-1,0.000054,0.586269,0.000054,0.413623
AGATCGTGCATAAGAT-1,0.000139,0.506327,0.018107,0.475427
AGATCTCAGGTGTGAT-1,0.000024,0.999928,0.000024,0.000024
AGATGACTCGCCCACG-1,0.00004,0.966394,0.033526,0.00004
AGATGATGGAGTCTGG-1,0.000053,0.840203,0.089054,0.07069
AGATTATAGGACGTTT-1,0.000042,0.932528,0.042164,0.025266
AGCAAAGGCCGCTAGT-1,0.000066,0.660802,0.000066,0.339066
AGCAACATATCTTATT-1,0.00008,0.603563,0.00008,0.396276
AGCACCAGTACTCACG-1,0.00002,0.998537,0.001422,0.00002
AGCACTACCTCACCAG-1,0.000225,0.162986,0.000225,0.836564
AGCACTTAAGGACGCC-1,0.000065,0.136918,0.846011,0.017007
AGCAGAAGGAGAAAGA-1,0.00004,0.855815,0.00004,0.144104
AGCAGCCAGATGAATA-1,0.000054,0.999837,0.000054,0.000054
AGCAGTCGAAGCATGC-1,0.000037,0.688001,0.000578,0.311384
AGCATATCAATATGCT-1,0.0001,0.786649,0.0001,0.213151
AGCATCGTCGATAATT-1,0.00003,0.817477,0.182463,0.00003
AGCATTACGAGGCAAG-1,0.00003,0.973924,0.00003,0.026017
AGCCAAGCTTTGTGTC-1,0.000059,0.935138,0.000059,0.064744
AGCCACAGGTTACCCG-1,0.000033,0.997462,0.000033,0.002472
AGCCACTCCCGTGCTT-1,0.000033,0.982294,0.000033,0.01764
AGCCATATAGTATGTG-1,0.00002,0.806114,0.045269,0.148598
AGCCCGCAACAAGCAG-1,0.000023,0.856247,0.105353,0.038376
AGCCCGCACTACAATG-1,0.000029,0.349467,0.596985,0.053518
AGCCCGGTAGCCTGTA-1,0.000027,0.999918,0.000027,0.000027
AGCCCTGTCGCACCGT-1,0.000022,0.78437,0.130605,0.085004
AGCCCTTGGACATCCC-1,0.000017,0.747844,0.250268,0.001871
AGCGACAGGAACGGTC-1,0.000024,0.956188,0.004379,0.039409
AGCGACATCCCATTCA-1,0.000044,0.898292,0.057878,0.043786
AGCGACCAACGATATT-1,0.000021,0.999938,0.000021,0.000021
AGCGATGCGCCTAATA-1,0.000011,0.977354,0.021291,0.001344
AGCGCATAATGAATCG-1,0.000075,0.985743,0.000075,0.014106
AGCGCGGGTGCCAATG-1,0.000098,0.21637,0.08469,0.698842
AGCGGACACTTCGTAG-1,0.000089,0.908179,0.008304,0.083427
AGCGGGTCTGACACTC-1,0.000034,0.829839,0.000034,0.170092
AGCGTGGTATTCTACT-1,0.000029,0.996999,0.000029,0.002943
AGCTAAGTACGCAGGC-1,0.000056,0.578328,0.000056,0.42156
AGCTATTTAATCCAAC-1,0.000038,0.971926,0.000038,0.027998
AGCTCCATATATGTTC-1,0.000023,0.993611,0.006344,0.000023
AGCTCCTTCGCACATC-1,0.000081,0.319127,0.005305,0.675487
AGCTCTAGACGTTCCA-1,0.00006,0.971995,0.00797,0.019975
AGCTCTTCCCAGTGCA-1,0.00005,0.41927,0.040068,0.540612
AGCTCTTCGTAACCTT-1,0.000053,0.967862,0.009419,0.022666
AGCTCTTTACTCAGTT-1,0.000029,0.843457,0.066612,0.089902
AGCTGAAGTAAACCAA-1,0.00003,0.988464,0.00003,0.011476
AGCTGTAACCTCAATC-1,0.000039,0.430643,0.532548,0.036769
AGCTTCTTCTCGAGCA-1,0.000023,0.891361,0.000658,0.107958
AGGAAGCTGTCCGCCG-1,0.000063,0.999809,0.000064,0.000064
AGGACAGTCGAATCCC-1,0.000119,0.201636,0.055887,0.742358
AGGACATCGCACGTCG-1,0.000093,0.526851,0.335582,0.137474
AGGACGACCCATTAGA-1,0.000038,0.660683,0.094441,0.244837
AGGAGGCCTTCGCGCG-1,0.000027,0.90637,0.000027,0.093577
AGGATAAAGTCGGGAT-1,0.000122,0.667954,0.021966,0.309958
AGGATATAGGGATTTA-1,0.000088,0.962801,0.037024,0.000088
AGGATATCCGACTGCA-1,0.000036,0.896729,0.000036,0.103199
AGGCACGTGACTGTCC-1,0.000011,0.994291,0.005688,0.000011
AGGCAGATGCGTAAAC-1,0.000068,0.582417,0.034881,0.382634
AGGCAGGGAGCGTACT-1,0.000025,0.988189,0.003885,0.007902
AGGCATTGTCGTAGGG-1,0.000067,0.90998,0.000067,0.089885
AGGCCACCCGTTATGA-1,0.000028,0.247898,0.752046,0.000028
AGGCCTGAGAATCTCG-1,0.000033,0.90806,0.00761,0.084297
AGGCTTCCCGAAGAAG-1,0.000029,0.910188,0.061161,0.028622
AGGGACCGGCTGCGTT-1,0.00006,0.860616,0.00006,0.139264
AGGGACTCTACGCGAC-1,0.000055,0.861351,0.027648,0.110946
AGGGAGACATACTTCG-1,0.000038,0.863478,0.000038,0.136446
AGGGCGTGATCGGCTA-1,0.000018,0.881054,0.11891,0.000018
AGGGCTGCAGTTACAG-1,0.000034,0.986778,0.000034,0.013154
AGGGTCGATGCGAACT-1,0.000115,0.565304,0.020856,0.413725
AGGGTGCTCTCGAGGG-1,0.000086,0.456191,0.000086,0.543636
AGGGTTCCCTTTGGTT-1,0.000139,0.266168,0.000139,0.733555
AGGGTTTAGTTCGGGA-1,0.000108,0.859046,0.000108,0.140738
AGGTAACCTCCTATTC-1,0.000056,0.051091,0.944096,0.004758
AGGTAGGTACAAAGCT-1,0.000016,0.044152,0.955815,0.000016
AGGTATAATTGATAGT-1,0.000065,0.98416,0.000065,0.01571
AGGTCGCGGAGTTACT-1,0.000065,0.995816,0.000065,0.004053
AGGTGCACGTCCACAT-1,0.000039,0.930195,0.033782,0.035984
AGGTGGTGACCTTCGC-1,0.000039,0.97596,0.000039,0.023962
AGGTTACACCATGCCG-1,0.000037,0.999889,0.000037,0.000037
AGGTTGAGGCACGCTT-1,0.000119,0.865933,0.000119,0.133829
AGGTTTCACACACCTT-1,0.000131,0.684375,0.027293,0.288201
AGTAACTATAGCAGCC-1,0.000021,0.989962,0.000021,0.009995
AGTAATCTAAGGGTGG-1,0.000028,0.874617,0.000028,0.125328
AGTAATGTCTTGCCGC-1,0.00004,0.951738,0.028753,0.019469
AGTACAGAAGCTTATA-1,0.000114,0.605954,0.017628,0.376303
AGTACATCATTTATCA-1,0.000061,0.695507,0.000061,0.304371
AGTACGGGCACCTGGC-1,0.000034,0.943267,0.010812,0.045887
AGTACTCTTATGCCCA-1,0.000162,0.511762,0.000163,0.487913
AGTAGAAGGCGCCTCA-1,0.000018,0.852548,0.071893,0.075541
AGTATAATACTAGGCA-1,0.000047,0.373675,0.569709,0.056569
AGTATACACAGCGACA-1,0.000013,0.996133,0.00384,0.000013
AGTATTTGGCACGACC-1,0.00007,0.943762,0.00007,0.056098
AGTCAACACCACCATC-1,0.000015,0.91612,0.057145,0.02672
AGTCAAGATGACACTT-1,0.000166,0.223891,0.000166,0.775777
AGTCACTAGCTCTCGA-1,0.000085,0.777003,0.000085,0.222827
AGTCCATTGGCTGATG-1,0.000034,0.988969,0.000034,0.010963
AGTCGACGGTCTCAAG-1,0.000077,0.36095,0.000077,0.638896
AGTCGGCCCAAACGAC-1,0.00004,0.196433,0.803487,0.00004
AGTCGGTTGCGTGAGA-1,0.000046,0.902679,0.078557,0.018718
AGTCGTATAAAGCAGA-1,0.000051,0.364905,0.000051,0.634993
AGTCGTCGACCACCAA-1,0.000072,0.685573,0.090307,0.224048
AGTCGTGGGCATTACG-1,0.000033,0.207946,0.733076,0.058945
AGTCTAAAGTATACTC-1,0.000048,0.849656,0.020042,0.130254
AGTCTCACAAGACTAC-1,0.000032,0.133729,0.815168,0.051071
AGTCTTCTCCTCAAAT-1,0.000052,0.959493,0.000052,0.040404
AGTCTTTAAAGTGTCC-1,0.000062,0.515792,0.019267,0.464878
AGTGAACAAACTTCTC-1,0.000093,0.73492,0.000093,0.264895
AGTGACCTACTTTACG-1,0.000067,0.867084,0.091744,0.041105
AGTGAGACTTCCAGTA-1,0.000167,0.585486,0.047243,0.367104
AGTGAGCCTCGCCGCC-1,0.000066,0.834543,0.000066,0.165325
AGTGAGTCGAATTAAC-1,0.00002,0.92956,0.00002,0.070401
AGTGATAACCTGCGCG-1,0.00004,0.990682,0.00004,0.009238
AGTGATATGAGTAGTT-1,0.000079,0.981728,0.013189,0.005004
AGTGATTCAAGCAGGA-1,0.000162,0.052756,0.000163,0.946919
AGTGCACGCTTAAGAA-1,0.000035,0.888913,0.000035,0.111017
AGTGCGTAGCTCGTAA-1,0.000072,0.864609,0.029418,0.105901
AGTGCTAAACACAGCA-1,0.000058,0.951947,0.010611,0.037384
AGTGCTTGCACGAATA-1,0.000104,0.167103,0.000104,0.832689
AGTGGCCCGCAAATGG-1,0.000023,0.986403,0.012643,0.000932
AGTGGCGGCAATTTGA-1,0.00017,0.322518,0.022491,0.654821
AGTGGCGTCTGAAGGT-1,0.000065,0.340994,0.195829,0.463112
AGTTAAACACTTGCGA-1,0.000035,0.926859,0.070097,0.003009
AGTTAAGCGGTCCCGG-1,0.000024,0.96269,0.034909,0.002377
AGTTACTCTATCGTGG-1,0.000031,0.741946,0.067111,0.190912
AGTTCCTACAGAATTA-1,0.000042,0.92446,0.024997,0.050502
AGTTCCTATTTATGTT-1,0.000052,0.999844,0.000052,0.000052
AGTTGACGGTCCTTGC-1,0.000035,0.934877,0.000036,0.065052
AGTTGGCAAGGCTAGA-1,0.000009,0.928777,0.070233,0.000981
AGTTTGCACCTGCCTC-1,0.000135,0.265914,0.000135,0.733816
AGTTTGGCACGGGTTG-1,0.000031,0.85791,0.038347,0.103712
AGTTTGGCCAGACCTA-1,0.000046,0.127537,0.872371,0.000046
ATAAACGGACCCGTAA-1,0.000026,0.983351,0.010915,0.005708
ATAAACGTTGCACCAC-1,0.000014,0.986032,0.011828,0.002127
ATAAAGGCTCGGTCGT-1,0.000028,0.997763,0.002182,0.000028
ATAACGCCGGAGGGTC-1,0.00005,0.282384,0.000068,0.717498
ATAACGGAGTCCAACG-1,0.000028,0.999917,0.000028,0.000028
ATAAGGTGGAGAACAT-1,0.000067,0.944898,0.000067,0.054968
ATAAGTAGGATTCAGA-1,0.000036,0.870629,0.01405,0.115285
ATAAGTAGGGCGACTC-1,0.00007,0.674906,0.00007,0.324954
ATAAGTTACCGCGACG-1,0.000028,0.914276,0.003258,0.082439
ATAATAGCTGTTGAAT-1,0.00003,0.984361,0.012313,0.003296
ATAATCTTGGAGAACC-1,0.00017,0.273158,0.019077,0.707595
ATAATTAGCTAAGTAG-1,0.000038,0.966648,0.000038,0.033276
ATACAGGCCCTCCAAT-1,0.000076,0.588178,0.000076,0.411669
ATACCACGGGCAACTT-1,0.000024,0.328997,0.622005,0.048974
ATACCTAACCAAGAAA-1,0.000094,0.964174,0.000095,0.035637
ATACGCCGGCGAAACC-1,0.000062,0.247431,0.030901,0.721606
ATACGGGTTTCGATTG-1,0.00003,0.99991,0.00003,0.00003
ATACGTACTTAGCCAC-1,0.000217,0.277152,0.000218,0.722413
ATACGTCCACTCCTGT-1,0.000105,0.275391,0.00798,0.716524
ATACGTTATGCACGGA-1,0.000033,0.999902,0.000033,0.000033
ATACTACCCGTACCAC-1,0.000021,0.96697,0.000021,0.032988
ATACTAGCATGACCCT-1,0.000025,0.981088,0.018861,0.000025
ATACTGCCTTACACCG-1,0.000079,0.248342,0.004731,0.746849
ATAGACAACGGGACCT-1,0.000126,0.270476,0.040132,0.689266
ATAGACGAAGAGAAAG-1,0.000022,0.857449,0.064304,0.078225
ATAGAGTACTGGGACA-1,0.00004,0.924832,0.075028,0.0001
ATAGAGTTATCAACTT-1,0.000234,0.404547,0.015551,0.579668
ATAGCAACTAGGGAAG-1,0.000027,0.963959,0.000027,0.035987
ATAGGCGGCTATAGAA-1,0.00009,0.333826,0.576814,0.08927
ATAGGCTAGCTTCGCA-1,0.000085,0.327966,0.000085,0.671864
ATAGGGATATCCTTGA-1,0.00011,0.632945,0.06135,0.305595
ATAGGTTGGGCAGATG-1,0.000044,0.988679,0.011232,0.000045
ATAGTGAAGCGTTCTC-1,0.000059,0.999822,0.000059,0.000059
ATAGTTCCACCCACTC-1,0.00006,0.993023,0.00006,0.006858
ATATAAAGCGCTCGTG-1,0.000065,0.973772,0.02286,0.003304
ATATAAATGTAGCTGC-1,0.00013,0.426223,0.00013,0.573518
ATATAACACGGGCGCA-1,0.000024,0.999928,0.000024,0.000024
ATATACGCTCGTGACG-1,0.000026,0.93168,0.068106,0.000187
ATATCAACCTACAGAG-1,0.000078,0.846059,0.000078,0.153785
ATATCGGTAGGGAGAT-1,0.000059,0.715435,0.108197,0.176308
ATATCGTTCCTCGAAC-1,0.000068,0.899714,0.000069,0.100149
ATATCTCCCTCGTTAA-1,0.000038,0.934904,0.000038,0.065019
ATATCTTAGGGCCTTC-1,0.00005,0.829816,0.022986,0.147148
ATATGGGATAGCAACT-1,0.000015,0.670323,0.24646,0.083202
ATATGTCTAGAGCGTG-1,0.000028,0.61975,0.346195,0.034028
ATATGTCTCCCTAGCC-1,0.000056,0.798093,0.000056,0.201795
ATATTCAGTTAAACCT-1,0.000052,0.860247,0.124199,0.015502
ATATTCCACATAGTGA-1,0.00022,0.197659,0.00022,0.801901
ATATTTAACCCTCAAG-1,0.000044,0.907485,0.087786,0.004684
ATCAAACACTGTTCCA-1,0.000037,0.987495,0.000037,0.012431
ATCAAACGAAGGTTTG-1,0.00006,0.479784,0.464716,0.055439
ATCAAGATCCCAGGAC-1,0.000027,0.767728,0.145629,0.086617
ATCAATCTGGGCTGCA-1,0.000049,0.964454,0.000049,0.035448
ATCACATTAGAATATC-1,0.000022,0.999932,0.000023,0.000023
ATCACGTGCTAATTAA-1,0.000064,0.554876,0.294325,0.150735
ATCACTTCATCCTCGC-1,0.000063,0.794398,0.054889,0.15065
ATCAGACGGCACGCCG-1,0.000043,0.93094,0.018585,0.050433
ATCAGCCTCATGCTGC-1,0.000163,0.442218,0.000163,0.557456
ATCAGTAGGCAGGGAT-1,0.000075,0.301174,0.000075,0.698676
ATCATAGCCCTATGTA-1,0.000023,0.899363,0.026885,0.07373
ATCATCCAATATTTGT-1,0.000085,0.819351,0.030807,0.149758
ATCCAACGCAGTCATA-1,0.000037,0.051361,0.948564,0.000037
ATCCACATCGACAGAA-1,0.000086,0.490003,0.201923,0.307988
ATCCAGAGCAACAACC-1,0.000022,0.999934,0.000022,0.000022
ATCCAGGATTCGTGAA-1,0.000041,0.827992,0.117061,0.054906
ATCCCATTTCCGTGGG-1,0.000015,0.636488,0.267823,0.095674
ATCCTACCTAAGCTCT-1,0.000042,0.704264,0.009496,0.286198
ATCCTGCGTGGAATGG-1,0.000037,0.971179,0.028748,0.000037
ATCGACCCAATACAGA-1,0.000079,0.937483,0.045788,0.01665
ATCGACTCTTTCCGTT-1,0.000044,0.952287,0.009222,0.038447
ATCGCACGCCGGGAGA-1,0.000019,0.92903,0.037906,0.033046
ATCGCCAGTCAACATT-1,0.000093,0.617129,0.000093,0.382685
ATCGGAGACAGACGGC-1,0.000137,0.314025,0.000137,0.685701
ATCGTTAGCTAGCGGA-1,0.000056,0.802586,0.000056,0.197303
ATCTAATATCCTACGG-1,0.000068,0.943505,0.000068,0.056359
ATCTACCATCTGCTCC-1,0.000014,0.909565,0.000014,0.090407
ATCTAGCTTGTGAGGG-1,0.000023,0.961327,0.000023,0.038626
ATCTCCCACGGAATAT-1,0.000035,0.996377,0.000035,0.003552
ATCTCCCTGCAATCTA-1,0.000068,0.799317,0.011156,0.18946
ATCTCGTGAGCGAAAC-1,0.000034,0.797681,0.091397,0.110887
ATCTGACATGGAAGGA-1,0.000013,0.433073,0.547285,0.019629
ATCTGCACCTCTGCGA-1,0.000058,0.730709,0.053879,0.215354
ATCTGCTGTTATCGCC-1,0.00004,0.99988,0.00004,0.00004
ATCTGGGCTGTTCTTG-1,0.000065,0.862853,0.000065,0.137017
ATCTGGTTAAGACTGT-1,0.000049,0.961562,0.038339,0.000049
ATCTTATCGCACACCC-1,0.000025,0.966604,0.008375,0.024996
ATCTTGACCTGCAACG-1,0.000028,0.957739,0.030389,0.011845
ATCTTGACTTGTCCAA-1,0.00003,0.944872,0.00003,0.055069
ATGAAGCCAAGGAGCC-1,0.000032,0.826983,0.047296,0.12569
ATGACGCCGGCTCTAA-1,0.000043,0.803342,0.057127,0.139488
ATGACGCGTTCTATCC-1,0.000086,0.335138,0.644894,0.019882
ATGACTATCAGCTGTG-1,0.000017,0.875988,0.076273,0.047722
ATGACTATGCGACATT-1,0.000169,0.181482,0.000169,0.818181
ATGAGGAGTGTTAATC-1,0.000074,0.000444,0.999407,0.000074
ATGAGGGCAGCGGCTA-1,0.000035,0.727194,0.098299,0.174472
ATGATCGGGAATAGAC-1,0.000069,0.831882,0.071812,0.096236
ATGATGCAATGGTACA-1,0.000039,0.901148,0.054498,0.044315
ATGCACTACCGCATTG-1,0.000024,0.99174,0.008211,0.000024
ATGCATGATCCAGGAT-1,0.000097,0.867451,0.032086,0.100366
ATGCCATTTGCGACCA-1,0.000135,0.442766,0.022091,0.535008
ATGCCGGTCTTGCATA-1,0.000043,0.868786,0.026136,0.105034
ATGCCGGTTGATGGGA-1,0.000049,0.865599,0.000049,0.134303
ATGCGACAGTCCCATT-1,0.00004,0.804755,0.064929,0.130276
ATGCGAGTCCCACCAC-1,0.000058,0.908584,0.000058,0.0913
ATGCTCTGGCGCGGTA-1,0.00017,0.295023,0.00017,0.704637
ATGCTTAGGAGTTGAT-1,0.000024,0.999928,0.000024,0.000024
ATGGAACCTTTGCACA-1,0.000019,0.726582,0.264622,0.008776
ATGGAGCAGGCCGTGA-1,0.000071,0.804323,0.000071,0.195534
ATGGATCCGGCGTCCG-1,0.000045,0.956758,0.008886,0.034311
ATGGATTGACCAAACG-1,0.000038,0.999885,0.000038,0.000038
ATGGGCCTCGGCCTCT-1,0.000075,0.391361,0.000075,0.60849
ATGGTCGCGTGGTTTC-1,0.000238,0.141416,0.000238,0.858108
ATGTAAGGCTGCTCTT-1,0.000066,0.915903,0.000066,0.083966
ATGTACATGCGGTGAG-1,0.000008,0.996503,0.003463,0.000026
ATGTACGATGACGTCG-1,0.000026,0.801977,0.000026,0.197972
ATGTAGCGCGCGTAGG-1,0.000062,0.271619,0.000062,0.728258
ATGTGCATCCGACGCA-1,0.000027,0.98184,0.018106,0.000027
ATGTGGACATCTTGAT-1,0.000037,0.997951,0.000037,0.001975
ATGTTGATTAGAGACT-1,0.000018,0.967161,0.000018,0.032803
ATGTTGTAGTCTGTTT-1,0.00002,0.612883,0.362384,0.024713
ATTAAACATGCGGACC-1,0.000078,0.829628,0.000078,0.170215
ATTAATACTACGCGGG-1,0.000037,0.924923,0.048092,0.026948
ATTAATGAACCAGTCG-1,0.000086,0.710999,0.000086,0.288829
ATTACATGTCAGTCTT-1,0.000057,0.971546,0.017786,0.010611
ATTACCACACTGCCTG-1,0.000033,0.797224,0.090168,0.112574
ATTACGCGCTGGCAGG-1,0.000028,0.205524,0.712528,0.08192
ATTACTAGCCTCTTGC-1,0.000047,0.550574,0.269475,0.179905
ATTACTTACTGGGCAT-1,0.000098,0.340208,0.000098,0.659596
ATTAGATTCCTCAGCA-1,0.000041,0.845878,0.000041,0.15404
ATTAGATTGATAGCGG-1,0.00018,0.596994,0.146888,0.255938
ATTAGGCGATGCTTTC-1,0.000059,0.876147,0.000059,0.123735
ATTATACTTTGCTCGT-1,0.000042,0.879666,0.000042,0.12025
ATTATAGCTACTTTAC-1,0.000059,0.938656,0.007095,0.05419
ATTATCGGAATGTACG-1,0.000017,0.806995,0.09852,0.094468
ATTATGCCATAGGGAG-1,0.000025,0.975316,0.024633,0.000026
ATTATTATGTCCGTCA-1,0.000056,0.894181,0.063719,0.042044
ATTATTCAGAGTCACT-1,0.000024,0.976594,0.000024,0.023358
ATTCAACCATTTAAGG-1,0.000058,0.951361,0.000058,0.048523
ATTCACTGATGTTGGA-1,0.000127,0.972938,0.000127,0.026809
ATTCATATACTGTCCA-1,0.00005,0.997218,0.000051,0.002681
ATTCATCGTTGAGGCA-1,0.000057,0.917863,0.002489,0.079591
ATTCCTCCGCCAGTGC-1,0.000053,0.180177,0.819718,0.000053
ATTCGCGCCTTGAGAG-1,0.000007,0.996516,0.003469,0.000007
ATTCGTGCTATCTCTT-1,0.000062,0.933618,0.000062,0.066258
ATTGAAGATCTTAGTG-1,0.000109,0.726284,0.010247,0.263361
ATTGATGAGTCCTAAC-1,0.000032,0.999903,0.000032,0.000033
ATTGCCTTTATGTTTG-1,0.000083,0.256929,0.000083,0.742905
ATTGCGATCAGTAACT-1,0.00005,0.96486,0.00005,0.035039
ATTGCTGCTCCTCCAT-1,0.00002,0.945884,0.048266,0.005831
ATTGGATTACAGCGTA-1,0.000096,0.818129,0.000096,0.181679
ATTGGTTGTGCATTAC-1,0.000021,0.993083,0.000021,0.006874
ATTGTACAACTCGGCT-1,0.00008,0.686064,0.00008,0.313776
ATTGTCGCAATACCTT-1,0.000023,0.987946,0.000023,0.012008
ATTTACAGTTTACTGG-1,0.000125,0.524423,0.426093,0.049359
ATTTACTAAGTCCATT-1,0.000034,0.989499,0.000034,0.010433
ATTTATACTGGTAAAG-1,0.000088,0.835651,0.017958,0.146303
ATTTCATTATTTCGCG-1,0.00007,0.821675,0.042825,0.13543
ATTTCCGGGTTCTGCG-1,0.000044,0.800962,0.160058,0.038936
ATTTGCGCGAGTAGCT-1,0.000105,0.217238,0.590777,0.19188
ATTTGTCTTGGGAGCT-1,0.000198,0.277162,0.11341,0.609229
ATTTGTTCCAGGGCTC-1,0.000104,0.432724,0.017486,0.549685
CAAACCCTCCGGCGGG-1,0.000026,0.490185,0.000026,0.509763
CAAACGAGTATCGCAG-1,0.000035,0.932799,0.012917,0.054249
CAAACGGTCGCACTTT-1,0.000024,0.814902,0.170661,0.014413
CAAACTCGCGACGCCG-1,0.000054,0.847589,0.014414,0.137943
CAAAGATTATTGGGCC-1,0.000025,0.18607,0.743995,0.06991
CAAATGTCCTTCCGTG-1,0.000058,0.652557,0.145926,0.201459
CAACCAGTGGCCTACC-1,0.000017,0.918434,0.044259,0.03729
CAACCTACCGAGCAGT-1,0.000044,0.941665,0.000044,0.058248
CAACGACCCGTTTACA-1,0.000045,0.781027,0.130066,0.088862
CAACGGTTCTTGATAC-1,0.000046,0.036672,0.963235,0.000047
CAACGTGGTGGAGTCT-1,0.000024,0.94891,0.000024,0.051042
CAACTATATCGAATGC-1,0.000038,0.887601,0.000753,0.111608
CAACTCCTTGATCCCG-1,0.000051,0.584968,0.30639,0.10859
CAACTGCTCATCCGAT-1,0.000036,0.977978,0.014883,0.007103
CAAGAGGGCGGAGTAC-1,0.000084,0.63757,0.000084,0.362262
CAAGATATTATAACGT-1,0.000123,0.136538,0.050846,0.812494
CAAGCAACGTCGGAGT-1,0.000023,0.578238,0.305208,0.116531
CAAGCACCAAATGCCT-1,0.000022,0.952987,0.046969,0.000022
CAAGCGGCACATAATT-1,0.00012,0.675574,0.00012,0.324186
CAAGGATCGCATGTTC-1,0.000022,0.999933,0.000022,0.000022
CAAGGCCAGTGGTGCA-1,0.000024,0.931493,0.000024,0.06846
CAAGGTCCTATAGGCT-1,0.000047,0.883095,0.000129,0.116729
CAAGTAAGTGATAGAC-1,0.000015,0.571132,0.419044,0.009809
CAAGTGTGGTTGCAAA-1,0.000037,0.961928,0.000037,0.037997
CAATAAACCTTGGCCC-1,0.000022,0.95667,0.038114,0.005194
CAATACGAGAGTCTGA-1,0.000025,0.803233,0.175559,0.021183
CAATATTCTTGACCTA-1,0.000129,0.658432,0.068368,0.273072
CAATGCGAGAAGTATC-1,0.000338,0.46553,0.000338,0.533795
CAATGGATCTCTACCA-1,0.00006,0.317863,0.004752,0.677324
CAATGTGCCAACCCTT-1,0.00004,0.940858,0.016171,0.04293
CAATTAAGGGTGATGA-1,0.000035,0.981054,0.018757,0.000155
CAATTTCGTATAAGGG-1,0.000047,0.870272,0.069039,0.060643
CACAATGAGCTGCTAT-1,0.00003,0.959199,0.040741,0.00003
CACACACGCTAACGAG-1,0.000031,0.993394,0.000031,0.006544
CACACAGCTTGCGCTC-1,0.000021,0.984629,0.00327,0.01208
CACACGCGCTGTCTTA-1,0.000196,0.394525,0.057303,0.547977
CACAGCACCCACGGCA-1,0.000064,0.947439,0.052432,0.000064
CACAGCTAGGGAGTGA-1,0.000048,0.776814,0.021602,0.201536
CACAGGGCCATATAGT-1,0.000042,0.933839,0.000042,0.066077
CACAGGGCCGTTGTCA-1,0.000045,0.971677,0.019648,0.008631
CACAGTCCCGCTTCGC-1,0.000023,0.962211,0.000023,0.037743
CACAGTTCGCTTCCCA-1,0.000019,0.938528,0.022206,0.039247
CACATATTAGCAGGAT-1,0.000036,0.99203,0.000036,0.007898
CACATCGTGCACGCGC-1,0.000033,0.936915,0.052794,0.010258
CACATCTCACCGACGA-1,0.000089,0.291547,0.000089,0.708274
CACATGATTCAGCAAC-1,0.000097,0.59729,0.026736,0.375878
CACATTCTTTCGATGG-1,0.000047,0.66468,0.008225,0.327048
CACATTTCTTGTCAGA-1,0.000044,0.982423,0.000044,0.017489
CACCCAAATCTTATGT-1,0.000056,0.895827,0.010911,0.093206
CACCCACACGTCACCC-1,0.000035,0.395706,0.604224,0.000035
CACCCACGAGGCAATT-1,0.000014,0.999957,0.000014,0.000014
CACCCGGTTTGTGACT-1,0.000058,0.849746,0.084396,0.0658
CACCCTAACAAGATCT-1,0.000168,0.213497,0.000168,0.786167
CACCGCCAGAAGGTTT-1,0.000061,0.855278,0.0507,0.093961
CACCGGGCATCACAAG-1,0.000033,0.829187,0.008636,0.162144
CACCGTATCCCATCCG-1,0.000034,0.967994,0.017983,0.013989
CACCGTTAGGGATCAC-1,0.000044,0.91662,0.052881,0.030456
CACCGTTGCGCGATAT-1,0.00003,0.302362,0.653567,0.044041
CACCTAATCAGTTTAC-1,0.000106,0.663685,0.000107,0.336102
CACCTCGATGGTGGAC-1,0.000073,0.804902,0.041773,0.153252
CACCTTGCGAAACTCG-1,0.000025,0.638804,0.000025,0.361147
CACCTTGGCGCCTTTG-1,0.000103,0.782629,0.000103,0.217164
CACGCACAGCGCAGCT-1,0.000053,0.88222,0.000053,0.117675
CACGCAGCGAGGCTTT-1,0.000037,0.805093,0.122971,0.071899
CACGCGGAACTGTTGC-1,0.000091,0.948092,0.006223,0.045594
CACGTCAATCAATGGA-1,0.000016,0.741185,0.258457,0.000342
CACGTCGGCAACCTCT-1,0.000029,0.974457,0.025486,0.000029
CACGTTCGTGCTCTAG-1,0.000083,0.428525,0.000084,0.571308
CACGTTTCGTACACAC-1,0.00013,0.822836,0.00013,0.176904
CACTAAAGTTGCCTAT-1,0.000056,0.773598,0.054343,0.172003
CACTACGGGAGCTGCC-1,0.000017,0.98004,0.000017,0.019925
CACTCAAGAGCTATGG-1,0.00003,0.977557,0.022384,0.00003
CACTCCTATGTAAGAT-1,0.000032,0.933104,0.030496,0.036367
CACTCCTCTCGGTCGG-1,0.000025,0.84102,0.092261,0.066693
CACTCGAGCTGAACAA-1,0.000046,0.783704,0.000046,0.216204
CACTCTTCTGCTAGCC-1,0.000047,0.897985,0.001939,0.100029
CACTGACGATTGTGGA-1,0.000011,0.999967,0.000011,0.000011
CACTGTCCAAGTGAGA-1,0.000081,0.350237,0.618527,0.031155
CACTTAATCAGACGGA-1,0.000055,0.727856,0.050612,0.221477
CAGAACTTAGCCCTCT-1,0.000109,0.056893,0.000109,0.942889
CAGAATAACACACGGA-1,0.000047,0.958781,0.000047,0.041126
CAGACACCGATCGCTG-1,0.000027,0.94887,0.019517,0.031586
CAGACCTGTAAGTGTT-1,0.000051,0.871017,0.006559,0.122373
CAGACGAACCTGATAC-1,0.000037,0.976391,0.000037,0.023534
CAGAGACGGTCACCCA-1,0.000094,0.869255,0.000094,0.130557
CAGAGCATGAGCTTGC-1,0.000074,0.800454,0.000074,0.199397
CAGAGGCGATGCATGA-1,0.00003,0.967479,0.023734,0.008758
CAGATAATGGGCGGGT-1,0.000012,0.999964,0.000012,0.000012
CAGATACTAACATAGT-1,0.00004,0.906488,0.062591,0.030881
CAGCAGCCCGTTCCTT-1,0.000039,0.971182,0.017852,0.010927
CAGCAGTCCAGACTAT-1,0.000069,0.762152,0.096229,0.141549
CAGCAGTCTGTGCTGC-1,0.000148,0.33329,0.000148,0.666414
CAGCCTCCTGCAGAGG-1,0.000077,0.54248,0.072468,0.384975
CAGCGATTCCCTTCAA-1,0.000044,0.938601,0.039547,0.021808
CAGCTCACTGAGACAT-1,0.000069,0.840284,0.036727,0.12292
CAGCTCGACAAGTTAA-1,0.000097,0.063923,0.268645,0.667334
CAGCTCGTGCTTGTGT-1,0.000045,0.184297,0.753548,0.06211
CAGGATATATCGTTGT-1,0.000063,0.973532,0.000063,0.026342
CAGGCAGTCTTACCAG-1,0.000035,0.606244,0.000035,0.393686
CAGGCCGTTTGGGTGT-1,0.000037,0.885012,0.111241,0.00371
CAGGCGCCATGCTAGG-1,0.000057,0.807584,0.082156,0.110202
CAGTAGCCCACGCGGT-1,0.000143,0.296335,0.05697,0.646551
CAGTCGAGGATGCAAT-1,0.00009,0.517577,0.014811,0.467523
CAGTCTGTATACTGGG-1,0.000058,0.796931,0.016903,0.186109
CAGTGAATAAATGACT-1,0.000053,0.824726,0.00007,0.17515
CAGTGTCCGCAGAATG-1,0.000115,0.60833,0.284389,0.107166
CAGTGTCGGCTGGCCC-1,0.000052,0.983308,0.000052,0.016588
CAGTTCAAATTGACAC-1,0.000031,0.981302,0.018636,0.000031
CAGTTCGAGGACCCGA-1,0.00001,0.703707,0.208187,0.088096
CATAACGGACAGTCGT-1,0.000072,0.322636,0.000072,0.67722
CATAAGAAGCTTGGCT-1,0.000079,0.783932,0.00054,0.215448
CATACACGGTTCCCAC-1,0.000047,0.939736,0.013747,0.04647
CATACCCGTACCCAGT-1,0.00003,0.04538,0.951802,0.002788
CATACGGCGTCTGGGC-1,0.000083,0.51926,0.177691,0.302966
CATACTATGTAATTGT-1,0.000043,0.995819,0.004094,0.000043
CATACTTAGGCAATAC-1,0.000018,0.999945,0.000018,0.000018
CATACTTCTTTCTCCG-1,0.000023,0.809345,0.173408,0.017224
