Barcode,Topic 1,Topic 2,Topic 3,Topic 4to6,Topic 7to8,Topic 9to11
AAACAAGTATCTCCCA-1,0.161288,0.000037,0.025534,0.516438,0.292519,0.004184
AAACACCAATAACTGC-1,0.000015,0.000015,0.000015,0.048986,0.176741,0.774228
AAACAGAGCGACTCCT-1,0.141114,0.070127,0.097598,0.186179,0.005684,0.499299
AAACAGCTTTCAGAAG-1,0.004386,0.000016,0.192993,0.192967,0.182403,0.427235
AAACAGGGTCTATATT-1,0.083506,0.000034,0.143021,0.592983,0.146468,0.033987
AAACAGTGTTCCTGGG-1,0.000244,0.00002,0.009019,0.185839,0.503442,0.301436
AAACATGGTGAGAGGA-1,0.000995,0.000024,0.007612,0.52043,0.20821,0.262727
AAACATTTCCCGGATT-1,0.044992,0.000038,0.001954,0.832292,0.101867,0.018856
AAACCCGAACGAAATC-1,0.156107,0.000042,0.000042,0.738498,0.105183,0.000127
AAACCGGAAATGTTAA-1,0.243282,0.000106,0.000106,0.755974,0.000213,0.000319
AAACCGGGTAGGTACC-1,0.000034,0.000034,0.187329,0.174819,0.000068,0.637715
AAACCGTTCGTCCAGG-1,0.000035,0.000035,0.000035,0.11537,0.146675,0.737849
AAACCTAAGCAGCCGG-1,0.007352,0.004822,0.000024,0.393249,0.39309,0.201464
AAACCTCATGAAGTTG-1,0.000033,0.000033,0.000033,0.296307,0.04299,0.660603
AAACGAAGATGGAGTA-1,0.035492,0.000028,0.362771,0.199326,0.319514,0.082869
AAACGAGACGGTTGAT-1,0.000053,0.000053,0.161345,0.654647,0.011921,0.171981
AAACGCTGGGCACGAC-1,0.999603,0.00004,0.00004,0.000119,0.000079,0.000119
AAACGGGCGTACGGGT-1,0.000038,0.000038,0.000038,0.669776,0.184678,0.145433
AAACGGGTTGGTATCC-1,0.299991,0.050253,0.000085,0.000255,0.064041,0.585376
AAACGGTTGCGAACTG-1,0.052124,0.00008,0.251609,0.535013,0.000161,0.161012
AAACGTGTTCGCCCTA-1,0.000054,0.000054,0.436867,0.49508,0.000108,0.067836
AAACTAACGTGGCGAC-1,0.159529,0.0125,0.000108,0.704174,0.000216,0.123473
AAACTCGGTTCGCAAT-1,0.000028,0.000028,0.247991,0.436828,0.158006,0.157118
AAACTCGTGATATAAG-1,0.09964,0.000057,0.105548,0.724375,0.011864,0.058516
AAACTGCTGGCTCCAA-1,0.024758,0.000052,0.104997,0.653934,0.120798,0.09546
AAACTTAATTGCACGC-1,0.015903,0.000018,0.054258,0.264353,0.443148,0.222319
AAACTTGCAAACGTAT-1,0.000048,0.000048,0.01756,0.719182,0.007357,0.255805
AAAGAATGACCTTAGA-1,0.066337,0.000023,0.000023,0.414418,0.375804,0.143396
AAAGAATGTGGACTAA-1,0.155147,0.000036,0.000036,0.27552,0.567164,0.002096
AAAGACTGGGCGCTTT-1,0.000024,0.000024,0.045079,0.502401,0.000049,0.452422
AAAGCTTGCCTACATA-1,0.026239,0.00003,0.199845,0.389633,0.16573,0.218522
AAAGGCCCTATAATAC-1,0.067984,0.000021,0.479625,0.043791,0.19184,0.21674
AAAGGCTACGGACCAT-1,0.536176,0.000118,0.000118,0.000354,0.118071,0.345163
AAAGGCTCTCGCGCCG-1,0.178529,0.021798,0.00027,0.449124,0.34947,0.000809
AAAGGGATGTAGCAAG-1,0.109162,0.030529,0.000145,0.200663,0.00029,0.659212
AAAGGGCAGCTTGAAT-1,0.000029,0.002749,0.000029,0.00575,0.000542,0.990901
AAAGGTAAGCTGTACC-1,0.010002,0.002376,0.000048,0.349836,0.210352,0.427386
AAAGTAGCATTGCTCA-1,0.000052,0.000052,0.497959,0.258538,0.042672,0.200726
AAAGTCGACCCTCAGT-1,0.000027,0.000027,0.145136,0.122283,0.137857,0.59467
AAAGTGCCATCAATTA-1,0.95452,0.000072,0.04483,0.000217,0.000145,0.000217
AAAGTGTGATTTATCT-1,0.041665,0.00006,0.021677,0.854654,0.081763,0.000181
AAAGTTGACTCCCGTA-1,0.043035,0.000021,0.000021,0.084089,0.487142,0.385693
AAATAACCATACGGGA-1,0.030821,0.000114,0.094097,0.78841,0.000229,0.086328
AAATAAGGTAGTGCCC-1,0.026276,0.003461,0.066836,0.529615,0.186079,0.187733
AAATACCTATAAGCAT-1,0.00004,0.00004,0.009374,0.611598,0.120583,0.258365
AAATAGCTTAGACTTT-1,0.034985,0.000046,0.350099,0.58756,0.027173,0.000138
AAATAGGGTGCTATTG-1,0.000013,0.000013,0.000013,0.000263,0.227857,0.77184
AAATCCGATACACGCC-1,0.008801,0.000035,0.000035,0.76383,0.115597,0.111704
AAATCGCGGAAGGAGT-1,0.012536,0.000011,0.003072,0.08651,0.431897,0.465975
AAATCGTGTACCACAA-1,0.107152,0.000094,0.000094,0.304347,0.284991,0.303322
AAATCTAGCCCTGCTA-1,0.226193,0.000027,0.036179,0.281134,0.192227,0.264239
AAATCTGCCCGCGTCC-1,0.012438,0.000011,0.205394,0.000329,0.546368,0.235461
AAATGACTGATCAAAC-1,0.058719,0.00006,0.134958,0.765849,0.008739,0.031673
AAATGATTCGATCAGC-1,0.042282,0.000048,0.097855,0.517255,0.234488,0.108073
AAATGCTCGTTACGTT-1,0.000058,0.000058,0.184973,0.202529,0.000116,0.612266
AAATGGCATGTCTTGT-1,0.111489,0.000315,0.000315,0.531173,0.18554,0.17117
AAATGGCCCGTGCCCT-1,0.000034,0.000034,0.05644,0.41373,0.133864,0.395898
AAATGGTCAATGTGCC-1,0.072362,0.047292,0.000106,0.63256,0.007981,0.239697
AAATGTATCTTATCCC-1,0.026413,0.000015,0.034128,0.505612,0.200903,0.23293
AAATTAACGGGTAGCT-1,0.195573,0.01144,0.000185,0.748257,0.00037,0.044176
AAATTAATAAGCGCGA-1,0.000017,0.00663,0.069098,0.487706,0.065565,0.370985
AAATTACACGACTCTG-1,0.070804,0.000095,0.057185,0.601666,0.000189,0.270061
AAATTACCTATCGATG-1,0.000031,0.000031,0.00136,0.451199,0.082785,0.464593
AAATTCCAGGTCCAAA-1,0.042249,0.000037,0.118015,0.649722,0.168729,0.021248
AAATTGATAGTCCTTT-1,0.000036,0.000036,0.048692,0.113517,0.193392,0.644326
AAATTGCGGCGGTTCT-1,0.788122,0.000471,0.000471,0.001413,0.000942,0.20858
AAATTGGTGAGAAGCA-1,0.092002,0.000057,0.000057,0.4069,0.408636,0.092349
AAATTTGCGGGTGTGG-1,0.000029,0.000029,0.000029,0.130241,0.095608,0.774064
AACAACTGGTAGTTGC-1,0.00005,0.005814,0.028492,0.24453,0.000101,0.721013
AACAATACATTGTCGA-1,0.000026,0.000026,0.251041,0.351625,0.123504,0.273777
AACAATTACTCTACGC-1,0.000058,0.000058,0.198045,0.519206,0.000117,0.282515
AACACACGCTCGCCGC-1,0.086397,0.000036,0.029524,0.433919,0.345821,0.104302
AACACGAGACGCGGCC-1,0.000035,0.000035,0.120124,0.48515,0.001012,0.393644
AACAGCTGTGTGGCAA-1,0.005517,0.00003,0.225559,0.411368,0.137999,0.219527
AACAGGAAATCGAATA-1,0.127746,0.000068,0.017524,0.016637,0.022815,0.815211
AACAGGATGGGCCGCG-1,0.230312,0.000068,0.179172,0.002114,0.000136,0.588198
AACAGGTAGTATGGAT-1,0.520629,0.000063,0.000063,0.377012,0.102041,0.00019
AACATAGCGTGTATCG-1,0.000021,0.000021,0.20034,0.498744,0.225364,0.07551
AACATATCAACTGGTG-1,0.119532,0.000025,0.000025,0.159216,0.407431,0.313772
AACATCGATACGTCTA-1,0.000059,0.000059,0.000059,0.833246,0.030631,0.135946
AACATTGAAGTTGATC-1,0.000022,0.000022,0.004109,0.235377,0.259899,0.500571
AACATTGGTCAGCCGT-1,0.626151,0.058131,0.000344,0.001033,0.131908,0.182433
AACATTGTGACTCGAG-1,0.059208,0.000034,0.104775,0.131359,0.286315,0.418309
AACCAAGACTTCTCTG-1,0.049842,0.000052,0.000052,0.448679,0.009511,0.491864
AACCAGTATCACTCTT-1,0.075116,0.000053,0.038259,0.060591,0.061702,0.764279
AACCATAGGGTTGAAC-1,0.000008,0.000008,0.000008,0.021567,0.391019,0.587388
AACCATGGGATCGCTA-1,0.016289,0.018373,0.090902,0.873839,0.000239,0.000358
AACCCAGAGACGGAGA-1,0.357757,0.000258,0.000258,0.000775,0.059234,0.581717
AACCCATCCCATGATC-1,0.048521,0.000045,0.002165,0.425608,0.317997,0.205664
AACCCGACAACCCGTG-1,0.005108,0.000037,0.171259,0.192253,0.287648,0.343694
AACCCGAGCAGAATCG-1,0.232247,0.000049,0.042864,0.724595,0.000098,0.000146
AACCCGATAGGGCTTC-1,0.258594,0.029667,0.000144,0.533762,0.158316,0.019517
AACCCGCTGTATTCCA-1,0.066098,0.000032,0.693792,0.084557,0.155426,0.000095
AACCCTACTGTCAATA-1,0.007353,0.000022,0.000022,0.098865,0.27212,0.621619
AACCGAGCTTGGTCAT-1,0.000054,0.000054,0.178944,0.410003,0.040086,0.37086
AACCGCTAAGGGATGC-1,0.037661,0.000046,0.000046,0.884557,0.077551,0.000139
AACCGTTGTGTTTGCT-1,0.082943,0.000112,0.006171,0.010697,0.000224,0.899854
AACCTCGCTTTAGCCC-1,0.000036,0.000036,0.034619,0.829625,0.076972,0.058711
AACCTGTCACGGAATT-1,0.059328,0.000036,0.000036,0.401773,0.379038,0.159789
AACCTTTAAATACGGT-1,0.000047,0.000047,0.016461,0.463812,0.077137,0.442498
AACCTTTACGACGTCT-1,0.00002,0.003226,0.00002,0.000424,0.139659,0.85665
AACGAAAGTCGTCCCA-1,0.072698,0.00002,0.532848,0.077825,0.211627,0.104982
AACGACCTCCTAGCCG-1,0.844783,0.000028,0.154963,0.000085,0.000056,0.000085
AACGATAATGCCGTAG-1,0.000046,0.000046,0.01575,0.306301,0.362544,0.315313
AACGATAGAAGGGCCG-1,0.360182,0.000322,0.000322,0.170082,0.26931,0.199781
AACGATATGTCAACTG-1,0.000037,0.000037,0.077411,0.497989,0.015465,0.409062
AACGCATGATCTGGGT-1,0.015791,0.000064,0.117345,0.725897,0.122213,0.01869
AACGCGAACGGCAACA-1,0.337938,0.000306,0.000306,0.08875,0.253208,0.319491
AACGCGACCTTGGGCG-1,0.117767,0.000058,0.050345,0.207601,0.25381,0.370419
AACGCGGTCTCCAGCC-1,0.061129,0.012927,0.000137,0.592883,0.000274,0.332651
AACGCTGTTGCTGAAA-1,0.094019,0.000034,0.006109,0.325156,0.280343,0.29434
AACGGACGTACGTATA-1,0.000019,0.000019,0.000019,0.121792,0.166584,0.711567
AACGGCCATCTCCGGT-1,0.000033,0.000033,0.066852,0.211694,0.042219,0.679169
AACGTACTGTGGGTAC-1,0.000059,0.000059,0.413637,0.214854,0.000117,0.371275
AACGTCAGACTAGTGG-1,0.000078,0.000078,0.344936,0.236797,0.000156,0.417955
AACGTCATCCGGCTTG-1,0.049393,0.000032,0.155463,0.111313,0.268513,0.415286
AACGTCGCTGCACTTC-1,0.281242,0.000083,0.017277,0.275874,0.425277,0.000248
AACGTGCGAAAGTCTC-1,0.000055,0.000055,0.025908,0.734413,0.053329,0.186241
AACGTTATCAGCACCT-1,0.000015,0.000015,0.151414,0.014945,0.011259,0.822352
AACGTTCTACCATTGT-1,0.999452,0.000055,0.000055,0.000165,0.00011,0.000165
AACTACCCGTTTGTCA-1,0.489148,0.000051,0.001573,0.453817,0.055258,0.000153
AACTAGGCTTGGGTGT-1,0.000116,0.000116,0.229586,0.674097,0.039065,0.05702
AACTCAAGTTAATTGC-1,0.045502,0.000044,0.496199,0.087934,0.000087,0.370233
AACTCCAGAGCGTGTT-1,0.018045,0.000028,0.047429,0.312269,0.127108,0.495121
AACTCCTAATCCCATG-1,0.138881,0.00012,0.00012,0.652043,0.001823,0.207012
AACTCGATAAACACGT-1,0.586345,0.000368,0.000368,0.001104,0.050418,0.361397
AACTCGATGGCGCAGT-1,0.11629,0.253739,0.00035,0.351935,0.000699,0.276987
AACTCTCAATAGAGCG-1,0.000053,0.002494,0.017299,0.930094,0.001827,0.048233
AACTCTCAGTGTGCTC-1,0.000075,0.000075,0.098705,0.460634,0.072035,0.368476
AACTGAGGTCAGCGTC-1,0.097685,0.000125,0.000125,0.63089,0.049594,0.221583
AACTGAGTTATACTGA-1,0.369931,0.00006,0.00006,0.021075,0.572274,0.0366
AACTGATATTAGGCCT-1,0.289863,0.000226,0.000226,0.298729,0.066242,0.344714
AACTGGGTCCCGACGT-1,0.145988,0.00018,0.00018,0.221702,0.095642,0.536309
AACTTCTGCGTCTATC-1,0.000045,0.000045,0.010351,0.363013,0.00009,0.626456
AACTTGCCCGTATGCA-1,0.000039,0.000039,0.046863,0.207093,0.000079,0.745887
AACTTGCGTTCTCGCG-1,0.000033,0.000033,0.000033,0.019037,0.106686,0.874178
AACTTTACGGGAGCTT-1,0.003263,0.000012,0.060673,0.181303,0.132757,0.621993
AACTTTCTCGATCATG-1,0.019832,0.000028,0.626989,0.017895,0.013514,0.321742
AAGAAATCACCAGATT-1,0.010976,0.000036,0.079293,0.712306,0.005688,0.191702
AAGAAGGATCAGTTAG-1,0.083111,0.000053,0.844855,0.071092,0.000106,0.000784
AAGACATACGTGGTTT-1,0.523147,0.000055,0.243053,0.233472,0.000109,0.000164
AAGACCAAATAACTCA-1,0.041268,0.000019,0.306246,0.343385,0.282291,0.026792
AAGACCCAACTGAACA-1,0.071872,0.000034,0.057536,0.089208,0.18609,0.59526
AAGACTAACCCGTTGT-1,0.371204,0.000548,0.000548,0.001643,0.001095,0.624962
AAGACTGCAAGCTACT-1,0.048905,0.000106,0.000106,0.4875,0.128996,0.334386
AAGAGATGAATCGGTA-1,0.002037,0.000046,0.378212,0.065043,0.000093,0.554569
AAGAGCTCTTTATCGG-1,0.000031,0.000031,0.000031,0.121645,0.171136,0.707126
AAGAGGATGTACGCGA-1,0.09817,0.03159,0.000059,0.006276,0.145927,0.717978
AAGAGGCATGGATCGC-1,0.000036,0.000036,0.140449,0.314267,0.147538,0.397675
AAGAGGCCCTTTGGAA-1,0.083405,0.000042,0.297925,0.618415,0.000085,0.000127
AAGATGGCACCGGACC-1,0.000043,0.000043,0.114885,0.416303,0.011786,0.45694
AAGATTGGCGGAACGT-1,0.000051,0.000051,0.22491,0.767575,0.000102,0.007312
AAGCACCCTGCGTATC-1,0.267932,0.000091,0.006936,0.428902,0.149583,0.146556
AAGCATACTCTCCTGA-1,0.000034,0.000034,0.264428,0.130735,0.317553,0.287215
AAGCCACTTGCAGGTA-1,0.000029,0.000029,0.228259,0.177721,0.570022,0.023939
AAGCCGAAGCGGTTTA-1,0.075459,0.000054,0.014235,0.90998,0.000109,0.000163
AAGCCGCCGTGAAATC-1,0.000016,0.000016,0.126783,0.060227,0.25744,0.555519
AAGCCGCTTTACCTTG-1,0.000031,0.000031,0.000031,0.542135,0.098631,0.359142
AAGCCGGAGAGCAGGA-1,0.999495,0.000051,0.000051,0.000152,0.000101,0.000152
AAGCGCAGGGCTTTGA-1,0.000031,0.000031,0.028167,0.484214,0.333917,0.15364
AAGCGGAGTGCGCGCA-1,0.000045,0.000045,0.105082,0.820153,0.000091,0.074584
AAGCGGCGTCATGGGT-1,0.238599,0.00007,0.00007,0.10583,0.266394,0.389036
AAGCGTCCCTCATCGA-1,0.00004,0.00004,0.011008,0.044253,0.161367,0.783292
AAGCTAGATCGAGTAA-1,0.000069,0.000069,0.27996,0.711189,0.000137,0.008576
AAGCTCGTGCCAAGTC-1,0.000029,0.000029,0.205359,0.006616,0.036672,0.751295
AAGCTCTTTCATGGTG-1,0.000054,0.000054,0.005911,0.579095,0.368292,0.046593
AAGGAGCGGTTGGTGC-1,0.000134,0.032182,0.000134,0.907571,0.000267,0.059712
AAGGATCGATCGCTTG-1,0.110051,0.000045,0.20048,0.678883,0.010405,0.000135
AAGGATGAGGGACCTC-1,0.000038,0.000038,0.058597,0.623362,0.085713,0.232251
AAGGCAGGCTGTCTCC-1,0.119164,0.000058,0.07726,0.701237,0.101118,0.001163
AAGGCGCGTAAAGCTT-1,0.000051,0.000051,0.01505,0.231559,0.085461,0.667827
AAGGCTGTGCTCATCG-1,0.000114,0.000114,0.000114,0.773909,0.000227,0.225523
AAGGGAACGACTGGCT-1,0.018552,0.000022,0.000022,0.398872,0.214645,0.367887
AAGGGACAGATTCTGT-1,0.000033,0.000033,0.109795,0.3788,0.040782,0.470555
AAGGGACTATGCATTC-1,0.000027,0.000027,0.272254,0.395761,0.091495,0.240436
AAGGGTTAGCCATGCG-1,0.999524,0.000048,0.000048,0.000143,0.000095,0.000143
AAGGGTTTGATTTCAG-1,0.062565,0.002296,0.000041,0.09998,0.714839,0.120279
AAGGTATCCTAATATA-1,0.000037,0.000037,0.000037,0.349916,0.057962,0.592012
AAGGTGATAAACCAGC-1,0.009963,0.000029,0.027841,0.425137,0.180659,0.356371
AAGTAGAAGACCGGGT-1,0.199002,0.000277,0.000277,0.397854,0.152628,0.249961
AAGTAGTGACGCGAGG-1,0.000021,0.000021,0.000021,0.000064,0.000043,0.999829
AAGTCAATTGTCGTCA-1,0.029791,0.000041,0.000041,0.538808,0.215884,0.215436
AAGTCTAGTAGCTGCC-1,0.005702,0.000044,0.209774,0.598322,0.083037,0.10312
AAGTCTTCTGTGGCCT-1,0.039685,0.000047,0.132794,0.575935,0.18571,0.065829
AAGTGACGACCGAATT-1,0.000046,0.000046,0.576034,0.000137,0.000091,0.423647
AAGTGAGTCGGGTTTA-1,0.018842,0.000092,0.074016,0.906588,0.000185,0.000277
AAGTGCAAAGGTAGAC-1,0.000012,0.020207,0.000012,0.243948,0.059948,0.675874
AAGTGCCTTGACTGTA-1,0.199965,0.000064,0.210152,0.561897,0.027728,0.000193
AAGTGCGTTAGAATCT-1,0.088268,0.000078,0.038292,0.577352,0.011592,0.284418
AAGTGCTTCTCTATTG-1,0.000026,0.000026,0.090709,0.082883,0.450765,0.375591
AAGTGTTTGGAGACGG-1,0.012459,0.000052,0.347946,0.548042,0.000104,0.091397
AAGTTCACTCCAAGCT-1,0.000035,0.000035,0.259439,0.372502,0.185852,0.182138
AAGTTCAGTCTGCGTA-1,0.000029,0.000029,0.000029,0.17097,0.058377,0.770566
AAGTTCGGCCAACAGG-1,0.000054,0.000054,0.007672,0.435651,0.0026,0.553969
AAGTTGTGATGTTATA-1,0.081166,0.00006,0.001741,0.743974,0.165607,0.007454
AAGTTTATGGGCCCAA-1,0.000025,0.000025,0.077526,0.474856,0.279119,0.168449
AATAACAACGCTCGGC-1,0.000031,0.000031,0.158209,0.121033,0.000062,0.720633
AATAACACTAGAACAA-1,0.02108,0.000057,0.000057,0.378123,0.139797,0.460885
AATAACGTCGCGCCCA-1,0.423363,0.000037,0.105765,0.069814,0.257427,0.143595
AATAATCTTCGTATCG-1,0.446156,0.000066,0.200833,0.270545,0.0822,0.000199
AATACAATGTTTCAGG-1,0.000038,0.000038,0.026713,0.246008,0.000077,0.727125
AATACCGGAGGGCTGT-1,0.000022,0.000022,0.173002,0.025056,0.280839,0.521058
AATACCTGATGTGAAC-1,0.063569,0.00708,0.123307,0.00264,0.765032,0.038371
AATAGAACAGAGTGGC-1,0.00007,0.242349,0.216542,0.467744,0.001719,0.071575
AATAGAATCTGTTTCA-1,0.00201,0.000022,0.028473,0.245414,0.407643,0.316438
AATAGCAAGCCTCCTG-1,0.178553,0.000106,0.000106,0.697905,0.048698,0.074632
AATAGCTACCGCGTGC-1,0.041603,0.000065,0.02596,0.744849,0.16518,0.022344
AATAGGCACGACCCTT-1,0.010161,0.000019,0.27751,0.081438,0.284483,0.346389
AATAGTCCGTCCCGAC-1,0.055301,0.000146,0.000146,0.681403,0.146203,0.1168
AATAGTCGCGAGTCGG-1,0.000011,0.000011,0.127946,0.104314,0.062798,0.70492
AATATCAAGGTCGGAT-1,0.057005,0.000088,0.092009,0.087937,0.013469,0.749492
AATATCCTAGCAAACT-1,0.077337,0.000037,0.009099,0.493492,0.225843,0.194194
AATATCGAATCAATGC-1,0.177755,0.000046,0.009663,0.712072,0.098661,0.001803
AATATCGAGGGTTCTC-1,0.024628,0.000044,0.000044,0.621862,0.086726,0.266696
AATATTGGAGTATTGA-1,0.000062,0.000062,0.000062,0.424569,0.000123,0.575123
AATCAGACTGCAGGAC-1,0.633517,0.000554,0.000554,0.044558,0.091727,0.229089
AATCAGGTTTCATTTA-1,0.000029,0.000029,0.000029,0.000087,0.616989,0.382837
AATCATGTAAAGACTC-1,0.108907,0.000051,0.000051,0.7791,0.111736,0.000154
AATCCAAGGGCCTGAG-1,0.051725,0.000136,0.000136,0.196229,0.000272,0.751501
AATCCATGCAAGGGTG-1,0.169827,0.000354,0.000354,0.300716,0.393671,0.135078
AATCCCGCTCAGAGCC-1,0.066329,0.000016,0.181473,0.048663,0.30124,0.402279
AATCGAGGTCTCAAGG-1,0.056743,0.00003,0.010333,0.29725,0.519219,0.116426
AATCGCCTCAGCGCCA-1,0.000066,0.000066,0.124852,0.782936,0.011305,0.080775
AATCGCGCAGAGGACT-1,0.102827,0.00005,0.140499,0.645591,0.102061,0.008972
AATCGGTATAGCCCTC-1,0.042898,0.000039,0.031999,0.208456,0.473739,0.242869
AATCGTGAGCCGAGCA-1,0.000012,0.000012,0.000012,0.078309,0.015977,0.905678
AATCTAGGTTTACTTG-1,0.000029,0.000029,0.025608,0.182106,0.319865,0.472364
AATCTATGCCGGAGCC-1,0.271087,0.000044,0.332047,0.213808,0.169529,0.013485
AATCTCTACTGTGGTT-1,0.002721,0.000025,0.38663,0.226686,0.11578,0.268158
AATCTGCGTTGGGACG-1,0.006145,0.000036,0.253838,0.372974,0.000071,0.366936
AATCTGGCTTTCTAGT-1,0.027049,0.000036,0.241277,0.150955,0.224764,0.355918
AATGACAGCAATGTCT-1,0.00006,0.00006,0.051297,0.55777,0.010939,0.379874
AATGACGTAGGATGTC-1,0.00004,0.00004,0.233777,0.261581,0.133256,0.371307
AATGACTGTCAGCCGG-1,0.058412,0.000146,0.147157,0.793555,0.000292,0.000438
AATGAGTTCGCATATG-1,0.000046,0.000046,0.168081,0.136478,0.009234,0.686115
AATGATGATACGCTAT-1,0.026482,0.000036,0.078456,0.396268,0.010288,0.48847
AATGATGCGACTCCTG-1,0.071977,0.000056,0.218624,0.494378,0.185596,0.02937
AATGCAACCGGGTACC-1,0.293541,0.054627,0.000235,0.000705,0.140507,0.510385
AATGCACCAAGCAATG-1,0.000056,0.000056,0.154124,0.702855,0.000112,0.142796
AATGGCCGCCAATGCG-1,0.063365,0.000053,0.004597,0.091255,0.100959,0.739771
AATGGTCCACCGTTCA-1,0.000016,0.000016,0.004322,0.032546,0.000968,0.962132
AATGGTTCTCACAAGC-1,0.000075,0.000075,0.317886,0.296703,0.000149,0.385113
AATGTATGGCACTGTA-1,0.000009,0.000009,0.00066,0.000028,0.475396,0.523897
AATGTGCCCGAGGTGT-1,0.000047,0.000047,0.230301,0.470299,0.00313,0.296177
AATGTGCTAATCTGAG-1,0.023407,0.000028,0.211195,0.163031,0.451927,0.150412
AATGTTAAGACCCTGA-1,0.044735,0.000028,0.433638,0.19181,0.306321,0.023467
AATGTTGTCGTGAGAC-1,0.08203,0.000048,0.173953,0.544974,0.156982,0.042013
AATTAAAGGTCGGCGT-1,0.015574,0.000117,0.083636,0.553243,0.000233,0.347198
AATTAACGGATTTCCA-1,0.000535,0.000058,0.000058,0.435196,0.302294,0.26186
AATTACGAGACCCATC-1,0.094082,0.000013,0.088944,0.024091,0.387156,0.405715
AATTACTCGTACGCTC-1,0.000061,0.000061,0.549188,0.253076,0.000123,0.19749
AATTAGCGCTGCAGCG-1,0.00005,0.00005,0.00005,0.475368,0.280741,0.243741
AATTATACCCAGCAAG-1,0.031068,0.000023,0.016574,0.490369,0.418895,0.043072
AATTCATAAGGGATCT-1,0.000057,0.000057,0.165987,0.59601,0.111542,0.126348
AATTCATTGTCATGCA-1,0.060402,0.000013,0.139408,0.05205,0.281978,0.466149
AATTCCAACTTGGTGA-1,0.509851,0.007853,0.018465,0.001196,0.22116,0.241475
AATTCCAAGCATGTAC-1,0.16459,0.000118,0.02895,0.805753,0.000236,0.000354
AATTCGATTCGAGGAT-1,0.127701,0.000021,0.470213,0.02373,0.375983,0.002352
AATTCTAGAGTTAGGC-1,0.035628,0.00009,0.00009,0.51307,0.029299,0.421822
AATTGAACGCTCTGGT-1,0.000021,0.013112,0.253553,0.238396,0.058125,0.436792
AATTGCAGCAATCGAC-1,0.258735,0.036881,0.000046,0.434504,0.141827,0.128007
AATTGCGTGGATTACA-1,0.000041,0.000041,0.12637,0.464431,0.408995,0.000122
AATTGTGGTTGCCAAA-1,0.691178,0.000041,0.04167,0.266906,0.000082,0.000123
AATTTGGGACATAGTA-1,0.000145,0.000145,0.000145,0.772655,0.00029,0.22662
ACAAACCATGCGTCCT-1,0.024365,0.000017,0.154038,0.318681,0.32268,0.180218
ACAAACTCCATCAGAG-1,0.014729,0.000014,0.000014,0.003382,0.680731,0.301129
ACAAAGAAGGTAGGCC-1,0.00211,0.000025,0.000025,0.388622,0.359639,0.24958
ACAAAGCATGACCTAG-1,0.011956,0.018844,0.213046,0.616645,0.110862,0.028649
ACAAATCGCACCGAAT-1,0.014381,0.000026,0.537361,0.180915,0.139684,0.127632
ACAAATGGTAGTGTTT-1,0.025923,0.000016,0.0017,0.085841,0.246292,0.640228
ACAAATTCAGATCTGA-1,0.079644,0.00004,0.056254,0.032956,0.267564,0.563543
ACAACAGCATGAGCTA-1,0.00003,0.00003,0.238515,0.06096,0.028444,0.672021
ACAACGGTCCCTGCGA-1,0.000043,0.000043,0.000043,0.265818,0.000087,0.733965
ACAAGCAGTGCCTAGC-1,0.00005,0.048915,0.063669,0.498058,0.0001,0.389209
ACAAGCTATATGGAAG-1,0.000025,0.000025,0.00363,0.26769,0.264392,0.464238
ACAAGGAAATCCGCCC-1,0.000047,0.000047,0.188297,0.298003,0.089307,0.424299
ACAAGGACAAGAGGTT-1,0.000032,0.000032,0.022981,0.051241,0.001303,0.924411
ACAAGGATGCTTTAGG-1,0.000021,0.000021,0.007659,0.204629,0.321237,0.466433
ACAAGGGCAGGCTCTG-1,0.000026,0.000026,0.046366,0.146612,0.098062,0.708908
ACAATAGTCGTACGTT-1,0.000068,0.000068,0.000068,0.662823,0.004687,0.332286
ACAATCCATTTAAACC-1,0.000038,0.000038,0.07745,0.364449,0.000076,0.557949
ACAATGAATACGGAGA-1,0.00003,0.00003,0.445368,0.226064,0.080766,0.247741
ACAATGATTCTTCTAC-1,0.059871,0.000074,0.000074,0.491741,0.403208,0.045031
ACAATTGTGTCTCTTT-1,0.033219,0.000021,0.007896,0.109505,0.374004,0.475354
ACAATTTAGGAGGCTC-1,0.000012,0.000012,0.064837,0.127358,0.224003,0.583778
ACAATTTGAGCAGTGG-1,0.000072,0.000072,0.049586,0.918876,0.021653,0.009741
ACAATTTGGCCATATT-1,0.167312,0.000074,0.066397,0.703932,0.062064,0.000221
ACACAAAGACGGGTGG-1,0.131481,0.000154,0.000154,0.179327,0.066708,0.622176
ACACAAATATTCCTAG-1,0.000055,0.000034,0.2404,0.391456,0.06005,0.308006
ACACACCAGGACCAGT-1,0.058712,0.000043,0.272076,0.342821,0.054845,0.271503
ACACACTTTCTACACG-1,0.305426,0.000265,0.000265,0.169687,0.212675,0.311682
ACACATGATCAAATCT-1,0.001096,0.001379,0.210868,0.087877,0.403896,0.294885
ACACATTGACGCAACA-1,0.083676,0.000084,0.300015,0.499231,0.000168,0.116826
ACACATTTCCGTAGAC-1,0.000014,0.000014,0.000036,0.002625,0.269772,0.727539
ACACCACATAATTAGC-1,0.047981,0.000025,0.102485,0.173198,0.467362,0.208948
ACACCCAGCATGCAGC-1,0.04411,0.000124,0.029887,0.19418,0.000248,0.73145
ACACCCGAGAAATCCG-1,0.328731,0.075255,0.000113,0.223595,0.000227,0.372078
ACACCGAGCGCTCTTT-1,0.000016,0.000016,0.000016,0.014777,0.040446,0.944729
ACACCGGTCTGACCGC-1,0.014534,0.001539,0.292413,0.016156,0.409174,0.266185
ACACCTTAAGTAGGGC-1,0.000138,0.000138,0.000138,0.793537,0.000277,0.205771
ACACCTTACTACTTGC-1,0.346124,0.000056,0.000056,0.437417,0.216179,0.000168
ACACGAGACTCCTTCT-1,0.009975,0.000057,0.249248,0.395509,0.01965,0.325561
ACACGGGAACTTAGGG-1,0.000037,0.000037,0.091331,0.168448,0.086154,0.653993
ACACGTAGGCCACAAG-1,0.234768,0.000054,0.000054,0.764856,0.000108,0.000161
ACACTCCAATGTCACT-1,0.066702,0.000093,0.020924,0.152439,0.000186,0.759656
ACACTGATCAAGGTGT-1,0.000117,0.000117,0.023005,0.805501,0.000234,0.171026
ACACTGGGACAGTCGT-1,0.591551,0.000066,0.000066,0.407984,0.000133,0.000199
ACAGAACTGAGAACAA-1,0.000032,0.000032,0.190835,0.313707,0.043015,0.452377
ACAGCGACATTCTCAT-1,0.284649,0.000053,0.000053,0.577153,0.133927,0.004165
ACAGCGCACCCGCAGC-1,0.11704,0.000066,0.001249,0.055909,0.000131,0.825605
ACAGGAGGCGCAGCCG-1,0.426815,0.000106,0.000106,0.000319,0.207427,0.365227
ACAGGCACGGATCCTT-1,0.047948,0.008619,0.160771,0.293472,0.375422,0.113767
ACAGGCTTGCCCGACT-1,0.001458,0.000022,0.077831,0.257843,0.243193,0.419653
ACAGGTGGAGGTGAGG-1,0.000043,0.000043,0.000043,0.222563,0.06069,0.716619
ACAGGTGTGTTGTTGC-1,0.000042,0.000042,0.000042,0.275918,0.574131,0.149825
ACAGTAATACAACTTG-1,0.012403,0.011339,0.000033,0.369078,0.166633,0.440514
ACAGTATACCGTGGGA-1,0.000018,0.000018,0.000018,0.044584,0.019238,0.936125
ACATAAGTCGTGGTGA-1,0.004035,0.002013,0.000012,0.031198,0.49516,0.467583
ACATAATAAGGCGGTG-1,0.284453,0.000325,0.000325,0.37298,0.054072,0.287846
ACATACAATCAAGCGG-1,0.019453,0.000045,0.000045,0.67823,0.24926,0.052968
ACATCAGCTGGGACGC-1,0.000027,0.000027,0.111888,0.428811,0.109013,0.350234
ACATCCCGGCCATACG-1,0.087112,0.000233,0.000233,0.823735,0.000466,0.08822
ACATCCTGGTAACTGT-1,0.146097,0.00007,0.150226,0.570124,0.123908,0.009575
ACATCGATCGTTTACC-1,0.05634,0.000132,0.482493,0.359885,0.000264,0.100886
ACATCGGTCAGCCGCG-1,0.000037,0.000037,0.023341,0.093829,0.001631,0.881124
ACATCGTATGCAATGG-1,0.000032,0.000032,0.497268,0.293716,0.081391,0.127562
ACATGCTTACGGCAGC-1,0.000021,0.000021,0.010521,0.314377,0.522866,0.152194
ACATGGCGCCAAAGTA-1,0.12628,0.000039,0.00474,0.567659,0.221244,0.080037
ACATGGCTCAATTTAG-1,0.084211,0.000227,0.037751,0.594704,0.000453,0.282654
ACATTAGTTTATATCC-1,0.000113,0.000113,0.447154,0.528825,0.000225,0.02357
ACATTCGCGCGGAATA-1,0.000049,0.000049,0.004957,0.45113,0.54367,0.000146
ACATTTGAAACCTAAC-1,0.047852,0.000047,0.000047,0.615617,0.336297,0.000141
ACCAAACACCCAGCGA-1,0.127127,0.00004,0.034796,0.421121,0.33327,0.083646
ACCAACACCACACACT-1,0.000048,0.000048,0.000048,0.596019,0.194322,0.209516
ACCAACCGCACTCCAC-1,0.002621,0.000022,0.000022,0.463626,0.447917,0.085791
ACCAACGCTTATTTAT-1,0.079122,0.000116,0.000116,0.782463,0.000233,0.137949
ACCAAGAACGCGTGTC-1,0.541244,0.000448,0.000448,0.131347,0.325169,0.001344
ACCAAGTCATCGGCAG-1,0.051088,0.000024,0.000024,0.385266,0.33623,0.227367
ACCAATATGCAAGTTA-1,0.000051,0.000051,0.000051,0.291292,0.296392,0.412162
ACCACAAGTTTCTATC-1,0.105283,0.000073,0.009613,0.095721,0.007626,0.781683
ACCACACGGTTGATGG-1,0.02384,0.074891,0.027555,0.498706,0.37487,0.000138
ACCACCAATGTAACAA-1,0.414055,0.000038,0.000038,0.411524,0.144001,0.030345
ACCACCCTCTCTTCTA-1,0.058683,0.000041,0.010065,0.581845,0.199416,0.149951
ACCACGTGCAGCTATA-1,0.00003,0.00003,0.04185,0.319561,0.061264,0.577266
ACCACTGTTCAAGAAG-1,0.005633,0.000053,0.290764,0.37195,0.074292,0.257308
ACCAGACCATAACAAC-1,0.056812,0.000027,0.006997,0.524168,0.042742,0.369255
ACCAGTGCCCGGTCAA-1,0.178191,0.054144,0.000117,0.242182,0.204585,0.32078
ACCAGTGCGGGAGACG-1,0.000043,0.000043,0.206503,0.646836,0.002003,0.144574
ACCATATCCGCAATAA-1,0.075754,0.000058,0.066373,0.112329,0.155976,0.589511
ACCATCCGCCAACTAG-1,0.022147,0.000026,0.189293,0.40727,0.142884,0.23838
ACCATCGTATATGGTA-1,0.000071,0.000071,0.303952,0.250284,0.000143,0.445478
ACCATTAAGGGTGTCA-1,0.000015,0.000015,0.167655,0.005641,0.027435,0.79924
ACCCAACGCCCGTGGC-1,0.00003,0.01166,0.045127,0.330487,0.175205,0.437491
ACCCACCTACATGCTC-1,0.007194,0.000035,0.086232,0.139241,0.032589,0.73471
ACCCATCTTGAGGGTA-1,0.000054,0.000054,0.294388,0.356996,0.000108,0.3484
ACCCATTTGTCCCTCT-1,0.270347,0.00004,0.139424,0.326905,0.262894,0.000391
ACCCGAGCGAAATTAC-1,0.00003,0.00003,0.098147,0.502553,0.197833,0.201407
ACCCGATTGGTTCCGA-1,0.000027,0.000027,0.126953,0.09071,0.42962,0.352663
ACCCGGAAACTCCCAG-1,0.000055,0.000055,0.09019,0.264913,0.266517,0.378269
ACCCGGAGCACCACAA-1,0.395062,0.000024,0.000024,0.000072,0.365959,0.23886
ACCCGGATGACGCATC-1,0.003385,0.00004,0.021647,0.514819,0.175675,0.284434
ACCCGGTTACACTTCC-1,0.038987,0.0001,0.729671,0.162735,0.000201,0.068305
ACCCGTAGCAGAGAAT-1,0.12016,0.000133,0.000133,0.007501,0.580204,0.291869
ACCCGTAGTCTAGTTG-1,0.828977,0.000041,0.170655,0.000123,0.000082,0.000123
ACCCGTGTCATCAGTA-1,0.098146,0.000078,0.046384,0.230999,0.118717,0.505677
ACCCTATAGGACTGAG-1,0.000094,0.000094,0.296501,0.698639,0.000188,0.004484
ACCCTATGCCATATCG-1,0.000068,0.000068,0.051014,0.351033,0.003931,0.593886
ACCCTCCCGTCAGGGC-1,0.05797,0.000026,0.002069,0.429415,0.448893,0.061627
ACCCTCCCTTGCTATT-1,0.000032,0.000032,0.048187,0.338871,0.23513,0.377748
ACCCTGGTAACGCCCT-1,0.106315,0.000059,0.139682,0.465641,0.2047,0.083603
ACCCTTCATCTGCGAA-1,0.140349,0.000184,0.000184,0.316638,0.206611,0.336033
ACCCTTGCCTGGGTCG-1,0.000049,0.000049,0.000049,0.736153,0.078799,0.1849
ACCGAAGAGTCTGGTT-1,0.015802,0.00003,0.29646,0.389318,0.214261,0.084129
ACCGACACATCTCCCA-1,0.000052,0.000052,0.67236,0.326219,0.000124,0.001193
ACCGACTGAGTCCCAC-1,0.000086,0.000086,0.284185,0.588498,0.000171,0.126974
ACCGAGTCTCCTTATT-1,0.061034,0.000044,0.021321,0.436125,0.479323,0.002153
ACCGATAGGCATAACC-1,0.400909,0.000045,0.496937,0.101887,0.000089,0.000134
ACCGATATTTAATCAT-1,0.759501,0.00007,0.00007,0.162142,0.047379,0.030838
ACCGATGGTAGCATCG-1,0.006199,0.000032,0.611614,0.166377,0.013302,0.202477
ACCGCAATAACTGCCT-1,0.029287,0.000038,0.401879,0.27151,0.105315,0.191973
ACCGCGGTGGAAGTCG-1,0.112038,0.000061,0.000061,0.884851,0.002808,0.000182
ACCGCTAGTCATTGGT-1,0.00003,0.00003,0.238722,0.065007,0.625098,0.071115
ACCGGGCCTTTGTTGA-1,0.061608,0.000062,0.052469,0.798159,0.074257,0.013444
ACCGGTCAGGTACACC-1,0.000014,0.002593,0.126566,0.090374,0.473023,0.307429
ACCGTCCACTGGGCCC-1,0.142325,0.000016,0.054625,0.066882,0.729159,0.006994
ACCGTGACCACGTGGG-1,0.030736,0.000019,0.153891,0.000994,0.259895,0.554465
ACCTAAGTACCTTTCA-1,0.037141,0.000065,0.107501,0.496539,0.027457,0.331298
ACCTAATCGACTTCCT-1,0.000029,0.000029,0.000029,0.109303,0.000996,0.889613
ACCTACAGTATGTGGT-1,0.458804,0.000052,0.000052,0.437352,0.103585,0.000155
ACCTACTATAAATCTA-1,0.110548,0.000073,0.005381,0.596929,0.239152,0.047917
ACCTCAGCGAGGCGCA-1,0.175096,0.000057,0.000057,0.410216,0.356772,0.057803
ACCTCCGCCCTCGCTG-1,0.39122,0.000048,0.169638,0.350767,0.088184,0.000143
ACCTCCGTTATTCACC-1,0.203206,0.000065,0.030805,0.530238,0.231987,0.003699
ACCTCGAACTTATGCT-1,0.000013,0.000013,0.185689,0.000039,0.456519,0.357726
ACCTGCGTGTCATGTT-1,0.000045,0.000045,0.013622,0.556033,0.048277,0.381979
ACGAAATGGGCGGCAC-1,0.000032,0.000032,0.000032,0.206779,0.050478,0.742647
ACGACCCATGAGTTGC-1,0.418524,0.000019,0.000019,0.000058,0.526708,0.054672
ACGACTCTAGGGCCGA-1,0.099309,0.000017,0.049264,0.101867,0.743663,0.005881
ACGACTGGTCATACTC-1,0.047235,0.000023,0.505212,0.139759,0.181846,0.125925
ACGAGAACCCATCACG-1,0.245624,0.026989,0.000174,0.040908,0.000347,0.685959
ACGAGGATACCACTCT-1,0.018791,0.000023,0.075264,0.117186,0.075521,0.713214
ACGAGGTTTACAACGT-1,0.000024,0.000024,0.140048,0.118586,0.295233,0.446084
ACGAGTACGGATGCCC-1,0.027134,0.000056,0.363396,0.574357,0.001888,0.033169
ACGAGTCGCCGGCGTT-1,0.527351,0.000234,0.000234,0.210318,0.000467,0.261395
ACGATACATAGAACTA-1,0.000033,0.002176,0.038393,0.423018,0.045015,0.491365
ACGATACCTATCCTGA-1,0.02521,0.000013,0.000013,0.019519,0.733616,0.221631
ACGATCATACATAGAG-1,0.000221,0.000221,0.000221,0.998235,0.000441,0.000662
ACGATCATCTTGTAAA-1,0.020935,0.000056,0.000056,0.60522,0.247731,0.126002
ACGATGCATATGTTAT-1,0.000058,0.012864,0.036556,0.46793,0.036012,0.44658
ACGCAAACTAATAGAT-1,0.003101,0.000032,0.20439,0.402158,0.247843,0.142477
ACGCAATCACTACAGC-1,0.000045,0.000045,0.000045,0.391875,0.26577,0.342221
ACGCATAAATGACATG-1,0.091696,0.000096,0.000096,0.113663,0.479514,0.314935
ACGCATACGTTTACTA-1,0.172608,0.000056,0.001117,0.718325,0.107724,0.000168
ACGCATTCGTGAGTAC-1,0.000147,0.000147,0.000147,0.998823,0.000294,0.000441
ACGCCACTCGAAACAG-1,0.021086,0.000042,0.000042,0.562438,0.323058,0.093335
ACGCCAGATGATTTCT-1,0.031464,0.03062,0.000105,0.408868,0.097534,0.431409
ACGCCAGTGCGTTTGC-1,0.073368,0.000011,0.000011,0.003126,0.919114,0.004369
ACGCCGCTAGACGACC-1,0.000043,0.000043,0.036202,0.182022,0.222643,0.559046
ACGCGAAGTCAGACGA-1,0.000133,0.008187,0.12388,0.751451,0.000266,0.116083
ACGCGCTACACAGGGT-1,0.000064,0.000064,0.288624,0.332036,0.000128,0.379083
ACGCGGGCCAAGGACA-1,0.000103,0.000103,0.180049,0.755939,0.000206,0.063599
ACGCGTTTCTTAAGAG-1,0.000018,0.000018,0.033314,0.493457,0.102362,0.370831
ACGCTACTGAATGGGC-1,0.965199,0.000064,0.000255,0.034164,0.000127,0.000191
ACGCTAGTGATACACT-1,0.00002,0.00002,0.00002,0.080195,0.022376,0.89737
ACGCTGTGAGGCGTAG-1,0.000062,0.000062,0.000062,0.719051,0.021397,0.259368
ACGGAACACGAGTGCC-1,0.00136,0.000023,0.000023,0.214837,0.546224,0.237534
ACGGAATTTAGCAAAT-1,0.00008,0.00008,0.583401,0.400527,0.00016,0.015751
ACGGACGCAGCGACAA-1,0.000017,0.000017,0.093879,0.189704,0.471429,0.244955
ACGGACTCTCAAAGCG-1,0.053871,0.000041,0.096536,0.25083,0.240618,0.358104
ACGGAGCGCAAATTAC-1,0.000056,0.000056,0.189994,0.784999,0.000112,0.024783
ACGGATGGTGCGGATA-1,0.000042,0.000042,0.119391,0.819014,0.000178,0.061332
ACGGCACTTGCTTGGG-1,0.000118,0.000118,0.000118,0.981768,0.000236,0.017641
ACGGCCAACATGGACT-1,0.031733,0.000091,0.091197,0.360537,0.272017,0.244425
ACGGCGACGATGGGAA-1,0.007845,0.000056,0.224193,0.541406,0.085538,0.140963
ACGGCGGGTTGCCCTG-1,0.232383,0.000138,0.004778,0.031974,0.022922,0.707806
ACGGCTGGATGTAGAA-1,0.000015,0.000015,0.049446,0.137382,0.290288,0.522855
ACGGGAGTGTCGGCCC-1,0.030163,0.000033,0.064128,0.320832,0.005493,0.579352
ACGGGCGTATGCGACA-1,0.090394,0.000054,0.245461,0.612416,0.032107,0.019568
ACGGGTCATGTGACTT-1,0.000017,0.000017,0.167056,0.000206,0.005328,0.827377
ACGGGTTGTGACCTGT-1,0.013993,0.000122,0.000122,0.280034,0.705363,0.000366
ACGGTACAGTTCAATG-1,0.181782,0.000017,0.00303,0.012502,0.795099,0.00757
ACGGTCACCGAGAACA-1,0.000015,0.000015,0.123172,0.00239,0.357961,0.516448
ACGTACTTTGGCACGG-1,0.000026,0.000026,0.028987,0.01823,0.467382,0.48535
ACGTAGATTGCTGATG-1,0.000056,0.000056,0.114527,0.382316,0.104025,0.399019
ACGTAGGAGAGTCGCT-1,0.000029,0.000029,0.325085,0.036287,0.605268,0.033301
ACGTATTACTCCGATC-1,0.095443,0.000073,0.022839,0.75815,0.121037,0.002458
ACGTCGGGCAACTCGG-1,0.000017,0.000017,0.000017,0.138443,0.382124,0.47938
ACGTCTCGTTCCGGGA-1,0.047924,0.00002,0.001693,0.454714,0.257178,0.238471
ACGTGACAAAGTAAGT-1,0.010087,0.000012,0.089267,0.079364,0.234426,0.586844
ACGTGCGCCTCGTGCA-1,0.28886,0.000457,0.000457,0.386873,0.147447,0.175906
ACGTTAATGTCGAAGA-1,0.095231,0.000096,0.152208,0.698516,0.000191,0.053758
ACGTTAGATTTGCCCG-1,0.000037,0.000037,0.094666,0.036507,0.018448,0.850305
ACGTTATTGGTCACTC-1,0.000025,0.000025,0.052329,0.091427,0.026108,0.830086
ACGTTCACTATGCCGC-1,0.000015,0.000015,0.140681,0.000044,0.634218,0.225027
ACGTTCGCAATCAATT-1,0.101419,0.000052,0.057538,0.74776,0.084315,0.008916
ACGTTCGTTCAGGAAA-1,0.000039,0.000039,0.000039,0.24848,0.280819,0.470585
ACGTTCTGTACAAGTC-1,0.101726,0.000036,0.000036,0.502317,0.232786,0.163099
ACGTTGTCGTTGAAAG-1,0.031926,0.000011,0.000011,0.000032,0.68296,0.28506
ACGTTTAGTTGTGATC-1,0.213166,0.00039,0.00039,0.501012,0.00078,0.284261
ACGTTTCGGTGCACTT-1,0.999334,0.000067,0.000067,0.0002,0.000133,0.0002
ACTAAGGACGCACACC-1,0.000053,0.000053,0.007346,0.803544,0.005452,0.183552
ACTAATACGTCAGGCG-1,0.062763,0.000043,0.004378,0.018594,0.130725,0.783496
ACTACAAAGAGAGGTG-1,0.216158,0.00005,0.382134,0.401412,0.000099,0.000149
ACTACATCCCGACAAG-1,0.013577,0.000021,0.21959,0.386264,0.276815,0.103733
ACTACCAGCTCTCTGG-1,0.000089,0.000089,0.047387,0.2444,0.056843,0.651193
ACTACCATCCGAGGGC-1,0.000022,0.000022,0.044776,0.000284,0.773964,0.180932
ACTACGCGTTAGAATT-1,0.125721,0.000091,0.022306,0.357794,0.244937,0.249151
ACTAGTTGCGATCGTC-1,0.024462,0.000062,0.000062,0.77643,0.198798,0.000186
ACTATATGCTGTGTTC-1,0.000055,0.000055,0.096534,0.616123,0.000111,0.287121
ACTATCCAGGGCATGG-1,0.210685,0.000051,0.122545,0.513907,0.079224,0.073588
ACTATCGCCGGCTAAA-1,0.000023,0.000023,0.160755,0.055728,0.103687,0.679784
ACTATCTGCCCGCGTA-1,0.161532,0.000051,0.000051,0.769339,0.068875,0.000152
ACTATGTCCAGCTGCC-1,0.000035,0.000035,0.038688,0.476018,0.369912,0.115311
ACTATTCGTCCGTGGT-1,0.324207,0.231937,0.000309,0.005657,0.181337,0.256553
ACTATTTCCGGGCCCA-1,0.000025,0.000025,0.000025,0.000075,0.194163,0.805686
ACTCAACGAATGTATT-1,0.0848,0.000087,0.048712,0.061396,0.000173,0.804832
ACTCAAGTGCAAGGCT-1,0.00749,0.000024,0.035766,0.410801,0.248889,0.29703
ACTCAATAAAGGCACG-1,0.000041,0.000041,0.203532,0.370941,0.046789,0.378656
ACTCAGACCTGCTTCT-1,0.109773,0.000236,0.080926,0.201487,0.225176,0.382402
ACTCATGGCAGCCTTC-1,0.081146,0.00002,0.10074,0.175786,0.46889,0.173419
ACTCCAATATCATCAT-1,0.000031,0.000031,0.241788,0.515727,0.180076,0.062346
ACTCCCATTCCTAAAG-1,0.000015,0.000015,0.000015,0.018838,0.125278,0.855838
ACTCCCGAATTCGTTT-1,0.023205,0.000045,0.059832,0.285933,0.368413,0.262572
ACTCCCGTAGACTAGG-1,0.059984,0.000074,0.015814,0.680276,0.000147,0.243706
ACTCCCTAATGCTAAA-1,0.028289,0.010605,0.000075,0.596845,0.24879,0.115396
ACTCCCTAGAATAGTA-1,0.046736,0.000063,0.031359,0.870492,0.000125,0.051225
ACTCCGGCCGACCACT-1,0.041411,0.00156,0.000015,0.037071,0.868028,0.051914
ACTCGATGTATTTCAT-1,0.000047,0.000047,0.016234,0.607526,0.000094,0.376052
ACTCGCCGTTCGATAA-1,0.290031,0.000033,0.052069,0.187764,0.193982,0.276121
ACTCGCGATCTGACGC-1,0.409258,0.000071,0.000071,0.466149,0.12424,0.000212
ACTCGTAACCCGTCCT-1,0.000048,0.000048,0.191797,0.5346,0.002291,0.271216
ACTCGTCAGTAATCCC-1,0.000045,0.000045,0.062634,0.327312,0.021555,0.588408
ACTCTAAACCTGGGAT-1,0.000014,0.000014,0.041867,0.195058,0.286178,0.476869
ACTCTCTGACTTAGGT-1,0.032353,0.00938,0.000132,0.586616,0.330152,0.041367
ACTCTGACCTAATAGA-1,0.085942,0.003431,0.420028,0.38424,0.10626,0.000099
ACTCTTCAGCTCCCGC-1,0.395117,0.000057,0.000057,0.275619,0.328977,0.000172
ACTCTTGTATAGTAAC-1,0.000072,0.000072,0.000072,0.377129,0.183401,0.439253
ACTGAAACGCCGTTAG-1,0.143689,0.00003,0.104564,0.341173,0.095815,0.314729
ACTGAATGGCGAAAGT-1,0.017715,0.000036,0.245948,0.701937,0.001218,0.033146
ACTGCCCGCCATTCTC-1,0.000012,0.000012,0.000012,0.000036,0.744144,0.255784
ACTGCCGTCGTAACTC-1,0.494959,0.000385,0.000385,0.173228,0.329887,0.001156
ACTGCGGACACACCGT-1,0.139085,0.000056,0.048979,0.69893,0.112784,0.000167
ACTGCTCGGAAGGATG-1,0.009904,0.000026,0.069822,0.483112,0.143813,0.293323
ACTGGCGAACCTGCGT-1,0.000038,0.000038,0.09439,0.39668,0.050147,0.458707
ACTGTACGATACACAT-1,0.000072,0.000072,0.000174,0.756332,0.029664,0.213686
ACTGTAGCACTTTGGA-1,0.000034,0.000034,0.077326,0.000103,0.006875,0.915627
ACTGTATACGCGAGCA-1,0.5302,0.000535,0.000535,0.001604,0.465522,0.001604
ACTGTCCAGGATTATA-1,0.41625,0.000136,0.000136,0.000407,0.000271,0.5828
ACTGTCTTCTTTAGAA-1,0.000095,0.000095,0.228891,0.645014,0.000189,0.125716
ACTGTGCTAGTAGATC-1,0.311771,0.11424,0.000333,0.000999,0.000666,0.571991
ACTTACCGGGCGCGCA-1,0.274524,0.011649,0.000145,0.58853,0.124715,0.000436
ACTTACGCATCCACGC-1,0.00006,0.00006,0.06341,0.809499,0.038097,0.088874
ACTTAGTACGACAAGA-1,0.155266,0.019749,0.212328,0.333016,0.000212,0.27943
ACTTATACTTACCCGG-1,0.06038,0.000049,0.253372,0.414055,0.099019,0.173126
ACTTATTAGGATCGGT-1,0.053678,0.020428,0.000202,0.717768,0.000403,0.207521
ACTTATTTATGTGCCA-1,0.00003,0.00003,0.090673,0.168745,0.299802,0.44072
ACTTCAGGCTGATCCC-1,0.015325,0.000026,0.000026,0.215585,0.221561,0.547478
ACTTCCAGTGGAAGCT-1,0.110973,0.000041,0.074906,0.313802,0.245909,0.254369
ACTTCCATGCGGGACA-1,0.030979,0.000041,0.10252,0.562305,0.191664,0.112491
ACTTCGCCATACGCAC-1,0.000033,0.000033,0.024551,0.073206,0.160462,0.741715
ACTTCGCTAGCGAGTG-1,0.040643,0.000051,0.11417,0.640825,0.090975,0.113336
ACTTGACTCCCTCTTT-1,0.071761,0.009955,0.075409,0.49243,0.20756,0.142885
ACTTGCTCTATCTACC-1,0.015604,0.000018,0.053709,0.096329,0.560562,0.273779
ACTTGGGACCCGGTGG-1,0.151914,0.026085,0.132318,0.645503,0.000234,0.043946
ACTTGGGCTTTCGCCA-1,0.000064,0.000064,0.043006,0.656711,0.146287,0.153868
ACTTGTAGTCCCTTCA-1,0.015769,0.000027,0.038088,0.456535,0.245924,0.243657
ACTTGTGGATGGAACG-1,0.187957,0.000042,0.000042,0.34613,0.412825,0.053003
ACTTGTTACCGGATCA-1,0.134326,0.000094,0.053223,0.608539,0.203538,0.000281
ACTTTACCCTCATGAA-1,0.05246,0.000065,0.101047,0.747654,0.098376,0.000398
ACTTTATACACCACTT-1,0.000317,0.000317,0.194459,0.019211,0.731694,0.054003
ACTTTCCTATAGCTTC-1,0.000178,0.000178,0.012219,0.78597,0.200921,0.000534
ACTTTGACTGCATCCT-1,0.089441,0.000051,0.000051,0.25672,0.43358,0.220158
ACTTTGGTCGTGCTCC-1,0.009956,0.000019,0.028134,0.059825,0.605407,0.296658
ACTTTGTCGACGCACT-1,0.436792,0.000101,0.172088,0.390516,0.000201,0.000302
AGAAATTATGACTCGC-1,0.349094,0.013312,0.078756,0.558623,0.000086,0.000129
AGAACACGGCGATGGT-1,0.02891,0.000009,0.061557,0.256685,0.207255,0.445585
AGAACCCAGCGTGACA-1,0.120291,0.00004,0.661908,0.217563,0.00008,0.000119
AGAACCCTCAATTGGG-1,0.000024,0.00973,0.172483,0.202425,0.526863,0.088475
AGAACGTGGTACATTC-1,0.000037,0.000037,0.157575,0.188002,0.095282,0.559067
AGAACTGTACTTTGTA-1,0.064693,0.00002,0.370231,0.017307,0.484735,0.063015
AGAAGAGCGCCGTTCC-1,0.092919,0.031295,0.568969,0.211307,0.026821,0.068688
AGAAGGTACACTTCAC-1,0.007038,0.000025,0.003687,0.15928,0.317308,0.512663
AGAAGGTTGCCGAATT-1,0.067471,0.000057,0.084622,0.225452,0.000114,0.622284
AGAAGGTTGTAGGTCG-1,0.014448,0.000039,0.144146,0.446158,0.192024,0.203185
