Barcode,Topic 1,Topic 2to3,Topic 4,Topic 5,Topic 6,Topic 7,Topic 8,Topic 9,Topic 10
AAACAAGTATCTCCCA-1,0.000103,0.799507,0.095129,0.000103,0.000103,0.000103,0.000103,0.104745,0.000103
AAACAATCTACTAGCA-1,0.000025,0.220276,0.011989,0.000027,0.012008,0.402769,0.292371,0.000025,0.060511
AAACACCAATAACTGC-1,0.450816,0.4571,0.000085,0.000085,0.000085,0.000085,0.000196,0.091461,0.000085
AAACAGAGCGACTCCT-1,0.000023,0.075053,0.00365,0.000023,0.351731,0.046885,0.005466,0.039958,0.47721
AAACAGCTTTCAGAAG-1,0.000042,0.424889,0.000042,0.000042,0.218136,0.000042,0.266032,0.039883,0.050891
AAACAGGGTCTATATT-1,0.026381,0.130037,0.059905,0.002676,0.021333,0.006545,0.152145,0.560839,0.040139
AAACAGTGTTCCTGGG-1,0.000049,0.77443,0.102283,0.006888,0.008344,0.063925,0.000028,0.000028,0.044025
AAACATGGTGAGAGGA-1,0.890143,0.109683,0.000025,0.000025,0.000025,0.000025,0.000025,0.000025,0.000025
AAACATTTCCCGGATT-1,0.025458,0.006562,0.310094,0.587458,0.000017,0.000017,0.000017,0.069182,0.001196
AAACCACTACACAGAT-1,0.003813,0.187726,0.439418,0.302075,0.00002,0.019129,0.030706,0.016584,0.000529
AAACCCGAACGAAATC-1,0.000031,0.277603,0.240563,0.067891,0.051651,0.237854,0.074509,0.004388,0.045511
AAACCGGAAATGTTAA-1,0.00668,0.019933,0.377106,0.203968,0.028667,0.010571,0.16852,0.111124,0.07343
AAACCGGGTAGGTACC-1,0.000032,0.593632,0.000032,0.125124,0.034054,0.014606,0.227272,0.004092,0.001156
AAACCGTTCGTCCAGG-1,0.000009,0.000695,0.000009,0.012282,0.094507,0.0059,0.763348,0.078045,0.045205
AAACCTAAGCAGCCGG-1,0.00001,0.372071,0.184306,0.011278,0.094545,0.008476,0.170052,0.018997,0.140265
AAACCTCATGAAGTTG-1,0.000034,0.431239,0.020052,0.009276,0.037764,0.045084,0.395908,0.032754,0.027888
AAACGAAGAACATACC-1,0.00379,0.1105,0.034717,0.232041,0.057948,0.221719,0.149186,0.183016,0.007081
AAACGAAGATGGAGTA-1,0.718574,0.281026,0.000057,0.000057,0.000057,0.000057,0.000057,0.000057,0.000057
AAACGACAGTCTTGCC-1,0.009837,0.134336,0.474807,0.024089,0.009311,0.071945,0.093007,0.171184,0.011484
AAACGAGACGGTTGAT-1,0.000064,0.236219,0.000064,0.197404,0.238683,0.014914,0.162487,0.118003,0.032163
AAACGCCCGAGATCGG-1,0.001178,0.00004,0.050715,0.236064,0.106946,0.013845,0.066305,0.277716,0.24719
AAACGCTGGGCACGAC-1,0.020044,0.35888,0.321667,0.144504,0.000338,0.000034,0.000034,0.13849,0.016009
AAACGGGCGTACGGGT-1,0.011078,0.059258,0.311954,0.05085,0.170662,0.032503,0.002795,0.178948,0.181951
AAACGGTTGCGAACTG-1,0.000014,0.457714,0.158048,0.044743,0.017723,0.099559,0.153813,0.030096,0.038288
AAACGTGTTCGCCCTA-1,0.011877,0.040142,0.316022,0.008887,0.012923,0.049811,0.209065,0.189263,0.162012
AAACTAACGTGGCGAC-1,0.012826,0.127369,0.290858,0.196708,0.047886,0.044811,0.164862,0.090021,0.024659
AAACTCGGTTCGCAAT-1,0.00272,0.249908,0.030537,0.011944,0.008427,0.001774,0.125456,0.569226,0.000008
AAACTCGTGATATAAG-1,0.010374,0.442953,0.17411,0.116972,0.002278,0.020262,0.191377,0.03768,0.003994
AAACTGCTGGCTCCAA-1,0.000036,0.11563,0.017899,0.197906,0.414098,0.187779,0.019611,0.000036,0.047006
AAACTTAATTGCACGC-1,0.999764,0.000053,0.000026,0.000026,0.000026,0.000026,0.000026,0.000026,0.000026
AAACTTGCAAACGTAT-1,0.019486,0.597287,0.000045,0.145128,0.000908,0.000045,0.171708,0.065349,0.000045
AAAGAATGACCTTAGA-1,0.912377,0.029306,0.000059,0.053747,0.000059,0.004273,0.000059,0.000059,0.000059
AAAGACATGAAGTTTA-1,0.000128,0.998974,0.000128,0.000128,0.000128,0.000128,0.000128,0.000128,0.000128
AAAGACCCAAGTCGCG-1,0.012961,0.075933,0.009318,0.076518,0.047723,0.24501,0.429207,0.098649,0.004682
AAAGACTGGGCGCTTT-1,0.004191,0.203609,0.059027,0.214523,0.014354,0.229854,0.249667,0.012454,0.012322
AAAGCTTGCCTACATA-1,0.00974,0.108342,0.385032,0.105801,0.019854,0.057469,0.122074,0.113891,0.077796
AAAGGCCCTATAATAC-1,0.751877,0.144828,0.037899,0.000028,0.000028,0.000028,0.017394,0.017786,0.030131
AAAGGCTACGGACCAT-1,0.000019,0.593707,0.092876,0.000019,0.005944,0.00103,0.254383,0.047936,0.004086
AAAGGCTCTCGCGCCG-1,0.000035,0.464551,0.004365,0.00055,0.130091,0.067744,0.313051,0.006881,0.012732
AAAGGGATGTAGCAAG-1,0.000025,0.026404,0.00008,0.161866,0.349375,0.029756,0.014448,0.000025,0.418022
AAAGGGCAGCTTGAAT-1,0.000033,0.274522,0.053512,0.16845,0.006262,0.341811,0.153973,0.000033,0.001405
AAAGGTAAGCTGTACC-1,0.000035,0.347918,0.24218,0.213183,0.0224,0.168278,0.000035,0.000035,0.005935
AAAGGTCAACGACATG-1,0.026762,0.209109,0.446325,0.029484,0.003879,0.284369,0.000024,0.000024,0.000024
AAAGTAGCATTGCTCA-1,0.003403,0.162838,0.022946,0.009387,0.094049,0.05279,0.397073,0.116948,0.140566
AAAGTCACTGATGTAA-1,0.025065,0.24352,0.014355,0.012421,0.113217,0.280482,0.212182,0.093072,0.005686
AAAGTCGACCCTCAGT-1,0.000026,0.378146,0.010518,0.05797,0.017649,0.120764,0.319872,0.016247,0.078808
AAAGTGCCATCAATTA-1,0.000008,0.004035,0.231233,0.000582,0.019545,0.003186,0.010245,0.014607,0.716559
AAAGTGTGATTTATCT-1,0.03593,0.332126,0.124529,0.227281,0.113817,0.023562,0.002489,0.083412,0.056853
AAAGTTGACTCCCGTA-1,0.02852,0.758397,0.091129,0.019915,0.049056,0.021543,0.000091,0.000091,0.031259
AAATAACCATACGGGA-1,0.000081,0.945717,0.000081,0.000081,0.000679,0.000081,0.05312,0.000081,0.000081
AAATAAGGTAGTGCCC-1,0.000017,0.245268,0.199741,0.08304,0.044896,0.133842,0.180307,0.098717,0.014171
AAATACCTATAAGCAT-1,0.000046,0.204179,0.003374,0.230265,0.05291,0.492692,0.000046,0.000046,0.016443
AAATAGCTTAGACTTT-1,0.006551,0.216436,0.041501,0.316948,0.034719,0.323878,0.026491,0.024184,0.00929
AAATAGGGTGCTATTG-1,0.000015,0.102215,0.052146,0.095421,0.3607,0.111811,0.080701,0.005761,0.19123
AAATCACTCCTAAACG-1,0.009795,0.05892,0.378028,0.000381,0.00427,0.026571,0.312344,0.158486,0.051204
AAATCCGATACACGCC-1,0.007238,0.230727,0.15221,0.068621,0.164978,0.022754,0.106123,0.098363,0.148984
AAATCGCGGAAGGAGT-1,0.867969,0.123115,0.00006,0.00006,0.00006,0.00006,0.00006,0.008555,0.00006
AAATCGTGTACCACAA-1,0.000025,0.003992,0.000025,0.085956,0.434874,0.130927,0.012064,0.000025,0.332111
AAATCTAGCCCTGCTA-1,0.079234,0.338642,0.032466,0.144337,0.000062,0.000062,0.000062,0.405071,0.000062
AAATCTGCCCGCGTCC-1,0.681229,0.315872,0.000072,0.002467,0.000072,0.000072,0.000072,0.000072,0.000072
AAATGACTGATCAAAC-1,0.00012,0.508213,0.00012,0.00012,0.039736,0.451332,0.00012,0.00012,0.00012
AAATGATTCGATCAGC-1,0.001272,0.018509,0.190608,0.220503,0.023986,0.035461,0.424882,0.038296,0.046483
AAATGCTCGTTACGTT-1,0.000041,0.584233,0.000041,0.000041,0.006413,0.004682,0.398616,0.005893,0.000041
AAATGGCATGTCTTGT-1,0.000039,0.133226,0.021364,0.05847,0.478832,0.177081,0.027084,0.051949,0.051955
AAATGGCCCGTGCCCT-1,0.008778,0.000013,0.000321,0.001566,0.029395,0.004094,0.0852,0.603746,0.266887
AAATGGTCAATGTGCC-1,0.019412,0.187383,0.000554,0.253992,0.077955,0.446955,0.000052,0.000052,0.013645
AAATGTATCTTATCCC-1,0.825991,0.124884,0.000058,0.048776,0.000058,0.000058,0.000058,0.000058,0.000058
AAATGTGGGTGCTCCT-1,0.016015,0.013671,0.062166,0.174925,0.025097,0.038176,0.387146,0.272412,0.010391
AAATTAACGGGTAGCT-1,0.000096,0.790891,0.000096,0.198684,0.000096,0.00985,0.000096,0.000096,0.000096
AAATTAATAAGCGCGA-1,0.145954,0.599969,0.01049,0.086981,0.000045,0.000045,0.000045,0.156426,0.000045
AAATTACACGACTCTG-1,0.000093,0.651378,0.000093,0.004316,0.133606,0.010962,0.047303,0.063519,0.08873
AAATTACCTATCGATG-1,0.000027,0.102623,0.014199,0.125748,0.135489,0.440516,0.000027,0.000027,0.181343
AAATTCCAGGTCCAAA-1,0.021905,0.15058,0.235027,0.288479,0.016984,0.065808,0.170667,0.015773,0.034778
AAATTGATAGTCCTTT-1,0.000046,0.498826,0.000046,0.000046,0.006827,0.000046,0.225757,0.265741,0.002663
AAATTGGTGAGAAGCA-1,0.0017,0.02147,0.178516,0.00001,0.001393,0.019,0.358156,0.064648,0.355108
AAATTTACCGAAATCC-1,0.035994,0.92928,0.000084,0.009818,0.024487,0.000084,0.000084,0.000084,0.000084
AAATTTGCGGGTGTGG-1,0.003094,0.115885,0.004822,0.189052,0.007705,0.000331,0.585972,0.09312,0.000019
AACAACTGGTAGTTGC-1,0.000064,0.459574,0.000064,0.028526,0.173906,0.219858,0.037473,0.074081,0.006454
AACAATACATTGTCGA-1,0.000555,0.20463,0.070559,0.032781,0.040853,0.004166,0.129349,0.463731,0.053376
AACAATTACTCTACGC-1,0.000022,0.000044,0.018029,0.509648,0.004524,0.000022,0.244623,0.202191,0.020897
AACACACGCTCGCCGC-1,0.031639,0.817974,0.000136,0.000136,0.02249,0.000136,0.000136,0.12722,0.000136
AACACGACTGTACTGA-1,0.035469,0.153278,0.000027,0.560462,0.023645,0.051088,0.004165,0.171837,0.000027
AACACGAGACGCGGCC-1,0.000042,0.706505,0.002307,0.007645,0.013929,0.037762,0.230556,0.001212,0.000042
AACACGCGGCCGCGAA-1,0.005779,0.12085,0.070386,0.045398,0.009646,0.176527,0.545213,0.000109,0.026092
AACAGCTGTGTGGCAA-1,0.000037,0.775384,0.095881,0.000037,0.013794,0.03195,0.059561,0.022619,0.000736
AACAGGAAATCGAATA-1,0.000042,0.181736,0.000042,0.199095,0.008171,0.610789,0.000042,0.000042,0.000042
AACAGGATGGGCCGCG-1,0.000061,0.518566,0.000061,0.000061,0.030902,0.000061,0.000944,0.449283,0.000061
AACAGGTAGTATGGAT-1,0.007766,0.054338,0.247365,0.033452,0.11262,0.091217,0.015478,0.209184,0.228579
AACATAGCGTGTATCG-1,0.000031,0.19858,0.004461,0.000031,0.013215,0.418231,0.358543,0.000031,0.006877
AACATATCAACTGGTG-1,0.002023,0.21581,0.049196,0.598572,0.009618,0.124698,0.000027,0.000027,0.000027
AACATCGATACGTCTA-1,0.000009,0.001378,0.265308,0.000009,0.002574,0.004976,0.700487,0.00073,0.02453
AACATTGAAGTTGATC-1,0.803364,0.043508,0.015369,0.000029,0.000419,0.121652,0.00858,0.000029,0.007051
AACATTGTGACTCGAG-1,0.034927,0.490655,0.163005,0.16811,0.000661,0.002112,0.028422,0.111933,0.000175
AACCAAGACTTCTCTG-1,0.000024,0.372077,0.000387,0.002076,0.1356,0.02126,0.415517,0.038611,0.014448
AACCAGTATCACTCTT-1,0.062554,0.861737,0.0001,0.030266,0.0001,0.044941,0.0001,0.0001,0.0001
AACCATAGGGTTGAAC-1,0.916803,0.000019,0.000009,0.081547,0.000009,0.000009,0.000009,0.001585,0.000009
AACCATGGGATCGCTA-1,0.051067,0.345293,0.007005,0.116848,0.034675,0.07649,0.254167,0.10636,0.008094
AACCCAGAGACGGAGA-1,0.000014,0.001153,0.00383,0.329613,0.087267,0.01725,0.446127,0.030555,0.084191
AACCCATCCCATGATC-1,0.41837,0.000036,0.000018,0.000018,0.000018,0.000018,0.000018,0.581486,0.000018
AACCCGACAACCCGTG-1,0.000404,0.30272,0.387051,0.001556,0.012419,0.104265,0.067388,0.044818,0.079379
AACCCGAGCAGAATCG-1,0.015278,0.446362,0.3249,0.136445,0.011676,0.007063,0.000041,0.056877,0.001358
AACCCGATAGGGCTTC-1,0.00001,0.033468,0.458556,0.00001,0.000277,0.028031,0.270619,0.008875,0.200155
AACCCGCTGTATTCCA-1,0.028422,0.162547,0.000023,0.000023,0.042107,0.231421,0.211209,0.299443,0.024808
AACCCTACTGTCAATA-1,0.000054,0.38506,0.090362,0.487404,0.019047,0.017911,0.000054,0.000054,0.000054
AACCCTGGTGGAACCA-1,0.000024,0.207589,0.044009,0.254503,0.130358,0.171432,0.041325,0.044502,0.106259
AACCGAGCTTGGTCAT-1,0.00765,0.313493,0.000053,0.463885,0.029117,0.139807,0.000053,0.042012,0.00393
AACCGCTAAGGGATGC-1,0.176041,0.642214,0.000108,0.000108,0.000108,0.000108,0.000108,0.181099,0.000108
AACCGTTGTGTTTGCT-1,0.008441,0.090049,0.000046,0.53085,0.148115,0.165406,0.023928,0.015683,0.017482
AACCTAAAGCCGTCCG-1,0.102479,0.733756,0.000069,0.125695,0.002216,0.035577,0.000069,0.000069,0.000069
AACCTCGCTTTAGCCC-1,0.000489,0.29178,0.236149,0.216986,0.052277,0.140392,0.020181,0.022773,0.018974
AACCTGTCACGGAATT-1,0.000022,0.294865,0.257548,0.010333,0.01689,0.12337,0.268021,0.011969,0.016983
AACCTTTAAATACGGT-1,0.040149,0.00751,0.000017,0.127202,0.193581,0.003115,0.362457,0.071461,0.194507
AACCTTTACGACGTCT-1,0.000045,0.340848,0.001415,0.133116,0.37905,0.005116,0.000045,0.13561,0.004755
AACGAAAGTCGTCCCA-1,0.999782,0.000048,0.000024,0.000024,0.000024,0.000024,0.000024,0.000024,0.000024
AACGATAATGCCGTAG-1,0.015838,0.041262,0.000021,0.113384,0.374059,0.133262,0.176742,0.000021,0.145411
AACGATAGAAGGGCCG-1,0.015654,0.000072,0.003558,0.062031,0.098893,0.242878,0.340608,0.059608,0.176697
AACGATATGTCAACTG-1,0.000088,0.702342,0.000088,0.006855,0.02208,0.182402,0.049228,0.033988,0.002928
AACGCATGATCTGGGT-1,0.000017,0.105917,0.054885,0.000823,0.169911,0.011335,0.412641,0.060279,0.184192
AACGCGAACGGCAACA-1,0.023586,0.342575,0.009036,0.056522,0.102862,0.038471,0.303957,0.108074,0.014917
AACGCGACCTTGGGCG-1,0.138999,0.4178,0.081521,0.000015,0.000015,0.000015,0.000015,0.361605,0.000015
AACGCGGTCTCCAGCC-1,0.000037,0.140374,0.000037,0.0843,0.372752,0.033682,0.014256,0.151053,0.203511
AACGCTGTTGCTGAAA-1,0.00009,0.708511,0.045314,0.104248,0.021745,0.032087,0.00009,0.024062,0.063852
AACGGACGTACGTATA-1,0.102578,0.896451,0.000139,0.000139,0.000139,0.000139,0.000139,0.000139,0.000139
AACGGCCATCTCCGGT-1,0.000031,0.407704,0.109185,0.047055,0.016661,0.085293,0.282238,0.042123,0.009708
AACGTACTGTGGGTAC-1,0.00004,0.469066,0.046486,0.183808,0.000055,0.17839,0.111853,0.010262,0.00004
AACGTAGTCTACCCAT-1,0.046929,0.469463,0.001574,0.093006,0.000043,0.34699,0.041909,0.000043,0.000043
AACGTCAGACTAGTGG-1,0.000044,0.289764,0.000044,0.036707,0.024692,0.648619,0.000044,0.000044,0.000044
AACGTCATCCGGCTTG-1,0.163857,0.010003,0.005002,0.005002,0.328291,0.005001,0.005002,0.005002,0.472841
AACGTGATGAAGGACA-1,0.059747,0.799839,0.000083,0.000083,0.000083,0.000083,0.000083,0.139914,0.000083
AACGTGCGAAAGTCTC-1,0.000052,0.257055,0.000052,0.160133,0.338676,0.022837,0.072488,0.105788,0.04292
AACGTTATCAGCACCT-1,0.002163,0.083759,0.000015,0.042299,0.059294,0.001979,0.375909,0.433481,0.001102
AACTACCCGTTTGTCA-1,0.014146,0.170967,0.408717,0.080692,0.015903,0.304373,0.000033,0.000033,0.005137
AACTAGCGTATCGCAC-1,0.000011,0.000022,0.000381,0.052629,0.004014,0.021515,0.413486,0.012175,0.495768
AACTAGGCTTGGGTGT-1,0.000052,0.508679,0.000052,0.000052,0.116464,0.010564,0.351031,0.000052,0.013056
AACTCAAGTTAATTGC-1,0.000037,0.231287,0.009143,0.005179,0.444261,0.128707,0.030903,0.076472,0.074011
AACTCCAGAGCGTGTT-1,0.01652,0.025467,0.040549,0.113185,0.411229,0.051906,0.005852,0.033643,0.301649
AACTCCTAATCCCATG-1,0.018052,0.402138,0.057689,0.251782,0.127739,0.126857,0.000047,0.000047,0.015651
AACTCGATGGCGCAGT-1,0.002155,0.320216,0.00003,0.014529,0.038643,0.179595,0.402757,0.00003,0.042044
AACTCTCAATAGAGCG-1,0.000047,0.43758,0.004361,0.296457,0.086495,0.137581,0.002093,0.000047,0.035338
AACTCTCAGTGTGCTC-1,0.008715,0.456456,0.089457,0.155421,0.018811,0.038064,0.227459,0.000029,0.005588
AACTGAGGTCAGCGTC-1,0.024486,0.190487,0.251728,0.08876,0.054741,0.09765,0.077148,0.132031,0.082969
AACTGAGTTATACTGA-1,0.003874,0.000014,0.082668,0.149693,0.010044,0.001237,0.099338,0.584591,0.06854
AACTGATATTAGGCCT-1,0.031605,0.013386,0.00004,0.088375,0.444974,0.204986,0.036238,0.139229,0.041168
AACTGGGTCCCGACGT-1,0.021419,0.00008,0.00004,0.120714,0.389161,0.203686,0.066539,0.00004,0.198321
AACTGGGTTCGAGCCG-1,0.063352,0.597739,0.001648,0.173531,0.084854,0.054167,0.023083,0.000071,0.001555
AACTGGTGTGGGCCTT-1,0.0499,0.000023,0.003303,0.023031,0.007737,0.121082,0.516288,0.002236,0.276399
AACTTCTGCGTCTATC-1,0.023823,0.152665,0.012309,0.123361,0.025072,0.134977,0.312753,0.183166,0.031874
AACTTGCCCGTATGCA-1,0.004285,0.202309,0.101464,0.404027,0.004214,0.052522,0.207068,0.000037,0.024075
AACTTGCGTTCTCGCG-1,0.00003,0.235147,0.01288,0.361057,0.01084,0.064813,0.31448,0.00003,0.000724
AACTTTACGGGAGCTT-1,0.000037,0.645765,0.000037,0.012597,0.030246,0.000037,0.24694,0.038614,0.025727
AACTTTAGCTGCTGAG-1,0.000019,0.009768,0.0181,0.06151,0.058513,0.223299,0.349193,0.003853,0.275744
AACTTTCTCGATCATG-1,0.008733,0.071818,0.236994,0.005975,0.02526,0.114159,0.230321,0.252678,0.054062
AAGAAAGTTTGATGGG-1,0.635804,0.278694,0.00009,0.00009,0.00009,0.084964,0.00009,0.00009,0.00009
AAGAAATCACCAGATT-1,0.058567,0.201074,0.474261,0.052417,0.004862,0.062126,0.11686,0.011993,0.017841
AAGAAGGATCAGTTAG-1,0.000025,0.179014,0.000025,0.000025,0.241601,0.102311,0.385698,0.084492,0.006809
AAGACCAAATAACTCA-1,0.917352,0.005878,0.000024,0.076625,0.000024,0.000024,0.000024,0.000024,0.000024
AAGACCCAACTGAACA-1,0.000008,0.226908,0.065943,0.055412,0.045219,0.038958,0.324136,0.146452,0.096965
AAGACTAACCCGTTGT-1,0.001095,0.352456,0.008734,0.123753,0.027852,0.054708,0.356889,0.005693,0.06882
AAGACTCACGCCCACT-1,0.054827,0.818698,0.000097,0.003962,0.015562,0.106565,0.000097,0.000097,0.000097
AAGACTGCAAGCTACT-1,0.000161,0.881191,0.000161,0.000161,0.000161,0.000161,0.000161,0.117685,0.000161
AAGAGATGAATCGGTA-1,0.000072,0.505358,0.000072,0.21447,0.000072,0.23147,0.048344,0.000072,0.000072
AAGAGCTCTTTATCGG-1,0.081883,0.409547,0.000101,0.206309,0.00754,0.000101,0.000101,0.294316,0.000101
AAGAGGATGTACGCGA-1,0.000042,0.492755,0.000042,0.066988,0.015775,0.239335,0.184978,0.000042,0.000042
AAGAGGCATGGATCGC-1,0.110309,0.728488,0.000083,0.000083,0.000083,0.000083,0.000083,0.160707,0.000083
AAGATGGCACCGGACC-1,0.044727,0.083572,0.257059,0.309421,0.000312,0.001071,0.185466,0.113943,0.004428
AAGATTGGCGGAACGT-1,0.036444,0.725292,0.000056,0.037881,0.009897,0.176332,0.000056,0.000056,0.013985
AAGCACCCTGCGTATC-1,0.000025,0.184456,0.060155,0.547223,0.019887,0.033089,0.071717,0.055787,0.02766
AAGCATACTCTCCTGA-1,0.014527,0.000032,0.001357,0.570818,0.043706,0.000016,0.099557,0.16845,0.101538
AAGCCACTTGCAGGTA-1,0.456895,0.094036,0.001628,0.44725,0.000038,0.000038,0.000038,0.000038,0.000038
AAGCCGAAGCGGTTTA-1,0.000034,0.107092,0.323735,0.00011,0.123782,0.217958,0.000034,0.074475,0.15278
AAGCCGCCGTGAAATC-1,0.415417,0.092461,0.274213,0.000021,0.000144,0.00002,0.00002,0.015981,0.201724
AAGCCGCTTTACCTTG-1,0.02263,0.057214,0.397335,0.005346,0.013497,0.003265,0.284207,0.084602,0.131904
AAGCCGGAGAGCAGGA-1,0.002271,0.013672,0.393323,0.206639,0.044179,0.095822,0.005293,0.04725,0.19155
AAGCGCAGGGCTTTGA-1,0.010485,0.017146,0.365505,0.120199,0.000039,0.000937,0.438104,0.047225,0.00036
AAGCGGAGTGCGCGCA-1,0.087418,0.0661,0.212945,0.120737,0.000772,0.002695,0.046221,0.462084,0.001027
AAGCGGCGTCATGGGT-1,0.000024,0.000048,0.015675,0.134455,0.321405,0.021438,0.004688,0.002939,0.499329
AAGCGTCCCTCATCGA-1,0.03013,0.318258,0.053443,0.522189,0.00003,0.00003,0.008267,0.067622,0.00003
AAGCTAGATCGAGTAA-1,0.000027,0.309189,0.000754,0.119653,0.262591,0.046556,0.131627,0.082134,0.04747
AAGCTATGGATTGACC-1,0.025003,0.05002,0.025005,0.025007,0.025006,0.025008,0.774942,0.025005,0.025003
AAGCTCGTGCCAAGTC-1,0.000083,0.250804,0.011348,0.219413,0.063332,0.03727,0.134383,0.223407,0.05996
AAGCTCTTTCATGGTG-1,0.000032,0.164944,0.020883,0.525638,0.066145,0.103904,0.025131,0.000032,0.093291
AAGGAGAACTTATAAG-1,0.000023,0.414459,0.014426,0.081125,0.050288,0.112367,0.233878,0.033374,0.060059
AAGGAGCGGTTGGTGC-1,0.000039,0.075552,0.000039,0.162923,0.139764,0.620215,0.000039,0.000039,0.001392
AAGGATCGATCGCTTG-1,0.000035,0.311072,0.135394,0.123206,0.059166,0.278794,0.026358,0.00491,0.061064
AAGGATGAGGGACCTC-1,0.039619,0.828244,0.00757,0.024959,0.000085,0.08241,0.000085,0.000085,0.016942
AAGGCAGGCTGTCTCC-1,0.007346,0.274662,0.168402,0.01284,0.053573,0.058197,0.220025,0.094357,0.110599
AAGGCGCGTAAAGCTT-1,0.000053,0.765835,0.00394,0.003022,0.016291,0.163965,0.046788,0.000053,0.000053
AAGGCTGTGCTCATCG-1,0.000054,0.302381,0.01297,0.089474,0.002052,0.592905,0.000054,0.000054,0.000054
AAGGGAACGACTGGCT-1,0.32113,0.039997,0.18575,0.000018,0.000018,0.000018,0.106329,0.232596,0.114144
AAGGGACAGATTCTGT-1,0.000043,0.589107,0.000061,0.204486,0.006495,0.199678,0.000043,0.000043,0.000043
AAGGGACTATGCATTC-1,0.053952,0.476746,0.413545,0.000032,0.000032,0.000032,0.002828,0.052799,0.000032
AAGGGTTTGATTTCAG-1,0.999598,0.000089,0.000045,0.000045,0.000045,0.000045,0.000045,0.000045,0.000045
AAGGTATCCTAATATA-1,0.009079,0.209694,0.000041,0.226752,0.300619,0.104208,0.071932,0.042061,0.035616
AAGGTGATAAACCAGC-1,0.026395,0.416412,0.000083,0.191973,0.06746,0.04387,0.003988,0.219955,0.029864
AAGTAAGCTTCCAAAC-1,0.02995,0.473531,0.000028,0.465749,0.000028,0.028155,0.002502,0.000028,0.000028
AAGTAGAAGACCGGGT-1,0.012272,0.191695,0.00491,0.766323,0.000032,0.024671,0.000032,0.000032,0.000032
AAGTAGTGACGCGAGG-1,0.000056,0.408319,0.073571,0.140518,0.000056,0.329521,0.047848,0.000056,0.000056
AAGTCAATTGTCGTCA-1,0.003727,0.24861,0.311763,0.062441,0.059629,0.179536,0.000052,0.000844,0.133398
AAGTCTAGTAGCTGCC-1,0.032043,0.086194,0.301592,0.030264,0.013541,0.045822,0.262834,0.180811,0.046897
AAGTCTTCTGTGGCCT-1,0.612505,0.325464,0.061676,0.000059,0.000059,0.000059,0.000059,0.000059,0.000059
AAGTGACGACCGAATT-1,0.000023,0.142474,0.009417,0.041599,0.120467,0.032559,0.568212,0.076709,0.008541
AAGTGAGTCGGGTTTA-1,0.018939,0.126376,0.360435,0.000439,0.002452,0.004086,0.194631,0.278607,0.014035
AAGTGCAAAGGTAGAC-1,0.002031,0.066662,0.002159,0.123061,0.056124,0.001263,0.547096,0.120137,0.081466
AAGTGCCTTGACTGTA-1,0.000032,0.044484,0.091744,0.05057,0.21194,0.084001,0.006103,0.093913,0.417213
AAGTGCGTTAGAATCT-1,0.007771,0.317688,0.014911,0.353734,0.000029,0.000029,0.2785,0.02731,0.000029
AAGTGCTTCTCTATTG-1,0.315856,0.21058,0.252103,0.030421,0.00002,0.00002,0.00002,0.19096,0.00002
AAGTGTTTGGAGACGG-1,0.000026,0.206937,0.003392,0.192442,0.268914,0.191435,0.045575,0.000026,0.091253
AAGTTCACTCCAAGCT-1,0.013872,0.181449,0.020359,0.138229,0.375565,0.196943,0.0055,0.024801,0.043282
AAGTTCAGTCTGCGTA-1,0.000033,0.197296,0.140697,0.179514,0.034636,0.349832,0.017932,0.000033,0.080027
AAGTTCGGCCAACAGG-1,0.000035,0.756305,0.000035,0.010333,0.000829,0.064417,0.167974,0.000035,0.000035
AAGTTGTGATGTTATA-1,0.056282,0.341534,0.230069,0.139434,0.016988,0.000357,0.000012,0.197571,0.017755
AAGTTTACTAATGGCA-1,0.003313,0.000043,0.016976,0.486145,0.009359,0.025203,0.261773,0.180197,0.016991
AAGTTTATGGGCCCAA-1,0.032461,0.275088,0.345897,0.024843,0.015138,0.078268,0.111588,0.056659,0.060059
AATAACAACGCTCGGC-1,0.000045,0.605251,0.000481,0.022617,0.037217,0.291419,0.039595,0.000045,0.00333
AATAACACTAGAACAA-1,0.000028,0.887075,0.000028,0.000028,0.000028,0.052488,0.060267,0.000028,0.000028
AATAAGTCCTCGAGAC-1,0.000018,0.024554,0.022196,0.072234,0.244232,0.18582,0.141277,0.105328,0.204339
AATAATCTTCGTATCG-1,0.000512,0.022468,0.133951,0.076413,0.122871,0.015043,0.014699,0.529411,0.084634
AATACAATGTTTCAGG-1,0.015353,0.541406,0.000049,0.032423,0.044488,0.055666,0.297748,0.000049,0.012819
AATACCGGAGGGCTGT-1,0.002718,0.50777,0.35218,0.014966,0.010807,0.030674,0.009161,0.010487,0.061237
AATAGAACAGAGTGGC-1,0.000023,0.482346,0.000117,0.023519,0.019574,0.103984,0.370392,0.000023,0.000023
AATAGAATCTGTTTCA-1,0.000123,0.756566,0.000123,0.133302,0.000123,0.109393,0.000123,0.000123,0.000123
AATAGCAAGCCTCCTG-1,0.026826,0.055361,0.167196,0.113722,0.07091,0.033322,0.064209,0.362368,0.106087
AATAGCTACCGCGTGC-1,0.00003,0.354503,0.346707,0.158422,0.048874,0.046077,0.02082,0.02071,0.003856
AATAGGCACGACCCTT-1,0.010001,0.020006,0.010002,0.010002,0.010003,0.010003,0.010004,0.909976,0.010003
AATAGTCCGTCCCGAC-1,0.000021,0.607865,0.001318,0.004728,0.017262,0.01255,0.352482,0.003617,0.000158
AATAGTCGCGAGTCGG-1,0.00174,0.517414,0.00003,0.010311,0.087943,0.026456,0.223221,0.124187,0.008698
AATATCAAGGTCGGAT-1,0.000013,0.000025,0.000542,0.100689,0.027442,0.181276,0.394649,0.003082,0.292281
AATATCCTAGCAAACT-1,0.80429,0.000044,0.01709,0.083502,0.000022,0.000022,0.000022,0.094985,0.000022
AATATCGAATCAATGC-1,0.000036,0.210735,0.462438,0.015076,0.077781,0.215301,0.000036,0.007568,0.011028
AATATCGAGGGTTCTC-1,0.021728,0.080552,0.103644,0.019402,0.287124,0.29062,0.044269,0.00003,0.152631
AATATTGGAGTATTGA-1,0.000023,0.366995,0.000023,0.014814,0.00894,0.002497,0.606594,0.000091,0.000023
AATCAGACTGCAGGAC-1,0.000082,0.385714,0.000082,0.012391,0.139348,0.000082,0.381286,0.062039,0.018977
AATCAGGTTTCATTTA-1,0.168216,0.215973,0.125014,0.000016,0.000016,0.000972,0.014537,0.339391,0.135864
AATCATGTAAAGACTC-1,0.049304,0.629142,0.003059,0.000085,0.000085,0.000085,0.000085,0.318072,0.000085
AATCCAAGGGCCTGAG-1,0.056269,0.64198,0.021867,0.062561,0.033125,0.13088,0.030149,0.022039,0.001131
AATCCATGCAAGGGTG-1,0.000028,0.33616,0.008116,0.058826,0.13603,0.233455,0.13547,0.000028,0.091887
AATCCCGCTCAGAGCC-1,0.000056,0.000112,0.000056,0.1315,0.239603,0.426912,0.20165,0.000056,0.000056
AATCGAGGTCTCAAGG-1,0.000245,0.00049,0.000245,0.000245,0.070332,0.616345,0.311606,0.000245,0.000245
AATCGCCTCAGCGCCA-1,0.126159,0.767753,0.000101,0.000101,0.000143,0.000101,0.008568,0.096973,0.000101
AATCGCGCAGAGGACT-1,0.000642,0.174959,0.144481,0.093925,0.319874,0.091011,0.045982,0.065911,0.063213
AATCGGGACACTACGA-1,0.000013,0.000026,0.000013,0.005188,0.112166,0.030914,0.442881,0.089474,0.319326
AATCGTGAGCCGAGCA-1,0.010293,0.183748,0.464221,0.132307,0.018182,0.140674,0.017932,0.024067,0.008578
AATCTAGGTTTACTTG-1,0.028258,0.182615,0.073416,0.000023,0.014063,0.023872,0.060017,0.444372,0.173363
AATCTATGCCGGAGCC-1,0.000035,0.373996,0.234358,0.105675,0.035302,0.144918,0.027531,0.03023,0.047956
AATCTCTACTGTGGTT-1,0.018683,0.123041,0.007198,0.037756,0.088509,0.007059,0.22518,0.394715,0.097859
AATCTGCGTTGGGACG-1,0.000064,0.790533,0.000064,0.024944,0.055035,0.129166,0.000064,0.000064,0.000064
AATCTGGCTTTCTAGT-1,0.017177,0.141948,0.314724,0.000023,0.012391,0.007131,0.063041,0.136807,0.306757
AATCTGGGTAGACCCT-1,0.000086,0.682357,0.027874,0.135057,0.000086,0.154283,0.000086,0.000086,0.000086
AATGACAGCAATGTCT-1,0.000048,0.63336,0.000048,0.000048,0.003559,0.000048,0.280883,0.081957,0.000048
AATGACGTAGGATGTC-1,0.000067,0.522229,0.002326,0.203107,0.015562,0.256507,0.000067,0.000067,0.000067
AATGACTGTCAGCCGG-1,0.0244,0.075302,0.004537,0.044331,0.543075,0.104399,0.051406,0.036314,0.116236
AATGAGTTCGCATATG-1,0.000017,0.010102,0.000017,0.074431,0.164502,0.036015,0.595329,0.025464,0.094123
AATGATGATACGCTAT-1,0.000024,0.067392,0.019767,0.642237,0.061251,0.115521,0.006135,0.000024,0.08765
AATGATGCGACTCCTG-1,0.012267,0.026354,0.016035,0.099664,0.269031,0.108877,0.080018,0.161501,0.226254
AATGCAACCGGGTACC-1,0.002319,0.022956,0.006744,0.205144,0.505851,0.086138,0.002636,0.025656,0.142556
AATGCACCAAGCAATG-1,0.000027,0.060942,0.039724,0.012719,0.157197,0.611725,0.000048,0.000027,0.11759
AATGGCCGCCAATGCG-1,0.027958,0.013201,0.399037,0.00001,0.004155,0.023029,0.292472,0.176592,0.063546
AATGGTCCACCGTTCA-1,0.000038,0.334674,0.000038,0.006513,0.116877,0.041463,0.462121,0.000038,0.038238
AATGGTTCTCACAAGC-1,0.019166,0.518019,0.000049,0.279608,0.022643,0.060553,0.047789,0.052123,0.000048
AATGTATGGCACTGTA-1,0.925431,0.000053,0.027354,0.02255,0.000027,0.024505,0.000027,0.000027,0.000027
AATGTGCCCGAGGTGT-1,0.108127,0.147398,0.115392,0.405299,0.000027,0.000027,0.000761,0.222944,0.000027
AATGTGCTAATCTGAG-1,0.098552,0.166929,0.384237,0.000012,0.002007,0.001377,0.009492,0.171312,0.16608
AATGTTAAGACCCTGA-1,0.000027,0.238562,0.035442,0.020979,0.006939,0.447864,0.202081,0.000027,0.048078
AATTAAAGGTCGGCGT-1,0.000045,0.098158,0.044974,0.211108,0.18858,0.315421,0.00626,0.000045,0.135409
AATTAACGGATTTCCA-1,0.000031,0.281849,0.005812,0.168593,0.146374,0.234695,0.123384,0.000684,0.038578
AATTACGAGACCCATC-1,0.964689,0.002951,0.004877,0.000038,0.000038,0.000038,0.000038,0.027291,0.000038
AATTAGCGCTGCAGCG-1,0.00002,0.050534,0.012243,0.098712,0.26872,0.026917,0.370343,0.007294,0.165216
AATTATACCCAGCAAG-1,0.000034,0.449224,0.099733,0.025576,0.004964,0.281551,0.130949,0.002548,0.005421
AATTCATAAGGGATCT-1,0.019017,0.327673,0.002175,0.297264,0.144158,0.173385,0.000037,0.008722,0.027569
AATTCATTGTCATGCA-1,0.879529,0.000049,0.05576,0.06454,0.000024,0.000024,0.000024,0.000024,0.000024
AATTCCAAGCATGTAC-1,0.002666,0.485922,0.09622,0.006025,0.008012,0.098012,0.180734,0.102934,0.019475
AATTCGATTCGAGGAT-1,0.001936,0.266683,0.332622,0.32857,0.0008,0.008989,0.052497,0.007893,0.00001
AATTCTAGAGTTAGGC-1,0.00007,0.913608,0.00007,0.001945,0.071187,0.00007,0.012907,0.00007,0.00007
AATTGAACGCTCTGGT-1,0.000119,0.999048,0.000119,0.000119,0.000119,0.000119,0.000119,0.000119,0.000119
AATTGCAGCAATCGAC-1,0.041775,0.049143,0.397058,0.469482,0.000013,0.000013,0.000013,0.042489,0.000013
AATTGCGTGGATTACA-1,0.880931,0.06605,0.00905,0.000031,0.000031,0.043813,0.000031,0.000031,0.000031
AATTGTGGTTGCCAAA-1,0.149121,0.492603,0.351735,0.000319,0.000015,0.000015,0.000015,0.006162,0.000015
AATTTGGGACATAGTA-1,0.000051,0.418176,0.000051,0.213878,0.044235,0.323456,0.000051,0.000051,0.000051
AATTTGGTTCCAAAGA-1,0.000038,0.076966,0.004679,0.579126,0.000551,0.338528,0.000038,0.000038,0.000038
ACAAACCATGCGTCCT-1,0.783087,0.000022,0.000011,0.000011,0.000011,0.000011,0.000011,0.216824,0.000011
ACAAACCGACAAGGCG-1,0.019909,0.203603,0.000042,0.776235,0.000042,0.000042,0.000042,0.000042,0.000042
ACAAACTCCATCAGAG-1,0.241565,0.157053,0.0002,0.227444,0.0002,0.372937,0.0002,0.0002,0.0002
ACAAAGAAGGTAGGCC-1,0.722908,0.088345,0.074103,0.00003,0.00003,0.00003,0.00003,0.111619,0.002906
ACAAAGCATGACCTAG-1,0.00059,0.042598,0.26612,0.024941,0.07899,0.006902,0.002022,0.187437,0.3904
ACAAATCGCACCGAAT-1,0.000046,0.469803,0.003185,0.109672,0.221609,0.057555,0.000046,0.026886,0.111199
ACAAATGGTAGTGTTT-1,0.034326,0.700854,0.000121,0.000121,0.000121,0.000121,0.000121,0.264095,0.000121
ACAAATTCAGATCTGA-1,0.000041,0.220325,0.232662,0.053969,0.109995,0.358045,0.000041,0.003327,0.021596
ACAACAGCATGAGCTA-1,0.011609,0.473402,0.000128,0.12422,0.200264,0.000128,0.015661,0.11663,0.057959
ACAACGGTCCCTGCGA-1,0.001591,0.545281,0.004802,0.079189,0.047519,0.223468,0.098069,0.000041,0.000041
ACAAGCAGTGCCTAGC-1,0.000027,0.1013,0.026561,0.001519,0.086915,0.187014,0.451243,0.006273,0.139148
ACAAGCTATATGGAAG-1,0.780075,0.136425,0.000064,0.005272,0.000064,0.077906,0.000064,0.000064,0.000064
ACAAGGAAATCCGCCC-1,0.000028,0.079722,0.021316,0.129099,0.257059,0.32551,0.05595,0.000028,0.131288
ACAAGGACAAGAGGTT-1,0.00003,0.220481,0.007113,0.0159,0.306018,0.167238,0.150435,0.078313,0.054473
ACAAGGATGCTTTAGG-1,0.00149,0.262561,0.112625,0.15891,0.160072,0.141702,0.009688,0.048874,0.104078
ACAAGGCCTACCAGCC-1,0.000038,0.087341,0.326768,0.010165,0.057399,0.378903,0.031638,0.037637,0.070112
ACAAGGGCAGGCTCTG-1,0.000022,0.0124,0.019991,0.339441,0.306724,0.023036,0.00616,0.048991,0.243236
ACAAGTAATTGTAAGG-1,0.014288,0.028581,0.01429,0.014289,0.01429,0.871391,0.014291,0.01429,0.01429
ACAATAGTCGTACGTT-1,0.013228,0.377381,0.032154,0.015369,0.037757,0.006194,0.384508,0.12385,0.009559
ACAATCCATTTAAACC-1,0.000041,0.48839,0.012309,0.010577,0.120227,0.123374,0.167769,0.062273,0.01504
ACAATCGATCTTTATA-1,0.000015,0.078908,0.029847,0.019613,0.186718,0.061934,0.416304,0.12416,0.082502
ACAATGAATACGGAGA-1,0.00003,0.439675,0.002348,0.00003,0.137006,0.000272,0.283415,0.120937,0.016285
ACAATGATTCTTCTAC-1,0.00156,0.004243,0.516294,0.003088,0.002931,0.027396,0.37414,0.006554,0.063793
ACAATTGTGTCTCTTT-1,0.146403,0.338463,0.000087,0.022792,0.000087,0.000087,0.000087,0.491905,0.000087
ACAATTTAGGAGGCTC-1,0.082116,0.628719,0.000047,0.000047,0.016412,0.000047,0.15795,0.114616,0.000047
ACAATTTGGCCATATT-1,0.006295,0.00164,0.423522,0.006494,0.000764,0.07459,0.378717,0.023637,0.08434
ACACAAAGACGGGTGG-1,0.000028,0.030979,0.018346,0.064625,0.420784,0.371771,0.00138,0.00678,0.085306
ACACAAATATTCCTAG-1,0.00308,0.030739,0.245135,0.005254,0.00772,0.050716,0.441877,0.038017,0.177462
ACACACCAGGACCAGT-1,0.276146,0.390394,0.000095,0.000095,0.000095,0.000095,0.000095,0.332893,0.000095
ACACACTTTCTACACG-1,0.000032,0.006926,0.000032,0.405904,0.235387,0.031025,0.198012,0.026085,0.096596
ACACATGATCAAATCT-1,0.796714,0.203062,0.000032,0.000032,0.000032,0.000032,0.000032,0.000032,0.000032
ACACATTTCCGTAGAC-1,0.007089,0.176307,0.191156,0.031091,0.004827,0.152705,0.313314,0.043271,0.080241
ACACCACATAATTAGC-1,0.003194,0.430145,0.2115,0.008647,0.016741,0.077186,0.144776,0.085848,0.021963
ACACCCAGCATGCAGC-1,0.000025,0.002475,0.003766,0.040809,0.449829,0.166411,0.053837,0.003775,0.279072
ACACCCGAGAAATCCG-1,0.022673,0.453412,0.008899,0.0148,0.028041,0.21127,0.121475,0.138134,0.001297
ACACCCGTAAATCTGT-1,0.015195,0.140377,0.436687,0.014732,0.007995,0.166712,0.155183,0.012005,0.051114
ACACCGAGCGCTCTTT-1,0.000066,0.480454,0.000066,0.000066,0.06064,0.000066,0.458508,0.000066,0.000066
ACACCGGTCTGACCGC-1,0.877322,0.049919,0.051996,0.008244,0.000023,0.012426,0.000023,0.000023,0.000023
ACACCTTAAGTAGGGC-1,0.000042,0.279275,0.008711,0.095476,0.339015,0.16469,0.064814,0.0431,0.004879
ACACCTTACTACTTGC-1,0.012532,0.140523,0.084241,0.045566,0.169299,0.355318,0.043056,0.063691,0.085773
ACACGAGACTCCTTCT-1,0.000045,0.161207,0.000045,0.326575,0.096611,0.274603,0.105383,0.016943,0.018587
ACACGGCACTATGCAT-1,0.000024,0.028629,0.022216,0.216547,0.274336,0.127197,0.10637,0.132124,0.092557
ACACGGGAACTTAGGG-1,0.000098,0.743401,0.005603,0.029623,0.107339,0.113642,0.000098,0.000098,0.000098
ACACGTAGGCCACAAG-1,0.051963,0.356517,0.243302,0.065077,0.062395,0.020876,0.000049,0.157512,0.04231
ACACTCCAATGTCACT-1,0.018054,0.289553,0.000515,0.167584,0.046618,0.000938,0.278651,0.198058,0.00003
ACACTGATCAAGGTGT-1,0.000031,0.3664,0.000031,0.143874,0.0311,0.06482,0.393683,0.000031,0.000031
ACACTGGGACAGTCGT-1,0.054701,0.299792,0.427377,0.205738,0.000893,0.005773,0.000037,0.003796,0.001895
ACAGAACTGAGAACAA-1,0.04534,0.55542,0.035212,0.183686,0.007071,0.056666,0.095819,0.001108,0.019678
ACAGATTAGGTTAGTG-1,0.00003,0.161298,0.046088,0.348655,0.052602,0.229694,0.123098,0.036026,0.002509
ACAGCATAGAGCCAGT-1,0.000018,0.013542,0.016812,0.092911,0.080941,0.172301,0.429054,0.060301,0.134121
ACAGCGACATTCTCAT-1,0.150935,0.717088,0.126534,0.005065,0.000076,0.000076,0.000076,0.000076,0.000076
ACAGCGCACCCGCAGC-1,0.030515,0.807332,0.000074,0.137067,0.014327,0.010461,0.000074,0.000074,0.000074
ACAGGCACGGATCCTT-1,0.004636,0.000013,0.544341,0.092117,0.001597,0.00056,0.032593,0.037868,0.286274
ACAGGCTTGCCCGACT-1,0.000034,0.331416,0.064012,0.371595,0.084058,0.118341,0.000034,0.000034,0.030474
ACAGGTGGAGGTGAGG-1,0.000024,0.448389,0.006482,0.00914,0.053909,0.057803,0.378261,0.03117,0.014822
ACAGGTGTGTTGTTGC-1,0.814708,0.185112,0.000026,0.000026,0.000026,0.000026,0.000026,0.000026,0.000026
ACAGTAATACAACTTG-1,0.034253,0.258182,0.020878,0.267492,0.014945,0.000025,0.042333,0.345664,0.01623
ACAGTATACCGTGGGA-1,0.00315,0.00002,0.083393,0.00001,0.001111,0.000103,0.237129,0.268169,0.406914
ACAGTGCAGCGCATTT-1,0.011905,0.005997,0.587959,0.268919,0.002267,0.029351,0.035691,0.010038,0.047871
ACATAAGTCGTGGTGA-1,0.416004,0.175091,0.020621,0.000037,0.027067,0.008938,0.017259,0.205469,0.129514
ACATAATAAGGCGGTG-1,0.000038,0.000076,0.000038,0.338189,0.156084,0.021697,0.186886,0.005077,0.291916
ACATCAGCTGGGACGC-1,0.000043,0.815884,0.000043,0.000043,0.005606,0.000285,0.17801,0.000043,0.000043
ACATCCCGGCCATACG-1,0.000021,0.100962,0.000021,0.103769,0.277246,0.070104,0.371147,0.000021,0.076708
ACATCCTGGTAACTGT-1,0.001359,0.072901,0.053929,0.058616,0.326212,0.029498,0.014384,0.15674,0.286361
ACATCGATCGTTTACC-1,0.017291,0.205541,0.000043,0.668729,0.036035,0.040644,0.005756,0.00943,0.016531
ACATCGCAATATTCGG-1,0.319494,0.013336,0.006668,0.006669,0.006668,0.006668,0.006669,0.006668,0.627159
ACATCGGTCAGCCGCG-1,0.000073,0.788587,0.000073,0.08784,0.028688,0.079306,0.015285,0.000073,0.000073
ACATCGTATGCAATGG-1,0.016064,0.610329,0.00008,0.28228,0.090638,0.00037,0.00008,0.00008,0.00008
ACATCGTTAACCTAGT-1,0.000025,0.00005,0.000612,0.464933,0.281412,0.105214,0.00391,0.000025,0.143819
ACATCTCAACGCGTAA-1,0.000024,0.000063,0.001529,0.145787,0.318134,0.456881,0.002111,0.000024,0.075447
ACATGCTTACGGCAGC-1,0.610711,0.266241,0.000106,0.000106,0.000106,0.122414,0.000106,0.000106,0.000106
ACATGGCGCCAAAGTA-1,0.013494,0.322773,0.144462,0.34231,0.013293,0.014847,0.02074,0.128048,0.000034
ACATTAGTTTATATCC-1,0.000051,0.337214,0.0138,0.342254,0.028705,0.255747,0.022127,0.000051,0.000051
ACATTCGCGCGGAATA-1,0.52145,0.478134,0.00006,0.00006,0.00006,0.00006,0.00006,0.00006,0.00006
ACATTTGAAACCTAAC-1,0.000021,0.222539,0.202585,0.313623,0.017293,0.132529,0.053679,0.009747,0.047985
ACCAAACACCCAGCGA-1,0.000012,0.239579,0.159788,0.005044,0.023189,0.006664,0.463927,0.06481,0.036988
ACCAAACTAGAAATCC-1,0.014226,0.019029,0.025624,0.67965,0.017269,0.072097,0.150558,0.000021,0.021526
ACCAACACCACACACT-1,0.006021,0.0004,0.025419,0.008464,0.099922,0.039065,0.114021,0.625023,0.081664
ACCAACCGCACTCCAC-1,0.005811,0.000012,0.257636,0.19046,0.005734,0.000006,0.000316,0.320623,0.219401
ACCAACGCTTATTTAT-1,0.000039,0.665865,0.000039,0.005175,0.023582,0.003719,0.047978,0.253566,0.000039
ACCAAGAACGCGTGTC-1,0.000054,0.466998,0.006603,0.046104,0.05392,0.334436,0.091778,0.000054,0.000054
ACCAATATGCAAGTTA-1,0.000033,0.193366,0.000033,0.037038,0.548039,0.039913,0.156272,0.000033,0.025274
ACCACAACTCAGAACA-1,0.020915,0.812227,0.000076,0.000076,0.1193,0.007853,0.000076,0.039401,0.000076
ACCACAAGTTTCTATC-1,0.000248,0.129389,0.045826,0.465285,0.015861,0.342525,0.000037,0.000037,0.000792
ACCACACGGTTGATGG-1,0.000028,0.134738,0.061743,0.097058,0.004991,0.570528,0.106778,0.000028,0.024109
ACCACCAATGTAACAA-1,0.000036,0.324179,0.079543,0.040385,0.046125,0.285028,0.0651,0.065239,0.094365
ACCACCCTCTCTTCTA-1,0.000014,0.00692,0.292801,0.000014,0.005543,0.026732,0.33554,0.042663,0.289774
ACCACGTGCAGCTATA-1,0.000022,0.000044,0.000022,0.168045,0.315117,0.094388,0.021474,0.000022,0.400867
ACCAGACCATAACAAC-1,0.498019,0.317802,0.055654,0.019878,0.000042,0.000042,0.000042,0.10848,0.000042
ACCAGCCCGGTCTTTG-1,0.000024,0.018451,0.060397,0.270431,0.052866,0.423605,0.013258,0.001241,0.159727
ACCAGGAGTGTGATCT-1,0.000055,0.713197,0.026013,0.035782,0.008246,0.078648,0.137948,0.000055,0.000055
ACCAGTGCCCGGTCAA-1,0.000027,0.117781,0.047626,0.003059,0.420638,0.118973,0.042547,0.201973,0.047375
ACCAGTGCGGGAGACG-1,0.23323,0.38425,0.000114,0.000114,0.000114,0.000114,0.000114,0.381836,0.000114
ACCATATCCGCAATAA-1,0.052379,0.808824,0.000759,0.133499,0.000056,0.004316,0.000056,0.000056,0.000056
ACCATCCGCCAACTAG-1,0.003061,0.155289,0.102098,0.000025,0.036208,0.012679,0.383179,0.004578,0.302883
ACCATCGTATATGGTA-1,0.000069,0.406089,0.059554,0.154581,0.010653,0.274969,0.044236,0.000069,0.049781
ACCCAACGCCCGTGGC-1,0.000042,0.239861,0.038711,0.19433,0.254759,0.043554,0.023329,0.093612,0.111803
ACCCACCTACATGCTC-1,0.007431,0.353561,0.003405,0.289542,0.014506,0.000931,0.199321,0.131263,0.00004
ACCCATCTTGAGGGTA-1,0.000056,0.356853,0.000056,0.266405,0.132068,0.095785,0.075899,0.072221,0.000656
ACCCATTTGTCCCTCT-1,0.168429,0.349888,0.114031,0.039762,0.000053,0.000053,0.000053,0.327678,0.000053
ACCCGAGCGAAATTAC-1,0.127411,0.330664,0.118453,0.214909,0.000025,0.000025,0.041982,0.166182,0.000351
ACCCGATTGGTTCCGA-1,0.114851,0.632738,0.01789,0.000024,0.006143,0.000043,0.000958,0.218858,0.008494
ACCCGGAAACTCCCAG-1,0.000019,0.099277,0.000022,0.001637,0.23527,0.111389,0.355635,0.162479,0.034272
ACCCGGAGCACCACAA-1,0.00001,0.006442,0.294989,0.004785,0.047256,0.063484,0.058146,0.142934,0.381953
ACCCGGATGACGCATC-1,0.000036,0.180867,0.012232,0.143649,0.222158,0.101389,0.001891,0.081043,0.256736
ACCCGGTTACACTTCC-1,0.000032,0.041148,0.044745,0.61765,0.045909,0.027831,0.085336,0.003727,0.133622
ACCCGTAGCAGAGAAT-1,0.65806,0.3415,0.000063,0.000063,0.000063,0.000063,0.000063,0.000063,0.000063
ACCCGTGTCATCAGTA-1,0.000035,0.685857,0.000035,0.008402,0.037765,0.023842,0.243997,0.000035,0.000035
ACCCTATAGGACTGAG-1,0.03818,0.014891,0.000015,0.271636,0.037421,0.006347,0.390357,0.238168,0.002983
ACCCTATGCCATATCG-1,0.000021,0.086416,0.008387,0.050712,0.078337,0.052079,0.540896,0.119843,0.06331
ACCCTCCCGTCAGGGC-1,0.028164,0.000005,0.039364,0.011468,0.000559,0.000003,0.000003,0.783912,0.136522
ACCCTCCCTTGCTATT-1,0.039983,0.201141,0.041836,0.594901,0.029504,0.003912,0.000046,0.074001,0.014675
ACCCTGGTAACGCCCT-1,0.006887,0.084367,0.324538,0.230353,0.004727,0.010895,0.202513,0.091508,0.044212
ACCCTTCATCTGCGAA-1,0.000055,0.221616,0.004846,0.294558,0.144909,0.13517,0.150346,0.037039,0.011462
ACCCTTGCCTGGGTCG-1,0.031906,0.12626,0.372969,0.023643,0.007531,0.036158,0.132901,0.24794,0.020692
ACCCTTTAGTTCTCCA-1,0.000057,0.491832,0.048839,0.005704,0.05575,0.008945,0.00074,0.001563,0.386572
ACCGAAAGGGCCCTGC-1,0.00003,0.431228,0.002873,0.063641,0.039595,0.185595,0.276979,0.00003,0.00003
ACCGAAGAGTCTGGTT-1,0.898394,0.000053,0.008385,0.010719,0.000027,0.000027,0.000027,0.082343,0.000027
ACCGACACATCTCCCA-1,0.001396,0.423262,0.091384,0.162911,0.070255,0.033369,0.143765,0.051934,0.021724
ACCGACTGAGTCCCAC-1,0.000105,0.977741,0.000105,0.000105,0.000252,0.021375,0.000105,0.000105,0.000105
