Barcode,Topic 1,Topic 2to3,Topic 4to9
AAACAAGTATCTCCCA-1,0.000033,0.442676,0.55729
AAACACCAATAACTGC-1,0.000019,0.014385,0.985595
AAACAGAGCGACTCCT-1,0.000022,0.000045,0.999932
AAACAGCTTTCAGAAG-1,0.000052,0.000103,0.999845
AAACAGGGTCTATATT-1,0.000023,0.000046,0.999931
AAACAGTGTTCCTGGG-1,0.000025,0.888052,0.111924
AAACATGGTGAGAGGA-1,0.00002,0.001526,0.998454
AAACATTTCCCGGATT-1,0.000054,0.956107,0.043838
AAACCACTACACAGAT-1,0.000043,0.004557,0.9954
AAACCCGAACGAAATC-1,0.00003,0.144636,0.855334
AAACCGGAAATGTTAA-1,0.000064,0.61424,0.385695
AAACCGGGTAGGTACC-1,0.000027,0.045355,0.954618
AAACCGTTCGTCCAGG-1,0.000056,0.000112,0.999832
AAACCTAAGCAGCCGG-1,0.000035,0.864277,0.135688
AAACCTCATGAAGTTG-1,0.000032,0.015737,0.984231
AAACGAAGAACATACC-1,0.000071,0.035418,0.964511
AAACGAAGATGGAGTA-1,0.000023,0.000065,0.999911
AAACGACAGTCTTGCC-1,0.000058,0.089581,0.910361
AAACGAGACGGTTGAT-1,0.000053,0.119262,0.880685
AAACGCCCGAGATCGG-1,0.000068,0.027452,0.97248
AAACGGGCGTACGGGT-1,0.000036,0.875783,0.124181
AAACGGTTGCGAACTG-1,0.000032,0.82466,0.175308
AAACGTGTTCGCCCTA-1,0.00002,0.00004,0.99994
AAACTAACGTGGCGAC-1,0.000023,0.000046,0.999931
AAACTCGGTTCGCAAT-1,0.000099,0.724644,0.275257
AAACTCGTGATATAAG-1,0.000063,0.000126,0.999811
AAACTGCTGGCTCCAA-1,0.000039,0.061262,0.938699
AAACTTAATTGCACGC-1,0.000025,0.012481,0.987493
AAACTTGCAAACGTAT-1,0.000064,0.000128,0.999809
AAAGAATGACCTTAGA-1,0.000019,0.037126,0.962855
AAAGAATGTGGACTAA-1,0.000032,0.913307,0.086661
AAAGACCCAAGTCGCG-1,0.000108,0.040241,0.959651
AAAGACTGGGCGCTTT-1,0.000041,0.000082,0.999878
AAAGCTTGCCTACATA-1,0.000024,0.028239,0.971736
AAAGGCCCTATAATAC-1,0.000036,0.129106,0.870857
AAAGGCTACGGACCAT-1,0.000062,0.280377,0.719561
AAAGGCTCTCGCGCCG-1,0.000054,0.023116,0.97683
AAAGGGATGTAGCAAG-1,0.000043,0.000086,0.999872
AAAGGGCAGCTTGAAT-1,0.000058,0.000117,0.999825
AAAGGTAAGCTGTACC-1,0.000081,0.000163,0.999756
AAAGTAGCATTGCTCA-1,0.000036,0.000071,0.999893
AAAGTCACTGATGTAA-1,0.000093,0.000185,0.999722
AAAGTCGACCCTCAGT-1,0.000035,0.000069,0.999896
AAAGTGCCATCAATTA-1,0.000026,0.838001,0.161974
AAAGTGTGATTTATCT-1,0.000069,0.080832,0.919098
AAAGTTGACTCCCGTA-1,0.000035,0.025677,0.974287
AAATAACCATACGGGA-1,0.000077,0.000154,0.999769
AAATAAGGTAGTGCCC-1,0.000029,0.026318,0.973653
AAATACCTATAAGCAT-1,0.000046,0.055427,0.944527
AAATAGCTTAGACTTT-1,0.000032,0.000063,0.999905
AAATAGGGTGCTATTG-1,0.000082,0.148033,0.851885
AAATCACTCCTAAACG-1,0.000138,0.078336,0.921526
AAATCCGATACACGCC-1,0.00003,0.902464,0.097506
AAATCGCGGAAGGAGT-1,0.000042,0.012571,0.987387
AAATCGTGTACCACAA-1,0.000081,0.000163,0.999756
AAATCTAGCCCTGCTA-1,0.000034,0.764768,0.235198
AAATCTGCCCGCGTCC-1,0.000043,0.384636,0.615321
AAATGACTGATCAAAC-1,0.000063,0.529189,0.470749
AAATGATTCGATCAGC-1,0.000027,0.028295,0.971678
AAATGCTCGTTACGTT-1,0.000119,0.005967,0.993914
AAATGGCATGTCTTGT-1,0.000064,0.000128,0.999808
AAATGGCCCGTGCCCT-1,0.000045,0.001426,0.998529
AAATGGTCAATGTGCC-1,0.000034,0.026947,0.973019
AAATGTATCTTATCCC-1,0.00004,0.016513,0.983447
AAATTAACGGGTAGCT-1,0.000058,0.042511,0.957431
AAATTAATAAGCGCGA-1,0.000032,0.000064,0.999904
AAATTACACGACTCTG-1,0.000046,0.01158,0.988374
AAATTACCTATCGATG-1,0.000033,0.000066,0.999901
AAATTCCAGGTCCAAA-1,0.00003,0.105808,0.894162
AAATTGATAGTCCTTT-1,0.000054,0.028177,0.971769
AAATTGGTGAGAAGCA-1,0.00004,0.026008,0.973953
AAATTTACCGAAATCC-1,0.000063,0.000127,0.99981
AAATTTGCGGGTGTGG-1,0.000033,0.000066,0.999901
AACAACTGGTAGTTGC-1,0.000069,0.000137,0.999794
AACAATACATTGTCGA-1,0.000033,0.11729,0.882677
AACAATTACTCTACGC-1,0.00006,0.020626,0.979314
AACACACGCTCGCCGC-1,0.000051,0.560804,0.439145
AACACGACTGTACTGA-1,0.000048,0.000097,0.999855
AACACGAGACGCGGCC-1,0.000049,0.000097,0.999854
AACAGCTGTGTGGCAA-1,0.000035,0.055994,0.94397
AACAGGAAATCGAATA-1,0.000037,0.000074,0.999889
AACAGGATGGGCCGCG-1,0.000073,0.027527,0.9724
AACAGGTAGTATGGAT-1,0.000048,0.70378,0.296172
AACATAGCGTGTATCG-1,0.000023,0.969519,0.030458
AACATATCAACTGGTG-1,0.000033,0.062243,0.937724
AACATCGATACGTCTA-1,0.000038,0.000076,0.999886
AACATTGAAGTTGATC-1,0.000063,0.265155,0.734782
AACATTGTGACTCGAG-1,0.000043,0.536505,0.463452
AACCAAGACTTCTCTG-1,0.000034,0.001554,0.998413
AACCAGTATCACTCTT-1,0.00007,0.000139,0.999791
AACCATAGGGTTGAAC-1,0.000024,0.049872,0.950103
AACCATGGGATCGCTA-1,0.000113,0.000225,0.999662
AACCCAGAGACGGAGA-1,0.00008,0.000161,0.999759
AACCCATCCCATGATC-1,0.000016,0.011149,0.988835
AACCCGACAACCCGTG-1,0.000052,0.660117,0.33983
AACCCGAGCAGAATCG-1,0.000042,0.932139,0.06782
AACCCGATAGGGCTTC-1,0.000014,0.000029,0.999957
AACCCGCTGTATTCCA-1,0.000034,0.423712,0.576255
AACCCTACTGTCAATA-1,0.000047,0.000094,0.999859
AACCCTGGTGGAACCA-1,0.000027,0.000054,0.999918
AACCGAGCTTGGTCAT-1,0.000065,0.02612,0.973815
AACCGCTAAGGGATGC-1,0.000046,0.052525,0.947429
AACCGTTGTGTTTGCT-1,0.000051,0.000102,0.999847
AACCTCGCTTTAGCCC-1,0.000055,0.852415,0.14753
AACCTGTCACGGAATT-1,0.000033,0.032886,0.967081
AACCTTTAAATACGGT-1,0.000037,0.073067,0.926896
AACCTTTACGACGTCT-1,0.000058,0.000116,0.999825
AACGAAAGTCGTCCCA-1,0.000034,0.009216,0.990751
AACGACCTCCTAGCCG-1,0.000021,0.999856,0.000123
AACGATAATGCCGTAG-1,0.000024,0.008945,0.991031
AACGATAGAAGGGCCG-1,0.000065,0.00455,0.995385
AACGATATGTCAACTG-1,0.000034,0.000068,0.999898
AACGCATGATCTGGGT-1,0.00003,0.00006,0.99991
AACGCGACCTTGGGCG-1,0.000031,0.790786,0.209183
AACGCGGTCTCCAGCC-1,0.00004,0.002551,0.997409
AACGCTGTTGCTGAAA-1,0.000056,0.745046,0.254898
AACGGACGTACGTATA-1,0.000049,0.496676,0.503276
AACGGCCATCTCCGGT-1,0.00003,0.024867,0.975102
AACGTACTGTGGGTAC-1,0.000032,0.000064,0.999904
AACGTCAGACTAGTGG-1,0.00005,0.000099,0.999851
AACGTCATCCGGCTTG-1,0.00004,0.991025,0.008935
AACGTCGCTGCACTTC-1,0.00004,0.918811,0.081149
AACGTGATGAAGGACA-1,0.000036,0.000072,0.999892
AACGTGCGAAAGTCTC-1,0.000044,0.03754,0.962416
AACGTTATCAGCACCT-1,0.000137,0.010466,0.989397
AACTACCCGTTTGTCA-1,0.00008,0.38538,0.61454
AACTAGGCTTGGGTGT-1,0.000049,0.000632,0.999319
AACTCAAGTTAATTGC-1,0.00004,0.098173,0.901787
AACTCCAGAGCGTGTT-1,0.00006,0.727899,0.272041
AACTCCTAATCCCATG-1,0.000028,0.000056,0.999916
AACTCGATGGCGCAGT-1,0.000053,0.041232,0.958714
AACTCTCAATAGAGCG-1,0.000034,0.09627,0.903696
AACTCTCAGTGTGCTC-1,0.000038,0.009739,0.990223
AACTGAGGTCAGCGTC-1,0.000086,0.000171,0.999743
AACTGAGTTATACTGA-1,0.00006,0.545407,0.454532
AACTGATATTAGGCCT-1,0.000063,0.002721,0.997215
AACTGGGTCCCGACGT-1,0.000057,0.000114,0.999829
AACTGGGTTCGAGCCG-1,0.00037,0.040566,0.959063
AACTGGTGTGGGCCTT-1,0.000178,0.096213,0.903609
AACTTCTGCGTCTATC-1,0.000113,0.000227,0.999659
AACTTGCCCGTATGCA-1,0.000038,0.000075,0.999887
AACTTGCGTTCTCGCG-1,0.000212,0.11182,0.887969
AACTTTACGGGAGCTT-1,0.000049,0.000097,0.999854
AACTTTCTCGATCATG-1,0.000036,0.000073,0.999891
AAGAAAGTTTGATGGG-1,0.000021,0.523989,0.47599
AAGAAATCACCAGATT-1,0.000046,0.000091,0.999863
AAGAAGGATCAGTTAG-1,0.000143,0.04828,0.951577
AAGACATACGTGGTTT-1,0.000033,0.989444,0.010523
AAGACCAAATAACTCA-1,0.000028,0.00318,0.996791
AAGACCCAACTGAACA-1,0.000039,0.133002,0.866959
AAGACTGCAAGCTACT-1,0.000038,0.024318,0.975644
AAGAGATGAATCGGTA-1,0.000071,0.000141,0.999788
AAGAGCTCTTTATCGG-1,0.000045,0.000091,0.999864
AAGAGGATGTACGCGA-1,0.000045,0.081359,0.918595
AAGAGGCATGGATCGC-1,0.00004,0.006688,0.993272
AAGAGGCCCTTTGGAA-1,0.000055,0.587575,0.41237
AAGATGGCACCGGACC-1,0.000034,0.069757,0.930209
AAGATTGGCGGAACGT-1,0.000034,0.005078,0.994888
AAGCACCCTGCGTATC-1,0.000047,0.439859,0.560094
AAGCATACTCTCCTGA-1,0.00004,0.160386,0.839574
AAGCCACTTGCAGGTA-1,0.000017,0.959027,0.040956
AAGCCGAAGCGGTTTA-1,0.000068,0.624646,0.375286
AAGCCGCCGTGAAATC-1,0.00003,0.052777,0.947194
AAGCCGCTTTACCTTG-1,0.000056,0.000112,0.999832
AAGCCGGAGAGCAGGA-1,0.000031,0.819558,0.180411
AAGCGCAGGGCTTTGA-1,0.000025,0.999827,0.000148
AAGCGGAGTGCGCGCA-1,0.000068,0.000136,0.999795
AAGCGGCGTCATGGGT-1,0.00005,0.0001,0.999851
AAGCGTCCCTCATCGA-1,0.000045,0.044279,0.955675
AAGCTAGATCGAGTAA-1,0.00003,0.000061,0.999909
AAGCTATGGATTGACC-1,0.000038,0.699154,0.300809
AAGCTCGTGCCAAGTC-1,0.000052,0.000454,0.999494
AAGCTCTTTCATGGTG-1,0.000063,0.663353,0.336584
AAGGAGCGGTTGGTGC-1,0.000053,0.000106,0.999841
AAGGATCGATCGCTTG-1,0.000029,0.148094,0.851877
AAGGATGAGGGACCTC-1,0.000016,0.000032,0.999952
AAGGCAGGCTGTCTCC-1,0.000042,0.202952,0.797006
AAGGCGCGTAAAGCTT-1,0.000032,0.000064,0.999905
AAGGCTGTGCTCATCG-1,0.000046,0.000091,0.999863
AAGGGAACGACTGGCT-1,0.000023,0.080293,0.919683
AAGGGACAGATTCTGT-1,0.00004,0.000081,0.999879
AAGGGACTATGCATTC-1,0.000017,0.000035,0.999948
AAGGGTTAGCCATGCG-1,0.000018,0.905484,0.094498
AAGGGTTTGATTTCAG-1,0.000046,0.027688,0.972266
AAGGTATCCTAATATA-1,0.000037,0.000074,0.999889
AAGGTGATAAACCAGC-1,0.000035,0.075271,0.924693
AAGTAGAAGACCGGGT-1,0.000096,0.000192,0.999712
AAGTAGTGACGCGAGG-1,0.00007,0.000141,0.999789
AAGTCAATTGTCGTCA-1,0.000078,0.172488,0.827433
AAGTCTAGTAGCTGCC-1,0.00003,0.000061,0.999909
AAGTCTTCTGTGGCCT-1,0.000036,0.000072,0.999891
AAGTGACGACCGAATT-1,0.00006,0.000121,0.999819
AAGTGAGTCGGGTTTA-1,0.000048,0.205048,0.794904
AAGTGCAAAGGTAGAC-1,0.000031,0.000062,0.999907
AAGTGCCTTGACTGTA-1,0.000095,0.136138,0.863767
AAGTGCGTTAGAATCT-1,0.000024,0.000511,0.999465
AAGTGCTTCTCTATTG-1,0.000067,0.579608,0.420326
AAGTGTTTGGAGACGG-1,0.000036,0.20927,0.790693
AAGTTCACTCCAAGCT-1,0.000065,0.712495,0.287441
AAGTTCAGTCTGCGTA-1,0.000044,0.000088,0.999869
AAGTTCGGCCAACAGG-1,0.000028,0.000057,0.999915
AAGTTGTGATGTTATA-1,0.00004,0.884404,0.115556
AAGTTTACTAATGGCA-1,0.000283,0.204417,0.795301
AAGTTTATGGGCCCAA-1,0.000022,0.999848,0.00013
AATAACAACGCTCGGC-1,0.000039,0.000079,0.999882
AATAACACTAGAACAA-1,0.000038,0.026583,0.973379
AATAACGTCGCGCCCA-1,0.000026,0.970772,0.029202
AATAAGTCCTCGAGAC-1,0.000099,0.061806,0.938095
AATAATCTTCGTATCG-1,0.000058,0.339873,0.660069
AATACAATGTTTCAGG-1,0.000054,0.000108,0.999839
AATACCGGAGGGCTGT-1,0.000062,0.527082,0.472856
AATACCTGATGTGAAC-1,0.000031,0.995315,0.004654
AATAGAACAGAGTGGC-1,0.000076,0.000152,0.999772
AATAGAATCTGTTTCA-1,0.000039,0.048838,0.951124
AATAGCAAGCCTCCTG-1,0.000051,0.000102,0.999848
AATAGCTACCGCGTGC-1,0.000048,0.049993,0.94996
AATAGGCACGACCCTT-1,0.000028,0.875566,0.124406
AATAGTCCGTCCCGAC-1,0.000043,0.038605,0.961351
AATAGTCGCGAGTCGG-1,0.000028,0.002652,0.99732
AATATCAAGGTCGGAT-1,0.000051,0.068348,0.931601
AATATCCTAGCAAACT-1,0.000015,0.00003,0.999955
AATATCGAATCAATGC-1,0.000126,0.578855,0.421019
AATATCGAGGGTTCTC-1,0.000046,0.027497,0.972456
AATATTGGAGTATTGA-1,0.000051,0.001094,0.998855
AATCAGGTTTCATTTA-1,0.000064,0.434411,0.565525
AATCATGTAAAGACTC-1,0.000022,0.796474,0.203504
AATCCAAGGGCCTGAG-1,0.000052,0.000104,0.999844
AATCCCGCTCAGAGCC-1,0.000048,0.865374,0.134577
AATCGAGGTCTCAAGG-1,0.000032,0.999772,0.000195
AATCGCCTCAGCGCCA-1,0.000056,0.00928,0.990665
AATCGCGCAGAGGACT-1,0.000034,0.339911,0.660055
AATCGGGACACTACGA-1,0.000082,0.002255,0.997663
AATCGGTATAGCCCTC-1,0.000028,0.999807,0.000166
AATCGTGAGCCGAGCA-1,0.000033,0.790595,0.209372
AATCTAGGTTTACTTG-1,0.000054,0.000109,0.999837
AATCTATGCCGGAGCC-1,0.000038,0.000275,0.999687
AATCTCTACTGTGGTT-1,0.000036,0.000073,0.999891
AATCTGCGTTGGGACG-1,0.00006,0.008413,0.991527
AATCTGGCTTTCTAGT-1,0.000042,0.013915,0.986043
AATCTGGGTAGACCCT-1,0.00009,0.032356,0.967554
AATGACAGCAATGTCT-1,0.000025,0.00005,0.999925
AATGACGTAGGATGTC-1,0.000081,0.000161,0.999758
AATGACTGTCAGCCGG-1,0.000046,0.000093,0.99986
AATGAGTTCGCATATG-1,0.000155,0.237344,0.762501
AATGATGATACGCTAT-1,0.000034,0.020323,0.979643
AATGATGCGACTCCTG-1,0.000026,0.000898,0.999076
AATGCAACCGGGTACC-1,0.000054,0.038128,0.961818
AATGCACCAAGCAATG-1,0.000038,0.000075,0.999887
AATGGCCGCCAATGCG-1,0.000026,0.002774,0.9972
AATGGTCCACCGTTCA-1,0.000072,0.018386,0.981542
AATGGTTCTCACAAGC-1,0.000058,0.018416,0.981526
AATGTATGGCACTGTA-1,0.000044,0.137766,0.86219
AATGTGCCCGAGGTGT-1,0.000056,0.040294,0.959649
AATGTGCTAATCTGAG-1,0.00004,0.283357,0.716603
AATGTTAAGACCCTGA-1,0.000027,0.964456,0.035517
AATGTTGTCGTGAGAC-1,0.000033,0.999766,0.000201
AATTAAAGGTCGGCGT-1,0.000043,0.007027,0.99293
AATTAACGGATTTCCA-1,0.000046,0.603879,0.396075
AATTACGAGACCCATC-1,0.000039,0.051909,0.948051
AATTAGCGCTGCAGCG-1,0.000069,0.068088,0.931843
AATTATACCCAGCAAG-1,0.000033,0.950215,0.049752
AATTCATAAGGGATCT-1,0.000025,0.036418,0.963557
AATTCATTGTCATGCA-1,0.000038,0.054584,0.945377
AATTCCAAGCATGTAC-1,0.000026,0.923573,0.076401
AATTCGATTCGAGGAT-1,0.000057,0.999601,0.000342
AATTCTAGAGTTAGGC-1,0.00009,0.000181,0.999729
AATTGAACGCTCTGGT-1,0.000031,0.002409,0.99756
AATTGCAGCAATCGAC-1,0.00006,0.767505,0.232435
AATTGCGTGGATTACA-1,0.000065,0.164125,0.835809
AATTGTGGTTGCCAAA-1,0.000019,0.925679,0.074303
AATTTGGGACATAGTA-1,0.000041,0.002267,0.997691
AATTTGGTTCCAAAGA-1,0.000071,0.000141,0.999788
ACAAACCATGCGTCCT-1,0.000031,0.058111,0.941857
ACAAACTCCATCAGAG-1,0.000029,0.869458,0.130513
ACAAAGAAGGTAGGCC-1,0.000021,0.006605,0.993375
ACAAAGCATGACCTAG-1,0.000046,0.869465,0.130489
ACAAATCGCACCGAAT-1,0.000024,0.218383,0.781593
ACAAATGGTAGTGTTT-1,0.000049,0.063947,0.936004
ACAAATTCAGATCTGA-1,0.000029,0.000059,0.999912
ACAACAGCATGAGCTA-1,0.000035,0.057165,0.9428
ACAACGGTCCCTGCGA-1,0.000046,0.000092,0.999862
ACAAGCAGTGCCTAGC-1,0.000041,0.000081,0.999878
ACAAGCTATATGGAAG-1,0.000058,0.000116,0.999826
ACAAGGAAATCCGCCC-1,0.000045,0.037978,0.961977
ACAAGGACAAGAGGTT-1,0.000024,0.002399,0.997577
ACAAGGATGCTTTAGG-1,0.000122,0.664932,0.334946
ACAAGGCCTACCAGCC-1,0.000116,0.011875,0.98801
ACAAGGGCAGGCTCTG-1,0.000038,0.089384,0.910577
ACAAGTAATTGTAAGG-1,0.000035,0.582171,0.417793
ACAATAGTCGTACGTT-1,0.000073,0.000146,0.999781
ACAATCCATTTAAACC-1,0.000029,0.000058,0.999913
ACAATGAATACGGAGA-1,0.000044,0.022468,0.977488
ACAATGATTCTTCTAC-1,0.000036,0.000072,0.999891
ACAATTGTGTCTCTTT-1,0.000036,0.611897,0.388067
ACAATTTAGGAGGCTC-1,0.000067,0.000133,0.9998
ACAATTTGAGCAGTGG-1,0.000035,0.000071,0.999894
ACAATTTGGCCATATT-1,0.000041,0.199276,0.800683
ACACAAAGACGGGTGG-1,0.000029,0.000057,0.999914
ACACAAATATTCCTAG-1,0.000041,0.000083,0.999876
ACACACCAGGACCAGT-1,0.000035,0.130115,0.86985
ACACACTTTCTACACG-1,0.000039,0.053885,0.946076
ACACATGATCAAATCT-1,0.000037,0.002492,0.997471
ACACATTTCCGTAGAC-1,0.000028,0.976506,0.023466
ACACCACATAATTAGC-1,0.000036,0.035322,0.964642
ACACCCAGCATGCAGC-1,0.000046,0.000092,0.999862
ACACCCGAGAAATCCG-1,0.000061,0.01019,0.989749
ACACCCGTAAATCTGT-1,0.000019,0.03712,0.962862
ACACCGGTCTGACCGC-1,0.000038,0.054195,0.945767
ACACCTTAAGTAGGGC-1,0.000033,0.02059,0.979377
ACACCTTACTACTTGC-1,0.000054,0.282087,0.71786
ACACGAGACTCCTTCT-1,0.000048,0.000095,0.999857
ACACGGCACTATGCAT-1,0.000057,0.00053,0.999413
ACACGGGAACTTAGGG-1,0.000068,0.025479,0.974452
ACACGTAGGCCACAAG-1,0.000062,0.861924,0.138013
ACACTCCAATGTCACT-1,0.000126,0.105484,0.89439
ACACTGATCAAGGTGT-1,0.000069,0.000138,0.999793
ACACTGGGACAGTCGT-1,0.00006,0.879564,0.120376
ACAGAACTGAGAACAA-1,0.000039,0.026533,0.973429
ACAGATTAGGTTAGTG-1,0.000097,0.130793,0.86911
ACAGCATAGAGCCAGT-1,0.000058,0.004477,0.995465
ACAGCGACATTCTCAT-1,0.000081,0.818677,0.181243
ACAGCGCACCCGCAGC-1,0.000048,0.000095,0.999857
ACAGGCACGGATCCTT-1,0.000033,0.995428,0.004539
ACAGGCTTGCCCGACT-1,0.000036,0.344482,0.655482
ACAGGTGGAGGTGAGG-1,0.000045,0.035199,0.964756
ACAGGTGTGTTGTTGC-1,0.00003,0.00006,0.99991
ACAGTAATACAACTTG-1,0.000039,0.00718,0.992781
ACAGTATACCGTGGGA-1,0.000023,0.000046,0.999931
ACATAAGTCGTGGTGA-1,0.000044,0.036911,0.963045
ACATAATAAGGCGGTG-1,0.000067,0.017356,0.982577
ACATACAATCAAGCGG-1,0.000056,0.915907,0.084038
ACATCAGCTGGGACGC-1,0.000043,0.000086,0.999871
ACATCCCGGCCATACG-1,0.000037,0.003136,0.996827
ACATCCTGGTAACTGT-1,0.000043,0.063533,0.936425
ACATCGATCGTTTACC-1,0.000065,0.005905,0.99403
ACATCGCAATATTCGG-1,0.000051,0.890741,0.109209
ACATCGGTCAGCCGCG-1,0.000033,0.000067,0.9999
ACATCGTATGCAATGG-1,0.000038,0.011701,0.988261
ACATCGTTAACCTAGT-1,0.000063,0.000125,0.999812
ACATCTCAACGCGTAA-1,0.000109,0.028399,0.971492
ACATGCTTACGGCAGC-1,0.000031,0.766578,0.233391
ACATGGCGCCAAAGTA-1,0.000037,0.028512,0.971451
ACATTAGTTTATATCC-1,0.00006,0.000121,0.999819
ACATTCGCGCGGAATA-1,0.000029,0.807054,0.192917
ACATTTGAAACCTAAC-1,0.000032,0.967917,0.032051
ACCAAACACCCAGCGA-1,0.000025,0.00005,0.999925
ACCAAACTAGAAATCC-1,0.00003,0.117029,0.882942
ACCAACACCACACACT-1,0.00002,0.00004,0.99994
ACCAACCGCACTCCAC-1,0.000035,0.964902,0.035063
ACCAACGCTTATTTAT-1,0.000061,0.121221,0.878718
ACCAAGAACGCGTGTC-1,0.000046,0.006786,0.993168
ACCAAGTCATCGGCAG-1,0.000045,0.898844,0.10111
ACCAATATGCAAGTTA-1,0.000051,0.926835,0.073114
ACCACAACTCAGAACA-1,0.000058,0.078081,0.921861
ACCACAAGTTTCTATC-1,0.000044,0.000088,0.999868
ACCACACGGTTGATGG-1,0.000026,0.995846,0.004128
ACCACCAATGTAACAA-1,0.000046,0.014823,0.985131
ACCACCCTCTCTTCTA-1,0.000035,0.02642,0.973545
ACCACGTGCAGCTATA-1,0.000033,0.000067,0.9999
ACCAGACCATAACAAC-1,0.000021,0.002715,0.997264
ACCAGCCCGGTCTTTG-1,0.000089,0.086535,0.913376
ACCAGTGCCCGGTCAA-1,0.000064,0.000128,0.999809
ACCAGTGCGGGAGACG-1,0.000052,0.475807,0.52414
ACCATATCCGCAATAA-1,0.000049,0.000097,0.999854
ACCATCCGCCAACTAG-1,0.000047,0.000097,0.999856
ACCATCGTATATGGTA-1,0.000031,0.034355,0.965614
ACCCAACGCCCGTGGC-1,0.000037,0.000075,0.999888
ACCCACCTACATGCTC-1,0.000045,0.00009,0.999865
ACCCATCTTGAGGGTA-1,0.000033,0.000065,0.999902
ACCCATTTGTCCCTCT-1,0.000078,0.769605,0.230317
ACCCGAGCGAAATTAC-1,0.000028,0.04197,0.958002
ACCCGATTGGTTCCGA-1,0.000056,0.782452,0.217492
ACCCGGAAACTCCCAG-1,0.000052,0.322682,0.677266
ACCCGGAGCACCACAA-1,0.000041,0.788441,0.211518
ACCCGGATGACGCATC-1,0.00005,0.000101,0.999849
ACCCGGTTACACTTCC-1,0.000043,0.065732,0.934226
ACCCGTAGCAGAGAAT-1,0.000156,0.717613,0.282231
ACCCGTAGTCTAGTTG-1,0.000031,0.91794,0.08203
ACCCGTGTCATCAGTA-1,0.00005,0.164599,0.83535
ACCCTATAGGACTGAG-1,0.000054,0.048701,0.951245
ACCCTATGCCATATCG-1,0.000045,0.025758,0.974197
ACCCTCCCGTCAGGGC-1,0.000043,0.999699,0.000258
ACCCTCCCTTGCTATT-1,0.000042,0.084374,0.915584
ACCCTGGTAACGCCCT-1,0.00003,0.000061,0.999909
ACCCTTCATCTGCGAA-1,0.000051,0.000101,0.999848
ACCCTTGCCTGGGTCG-1,0.000053,0.000105,0.999842
ACCCTTTAGTTCTCCA-1,0.000087,0.041506,0.958407
ACCGAAAGGGCCCTGC-1,0.000086,0.037308,0.962606
ACCGAAGAGTCTGGTT-1,0.000028,0.068857,0.931115
ACCGACACATCTCCCA-1,0.000055,0.817026,0.182918
ACCGACTGAGTCCCAC-1,0.000039,0.000077,0.999884
ACCGAGTCTCCTTATT-1,0.000035,0.999469,0.000495
ACCGATAGGCATAACC-1,0.000025,0.805792,0.194183
ACCGATATTTAATCAT-1,0.000073,0.804854,0.195073
ACCGATGGTAGCATCG-1,0.000041,0.092038,0.907922
ACCGCAATAACTGCCT-1,0.000081,0.171499,0.82842
ACCGCGGTGGAAGTCG-1,0.000077,0.284829,0.715094
ACCGCTAGTCATTGGT-1,0.000024,0.927564,0.072413
ACCGGGCCTTTGTTGA-1,0.000037,0.26252,0.737443
ACCGGTCAGGTACACC-1,0.000032,0.018254,0.981714
ACCGGTCTGAGTACGG-1,0.000124,0.024188,0.975688
ACCGTCCACTGGGCCC-1,0.000028,0.016988,0.982985
ACCGTGACCACGTGGG-1,0.000025,0.080053,0.919922
ACCGTTCCCGCTCTGA-1,0.000123,0.078997,0.920881
ACCTAAGTACCTTTCA-1,0.000066,0.000133,0.999801
ACCTAATCGACTTCCT-1,0.000085,0.000171,0.999744
ACCTACAGTATGTGGT-1,0.000064,0.202588,0.797348
ACCTACTATAAATCTA-1,0.000035,0.835016,0.164949
ACCTCAGCGAGGCGCA-1,0.000039,0.951689,0.048272
ACCTCCGCCCTCGCTG-1,0.00007,0.795531,0.204399
ACCTCCGTTATTCACC-1,0.000035,0.038158,0.961808
ACCTCGAACTTATGCT-1,0.000039,0.051952,0.948009
ACCTGCGTGTCATGTT-1,0.000054,0.000109,0.999837
ACGAAATGGGCGGCAC-1,0.000029,0.010784,0.989186
ACGACCCATGAGTTGC-1,0.000042,0.694256,0.305702
ACGACTCTAGGGCCGA-1,0.000068,0.96412,0.035812
ACGACTGGTCATACTC-1,0.000019,0.225292,0.774689
ACGAGATATTTGCTTA-1,0.000042,0.012582,0.987376
ACGAGGATACCACTCT-1,0.000034,0.000068,0.999898
ACGAGGTTTACAACGT-1,0.000021,0.044812,0.955168
ACGAGTACGGATGCCC-1,0.000057,0.000114,0.999828
ACGATACATAGAACTA-1,0.000043,0.028842,0.971114
ACGATACCTATCCTGA-1,0.00004,0.00008,0.999881
ACGATCATACATAGAG-1,0.000058,0.000636,0.999306
ACGATCATCTTGTAAA-1,0.000037,0.001635,0.998328
ACGATGCATATGTTAT-1,0.000039,0.000077,0.999884
ACGATGGATCCGATGC-1,0.000038,0.032861,0.967101
ACGCAAACTAATAGAT-1,0.000047,0.350719,0.649234
ACGCAATCACTACAGC-1,0.00003,0.009158,0.990812
ACGCATAAATGACATG-1,0.000044,0.000089,0.999867
ACGCATACGTTTACTA-1,0.000049,0.944335,0.055616
ACGCATTCGTGAGTAC-1,0.000041,0.143467,0.856492
ACGCCACTCGAAACAG-1,0.000023,0.978175,0.021802
ACGCCAGATGATTTCT-1,0.000066,0.000132,0.999802
ACGCCAGTGCGTTTGC-1,0.000034,0.969996,0.02997
ACGCCCAGCTGTCGAT-1,0.000042,0.06172,0.938238
ACGCCGCTAGACGACC-1,0.000038,0.193348,0.806614
ACGCGAAGTCAGACGA-1,0.000057,0.000114,0.99983
ACGCGCTACACAGGGT-1,0.000037,0.000075,0.999888
ACGCGGGCCAAGGACA-1,0.000054,0.000109,0.999837
ACGCGTTTCTTAAGAG-1,0.000045,0.000089,0.999866
ACGCTACTGAATGGGC-1,0.000024,0.935683,0.064292
ACGCTAGTATCAGTGC-1,0.000073,0.000147,0.99978
ACGCTAGTGATACACT-1,0.000056,0.000544,0.999401
ACGCTGTGAGGCGTAG-1,0.000046,0.01704,0.982914
ACGCTTAGTGTCTCTC-1,0.000198,0.072123,0.927679
ACGGAACACGAGTGCC-1,0.00003,0.8913,0.10867
ACGGAATTTAGCAAAT-1,0.000119,0.000237,0.999644
ACGGACGCAGCGACAA-1,0.00004,0.595352,0.404608
ACGGACTCTCAAAGCG-1,0.000042,0.864841,0.135117
ACGGAGCGCAAATTAC-1,0.000031,0.000063,0.999906
ACGGATGGTGCGGATA-1,0.000055,0.465492,0.534453
ACGGCACTTGCTTGGG-1,0.000053,0.066493,0.933454
ACGGCCAACATGGACT-1,0.000041,0.028164,0.971795
ACGGCGACGATGGGAA-1,0.000023,0.001391,0.998587
ACGGCTGGATGTAGAA-1,0.000027,0.011046,0.988927
ACGGGAGTGTCGGCCC-1,0.000036,0.000073,0.999891
ACGGGCGTATGCGACA-1,0.000022,0.015281,0.984697
ACGGGTCATGTGACTT-1,0.000061,0.039632,0.960307
ACGGGTTGTGACCTGT-1,0.001235,0.351124,0.647641
ACGGTACAGTTCAATG-1,0.000048,0.996377,0.003575
ACGGTCACCGAGAACA-1,0.000041,0.443993,0.555966
ACGTACAGATTTCTCT-1,0.000049,0.023509,0.976442
ACGTACTTTGGCACGG-1,0.000033,0.839718,0.160249
ACGTAGATTGCTGATG-1,0.000055,0.029256,0.970689
ACGTAGGAGAGTCGCT-1,0.000033,0.846955,0.153012
ACGTATTACTCCGATC-1,0.000072,0.041957,0.957971
ACGTCGGGCAACTCGG-1,0.000025,0.063998,0.935977
ACGTCTCGTTCCGGGA-1,0.000036,0.000072,0.999893
ACGTGACAAAGTAAGT-1,0.000015,0.001913,0.998072
ACGTGCGCCTCGTGCA-1,0.000043,0.000085,0.999872
ACGTTAATGTCGAAGA-1,0.00005,0.12226,0.87769
ACGTTAGATTTGCCCG-1,0.00005,0.000101,0.999849
ACGTTATTGGTCACTC-1,0.000113,0.000226,0.999661
ACGTTCACTATGCCGC-1,0.000033,0.944582,0.055386
ACGTTCCGCGCTCCGT-1,0.000104,0.059328,0.940568
ACGTTCGCAATCAATT-1,0.000039,0.046863,0.953098
ACGTTCGTTCAGGAAA-1,0.000045,0.07684,0.923114
ACGTTCTGTACAAGTC-1,0.000075,0.874488,0.125437
ACGTTGTCGTTGAAAG-1,0.000038,0.77023,0.229732
ACGTTTAGTTGTGATC-1,0.000071,0.031653,0.968276
ACGTTTCGGTGCACTT-1,0.000036,0.846683,0.153281
ACTAAGGACGCACACC-1,0.000048,0.019959,0.979993
ACTAATACGTCAGGCG-1,0.000066,0.000132,0.999803
ACTACAAAGAGAGGTG-1,0.000052,0.891458,0.10849
ACTACATCCCGACAAG-1,0.000025,0.044665,0.95531
ACTACCAGCTCTCTGG-1,0.000061,0.033114,0.966825
ACTACCATCCGAGGGC-1,0.000025,0.791,0.208975
ACTACGCGTTAGAATT-1,0.000043,0.305838,0.694119
ACTAGTTGCGATCGTC-1,0.000066,0.458352,0.541583
ACTATATGCTGTGTTC-1,0.000053,0.000105,0.999842
ACTATCCAGGGCATGG-1,0.000034,0.031197,0.968769
ACTATCTGCCCGCGTA-1,0.000036,0.364082,0.635881
ACTATGTCCAGCTGCC-1,0.000032,0.042954,0.957014
ACTATTCGTCCGTGGT-1,0.000035,0.00007,0.999895
ACTATTTCCGGGCCCA-1,0.000027,0.028079,0.971894
ACTCAAGTGCAAGGCT-1,0.000098,0.831509,0.168393
ACTCAATAAAGGCACG-1,0.000039,0.000077,0.999884
ACTCAGACCTGCTTCT-1,0.000085,0.040053,0.959862
ACTCATGGCAGCCTTC-1,0.000026,0.120132,0.879842
ACTCCAATATCATCAT-1,0.000023,0.022924,0.977053
ACTCCCATTCCTAAAG-1,0.000038,0.02735,0.972612
ACTCCCGAATTCGTTT-1,0.000037,0.053157,0.946805
ACTCCCGTAGACTAGG-1,0.000033,0.036237,0.96373
ACTCCCTAATGCTAAA-1,0.000041,0.23263,0.767329
ACTCCCTAGAATAGTA-1,0.000044,0.013977,0.98598
ACTCCGGCCGACCACT-1,0.00005,0.608165,0.391784
ACTCGATGTATTTCAT-1,0.000124,0.000247,0.999629
ACTCGCCGTTCGATAA-1,0.000035,0.999753,0.000212
ACTCGCGATCTGACGC-1,0.000034,0.175668,0.824298
ACTCGTAACCCGTCCT-1,0.000044,0.047259,0.952698
ACTCGTCAGTAATCCC-1,0.000031,0.002164,0.997804
ACTCTAAACCTGGGAT-1,0.00005,0.009657,0.990293
ACTCTCTGACTTAGGT-1,0.000056,0.032726,0.967218
ACTCTCTTATACACGA-1,0.000049,0.003937,0.996013
ACTCTGACCTAATAGA-1,0.000048,0.918235,0.081717
ACTCTTCAGCTCCCGC-1,0.000029,0.214943,0.785028
ACTCTTGTATAGTAAC-1,0.000042,0.025277,0.974682
ACTGAAACGCCGTTAG-1,0.000036,0.849002,0.150962
ACTGAATGGCGAAAGT-1,0.000034,0.063081,0.936885
ACTGATTTAGTGATTC-1,0.000204,0.174457,0.825339
ACTGCCCGCCATTCTC-1,0.000037,0.652353,0.34761
ACTGCCGTCGTAACTC-1,0.000054,0.000109,0.999837
ACTGCGGACACACCGT-1,0.000034,0.245525,0.754441
ACTGCTCGGAAGGATG-1,0.000035,0.000069,0.999896
ACTGGCGAACCTGCGT-1,0.000063,0.000125,0.999812
ACTGGGATGCCAGTGC-1,0.000048,0.906335,0.093617
ACTGTACGATACACAT-1,0.00003,0.007053,0.992917
ACTGTAGCACTTTGGA-1,0.000049,0.016833,0.983118
ACTGTATACGCGAGCA-1,0.000055,0.040033,0.959912
ACTGTCCAGGATTATA-1,0.000059,0.026462,0.973479
ACTGTCTTCTTTAGAA-1,0.000034,0.000068,0.999898
ACTGTGCTAGTAGATC-1,0.000101,0.051221,0.948677
ACTTACCGGGCGCGCA-1,0.000062,0.000123,0.999815
ACTTACGCATCCACGC-1,0.000049,0.77614,0.223812
ACTTAGTACGACAAGA-1,0.000084,0.000167,0.999749
ACTTATACTTACCCGG-1,0.00006,0.000121,0.999819
ACTTATTAGGATCGGT-1,0.000067,0.013554,0.986379
ACTTATTTATGTGCCA-1,0.000045,0.084405,0.91555
ACTTCAGGCTGATCCC-1,0.000063,0.217084,0.782853
ACTTCCAGTGGAAGCT-1,0.000031,0.003356,0.996613
ACTTCCATGCGGGACA-1,0.000068,0.999525,0.000407
ACTTCCTGTCGTGCGA-1,0.000016,0.052728,0.947255
ACTTCGCCATACGCAC-1,0.000038,0.017429,0.982532
ACTTCGCTAGCGAGTG-1,0.000029,0.036319,0.963653
ACTTGACTCCCTCTTT-1,0.000044,0.022455,0.977501
ACTTGCTCTATCTACC-1,0.000022,0.138722,0.861257
ACTTGGGACCCGGTGG-1,0.000049,0.000097,0.999854
ACTTGGGCTTTCGCCA-1,0.000067,0.836805,0.163128
ACTTGTAGTCCCTTCA-1,0.000056,0.000112,0.999831
ACTTGTGGATGGAACG-1,0.00006,0.554191,0.445749
ACTTGTTACCGGATCA-1,0.000046,0.879421,0.120533
ACTTTACCCTCATGAA-1,0.000057,0.019127,0.980816
ACTTTATACACCACTT-1,0.000031,0.680167,0.319802
ACTTTCCTATAGCTTC-1,0.000055,0.00011,0.999835
ACTTTGACTGCATCCT-1,0.000072,0.000144,0.999784
ACTTTGGTCGTGCTCC-1,0.000048,0.037853,0.962099
ACTTTGTCGACGCACT-1,0.00006,0.819461,0.180479
AGAAATTATGACTCGC-1,0.000036,0.705566,0.294398
AGAACACGGCGATGGT-1,0.000029,0.678517,0.321454
AGAACCCAGCGTGACA-1,0.000044,0.308815,0.691141
AGAACCCTCAATTGGG-1,0.000047,0.000097,0.999856
AGAACGTGGTACATTC-1,0.000038,0.074443,0.925519
AGAACTGTACTTTGTA-1,0.000036,0.979283,0.020681
AGAAGAGCGCCGTTCC-1,0.000401,0.080909,0.91869
AGAAGGTACACTTCAC-1,0.000021,0.000076,0.999903
AGAAGGTTGCCGAATT-1,0.000031,0.002104,0.997864
AGAAGGTTGTAGGTCG-1,0.000053,0.643368,0.356579
AGAAGTGATTCGTGAT-1,0.000048,0.000096,0.999856
AGAATAAATCTTCAGG-1,0.000035,0.00007,0.999895
AGAATACAGGCTATCC-1,0.000029,0.997911,0.002061
AGAATGCGGGTTCGGA-1,0.000024,0.000047,0.999929
AGAATTATGGATTCGA-1,0.000057,0.011565,0.988378
AGAATTGTTTGACATA-1,0.000115,0.099453,0.900432
AGACAGCTCAGAATCC-1,0.000098,0.000195,0.999707
AGACAGGCATCTCAGC-1,0.000045,0.931183,0.068772
AGACATAGATCCTTCC-1,0.000074,0.047039,0.952887
AGACCAAACCACACCT-1,0.000032,0.017758,0.98221
AGACCATGGGATACAA-1,0.000061,0.000122,0.999817
AGACCCACCGCTGATC-1,0.000036,0.004658,0.995307
AGACCCGCCCTCCTCG-1,0.000041,0.000081,0.999878
AGACCGCTCCGCGGTT-1,0.000085,0.768684,0.231231
AGACCGGGAAACCCTG-1,0.000045,0.00009,0.999865
AGACGAAGTGCCGGTC-1,0.000045,0.554005,0.44595
AGACGACGATGCCGCT-1,0.000026,0.000052,0.999923
AGACGCCCACTTCGCC-1,0.00002,0.999858,0.000121
AGACGGGCCGATTTAA-1,0.000049,0.000098,0.999853
AGACTAGCCTTCCAGA-1,0.000051,0.014556,0.985393
AGACTGTTACCGGGTC-1,0.000066,0.319286,0.680648
AGAGAAACACCAGAAA-1,0.000035,0.651202,0.348764
AGAGAACCGTCTAGGA-1,0.000038,0.006056,0.993906
AGAGAAGGAGTACAAT-1,0.000036,0.007009,0.992955
AGAGATCTCTAAAGCG-1,0.000024,0.000048,0.999928
AGAGCAGTTATGAGAC-1,0.000045,0.00009,0.999865
AGAGCCGCCGAGATTT-1,0.000058,0.768978,0.230964
AGAGCGCTTGTAACGG-1,0.00005,0.022122,0.977828
AGAGCGGGCTAATCAT-1,0.000045,0.000091,0.999864
AGAGCGTACAAGCTCG-1,0.000061,0.000122,0.999816
AGAGGCTTCGGAAACC-1,0.000044,0.628534,0.371422
AGAGGGACAATTGTCC-1,0.000051,0.000102,0.999846
AGAGTAAACTTCACTA-1,0.000066,0.500238,0.499696
AGAGTATAGTGTTACG-1,0.000046,0.042692,0.957262
AGAGTCTTAATGAAAG-1,0.000016,0.16472,0.835263
AGAGTGAACAGACACC-1,0.000028,0.03804,0.961932
AGAGTTAGAGACCGAT-1,0.000058,0.003338,0.996604
AGAGTTGCAGGCCTCC-1,0.000046,0.008731,0.991223
AGATAACTTCAGGGCC-1,0.000045,0.009341,0.990614
AGATAATCACACCTAT-1,0.000031,0.697584,0.302385
AGATACCAATAGAACC-1,0.000037,0.852554,0.147409
AGATACCAGCACTTCA-1,0.000029,0.000057,0.999914
AGATACCGGTGTTCAC-1,0.00004,0.00008,0.99988
AGATACGACTTCATAT-1,0.000053,0.000106,0.999842
AGATACTCAAGATCGA-1,0.000034,0.081468,0.918498
AGATATAATACGACTA-1,0.000061,0.879638,0.120301
AGATCGTGCATAAGAT-1,0.000029,0.000058,0.999914
AGATCTCAGGTGTGAT-1,0.000032,0.009736,0.990232
AGATCTGGAGAGGATA-1,0.000027,0.785076,0.214897
AGATGACTCGCCCACG-1,0.000054,0.028894,0.971052
AGATGAGGGTTGCGAT-1,0.000045,0.00009,0.999865
AGATGATGGAGTCTGG-1,0.000068,0.045798,0.954134
AGATGCAAGACGTGCA-1,0.000041,0.107324,0.892634
AGATGCATCCTGTGTC-1,0.000027,0.000195,0.999778
AGATTATAGGACGTTT-1,0.000062,0.000124,0.999813
AGATTCAAGCGGGTCG-1,0.000098,0.114568,0.885334
AGATTCACAACCGATA-1,0.00002,0.002728,0.997252
AGCAAAGGCCGCTAGT-1,0.000037,0.953703,0.04626
AGCAACATATCTTATT-1,0.000043,0.036892,0.963065
AGCAACCGAAAGTAAT-1,0.000027,0.005425,0.994548
AGCACACGTTTAGACT-1,0.000077,0.413726,0.586197
AGCACCAGTACTCACG-1,0.000042,0.012905,0.987053
AGCACTACCGGCCTGT-1,0.000065,0.030778,0.969157
AGCACTACCTCACCAG-1,0.000062,0.424697,0.575241
AGCACTTAAGGACGCC-1,0.000034,0.000069,0.999897
AGCAGAAGGAGAAAGA-1,0.000056,0.806748,0.193196
AGCAGCCAGATGAATA-1,0.000052,0.046771,0.953177
AGCAGTCGAAGCATGC-1,0.00003,0.949177,0.050793
AGCATATCAATATGCT-1,0.000105,0.473584,0.526311
AGCATCATTTCGAAAG-1,0.000033,0.000065,0.999902
AGCATCGTCGATAATT-1,0.000029,0.002516,0.997455
AGCATTACGAGGCAAG-1,0.000046,0.792705,0.207249
AGCCAAGCTTTGTGTC-1,0.00004,0.781552,0.218408
AGCCACAGGTTACCCG-1,0.000072,0.859649,0.140279
AGCCACTCCCGTGCTT-1,0.000039,0.015945,0.984016
AGCCATATAGTATGTG-1,0.000033,0.934268,0.065699
AGCCCATACATGTAAG-1,0.00003,0.009237,0.990733
AGCCCGCAACAAGCAG-1,0.000023,0.737131,0.262846
AGCCCGCACTACAATG-1,0.00003,0.979659,0.020311
AGCCCGGCATTAGAGG-1,0.000057,0.082898,0.917045
AGCCCGGTAGCCTGTA-1,0.000066,0.22974,0.770194
AGCCCTAAGCGAAGTT-1,0.000057,0.000114,0.999829
AGCCCTCCCTGGTGGC-1,0.000061,0.457055,0.542883
AGCCCTGTCGCACCGT-1,0.00004,0.080368,0.919592
AGCCCTTCTAATCCGA-1,0.000025,0.00005,0.999924
AGCCCTTGGACATCCC-1,0.000042,0.995154,0.004804
AGCCGCAAATTCAAAT-1,0.00003,0.031876,0.968095
AGCCGTGGCTAAATGT-1,0.000039,0.030691,0.96927
AGCCTAATACCCACGT-1,0.000024,0.000048,0.999928
AGCCTTAAAGCGGAAG-1,0.000082,0.000164,0.999754
AGCCTTGTCACTGATA-1,0.000052,0.465657,0.534291
AGCGACAGGAACGGTC-1,0.000022,0.000044,0.999934
AGCGACATCCCATTCA-1,0.000085,0.00017,0.999745
AGCGACCAACGATATT-1,0.000055,0.018344,0.981601
AGCGACTTTGAAGACA-1,0.000069,0.64251,0.357421
AGCGAGACGTGAAGGC-1,0.00005,0.474094,0.525856
AGCGATGCGCCTAATA-1,0.00005,0.934297,0.065653
AGCGCATAATGAATCG-1,0.000058,0.175166,0.824776
AGCGCGGGTGCCAATG-1,0.000032,0.020091,0.979877
AGCGCTAGAGCGATGT-1,0.000025,0.179307,0.820668
AGCGCTTATGGGCAAG-1,0.000057,0.000113,0.99983
AGCGGACACTTCGTAG-1,0.000069,0.656728,0.343203
AGCGGCGGTTAGCGGT-1,0.000025,0.03044,0.969534
AGCGGGAAGGGTCCAT-1,0.000103,0.000206,0.999691
AGCGGGTCTGACACTC-1,0.000101,0.577449,0.42245
AGCGGTTGCCGCTCTG-1,0.000042,0.071136,0.928821
AGCGTGGTATTCTACT-1,0.00005,0.00019,0.999761
AGCGTTCCGATTTAAA-1,0.000112,0.130474,0.869414
AGCTAACAAGCAATGT-1,0.000024,0.045614,0.954362
AGCTAAGCTCCGTCCG-1,0.00004,0.900012,0.099948
AGCTAAGTACGCAGGC-1,0.000062,0.860535,0.139403
AGCTACGAATGGTGGT-1,0.000037,0.882231,0.117733
AGCTAGAAGCAGAAGT-1,0.000026,0.001054,0.99892
AGCTATTTAATCCAAC-1,0.00006,0.00012,0.99982
AGCTCCATATATGTTC-1,0.000047,0.901515,0.098438
AGCTCCTTCGCACATC-1,0.00004,0.461215,0.538744
AGCTCGTTGATGGAAA-1,0.00004,0.00008,0.99988
AGCTCTAGACGTTCCA-1,0.00005,0.000101,0.999849
AGCTCTTCCCAGTGCA-1,0.000033,0.018618,0.981349
AGCTCTTCGTAACCTT-1,0.000042,0.078149,0.921809
AGCTCTTTACTCAGTT-1,0.000038,0.006735,0.993227
AGCTGAAGTAAACCAA-1,0.000029,0.012888,0.987083
AGCTGCTGTGCCGAAT-1,0.000064,0.057746,0.94219
AGCTGTAACCTCAATC-1,0.000056,0.000154,0.99979
AGCTTCTTCTCGAGCA-1,0.000034,0.999765,0.000201
AGCTTGATCAGGGTAG-1,0.000077,0.531469,0.468454
AGCTTGATCTTAACTT-1,0.000095,0.00019,0.999715
AGGAACGAACGACTTC-1,0.000028,0.865433,0.134539
AGGAAGCTGTCCGCCG-1,0.000036,0.235506,0.764458
AGGACAGTCGAATCCC-1,0.000034,0.033724,0.966242
AGGACATCGCACGTCG-1,0.000071,0.000142,0.999786
AGGACATCGGCACACT-1,0.000036,0.955536,0.044428
AGGACGACCCATTAGA-1,0.000049,0.000099,0.999852
AGGACGCTCGATGTTG-1,0.000039,0.000078,0.999883
AGGAGACATCCACAGT-1,0.000032,0.037047,0.962921
AGGAGAGTCTGGCTAC-1,0.000024,0.004077,0.995898
AGGAGCGTTTATTATC-1,0.000047,0.919093,0.08086
AGGAGGCCTTCGCGCG-1,0.000045,0.589673,0.410282
AGGATAAAGTCGGGAT-1,0.000035,0.006394,0.99357
AGGATATAGGGATTTA-1,0.000057,0.125438,0.874505
AGGATATCCGACTGCA-1,0.00006,0.890287,0.109654
AGGATCACGCGATCTG-1,0.000059,0.022809,0.977132
AGGATTGCTTACGACA-1,0.000064,0.027485,0.972451
AGGCACGTGACTGTCC-1,0.000045,0.93345,0.066504
AGGCAGATGCGTAAAC-1,0.000029,0.002534,0.997436
AGGCAGGGAGCGTACT-1,0.000045,0.004998,0.994957
AGGCATTGTCGTAGGG-1,0.000083,0.460493,0.539424
AGGCCACATTGGTTAC-1,0.00003,0.53762,0.46235
AGGCCACCCGTTATGA-1,0.000051,0.000101,0.999848
AGGCCCATTGTACAGG-1,0.000071,0.000143,0.999786
AGGCCCTAGAACGCCA-1,0.00003,0.000059,0.999911
AGGCCTATCATACCAA-1,0.000065,0.865895,0.134041
AGGCCTGAGAATCTCG-1,0.000069,0.853188,0.146742
AGGCGATAACTGGCGT-1,0.000032,0.979115,0.020853
AGGCGGTTTGTCCCGC-1,0.000036,0.050355,0.949609
AGGCGTCTATGGACGG-1,0.000057,0.000115,0.999828
AGGCTATGGTTAGCTT-1,0.000057,0.000114,0.999829
AGGCTTAAGTTGCACA-1,0.000044,0.923756,0.0762
AGGCTTCCCGAAGAAG-1,0.000038,0.014208,0.985754
AGGCTTGCTAGACACC-1,0.000042,0.000084,0.999874
AGGGAAACGAGGTACT-1,0.000041,0.000083,0.999876
AGGGACCGGCTGCGTT-1,0.000032,0.084254,0.915714
AGGGACTCTACGCGAC-1,0.000057,0.017358,0.982586
AGGGAGACATACTTCG-1,0.000045,0.096397,0.903558
AGGGCAGCGGCGTGGT-1,0.000036,0.007126,0.992838
AGGGCCCTAATGTTCT-1,0.000037,0.954299,0.045664
AGGGCGAGCAGCTGAT-1,0.000033,0.003133,0.996834
AGGGCGTGATCGGCTA-1,0.000072,0.000145,0.999783
AGGGCTGCAGTTACAG-1,0.000065,0.00013,0.999805
AGGGTCAGAGCACTCG-1,0.000051,0.175537,0.824412
AGGGTCAGTAACCCTA-1,0.000025,0.000101,0.999874
AGGGTCGATGCGAACT-1,0.000049,0.019022,0.980929
AGGGTCTGGACGCAGT-1,0.000033,0.882295,0.117673
AGGGTGCCGTTCTTTA-1,0.00003,0.168614,0.831356
AGGGTGCTCTCGAGGG-1,0.000025,0.003931,0.996044
AGGGTGGATAGTGCAT-1,0.000046,0.002955,0.996999
AGGGTGTGCTACACGC-1,0.000025,0.021657,0.978318
AGGGTTCAGACGGTCC-1,0.000099,0.660608,0.339293
AGGGTTCCCTTTGGTT-1,0.000037,0.010189,0.989774
AGGGTTTAGTTCGGGA-1,0.000135,0.029684,0.970182
AGGTAACCTCCTATTC-1,0.000072,0.000144,0.999784
AGGTACGATATTGCCA-1,0.000028,0.000057,0.999915
AGGTAGATCGAGATAT-1,0.000027,0.125077,0.874895
AGGTAGGTACAAAGCT-1,0.000073,0.000146,0.999782
AGGTATAATTGATAGT-1,0.000059,0.000117,0.999824
AGGTATGCGGACATTA-1,0.000027,0.056613,0.94336
AGGTCAGGTGAGAGTG-1,0.000042,0.023926,0.976033
AGGTCGCCTCCCAACA-1,0.000024,0.916713,0.083263
AGGTCGCGGAGTTACT-1,0.000038,0.000077,0.999885
AGGTGCACGTCCACAT-1,0.000028,0.805568,0.194404
AGGTGGTGACCTTCGC-1,0.000036,0.715254,0.28471
AGGTGTATCGCCATGA-1,0.000071,0.015782,0.984148
AGGTGTTGCCGACCAC-1,0.000025,0.989383,0.010592
AGGTTACACCATGCCG-1,0.00007,0.251113,0.748816
AGGTTCTCCTTTCCGG-1,0.000032,0.057635,0.942333
AGGTTGAGGCACGCTT-1,0.00003,0.000113,0.999856
AGGTTTCACACACCTT-1,0.000071,0.021784,0.978145
AGTAACGTTCATCCTG-1,0.000123,0.01905,0.980827
AGTAACTATAGCAGCC-1,0.000031,0.987411,0.012558
AGTAAGGGACAGAATC-1,0.000064,0.87735,0.122586
AGTAATCTAAGGGTGG-1,0.000039,0.868232,0.13173
AGTAATGTCTTGCCGC-1,0.0001,0.000199,0.999701
AGTAATTTGCAAGCGT-1,0.000054,0.211337,0.788609
AGTACAGAAGCTTATA-1,0.000032,0.912103,0.087864
AGTACATCATTTATCA-1,0.000039,0.027421,0.97254
AGTACCTTCGAGTGCT-1,0.000073,0.000146,0.999782
AGTACGGCCCGTATCG-1,0.000024,0.000049,0.999927
AGTACGGGCACCTGGC-1,0.00003,0.030458,0.969512
AGTACGTGGCCTGTCT-1,0.000099,0.000197,0.999704
AGTACTCTTATGCCCA-1,0.000104,0.788448,0.211448
AGTAGAAGGCGCCTCA-1,0.00006,0.832364,0.167576
AGTAGCGTGAACGAAC-1,0.00004,0.065961,0.933998
AGTAGCTAGACGCCGA-1,0.00017,0.000341,0.999488
AGTAGGAAGGAAGTTG-1,0.000043,0.000086,0.999871
AGTAGGTAACATACAT-1,0.000063,0.000126,0.999811
AGTATAATACTAGGCA-1,0.000035,0.000071,0.999894
AGTATACACAGCGACA-1,0.000043,0.453451,0.546506
AGTATGCTGGAGACCA-1,0.000034,0.030089,0.969877
AGTATTTGGCACGACC-1,0.00004,0.040236,0.959724
AGTCAAATGATGTGAT-1,0.000066,0.414118,0.585815
AGTCAACACCACCATC-1,0.000037,0.012128,0.987835
AGTCAAGATGACACTT-1,0.000056,0.169218,0.830726
AGTCACTAGCTCTCGA-1,0.000078,0.782232,0.21769
AGTCAGCCACCGCCTG-1,0.000094,0.000189,0.999716
AGTCCATTGGCTGATG-1,0.000056,0.095967,0.903977
AGTCCCGCCTTTAATT-1,0.000037,0.000074,0.999889
AGTCCCTCGCAGAAAG-1,0.000037,0.000074,0.999889
AGTCGAAACGATTCAG-1,0.000025,0.156951,0.843025
AGTCGACGGTCTCAAG-1,0.000045,0.000091,0.999864
AGTCGGCCCAAACGAC-1,0.000035,0.00007,0.999894
AGTCGGCTCAACTTTA-1,0.000051,0.000102,0.999847
AGTCGGTTGCGTGAGA-1,0.000028,0.141946,0.858026
AGTCGTATAAAGCAGA-1,0.000043,0.79769,0.202267
AGTCGTCGACCACCAA-1,0.000031,0.995736,0.004232
AGTCGTGGGCATTACG-1,0.000053,0.000105,0.999842
AGTCTAAAGTATACTC-1,0.000041,0.002476,0.997483
AGTCTCACAAGACTAC-1,0.000048,0.007011,0.992941
AGTCTGGACATCCTTG-1,0.000096,0.000192,0.999713
AGTCTTCTCCTCAAAT-1,0.000057,0.02509,0.974853
AGTCTTTAAAGTGTCC-1,0.000026,0.97636,0.023613
AGTGAACAAACTTCTC-1,0.000044,0.199283,0.800673
AGTGAAGATGGTGTCC-1,0.000032,0.002392,0.997576
AGTGACCTACTTTACG-1,0.000066,0.010388,0.989545
AGTGACTGTGACACAA-1,0.000079,0.333839,0.666082
AGTGAGACTTCCAGTA-1,0.000054,0.001052,0.998894
AGTGAGCCTCGCCGCC-1,0.000037,0.101874,0.898089
AGTGAGGGTTTCTGAC-1,0.000063,0.000126,0.999812
AGTGAGTCGAATTAAC-1,0.000037,0.962319,0.037644
AGTGATAACCTGCGCG-1,0.000054,0.840137,0.159809
AGTGATATGAGTAGTT-1,0.000072,0.029712,0.970216
AGTGATTCAAGCAGGA-1,0.000062,0.000123,0.999815
AGTGCACGCTTAAGAA-1,0.000035,0.898849,0.101117
AGTGCGTAGCTCGTAA-1,0.000029,0.023368,0.976603
AGTGCTAAACACAGCA-1,0.000081,0.978447,0.021472
AGTGCTTGCACGAATA-1,0.000058,0.021905,0.978038
AGTGGCCCGCAAATGG-1,0.000028,0.925411,0.074561
AGTGGCGGCAATTTGA-1,0.000041,0.005519,0.99444
AGTGGCGTCTGAAGGT-1,0.000055,0.730342,0.269603
AGTGGCTCCGTCGGCC-1,0.000084,0.000167,0.999749
AGTGGTGTTACCCGTG-1,0.000044,0.012446,0.98751
AGTGGTTGCGTATAGG-1,0.00004,0.027121,0.972838
AGTGTATTGCGCATTG-1,0.000034,0.000068,0.999898
AGTGTGGTCTATTGTG-1,0.000106,0.000212,0.999682
AGTTAAACACTTGCGA-1,0.00004,0.003826,0.996134
AGTTAAGCGGTCCCGG-1,0.000034,0.000068,0.999899
AGTTAAGTCAACCGCT-1,0.000042,0.000085,0.999873
AGTTACCCTTAAGACT-1,0.000073,0.000146,0.999781
AGTTACCGCACATGGT-1,0.000053,0.000107,0.99984
AGTTACTCTATCGTGG-1,0.000062,0.000124,0.999813
AGTTATTCAGACTGTG-1,0.000068,0.901543,0.098388
AGTTATTGAAAGGTAA-1,0.000059,0.083401,0.91654
AGTTCACCGGTTGGAC-1,0.000094,0.000188,0.999719
AGTTCCTACAGAATTA-1,0.000036,0.000071,0.999893
AGTTCCTATTTATGTT-1,0.000076,0.024203,0.975721
AGTTCTGCGTTGTATC-1,0.000125,0.032183,0.967692
AGTTGACATCGGCTGG-1,0.000053,0.024455,0.975493
AGTTGACGGTCCTTGC-1,0.000073,0.825097,0.17483
AGTTGCGGTCCTCAAC-1,0.000038,0.255336,0.744626
AGTTGCTGACTGATAT-1,0.000136,0.029204,0.97066
AGTTGGCAAGGCTAGA-1,0.000036,0.879549,0.120415
AGTTTATGTAAAGACA-1,0.000031,0.035705,0.964264
AGTTTCGCAGGTCGGA-1,0.00006,0.000121,0.999819
AGTTTGCACCTGCCTC-1,0.000083,0.491805,0.508112
AGTTTGGCACGGGTTG-1,0.000055,0.571282,0.428663
AGTTTGGCCAGACCTA-1,0.000025,0.030987,0.968988
ATAAACGGACCCGTAA-1,0.000034,0.000068,0.999898
ATAAACGTTGCACCAC-1,0.000062,0.947759,0.05218
