Barcode,Topic 1,Topic 2,Topic 3,Topic 4,Topic 5to6,Topic 7,Topic 8to9,Topic 10,Topic 11,Topic 12
AAACAAGTATCTCCCA-1,0.05814,0.000023,0.207119,0.019738,0.671446,0.000023,0.00652,0.000023,0.006719,0.030249
AAACACCAATAACTGC-1,0.047205,0.000043,0.004132,0.000193,0.253471,0.000043,0.372889,0.051224,0.063362,0.207439
AAACAGAGCGACTCCT-1,0.000019,0.011016,0.000019,0.000019,0.000039,0.035891,0.009774,0.83009,0.107346,0.005788
AAACAGCTTTCAGAAG-1,0.000011,0.000011,0.000011,0.000011,0.818727,0.000011,0.051608,0.105289,0.003204,0.021114
AAACAGGGTCTATATT-1,0.003263,0.000034,0.004498,0.000034,0.35946,0.000034,0.389527,0.151824,0.080658,0.010668
AAACAGTGTTCCTGGG-1,0.037264,0.000059,0.153496,0.000059,0.026451,0.000059,0.267457,0.251319,0.149106,0.114729
AAACATGGTGAGAGGA-1,0.020335,0.177768,0.001214,0.000019,0.209387,0.003859,0.03455,0.503508,0.028264,0.021096
AAACATTTCCCGGATT-1,0.41757,0.036172,0.234337,0.002481,0.000095,0.048992,0.214713,0.000047,0.045545,0.000047
AAACCACTACACAGAT-1,0.000027,0.000027,0.007336,0.000027,0.000054,0.025784,0.705328,0.000027,0.259222,0.002167
AAACCCGAACGAAATC-1,0.303165,0.002461,0.008658,0.079397,0.325535,0.000012,0.000024,0.276569,0.004167,0.000012
AAACCGGAAATGTTAA-1,0.051721,0.02964,0.109744,0.427753,0.092871,0.287989,0.000211,0.000024,0.000024,0.000024
AAACCGTTCGTCCAGG-1,0.06231,0.000128,0.000128,0.000128,0.000256,0.000128,0.573362,0.000128,0.363304,0.000128
AAACCTAAGCAGCCGG-1,0.035815,0.000015,0.030872,0.009218,0.550017,0.001886,0.004456,0.27558,0.000015,0.092126
AAACCTCATGAAGTTG-1,0.156372,0.000022,0.000022,0.000022,0.612206,0.000022,0.007717,0.079417,0.097203,0.046998
AAACGAAGAACATACC-1,0.000097,0.000097,0.032818,0.000097,0.156441,0.126967,0.222215,0.046966,0.411215,0.003087
AAACGAAGATGGAGTA-1,0.098697,0.004796,0.000032,0.000032,0.231538,0.015284,0.275542,0.33244,0.005635,0.036004
AAACGACAGTCTTGCC-1,0.084153,0.000027,0.079218,0.000027,0.000054,0.000027,0.280185,0.000437,0.465926,0.089945
AAACGAGACGGTTGAT-1,0.056162,0.039272,0.020921,0.000021,0.716529,0.015972,0.151035,0.000046,0.000021,0.000021
AAACGCCCGAGATCGG-1,0.063106,0.000058,0.026409,0.000058,0.044906,0.21657,0.349559,0.000058,0.175355,0.123922
AAACGCTGGGCACGAC-1,0.399297,0.498311,0.000011,0.032778,0.000021,0.000011,0.000021,0.065568,0.00397,0.000011
AAACGGGCGTACGGGT-1,0.009375,0.192113,0.026165,0.014574,0.085607,0.011489,0.35642,0.284493,0.011389,0.008375
AAACGGTTGCGAACTG-1,0.179766,0.000125,0.067834,0.000125,0.082348,0.124334,0.529488,0.000125,0.015729,0.000125
AAACGTGTTCGCCCTA-1,0.153842,0.00004,0.038399,0.00004,0.00008,0.048443,0.215174,0.52029,0.018242,0.005449
AAACTAACGTGGCGAC-1,0.068982,0.000039,0.018919,0.000039,0.130818,0.010767,0.184236,0.213045,0.368225,0.004931
AAACTCGGTTCGCAAT-1,0.000068,0.049446,0.117001,0.005474,0.002651,0.000068,0.825089,0.000068,0.000068,0.000068
AAACTCGTGATATAAG-1,0.139194,0.000039,0.108214,0.000039,0.242281,0.000039,0.249413,0.236977,0.000039,0.023766
AAACTGCTGGCTCCAA-1,0.072764,0.000025,0.000025,0.000025,0.048317,0.000025,0.00005,0.813057,0.041673,0.024041
AAACTTAATTGCACGC-1,0.029756,0.000035,0.258499,0.001432,0.466962,0.000035,0.055291,0.000035,0.000035,0.187921
AAACTTGCAAACGTAT-1,0.046278,0.000073,0.000073,0.000073,0.020806,0.019242,0.697411,0.01536,0.20061,0.000073
AAAGAATGACCTTAGA-1,0.199267,0.000011,0.000628,0.000011,0.775919,0.000011,0.023644,0.000486,0.000011,0.000011
AAAGAATGTGGACTAA-1,0.00004,0.024591,0.479209,0.276807,0.047243,0.00004,0.171949,0.00004,0.00004,0.00004
AAAGACCCAAGTCGCG-1,0.000126,0.000126,0.04879,0.000126,0.184226,0.252373,0.000252,0.000126,0.513729,0.000126
AAAGACTGGGCGCTTT-1,0.029937,0.000014,0.000014,0.000014,0.939222,0.000014,0.023529,0.000558,0.006683,0.000014
AAAGCTTGCCTACATA-1,0.001767,0.000022,0.061846,0.080228,0.446908,0.000022,0.053204,0.286351,0.004481,0.065169
AAAGGCCCTATAATAC-1,0.118079,0.000049,0.060791,0.000049,0.039358,0.023789,0.312369,0.035612,0.406082,0.003822
AAAGGCTACGGACCAT-1,0.000061,0.000061,0.045429,0.000061,0.037866,0.014266,0.746005,0.142404,0.013788,0.000061
AAAGGCTCTCGCGCCG-1,0.101983,0.000096,0.28188,0.000096,0.000192,0.000096,0.61537,0.000096,0.000096,0.000096
AAAGGGATGTAGCAAG-1,0.000033,0.000033,0.000033,0.000033,0.000065,0.99964,0.000065,0.000033,0.000033,0.000033
AAAGGGCAGCTTGAAT-1,0.105699,0.000094,0.000094,0.000094,0.173709,0.042762,0.000188,0.030176,0.647089,0.000094
AAAGGTAAGCTGTACC-1,0.203196,0.000043,0.025887,0.000043,0.005282,0.090769,0.6232,0.004193,0.04594,0.001448
AAAGTAGCATTGCTCA-1,0.076319,0.000082,0.012068,0.000082,0.177184,0.159643,0.1603,0.000082,0.332105,0.082134
AAAGTCACTGATGTAA-1,0.084467,0.000128,0.097576,0.000128,0.104883,0.154485,0.019268,0.000128,0.538806,0.000128
AAAGTCGACCCTCAGT-1,0.022723,0.000011,0.000011,0.000011,0.95884,0.013025,0.005346,0.000011,0.000011,0.000011
AAAGTGCCATCAATTA-1,0.489263,0.386724,0.024832,0.089655,0.009448,0.000013,0.000026,0.000013,0.000013,0.000013
AAAGTGTGATTTATCT-1,0.005497,0.000056,0.380864,0.000056,0.080702,0.038896,0.354745,0.130308,0.000056,0.008822
AAAGTTGACTCCCGTA-1,0.001043,0.099554,0.007101,0.014184,0.154236,0.000028,0.099818,0.548703,0.075223,0.00011
AAATAACCATACGGGA-1,0.000055,0.000055,0.053912,0.000055,0.000109,0.012418,0.779839,0.000055,0.153449,0.000055
AAATAAGGTAGTGCCC-1,0.174664,0.122805,0.134381,0.000038,0.000077,0.061052,0.149874,0.288158,0.068912,0.000038
AAATACCTATAAGCAT-1,0.113354,0.051415,0.038048,0.000039,0.244363,0.072387,0.480279,0.000039,0.000039,0.000039
AAATAGCTTAGACTTT-1,0.129267,0.000031,0.107375,0.045462,0.050226,0.000031,0.207945,0.429753,0.028138,0.001771
AAATAGGGTGCTATTG-1,0.000013,0.000013,0.064135,0.002384,0.834276,0.000013,0.099129,0.000013,0.000013,0.000013
AAATCCGATACACGCC-1,0.004341,0.013532,0.146935,0.021121,0.56002,0.00002,0.206254,0.019261,0.006868,0.021647
AAATCGCGGAAGGAGT-1,0.000033,0.032555,0.000033,0.000033,0.227612,0.000033,0.091409,0.483277,0.080279,0.084736
AAATCGTGTACCACAA-1,0.094371,0.000059,0.000059,0.000059,0.001098,0.053905,0.652065,0.167694,0.030632,0.000059
AAATCTAGCCCTGCTA-1,0.000045,0.116609,0.37353,0.065842,0.141642,0.000045,0.300232,0.001928,0.000045,0.000082
AAATCTGCCCGCGTCC-1,0.134871,0.000031,0.110412,0.005282,0.021334,0.000031,0.2199,0.503335,0.000031,0.004774
AAATGACTGATCAAAC-1,0.008334,0.008334,0.008334,0.008334,0.016668,0.008334,0.484939,0.008334,0.440058,0.008334
AAATGATTCGATCAGC-1,0.082241,0.031687,0.156972,0.000046,0.093065,0.000046,0.322934,0.250219,0.000046,0.062744
AAATGCTCGTTACGTT-1,0.081671,0.000068,0.000068,0.000068,0.000135,0.204716,0.000135,0.051904,0.661169,0.000068
AAATGGCATGTCTTGT-1,0.055581,0.000057,0.007315,0.000057,0.238594,0.000057,0.575839,0.000057,0.122387,0.000057
AAATGGCCCGTGCCCT-1,0.019367,0.000024,0.000024,0.000024,0.61804,0.000024,0.081343,0.260711,0.020422,0.000024
AAATGGTCAATGTGCC-1,0.000065,0.000065,0.035193,0.000065,0.106715,0.000065,0.728553,0.017371,0.093141,0.018767
AAATGTATCTTATCCC-1,0.469113,0.000031,0.000031,0.000031,0.257266,0.002998,0.270436,0.000031,0.000031,0.000031
AAATTAACGGGTAGCT-1,0.000058,0.000058,0.000058,0.000058,0.000117,0.017626,0.633837,0.223203,0.017435,0.107549
AAATTAATAAGCGCGA-1,0.264773,0.000017,0.015529,0.000017,0.309599,0.036198,0.257133,0.097255,0.018883,0.000595
AAATTACACGACTCTG-1,0.000049,0.000049,0.000739,0.000049,0.000098,0.176941,0.58045,0.19999,0.041588,0.000049
AAATTACCTATCGATG-1,0.000025,0.0018,0.004385,0.020512,0.439145,0.012895,0.163403,0.24886,0.056507,0.052467
AAATTCCAGGTCCAAA-1,0.185197,0.011853,0.348724,0.004861,0.002406,0.00003,0.286876,0.146395,0.007632,0.006024
AAATTGATAGTCCTTT-1,0.116602,0.025891,0.000084,0.000084,0.109981,0.26987,0.019665,0.000084,0.457655,0.000084
AAATTGCGGCGGTTCT-1,0.000248,0.000248,0.230749,0.000248,0.392337,0.035466,0.000496,0.030786,0.309173,0.000248
AAATTGGTGAGAAGCA-1,0.11763,0.000063,0.384921,0.000063,0.000126,0.194063,0.302945,0.000063,0.000063,0.000063
AAATTTACCGAAATCC-1,0.000048,0.000048,0.000048,0.000048,0.01096,0.000048,0.529876,0.098347,0.290564,0.070013
AAATTTGCGGGTGTGG-1,0.000107,0.000107,0.047051,0.000107,0.000214,0.193442,0.417518,0.000107,0.341239,0.000107
AACAACTGGTAGTTGC-1,0.000106,0.000106,0.000106,0.000106,0.045824,0.03056,0.650632,0.000106,0.22258,0.049873
AACAATACATTGTCGA-1,0.000109,0.042766,0.053302,0.000109,0.048344,0.000109,0.448877,0.000109,0.406165,0.000109
AACAATTACTCTACGC-1,0.113758,0.048197,0.000063,0.000063,0.155136,0.000063,0.000126,0.019055,0.663476,0.000063
AACACACGCTCGCCGC-1,0.265001,0.000052,0.521281,0.000052,0.000829,0.006524,0.116569,0.000052,0.089587,0.000052
AACACGACTGTACTGA-1,0.000055,0.000055,0.000055,0.000055,0.000109,0.000055,0.297007,0.069861,0.620829,0.011921
AACACGAGACGCGGCC-1,0.000057,0.000057,0.000057,0.03612,0.013892,0.000057,0.295659,0.130868,0.457381,0.065851
AACAGCTGTGTGGCAA-1,0.243747,0.000062,0.000062,0.000062,0.200484,0.215869,0.000123,0.06198,0.166594,0.111017
AACAGGAAATCGAATA-1,0.000051,0.000051,0.000051,0.000051,0.000102,0.030269,0.934388,0.000051,0.029311,0.005676
AACAGGTAGTATGGAT-1,0.000049,0.000049,0.08557,0.296297,0.000099,0.01192,0.605867,0.000049,0.000049,0.000049
AACATAGCGTGTATCG-1,0.000047,0.000047,0.000047,0.000047,0.179234,0.000047,0.203391,0.433307,0.020923,0.162912
AACATATCAACTGGTG-1,0.028712,0.000041,0.16565,0.028163,0.243436,0.036887,0.352478,0.004731,0.002584,0.137317
AACATCGATACGTCTA-1,0.217172,0.000049,0.147621,0.000049,0.26733,0.018478,0.349151,0.000049,0.000052,0.000049
AACATTGAAGTTGATC-1,0.063966,0.024068,0.000056,0.014128,0.000113,0.000056,0.000113,0.356909,0.540534,0.000056
AACATTGGTCAGCCGT-1,0.113116,0.000288,0.000288,0.000288,0.404652,0.283547,0.000577,0.000288,0.196667,0.000288
AACATTGTGACTCGAG-1,0.00004,0.00004,0.00004,0.00004,0.019885,0.002226,0.286756,0.576637,0.105459,0.008878
AACCAAGACTTCTCTG-1,0.197069,0.000067,0.000067,0.000067,0.000134,0.442671,0.000134,0.000067,0.359658,0.000067
AACCAGTATCACTCTT-1,0.000046,0.000046,0.000046,0.000046,0.000092,0.000381,0.526679,0.121176,0.319855,0.031633
AACCATAGGGTTGAAC-1,0.02139,0.000015,0.000716,0.000015,0.605411,0.000015,0.002306,0.342911,0.000522,0.026701
AACCCATCCCATGATC-1,0.04171,0.00002,0.00002,0.00002,0.854801,0.00002,0.017357,0.067914,0.018118,0.00002
AACCCGACAACCCGTG-1,0.00004,0.00004,0.00004,0.00004,0.24997,0.00004,0.117728,0.549261,0.058693,0.024145
AACCCGAGCAGAATCG-1,0.000032,0.017588,0.495631,0.184652,0.089356,0.000032,0.212613,0.000032,0.000032,0.000032
AACCCGATAGGGCTTC-1,0.044022,0.000038,0.027262,0.000038,0.001666,0.309017,0.270537,0.223513,0.115965,0.007941
AACCCGCTGTATTCCA-1,0.000076,0.000076,0.000076,0.000076,0.323424,0.000076,0.232533,0.0916,0.092458,0.259607
AACCCTACTGTCAATA-1,0.151726,0.027211,0.14537,0.009484,0.275753,0.025393,0.16174,0.119258,0.009376,0.074688
AACCCTGGTGGAACCA-1,0.035247,0.000063,0.000063,0.018462,0.000127,0.08665,0.699716,0.000063,0.139128,0.020481
AACCGAGCTTGGTCAT-1,0.000066,0.000066,0.072366,0.000066,0.012143,0.156152,0.723567,0.035442,0.000066,0.000066
AACCGCTAAGGGATGC-1,0.368388,0.028917,0.19339,0.000038,0.000076,0.30312,0.105958,0.000038,0.000038,0.000038
AACCGTTGTGTTTGCT-1,0.04343,0.00007,0.004801,0.00007,0.242232,0.013302,0.581833,0.00007,0.040919,0.073275
AACCTCGCTTTAGCCC-1,0.020373,0.00004,0.13802,0.00004,0.554489,0.00004,0.286878,0.00004,0.00004,0.00004
AACCTGTCACGGAATT-1,0.050719,0.000038,0.150878,0.071736,0.000077,0.023537,0.234516,0.467405,0.001056,0.000038
AACCTTTAAATACGGT-1,0.000044,0.000044,0.122829,0.09838,0.130967,0.066505,0.526843,0.054299,0.000044,0.000044
AACCTTTACGACGTCT-1,0.04046,0.000058,0.130859,0.000058,0.191389,0.021916,0.540702,0.000058,0.000058,0.074441
AACGAAAGTCGTCCCA-1,0.0072,0.00004,0.04013,0.003172,0.030638,0.095249,0.303732,0.463488,0.048957,0.007394
AACGACCTCCTAGCCG-1,0.000024,0.890858,0.037397,0.043337,0.000048,0.000024,0.02824,0.000024,0.000024,0.000024
AACGATAATGCCGTAG-1,0.000028,0.00483,0.098591,0.017537,0.516647,0.00105,0.285753,0.075306,0.000232,0.000028
AACGATAGAAGGGCCG-1,0.000097,0.000097,0.000097,0.000097,0.000193,0.000097,0.636229,0.000097,0.362072,0.000926
AACGATATGTCAACTG-1,0.027991,0.021446,0.080632,0.000053,0.040933,0.049227,0.398193,0.287066,0.046604,0.047854
AACGCATGATCTGGGT-1,0.10892,0.025569,0.003461,0.000037,0.000075,0.861751,0.000075,0.000037,0.000037,0.000037
AACGCGACCTTGGGCG-1,0.000079,0.000079,0.164722,0.000079,0.025992,0.042655,0.766159,0.000079,0.000079,0.000079
AACGCGGTCTCCAGCC-1,0.202533,0.000084,0.077361,0.000084,0.00055,0.184639,0.508113,0.000084,0.026466,0.000084
AACGCTGTTGCTGAAA-1,0.041158,0.000054,0.177106,0.088972,0.076869,0.012144,0.398729,0.195531,0.009384,0.000054
AACGGACGTACGTATA-1,0.000043,0.000043,0.082111,0.222744,0.081198,0.091785,0.285752,0.230121,0.004555,0.001648
AACGGCCATCTCCGGT-1,0.000079,0.000079,0.000079,0.072186,0.015581,0.074772,0.421556,0.003864,0.336089,0.075714
AACGTACTGTGGGTAC-1,0.000104,0.000104,0.000104,0.000104,0.050819,0.000104,0.580262,0.147234,0.221063,0.000104
AACGTCAGACTAGTGG-1,0.000074,0.000074,0.000074,0.021341,0.000148,0.349103,0.013539,0.020897,0.575702,0.019046
AACGTCATCCGGCTTG-1,0.011905,0.011905,0.011905,0.011905,0.880946,0.011905,0.023811,0.011906,0.011906,0.011905
AACGTCGCTGCACTTC-1,0.362854,0.245589,0.025781,0.180111,0.000098,0.009897,0.027338,0.130303,0.017996,0.000033
AACGTGATGAAGGACA-1,0.002288,0.000045,0.00469,0.000045,0.110165,0.020745,0.750955,0.04929,0.061732,0.000045
AACGTGCGAAAGTCTC-1,0.116986,0.000052,0.070185,0.000052,0.000409,0.007939,0.740438,0.022194,0.033737,0.008009
AACGTTATCAGCACCT-1,0.081774,0.00002,0.00002,0.00002,0.720103,0.00002,0.098086,0.086209,0.012128,0.001618
AACGTTCTACCATTGT-1,0.000108,0.84864,0.000108,0.000108,0.000216,0.000108,0.000216,0.000108,0.150282,0.000108
AACTACCCGTTTGTCA-1,0.000035,0.000035,0.434584,0.070721,0.337243,0.000035,0.111836,0.000035,0.000035,0.045442
AACTAGCGTATCGCAC-1,0.000191,0.000191,0.000191,0.028169,0.287071,0.167968,0.000381,0.000191,0.515457,0.000191
AACTAGGCTTGGGTGT-1,0.006094,0.000057,0.322501,0.000057,0.161587,0.38648,0.036784,0.060749,0.025635,0.000057
AACTCAAGTTAATTGC-1,0.067854,0.000048,0.024162,0.000048,0.156003,0.030961,0.392487,0.057934,0.126282,0.144221
AACTCCAGAGCGTGTT-1,0.000045,0.000045,0.015798,0.08639,0.073738,0.000045,0.422232,0.335024,0.046277,0.020405
AACTCCTAATCCCATG-1,0.059831,0.000061,0.000061,0.000061,0.000122,0.053256,0.749995,0.087571,0.027415,0.021626
AACTCTCAATAGAGCG-1,0.000023,0.000023,0.000023,0.000023,0.790205,0.003153,0.167993,0.008497,0.029965,0.000095
AACTCTCAGTGTGCTC-1,0.000083,0.000083,0.000568,0.000083,0.006726,0.109278,0.262274,0.280224,0.340598,0.000083
AACTGAGGTCAGCGTC-1,0.000061,0.000061,0.000061,0.000061,0.176698,0.000061,0.499084,0.135904,0.18355,0.004459
AACTGAGTTATACTGA-1,0.021178,0.059039,0.024462,0.40819,0.000046,0.061097,0.073976,0.338566,0.013422,0.000023
AACTGATATTAGGCCT-1,0.019268,0.000053,0.000053,0.000053,0.076286,0.031191,0.594595,0.112265,0.151917,0.014319
AACTGGGTCCCGACGT-1,0.000049,0.013559,0.000495,0.000049,0.098735,0.183001,0.517091,0.089761,0.061714,0.035546
AACTGGGTTCGAGCCG-1,0.000082,0.000082,0.222585,0.000082,0.000163,0.113382,0.093764,0.000082,0.569697,0.000082
AACTGGTGTGGGCCTT-1,0.018201,0.000228,0.1497,0.000228,0.272811,0.086486,0.037947,0.076566,0.317524,0.040309
AACTTCTGCGTCTATC-1,0.000035,0.000035,0.000035,0.000035,0.363255,0.10588,0.092663,0.022697,0.14083,0.274535
AACTTGCGTTCTCGCG-1,0.000064,0.000064,0.000064,0.019677,0.104542,0.000064,0.03333,0.086548,0.720036,0.035611
AACTTTACGGGAGCTT-1,0.000022,0.000022,0.000022,0.002382,0.645483,0.000022,0.351984,0.000022,0.000022,0.000022
AACTTTAGCTGCTGAG-1,0.000171,0.000171,0.000171,0.000171,0.263337,0.203066,0.154723,0.000171,0.273731,0.104288
AACTTTCTCGATCATG-1,0.290603,0.000051,0.384096,0.000051,0.000102,0.000051,0.238157,0.071111,0.000051,0.015727
AAGAAAGTTTGATGGG-1,0.000062,0.000062,0.000062,0.000062,0.153149,0.000062,0.526898,0.167072,0.015885,0.136686
AAGAAATCACCAGATT-1,0.249045,0.000029,0.036844,0.000029,0.13348,0.000029,0.238373,0.342115,0.000029,0.000029
AAGACATACGTGGTTT-1,0.02214,0.166193,0.041056,0.476476,0.008595,0.0041,0.000036,0.269528,0.011857,0.000018
AAGACCAAATAACTCA-1,0.000624,0.011461,0.024019,0.019332,0.073355,0.042514,0.362137,0.386681,0.055461,0.024416
AAGACCCAACTGAACA-1,0.044676,0.000036,0.056789,0.018884,0.129901,0.081252,0.1475,0.190717,0.036255,0.29399
AAGACTGCAAGCTACT-1,0.016675,0.000049,0.000762,0.032618,0.311804,0.018867,0.447426,0.10327,0.022483,0.046045
AAGAGATGAATCGGTA-1,0.262076,0.000151,0.000151,0.000151,0.135396,0.000151,0.000302,0.000151,0.60132,0.000151
AAGAGCTCTTTATCGG-1,0.09685,0.000048,0.13067,0.000048,0.444298,0.000048,0.323742,0.000048,0.000048,0.004201
AAGAGGATGTACGCGA-1,0.095775,0.031996,0.00008,0.00008,0.247536,0.072755,0.009669,0.013278,0.490091,0.03874
AAGAGGCATGGATCGC-1,0.014825,0.00004,0.119948,0.00004,0.05698,0.005443,0.508806,0.141989,0.006577,0.145351
AAGAGGCCCTTTGGAA-1,0.004574,0.000032,0.228315,0.391403,0.029445,0.090517,0.083165,0.151797,0.013186,0.007566
AAGATGGCACCGGACC-1,0.019655,0.000117,0.000117,0.049082,0.000233,0.388328,0.297419,0.000117,0.244816,0.000117
AAGATTGGCGGAACGT-1,0.000025,0.000025,0.000025,0.009763,0.490715,0.006621,0.218429,0.211278,0.029318,0.033801
AAGCACCCTGCGTATC-1,0.044271,0.000062,0.078564,0.032915,0.088722,0.022535,0.638,0.061457,0.033413,0.000062
AAGCATACTCTCCTGA-1,0.000043,0.031781,0.056165,0.028448,0.156597,0.005674,0.584698,0.132967,0.003586,0.000043
AAGCCACTTGCAGGTA-1,0.066603,0.000072,0.08735,0.000072,0.220013,0.141186,0.015906,0.088853,0.350942,0.029004
AAGCCGAAGCGGTTTA-1,0.057422,0.03743,0.533849,0.034335,0.000134,0.000067,0.236092,0.005105,0.0955,0.000067
AAGCCGCCGTGAAATC-1,0.049232,0.058079,0.000023,0.008864,0.144188,0.005088,0.000045,0.281928,0.274703,0.17785
AAGCCGCTTTACCTTG-1,0.051357,0.000044,0.110402,0.038883,0.229377,0.000044,0.412078,0.156134,0.001636,0.000044
AAGCCGGAGAGCAGGA-1,0.006787,0.756214,0.008243,0.067636,0.000031,0.005912,0.002247,0.114645,0.038271,0.000015
AAGCGCAGGGCTTTGA-1,0.000085,0.043121,0.275534,0.000085,0.090771,0.000085,0.590065,0.000085,0.000085,0.000085
AAGCGGAGTGCGCGCA-1,0.002847,0.000032,0.009334,0.011188,0.000064,0.000032,0.328496,0.594478,0.053497,0.000032
AAGCGGCGTCATGGGT-1,0.000061,0.000061,0.000061,0.000061,0.025902,0.054009,0.822765,0.000061,0.084638,0.012382
AAGCGTCCCTCATCGA-1,0.000141,0.000141,0.058161,0.000141,0.120238,0.270366,0.180361,0.000141,0.363473,0.006839
AAGCTAGATCGAGTAA-1,0.000052,0.001068,0.158611,0.048946,0.114858,0.022741,0.573263,0.023537,0.000052,0.056873
AAGCTATGGATTGACC-1,0.041668,0.041668,0.041669,0.541643,0.083336,0.041673,0.083338,0.041668,0.041668,0.041669
AAGCTCGTGCCAAGTC-1,0.000071,0.000071,0.024608,0.042709,0.027524,0.000071,0.821307,0.074485,0.009085,0.000071
AAGCTCTTTCATGGTG-1,0.164123,0.044899,0.348157,0.000096,0.103249,0.000096,0.246193,0.000096,0.043388,0.049703
AAGGAGCGGTTGGTGC-1,0.158378,0.000092,0.000092,0.000092,0.000183,0.739532,0.000183,0.000092,0.101266,0.000092
AAGGATCGATCGCTTG-1,0.00004,0.00004,0.071674,0.097944,0.000081,0.00004,0.51131,0.261956,0.01853,0.038385
AAGGATGAGGGACCTC-1,0.045393,0.01196,0.108337,0.000043,0.269946,0.0708,0.350412,0.060483,0.000043,0.082583
AAGGCAGGCTGTCTCC-1,0.025805,0.018713,0.342257,0.042931,0.000084,0.030848,0.207407,0.192537,0.132256,0.007161
AAGGCGCGTAAAGCTT-1,0.000078,0.000078,0.000712,0.022599,0.047266,0.188142,0.129989,0.000078,0.440044,0.171013
AAGGCTGTGCTCATCG-1,0.000062,0.000062,0.016193,0.000062,0.137169,0.008707,0.360926,0.220543,0.064662,0.191614
AAGGGAACGACTGGCT-1,0.088646,0.000021,0.005139,0.000021,0.456866,0.012796,0.000043,0.001937,0.017006,0.417524
AAGGGACAGATTCTGT-1,0.00659,0.000646,0.013958,0.024661,0.40901,0.153169,0.050632,0.155395,0.000298,0.185641
AAGGGACTATGCATTC-1,0.039262,0.000071,0.061108,0.014595,0.172001,0.150048,0.039775,0.037122,0.473146,0.012871
AAGGGTTAGCCATGCG-1,0.000144,0.423215,0.000144,0.267793,0.000288,0.155503,0.000288,0.000144,0.152337,0.000144
AAGGGTTTGATTTCAG-1,0.008529,0.025429,0.265612,0.000067,0.215186,0.000067,0.448147,0.036827,0.000067,0.000067
AAGGTATCCTAATATA-1,0.00003,0.00003,0.00003,0.00003,0.020955,0.00003,0.082429,0.812137,0.0835,0.00083
AAGGTGATAAACCAGC-1,0.00003,0.035913,0.052876,0.012361,0.095541,0.009268,0.164747,0.589268,0.022565,0.017431
AAGTAGAAGACCGGGT-1,0.062954,0.000024,0.000024,0.000024,0.344753,0.000024,0.000048,0.016555,0.018858,0.556735
AAGTAGTGACGCGAGG-1,0.113467,0.000135,0.000135,0.000135,0.301411,0.00211,0.030632,0.000135,0.551703,0.000135
AAGTCAATTGTCGTCA-1,0.176646,0.000046,0.382865,0.004615,0.03363,0.271131,0.072914,0.044431,0.013675,0.000046
AAGTCTAGTAGCTGCC-1,0.130815,0.000035,0.180279,0.000035,0.423878,0.000035,0.264816,0.000035,0.000035,0.000035
AAGTCTTCTGTGGCCT-1,0.00083,0.000026,0.060857,0.000026,0.724554,0.006528,0.2071,0.000026,0.000026,0.000026
AAGTGACGACCGAATT-1,0.00008,0.00008,0.036782,0.00008,0.098523,0.164005,0.241246,0.0143,0.422798,0.022104
AAGTGAGTCGGGTTTA-1,0.000052,0.000052,0.000052,0.000052,0.021717,0.000052,0.446109,0.324376,0.117696,0.089844
AAGTGCAAAGGTAGAC-1,0.048724,0.000014,0.000014,0.000014,0.502678,0.006763,0.02614,0.373328,0.028182,0.014143
AAGTGCCTTGACTGTA-1,0.113598,0.000044,0.185835,0.051005,0.193613,0.000044,0.094133,0.361641,0.000044,0.000044
AAGTGCGTTAGAATCT-1,0.043954,0.000071,0.000071,0.000071,0.134933,0.327059,0.076959,0.000071,0.41674,0.000071
AAGTGCTTCTCTATTG-1,0.000109,0.000109,0.029334,0.08188,0.000218,0.000109,0.52518,0.000109,0.362844,0.000109
AAGTGTTTGGAGACGG-1,0.000033,0.000033,0.053144,0.078843,0.159946,0.008585,0.637622,0.000033,0.000033,0.06173
AAGTTCACTCCAAGCT-1,0.187521,0.000042,0.306735,0.000042,0.200155,0.000042,0.27691,0.028468,0.000042,0.000042
AAGTTCAGTCTGCGTA-1,0.000054,0.000054,0.008669,0.005079,0.019611,0.004421,0.550601,0.345936,0.059622,0.005953
AAGTTCGGCCAACAGG-1,0.000072,0.029073,0.079405,0.000072,0.000143,0.040125,0.133317,0.000072,0.706822,0.0109
AAGTTGTGATGTTATA-1,0.072507,0.000018,0.099267,0.141048,0.27371,0.000018,0.000036,0.384407,0.000732,0.028258
AAGTTTACTAATGGCA-1,0.000169,0.039593,0.000169,0.000169,0.187361,0.272236,0.239361,0.000169,0.260604,0.000169
AAGTTTATGGGCCCAA-1,0.081006,0.021117,0.310754,0.00006,0.0784,0.390115,0.11837,0.00006,0.00006,0.00006
AATAACAACGCTCGGC-1,0.101925,0.000089,0.000089,0.000089,0.260122,0.101163,0.00947,0.096959,0.410503,0.019591
AATAACACTAGAACAA-1,0.010813,0.000055,0.004549,0.000055,0.00011,0.094254,0.506292,0.000055,0.366126,0.01769
AATAACGTCGCGCCCA-1,0.000047,0.295937,0.000047,0.048145,0.485921,0.000047,0.006207,0.000047,0.16286,0.000744
AATAAGTCCTCGAGAC-1,0.103696,0.000044,0.000044,0.026053,0.000089,0.073546,0.000089,0.019474,0.730366,0.046599
AATAATCTTCGTATCG-1,0.000031,0.223347,0.237572,0.309552,0.000061,0.100198,0.12913,0.000031,0.000031,0.000047
AATACAATGTTTCAGG-1,0.054565,0.000046,0.014252,0.000046,0.112592,0.293093,0.274101,0.008008,0.229359,0.013937
AATACCGGAGGGCTGT-1,0.000069,0.000069,0.000069,0.007139,0.000138,0.000069,0.510367,0.001854,0.469201,0.011026
AATACCTGATGTGAAC-1,0.227112,0.000048,0.174524,0.063854,0.250865,0.000048,0.248372,0.012483,0.008708,0.013986
AATAGAACAGAGTGGC-1,0.142531,0.000057,0.045205,0.000057,0.311084,0.055906,0.241768,0.129281,0.060716,0.013395
AATAGAATCTGTTTCA-1,0.000263,0.00721,0.249491,0.000036,0.407801,0.263461,0.071632,0.000036,0.000036,0.000036
AATAGCAAGCCTCCTG-1,0.153205,0.000045,0.000045,0.000045,0.27208,0.000045,0.0147,0.178008,0.306031,0.075796
AATAGCTACCGCGTGC-1,0.000037,0.000037,0.189451,0.000037,0.509182,0.000037,0.193339,0.035372,0.000037,0.072469
AATAGGCACGACCCTT-1,0.041668,0.041668,0.041667,0.041667,0.083336,0.041668,0.083336,0.041667,0.541653,0.041669
AATAGTCCGTCCCGAC-1,0.239831,0.00006,0.148663,0.00006,0.028809,0.00006,0.452688,0.12971,0.00006,0.00006
AATAGTCGCGAGTCGG-1,0.00106,0.000025,0.000025,0.000025,0.458955,0.000025,0.534114,0.001073,0.004675,0.000025
AATATCCTAGCAAACT-1,0.001089,0.00001,0.00001,0.00001,0.756641,0.00001,0.002802,0.239406,0.00001,0.00001
AATATCGAATCAATGC-1,0.055374,0.001742,0.338313,0.179934,0.000067,0.000034,0.014146,0.4033,0.007055,0.000034
AATATCGAGGGTTCTC-1,0.000089,0.000089,0.213407,0.000089,0.094247,0.036538,0.536091,0.000089,0.029629,0.089733
AATATTGGAGTATTGA-1,0.000053,0.000053,0.000053,0.02037,0.000106,0.000053,0.008804,0.261815,0.70864,0.000053
AATCAGGTTTCATTTA-1,0.095559,0.000049,0.000049,0.000049,0.027793,0.000049,0.000098,0.113232,0.747474,0.015648
AATCATGTAAAGACTC-1,0.233276,0.025712,0.269779,0.012365,0.016554,0.101856,0.028722,0.307941,0.003755,0.000039
AATCCAAGGGCCTGAG-1,0.064685,0.000076,0.000076,0.007643,0.000152,0.144544,0.089387,0.000076,0.693284,0.000076
AATCCCGCTCAGAGCC-1,0.004167,0.004167,0.004167,0.004167,0.008334,0.954164,0.008334,0.004167,0.004167,0.004167
AATCGAGGTCTCAAGG-1,0.003788,0.003788,0.003788,0.385477,0.580431,0.003788,0.007576,0.003788,0.003788,0.003788
AATCGCCTCAGCGCCA-1,0.002287,0.00004,0.101532,0.022394,0.35762,0.001304,0.449162,0.064991,0.00004,0.00063
AATCGCGCAGAGGACT-1,0.014952,0.000029,0.041846,0.117843,0.000059,0.012433,0.090851,0.644248,0.07771,0.000029
AATCGGGACACTACGA-1,0.000141,0.000141,0.001532,0.000141,0.097366,0.118053,0.364152,0.072448,0.345886,0.000141
AATCGGTATAGCCCTC-1,0.096543,0.031326,0.041272,0.485754,0.262218,0.032738,0.050058,0.00003,0.00003,0.00003
AATCGTGAGCCGAGCA-1,0.00029,0.000048,0.034792,0.017545,0.224714,0.08628,0.47384,0.158931,0.000048,0.003512
AATCTAGGTTTACTTG-1,0.000019,0.000019,0.000019,0.000019,0.835455,0.000019,0.000087,0.138026,0.00121,0.025128
AATCTATGCCGGAGCC-1,0.06589,0.025264,0.080813,0.036892,0.009198,0.000039,0.13807,0.567335,0.076459,0.000039
AATCTCTACTGTGGTT-1,0.072792,0.000014,0.000014,0.000014,0.804601,0.000014,0.000311,0.048552,0.07344,0.000248
AATCTGCGTTGGGACG-1,0.094985,0.000051,0.131506,0.000051,0.137108,0.106993,0.310459,0.138345,0.050409,0.030092
AATCTGGCTTTCTAGT-1,0.053979,0.000028,0.000028,0.000028,0.715849,0.049637,0.002512,0.07148,0.009304,0.097156
AATCTGGGTAGACCCT-1,0.000054,0.000054,0.000054,0.025771,0.000109,0.014517,0.668697,0.000054,0.272368,0.018322
AATGACAGCAATGTCT-1,0.206483,0.000828,0.000069,0.000069,0.000138,0.792068,0.000138,0.000069,0.000069,0.000069
AATGACGTAGGATGTC-1,0.000044,0.000044,0.011993,0.03142,0.033356,0.000044,0.714974,0.187564,0.014433,0.006129
AATGACTGTCAGCCGG-1,0.000081,0.000081,0.000081,0.000081,0.102831,0.149309,0.650256,0.000081,0.097117,0.000081
AATGAGTTCGCATATG-1,0.000078,0.016253,0.000078,0.000078,0.000156,0.123783,0.35414,0.000078,0.284185,0.221171
AATGATGATACGCTAT-1,0.048358,0.000048,0.079879,0.000048,0.415341,0.055514,0.382009,0.018707,0.000048,0.000048
AATGATGCGACTCCTG-1,0.000054,0.000054,0.29226,0.004305,0.161989,0.000054,0.541122,0.000054,0.000054,0.000054
AATGCAACCGGGTACC-1,0.254789,0.000078,0.018463,0.000078,0.000157,0.000078,0.72612,0.000078,0.000078,0.000078
AATGCACCAAGCAATG-1,0.193316,0.000033,0.01421,0.000033,0.410539,0.002261,0.369752,0.003569,0.001342,0.004944
AATGGCCGCCAATGCG-1,0.281465,0.000084,0.000084,0.000084,0.063682,0.264155,0.030867,0.20241,0.157085,0.000084
AATGGTCCACCGTTCA-1,0.000021,0.000021,0.000021,0.000021,0.769534,0.228795,0.001527,0.000021,0.000021,0.000021
AATGTATGGCACTGTA-1,0.000026,0.000026,0.070527,0.016412,0.407883,0.000026,0.138342,0.321375,0.002502,0.04288
AATGTGCCCGAGGTGT-1,0.176015,0.044153,0.000111,0.000111,0.028764,0.407423,0.000223,0.000111,0.342976,0.000111
AATGTGCTAATCTGAG-1,0.160809,0.019191,0.000059,0.000059,0.326286,0.062961,0.000117,0.026424,0.387021,0.017074
AATGTTAAGACCCTGA-1,0.00009,0.00009,0.00009,0.057837,0.328974,0.00009,0.576236,0.011995,0.024509,0.00009
AATGTTGTCGTGAGAC-1,0.309687,0.042118,0.052496,0.101498,0.4341,0.059146,0.000026,0.000013,0.000013,0.000903
AATTAAAGGTCGGCGT-1,0.000055,0.000055,0.042503,0.000055,0.178694,0.144159,0.561459,0.054649,0.001165,0.017208
AATTAACGGATTTCCA-1,0.000079,0.000079,0.000079,0.039557,0.163699,0.139511,0.656762,0.000079,0.000079,0.000079
AATTACGAGACCCATC-1,0.000057,0.000057,0.046554,0.046702,0.08281,0.037555,0.326526,0.414597,0.032746,0.012396
AATTACTCGTACGCTC-1,0.000028,0.000028,0.000028,0.011077,0.529127,0.000028,0.219547,0.161511,0.077496,0.00113
AATTAGCGCTGCAGCG-1,0.00006,0.00006,0.036556,0.00006,0.033299,0.036858,0.691407,0.201582,0.00006,0.00006
AATTATACCCAGCAAG-1,0.000068,0.026817,0.000068,0.000068,0.429695,0.000068,0.323703,0.035119,0.092431,0.091964
AATTCATAAGGGATCT-1,0.000056,0.000056,0.044113,0.000056,0.073444,0.000056,0.697629,0.172717,0.000056,0.011816
AATTCATTGTCATGCA-1,0.105933,0.000064,0.222404,0.015692,0.109296,0.000064,0.482688,0.063732,0.000064,0.000064
AATTCCAAGCATGTAC-1,0.252409,0.000101,0.01854,0.000101,0.000203,0.000101,0.72824,0.000101,0.000101,0.000101
AATTCGATTCGAGGAT-1,0.115414,0.037642,0.030642,0.000033,0.291982,0.000033,0.186299,0.309173,0.028749,0.000033
AATTCTAGAGTTAGGC-1,0.000073,0.000073,0.000073,0.000073,0.02006,0.050272,0.480075,0.236897,0.158033,0.054372
AATTGAACGCTCTGGT-1,0.000048,0.000048,0.262625,0.025606,0.087499,0.052359,0.570366,0.000048,0.001353,0.000048
AATTGCAGCAATCGAC-1,0.054896,0.000029,0.183664,0.27882,0.11924,0.000029,0.234576,0.000029,0.000029,0.128685
AATTGCGTGGATTACA-1,0.02006,0.000045,0.050817,0.008955,0.267918,0.000045,0.496207,0.137398,0.000045,0.018508
AATTGTGGTTGCCAAA-1,0.004301,0.240734,0.219113,0.4906,0.000039,0.00002,0.011633,0.003058,0.030483,0.00002
AATTTGGGACATAGTA-1,0.144733,0.000125,0.000125,0.000125,0.022267,0.09544,0.491882,0.080884,0.164294,0.000125
AATTTGGTTCCAAAGA-1,0.00007,0.00007,0.00007,0.00007,0.00014,0.00007,0.621125,0.050044,0.179334,0.149007
ACAAACCATGCGTCCT-1,0.186044,0.011706,0.067149,0.002148,0.429862,0.032301,0.165742,0.040071,0.000048,0.06493
ACAAACTCCATCAGAG-1,0.006411,0.006411,0.006411,0.359126,0.583179,0.006411,0.012821,0.006411,0.00641,0.006411
ACAAAGAAGGTAGGCC-1,0.000029,0.000029,0.007663,0.002802,0.201344,0.033096,0.713631,0.01752,0.017506,0.006381
ACAAAGCATGACCTAG-1,0.029951,0.015247,0.230343,0.148245,0.141987,0.043693,0.369857,0.020331,0.000026,0.00032
ACAAATCGCACCGAAT-1,0.002634,0.048568,0.126493,0.0025,0.219052,0.00003,0.397653,0.182263,0.013854,0.006954
ACAAATGGTAGTGTTT-1,0.011467,0.000127,0.142353,0.019359,0.257839,0.068116,0.024813,0.433732,0.020892,0.021303
ACAAATTCAGATCTGA-1,0.000045,0.000045,0.001133,0.000045,0.119644,0.000045,0.802805,0.022338,0.053855,0.000045
ACAACAGCATGAGCTA-1,0.007351,0.000053,0.121429,0.000053,0.139972,0.000053,0.714206,0.000053,0.016777,0.000053
ACAAGCTATATGGAAG-1,0.007623,0.000022,0.022944,0.02856,0.63843,0.024658,0.27205,0.005671,0.000022,0.000022
ACAAGGAAATCCGCCC-1,0.000027,0.002431,0.01645,0.010904,0.125973,0.000359,0.208769,0.507496,0.008736,0.118855
ACAAGGACAAGAGGTT-1,0.006953,0.000054,0.001644,0.054076,0.000108,0.013154,0.098938,0.116723,0.708295,0.000054
ACAAGGATGCTTTAGG-1,0.000021,0.000021,0.097395,0.035926,0.684397,0.000021,0.166431,0.000021,0.000021,0.015744
ACAAGGCCTACCAGCC-1,0.00005,0.00005,0.00005,0.00005,0.000099,0.057045,0.153798,0.498981,0.28983,0.00005
ACAAGGGCAGGCTCTG-1,0.106826,0.039461,0.295172,0.00004,0.065759,0.186326,0.232491,0.070219,0.003666,0.00004
ACAAGTAATTGTAAGG-1,0.041667,0.041667,0.041667,0.041668,0.58332,0.041667,0.083335,0.04167,0.041669,0.041669
ACAATAGTCGTACGTT-1,0.00009,0.00009,0.00009,0.00009,0.003391,0.054728,0.611186,0.00009,0.182591,0.147653
ACAATCCATTTAAACC-1,0.100135,0.029971,0.000094,0.050726,0.000188,0.042285,0.202184,0.000094,0.574231,0.000094
ACAATGAATACGGAGA-1,0.048714,0.000092,0.000092,0.000092,0.269702,0.397979,0.000184,0.065306,0.217747,0.000092
ACAATGATTCTTCTAC-1,0.12097,0.000045,0.038836,0.000045,0.000624,0.038275,0.455878,0.328765,0.016516,0.000045
ACAATTGTGTCTCTTT-1,0.19025,0.016071,0.373339,0.000048,0.104861,0.035953,0.042302,0.237079,0.000048,0.000048
ACAATTTAGGAGGCTC-1,0.000997,0.00002,0.019292,0.00002,0.779609,0.00002,0.03931,0.056925,0.00002,0.103786
ACAATTTGAGCAGTGG-1,0.000059,0.000059,0.109553,0.000059,0.233041,0.000059,0.619947,0.000059,0.037105,0.000059
ACAATTTGGCCATATT-1,0.05747,0.033243,0.270194,0.097405,0.204652,0.019064,0.235759,0.060613,0.008431,0.013169
ACACAAAGACGGGTGG-1,0.000076,0.000076,0.027791,0.000076,0.000152,0.07816,0.893443,0.000076,0.000076,0.000076
ACACAAATATTCCTAG-1,0.004886,0.000035,0.008813,0.015372,0.000767,0.000035,0.229035,0.63603,0.101867,0.003159
ACACACCAGGACCAGT-1,0.00003,0.00003,0.00003,0.059966,0.026905,0.00003,0.048024,0.773149,0.014905,0.076929
ACACACTTTCTACACG-1,0.000068,0.000068,0.000068,0.000068,0.1884,0.129538,0.210141,0.277351,0.121514,0.072783
ACACATGATCAAATCT-1,0.129373,0.000039,0.14517,0.000039,0.438543,0.001192,0.281559,0.001117,0.002912,0.000055
ACACATTGACGCAACA-1,0.00003,0.00003,0.00003,0.00003,0.034104,0.000916,0.51645,0.076858,0.202618,0.168936
ACACATTTCCGTAGAC-1,0.115943,0.000062,0.063462,0.076444,0.171217,0.000062,0.247701,0.272848,0.050546,0.001716
ACACCACATAATTAGC-1,0.147424,0.000038,0.321714,0.000038,0.138998,0.096224,0.17994,0.11555,0.000038,0.000038
ACACCCAGCATGCAGC-1,0.000068,0.000068,0.000068,0.000068,0.227094,0.000068,0.500094,0.114992,0.126364,0.031115
ACACCCGAGAAATCCG-1,0.048774,0.014804,0.000262,0.000262,0.117652,0.000262,0.000524,0.000262,0.289817,0.527381
ACACCGAGCGCTCTTT-1,0.000024,0.000024,0.000024,0.000024,0.228217,0.759686,0.000047,0.011317,0.000615,0.000024
ACACCGGTCTGACCGC-1,0.13061,0.000031,0.123429,0.000031,0.492314,0.000031,0.251773,0.001717,0.000031,0.000031
ACACCTTAAGTAGGGC-1,0.000129,0.000129,0.000129,0.000129,0.165127,0.154475,0.409223,0.000129,0.191087,0.079443
ACACCTTACTACTTGC-1,0.000059,0.000059,0.406031,0.034887,0.015752,0.000059,0.51446,0.028575,0.000059,0.000059
ACACGAGACTCCTTCT-1,0.118312,0.000052,0.031488,0.000052,0.016275,0.058418,0.670033,0.105268,0.000052,0.000052
ACACGGCACTATGCAT-1,0.000059,0.000059,0.000059,0.000059,0.000118,0.142128,0.528202,0.000059,0.308065,0.021192
ACACGGGAACTTAGGG-1,0.000066,0.000066,0.000066,0.000066,0.007267,0.000066,0.727681,0.051805,0.11453,0.098388
ACACGTAGGCCACAAG-1,0.163329,0.164474,0.167694,0.023399,0.481018,0.000013,0.000026,0.000013,0.000013,0.000021
ACACTCCAATGTCACT-1,0.000059,0.000059,0.000059,0.000059,0.175315,0.009822,0.29945,0.038126,0.264058,0.212993
ACACTGATCAAGGTGT-1,0.075949,0.000062,0.015376,0.000062,0.415882,0.047588,0.133955,0.201851,0.076212,0.033062
ACACTGGGACAGTCGT-1,0.030844,0.036191,0.160908,0.509804,0.138434,0.00003,0.087873,0.030762,0.002941,0.002214
ACAGAACTGAGAACAA-1,0.027657,0.017188,0.017526,0.009377,0.128152,0.056011,0.027195,0.040027,0.672615,0.004251
ACAGATTAGGTTAGTG-1,0.000188,0.000188,0.000188,0.010814,0.11562,0.149095,0.13331,0.000188,0.195203,0.395208
ACAGCATAGAGCCAGT-1,0.000071,0.000071,0.000071,0.000071,0.000142,0.000071,0.000142,0.045459,0.953833,0.000071
ACAGCGACATTCTCAT-1,0.185356,0.000022,0.025657,0.049493,0.601603,0.000022,0.008941,0.099211,0.029673,0.000022
ACAGCGCACCCGCAGC-1,0.000035,0.000035,0.000035,0.000035,0.176474,0.001557,0.548825,0.097135,0.134919,0.04095
ACAGGAGGCGCAGCCG-1,0.126847,0.000129,0.000129,0.000129,0.399941,0.207377,0.077938,0.000129,0.187252,0.000129
ACAGGCACGGATCCTT-1,0.108142,0.000031,0.261301,0.051692,0.167725,0.000031,0.410988,0.000031,0.000031,0.000031
ACAGGCTTGCCCGACT-1,0.000043,0.000043,0.314366,0.060139,0.295307,0.000043,0.329832,0.00014,0.000043,0.000043
ACAGGTGGAGGTGAGG-1,0.000106,0.000106,0.0506,0.000106,0.000212,0.020448,0.812731,0.000106,0.107911,0.007674
ACAGGTGTGTTGTTGC-1,0.000041,0.000041,0.037899,0.000041,0.398821,0.020581,0.542451,0.000041,0.000041,0.000041
ACAGTAATACAACTTG-1,0.031764,0.000044,0.105496,0.000044,0.227944,0.025464,0.609112,0.000044,0.000044,0.000044
ACAGTATACCGTGGGA-1,0.00006,0.00006,0.190849,0.012421,0.089425,0.193822,0.489226,0.00006,0.024018,0.00006
ACAGTGCAGCGCATTT-1,0.18954,0.000044,0.153824,0.000044,0.000089,0.085527,0.149845,0.000044,0.296543,0.1245
ACATAAGTCGTGGTGA-1,0.000048,0.000048,0.001681,0.024166,0.43138,0.000048,0.364224,0.077487,0.100869,0.000048
ACATAATAAGGCGGTG-1,0.000069,0.000069,0.000069,0.000069,0.010386,0.291482,0.623642,0.000069,0.067194,0.006949
ACATACAATCAAGCGG-1,0.923607,0.006945,0.006945,0.006945,0.01389,0.006945,0.01389,0.006945,0.006945,0.006945
ACATCAGCTGGGACGC-1,0.001439,0.000021,0.000021,0.000021,0.727924,0.000021,0.14383,0.000021,0.000021,0.126683
ACATCCCGGCCATACG-1,0.127598,0.000094,0.005811,0.000094,0.04984,0.128718,0.687564,0.000094,0.000094,0.000094
ACATCCTGGTAACTGT-1,0.000046,0.000046,0.205272,0.138361,0.146918,0.000046,0.35977,0.145975,0.000046,0.003519
ACATCGATCGTTTACC-1,0.00008,0.00008,0.00008,0.00008,0.248042,0.012266,0.519865,0.049418,0.005031,0.165057
ACATCGCAATATTCGG-1,0.006945,0.006945,0.006945,0.006945,0.01389,0.006945,0.013889,0.006945,0.006945,0.923608
ACATCGGTCAGCCGCG-1,0.003513,0.005493,0.000036,0.005295,0.296689,0.000036,0.004415,0.017583,0.151523,0.515417
ACATCGTATGCAATGG-1,0.000028,0.000028,0.068431,0.000366,0.491211,0.009289,0.292281,0.123843,0.000427,0.014097
ACATCGTTAACCTAGT-1,0.000036,0.000036,0.000036,0.000036,0.000072,0.000036,0.311323,0.592522,0.092609,0.003295
ACATCTCAACGCGTAA-1,0.00008,0.00008,0.00008,0.00008,0.199742,0.274696,0.181601,0.032327,0.311233,0.00008
ACATGCTTACGGCAGC-1,0.000035,0.000035,0.000035,0.000035,0.531256,0.000035,0.034419,0.276814,0.122633,0.034702
ACATGGCGCCAAAGTA-1,0.062773,0.000044,0.351871,0.000044,0.000089,0.069538,0.507487,0.000044,0.008066,0.000044
ACATGGCTCAATTTAG-1,0.000044,0.154071,0.000044,0.000044,0.00697,0.064134,0.00013,0.11199,0.662528,0.000044
ACATTAGTTTATATCC-1,0.022526,0.000061,0.116292,0.000061,0.027934,0.000061,0.250888,0.489194,0.092922,0.000061
ACATTCGCGCGGAATA-1,0.224998,0.01431,0.000053,0.000053,0.131048,0.327081,0.000105,0.081537,0.189442,0.031373
ACATTTGAAACCTAAC-1,0.170093,0.179755,0.047124,0.054631,0.097603,0.114047,0.271464,0.065205,0.000039,0.000039
ACCAAACACCCAGCGA-1,0.078078,0.020622,0.085038,0.000046,0.042685,0.155926,0.527249,0.058138,0.032171,0.000046
ACCAACACCACACACT-1,0.016177,0.032404,0.248979,0.004485,0.04013,0.002581,0.532932,0.0738,0.000046,0.048465
ACCAACCGCACTCCAC-1,0.420216,0.000016,0.013904,0.000016,0.375264,0.000016,0.012282,0.159059,0.018494,0.000732
ACCAACGCTTATTTAT-1,0.025486,0.000057,0.020213,0.000057,0.005944,0.000057,0.293647,0.600481,0.048491,0.005568
ACCAAGAACGCGTGTC-1,0.000106,0.026225,0.032332,0.000106,0.000212,0.152014,0.538388,0.000106,0.250404,0.000106
ACCAAGTCATCGGCAG-1,0.109084,0.31519,0.420444,0.003764,0.121195,0.000036,0.030177,0.000036,0.000036,0.000036
ACCAATATGCAAGTTA-1,0.009156,0.034545,0.069092,0.059281,0.379287,0.000032,0.321848,0.028694,0.000035,0.09803
ACCACAACTCAGAACA-1,0.000034,0.000034,0.000034,0.000034,0.000068,0.109439,0.080424,0.403017,0.370099,0.036815
ACCACAAGTTTCTATC-1,0.000078,0.02574,0.000078,0.000078,0.142269,0.05705,0.46226,0.167591,0.14478,0.000078
ACCACACGGTTGATGG-1,0.000045,0.000045,0.000045,0.01371,0.529893,0.000045,0.252648,0.1613,0.019116,0.023153
ACCACCAATGTAACAA-1,0.012942,0.001276,0.160505,0.000022,0.663128,0.000022,0.092496,0.000022,0.000022,0.069565
ACCACCCTCTCTTCTA-1,0.483883,0.000047,0.384449,0.000047,0.03453,0.011211,0.085691,0.000047,0.000047,0.000047
ACCACGTGCAGCTATA-1,0.000041,0.008652,0.254939,0.003522,0.274131,0.027079,0.292918,0.050737,0.000041,0.08794
ACCACTGTTCAAGAAG-1,0.068249,0.000011,0.000011,0.000011,0.929367,0.000011,0.002309,0.000011,0.000011,0.000011
ACCAGACCATAACAAC-1,0.000018,0.000018,0.007324,0.011192,0.563609,0.000018,0.394392,0.000018,0.000018,0.023394
ACCAGCCCGGTCTTTG-1,0.000101,0.000101,0.000101,0.000101,0.095657,0.729175,0.002943,0.022547,0.129284,0.01999
ACCAGGAGTGTGATCT-1,0.052261,0.000256,0.000256,0.000256,0.20928,0.148091,0.255842,0.000256,0.333248,0.000256
ACCAGTGCCCGGTCAA-1,0.000061,0.000061,0.000061,0.000061,0.000122,0.082818,0.737756,0.016875,0.128864,0.033321
ACCAGTGCGGGAGACG-1,0.000076,0.000076,0.27108,0.082412,0.005559,0.000076,0.640491,0.000076,0.000076,0.000076
ACCATATCCGCAATAA-1,0.000063,0.000063,0.016121,0.000063,0.160864,0.023969,0.793952,0.000063,0.004779,0.000063
ACCATCCGCCAACTAG-1,0.030137,0.00003,0.004807,0.004435,0.706244,0.009253,0.15203,0.067852,0.010004,0.015207
ACCATCGTATATGGTA-1,0.000101,0.000101,0.007002,0.000101,0.002453,0.035456,0.745132,0.000101,0.11017,0.099384
