Barcode,Topic 1,Topic 2,Topic 3,Topic 4to5,Topic 6,Topic 7,Topic 8,Topic 9
AAACAAGTATCTCCCA-1,0.000033,0.442643,0.000033,0.429508,0.000033,0.037515,0.000033,0.090201
AAACACCAATAACTGC-1,0.000019,0.000019,0.014366,0.525824,0.142484,0.289368,0.000019,0.0279
AAACAGAGCGACTCCT-1,0.000022,0.000023,0.000023,0.000045,0.232763,0.399929,0.344486,0.022709
AAACAGCTTTCAGAAG-1,0.000052,0.000052,0.000052,0.113066,0.389361,0.000052,0.380835,0.116532
AAACAGGGTCTATATT-1,0.000023,0.000023,0.000023,0.036115,0.057463,0.018276,0.161734,0.726342
AAACAGTGTTCCTGGG-1,0.000025,0.773174,0.114878,0.111506,0.000025,0.000344,0.000025,0.000025
AAACATGGTGAGAGGA-1,0.00002,0.001507,0.00002,0.71363,0.004573,0.056792,0.000997,0.222462
AAACATTTCCCGGATT-1,0.000054,0.914337,0.04177,0.004409,0.039267,0.000054,0.000054,0.000054
AAACCACTACACAGAT-1,0.000043,0.000043,0.004514,0.170899,0.687501,0.131327,0.00563,0.000043
AAACCCGAACGAAATC-1,0.00003,0.121353,0.023283,0.647305,0.00003,0.099502,0.00003,0.108467
AAACCGGAAATGTTAA-1,0.000064,0.430479,0.183761,0.228002,0.000064,0.005369,0.001072,0.151187
AAACCGGGTAGGTACC-1,0.000027,0.000027,0.045328,0.005086,0.464219,0.319173,0.019809,0.14633
AAACCGTTCGTCCAGG-1,0.000056,0.000056,0.000056,0.880718,0.024035,0.020031,0.000056,0.074993
AAACCTAAGCAGCCGG-1,0.000035,0.678219,0.186058,0.000378,0.135204,0.000035,0.000035,0.000035
AAACCTCATGAAGTTG-1,0.000032,0.000032,0.015705,0.0213,0.00031,0.063783,0.671226,0.227612
AAACGAAGAACATACC-1,0.000071,0.015245,0.020172,0.037711,0.494701,0.094318,0.332143,0.005638
AAACGAAGATGGAGTA-1,0.000023,0.000042,0.000023,0.348282,0.000023,0.185207,0.004619,0.46178
AAACGACAGTCTTGCC-1,0.000058,0.086262,0.003318,0.185264,0.059546,0.471079,0.194118,0.000354
AAACGAGACGGTTGAT-1,0.000053,0.000053,0.119209,0.1503,0.355991,0.003512,0.178727,0.192154
AAACGCCCGAGATCGG-1,0.000068,0.000068,0.027384,0.00705,0.663404,0.121929,0.171881,0.008216
AAACGGGCGTACGGGT-1,0.000036,0.688707,0.187076,0.036672,0.0874,0.000036,0.000036,0.000036
AAACGGTTGCGAACTG-1,0.000032,0.771738,0.052922,0.175179,0.000032,0.000032,0.000032,0.000032
AAACGTGTTCGCCCTA-1,0.00002,0.00002,0.00002,0.021373,0.00002,0.419625,0.424761,0.134161
AAACTAACGTGGCGAC-1,0.000023,0.000023,0.000023,0.000046,0.000023,0.288031,0.656703,0.055129
AAACTCGGTTCGCAAT-1,0.000099,0.724545,0.000099,0.246311,0.000099,0.028649,0.000099,0.000099
AAACTCGTGATATAAG-1,0.000063,0.000063,0.000063,0.39771,0.195044,0.001112,0.172203,0.233741
AAACTGCTGGCTCCAA-1,0.000039,0.000047,0.061215,0.338178,0.592392,0.000039,0.004043,0.004048
AAACTTAATTGCACGC-1,0.000025,0.003201,0.00928,0.386329,0.015524,0.384324,0.051515,0.149802
AAACTTGCAAACGTAT-1,0.000064,0.000064,0.000064,0.287593,0.546487,0.000064,0.054263,0.111402
AAAGAATGACCTTAGA-1,0.000019,0.001387,0.035739,0.475759,0.124658,0.203231,0.023189,0.136018
AAAGAATGTGGACTAA-1,0.000032,0.714242,0.199065,0.000428,0.086138,0.000032,0.000032,0.000032
AAAGACCCAAGTCGCG-1,0.000108,0.000108,0.040133,0.000216,0.709262,0.095578,0.154488,0.000108
AAAGACTGGGCGCTTT-1,0.000041,0.000041,0.000041,0.000082,0.172358,0.182751,0.637093,0.007594
AAAGCTTGCCTACATA-1,0.000024,0.000024,0.028215,0.146874,0.228242,0.417669,0.017257,0.161694
AAAGGCCCTATAATAC-1,0.000036,0.019294,0.109812,0.326806,0.382354,0.142524,0.015743,0.003431
AAAGGCTACGGACCAT-1,0.000062,0.19551,0.084867,0.46009,0.259283,0.000063,0.000063,0.000063
AAAGGCTCTCGCGCCG-1,0.000054,0.005259,0.017857,0.728431,0.240359,0.000054,0.005598,0.002387
AAAGGGATGTAGCAAG-1,0.000043,0.000043,0.000043,0.000086,0.053841,0.056477,0.546992,0.342476
AAAGGGCAGCTTGAAT-1,0.000058,0.000058,0.000058,0.026105,0.371413,0.000058,0.600191,0.002058
AAAGGTAAGCTGTACC-1,0.000081,0.000081,0.000081,0.13757,0.490481,0.000081,0.307583,0.064039
AAAGTAGCATTGCTCA-1,0.000036,0.000036,0.000036,0.235847,0.288342,0.181474,0.032416,0.261814
AAAGTCACTGATGTAA-1,0.000093,0.000093,0.000093,0.095926,0.481048,0.000093,0.419646,0.00301
AAAGTCGACCCTCAGT-1,0.000035,0.000035,0.000035,0.00292,0.236702,0.009697,0.661589,0.088988
AAAGTGCCATCAATTA-1,0.000026,0.826654,0.011347,0.117561,0.000026,0.024931,0.000026,0.019431
AAAGTGTGATTTATCT-1,0.000069,0.02167,0.059162,0.325434,0.593457,0.000069,0.000069,0.000069
AAAGTTGACTCCCGTA-1,0.000035,0.005197,0.02048,0.299145,0.450535,0.167634,0.004961,0.052012
AAATAACCATACGGGA-1,0.000077,0.000077,0.000077,0.033307,0.52529,0.000077,0.441014,0.000081
AAATAAGGTAGTGCCC-1,0.000029,0.000029,0.02629,0.180762,0.496141,0.293251,0.00221,0.001289
AAATACCTATAAGCAT-1,0.000046,0.005013,0.050414,0.424466,0.361371,0.000449,0.001153,0.157088
AAATAGCTTAGACTTT-1,0.000032,0.000032,0.000032,0.246028,0.286798,0.310439,0.061511,0.09513
AAATAGGGTGCTATTG-1,0.000082,0.13665,0.011383,0.397047,0.454591,0.000082,0.000082,0.000082
AAATCACTCCTAAACG-1,0.000138,0.000138,0.078199,0.592198,0.315495,0.000138,0.000138,0.013557
AAATCCGATACACGCC-1,0.00003,0.736042,0.166422,0.082656,0.00003,0.014759,0.00003,0.00003
AAATCGCGGAAGGAGT-1,0.000042,0.012528,0.000042,0.503529,0.252835,0.000042,0.040274,0.190706
AAATCGTGTACCACAA-1,0.000081,0.000081,0.000081,0.490055,0.398923,0.000081,0.000081,0.110615
AAATCTAGCCCTGCTA-1,0.000034,0.296736,0.468033,0.182207,0.000034,0.05289,0.000034,0.000034
AAATCTGCCCGCGTCC-1,0.000043,0.314947,0.069689,0.144942,0.470249,0.000043,0.000043,0.000043
AAATGACTGATCAAAC-1,0.000063,0.529126,0.000063,0.288567,0.000063,0.134731,0.006531,0.040858
AAATGATTCGATCAGC-1,0.000027,0.000027,0.028268,0.010801,0.378964,0.175385,0.22053,0.185999
AAATGCTCGTTACGTT-1,0.000119,0.000119,0.005848,0.000239,0.908548,0.000119,0.084888,0.000119
AAATGGCATGTCTTGT-1,0.000064,0.000064,0.000064,0.147163,0.158923,0.000064,0.609791,0.083867
AAATGGCCCGTGCCCT-1,0.000045,0.000045,0.001382,0.282829,0.424124,0.249298,0.009895,0.032383
AAATGGTCAATGTGCC-1,0.000034,0.000034,0.026913,0.001823,0.026417,0.136297,0.405755,0.402727
AAATGTATCTTATCCC-1,0.00004,0.00004,0.016473,0.03151,0.248374,0.167798,0.528102,0.007663
AAATTAACGGGTAGCT-1,0.000058,0.000058,0.042453,0.018955,0.494585,0.000058,0.364058,0.079774
AAATTAATAAGCGCGA-1,0.000032,0.000032,0.000032,0.033539,0.598809,0.000555,0.36697,0.000032
AAATTACACGACTCTG-1,0.000046,0.000046,0.011533,0.000093,0.652481,0.013578,0.322176,0.000046
AAATTACCTATCGATG-1,0.000033,0.000033,0.000033,0.091323,0.009043,0.183702,0.095967,0.619867
AAATTCCAGGTCCAAA-1,0.00003,0.017921,0.087887,0.406464,0.002419,0.215248,0.036455,0.233575
AAATTGATAGTCCTTT-1,0.000054,0.024489,0.003688,0.549493,0.414596,0.007504,0.000054,0.000121
AAATTGGTGAGAAGCA-1,0.00004,0.00004,0.025968,0.119568,0.647407,0.116423,0.070377,0.020179
AAATTTACCGAAATCC-1,0.000063,0.000063,0.000063,0.131343,0.221389,0.017635,0.621083,0.00836
AAATTTGCGGGTGTGG-1,0.000033,0.000033,0.000033,0.133756,0.317647,0.147744,0.197889,0.202865
AACAACTGGTAGTTGC-1,0.000069,0.000069,0.000069,0.006682,0.661823,0.000069,0.327506,0.003714
AACAATACATTGTCGA-1,0.000033,0.061493,0.055797,0.699181,0.043647,0.026155,0.063545,0.050149
AACAATTACTCTACGC-1,0.00006,0.00006,0.020566,0.00012,0.67002,0.006527,0.302587,0.00006
AACACACGCTCGCCGC-1,0.000051,0.193429,0.367374,0.271802,0.164616,0.002625,0.000051,0.000051
AACACGACTGTACTGA-1,0.000048,0.000048,0.000048,0.045575,0.115079,0.053032,0.786121,0.000048
AACACGAGACGCGGCC-1,0.000049,0.000049,0.000049,0.197157,0.409229,0.000049,0.149554,0.243866
AACAGCTGTGTGGCAA-1,0.000035,0.055959,0.000035,0.756917,0.135085,0.000035,0.026727,0.025205
AACAGGAAATCGAATA-1,0.000037,0.000037,0.000037,0.000074,0.01191,0.027124,0.881399,0.07938
AACAGGATGGGCCGCG-1,0.000073,0.002793,0.024734,0.166266,0.391791,0.000073,0.389904,0.024366
AACAGGTAGTATGGAT-1,0.000048,0.370845,0.332935,0.20063,0.095399,0.000048,0.000048,0.000048
AACATAGCGTGTATCG-1,0.000023,0.596106,0.373413,0.000046,0.025268,0.000023,0.005096,0.000023
AACATATCAACTGGTG-1,0.000033,0.000033,0.06221,0.012679,0.462953,0.008103,0.265772,0.188217
AACATCGATACGTCTA-1,0.000038,0.000038,0.000038,0.081936,0.505806,0.109123,0.13356,0.16946
AACATTGAAGTTGATC-1,0.000063,0.265092,0.000063,0.621498,0.108419,0.000063,0.000063,0.004739
AACATTGTGACTCGAG-1,0.000043,0.481351,0.055154,0.395965,0.067359,0.000043,0.000043,0.000043
AACCAAGACTTCTCTG-1,0.000034,0.000034,0.00152,0.033502,0.222544,0.016591,0.561582,0.164194
AACCAGTATCACTCTT-1,0.00007,0.00007,0.00007,0.033918,0.48168,0.001051,0.476024,0.007118
AACCATAGGGTTGAAC-1,0.000024,0.035668,0.014204,0.436835,0.018917,0.235457,0.058987,0.199907
AACCATGGGATCGCTA-1,0.000113,0.000113,0.000113,0.035416,0.745777,0.015465,0.202892,0.000113
AACCCAGAGACGGAGA-1,0.00008,0.00008,0.00008,0.053534,0.55328,0.00008,0.392785,0.00008
AACCCATCCCATGATC-1,0.000016,0.000016,0.011133,0.010972,0.037999,0.213803,0.136299,0.589763
AACCCGACAACCCGTG-1,0.000052,0.642302,0.017816,0.338154,0.00152,0.000052,0.000052,0.000052
AACCCGAGCAGAATCG-1,0.000042,0.476332,0.455807,0.022935,0.000042,0.000042,0.008904,0.035897
AACCCGATAGGGCTTC-1,0.000014,0.000014,0.000014,0.000029,0.000014,0.549652,0.404026,0.046236
AACCCGCTGTATTCCA-1,0.000034,0.423678,0.000034,0.214243,0.000034,0.120938,0.000652,0.240389
AACCCTACTGTCAATA-1,0.000047,0.000047,0.000047,0.762921,0.033798,0.018249,0.047651,0.13724
AACCCTGGTGGAACCA-1,0.000027,0.000027,0.000027,0.021334,0.000027,0.177227,0.729066,0.072264
AACCGAGCTTGGTCAT-1,0.000065,0.000065,0.026055,0.108292,0.442775,0.000065,0.21118,0.211504
AACCGCTAAGGGATGC-1,0.000046,0.042289,0.010235,0.708821,0.000046,0.000046,0.006602,0.231913
AACCGTTGTGTTTGCT-1,0.000051,0.000051,0.000051,0.029955,0.02502,0.004481,0.867515,0.072875
AACCTCGCTTTAGCCC-1,0.000055,0.797585,0.05483,0.066901,0.070006,0.010512,0.000055,0.000055
AACCTGTCACGGAATT-1,0.000033,0.000033,0.032853,0.445394,0.322537,0.163762,0.012743,0.022646
AACCTTTAAATACGGT-1,0.000037,0.000037,0.07303,0.396397,0.446878,0.080501,0.001933,0.001188
AACCTTTACGACGTCT-1,0.000058,0.000058,0.000058,0.122201,0.234879,0.002,0.537187,0.103558
AACGAAAGTCGTCCCA-1,0.000034,0.001262,0.007953,0.416862,0.194509,0.143246,0.078898,0.157236
AACGACCTCCTAGCCG-1,0.000021,0.430366,0.56949,0.000041,0.000021,0.000021,0.000021,0.000021
AACGATAATGCCGTAG-1,0.000024,0.008301,0.000645,0.334514,0.000024,0.176434,0.061217,0.418842
AACGATAGAAGGGCCG-1,0.000065,0.000065,0.004485,0.020686,0.689515,0.000065,0.285054,0.000065
AACGATATGTCAACTG-1,0.000034,0.000034,0.000034,0.002392,0.250055,0.000375,0.355271,0.391805
AACGCATGATCTGGGT-1,0.00003,0.00003,0.00003,0.021148,0.254367,0.020077,0.30438,0.399937
AACGCGACCTTGGGCG-1,0.000031,0.543763,0.247023,0.209058,0.000031,0.000031,0.000031,0.000031
AACGCGGTCTCCAGCC-1,0.00004,0.00004,0.002512,0.00008,0.071933,0.114124,0.739452,0.07182
AACGCTGTTGCTGAAA-1,0.000056,0.342589,0.402456,0.177622,0.072663,0.000056,0.0045,0.000056
AACGGACGTACGTATA-1,0.000049,0.32053,0.176145,0.414336,0.088598,0.000049,0.000049,0.000245
AACGGCCATCTCCGGT-1,0.00003,0.004376,0.020491,0.031026,0.384397,0.086381,0.088327,0.384971
AACGTACTGTGGGTAC-1,0.000032,0.000032,0.000032,0.172707,0.043912,0.012972,0.110954,0.65936
AACGTCAGACTAGTGG-1,0.00005,0.00005,0.00005,0.018906,0.228023,0.075162,0.507058,0.170701
AACGTCATCCGGCTTG-1,0.00004,0.680282,0.310743,0.00864,0.00004,0.000176,0.00004,0.00004
AACGTCGCTGCACTTC-1,0.00004,0.918771,0.00004,0.073899,0.007129,0.00004,0.00004,0.00004
AACGTGATGAAGGACA-1,0.000036,0.000036,0.000036,0.000072,0.223503,0.077981,0.692322,0.006015
AACGTGCGAAAGTCTC-1,0.000044,0.026543,0.010997,0.019678,0.636954,0.038082,0.202189,0.065512
AACGTTATCAGCACCT-1,0.000137,0.000137,0.010329,0.178348,0.408764,0.062043,0.226699,0.113544
AACTACCCGTTTGTCA-1,0.00008,0.380187,0.005192,0.566637,0.00008,0.004277,0.00008,0.043465
AACTAGGCTTGGGTGT-1,0.000049,0.000583,0.000049,0.582799,0.169778,0.00478,0.173643,0.068319
AACTCAAGTTAATTGC-1,0.00004,0.00004,0.098133,0.025137,0.516217,0.00004,0.182344,0.178049
AACTCCAGAGCGTGTT-1,0.00006,0.605916,0.121983,0.261445,0.00006,0.010415,0.00006,0.00006
AACTCCTAATCCCATG-1,0.000028,0.000028,0.000028,0.000056,0.000028,0.0417,0.728881,0.229252
AACTCGATGGCGCAGT-1,0.000053,0.000053,0.041179,0.000107,0.251194,0.025828,0.546567,0.13502
AACTCTCAATAGAGCG-1,0.000034,0.000034,0.096235,0.156339,0.368354,0.127325,0.012646,0.239032
AACTCTCAGTGTGCTC-1,0.000038,0.000038,0.009701,0.592054,0.225141,0.164472,0.000038,0.008518
AACTGAGGTCAGCGTC-1,0.000086,0.000086,0.000086,0.001564,0.679167,0.000086,0.318841,0.000086
AACTGAGTTATACTGA-1,0.00006,0.503205,0.042202,0.281359,0.00006,0.009762,0.034876,0.128475
AACTGATATTAGGCCT-1,0.000063,0.000063,0.002658,0.116378,0.178222,0.005575,0.60931,0.087731
AACTGGGTCCCGACGT-1,0.000057,0.000057,0.000057,0.024555,0.458065,0.000057,0.504847,0.012305
AACTGGGTTCGAGCCG-1,0.00037,0.000371,0.040196,0.411003,0.546948,0.000371,0.000371,0.000371
AACTGGTGTGGGCCTT-1,0.000178,0.094486,0.001727,0.286367,0.253334,0.000178,0.326223,0.037506
AACTTCTGCGTCTATC-1,0.000113,0.000114,0.000114,0.000227,0.797961,0.000114,0.201244,0.000114
AACTTGCCCGTATGCA-1,0.000038,0.000038,0.000038,0.0075,0.263424,0.026645,0.65845,0.043868
AACTTGCGTTCTCGCG-1,0.000212,0.000212,0.111608,0.238168,0.425344,0.000212,0.224032,0.000212
AACTTTACGGGAGCTT-1,0.000049,0.000049,0.000049,0.05663,0.215851,0.136904,0.541412,0.049056
AACTTTCTCGATCATG-1,0.000036,0.000036,0.000036,0.392853,0.16022,0.167242,0.027082,0.252494
AAGAAAGTTTGATGGG-1,0.000021,0.523968,0.000021,0.475905,0.000021,0.000021,0.000021,0.000021
AAGAAATCACCAGATT-1,0.000046,0.000046,0.000046,0.291978,0.56024,0.000046,0.090327,0.057272
AAGAAGGATCAGTTAG-1,0.000143,0.000143,0.048137,0.03116,0.655507,0.000143,0.264623,0.000143
AAGACATACGTGGTTT-1,0.000033,0.660133,0.329311,0.010393,0.000033,0.000033,0.000033,0.000033
AAGACCAAATAACTCA-1,0.000028,0.000028,0.003152,0.428894,0.363898,0.131321,0.027212,0.045467
AAGACCCAACTGAACA-1,0.000039,0.093858,0.039144,0.63449,0.003329,0.053994,0.024607,0.150539
AAGACTGCAAGCTACT-1,0.000038,0.000038,0.024281,0.000075,0.350714,0.247484,0.182545,0.194825
AAGAGATGAATCGGTA-1,0.000071,0.000071,0.000071,0.000141,0.584897,0.000071,0.412434,0.002245
AAGAGCTCTTTATCGG-1,0.000045,0.000045,0.000045,0.041188,0.554559,0.011556,0.169877,0.222684
AAGAGGATGTACGCGA-1,0.000045,0.000046,0.081314,0.044944,0.279182,0.000046,0.328129,0.266295
AAGAGGCATGGATCGC-1,0.00004,0.00004,0.006648,0.151256,0.502189,0.00004,0.148048,0.191738
AAGAGGCCCTTTGGAA-1,0.000055,0.587519,0.000056,0.412148,0.000056,0.000056,0.000056,0.000056
AAGATGGCACCGGACC-1,0.000034,0.002444,0.067313,0.431093,0.334001,0.070474,0.061117,0.033524
AAGATTGGCGGAACGT-1,0.000034,0.000034,0.005044,0.000067,0.709658,0.042436,0.213784,0.028943
AAGCACCCTGCGTATC-1,0.000047,0.286189,0.15367,0.476208,0.000047,0.083744,0.000047,0.000047
AAGCATACTCTCCTGA-1,0.00004,0.025698,0.134688,0.56701,0.204026,0.00004,0.044704,0.023793
AAGCCACTTGCAGGTA-1,0.000017,0.369894,0.589134,0.0025,0.024517,0.003634,0.010288,0.000017
AAGCCGAAGCGGTTTA-1,0.000068,0.61565,0.008996,0.375016,0.000068,0.000068,0.000068,0.000068
AAGCCGCCGTGAAATC-1,0.00003,0.04702,0.005757,0.557111,0.118873,0.040731,0.063338,0.167141
AAGCCGCTTTACCTTG-1,0.000056,0.000056,0.000056,0.358688,0.313021,0.055425,0.185388,0.08731
AAGCCGGAGAGCAGGA-1,0.000031,0.301646,0.517912,0.145717,0.002264,0.000341,0.009397,0.022692
AAGCGCAGGGCTTTGA-1,0.000025,0.675229,0.324598,0.000049,0.000025,0.000025,0.000025,0.000025
AAGCGGAGTGCGCGCA-1,0.000068,0.000068,0.000068,0.247209,0.542531,0.000068,0.204275,0.005712
AAGCGGCGTCATGGGT-1,0.00005,0.00005,0.00005,0.0001,0.433471,0.108596,0.457634,0.00005
AAGCGTCCCTCATCGA-1,0.000045,0.044234,0.000045,0.716818,0.001961,0.030088,0.049352,0.157457
AAGCTAGATCGAGTAA-1,0.00003,0.00003,0.00003,0.293491,0.00003,0.00003,0.01888,0.687477
AAGCTATGGATTGACC-1,0.000038,0.604375,0.094779,0.25243,0.029032,0.009202,0.010108,0.000038
AAGCTCGTGCCAAGTC-1,0.000052,0.000053,0.000401,0.020097,0.388516,0.000053,0.259786,0.331043
AAGCTCTTTCATGGTG-1,0.000063,0.563108,0.100245,0.335621,0.000063,0.000775,0.000063,0.000063
AAGGAGCGGTTGGTGC-1,0.000053,0.000053,0.000053,0.020445,0.507086,0.014143,0.402117,0.05605
AAGGATCGATCGCTTG-1,0.000029,0.021671,0.126423,0.438376,0.004471,0.034729,0.031403,0.342898
AAGGATGAGGGACCTC-1,0.000016,0.000016,0.000016,0.040379,0.219775,0.00663,0.2923,0.440868
AAGGCAGGCTGTCTCC-1,0.000042,0.119814,0.083139,0.757973,0.0055,0.001893,0.008632,0.023008
AAGGCGCGTAAAGCTT-1,0.000032,0.000032,0.000032,0.049681,0.158277,0.00123,0.731511,0.059206
AAGGCTGTGCTCATCG-1,0.000046,0.000046,0.000046,0.000091,0.888826,0.061529,0.049372,0.000046
AAGGGAACGACTGGCT-1,0.000023,0.01039,0.069903,0.358599,0.318746,0.229282,0.00535,0.007707
AAGGGACAGATTCTGT-1,0.00004,0.00004,0.00004,0.160027,0.441069,0.002286,0.22108,0.175417
AAGGGACTATGCATTC-1,0.000017,0.000017,0.000017,0.567578,0.000017,0.141508,0.00154,0.289305
AAGGGTTAGCCATGCG-1,0.000018,0.301158,0.604326,0.000037,0.080595,0.000018,0.013828,0.000018
AAGGGTTTGATTTCAG-1,0.000046,0.027642,0.000046,0.437691,0.49923,0.000046,0.018024,0.017273
AAGGTATCCTAATATA-1,0.000037,0.000037,0.000037,0.009165,0.324189,0.038506,0.299965,0.328064
AAGGTGATAAACCAGC-1,0.000035,0.000035,0.075236,0.36547,0.068128,0.165919,0.091123,0.234053
AAGTAGAAGACCGGGT-1,0.000096,0.000096,0.000096,0.171366,0.741798,0.000096,0.086356,0.000096
AAGTAGTGACGCGAGG-1,0.00007,0.00007,0.00007,0.076961,0.322487,0.00007,0.275163,0.325109
AAGTCAATTGTCGTCA-1,0.000078,0.17241,0.000079,0.196235,0.630963,0.000079,0.000079,0.000079
AAGTCTAGTAGCTGCC-1,0.00003,0.00003,0.00003,0.132938,0.243606,0.180902,0.261349,0.181113
AAGTCTTCTGTGGCCT-1,0.000036,0.000036,0.000036,0.082739,0.268047,0.409983,0.228318,0.010804
AAGTGACGACCGAATT-1,0.00006,0.00006,0.00006,0.315799,0.001122,0.00006,0.019548,0.663289
AAGTGAGTCGGGTTTA-1,0.000048,0.181395,0.023652,0.579633,0.212836,0.000048,0.002338,0.000048
AAGTGCAAAGGTAGAC-1,0.000031,0.000031,0.000031,0.000062,0.00207,0.038934,0.892756,0.066085
AAGTGCCTTGACTGTA-1,0.000095,0.136044,0.000095,0.460162,0.40332,0.000095,0.000095,0.000095
AAGTGCGTTAGAATCT-1,0.000024,0.000024,0.000487,0.000049,0.563022,0.390299,0.015554,0.030541
AAGTGCTTCTCTATTG-1,0.000067,0.376196,0.203412,0.388891,0.000067,0.031235,0.000067,0.000067
AAGTGTTTGGAGACGG-1,0.000036,0.046187,0.163083,0.380514,0.137522,0.190154,0.00326,0.079243
AAGTTCACTCCAAGCT-1,0.000065,0.430586,0.281909,0.106703,0.147766,0.011131,0.000065,0.021775
AAGTTCAGTCTGCGTA-1,0.000044,0.000044,0.000044,0.008798,0.6574,0.000044,0.259557,0.07407
AAGTTCGGCCAACAGG-1,0.000028,0.000028,0.000028,0.079914,0.248813,0.015069,0.173791,0.482329
AAGTTGTGATGTTATA-1,0.00004,0.884364,0.00004,0.027562,0.00004,0.006936,0.00004,0.080977
AAGTTTACTAATGGCA-1,0.000283,0.000283,0.204134,0.245907,0.460215,0.000283,0.020609,0.068287
AAGTTTATGGGCCCAA-1,0.000022,0.727912,0.271936,0.000043,0.000022,0.000022,0.000022,0.000022
AATAACAACGCTCGGC-1,0.000039,0.000039,0.000039,0.041221,0.534838,0.000039,0.404541,0.019242
AATAACACTAGAACAA-1,0.000038,0.022727,0.003856,0.553334,0.406753,0.000038,0.000038,0.013216
AATAACGTCGCGCCCA-1,0.000026,0.639296,0.331476,0.000053,0.027726,0.000026,0.00137,0.000026
AATAAGTCCTCGAGAC-1,0.000099,0.033891,0.027915,0.276082,0.174585,0.324768,0.12011,0.04255
AATAATCTTCGTATCG-1,0.000058,0.228495,0.111379,0.327418,0.00905,0.213565,0.013145,0.096891
AATACAATGTTTCAGG-1,0.000054,0.000054,0.000054,0.000108,0.51986,0.125047,0.35477,0.000054
AATACCGGAGGGCTGT-1,0.000062,0.52702,0.000062,0.472608,0.000062,0.000062,0.000062,0.000062
AATACCTGATGTGAAC-1,0.000031,0.984961,0.010353,0.004528,0.000031,0.000031,0.000031,0.000031
AATAGAACAGAGTGGC-1,0.000076,0.000076,0.000076,0.853101,0.146443,0.000076,0.000076,0.000076
AATAGAATCTGTTTCA-1,0.000039,0.018725,0.030113,0.58947,0.086573,0.0055,0.123959,0.145622
AATAGCAAGCCTCCTG-1,0.000051,0.000051,0.000051,0.034776,0.053396,0.201401,0.70814,0.002134
AATAGCTACCGCGTGC-1,0.000048,0.000048,0.049945,0.058148,0.58267,0.073789,0.108331,0.127022
AATAGGCACGACCCTT-1,0.000028,0.5904,0.285166,0.030931,0.007275,0.062652,0.014742,0.008806
AATAGTCCGTCCCGAC-1,0.000043,0.038562,0.000043,0.797337,0.000043,0.000043,0.015433,0.148495
AATAGTCGCGAGTCGG-1,0.000028,0.000028,0.002624,0.003317,0.000395,0.109875,0.837978,0.045755
AATATCAAGGTCGGAT-1,0.000051,0.008811,0.059538,0.000102,0.204976,0.087103,0.558712,0.080709
AATATCCTAGCAAACT-1,0.000015,0.000015,0.000015,0.123915,0.000015,0.479478,0.206398,0.190149
AATATCGAATCAATGC-1,0.000126,0.57873,0.000126,0.420517,0.000126,0.000126,0.000126,0.000126
AATATCGAGGGTTCTC-1,0.000046,0.002055,0.025443,0.149261,0.212097,0.101301,0.092493,0.417304
AATATTGGAGTATTGA-1,0.000051,0.000051,0.001043,0.000102,0.833651,0.113401,0.05165,0.000051
AATCAGGTTTCATTTA-1,0.000064,0.302578,0.131834,0.3665,0.159494,0.039404,0.000064,0.000064
AATCATGTAAAGACTC-1,0.000022,0.224771,0.571703,0.070734,0.000022,0.089229,0.000438,0.043081
AATCCAAGGGCCTGAG-1,0.000052,0.000052,0.000052,0.000104,0.362317,0.09458,0.542791,0.000052
AATCCCGCTCAGAGCC-1,0.000048,0.865326,0.000048,0.115444,0.000048,0.000048,0.000048,0.018989
AATCGAGGTCTCAAGG-1,0.000032,0.734284,0.265488,0.000065,0.000033,0.000033,0.000033,0.000033
AATCGCCTCAGCGCCA-1,0.000056,0.000056,0.009224,0.162545,0.475193,0.000056,0.127878,0.224993
AATCGCGCAGAGGACT-1,0.000034,0.026449,0.313462,0.329399,0.246878,0.035527,0.003341,0.044909
AATCGGGACACTACGA-1,0.000082,0.000082,0.002173,0.016265,0.689139,0.000082,0.292095,0.000082
AATCGGTATAGCCCTC-1,0.000028,0.746043,0.253764,0.000055,0.000028,0.000028,0.000028,0.000028
AATCGTGAGCCGAGCA-1,0.000033,0.773154,0.017441,0.172791,0.000033,0.005029,0.000033,0.031487
AATCTAGGTTTACTTG-1,0.000054,0.000054,0.000054,0.330456,0.122047,0.020987,0.127419,0.398928
AATCTATGCCGGAGCC-1,0.000038,0.000038,0.000237,0.131576,0.571594,0.198766,0.033158,0.064594
AATCTCTACTGTGGTT-1,0.000036,0.000036,0.000036,0.053511,0.000036,0.100892,0.552316,0.293136
AATCTGCGTTGGGACG-1,0.00006,0.008352,0.00006,0.539368,0.282011,0.00006,0.111865,0.058222
AATCTGGCTTTCTAGT-1,0.000042,0.000042,0.013872,0.157395,0.515629,0.206586,0.04502,0.061413
AATCTGGGTAGACCCT-1,0.00009,0.00009,0.032266,0.000179,0.961735,0.00009,0.005461,0.00009
AATGACAGCAATGTCT-1,0.000025,0.000025,0.000025,0.015231,0.119865,0.068711,0.2263,0.569818
AATGACGTAGGATGTC-1,0.000081,0.000081,0.000081,0.559172,0.209453,0.000081,0.000081,0.230971
AATGACTGTCAGCCGG-1,0.000046,0.000047,0.000047,0.013981,0.540186,0.000047,0.408318,0.03733
AATGAGTTCGCATATG-1,0.000155,0.000155,0.237189,0.00031,0.57823,0.000155,0.183651,0.000155
AATGATGATACGCTAT-1,0.000034,0.000034,0.020289,0.010313,0.304192,0.131791,0.416324,0.117023
AATGATGCGACTCCTG-1,0.000026,0.000026,0.000871,0.000053,0.515212,0.227385,0.154278,0.102148
AATGCAACCGGGTACC-1,0.000054,0.038074,0.000054,0.002683,0.452432,0.000054,0.434968,0.07168
AATGCACCAAGCAATG-1,0.000038,0.000038,0.000038,0.004014,0.410301,0.033148,0.459007,0.093417
AATGGCCGCCAATGCG-1,0.000026,0.000026,0.002748,0.192124,0.019709,0.364825,0.415641,0.004901
AATGGTCCACCGTTCA-1,0.000072,0.018314,0.000072,0.117414,0.125271,0.036227,0.529026,0.173605
AATGGTTCTCACAAGC-1,0.000058,0.000058,0.018358,0.009247,0.249895,0.096607,0.618276,0.007501
AATGTATGGCACTGTA-1,0.000044,0.134824,0.002941,0.509084,0.15104,0.057967,0.082381,0.061719
AATGTGCCCGAGGTGT-1,0.000056,0.040238,0.000056,0.597353,0.361976,0.000057,0.000057,0.000207
AATGTGCTAATCTGAG-1,0.00004,0.223833,0.059523,0.511041,0.00004,0.023745,0.00004,0.181736
AATGTTAAGACCCTGA-1,0.000027,0.941463,0.022992,0.003197,0.032237,0.000027,0.000027,0.000027
AATGTTGTCGTGAGAC-1,0.000033,0.897033,0.102733,0.000067,0.000033,0.000033,0.000033,0.000033
AATTAAAGGTCGGCGT-1,0.000043,0.000043,0.006984,0.000086,0.748352,0.140215,0.032793,0.071484
AATTAACGGATTTCCA-1,0.000046,0.156289,0.447591,0.233607,0.030372,0.058272,0.018277,0.055546
AATTACGAGACCCATC-1,0.000039,0.05187,0.000039,0.352449,0.267671,0.01805,0.067247,0.242634
AATTAGCGCTGCAGCG-1,0.000069,0.036473,0.031614,0.739571,0.188314,0.000069,0.000069,0.003819
AATTATACCCAGCAAG-1,0.000033,0.948151,0.002064,0.02771,0.000033,0.021942,0.000033,0.000033
AATTCATAAGGGATCT-1,0.000025,0.000025,0.036393,0.012949,0.072913,0.30628,0.378665,0.192751
AATTCATTGTCATGCA-1,0.000038,0.04333,0.011255,0.458672,0.215362,0.223577,0.028289,0.019476
AATTCCAAGCATGTAC-1,0.000026,0.545548,0.378025,0.02307,0.000738,0.027187,0.004353,0.021053
AATTCGATTCGAGGAT-1,0.000057,0.785603,0.213999,0.000114,0.000057,0.000057,0.000057,0.000057
AATTCTAGAGTTAGGC-1,0.00009,0.00009,0.00009,0.744474,0.212265,0.00009,0.040802,0.002097
AATTGAACGCTCTGGT-1,0.000031,0.002377,0.000031,0.421975,0.000031,0.043907,0.005828,0.525819
AATTGCAGCAATCGAC-1,0.00006,0.767445,0.00006,0.207619,0.00006,0.00006,0.00006,0.024635
AATTGCGTGGATTACA-1,0.000065,0.163454,0.000671,0.709446,0.109197,0.000065,0.017025,0.000076
AATTGTGGTTGCCAAA-1,0.000019,0.345739,0.579939,0.00035,0.068837,0.001181,0.003916,0.000019
AATTTGGGACATAGTA-1,0.000041,0.000041,0.002226,0.000083,0.053411,0.031718,0.726781,0.185699
AATTTGGTTCCAAAGA-1,0.000071,0.000071,0.000071,0.000141,0.478433,0.011239,0.509903,0.000071
ACAAACCATGCGTCCT-1,0.000031,0.057756,0.000355,0.586276,0.038695,0.020357,0.119499,0.177031
ACAAACTCCATCAGAG-1,0.000029,0.416327,0.453131,0.006301,0.124125,0.000029,0.000029,0.000029
ACAAAGAAGGTAGGCC-1,0.000021,0.000021,0.006584,0.087847,0.672212,0.210718,0.019227,0.003371
ACAAAGCATGACCTAG-1,0.000046,0.776006,0.093459,0.037277,0.093074,0.000046,0.000046,0.000046
ACAAATCGCACCGAAT-1,0.000024,0.002308,0.216075,0.42885,0.108505,0.149561,0.00982,0.084857
ACAAATGGTAGTGTTT-1,0.000049,0.012936,0.051011,0.375438,0.351423,0.000049,0.103046,0.106048
ACAAATTCAGATCTGA-1,0.000029,0.000029,0.000029,0.000059,0.000029,0.077331,0.746432,0.176061
ACAACAGCATGAGCTA-1,0.000035,0.000035,0.05713,0.00007,0.3119,0.222182,0.225865,0.182784
ACAACGGTCCCTGCGA-1,0.000046,0.000046,0.000046,0.000092,0.252205,0.000046,0.747474,0.000046
ACAAGCAGTGCCTAGC-1,0.000041,0.000041,0.000041,0.000081,0.497791,0.070855,0.422065,0.009086
ACAAGCTATATGGAAG-1,0.000058,0.000058,0.000058,0.199157,0.475794,0.001331,0.317753,0.005792
ACAAGGAAATCCGCCC-1,0.000045,0.019677,0.018301,0.472568,0.203207,0.000045,0.085925,0.200232
ACAAGGACAAGAGGTT-1,0.000024,0.000024,0.002374,0.000048,0.376606,0.364555,0.248261,0.008107
ACAAGGATGCTTTAGG-1,0.000122,0.664809,0.000122,0.167715,0.166863,0.000122,0.000122,0.000122
ACAAGGCCTACCAGCC-1,0.000116,0.000116,0.011759,0.234858,0.539418,0.000116,0.213503,0.000116
ACAAGGGCAGGCTCTG-1,0.000038,0.000038,0.089346,0.262608,0.556862,0.000038,0.029753,0.061315
ACAAGTAATTGTAAGG-1,0.000035,0.582136,0.000035,0.358944,0.000035,0.033671,0.000035,0.025108
ACAATAGTCGTACGTT-1,0.000073,0.000073,0.000073,0.100991,0.504649,0.000073,0.195401,0.198668
ACAATCCATTTAAACC-1,0.000029,0.000029,0.000029,0.02691,0.025344,0.002431,0.600308,0.34492
ACAATGAATACGGAGA-1,0.000044,0.000044,0.022423,0.529064,0.376837,0.052735,0.000086,0.018765
ACAATGATTCTTCTAC-1,0.000036,0.000036,0.000036,0.000072,0.145624,0.445818,0.403646,0.004731
ACAATTGTGTCTCTTT-1,0.000036,0.158898,0.452999,0.250803,0.124851,0.012341,0.000036,0.000036
ACAATTTAGGAGGCTC-1,0.000067,0.000067,0.000067,0.131671,0.17539,0.000067,0.645027,0.047645
ACAATTTGAGCAGTGG-1,0.000035,0.000035,0.000035,0.070325,0.317311,0.050101,0.33912,0.223037
ACAATTTGGCCATATT-1,0.000041,0.090169,0.109106,0.686468,0.00714,0.050369,0.017163,0.039543
ACACAAAGACGGGTGG-1,0.000029,0.000029,0.000029,0.000057,0.002625,0.272993,0.532971,0.191268
ACACAAATATTCCTAG-1,0.000041,0.000042,0.000042,0.114174,0.597182,0.031991,0.234561,0.021967
ACACACCAGGACCAGT-1,0.000035,0.000035,0.13008,0.598857,0.214941,0.055982,0.000035,0.000035
ACACACTTTCTACACG-1,0.000039,0.000039,0.053845,0.000078,0.000039,0.158112,0.763653,0.024194
ACACATGATCAAATCT-1,0.000037,0.002455,0.000037,0.765264,0.092347,0.060734,0.05642,0.022707
ACACATTTCCGTAGAC-1,0.000028,0.735687,0.240819,0.000321,0.016219,0.004327,0.002571,0.000028
ACACCACATAATTAGC-1,0.000036,0.000036,0.035286,0.449188,0.252852,0.095904,0.058096,0.108603
ACACCCAGCATGCAGC-1,0.000046,0.000046,0.000046,0.000092,0.595759,0.106667,0.297297,0.000046
ACACCCGAGAAATCCG-1,0.000061,0.000061,0.010128,0.082349,0.143824,0.000358,0.725703,0.037516
ACACCCGTAAATCTGT-1,0.000019,0.008179,0.028941,0.164341,0.080139,0.569861,0.142331,0.006191
ACACCGGTCTGACCGC-1,0.000038,0.054157,0.000038,0.73736,0.036223,0.000264,0.066411,0.105508
ACACCTTAAGTAGGGC-1,0.000033,0.000033,0.020558,0.000065,0.003659,0.152987,0.667093,0.155572
ACACCTTACTACTTGC-1,0.000054,0.071574,0.210512,0.423242,0.280856,0.000054,0.009726,0.003982
ACACGAGACTCCTTCT-1,0.000048,0.000048,0.000048,0.08448,0.396479,0.000048,0.292751,0.2261
ACACGGCACTATGCAT-1,0.000057,0.000057,0.000472,0.000114,0.458336,0.028766,0.512139,0.000057
ACACGGGAACTTAGGG-1,0.000068,0.000068,0.025411,0.043338,0.360715,0.000069,0.223451,0.34688
ACACGTAGGCCACAAG-1,0.000062,0.828236,0.033689,0.137764,0.000062,0.000062,0.000062,0.000062
ACACTCCAATGTCACT-1,0.000126,0.000126,0.105358,0.000252,0.80427,0.000126,0.089615,0.000126
ACACTGATCAAGGTGT-1,0.000069,0.000069,0.000069,0.817607,0.000069,0.000069,0.000069,0.181978
ACACTGGGACAGTCGT-1,0.00006,0.689337,0.190227,0.096704,0.00006,0.02349,0.00006,0.00006
ACAGAACTGAGAACAA-1,0.000039,0.000039,0.026494,0.348195,0.260042,0.240441,0.002437,0.122314
ACAGATTAGGTTAGTG-1,0.000097,0.000097,0.130697,0.059369,0.658297,0.15125,0.000097,0.000097
ACAGCATAGAGCCAGT-1,0.000058,0.000058,0.00442,0.031737,0.550826,0.219971,0.192874,0.000058
ACAGCGACATTCTCAT-1,0.000081,0.777291,0.041386,0.071075,0.109926,0.000081,0.000081,0.000081
ACAGCGCACCCGCAGC-1,0.000048,0.000048,0.000048,0.000095,0.301228,0.025576,0.670861,0.002097
ACAGGCACGGATCCTT-1,0.000033,0.961939,0.033489,0.004405,0.000033,0.000033,0.000033,0.000033
ACAGGCTTGCCCGACT-1,0.000036,0.24672,0.097762,0.290052,0.000036,0.085307,0.086359,0.193728
ACAGGTGGAGGTGAGG-1,0.000045,0.000045,0.035154,0.403798,0.510405,0.037589,0.000542,0.012423
ACAGGTGTGTTGTTGC-1,0.00003,0.00003,0.00003,0.218644,0.426428,0.010148,0.344464,0.000225
ACAGTAATACAACTTG-1,0.000039,0.000039,0.00714,0.09028,0.442805,0.028432,0.147769,0.283494
ACAGTATACCGTGGGA-1,0.000023,0.000023,0.000023,0.019374,0.291788,0.400045,0.091185,0.197539
ACATAAGTCGTGGTGA-1,0.000044,0.000044,0.036866,0.517136,0.203477,0.124112,0.082729,0.035592
ACATAATAAGGCGGTG-1,0.000067,0.017289,0.000067,0.191534,0.260443,0.000067,0.446639,0.083894
ACATACAATCAAGCGG-1,0.000056,0.819535,0.096371,0.000112,0.083759,0.000056,0.000056,0.000056
ACATCAGCTGGGACGC-1,0.000043,0.000043,0.000043,0.039601,0.275831,0.151899,0.511299,0.021241
ACATCCCGGCCATACG-1,0.000037,0.003098,0.000037,0.566069,0.001872,0.227404,0.004171,0.197312
ACATCCTGGTAACTGT-1,0.000043,0.007999,0.055534,0.474765,0.102463,0.004941,0.048652,0.305604
ACATCGATCGTTTACC-1,0.000065,0.000065,0.00584,0.046974,0.809774,0.000065,0.039594,0.097623
ACATCGCAATATTCGG-1,0.000051,0.754654,0.136087,0.038583,0.047495,0.000051,0.023028,0.000051
ACATCGGTCAGCCGCG-1,0.000033,0.000033,0.000033,0.068224,0.296969,0.010495,0.355461,0.26875
ACATCGTATGCAATGG-1,0.000038,0.000038,0.011662,0.347605,0.029723,0.022868,0.057396,0.530669
ACATCGTTAACCTAGT-1,0.000063,0.000063,0.000063,0.068389,0.163684,0.028756,0.724976,0.014006
ACATCTCAACGCGTAA-1,0.000109,0.000109,0.02829,0.238881,0.189096,0.360638,0.124091,0.058786
ACATGCTTACGGCAGC-1,0.000031,0.75747,0.009108,0.130643,0.060753,0.035452,0.006512,0.000031
ACATGGCGCCAAAGTA-1,0.000037,0.014769,0.013742,0.517216,0.201263,0.00722,0.026548,0.219204
ACATTAGTTTATATCC-1,0.00006,0.00006,0.00006,0.660058,0.023386,0.004504,0.104859,0.207011
ACATTCGCGCGGAATA-1,0.000029,0.337126,0.469928,0.064219,0.084169,0.00099,0.035552,0.007988
ACATTTGAAACCTAAC-1,0.000032,0.967162,0.000755,0.02337,0.000032,0.008586,0.000032,0.000032
ACCAAACACCCAGCGA-1,0.000025,0.000025,0.000025,0.014878,0.253505,0.078468,0.374543,0.27853
ACCAAACTAGAAATCC-1,0.00003,0.000041,0.116988,0.000059,0.062018,0.089841,0.670429,0.060595
ACCAACACCACACACT-1,0.00002,0.00002,0.00002,0.008237,0.099861,0.016564,0.427104,0.448174
ACCAACCGCACTCCAC-1,0.000035,0.944565,0.020337,0.01222,0.000035,0.000035,0.000035,0.022738
ACCAACGCTTATTTAT-1,0.000061,0.120818,0.000403,0.693298,0.13863,0.000061,0.011486,0.035242
ACCAAGAACGCGTGTC-1,0.000046,0.000046,0.006739,0.072168,0.037314,0.05254,0.771526,0.05962
ACCAAGTCATCGGCAG-1,0.000045,0.65887,0.239974,0.000091,0.100884,0.000045,0.000045,0.000045
ACCAATATGCAAGTTA-1,0.000051,0.142712,0.784123,0.053536,0.007354,0.000051,0.012122,0.000051
ACCACAACTCAGAACA-1,0.000058,0.001379,0.076702,0.058454,0.133535,0.060925,0.651865,0.017082
ACCACAAGTTTCTATC-1,0.000044,0.000044,0.000044,0.022429,0.453384,0.098043,0.230294,0.195718
ACCACACGGTTGATGG-1,0.000026,0.77232,0.223526,0.000052,0.003997,0.000026,0.000026,0.000026
ACCACCAATGTAACAA-1,0.000046,0.014777,0.000046,0.78621,0.000046,0.003348,0.003834,0.191693
ACCACCCTCTCTTCTA-1,0.000035,0.026384,0.000035,0.298621,0.305032,0.200646,0.100326,0.068919
ACCACGTGCAGCTATA-1,0.000033,0.000033,0.000033,0.149612,0.155875,0.000033,0.206757,0.487623
ACCAGACCATAACAAC-1,0.000021,0.002694,0.000021,0.154108,0.000021,0.398224,0.274506,0.170405
ACCAGCCCGGTCTTTG-1,0.000089,0.065615,0.02092,0.020849,0.233914,0.072875,0.549822,0.035916
ACCAGTGCCCGGTCAA-1,0.000064,0.000064,0.000064,0.006146,0.439459,0.000064,0.546823,0.007316
ACCAGTGCGGGAGACG-1,0.000052,0.084683,0.391125,0.244501,0.27906,0.000052,0.000052,0.000474
ACCATATCCGCAATAA-1,0.000049,0.000049,0.000049,0.225013,0.041488,0.035379,0.191712,0.506262
ACCATCCGCCAACTAG-1,0.000047,0.000047,0.00005,0.001253,0.590389,0.254964,0.092665,0.060586
ACCATCGTATATGGTA-1,0.000031,0.000031,0.034325,0.003398,0.081426,0.015821,0.083715,0.781255
ACCCAACGCCCGTGGC-1,0.000037,0.000037,0.000037,0.267424,0.190075,0.000178,0.164593,0.377617
ACCCACCTACATGCTC-1,0.000045,0.000045,0.000045,0.031365,0.108745,0.009852,0.843597,0.006306
ACCCATCTTGAGGGTA-1,0.000033,0.000033,0.000033,0.001158,0.004126,0.000033,0.654794,0.339792
ACCCATTTGTCCCTCT-1,0.000078,0.744906,0.0247,0.068091,0.133717,0.000078,0.001974,0.026457
ACCCGAGCGAAATTAC-1,0.000028,0.039797,0.002173,0.707333,0.035583,0.05433,0.041086,0.11967
ACCCGATTGGTTCCGA-1,0.000056,0.522581,0.259871,0.216254,0.000056,0.000056,0.000056,0.001071
ACCCGGAAACTCCCAG-1,0.000052,0.142012,0.180669,0.324734,0.352377,0.000052,0.000052,0.000052
ACCCGGAGCACCACAA-1,0.000041,0.595007,0.193435,0.070057,0.000041,0.013214,0.000041,0.128165
ACCCGGATGACGCATC-1,0.00005,0.00005,0.00005,0.356154,0.116656,0.00005,0.073419,0.453569
ACCCGGTTACACTTCC-1,0.000043,0.000043,0.065689,0.039367,0.411635,0.065898,0.201963,0.215364
ACCCGTAGCAGAGAAT-1,0.000156,0.608454,0.109159,0.150133,0.000156,0.061792,0.05016,0.019989
ACCCGTAGTCTAGTTG-1,0.000031,0.773882,0.144058,0.045641,0.012146,0.000254,0.009808,0.014181
ACCCGTGTCATCAGTA-1,0.00005,0.06542,0.099179,0.419634,0.390056,0.00005,0.012245,0.013365
ACCCTATAGGACTGAG-1,0.000054,0.000054,0.048647,0.000108,0.243023,0.029479,0.577455,0.10118
ACCCTATGCCATATCG-1,0.000045,0.025713,0.000045,0.448867,0.043505,0.216434,0.015069,0.250322
ACCCTCCCGTCAGGGC-1,0.000043,0.992064,0.007635,0.000086,0.000043,0.000043,0.000043,0.000043
ACCCTCCCTTGCTATT-1,0.000042,0.006735,0.077639,0.36688,0.224752,0.046963,0.116769,0.16022
ACCCTGGTAACGCCCT-1,0.00003,0.00003,0.00003,0.054655,0.424944,0.062714,0.258392,0.199203
ACCCTTCATCTGCGAA-1,0.000051,0.000051,0.000051,0.000101,0.182754,0.013507,0.789643,0.013843
ACCCTTGCCTGGGTCG-1,0.000053,0.000053,0.000053,0.046065,0.666621,0.19621,0.087255,0.003692
ACCCTTTAGTTCTCCA-1,0.000087,0.000087,0.041418,0.000175,0.67717,0.062007,0.218967,0.000087
ACCGAAAGGGCCCTGC-1,0.000086,0.000086,0.037223,0.046881,0.606674,0.081431,0.227534,0.000086
ACCGAAGAGTCTGGTT-1,0.000028,0.000028,0.068828,0.155746,0.476817,0.297726,0.000028,0.000797
ACCGACACATCTCCCA-1,0.000055,0.68015,0.136876,0.166452,0.000055,0.000055,0.000055,0.0163
ACCGACTGAGTCCCAC-1,0.000039,0.000039,0.000039,0.059927,0.087124,0.04664,0.512681,0.293512
ACCGAGTCTCCTTATT-1,0.000035,0.999434,0.000035,0.000355,0.000035,0.000035,0.000035,0.000035
ACCGATAGGCATAACC-1,0.000025,0.518628,0.287164,0.084538,0.000025,0.074177,0.014713,0.02073
ACCGATATTTAATCAT-1,0.000073,0.804782,0.000073,0.194782,0.000073,0.000073,0.000073,0.000073
ACCGATGGTAGCATCG-1,0.000041,0.003414,0.088624,0.26902,0.080045,0.086995,0.058223,0.413638
ACCGCAATAACTGCCT-1,0.000081,0.141719,0.02978,0.653605,0.125419,0.000082,0.010279,0.039035
ACCGCGGTGGAAGTCG-1,0.000077,0.106679,0.17815,0.579965,0.134897,0.000077,0.000077,0.000077
ACCGCTAGTCATTGGT-1,0.000024,0.863849,0.063715,0.036927,0.032164,0.003275,0.000024,0.000024
ACCGGGCCTTTGTTGA-1,0.000037,0.04247,0.22005,0.165369,0.407889,0.007333,0.047665,0.109187
ACCGGTCAGGTACACC-1,0.000032,0.018223,0.000032,0.609505,0.338036,0.011594,0.000032,0.022547
ACCGGTCTGAGTACGG-1,0.000124,0.000124,0.024064,0.000248,0.975067,0.000124,0.000124,0.000124
ACCGTCCACTGGGCCC-1,0.000028,0.010098,0.00689,0.668081,0.137687,0.068847,0.087034,0.021336
ACCGTGACCACGTGGG-1,0.000025,0.080028,0.000025,0.659793,0.126859,0.000527,0.061464,0.071279
ACCGTTCCCGCTCTGA-1,0.000123,0.000123,0.078874,0.046704,0.267418,0.198789,0.30174,0.10623
ACCTAAGTACCTTTCA-1,0.000066,0.000066,0.000066,0.504855,0.19853,0.000188,0.036211,0.260017
ACCTAATCGACTTCCT-1,0.000085,0.000085,0.000085,0.154325,0.269336,0.000087,0.346132,0.229864
ACCTACAGTATGTGGT-1,0.000064,0.039586,0.163002,0.586556,0.210601,0.000064,0.000064,0.000064
ACCTACTATAAATCTA-1,0.000035,0.821747,0.013269,0.164809,0.000035,0.000035,0.000035,0.000035
ACCTCAGCGAGGCGCA-1,0.000039,0.701977,0.249713,0.000077,0.046566,0.000039,0.001552,0.000039
ACCTCCGCCCTCGCTG-1,0.00007,0.704397,0.091134,0.083966,0.00007,0.027485,0.010432,0.082446
ACCTCCGTTATTCACC-1,0.000035,0.000777,0.03738,0.340422,0.074269,0.118787,0.153375,0.274955
ACCTCGAACTTATGCT-1,0.000039,0.000295,0.051657,0.453627,0.337317,0.151568,0.002118,0.003378
ACCTGCGTGTCATGTT-1,0.000054,0.000054,0.000054,0.19331,0.478633,0.000054,0.077681,0.250159
ACGAAATGGGCGGCAC-1,0.000029,0.000029,0.010755,0.000058,0.035539,0.027242,0.846835,0.079512
ACGACCCATGAGTTGC-1,0.000042,0.573042,0.121214,0.211496,0.000042,0.045599,0.000042,0.048522
ACGACTCTAGGGCCGA-1,0.000068,0.964052,0.000068,0.03554,0.000068,0.000068,0.000068,0.000068
ACGACTGGTCATACTC-1,0.000019,0.166343,0.058949,0.516323,0.004458,0.035475,0.112949,0.105484
ACGAGATATTTGCTTA-1,0.000042,0.000042,0.01254,0.000084,0.159889,0.031025,0.795903,0.000476
ACGAGGATACCACTCT-1,0.000034,0.000034,0.000034,0.338672,0.118312,0.220936,0.030142,0.291835
ACGAGGTTTACAACGT-1,0.000021,0.027293,0.017519,0.183698,0.110104,0.05629,0.098891,0.506184
ACGAGTACGGATGCCC-1,0.000057,0.000057,0.000057,0.390639,0.252983,0.086302,0.167147,0.102757
ACGATACATAGAACTA-1,0.000043,0.028799,0.000043,0.01205,0.429512,0.011224,0.284035,0.234293
ACGATACCTATCCTGA-1,0.00004,0.00004,0.00004,0.131304,0.096182,0.034747,0.725743,0.011904
ACGATCATACATAGAG-1,0.000058,0.000058,0.000578,0.049764,0.352015,0.000058,0.565993,0.031476
ACGATCATCTTGTAAA-1,0.000037,0.000037,0.001598,0.057359,0.626206,0.305289,0.002907,0.006567
ACGATGCATATGTTAT-1,0.000039,0.000039,0.000039,0.032048,0.439136,0.063206,0.216743,0.248751
ACGATGGATCCGATGC-1,0.000038,0.000038,0.032823,0.000076,0.14946,0.059716,0.757648,0.000202
ACGCAAACTAATAGAT-1,0.000047,0.191919,0.1588,0.329742,0.311459,0.000047,0.007933,0.000053
ACGCAATCACTACAGC-1,0.00003,0.00003,0.009128,0.07506,0.041371,0.273415,0.187587,0.413379
ACGCATAAATGACATG-1,0.000044,0.000044,0.000044,0.026993,0.239867,0.196671,0.486383,0.049953
ACGCATACGTTTACTA-1,0.000049,0.778719,0.165617,0.043174,0.012295,0.000049,0.000049,0.000049
ACGCATTCGTGAGTAC-1,0.000041,0.000041,0.143426,0.000082,0.487032,0.240666,0.120745,0.007967
ACGCCACTCGAAACAG-1,0.000023,0.884686,0.093489,0.000066,0.021667,0.000023,0.000023,0.000023
ACGCCAGATGATTTCT-1,0.000066,0.000066,0.000066,0.07719,0.532405,0.000066,0.343572,0.04657
ACGCCAGTGCGTTTGC-1,0.000034,0.968525,0.001472,0.023615,0.006253,0.000034,0.000034,0.000034
ACGCCCAGCTGTCGAT-1,0.000042,0.000042,0.061678,0.00668,0.10567,0.07398,0.69335,0.058558
ACGCCGCTAGACGACC-1,0.000038,0.000038,0.19331,0.019201,0.785827,0.000038,0.000038,0.00151
