Barcode,Topic 1,Topic 2to6,Topic 7,Topic 8to10
AAACAAGTATCTCCCA-1,0.013604,0.630283,0.014344,0.341769
AAACACCAATAACTGC-1,0.759103,0.230001,0.000918,0.009979
AAACAGCTTTCAGAAG-1,0.089074,0.326898,0.009863,0.574165
AAACAGGGTCTATATT-1,0.045861,0.922545,0.000008,0.031586
AAACAGTGTTCCTGGG-1,0.066017,0.529068,0.007797,0.397118
AAACATGGTGAGAGGA-1,0.966472,0.028522,0.00001,0.004997
AAACATTTCCCGGATT-1,0.032688,0.820372,0.025709,0.121232
AAACCCGAACGAAATC-1,0.000008,0.52164,0.010671,0.467681
AAACCGGAAATGTTAA-1,0.00001,0.669497,0.007839,0.322654
AAACCGGGTAGGTACC-1,0.110736,0.745458,0.014275,0.129532
AAACCGTTCGTCCAGG-1,0.041459,0.935698,0.006797,0.016046
AAACCTAAGCAGCCGG-1,0.018418,0.899149,0.014517,0.067916
AAACCTCATGAAGTTG-1,0.072186,0.783065,0.033276,0.111473
AAACGAAGAACATACC-1,0.04199,0.000233,0.584877,0.3729
AAACGAAGATGGAGTA-1,0.632294,0.357294,0.000007,0.010405
AAACGAGACGGTTGAT-1,0.018918,0.531424,0.009175,0.440482
AAACGCTGGGCACGAC-1,0.034228,0.479511,0.002106,0.484156
AAACGGGCGTACGGGT-1,0.067907,0.792944,0.053822,0.085327
AAACGGTTGCGAACTG-1,0.028486,0.824111,0.006573,0.14083
AAACTCGGTTCGCAAT-1,0.050296,0.785475,0.005931,0.158299
AAACTCGTGATATAAG-1,0.015111,0.000214,0.308563,0.676113
AAACTGCTGGCTCCAA-1,0.000008,0.878023,0.017555,0.104413
AAACTTAATTGCACGC-1,0.961868,0.022419,0.001689,0.014024
AAACTTGCAAACGTAT-1,0.175892,0.609873,0.100323,0.113911
AAAGAATGACCTTAGA-1,0.922586,0.075142,0.000009,0.002263
AAAGAATGTGGACTAA-1,0.027149,0.742298,0.013471,0.217082
AAAGACTGGGCGCTTT-1,0.187584,0.469828,0.018019,0.324569
AAAGGCCCTATAATAC-1,0.860619,0.070268,0.011117,0.057996
AAAGGCTACGGACCAT-1,0.040162,0.797315,0.006269,0.156254
AAAGGCTCTCGCGCCG-1,0.075886,0.69999,0.038318,0.185806
AAAGGGATGTAGCAAG-1,0.000017,0.781913,0.09274,0.12533
AAAGGGCAGCTTGAAT-1,0.020915,0.025489,0.219537,0.734059
AAAGTAGCATTGCTCA-1,0.245109,0.547017,0.002692,0.205181
AAAGTCGACCCTCAGT-1,0.020772,0.70244,0.017781,0.259006
AAAGTGCCATCAATTA-1,0.009029,0.363258,0.000783,0.626931
AAAGTGTGATTTATCT-1,0.000079,0.729805,0.002449,0.267666
AAAGTTGACTCCCGTA-1,0.000009,0.897574,0.000345,0.102072
AAATAAGGTAGTGCCC-1,0.000014,0.388919,0.256934,0.354133
AAATACCTATAAGCAT-1,0.002004,0.762893,0.015363,0.21974
AAATAGCTTAGACTTT-1,0.000013,0.846577,0.027299,0.126111
AAATAGGGTGCTATTG-1,0.003016,0.857932,0.022902,0.116151
AAATCCGATACACGCC-1,0.00565,0.855131,0.029076,0.110143
AAATCGCGGAAGGAGT-1,0.86755,0.074998,0.000481,0.056972
AAATCGTGTACCACAA-1,0.000732,0.56808,0.014717,0.416472
AAATCTAGCCCTGCTA-1,0.00001,0.874235,0.009547,0.116209
AAATCTGCCCGCGTCC-1,0.999896,0.000058,0.000012,0.000035
AAATGACTGATCAAAC-1,0.087385,0.394943,0.00817,0.509501
AAATGCTCGTTACGTT-1,0.000048,0.114296,0.655409,0.230247
AAATGGCCCGTGCCCT-1,0.217575,0.352503,0.005649,0.424273
AAATGGTCAATGTGCC-1,0.000021,0.345774,0.018445,0.63576
AAATGTATCTTATCCC-1,0.007121,0.623937,0.049647,0.319295
AAATTAACGGGTAGCT-1,0.032982,0.434654,0.010124,0.52224
AAATTAATAAGCGCGA-1,0.006701,0.519191,0.018089,0.456019
AAATTACCTATCGATG-1,0.000017,0.59361,0.231828,0.174546
AAATTCCAGGTCCAAA-1,0.021078,0.697496,0.091114,0.190312
AAATTGATAGTCCTTT-1,0.079191,0.449168,0.021369,0.450271
AAATTTGCGGGTGTGG-1,0.015583,0.641338,0.015311,0.327768
AACAACTGGTAGTTGC-1,0.015561,0.701542,0.066525,0.216372
AACAATACATTGTCGA-1,0.025939,0.803024,0.005313,0.165725
AACAATTACTCTACGC-1,0.019562,0.222315,0.012335,0.745788
AACACACGCTCGCCGC-1,0.007539,0.45342,0.079304,0.459738
AACACGACTGTACTGA-1,0.126927,0.006816,0.737575,0.128682
AACACGAGACGCGGCC-1,0.432387,0.464248,0.023397,0.079968
AACAGCTGTGTGGCAA-1,0.1468,0.755454,0.011962,0.085784
AACAGGAAATCGAATA-1,0.081998,0.000377,0.177635,0.73999
AACAGGATGGGCCGCG-1,0.015858,0.718947,0.095944,0.169252
AACAGGTAGTATGGAT-1,0.001636,0.501221,0.028048,0.469095
AACATAGCGTGTATCG-1,0.085813,0.659873,0.030916,0.223398
AACATATCAACTGGTG-1,0.000022,0.482978,0.263395,0.253605
AACATTGAAGTTGATC-1,0.525023,0.457867,0.000007,0.017104
AACATTGTGACTCGAG-1,0.099134,0.204672,0.315658,0.380535
AACCAAGACTTCTCTG-1,0.122299,0.519121,0.031828,0.326752
AACCATAGGGTTGAAC-1,0.970417,0.019388,0.00474,0.005455
AACCATGGGATCGCTA-1,0.00002,0.385118,0.496191,0.118671
AACCCAGAGACGGAGA-1,0.000031,0.275267,0.452631,0.272071
AACCCATCCCATGATC-1,0.943859,0.024634,0.003022,0.028485
AACCCGACAACCCGTG-1,0.257747,0.341314,0.217084,0.183855
AACCCGAGCAGAATCG-1,0.103696,0.279656,0.027129,0.589518
AACCCGCTGTATTCCA-1,0.034574,0.323221,0.032943,0.609262
AACCCTACTGTCAATA-1,0.026284,0.426182,0.049422,0.498112
AACCCTGGTGGAACCA-1,0.000014,0.328722,0.666308,0.004955
AACCGAGCTTGGTCAT-1,0.000024,0.635652,0.32379,0.040534
AACCGCTAAGGGATGC-1,0.059946,0.598027,0.024262,0.317765
AACCGTTGTGTTTGCT-1,0.086271,0.000301,0.913248,0.00018
AACCTCGCTTTAGCCC-1,0.000006,0.961215,0.003656,0.035123
AACCTGTCACGGAATT-1,0.000016,0.395825,0.160314,0.443845
AACCTTTAAATACGGT-1,0.00001,0.913991,0.002869,0.083129
AACGAAAGTCGTCCCA-1,0.837521,0.003133,0.017057,0.142289
AACGACCTCCTAGCCG-1,0.086672,0.57098,0.005244,0.337105
AACGATAATGCCGTAG-1,0.001614,0.671742,0.015942,0.310701
AACGATAGAAGGGCCG-1,0.000065,0.000324,0.208492,0.79112
AACGATATGTCAACTG-1,0.000025,0.226509,0.108089,0.665377
AACGCATGATCTGGGT-1,0.112091,0.000425,0.545896,0.341588
AACGCGACCTTGGGCG-1,0.063103,0.523498,0.012437,0.400962
AACGCGGTCTCCAGCC-1,0.007804,0.125727,0.094731,0.771738
AACGCTGTTGCTGAAA-1,0.000008,0.973335,0.004819,0.021839
AACGGACGTACGTATA-1,0.003398,0.680659,0.058846,0.257097
AACGGCCATCTCCGGT-1,0.021228,0.749918,0.024492,0.204363
AACGTACTGTGGGTAC-1,0.000007,0.917347,0.01036,0.072285
AACGTCAGACTAGTGG-1,0.000031,0.420698,0.224507,0.354764
AACGTCATCCGGCTTG-1,0.032924,0.822797,0.027793,0.116485
AACGTCGCTGCACTTC-1,0.034127,0.915555,0.011112,0.039205
AACGTGCGAAAGTCTC-1,0.034977,0.663616,0.018595,0.282812
AACGTTATCAGCACCT-1,0.00004,0.354301,0.256006,0.389652
AACGTTCTACCATTGT-1,0.015563,0.486469,0.007339,0.490629
AACTACCCGTTTGTCA-1,0.035108,0.629896,0.002377,0.33262
AACTAGGCTTGGGTGT-1,0.048476,0.720305,0.028468,0.202751
AACTCAAGTTAATTGC-1,0.073316,0.71918,0.027259,0.180245
AACTCCAGAGCGTGTT-1,0.000011,0.754944,0.038783,0.206263
AACTCGATGGCGCAGT-1,0.060972,0.000186,0.554141,0.384701
AACTCTCAATAGAGCG-1,0.052759,0.532399,0.102574,0.312268
AACTCTCAGTGTGCTC-1,0.013006,0.606817,0.021581,0.358596
AACTGAGTTATACTGA-1,0.014457,0.377561,0.025032,0.58295
AACTGATATTAGGCCT-1,0.019292,0.000452,0.30874,0.671516
AACTGGGTCCCGACGT-1,0.000019,0.709914,0.27327,0.016797
AACTTCTGCGTCTATC-1,0.13875,0.196938,0.400827,0.263486
AACTTGCCCGTATGCA-1,0.000011,0.626521,0.076668,0.2968
AACTTGCGTTCTCGCG-1,0.000018,0.258259,0.631158,0.110566
AACTTTACGGGAGCTT-1,0.028104,0.472023,0.032743,0.46713
AAGAAAGTTTGATGGG-1,0.991489,0.000101,0.008349,0.000061
AAGAAGGATCAGTTAG-1,0.000414,0.00024,0.624869,0.374477
AAGACATACGTGGTTT-1,0.00001,0.792394,0.029473,0.178124
AAGACCAAATAACTCA-1,0.934542,0.047049,0.000008,0.0184
AAGACCCAACTGAACA-1,0.005303,0.889707,0.014175,0.090815
AAGACTGCAAGCTACT-1,0.063145,0.40884,0.027698,0.500317
AAGAGATGAATCGGTA-1,0.012583,0.249953,0.16771,0.569754
AAGAGCTCTTTATCGG-1,0.000016,0.681215,0.0352,0.283569
AAGAGGATGTACGCGA-1,0.001469,0.96366,0.00823,0.026641
AAGAGGCATGGATCGC-1,0.025282,0.555009,0.009287,0.410422
AAGAGGCCCTTTGGAA-1,0.01732,0.737691,0.003852,0.241136
AAGATGGCACCGGACC-1,0.071902,0.785874,0.011746,0.130477
AAGATTGGCGGAACGT-1,0.000012,0.901968,0.066776,0.031244
AAGCACCCTGCGTATC-1,0.006278,0.69593,0.088692,0.2091
AAGCATACTCTCCTGA-1,0.000704,0.922738,0.006889,0.06967
AAGCCACTTGCAGGTA-1,0.223911,0.258693,0.012562,0.504834
AAGCCGAAGCGGTTTA-1,0.004486,0.385082,0.051285,0.559147
AAGCCGCCGTGAAATC-1,0.760995,0.11158,0.004539,0.122887
AAGCCGGAGAGCAGGA-1,0.021534,0.723734,0.007033,0.247699
AAGCGCAGGGCTTTGA-1,0.000073,0.79652,0.007975,0.195432
AAGCGTCCCTCATCGA-1,0.064078,0.690451,0.02485,0.220622
AAGCTAGATCGAGTAA-1,0.072988,0.55762,0.05066,0.318732
AAGCTATGGATTGACC-1,0.878753,0.109508,0.000039,0.011699
AAGCTCGTGCCAAGTC-1,0.000606,0.460601,0.013869,0.524923
AAGCTCTTTCATGGTG-1,0.000013,0.873267,0.020685,0.106035
AAGGAGCGGTTGGTGC-1,0.000014,0.939255,0.036597,0.024134
AAGGATCGATCGCTTG-1,0.000024,0.412671,0.054821,0.532484
AAGGATGAGGGACCTC-1,0.000016,0.642557,0.325445,0.031983
AAGGCAGGCTGTCTCC-1,0.000525,0.568154,0.04583,0.38549
AAGGCGCGTAAAGCTT-1,0.008672,0.106533,0.195518,0.689278
AAGGCTGTGCTCATCG-1,0.131189,0.402377,0.093472,0.372962
AAGGGAACGACTGGCT-1,0.66221,0.191774,0.014147,0.131869
AAGGGACAGATTCTGT-1,0.000033,0.321597,0.244219,0.434151
AAGGGACTATGCATTC-1,0.663079,0.064024,0.01375,0.259147
AAGGGTTAGCCATGCG-1,0.014266,0.479872,0.03077,0.475091
AAGGGTTTGATTTCAG-1,0.869392,0.071386,0.013928,0.045295
AAGGTATCCTAATATA-1,0.000016,0.943661,0.042585,0.013738
AAGGTGATAAACCAGC-1,0.003991,0.642981,0.000808,0.352221
AAGTAGAAGACCGGGT-1,0.025296,0.249156,0.701112,0.024437
AAGTAGTGACGCGAGG-1,0.000016,0.467372,0.035825,0.496788
AAGTCAATTGTCGTCA-1,0.01063,0.353867,0.030436,0.605068
AAGTCTTCTGTGGCCT-1,0.006069,0.498149,0.059657,0.436125
AAGTGACGACCGAATT-1,0.020352,0.753243,0.070132,0.156273
AAGTGAGTCGGGTTTA-1,0.000008,0.963649,0.000919,0.035424
AAGTGCAAAGGTAGAC-1,0.071046,0.558226,0.019504,0.351224
AAGTGCCTTGACTGTA-1,0.000011,0.353014,0.006656,0.64032
AAGTGCGTTAGAATCT-1,0.122745,0.406806,0.343924,0.126525
AAGTGCTTCTCTATTG-1,0.007244,0.699778,0.028946,0.264033
AAGTGTTTGGAGACGG-1,0.080809,0.787489,0.052104,0.079598
AAGTTCACTCCAAGCT-1,0.033327,0.782017,0.025751,0.158906
AAGTTCGGCCAACAGG-1,0.088414,0.709802,0.039498,0.162285
AAGTTGTGATGTTATA-1,0.028338,0.648116,0.022646,0.3009
AAGTTTATGGGCCCAA-1,0.000007,0.794363,0.025001,0.180628
AATAACAACGCTCGGC-1,0.041283,0.427595,0.042297,0.488826
AATAACACTAGAACAA-1,0.094336,0.796953,0.012171,0.09654
AATAACGTCGCGCCCA-1,0.010488,0.56489,0.012281,0.412342
AATAAGTCCTCGAGAC-1,0.058076,0.000322,0.632513,0.309088
AATAATCTTCGTATCG-1,0.0259,0.703244,0.009918,0.260937
AATACAATGTTTCAGG-1,0.00002,0.769635,0.223308,0.007037
AATACCGGAGGGCTGT-1,0.015119,0.888647,0.008772,0.087462
AATACCTGATGTGAAC-1,0.113986,0.713785,0.031606,0.140624
AATAGAACAGAGTGGC-1,0.000289,0.962621,0.000212,0.036879
AATAGAATCTGTTTCA-1,0.031798,0.542118,0.040027,0.386057
AATAGGCACGACCCTT-1,0.122607,0.518838,0.033825,0.324731
AATAGTCCGTCCCGAC-1,0.041284,0.883453,0.002773,0.07249
AATAGTCGCGAGTCGG-1,0.000015,0.314192,0.064456,0.621337
AATATCCTAGCAAACT-1,0.357367,0.447368,0.022432,0.172834
AATATCGAATCAATGC-1,0.00284,0.632026,0.00323,0.361904
AATATCGAGGGTTCTC-1,0.000038,0.370718,0.251804,0.37744
AATATTGGAGTATTGA-1,0.01555,0.827591,0.002304,0.154555
AATCAGGTTTCATTTA-1,0.012543,0.953825,0.005003,0.028629
AATCATGTAAAGACTC-1,0.003191,0.757371,0.020674,0.218765
AATCCAAGGGCCTGAG-1,0.054856,0.000235,0.647078,0.297831
AATCCCGCTCAGAGCC-1,0.067535,0.276317,0.02226,0.633888
AATCGAGGTCTCAAGG-1,0.04085,0.867654,0.000016,0.09148
AATCGCCTCAGCGCCA-1,0.068878,0.606423,0.008191,0.316508
AATCGCGCAGAGGACT-1,0.00163,0.281571,0.027869,0.68893
AATCGGTATAGCCCTC-1,0.032494,0.577845,0.065851,0.32381
AATCGTGAGCCGAGCA-1,0.000007,0.945706,0.014982,0.039305
AATCTAGGTTTACTTG-1,0.65818,0.087633,0.012347,0.24184
AATCTATGCCGGAGCC-1,0.000024,0.354252,0.233732,0.411992
AATCTCTACTGTGGTT-1,0.020666,0.943388,0.021106,0.014839
AATCTGCGTTGGGACG-1,0.024743,0.753852,0.064462,0.156943
AATCTGGCTTTCTAGT-1,0.207356,0.578187,0.002729,0.211728
AATGACAGCAATGTCT-1,0.265379,0.28731,0.302867,0.144444
AATGACGTAGGATGTC-1,0.004271,0.778036,0.004937,0.212756
AATGACTGTCAGCCGG-1,0.005381,0.535771,0.183133,0.275715
AATGAGTTCGCATATG-1,0.000036,0.487483,0.49768,0.0148
AATGATGATACGCTAT-1,0.000018,0.745732,0.201961,0.052288
AATGATGCGACTCCTG-1,0.000016,0.743301,0.221876,0.034807
AATGCAACCGGGTACC-1,0.002479,0.645383,0.111059,0.24108
AATGCACCAAGCAATG-1,0.042544,0.000274,0.219897,0.737285
AATGGTCCACCGTTCA-1,0.013317,0.514665,0.031167,0.440851
AATGGTTCTCACAAGC-1,0.024433,0.300977,0.318881,0.355709
AATGTATGGCACTGTA-1,0.800393,0.184446,0.000009,0.015152
AATGTGCCCGAGGTGT-1,0.221336,0.307261,0.009031,0.462371
AATGTGCTAATCTGAG-1,0.015999,0.841546,0.001962,0.140492
AATGTTAAGACCCTGA-1,0.002694,0.81206,0.006644,0.178602
AATGTTGTCGTGAGAC-1,0.000011,0.898222,0.031194,0.070573
AATTAAAGGTCGGCGT-1,0.016406,0.795183,0.013825,0.174586
AATTAACGGATTTCCA-1,0.012784,0.861033,0.050855,0.075328
AATTACGAGACCCATC-1,0.787571,0.128834,0.000008,0.083587
AATTACTCGTACGCTC-1,0.150648,0.000316,0.52347,0.325566
AATTAGCGCTGCAGCG-1,0.004803,0.924118,0.013082,0.057997
AATTATACCCAGCAAG-1,0.103701,0.43146,0.070965,0.393874
AATTCATAAGGGATCT-1,0.000024,0.491808,0.387695,0.120473
AATTCATTGTCATGCA-1,0.639908,0.357639,0.000011,0.002442
AATTCCAAGCATGTAC-1,0.0943,0.624959,0.051536,0.229205
AATTCGATTCGAGGAT-1,0.004638,0.861335,0.047433,0.086594
AATTCTAGAGTTAGGC-1,0.027983,0.80664,0.007518,0.157859
AATTGAACGCTCTGGT-1,0.019673,0.346431,0.038641,0.595256
AATTGCAGCAATCGAC-1,0.002276,0.772535,0.023979,0.20121
AATTGCGTGGATTACA-1,0.867918,0.000091,0.000018,0.131973
AATTGTGGTTGCCAAA-1,0.004207,0.496593,0.017324,0.481875
AATTTGGTTCCAAAGA-1,0.143989,0.000438,0.85531,0.000263
ACAAACCATGCGTCCT-1,0.882873,0.031925,0.000187,0.085015
ACAAACTCCATCAGAG-1,0.042243,0.427631,0.010426,0.519701
ACAAAGAAGGTAGGCC-1,0.427702,0.079935,0.009302,0.483061
ACAAAGCATGACCTAG-1,0.008522,0.456553,0.025199,0.509726
ACAAATCGCACCGAAT-1,0.00452,0.838584,0.030632,0.126265
ACAAATGGTAGTGTTT-1,0.032702,0.245712,0.020894,0.700692
ACAACAGCATGAGCTA-1,0.019446,0.441588,0.018945,0.520021
ACAACGGTCCCTGCGA-1,0.027259,0.544463,0.181881,0.246398
ACAAGCAGTGCCTAGC-1,0.036856,0.856682,0.048239,0.058223
ACAAGCTATATGGAAG-1,0.063306,0.809145,0.032978,0.094572
ACAAGGAAATCCGCCC-1,0.00001,0.846569,0.012896,0.140526
ACAAGGACAAGAGGTT-1,0.000107,0.468549,0.145895,0.38545
ACAAGGATGCTTTAGG-1,0.012869,0.896064,0.023008,0.068059
ACAAGGGCAGGCTCTG-1,0.010405,0.619898,0.00917,0.360527
ACAAGTAATTGTAAGG-1,0.99969,0.000063,0.000013,0.000234
ACAATAGTCGTACGTT-1,0.002487,0.730599,0.021021,0.245893
ACAATCCATTTAAACC-1,0.199803,0.508845,0.038919,0.252433
ACAATGAATACGGAGA-1,0.13712,0.518289,0.042656,0.301935
ACAATTGTGTCTCTTT-1,0.054668,0.799615,0.005079,0.140638
ACAATTTAGGAGGCTC-1,0.003213,0.576913,0.038294,0.38158
ACAATTTGAGCAGTGG-1,0.000012,0.869362,0.081526,0.0491
ACAATTTGGCCATATT-1,0.000007,0.598859,0.025878,0.375255
ACACAAAGACGGGTGG-1,0.014921,0.150536,0.076269,0.758274
ACACACCAGGACCAGT-1,0.079885,0.175873,0.346006,0.398236
ACACACTTTCTACACG-1,0.061003,0.000435,0.495523,0.443039
ACACATGATCAAATCT-1,0.913242,0.031395,0.004237,0.051127
ACACATTGACGCAACA-1,0.057209,0.000322,0.758005,0.184464
ACACATTTCCGTAGAC-1,0.000009,0.951465,0.013023,0.035503
ACACCACATAATTAGC-1,0.000015,0.54357,0.289589,0.166826
ACACCCAGCATGCAGC-1,0.002434,0.465606,0.285644,0.246316
ACACCCGAGAAATCCG-1,0.000021,0.485589,0.435165,0.079225
ACACCGAGCGCTCTTT-1,0.158037,0.619333,0.190653,0.031977
ACACCGGTCTGACCGC-1,0.80844,0.133136,0.000009,0.058416
ACACCTTAAGTAGGGC-1,0.035013,0.391156,0.265501,0.308331
ACACCTTACTACTTGC-1,0.000027,0.439429,0.020274,0.54027
ACACGAGACTCCTTCT-1,0.000018,0.751919,0.03845,0.209613
ACACGGCACTATGCAT-1,0.00002,0.073677,0.817871,0.108431
ACACGGGAACTTAGGG-1,0.000022,0.753917,0.080302,0.165759
ACACGTAGGCCACAAG-1,0.000008,0.858429,0.002157,0.139406
ACACTCCAATGTCACT-1,0.000041,0.476618,0.427308,0.096032
ACACTGATCAAGGTGT-1,0.000012,0.956962,0.006222,0.036804
ACACTGGGACAGTCGT-1,0.01771,0.182676,0.025528,0.774086
ACAGAACTGAGAACAA-1,0.238196,0.068268,0.006773,0.686762
ACAGCGACATTCTCAT-1,0.032744,0.697198,0.019691,0.250368
ACAGCGCACCCGCAGC-1,0.000041,0.000207,0.999627,0.000124
ACAGGAGGCGCAGCCG-1,0.000017,0.444952,0.455138,0.099893
ACAGGCACGGATCCTT-1,0.017728,0.758287,0.058558,0.165428
ACAGGCTTGCCCGACT-1,0.000016,0.813025,0.02267,0.164289
ACAGGTGGAGGTGAGG-1,0.037512,0.510042,0.015427,0.437019
ACAGGTGTGTTGTTGC-1,0.084629,0.164789,0.045334,0.705248
ACAGTAATACAACTTG-1,0.248315,0.451062,0.010911,0.289712
ACATAAGTCGTGGTGA-1,0.954757,0.015429,0.00505,0.024764
ACATAATAAGGCGGTG-1,0.019397,0.337655,0.327913,0.315034
ACATACAATCAAGCGG-1,0.156424,0.599715,0.031354,0.212507
ACATCAGCTGGGACGC-1,0.079372,0.858978,0.013966,0.047684
ACATCCCGGCCATACG-1,0.000008,0.962565,0.005732,0.031694
ACATCCTGGTAACTGT-1,0.000019,0.383055,0.018259,0.598667
ACATCGATCGTTTACC-1,0.001037,0.750892,0.025425,0.222646
ACATCGCAATATTCGG-1,0.588922,0.120773,0.051264,0.239041
ACATCGGTCAGCCGCG-1,0.09441,0.863701,0.020938,0.020951
ACATCGTATGCAATGG-1,0.000009,0.921215,0.000686,0.078091
ACATCGTTAACCTAGT-1,0.085846,0.000131,0.895868,0.018155
ACATGCTTACGGCAGC-1,0.905144,0.088797,0.000165,0.005894
ACATGGCGCCAAAGTA-1,0.002004,0.331048,0.02714,0.639808
ACATTAGTTTATATCC-1,0.00825,0.663832,0.015825,0.312093
ACATTCGCGCGGAATA-1,0.690077,0.049045,0.054047,0.206831
ACATTTGAAACCTAAC-1,0.036213,0.614303,0.076666,0.272818
ACCAACCGCACTCCAC-1,0.008725,0.470289,0.055943,0.465043
ACCAACGCTTATTTAT-1,0.005938,0.968854,0.008016,0.017192
ACCAAGAACGCGTGTC-1,0.000031,0.292304,0.442526,0.26514
ACCAAGTCATCGGCAG-1,0.061479,0.913469,0.000858,0.024194
ACCAATATGCAAGTTA-1,0.021699,0.682121,0.030253,0.265927
ACCACAAGTTTCTATC-1,0.000014,0.830529,0.035129,0.134328
ACCACACGGTTGATGG-1,0.008959,0.704709,0.007846,0.278486
ACCACCAATGTAACAA-1,0.043243,0.647151,0.018177,0.29143
ACCACGTGCAGCTATA-1,0.000014,0.734075,0.020827,0.245084
ACCACTGTTCAAGAAG-1,0.060976,0.000234,0.710622,0.228167
ACCAGACCATAACAAC-1,0.066815,0.602511,0.056521,0.274154
ACCAGTGCGGGAGACG-1,0.076554,0.437779,0.028003,0.457664
ACCATATCCGCAATAA-1,0.0837,0.330227,0.029142,0.556931
ACCATCCGCCAACTAG-1,0.333904,0.423403,0.028215,0.214478
ACCATCGTATATGGTA-1,0.004999,0.876297,0.014412,0.104293
ACCATTAAGGGTGTCA-1,0.000027,0.502897,0.462678,0.034399
ACCCAACGCCCGTGGC-1,0.034521,0.506947,0.034995,0.423537
ACCCACCTACATGCTC-1,0.025777,0.550013,0.290837,0.133373
ACCCATCTTGAGGGTA-1,0.024532,0.400896,0.071925,0.502646
ACCCATTTGTCCCTCT-1,0.00002,0.538591,0.032482,0.428906
ACCCGAGCGAAATTAC-1,0.366256,0.011934,0.02643,0.59538
ACCCGATTGGTTCCGA-1,0.004621,0.802753,0.01616,0.176466
ACCCGGAAACTCCCAG-1,0.008464,0.674366,0.032157,0.285012
ACCCGGAGCACCACAA-1,0.000062,0.658149,0.005807,0.335982
ACCCGGATGACGCATC-1,0.02553,0.669075,0.025354,0.280041
ACCCGGTTACACTTCC-1,0.000012,0.946166,0.004683,0.04914
ACCCGTAGCAGAGAAT-1,0.979971,0.000063,0.003392,0.016574
ACCCGTAGTCTAGTTG-1,0.062749,0.547386,0.013343,0.376522
ACCCGTGTCATCAGTA-1,0.124209,0.595334,0.016747,0.26371
ACCCTATAGGACTGAG-1,0.027571,0.000419,0.754722,0.217288
ACCCTATGCCATATCG-1,0.098162,0.89754,0.000764,0.003533
ACCCTCCCGTCAGGGC-1,0.052112,0.584569,0.042353,0.320967
ACCCTCCCTTGCTATT-1,0.016797,0.701786,0.030241,0.251176
ACCGAAGAGTCTGGTT-1,0.642484,0.346219,0.000008,0.011289
ACCGACACATCTCCCA-1,0.041225,0.905089,0.001757,0.051929
ACCGACTGAGTCCCAC-1,0.025784,0.393481,0.260219,0.320516
ACCGAGTCTCCTTATT-1,0.010695,0.935971,0.013479,0.039855
ACCGATAGGCATAACC-1,0.059809,0.24813,0.051816,0.640245
ACCGATATTTAATCAT-1,0.003944,0.510797,0.006288,0.478971
ACCGATGGTAGCATCG-1,0.007212,0.903059,0.048616,0.041113
ACCGCAATAACTGCCT-1,0.040111,0.59076,0.048317,0.320813
ACCGCGGTGGAAGTCG-1,0.009633,0.725881,0.001093,0.263393
ACCGCTAGTCATTGGT-1,0.061562,0.828717,0.004564,0.105157
ACCGGGCCTTTGTTGA-1,0.027064,0.373045,0.021222,0.578669
ACCGGTCAGGTACACC-1,0.852285,0.010585,0.001681,0.135449
ACCGTCCACTGGGCCC-1,0.975354,0.017912,0.00001,0.006723
ACCGTGACCACGTGGG-1,0.018711,0.789399,0.010406,0.181484
ACCTAAGTACCTTTCA-1,0.11509,0.778668,0.009059,0.097182
ACCTAATCGACTTCCT-1,0.000023,0.677453,0.068741,0.253782
ACCTACAGTATGTGGT-1,0.000017,0.568287,0.154655,0.277041
ACCTACTATAAATCTA-1,0.063561,0.843394,0.001062,0.091983
ACCTCAGCGAGGCGCA-1,0.038344,0.576383,0.019627,0.365646
ACCTCCGCCCTCGCTG-1,0.046877,0.614831,0.054078,0.284214
ACCTCCGTTATTCACC-1,0.005653,0.429615,0.294938,0.269795
ACCTCGAACTTATGCT-1,0.979449,0.009467,0.000142,0.010942
ACCTGCGTGTCATGTT-1,0.061661,0.908511,0.001024,0.028805
ACGAAATGGGCGGCAC-1,0.034727,0.638774,0.030779,0.29572
ACGACCCATGAGTTGC-1,0.061729,0.211079,0.002333,0.724859
ACGACTCTAGGGCCGA-1,0.043807,0.854858,0.043707,0.057628
ACGACTGGTCATACTC-1,0.043905,0.649352,0.046949,0.259795
ACGAGATATTTGCTTA-1,0.04048,0.000222,0.949105,0.010193
ACGAGGATACCACTCT-1,0.125803,0.842993,0.008315,0.02289
ACGAGGTTTACAACGT-1,0.932378,0.057128,0.000011,0.010484
ACGAGTACGGATGCCC-1,0.005281,0.791693,0.149332,0.053693
ACGATACATAGAACTA-1,0.000034,0.384216,0.305328,0.310422
ACGATACCTATCCTGA-1,0.025564,0.514888,0.189707,0.269841
ACGATCATACATAGAG-1,0.028322,0.793388,0.131317,0.046973
ACGATCATCTTGTAAA-1,0.000126,0.386609,0.062088,0.551177
ACGATGCATATGTTAT-1,0.213781,0.199547,0.156014,0.430658
ACGATGGATCCGATGC-1,0.082436,0.037014,0.816826,0.063723
ACGCAAACTAATAGAT-1,0.04705,0.602804,0.029454,0.320692
ACGCAATCACTACAGC-1,0.00439,0.156627,0.269077,0.569906
ACGCATACGTTTACTA-1,0.101896,0.759075,0.025913,0.113116
ACGCATTCGTGAGTAC-1,0.000021,0.567071,0.000021,0.432887
ACGCCACTCGAAACAG-1,0.004875,0.772014,0.009425,0.213686
ACGCCAGATGATTTCT-1,0.060664,0.000417,0.200109,0.73881
ACGCCAGTGCGTTTGC-1,0.034301,0.392768,0.107449,0.465482
ACGCCGCTAGACGACC-1,0.118181,0.545874,0.015567,0.320377
ACGCCTGACACGCGCT-1,0.000015,0.5843,0.286102,0.129583
ACGCGAAGTCAGACGA-1,0.000007,0.971778,0.003569,0.024645
ACGCGCTACACAGGGT-1,0.021644,0.755415,0.03056,0.192381
ACGCGGGCCAAGGACA-1,0.004405,0.563767,0.002731,0.429096
ACGCGTTTCTTAAGAG-1,0.00133,0.872262,0.021056,0.105352
ACGCTACTGAATGGGC-1,0.053611,0.252336,0.062817,0.631236
ACGCTAGTGATACACT-1,0.000021,0.806621,0.139848,0.053509
ACGCTGTGAGGCGTAG-1,0.074052,0.713184,0.049443,0.163321
ACGGAACACGAGTGCC-1,0.036005,0.435278,0.072239,0.456478
ACGGAATTTAGCAAAT-1,0.000021,0.659179,0.316261,0.024539
ACGGACGCAGCGACAA-1,0.909707,0.071221,0.000942,0.01813
ACGGACTCTCAAAGCG-1,0.000008,0.925932,0.011499,0.062562
ACGGATGGTGCGGATA-1,0.028035,0.79038,0.023675,0.15791
ACGGCACTTGCTTGGG-1,0.00393,0.6498,0.036524,0.309746
ACGGCCAACATGGACT-1,0.117664,0.687008,0.008084,0.187243
ACGGCGACGATGGGAA-1,0.021176,0.809196,0.017019,0.152609
ACGGCTGGATGTAGAA-1,0.838701,0.02928,0.015374,0.116646
ACGGGAGTGTCGGCCC-1,0.232792,0.354362,0.119106,0.29374
ACGGGTCATGTGACTT-1,0.000026,0.425193,0.536277,0.038504
ACGGGTTGTGACCTGT-1,0.971708,0.000062,0.000012,0.028217
ACGGTACAGTTCAATG-1,0.035288,0.58625,0.036208,0.342254
ACGGTCACCGAGAACA-1,0.94747,0.009067,0.029713,0.01375
ACGTACAGATTTCTCT-1,0.099922,0.000445,0.899367,0.000267
ACGTACTTTGGCACGG-1,0.023236,0.952184,0.007428,0.017152
ACGTAGATTGCTGATG-1,0.018347,0.325684,0.012015,0.643954
ACGTAGGAGAGTCGCT-1,0.089838,0.710185,0.018431,0.181546
ACGTATTACTCCGATC-1,0.000019,0.617861,0.005297,0.376822
ACGTCGGGCAACTCGG-1,0.958852,0.040863,0.000254,0.00003
ACGTCTCGTTCCGGGA-1,0.071227,0.181282,0.138373,0.609118
ACGTGACAAAGTAAGT-1,0.373717,0.581982,0.000013,0.044289
ACGTGCGCCTCGTGCA-1,0.000059,0.128562,0.395725,0.475654
ACGTTAATGTCGAAGA-1,0.19138,0.227274,0.054167,0.527179
ACGTTAGATTTGCCCG-1,0.000013,0.97454,0.003585,0.021863
ACGTTATTGGTCACTC-1,0.000033,0.548115,0.355511,0.096342
ACGTTCACTATGCCGC-1,0.004479,0.857734,0.007581,0.130207
ACGTTCGCAATCAATT-1,0.008359,0.783339,0.129317,0.078986
ACGTTCGTTCAGGAAA-1,0.024995,0.637876,0.023002,0.314128
ACGTTCTGTACAAGTC-1,0.019635,0.79226,0.031251,0.156854
ACGTTGTCGTTGAAAG-1,0.226127,0.278593,0.006056,0.489223
ACGTTTAGTTGTGATC-1,0.132253,0.000381,0.50014,0.367226
ACGTTTCGGTGCACTT-1,0.181081,0.142395,0.03791,0.638613
ACTACAAAGAGAGGTG-1,0.052467,0.736892,0.007224,0.203416
ACTACATCCCGACAAG-1,0.985575,0.004665,0.001742,0.008018
ACTACCAGCTCTCTGG-1,0.014877,0.64775,0.300827,0.036545
ACTACCATCCGAGGGC-1,0.258203,0.46537,0.020554,0.255873
ACTACGCGTTAGAATT-1,0.005251,0.621329,0.021428,0.351992
ACTAGTTGCGATCGTC-1,0.110336,0.42669,0.023916,0.439058
ACTATCCAGGGCATGG-1,0.000022,0.55378,0.08203,0.364168
ACTATCGCCGGCTAAA-1,0.022138,0.508729,0.315276,0.153856
ACTATCTGCCCGCGTA-1,0.020498,0.415021,0.03681,0.527671
ACTATGTCCAGCTGCC-1,0.378187,0.479038,0.010159,0.132616
ACTATTTCCGGGCCCA-1,0.037676,0.83655,0.010193,0.115581
ACTCAAGTGCAAGGCT-1,0.001832,0.884705,0.056128,0.057335
ACTCAATAAAGGCACG-1,0.000022,0.709775,0.075392,0.214811
ACTCATGGCAGCCTTC-1,0.947333,0.004179,0.009111,0.039378
ACTCCAATATCATCAT-1,0.207998,0.134488,0.000015,0.657499
ACTCCCATTCCTAAAG-1,0.319752,0.311873,0.06353,0.304845
ACTCCCGAATTCGTTT-1,0.000038,0.340726,0.136379,0.522856
ACTCCCTAATGCTAAA-1,0.000008,0.864327,0.006083,0.129582
ACTCCCTAGAATAGTA-1,0.060642,0.81049,0.009431,0.119437
ACTCCGGCCGACCACT-1,0.024794,0.632829,0.101937,0.240439
ACTCGATGTATTTCAT-1,0.01249,0.246587,0.408487,0.332436
ACTCGCCGTTCGATAA-1,0.005098,0.764145,0.031067,0.19969
ACTCGCGATCTGACGC-1,0.000004,0.958572,0.003764,0.03766
ACTCGTAACCCGTCCT-1,0.182262,0.439239,0.032075,0.346424
ACTCGTCAGTAATCCC-1,0.000014,0.797583,0.015327,0.187076
ACTCTAAACCTGGGAT-1,0.015362,0.521232,0.140791,0.322616
ACTCTCTGACTTAGGT-1,0.003316,0.418748,0.004804,0.573132
ACTCTGACCTAATAGA-1,0.000012,0.807351,0.040698,0.151939
ACTCTTCAGCTCCCGC-1,0.1247,0.369604,0.19614,0.309556
ACTCTTGTATAGTAAC-1,0.000021,0.494054,0.006987,0.498938
ACTGAAACGCCGTTAG-1,0.028767,0.682238,0.0141,0.274894
ACTGAATGGCGAAAGT-1,0.000009,0.942604,0.002698,0.054689
ACTGCCCGCCATTCTC-1,0.279851,0.599248,0.015157,0.105744
ACTGCCGTCGTAACTC-1,0.003783,0.125367,0.449178,0.421672
ACTGCGGACACACCGT-1,0.012409,0.873149,0.009227,0.105215
ACTGCTCGGAAGGATG-1,0.744911,0.118107,0.019576,0.117406
ACTGGGATGCCAGTGC-1,0.090536,0.707912,0.001752,0.1998
ACTGTACGATACACAT-1,0.000021,0.773594,0.118721,0.107664
ACTGTAGCACTTTGGA-1,0.081066,0.554731,0.202995,0.161207
ACTGTCCAGGATTATA-1,0.000012,0.796665,0.026666,0.176657
ACTGTCTTCTTTAGAA-1,0.039464,0.583647,0.05858,0.31831
ACTGTGCTAGTAGATC-1,0.01856,0.00034,0.435249,0.545851
ACTTACGCATCCACGC-1,0.053151,0.868794,0.004492,0.073563
ACTTAGTACGACAAGA-1,0.004087,0.040507,0.511488,0.443919
ACTTATACTTACCCGG-1,0.006087,0.74226,0.09174,0.159913
ACTTATTAGGATCGGT-1,0.065395,0.872355,0.01508,0.04717
ACTTATTTATGTGCCA-1,0.025884,0.38771,0.057302,0.529105
ACTTCAGGCTGATCCC-1,0.000015,0.901986,0.016776,0.081223
ACTTCCAGTGGAAGCT-1,0.580502,0.405504,0.000009,0.013985
ACTTCCATGCGGGACA-1,0.003657,0.733389,0.018432,0.244522
ACTTCGCCATACGCAC-1,0.000027,0.348902,0.23099,0.420081
ACTTCGCTAGCGAGTG-1,0.039932,0.05585,0.798376,0.105842
ACTTGACTCCCTCTTT-1,0.12324,0.445278,0.011389,0.420092
ACTTGCTCTATCTACC-1,0.993464,0.006481,0.000014,0.000042
ACTTGGGACCCGGTGG-1,0.066738,0.320387,0.064534,0.548341
ACTTGGGCTTTCGCCA-1,0.005845,0.684968,0.009702,0.299485
ACTTGTAGTCCCTTCA-1,0.09554,0.660968,0.022888,0.220604
ACTTGTGGATGGAACG-1,0.054698,0.228063,0.029188,0.688051
ACTTGTTACCGGATCA-1,0.05029,0.848412,0.004201,0.097098
ACTTTACCCTCATGAA-1,0.007895,0.39406,0.172469,0.425576
ACTTTATACACCACTT-1,0.965733,0.0342,0.000017,0.000051
ACTTTCCTATAGCTTC-1,0.046008,0.664663,0.057832,0.231497
ACTTTGACTGCATCCT-1,0.051275,0.749216,0.035057,0.164453
ACTTTGGTCGTGCTCC-1,0.995191,0.00006,0.000012,0.004737
ACTTTGTCGACGCACT-1,0.023654,0.610669,0.011886,0.353791
AGAAATTATGACTCGC-1,0.021622,0.480435,0.006668,0.491275
AGAACACGGCGATGGT-1,0.995808,0.000078,0.004067,0.000047
AGAACCCAGCGTGACA-1,0.00001,0.489649,0.019049,0.491292
AGAACCCTCAATTGGG-1,0.907691,0.05601,0.004924,0.031375
AGAACGTGGTACATTC-1,0.000014,0.69093,0.045755,0.263301
AGAACTGTACTTTGTA-1,0.002698,0.911274,0.012707,0.073322
AGAAGAGCGCCGTTCC-1,0.000209,0.387429,0.481744,0.130619
AGAAGGTACACTTCAC-1,0.720013,0.141691,0.019006,0.119291
AGAAGGTTGCCGAATT-1,0.008763,0.666447,0.013197,0.311593
AGAAGGTTGTAGGTCG-1,0.015661,0.819382,0.016902,0.148055
AGAAGTGATTCGTGAT-1,0.157962,0.772828,0.001048,0.068162
AGAATAAATCTTCAGG-1,0.000011,0.827574,0.036706,0.13571
AGAATACAGGCTATCC-1,0.121845,0.583528,0.077721,0.216906
AGAATTATGGATTCGA-1,0.004595,0.752873,0.028308,0.214224
AGAATTGTTTGACATA-1,0.000047,0.355003,0.509092,0.135857
AGACAGCTCAGAATCC-1,0.113399,0.274257,0.307005,0.305339
AGACAGGCATCTCAGC-1,0.064237,0.273524,0.03732,0.624919
AGACCAAACCACACCT-1,0.735526,0.193076,0.011445,0.059953
AGACCATGGGATACAA-1,0.000018,0.817698,0.170745,0.011539
AGACCCACCGCTGATC-1,0.006095,0.875696,0.010457,0.107752
AGACCCGCCCTCCTCG-1,0.042238,0.536994,0.141311,0.279456
AGACCGCTCCGCGGTT-1,0.000019,0.65652,0.005398,0.338063
AGACCGGGAAACCCTG-1,0.039827,0.394133,0.060526,0.505515
AGACGAAGTGCCGGTC-1,0.011974,0.580769,0.058261,0.348996
AGACGACGATGCCGCT-1,0.129078,0.698887,0.004112,0.167923
AGACGCCCACTTCGCC-1,0.037579,0.363658,0.003855,0.594908
AGACTAGCCTTCCAGA-1,0.093555,0.298398,0.072686,0.535361
AGACTGTTACCGGGTC-1,0.034007,0.721288,0.004575,0.240131
AGAGAAACACCAGAAA-1,0.04801,0.908521,0.00647,0.036999
AGAGAACCGTCTAGGA-1,0.000026,0.337472,0.102592,0.559909
AGAGAAGGAGTACAAT-1,0.027214,0.645704,0.103517,0.223565
AGAGATCTCTAAAGCG-1,0.011702,0.769297,0.036188,0.182814
AGAGCAGTTATGAGAC-1,0.0302,0.558548,0.043676,0.367576
AGAGCCGCCGAGATTT-1,0.000165,0.589482,0.032409,0.377944
AGAGCGGGCTAATCAT-1,0.000082,0.005942,0.262607,0.731368
AGAGCGTACAAGCTCG-1,0.000029,0.04686,0.147522,0.805589
AGAGCTACGAAAGCAT-1,0.097693,0.000282,0.766812,0.135213
AGAGGCTTCGGAAACC-1,0.000013,0.706845,0.008043,0.285099
AGAGTAAACTTCACTA-1,0.006708,0.821725,0.001849,0.169719
AGAGTATAGTGTTACG-1,0.257934,0.004888,0.378437,0.35874
AGAGTCTTAATGAAAG-1,0.082959,0.515199,0.004691,0.397151
AGATAACTTCAGGGCC-1,0.026956,0.809769,0.036725,0.12655
AGATAATCACACCTAT-1,0.999853,0.000082,0.000016,0.000049
AGATACCAATAGAACC-1,0.014415,0.696527,0.023252,0.265806
AGATACCGGTGTTCAC-1,0.018775,0.4918,0.043568,0.445857
AGATACGACTTCATAT-1,0.000024,0.636014,0.327571,0.036391
AGATACTCAAGATCGA-1,0.036548,0.779015,0.008893,0.175544
AGATATAATACGACTA-1,0.016265,0.935014,0.008307,0.040415
AGATCGTGCATAAGAT-1,0.013323,0.00016,0.15963,0.826888
AGATCTCAGGTGTGAT-1,0.000018,0.550928,0.066447,0.382607
AGATCTGGAGAGGATA-1,0.999847,0.000085,0.000017,0.000051
AGATGACTCGCCCACG-1,0.000026,0.754476,0.234331,0.011166
AGATGATGGAGTCTGG-1,0.000028,0.398488,0.051514,0.54997
AGATGCAAGACGTGCA-1,0.669789,0.089943,0.05144,0.188828
AGATGCATCCTGTGTC-1,0.456308,0.079772,0.005075,0.458846
AGATGCTATAACGAGC-1,0.007826,0.000183,0.604984,0.387006
AGATTATAGGACGTTT-1,0.025926,0.498337,0.020574,0.455163
AGATTCACAACCGATA-1,0.396869,0.328362,0.05738,0.217389
AGCAAAGGCCGCTAGT-1,0.007066,0.623005,0.007015,0.362914
AGCAACATATCTTATT-1,0.021395,0.688153,0.005614,0.284838
AGCAACCGAAAGTAAT-1,0.62846,0.16894,0.131473,0.071127
AGCACACGTTTAGACT-1,0.247927,0.738838,0.000027,0.013208
AGCACCAGTACTCACG-1,0.046475,0.390709,0.203176,0.35964
AGCACTACCGGCCTGT-1,0.044684,0.775484,0.025508,0.154324
AGCACTACCTCACCAG-1,0.000014,0.740152,0.028778,0.231056
AGCACTTAAGGACGCC-1,0.019359,0.817392,0.063726,0.099523
AGCAGAAGGAGAAAGA-1,0.003168,0.736177,0.007105,0.25355
AGCAGCCAGATGAATA-1,0.025714,0.68521,0.012238,0.276838
AGCAGTCGAAGCATGC-1,0.060473,0.649051,0.045671,0.244805
AGCATATCAATATGCT-1,0.057247,0.819009,0.007793,0.115951
AGCATCATTTCGAAAG-1,0.552036,0.032317,0.010335,0.405312
AGCATCGTCGATAATT-1,0.017345,0.662121,0.205833,0.114701
AGCATTACGAGGCAAG-1,0.045036,0.802935,0.018296,0.133733
AGCCAAGCTTTGTGTC-1,0.061326,0.745485,0.022016,0.171173
AGCCACAGGTTACCCG-1,0.013568,0.600103,0.051491,0.334837
AGCCACTCCCGTGCTT-1,0.011549,0.533847,0.411039,0.043565
AGCCATATAGTATGTG-1,0.070182,0.868351,0.004776,0.056691
AGCCCATACATGTAAG-1,0.036599,0.485219,0.066555,0.411627
AGCCCGCAACAAGCAG-1,0.080822,0.591444,0.007739,0.319995
AGCCCGCACTACAATG-1,0.000806,0.89647,0.036732,0.065993
AGCCCGGCATTAGAGG-1,0.394526,0.59474,0.000008,0.010726
AGCCCGGTAGCCTGTA-1,0.038821,0.738691,0.011976,0.210513
AGCCCTAAGCGAAGTT-1,0.03033,0.000379,0.321238,0.648053
AGCCCTCCCTGGTGGC-1,0.246392,0.663662,0.002088,0.087858
AGCCCTGTCGCACCGT-1,0.000016,0.749503,0.051521,0.198959
AGCCCTTGGACATCCC-1,0.05389,0.324522,0.024078,0.597511
AGCCGCAAATTCAAAT-1,0.017415,0.492342,0.036132,0.454111
AGCCGCTTGATTAGCG-1,0.011686,0.000221,0.514809,0.473284
AGCCGTGGCTAAATGT-1,0.096781,0.607877,0.014841,0.280501
AGCCTAATACCCACGT-1,0.395302,0.465421,0.008861,0.130416
AGCCTTAAAGCGGAAG-1,0.002314,0.412763,0.365978,0.218944
AGCCTTGTCACTGATA-1,0.999872,0.000071,0.000014,0.000043
AGCGACAGGAACGGTC-1,0.018927,0.608921,0.020894,0.351259
AGCGACATCCCATTCA-1,0.000038,0.074387,0.442591,0.482984
AGCGACCAACGATATT-1,0.000017,0.756678,0.178019,0.065286
AGCGACTTTGAAGACA-1,0.067925,0.453774,0.009459,0.468843
AGCGAGACGTGAAGGC-1,0.910587,0.011264,0.005162,0.072987
AGCGATGCGCCTAATA-1,0.000011,0.915656,0.003879,0.080454
AGCGCATAATGAATCG-1,0.027778,0.722933,0.001297,0.247993
AGCGCGGGTGCCAATG-1,0.000016,0.664775,0.312775,0.022433
AGCGCTAGAGCGATGT-1,0.049843,0.29725,0.045122,0.607784
AGCGGACACTTCGTAG-1,0.020667,0.855324,0.008488,0.115521
AGCGGCGGTTAGCGGT-1,0.463423,0.456059,0.012068,0.068449
AGCGGGAAGGGTCCAT-1,0.034659,0.024974,0.373805,0.566561
AGCGGGTCTGACACTC-1,0.003131,0.828786,0.005904,0.162179
AGCGTGGTATTCTACT-1,0.083691,0.693342,0.022151,0.200817
AGCTAACAAGCAATGT-1,0.040553,0.755479,0.032223,0.171746
AGCTAAGCTCCGTCCG-1,0.050473,0.620881,0.052323,0.276322
AGCTAAGTACGCAGGC-1,0.018843,0.484594,0.011482,0.485081
AGCTACGAATGGTGGT-1,0.00957,0.577023,0.016658,0.39675
AGCTAGAAGCAGAAGT-1,0.01841,0.000263,0.323677,0.657649
AGCTATTTAATCCAAC-1,0.000064,0.00032,0.347057,0.652559
AGCTCCATATATGTTC-1,0.089494,0.482039,0.009425,0.419042
AGCTCCTTCGCACATC-1,0.049255,0.821319,0.038008,0.091417
AGCTCTAGACGTTCCA-1,0.001673,0.619186,0.016026,0.363115
AGCTCTTCCCAGTGCA-1,0.024009,0.000343,0.198199,0.777449
AGCTCTTCGTAACCTT-1,0.000011,0.975495,0.006412,0.018082
AGCTCTTTACTCAGTT-1,0.163124,0.518843,0.144468,0.173565
AGCTGAAGTAAACCAA-1,0.00397,0.379959,0.364338,0.251733
AGCTGTAACCTCAATC-1,0.138168,0.000889,0.000031,0.860912
AGCTTCTTCTCGAGCA-1,0.011583,0.850949,0.020063,0.117405
AGCTTGATCAGGGTAG-1,0.936526,0.042873,0.019495,0.001106
AGCTTGATCTTAACTT-1,0.017479,0.748593,0.0721,0.161828
AGGAACGAACGACTTC-1,0.009195,0.340339,0.012742,0.637724
AGGAAGCTGTCCGCCG-1,0.032103,0.695644,0.029638,0.242615
AGGACAGTCGAATCCC-1,0.017113,0.767937,0.030916,0.184033
AGGACATCGCACGTCG-1,0.00003,0.35803,0.556528,0.085412
AGGACATCGGCACACT-1,0.10026,0.164057,0.063166,0.672518
AGGACGACCCATTAGA-1,0.064811,0.810476,0.021961,0.102752
AGGACTTATAGGAGAA-1,0.000021,0.534237,0.39787,0.067872
AGGAGCGTTTATTATC-1,0.000008,0.88243,0.01989,0.097672
AGGAGGCCTTCGCGCG-1,0.027983,0.422871,0.325016,0.22413
AGGATAAAGTCGGGAT-1,0.126536,0.707529,0.019675,0.146259
AGGATATAGGGATTTA-1,0.044336,0.535434,0.037354,0.382876
AGGATATCCGACTGCA-1,0.179741,0.485099,0.040065,0.295095
AGGATCACGCGATCTG-1,0.219675,0.124208,0.095289,0.560828
AGGATTGCTTACGACA-1,0.000012,0.599431,0.318145,0.082412
AGGCAATACGGAGGAC-1,0.000024,0.374214,0.525447,0.100315
AGGCACGTGACTGTCC-1,0.000011,0.920969,0.005564,0.073457
AGGCAGATGCGTAAAC-1,0.000021,0.70939,0.219537,0.071053
AGGCAGGGAGCGTACT-1,0.196874,0.486417,0.023516,0.293193
AGGCATTGTCGTAGGG-1,0.021847,0.341147,0.093644,0.543362
AGGCCACATTGGTTAC-1,0.000026,0.364274,0.054469,0.581231
AGGCCACCCGTTATGA-1,0.006956,0.527897,0.176303,0.288844
AGGCCCAGTGACTGGT-1,0.166668,0.000232,0.799768,0.033331
AGGCCCATTGTACAGG-1,0.000058,0.071605,0.450545,0.477792
AGGCCCTAGAACGCCA-1,0.015139,0.695675,0.063576,0.22561
AGGCCTATCATACCAA-1,0.089308,0.611556,0.005052,0.294083
AGGCCTGAGAATCTCG-1,0.050451,0.438448,0.021555,0.489545
AGGCGATAACTGGCGT-1,0.014867,0.25791,0.041283,0.68594
AGGCGGTTTGTCCCGC-1,0.860983,0.000104,0.003857,0.135057
AGGCTATGGTTAGCTT-1,0.032086,0.472079,0.09511,0.400724
AGGCTTAAGTTGCACA-1,0.089666,0.669514,0.00602,0.2348
AGGCTTCCCGAAGAAG-1,0.011181,0.774648,0.009861,0.204309
AGGCTTGCTAGACACC-1,0.041666,0.089546,0.499196,0.369592
AGGGACCGGCTGCGTT-1,0.000019,0.470831,0.042292,0.486858
AGGGACTCTACGCGAC-1,0.006108,0.94731,0.004982,0.0416
AGGGAGACATACTTCG-1,0.000012,0.52976,0.345974,0.124254
AGGGCAGCGGCGTGGT-1,0.041541,0.000176,0.798863,0.159419
AGGGCCCTAATGTTCT-1,0.025258,0.12894,0.025062,0.82074
AGGGCGAGCAGCTGAT-1,0.045864,0.345255,0.06012,0.54876
AGGGCGTGATCGGCTA-1,0.000022,0.405544,0.266158,0.328276
AGGGCTGCAGTTACAG-1,0.032123,0.651247,0.007513,0.309118
AGGGTCAGAGCACTCG-1,0.111781,0.753359,0.052645,0.082214
AGGGTCGATGCGAACT-1,0.000008,0.985779,0.00378,0.010432
AGGGTCTGGACGCAGT-1,0.037979,0.449168,0.032305,0.480548
AGGGTGCCGTTCTTTA-1,0.033144,0.840376,0.007069,0.11941
AGGGTGCTCTCGAGGG-1,0.000016,0.375494,0.059788,0.564702
AGGGTGGATAGTGCAT-1,0.043798,0.65193,0.019934,0.284338
AGGGTTCAGACGGTCC-1,0.030158,0.46148,0.011836,0.496526
AGGGTTCCCTTTGGTT-1,0.022306,0.041738,0.132026,0.803931
AGGGTTTAGTTCGGGA-1,0.000029,0.490945,0.009758,0.499267
AGGTAACCTCCTATTC-1,0.000061,0.000307,0.456234,0.543398
AGGTAGATCGAGATAT-1,0.07258,0.722587,0.187908,0.016925
AGGTAGGTACAAAGCT-1,0.037134,0.540675,0.084285,0.337906
AGGTATAATTGATAGT-1,0.007097,0.573953,0.076044,0.342906
AGGTATGCGGACATTA-1,0.000017,0.545212,0.164103,0.290669
AGGTCAGGTGAGAGTG-1,0.116388,0.544387,0.011717,0.327508
AGGTCGCCTCCCAACA-1,0.107663,0.124622,0.12957,0.638145
AGGTCGCGGAGTTACT-1,0.000014,0.779678,0.185417,0.034891
AGGTGCACGTCCACAT-1,0.063481,0.598029,0.035149,0.303341
AGGTGGTGACCTTCGC-1,0.090708,0.559881,0.028376,0.321034
AGGTGTATCGCCATGA-1,0.05282,0.630028,0.029316,0.287836
AGGTGTTGCCGACCAC-1,0.117706,0.399398,0.018139,0.464758
AGGTTACACCATGCCG-1,0.112345,0.295487,0.017229,0.574938
AGGTTCTCCTTTCCGG-1,0.422038,0.00004,0.000008,0.577914
AGGTTGAGGCACGCTT-1,0.000025,0.604232,0.257749,0.137994
AGGTTTCACACACCTT-1,0.067405,0.366539,0.021422,0.544634
AGTAACTATAGCAGCC-1,0.001588,0.775193,0.139026,0.084193
AGTAAGGGACAGAATC-1,0.053969,0.695512,0.025775,0.224745
AGTAATCTAAGGGTGG-1,0.030494,0.767167,0.036867,0.165472
AGTAATGTCTTGCCGC-1,0.012915,0.092333,0.414312,0.48044
AGTAATTTGCAAGCGT-1,0.916005,0.071636,0.000008,0.012351
AGTACAGAAGCTTATA-1,0.051058,0.850086,0.009465,0.089391
AGTACATCATTTATCA-1,0.000023,0.608738,0.246636,0.144604
AGTACGGCCCGTATCG-1,0.012941,0.565643,0.048739,0.372677
AGTACGGGCACCTGGC-1,0.000014,0.78714,0.178036,0.03481
AGTACTCTTATGCCCA-1,0.025117,0.875543,0.017327,0.082012
AGTAGAAGGCGCCTCA-1,0.045534,0.577478,0.006076,0.370912
AGTAGGTAACATACAT-1,0.027073,0.00038,0.618352,0.354195
AGTATAATACTAGGCA-1,0.000047,0.385286,0.213055,0.401611
AGTATACACAGCGACA-1,0.0255,0.884648,0.008475,0.081377
AGTATGCTGGAGACCA-1,0.57546,0.015063,0.032052,0.377426
AGTATTTGGCACGACC-1,0.071792,0.672116,0.008309,0.247783
AGTCAAATGATGTGAT-1,0.008953,0.825036,0.007661,0.15835
AGTCAACACCACCATC-1,0.028171,0.525598,0.04982,0.39641
AGTCAAGATGACACTT-1,0.018962,0.578391,0.0475,0.355147
AGTCACTAGCTCTCGA-1,0.005863,0.511592,0.105388,0.377157
AGTCAGCCACCGCCTG-1,0.000036,0.467347,0.467466,0.065151
AGTCCATTGGCTGATG-1,0.000014,0.579019,0.010606,0.410361
AGTCGAAACGATTCAG-1,0.999915,0.000047,0.000009,0.000028
AGTCGAATTAGCGTAA-1,0.077545,0.363302,0.074399,0.484755
AGTCGACGGTCTCAAG-1,0.005722,0.432818,0.037412,0.524047
AGTCGGCCCAAACGAC-1,0.004362,0.360429,0.184989,0.45022
AGTCGGCTCAACTTTA-1,0.201293,0.664001,0.012453,0.122253
AGTCGGTTGCGTGAGA-1,0.010852,0.71825,0.041767,0.229131
AGTCGTATAAAGCAGA-1,0.032132,0.847048,0.017406,0.103414
AGTCGTCGACCACCAA-1,0.01636,0.875044,0.049366,0.059229
AGTCGTGGGCATTACG-1,0.069432,0.802525,0.000172,0.127871
AGTCTAAAGTATACTC-1,0.000015,0.768871,0.164041,0.067073
AGTCTCACAAGACTAC-1,0.192358,0.72786,0.012535,0.067247
AGTCTGGACATCCTTG-1,0.023054,0.001059,0.324691,0.651196
AGTCTTCTCCTCAAAT-1,0.000022,0.790996,0.192561,0.016422
AGTCTTTAAAGTGTCC-1,0.007295,0.780544,0.034821,0.17734
AGTGAACAAACTTCTC-1,0.001188,0.53127,0.01607,0.451472
AGTGACCTACTTTACG-1,0.012697,0.366616,0.014987,0.6057
AGTGACTGTGACACAA-1,0.272609,0.305353,0.094888,0.32715
AGTGAGACTTCCAGTA-1,0.028503,0.22103,0.080443,0.670024
AGTGAGCCTCGCCGCC-1,0.000021,0.446114,0.266573,0.287291
AGTGAGTCGAATTAAC-1,0.00542,0.874401,0.013559,0.10662
AGTGATAACCTGCGCG-1,0.015911,0.68215,0.038523,0.263416
AGTGATATGAGTAGTT-1,0.000016,0.898409,0.005856,0.095719
AGTGATTCAAGCAGGA-1,0.000018,0.653012,0.031212,0.315758
