Barcode,Topic 1,Topic 2to3,Topic 4,Topic 5to7,Topic 8,Topic 9to10
AAACAAGTATCTCCCA-1,0.000103,0.799507,0.095129,0.00031,0.000103,0.104848
AAACAATCTACTAGCA-1,0.000025,0.220276,0.011989,0.414804,0.292371,0.060535
AAACACCAATAACTGC-1,0.450816,0.4571,0.000085,0.000256,0.000196,0.091546
AAACAGAGCGACTCCT-1,0.000023,0.075053,0.00365,0.398639,0.005466,0.517168
AAACAGCTTTCAGAAG-1,0.000042,0.424889,0.000042,0.21822,0.266032,0.090774
AAACAGGGTCTATATT-1,0.026381,0.130037,0.059905,0.030554,0.152145,0.600977
AAACAGTGTTCCTGGG-1,0.000049,0.77443,0.102283,0.079158,0.000028,0.044053
AAACATGGTGAGAGGA-1,0.890143,0.109683,0.000025,0.000075,0.000025,0.00005
AAACATTTCCCGGATT-1,0.025458,0.006562,0.310094,0.587491,0.000017,0.070379
AAACCACTACACAGAT-1,0.003813,0.187726,0.439418,0.321224,0.030706,0.017113
AAACCCGAACGAAATC-1,0.000031,0.277603,0.240563,0.357395,0.074509,0.049899
AAACCGGAAATGTTAA-1,0.00668,0.019933,0.377106,0.243206,0.16852,0.184554
AAACCGGGTAGGTACC-1,0.000032,0.593632,0.000032,0.173784,0.227272,0.005248
AAACCGTTCGTCCAGG-1,0.000009,0.000695,0.000009,0.112689,0.763348,0.12325
AAACCTAAGCAGCCGG-1,0.00001,0.372071,0.184306,0.114299,0.170052,0.159262
AAACCTCATGAAGTTG-1,0.000034,0.431239,0.020052,0.092125,0.395908,0.060642
AAACGAAGAACATACC-1,0.00379,0.1105,0.034717,0.511709,0.149186,0.190097
AAACGAAGATGGAGTA-1,0.718574,0.281026,0.000057,0.000171,0.000057,0.000114
AAACGACAGTCTTGCC-1,0.009837,0.134336,0.474807,0.105345,0.093007,0.182668
AAACGAGACGGTTGAT-1,0.000064,0.236219,0.000064,0.451001,0.162487,0.150166
AAACGCCCGAGATCGG-1,0.001178,0.00004,0.050715,0.356855,0.066305,0.524906
AAACGCTGGGCACGAC-1,0.020044,0.35888,0.321667,0.144876,0.000034,0.154499
AAACGGGCGTACGGGT-1,0.011078,0.059258,0.311954,0.254016,0.002795,0.360899
AAACGGTTGCGAACTG-1,0.000014,0.457714,0.158048,0.162025,0.153813,0.068385
AAACGTGTTCGCCCTA-1,0.011877,0.040142,0.316022,0.071621,0.209065,0.351274
AAACTAACGTGGCGAC-1,0.012826,0.127369,0.290858,0.289405,0.164862,0.11468
AAACTCGGTTCGCAAT-1,0.00272,0.249908,0.030537,0.022145,0.125456,0.569233
AAACTCGTGATATAAG-1,0.010374,0.442953,0.17411,0.139512,0.191377,0.041674
AAACTGCTGGCTCCAA-1,0.000036,0.11563,0.017899,0.799782,0.019611,0.047042
AAACTTAATTGCACGC-1,0.999764,0.000053,0.000026,0.000079,0.000026,0.000053
AAACTTGCAAACGTAT-1,0.019486,0.597287,0.000045,0.146081,0.171708,0.065393
AAAGAATGACCTTAGA-1,0.912377,0.029306,0.000059,0.05808,0.000059,0.000119
AAAGACATGAAGTTTA-1,0.000128,0.998974,0.000128,0.000385,0.000128,0.000256
AAAGACCCAAGTCGCG-1,0.012961,0.075933,0.009318,0.36925,0.429207,0.103331
AAAGACTGGGCGCTTT-1,0.004191,0.203609,0.059027,0.458731,0.249667,0.024776
AAAGCTTGCCTACATA-1,0.00974,0.108342,0.385032,0.183125,0.122074,0.191687
AAAGGCCCTATAATAC-1,0.751877,0.144828,0.037899,0.000084,0.017394,0.047917
AAAGGCTACGGACCAT-1,0.000019,0.593707,0.092876,0.006993,0.254383,0.052022
AAAGGCTCTCGCGCCG-1,0.000035,0.464551,0.004365,0.198385,0.313051,0.019613
AAAGGGATGTAGCAAG-1,0.000025,0.026404,0.00008,0.540996,0.014448,0.418047
AAAGGGCAGCTTGAAT-1,0.000033,0.274522,0.053512,0.516523,0.153973,0.001437
AAAGGTAAGCTGTACC-1,0.000035,0.347918,0.24218,0.403861,0.000035,0.00597
AAAGGTCAACGACATG-1,0.026762,0.209109,0.446325,0.317731,0.000024,0.000049
AAAGTAGCATTGCTCA-1,0.003403,0.162838,0.022946,0.156227,0.397073,0.257513
AAAGTCACTGATGTAA-1,0.025065,0.24352,0.014355,0.40612,0.212182,0.098757
AAAGTCGACCCTCAGT-1,0.000026,0.378146,0.010518,0.196383,0.319872,0.095055
AAAGTGCCATCAATTA-1,0.000008,0.004035,0.231233,0.023313,0.010245,0.731166
AAAGTGTGATTTATCT-1,0.03593,0.332126,0.124529,0.36466,0.002489,0.140266
AAAGTTGACTCCCGTA-1,0.02852,0.758397,0.091129,0.090514,0.000091,0.03135
AAATAACCATACGGGA-1,0.000081,0.945717,0.000081,0.000841,0.05312,0.000161
AAATAAGGTAGTGCCC-1,0.000017,0.245268,0.199741,0.261778,0.180307,0.112888
AAATACCTATAAGCAT-1,0.000046,0.204179,0.003374,0.775867,0.000046,0.016488
AAATAGCTTAGACTTT-1,0.006551,0.216436,0.041501,0.675545,0.026491,0.033475
AAATAGGGTGCTATTG-1,0.000015,0.102215,0.052146,0.567932,0.080701,0.196991
AAATCACTCCTAAACG-1,0.009795,0.05892,0.378028,0.031222,0.312344,0.20969
AAATCCGATACACGCC-1,0.007238,0.230727,0.15221,0.256354,0.106123,0.247348
AAATCGCGGAAGGAGT-1,0.867969,0.123115,0.00006,0.00018,0.00006,0.008615
AAATCGTGTACCACAA-1,0.000025,0.003992,0.000025,0.651757,0.012064,0.332136
AAATCTAGCCCTGCTA-1,0.079234,0.338642,0.032466,0.144462,0.000062,0.405134
AAATCTGCCCGCGTCC-1,0.681229,0.315872,0.000072,0.002611,0.000072,0.000144
AAATGACTGATCAAAC-1,0.00012,0.508213,0.00012,0.491187,0.00012,0.00024
AAATGATTCGATCAGC-1,0.001272,0.018509,0.190608,0.27995,0.424882,0.084779
AAATGCTCGTTACGTT-1,0.000041,0.584233,0.000041,0.011136,0.398616,0.005934
AAATGGCATGTCTTGT-1,0.000039,0.133226,0.021364,0.714383,0.027084,0.103904
AAATGGCCCGTGCCCT-1,0.008778,0.000013,0.000321,0.035054,0.0852,0.870634
AAATGGTCAATGTGCC-1,0.019412,0.187383,0.000554,0.778902,0.000052,0.013697
AAATGTATCTTATCCC-1,0.825991,0.124884,0.000058,0.048893,0.000058,0.000116
AAATGTGGGTGCTCCT-1,0.016015,0.013671,0.062166,0.238198,0.387146,0.282803
AAATTAACGGGTAGCT-1,0.000096,0.790891,0.000096,0.20863,0.000096,0.000192
AAATTAATAAGCGCGA-1,0.145954,0.599969,0.01049,0.087071,0.000045,0.156471
AAATTACACGACTCTG-1,0.000093,0.651378,0.000093,0.148884,0.047303,0.152249
AAATTACCTATCGATG-1,0.000027,0.102623,0.014199,0.701754,0.000027,0.18137
AAATTCCAGGTCCAAA-1,0.021905,0.15058,0.235027,0.371271,0.170667,0.050551
AAATTGATAGTCCTTT-1,0.000046,0.498826,0.000046,0.00692,0.225757,0.268404
AAATTGGTGAGAAGCA-1,0.0017,0.02147,0.178516,0.020403,0.358156,0.419756
AAATTTACCGAAATCC-1,0.035994,0.92928,0.000084,0.034389,0.000084,0.000169
AAATTTGCGGGTGTGG-1,0.003094,0.115885,0.004822,0.197089,0.585972,0.093138
AACAACTGGTAGTTGC-1,0.000064,0.459574,0.000064,0.422291,0.037473,0.080535
AACAATACATTGTCGA-1,0.000555,0.20463,0.070559,0.077799,0.129349,0.517107
AACAATTACTCTACGC-1,0.000022,0.000044,0.018029,0.514194,0.244623,0.223088
AACACACGCTCGCCGC-1,0.031639,0.817974,0.000136,0.022761,0.000136,0.127355
AACACGACTGTACTGA-1,0.035469,0.153278,0.000027,0.635195,0.004165,0.171865
AACACGAGACGCGGCC-1,0.000042,0.706505,0.002307,0.059336,0.230556,0.001254
AACACGCGGCCGCGAA-1,0.005779,0.12085,0.070386,0.231571,0.545213,0.0262
AACAGCTGTGTGGCAA-1,0.000037,0.775384,0.095881,0.045782,0.059561,0.023355
AACAGGAAATCGAATA-1,0.000042,0.181736,0.000042,0.818055,0.000042,0.000084
AACAGGATGGGCCGCG-1,0.000061,0.518566,0.000061,0.031024,0.000944,0.449344
AACAGGTAGTATGGAT-1,0.007766,0.054338,0.247365,0.237289,0.015478,0.437762
AACATAGCGTGTATCG-1,0.000031,0.19858,0.004461,0.431477,0.358543,0.006908
AACATATCAACTGGTG-1,0.002023,0.21581,0.049196,0.732888,0.000027,0.000055
AACATCGATACGTCTA-1,0.000009,0.001378,0.265308,0.007559,0.700487,0.025259
AACATTGAAGTTGATC-1,0.803364,0.043508,0.015369,0.1221,0.00858,0.00708
AACATTGTGACTCGAG-1,0.034927,0.490655,0.163005,0.170883,0.028422,0.112108
AACCAAGACTTCTCTG-1,0.000024,0.372077,0.000387,0.158936,0.415517,0.053059
AACCAGTATCACTCTT-1,0.062554,0.861737,0.0001,0.075308,0.0001,0.000201
AACCATAGGGTTGAAC-1,0.916803,0.000019,0.000009,0.081565,0.000009,0.001594
AACCATGGGATCGCTA-1,0.051067,0.345293,0.007005,0.228014,0.254167,0.114454
AACCCAGAGACGGAGA-1,0.000014,0.001153,0.00383,0.43413,0.446127,0.114746
AACCCATCCCATGATC-1,0.41837,0.000036,0.000018,0.000054,0.000018,0.581504
AACCCGACAACCCGTG-1,0.000404,0.30272,0.387051,0.118239,0.067388,0.124197
AACCCGAGCAGAATCG-1,0.015278,0.446362,0.3249,0.155184,0.000041,0.058234
AACCCGATAGGGCTTC-1,0.00001,0.033468,0.458556,0.028318,0.270619,0.20903
AACCCGCTGTATTCCA-1,0.028422,0.162547,0.000023,0.27355,0.211209,0.324251
AACCCTACTGTCAATA-1,0.000054,0.38506,0.090362,0.524362,0.000054,0.000107
AACCCTGGTGGAACCA-1,0.000024,0.207589,0.044009,0.556293,0.041325,0.150761
AACCGAGCTTGGTCAT-1,0.00765,0.313493,0.000053,0.632809,0.000053,0.045943
AACCGCTAAGGGATGC-1,0.176041,0.642214,0.000108,0.000323,0.000108,0.181206
AACCGTTGTGTTTGCT-1,0.008441,0.090049,0.000046,0.844371,0.023928,0.033165
AACCTAAAGCCGTCCG-1,0.102479,0.733756,0.000069,0.163488,0.000069,0.000139
AACCTCGCTTTAGCCC-1,0.000489,0.29178,0.236149,0.409655,0.020181,0.041746
AACCTGTCACGGAATT-1,0.000022,0.294865,0.257548,0.150593,0.268021,0.028951
AACCTTTAAATACGGT-1,0.040149,0.00751,0.000017,0.323899,0.362457,0.265969
AACCTTTACGACGTCT-1,0.000045,0.340848,0.001415,0.517281,0.000045,0.140365
AACGAAAGTCGTCCCA-1,0.999782,0.000048,0.000024,0.000073,0.000024,0.000048
AACGATAATGCCGTAG-1,0.015838,0.041262,0.000021,0.620704,0.176742,0.145433
AACGATAGAAGGGCCG-1,0.015654,0.000072,0.003558,0.403802,0.340608,0.236305
AACGATATGTCAACTG-1,0.000088,0.702342,0.000088,0.211337,0.049228,0.036916
AACGCATGATCTGGGT-1,0.000017,0.105917,0.054885,0.182069,0.412641,0.244471
AACGCGAACGGCAACA-1,0.023586,0.342575,0.009036,0.197855,0.303957,0.122991
AACGCGACCTTGGGCG-1,0.138999,0.4178,0.081521,0.000045,0.000015,0.36162
AACGCGGTCTCCAGCC-1,0.000037,0.140374,0.000037,0.490733,0.014256,0.354564
AACGCTGTTGCTGAAA-1,0.00009,0.708511,0.045314,0.158081,0.00009,0.087914
AACGGACGTACGTATA-1,0.102578,0.896451,0.000139,0.000416,0.000139,0.000277
AACGGCCATCTCCGGT-1,0.000031,0.407704,0.109185,0.14901,0.282238,0.051832
AACGTACTGTGGGTAC-1,0.00004,0.469066,0.046486,0.362253,0.111853,0.010302
AACGTAGTCTACCCAT-1,0.046929,0.469463,0.001574,0.440039,0.041909,0.000087
AACGTCAGACTAGTGG-1,0.000044,0.289764,0.000044,0.710017,0.000044,0.000087
AACGTCATCCGGCTTG-1,0.163857,0.010003,0.005002,0.338294,0.005002,0.477843
AACGTGATGAAGGACA-1,0.059747,0.799839,0.000083,0.00025,0.000083,0.139998
AACGTGCGAAAGTCTC-1,0.000052,0.257055,0.000052,0.521646,0.072488,0.148708
AACGTTATCAGCACCT-1,0.002163,0.083759,0.000015,0.103572,0.375909,0.434582
AACTACCCGTTTGTCA-1,0.014146,0.170967,0.408717,0.400968,0.000033,0.005169
AACTAGCGTATCGCAC-1,0.000011,0.000022,0.000381,0.078157,0.413486,0.507943
AACTAGGCTTGGGTGT-1,0.000052,0.508679,0.000052,0.127079,0.351031,0.013108
AACTCAAGTTAATTGC-1,0.000037,0.231287,0.009143,0.578146,0.030903,0.150483
AACTCCAGAGCGTGTT-1,0.01652,0.025467,0.040549,0.57632,0.005852,0.335292
AACTCCTAATCCCATG-1,0.018052,0.402138,0.057689,0.506377,0.000047,0.015698
AACTCGATGGCGCAGT-1,0.002155,0.320216,0.00003,0.232767,0.402757,0.042075
AACTCTCAATAGAGCG-1,0.000047,0.43758,0.004361,0.520533,0.002093,0.035386
AACTCTCAGTGTGCTC-1,0.008715,0.456456,0.089457,0.212296,0.227459,0.005617
AACTGAGGTCAGCGTC-1,0.024486,0.190487,0.251728,0.241151,0.077148,0.215001
AACTGAGTTATACTGA-1,0.003874,0.000014,0.082668,0.160975,0.099338,0.653132
AACTGATATTAGGCCT-1,0.031605,0.013386,0.00004,0.738334,0.036238,0.180397
AACTGGGTCCCGACGT-1,0.021419,0.00008,0.00004,0.713561,0.066539,0.198361
AACTGGGTTCGAGCCG-1,0.063352,0.597739,0.001648,0.312552,0.023083,0.001626
AACTGGTGTGGGCCTT-1,0.0499,0.000023,0.003303,0.15185,0.516288,0.278635
AACTTCTGCGTCTATC-1,0.023823,0.152665,0.012309,0.28341,0.312753,0.21504
AACTTGCCCGTATGCA-1,0.004285,0.202309,0.101464,0.460763,0.207068,0.024112
AACTTGCGTTCTCGCG-1,0.00003,0.235147,0.01288,0.43671,0.31448,0.000754
AACTTTACGGGAGCTT-1,0.000037,0.645765,0.000037,0.04288,0.24694,0.064341
AACTTTAGCTGCTGAG-1,0.000019,0.009768,0.0181,0.343322,0.349193,0.279598
AACTTTCTCGATCATG-1,0.008733,0.071818,0.236994,0.145395,0.230321,0.30674
AAGAAAGTTTGATGGG-1,0.635804,0.278694,0.00009,0.085143,0.00009,0.000179
AAGAAATCACCAGATT-1,0.058567,0.201074,0.474261,0.119404,0.11686,0.029834
AAGAAGGATCAGTTAG-1,0.000025,0.179014,0.000025,0.343937,0.385698,0.091301
AAGACCAAATAACTCA-1,0.917352,0.005878,0.000024,0.076673,0.000024,0.000048
AAGACCCAACTGAACA-1,0.000008,0.226908,0.065943,0.139589,0.324136,0.243417
AAGACTAACCCGTTGT-1,0.001095,0.352456,0.008734,0.206313,0.356889,0.074513
AAGACTCACGCCCACT-1,0.054827,0.818698,0.000097,0.126089,0.000097,0.000193
AAGACTGCAAGCTACT-1,0.000161,0.881191,0.000161,0.000482,0.000161,0.117845
AAGAGATGAATCGGTA-1,0.000072,0.505358,0.000072,0.446011,0.048344,0.000143
AAGAGCTCTTTATCGG-1,0.081883,0.409547,0.000101,0.21395,0.000101,0.294417
AAGAGGATGTACGCGA-1,0.000042,0.492755,0.000042,0.322097,0.184978,0.000085
AAGAGGCATGGATCGC-1,0.110309,0.728488,0.000083,0.000248,0.000083,0.16079
AAGATGGCACCGGACC-1,0.044727,0.083572,0.257059,0.310804,0.185466,0.118371
AAGATTGGCGGAACGT-1,0.036444,0.725292,0.000056,0.22411,0.000056,0.014041
AAGCACCCTGCGTATC-1,0.000025,0.184456,0.060155,0.600199,0.071717,0.083448
AAGCATACTCTCCTGA-1,0.014527,0.000032,0.001357,0.61454,0.099557,0.269988
AAGCCACTTGCAGGTA-1,0.456895,0.094036,0.001628,0.447326,0.000038,0.000076
AAGCCGAAGCGGTTTA-1,0.000034,0.107092,0.323735,0.341849,0.000034,0.227256
AAGCCGCCGTGAAATC-1,0.415417,0.092461,0.274213,0.000185,0.00002,0.217704
AAGCCGCTTTACCTTG-1,0.02263,0.057214,0.397335,0.022108,0.284207,0.216506
AAGCCGGAGAGCAGGA-1,0.002271,0.013672,0.393323,0.34664,0.005293,0.238801
AAGCGCAGGGCTTTGA-1,0.010485,0.017146,0.365505,0.121175,0.438104,0.047585
AAGCGGAGTGCGCGCA-1,0.087418,0.0661,0.212945,0.124204,0.046221,0.463112
AAGCGGCGTCATGGGT-1,0.000024,0.000048,0.015675,0.477297,0.004688,0.502268
AAGCGTCCCTCATCGA-1,0.03013,0.318258,0.053443,0.52225,0.008267,0.067653
AAGCTAGATCGAGTAA-1,0.000027,0.309189,0.000754,0.4288,0.131627,0.129604
AAGCTATGGATTGACC-1,0.025003,0.05002,0.025005,0.075021,0.774942,0.050008
AAGCTCGTGCCAAGTC-1,0.000083,0.250804,0.011348,0.320015,0.134383,0.283367
AAGCTCTTTCATGGTG-1,0.000032,0.164944,0.020883,0.695686,0.025131,0.093323
AAGGAGAACTTATAAG-1,0.000023,0.414459,0.014426,0.243781,0.233878,0.093433
AAGGAGCGGTTGGTGC-1,0.000039,0.075552,0.000039,0.922901,0.000039,0.001431
AAGGATCGATCGCTTG-1,0.000035,0.311072,0.135394,0.461166,0.026358,0.065975
AAGGATGAGGGACCTC-1,0.039619,0.828244,0.00757,0.107454,0.000085,0.017028
AAGGCAGGCTGTCTCC-1,0.007346,0.274662,0.168402,0.12461,0.220025,0.204955
AAGGCGCGTAAAGCTT-1,0.000053,0.765835,0.00394,0.183278,0.046788,0.000106
AAGGCTGTGCTCATCG-1,0.000054,0.302381,0.01297,0.684431,0.000054,0.000109
AAGGGAACGACTGGCT-1,0.32113,0.039997,0.18575,0.000055,0.106329,0.34674
AAGGGACAGATTCTGT-1,0.000043,0.589107,0.000061,0.41066,0.000043,0.000086
AAGGGACTATGCATTC-1,0.053952,0.476746,0.413545,0.000097,0.002828,0.052832
AAGGGTTTGATTTCAG-1,0.999598,0.000089,0.000045,0.000134,0.000045,0.000089
AAGGTATCCTAATATA-1,0.009079,0.209694,0.000041,0.631579,0.071932,0.077676
AAGGTGATAAACCAGC-1,0.026395,0.416412,0.000083,0.303303,0.003988,0.249819
AAGTAAGCTTCCAAAC-1,0.02995,0.473531,0.000028,0.493932,0.002502,0.000057
AAGTAGAAGACCGGGT-1,0.012272,0.191695,0.00491,0.791026,0.000032,0.000064
AAGTAGTGACGCGAGG-1,0.000056,0.408319,0.073571,0.470094,0.047848,0.000112
AAGTCAATTGTCGTCA-1,0.003727,0.24861,0.311763,0.301606,0.000052,0.134242
AAGTCTAGTAGCTGCC-1,0.032043,0.086194,0.301592,0.089628,0.262834,0.227708
AAGTCTTCTGTGGCCT-1,0.612505,0.325464,0.061676,0.000177,0.000059,0.000118
AAGTGACGACCGAATT-1,0.000023,0.142474,0.009417,0.194625,0.568212,0.08525
AAGTGAGTCGGGTTTA-1,0.018939,0.126376,0.360435,0.006977,0.194631,0.292642
AAGTGCAAAGGTAGAC-1,0.002031,0.066662,0.002159,0.180449,0.547096,0.201603
AAGTGCCTTGACTGTA-1,0.000032,0.044484,0.091744,0.346511,0.006103,0.511126
AAGTGCGTTAGAATCT-1,0.007771,0.317688,0.014911,0.353791,0.2785,0.027339
AAGTGCTTCTCTATTG-1,0.315856,0.21058,0.252103,0.030461,0.00002,0.19098
AAGTGTTTGGAGACGG-1,0.000026,0.206937,0.003392,0.652791,0.045575,0.091279
AAGTTCACTCCAAGCT-1,0.013872,0.181449,0.020359,0.710737,0.0055,0.068083
AAGTTCAGTCTGCGTA-1,0.000033,0.197296,0.140697,0.563982,0.017932,0.08006
AAGTTCGGCCAACAGG-1,0.000035,0.756305,0.000035,0.07558,0.167974,0.000071
AAGTTGTGATGTTATA-1,0.056282,0.341534,0.230069,0.156779,0.000012,0.215326
AAGTTTACTAATGGCA-1,0.003313,0.000043,0.016976,0.520708,0.261773,0.197188
AAGTTTATGGGCCCAA-1,0.032461,0.275088,0.345897,0.118248,0.111588,0.116718
AATAACAACGCTCGGC-1,0.000045,0.605251,0.000481,0.351254,0.039595,0.003375
AATAACACTAGAACAA-1,0.000028,0.887075,0.000028,0.052544,0.060267,0.000057
AATAAGTCCTCGAGAC-1,0.000018,0.024554,0.022196,0.502287,0.141277,0.309667
AATAATCTTCGTATCG-1,0.000512,0.022468,0.133951,0.214326,0.014699,0.614045
AATACAATGTTTCAGG-1,0.015353,0.541406,0.000049,0.132577,0.297748,0.012867
AATACCGGAGGGCTGT-1,0.002718,0.50777,0.35218,0.056448,0.009161,0.071724
AATAGAACAGAGTGGC-1,0.000023,0.482346,0.000117,0.147077,0.370392,0.000045
AATAGAATCTGTTTCA-1,0.000123,0.756566,0.000123,0.242818,0.000123,0.000246
AATAGCAAGCCTCCTG-1,0.026826,0.055361,0.167196,0.217954,0.064209,0.468455
AATAGCTACCGCGTGC-1,0.00003,0.354503,0.346707,0.253374,0.02082,0.024566
AATAGGCACGACCCTT-1,0.010001,0.020006,0.010002,0.030008,0.010004,0.919979
AATAGTCCGTCCCGAC-1,0.000021,0.607865,0.001318,0.034539,0.352482,0.003775
AATAGTCGCGAGTCGG-1,0.00174,0.517414,0.00003,0.12471,0.223221,0.132885
AATATCAAGGTCGGAT-1,0.000013,0.000025,0.000542,0.309407,0.394649,0.295364
AATATCCTAGCAAACT-1,0.80429,0.000044,0.01709,0.083547,0.000022,0.095007
AATATCGAATCAATGC-1,0.000036,0.210735,0.462438,0.308158,0.000036,0.018596
AATATCGAGGGTTCTC-1,0.021728,0.080552,0.103644,0.597146,0.044269,0.152661
AATATTGGAGTATTGA-1,0.000023,0.366995,0.000023,0.026252,0.606594,0.000114
AATCAGACTGCAGGAC-1,0.000082,0.385714,0.000082,0.151821,0.381286,0.081016
AATCAGGTTTCATTTA-1,0.168216,0.215973,0.125014,0.001005,0.014537,0.475255
AATCATGTAAAGACTC-1,0.049304,0.629142,0.003059,0.000254,0.000085,0.318157
AATCCAAGGGCCTGAG-1,0.056269,0.64198,0.021867,0.226566,0.030149,0.02317
AATCCATGCAAGGGTG-1,0.000028,0.33616,0.008116,0.428311,0.13547,0.091915
AATCCCGCTCAGAGCC-1,0.000056,0.000112,0.000056,0.798016,0.20165,0.000112
AATCGAGGTCTCAAGG-1,0.000245,0.00049,0.000245,0.686923,0.311606,0.00049
AATCGCCTCAGCGCCA-1,0.126159,0.767753,0.000101,0.000345,0.008568,0.097074
AATCGCGCAGAGGACT-1,0.000642,0.174959,0.144481,0.504811,0.045982,0.129125
AATCGGGACACTACGA-1,0.000013,0.000026,0.000013,0.148268,0.442881,0.4088
AATCGTGAGCCGAGCA-1,0.010293,0.183748,0.464221,0.291163,0.017932,0.032644
AATCTAGGTTTACTTG-1,0.028258,0.182615,0.073416,0.037958,0.060017,0.617736
AATCTATGCCGGAGCC-1,0.000035,0.373996,0.234358,0.285895,0.027531,0.078186
AATCTCTACTGTGGTT-1,0.018683,0.123041,0.007198,0.133323,0.22518,0.492574
AATCTGCGTTGGGACG-1,0.000064,0.790533,0.000064,0.209145,0.000064,0.000129
AATCTGGCTTTCTAGT-1,0.017177,0.141948,0.314724,0.019546,0.063041,0.443565
AATCTGGGTAGACCCT-1,0.000086,0.682357,0.027874,0.289427,0.000086,0.000172
AATGACAGCAATGTCT-1,0.000048,0.63336,0.000048,0.003655,0.280883,0.082005
AATGACGTAGGATGTC-1,0.000067,0.522229,0.002326,0.475176,0.000067,0.000135
AATGACTGTCAGCCGG-1,0.0244,0.075302,0.004537,0.691804,0.051406,0.15255
AATGAGTTCGCATATG-1,0.000017,0.010102,0.000017,0.274948,0.595329,0.119587
AATGATGATACGCTAT-1,0.000024,0.067392,0.019767,0.819009,0.006135,0.087674
AATGATGCGACTCCTG-1,0.012267,0.026354,0.016035,0.477571,0.080018,0.387755
AATGCAACCGGGTACC-1,0.002319,0.022956,0.006744,0.797133,0.002636,0.168212
AATGCACCAAGCAATG-1,0.000027,0.060942,0.039724,0.781641,0.000048,0.117618
AATGGCCGCCAATGCG-1,0.027958,0.013201,0.399037,0.027194,0.292472,0.240138
AATGGTCCACCGTTCA-1,0.000038,0.334674,0.000038,0.164854,0.462121,0.038276
AATGGTTCTCACAAGC-1,0.019166,0.518019,0.000049,0.362805,0.047789,0.052172
AATGTATGGCACTGTA-1,0.925431,0.000053,0.027354,0.047082,0.000027,0.000053
AATGTGCCCGAGGTGT-1,0.108127,0.147398,0.115392,0.405352,0.000761,0.222971
AATGTGCTAATCTGAG-1,0.098552,0.166929,0.384237,0.003396,0.009492,0.337393
AATGTTAAGACCCTGA-1,0.000027,0.238562,0.035442,0.475782,0.202081,0.048105
AATTAAAGGTCGGCGT-1,0.000045,0.098158,0.044974,0.715109,0.00626,0.135454
AATTAACGGATTTCCA-1,0.000031,0.281849,0.005812,0.549662,0.123384,0.039262
AATTACGAGACCCATC-1,0.964689,0.002951,0.004877,0.000115,0.000038,0.027329
AATTAGCGCTGCAGCG-1,0.00002,0.050534,0.012243,0.394349,0.370343,0.17251
AATTATACCCAGCAAG-1,0.000034,0.449224,0.099733,0.312091,0.130949,0.007969
AATTCATAAGGGATCT-1,0.019017,0.327673,0.002175,0.614807,0.000037,0.036291
AATTCATTGTCATGCA-1,0.879529,0.000049,0.05576,0.064589,0.000024,0.000049
AATTCCAAGCATGTAC-1,0.002666,0.485922,0.09622,0.112049,0.180734,0.122409
AATTCGATTCGAGGAT-1,0.001936,0.266683,0.332622,0.338359,0.052497,0.007903
AATTCTAGAGTTAGGC-1,0.00007,0.913608,0.00007,0.073203,0.012907,0.000141
AATTGAACGCTCTGGT-1,0.000119,0.999048,0.000119,0.000357,0.000119,0.000238
AATTGCAGCAATCGAC-1,0.041775,0.049143,0.397058,0.469509,0.000013,0.042502
AATTGCGTGGATTACA-1,0.880931,0.06605,0.00905,0.043875,0.000031,0.000062
AATTGTGGTTGCCAAA-1,0.149121,0.492603,0.351735,0.000349,0.000015,0.006177
AATTTGGGACATAGTA-1,0.000051,0.418176,0.000051,0.581568,0.000051,0.000102
AATTTGGTTCCAAAGA-1,0.000038,0.076966,0.004679,0.918205,0.000038,0.000075
ACAAACCATGCGTCCT-1,0.783087,0.000022,0.000011,0.000033,0.000011,0.216835
ACAAACCGACAAGGCG-1,0.019909,0.203603,0.000042,0.776319,0.000042,0.000085
ACAAACTCCATCAGAG-1,0.241565,0.157053,0.0002,0.600582,0.0002,0.0004
ACAAAGAAGGTAGGCC-1,0.722908,0.088345,0.074103,0.000089,0.00003,0.114525
ACAAAGCATGACCTAG-1,0.00059,0.042598,0.26612,0.110832,0.002022,0.577838
ACAAATCGCACCGAAT-1,0.000046,0.469803,0.003185,0.388836,0.000046,0.138085
ACAAATGGTAGTGTTT-1,0.034326,0.700854,0.000121,0.000362,0.000121,0.264216
ACAAATTCAGATCTGA-1,0.000041,0.220325,0.232662,0.522008,0.000041,0.024923
ACAACAGCATGAGCTA-1,0.011609,0.473402,0.000128,0.324611,0.015661,0.174589
ACAACGGTCCCTGCGA-1,0.001591,0.545281,0.004802,0.350176,0.098069,0.000081
ACAAGCAGTGCCTAGC-1,0.000027,0.1013,0.026561,0.275448,0.451243,0.145421
ACAAGCTATATGGAAG-1,0.780075,0.136425,0.000064,0.083243,0.000064,0.000128
ACAAGGAAATCCGCCC-1,0.000028,0.079722,0.021316,0.711668,0.05595,0.131316
ACAAGGACAAGAGGTT-1,0.00003,0.220481,0.007113,0.489156,0.150435,0.132786
ACAAGGATGCTTTAGG-1,0.00149,0.262561,0.112625,0.460684,0.009688,0.152952
ACAAGGCCTACCAGCC-1,0.000038,0.087341,0.326768,0.446466,0.031638,0.107749
ACAAGGGCAGGCTCTG-1,0.000022,0.0124,0.019991,0.669201,0.00616,0.292227
ACAAGTAATTGTAAGG-1,0.014288,0.028581,0.01429,0.899971,0.014291,0.028579
ACAATAGTCGTACGTT-1,0.013228,0.377381,0.032154,0.05932,0.384508,0.133409
ACAATCCATTTAAACC-1,0.000041,0.48839,0.012309,0.254178,0.167769,0.077313
ACAATCGATCTTTATA-1,0.000015,0.078908,0.029847,0.268264,0.416304,0.206662
ACAATGAATACGGAGA-1,0.00003,0.439675,0.002348,0.137309,0.283415,0.137222
ACAATGATTCTTCTAC-1,0.00156,0.004243,0.516294,0.033415,0.37414,0.070347
ACAATTGTGTCTCTTT-1,0.146403,0.338463,0.000087,0.022967,0.000087,0.491993
ACAATTTAGGAGGCTC-1,0.082116,0.628719,0.000047,0.016506,0.15795,0.114663
ACAATTTGGCCATATT-1,0.006295,0.00164,0.423522,0.081849,0.378717,0.107978
ACACAAAGACGGGTGG-1,0.000028,0.030979,0.018346,0.85718,0.00138,0.092085
ACACAAATATTCCTAG-1,0.00308,0.030739,0.245135,0.063691,0.441877,0.215478
ACACACCAGGACCAGT-1,0.276146,0.390394,0.000095,0.000284,0.000095,0.332987
ACACACTTTCTACACG-1,0.000032,0.006926,0.000032,0.672316,0.198012,0.122681
ACACATGATCAAATCT-1,0.796714,0.203062,0.000032,0.000096,0.000032,0.000064
ACACATTTCCGTAGAC-1,0.007089,0.176307,0.191156,0.188623,0.313314,0.123512
ACACCACATAATTAGC-1,0.003194,0.430145,0.2115,0.102574,0.144776,0.107811
ACACCCAGCATGCAGC-1,0.000025,0.002475,0.003766,0.65705,0.053837,0.282847
ACACCCGAGAAATCCG-1,0.022673,0.453412,0.008899,0.254111,0.121475,0.139431
ACACCCGTAAATCTGT-1,0.015195,0.140377,0.436687,0.189439,0.155183,0.063119
ACACCGAGCGCTCTTT-1,0.000066,0.480454,0.000066,0.060773,0.458508,0.000133
ACACCGGTCTGACCGC-1,0.877322,0.049919,0.051996,0.020693,0.000023,0.000046
ACACCTTAAGTAGGGC-1,0.000042,0.279275,0.008711,0.59918,0.064814,0.047979
ACACCTTACTACTTGC-1,0.012532,0.140523,0.084241,0.570183,0.043056,0.149464
ACACGAGACTCCTTCT-1,0.000045,0.161207,0.000045,0.69779,0.105383,0.035531
ACACGGCACTATGCAT-1,0.000024,0.028629,0.022216,0.61808,0.10637,0.224681
ACACGGGAACTTAGGG-1,0.000098,0.743401,0.005603,0.250604,0.000098,0.000196
ACACGTAGGCCACAAG-1,0.051963,0.356517,0.243302,0.148348,0.000049,0.199822
ACACTCCAATGTCACT-1,0.018054,0.289553,0.000515,0.215139,0.278651,0.198088
ACACTGATCAAGGTGT-1,0.000031,0.3664,0.000031,0.239794,0.393683,0.000062
ACACTGGGACAGTCGT-1,0.054701,0.299792,0.427377,0.212404,0.000037,0.00569
ACAGAACTGAGAACAA-1,0.04534,0.55542,0.035212,0.247423,0.095819,0.020786
ACAGATTAGGTTAGTG-1,0.00003,0.161298,0.046088,0.630951,0.123098,0.038535
ACAGCATAGAGCCAGT-1,0.000018,0.013542,0.016812,0.346152,0.429054,0.194422
ACAGCGACATTCTCAT-1,0.150935,0.717088,0.126534,0.005216,0.000076,0.000151
ACAGCGCACCCGCAGC-1,0.030515,0.807332,0.000074,0.161855,0.000074,0.000149
ACAGGCACGGATCCTT-1,0.004636,0.000013,0.544341,0.094274,0.032593,0.324142
ACAGGCTTGCCCGACT-1,0.000034,0.331416,0.064012,0.573994,0.000034,0.030509
ACAGGTGGAGGTGAGG-1,0.000024,0.448389,0.006482,0.120852,0.378261,0.045992
ACAGGTGTGTTGTTGC-1,0.814708,0.185112,0.000026,0.000077,0.000026,0.000052
ACAGTAATACAACTTG-1,0.034253,0.258182,0.020878,0.282462,0.042333,0.361894
ACAGTATACCGTGGGA-1,0.00315,0.00002,0.083393,0.001224,0.237129,0.675083
ACAGTGCAGCGCATTT-1,0.011905,0.005997,0.587959,0.300538,0.035691,0.057909
ACATAAGTCGTGGTGA-1,0.416004,0.175091,0.020621,0.036042,0.017259,0.334983
ACATAATAAGGCGGTG-1,0.000038,0.000076,0.000038,0.51597,0.186886,0.296993
ACATCAGCTGGGACGC-1,0.000043,0.815884,0.000043,0.005934,0.17801,0.000086
ACATCCCGGCCATACG-1,0.000021,0.100962,0.000021,0.451119,0.371147,0.07673
ACATCCTGGTAACTGT-1,0.001359,0.072901,0.053929,0.414326,0.014384,0.4431
ACATCGATCGTTTACC-1,0.017291,0.205541,0.000043,0.745408,0.005756,0.025962
ACATCGCAATATTCGG-1,0.319494,0.013336,0.006668,0.020005,0.006669,0.633828
ACATCGGTCAGCCGCG-1,0.000073,0.788587,0.000073,0.195834,0.015285,0.000147
ACATCGTATGCAATGG-1,0.016064,0.610329,0.00008,0.373288,0.00008,0.00016
ACATCGTTAACCTAGT-1,0.000025,0.00005,0.000612,0.851559,0.00391,0.143844
ACATCTCAACGCGTAA-1,0.000024,0.000063,0.001529,0.920801,0.002111,0.075471
ACATGCTTACGGCAGC-1,0.610711,0.266241,0.000106,0.122625,0.000106,0.000212
ACATGGCGCCAAAGTA-1,0.013494,0.322773,0.144462,0.37045,0.02074,0.128082
ACATTAGTTTATATCC-1,0.000051,0.337214,0.0138,0.626705,0.022127,0.000102
ACATTCGCGCGGAATA-1,0.52145,0.478134,0.00006,0.000179,0.00006,0.000119
ACATTTGAAACCTAAC-1,0.000021,0.222539,0.202585,0.463445,0.053679,0.057732
ACCAAACACCCAGCGA-1,0.000012,0.239579,0.159788,0.034898,0.463927,0.101797
ACCAAACTAGAAATCC-1,0.014226,0.019029,0.025624,0.769016,0.150558,0.021547
ACCAACACCACACACT-1,0.006021,0.0004,0.025419,0.147452,0.114021,0.706687
ACCAACCGCACTCCAC-1,0.005811,0.000012,0.257636,0.1962,0.000316,0.540025
ACCAACGCTTATTTAT-1,0.000039,0.665865,0.000039,0.032475,0.047978,0.253605
ACCAAGAACGCGTGTC-1,0.000054,0.466998,0.006603,0.43446,0.091778,0.000107
ACCAATATGCAAGTTA-1,0.000033,0.193366,0.000033,0.62499,0.156272,0.025306
ACCACAACTCAGAACA-1,0.020915,0.812227,0.000076,0.127229,0.000076,0.039477
ACCACAAGTTTCTATC-1,0.000248,0.129389,0.045826,0.823672,0.000037,0.000828
ACCACACGGTTGATGG-1,0.000028,0.134738,0.061743,0.672576,0.106778,0.024137
ACCACCAATGTAACAA-1,0.000036,0.324179,0.079543,0.371538,0.0651,0.159604
ACCACCCTCTCTTCTA-1,0.000014,0.00692,0.292801,0.032289,0.33554,0.332436
ACCACGTGCAGCTATA-1,0.000022,0.000044,0.000022,0.577549,0.021474,0.400889
ACCAGACCATAACAAC-1,0.498019,0.317802,0.055654,0.019962,0.000042,0.108521
ACCAGCCCGGTCTTTG-1,0.000024,0.018451,0.060397,0.746902,0.013258,0.160968
ACCAGGAGTGTGATCT-1,0.000055,0.713197,0.026013,0.122675,0.137948,0.000111
ACCAGTGCCCGGTCAA-1,0.000027,0.117781,0.047626,0.54267,0.042547,0.249349
ACCAGTGCGGGAGACG-1,0.23323,0.38425,0.000114,0.000342,0.000114,0.38195
ACCATATCCGCAATAA-1,0.052379,0.808824,0.000759,0.13787,0.000056,0.000112
ACCATCCGCCAACTAG-1,0.003061,0.155289,0.102098,0.048913,0.383179,0.307461
ACCATCGTATATGGTA-1,0.000069,0.406089,0.059554,0.440203,0.044236,0.04985
ACCCAACGCCCGTGGC-1,0.000042,0.239861,0.038711,0.492642,0.023329,0.205415
ACCCACCTACATGCTC-1,0.007431,0.353561,0.003405,0.30498,0.199321,0.131303
ACCCATCTTGAGGGTA-1,0.000056,0.356853,0.000056,0.494259,0.075899,0.072877
ACCCATTTGTCCCTCT-1,0.168429,0.349888,0.114031,0.039868,0.000053,0.327731
ACCCGAGCGAAATTAC-1,0.127411,0.330664,0.118453,0.214958,0.041982,0.166532
ACCCGATTGGTTCCGA-1,0.114851,0.632738,0.01789,0.00621,0.000958,0.227353
ACCCGGAAACTCCCAG-1,0.000019,0.099277,0.000022,0.348296,0.355635,0.196751
ACCCGGAGCACCACAA-1,0.00001,0.006442,0.294989,0.115525,0.058146,0.524887
ACCCGGATGACGCATC-1,0.000036,0.180867,0.012232,0.467196,0.001891,0.337779
ACCCGGTTACACTTCC-1,0.000032,0.041148,0.044745,0.69139,0.085336,0.137349
ACCCGTAGCAGAGAAT-1,0.65806,0.3415,0.000063,0.000189,0.000063,0.000126
ACCCGTGTCATCAGTA-1,0.000035,0.685857,0.000035,0.070008,0.243997,0.000069
ACCCTATAGGACTGAG-1,0.03818,0.014891,0.000015,0.315405,0.390357,0.241152
ACCCTATGCCATATCG-1,0.000021,0.086416,0.008387,0.181128,0.540896,0.183153
ACCCTCCCGTCAGGGC-1,0.028164,0.000005,0.039364,0.01203,0.000003,0.920434
ACCCTCCCTTGCTATT-1,0.039983,0.201141,0.041836,0.628317,0.000046,0.088676
ACCCTGGTAACGCCCT-1,0.006887,0.084367,0.324538,0.245974,0.202513,0.13572
ACCCTTCATCTGCGAA-1,0.000055,0.221616,0.004846,0.574637,0.150346,0.048501
ACCCTTGCCTGGGTCG-1,0.031906,0.12626,0.372969,0.067332,0.132901,0.268632
ACCCTTTAGTTCTCCA-1,0.000057,0.491832,0.048839,0.070398,0.00074,0.388135
ACCGAAAGGGCCCTGC-1,0.00003,0.431228,0.002873,0.288831,0.276979,0.00006
ACCGAAGAGTCTGGTT-1,0.898394,0.000053,0.008385,0.010772,0.000027,0.082369
ACCGACACATCTCCCA-1,0.001396,0.423262,0.091384,0.266535,0.143765,0.073658
ACCGACTGAGTCCCAC-1,0.000105,0.977741,0.000105,0.021732,0.000105,0.000211
ACCGAGTCTCCTTATT-1,0.002227,0.464084,0.235828,0.245101,0.051153,0.001607
ACCGATAGGCATAACC-1,0.015862,0.062714,0.361591,0.159399,0.000014,0.400421
ACCGATATTTAATCAT-1,0.000493,0.088015,0.380755,0.381756,0.000906,0.148075
ACCGATGGTAGCATCG-1,0.003264,0.757875,0.000063,0.102726,0.000063,0.136008
ACCGCAATAACTGCCT-1,0.000043,0.317782,0.000043,0.650271,0.001644,0.030216
ACCGCGGTGGAAGTCG-1,0.000031,0.026129,0.104004,0.566008,0.001401,0.302427
ACCGCTAGTCATTGGT-1,0.520208,0.436659,0.042755,0.000189,0.000063,0.000126
ACCGGGCCTTTGTTGA-1,0.045914,0.745884,0.190718,0.000274,0.000091,0.01712
ACCGGTCAGGTACACC-1,0.486106,0.000028,0.000014,0.000042,0.000014,0.513795
ACCGGTCTGAGTACGG-1,0.000038,0.035484,0.119571,0.806854,0.000038,0.038015
ACCGTCCACTGGGCCC-1,0.999822,0.00004,0.00002,0.000059,0.00002,0.00004
ACCGTGACCACGTGGG-1,0.016565,0.191235,0.002105,0.000056,0.000021,0.790018
ACCGTTCCCGCTCTGA-1,0.003188,0.093186,0.078571,0.601225,0.183854,0.039976
ACCTAAGTACCTTTCA-1,0.000038,0.354568,0.019314,0.28655,0.313997,0.025533
ACCTAATCGACTTCCT-1,0.000039,0.130468,0.142206,0.39346,0.313752,0.020076
ACCTACAGTATGTGGT-1,0.000054,0.546228,0.08435,0.26417,0.045885,0.059313
ACCTACTATAAATCTA-1,0.001483,0.406475,0.323806,0.077255,0.186953,0.004028
ACCTCCGCCCTCGCTG-1,0.005134,0.392545,0.34984,0.039696,0.000069,0.212716
ACCTCCGTTATTCACC-1,0.000028,0.193342,0.24454,0.326839,0.153497,0.081755
ACCTCGAACTTATGCT-1,0.87497,0.094253,0.027415,0.000102,0.000034,0.003226
ACCTGCGTGTCATGTT-1,0.004635,0.301245,0.005765,0.196932,0.138977,0.352445
ACCTTTCCTTTAGAAG-1,0.000035,0.19288,0.145047,0.64954,0.01243,0.000069
ACGAAATGGGCGGCAC-1,0.000017,0.00736,0.064994,0.310539,0.56557,0.05152
ACGACCCATGAGTTGC-1,0.006679,0.125823,0.405567,0.230046,0.014254,0.217631
ACGACTCTAGGGCCGA-1,0.000019,0.085159,0.290176,0.158086,0.346059,0.120501
ACGACTGGTCATACTC-1,0.010635,0.609399,0.116866,0.052249,0.018864,0.191987
ACGAGAACCCATCACG-1,0.010734,0.000682,0.000013,0.130453,0.535687,0.322431
ACGAGATATTTGCTTA-1,0.000049,0.383719,0.000049,0.579549,0.018595,0.01804
ACGAGGATACCACTCT-1,0.012184,0.161346,0.244355,0.445821,0.029616,0.106678
ACGAGGTTTACAACGT-1,0.877584,0.028947,0.024971,0.000087,0.053286,0.015125
ACGAGTACGGATGCCC-1,0.000019,0.000765,0.034713,0.31536,0.080174,0.568969
ACGATACATAGAACTA-1,0.118504,0.437186,0.003903,0.327253,0.000051,0.113102
ACGATACCTATCCTGA-1,0.674083,0.264814,0.048166,0.012798,0.000046,0.000093
ACGATCATACATAGAG-1,0.000057,0.270841,0.000057,0.728873,0.000057,0.000114
ACGATCATCTTGTAAA-1,0.000035,0.138255,0.063257,0.605209,0.006944,0.186299
ACGATGCATATGTTAT-1,0.007311,0.254632,0.000039,0.53575,0.000039,0.202229
ACGATGGATCCGATGC-1,0.000023,0.000046,0.000023,0.64708,0.113195,0.239634
ACGCAAACTAATAGAT-1,0.027381,0.083222,0.262824,0.002042,0.250315,0.374215
ACGCAATCACTACAGC-1,0.062389,0.266045,0.169748,0.238937,0.077323,0.185559
ACGCATAAATGACATG-1,0.026135,0.000033,0.302069,0.261872,0.141876,0.268015
ACGCATACGTTTACTA-1,0.076494,0.455179,0.0929,0.000249,0.000083,0.375096
ACGCATTCGTGAGTAC-1,0.020306,0.979095,0.000086,0.000257,0.000086,0.000171
ACGCCACTCGAAACAG-1,0.025485,0.437275,0.011192,0.434106,0.08658,0.005363
ACGCCAGATGATTTCT-1,0.000033,0.02847,0.009464,0.896714,0.000033,0.065285
ACGCCAGTGCGTTTGC-1,0.005784,0.101023,0.179742,0.41579,0.012212,0.285449
ACGCCCAGCTGTCGAT-1,0.001958,0.002165,0.000869,0.599855,0.045322,0.349832
ACGCCGCTAGACGACC-1,0.000021,0.000042,0.000021,0.703324,0.001646,0.294946
ACGCGAAGTCAGACGA-1,0.000021,0.0511,0.000021,0.510239,0.14129,0.297329
ACGCGCTACACAGGGT-1,0.000033,0.455598,0.000033,0.03682,0.356925,0.150591
ACGCGGGCCAAGGACA-1,0.000122,0.999023,0.000122,0.000366,0.000122,0.000244
ACGCGTTTCTTAAGAG-1,0.037849,0.546646,0.000034,0.241541,0.01481,0.15912
ACGCTAGTATCAGTGC-1,0.000019,0.206247,0.510227,0.136933,0.123231,0.023344
ACGCTAGTGATACACT-1,0.000027,0.139213,0.029285,0.514352,0.139534,0.177589
ACGCTGTGAGGCGTAG-1,0.000037,0.23062,0.003495,0.335018,0.420141,0.010689
ACGCTTAGTGTCTCTC-1,0.205429,0.611656,0.000089,0.035029,0.000089,0.147708
ACGGAACACGAGTGCC-1,0.004349,0.162193,0.124359,0.429258,0.067138,0.212704
ACGGAATTTAGCAAAT-1,0.000021,0.133915,0.011592,0.393792,0.428906,0.031774
ACGGACGCAGCGACAA-1,0.628967,0.000083,0.000041,0.370785,0.000041,0.000083
ACGGACTCTCAAAGCG-1,0.035258,0.246318,0.079684,0.39062,0.085967,0.162152
ACGGAGCGCAAATTAC-1,0.000027,0.221577,0.173684,0.163541,0.205439,0.235733
ACGGATGGTGCGGATA-1,0.000032,0.085764,0.064206,0.729553,0.065263,0.055183
ACGGCACTTGCTTGGG-1,0.000029,0.272814,0.014207,0.442382,0.234497,0.036071
ACGGCCAACATGGACT-1,0.000035,0.563835,0.015802,0.290306,0.067579,0.062443
ACGGCGACGATGGGAA-1,0.000027,0.002715,0.000908,0.808491,0.00308,0.184779
ACGGCGGGTTGCCCTG-1,0.000047,0.693524,0.000081,0.261774,0.044479,0.000095
ACGGCTGGATGTAGAA-1,0.827304,0.110914,0.000048,0.061589,0.000048,0.000097
ACGGGAGTGTCGGCCC-1,0.007119,0.256519,0.05505,0.385114,0.292954,0.003244
ACGGGCGTATGCGACA-1,0.015265,0.001984,0.038702,0.028002,0.132686,0.783361
ACGGGTCATGTGACTT-1,0.033593,0.388911,0.024422,0.243676,0.204154,0.105243
ACGGGTTGTGACCTGT-1,0.775308,0.128042,0.000056,0.096427,0.000056,0.000112
ACGGTACAGTTCAATG-1,0.000025,0.244065,0.261393,0.409728,0.032434,0.052356
ACGGTCACCGAGAACA-1,0.801636,0.176021,0.000043,0.022169,0.000043,0.000087
ACGTACAGATTTCTCT-1,0.005893,0.113469,0.044426,0.618415,0.110564,0.107232
ACGTACTTTGGCACGG-1,0.485114,0.120554,0.000028,0.000083,0.003575,0.390647
ACGTAGATTGCTGATG-1,0.000132,0.638372,0.000132,0.282414,0.057829,0.02112
ACGTAGGAGAGTCGCT-1,0.004147,0.03974,0.15358,0.193251,0.387069,0.222212
ACGTATTACTCCGATC-1,0.000069,0.335615,0.084025,0.545808,0.000069,0.034413
ACGTCCTAAACGAGAT-1,0.000025,0.234913,0.011082,0.213125,0.392985,0.147871
ACGTCGGGCAACTCGG-1,0.582541,0.294035,0.000093,0.000278,0.000093,0.12296
ACGTCTCGTTCCGGGA-1,0.281718,0.264948,0.191708,0.000072,0.109218,0.152336
ACGTGACAAAGTAAGT-1,0.896606,0.000067,0.000033,0.103105,0.000033,0.000155
ACGTGCGCCTCGTGCA-1,0.000093,0.234624,0.006229,0.758774,0.000093,0.000186
ACGTGGTCGAATGTGC-1,0.0111,0.471055,0.008381,0.496917,0.000057,0.01249
ACGTTAATGTCGAAGA-1,0.014058,0.507287,0.000055,0.478437,0.000055,0.000109
ACGTTAGATTTGCCCG-1,0.000061,0.304169,0.119565,0.576023,0.000061,0.000121
ACGTTATTGGTCACTC-1,0.000064,0.57996,0.001701,0.251971,0.166176,0.000128
ACGTTCACTATGCCGC-1,0.358214,0.482203,0.000072,0.159293,0.000072,0.000145
ACGTTCCGCGCTCCGT-1,0.000032,0.319717,0.000802,0.385959,0.293425,0.000065
ACGTTCGCAATCAATT-1,0.000221,0.262843,0.12759,0.444873,0.071902,0.092573
ACGTTCGTTCAGGAAA-1,0.000019,0.4127,0.162385,0.224929,0.181893,0.018074
ACGTTCTGTACAAGTC-1,0.001633,0.013945,0.385272,0.134736,0.008379,0.456035
ACGTTGTCGTTGAAAG-1,0.453671,0.459689,0.000141,0.086076,0.000141,0.000283
ACGTTTAGTTGTGATC-1,0.000042,0.03941,0.000042,0.96038,0.000042,0.000084
ACTAAGGACGCACACC-1,0.097853,0.003459,0.111318,0.021078,0.084351,0.681942
ACTAATACGTCAGGCG-1,0.000029,0.001076,0.013203,0.540775,0.023816,0.421102
ACTACAAAGAGAGGTG-1,0.000015,0.366228,0.011912,0.221836,0.268116,0.131895
ACTACATCCCGACAAG-1,0.632538,0.008575,0.20402,0.002855,0.018217,0.133795
ACTACCAGCTCTCTGG-1,0.042104,0.07327,0.010772,0.660008,0.117455,0.096392
ACTACCATCCGAGGGC-1,0.617597,0.251144,0.000055,0.13104,0.000055,0.00011
ACTACGCGTTAGAATT-1,0.022864,0.069081,0.169826,0.133151,0.263818,0.34126
ACTAGTTGCGATCGTC-1,0.125807,0.52776,0.089121,0.053183,0.000101,0.204028
ACTATATGCTGTGTTC-1,0.007397,0.114841,0.287212,0.502093,0.031059,0.057398
ACTATCCAGGGCATGG-1,0.000036,0.202141,0.191299,0.44467,0.027025,0.13483
ACTATCTGCCCGCGTA-1,0.000026,0.073588,0.338369,0.211723,0.000026,0.376267
ACTATGTCCAGCTGCC-1,0.415736,0.044138,0.000264,0.000096,0.000032,0.539734
ACTATTCGTCCGTGGT-1,0.000025,0.000049,0.000025,0.745705,0.002864,0.251332
ACTATTTCCGGGCCCA-1,0.000028,0.456101,0.005346,0.003683,0.072181,0.462661
ACTCAACGAATGTATT-1,0.000008,0.000015,0.000008,0.086322,0.863103,0.050545
ACTCAAGTGCAAGGCT-1,0.000021,0.093389,0.106401,0.601602,0.043281,0.155307
ACTCAATAAAGGCACG-1,0.019615,0.64106,0.000069,0.339047,0.000069,0.000139
ACTCAGACCTGCTTCT-1,0.000016,0.000031,0.000016,0.137139,0.484778,0.378021
ACTCATGGCAGCCTTC-1,0.68061,0.000027,0.037673,0.005924,0.000013,0.275753
ACTCCAATATCATCAT-1,0.049562,0.273689,0.059697,0.094969,0.000027,0.522057
ACTCCCATTCCTAAAG-1,0.00005,0.728822,0.003415,0.151041,0.03249,0.084182
ACTCCCGAATTCGTTT-1,0.000055,0.313861,0.136692,0.523821,0.000055,0.025517
ACTCCCGTAGACTAGG-1,0.000017,0.165248,0.171304,0.053842,0.318775,0.290814
ACTCCCTAATGCTAAA-1,0.000021,0.12601,0.014131,0.454561,0.284805,0.120472
ACTCCCTAGAATAGTA-1,0.000048,0.234778,0.000048,0.764983,0.000048,0.000096
ACTCCGGCCGACCACT-1,0.000026,0.279373,0.368332,0.269901,0.013171,0.069197
ACTCGATGTATTTCAT-1,0.000049,0.455904,0.000049,0.218614,0.216126,0.109258
ACTCGCGATCTGACGC-1,0.04727,0.14165,0.301883,0.232604,0.043798,0.232794
ACTCGTAACCCGTCCT-1,0.038948,0.547149,0.000042,0.062231,0.000781,0.350849
ACTCGTCAGTAATCCC-1,0.022461,0.420117,0.000077,0.232616,0.000077,0.324652
ACTCTAAACCTGGGAT-1,0.543289,0.259682,0.000044,0.000133,0.000044,0.196807
ACTCTCTGACTTAGGT-1,0.00013,0.645407,0.00013,0.353943,0.00013,0.00026
ACTCTCTTATACACGA-1,0.0218,0.651686,0.011221,0.167139,0.000081,0.148074
ACTCTGACCTAATAGA-1,0.001275,0.013725,0.597663,0.05511,0.02046,0.311767
ACTCTTCAGCTCCCGC-1,0.015046,0.002802,0.446223,0.170008,0.208527,0.157394
ACTCTTGTATAGTAAC-1,0.053456,0.70155,0.000132,0.113759,0.09128,0.039824
ACTGAAACGCCGTTAG-1,0.000036,0.158669,0.084917,0.615781,0.000036,0.140559
ACTGAATGGCGAAAGT-1,0.035994,0.454698,0.000058,0.499753,0.009382,0.000116
ACTGATTTAGTGATTC-1,0.000112,0.752887,0.000112,0.246555,0.000112,0.000223
ACTGCCCGCCATTCTC-1,0.258597,0.483845,0.166247,0.002147,0.014273,0.07489
ACTGCCGTCGTAACTC-1,0.000033,0.008831,0.003484,0.944611,0.004672,0.038369
ACTGCGGACACACCGT-1,0.00003,0.498236,0.18005,0.238545,0.062512,0.020626
ACTGCTCGGAAGGATG-1,0.409145,0.000037,0.000018,0.000055,0.000018,0.590726
ACTGGCGAACCTGCGT-1,0.041038,0.310173,0.30643,0.095621,0.173123,0.073615
ACTGGGATGCCAGTGC-1,0.000025,0.469717,0.147658,0.076741,0.105575,0.200285
ACTGTAGCACTTTGGA-1,0.000033,0.044426,0.004379,0.67868,0.138356,0.134124
ACTGTATACGCGAGCA-1,0.003594,0.000029,0.017455,0.460303,0.351793,0.166826
ACTGTCCAGGATTATA-1,0.002106,0.290568,0.045649,0.390234,0.000059,0.271384
ACTGTCTTCTTTAGAA-1,0.014131,0.322861,0.000062,0.622322,0.0405,0.000123
ACTGTGCTAGTAGATC-1,0.000029,0.139838,0.000029,0.529762,0.327455,0.002887
ACTGTTTAGTGTAGGC-1,0.000039,0.235953,0.001006,0.576312,0.186612,0.000078
ACTTACCGGGCGCGCA-1,0.000026,0.006949,0.025838,0.520925,0.005735,0.440526
