Barcode,Topic 1,Topic 2to4,Topic 5to9,Topic 10,Topic 11to12
AAACAAGTATCTCCCA-1,0.00001,0.063593,0.900065,0.03316,0.003172
AAACAATCTACTAGCA-1,0.000019,0.000056,0.931423,0.068466,0.000037
AAACACCAATAACTGC-1,0.997613,0.000651,0.001085,0.000217,0.000434
AAACAGAGCGACTCCT-1,0.000064,0.670173,0.221148,0.000064,0.10855
AAACAGGGTCTATATT-1,0.062894,0.190352,0.490005,0.000019,0.25673
AAACAGTGTTCCTGGG-1,0.81088,0.178517,0.010512,0.000031,0.000061
AAACATTTCCCGGATT-1,0.000017,0.071834,0.63788,0.003484,0.286784
AAACCCGAACGAAATC-1,0.000037,0.667039,0.035881,0.000037,0.297006
AAACCGGGTAGGTACC-1,0.321351,0.014152,0.500299,0.029494,0.134704
AAACCGTTCGTCCAGG-1,0.636487,0.363278,0.000147,0.000029,0.000059
AAACCTAAGCAGCCGG-1,0.011087,0.000031,0.294559,0.029708,0.664615
AAACCTCATGAAGTTG-1,0.279233,0.142454,0.181827,0.000033,0.396453
AAACGAAGAACATACC-1,0.000011,0.20837,0.779986,0.011611,0.000022
AAACGAGACGGTTGAT-1,0.085457,0.037381,0.656433,0.023762,0.196967
AAACGGGCGTACGGGT-1,0.00002,0.153045,0.140159,0.064931,0.641845
AAACGGGTTGGTATCC-1,0.000049,0.550249,0.083036,0.041307,0.325359
AAACGGTTGCGAACTG-1,0.019328,0.037602,0.186351,0.756695,0.000023
AAACTCGGTTCGCAAT-1,0.165277,0.080094,0.000156,0.020299,0.734173
AAACTGCTGGCTCCAA-1,0.028411,0.387117,0.100019,0.000021,0.484433
AAACTTAATTGCACGC-1,0.832207,0.000106,0.000176,0.16744,0.000071
AAACTTGCAAACGTAT-1,0.249728,0.0002,0.427115,0.000025,0.322933
AAAGAATGTGGACTAA-1,0.00001,0.004146,0.764589,0.063666,0.167588
AAAGACCCAAGTCGCG-1,0.000012,0.161295,0.745411,0.090267,0.003015
AAAGACTGGGCGCTTT-1,0.107805,0.155225,0.366848,0.278403,0.091719
AAAGGCCCTATAATAC-1,0.740445,0.255276,0.000167,0.004045,0.000067
AAAGGCTACGGACCAT-1,0.25717,0.035138,0.065413,0.056958,0.585322
AAAGGCTCTCGCGCCG-1,0.193153,0.076062,0.033732,0.000046,0.697007
AAAGGGATGTAGCAAG-1,0.004338,0.033471,0.48491,0.164686,0.312594
AAAGGGCAGCTTGAAT-1,0.125005,0.171565,0.593833,0.005981,0.103617
AAAGTAGCATTGCTCA-1,0.756525,0.232724,0.000226,0.010435,0.00009
AAAGTCACTGATGTAA-1,0.000022,0.000066,0.948829,0.002007,0.049076
AAAGTCGACCCTCAGT-1,0.064666,0.163637,0.572153,0.000025,0.19952
AAAGTGTGATTTATCT-1,0.011441,0.27565,0.249306,0.036102,0.427501
AAAGTTGACTCCCGTA-1,0.000608,0.09081,0.523524,0.008686,0.376371
AAATAACCATACGGGA-1,0.000011,0.000665,0.999292,0.000011,0.000021
AAATACCTATAAGCAT-1,0.015854,0.142468,0.439771,0.000014,0.401892
AAATAGCTTAGACTTT-1,0.000014,0.000041,0.753082,0.246836,0.000027
AAATAGGGTGCTATTG-1,0.020529,0.000025,0.749734,0.065583,0.164129
AAATCCGATACACGCC-1,0.000012,0.000037,0.24442,0.010328,0.745202
AAATCGTGTACCACAA-1,0.09505,0.227993,0.105411,0.004393,0.567153
AAATCTAGCCCTGCTA-1,0.000016,0.007263,0.734866,0.005249,0.252606
AAATGACTGATCAAAC-1,0.20851,0.002508,0.218018,0.196982,0.373982
AAATGCTCGTTACGTT-1,0.000028,0.007831,0.96891,0.000028,0.023203
AAATGGCATGTCTTGT-1,0.000029,0.000088,0.808097,0.000029,0.191756
AAATGGCCCGTGCCCT-1,0.408888,0.410456,0.067536,0.046766,0.066353
AAATGGTCAATGTGCC-1,0.041643,0.260133,0.447715,0.000031,0.250478
AAATGTGGGTGCTCCT-1,0.01081,0.187045,0.408198,0.050637,0.343311
AAATTAACGGGTAGCT-1,0.015263,0.102377,0.577117,0.00173,0.303513
AAATTACACGACTCTG-1,0.000012,0.049873,0.950078,0.000012,0.000024
AAATTACCTATCGATG-1,0.020107,0.0071,0.857407,0.019664,0.095722
AAATTCCAGGTCCAAA-1,0.016161,0.74814,0.165484,0.058451,0.011763
AAATTGATAGTCCTTT-1,0.363577,0.000068,0.268695,0.367614,0.000046
AAATTGCGGCGGTTCT-1,0.002576,0.257829,0.677207,0.000038,0.062349
AAATTTGCGGGTGTGG-1,0.733579,0.091049,0.093423,0.000036,0.081912
AACAACTGGTAGTTGC-1,0.000017,0.004053,0.873614,0.122281,0.000035
AACAATACATTGTCGA-1,0.872372,0.056429,0.000197,0.000039,0.070963
AACAATTACTCTACGC-1,0.020126,0.249508,0.670831,0.000029,0.059505
AACACACGCTCGCCGC-1,0.000016,0.055877,0.603723,0.023843,0.316541
AACACGACTGTACTGA-1,0.000048,0.115024,0.581065,0.000048,0.303815
AACACGAGACGCGGCC-1,0.103489,0.096634,0.72553,0.069812,0.004535
AACACGCGGCCGCGAA-1,0.06773,0.108194,0.801823,0.021929,0.000324
AACAGCTGTGTGGCAA-1,0.840836,0.00013,0.049496,0.001243,0.108295
AACAGGAAATCGAATA-1,0.000016,0.288835,0.670477,0.000016,0.040657
AACAGGATGGGCCGCG-1,0.045255,0.004118,0.94022,0.01029,0.000117
AACAGGTAGTATGGAT-1,0.05295,0.946653,0.000248,0.00005,0.000099
AACATAGCGTGTATCG-1,0.003998,0.028061,0.189125,0.018087,0.760729
AACATATCAACTGGTG-1,0.000014,0.001323,0.994942,0.000014,0.003707
AACATTGAAGTTGATC-1,0.846415,0.000098,0.00042,0.153001,0.000065
AACATTGGTCAGCCGT-1,0.020486,0.906232,0.073089,0.000064,0.000129
AACATTGTGACTCGAG-1,0.304177,0.177671,0.005549,0.000037,0.512566
AACCAAGACTTCTCTG-1,0.095862,0.137109,0.432367,0.000032,0.33463
AACCATAGGGTTGAAC-1,0.496,0.084937,0.1816,0.222981,0.014482
AACCATGGGATCGCTA-1,0.006646,0.659009,0.205831,0.054974,0.07354
AACCCAGAGACGGAGA-1,0.000017,0.028669,0.952761,0.000017,0.018538
AACCCATCCCATGATC-1,0.314695,0.305092,0.037712,0.000094,0.342406
AACCCGACAACCCGTG-1,0.64544,0.292798,0.001345,0.052439,0.007978
AACCCGAGCAGAATCG-1,0.02735,0.972307,0.000215,0.000043,0.000086
AACCCGCTGTATTCCA-1,0.105205,0.159508,0.110696,0.624563,0.000027
AACCCTACTGTCAATA-1,0.000018,0.001698,0.778512,0.016062,0.203709
AACCCTGGTGGAACCA-1,0.022094,0.233343,0.707206,0.005696,0.031661
AACCGAGCTTGGTCAT-1,0.034035,0.032806,0.526569,0.036036,0.370554
AACCGCTAAGGGATGC-1,0.00002,0.456163,0.207639,0.00002,0.336157
AACCGTTGTGTTTGCT-1,0.102028,0.465366,0.373474,0.000048,0.059084
AACCTCGCTTTAGCCC-1,0.000015,0.081431,0.127091,0.098334,0.693129
AACCTTTAAATACGGT-1,0.04797,0.000142,0.395367,0.000017,0.556503
AACCTTTACGACGTCT-1,0.000021,0.000064,0.999375,0.000021,0.000518
AACGATAATGCCGTAG-1,0.109755,0.001585,0.118213,0.000022,0.770425
AACGATAGAAGGGCCG-1,0.060286,0.064505,0.803882,0.008498,0.062829
AACGATATGTCAACTG-1,0.000011,0.000033,0.848308,0.136174,0.015474
AACGCATGATCTGGGT-1,0.000056,0.999494,0.000281,0.000056,0.000112
AACGCGAACGGCAACA-1,0.01988,0.069672,0.80991,0.100064,0.000474
AACGCGACCTTGGGCG-1,0.186191,0.088001,0.39562,0.218295,0.111894
AACGCGGTCTCCAGCC-1,0.038446,0.406649,0.299832,0.014413,0.240659
AACGCTGTTGCTGAAA-1,0.000014,0.285019,0.60437,0.012405,0.098191
AACGGACGTACGTATA-1,0.00002,0.064688,0.442353,0.008591,0.484349
AACGGCCATCTCCGGT-1,0.493393,0.506383,0.00014,0.000028,0.000056
AACGTACTGTGGGTAC-1,0.357196,0.642441,0.000227,0.000045,0.000091
AACGTAGTCTACCCAT-1,0.06086,0.660848,0.256566,0.021688,0.000038
AACGTCAGACTAGTGG-1,0.053567,0.025658,0.732528,0.188179,0.000068
AACGTCGCTGCACTTC-1,0.001406,0.242141,0.561003,0.000855,0.194595
AACGTGATGAAGGACA-1,0.000032,0.076567,0.636849,0.10533,0.181222
AACGTGCGAAAGTCTC-1,0.02954,0.160579,0.35767,0.001609,0.450602
AACTACCCGTTTGTCA-1,0.000065,0.76832,0.000325,0.000065,0.231225
AACTAGCGTATCGCAC-1,0.000039,0.206595,0.660121,0.028055,0.105191
AACTAGGCTTGGGTGT-1,0.062462,0.30549,0.234692,0.026661,0.370695
AACTCAAGTTAATTGC-1,0.138039,0.179709,0.169793,0.00768,0.504779
AACTCCAGAGCGTGTT-1,0.018974,0.004493,0.381056,0.008809,0.586668
AACTCCTAATCCCATG-1,0.000033,0.519265,0.416091,0.000033,0.064578
AACTCGATGGCGCAGT-1,0.000021,0.059631,0.940285,0.000021,0.000042
AACTCTCAATAGAGCG-1,0.042042,0.332741,0.464014,0.000028,0.161176
AACTCTCAGTGTGCTC-1,0.367901,0.021742,0.503559,0.000037,0.106762
AACTGATATTAGGCCT-1,0.000032,0.442307,0.348545,0.000032,0.209085
AACTGGGTCCCGACGT-1,0.00001,0.000031,0.766459,0.079083,0.154417
AACTGGTGTGGGCCTT-1,0.000024,0.097328,0.805416,0.043829,0.053403
AACTTCTGCGTCTATC-1,0.038918,0.42542,0.530786,0.000029,0.004848
AACTTGCCCGTATGCA-1,0.097662,0.542669,0.215645,0.129866,0.014158
AACTTGCGTTCTCGCG-1,0.022515,0.029954,0.911283,0.000024,0.036223
AACTTTAGCTGCTGAG-1,0.000026,0.235775,0.757106,0.000919,0.006174
AAGAAGGATCAGTTAG-1,0.005548,0.730758,0.219574,0.01954,0.02458
AAGACATACGTGGTTT-1,0.002734,0.943251,0.000181,0.001489,0.052345
AAGACCCAACTGAACA-1,0.342296,0.00098,0.000168,0.000034,0.656522
AAGACTAACCCGTTGT-1,0.000028,0.229717,0.768591,0.000028,0.001636
AAGACTGCAAGCTACT-1,0.000082,0.000247,0.000411,0.000082,0.999178
AAGAGATGAATCGGTA-1,0.149821,0.183489,0.633663,0.000033,0.032994
AAGAGCTCTTTATCGG-1,0.001874,0.000038,0.840389,0.002177,0.155522
AAGAGGATGTACGCGA-1,0.179818,0.031458,0.527474,0.000023,0.261226
AAGAGGCATGGATCGC-1,0.022395,0.398892,0.190205,0.000018,0.38849
AAGAGGCCCTTTGGAA-1,0.00004,0.428818,0.120756,0.052792,0.397595
AAGATGGCACCGGACC-1,0.754735,0.132787,0.00022,0.000044,0.112215
AAGATTGGCGGAACGT-1,0.000014,0.000041,0.934712,0.022262,0.042971
AAGCACCCTGCGTATC-1,0.080483,0.040774,0.170501,0.048911,0.659331
AAGCATACTCTCCTGA-1,0.053148,0.089318,0.437127,0.090966,0.329442
AAGCCACTTGCAGGTA-1,0.996474,0.000077,0.000129,0.003268,0.000052
AAGCCGAAGCGGTTTA-1,0.000018,0.000054,0.866078,0.009527,0.124323
AAGCCGCCGTGAAATC-1,0.734009,0.205638,0.060199,0.000081,0.000074
AAGCGCAGGGCTTTGA-1,0.142522,0.064913,0.000195,0.089651,0.702719
AAGCGTCCCTCATCGA-1,0.74863,0.033231,0.164858,0.053204,0.000077
AAGCTAGATCGAGTAA-1,0.025372,0.015736,0.410137,0.000016,0.548739
AAGCTCGTGCCAAGTC-1,0.019134,0.204555,0.416293,0.001498,0.35852
AAGCTCTTTCATGGTG-1,0.000542,0.039745,0.285905,0.159526,0.514282
AAGGAGAACTTATAAG-1,0.000021,0.143163,0.824476,0.000154,0.032185
AAGGAGCGGTTGGTGC-1,0.060539,0.130906,0.607941,0.000036,0.200579
AAGGATCGATCGCTTG-1,0.00006,0.104597,0.285591,0.00006,0.609692
AAGGATGAGGGACCTC-1,0.000018,0.019006,0.825715,0.001655,0.153606
AAGGCGCGTAAAGCTT-1,0.041574,0.119842,0.720667,0.106631,0.011287
AAGGCTGTGCTCATCG-1,0.019626,0.000053,0.963544,0.016742,0.000035
AAGGGAACGACTGGCT-1,0.665456,0.012894,0.143545,0.000067,0.178039
AAGGGACAGATTCTGT-1,0.000012,0.107914,0.799203,0.032376,0.060495
AAGGGACTATGCATTC-1,0.849228,0.150209,0.000352,0.00007,0.000141
AAGGTATCCTAATATA-1,0.000009,0.130268,0.815168,0.000009,0.054546
AAGGTGATAAACCAGC-1,0.000017,0.004412,0.63514,0.000365,0.360067
AAGTAAGCTTCCAAAC-1,0.061024,0.232749,0.678593,0.013875,0.01376
AAGTAGAAGACCGGGT-1,0.036347,0.157459,0.770244,0.014583,0.021367
AAGTAGTGACGCGAGG-1,0.043314,0.368634,0.412728,0.000039,0.175286
AAGTCAATTGTCGTCA-1,0.000025,0.168791,0.571225,0.000025,0.259934
AAGTGACGACCGAATT-1,0.08514,0.000046,0.759595,0.04269,0.11253
AAGTGAGTCGGGTTTA-1,0.49319,0.070842,0.300186,0.000037,0.135744
AAGTGCCTTGACTGTA-1,0.000014,0.009743,0.949427,0.000014,0.040802
AAGTGCGTTAGAATCT-1,0.269639,0.244209,0.477101,0.009001,0.000049
AAGTGCTTCTCTATTG-1,0.756887,0.130901,0.074963,0.037164,0.000085
AAGTGTTTGGAGACGG-1,0.072115,0.007682,0.443406,0.000017,0.476779
AAGTTCACTCCAAGCT-1,0.115366,0.025867,0.31148,0.000023,0.547264
AAGTTCAGTCTGCGTA-1,0.000052,0.632297,0.346658,0.000052,0.020941
AAGTTCGGCCAACAGG-1,0.548868,0.12432,0.263192,0.000037,0.063582
AAGTTGTGATGTTATA-1,0.036555,0.01159,0.716588,0.223532,0.011735
AAGTTTACTAATGGCA-1,0.000015,0.000046,0.999894,0.000015,0.00003
AAGTTTATGGGCCCAA-1,0.008594,0.013862,0.142273,0.775589,0.059681
AATAACAACGCTCGGC-1,0.086898,0.731699,0.034147,0.034648,0.112607
AATAACACTAGAACAA-1,0.527643,0.419555,0.000214,0.000043,0.052545
AATAACGTCGCGCCCA-1,0.017882,0.981994,0.000078,0.000016,0.000031
AATAAGTCCTCGAGAC-1,0.000025,0.023125,0.819553,0.157015,0.000281
AATACAATGTTTCAGG-1,0.00001,0.125399,0.820802,0.053769,0.00002
AATACCGGAGGGCTGT-1,0.427071,0.000067,0.504768,0.068049,0.000045
AATACCTGATGTGAAC-1,0.000012,0.310708,0.489886,0.013696,0.185698
AATAGAACAGAGTGGC-1,0.59652,0.40321,0.000168,0.000034,0.000068
AATAGAATCTGTTTCA-1,0.009602,0.003477,0.530012,0.000014,0.456894
AATAGTCCGTCCCGAC-1,0.164568,0.35112,0.020453,0.000034,0.463825
AATATCAAGGTCGGAT-1,0.000018,0.062158,0.932844,0.000018,0.004961
AATATCGAATCAATGC-1,0.000038,0.123061,0.35172,0.000038,0.525144
AATATCGAGGGTTCTC-1,0.000025,0.000074,0.876726,0.009637,0.113539
AATATTGGAGTATTGA-1,0.041556,0.042208,0.841295,0.015318,0.059623
AATCAGACTGCAGGAC-1,0.00003,0.012174,0.878545,0.026142,0.083109
AATCAGGTTTCATTTA-1,0.783174,0.116893,0.085083,0.014779,0.000071
AATCATGTAAAGACTC-1,0.000028,0.000496,0.517595,0.000028,0.481853
AATCCAAGGGCCTGAG-1,0.037637,0.142575,0.769524,0.050244,0.00002
AATCCATGCAAGGGTG-1,0.000025,0.106709,0.830183,0.000025,0.063057
AATCCCGCTCAGAGCC-1,0.284078,0.165755,0.000254,0.233878,0.316035
AATCGAGGTCTCAAGG-1,0.089097,0.019072,0.057085,0.271687,0.563059
AATCGCCTCAGCGCCA-1,0.000007,0.001414,0.705161,0.166006,0.127412
AATCGCGCAGAGGACT-1,0.03263,0.771921,0.000232,0.000046,0.195171
AATCGGGACACTACGA-1,0.015389,0.174219,0.509807,0.000057,0.300528
AATCGGTATAGCCCTC-1,0.000032,0.283514,0.394134,0.000032,0.322289
AATCGTGAGCCGAGCA-1,0.000007,0.01282,0.659676,0.288037,0.03946
AATCTAGGTTTACTTG-1,0.477774,0.153386,0.000349,0.020304,0.348186
AATCTATGCCGGAGCC-1,0.000096,0.551171,0.000482,0.000096,0.448153
AATCTGCGTTGGGACG-1,0.000026,0.07252,0.628183,0.000026,0.299246
AATCTGGCTTTCTAGT-1,0.16754,0.069254,0.489451,0.267115,0.00664
AATGACAGCAATGTCT-1,0.210126,0.16289,0.563565,0.000034,0.063385
AATGACGTAGGATGTC-1,0.008869,0.002773,0.471598,0.000019,0.516741
AATGACTGTCAGCCGG-1,0.038266,0.000129,0.549558,0.000046,0.412001
AATGAGTTCGCATATG-1,0.000023,0.176038,0.820285,0.000023,0.003631
AATGATGATACGCTAT-1,0.000018,0.303468,0.686221,0.000018,0.010273
AATGATGCGACTCCTG-1,0.000024,0.09855,0.79009,0.000024,0.111313
AATGCAACCGGGTACC-1,0.155541,0.219969,0.535454,0.024945,0.064092
AATGCACCAAGCAATG-1,0.000021,0.082643,0.851651,0.028967,0.036718
AATGGTCCACCGTTCA-1,0.238861,0.164174,0.304393,0.154256,0.138316
AATGGTTCTCACAAGC-1,0.068294,0.18588,0.649615,0.029039,0.067172
AATGTGCCCGAGGTGT-1,0.851938,0.053161,0.071623,0.000053,0.023226
AATGTGCTAATCTGAG-1,0.545222,0.161865,0.127338,0.165532,0.000044
AATGTTAAGACCCTGA-1,0.030018,0.014536,0.003173,0.018472,0.933801
AATGTTGTCGTGAGAC-1,0.000029,0.415042,0.204898,0.007888,0.372143
AATTAAAGGTCGGCGT-1,0.203116,0.327622,0.001176,0.000039,0.468047
AATTAACGGATTTCCA-1,0.074639,0.085327,0.227294,0.007028,0.605711
AATTAGCGCTGCAGCG-1,0.095733,0.013098,0.67632,0.019279,0.195571
AATTATACCCAGCAAG-1,0.031709,0.173574,0.268681,0.317783,0.208253
AATTCATAAGGGATCT-1,0.00003,0.262835,0.654071,0.00003,0.083034
AATTCCAAGCATGTAC-1,0.265347,0.392664,0.000203,0.185853,0.155933
AATTCGATTCGAGGAT-1,0.011098,0.070455,0.351253,0.191484,0.375711
AATTCTAGAGTTAGGC-1,0.026153,0.023948,0.102319,0.037775,0.809805
AATTGAACGCTCTGGT-1,0.000012,0.231227,0.38047,0.189342,0.198949
AATTGCAGCAATCGAC-1,0.000013,0.000039,0.774835,0.000013,0.225099
AATTTGGGACATAGTA-1,0.000044,0.518365,0.401624,0.055196,0.024772
AATTTGGTTCCAAAGA-1,0.000134,0.012199,0.352525,0.000134,0.635009
ACAAACCATGCGTCCT-1,0.769042,0.061463,0.000149,0.169287,0.00006
ACAAACTCCATCAGAG-1,0.770693,0.068771,0.000331,0.076144,0.08406
ACAAAGCATGACCTAG-1,0.000007,0.000022,0.723387,0.05879,0.217794
ACAAATCGCACCGAAT-1,0.000012,0.318012,0.261564,0.044912,0.3755
ACAAATGGTAGTGTTT-1,0.00001,0.023371,0.66811,0.056557,0.251952
ACAACAGCATGAGCTA-1,0.047533,0.208844,0.450519,0.051562,0.241542
ACAACGGTCCCTGCGA-1,0.000027,0.282243,0.670166,0.000027,0.047537
ACAAGCAGTGCCTAGC-1,0.044164,0.023251,0.930252,0.000017,0.002316
ACAAGGAAATCCGCCC-1,0.000013,0.014103,0.724297,0.058711,0.202876
ACAAGGACAAGAGGTT-1,0.025184,0.118455,0.708772,0.097376,0.050214
ACAAGGATGCTTTAGG-1,0.000022,0.064532,0.094688,0.025285,0.815473
ACAAGGGCAGGCTCTG-1,0.000014,0.015008,0.625136,0.000014,0.359828
ACAATAGTCGTACGTT-1,0.103475,0.328676,0.227965,0.000043,0.339841
ACAATCCATTTAAACC-1,0.170822,0.230294,0.371407,0.008931,0.218545
ACAATCGATCTTTATA-1,0.027639,0.325378,0.226064,0.056887,0.364032
ACAATGAATACGGAGA-1,0.785688,0.000217,0.000362,0.008176,0.205557
ACAATTGTGTCTCTTT-1,0.000026,0.000587,0.66129,0.000026,0.338072
ACAATTTGAGCAGTGG-1,0.00002,0.412658,0.351589,0.016409,0.219325
ACACAAAGACGGGTGG-1,0.133718,0.286854,0.3735,0.00004,0.205888
ACACACCAGGACCAGT-1,0.000027,0.244184,0.305308,0.001205,0.449276
ACACACTTTCTACACG-1,0.000035,0.01549,0.781032,0.000035,0.203407
ACACATGATCAAATCT-1,0.916659,0.079424,0.000191,0.000038,0.003688
ACACATTTCCGTAGAC-1,0.098457,0.326368,0.00425,0.000093,0.570832
ACACCCAGCATGCAGC-1,0.021996,0.069282,0.732084,0.061016,0.115622
ACACCCGAGAAATCCG-1,0.040743,0.293675,0.494956,0.170318,0.000308
ACACCGGTCTGACCGC-1,0.85,0.009981,0.000278,0.000056,0.139685
ACACCTTAAGTAGGGC-1,0.039503,0.347826,0.538284,0.000043,0.074345
ACACCTTACTACTTGC-1,0.000049,0.970535,0.02927,0.000049,0.000098
ACACGAGACTCCTTCT-1,0.02496,0.630762,0.317653,0.001235,0.025389
ACACGGCACTATGCAT-1,0.000019,0.014095,0.985829,0.000019,0.000038
ACACGGGAACTTAGGG-1,0.097453,0.006787,0.604237,0.000019,0.291504
ACACGTAGGCCACAAG-1,0.053036,0.700739,0.109261,0.029346,0.107616
ACACTCCAATGTCACT-1,0.000026,0.520325,0.425218,0.001074,0.053358
ACACTGATCAAGGTGT-1,0.439046,0.560538,0.00026,0.000052,0.000104
ACACTGGGACAGTCGT-1,0.00746,0.777709,0.000319,0.122643,0.091868
ACAGAACTGAGAACAA-1,0.533544,0.435946,0.000259,0.000052,0.030199
ACAGATTAGGTTAGTG-1,0.000035,0.211079,0.778611,0.000035,0.01024
ACAGCATAGAGCCAGT-1,0.044222,0.185329,0.617271,0.039356,0.113822
ACAGCGACATTCTCAT-1,0.00002,0.000285,0.748368,0.059625,0.191703
ACAGCGCACCCGCAGC-1,0.000029,0.052639,0.819187,0.025482,0.102663
ACAGGCACGGATCCTT-1,0.000013,0.07505,0.53249,0.146257,0.246189
ACAGGCTTGCCCGACT-1,0.000007,0.020762,0.605484,0.33632,0.037428
ACAGGTGGAGGTGAGG-1,0.577416,0.000072,0.418499,0.000109,0.003905
ACAGTAATACAACTTG-1,0.225908,0.008525,0.103933,0.289725,0.371909
ACATAATAAGGCGGTG-1,0.014925,0.179052,0.372971,0.000036,0.433016
ACATACAATCAAGCGG-1,0.001295,0.117077,0.473974,0.200177,0.207477
ACATCAGCTGGGACGC-1,0.06187,0.286264,0.591102,0.000547,0.060217
ACATCCCGGCCATACG-1,0.086208,0.729107,0.014162,0.000034,0.170489
ACATCCTGGTAACTGT-1,0.039508,0.126649,0.794844,0.00002,0.03898
ACATCGATCGTTTACC-1,0.000904,0.000096,0.310003,0.44078,0.248218
ACATCGGTCAGCCGCG-1,0.15712,0.671929,0.142362,0.000037,0.028552
ACATCGTATGCAATGG-1,0.097295,0.09967,0.316327,0.000021,0.486687
ACATCGTTAACCTAGT-1,0.000019,0.008108,0.991816,0.000019,0.000038
ACATCTCAACGCGTAA-1,0.000441,0.485279,0.420068,0.031195,0.063017
ACATGCTTACGGCAGC-1,0.831494,0.030908,0.01297,0.124565,0.000062
ACATGGCGCCAAAGTA-1,0.000014,0.000193,0.939825,0.024861,0.035107
ACATGGCTCAATTTAG-1,0.000011,0.056252,0.943702,0.000011,0.000023
ACATTAGTTTATATCC-1,0.021513,0.101024,0.723877,0.000017,0.153569
ACATTCGCGCGGAATA-1,0.840475,0.013207,0.131048,0.006534,0.008736
ACATTTGAAACCTAAC-1,0.000008,0.003135,0.734766,0.244908,0.017183
ACCAAACTAGAAATCC-1,0.00433,0.783428,0.128458,0.001192,0.082593
ACCAACCGCACTCCAC-1,0.000011,0.146898,0.615505,0.012977,0.22461
ACCAACGCTTATTTAT-1,0.378899,0.59171,0.029279,0.000037,0.000074
ACCAAGAACGCGTGTC-1,0.049065,0.324992,0.426433,0.000036,0.199474
ACCAAGTCATCGGCAG-1,0.000021,0.20461,0.418297,0.015782,0.361291
ACCAATATGCAAGTTA-1,0.111709,0.110021,0.430087,0.082473,0.26571
ACCACAACTCAGAACA-1,0.000033,0.426435,0.319303,0.069752,0.184478
ACCACAAGTTTCTATC-1,0.005772,0.213639,0.725067,0.052702,0.002821
ACCACACGGTTGATGG-1,0.036696,0.00003,0.447446,0.35057,0.165259
ACCACCAATGTAACAA-1,0.013859,0.072571,0.546559,0.048435,0.318576
ACCACGTGCAGCTATA-1,0.044296,0.073908,0.528826,0.01545,0.337519
ACCAGCCCGGTCTTTG-1,0.000055,0.545386,0.260806,0.000055,0.193698
ACCAGGAGTGTGATCT-1,0.000038,0.090847,0.661783,0.000038,0.247294
ACCAGTGCGGGAGACG-1,0.000013,0.00254,0.817449,0.000013,0.179986
ACCATATCCGCAATAA-1,0.112009,0.02821,0.128994,0.000037,0.73075
ACCATCCGCCAACTAG-1,0.092441,0.214229,0.625523,0.000013,0.067794
ACCATCGTATATGGTA-1,0.185221,0.095846,0.630932,0.000025,0.087977
ACCCAACGCCCGTGGC-1,0.000011,0.003089,0.805627,0.075817,0.115456
ACCCACCTACATGCTC-1,0.000025,0.09366,0.906262,0.000018,0.000036
ACCCATCTTGAGGGTA-1,0.237205,0.089634,0.547147,0.000022,0.125992
ACCCATTTGTCCCTCT-1,0.018427,0.148928,0.518525,0.306071,0.008049
ACCCGAGCGAAATTAC-1,0.606511,0.050413,0.098273,0.000068,0.244734
ACCCGATTGGTTCCGA-1,0.646776,0.035687,0.122535,0.000063,0.194939
ACCCGGAAACTCCCAG-1,0.012097,0.075241,0.452628,0.02143,0.438604
ACCCGGATGACGCATC-1,0.000031,0.152558,0.627047,0.005288,0.215076
ACCCGGTTACACTTCC-1,0.198978,0.039711,0.556885,0.090802,0.113623
ACCCGTGTCATCAGTA-1,0.163479,0.196233,0.421704,0.000033,0.218551
ACCCTATAGGACTGAG-1,0.000031,0.201477,0.771231,0.000031,0.027229
ACCCTATGCCATATCG-1,0.254401,0.010483,0.735045,0.000024,0.000047
ACCCTCCCGTCAGGGC-1,0.000023,0.224665,0.198101,0.411459,0.165753
ACCCTCCCTTGCTATT-1,0.000011,0.015805,0.799657,0.001732,0.182795
ACCCTTCATCTGCGAA-1,0.010677,0.072257,0.717038,0.019092,0.180936
ACCCTTTAGTTCTCCA-1,0.000104,0.418761,0.103596,0.021182,0.456358
ACCGAAAGGGCCCTGC-1,0.020774,0.13492,0.8079,0.001702,0.034704
ACCGAAGAGTCTGGTT-1,0.161334,0.11082,0.716757,0.000013,0.011077
ACCGACACATCTCCCA-1,0.136319,0.373617,0.04419,0.029293,0.41658
ACCGACTGAGTCCCAC-1,0.000072,0.004305,0.555008,0.148236,0.292379
ACCGAGTCTCCTTATT-1,0.03001,0.396751,0.037906,0.226798,0.308536
ACCGATGGTAGCATCG-1,0.000013,0.000046,0.856235,0.01304,0.130666
ACCGCAATAACTGCCT-1,0.043302,0.000211,0.520999,0.251957,0.183532
ACCGCGGTGGAAGTCG-1,0.000013,0.071164,0.912401,0.000013,0.01641
ACCGCTAGTCATTGGT-1,0.973933,0.004116,0.021832,0.00004,0.00008
ACCGGGCCTTTGTTGA-1,0.000036,0.629941,0.248583,0.000036,0.121405
ACCGGTCAGGTACACC-1,0.658056,0.341599,0.000215,0.000043,0.000086
ACCGTGACCACGTGGG-1,0.827532,0.020397,0.060599,0.027887,0.063586
ACCGTTCCCGCTCTGA-1,0.000027,0.0058,0.885346,0.072958,0.035868
ACCTAAGTACCTTTCA-1,0.516171,0.136419,0.000363,0.000073,0.346974
ACCTAATCGACTTCCT-1,0.030804,0.158252,0.736769,0.000027,0.074148
ACCTACAGTATGTGGT-1,0.030465,0.910092,0.05268,0.000051,0.006712
ACCTACTATAAATCTA-1,0.066196,0.012136,0.304478,0.010902,0.606288
ACCTCCGCCCTCGCTG-1,0.096593,0.153484,0.286753,0.10167,0.3615
ACCTCCGTTATTCACC-1,0.045042,0.954411,0.000342,0.000068,0.000137
ACCTCGAACTTATGCT-1,0.86301,0.000108,0.00018,0.136629,0.000072
ACCTGCGTGTCATGTT-1,0.303439,0.241965,0.030711,0.064928,0.358957
ACGAAATGGGCGGCAC-1,0.145259,0.161787,0.539408,0.00003,0.153515
ACGACTCTAGGGCCGA-1,0.00001,0.02167,0.628056,0.090632,0.259633
ACGACTGGTCATACTC-1,0.915523,0.074496,0.000157,0.009761,0.000063
ACGAGAACCCATCACG-1,0.000029,0.060423,0.812873,0.008108,0.118567
ACGAGATATTTGCTTA-1,0.000076,0.336847,0.322636,0.018043,0.322398
ACGAGGATACCACTCT-1,0.097549,0.056884,0.78823,0.006645,0.050692
ACGAGGTTTACAACGT-1,0.632933,0.000236,0.000389,0.036337,0.330105
ACGAGTACGGATGCCC-1,0.023082,0.43713,0.502791,0.000032,0.036965
ACGATACATAGAACTA-1,0.000023,0.547866,0.328572,0.000023,0.123515
ACGATCATACATAGAG-1,0.020958,0.672301,0.009422,0.000029,0.29729
ACGATCATCTTGTAAA-1,0.000018,0.090484,0.884456,0.000018,0.025024
ACGATGCATATGTTAT-1,0.259605,0.056376,0.551559,0.000023,0.132437
ACGATGGATCCGATGC-1,0.000092,0.325834,0.319494,0.000092,0.354488
ACGCAAACTAATAGAT-1,0.144119,0.088829,0.693849,0.070985,0.002218
ACGCAATCACTACAGC-1,0.000062,0.999442,0.00031,0.000062,0.000124
ACGCATACGTTTACTA-1,0.000037,0.09266,0.463607,0.000037,0.44366
ACGCATTCGTGAGTAC-1,0.000022,0.323137,0.469256,0.000022,0.207563
ACGCCACTCGAAACAG-1,0.032947,0.247748,0.304146,0.177055,0.238104
ACGCCAGATGATTTCT-1,0.000028,0.012721,0.783077,0.000028,0.204147
ACGCCAGTGCGTTTGC-1,0.02381,0.004944,0.774981,0.071465,0.1248
ACGCCCAGCTGTCGAT-1,0.019379,0.333743,0.475836,0.000037,0.171004
ACGCCGCTAGACGACC-1,0.124404,0.094465,0.361757,0.003599,0.415776
ACGCGAAGTCAGACGA-1,0.059086,0.311458,0.189022,0.000025,0.440409
ACGCGCTACACAGGGT-1,0.177505,0.012147,0.617187,0.059112,0.134048
ACGCGGGCCAAGGACA-1,0.007387,0.180127,0.273569,0.000025,0.538893
ACGCTAGTGATACACT-1,0.000012,0.0002,0.999754,0.000012,0.000023
ACGCTGTGAGGCGTAG-1,0.135761,0.228737,0.565884,0.000022,0.069597
ACGGAACACGAGTGCC-1,0.000014,0.002447,0.73108,0.001621,0.264839
ACGGAATTTAGCAAAT-1,0.000025,0.270159,0.714252,0.000025,0.015539
ACGGACGCAGCGACAA-1,0.572963,0.00453,0.371197,0.051275,0.000035
ACGGACTCTCAAAGCG-1,0.081041,0.02168,0.342665,0.10771,0.446904
ACGGATGGTGCGGATA-1,0.007128,0.031868,0.56482,0.002722,0.393462
ACGGCACTTGCTTGGG-1,0.055786,0.184929,0.219355,0.000035,0.539895
ACGGCCAACATGGACT-1,0.232675,0.163061,0.073401,0.000031,0.530832
ACGGCGACGATGGGAA-1,0.014209,0.073067,0.367894,0.004467,0.540363
ACGGCGGGTTGCCCTG-1,0.000024,0.150722,0.843569,0.000024,0.005661
ACGGCTGGATGTAGAA-1,0.386913,0.255798,0.334174,0.000015,0.023099
ACGGGAGTGTCGGCCC-1,0.248747,0.440768,0.257197,0.000032,0.053257
ACGGTACAGTTCAATG-1,0.033369,0.286765,0.243749,0.36824,0.067877
ACGGTCACCGAGAACA-1,0.872899,0.000062,0.000103,0.126895,0.000041
ACGTACAGATTTCTCT-1,0.045583,0.037708,0.545655,0.370957,0.000098
ACGTACTTTGGCACGG-1,0.539898,0.195289,0.200614,0.064147,0.000051
ACGTAGATTGCTGATG-1,0.020724,0.347376,0.358938,0.000025,0.272938
ACGTAGGAGAGTCGCT-1,0.161834,0.116876,0.0001,0.398367,0.322822
ACGTATTACTCCGATC-1,0.000015,0.000044,0.920622,0.001226,0.078094
ACGTGCGCCTCGTGCA-1,0.082607,0.090612,0.612013,0.011303,0.203465
ACGTTAATGTCGAAGA-1,0.094814,0.086302,0.518379,0.000018,0.300488
ACGTTAGATTTGCCCG-1,0.238251,0.198846,0.086487,0.000054,0.476361
ACGTTATTGGTCACTC-1,0.001275,0.009132,0.938105,0.002059,0.049428
ACGTTCACTATGCCGC-1,0.659172,0.002843,0.337898,0.000029,0.000058
ACGTTCCGCGCTCCGT-1,0.000027,0.000082,0.84603,0.000668,0.153192
ACGTTCGCAATCAATT-1,0.196485,0.803138,0.000236,0.000047,0.000094
ACGTTCGTTCAGGAAA-1,0.818559,0.077424,0.008537,0.095444,0.000036
ACGTTCTGTACAAGTC-1,0.079504,0.132327,0.199061,0.123867,0.46524
ACGTTGTCGTTGAAAG-1,0.862232,0.101107,0.000171,0.036421,0.000068
ACGTTTAGTTGTGATC-1,0.015791,0.000101,0.963537,0.000034,0.020537
ACTACAAAGAGAGGTG-1,0.62518,0.2528,0.000253,0.099947,0.021821
ACTACATCCCGACAAG-1,0.696015,0.091102,0.10498,0.00004,0.107863
ACTACCAGCTCTCTGG-1,0.069411,0.512535,0.330196,0.047123,0.040735
ACTACCATCCGAGGGC-1,0.573999,0.060082,0.335223,0.030653,0.000043
ACTACGCGTTAGAATT-1,0.059288,0.347694,0.038499,0.000034,0.554485
ACTAGTTGCGATCGTC-1,0.000016,0.022309,0.971374,0.000016,0.006285
ACTATCCAGGGCATGG-1,0.020818,0.014308,0.785322,0.021332,0.158221
ACTATCTGCCCGCGTA-1,0.007731,0.805507,0.000262,0.000052,0.186448
ACTATGTCCAGCTGCC-1,0.77892,0.000089,0.206475,0.014457,0.000059
ACTATTCGTCCGTGGT-1,0.000038,0.571397,0.405155,0.000038,0.023373
ACTATTTCCGGGCCCA-1,0.902649,0.052149,0.000171,0.014343,0.030686
ACTCAACGAATGTATT-1,0.042845,0.133122,0.823725,0.000037,0.000271
ACTCAAGTGCAAGGCT-1,0.000012,0.00021,0.501928,0.122881,0.37497
ACTCAATAAAGGCACG-1,0.001739,0.006823,0.517215,0.001171,0.473051
ACTCAGACCTGCTTCT-1,0.000026,0.034997,0.918203,0.01619,0.030584
ACTCATGGCAGCCTTC-1,0.77833,0.19469,0.000182,0.026725,0.000073
ACTCCAATATCATCAT-1,0.803023,0.183823,0.012986,0.000056,0.000112
ACTCCCATTCCTAAAG-1,0.24639,0.281372,0.004929,0.000045,0.467264
ACTCCCGAATTCGTTT-1,0.000688,0.63621,0.358144,0.004098,0.000859
ACTCCCTAATGCTAAA-1,0.050533,0.03027,0.445354,0.002084,0.471759
ACTCCCTAGAATAGTA-1,0.05028,0.033753,0.052488,0.017892,0.845587
ACTCCGGCCGACCACT-1,0.032459,0.246571,0.11924,0.528404,0.073326
ACTCGCCGTTCGATAA-1,0.025448,0.39052,0.029258,0.000044,0.554729
ACTCGTAACCCGTCCT-1,0.414392,0.496938,0.000235,0.088341,0.000094
ACTCGTCAGTAATCCC-1,0.140238,0.000056,0.61419,0.00297,0.242546
ACTCTCTGACTTAGGT-1,0.005125,0.078767,0.790651,0.000019,0.125438
ACTCTCTTATACACGA-1,0.000058,0.967741,0.000289,0.000058,0.031854
ACTCTGACCTAATAGA-1,0.013506,0.02913,0.606947,0.055241,0.295176
ACTCTTGTATAGTAAC-1,0.015649,0.000291,0.000486,0.120706,0.862868
ACTGAAACGCCGTTAG-1,0.000016,0.000634,0.598314,0.007812,0.393223
ACTGAATGGCGAAAGT-1,0.000014,0.193824,0.30759,0.000014,0.498558
ACTGCCCGCCATTCTC-1,0.999587,0.000113,0.000188,0.000038,0.000075
ACTGCCGTCGTAACTC-1,0.000041,0.024105,0.573847,0.004452,0.397555
ACTGGGATGCCAGTGC-1,0.631037,0.003988,0.019727,0.184964,0.160285
ACTGTACGATACACAT-1,0.000445,0.064123,0.639376,0.206508,0.089549
ACTGTAGCACTTTGGA-1,0.000017,0.310781,0.688358,0.000017,0.000827
ACTGTATACGCGAGCA-1,0.014852,0.001735,0.687908,0.000052,0.295453
ACTGTCCAGGATTATA-1,0.084759,0.12534,0.680943,0.000027,0.108931
ACTGTCTTCTTTAGAA-1,0.146489,0.289008,0.13243,0.06152,0.370553
ACTGTGCTAGTAGATC-1,0.196155,0.487083,0.214571,0.102117,0.000074
ACTGTTTAGTGTAGGC-1,0.000032,0.173665,0.790028,0.030738,0.005536
ACTTACGCATCCACGC-1,0.000011,0.000033,0.509585,0.203575,0.286796
ACTTAGTACGACAAGA-1,0.019273,0.407206,0.404711,0.036427,0.132384
ACTTATACTTACCCGG-1,0.048442,0.269914,0.42144,0.003404,0.2568
ACTTATTAGGATCGGT-1,0.185472,0.146927,0.343187,0.000029,0.324385
ACTTATTTATGTGCCA-1,0.000015,0.093236,0.762901,0.069193,0.074655
ACTTCAGGCTGATCCC-1,0.003833,0.227149,0.261533,0.000018,0.507467
ACTTCCATGCGGGACA-1,0.00002,0.032775,0.134575,0.056329,0.776301
ACTTCGCCATACGCAC-1,0.000025,0.230968,0.470131,0.000025,0.29885
ACTTGACTCCCTCTTT-1,0.069325,0.224107,0.677049,0.014477,0.015043
ACTTGCCATATTGTAC-1,0.000026,0.044132,0.948912,0.004128,0.002802
ACTTGGGACCCGGTGG-1,0.022706,0.057882,0.466236,0.277284,0.175892
ACTTGTGGATGGAACG-1,0.000034,0.385146,0.545472,0.000035,0.069314
ACTTGTTACCGGATCA-1,0.190058,0.035146,0.363095,0.007979,0.403721
ACTTTACCCTCATGAA-1,0.011737,0.196989,0.68035,0.091857,0.019067
ACTTTCCTATAGCTTC-1,0.068022,0.02403,0.761059,0.109499,0.037391
ACTTTGGTCGTGCTCC-1,0.747342,0.059624,0.022788,0.027255,0.14299
AGAAATTATGACTCGC-1,0.014326,0.317951,0.273239,0.053729,0.340756
AGAACACGGCGATGGT-1,0.764248,0.005797,0.000176,0.085083,0.144696
AGAACGTGGTACATTC-1,0.015269,0.313517,0.55525,0.047025,0.068939
AGAACTGTACTTTGTA-1,0.000009,0.118291,0.690905,0.020671,0.170124
AGAAGAGCGCCGTTCC-1,0.000159,0.000478,0.788062,0.000159,0.211141
AGAAGGTACACTTCAC-1,0.33445,0.019193,0.2933,0.057495,0.295562
AGAAGGTTGCCGAATT-1,0.196071,0.003116,0.147911,0.000054,0.652849
AGAAGGTTGTAGGTCG-1,0.007521,0.000031,0.169681,0.703555,0.119212
AGAAGTGATTCGTGAT-1,0.452983,0.127271,0.000385,0.000077,0.419284
AGAATACAGGCTATCC-1,0.000412,0.085011,0.844178,0.032047,0.038351
AGAATTATGGATTCGA-1,0.000014,0.067039,0.87985,0.000333,0.052765
AGAATTGTTTGACATA-1,0.000029,0.029605,0.871167,0.078865,0.020333
AGACAGCTCAGAATCC-1,0.00034,0.000019,0.989691,0.006463,0.003486
AGACATAGATCCTTCC-1,0.004313,0.417141,0.499292,0.079206,0.000048
AGACCATGGGATACAA-1,0.017041,0.042453,0.93615,0.000024,0.004332
AGACCCACCGCTGATC-1,0.098656,0.208828,0.274682,0.000024,0.41781
AGACCCGCCCTCCTCG-1,0.098571,0.320199,0.423969,0.000033,0.157227
AGACCGCTCCGCGGTT-1,0.153256,0.8406,0.00022,0.000044,0.005881
AGACCGGGAAACCCTG-1,0.100123,0.045216,0.561977,0.085261,0.207423
AGACGAAGTGCCGGTC-1,0.000031,0.242677,0.343328,0.022918,0.391047
AGACGACGATGCCGCT-1,0.734935,0.247995,0.000128,0.016892,0.000051
AGACTAGCCTTCCAGA-1,0.056139,0.296206,0.542163,0.010169,0.095324
AGACTGTTACCGGGTC-1,0.710354,0.193814,0.023971,0.000063,0.071797
AGAGAAACACCAGAAA-1,0.928568,0.000081,0.000135,0.071163,0.000054
AGAGAACCGTCTAGGA-1,0.000017,0.246038,0.693213,0.043278,0.017454
AGAGAAGGAGTACAAT-1,0.775836,0.223769,0.000247,0.000049,0.000099
AGAGATCTCTAAAGCG-1,0.081415,0.000917,0.35528,0.094209,0.46818
AGAGCAGTTATGAGAC-1,0.087106,0.158173,0.589491,0.127964,0.037265
AGAGCCGCCGAGATTT-1,0.000041,0.999633,0.000204,0.000041,0.000082
AGAGCGGGCTAATCAT-1,0.00001,0.00003,0.95541,0.021196,0.023354
AGAGCGTACAAGCTCG-1,0.000018,0.031859,0.889179,0.077933,0.001011
AGAGCTACGAAAGCAT-1,0.000014,0.064147,0.935392,0.000419,0.000028
AGAGGCTTCGGAAACC-1,0.000015,0.000045,0.824662,0.000015,0.175263
AGAGGTATCTCGGTCC-1,0.000031,0.00738,0.974629,0.000031,0.01793
AGAGTAAACTTCACTA-1,0.000024,0.007445,0.744949,0.000024,0.247557
AGATAACTTCAGGGCC-1,0.026988,0.453431,0.442979,0.02077,0.055832
AGATACCAATAGAACC-1,0.00004,0.208491,0.000201,0.00004,0.791228
AGATACCGGTGTTCAC-1,0.307204,0.182326,0.50474,0.000022,0.005708
AGATACGACTTCATAT-1,0.025386,0.160956,0.795878,0.000028,0.017752
AGATACTCAAGATCGA-1,0.000019,0.126965,0.309319,0.000022,0.563676
AGATATAATACGACTA-1,0.007264,0.004706,0.062067,0.021543,0.90442
AGATCGTGCATAAGAT-1,0.000016,0.395158,0.599279,0.000016,0.005532
AGATCTCAGGTGTGAT-1,0.122929,0.000057,0.555249,0.013731,0.308035
AGATCTGGAGAGGATA-1,0.443589,0.137162,0.411133,0.003885,0.004232
AGATGACTCGCCCACG-1,0.143967,0.184577,0.344272,0.054965,0.272219
AGATGATGGAGTCTGG-1,0.000027,0.564553,0.406038,0.01972,0.009661
AGATGCAAGACGTGCA-1,0.958326,0.000638,0.001063,0.039548,0.000425
AGATTATAGGACGTTT-1,0.131248,0.202781,0.080355,0.16525,0.420367
AGATTCACAACCGATA-1,0.178036,0.350132,0.201804,0.00353,0.266498
AGCAAAGGCCGCTAGT-1,0.020357,0.005655,0.007116,0.000025,0.966847
AGCAACATATCTTATT-1,0.000017,0.38257,0.49455,0.008368,0.114495
AGCAACCGAAAGTAAT-1,0.817916,0.122825,0.000612,0.000122,0.058525
AGCACACGTTTAGACT-1,0.653632,0.00013,0.083828,0.262323,0.000086
AGCACCAGTACTCACG-1,0.089897,0.100353,0.60864,0.00002,0.201091
AGCACTACCGGCCTGT-1,0.128732,0.09526,0.664934,0.000029,0.111045
AGCACTACCTCACCAG-1,0.088302,0.555115,0.031886,0.162536,0.162161
AGCACTTAAGGACGCC-1,0.064965,0.06161,0.782637,0.01165,0.079138
AGCAGAAGGAGAAAGA-1,0.054132,0.008358,0.000108,0.000022,0.93738
AGCAGCCAGATGAATA-1,0.062367,0.207477,0.416383,0.002334,0.311439
AGCAGTCGAAGCATGC-1,0.052097,0.423576,0.046459,0.12042,0.357448
AGCATATCAATATGCT-1,0.000028,0.290587,0.285707,0.000028,0.42365
AGCATCATTTCGAAAG-1,0.62369,0.051768,0.00027,0.295454,0.028817
AGCATCGTCGATAATT-1,0.12388,0.281348,0.451213,0.057553,0.086005
AGCATTACGAGGCAAG-1,0.002097,0.066269,0.429178,0.036309,0.466146
AGCCAAGCTTTGTGTC-1,0.225409,0.026488,0.228368,0.000038,0.519696
AGCCACAGGTTACCCG-1,0.00129,0.000027,0.421898,0.532715,0.04407
AGCCACTCCCGTGCTT-1,0.034769,0.185027,0.661055,0.014973,0.104176
AGCCATATAGTATGTG-1,0.022356,0.115161,0.25387,0.322458,0.286155
AGCCCATACATGTAAG-1,0.267801,0.193864,0.17803,0.034756,0.325549
AGCCCGCAACAAGCAG-1,0.169076,0.000042,0.656658,0.139387,0.034837
AGCCCGCACTACAATG-1,0.107381,0.208372,0.095909,0.000021,0.588318
AGCCCGGCATTAGAGG-1,0.552482,0.310961,0.000312,0.136121,0.000125
AGCCCGGTAGCCTGTA-1,0.432682,0.108494,0.243239,0.128519,0.087065
AGCCCTAAGCGAAGTT-1,0.000016,0.000048,0.913789,0.01933,0.066817
AGCCCTCCCTGGTGGC-1,0.767047,0.157443,0.000338,0.017251,0.05792
AGCCCTTCTAATCCGA-1,0.000042,0.504865,0.443271,0.000042,0.051781
AGCCGTGGCTAAATGT-1,0.575917,0.00451,0.083937,0.000052,0.335585
AGCCTAATACCCACGT-1,0.291081,0.059633,0.000296,0.001974,0.647016
AGCCTTAAAGCGGAAG-1,0.000916,0.337577,0.548463,0.02441,0.088634
AGCGACAGGAACGGTC-1,0.777227,0.217499,0.005203,0.000024,0.000048
AGCGACATCCCATTCA-1,0.0344,0.007169,0.771154,0.006469,0.180808
AGCGACCAACGATATT-1,0.12499,0.285094,0.31454,0.000042,0.275334
AGCGAGACGTGAAGGC-1,0.725855,0.019526,0.142613,0.060587,0.051418
AGCGATGCGCCTAATA-1,0.00003,0.308905,0.276063,0.000079,0.414922
AGCGCATAATGAATCG-1,0.139648,0.335974,0.003399,0.000042,0.520936
AGCGCGGGTGCCAATG-1,0.015091,0.090501,0.806291,0.002969,0.085148
AGCGGACACTTCGTAG-1,0.067815,0.000174,0.000289,0.2956,0.636121
AGCGGCGGTTAGCGGT-1,0.183026,0.169458,0.506474,0.010606,0.130436
AGCGGGAAGGGTCCAT-1,0.036893,0.410125,0.552164,0.000025,0.000793
AGCGGGTCTGACACTC-1,0.000014,0.004116,0.393265,0.398191,0.204413
AGCGTACGAGAGCTAG-1,0.000019,0.060387,0.904447,0.027253,0.007895
AGCGTAGCGCTAGACC-1,0.000056,0.231323,0.487309,0.013403,0.267909
AGCGTCTGAACCCGCA-1,0.022427,0.037327,0.901725,0.000031,0.038491
AGCGTGGTATTCTACT-1,0.185488,0.081028,0.310913,0.000024,0.422547
AGCTAACAAGCAATGT-1,0.971096,0.000161,0.000268,0.000054,0.028422
AGCTAAGCTCCGTCCG-1,0.89221,0.000139,0.000231,0.107328,0.000092
AGCTAAGTACGCAGGC-1,0.025667,0.005188,0.000089,0.20857,0.760487
AGCTAGAAGCAGAAGT-1,0.000017,0.002345,0.994321,0.000017,0.0033
AGCTATTTAATCCAAC-1,0.00002,0.205506,0.785902,0.00493,0.003642
AGCTCCATATATGTTC-1,0.031487,0.366094,0.000338,0.000068,0.602013
AGCTCCTTCGCACATC-1,0.000011,0.094711,0.607941,0.270515,0.026823
AGCTCTAGACGTTCCA-1,0.061424,0.052787,0.502258,0.003281,0.38025
AGCTCTTCCCAGTGCA-1,0.000024,0.73846,0.261443,0.000024,0.000049
AGCTCTTCGTAACCTT-1,0.000024,0.401406,0.567199,0.000024,0.031347
AGCTCTTTACTCAGTT-1,0.178587,0.424495,0.088038,0.000046,0.308834
AGCTGAAGTAAACCAA-1,0.000022,0.038956,0.6856,0.000022,0.275399
AGCTGTAACCTCAATC-1,0.63281,0.365867,0.000241,0.000986,0.000096
AGCTTATAGAGACCTG-1,0.000032,0.026072,0.818359,0.000032,0.155504
AGCTTCTTCTCGAGCA-1,0.020446,0.001221,0.427681,0.180304,0.370348
AGCTTGATCTTAACTT-1,0.161284,0.069027,0.396153,0.000031,0.373505
AGGAAGCTGTCCGCCG-1,0.011307,0.023354,0.41843,0.008148,0.538761
AGGACAGTCGAATCCC-1,0.126158,0.002303,0.38032,0.04225,0.448969
AGGACATCGCACGTCG-1,0.000017,0.240873,0.759059,0.000017,0.000034
AGGACGACCCATTAGA-1,0.273861,0.015646,0.600307,0.110146,0.00004
AGGACGCTCGATGTTG-1,0.059717,0.13729,0.744024,0.00004,0.058928
AGGAGGCCTTCGCGCG-1,0.000019,0.210899,0.469724,0.050354,0.269003
AGGATAAAGTCGGGAT-1,0.001873,0.00324,0.421009,0.192977,0.380901
AGGATATAGGGATTTA-1,0.000026,0.194943,0.559819,0.018029,0.227183
AGGATATCCGACTGCA-1,0.000013,0.357205,0.182108,0.006844,0.45383
AGGATCACGCGATCTG-1,0.204454,0.08041,0.15533,0.000048,0.559758
AGGCAAAGAGGAATCA-1,0.051631,0.223947,0.719664,0.000055,0.004703
AGGCACGTGACTGTCC-1,0.017579,0.56797,0.2228,0.09423,0.097421
AGGCAGATGCGTAAAC-1,0.000017,0.285665,0.564664,0.000017,0.149636
AGGCAGGGAGCGTACT-1,0.573429,0.306226,0.089585,0.030642,0.000118
AGGCATTGTCGTAGGG-1,0.000048,0.409541,0.183969,0.022794,0.383649
AGGCCACCCGTTATGA-1,0.016723,0.103564,0.80409,0.000028,0.075595
AGGCCCAGTGACTGGT-1,0.00002,0.000061,0.999858,0.00002,0.000041
AGGCCCATTGTACAGG-1,0.000034,0.318934,0.445652,0.000034,0.235345
AGGCCCTAGAACGCCA-1,0.382005,0.402564,0.191279,0.003684,0.020468
AGGCCTATCATACCAA-1,0.623465,0.015566,0.053105,0.133067,0.174798
AGGCCTGAGAATCTCG-1,0.000023,0.158974,0.000113,0.005402,0.835489
AGGCGGTTTGTCCCGC-1,0.558636,0.082149,0.064668,0.294262,0.000284
AGGCTATGGTTAGCTT-1,0.119707,0.013505,0.812614,0.000023,0.05415
AGGCTTCCCGAAGAAG-1,0.453221,0.278684,0.000373,0.000075,0.267647
AGGCTTGCTAGACACC-1,0.008789,0.178898,0.784262,0.000021,0.02803
AGGGAAACGAGGTACT-1,0.000032,0.452806,0.412754,0.103646,0.030763
AGGGACAGCACGGCGG-1,0.000023,0.103629,0.891491,0.000023,0.004834
AGGGACCGGCTGCGTT-1,0.000041,0.998628,0.000203,0.000041,0.001088
AGGGACTCTACGCGAC-1,0.459829,0.284363,0.080438,0.000032,0.175338
AGGGCAGCGGCGTGGT-1,0.000016,0.000049,0.999885,0.000016,0.000033
AGGGCGAGCAGCTGAT-1,0.141546,0.678798,0.034795,0.00003,0.14483
AGGGCGTGATCGGCTA-1,0.086971,0.175583,0.695001,0.000035,0.04241
AGGGCTGCAGTTACAG-1,0.022757,0.123235,0.15607,0.103885,0.594053
AGGGTCAGAGCACTCG-1,0.921013,0.000071,0.078844,0.000024,0.000048
AGGGTCGATGCGAACT-1,0.111318,0.171386,0.548217,0.000023,0.169055
AGGGTGCCGTTCTTTA-1,0.886676,0.01294,0.000241,0.000048,0.100095
AGGGTGCTCTCGAGGG-1,0.000027,0.377445,0.321181,0.000027,0.30132
AGGGTTCAGACGGTCC-1,0.814844,0.045751,0.038514,0.100823,0.000069
AGGGTTCCCTTTGGTT-1,0.000021,0.060465,0.895192,0.017923,0.026399
AGGGTTTAGTTCGGGA-1,0.005097,0.080617,0.604526,0.000023,0.309737
AGGTAACCTCCTATTC-1,0.000015,0.041603,0.87706,0.081291,0.000031
AGGTACGATATTGCCA-1,0.000049,0.034995,0.612327,0.000049,0.352579
AGGTAGATCGAGATAT-1,0.760433,0.14418,0.000139,0.000028,0.095221
AGGTAGGTACAAAGCT-1,0.100826,0.188331,0.460601,0.000029,0.250212
AGGTATAATTGATAGT-1,0.000054,0.504894,0.18305,0.000054,0.311947
AGGTCAGGTGAGAGTG-1,0.253716,0.021591,0.427618,0.002714,0.294361
AGGTCGCCACTTCGGT-1,0.00004,0.524524,0.45453,0.00004,0.020867
AGGTCGCGGAGTTACT-1,0.000056,0.109914,0.47792,0.000056,0.412054
AGGTGCACGTCCACAT-1,0.000015,0.011225,0.755157,0.015142,0.218461
AGGTGGTGACCTTCGC-1,0.057819,0.000074,0.407443,0.488824,0.045841
AGGTGTATCGCCATGA-1,0.001697,0.130205,0.766354,0.028846,0.072898
AGGTTACACCATGCCG-1,0.000085,0.631069,0.000425,0.000085,0.368336
AGGTTGAGGCACGCTT-1,0.023465,0.040267,0.54189,0.000032,0.394347
AGGTTTCACACACCTT-1,0.011631,0.323014,0.363524,0.00002,0.30181
AGTAACTATAGCAGCC-1,0.000012,0.005697,0.831549,0.014226,0.148515
AGTAATCTAAGGGTGG-1,0.000011,0.067878,0.678283,0.012892,0.240935
AGTAATGTCTTGCCGC-1,0.000017,0.024357,0.957013,0.000017,0.018595
AGTACAGAAGCTTATA-1,0.064914,0.11099,0.221816,0.196373,0.405907
AGTACATCATTTATCA-1,0.000067,0.97039,0.000336,0.029073,0.000134
