Barcode,Topic 1to5,Topic 6,Topic 7to9
AAACAAGTATCTCCCA-1,0.465775,0.080031,0.454194
AAACACCAATAACTGC-1,0.471685,0.280393,0.247922
AAACAGCTTTCAGAAG-1,0.990206,0.000107,0.009687
AAACAGGGTCTATATT-1,0.911923,0.000007,0.08807
AAACATGGTGAGAGGA-1,0.923961,0.000011,0.076028
AAACATTTCCCGGATT-1,0.062296,0.037105,0.900599
AAACCCGAACGAAATC-1,0.989492,0.005045,0.005462
AAACCGGGTAGGTACC-1,0.699302,0.223355,0.077343
AAACCGTTCGTCCAGG-1,0.197587,0.144825,0.657588
AAACCTAAGCAGCCGG-1,0.437639,0.025271,0.53709
AAACCTCATGAAGTTG-1,0.741165,0.079208,0.179626
AAACGAAGATGGAGTA-1,0.953222,0.040531,0.006247
AAACGAGACGGTTGAT-1,0.951932,0.019443,0.028625
AAACGGGCGTACGGGT-1,0.164732,0.003906,0.831362
AAACGGTTGCGAACTG-1,0.122433,0.256621,0.620946
AAACTCGGTTCGCAAT-1,0.000061,0.000765,0.999174
AAACTCGTGATATAAG-1,0.955017,0.04494,0.000043
AAACTGCTGGCTCCAA-1,0.914844,0.000013,0.085143
AAACTTAATTGCACGC-1,0.890053,0.000014,0.109933
AAACTTGCAAACGTAT-1,0.912559,0.000009,0.087432
AAAGAATGACCTTAGA-1,0.892476,0.076166,0.031358
AAAGAATGTGGACTAA-1,0.002123,0.488669,0.509208
AAAGACCCAAGTCGCG-1,0.727641,0.272251,0.000108
AAAGACTGGGCGCTTT-1,0.97413,0.003694,0.022176
AAAGCTTGCCTACATA-1,0.997473,0.002489,0.000038
AAAGGCCCTATAATAC-1,0.443836,0.251504,0.30466
AAAGGCTACGGACCAT-1,0.029043,0.134732,0.836225
AAAGGCTCTCGCGCCG-1,0.000134,0.002834,0.997032
AAAGGGATGTAGCAAG-1,0.999949,0.000013,0.000038
AAAGGGCAGCTTGAAT-1,0.963731,0.005172,0.031098
AAAGTAGCATTGCTCA-1,0.502138,0.056836,0.441025
AAAGTCACTGATGTAA-1,0.423398,0.576492,0.00011
AAAGTCGACCCTCAGT-1,0.811525,0.000009,0.188466
AAAGTGTGATTTATCT-1,0.704163,0.030677,0.26516
AAAGTTGACTCCCGTA-1,0.954684,0.020231,0.025085
AAATAAGGTAGTGCCC-1,0.999974,0.000007,0.00002
AAATACCTATAAGCAT-1,0.345237,0.019745,0.635017
AAATAGCTTAGACTTT-1,0.977082,0.019995,0.002923
AAATAGGGTGCTATTG-1,0.047619,0.203907,0.748474
AAATCCGATACACGCC-1,0.000062,0.005542,0.994397
AAATCGCGGAAGGAGT-1,0.755186,0.001684,0.24313
AAATCGTGTACCACAA-1,0.585861,0.002817,0.411322
AAATCTAGCCCTGCTA-1,0.277174,0.157105,0.565721
AAATGATTCGATCAGC-1,0.999945,0.000014,0.000041
AAATGCTCGTTACGTT-1,0.999222,0.00071,0.000068
AAATGGCATGTCTTGT-1,0.700577,0.299287,0.000135
AAATGGCCCGTGCCCT-1,0.723611,0.107777,0.168612
AAATGGTCAATGTGCC-1,0.913923,0.057051,0.029026
AAATGTATCTTATCCC-1,0.999946,0.000014,0.000041
AAATTAACGGGTAGCT-1,0.740846,0.029595,0.229559
AAATTAATAAGCGCGA-1,0.987831,0.01004,0.002129
AAATTACACGACTCTG-1,0.428432,0.571483,0.000085
AAATTACCTATCGATG-1,0.971359,0.028593,0.000049
AAATTCCAGGTCCAAA-1,0.905315,0.00059,0.094095
AAATTGATAGTCCTTT-1,0.128006,0.181937,0.690056
AAATTTGCGGGTGTGG-1,0.353312,0.062079,0.584609
AACAACTGGTAGTTGC-1,0.980909,0.016363,0.002728
AACAATACATTGTCGA-1,0.000066,0.008029,0.991905
AACAATTACTCTACGC-1,0.995282,0.00058,0.004138
AACACACGCTCGCCGC-1,0.615053,0.017196,0.367751
AACACGAGACGCGGCC-1,0.865234,0.030743,0.104022
AACAGCTGTGTGGCAA-1,0.068048,0.170328,0.761625
AACAGGAAATCGAATA-1,0.873688,0.126245,0.000067
AACAGGATGGGCCGCG-1,0.866609,0.093105,0.040286
AACAGGTAGTATGGAT-1,0.690773,0.047639,0.261588
AACATAGCGTGTATCG-1,0.139231,0.013019,0.84775
AACATATCAACTGGTG-1,0.961593,0.034529,0.003878
AACATTGAAGTTGATC-1,0.231926,0.114524,0.65355
AACATTGTGACTCGAG-1,0.065487,0.160018,0.774496
AACCAAGACTTCTCTG-1,0.780525,0.001392,0.218083
AACCATAGGGTTGAAC-1,0.925977,0.031413,0.04261
AACCATGGGATCGCTA-1,0.938118,0.061486,0.000396
AACCCAGAGACGGAGA-1,0.992161,0.007784,0.000054
AACCCATCCCATGATC-1,0.896562,0.091059,0.012379
AACCCGACAACCCGTG-1,0.000057,0.023582,0.97636
AACCCGAGCAGAATCG-1,0.146783,0.328642,0.524575
AACCCTACTGTCAATA-1,0.936658,0.003151,0.060192
AACCGAGCTTGGTCAT-1,0.994519,0.005412,0.000069
AACCGCTAAGGGATGC-1,0.56031,0.18012,0.25957
AACCGTTGTGTTTGCT-1,0.407688,0.59217,0.000142
AACCTCGCTTTAGCCC-1,0.007441,0.000017,0.992541
AACCTGTCACGGAATT-1,0.999559,0.000303,0.000138
AACCTTTAAATACGGT-1,0.023223,0.232001,0.744776
AACCTTTACGACGTCT-1,0.870241,0.129635,0.000124
AACGAAAGTCGTCCCA-1,0.767026,0.210454,0.02252
AACGACCTCCTAGCCG-1,0.31556,0.058276,0.626164
AACGATAATGCCGTAG-1,0.194114,0.300657,0.505228
AACGATAGAAGGGCCG-1,0.999819,0.000117,0.000064
AACGATATGTCAACTG-1,0.965429,0.001936,0.032635
AACGCATGATCTGGGT-1,0.980136,0.012622,0.007242
AACGCGACCTTGGGCG-1,0.000061,0.000012,0.999926
AACGCGGTCTCCAGCC-1,0.954531,0.029001,0.016469
AACGCTGTTGCTGAAA-1,0.134313,0.193561,0.672125
AACGGACGTACGTATA-1,0.153394,0.120336,0.72627
AACGGCCATCTCCGGT-1,0.575234,0.16142,0.263346
AACGTACTGTGGGTAC-1,0.682065,0.015393,0.302542
AACGTCAGACTAGTGG-1,0.999952,0.000012,0.000036
AACGTCGCTGCACTTC-1,0.136121,0.082063,0.781816
AACGTGCGAAAGTCTC-1,0.991693,0.005995,0.002312
AACGTTATCAGCACCT-1,0.99071,0.004224,0.005067
AACTACCCGTTTGTCA-1,0.633845,0.055779,0.310376
AACTAGGCTTGGGTGT-1,0.046979,0.081788,0.871232
AACTCAAGTTAATTGC-1,0.77987,0.060657,0.159473
AACTCCAGAGCGTGTT-1,0.070414,0.001394,0.928193
AACTCGATGGCGCAGT-1,0.763649,0.236232,0.000119
AACTCTCAATAGAGCG-1,0.896166,0.095434,0.0084
AACTCTCAGTGTGCTC-1,0.578808,0.000779,0.420412
AACTGATATTAGGCCT-1,0.999889,0.000025,0.000086
AACTGGGTCCCGACGT-1,0.968329,0.011166,0.020505
AACTTCTGCGTCTATC-1,0.999918,0.000021,0.000062
AACTTGCCCGTATGCA-1,0.988553,0.000886,0.010562
AACTTGCGTTCTCGCG-1,0.999951,0.000012,0.000037
AACTTTACGGGAGCTT-1,0.907296,0.004457,0.088248
AACTTTCTCGATCATG-1,0.999925,0.000019,0.000056
AAGAAATCACCAGATT-1,0.527555,0.463939,0.008506
AAGAAGGATCAGTTAG-1,0.999922,0.00002,0.000059
AAGACATACGTGGTTT-1,0.08632,0.318207,0.595472
AAGACCAAATAACTCA-1,0.974384,0.001742,0.023874
AAGACCCAACTGAACA-1,0.048593,0.102357,0.84905
AAGACTGCAAGCTACT-1,0.90551,0.055615,0.038875
AAGAGATGAATCGGTA-1,0.973569,0.026405,0.000026
AAGAGCTCTTTATCGG-1,0.844727,0.150839,0.004435
AAGAGGATGTACGCGA-1,0.8964,0.011508,0.092091
AAGAGGCATGGATCGC-1,0.884964,0.114662,0.000374
AAGAGGCCCTTTGGAA-1,0.139078,0.080871,0.78005
AAGATGGCACCGGACC-1,0.249868,0.000008,0.750124
AAGATTGGCGGAACGT-1,0.963123,0.036828,0.000049
AAGCACCCTGCGTATC-1,0.000088,0.184913,0.814999
AAGCATACTCTCCTGA-1,0.129308,0.617077,0.253615
AAGCCGAAGCGGTTTA-1,0.715861,0.177979,0.10616
AAGCCGCCGTGAAATC-1,0.433483,0.190916,0.375601
AAGCCGCTTTACCTTG-1,0.50115,0.498714,0.000136
AAGCGCAGGGCTTTGA-1,0.001448,0.048878,0.949674
AAGCGTCCCTCATCGA-1,0.336529,0.213127,0.450344
AAGCTAGATCGAGTAA-1,0.259756,0.137371,0.602873
AAGCTCGTGCCAAGTC-1,0.900638,0.084906,0.014456
AAGCTCTTTCATGGTG-1,0.000152,0.434247,0.565601
AAGGAGCGGTTGGTGC-1,0.999899,0.000025,0.000075
AAGGATCGATCGCTTG-1,0.999147,0.000008,0.000845
AAGGATGAGGGACCTC-1,0.902616,0.036374,0.06101
AAGGCAGGCTGTCTCC-1,0.997978,0.000265,0.001757
AAGGCGCGTAAAGCTT-1,0.999969,0.000008,0.000023
AAGGCTGTGCTCATCG-1,0.873875,0.007754,0.118371
AAGGGAACGACTGGCT-1,0.323459,0.019231,0.65731
AAGGGACAGATTCTGT-1,0.903575,0.050735,0.04569
AAGGGACTATGCATTC-1,0.220196,0.513928,0.265876
AAGGGTTAGCCATGCG-1,0.83941,0.024262,0.136328
AAGGGTTTGATTTCAG-1,0.930363,0.056903,0.012734
AAGGTATCCTAATATA-1,0.950487,0.015444,0.034069
AAGGTGATAAACCAGC-1,0.869535,0.016565,0.1139
AAGTAGAAGACCGGGT-1,0.995948,0.003982,0.00007
AAGTAGTGACGCGAGG-1,0.999938,0.000015,0.000046
AAGTCAATTGTCGTCA-1,0.817824,0.026178,0.155998
AAGTCTAGTAGCTGCC-1,0.828583,0.17131,0.000107
AAGTCTTCTGTGGCCT-1,0.854343,0.010199,0.135457
AAGTGACGACCGAATT-1,0.939652,0.000075,0.060273
AAGTGAGTCGGGTTTA-1,0.000073,0.000015,0.999913
AAGTGCAAAGGTAGAC-1,0.999978,0.000006,0.000017
AAGTGCCTTGACTGTA-1,0.880465,0.00325,0.116285
AAGTGCGTTAGAATCT-1,0.656917,0.00614,0.336943
AAGTGCTTCTCTATTG-1,0.49202,0.002115,0.505865
AAGTGTTTGGAGACGG-1,0.135697,0.006508,0.857795
AAGTTCACTCCAAGCT-1,0.090839,0.127102,0.782059
AAGTTCAGTCTGCGTA-1,0.690756,0.309127,0.000118
AAGTTCGGCCAACAGG-1,0.672502,0.130693,0.196805
AAGTTGTGATGTTATA-1,0.211659,0.047119,0.741222
AAGTTTATGGGCCCAA-1,0.136992,0.024419,0.83859
AATAACAACGCTCGGC-1,0.944882,0.000014,0.055104
AATAACACTAGAACAA-1,0.285252,0.461925,0.252824
AATAACGTCGCGCCCA-1,0.06596,0.259769,0.674271
AATAATCTTCGTATCG-1,0.612028,0.031739,0.356233
AATACAATGTTTCAGG-1,0.858641,0.041512,0.099848
AATACCGGAGGGCTGT-1,0.062553,0.198033,0.739414
AATACCTGATGTGAAC-1,0.177175,0.000043,0.822782
AATAGAACAGAGTGGC-1,0.250612,0.252297,0.497091
AATAGAATCTGTTTCA-1,0.431544,0.346168,0.222287
AATAGCTACCGCGTGC-1,0.823918,0.175961,0.000121
AATAGTCCGTCCCGAC-1,0.021067,0.231963,0.746971
AATAGTCGCGAGTCGG-1,0.994906,0.005043,0.000051
AATATCAAGGTCGGAT-1,0.290189,0.709547,0.000264
AATATCCTAGCAAACT-1,0.774464,0.043276,0.18226
AATATCGAATCAATGC-1,0.531663,0.148307,0.32003
AATATCGAGGGTTCTC-1,0.99035,0.000016,0.009634
AATATTGGAGTATTGA-1,0.842091,0.078147,0.079762
AATCAGGTTTCATTTA-1,0.054733,0.104099,0.841167
AATCATGTAAAGACTC-1,0.143469,0.000012,0.856519
AATCCAAGGGCCTGAG-1,0.999928,0.000018,0.000054
AATCGCCTCAGCGCCA-1,0.989529,0.000024,0.010447
AATCGCGCAGAGGACT-1,0.994139,0.002062,0.0038
AATCGGTATAGCCCTC-1,0.033892,0.161156,0.804953
AATCGTGAGCCGAGCA-1,0.262341,0.167473,0.570186
AATCTAGGTTTACTTG-1,0.910478,0.03094,0.058582
AATCTATGCCGGAGCC-1,0.999785,0.000177,0.000038
AATCTCTACTGTGGTT-1,0.81083,0.135335,0.053835
AATCTGCGTTGGGACG-1,0.978684,0.004997,0.016319
AATCTGGCTTTCTAGT-1,0.866231,0.055852,0.077916
AATGACAGCAATGTCT-1,0.537802,0.033166,0.429032
AATGACGTAGGATGTC-1,0.93244,0.010019,0.057541
AATGACTGTCAGCCGG-1,0.952122,0.007963,0.039915
AATGAGTTCGCATATG-1,0.997808,0.002108,0.000084
AATGATGATACGCTAT-1,0.999942,0.000014,0.000043
AATGATGCGACTCCTG-1,0.985921,0.014032,0.000046
AATGCAACCGGGTACC-1,0.998616,0.001344,0.00004
AATGCACCAAGCAATG-1,0.999826,0.000013,0.000161
AATGGTCCACCGTTCA-1,0.901925,0.000797,0.097278
AATGGTTCTCACAAGC-1,0.975886,0.004221,0.019893
AATGTATGGCACTGTA-1,0.919405,0.044884,0.035711
AATGTGCCCGAGGTGT-1,0.331844,0.309853,0.358303
AATGTGCTAATCTGAG-1,0.534524,0.002373,0.463103
AATGTTAAGACCCTGA-1,0.199132,0.085227,0.715642
AATGTTGTCGTGAGAC-1,0.000097,0.217038,0.782865
AATTAAAGGTCGGCGT-1,0.95618,0.019728,0.024093
AATTAACGGATTTCCA-1,0.120354,0.221942,0.657704
AATTACGAGACCCATC-1,0.948523,0.022067,0.02941
AATTAGCGCTGCAGCG-1,0.128711,0.3728,0.498489
AATTATACCCAGCAAG-1,0.000125,0.034887,0.964988
AATTCATAAGGGATCT-1,0.938306,0.021484,0.040209
AATTCATTGTCATGCA-1,0.934015,0.065285,0.0007
AATTCCAAGCATGTAC-1,0.000095,0.163546,0.836358
AATTCGATTCGAGGAT-1,0.000949,0.007731,0.99132
AATTCTAGAGTTAGGC-1,0.395932,0.007761,0.596307
AATTGAACGCTCTGGT-1,0.82155,0.024898,0.153552
AATTGCAGCAATCGAC-1,0.015254,0.010739,0.974006
AATTGTGGTTGCCAAA-1,0.071645,0.220186,0.708169
AATTTGGTTCCAAAGA-1,0.28172,0.718165,0.000115
ACAAACCATGCGTCCT-1,0.716045,0.136514,0.147441
ACAAAGAAGGTAGGCC-1,0.918412,0.023473,0.058115
ACAAAGCATGACCTAG-1,0.403317,0.014425,0.582258
ACAAATCGCACCGAAT-1,0.090716,0.336558,0.572726
ACAAATGGTAGTGTTT-1,0.849874,0.000013,0.150113
ACAACAGCATGAGCTA-1,0.896061,0.008827,0.095111
ACAACGGTCCCTGCGA-1,0.999951,0.000012,0.000037
ACAAGCAGTGCCTAGC-1,0.816649,0.12132,0.062032
ACAAGCTATATGGAAG-1,0.998731,0.000256,0.001012
ACAAGGAAATCCGCCC-1,0.271058,0.293716,0.435226
ACAAGGACAAGAGGTT-1,0.862215,0.000011,0.137773
ACAAGGATGCTTTAGG-1,0.000116,0.327508,0.672376
ACAAGGGCAGGCTCTG-1,0.938249,0.002958,0.058793
ACAATAGTCGTACGTT-1,0.891014,0.047598,0.061387
ACAATCCATTTAAACC-1,0.788127,0.176753,0.035121
ACAATGAATACGGAGA-1,0.038408,0.032555,0.929038
ACAATTGTGTCTCTTT-1,0.226272,0.358847,0.41488
ACAATTTAGGAGGCTC-1,0.981432,0.005245,0.013322
ACAATTTGAGCAGTGG-1,0.733903,0.108388,0.157709
ACAATTTGGCCATATT-1,0.921136,0.017033,0.061831
ACACAAAGACGGGTGG-1,0.999967,0.000008,0.000024
ACACACCAGGACCAGT-1,0.784385,0.096587,0.119029
ACACACTTTCTACACG-1,0.999926,0.000018,0.000055
ACACATGATCAAATCT-1,0.6455,0.174726,0.179774
ACACATTTCCGTAGAC-1,0.000086,0.001532,0.998383
ACACCACATAATTAGC-1,0.999968,0.000008,0.000024
ACACCCAGCATGCAGC-1,0.999915,0.000021,0.000064
ACACCCGAGAAATCCG-1,0.932755,0.067174,0.000071
ACACCGAGCGCTCTTT-1,0.895308,0.10455,0.000142
ACACCGGTCTGACCGC-1,0.878664,0.048273,0.073063
ACACCTTAAGTAGGGC-1,0.89454,0.105374,0.000087
ACACCTTACTACTTGC-1,0.94921,0.014578,0.036212
ACACGAGACTCCTTCT-1,0.927306,0.003692,0.069002
ACACGGGAACTTAGGG-1,0.961747,0.015187,0.023066
ACACGTAGGCCACAAG-1,0.386657,0.079357,0.533986
ACACTCCAATGTCACT-1,0.941591,0.000035,0.058375
ACACTGATCAAGGTGT-1,0.311128,0.000024,0.688848
ACACTGGGACAGTCGT-1,0.150748,0.033461,0.815791
ACAGAACTGAGAACAA-1,0.703426,0.116572,0.180001
ACAGCATAGAGCCAGT-1,0.18802,0.81187,0.00011
ACAGCGACATTCTCAT-1,0.021409,0.264593,0.713997
ACAGGCACGGATCCTT-1,0.008497,0.022144,0.969359
ACAGGCTTGCCCGACT-1,0.39538,0.01603,0.58859
ACAGGTGGAGGTGAGG-1,0.207978,0.015369,0.776654
ACAGGTGTGTTGTTGC-1,0.83876,0.011103,0.150137
ACAGTAATACAACTTG-1,0.986954,0.003751,0.009295
ACAGTATACCGTGGGA-1,0.554515,0.4454,0.000086
ACATAAGTCGTGGTGA-1,0.887919,0.036666,0.075415
ACATAATAAGGCGGTG-1,0.989833,0.010115,0.000053
ACATACAATCAAGCGG-1,0.000196,0.04016,0.959644
ACATCAGCTGGGACGC-1,0.933038,0.001878,0.065084
ACATCCCGGCCATACG-1,0.004276,0.068294,0.92743
ACATCCTGGTAACTGT-1,0.985952,0.000012,0.014036
ACATCGATCGTTTACC-1,0.844801,0.0008,0.154399
ACATCGGTCAGCCGCG-1,0.98026,0.000017,0.019722
ACATCGTATGCAATGG-1,0.72836,0.025272,0.246368
ACATGGCGCCAAAGTA-1,0.994152,0.002766,0.003083
ACATTAGTTTATATCC-1,0.182122,0.50964,0.308239
ACATTTGAAACCTAAC-1,0.014106,0.009281,0.976613
ACCAACACCACACACT-1,0.965441,0.034506,0.000053
ACCAACCGCACTCCAC-1,0.005993,0.153203,0.840805
ACCAACGCTTATTTAT-1,0.0871,0.196738,0.716162
ACCAAGAACGCGTGTC-1,0.97871,0.004678,0.016612
ACCAAGTCATCGGCAG-1,0.04521,0.123325,0.831464
ACCAATATGCAAGTTA-1,0.00012,0.375422,0.624459
ACCACAAGTTTCTATC-1,0.959441,0.004965,0.035594
ACCACACGGTTGATGG-1,0.020332,0.148975,0.830693
ACCACCAATGTAACAA-1,0.911482,0.025177,0.063341
ACCACCCTCTCTTCTA-1,0.996234,0.003734,0.000032
ACCACGTGCAGCTATA-1,0.408619,0.232744,0.358638
ACCAGACCATAACAAC-1,0.94074,0.00301,0.05625
ACCAGTGCGGGAGACG-1,0.577537,0.184998,0.237464
ACCATATCCGCAATAA-1,0.903497,0.040033,0.056469
ACCATCCGCCAACTAG-1,0.988568,0.004153,0.007279
ACCATCGTATATGGTA-1,0.819819,0.000012,0.180169
ACCATTAAGGGTGTCA-1,0.698304,0.301534,0.000162
ACCCAACGCCCGTGGC-1,0.999941,0.000015,0.000044
ACCCACCTACATGCTC-1,0.999918,0.00002,0.000061
ACCCATCTTGAGGGTA-1,0.881124,0.008696,0.11018
ACCCATTTGTCCCTCT-1,0.05798,0.029564,0.912456
ACCCGAGCGAAATTAC-1,0.139642,0.165257,0.695101
ACCCGATTGGTTCCGA-1,0.112774,0.069688,0.817538
ACCCGGAAACTCCCAG-1,0.019193,0.043625,0.937182
ACCCGGAGCACCACAA-1,0.367387,0.056887,0.575726
ACCCGGATGACGCATC-1,0.995672,0.000008,0.004321
ACCCGGTTACACTTCC-1,0.77409,0.184303,0.041607
ACCCGTAGTCTAGTTG-1,0.360485,0.108115,0.5314
ACCCGTGTCATCAGTA-1,0.000128,0.000026,0.999847
ACCCTATAGGACTGAG-1,0.609522,0.390343,0.000135
ACCCTATGCCATATCG-1,0.193522,0.039617,0.766861
ACCCTCCCGTCAGGGC-1,0.352425,0.010848,0.636727
ACCCTCCCTTGCTATT-1,0.650659,0.127996,0.221344
ACCCTGGTAACGCCCT-1,0.914612,0.0098,0.075588
ACCCTTCATCTGCGAA-1,0.734274,0.265644,0.000082
ACCGAAAGGGCCCTGC-1,0.5909,0.408945,0.000156
ACCGAAGAGTCTGGTT-1,0.890917,0.004443,0.10464
ACCGACACATCTCCCA-1,0.001029,0.006263,0.992708
ACCGACTGAGTCCCAC-1,0.996914,0.00002,0.003066
ACCGAGTCTCCTTATT-1,0.000143,0.293702,0.706155
ACCGATAGGCATAACC-1,0.163259,0.039842,0.796899
ACCGATATTTAATCAT-1,0.609769,0.094308,0.295923
ACCGATGGTAGCATCG-1,0.88942,0.030159,0.080422
ACCGCAATAACTGCCT-1,0.298638,0.148013,0.553349
ACCGCGGTGGAAGTCG-1,0.999972,0.000007,0.000021
ACCGGGCCTTTGTTGA-1,0.800475,0.0732,0.126325
ACCGGTCAGGTACACC-1,0.597709,0.147114,0.255177
ACCGTCCACTGGGCCC-1,0.76966,0.153234,0.077106
ACCGTGACCACGTGGG-1,0.029844,0.151457,0.818699
ACCTAAGTACCTTTCA-1,0.478362,0.000141,0.521498
ACCTAATCGACTTCCT-1,0.965419,0.019544,0.015036
ACCTACAGTATGTGGT-1,0.977184,0.001209,0.021608
ACCTACTATAAATCTA-1,0.000063,0.000013,0.999924
ACCTCAGCGAGGCGCA-1,0.06177,0.012352,0.925878
ACCTCCGCCCTCGCTG-1,0.153961,0.110293,0.735746
ACCTCCGTTATTCACC-1,0.940199,0.05235,0.007451
ACCTCGAACTTATGCT-1,0.849424,0.147458,0.003118
ACCTGCGTGTCATGTT-1,0.888206,0.016058,0.095736
ACGAAATGGGCGGCAC-1,0.998387,0.000011,0.001602
ACGACTCTAGGGCCGA-1,0.151608,0.009345,0.839047
ACGACTGGTCATACTC-1,0.361597,0.032707,0.605696
ACGAGGATACCACTCT-1,0.883575,0.033302,0.083123
ACGAGGTTTACAACGT-1,0.890636,0.096768,0.012596
ACGAGTACGGATGCCC-1,0.955482,0.028483,0.016034
ACGATACATAGAACTA-1,0.999892,0.000027,0.000081
ACGATACCTATCCTGA-1,0.913758,0.072884,0.013359
ACGATCATACATAGAG-1,0.999942,0.000015,0.000044
ACGATCATCTTGTAAA-1,0.929036,0.012837,0.058127
ACGATGCATATGTTAT-1,0.978751,0.011686,0.009564
ACGCAAACTAATAGAT-1,0.086873,0.012498,0.900628
ACGCAATCACTACAGC-1,0.95448,0.045065,0.000455
ACGCATACGTTTACTA-1,0.012219,0.412017,0.575764
ACGCATTCGTGAGTAC-1,0.985871,0.005444,0.008685
ACGCCAGATGATTTCT-1,0.999906,0.000024,0.000071
ACGCCAGTGCGTTTGC-1,0.205533,0.076641,0.717826
ACGCCGCTAGACGACC-1,0.944781,0.009101,0.046119
ACGCGAAGTCAGACGA-1,0.324303,0.023756,0.651942
ACGCGCTACACAGGGT-1,0.862145,0.000122,0.137733
ACGCGGGCCAAGGACA-1,0.920598,0.011464,0.067938
ACGCGTTTCTTAAGAG-1,0.909893,0.008244,0.081862
ACGCTACTGAATGGGC-1,0.757735,0.053466,0.188799
ACGCTAGTGATACACT-1,0.999956,0.000011,0.000033
ACGCTGTGAGGCGTAG-1,0.958973,0.000011,0.041016
ACGGAACACGAGTGCC-1,0.171029,0.006536,0.822435
ACGGAATTTAGCAAAT-1,0.999951,0.000012,0.000037
ACGGACTCTCAAAGCG-1,0.002809,0.062452,0.934739
ACGGAGCGCAAATTAC-1,0.667191,0.332696,0.000114
ACGGATGGTGCGGATA-1,0.000134,0.174879,0.824987
ACGGCACTTGCTTGGG-1,0.122986,0.019527,0.857487
ACGGCCAACATGGACT-1,0.166568,0.255367,0.578065
ACGGCGACGATGGGAA-1,0.585791,0.001432,0.412777
ACGGCTGGATGTAGAA-1,0.851236,0.041291,0.107472
ACGGGAGTGTCGGCCC-1,0.775716,0.000752,0.223532
ACGGGCGTATGCGACA-1,0.994713,0.000782,0.004504
ACGGGTCATGTGACTT-1,0.964154,0.035773,0.000073
ACGGTACAGTTCAATG-1,0.034706,0.37563,0.589664
ACGTACAGATTTCTCT-1,0.492953,0.506863,0.000184
ACGTACTTTGGCACGG-1,0.109567,0.109116,0.781317
ACGTAGATTGCTGATG-1,0.99995,0.000013,0.000038
ACGTAGGAGAGTCGCT-1,0.000093,0.011627,0.98828
ACGTATTACTCCGATC-1,0.999894,0.000026,0.000079
ACGTCTCGTTCCGGGA-1,0.953226,0.038463,0.008311
ACGTGACAAAGTAAGT-1,0.825566,0.108354,0.06608
ACGTGCGCCTCGTGCA-1,0.999934,0.000016,0.000049
ACGTTAATGTCGAAGA-1,0.914515,0.013937,0.071547
ACGTTAGATTTGCCCG-1,0.883265,0.014898,0.101837
ACGTTATTGGTCACTC-1,0.930757,0.066708,0.002536
ACGTTCGCAATCAATT-1,0.984169,0.009991,0.00584
ACGTTCGTTCAGGAAA-1,0.036337,0.240524,0.723138
ACGTTCTGTACAAGTC-1,0.010409,0.147958,0.841633
ACGTTTAGTTGTGATC-1,0.94547,0.054441,0.00009
ACGTTTCGGTGCACTT-1,0.919514,0.000081,0.080406
ACTACAAAGAGAGGTG-1,0.006526,0.003945,0.989529
ACTACATCCCGACAAG-1,0.515938,0.164091,0.31997
ACTACCAGCTCTCTGG-1,0.998364,0.00156,0.000076
ACTACGCGTTAGAATT-1,0.030818,0.035193,0.933989
ACTAGTTGCGATCGTC-1,0.797554,0.000021,0.202425
ACTATCCAGGGCATGG-1,0.976328,0.000253,0.023419
ACTATCGCCGGCTAAA-1,0.591171,0.408693,0.000136
ACTATCTGCCCGCGTA-1,0.509015,0.143651,0.347334
ACTATGTCCAGCTGCC-1,0.281692,0.425358,0.29295
ACTATTCGTCCGTGGT-1,0.824225,0.175687,0.000088
ACTATTTCCGGGCCCA-1,0.006473,0.257981,0.735547
ACTCAAGTGCAAGGCT-1,0.144888,0.17585,0.679262
ACTCAATAAAGGCACG-1,0.913691,0.051003,0.035307
ACTCAGACCTGCTTCT-1,0.221578,0.778289,0.000133
ACTCATGGCAGCCTTC-1,0.621779,0.072448,0.305773
ACTCCAATATCATCAT-1,0.000889,0.348738,0.650373
ACTCCCATTCCTAAAG-1,0.86532,0.00425,0.13043
ACTCCCGAATTCGTTT-1,0.924158,0.000072,0.07577
ACTCCCGTAGACTAGG-1,0.768614,0.083663,0.147723
ACTCCCTAATGCTAAA-1,0.00007,0.003246,0.996685
ACTCCCTAGAATAGTA-1,0.355935,0.060294,0.583771
ACTCCGGCCGACCACT-1,0.00254,0.114109,0.883351
ACTCGATGTATTTCAT-1,0.937113,0.062756,0.000131
ACTCGCCGTTCGATAA-1,0.00011,0.170775,0.829115
ACTCGTAACCCGTCCT-1,0.686019,0.110946,0.203035
ACTCGTCAGTAATCCC-1,0.999948,0.000013,0.000039
ACTCTAAACCTGGGAT-1,0.95523,0.000014,0.044756
ACTCTCTGACTTAGGT-1,0.886713,0.011151,0.102136
ACTCTGACCTAATAGA-1,0.017451,0.032024,0.950525
ACTCTTCAGCTCCCGC-1,0.944954,0.048304,0.006742
ACTCTTGTATAGTAAC-1,0.92942,0.039511,0.03107
ACTGAAACGCCGTTAG-1,0.138802,0.014112,0.847086
ACTGAATGGCGAAAGT-1,0.263564,0.400712,0.335724
ACTGCCCGCCATTCTC-1,0.000042,0.000008,0.99995
ACTGCCGTCGTAACTC-1,0.999936,0.000016,0.000048
ACTGCGGACACACCGT-1,0.99996,0.00001,0.00003
ACTGCTCGGAAGGATG-1,0.999329,0.000647,0.000024
ACTGTACGATACACAT-1,0.977049,0.001504,0.021447
ACTGTAGCACTTTGGA-1,0.963369,0.016331,0.0203
ACTGTATACGCGAGCA-1,0.355936,0.643927,0.000138
ACTGTCCAGGATTATA-1,0.969088,0.000021,0.030891
ACTGTCTTCTTTAGAA-1,0.949497,0.006907,0.043596
ACTGTGCTAGTAGATC-1,0.999933,0.000017,0.00005
ACTTACGCATCCACGC-1,0.082951,0.053296,0.863753
ACTTAGTACGACAAGA-1,0.959536,0.036667,0.003797
ACTTATACTTACCCGG-1,0.930531,0.000015,0.069454
ACTTATTAGGATCGGT-1,0.965273,0.000025,0.034701
ACTTATTTATGTGCCA-1,0.625751,0.002755,0.371494
ACTTCAGGCTGATCCC-1,0.486316,0.011865,0.501819
ACTTCCAGTGGAAGCT-1,0.997224,0.000009,0.002766
ACTTCCATGCGGGACA-1,0.000084,0.001948,0.997968
ACTTCGCCATACGCAC-1,0.954202,0.025589,0.020209
ACTTGACTCCCTCTTT-1,0.956071,0.000007,0.043922
ACTTGGGACCCGGTGG-1,0.956317,0.042168,0.001515
ACTTGTAGTCCCTTCA-1,0.943364,0.051383,0.005253
ACTTGTGGATGGAACG-1,0.249522,0.526298,0.224181
ACTTTACCCTCATGAA-1,0.999961,0.00001,0.000029
ACTTTCCTATAGCTTC-1,0.999912,0.000022,0.000066
ACTTTGACTGCATCCT-1,0.7309,0.027841,0.241259
ACTTTGGTCGTGCTCC-1,0.954698,0.032465,0.012838
ACTTTGTCGACGCACT-1,0.559575,0.086162,0.354263
AGAAATTATGACTCGC-1,0.62146,0.046434,0.332106
AGAACCCAGCGTGACA-1,0.929229,0.001073,0.069698
AGAACCCTCAATTGGG-1,0.938164,0.028312,0.033525
AGAACGTGGTACATTC-1,0.993866,0.006105,0.000028
AGAACTGTACTTTGTA-1,0.000123,0.017497,0.98238
AGAAGAGCGCCGTTCC-1,0.950894,0.047956,0.00115
AGAAGGTACACTTCAC-1,0.901691,0.038608,0.059701
AGAAGGTTGCCGAATT-1,0.93678,0.000008,0.063212
AGAAGGTTGTAGGTCG-1,0.016197,0.267493,0.71631
AGAAGTGATTCGTGAT-1,0.588302,0.000583,0.411115
AGAATAAATCTTCAGG-1,0.945595,0.032504,0.021901
AGAATACAGGCTATCC-1,0.006596,0.005448,0.987956
AGAATTATGGATTCGA-1,0.975105,0.000013,0.024883
AGAATTGTTTGACATA-1,0.999229,0.000023,0.000748
AGACAGCTCAGAATCC-1,0.972969,0.026973,0.000058
AGACCAAACCACACCT-1,0.933806,0.001807,0.064387
AGACCATGGGATACAA-1,0.914109,0.070278,0.015613
AGACCCACCGCTGATC-1,0.276197,0.054171,0.669632
AGACCCGCCCTCCTCG-1,0.998902,0.001046,0.000052
AGACCGCTCCGCGGTT-1,0.474053,0.08096,0.444987
AGACCGGGAAACCCTG-1,0.897602,0.067262,0.035136
AGACGAAGTGCCGGTC-1,0.767804,0.232115,0.000081
AGACGACGATGCCGCT-1,0.195821,0.328691,0.475488
AGACGCCCACTTCGCC-1,0.121612,0.355578,0.52281
AGACTAGCCTTCCAGA-1,0.897992,0.050994,0.051014
AGACTGTTACCGGGTC-1,0.074077,0.0122,0.913723
AGAGAAACACCAGAAA-1,0.00007,0.140847,0.859083
AGAGAACCGTCTAGGA-1,0.999752,0.000219,0.000029
AGAGAAGGAGTACAAT-1,0.068506,0.156026,0.775469
AGAGATCTCTAAAGCG-1,0.999948,0.000013,0.000039
AGAGCAGTTATGAGAC-1,0.933709,0.003651,0.06264
AGAGCCGCCGAGATTT-1,0.116893,0.162082,0.721025
AGAGCGCTTGTAACGG-1,0.422663,0.577243,0.000093
AGAGCGGGCTAATCAT-1,0.99994,0.000015,0.000045
AGAGCGTACAAGCTCG-1,0.999947,0.000013,0.00004
AGAGCTACGAAAGCAT-1,0.116333,0.883519,0.000149
AGAGGCTTCGGAAACC-1,0.737602,0.09218,0.170218
AGAGTAAACTTCACTA-1,0.727095,0.123363,0.149542
AGAGTATAGTGTTACG-1,0.95942,0.04051,0.000071
AGAGTCTTAATGAAAG-1,0.920233,0.008488,0.071279
AGATAACTTCAGGGCC-1,0.858117,0.09222,0.049662
AGATACCAATAGAACC-1,0.272684,0.085072,0.642243
AGATACCGGTGTTCAC-1,0.818328,0.081442,0.10023
AGATACGACTTCATAT-1,0.999923,0.000019,0.000058
AGATACTCAAGATCGA-1,0.524532,0.121034,0.354434
AGATATAATACGACTA-1,0.000058,0.000012,0.999931
AGATCGTGCATAAGAT-1,0.99994,0.000017,0.000043
AGATCTCAGGTGTGAT-1,0.997601,0.000253,0.002146
AGATGACTCGCCCACG-1,0.940936,0.058989,0.000075
AGATGATGGAGTCTGG-1,0.886467,0.001085,0.112448
AGATGCAAGACGTGCA-1,0.726559,0.01952,0.253921
AGATGCATCCTGTGTC-1,0.903118,0.095238,0.001645
AGATTATAGGACGTTT-1,0.84546,0.143217,0.011323
AGATTCACAACCGATA-1,0.918827,0.013868,0.067305
AGCAAAGGCCGCTAGT-1,0.024478,0.10385,0.871672
AGCAACATATCTTATT-1,0.973475,0.022841,0.003684
AGCAACCGAAAGTAAT-1,0.548339,0.029809,0.421851
AGCACACGTTTAGACT-1,0.152393,0.040445,0.807162
AGCACCAGTACTCACG-1,0.999903,0.000024,0.000073
AGCACTACCGGCCTGT-1,0.897395,0.023113,0.079492
AGCACTACCTCACCAG-1,0.031429,0.267874,0.700697
AGCACTTAAGGACGCC-1,0.822032,0.009712,0.168256
AGCAGAAGGAGAAAGA-1,0.000059,0.100555,0.899387
AGCAGCCAGATGAATA-1,0.015727,0.069899,0.914374
AGCAGTCGAAGCATGC-1,0.250963,0.026834,0.722203
AGCATATCAATATGCT-1,0.421807,0.005415,0.572778
AGCATCATTTCGAAAG-1,0.534708,0.266662,0.19863
AGCATCGTCGATAATT-1,0.956789,0.043125,0.000085
AGCATTACGAGGCAAG-1,0.064147,0.087592,0.848261
AGCCAAGCTTTGTGTC-1,0.096664,0.124967,0.778369
AGCCACAGGTTACCCG-1,0.279416,0.164287,0.556296
AGCCACTCCCGTGCTT-1,0.918207,0.081667,0.000126
AGCCATATAGTATGTG-1,0.000096,0.061496,0.938408
AGCCCATACATGTAAG-1,0.8897,0.010346,0.099954
AGCCCGCAACAAGCAG-1,0.006353,0.018204,0.975443
AGCCCGCACTACAATG-1,0.042131,0.136356,0.821512
AGCCCGGCATTAGAGG-1,0.003286,0.006321,0.990394
AGCCCGGTAGCCTGTA-1,0.000092,0.063293,0.936615
AGCCCTAAGCGAAGTT-1,0.999932,0.000017,0.000051
AGCCCTCCCTGGTGGC-1,0.138296,0.000013,0.86169
AGCCCTGTCGCACCGT-1,0.968558,0.023864,0.007577
AGCCCTTCTAATCCGA-1,0.689233,0.310615,0.000152
AGCCCTTGGACATCCC-1,0.140277,0.022546,0.837178
AGCCGCAAATTCAAAT-1,0.998686,0.000311,0.001003
AGCCGCTTGATTAGCG-1,0.468068,0.531759,0.000173
AGCCGTGGCTAAATGT-1,0.63895,0.25281,0.10824
AGCCTAATACCCACGT-1,0.824347,0.116155,0.059498
AGCCTTAAAGCGGAAG-1,0.999948,0.000013,0.000039
AGCGACAGGAACGGTC-1,0.227481,0.0234,0.74912
AGCGACATCCCATTCA-1,0.987798,0.008111,0.004091
AGCGACCAACGATATT-1,0.938939,0.022528,0.038533
AGCGAGACGTGAAGGC-1,0.392769,0.119045,0.488186
AGCGATGCGCCTAATA-1,0.424783,0.001401,0.573817
AGCGCATAATGAATCG-1,0.033009,0.064404,0.902587
AGCGCGGGTGCCAATG-1,0.949183,0.050761,0.000056
AGCGCTAGAGCGATGT-1,0.991768,0.006998,0.001235
AGCGGACACTTCGTAG-1,0.000082,0.236339,0.763579
AGCGGCGGTTAGCGGT-1,0.997809,0.000017,0.002174
AGCGGGAAGGGTCCAT-1,0.982202,0.002119,0.01568
AGCGGGTCTGACACTC-1,0.037373,0.156015,0.806612
AGCGGTTGCCGCTCTG-1,0.391162,0.608754,0.000084
AGCGTGGTATTCTACT-1,0.648947,0.021032,0.330021
AGCTAACAAGCAATGT-1,0.000071,0.430471,0.569458
AGCTAAGTACGCAGGC-1,0.000061,0.110685,0.889254
AGCTACGAATGGTGGT-1,0.003251,0.566896,0.429852
AGCTAGAAGCAGAAGT-1,0.999959,0.00001,0.000031
AGCTATTTAATCCAAC-1,0.988574,0.008145,0.003281
AGCTCCATATATGTTC-1,0.043087,0.422705,0.534208
AGCTCCTTCGCACATC-1,0.032631,0.193158,0.774211
AGCTCTAGACGTTCCA-1,0.851967,0.137222,0.010811
AGCTCTTCCCAGTGCA-1,0.960034,0.001138,0.038828
AGCTCTTCGTAACCTT-1,0.999975,0.000006,0.000019
AGCTCTTTACTCAGTT-1,0.962736,0.000018,0.037246
AGCTGAAGTAAACCAA-1,0.99848,0.001479,0.000041
AGCTGTAACCTCAATC-1,0.368857,0.304275,0.326867
AGCTTCTTCTCGAGCA-1,0.077075,0.079798,0.843127
AGCTTGATCTTAACTT-1,0.992417,0.000013,0.00757
AGGAACGAACGACTTC-1,0.100015,0.156125,0.74386
AGGAAGCTGTCCGCCG-1,0.153258,0.43895,0.407792
AGGACAGTCGAATCCC-1,0.835474,0.000016,0.16451
AGGACATCGCACGTCG-1,0.956082,0.01592,0.027998
AGGACGACCCATTAGA-1,0.775136,0.048477,0.176386
AGGACGCTCGATGTTG-1,0.994321,0.005608,0.000071
AGGACTTATAGGAGAA-1,0.760201,0.215897,0.023902
AGGAGACATCCACAGT-1,0.999958,0.000011,0.000032
AGGAGAGTCTGGCTAC-1,0.99994,0.000015,0.000045
AGGAGCGTTTATTATC-1,0.52997,0.003475,0.466556
AGGAGGCCTTCGCGCG-1,0.320955,0.080378,0.598667
AGGATAAAGTCGGGAT-1,0.101417,0.06231,0.836272
AGGATATAGGGATTTA-1,0.812297,0.08282,0.104883
AGGATATCCGACTGCA-1,0.00011,0.143042,0.856848
AGGATCACGCGATCTG-1,0.823318,0.018315,0.158367
AGGATTGCTTACGACA-1,0.942573,0.040627,0.0168
AGGCACGTGACTGTCC-1,0.066798,0.143844,0.789358
AGGCAGATGCGTAAAC-1,0.948974,0.050954,0.000073
AGGCAGGGAGCGTACT-1,0.038837,0.263725,0.697438
AGGCATTGTCGTAGGG-1,0.364346,0.102077,0.533577
AGGCCACCCGTTATGA-1,0.942026,0.000016,0.057958
AGGCCCATTGTACAGG-1,0.955615,0.044296,0.000089
AGGCCCTAGAACGCCA-1,0.914469,0.000009,0.085522
AGGCCTATCATACCAA-1,0.008787,0.161573,0.82964
AGGCCTGAGAATCTCG-1,0.000077,0.019448,0.980475
AGGCGATAACTGGCGT-1,0.074932,0.075019,0.850048
AGGCGGTTTGTCCCGC-1,0.548475,0.17695,0.274575
AGGCTATGGTTAGCTT-1,0.999067,0.000018,0.000916
AGGCTTCCCGAAGAAG-1,0.224858,0.501919,0.273223
AGGCTTGCTAGACACC-1,0.939271,0.01913,0.041599
AGGGACCGGCTGCGTT-1,0.977458,0.00063,0.021912
AGGGACTCTACGCGAC-1,0.000166,0.354846,0.644988
AGGGAGACATACTTCG-1,0.997256,0.002709,0.000035
AGGGCCCTAATGTTCT-1,0.288657,0.06139,0.649953
AGGGCGAGCAGCTGAT-1,0.998708,0.001237,0.000055
AGGGCGTGATCGGCTA-1,0.999903,0.000024,0.000073
AGGGCTGCAGTTACAG-1,0.954734,0.000025,0.045241
AGGGTCAGAGCACTCG-1,0.000112,0.229464,0.770425
AGGGTCGATGCGAACT-1,0.876026,0.005327,0.118648
AGGGTCTGGACGCAGT-1,0.183281,0.043534,0.773185
AGGGTGCCGTTCTTTA-1,0.000096,0.159856,0.840048
AGGGTGCTCTCGAGGG-1,0.96007,0.021453,0.018477
AGGGTGGATAGTGCAT-1,0.967368,0.002857,0.029776
AGGGTTCAGACGGTCC-1,0.000062,0.001708,0.99823
AGGGTTCCCTTTGGTT-1,0.884236,0.086662,0.029102
AGGGTTTAGTTCGGGA-1,0.97156,0.003199,0.02524
AGGTAACCTCCTATTC-1,0.978663,0.021213,0.000124
AGGTACGATATTGCCA-1,0.29529,0.704534,0.000176
AGGTAGATCGAGATAT-1,0.416472,0.080572,0.502955
AGGTAGGTACAAAGCT-1,0.900105,0.077645,0.022249
AGGTATAATTGATAGT-1,0.948446,0.017013,0.034541
AGGTATGCGGACATTA-1,0.951819,0.008231,0.03995
AGGTCAGGTGAGAGTG-1,0.754153,0.178287,0.06756
AGGTCGCCTCCCAACA-1,0.454466,0.00068,0.544854
AGGTCGCGGAGTTACT-1,0.99995,0.000012,0.000037
AGGTGCACGTCCACAT-1,0.000105,0.160277,0.839618
AGGTGGTGACCTTCGC-1,0.003572,0.000957,0.99547
AGGTGTATCGCCATGA-1,0.946965,0.017614,0.035421
AGGTTACACCATGCCG-1,0.999851,0.00001,0.000139
AGGTTGAGGCACGCTT-1,0.926813,0.005771,0.067416
AGGTTTCACACACCTT-1,0.895507,0.059573,0.04492
AGTAACTATAGCAGCC-1,0.128481,0.121557,0.749962
AGTAAGGGACAGAATC-1,0.94441,0.013899,0.041691
AGTAATCTAAGGGTGG-1,0.000089,0.075141,0.924769
AGTAATGTCTTGCCGC-1,0.999923,0.000019,0.000058
AGTACAGAAGCTTATA-1,0.096257,0.148337,0.755407
AGTACATCATTTATCA-1,0.955218,0.035582,0.0092
AGTACGGCCCGTATCG-1,0.957752,0.005778,0.03647
AGTACGGGCACCTGGC-1,0.999945,0.000014,0.000041
AGTACTCTTATGCCCA-1,0.380651,0.039795,0.579554
AGTAGAAGGCGCCTCA-1,0.000094,0.078432,0.921473
AGTAGGAAGGAAGTTG-1,0.685506,0.314387,0.000107
AGTAGGTAACATACAT-1,0.999898,0.000025,0.000076
AGTATAATACTAGGCA-1,0.971492,0.003396,0.025112
AGTATACACAGCGACA-1,0.005281,0.040836,0.953882
AGTATGCTGGAGACCA-1,0.116617,0.739673,0.14371
AGTATTTGGCACGACC-1,0.000199,0.191359,0.808442
AGTCAAATGATGTGAT-1,0.054593,0.247636,0.697771
AGTCAACACCACCATC-1,0.836384,0.017318,0.146298
AGTCAAGATGACACTT-1,0.544811,0.18401,0.271178
AGTCACTAGCTCTCGA-1,0.31737,0.211027,0.471603
AGTCAGCCACCGCCTG-1,0.991927,0.008017,0.000056
AGTCCATTGGCTGATG-1,0.999943,0.000014,0.000043
AGTCCCGCCTTTAATT-1,0.999609,0.000341,0.00005
AGTCCCTCGCAGAAAG-1,0.977707,0.022201,0.000092
AGTCGAATTAGCGTAA-1,0.931308,0.012559,0.056134
AGTCGACGGTCTCAAG-1,0.89371,0.024128,0.082162
AGTCGGCCCAAACGAC-1,0.881506,0.086515,0.031979
AGTCGGCTCAACTTTA-1,0.739907,0.099164,0.160929
AGTCGGTTGCGTGAGA-1,0.974358,0.010116,0.015526
AGTCGTATAAAGCAGA-1,0.223725,0.103277,0.672998
AGTCGTCGACCACCAA-1,0.406355,0.053601,0.540044
AGTCGTGGGCATTACG-1,0.347914,0.048202,0.603883
AGTCTAAAGTATACTC-1,0.987693,0.011312,0.000996
AGTCTCACAAGACTAC-1,0.21918,0.106528,0.674292
AGTCTGGACATCCTTG-1,0.87362,0.126279,0.000101
AGTCTTCTCCTCAAAT-1,0.965246,0.006654,0.028099
AGTCTTTAAAGTGTCC-1,0.008814,0.38022,0.610966
AGTGAACAAACTTCTC-1,0.977659,0.005946,0.016395
AGTGAAGATGGTGTCC-1,0.912667,0.085473,0.00186
AGTGACCTACTTTACG-1,0.799069,0.011863,0.189068
AGTGACTGTGACACAA-1,0.010962,0.210497,0.778541
AGTGAGACTTCCAGTA-1,0.999965,0.000009,0.000026
AGTGAGCCTCGCCGCC-1,0.999954,0.000011,0.000034
AGTGAGTCGAATTAAC-1,0.002478,0.000012,0.99751
AGTGATAACCTGCGCG-1,0.006708,0.00001,0.993282
AGTGATATGAGTAGTT-1,0.806702,0.036367,0.15693
AGTGATTCAAGCAGGA-1,0.837244,0.112548,0.050208
AGTGCACGCTTAAGAA-1,0.22611,0.052381,0.721509
AGTGCGTAGCTCGTAA-1,0.583684,0.173997,0.242319
AGTGCTAAACACAGCA-1,0.054868,0.014378,0.930754
AGTGCTTGCACGAATA-1,0.949461,0.001004,0.049535
AGTGGCCCGCAAATGG-1,0.000129,0.539631,0.46024
AGTGGCGGCAATTTGA-1,0.991121,0.008832,0.000047
AGTGGCGTCTGAAGGT-1,0.000054,0.000014,0.999932
AGTGGCTCCGTCGGCC-1,0.885718,0.000262,0.114019
AGTGGTGTTACCCGTG-1,0.999936,0.000016,0.000048
AGTGGTTGCGTATAGG-1,0.973748,0.00001,0.026242
AGTGTATTGCGCATTG-1,0.977996,0.021861,0.000144
AGTGTGCTAAGATCGC-1,0.764035,0.136658,0.099307
AGTGTGGTCTATTGTG-1,0.927455,0.007502,0.065042
AGTTAAACACTTGCGA-1,0.929811,0.001746,0.068443
AGTTAAGCGGTCCCGG-1,0.994366,0.003126,0.002508
AGTTAAGTCAACCGCT-1,0.238933,0.000036,0.761031
AGTTACCCTTAAGACT-1,0.980644,0.019291,0.000066
AGTTACCGCACATGGT-1,0.959914,0.038966,0.00112
AGTTACTCTATCGTGG-1,0.573034,0.426756,0.00021
AGTTATTCAGACTGTG-1,0.123138,0.136416,0.740446
AGTTCACCGGTTGGAC-1,0.999914,0.000022,0.000065
AGTTCCTACAGAATTA-1,0.802217,0.189723,0.00806
AGTTCCTATTTATGTT-1,0.779361,0.03242,0.188218
AGTTCTGCGTTGTATC-1,0.988574,0.011351,0.000075
AGTTGACATCGGCTGG-1,0.463641,0.536191,0.000168
AGTTGACGGTCCTTGC-1,0.151924,0.224329,0.623747
AGTTGCTGACTGATAT-1,0.989957,0.00995,0.000092
AGTTGGCAAGGCTAGA-1,0.007005,0.203489,0.789506
AGTTTATGTAAAGACA-1,0.96962,0.022046,0.008334
AGTTTCGCAGGTCGGA-1,0.587138,0.412669,0.000193
AGTTTGCACCTGCCTC-1,0.000101,0.213252,0.786647
AGTTTGGCACGGGTTG-1,0.281586,0.420787,0.297627
AGTTTGGCCAGACCTA-1,0.618525,0.063242,0.318233
ATAAACGGACCCGTAA-1,0.604647,0.000636,0.394717
ATAAACGTTGCACCAC-1,0.143785,0.10054,0.755675
ATAAAGGCTCGGTCGT-1,0.864975,0.101455,0.03357
ATAAATATTAGCAGCT-1,0.827236,0.014391,0.158373
ATAACGCCGGAGGGTC-1,0.911738,0.084121,0.004141
ATAACGGAGTCCAACG-1,0.960776,0.022531,0.016693
ATAAGGTGGAGAACAT-1,0.124691,0.029488,0.845821
ATAAGTAGGATTCAGA-1,0.983229,0.012377,0.004394
ATAAGTAGGGCGACTC-1,0.926825,0.07224,0.000935
ATAAGTTACCGCGACG-1,0.646492,0.038688,0.31482
ATAATACCGTTAGCCG-1,0.99994,0.000015,0.000045
ATAATAGCTGTTGAAT-1,0.4062,0.122123,0.471677
ATAATAGTGTAGGGAC-1,0.967354,0.016125,0.016522
ATAATCTTGGAGAACC-1,0.000062,0.000012,0.999926
ATAATTAGCTAAGTAG-1,0.007254,0.040379,0.952366
ATACAGGCCCTCCAAT-1,0.006273,0.000375,0.993352
ATACCACGGGCAACTT-1,0.90683,0.022541,0.070629
ATACCAGGCTAATAGA-1,0.457777,0.542045,0.000178
ATACCTAACCAAGAAA-1,0.00268,0.171098,0.826222
ATACGAAGGCTTTCCA-1,0.998098,0.001859,0.000043
ATACGCCGGCGAAACC-1,0.872851,0.092092,0.035057
ATACGGAACGTCGTTT-1,0.258266,0.017195,0.724539
ATACGGGTTTCGATTG-1,0.998744,0.001174,0.000082
ATACGGTGAAGATGCA-1,0.999976,0.000006,0.000018
ATACGTACTTAGCCAC-1,0.001604,0.314916,0.68348
ATACGTCCACTCCTGT-1,0.650701,0.166548,0.182751
ATACGTTATGCACGGA-1,0.00042,0.546104,0.453477
ATACTACCCGTACCAC-1,0.216689,0.002301,0.78101
ATACTAGCATGACCCT-1,0.999923,0.000019,0.000058
ATACTCTCGCCACTCT-1,0.151132,0.848623,0.000245
ATACTGCCTTACACCG-1,0.058896,0.513654,0.42745
ATACTTGTTCTCGAGC-1,0.988513,0.010213,0.001274
ATAGACAACGGGACCT-1,0.928124,0.018268,0.053608
ATAGACGAAGAGAAAG-1,0.947329,0.016174,0.036498
ATAGAGTACTGGGACA-1,0.997236,0.002681,0.000083
ATAGAGTTATCAACTT-1,0.972071,0.027865,0.000064
ATAGCAACTAGGGAAG-1,0.060242,0.000415,0.939343
ATAGCCATAACAGTCA-1,0.578704,0.169694,0.251603
ATAGCCTCAGTACCCA-1,0.999891,0.000027,0.000081
ATAGCTGCTCTTGTTA-1,0.999919,0.00002,0.000061
ATAGGCGGCTATAGAA-1,0.726522,0.025514,0.247964
ATAGGCTAGCTTCGCA-1,0.955169,0.033919,0.010911
ATAGGGATATCCTTGA-1,0.999896,0.000026,0.000078
ATAGGTTGGGCAGATG-1,0.914116,0.000017,0.085866
ATAGTGAAGCGTTCTC-1,0.955882,0.009792,0.034326
ATAGTTCCACCCACTC-1,0.965315,0.00145,0.033235
ATATAAAGCGCTCGTG-1,0.0001,0.002998,0.996902
ATATAAATGTAGCTGC-1,0.168838,0.284824,0.546338
ATATAACACGGGCGCA-1,0.222778,0.012571,0.764651
ATATACATGTATGGTA-1,0.932753,0.006912,0.060334
ATATACGCTCGTGACG-1,0.001034,0.338939,0.660028
ATATAGAGTATTGGTC-1,0.987111,0.002085,0.010804
ATATCAACCTACAGAG-1,0.85714,0.0003,0.14256
ATATCAATTCCAGCCT-1,0.99994,0.000015,0.000045
ATATCGGTAGGGAGAT-1,0.924116,0.039131,0.036754
ATATCGTTCCTCGAAC-1,0.192056,0.584239,0.223705
ATATCTCCCTCGTTAA-1,0.999377,0.00002,0.000602
ATATCTTAGGGCCTTC-1,0.865416,0.00092,0.133664
ATATGGGATAGCAACT-1,0.017676,0.147761,0.834563
ATATGTCTCCCTAGCC-1,0.977688,0.005069,0.017243
ATATTCAGTTAAACCT-1,0.721066,0.057843,0.22109
ATATTCCACATAGTGA-1,0.337213,0.073694,0.589093
ATATTCCCACAGGTCA-1,0.586918,0.412917,0.000165
ATATTGCTGTCAAAGT-1,0.990626,0.00932,0.000055
ATATTGGAGAGGCCTT-1,0.019891,0.324064,0.656044
ATATTTAACCCTCAAG-1,0.949328,0.000022,0.05065
ATCAAACACTGTTCCA-1,0.676392,0.159567,0.164041
ATCAAACGAAGGTTTG-1,0.535629,0.037092,0.427279
ATCAAGATCCCAGGAC-1,0.029345,0.118077,0.852578
ATCAATCTGGGCTGCA-1,0.981615,0.009287,0.009098
ATCAATGCCGTGGCTG-1,0.623098,0.199084,0.177819
ATCACATTAGAATATC-1,0.987506,0.01238,0.000114
ATCACGTGCTAATTAA-1,0.716109,0.034686,0.249205
ATCACTTCATCCTCGC-1,0.999917,0.000021,0.000062
ATCAGACGGCACGCCG-1,0.72481,0.008946,0.266243
ATCAGCCTCATGCTGC-1,0.10378,0.053565,0.842656
ATCAGCTCGTCCACTA-1,0.924025,0.025693,0.050282
ATCAGGTAGCTGACAG-1,0.980242,0.00551,0.014248
ATCAGTAGGCAGGGAT-1,0.934343,0.009153,0.056504
ATCATAGCCCTATGTA-1,0.139016,0.059828,0.801156
ATCATCCAATATTTGT-1,0.996029,0.001266,0.002705
ATCATTGTACCGCATT-1,0.74696,0.05848,0.194561
ATCCAACGCAGTCATA-1,0.870776,0.075681,0.053543
ATCCAATGGAGGGTCC-1,0.828388,0.074201,0.097411
ATCCAATGGTACCGAA-1,0.995115,0.004852,0.000034
ATCCACATCGACAGAA-1,0.003676,0.075127,0.921197
ATCCAGAGCAACAACC-1,0.575827,0.000017,0.424156
ATCCAGGATTCGTGAA-1,0.943683,0.007313,0.049005
ATCCCATCCACAGCGC-1,0.906564,0.017528,0.075908
ATCCCATTTCCGTGGG-1,0.000064,0.000013,0.999924
ATCCTACCTAAGCTCT-1,0.95164,0.000874,0.047486
ATCCTGAATCGCTGCG-1,0.9819,0.000011,0.018089
ATCCTGCGTGGAATGG-1,0.830265,0.005971,0.163763
ATCGACCCAATACAGA-1,0.87735,0.064245,0.058405
ATCGACTCTTTCCGTT-1,0.798748,0.14255,0.058702
ATCGCACGCCGGGAGA-1,0.978213,0.000208,0.021579
ATCGCCAGTCAACATT-1,0.754857,0.01206,0.233083
ATCGCTGCGTGCAGCA-1,0.95696,0.04298,0.00006
ATCGCTTTACGTCTCA-1,0.953954,0.008753,0.037293
ATCGGAGACAGACGGC-1,0.103154,0.389994,0.506852
ATCGGCAAGCAGTCCA-1,0.999672,0.000286,0.000042
ATCGGTTACCTAGTAA-1,0.99872,0.000009,0.001271
ATCGTATTCCGAGAAC-1,0.91986,0.075797,0.004343
ATCGTGGAAAGTCTGG-1,0.624334,0.023924,0.351742
ATCGTTAGCTAGCGGA-1,0.3628,0.178382,0.458818
ATCTAATATCCTACGG-1,0.11211,0.115431,0.772458
ATCTACCATCTGCTCC-1,0.000099,0.062954,0.936947
ATCTAGCTTGTGAGGG-1,0.000068,0.000313,0.999619
ATCTCCCACGGAATAT-1,0.37766,0.005421,0.616919
ATCTCCCTGCAATCTA-1,0.989702,0.000023,0.010275
ATCTCGTGAGCGAAAC-1,0.753032,0.003215,0.243753
ATCTGACATGGAAGGA-1,0.104237,0.353601,0.542162
ATCTGATAGTGTCTTA-1,0.515958,0.446355,0.037686
ATCTGCACCTCTGCGA-1,0.918799,0.011284,0.069917
ATCTGCTGTTATCGCC-1,0.051654,0.000012,0.948334
ATCTGGGCTGTTCTTG-1,0.001428,0.104199,0.894373
ATCTGGTTAAGACTGT-1,0.950651,0.010721,0.038628
ATCTGTAATTGTACCC-1,0.984707,0.000019,0.015274
ATCTTATCGCACACCC-1,0.002269,0.05618,0.941551
ATCTTGACCTGCAACG-1,0.967522,0.01879,0.013688
ATCTTGACTTGTCCAA-1,0.723849,0.000017,0.276134
ATCTTTCGTATAACCA-1,0.991453,0.000015,0.008531
ATGAAGCCAAGGAGCC-1,0.973458,0.01886,0.007682
ATGAAGTGGACCCAGC-1,0.870323,0.02498,0.104697
ATGACGCCGGCTCTAA-1,0.931469,0.066025,0.002505
ATGACGCGTTCTATCC-1,0.235985,0.033754,0.730261
ATGACTATCAGCTGTG-1,0.088367,0.050716,0.860917
ATGACTATGCGACATT-1,0.911919,0.020573,0.067508
ATGAGGAGTGTTAATC-1,0.63991,0.102822,0.257268
ATGAGGGCAGCGGCTA-1,0.992781,0.002439,0.004779
ATGATCGGGAATAGAC-1,0.999863,0.000034,0.000102
ATGATGCAATGGTACA-1,0.857557,0.015467,0.126977
ATGCACCTTCCTTAAT-1,0.960575,0.039364,0.000061
ATGCACGCGCTGTTCA-1,0.996419,0.000268,0.003312
ATGCACTACCGCATTG-1,0.999964,0.000009,0.000027
ATGCATGATCCAGGAT-1,0.990963,0.000012,0.009025
ATGCCATTTGCGACCA-1,0.984909,0.00051,0.014581
ATGCCGGTCTTGCATA-1,0.929456,0.002456,0.068088
ATGCCGGTTGATGGGA-1,0.953929,0.045997,0.000074
ATGCGACAGTCCCATT-1,0.89927,0.005051,0.095679
ATGCGAGTCCCACCAC-1,0.635197,0.120695,0.244108
