Barcode,Topic 1to2,Topic 3,Topic 4,Topic 5,Topic 6to7,Topic 8,Topic 9to10,Topic 11,Topic 12
AAACAACGAATAGTTC-1,0.000034,0.263387,0.000017,0.002131,0.0148,0.522796,0.175111,0.021707,0.000017
AAACAAGTATCTCCCA-1,0.025928,0.000059,0.029449,0.261942,0.153023,0.110531,0.329872,0.037871,0.051325
AAACAATCTACTAGCA-1,0.000033,0.075227,0.000016,0.000016,0.038092,0.113934,0.76813,0.000016,0.004535
AAACACCAATAACTGC-1,0.000021,0.057332,0.000498,0.00001,0.000032,0.000793,0.002449,0.036267,0.902598
AAACAGAGCGACTCCT-1,0.014361,0.013637,0.006504,0.175826,0.000159,0.129193,0.08789,0.572349,0.00008
AAACAGCTTTCAGAAG-1,0.083168,0.117203,0.065248,0.06615,0.219768,0.160378,0.26319,0.024865,0.00003
AAACAGGGTCTATATT-1,0.141681,0.022614,0.155988,0.20501,0.144935,0.019156,0.278379,0.03222,0.000017
AAACAGTGTTCCTGGG-1,0.332775,0.049874,0.333345,0.001398,0.055363,0.004071,0.003748,0.007475,0.21195
AAACATGGTGAGAGGA-1,0.000031,0.01978,0.001246,0.000015,0.000031,0.000015,0.000031,0.094471,0.88438
AAACATTTCCCGGATT-1,0.04291,0.047526,0.065959,0.038027,0.190103,0.367662,0.065228,0.174588,0.007997
AAACCACTACACAGAT-1,0.038345,0.286254,0.004039,0.00193,0.377266,0.11393,0.172667,0.005552,0.000018
AAACCCGAACGAAATC-1,0.041425,0.426904,0.020183,0.026673,0.225295,0.025262,0.132465,0.093533,0.008261
AAACCGGAAATGTTAA-1,0.131085,0.082771,0.059574,0.05392,0.558759,0.002612,0.06058,0.032,0.018699
AAACCGGGTAGGTACC-1,0.051542,0.240543,0.065705,0.144759,0.071589,0.029456,0.385748,0.005261,0.005398
AAACCGTTCGTCCAGG-1,0.575188,0.005279,0.048685,0.03496,0.032355,0.09568,0.131745,0.032052,0.044056
AAACCTAAGCAGCCGG-1,0.219253,0.000042,0.01952,0.13256,0.342438,0.063635,0.115801,0.000297,0.106454
AAACCTCATGAAGTTG-1,0.139765,0.003302,0.000085,0.029545,0.10215,0.237688,0.480319,0.007127,0.000018
AAACGAAGAACATACC-1,0.000067,0.720166,0.000033,0.015969,0.000067,0.11092,0.083404,0.069341,0.000033
AAACGAAGATGGAGTA-1,0.29947,0.044347,0.10412,0.021973,0.08358,0.017735,0.020273,0.103243,0.305259
AAACGACAGTCTTGCC-1,0.08897,0.133324,0.000016,0.003401,0.364598,0.290716,0.118947,0.000015,0.000015
AAACGAGACGGTTGAT-1,0.009245,0.120054,0.023334,0.008389,0.111105,0.297239,0.302596,0.128003,0.000035
AAACGCCCGAGATCGG-1,0.154991,0.434314,0.000031,0.000285,0.10635,0.231104,0.014345,0.058548,0.000031
AAACGCTGGGCACGAC-1,0.104481,0.116853,0.033747,0.038702,0.657836,0.000566,0.032241,0.001045,0.01453
AAACGGGCGTACGGGT-1,0.12909,0.042026,0.032264,0.023627,0.22337,0.264559,0.135724,0.118637,0.030702
AAACGGGTTGGTATCC-1,0.001841,0.242036,0.000025,0.000025,0.105101,0.380991,0.269932,0.000025,0.000025
AAACGGTTGCGAACTG-1,0.140261,0.006299,0.078609,0.133602,0.208024,0.058914,0.206165,0.032912,0.135215
AAACGTGTTCGCCCTA-1,0.012149,0.074687,0.011286,0.304458,0.158119,0.096608,0.282148,0.06048,0.000064
AAACTAACGTGGCGAC-1,0.000078,0.778761,0.000039,0.000039,0.11836,0.067729,0.006228,0.000039,0.028728
AAACTCGGTTCGCAAT-1,0.207681,0.00294,0.119268,0.057083,0.214542,0.040991,0.218995,0.072015,0.066486
AAACTCGTGATATAAG-1,0.044424,0.06184,0.023806,0.135898,0.053197,0.378302,0.302399,0.000066,0.000066
AAACTGCTGGCTCCAA-1,0.125454,0.155924,0.02391,0.270779,0.17512,0.049251,0.07052,0.011478,0.117565
AAACTTAATTGCACGC-1,0.165935,0.000011,0.000011,0.003253,0.028488,0.000487,0.033402,0.000672,0.767739
AAACTTGCAAACGTAT-1,0.123029,0.010891,0.109658,0.131521,0.087955,0.016859,0.467042,0.012535,0.040508
AAAGAATGACCTTAGA-1,0.000019,0.027292,0.017493,0.000009,0.009705,0.000009,0.000019,0.155394,0.790059
AAAGAATGTGGACTAA-1,0.185881,0.081932,0.063167,0.032853,0.505642,0.102633,0.004539,0.023339,0.000014
AAAGACATGAAGTTTA-1,0.209259,0.13377,0.005669,0.017052,0.173302,0.119913,0.165178,0.175829,0.000028
AAAGACCCAAGTCGCG-1,0.017203,0.149056,0.000985,0.369304,0.076295,0.023483,0.350429,0.000014,0.013231
AAAGACTGGGCGCTTT-1,0.087793,0.155281,0.000043,0.010525,0.124471,0.440451,0.000086,0.181307,0.000043
AAAGCTTGCCTACATA-1,0.082809,0.031133,0.043791,0.155644,0.195465,0.06359,0.399005,0.010901,0.017662
AAAGGCCCTATAATAC-1,0.000031,0.075947,0.012765,0.000015,0.000031,0.000015,0.000031,0.141164,0.770002
AAAGGCTACGGACCAT-1,0.07099,0.212197,0.552776,0.015897,0.065825,0.000836,0.034551,0.000209,0.046719
AAAGGCTCTCGCGCCG-1,0.181163,0.270814,0.351591,0.060947,0.083003,0.002738,0.03564,0.008961,0.005142
AAAGGGATGTAGCAAG-1,0.015966,0.093421,0.017331,0.15971,0.098133,0.01805,0.597359,0.000015,0.000015
AAAGGGCAGCTTGAAT-1,0.169563,0.03376,0.001412,0.071521,0.147624,0.2309,0.340925,0.004278,0.000017
AAAGGTAAGCTGTACC-1,0.001606,0.246909,0.000029,0.013073,0.105311,0.491895,0.11366,0.027487,0.000029
AAAGGTCAACGACATG-1,0.030564,0.437382,0.000034,0.000034,0.000067,0.000034,0.000067,0.531785,0.000034
AAAGTAGCATTGCTCA-1,0.082819,0.00828,0.144839,0.118945,0.001716,0.092401,0.169886,0.032694,0.348419
AAAGTCACTGATGTAA-1,0.000039,0.157978,0.023397,0.120567,0.065311,0.109727,0.422385,0.02638,0.074217
AAAGTCGACCCTCAGT-1,0.215695,0.009493,0.008287,0.01726,0.072996,0.507003,0.169224,0.000021,0.000021
AAAGTGCCATCAATTA-1,0.260309,0.000004,0.000108,0.005212,0.536727,0.006097,0.191535,0.000004,0.000004
AAAGTGTGATTTATCT-1,0.128482,0.000061,0.143988,0.14008,0.045627,0.343914,0.197726,0.000061,0.000061
AAAGTTGACTCCCGTA-1,0.122664,0.000057,0.047208,0.073523,0.114619,0.20009,0.42725,0.000057,0.014531
AAATAACCATACGGGA-1,0.000193,0.454165,0.000096,0.171539,0.000193,0.0353,0.000193,0.338226,0.000096
AAATAAGGTAGTGCCC-1,0.045002,0.021404,0.13453,0.226882,0.028097,0.142062,0.350735,0.000303,0.050985
AAATACCTATAAGCAT-1,0.027439,0.670645,0.166655,0.060149,0.008946,0.02375,0.003657,0.000041,0.038718
AAATAGCTTAGACTTT-1,0.034391,0.045556,0.068417,0.170445,0.049663,0.072986,0.483715,0.066986,0.007841
AAATAGGGTGCTATTG-1,0.167804,0.007433,0.109041,0.08222,0.223793,0.08829,0.28623,0.009277,0.025911
AAATCACTCCTAAACG-1,0.054107,0.139062,0.000013,0.007365,0.356695,0.381832,0.059315,0.001598,0.000013
AAATCCGATACACGCC-1,0.17892,0.022822,0.031017,0.092018,0.44412,0.020319,0.097179,0.09928,0.014326
AAATCGCGGAAGGAGT-1,0.027935,0.118278,0.367101,0.00101,0.000048,0.000024,0.000048,0.229965,0.255591
AAATCGTGTACCACAA-1,0.000053,0.374059,0.069313,0.280364,0.00087,0.011038,0.175566,0.000026,0.088711
AAATCTAGCCCTGCTA-1,0.056923,0.02417,0.111071,0.160744,0.193833,0.181993,0.243674,0.000259,0.027334
AAATCTGCCCGCGTCC-1,0.121094,0.012995,0.02186,0.002945,0.044055,0.008251,0.001326,0.103237,0.684236
AAATGACTGATCAAAC-1,0.120276,0.005881,0.034833,0.022596,0.537253,0.058082,0.133149,0.048032,0.039898
AAATGATTCGATCAGC-1,0.000093,0.191544,0.046891,0.015572,0.000237,0.472409,0.251069,0.022139,0.000046
AAATGCTCGTTACGTT-1,0.00005,0.265518,0.000025,0.021558,0.181907,0.09988,0.408469,0.022569,0.000025
AAATGGCATGTCTTGT-1,0.000059,0.295741,0.00003,0.005958,0.065028,0.177666,0.455459,0.00003,0.00003
AAATGGCCCGTGCCCT-1,0.132746,0.14827,0.138585,0.08302,0.096159,0.033802,0.367379,0.00002,0.00002
AAATGGTCAATGTGCC-1,0.000121,0.361851,0.120474,0.090053,0.008081,0.053923,0.349577,0.000024,0.015895
AAATGTATCTTATCCC-1,0.000042,0.001005,0.000021,0.010706,0.061034,0.098974,0.135568,0.692628,0.000021
AAATGTGGGTGCTCCT-1,0.000032,0.09812,0.000016,0.000016,0.210119,0.278519,0.413146,0.000016,0.000016
AAATTAACGGGTAGCT-1,0.003449,0.077783,0.033733,0.146415,0.09119,0.021168,0.600993,0.005786,0.019483
AAATTAATAAGCGCGA-1,0.000078,0.372706,0.01731,0.002429,0.000078,0.115588,0.000078,0.491695,0.000039
AAATTACACGACTCTG-1,0.000165,0.48313,0.000082,0.106512,0.000165,0.069633,0.032697,0.307534,0.000082
AAATTACCTATCGATG-1,0.027392,0.000042,0.000042,0.173619,0.01489,0.272814,0.355897,0.155263,0.000042
AAATTCCAGGTCCAAA-1,0.001216,0.25794,0.008153,0.043138,0.18296,0.200822,0.247058,0.042985,0.015727
AAATTGATAGTCCTTT-1,0.196352,0.103523,0.215616,0.021339,0.007622,0.030802,0.002642,0.136549,0.285555
AAATTGCGGCGGTTCT-1,0.02064,0.009702,0.000015,0.009902,0.185575,0.300378,0.458147,0.00053,0.015111
AAATTGGTGAGAAGCA-1,0.0299,0.029954,0.000064,0.058045,0.262784,0.275847,0.320764,0.022578,0.000064
AAATTTACCGAAATCC-1,0.000159,0.44641,0.00008,0.11238,0.000159,0.11754,0.000159,0.323033,0.00008
AAATTTGCGGGTGTGG-1,0.2395,0.01224,0.146852,0.254051,0.007941,0.099239,0.2385,0.000014,0.001663
AACAACTGGTAGTTGC-1,0.019003,0.116529,0.015839,0.060654,0.161834,0.034751,0.591362,0.000014,0.000014
AACAATACATTGTCGA-1,0.607449,0.000349,0.023065,0.011554,0.044989,0.028198,0.125249,0.022565,0.136582
AACAATTACTCTACGC-1,0.029957,0.122757,0.048602,0.022387,0.297085,0.175313,0.271142,0.032727,0.000031
AACACACGCTCGCCGC-1,0.176186,0.096773,0.00875,0.242771,0.281223,0.062324,0.130772,0.001144,0.000057
AACACGACTGTACTGA-1,0.000033,0.173438,0.000072,0.001697,0.081527,0.177462,0.565738,0.000016,0.000016
AACACGAGACGCGGCC-1,0.145663,0.000103,0.013505,0.436634,0.150757,0.00874,0.197083,0.000013,0.047502
AACACGCGGCCGCGAA-1,0.024815,0.158864,0.026003,0.074992,0.177691,0.231566,0.306036,0.000016,0.000016
AACAGCTGTGTGGCAA-1,0.433928,0.000012,0.02237,0.006711,0.019289,0.042016,0.014433,0.098233,0.363007
AACAGGAAATCGAATA-1,0.000032,0.079761,0.000016,0.000016,0.137912,0.110976,0.667965,0.003305,0.000016
AACAGGATGGGCCGCG-1,0.000057,0.306612,0.041017,0.016304,0.136031,0.026991,0.445634,0.000028,0.027326
AACAGGTAGTATGGAT-1,0.007422,0.17011,0.021748,0.007579,0.461715,0.047449,0.283935,0.000021,0.000021
AACATAGCGTGTATCG-1,0.085423,0.01576,0.02666,0.057067,0.282727,0.341037,0.095999,0.065089,0.030238
AACATATCAACTGGTG-1,0.000137,0.002004,0.000069,0.429356,0.151359,0.236441,0.121816,0.045781,0.013036
AACATCGATACGTCTA-1,0.000097,0.016028,0.000048,0.059707,0.012822,0.381009,0.47297,0.057272,0.000048
AACATTGAAGTTGATC-1,0.000042,0.146676,0.009332,0.000021,0.000042,0.000021,0.000042,0.125817,0.718006
AACATTGGTCAGCCGT-1,0.003292,0.019315,0.00002,0.008669,0.027732,0.530687,0.294401,0.115865,0.00002
AACATTGTGACTCGAG-1,0.295557,0.000329,0.002918,0.056942,0.369008,0.002596,0.235941,0.000006,0.036702
AACCAAGACTTCTCTG-1,0.028097,0.000012,0.000012,0.000823,0.289734,0.149826,0.531474,0.000012,0.000012
AACCAGTATCACTCTT-1,0.159749,0.017856,0.000055,0.070285,0.017805,0.033008,0.138273,0.562915,0.000055
AACCATAGGGTTGAAC-1,0.002718,0.006724,0.01215,0.000456,0.001645,0.000014,0.000028,0.036514,0.93975
AACCATGGGATCGCTA-1,0.000065,0.615178,0.015142,0.003067,0.062162,0.061927,0.239368,0.003058,0.000033
AACCCAGAGACGGAGA-1,0.032152,0.336682,0.00457,0.012585,0.078891,0.068137,0.449117,0.014836,0.00303
AACCCATCCCATGATC-1,0.073247,0.069252,0.329934,0.063071,0.006443,0.018264,0.018216,0.101611,0.319962
AACCCGACAACCCGTG-1,0.707905,0.001056,0.005444,0.002232,0.204194,0.013205,0.065666,0.000294,0.000004
AACCCGAGCAGAATCG-1,0.12853,0.06939,0.090354,0.000963,0.595808,0.023051,0.039837,0.052045,0.000022
AACCCGATAGGGCTTC-1,0.013465,0.191094,0.000015,0.001153,0.390664,0.03823,0.304898,0.058541,0.00194
AACCCGCTGTATTCCA-1,0.1848,0.002203,0.008657,0.04909,0.474046,0.044131,0.148771,0.042118,0.046185
AACCCTACTGTCAATA-1,0.086476,0.051726,0.00006,0.207135,0.032198,0.348166,0.257062,0.017116,0.00006
AACCCTGGTGGAACCA-1,0.000057,0.526517,0.000029,0.011089,0.061861,0.218564,0.045248,0.136606,0.000029
AACCGAGCTTGGTCAT-1,0.00006,0.41404,0.010021,0.019365,0.085288,0.021738,0.433085,0.016373,0.00003
AACCGCTAAGGGATGC-1,0.088571,0.021402,0.023435,0.209013,0.039479,0.179076,0.384739,0.000086,0.054199
AACCGTTGTGTTTGCT-1,0.000033,0.049341,0.000017,0.000017,0.081536,0.046799,0.822224,0.000017,0.000017
AACCTAAAGCCGTCCG-1,0.017022,0.470638,0.000033,0.010905,0.076917,0.188912,0.000066,0.235473,0.000033
AACCTCGCTTTAGCCC-1,0.320635,0.003854,0.031611,0.082369,0.220003,0.072077,0.16081,0.108594,0.000045
AACCTGTCACGGAATT-1,0.099523,0.286643,0.015466,0.321206,0.177884,0.005085,0.092186,0.000025,0.001981
AACCTTTAAATACGGT-1,0.200192,0.001025,0.036679,0.194888,0.157641,0.056378,0.303608,0.013663,0.035926
AACCTTTACGACGTCT-1,0.000207,0.322016,0.000104,0.111552,0.000207,0.051464,0.000207,0.51414,0.000104
AACGAAAGTCGTCCCA-1,0.263687,0.008072,0.070131,0.083535,0.008321,0.005137,0.004435,0.002822,0.553859
AACGACCTCCTAGCCG-1,0.067602,0.124914,0.010275,0.001178,0.730067,0.004896,0.036173,0.014017,0.010879
AACGATAATGCCGTAG-1,0.106091,0.000035,0.206098,0.091018,0.159906,0.169904,0.221441,0.017225,0.028281
AACGATAGAAGGGCCG-1,0.009621,0.18549,0.010864,0.204318,0.091732,0.016299,0.481644,0.000016,0.000016
AACGATATGTCAACTG-1,0.003418,0.31164,0.00004,0.005107,0.085902,0.200028,0.315137,0.027507,0.05122
AACGCATGATCTGGGT-1,0.007413,0.174166,0.031749,0.051735,0.038789,0.406817,0.28926,0.000036,0.000036
AACGCGAACGGCAACA-1,0.070211,0.000013,0.000013,0.000013,0.071222,0.298404,0.5601,0.000013,0.000013
AACGCGACCTTGGGCG-1,0.203487,0.010506,0.154675,0.078982,0.166203,0.082364,0.15722,0.075506,0.071058
AACGCGGTCTCCAGCC-1,0.015405,0.031754,0.000015,0.003949,0.188826,0.019758,0.740263,0.000015,0.000015
AACGCTGTTGCTGAAA-1,0.118611,0.098204,0.107151,0.019836,0.186419,0.186015,0.247716,0.000057,0.03599
AACGGACGTACGTATA-1,0.183938,0.035389,0.059159,0.270794,0.112374,0.110507,0.161554,0.049037,0.017246
AACGGCCATCTCCGGT-1,0.33472,0.000009,0.013134,0.073788,0.004778,0.117031,0.284665,0.000009,0.171867
AACGTACTGTGGGTAC-1,0.03133,0.209494,0.428634,0.062789,0.00549,0.086372,0.109279,0.066591,0.000021
AACGTAGTCTACCCAT-1,0.00707,0.105067,0.000016,0.000814,0.086762,0.146278,0.653959,0.000016,0.000016
AACGTCAGACTAGTGG-1,0.078906,0.020684,0.009579,0.24326,0.139365,0.048757,0.39754,0.000015,0.061892
AACGTCATCCGGCTTG-1,0.057597,0.027708,0.041277,0.048385,0.326517,0.130536,0.287564,0.029534,0.050882
AACGTCGCTGCACTTC-1,0.515411,0.002018,0.000009,0.000009,0.372311,0.035265,0.051973,0.022995,0.000009
AACGTGATGAAGGACA-1,0.087359,0.00459,0.000019,0.000572,0.116982,0.713865,0.076574,0.000019,0.000019
AACGTGCGAAAGTCTC-1,0.000063,0.546729,0.089032,0.010708,0.027304,0.119753,0.127561,0.078817,0.000032
AACGTTATCAGCACCT-1,0.03111,0.19385,0.008387,0.019467,0.086987,0.581065,0.008179,0.032487,0.038467
AACGTTCTACCATTGT-1,0.278836,0.000011,0.000007,0.009132,0.583808,0.000453,0.12774,0.000007,0.000007
AACTACCCGTTTGTCA-1,0.024135,0.091312,0.005716,0.005823,0.528248,0.046246,0.29849,0.000015,0.000015
AACTAGCGTATCGCAC-1,0.000039,0.125118,0.000019,0.002872,0.044131,0.17332,0.654462,0.000019,0.000019
AACTAGGCTTGGGTGT-1,0.342712,0.02164,0.050784,0.067122,0.426924,0.009039,0.061688,0.000018,0.020073
AACTCAAGTTAATTGC-1,0.056953,0.022569,0.059043,0.31849,0.072039,0.039512,0.388694,0.000017,0.042683
AACTCCAGAGCGTGTT-1,0.097988,0.044302,0.007451,0.040407,0.260784,0.254339,0.211364,0.003755,0.079612
AACTCCTAATCCCATG-1,0.000175,0.101949,0.000088,0.137072,0.000175,0.154824,0.101609,0.50402,0.000088
AACTCGATAAACACGT-1,0.007938,0.240559,0.00202,0.001458,0.070403,0.585214,0.092363,0.000023,0.000023
AACTCGATGGCGCAGT-1,0.000059,0.355234,0.00003,0.009463,0.000059,0.262254,0.361627,0.011244,0.00003
AACTCTCAATAGAGCG-1,0.000141,0.000071,0.000071,0.257969,0.000141,0.350704,0.3386,0.052232,0.000071
AACTCTCAGTGTGCTC-1,0.152592,0.121103,0.097912,0.101791,0.014754,0.029243,0.021409,0.099431,0.361764
AACTGAGGTCAGCGTC-1,0.000059,0.185671,0.000029,0.01244,0.040012,0.387938,0.322621,0.0512,0.000029
AACTGAGTTATACTGA-1,0.055073,0.140532,0.343805,0.007672,0.287783,0.000019,0.018203,0.107626,0.039288
AACTGATATTAGGCCT-1,0.000029,0.062665,0.000014,0.000435,0.115249,0.075538,0.746042,0.000014,0.000014
AACTGGGTCCCGACGT-1,0.000081,0.112625,0.00004,0.047451,0.000081,0.177801,0.129934,0.531947,0.00004
AACTGGGTTCGAGCCG-1,0.000152,0.520082,0.000076,0.000076,0.000152,0.000076,0.000152,0.479155,0.000076
AACTGGTGTGGGCCTT-1,0.000058,0.648493,0.000029,0.052507,0.000058,0.103932,0.079693,0.020651,0.094578
AACTTCTGCGTCTATC-1,0.000095,0.545987,0.000048,0.000048,0.026344,0.390711,0.036671,0.000048,0.000048
AACTTGCCCGTATGCA-1,0.000046,0.02499,0.004719,0.001752,0.121664,0.15506,0.53597,0.155775,0.000023
AACTTGCGTTCTCGCG-1,0.006592,0.089129,0.001463,0.005864,0.064913,0.306751,0.479028,0.000021,0.04624
AACTTTACGGGAGCTT-1,0.002096,0.026619,0.000043,0.134195,0.000085,0.062373,0.008469,0.647474,0.118647
AACTTTAGCTGCTGAG-1,0.000042,0.18718,0.000021,0.009216,0.044686,0.13384,0.624974,0.000021,0.000021
AACTTTCTCGATCATG-1,0.000078,0.100919,0.00641,0.084452,0.281545,0.071432,0.404596,0.000039,0.05053
AAGAAAGTTTGATGGG-1,0.118352,0.000015,0.014773,0.033138,0.020744,0.000446,0.095238,0.00255,0.714743
AAGAAATCACCAGATT-1,0.056686,0.022658,0.04008,0.051164,0.309522,0.066074,0.393109,0.048835,0.011874
AAGAAGGATCAGTTAG-1,0.058267,0.025682,0.012611,0.015098,0.048318,0.181573,0.590378,0.00224,0.065833
AAGACATACGTGGTTT-1,0.10115,0.426056,0.069948,0.00003,0.395928,0.003738,0.001428,0.001692,0.00003
AAGACCAAATAACTCA-1,0.252023,0.009498,0.063569,0.01427,0.058033,0.002524,0.003743,0.184765,0.411574
AAGACCCAACTGAACA-1,0.222731,0.130236,0.386518,0.07426,0.053922,0.009808,0.048949,0.001904,0.071672
AAGACTAACCCGTTGT-1,0.00008,0.622894,0.00004,0.004176,0.013672,0.229026,0.120561,0.009511,0.00004
AAGACTCACGCCCACT-1,0.195164,0.120523,0.011351,0.10403,0.091695,0.10597,0.097845,0.267335,0.006086
AAGACTGCAAGCTACT-1,0.000059,0.186837,0.020419,0.36865,0.161377,0.004864,0.256732,0.00003,0.001033
AAGAGATGAATCGGTA-1,0.014426,0.022027,0.026504,0.046725,0.125671,0.371518,0.333609,0.042298,0.017223
AAGAGCTCTTTATCGG-1,0.02271,0.215539,0.000044,0.007778,0.098441,0.184956,0.248808,0.134393,0.087332
AAGAGGATGTACGCGA-1,0.028195,0.132373,0.183486,0.15297,0.082347,0.051467,0.369107,0.000027,0.000027
AAGAGGCATGGATCGC-1,0.013279,0.006232,0.000018,0.00278,0.174505,0.310766,0.437561,0.054841,0.000018
AAGAGGCCCTTTGGAA-1,0.1576,0.215327,0.017991,0.050128,0.54664,0.012209,0.000053,0.000026,0.000026
AAGATGGCACCGGACC-1,0.154457,0.261764,0.166357,0.00002,0.039407,0.001117,0.00004,0.205776,0.171061
AAGATTGGCGGAACGT-1,0.036803,0.019415,0.00942,0.487652,0.000104,0.311691,0.095088,0.039774,0.000052
AAGCACCCTGCGTATC-1,0.113011,0.034975,0.147754,0.063323,0.194621,0.079003,0.264641,0.052789,0.049881
AAGCATACTCTCCTGA-1,0.360287,0.309634,0.07634,0.060047,0.188577,0.004384,0.000074,0.000619,0.000037
AAGCCACTTGCAGGTA-1,0.017999,0.13916,0.095997,0.00122,0.009142,0.001086,0.000025,0.08204,0.653331
AAGCCGAAGCGGTTTA-1,0.034789,0.01798,0.064809,0.036821,0.205337,0.047053,0.510573,0.043037,0.0396
AAGCCGCCGTGAAATC-1,0.003213,0.111825,0.023448,0.000019,0.000038,0.000019,0.000038,0.369836,0.491563
AAGCCGCTTTACCTTG-1,0.002477,0.130673,0.027637,0.020603,0.183807,0.096442,0.437067,0.046496,0.054799
AAGCCGGAGAGCAGGA-1,0.089859,0.156922,0.044956,0.019336,0.454,0.011392,0.189232,0.018877,0.015426
AAGCGCAGGGCTTTGA-1,0.145126,0.000923,0.179982,0.014207,0.312466,0.03547,0.185112,0.080842,0.045869
AAGCGGAGTGCGCGCA-1,0.003309,0.16327,0.004619,0.057313,0.364191,0.013624,0.389499,0.001455,0.002721
AAGCGGCGTCATGGGT-1,0.000326,0.656504,0.000163,0.000163,0.000326,0.000163,0.000326,0.341869,0.000163
AAGCGTCCCTCATCGA-1,0.068169,0.074164,0.17161,0.027435,0.051763,0.046647,0.072638,0.187999,0.299574
AAGCTAGATCGAGTAA-1,0.023197,0.073197,0.03211,0.037473,0.411673,0.009454,0.412873,0.000012,0.000012
AAGCTATGGATTGACC-1,0.516274,0.000015,0.000015,0.000015,0.028789,0.000015,0.016528,0.000015,0.438334
AAGCTCGTGCCAAGTC-1,0.00005,0.216374,0.007356,0.000095,0.095067,0.038097,0.630331,0.000025,0.012605
AAGCTCTTTCATGGTG-1,0.139887,0.053832,0.110205,0.141163,0.321329,0.069337,0.11398,0.005244,0.045023
AAGGAGAACTTATAAG-1,0.000045,0.345093,0.000022,0.002345,0.094069,0.232884,0.32159,0.003929,0.000022
AAGGAGCGGTTGGTGC-1,0.006866,0.009588,0.017691,0.106194,0.093595,0.009872,0.711153,0.000012,0.045027
AAGGATCGATCGCTTG-1,0.00529,0.000204,0.065617,0.180018,0.000149,0.080358,0.603997,0.053228,0.011139
AAGGATGAGGGACCTC-1,0.058431,0.018493,0.021991,0.017902,0.110507,0.705443,0.054148,0.013065,0.00002
AAGGCAGGCTGTCTCC-1,0.060247,0.264847,0.036752,0.189272,0.373733,0.010735,0.035286,0.017321,0.011807
AAGGCGCGTAAAGCTT-1,0.000049,0.005985,0.000008,0.154202,0.201879,0.005553,0.632309,0.000008,0.000008
AAGGCTGTGCTCATCG-1,0.000969,0.068389,0.023197,0.026795,0.191972,0.006202,0.670883,0.004695,0.006899
AAGGGAACGACTGGCT-1,0.457946,0.000008,0.037448,0.002103,0.061088,0.000008,0.008597,0.008522,0.424279
AAGGGACAGATTCTGT-1,0.000106,0.004143,0.000053,0.07194,0.079676,0.194824,0.514949,0.134258,0.000053
AAGGGACTATGCATTC-1,0.693219,0.000011,0.008392,0.000011,0.000022,0.000011,0.000022,0.02522,0.273094
AAGGGTTAGCCATGCG-1,0.057865,0.168243,0.022811,0.054289,0.517857,0.00002,0.01738,0.082794,0.07874
AAGGGTTTGATTTCAG-1,0.058939,0.188757,0.03241,0.004401,0.026511,0.012466,0.000037,0.086374,0.590105
AAGGTATCCTAATATA-1,0.05127,0.109748,0.023155,0.121338,0.111233,0.355181,0.228011,0.000032,0.000032
AAGGTGATAAACCAGC-1,0.075384,0.023487,0.016086,0.122727,0.134617,0.157648,0.413366,0.047556,0.009131
AAGTAAGCTTCCAAAC-1,0.000046,0.476036,0.005345,0.016606,0.00296,0.22628,0.111135,0.046168,0.115424
AAGTAGAAGACCGGGT-1,0.007464,0.064899,0.003977,0.103883,0.145289,0.021909,0.580269,0.012459,0.059849
AAGTAGTGACGCGAGG-1,0.048059,0.731394,0.046807,0.085649,0.000106,0.00456,0.012484,0.000053,0.070889
AAGTCAATTGTCGTCA-1,0.025231,0.140307,0.059262,0.122651,0.000206,0.275964,0.312779,0.003747,0.059854
AAGTCTAGTAGCTGCC-1,0.026042,0.022525,0.006185,0.01883,0.287175,0.013305,0.548276,0.060394,0.017269
AAGTCTTCTGTGGCCT-1,0.310042,0.082493,0.043949,0.039545,0.062637,0.371105,0.082112,0.008092,0.000024
AAGTGACGACCGAATT-1,0.067064,0.011272,0.011341,0.157462,0.238864,0.030036,0.464122,0.000015,0.019826
AAGTGAGTCGGGTTTA-1,0.45878,0.04983,0.203189,0.029062,0.116784,0.015501,0.062089,0.064754,0.00001
AAGTGCAAAGGTAGAC-1,0.000092,0.06498,0.000046,0.000046,0.000092,0.080991,0.000092,0.853617,0.000046
AAGTGCCTTGACTGTA-1,0.017326,0.046626,0.006553,0.204188,0.117462,0.128939,0.469505,0.009328,0.000074
AAGTGCGTTAGAATCT-1,0.000052,0.32446,0.134818,0.069142,0.000052,0.084192,0.057674,0.329582,0.000026
AAGTGCTTCTCTATTG-1,0.177184,0.111904,0.200706,0.007809,0.034402,0.011061,0.000032,0.023496,0.433406
AAGTGTTTGGAGACGG-1,0.088987,0.01437,0.126392,0.159979,0.100579,0.074771,0.341828,0.079939,0.013154
AAGTTCACTCCAAGCT-1,0.191888,0.057337,0.044325,0.184367,0.275975,0.019781,0.181832,0.022561,0.021935
AAGTTCAGTCTGCGTA-1,0.01576,0.059931,0.000063,0.100507,0.000125,0.462819,0.258652,0.10208,0.000063
AAGTTCGGCCAACAGG-1,0.075988,0.004707,0.028365,0.23096,0.008626,0.121593,0.296033,0.097142,0.136586
AAGTTGTGATGTTATA-1,0.239763,0.347045,0.082324,0.000048,0.296687,0.000239,0.000095,0.033751,0.000048
AAGTTTACTAATGGCA-1,0.00011,0.797561,0.000055,0.000055,0.00011,0.119427,0.045737,0.036889,0.000055
AAGTTTATGGGCCCAA-1,0.199011,0.000048,0.046779,0.047281,0.283506,0.042622,0.191515,0.068819,0.120419
AATAACAACGCTCGGC-1,0.022776,0.035598,0.033606,0.093527,0.170084,0.037757,0.568265,0.000445,0.03794
AATAACACTAGAACAA-1,0.238152,0.007357,0.186223,0.093792,0.017255,0.027025,0.111746,0.000014,0.318436
AATAACGTCGCGCCCA-1,0.19809,0.154736,0.0303,0.000015,0.543305,0.007158,0.029895,0.000015,0.036484
AATAAGTCCTCGAGAC-1,0.043876,0.112565,0.01937,0.0026,0.086949,0.321623,0.412934,0.000019,0.000063
AATAATCTTCGTATCG-1,0.021216,0.232183,0.029697,0.026904,0.618467,0.001031,0.010788,0.036504,0.023209
AATACAATGTTTCAGG-1,0.000102,0.235083,0.001341,0.031039,0.049612,0.24382,0.040521,0.398431,0.000051
AATACCGGAGGGCTGT-1,0.602195,0.000082,0.023813,0.001867,0.052249,0.008292,0.028543,0.050969,0.231988
AATACCTGATGTGAAC-1,0.141184,0.031087,0.00433,0.010418,0.623717,0.044548,0.000037,0.132398,0.012281
AATAGAACAGAGTGGC-1,0.204012,0.140175,0.329684,0.022497,0.063818,0.035538,0.16726,0.00052,0.036495
AATAGAATCTGTTTCA-1,0.139521,0.021035,0.176429,0.032368,0.189895,0.066871,0.293822,0.058496,0.021563
AATAGCAAGCCTCCTG-1,0.012428,0.621631,0.000044,0.000044,0.243481,0.120728,0.001557,0.000044,0.000044
AATAGCTACCGCGTGC-1,0.000075,0.210846,0.000038,0.064743,0.033666,0.290256,0.33313,0.040868,0.026379
AATAGGCACGACCCTT-1,0.681374,0.067723,0.066086,0.012033,0.079083,0.002846,0.012656,0.000011,0.078188
AATAGTCCGTCCCGAC-1,0.055928,0.001695,0.070215,0.034292,0.594314,0.00058,0.220494,0.000008,0.022475
AATAGTCGCGAGTCGG-1,0.000084,0.089755,0.000042,0.000042,0.000084,0.106456,0.008868,0.60091,0.193758
AATATCAAGGTCGGAT-1,0.000317,0.14927,0.000449,0.015854,0.026629,0.130672,0.676778,0.000016,0.000016
AATATCCTAGCAAACT-1,0.24987,0.02988,0.079615,0.008486,0.344351,0.037693,0.246786,0.000862,0.002457
AATATCGAATCAATGC-1,0.058368,0.071731,0.018209,0.08963,0.130825,0.043842,0.469325,0.099778,0.018292
AATATCGAGGGTTCTC-1,0.000145,0.110882,0.000073,0.000439,0.109901,0.291301,0.431817,0.045199,0.010242
AATATTGGAGTATTGA-1,0.020567,0.121977,0.096003,0.073933,0.039702,0.294065,0.300938,0.052779,0.000037
AATCAGACTGCAGGAC-1,0.017878,0.248438,0.000028,0.014421,0.139619,0.224641,0.354916,0.000028,0.000028
AATCAGGTTTCATTTA-1,0.116413,0.02894,0.136195,0.000014,0.058773,0.000718,0.000028,0.197796,0.461122
AATCATGTAAAGACTC-1,0.244551,0.041745,0.035435,0.098481,0.206811,0.241167,0.076531,0.052429,0.002851
AATCCAAGGGCCTGAG-1,0.000033,0.309855,0.009153,0.023491,0.009944,0.020808,0.54538,0.021833,0.059504
AATCCATGCAAGGGTG-1,0.000038,0.048469,0.000019,0.005574,0.057903,0.217514,0.604843,0.065622,0.000019
AATCCCGCTCAGAGCC-1,0.136999,0.037897,0.039928,0.027645,0.449664,0.078485,0.099085,0.064907,0.065391
AATCGAGGTCTCAAGG-1,0.146862,0.01754,0.027225,0.008277,0.543268,0.139976,0.040003,0.075094,0.001753
AATCGCCTCAGCGCCA-1,0.000052,0.149294,0.002414,0.001476,0.250491,0.187759,0.374588,0.033899,0.000026
AATCGCGCAGAGGACT-1,0.304028,0.227916,0.000028,0.160968,0.163837,0.02236,0.090129,0.030127,0.000606
AATCGGGACACTACGA-1,0.00005,0.421883,0.001629,0.017732,0.078275,0.207584,0.272798,0.000025,0.000025
AATCGGTATAGCCCTC-1,0.17816,0.015339,0.00338,0.000348,0.61349,0.071713,0.113714,0.000011,0.003846
AATCGTGAGCCGAGCA-1,0.207083,0.000067,0.000067,0.126759,0.22128,0.079749,0.230111,0.077243,0.057641
AATCTAGGTTTACTTG-1,0.208485,0.286574,0.306528,0.03015,0.002449,0.017237,0.000068,0.148475,0.000034
AATCTATGCCGGAGCC-1,0.032396,0.025186,0.000079,0.213808,0.000158,0.287004,0.379887,0.061401,0.000079
AATCTCTACTGTGGTT-1,0.287713,0.000021,0.000021,0.008094,0.050871,0.50939,0.143849,0.000021,0.000021
AATCTGCGTTGGGACG-1,0.000117,0.079221,0.032026,0.312812,0.000117,0.309194,0.211552,0.054266,0.000695
AATCTGGCTTTCTAGT-1,0.128568,0.341414,0.382855,0.023735,0.000071,0.042207,0.001518,0.071641,0.007991
AATCTGGGTAGACCCT-1,0.119215,0.02815,0.000054,0.021151,0.000108,0.004549,0.000108,0.826612,0.000054
AATGACAGCAATGTCT-1,0.013148,0.278972,0.340536,0.129768,0.017495,0.027884,0.122149,0.002532,0.067515
AATGACGTAGGATGTC-1,0.077657,0.017395,0.049004,0.118157,0.075397,0.182518,0.413283,0.030641,0.035947
AATGACTGTCAGCCGG-1,0.027083,0.029416,0.006093,0.181113,0.132921,0.027078,0.56326,0.000012,0.033025
AATGAGTTCGCATATG-1,0.000079,0.379225,0.005745,0.000089,0.076576,0.214292,0.216363,0.107591,0.000039
AATGATGATACGCTAT-1,0.010058,0.002399,0.004506,0.04123,0.01337,0.307997,0.420153,0.20025,0.000037
AATGATGCGACTCCTG-1,0.000119,0.067129,0.02848,0.254699,0.000119,0.249136,0.375569,0.024691,0.000059
AATGCAACCGGGTACC-1,0.008684,0.406435,0.025095,0.227292,0.034752,0.019919,0.215374,0.034026,0.028423
AATGCACCAAGCAATG-1,0.000068,0.015856,0.000034,0.150549,0.00015,0.256262,0.358717,0.192093,0.026271
AATGGCCGCCAATGCG-1,0.003738,0.286697,0.000021,0.000695,0.400502,0.191229,0.083605,0.033493,0.000021
AATGGTCCACCGTTCA-1,0.267154,0.076653,0.024379,0.025757,0.038372,0.553179,0.003808,0.010663,0.000035
AATGGTTCTCACAAGC-1,0.007458,0.025149,0.001686,0.226077,0.229002,0.060732,0.407054,0.000133,0.04271
AATGTATGGCACTGTA-1,0.27984,0.000012,0.008048,0.008666,0.008618,0.000012,0.005078,0.045384,0.644341
AATGTGCCCGAGGTGT-1,0.032077,0.081713,0.006638,0.007035,0.000038,0.028079,0.044183,0.203925,0.596313
AATGTGCTAATCTGAG-1,0.187061,0.00001,0.00001,0.00001,0.00002,0.00001,0.00002,0.24922,0.563639
AATGTTAAGACCCTGA-1,0.159293,0.001039,0.013335,0.004633,0.493078,0.191115,0.08812,0.032182,0.017205
AATGTTGTCGTGAGAC-1,0.293921,0.302412,0.005174,0.000035,0.362354,0.035965,0.00007,0.000035,0.000035
AATTAAAGGTCGGCGT-1,0.18111,0.002349,0.031776,0.088498,0.009151,0.187994,0.449278,0.049831,0.000014
AATTAACGGATTTCCA-1,0.126381,0.027595,0.042416,0.099138,0.168209,0.131866,0.2888,0.066416,0.049179
AATTACGAGACCCATC-1,0.031329,0.029077,0.115984,0.007184,0.037204,0.000017,0.000297,0.165914,0.612993
AATTACTCGTACGCTC-1,0.000025,0.037507,0.000648,0.013186,0.000745,0.645406,0.248644,0.053827,0.000013
AATTAGCGCTGCAGCG-1,0.315144,0.000226,0.004841,0.027345,0.348469,0.013088,0.23553,0.032976,0.02238
AATTATACCCAGCAAG-1,0.005876,0.403309,0.000066,0.000066,0.00791,0.078947,0.000132,0.503628,0.000066
AATTCATAAGGGATCT-1,0.002517,0.001418,0.00411,0.136847,0.032035,0.249074,0.371449,0.200979,0.001571
AATTCATTGTCATGCA-1,0.000028,0.000014,0.000014,0.000014,0.000028,0.000014,0.000028,0.151315,0.848545
AATTCCAACTTGGTGA-1,0.134199,0.260041,0.000026,0.018067,0.03123,0.419961,0.136041,0.000408,0.000026
AATTCCAAGCATGTAC-1,0.128056,0.011322,0.121163,0.052725,0.189442,0.109514,0.226245,0.083809,0.077723
AATTCGATTCGAGGAT-1,0.068362,0.001449,0.081519,0.009276,0.414562,0.014014,0.219908,0.098708,0.092202
AATTCTAGAGTTAGGC-1,0.20091,0.180532,0.354212,0.217546,0.011441,0.00075,0.028392,0.003443,0.002772
AATTGAACGCTCTGGT-1,0.121641,0.026182,0.039995,0.051701,0.117759,0.129743,0.344579,0.095248,0.073152
AATTGCAGCAATCGAC-1,0.200799,0.116921,0.007345,0.002756,0.448193,0.223873,0.000056,0.000028,0.000028
AATTGCGTGGATTACA-1,0.006966,0.000012,0.000012,0.000165,0.01133,0.047146,0.018444,0.08557,0.830354
AATTGTGGTTGCCAAA-1,0.109752,0.181566,0.073935,0.01122,0.592276,0.000016,0.009455,0.000016,0.021763
AATTTGGGACATAGTA-1,0.044222,0.511066,0.000201,0.105821,0.000402,0.000201,0.000402,0.337485,0.000201
AATTTGGTTCCAAAGA-1,0.000058,0.487637,0.000029,0.028445,0.066703,0.116215,0.286448,0.014437,0.000029
ACAAACCATGCGTCCT-1,0.000041,0.13871,0.011752,0.00002,0.000041,0.00002,0.000041,0.041974,0.8074
ACAAACCGACAAGGCG-1,0.235049,0.105784,0.00559,0.014154,0.19735,0.409385,0.00612,0.026549,0.000019
ACAAACTCCATCAGAG-1,0.480757,0.05662,0.06647,0.015293,0.105881,0.015401,0.091991,0.018443,0.149144
ACAAAGAAGGTAGGCC-1,0.286274,0.006636,0.044238,0.087169,0.300139,0.019572,0.239034,0.003982,0.012956
ACAAAGCATGACCTAG-1,0.000063,0.134576,0.000032,0.000032,0.141472,0.037721,0.011623,0.67445,0.000032
ACAAATCGCACCGAAT-1,0.191744,0.045802,0.047994,0.054407,0.134467,0.169201,0.2746,0.05136,0.030424
ACAAATGGTAGTGTTT-1,0.079005,0.006985,0.168456,0.181005,0.090795,0.156692,0.288511,0.014986,0.013566
ACAAATTCAGATCTGA-1,0.09525,0.490466,0.000063,0.000063,0.000125,0.388213,0.000125,0.025632,0.000063
ACAACAGCATGAGCTA-1,0.000089,0.567336,0.019285,0.085697,0.000656,0.113379,0.15704,0.000045,0.056473
ACAACGGTCCCTGCGA-1,0.019832,0.05923,0.039866,0.026833,0.078536,0.285104,0.45796,0.005652,0.026988
ACAAGCAGTGCCTAGC-1,0.020566,0.32788,0.13854,0.025022,0.026142,0.293444,0.168326,0.00004,0.00004
ACAAGCTATATGGAAG-1,0.400575,0.016343,0.054873,0.023075,0.056192,0.371162,0.026492,0.051268,0.00002
ACAAGGAAATCCGCCC-1,0.11221,0.008549,0.053885,0.12556,0.183989,0.204305,0.24467,0.016333,0.050499
ACAAGGACAAGAGGTT-1,0.039131,0.022114,0.014697,0.268979,0.139688,0.021419,0.454945,0.000011,0.039016
ACAAGGATGCTTTAGG-1,0.082651,0.050699,0.1463,0.080093,0.28876,0.127218,0.141798,0.033307,0.049176
ACAAGGCCTACCAGCC-1,0.132201,0.202869,0.000031,0.007492,0.274565,0.375329,0.000129,0.007352,0.000031
ACAAGGGCAGGCTCTG-1,0.000061,0.138955,0.210779,0.062474,0.139681,0.107562,0.226379,0.114078,0.00003
ACAAGTAATTGTAAGG-1,0.086912,0.084567,0.116556,0.047051,0.023631,0.03027,0.012887,0.049906,0.548219
ACAATAGTCGTACGTT-1,0.24602,0.020412,0.016454,0.116277,0.069614,0.159561,0.246793,0.055874,0.068995
ACAATCCATTTAAACC-1,0.041242,0.006008,0.007169,0.340742,0.188005,0.051178,0.31984,0.001884,0.043932
ACAATCGATCTTTATA-1,0.002874,0.603819,0.011798,0.005841,0.092682,0.168452,0.114463,0.000036,0.000036
ACAATGAATACGGAGA-1,0.436553,0.05868,0.093689,0.027746,0.001172,0.001757,0.002475,0.129651,0.248277
ACAATGATTCTTCTAC-1,0.000063,0.235547,0.000031,0.016034,0.176881,0.280231,0.188927,0.102254,0.000031
ACAATTGTGTCTCTTT-1,0.09202,0.117273,0.120227,0.016718,0.092876,0.29926,0.205662,0.008474,0.04749
ACAATTTAGGAGGCTC-1,0.00009,0.000045,0.000045,0.000045,0.00009,0.000045,0.038677,0.960919,0.000045
ACAATTTGAGCAGTGG-1,0.027522,0.072088,0.022944,0.008038,0.163037,0.383998,0.285526,0.036817,0.000029
ACAATTTGGCCATATT-1,0.007556,0.281958,0.029227,0.025864,0.358355,0.004878,0.096548,0.0522,0.143415
ACACAAAGACGGGTGG-1,0.000055,0.472056,0.051774,0.216169,0.000055,0.005377,0.254459,0.000027,0.000027
ACACAAATATTCCTAG-1,0.091756,0.088404,0.004708,0.035235,0.371481,0.061097,0.256757,0.012852,0.077712
ACACACCAGGACCAGT-1,0.135611,0.0222,0.024896,0.341167,0.047933,0.096174,0.272463,0.024501,0.035055
ACACACTTTCTACACG-1,0.000044,0.201116,0.000022,0.000022,0.144945,0.025168,0.628641,0.000022,0.000022
ACACATGATCAAATCT-1,0.07111,0.025776,0.097887,0.003409,0.060051,0.003119,0.009854,0.238042,0.490752
ACACATTGACGCAACA-1,0.027955,0.31505,0.000039,0.000039,0.000078,0.578955,0.000078,0.077768,0.000039
ACACATTTCCGTAGAC-1,0.115179,0.007221,0.026822,0.000024,0.490684,0.120072,0.058502,0.129585,0.051911
ACACCACATAATTAGC-1,0.013631,0.01206,0.021599,0.376734,0.158277,0.052274,0.305534,0.032234,0.027656
ACACCCAGCATGCAGC-1,0.005285,0.170843,0.062246,0.155172,0.047204,0.018416,0.512567,0.007336,0.02093
ACACCCGAGAAATCCG-1,0.02447,0.024172,0.000008,0.000657,0.166905,0.007125,0.770951,0.005703,0.000008
ACACCCGTAAATCTGT-1,0.023885,0.25145,0.00194,0.007,0.395894,0.231818,0.071042,0.00096,0.01601
ACACCGAGCGCTCTTT-1,0.011365,0.015817,0.001196,0.026776,0.023241,0.580331,0.205076,0.128125,0.008073
ACACCGGTCTGACCGC-1,0.294708,0.00001,0.003005,0.015224,0.002932,0.003414,0.010227,0.055869,0.614611
ACACCTTAAGTAGGGC-1,0.00898,0.048696,0.001701,0.008102,0.112222,0.033775,0.786497,0.000013,0.000013
ACACCTTACTACTTGC-1,0.066754,0.005435,0.004511,0.275286,0.117231,0.023492,0.465663,0.005935,0.035693
ACACGAGACTCCTTCT-1,0.000082,0.360494,0.000878,0.000042,0.067365,0.000041,0.514109,0.000041,0.056949
ACACGGCACTATGCAT-1,0.000079,0.535585,0.00004,0.000065,0.000079,0.273435,0.051702,0.138977,0.00004
ACACGGGAACTTAGGG-1,0.000059,0.118817,0.002555,0.190387,0.161485,0.006891,0.455355,0.047885,0.016566
ACACGTAGGCCACAAG-1,0.132894,0.050982,0.009776,0.000107,0.745053,0.026023,0.035122,0.000022,0.000022
ACACTCCAATGTCACT-1,0.056934,0.28375,0.000051,0.010567,0.02777,0.472675,0.048351,0.099851,0.000051
ACACTGATCAAGGTGT-1,0.208004,0.094889,0.290105,0.046378,0.094816,0.068535,0.048308,0.144429,0.004535
ACACTGGGACAGTCGT-1,0.16474,0.092737,0.05873,0.007629,0.605343,0.008052,0.025385,0.012808,0.024576
ACAGAACTGAGAACAA-1,0.306149,0.010269,0.047635,0.076364,0.000027,0.15806,0.032675,0.039995,0.328827
ACAGATTAGGTTAGTG-1,0.077666,0.188549,0.000026,0.029505,0.038834,0.175794,0.489574,0.000026,0.000026
ACAGCATAGAGCCAGT-1,0.137219,0.005323,0.004357,0.079044,0.056439,0.228345,0.48923,0.000021,0.000021
ACAGCGACATTCTCAT-1,0.044684,0.279749,0.009295,0.004384,0.137003,0.169598,0.001431,0.353808,0.000048
ACAGCGCACCCGCAGC-1,0.046331,0.253284,0.000029,0.003432,0.114143,0.465582,0.100861,0.016308,0.000029
ACAGGAGGCGCAGCCG-1,0.1912,0.110599,0.013474,0.032885,0.1485,0.079123,0.060106,0.286781,0.077331
ACAGGCACGGATCCTT-1,0.02215,0.077376,0.000051,0.062622,0.062266,0.104474,0.049708,0.621302,0.000051
ACAGGCTTGCCCGACT-1,0.232928,0.119475,0.042973,0.167401,0.209349,0.050279,0.056771,0.075095,0.045729
ACAGGTGGAGGTGAGG-1,0.306916,0.062972,0.135208,0.17198,0.00004,0.090487,0.006877,0.099421,0.126099
ACAGGTGTGTTGTTGC-1,0.6822,0.015778,0.004141,0.054022,0.131157,0.097085,0.015593,0.000012,0.000012
ACAGTAATACAACTTG-1,0.14236,0.026599,0.036117,0.152399,0.317821,0.038389,0.286283,0.000015,0.000015
ACAGTATACCGTGGGA-1,0.000127,0.040737,0.1264,0.209408,0.093876,0.046502,0.417851,0.027027,0.038072
ACAGTGCAGCGCATTT-1,0.086561,0.476687,0.001592,0.00586,0.083576,0.100322,0.003962,0.178298,0.063143
ACATAAGTCGTGGTGA-1,0.000054,0.179478,0.021792,0.006614,0.000054,0.011095,0.000054,0.09899,0.68187
ACATAATAAGGCGGTG-1,0.000074,0.367536,0.009079,0.233437,0.052962,0.013736,0.315965,0.007174,0.000037
ACATACAATCAAGCGG-1,0.08974,0.295817,0.000078,0.000078,0.008558,0.000293,0.000155,0.605204,0.000078
ACATCAGCTGGGACGC-1,0.079574,0.084366,0.000041,0.142092,0.102989,0.161511,0.045051,0.384334,0.000041
ACATCCCGGCCATACG-1,0.182508,0.058955,0.178317,0.297964,0.114666,0.005344,0.092308,0.000021,0.069916
ACATCCTGGTAACTGT-1,0.005131,0.076353,0.029699,0.18849,0.097167,0.136027,0.388969,0.032072,0.046092
ACATCGATCGTTTACC-1,0.005294,0.045253,0.116291,0.152047,0.059571,0.012257,0.609248,0.00002,0.00002
ACATCGCAATATTCGG-1,0.033597,0.091137,0.009844,0.049585,0.007479,0.010936,0.000042,0.141446,0.655935
ACATCGGTCAGCCGCG-1,0.085851,0.157528,0.113376,0.207639,0.01016,0.122275,0.30314,0.000016,0.000016
ACATCGTATGCAATGG-1,0.039148,0.011597,0.182829,0.037571,0.062202,0.294868,0.333353,0.036932,0.0015
ACATCGTTAACCTAGT-1,0.000075,0.500265,0.000038,0.008088,0.003004,0.389643,0.08806,0.000038,0.010789
ACATCTCAACGCGTAA-1,0.000039,0.104309,0.000019,0.00002,0.223596,0.241955,0.430023,0.000019,0.000019
ACATGCTTACGGCAGC-1,0.205165,0.000012,0.000012,0.000012,0.000025,0.000012,0.000025,0.000033,0.794703
ACATGGCGCCAAAGTA-1,0.000103,0.164318,0.094888,0.088341,0.012549,0.092054,0.468514,0.050332,0.028901
ACATGGCTCAATTTAG-1,0.000072,0.375475,0.000036,0.000036,0.004558,0.572068,0.026272,0.021446,0.000036
ACATTAGTTTATATCC-1,0.113324,0.003492,0.026038,0.075466,0.44291,0.005576,0.333163,0.000016,0.000016
ACATTCGCGCGGAATA-1,0.00027,0.225308,0.11823,0.000192,0.002301,0.00001,0.000021,0.177109,0.476559
ACATTTGAAACCTAAC-1,0.010519,0.053798,0.000025,0.000025,0.317934,0.010699,0.000051,0.606923,0.000025
ACCAAACACCCAGCGA-1,0.027529,0.068241,0.024276,0.086239,0.072207,0.120408,0.517053,0.083985,0.000062
ACCAAACTAGAAATCC-1,0.000236,0.101391,0.000018,0.000018,0.152584,0.291556,0.452539,0.00164,0.000018
ACCAACACCACACACT-1,0.164424,0.065683,0.001081,0.052748,0.062835,0.326229,0.30628,0.020688,0.000031
ACCAACCGCACTCCAC-1,0.000075,0.091509,0.000037,0.000037,0.038177,0.014032,0.000075,0.85602,0.000037
ACCAACGCTTATTTAT-1,0.396462,0.006334,0.174926,0.048339,0.045357,0.070719,0.09104,0.00288,0.163943
ACCAAGAACGCGTGTC-1,0.090905,0.016517,0.008553,0.077587,0.084605,0.038782,0.654801,0.000011,0.02824
ACCAAGTCATCGGCAG-1,0.131381,0.247131,0.00076,0.000025,0.35939,0.167119,0.002149,0.092018,0.000025
ACCAATATGCAAGTTA-1,0.293282,0.027014,0.024465,0.13273,0.151556,0.123692,0.141302,0.037595,0.068364
ACCACAACTCAGAACA-1,0.079065,0.041931,0.015776,0.041654,0.06434,0.580175,0.176767,0.000275,0.000017
ACCACAAGTTTCTATC-1,0.004201,0.278442,0.019642,0.072411,0.043457,0.024043,0.525669,0.000019,0.032117
ACCACACGGTTGATGG-1,0.182852,0.000162,0.000096,0.007524,0.263726,0.334537,0.14271,0.04766,0.020733
ACCACCAATGTAACAA-1,0.072982,0.007825,0.084327,0.182883,0.158174,0.081123,0.380874,0.031752,0.000059
ACCACCCTCTCTTCTA-1,0.056137,0.019751,0.000058,0.129349,0.269029,0.113849,0.308413,0.078818,0.024596
ACCACGTGCAGCTATA-1,0.124425,0.000029,0.078765,0.119062,0.058249,0.179111,0.396594,0.01256,0.031206
ACCACTGTTCAAGAAG-1,0.000948,0.093615,0.004572,0.045773,0.008823,0.680847,0.058869,0.098324,0.008229
ACCAGACCATAACAAC-1,0.462766,0.000015,0.004653,0.040173,0.026182,0.381645,0.084537,0.000015,0.000015
ACCAGCCCGGTCTTTG-1,0.000086,0.542207,0.000043,0.053256,0.061663,0.185294,0.093547,0.057918,0.005985
ACCAGGAGTGTGATCT-1,0.000098,0.869362,0.000049,0.000049,0.000098,0.044729,0.085517,0.000049,0.000049
ACCAGTGCCCGGTCAA-1,0.271201,0.185176,0.005723,0.01247,0.034721,0.490201,0.000429,0.00004,0.00004
ACCAGTGCGGGAGACG-1,0.083123,0.026456,0.043646,0.269258,0.069719,0.095915,0.278435,0.13339,0.000058
ACCATATCCGCAATAA-1,0.004048,0.112592,0.174664,0.109897,0.017309,0.054409,0.526163,0.000904,0.000014
ACCATCCGCCAACTAG-1,0.132127,0.186789,0.09172,0.178435,0.129255,0.058787,0.192791,0.01068,0.019417
