Barcode,Topic 1,Topic 2to4,Topic 5to10
AAACAAGTATCTCCCA-1,0.143848,0.651864,0.204288
AAACAATCTACTAGCA-1,0.211883,0.192184,0.595933
AAACAGAGCGACTCCT-1,0.512951,0.000924,0.486125
AAACAGTGTTCCTGGG-1,0.875149,0.000055,0.124796
AAACATTTCCCGGATT-1,0.075653,0.149189,0.775158
AAACCCGAACGAAATC-1,0.053629,0.816592,0.129779
AAACCGGAAATGTTAA-1,0.000014,0.666508,0.333478
AAACCGGGTAGGTACC-1,0.109716,0.774639,0.115645
AAACCGTTCGTCCAGG-1,0.158489,0.566993,0.274518
AAACCTAAGCAGCCGG-1,0.161586,0.722948,0.115465
AAACGAGACGGTTGAT-1,0.000679,0.118356,0.880965
AAACGCTGGGCACGAC-1,0.119566,0.579168,0.301266
AAACGGGCGTACGGGT-1,0.030459,0.044913,0.924628
AAACGGTTGCGAACTG-1,0.464236,0.28857,0.247195
AAACTCGGTTCGCAAT-1,0.137435,0.701389,0.161176
AAACTCGTGATATAAG-1,0.09317,0.904776,0.002054
AAACTGCTGGCTCCAA-1,0.022041,0.643242,0.334718
AAAGAATGTGGACTAA-1,0.19439,0.799786,0.005824
AAAGCTTGCCTACATA-1,0.078244,0.847511,0.074245
AAAGGCCCTATAATAC-1,0.447547,0.366319,0.186134
AAAGGCTACGGACCAT-1,0.049768,0.684352,0.26588
AAAGGCTCTCGCGCCG-1,0.256182,0.3547,0.389118
AAAGGGATGTAGCAAG-1,0.065012,0.005968,0.92902
AAAGGGCAGCTTGAAT-1,0.056055,0.465458,0.478487
AAAGTAGCATTGCTCA-1,0.129259,0.7258,0.144942
AAAGTGCCATCAATTA-1,0.173999,0.463801,0.3622
AAAGTGTGATTTATCT-1,0.000004,0.090773,0.909222
AAAGTTGACTCCCGTA-1,0.105013,0.348477,0.54651
AAATAAGGTAGTGCCC-1,0.00001,0.16167,0.83832
AAATACCTATAAGCAT-1,0.028148,0.258449,0.713403
AAATAGCTTAGACTTT-1,0.000011,0.046895,0.953094
AAATAGGGTGCTATTG-1,0.068296,0.094422,0.837283
AAATCCGATACACGCC-1,0.119545,0.035805,0.84465
AAATCGTGTACCACAA-1,0.057553,0.291503,0.650944
AAATCTAGCCCTGCTA-1,0.01372,0.758357,0.227923
AAATGACTGATCAAAC-1,0.964515,0.035361,0.000124
AAATGCTCGTTACGTT-1,0.000019,0.142636,0.857345
AAATGGCATGTCTTGT-1,0.545935,0.000152,0.453913
AAATGGTCAATGTGCC-1,0.003375,0.876897,0.119729
AAATTAACGGGTAGCT-1,0.007182,0.175378,0.81744
AAATTACACGACTCTG-1,0.272295,0.296552,0.431153
AAATTACCTATCGATG-1,0.000015,0.419498,0.580487
AAATTCCAGGTCCAAA-1,0.000046,0.092185,0.907769
AAATTGATAGTCCTTT-1,0.317682,0.154456,0.527862
AAATTGCGGCGGTTCT-1,0.000077,0.992932,0.006991
AAATTTGCGGGTGTGG-1,0.067571,0.662735,0.269693
AACAACTGGTAGTTGC-1,0.000018,0.504653,0.495329
AACAATACATTGTCGA-1,0.405116,0.407106,0.187778
AACAATTACTCTACGC-1,0.105047,0.630331,0.264621
AACACACGCTCGCCGC-1,0.023574,0.617216,0.35921
AACACGACTGTACTGA-1,0.446868,0.000098,0.553034
AACAGCTGTGTGGCAA-1,0.191801,0.139866,0.668333
AACAGGATGGGCCGCG-1,0.060387,0.604044,0.335569
AACAGGTAGTATGGAT-1,0.000012,0.337659,0.662329
AACATAGCGTGTATCG-1,0.846375,0.153307,0.000318
AACATATCAACTGGTG-1,0.000012,0.09495,0.905038
AACATTGAAGTTGATC-1,0.664063,0.306183,0.029754
AACATTGTGACTCGAG-1,0.159832,0.326572,0.513596
AACCATGGGATCGCTA-1,0.001861,0.788403,0.209737
AACCCAGAGACGGAGA-1,0.001318,0.19295,0.805732
AACCCGACAACCCGTG-1,0.368871,0.557466,0.073663
AACCCGAGCAGAATCG-1,0.096789,0.45125,0.451961
AACCCGCTGTATTCCA-1,0.990683,0.009146,0.000171
AACCCTACTGTCAATA-1,0.000012,0.399106,0.600882
AACCCTGGTGGAACCA-1,0.161381,0.048962,0.789657
AACCGAGCTTGGTCAT-1,0.000013,0.0483,0.951687
AACCGCTAAGGGATGC-1,0.001352,0.512777,0.485871
AACCGTTGTGTTTGCT-1,0.749813,0.000114,0.250073
AACCTCGCTTTAGCCC-1,0.156758,0.058043,0.785198
AACCTGTCACGGAATT-1,0.000017,0.492527,0.507456
AACCTTTAAATACGGT-1,0.036136,0.037415,0.926448
AACGACCTCCTAGCCG-1,0.179713,0.799247,0.021041
AACGATAATGCCGTAG-1,0.194795,0.454852,0.350352
AACGATAGAAGGGCCG-1,0.00318,0.865148,0.131672
AACGATATGTCAACTG-1,0.000013,0.19969,0.800297
AACGCGACCTTGGGCG-1,0.432356,0.446155,0.121488
AACGCGGTCTCCAGCC-1,0.000022,0.428677,0.571301
AACGCTGTTGCTGAAA-1,0.003452,0.822937,0.173611
AACGGACGTACGTATA-1,0.071371,0.36895,0.559678
AACGGCCATCTCCGGT-1,0.141964,0.202111,0.655925
AACGTACTGTGGGTAC-1,0.083086,0.558718,0.358196
AACGTAGTCTACCCAT-1,0.203471,0.586915,0.209614
AACGTCAGACTAGTGG-1,0.000015,0.292971,0.707014
AACGTCATCCGGCTTG-1,0.753212,0.245647,0.001141
AACGTCGCTGCACTTC-1,0.881981,0.0657,0.052319
AACGTGCGAAAGTCTC-1,0.079253,0.461818,0.458929
AACGTTCTACCATTGT-1,0.401036,0.026829,0.572135
AACTACCCGTTTGTCA-1,0.247166,0.607483,0.145351
AACTAGCGTATCGCAC-1,0.116526,0.081607,0.801867
AACTAGGCTTGGGTGT-1,0.000019,0.990039,0.009942
AACTCAAGTTAATTGC-1,0.081982,0.642803,0.275215
AACTCCAGAGCGTGTT-1,0.00059,0.627435,0.371975
AACTCCTAATCCCATG-1,0.224176,0.000083,0.775741
AACTCGATGGCGCAGT-1,0.119085,0.869881,0.011035
AACTCTCAATAGAGCG-1,0.035257,0.045948,0.918795
AACTCTCAGTGTGCTC-1,0.111683,0.357692,0.530625
AACTGAGTTATACTGA-1,0.002148,0.253955,0.743897
AACTGATATTAGGCCT-1,0.127187,0.872042,0.000771
AACTGGGTCCCGACGT-1,0.000027,0.513553,0.48642
AACTTGCCCGTATGCA-1,0.067587,0.691732,0.240681
AACTTGCGTTCTCGCG-1,0.007405,0.22654,0.766055
AACTTTAGCTGCTGAG-1,0.201892,0.176221,0.621887
AAGAAGGATCAGTTAG-1,0.000044,0.796016,0.203939
AAGACATACGTGGTTT-1,0.299791,0.464276,0.235932
AAGACCCAACTGAACA-1,0.04597,0.671332,0.282698
AAGACTAACCCGTTGT-1,0.041439,0.958219,0.000342
AAGACTGCAAGCTACT-1,0.089593,0.19818,0.712228
AAGAGATGAATCGGTA-1,0.05753,0.667444,0.275026
AAGAGCTCTTTATCGG-1,0.000013,0.34709,0.652896
AAGAGGATGTACGCGA-1,0.063672,0.79576,0.140569
AAGAGGCATGGATCGC-1,0.129756,0.731613,0.138631
AAGAGGCCCTTTGGAA-1,0.11506,0.072488,0.812452
AAGATGGCACCGGACC-1,0.048731,0.212464,0.738805
AAGATTGGCGGAACGT-1,0.000016,0.417536,0.582448
AAGCACCCTGCGTATC-1,0.344553,0.397388,0.25806
AAGCATACTCTCCTGA-1,0.086433,0.675364,0.238203
AAGCCACTTGCAGGTA-1,0.549606,0.450178,0.000216
AAGCCGAAGCGGTTTA-1,0.016667,0.393686,0.589646
AAGCCGCCGTGAAATC-1,0.447573,0.312633,0.239794
AAGCCGGAGAGCAGGA-1,0.003525,0.24704,0.749435
AAGCGCAGGGCTTTGA-1,0.300226,0.049298,0.650476
AAGCGTCCCTCATCGA-1,0.374349,0.161008,0.464643
AAGCTAGATCGAGTAA-1,0.128854,0.850161,0.020985
AAGCTCGTGCCAAGTC-1,0.082019,0.433693,0.484289
AAGCTCTTTCATGGTG-1,0.263788,0.068191,0.668021
AAGGAGCGGTTGGTGC-1,0.000022,0.532416,0.467562
AAGGATCGATCGCTTG-1,0.000015,0.737043,0.262942
AAGGATGAGGGACCTC-1,0.057737,0.089338,0.852925
AAGGCAGGCTGTCTCC-1,0.051609,0.566153,0.382238
AAGGCGCGTAAAGCTT-1,0.000016,0.216759,0.783225
AAGGCTGTGCTCATCG-1,0.006298,0.64129,0.352413
AAGGGACAGATTCTGT-1,0.003701,0.464673,0.531626
AAGGGACTATGCATTC-1,0.274036,0.461636,0.264327
AAGGGTTAGCCATGCG-1,0.40181,0.59795,0.00024
AAGGTATCCTAATATA-1,0.077281,0.199851,0.722868
AAGGTGATAAACCAGC-1,0.155957,0.151587,0.692456
AAGTAGAAGACCGGGT-1,0.00002,0.283515,0.716465
AAGTAGTGACGCGAGG-1,0.014141,0.693702,0.292157
AAGTCAATTGTCGTCA-1,0.000887,0.082705,0.916408
AAGTGACGACCGAATT-1,0.071124,0.853982,0.074894
AAGTGAGTCGGGTTTA-1,0.120635,0.006994,0.872371
AAGTGCCTTGACTGTA-1,0.00191,0.354737,0.643353
AAGTGCGTTAGAATCT-1,0.175081,0.712966,0.111953
AAGTGCTTCTCTATTG-1,0.261261,0.357279,0.38146
AAGTGTTTGGAGACGG-1,0.000023,0.798219,0.201758
AAGTTCACTCCAAGCT-1,0.050132,0.157877,0.791991
AAGTTCGGCCAACAGG-1,0.080933,0.259977,0.659089
AAGTTGTGATGTTATA-1,0.143803,0.760778,0.095419
AAGTTTACTAATGGCA-1,0.10314,0.117403,0.779457
AAGTTTATGGGCCCAA-1,0.341491,0.376806,0.281703
AATAACAACGCTCGGC-1,0.032798,0.737393,0.229809
AATAACACTAGAACAA-1,0.271522,0.432923,0.295555
AATAACGTCGCGCCCA-1,0.588944,0.0948,0.316257
AATAATCTTCGTATCG-1,0.009639,0.316828,0.673532
AATACCGGAGGGCTGT-1,0.401097,0.261754,0.337149
AATACCTGATGTGAAC-1,0.668929,0.330867,0.000204
AATAGAACAGAGTGGC-1,0.128521,0.674929,0.19655
AATAGAATCTGTTTCA-1,0.003175,0.771344,0.22548
AATAGGCACGACCCTT-1,0.613611,0.385683,0.000705
AATAGTCCGTCCCGAC-1,0.211678,0.578452,0.20987
AATATCAAGGTCGGAT-1,0.571494,0.000198,0.428308
AATATCGAATCAATGC-1,0.000496,0.443456,0.556048
AATATCGAGGGTTCTC-1,0.000013,0.017185,0.982802
AATCAGACTGCAGGAC-1,0.018255,0.981421,0.000324
AATCAGGTTTCATTTA-1,0.136956,0.053316,0.809728
AATCATGTAAAGACTC-1,0.048211,0.475543,0.476246
AATCCAAGGGCCTGAG-1,0.157173,0.842535,0.000293
AATCCATGCAAGGGTG-1,0.319351,0.578067,0.102582
AATCCCGCTCAGAGCC-1,0.773269,0.222507,0.004225
AATCGAGGTCTCAAGG-1,0.999209,0.000264,0.000527
AATCGCCTCAGCGCCA-1,0.040627,0.210289,0.749084
AATCGCGCAGAGGACT-1,0.000011,0.336613,0.663376
AATCGGTATAGCCCTC-1,0.64766,0.127882,0.224458
AATCGTGAGCCGAGCA-1,0.313911,0.114465,0.571624
AATCTATGCCGGAGCC-1,0.00002,0.382212,0.617769
AATCTGCGTTGGGACG-1,0.000014,0.138556,0.86143
AATGACAGCAATGTCT-1,0.167457,0.732293,0.10025
AATGACGTAGGATGTC-1,0.026293,0.467161,0.506546
AATGACTGTCAGCCGG-1,0.000016,0.30113,0.698853
AATGAGTTCGCATATG-1,0.075269,0.225743,0.698988
AATGATGATACGCTAT-1,0.000024,0.330819,0.669157
AATGATGCGACTCCTG-1,0.008674,0.024887,0.966439
AATGCAACCGGGTACC-1,0.028418,0.205544,0.766038
AATGGTTCTCACAAGC-1,0.000016,0.293352,0.706632
AATGTGCCCGAGGTGT-1,0.24972,0.557882,0.192398
AATGTGCTAATCTGAG-1,0.535297,0.367938,0.096765
AATGTTAAGACCCTGA-1,0.993386,0.00636,0.000254
AATGTTGTCGTGAGAC-1,0.109944,0.596998,0.293057
AATTAAAGGTCGGCGT-1,0.325792,0.243486,0.430722
AATTAACGGATTTCCA-1,0.173897,0.053836,0.772267
AATTAGCGCTGCAGCG-1,0.393791,0.13122,0.474989
AATTATACCCAGCAAG-1,0.999796,0.000068,0.000136
AATTCATAAGGGATCT-1,0.001631,0.408795,0.589574
AATTCCAAGCATGTAC-1,0.20579,0.109139,0.685072
AATTCGATTCGAGGAT-1,0.165484,0.234732,0.599784
AATTCTAGAGTTAGGC-1,0.000036,0.76166,0.238304
AATTGAACGCTCTGGT-1,0.136308,0.367287,0.496405
AATTGCAGCAATCGAC-1,0.264718,0.404606,0.330676
AATTGTGGTTGCCAAA-1,0.017679,0.582105,0.400216
AATTTGGGACATAGTA-1,0.311137,0.033246,0.655617
ACAAACTCCATCAGAG-1,0.911854,0.009048,0.079098
ACAAAGCATGACCTAG-1,0.04575,0.205747,0.748503
ACAAATCGCACCGAAT-1,0.049691,0.747444,0.202865
ACAAATGGTAGTGTTT-1,0.000661,0.364561,0.634778
ACAACAGCATGAGCTA-1,0.005063,0.190433,0.804504
ACAACGGTCCCTGCGA-1,0.000024,0.769489,0.230487
ACAAGCAGTGCCTAGC-1,0.053649,0.639587,0.306764
ACAAGGAAATCCGCCC-1,0.045624,0.93144,0.022936
ACAAGGACAAGAGGTT-1,0.017955,0.753751,0.228293
ACAAGGATGCTTTAGG-1,0.119424,0.367478,0.513098
ACAAGGGCAGGCTCTG-1,0.01881,0.773021,0.20817
ACAAGTAATTGTAAGG-1,0.591058,0.299756,0.109186
ACAATCCATTTAAACC-1,0.042187,0.591293,0.36652
ACAATGAATACGGAGA-1,0.325504,0.262053,0.412443
ACAATTGTGTCTCTTT-1,0.07154,0.490824,0.437636
ACAATTTGAGCAGTGG-1,0.025159,0.205803,0.769039
ACAATTTGGCCATATT-1,0.002583,0.791521,0.205896
ACACAAAGACGGGTGG-1,0.008784,0.048682,0.942534
ACACACCAGGACCAGT-1,0.000213,0.100719,0.899067
ACACATTTCCGTAGAC-1,0.652693,0.347017,0.00029
ACACCACATAATTAGC-1,0.000198,0.188269,0.811532
ACACCCAGCATGCAGC-1,0.059837,0.407714,0.532449
ACACCCGAGAAATCCG-1,0.004288,0.47684,0.518872
ACACCTTAAGTAGGGC-1,0.000016,0.165389,0.834595
ACACCTTACTACTTGC-1,0.02398,0.587229,0.388791
ACACGAGACTCCTTCT-1,0.000288,0.759249,0.240464
ACACGGCACTATGCAT-1,0.148596,0.146443,0.704961
ACACGGGAACTTAGGG-1,0.000015,0.181829,0.818156
ACACGTAGGCCACAAG-1,0.000204,0.685948,0.313848
ACACTGATCAAGGTGT-1,0.118801,0.188212,0.692987
ACACTGGGACAGTCGT-1,0.062139,0.645122,0.292739
ACAGAACTGAGAACAA-1,0.063925,0.832907,0.103168
ACAGATTAGGTTAGTG-1,0.294409,0.058634,0.646957
ACAGCGACATTCTCAT-1,0.050311,0.51237,0.437319
ACAGCGCACCCGCAGC-1,0.102487,0.011311,0.886202
ACAGGCACGGATCCTT-1,0.368037,0.382646,0.249317
ACAGGCTTGCCCGACT-1,0.024268,0.000032,0.9757
ACAGGTGGAGGTGAGG-1,0.010146,0.483827,0.506027
ACATAATAAGGCGGTG-1,0.000012,0.049825,0.950164
ACATACAATCAAGCGG-1,0.884955,0.114775,0.000271
ACATCCCGGCCATACG-1,0.092088,0.859569,0.048343
ACATCCTGGTAACTGT-1,0.102879,0.183112,0.714009
ACATCGATCGTTTACC-1,0.003675,0.7827,0.213625
ACATCGCAATATTCGG-1,0.536734,0.462332,0.000933
ACATCGGTCAGCCGCG-1,0.110251,0.639997,0.249752
ACATCGTATGCAATGG-1,0.000021,0.689575,0.310404
ACATCGTTAACCTAGT-1,0.107184,0.035085,0.857731
ACATGGCGCCAAAGTA-1,0.000918,0.195177,0.803905
ACATTAGTTTATATCC-1,0.005503,0.731837,0.26266
ACATTCGCGCGGAATA-1,0.688848,0.197331,0.113821
ACATTTGAAACCTAAC-1,0.586524,0.41328,0.000196
ACCAACCGCACTCCAC-1,0.389108,0.329141,0.281752
ACCAACGCTTATTTAT-1,0.266467,0.007057,0.726476
ACCAAGAACGCGTGTC-1,0.036335,0.000788,0.962877
ACCAAGTCATCGGCAG-1,0.132323,0.12696,0.740718
ACCAATATGCAAGTTA-1,0.00543,0.356018,0.638552
ACCACAAGTTTCTATC-1,0.000012,0.110048,0.88994
ACCACACGGTTGATGG-1,0.882427,0.11742,0.000153
ACCACCAATGTAACAA-1,0.021506,0.439037,0.539457
ACCACGTGCAGCTATA-1,0.000433,0.952184,0.047384
ACCAGTGCGGGAGACG-1,0.030416,0.33833,0.631254
ACCATATCCGCAATAA-1,0.006836,0.632182,0.360982
ACCATCGTATATGGTA-1,0.043207,0.344566,0.612227
ACCCAACGCCCGTGGC-1,0.000007,0.000439,0.999555
ACCCACCTACATGCTC-1,0.150091,0.378029,0.47188
ACCCATCTTGAGGGTA-1,0.007348,0.448317,0.544335
ACCCATTTGTCCCTCT-1,0.133822,0.124647,0.741531
ACCCGAGCGAAATTAC-1,0.125894,0.643775,0.23033
ACCCGATTGGTTCCGA-1,0.393011,0.574424,0.032565
ACCCGGAAACTCCCAG-1,0.025366,0.378422,0.596212
ACCCGGAGCACCACAA-1,0.038818,0.628874,0.332308
ACCCGGATGACGCATC-1,0.000018,0.635413,0.364569
ACCCGGTTACACTTCC-1,0.106899,0.382881,0.51022
ACCCGTAGTCTAGTTG-1,0.392931,0.524882,0.082188
ACCCGTGTCATCAGTA-1,0.152957,0.591339,0.255704
ACCCTATAGGACTGAG-1,0.005251,0.994358,0.000391
ACCCTATGCCATATCG-1,0.329702,0.099075,0.571223
ACCCTCCCGTCAGGGC-1,0.693461,0.220058,0.08648
ACCCTCCCTTGCTATT-1,0.065152,0.778635,0.156213
ACCCTTCATCTGCGAA-1,0.744217,0.021159,0.234624
ACCGACACATCTCCCA-1,0.159053,0.311134,0.529813
ACCGACTGAGTCCCAC-1,0.01344,0.499328,0.487232
ACCGAGTCTCCTTATT-1,0.359888,0.013427,0.626685
ACCGATAGGCATAACC-1,0.063765,0.325481,0.610753
ACCGATATTTAATCAT-1,0.126901,0.5507,0.322399
ACCGATGGTAGCATCG-1,0.000016,0.442502,0.557482
ACCGCAATAACTGCCT-1,0.02424,0.1276,0.84816
ACCGCGGTGGAAGTCG-1,0.040967,0.192734,0.766299
ACCGCTAGTCATTGGT-1,0.654651,0.000067,0.345282
ACCGGGCCTTTGTTGA-1,0.031272,0.54588,0.422847
ACCGTGACCACGTGGG-1,0.289472,0.147295,0.563233
ACCTAAGTACCTTTCA-1,0.22046,0.548184,0.231356
ACCTAATCGACTTCCT-1,0.050966,0.575672,0.373362
ACCTACAGTATGTGGT-1,0.000021,0.605857,0.394122
ACCTACTATAAATCTA-1,0.08883,0.000027,0.911143
ACCTCAGCGAGGCGCA-1,0.770701,0.106696,0.122603
ACCTCCGCCCTCGCTG-1,0.022505,0.06574,0.911755
ACCTCCGTTATTCACC-1,0.000021,0.32624,0.673739
ACGACCCATGAGTTGC-1,0.000045,0.902113,0.097843
ACGACTCTAGGGCCGA-1,0.516847,0.047376,0.435777
ACGACTGGTCATACTC-1,0.191817,0.56486,0.243323
ACGAGAACCCATCACG-1,0.415679,0.016331,0.56799
ACGAGTACGGATGCCC-1,0.00001,0.00135,0.99864
ACGATACATAGAACTA-1,0.00001,0.010769,0.989221
ACGATCATACATAGAG-1,0.059787,0.018563,0.921651
ACGATCATCTTGTAAA-1,0.016281,0.129487,0.854232
ACGATGCATATGTTAT-1,0.00171,0.461009,0.537281
ACGCAAACTAATAGAT-1,0.134931,0.704449,0.16062
ACGCAATCACTACAGC-1,0.000025,0.402231,0.597743
ACGCATACGTTTACTA-1,0.071881,0.624797,0.303322
ACGCATTCGTGAGTAC-1,0.000012,0.10726,0.892728
ACGCCACTCGAAACAG-1,0.857504,0.142275,0.000221
ACGCCAGATGATTTCT-1,0.000045,0.955109,0.044847
ACGCCAGTGCGTTTGC-1,0.313489,0.671091,0.01542
ACGCCGCTAGACGACC-1,0.027642,0.673251,0.299107
ACGCGAAGTCAGACGA-1,0.087728,0.867882,0.04439
ACGCGCTACACAGGGT-1,0.069228,0.78386,0.146912
ACGCGGGCCAAGGACA-1,0.025131,0.496549,0.47832
ACGCTACTGAATGGGC-1,0.563043,0.103374,0.333583
ACGCTAGTGATACACT-1,0.007133,0.178276,0.814591
ACGGAACACGAGTGCC-1,0.594456,0.405318,0.000226
ACGGAATTTAGCAAAT-1,0.000019,0.210024,0.789957
ACGGACTCTCAAAGCG-1,0.055791,0.314733,0.629477
ACGGATGGTGCGGATA-1,0.010039,0.519689,0.470272
ACGGCACTTGCTTGGG-1,0.002303,0.24164,0.756057
ACGGCCAACATGGACT-1,0.212916,0.685584,0.101499
ACGGCGACGATGGGAA-1,0.104522,0.684631,0.210847
ACGGGAGTGTCGGCCC-1,0.111665,0.815339,0.072996
ACGGTACAGTTCAATG-1,0.7587,0.241128,0.000172
ACGTACTTTGGCACGG-1,0.427197,0.556564,0.016239
ACGTAGATTGCTGATG-1,0.086069,0.552905,0.361026
ACGTAGGAGAGTCGCT-1,0.297667,0.066673,0.63566
ACGTATTACTCCGATC-1,0.019983,0.404392,0.575624
ACGTGCGCCTCGTGCA-1,0.000028,0.773408,0.226564
ACGTTAATGTCGAAGA-1,0.000013,0.233974,0.766013
ACGTTAGATTTGCCCG-1,0.001483,0.896435,0.102082
ACGTTCACTATGCCGC-1,0.788849,0.205485,0.005666
ACGTTCGCAATCAATT-1,0.00001,0.005012,0.994978
ACGTTCGTTCAGGAAA-1,0.112044,0.57153,0.316426
ACGTTCTGTACAAGTC-1,0.441492,0.481985,0.076523
ACGTTGTCGTTGAAAG-1,0.997481,0.000096,0.002423
ACGTTTCGGTGCACTT-1,0.230721,0.767783,0.001496
ACTACAAAGAGAGGTG-1,0.730947,0.262151,0.006902
ACTACCAGCTCTCTGG-1,0.000019,0.11424,0.885741
ACTACCATCCGAGGGC-1,0.598814,0.400993,0.000192
ACTACGCGTTAGAATT-1,0.13678,0.189282,0.673938
ACTAGTTGCGATCGTC-1,0.000018,0.407928,0.592054
ACTATCCAGGGCATGG-1,0.000017,0.385314,0.614669
ACTATCTGCCCGCGTA-1,0.016166,0.753753,0.230081
ACTATGTCCAGCTGCC-1,0.308912,0.462031,0.229057
ACTATTTCCGGGCCCA-1,0.175326,0.515385,0.309289
ACTCAAGTGCAAGGCT-1,0.154774,0.255749,0.589478
ACTCAATAAAGGCACG-1,0.00001,0.009288,0.990702
ACTCAGACCTGCTTCT-1,0.3867,0.073953,0.539347
ACTCCAATATCATCAT-1,0.367031,0.304166,0.328803
ACTCCCGAATTCGTTT-1,0.010027,0.078264,0.911709
ACTCCCTAATGCTAAA-1,0.078025,0.648687,0.273288
ACTCCCTAGAATAGTA-1,0.06235,0.649528,0.288122
ACTCCGGCCGACCACT-1,0.331385,0.585027,0.083588
ACTCGCCGTTCGATAA-1,0.09603,0.076396,0.827574
ACTCGCGATCTGACGC-1,0.000008,0.720718,0.279274
ACTCGTCAGTAATCCC-1,0.010459,0.050318,0.939223
ACTCTCTGACTTAGGT-1,0.028719,0.566454,0.404827
ACTCTGACCTAATAGA-1,0.605389,0.037851,0.35676
ACTCTTCAGCTCCCGC-1,0.049899,0.093933,0.856168
ACTCTTGTATAGTAAC-1,0.041512,0.510024,0.448465
ACTGAAACGCCGTTAG-1,0.192881,0.300988,0.50613
ACTGAATGGCGAAAGT-1,0.082935,0.790673,0.126393
ACTGCCCGCCATTCTC-1,0.488075,0.39152,0.120405
ACTGCCGTCGTAACTC-1,0.000047,0.825533,0.17442
ACTGCGGACACACCGT-1,0.000011,0.073425,0.926564
ACTGGGATGCCAGTGC-1,0.706875,0.292923,0.000202
ACTGTACGATACACAT-1,0.000023,0.539181,0.460796
ACTGTAGCACTTTGGA-1,0.00003,0.878593,0.121377
ACTGTATACGCGAGCA-1,0.140385,0.477941,0.381673
ACTGTCCAGGATTATA-1,0.012395,0.352427,0.635178
ACTGTCTTCTTTAGAA-1,0.012878,0.296615,0.690508
ACTGTGCTAGTAGATC-1,0.000059,0.999585,0.000356
ACTTACGCATCCACGC-1,0.049465,0.333159,0.617376
ACTTAGTACGACAAGA-1,0.000025,0.919173,0.080801
ACTTATACTTACCCGG-1,0.009151,0.466426,0.524423
ACTTATTAGGATCGGT-1,0.000032,0.95486,0.045108
ACTTATTTATGTGCCA-1,0.005791,0.253106,0.741103
ACTTCAGGCTGATCCC-1,0.034626,0.859793,0.105581
ACTTCCATGCGGGACA-1,0.004446,0.282935,0.712619
ACTTCGCCATACGCAC-1,0.000018,0.345388,0.654594
ACTTCGCTAGCGAGTG-1,0.00001,0.000029,0.999961
ACTTGACTCCCTCTTT-1,0.010378,0.23287,0.756752
ACTTGGGACCCGGTGG-1,0.000023,0.745941,0.254036
ACTTGGGCTTTCGCCA-1,0.853075,0.14516,0.001765
ACTTGTGGATGGAACG-1,0.046908,0.225351,0.72774
ACTTGTTACCGGATCA-1,0.672316,0.327401,0.000283
ACTTTACCCTCATGAA-1,0.007411,0.514838,0.477751
ACTTTCCTATAGCTTC-1,0.000014,0.198068,0.801918
ACTTTGTCGACGCACT-1,0.034488,0.536151,0.42936
AGAAATTATGACTCGC-1,0.000006,0.078756,0.921238
AGAACCCAGCGTGACA-1,0.000006,0.561459,0.438536
AGAACGTGGTACATTC-1,0.012886,0.17431,0.812805
AGAACTGTACTTTGTA-1,0.849095,0.146286,0.004619
AGAAGAGCGCCGTTCC-1,0.132772,0.512934,0.354295
AGAAGGTTGCCGAATT-1,0.08575,0.122708,0.791542
AGAAGGTTGTAGGTCG-1,0.061685,0.087948,0.850367
AGAAGTGATTCGTGAT-1,0.112095,0.869225,0.01868
AGAATACAGGCTATCC-1,0.966695,0.033146,0.000158
AGAATTATGGATTCGA-1,0.000012,0.265912,0.734076
AGAATTGTTTGACATA-1,0.03155,0.29508,0.67337
AGACAGGCATCTCAGC-1,0.000007,0.052126,0.947866
AGACATAGATCCTTCC-1,0.421917,0.040695,0.537389
AGACCATGGGATACAA-1,0.008961,0.526624,0.464416
AGACCCACCGCTGATC-1,0.009729,0.904969,0.085302
AGACCCGCCCTCCTCG-1,0.01478,0.024073,0.961147
AGACCGCTCCGCGGTT-1,0.020188,0.828896,0.150916
AGACGAAGTGCCGGTC-1,0.023342,0.287943,0.688715
AGACGACGATGCCGCT-1,0.181203,0.732824,0.085973
AGACGCCCACTTCGCC-1,0.010314,0.249681,0.740006
AGACTAGCCTTCCAGA-1,0.016305,0.265944,0.717751
AGACTGTTACCGGGTC-1,0.256108,0.573869,0.170023
AGAGAAACACCAGAAA-1,0.320016,0.546248,0.133736
AGAGAACCGTCTAGGA-1,0.00001,0.280474,0.719516
AGAGAAGGAGTACAAT-1,0.38192,0.353394,0.264686
AGAGCCGCCGAGATTT-1,0.082715,0.460329,0.456955
AGAGCGGGCTAATCAT-1,0.008486,0.984016,0.007498
AGAGCGTACAAGCTCG-1,0.041912,0.418858,0.539231
AGAGGCTTCGGAAACC-1,0.002033,0.376506,0.621461
AGAGTAAACTTCACTA-1,0.030356,0.355923,0.613721
AGAGTATAGTGTTACG-1,0.010471,0.459606,0.529923
AGAGTCTTAATGAAAG-1,0.658671,0.287381,0.053948
AGATAACTTCAGGGCC-1,0.009818,0.603284,0.386899
AGATACCAATAGAACC-1,0.032298,0.389659,0.578043
AGATACCGGTGTTCAC-1,0.022338,0.769802,0.20786
AGATACGACTTCATAT-1,0.000043,0.592265,0.407692
AGATACTCAAGATCGA-1,0.044225,0.606993,0.348782
AGATATAATACGACTA-1,0.022387,0.289812,0.687801
AGATCGTGCATAAGAT-1,0.072614,0.899022,0.028364
AGATCTCAGGTGTGAT-1,0.000015,0.432457,0.567528
AGATGACTCGCCCACG-1,0.0069,0.341422,0.651678
AGATGATGGAGTCTGG-1,0.000018,0.299898,0.700084
AGATGCAAGACGTGCA-1,0.132811,0.754088,0.113101
AGATTATAGGACGTTT-1,0.000017,0.587009,0.412974
AGCAAAGGCCGCTAGT-1,0.145327,0.049449,0.805225
AGCAACATATCTTATT-1,0.230688,0.338132,0.43118
AGCACACGTTTAGACT-1,0.438322,0.481099,0.08058
AGCACCAGTACTCACG-1,0.009192,0.477063,0.513745
AGCACTACCTCACCAG-1,0.101387,0.073118,0.825496
AGCACTTAAGGACGCC-1,0.01699,0.403609,0.579401
AGCAGAAGGAGAAAGA-1,0.301609,0.40139,0.297001
AGCAGCCAGATGAATA-1,0.000018,0.675892,0.32409
AGCAGTCGAAGCATGC-1,0.991964,0.000089,0.007947
AGCATATCAATATGCT-1,0.106497,0.867108,0.026395
AGCATCGTCGATAATT-1,0.000024,0.181862,0.818114
AGCATTACGAGGCAAG-1,0.157226,0.783424,0.05935
AGCCAAGCTTTGTGTC-1,0.099284,0.377496,0.52322
AGCCACAGGTTACCCG-1,0.373038,0.000411,0.626551
AGCCACTCCCGTGCTT-1,0.000025,0.300806,0.69917
AGCCATATAGTATGTG-1,0.686307,0.034968,0.278725
AGCCCATACATGTAAG-1,0.029775,0.781815,0.188411
AGCCCGCAACAAGCAG-1,0.369196,0.223925,0.406878
AGCCCGCACTACAATG-1,0.377592,0.622257,0.000151
AGCCCGGCATTAGAGG-1,0.498096,0.027544,0.47436
AGCCCGGTAGCCTGTA-1,0.108341,0.788734,0.102925
AGCCCTAAGCGAAGTT-1,0.003562,0.996139,0.000299
AGCCCTCCCTGGTGGC-1,0.319863,0.598412,0.081724
AGCCCTGTCGCACCGT-1,0.001363,0.845106,0.15353
AGCCCTTCTAATCCGA-1,0.873232,0.000191,0.126577
AGCCCTTGGACATCCC-1,0.02338,0.352356,0.624265
AGCGACAGGAACGGTC-1,0.018584,0.530621,0.450795
AGCGACATCCCATTCA-1,0.000035,0.78898,0.210985
AGCGACCAACGATATT-1,0.000025,0.442353,0.557622
AGCGACTTTGAAGACA-1,0.691442,0.307824,0.000734
AGCGAGACGTGAAGGC-1,0.734896,0.250808,0.014296
AGCGATGCGCCTAATA-1,0.156569,0.017975,0.825456
AGCGCATAATGAATCG-1,0.401252,0.415474,0.183274
AGCGCGGGTGCCAATG-1,0.156859,0.240841,0.6023
AGCGCTAGAGCGATGT-1,0.121904,0.539355,0.338741
AGCGGACACTTCGTAG-1,0.306361,0.326039,0.3676
AGCGGGAAGGGTCCAT-1,0.000035,0.86635,0.133614
AGCGGGTCTGACACTC-1,0.265378,0.114914,0.619709
AGCGTGGTATTCTACT-1,0.022133,0.538004,0.439863
AGCTAACAAGCAATGT-1,0.644829,0.000582,0.354589
AGCTAAGCTCCGTCCG-1,0.751139,0.248545,0.000315
AGCTAAGTACGCAGGC-1,0.011913,0.039393,0.948694
AGCTACGAATGGTGGT-1,0.613525,0.386098,0.000377
AGCTAGAAGCAGAAGT-1,0.025676,0.833035,0.14129
AGCTATTTAATCCAAC-1,0.060714,0.889084,0.050202
AGCTCCATATATGTTC-1,0.060763,0.073979,0.865259
AGCTCCTTCGCACATC-1,0.040776,0.216202,0.743022
AGCTCTAGACGTTCCA-1,0.000021,0.872753,0.127226
AGCTCTTCGTAACCTT-1,0.000021,0.405983,0.593996
AGCTCTTTACTCAGTT-1,0.123444,0.771305,0.10525
AGCTGAAGTAAACCAA-1,0.041321,0.15888,0.799799
AGCTGTAACCTCAATC-1,0.224338,0.594328,0.181335
AGCTTATAGAGACCTG-1,0.567896,0.000145,0.431959
AGCTTCTTCTCGAGCA-1,0.649235,0.06746,0.283305
AGGAACGAACGACTTC-1,0.019053,0.17265,0.808298
AGGAAGCTGTCCGCCG-1,0.100607,0.003601,0.895793
AGGACAGTCGAATCCC-1,0.025095,0.029199,0.945706
AGGACATCGCACGTCG-1,0.000025,0.139635,0.860339
AGGACATCGGCACACT-1,0.234048,0.496012,0.26994
AGGACGACCCATTAGA-1,0.097874,0.839312,0.062814
AGGAGAGTCTGGCTAC-1,0.103284,0.270415,0.626301
AGGAGCGTTTATTATC-1,0.638219,0.360921,0.00086
AGGAGGCCTTCGCGCG-1,0.033195,0.84059,0.126215
AGGATAAAGTCGGGAT-1,0.00001,0.163168,0.836822
AGGATATAGGGATTTA-1,0.021935,0.334926,0.64314
AGGATATCCGACTGCA-1,0.681846,0.175492,0.142663
AGGATTGCTTACGACA-1,0.00001,0.000692,0.999299
AGGCAAAGAGGAATCA-1,0.149171,0.128599,0.72223
AGGCACGTGACTGTCC-1,0.012383,0.463649,0.523968
AGGCAGATGCGTAAAC-1,0.000011,0.082261,0.917728
AGGCAGGGAGCGTACT-1,0.003838,0.755431,0.24073
AGGCATTGTCGTAGGG-1,0.007213,0.580057,0.41273
AGGCCACATTGGTTAC-1,0.001791,0.487043,0.511166
AGGCCACCCGTTATGA-1,0.00094,0.607655,0.391405
AGGCCCAGTGACTGGT-1,0.050407,0.407275,0.542318
AGGCCCATTGTACAGG-1,0.100944,0.898676,0.00038
AGGCCCTAGAACGCCA-1,0.103285,0.896234,0.000481
AGGCCTATCATACCAA-1,0.595109,0.354432,0.050459
AGGCCTGAGAATCTCG-1,0.095777,0.063213,0.84101
AGGCGATAACTGGCGT-1,0.00758,0.733356,0.259064
AGGCTATGGTTAGCTT-1,0.013803,0.658169,0.328029
AGGCTTAAGTTGCACA-1,0.817279,0.127107,0.055614
AGGCTTCCCGAAGAAG-1,0.021429,0.73291,0.245661
AGGGAAACGAGGTACT-1,0.522956,0.071114,0.40593
AGGGACAGCACGGCGG-1,0.124089,0.105499,0.770412
AGGGACCGGCTGCGTT-1,0.008927,0.318201,0.672872
AGGGACTCTACGCGAC-1,0.172479,0.435731,0.39179
AGGGAGACATACTTCG-1,0.000014,0.017438,0.982548
AGGGCAGCGGCGTGGT-1,0.164736,0.183481,0.651783
AGGGCCCTAATGTTCT-1,0.028202,0.703228,0.26857
AGGGCGTGATCGGCTA-1,0.000024,0.404098,0.595878
AGGGCTGCAGTTACAG-1,0.00001,0.21906,0.78093
AGGGTCAGAGCACTCG-1,0.369276,0.612741,0.017983
AGGGTCGATGCGAACT-1,0.00001,0.122297,0.877693
AGGGTCTGGACGCAGT-1,0.340113,0.656446,0.003441
AGGGTGCCGTTCTTTA-1,0.212282,0.747114,0.040604
AGGGTGCTCTCGAGGG-1,0.000013,0.712022,0.287964
AGGGTTCAGACGGTCC-1,0.593182,0.021336,0.385482
AGGGTTCCCTTTGGTT-1,0.000017,0.173694,0.826289
AGGGTTTAGTTCGGGA-1,0.019856,0.603355,0.376789
AGGTAACCTCCTATTC-1,0.000073,0.991417,0.00851
AGGTAGATCGAGATAT-1,0.09893,0.00796,0.893109
AGGTAGGTACAAAGCT-1,0.039156,0.625183,0.33566
AGGTATAATTGATAGT-1,0.053004,0.547492,0.399504
AGGTATGCGGACATTA-1,0.000012,0.081555,0.918433
AGGTCGCCACTTCGGT-1,0.011044,0.328548,0.660408
AGGTCGCCTCCCAACA-1,0.020713,0.509065,0.470222
AGGTCGCGGAGTTACT-1,0.000015,0.009745,0.990239
AGGTGCACGTCCACAT-1,0.612197,0.330258,0.057545
AGGTGGTGACCTTCGC-1,0.132381,0.000044,0.867576
AGGTGTTGCCGACCAC-1,0.103571,0.494116,0.402313
AGGTTACACCATGCCG-1,0.000017,0.663753,0.33623
AGGTTGAGGCACGCTT-1,0.000013,0.173851,0.826137
AGGTTTCACACACCTT-1,0.007126,0.392228,0.600645
AGTAACTATAGCAGCC-1,0.240499,0.733455,0.026045
AGTAAGGGACAGAATC-1,0.960518,0.000125,0.039357
AGTAATCTAAGGGTGG-1,0.905523,0.094187,0.000291
AGTAATGTCTTGCCGC-1,0.221464,0.638874,0.139662
AGTACAGAAGCTTATA-1,0.703576,0.000052,0.296372
AGTACATCATTTATCA-1,0.00001,0.000031,0.999959
AGTACGGGCACCTGGC-1,0.012318,0.260322,0.72736
AGTACTCTTATGCCCA-1,0.005845,0.468634,0.525521
AGTAGAAGGCGCCTCA-1,0.46988,0.52994,0.00018
AGTAGGAAGGAAGTTG-1,0.820611,0.000079,0.17931
AGTAGGTAACATACAT-1,0.077233,0.826616,0.096152
AGTATAATACTAGGCA-1,0.000142,0.331307,0.668551
AGTATACACAGCGACA-1,0.126381,0.023408,0.850211
AGTATCCATAATAACG-1,0.000045,0.757956,0.241998
AGTATGCTGGAGACCA-1,0.238731,0.606713,0.154555
AGTATTTGGCACGACC-1,0.12327,0.356443,0.520287
AGTCAAATGATGTGAT-1,0.232952,0.709908,0.05714
AGTCAACACCACCATC-1,0.242831,0.516397,0.240772
AGTCAAGATGACACTT-1,0.004447,0.570634,0.424919
AGTCACTAGCTCTCGA-1,0.016646,0.479178,0.504176
AGTCAGCCACCGCCTG-1,0.00051,0.197103,0.802387
AGTCCATTGGCTGATG-1,0.044711,0.233969,0.72132
AGTCGAATTAGCGTAA-1,0.336623,0.66315,0.000228
AGTCGACGGTCTCAAG-1,0.003043,0.270289,0.726668
AGTCGGCCCAAACGAC-1,0.018489,0.164473,0.817037
AGTCGGTTGCGTGAGA-1,0.000018,0.867289,0.132693
AGTCGTATAAAGCAGA-1,0.120215,0.006909,0.872876
AGTCGTCGACCACCAA-1,0.047831,0.709092,0.243077
AGTCGTGGGCATTACG-1,0.15411,0.64059,0.2053
AGTCTAAAGTATACTC-1,0.000013,0.22858,0.771407
AGTCTCACAAGACTAC-1,0.343189,0.265225,0.391586
AGTCTTCTCCTCAAAT-1,0.000015,0.039596,0.960389
AGTCTTTAAAGTGTCC-1,0.123742,0.842173,0.034085
AGTGAACAAACTTCTC-1,0.07138,0.32286,0.60576
AGTGACCTACTTTACG-1,0.000023,0.490501,0.509476
AGTGACTGTGACACAA-1,0.367075,0.433333,0.199592
AGTGAGACTTCCAGTA-1,0.053585,0.107755,0.83866
AGTGAGCCTCGCCGCC-1,0.000014,0.161795,0.838191
AGTGAGTCGAATTAAC-1,0.084743,0.431129,0.484128
AGTGATAACCTGCGCG-1,0.09876,0.438843,0.462396
AGTGATATGAGTAGTT-1,0.023848,0.851862,0.12429
AGTGATTCAAGCAGGA-1,0.005413,0.464857,0.52973
AGTGCACGCTTAAGAA-1,0.016754,0.690596,0.29265
AGTGCGTAGCTCGTAA-1,0.098128,0.588247,0.313624
AGTGCTAAACACAGCA-1,0.010119,0.129732,0.860149
AGTGCTTGCACGAATA-1,0.012958,0.345841,0.641201
AGTGGCCCGCAAATGG-1,0.86343,0.135277,0.001293
AGTGGCGGCAATTTGA-1,0.000015,0.31942,0.680566
AGTGGCGTCTGAAGGT-1,0.022338,0.743393,0.234269
AGTGTATTGCGCATTG-1,0.43995,0.00781,0.552239
AGTTAAACACTTGCGA-1,0.094415,0.224585,0.680999
AGTTAAGCGGTCCCGG-1,0.074847,0.743119,0.182034
AGTTAAGTCAACCGCT-1,0.09495,0.880677,0.024373
AGTTACTCTATCGTGG-1,0.385588,0.241612,0.3728
AGTTATTCAGACTGTG-1,0.713057,0.286744,0.000199
AGTTCCTACAGAATTA-1,0.049723,0.598886,0.351391
AGTTCCTATTTATGTT-1,0.010785,0.190729,0.798486
AGTTCTGCGTTGTATC-1,0.069571,0.629767,0.300662
AGTTGACGGTCCTTGC-1,0.271089,0.001453,0.727458
AGTTGGCAAGGCTAGA-1,0.045006,0.049232,0.905762
AGTTTGCACCTGCCTC-1,0.217966,0.125536,0.656498
AGTTTGGCACGGGTTG-1,0.01818,0.083806,0.898014
AGTTTGGCCAGACCTA-1,0.175543,0.731943,0.092513
ATAAACCATTGGACGG-1,0.118731,0.142994,0.738275
ATAAACGGACCCGTAA-1,0.004195,0.223665,0.77214
ATAAACGTTGCACCAC-1,0.259387,0.379832,0.360781
ATAAAGGCTCGGTCGT-1,0.000017,0.872815,0.127169
ATAAATATTAGCAGCT-1,0.078725,0.800312,0.120963
ATAACGCCGGAGGGTC-1,0.000441,0.135187,0.864373
ATAACGGAGTCCAACG-1,0.000063,0.214419,0.785518
ATAAGGTGGAGAACAT-1,0.028091,0.755678,0.216231
ATAAGTAGGATTCAGA-1,0.000016,0.009929,0.990056
ATAAGTAGGGCGACTC-1,0.000309,0.635563,0.364128
ATAAGTTACCGCGACG-1,0.108896,0.800454,0.09065
ATAATAGCTGTTGAAT-1,0.12333,0.076006,0.800664
ATAATAGTGTAGGGAC-1,0.00002,0.254874,0.745106
ATAATCTTGGAGAACC-1,0.282612,0.212613,0.504775
ATAATTAGCTAAGTAG-1,0.043826,0.34169,0.614483
ATACAGGCCCTCCAAT-1,0.153228,0.006101,0.840671
ATACCACGGGCAACTT-1,0.098358,0.653216,0.248427
ATACCTAACCAAGAAA-1,0.086707,0.09734,0.815953
ATACGAAGGCTTTCCA-1,0.000015,0.15803,0.841955
ATACGAGGTTTGTAAG-1,0.708583,0.291204,0.000213
ATACGCCGGCGAAACC-1,0.047445,0.228101,0.724454
ATACGGGTTTCGATTG-1,0.000022,0.219795,0.780183
ATACGTACTTAGCCAC-1,0.000026,0.931441,0.068533
ATACGTCCACTCCTGT-1,0.058082,0.05078,0.891137
ATACGTTATGCACGGA-1,0.214864,0.335461,0.449674
ATACTACCCGTACCAC-1,0.06643,0.777531,0.156039
ATACTAGCATGACCCT-1,0.000048,0.428103,0.571849
ATACTGCCTTACACCG-1,0.299731,0.124362,0.575907
ATAGACAACGGGACCT-1,0.000015,0.612373,0.387612
ATAGACGAAGAGAAAG-1,0.000012,0.69625,0.303738
ATAGAGTACTGGGACA-1,0.002083,0.204733,0.793184
ATAGAGTTATCAACTT-1,0.001328,0.13117,0.867502
ATAGCAACTAGGGAAG-1,0.048153,0.413882,0.537966
ATAGCCATAACAGTCA-1,0.694483,0.283749,0.021768
ATAGGCGGCTATAGAA-1,0.09615,0.709972,0.193877
ATAGGCTAGCTTCGCA-1,0.000014,0.011754,0.988233
ATAGGGATATCCTTGA-1,0.00001,0.013583,0.986407
ATAGGTTGGGCAGATG-1,0.022662,0.254294,0.723044
ATAGTCTTTGACGTGC-1,0.133322,0.024871,0.841807
ATAGTGAAGCGTTCTC-1,0.000022,0.532087,0.467891
ATAGTTCCACCCACTC-1,0.017162,0.293548,0.68929
ATATAAAGCGCTCGTG-1,0.001938,0.697335,0.300727
ATATAAATGTAGCTGC-1,0.042411,0.772867,0.184723
ATATAACACGGGCGCA-1,0.082873,0.054843,0.862284
ATATACGCTCGTGACG-1,0.081945,0.793905,0.12415
ATATCAACCTACAGAG-1,0.000013,0.324685,0.675302
ATATCGGTAGGGAGAT-1,0.000009,0.082309,0.917682
ATATCGTTCCTCGAAC-1,0.080449,0.135801,0.78375
ATATCTCCCTCGTTAA-1,0.000036,0.973735,0.026228
ATATCTTAGGGCCTTC-1,0.087565,0.400015,0.512419
ATATGGGATAGCAACT-1,0.331194,0.630733,0.038074
ATATGTCTAGAGCGTG-1,0.843633,0.156142,0.000225
ATATGTCTCCCTAGCC-1,0.016756,0.480686,0.502557
ATATTCAGTTAAACCT-1,0.071144,0.79688,0.131975
ATATTCCACATAGTGA-1,0.000022,0.546502,0.453476
ATATTGCTGTCAAAGT-1,0.000012,0.009239,0.990749
ATATTGGAGAGGCCTT-1,0.057994,0.338434,0.603571
ATATTTAACCCTCAAG-1,0.006775,0.437878,0.555347
ATCAAACACTGTTCCA-1,0.05098,0.392545,0.556475
ATCAAACGAAGGTTTG-1,0.161511,0.608114,0.230375
ATCAAAGAGCCGTGGT-1,0.91711,0.082646,0.000244
ATCAAGATCCCAGGAC-1,0.681377,0.256238,0.062385
ATCAATCTGGGCTGCA-1,0.076006,0.328273,0.595722
ATCACATTAGAATATC-1,0.000017,0.316446,0.683537
ATCACGTGCTAATTAA-1,0.121341,0.538434,0.340225
ATCACTTCATCCTCGC-1,0.014771,0.07486,0.910368
ATCAGACGGCACGCCG-1,0.112266,0.670447,0.217287
ATCAGCCTCATGCTGC-1,0.14808,0.419889,0.432032
ATCAGGTAGCTGACAG-1,0.007992,0.05567,0.936338
ATCAGTAGGCAGGGAT-1,0.000014,0.048076,0.95191
ATCATAGATCGACGAG-1,0.823461,0.176277,0.000263
ATCATAGCCCTATGTA-1,0.087181,0.661615,0.251205
ATCATCCAATATTTGT-1,0.008415,0.338166,0.653419
ATCATGGACTACCGAC-1,0.004627,0.361681,0.633693
ATCCAACGCAGTCATA-1,0.000018,0.457242,0.542741
ATCCAATGGAGGGTCC-1,0.154143,0.740164,0.105693
ATCCACATCGACAGAA-1,0.034825,0.001575,0.9636
ATCCAGAGCAACAACC-1,0.005551,0.764823,0.229626
ATCCAGGATTCGTGAA-1,0.062317,0.654857,0.282826
ATCCCATTTCCGTGGG-1,0.474035,0.525745,0.00022
ATCCGGACCAGCCTGA-1,0.026135,0.578983,0.394882
ATCCTACCTAAGCTCT-1,0.000015,0.173341,0.826644
ATCCTGAATCGCTGCG-1,0.125565,0.702579,0.171856
ATCCTGCGTGGAATGG-1,0.000826,0.985966,0.013208
ATCCTGCTGCAGATAG-1,0.421731,0.000323,0.577947
ATCCTTCTGAAAGAAC-1,0.031315,0.381252,0.587433
ATCGACCCAATACAGA-1,0.00557,0.763211,0.231218
ATCGACTCTTTCCGTT-1,0.000031,0.311207,0.688763
ATCGCACGATTGTTCA-1,0.074179,0.804649,0.121172
ATCGCACGCCGGGAGA-1,0.008343,0.281047,0.71061
ATCGCCAGTCAACATT-1,0.048121,0.178437,0.773441
ATCGCCGTGGTTCATG-1,0.318757,0.621931,0.059312
ATCGCTTTACGTCTCA-1,0.000021,0.259198,0.740782
ATCGGAGACAGACGGC-1,0.055181,0.254003,0.690816
ATCGGCAAGCAGTCCA-1,0.01735,0.980729,0.001921
ATCGTGGAAAGTCTGG-1,0.260532,0.512112,0.227356
ATCGTTAGCTAGCGGA-1,0.11438,0.487871,0.397749
ATCTAATATCCTACGG-1,0.041849,0.533075,0.425075
ATCTACCATCTGCTCC-1,0.396103,0.436779,0.167119
ATCTAGCTTGTGAGGG-1,0.23055,0.368075,0.401375
ATCTCCCACGGAATAT-1,0.249403,0.443874,0.306723
ATCTCCCTGCAATCTA-1,0.066588,0.926977,0.006435
ATCTCGTGAGCGAAAC-1,0.000009,0.275602,0.724389
ATCTGACATGGAAGGA-1,0.270734,0.48061,0.248656
ATCTGCACCTCTGCGA-1,0.041535,0.302884,0.655581
ATCTGCTGTTATCGCC-1,0.507091,0.346379,0.146529
ATCTGGGCTGTTCTTG-1,0.282442,0.009539,0.708019
ATCTGGTTAAGACTGT-1,0.015097,0.350362,0.634542
ATCTGTAATTGTACCC-1,0.000067,0.999534,0.000399
ATCTTATCGCACACCC-1,0.089573,0.00002,0.910407
ATCTTGACCTGCAACG-1,0.000022,0.548708,0.451271
ATCTTGACTTGTCCAA-1,0.059746,0.451901,0.488353
ATCTTTCGTATAACCA-1,0.076492,0.879239,0.044269
ATGAAGCCAAGGAGCC-1,0.008557,0.608193,0.383251
ATGACGCCGGCTCTAA-1,0.000032,0.924058,0.07591
ATGACGCGTTCTATCC-1,0.227991,0.513238,0.25877
ATGACTATCAGCTGTG-1,0.307691,0.501352,0.190956
ATGACTATGCGACATT-1,0.079204,0.266164,0.654632
ATGAGGAGTGTTAATC-1,0.000016,0.37197,0.628014
ATGAGGGCAGCGGCTA-1,0.007183,0.465659,0.527157
ATGATCGGGAATAGAC-1,0.003378,0.462022,0.5346
ATGATGCAATGGTACA-1,0.020045,0.880342,0.099613
ATGCACTACCGCATTG-1,0.000018,0.374718,0.625264
ATGCATGATCCAGGAT-1,0.000024,0.319762,0.680214
ATGCCATTTGCGACCA-1,0.118842,0.169778,0.711379
ATGCCGGTCTTGCATA-1,0.000019,0.639452,0.360529
ATGCCGGTTGATGGGA-1,0.003133,0.68807,0.308797
ATGCGACAGTCCCATT-1,0.000022,0.891397,0.108581
ATGCGAGTCCCACCAC-1,0.002685,0.658673,0.338642
ATGCTCAGTGTTGCAT-1,0.000027,0.650541,0.349432
ATGCTCTGGCGCGGTA-1,0.034787,0.317314,0.647899
ATGCTTAGGAGTTGAT-1,0.103616,0.692138,0.204246
ATGGAACCTTTGCACA-1,0.000023,0.669686,0.330291
ATGGACTGCTTAGTTG-1,0.966792,0.033049,0.000158
ATGGAGCAGGCCGTGA-1,0.069466,0.222005,0.708529
ATGGATCCGGCGTCCG-1,0.002658,0.676783,0.320559
ATGGATTGACCAAACG-1,0.00001,0.020241,0.979749
ATGGCCCGAAAGGTTA-1,0.614226,0.385455,0.000319
ATGGCGGAATAGTCGC-1,0.000017,0.347434,0.652549
ATGGGACCTGCTGAAC-1,0.162056,0.122983,0.714961
ATGGGCCTCGGCCTCT-1,0.005372,0.288615,0.706013
ATGGGTGTATACCTCC-1,0.371748,0.356816,0.271436
ATGGTATTGGGAACCG-1,0.997204,0.002546,0.00025
ATGGTCGCGTGGTTTC-1,0.014076,0.059263,0.92666
ATGTAAGGCTGCTCTT-1,0.00001,0.060193,0.939797
ATGTACATGCGGTGAG-1,0.094165,0.500953,0.404882
ATGTACGATGACGTCG-1,0.303254,0.166348,0.530398
ATGTAGCGCGCGTAGG-1,0.300211,0.693676,0.006112
ATGTCATAATAAACGA-1,0.654628,0.344084,0.001288
ATGTCTTGTTTGACTC-1,0.6113,0.388528,0.000172
ATGTGCATCCGACGCA-1,0.000021,0.303298,0.696681
ATGTGGACATCTTGAT-1,0.109279,0.657213,0.233508
ATGTGTAGTTTAGTCA-1,0.120193,0.037707,0.842101
ATGTTACGAGCAATAC-1,0.000017,0.050978,0.949005
ATGTTGATTAGAGACT-1,0.439804,0.23379,0.326406
ATGTTGTAGTCTGTTT-1,0.213703,0.396476,0.389822
ATGTTTCGGCCCGGAG-1,0.000011,0.100352,0.899637
ATTAAACATGCGGACC-1,0.009721,0.922465,0.067814
ATTAATACTACGCGGG-1,0.002658,0.356274,0.641068
ATTAATGAACCAGTCG-1,0.000009,0.006487,0.993504
ATTACAACTACCGGCC-1,0.209613,0.20154,0.588847
ATTACATGTCAGTCTT-1,0.000016,0.123295,0.876689
ATTACCACACTGCCTG-1,0.052715,0.174226,0.77306
ATTACGCGCTGGCAGG-1,0.124856,0.733832,0.141312
ATTACTAGCCTCTTGC-1,0.003719,0.323169,0.673112
ATTACTTACTGGGCAT-1,0.006417,0.993219,0.000363
ATTAGATTCCTCAGCA-1,0.001842,0.388936,0.609222
ATTAGATTGATAGCGG-1,0.002326,0.567511,0.430163
ATTAGGCGATGCTTTC-1,0.000017,0.264839,0.735144
ATTATACTTTGCTCGT-1,0.000036,0.639475,0.36049
ATTATAGCTACTTTAC-1,0.004784,0.401217,0.593999
ATTATCGGAATGTACG-1,0.511204,0.487675,0.001122
ATTATCTCGACAGATC-1,0.345088,0.000063,0.654849
ATTATGCCATAGGGAG-1,0.000018,0.033389,0.966594
ATTATTATGTCCGTCA-1,0.415474,0.401206,0.18332
ATTATTCAGAGTCACT-1,0.38453,0.031636,0.583834
ATTCAACCATTTAAGG-1,0.020192,0.688561,0.291248
ATTCACTGATGTTGGA-1,0.104872,0.385301,0.509827
ATTCAGGACCTATTTC-1,0.058799,0.862163,0.079038
ATTCAGTAGCAGGGTC-1,0.090416,0.647479,0.262104
ATTCATATACTGTCCA-1,0.391673,0.233845,0.374482
ATTCATCGTTGAGGCA-1,0.165958,0.318586,0.515456
ATTCCTCCGCCAGTGC-1,0.053894,0.212602,0.733504
ATTCGACGCCGGGCCT-1,0.03854,0.727629,0.233831
ATTCGCGCCTTGAGAG-1,0.193289,0.61089,0.195821
ATTCGTCCCGAGGTTA-1,0.733208,0.137864,0.128928
ATTCGTGCTATCTCTT-1,0.000006,0.085299,0.914696
ATTCGTGTACCCATTC-1,0.662052,0.337295,0.000653
ATTCGTTTATCGTATT-1,0.705074,0.294615,0.000311
ATTGAAGATCTTAGTG-1,0.000019,0.689738,0.310243
ATTGAATTCCCTGTAG-1,0.305925,0.093352,0.600723
ATTGACGTAACTCGGT-1,0.149436,0.075145,0.775419
ATTGATAGCAACGAGA-1,0.04199,0.957614,0.000396
ATTGATGAGTCCTAAC-1,0.00001,0.023606,0.976383
ATTGCCTATTAGACCG-1,0.515603,0.002755,0.481642
ATTGCCTTTATGTTTG-1,0.398258,0.010839,0.590903
ATTGCGATCAGTAACT-1,0.203875,0.708221,0.087904
ATTGCTGCTCCTCCAT-1,0.027759,0.340606,0.631636
ATTGGATTACAGCGTA-1,0.001059,0.958555,0.040387
ATTGGGAATATCTTGG-1,0.142687,0.856902,0.000411
ATTGGTTGTGCATTAC-1,0.534689,0.465027,0.000284
ATTGTACAACTCGGCT-1,0.000011,0.161866,0.838124
ATTGTCTGTTTCATGT-1,0.356369,0.000646,0.642985
ATTGTTCAACGATCCG-1,0.00137,0.407972,0.590659
ATTTAACTCGTATTAC-1,0.007458,0.992241,0.000301
ATTTACAGTTTACTGG-1,0.01021,0.363798,0.625992
ATTTACTAAGTCCATT-1,0.000035,0.461365,0.5386
ATTTATACTGGTAAAG-1,0.98946,0.000068,0.010472
ATTTCCGGGTTCTGCG-1,0.112167,0.451403,0.43643
ATTTGCGCGAGTAGCT-1,0.367789,0.371288,0.260924
ATTTGTCTTGGGAGCT-1,0.079813,0.128686,0.791501
ATTTGTTCCAGGGCTC-1,0.000023,0.288217,0.71176
CAAACCATAAGCGTAT-1,0.606494,0.391606,0.001899
CAAACCCTCCGGCGGG-1,0.832271,0.030951,0.136779
CAAACGAGTATCGCAG-1,0.011278,0.866541,0.122181
CAAACGGTCGCACTTT-1,0.005658,0.542039,0.452303
CAAACTACGATAGAGA-1,0.093754,0.145797,0.760449
CAAACTCGCGACGCCG-1,0.014538,0.428107,0.557355
CAAAGATTATTGGGCC-1,0.375751,0.203337,0.420913
CAAAGGTCATCTGAAA-1,0.000012,0.383615,0.616373
CAAATCTCTCACAAGG-1,0.10308,0.744168,0.152752
CAAATGTCCTTCCGTG-1,0.14224,0.611758,0.246002
CAAATTGTCAGCAAGC-1,0.416629,0.199414,0.383958
CAACACATCTCCTGCC-1,0.000009,0.000027,0.999964
CAACCAGTGGCCTACC-1,0.110151,0.038298,0.851551
CAACCTACCGAGCAGT-1,0.057857,0.448348,0.493795
CAACGACCCGTTTACA-1,0.000028,0.085356,0.914616
CAACGATCGATCCAAT-1,0.179135,0.806148,0.014717
CAACGCGATGAGCCAA-1,0.413954,0.585867,0.000178
CAACGGTTCTTGATAC-1,0.000017,0.00335,0.996633
CAACGTGGTGGAGTCT-1,0.148639,0.435114,0.416247
CAACTCCTTGATCCCG-1,0.000974,0.132499,0.866527
CAACTGCTCATCCGAT-1,0.1066,0.417501,0.475899
CAACTTGTAGTGGGCA-1,0.530114,0.000726,0.46916
CAAGACTCAGAAGCGC-1,0.031615,0.108796,0.859589
CAAGAGGGCGGAGTAC-1,0.001476,0.207885,0.790638
CAAGATATTATAACGT-1,0.100887,0.440891,0.458222
CAAGCAACGTCGGAGT-1,0.057853,0.372632,0.569515
CAAGCACCAAATGCCT-1,0.036496,0.402546,0.560958
CAAGCGGCACATAATT-1,0.070577,0.336278,0.593144
