Barcode,Topic 1,Topic 2,Topic 3to12
AAACAACGAATAGTTC-1,0.000128,0.000661,0.999211
AAACAAGTATCTCCCA-1,0.000029,0.062676,0.937296
AAACAATCTACTAGCA-1,0.000172,0.000172,0.999656
AAACACCAATAACTGC-1,0.000039,0.001694,0.998266
AAACAGAGCGACTCCT-1,0.000046,0.000046,0.999909
AAACAGCTTTCAGAAG-1,0.000044,0.062584,0.937372
AAACAGGGTCTATATT-1,0.000033,0.017831,0.982136
AAACAGTGTTCCTGGG-1,0.000098,0.007737,0.992165
AAACATGGTGAGAGGA-1,0.000026,0.090183,0.909791
AAACATTTCCCGGATT-1,0.000034,0.019059,0.980906
AAACCACTACACAGAT-1,0.000049,0.000049,0.999903
AAACCCGAACGAAATC-1,0.000034,0.398229,0.601736
AAACCGGAAATGTTAA-1,0.000032,0.593257,0.406711
AAACCGGGTAGGTACC-1,0.00017,0.058779,0.941051
AAACCGTTCGTCCAGG-1,0.000101,0.000101,0.999798
AAACCTAAGCAGCCGG-1,0.000035,0.000035,0.999931
AAACCTCATGAAGTTG-1,0.000156,0.000156,0.999688
AAACGAAGAACATACC-1,0.000055,0.000055,0.99989
AAACGAAGATGGAGTA-1,0.000015,0.000015,0.99997
AAACGACAGTCTTGCC-1,0.000043,0.000043,0.999913
AAACGAGACGGTTGAT-1,0.00003,0.002207,0.997763
AAACGCCCGAGATCGG-1,0.000072,0.000072,0.999855
AAACGCTGGGCACGAC-1,0.000011,0.192907,0.807083
AAACGGGCGTACGGGT-1,0.000021,0.000021,0.999958
AAACGGGTTGGTATCC-1,0.000055,0.037445,0.9625
AAACGGTTGCGAACTG-1,0.000078,0.000078,0.999843
AAACGTGTTCGCCCTA-1,0.000018,0.061824,0.938158
AAACTAACGTGGCGAC-1,0.000037,0.000037,0.999926
AAACTCGGTTCGCAAT-1,0.000059,0.000059,0.999881
AAACTCGTGATATAAG-1,0.000068,0.030937,0.968995
AAACTGCTGGCTCCAA-1,0.000021,0.000021,0.999958
AAACTTAATTGCACGC-1,0.00003,0.002324,0.997646
AAACTTGCAAACGTAT-1,0.0001,0.127564,0.872336
AAAGAATGACCTTAGA-1,0.000012,0.000012,0.999976
AAAGAATGTGGACTAA-1,0.000027,0.277681,0.722292
AAAGACATGAAGTTTA-1,0.000061,0.000061,0.999877
AAAGACCCAAGTCGCG-1,0.00014,0.00014,0.999721
AAAGACTGGGCGCTTT-1,0.000189,0.000189,0.999622
AAAGCTTGCCTACATA-1,0.000032,0.023123,0.976844
AAAGGCCCTATAATAC-1,0.000019,0.064676,0.935305
AAAGGCTACGGACCAT-1,0.000083,0.000083,0.999834
AAAGGCTCTCGCGCCG-1,0.000052,0.025033,0.974915
AAAGGGATGTAGCAAG-1,0.00011,0.00011,0.99978
AAAGGGCAGCTTGAAT-1,0.00009,0.00009,0.999821
AAAGGTAAGCTGTACC-1,0.000057,0.000057,0.999886
AAAGGTCAACGACATG-1,0.000065,0.000065,0.99987
AAAGTAGCATTGCTCA-1,0.000179,0.000179,0.999642
AAAGTCACTGATGTAA-1,0.000107,0.000107,0.999787
AAAGTCGACCCTCAGT-1,0.00016,0.00016,0.99968
AAAGTGCCATCAATTA-1,0.000015,0.293746,0.70624
AAAGTGTGATTTATCT-1,0.000054,0.000054,0.999892
AAAGTTGACTCCCGTA-1,0.000023,0.081849,0.918127
AAATAACCATACGGGA-1,0.000021,0.000021,0.999958
AAATAAGGTAGTGCCC-1,0.000027,0.166678,0.833295
AAATACCTATAAGCAT-1,0.000046,0.000046,0.999908
AAATAGCTTAGACTTT-1,0.000026,0.027874,0.972101
AAATAGGGTGCTATTG-1,0.000045,0.000045,0.999911
AAATCACTCCTAAACG-1,0.000041,0.004464,0.995494
AAATCCGATACACGCC-1,0.000025,0.096117,0.903859
AAATCGCGGAAGGAGT-1,0.000028,0.043072,0.9569
AAATCGTGTACCACAA-1,0.000046,0.000046,0.999908
AAATCTAGCCCTGCTA-1,0.000031,0.015598,0.984371
AAATCTGCCCGCGTCC-1,0.000043,0.020304,0.979653
AAATGACTGATCAAAC-1,0.000039,0.000039,0.999922
AAATGATTCGATCAGC-1,0.000067,0.000067,0.999866
AAATGCTCGTTACGTT-1,0.000443,0.098335,0.901222
AAATGGCATGTCTTGT-1,0.000046,0.000046,0.999908
AAATGGCCCGTGCCCT-1,0.000038,0.047071,0.952891
AAATGGTCAATGTGCC-1,0.000063,0.000063,0.999875
AAATGTATCTTATCCC-1,0.000053,0.000053,0.999894
AAATGTGGGTGCTCCT-1,0.000101,0.000101,0.999798
AAATTAACGGGTAGCT-1,0.000085,0.018369,0.981546
AAATTAATAAGCGCGA-1,0.00005,0.024832,0.975117
AAATTACACGACTCTG-1,0.000049,0.000049,0.999902
AAATTACCTATCGATG-1,0.000049,0.0081,0.991851
AAATTCCAGGTCCAAA-1,0.000015,0.042289,0.957697
AAATTGATAGTCCTTT-1,0.000119,0.055484,0.944397
AAATTGCGGCGGTTCT-1,0.000359,0.000359,0.999282
AAATTGGTGAGAAGCA-1,0.000024,0.019901,0.980074
AAATTTACCGAAATCC-1,0.000069,0.000069,0.999862
AAATTTGCGGGTGTGG-1,0.000108,0.000108,0.999784
AACAACTGGTAGTTGC-1,0.000192,0.000192,0.999615
AACAATACATTGTCGA-1,0.00012,0.00012,0.999761
AACAATTACTCTACGC-1,0.000204,0.000204,0.999592
AACACACGCTCGCCGC-1,0.000052,0.022263,0.977685
AACACGACTGTACTGA-1,0.000083,0.000083,0.999833
AACACGAGACGCGGCC-1,0.00015,0.00015,0.999699
AACACGCGGCCGCGAA-1,0.000076,0.080745,0.919179
AACAGCTGTGTGGCAA-1,0.000149,0.000149,0.999701
AACAGGAAATCGAATA-1,0.000049,0.000049,0.999903
AACAGGATGGGCCGCG-1,0.000267,0.000267,0.999466
AACAGGTAGTATGGAT-1,0.000043,0.25309,0.746867
AACATAGCGTGTATCG-1,0.00004,0.00004,0.999919
AACATATCAACTGGTG-1,0.000038,0.000038,0.999925
AACATCGATACGTCTA-1,0.000024,0.033774,0.966202
AACATTGAAGTTGATC-1,0.00005,0.00005,0.999901
AACATTGTGACTCGAG-1,0.000075,0.000075,0.99985
AACCAAGACTTCTCTG-1,0.000049,0.127107,0.872844
AACCAGTATCACTCTT-1,0.000043,0.000043,0.999914
AACCATAGGGTTGAAC-1,0.000032,0.042631,0.957337
AACCATGGGATCGCTA-1,0.000287,0.000287,0.999425
AACCCAGAGACGGAGA-1,0.000167,0.000167,0.999667
AACCCATCCCATGATC-1,0.000046,0.055609,0.944345
AACCCGACAACCCGTG-1,0.000078,0.022779,0.977143
AACCCGAGCAGAATCG-1,0.000055,0.607313,0.392632
AACCCGATAGGGCTTC-1,0.000052,0.015307,0.984641
AACCCGCTGTATTCCA-1,0.000023,0.000023,0.999954
AACCCTACTGTCAATA-1,0.000032,0.042906,0.957063
AACCCTGGTGGAACCA-1,0.000078,0.000078,0.999845
AACCGAGCTTGGTCAT-1,0.000099,0.000099,0.999801
AACCGCTAAGGGATGC-1,0.000035,0.000035,0.999931
AACCGTTGTGTTTGCT-1,0.000111,0.000111,0.999778
AACCTAAAGCCGTCCG-1,0.000073,0.000073,0.999854
AACCTCGCTTTAGCCC-1,0.000027,0.00457,0.995403
AACCTGTCACGGAATT-1,0.000038,0.060676,0.939287
AACCTTTAAATACGGT-1,0.000031,0.000031,0.999938
AACCTTTACGACGTCT-1,0.000063,0.000063,0.999874
AACGAAAGTCGTCCCA-1,0.00004,0.00004,0.99992
AACGACCTCCTAGCCG-1,0.000025,0.971231,0.028745
AACGATAATGCCGTAG-1,0.000037,0.000037,0.999927
AACGATAGAAGGGCCG-1,0.000084,0.000084,0.999832
AACGATATGTCAACTG-1,0.000037,0.035118,0.964846
AACGCATGATCTGGGT-1,0.000054,0.0523,0.947646
AACGCGAACGGCAACA-1,0.000069,0.000069,0.999862
AACGCGACCTTGGGCG-1,0.00008,0.00008,0.99984
AACGCGGTCTCCAGCC-1,0.00008,0.142796,0.857125
AACGCTGTTGCTGAAA-1,0.000031,0.000031,0.999939
AACGGACGTACGTATA-1,0.000029,0.005727,0.994244
AACGGCCATCTCCGGT-1,0.000132,0.000132,0.999737
AACGTACTGTGGGTAC-1,0.000178,0.000178,0.999645
AACGTCAGACTAGTGG-1,0.000137,0.102917,0.896946
AACGTCATCCGGCTTG-1,0.00006,0.00006,0.99988
AACGTCGCTGCACTTC-1,0.000025,0.531664,0.468311
AACGTGATGAAGGACA-1,0.000044,0.000044,0.999912
AACGTGCGAAAGTCTC-1,0.000049,0.000049,0.999902
AACGTTATCAGCACCT-1,0.000135,0.000135,0.99973
AACGTTCTACCATTGT-1,0.000014,0.20264,0.797346
AACTACCCGTTTGTCA-1,0.000026,0.409869,0.590105
AACTAGCGTATCGCAC-1,0.000149,0.05176,0.948091
AACTAGGCTTGGGTGT-1,0.000147,0.065821,0.934032
AACTCAAGTTAATTGC-1,0.000141,0.000141,0.999718
AACTCCAGAGCGTGTT-1,0.000033,0.000033,0.999935
AACTCCTAATCCCATG-1,0.000041,0.000041,0.999918
AACTCGATAAACACGT-1,0.000305,0.000305,0.999389
AACTCGATGGCGCAGT-1,0.00006,0.045888,0.954052
AACTCTCAATAGAGCG-1,0.000044,0.042865,0.95709
AACTCTCAGTGTGCTC-1,0.000082,0.154118,0.8458
AACTGAGGTCAGCGTC-1,0.000079,0.047654,0.952267
AACTGAGTTATACTGA-1,0.000024,0.429413,0.570563
AACTGATATTAGGCCT-1,0.000067,0.023363,0.976569
AACTGGGTCCCGACGT-1,0.000056,0.000056,0.999888
AACTGGGTTCGAGCCG-1,0.00005,0.00005,0.9999
AACTGGTGTGGGCCTT-1,0.000138,0.000138,0.999723
AACTTCTGCGTCTATC-1,0.000131,0.000131,0.999738
AACTTGCCCGTATGCA-1,0.000218,0.000218,0.999564
AACTTGCGTTCTCGCG-1,0.000174,0.000174,0.999652
AACTTTACGGGAGCTT-1,0.000052,0.000052,0.999897
AACTTTAGCTGCTGAG-1,0.000143,0.000143,0.999713
AACTTTCTCGATCATG-1,0.000044,0.032079,0.967877
AAGAAAGTTTGATGGG-1,0.00005,0.00116,0.99879
AAGAAATCACCAGATT-1,0.000034,0.008401,0.991565
AAGAAGGATCAGTTAG-1,0.000231,0.000231,0.999538
AAGACATACGTGGTTT-1,0.00003,0.962934,0.037036
AAGACCAAATAACTCA-1,0.00001,0.002184,0.997807
AAGACCCAACTGAACA-1,0.00005,0.00005,0.9999
AAGACTAACCCGTTGT-1,0.000082,0.05333,0.946588
AAGACTCACGCCCACT-1,0.000035,0.011046,0.98892
AAGACTGCAAGCTACT-1,0.00005,0.046074,0.953876
AAGAGATGAATCGGTA-1,0.00027,0.00027,0.999461
AAGAGCTCTTTATCGG-1,0.000025,0.019235,0.980741
AAGAGGATGTACGCGA-1,0.000154,0.000154,0.999692
AAGAGGCATGGATCGC-1,0.000047,0.000047,0.999907
AAGAGGCCCTTTGGAA-1,0.000026,0.297658,0.702316
AAGATGGCACCGGACC-1,0.000119,0.008721,0.99116
AAGATTGGCGGAACGT-1,0.000027,0.000027,0.999945
AAGCACCCTGCGTATC-1,0.000054,0.000054,0.999892
AAGCATACTCTCCTGA-1,0.000054,0.000054,0.999892
AAGCCACTTGCAGGTA-1,0.000037,0.005201,0.994762
AAGCCGAAGCGGTTTA-1,0.000022,0.024256,0.975722
AAGCCGCCGTGAAATC-1,0.000027,0.023046,0.976928
AAGCCGCTTTACCTTG-1,0.000026,0.000026,0.999947
AAGCCGGAGAGCAGGA-1,0.000016,0.322435,0.677549
AAGCGCAGGGCTTTGA-1,0.000037,0.011225,0.988738
AAGCGGAGTGCGCGCA-1,0.000017,0.000017,0.999965
AAGCGGCGTCATGGGT-1,0.000063,0.000063,0.999874
AAGCGTCCCTCATCGA-1,0.000164,0.000164,0.999671
AAGCTAGATCGAGTAA-1,0.000095,0.000095,0.99981
AAGCTATGGATTGACC-1,0.000136,0.347752,0.652113
AAGCTCGTGCCAAGTC-1,0.000067,0.000067,0.999867
AAGCTCTTTCATGGTG-1,0.000131,0.000131,0.999738
AAGGAGAACTTATAAG-1,0.000113,0.000113,0.999773
AAGGAGCGGTTGGTGC-1,0.000082,0.000082,0.999836
AAGGATCGATCGCTTG-1,0.000043,0.02157,0.978387
AAGGATGAGGGACCTC-1,0.000021,0.15043,0.849548
AAGGCAGGCTGTCTCC-1,0.000053,0.391082,0.608865
AAGGCGCGTAAAGCTT-1,0.000123,0.000123,0.999754
AAGGCTGTGCTCATCG-1,0.000075,0.000075,0.99985
AAGGGAACGACTGGCT-1,0.000044,0.000044,0.999913
AAGGGACAGATTCTGT-1,0.000024,0.000024,0.999952
AAGGGACTATGCATTC-1,0.000048,0.000048,0.999904
AAGGGTTAGCCATGCG-1,0.000072,0.713595,0.286333
AAGGGTTTGATTTCAG-1,0.000028,0.005406,0.994566
AAGGTATCCTAATATA-1,0.000041,0.000041,0.999918
AAGGTGATAAACCAGC-1,0.000044,0.000044,0.999912
AAGTAGAAGACCGGGT-1,0.000122,0.000122,0.999756
AAGTAGTGACGCGAGG-1,0.000098,0.026825,0.973077
AAGTCAATTGTCGTCA-1,0.000044,0.131755,0.8682
AAGTCTAGTAGCTGCC-1,0.000065,0.026611,0.973324
AAGTCTTCTGTGGCCT-1,0.000076,0.133926,0.865998
AAGTGACGACCGAATT-1,0.000173,0.000173,0.999653
AAGTGAGTCGGGTTTA-1,0.000106,0.022663,0.977231
AAGTGCAAAGGTAGAC-1,0.000078,0.000078,0.999845
AAGTGCCTTGACTGTA-1,0.000023,0.105449,0.894528
AAGTGCGTTAGAATCT-1,0.000154,0.000154,0.999692
AAGTGCTTCTCTATTG-1,0.000128,0.000128,0.999743
AAGTGTTTGGAGACGG-1,0.000036,0.000036,0.999929
AAGTTCACTCCAAGCT-1,0.000033,0.011249,0.988719
AAGTTCAGTCTGCGTA-1,0.000036,0.000036,0.999928
AAGTTCGGCCAACAGG-1,0.000145,0.023476,0.976379
AAGTTGTGATGTTATA-1,0.000046,0.154617,0.845337
AAGTTTACTAATGGCA-1,0.000092,0.000092,0.999816
AAGTTTATGGGCCCAA-1,0.000029,0.01701,0.982961
AATAACAACGCTCGGC-1,0.000126,0.070922,0.928952
AATAACACTAGAACAA-1,0.000087,0.195647,0.804266
AATAACGTCGCGCCCA-1,0.000029,0.84853,0.151441
AATAAGTCCTCGAGAC-1,0.0001,0.098806,0.901094
AATAATCTTCGTATCG-1,0.000033,0.948084,0.051884
AATACAATGTTTCAGG-1,0.000225,0.000225,0.999551
AATACCGGAGGGCTGT-1,0.000171,0.000171,0.999658
AATACCTGATGTGAAC-1,0.000005,0.058232,0.941763
AATAGAACAGAGTGGC-1,0.000128,0.000128,0.999744
AATAGAATCTGTTTCA-1,0.00003,0.00003,0.999941
AATAGCAAGCCTCCTG-1,0.000062,0.000062,0.999876
AATAGCTACCGCGTGC-1,0.00003,0.00003,0.99994
AATAGGCACGACCCTT-1,0.000023,0.000023,0.999954
AATAGTCCGTCCCGAC-1,0.000071,0.000071,0.999857
AATAGTCGCGAGTCGG-1,0.000054,0.000054,0.999893
AATATCAAGGTCGGAT-1,0.000202,0.000202,0.999596
AATATCCTAGCAAACT-1,0.000035,0.009813,0.990152
AATATCGAATCAATGC-1,0.000022,0.029822,0.970156
AATATCGAGGGTTCTC-1,0.000043,0.18378,0.816177
AATATTGGAGTATTGA-1,0.000187,0.007438,0.992375
AATCAGACTGCAGGAC-1,0.000054,0.037243,0.962703
AATCAGGTTTCATTTA-1,0.000074,0.004341,0.995585
AATCATGTAAAGACTC-1,0.000027,0.018553,0.98142
AATCCAAGGGCCTGAG-1,0.000109,0.000109,0.999783
AATCCATGCAAGGGTG-1,0.000072,0.041749,0.958179
AATCCCGCTCAGAGCC-1,0.000046,0.000046,0.999908
AATCGAGGTCTCAAGG-1,0.000016,0.007653,0.992331
AATCGCCTCAGCGCCA-1,0.000072,0.000072,0.999856
AATCGCGCAGAGGACT-1,0.000094,0.194611,0.805295
AATCGGGACACTACGA-1,0.000102,0.000102,0.999797
AATCGGTATAGCCCTC-1,0.000019,0.432454,0.567527
AATCGTGAGCCGAGCA-1,0.000041,0.000041,0.999917
AATCTAGGTTTACTTG-1,0.000071,0.000071,0.999857
AATCTATGCCGGAGCC-1,0.000035,0.03072,0.969244
AATCTCTACTGTGGTT-1,0.000045,0.000045,0.999911
AATCTGCGTTGGGACG-1,0.00004,0.080742,0.919219
AATCTGGCTTTCTAGT-1,0.000048,0.000048,0.999904
AATCTGGGTAGACCCT-1,0.000084,0.000084,0.999832
AATGACAGCAATGTCT-1,0.000079,0.082277,0.917644
AATGACGTAGGATGTC-1,0.000019,0.000019,0.999963
AATGACTGTCAGCCGG-1,0.000056,0.000056,0.999888
AATGAGTTCGCATATG-1,0.000152,0.051263,0.948585
AATGATGATACGCTAT-1,0.000014,0.003231,0.996755
AATGATGCGACTCCTG-1,0.000063,0.046368,0.95357
AATGCAACCGGGTACC-1,0.00007,0.00007,0.999861
AATGCACCAAGCAATG-1,0.000043,0.000043,0.999913
AATGGCCGCCAATGCG-1,0.000057,0.000057,0.999887
AATGGTCCACCGTTCA-1,0.000559,0.000559,0.998881
AATGGTTCTCACAAGC-1,0.000296,0.028774,0.970931
AATGTATGGCACTGTA-1,0.000021,0.054683,0.945296
AATGTGCCCGAGGTGT-1,0.000161,0.047866,0.951973
AATGTGCTAATCTGAG-1,0.000092,0.000092,0.999816
AATGTTAAGACCCTGA-1,0.000023,0.000023,0.999954
AATGTTGTCGTGAGAC-1,0.000031,0.200799,0.79917
AATTAAAGGTCGGCGT-1,0.000051,0.06311,0.936839
AATTAACGGATTTCCA-1,0.00009,0.00009,0.999821
AATTACGAGACCCATC-1,0.000024,0.05306,0.946915
AATTACTCGTACGCTC-1,0.000081,0.000081,0.999838
AATTAGCGCTGCAGCG-1,0.000054,0.000054,0.999893
AATTATACCCAGCAAG-1,0.00001,0.007565,0.992424
AATTCATAAGGGATCT-1,0.000032,0.000032,0.999936
AATTCATTGTCATGCA-1,0.000037,0.093904,0.906059
AATTCCAACTTGGTGA-1,0.000063,0.078462,0.921475
AATTCCAAGCATGTAC-1,0.00004,0.029599,0.970361
AATTCGATTCGAGGAT-1,0.000064,0.000064,0.999871
AATTCTAGAGTTAGGC-1,0.000079,0.017313,0.982608
AATTGAACGCTCTGGT-1,0.000054,0.000054,0.999893
AATTGCAGCAATCGAC-1,0.000027,0.057393,0.942579
AATTGCGTGGATTACA-1,0.000036,0.094728,0.905236
AATTGTGGTTGCCAAA-1,0.000032,0.884099,0.115869
AATTTGGGACATAGTA-1,0.000063,0.000063,0.999873
AATTTGGTTCCAAAGA-1,0.000043,0.000043,0.999913
ACAAACCATGCGTCCT-1,0.000037,0.006116,0.993847
ACAAACCGACAAGGCG-1,0.000057,0.000057,0.999886
ACAAACTCCATCAGAG-1,0.000053,0.000053,0.999894
ACAAAGAAGGTAGGCC-1,0.000053,0.043312,0.956635
ACAAAGCATGACCTAG-1,0.000019,0.000019,0.999962
ACAAATCGCACCGAAT-1,0.000034,0.000034,0.999932
ACAAATGGTAGTGTTT-1,0.00005,0.00005,0.999899
ACAAATTCAGATCTGA-1,0.000047,0.000047,0.999907
ACAACAGCATGAGCTA-1,0.000025,0.000025,0.99995
ACAACGGTCCCTGCGA-1,0.000212,0.144,0.855788
ACAAGCAGTGCCTAGC-1,0.000177,0.000177,0.999646
ACAAGCTATATGGAAG-1,0.000055,0.038429,0.961515
ACAAGGAAATCCGCCC-1,0.000052,0.042954,0.956994
ACAAGGACAAGAGGTT-1,0.000089,0.000089,0.999821
ACAAGGATGCTTTAGG-1,0.000038,0.003856,0.996106
ACAAGGCCTACCAGCC-1,0.000091,0.000091,0.999817
ACAAGGGCAGGCTCTG-1,0.000054,0.000054,0.999892
ACAAGTAATTGTAAGG-1,0.000032,0.000032,0.999936
ACAATAGTCGTACGTT-1,0.000156,0.000156,0.999688
ACAATCCATTTAAACC-1,0.000101,0.053563,0.946336
ACAATCGATCTTTATA-1,0.000098,0.000098,0.999803
ACAATGAATACGGAGA-1,0.000166,0.000166,0.999667
ACAATGATTCTTCTAC-1,0.000079,0.022423,0.977498
ACAATTGTGTCTCTTT-1,0.000029,0.039468,0.960502
ACAATTTAGGAGGCTC-1,0.000072,0.009334,0.990594
ACAATTTGAGCAGTGG-1,0.000059,0.000059,0.999883
ACAATTTGGCCATATT-1,0.000049,0.661167,0.338783
ACACAAAGACGGGTGG-1,0.000103,0.000103,0.999795
ACACAAATATTCCTAG-1,0.00002,0.045159,0.954821
ACACACCAGGACCAGT-1,0.000029,0.011777,0.988194
ACACACTTTCTACACG-1,0.000076,0.000076,0.999847
ACACATGATCAAATCT-1,0.000047,0.000047,0.999906
ACACATTGACGCAACA-1,0.000119,0.000119,0.999762
ACACATTTCCGTAGAC-1,0.000055,0.000055,0.99989
ACACCACATAATTAGC-1,0.00002,0.012552,0.987429
ACACCCAGCATGCAGC-1,0.000083,0.000083,0.999834
ACACCCGAGAAATCCG-1,0.000169,0.000169,0.999663
ACACCCGTAAATCTGT-1,0.000034,0.00058,0.999386
ACACCGAGCGCTCTTT-1,0.000069,0.000069,0.999861
ACACCGGTCTGACCGC-1,0.000036,0.000036,0.999928
ACACCTTAAGTAGGGC-1,0.000193,0.000193,0.999613
ACACCTTACTACTTGC-1,0.000049,0.275431,0.724521
ACACGAGACTCCTTCT-1,0.000039,0.111001,0.88896
ACACGGCACTATGCAT-1,0.000089,0.000089,0.999823
ACACGGGAACTTAGGG-1,0.000106,0.000106,0.999787
ACACGTAGGCCACAAG-1,0.000036,0.294476,0.705488
ACACTCCAATGTCACT-1,0.00026,0.00026,0.999479
ACACTGATCAAGGTGT-1,0.000123,0.000123,0.999755
ACACTGGGACAGTCGT-1,0.000038,0.767311,0.232652
ACAGAACTGAGAACAA-1,0.000078,0.030496,0.969426
ACAGATTAGGTTAGTG-1,0.00011,0.00011,0.999781
ACAGCATAGAGCCAGT-1,0.000126,0.000126,0.999747
ACAGCGACATTCTCAT-1,0.000035,0.057134,0.942831
ACAGCGCACCCGCAGC-1,0.000033,0.000033,0.999933
ACAGGAGGCGCAGCCG-1,0.000156,0.065391,0.934452
ACAGGCACGGATCCTT-1,0.000029,0.100301,0.89967
ACAGGCTTGCCCGACT-1,0.000028,0.000028,0.999944
ACAGGTGGAGGTGAGG-1,0.000165,0.000165,0.999669
ACAGGTGTGTTGTTGC-1,0.00004,0.066564,0.933396
ACAGTAATACAACTTG-1,0.000028,0.000028,0.999944
ACAGTATACCGTGGGA-1,0.000044,0.000044,0.999913
ACAGTGCAGCGCATTT-1,0.000078,0.001049,0.998872
ACATAAGTCGTGGTGA-1,0.000037,0.000037,0.999927
ACATAATAAGGCGGTG-1,0.000098,0.000098,0.999804
ACATACAATCAAGCGG-1,0.000009,0.000009,0.999983
ACATCAGCTGGGACGC-1,0.000048,0.000048,0.999904
ACATCCCGGCCATACG-1,0.000113,0.000113,0.999773
ACATCCTGGTAACTGT-1,0.000024,0.146954,0.853021
ACATCGATCGTTTACC-1,0.000057,0.000057,0.999885
ACATCGCAATATTCGG-1,0.000029,0.000029,0.999942
ACATCGGTCAGCCGCG-1,0.000124,0.000124,0.999752
ACATCGTATGCAATGG-1,0.000065,0.000065,0.999869
ACATCGTTAACCTAGT-1,0.000091,0.000091,0.999818
ACATCTCAACGCGTAA-1,0.000036,0.025508,0.974456
ACATGCTTACGGCAGC-1,0.000033,0.000033,0.999934
ACATGGCGCCAAAGTA-1,0.000024,0.011777,0.988199
ACATGGCTCAATTTAG-1,0.000191,0.021655,0.978154
ACATTAGTTTATATCC-1,0.0001,0.0001,0.9998
ACATTCGCGCGGAATA-1,0.00005,0.00005,0.999899
ACATTTGAAACCTAAC-1,0.000008,0.029166,0.970826
ACCAAACACCCAGCGA-1,0.000024,0.045564,0.954412
ACCAAACTAGAAATCC-1,0.000067,0.000067,0.999867
ACCAACACCACACACT-1,0.000054,0.012399,0.987547
ACCAACCGCACTCCAC-1,0.000026,0.108263,0.891711
ACCAACGCTTATTTAT-1,0.00006,0.00006,0.99988
ACCAAGAACGCGTGTC-1,0.000073,0.000073,0.999854
ACCAAGTCATCGGCAG-1,0.000041,0.489656,0.510303
ACCAATATGCAAGTTA-1,0.000051,0.000051,0.999899
ACCACAACTCAGAACA-1,0.000074,0.000074,0.999852
ACCACAAGTTTCTATC-1,0.00011,0.00011,0.99978
ACCACACGGTTGATGG-1,0.000053,0.000053,0.999893
ACCACCAATGTAACAA-1,0.000014,0.013766,0.986219
ACCACCCTCTCTTCTA-1,0.00005,0.041791,0.958158
ACCACGTGCAGCTATA-1,0.000024,0.000024,0.999952
ACCACTGTTCAAGAAG-1,0.000123,0.000123,0.999754
ACCAGACCATAACAAC-1,0.000054,0.001281,0.998665
ACCAGCCCGGTCTTTG-1,0.000034,0.000034,0.999932
ACCAGGAGTGTGATCT-1,0.000135,0.000135,0.999731
ACCAGTGCCCGGTCAA-1,0.000059,0.000059,0.999881
ACCAGTGCGGGAGACG-1,0.00004,0.001867,0.998093
ACCATATCCGCAATAA-1,0.000077,0.001646,0.998277
ACCATCCGCCAACTAG-1,0.000031,0.000031,0.999937
ACCATCGTATATGGTA-1,0.000099,0.12658,0.873321
ACCATTAAGGGTGTCA-1,0.000145,0.000145,0.99971
ACCCAACGCCCGTGGC-1,0.000023,0.000023,0.999954
ACCCACCTACATGCTC-1,0.000103,0.000103,0.999793
ACCCATCTTGAGGGTA-1,0.000163,0.000163,0.999673
ACCCATTTGTCCCTCT-1,0.000014,0.000014,0.999972
ACCCGAGCGAAATTAC-1,0.000065,0.165771,0.834164
ACCCGATTGGTTCCGA-1,0.00008,0.179407,0.820514
ACCCGGAAACTCCCAG-1,0.000062,0.000062,0.999876
ACCCGGAGCACCACAA-1,0.000049,0.767057,0.232894
ACCCGGATGACGCATC-1,0.00002,0.023366,0.976613
ACCCGGTTACACTTCC-1,0.000077,0.000077,0.999846
ACCCGTAGCAGAGAAT-1,0.000187,0.000187,0.999626
ACCCGTAGTCTAGTTG-1,0.000037,0.833417,0.166547
ACCCGTGTCATCAGTA-1,0.000072,0.000072,0.999856
ACCCTATAGGACTGAG-1,0.000199,0.000199,0.999601
ACCCTATGCCATATCG-1,0.000221,0.000221,0.999558
ACCCTCCCGTCAGGGC-1,0.000014,0.062907,0.937079
ACCCTCCCTTGCTATT-1,0.000044,0.162456,0.837499
ACCCTGGTAACGCCCT-1,0.000027,0.062709,0.937264
ACCCTTCATCTGCGAA-1,0.000083,0.054404,0.945513
ACCCTTGCCTGGGTCG-1,0.000053,0.053127,0.94682
ACCCTTTAGTTCTCCA-1,0.000069,0.033055,0.966876
ACCGAAAGGGCCCTGC-1,0.000078,0.000078,0.999844
ACCGAAGAGTCTGGTT-1,0.000048,0.010053,0.989899
ACCGACACATCTCCCA-1,0.000092,0.000092,0.999815
ACCGACTGAGTCCCAC-1,0.00011,0.00011,0.99978
ACCGAGTCTCCTTATT-1,0.00004,0.000452,0.999507
ACCGATAGGCATAACC-1,0.000033,0.999634,0.000333
ACCGATATTTAATCAT-1,0.00007,0.660937,0.338993
ACCGATGGTAGCATCG-1,0.000051,0.024894,0.975055
ACCGCAATAACTGCCT-1,0.000028,0.094496,0.905476
ACCGCGGTGGAAGTCG-1,0.000039,0.059799,0.940163
ACCGCTAGTCATTGGT-1,0.000105,0.000105,0.999789
ACCGGGCCTTTGTTGA-1,0.000022,0.013803,0.986175
ACCGGTCAGGTACACC-1,0.000038,0.000038,0.999924
ACCGGTCTGAGTACGG-1,0.00007,0.00007,0.999861
ACCGTCCACTGGGCCC-1,0.000019,0.11125,0.888731
ACCGTGACCACGTGGG-1,0.000142,0.000142,0.999717
ACCGTTCCCGCTCTGA-1,0.000076,0.000076,0.999847
ACCTAAGTACCTTTCA-1,0.000146,0.073787,0.926067
ACCTAATCGACTTCCT-1,0.000099,0.013828,0.986073
ACCTACAGTATGTGGT-1,0.000119,0.19492,0.804961
ACCTACTATAAATCTA-1,0.000056,0.000056,0.999888
ACCTCAGCGAGGCGCA-1,0.000015,0.001175,0.99881
ACCTCCGCCCTCGCTG-1,0.000057,0.048842,0.951101
ACCTCCGTTATTCACC-1,0.00003,0.02919,0.97078
ACCTCGAACTTATGCT-1,0.000014,0.051424,0.948562
ACCTGCGTGTCATGTT-1,0.000127,0.000127,0.999745
ACCTTTCCTTTAGAAG-1,0.000082,0.000082,0.999837
ACGAAATGGGCGGCAC-1,0.000092,0.000092,0.999815
ACGACCCATGAGTTGC-1,0.000023,0.357219,0.642758
ACGACTCTAGGGCCGA-1,0.00001,0.011144,0.988845
ACGACTGGTCATACTC-1,0.000054,0.000054,0.999892
ACGAGAACCCATCACG-1,0.000231,0.000231,0.999538
ACGAGATATTTGCTTA-1,0.000108,0.000108,0.999784
ACGAGGATACCACTCT-1,0.000049,0.04366,0.956292
ACGAGGTTTACAACGT-1,0.000035,0.057856,0.942109
ACGAGTACGGATGCCC-1,0.000058,0.037784,0.962158
ACGAGTCGCCGGCGTT-1,0.000124,0.000124,0.999752
ACGATACATAGAACTA-1,0.000036,0.000036,0.999929
ACGATACCTATCCTGA-1,0.000106,0.050556,0.949338
ACGATCATACATAGAG-1,0.000049,0.000049,0.999901
ACGATCATCTTGTAAA-1,0.000016,0.041681,0.958303
ACGATGCATATGTTAT-1,0.00023,0.00023,0.99954
ACGATGGATCCGATGC-1,0.000094,0.000094,0.999813
ACGCAAACTAATAGAT-1,0.000108,0.044503,0.955389
ACGCAATCACTACAGC-1,0.000033,0.017873,0.982095
ACGCATAAATGACATG-1,0.0001,0.0001,0.999801
ACGCATACGTTTACTA-1,0.00002,0.00002,0.99996
ACGCATTCGTGAGTAC-1,0.000066,0.000066,0.999868
ACGCCACTCGAAACAG-1,0.000009,0.000009,0.999982
ACGCCAGATGATTTCT-1,0.000095,0.000095,0.999811
ACGCCAGTGCGTTTGC-1,0.000023,0.083968,0.916008
ACGCCCAGCTGTCGAT-1,0.000049,0.000049,0.999903
ACGCCGCTAGACGACC-1,0.000024,0.000024,0.999952
ACGCCTGACACGCGCT-1,0.00019,0.00019,0.99962
ACGCGAAGTCAGACGA-1,0.000072,0.000072,0.999856
ACGCGCTACACAGGGT-1,0.000142,0.002489,0.997369
ACGCGGGCCAAGGACA-1,0.000046,0.000046,0.999908
ACGCGTTTCTTAAGAG-1,0.00009,0.00009,0.99982
ACGCTACTGAATGGGC-1,0.000023,0.398585,0.601392
ACGCTAGTATCAGTGC-1,0.000049,0.017052,0.982899
ACGCTAGTGATACACT-1,0.000027,0.001555,0.998418
ACGCTGTGAGGCGTAG-1,0.000047,0.073232,0.926721
ACGCTTAGTGTCTCTC-1,0.000042,0.000042,0.999916
ACGGAACACGAGTGCC-1,0.000013,0.116199,0.883788
ACGGAATTTAGCAAAT-1,0.000195,0.000195,0.999611
ACGGACGCAGCGACAA-1,0.00002,0.00002,0.999959
ACGGACTCTCAAAGCG-1,0.000052,0.000052,0.999897
ACGGAGCGCAAATTAC-1,0.000026,0.000026,0.999948
ACGGATGGTGCGGATA-1,0.000056,0.011528,0.988416
ACGGCACTTGCTTGGG-1,0.000051,0.000051,0.999899
ACGGCCAACATGGACT-1,0.00008,0.00008,0.999841
ACGGCGACGATGGGAA-1,0.000077,0.000077,0.999845
ACGGCGGGTTGCCCTG-1,0.000167,0.000167,0.999666
ACGGCTGGATGTAGAA-1,0.00017,0.00017,0.999659
ACGGGAGTGTCGGCCC-1,0.000207,0.000207,0.999586
ACGGGCGTATGCGACA-1,0.000052,0.20643,0.793518
ACGGGTCATGTGACTT-1,0.000115,0.117792,0.882092
ACGGGTTGTGACCTGT-1,0.000035,0.076861,0.923104
ACGGTACAGTTCAATG-1,0.000031,0.023486,0.976483
ACGGTCACCGAGAACA-1,0.000025,0.000025,0.999951
ACGTACAGATTTCTCT-1,0.000102,0.000102,0.999795
ACGTACTTTGGCACGG-1,0.000033,0.013205,0.986762
ACGTAGATTGCTGATG-1,0.000082,0.019855,0.980063
ACGTAGGAGAGTCGCT-1,0.000062,0.000062,0.999876
ACGTATTACTCCGATC-1,0.000048,0.031544,0.968408
ACGTCCTAAACGAGAT-1,0.000083,0.003902,0.996014
ACGTCGGGCAACTCGG-1,0.000023,0.164612,0.835365
ACGTCTCGTTCCGGGA-1,0.000046,0.000046,0.999909
ACGTGACAAAGTAAGT-1,0.000034,0.009615,0.990351
ACGTGCGCCTCGTGCA-1,0.000084,0.000084,0.999833
ACGTGGTCGAATGTGC-1,0.000049,0.000049,0.999902
ACGTTAATGTCGAAGA-1,0.000067,0.000067,0.999865
ACGTTAGATTTGCCCG-1,0.000174,0.000174,0.999652
ACGTTATTGGTCACTC-1,0.000092,0.107781,0.892127
ACGTTCACTATGCCGC-1,0.000101,0.000101,0.999797
ACGTTCCGCGCTCCGT-1,0.000062,0.000062,0.999876
ACGTTCGCAATCAATT-1,0.000028,0.054015,0.945957
ACGTTCGTTCAGGAAA-1,0.000151,0.041291,0.958558
ACGTTCTGTACAAGTC-1,0.000027,0.103462,0.896511
ACGTTGTCGTTGAAAG-1,0.000109,0.000109,0.999783
ACGTTTAGTTGTGATC-1,0.000134,0.022598,0.977268
ACGTTTCGGTGCACTT-1,0.000071,0.999217,0.000712
ACTAAGGACGCACACC-1,0.000042,0.157964,0.841994
ACTAATACGTCAGGCG-1,0.000078,0.000078,0.999844
ACTACAAAGAGAGGTG-1,0.000098,0.121713,0.878189
ACTACATCCCGACAAG-1,0.000022,0.045633,0.954344
ACTACCAGCTCTCTGG-1,0.000244,0.000244,0.999513
ACTACCATCCGAGGGC-1,0.000011,0.060706,0.939283
ACTACGCGTTAGAATT-1,0.000078,0.000078,0.999844
ACTAGTTGCGATCGTC-1,0.000058,0.078724,0.921218
ACTATATGCTGTGTTC-1,0.000039,0.000039,0.999923
ACTATCCAGGGCATGG-1,0.000024,0.016496,0.98348
ACTATCGCCGGCTAAA-1,0.000037,0.000037,0.999926
ACTATCTGCCCGCGTA-1,0.000056,0.452437,0.547507
ACTATGTCCAGCTGCC-1,0.00003,0.029631,0.970338
ACTATTCGTCCGTGGT-1,0.000047,0.000047,0.999907
ACTATTTCCGGGCCCA-1,0.000165,0.000165,0.99967
ACTCAACGAATGTATT-1,0.000268,0.000268,0.999464
ACTCAAGTGCAAGGCT-1,0.000058,0.020707,0.979235
ACTCAATAAAGGCACG-1,0.000081,0.000081,0.999838
ACTCAGACCTGCTTCT-1,0.000313,0.000313,0.999373
ACTCATGGCAGCCTTC-1,0.00002,0.00002,0.999959
ACTCCAATATCATCAT-1,0.000079,0.014542,0.985379
ACTCCCATTCCTAAAG-1,0.000044,0.1562,0.843756
ACTCCCGAATTCGTTT-1,0.00006,0.00006,0.999879
ACTCCCGTAGACTAGG-1,0.000069,0.03,0.96993
ACTCCCTAATGCTAAA-1,0.000059,0.000059,0.999883
ACTCCCTAGAATAGTA-1,0.000029,0.000029,0.999942
ACTCCGGCCGACCACT-1,0.000018,0.010159,0.989822
ACTCGATGTATTTCAT-1,0.000197,0.000197,0.999606
ACTCGCCGTTCGATAA-1,0.000038,0.852687,0.147275
ACTCGCGATCTGACGC-1,0.000043,0.692099,0.307858
ACTCGTAACCCGTCCT-1,0.000129,0.000129,0.999741
ACTCGTCAGTAATCCC-1,0.00008,0.00008,0.999841
ACTCTAAACCTGGGAT-1,0.000037,0.000037,0.999926
ACTCTCTGACTTAGGT-1,0.000119,0.066234,0.933647
ACTCTCTTATACACGA-1,0.000115,0.000115,0.999769
ACTCTGACCTAATAGA-1,0.000021,0.022018,0.977961
ACTCTTCAGCTCCCGC-1,0.000049,0.370168,0.629783
ACTCTTGTATAGTAAC-1,0.000084,0.000084,0.999833
ACTGAAACGCCGTTAG-1,0.000045,0.031143,0.968811
ACTGAATGGCGAAAGT-1,0.000027,0.018659,0.981314
ACTGATTTAGTGATTC-1,0.000097,0.000097,0.999807
ACTGCCCGCCATTCTC-1,0.000034,0.000034,0.999931
ACTGCCGTCGTAACTC-1,0.000078,0.000078,0.999844
ACTGCGGACACACCGT-1,0.000048,0.377076,0.622875
ACTGCTCGGAAGGATG-1,0.000061,0.000061,0.999877
ACTGGCGAACCTGCGT-1,0.000057,0.000057,0.999887
ACTGGGATGCCAGTGC-1,0.000056,0.000056,0.999889
ACTGTACGATACACAT-1,0.000055,0.009601,0.990344
ACTGTAGCACTTTGGA-1,0.000138,0.000138,0.999725
ACTGTATACGCGAGCA-1,0.000277,0.000277,0.999446
ACTGTCCAGGATTATA-1,0.000147,0.000147,0.999705
ACTGTCTTCTTTAGAA-1,0.000104,0.000104,0.999792
ACTGTGCTAGTAGATC-1,0.000479,0.000479,0.999042
ACTGTTTAGTGTAGGC-1,0.000189,0.000189,0.999623
ACTTACCGGGCGCGCA-1,0.000029,0.000029,0.999941
ACTTACGCATCCACGC-1,0.000082,0.000082,0.999836
ACTTAGTACGACAAGA-1,0.000205,0.000205,0.99959
ACTTATACTTACCCGG-1,0.000039,0.000039,0.999922
ACTTATTAGGATCGGT-1,0.000127,0.000127,0.999745
ACTTATTTATGTGCCA-1,0.000055,0.016479,0.983466
ACTTCAGGCTGATCCC-1,0.000049,0.01109,0.988861
ACTTCCAGTGGAAGCT-1,0.00003,0.080378,0.919592
ACTTCCATGCGGGACA-1,0.000043,0.007116,0.992841
ACTTCCTGTCGTGCGA-1,0.000051,0.000051,0.999898
ACTTCGCCATACGCAC-1,0.000085,0.000085,0.99983
ACTTCGCTAGCGAGTG-1,0.000027,0.221622,0.778351
ACTTGACTCCCTCTTT-1,0.000054,0.000054,0.999892
ACTTGCCATATTGTAC-1,0.000182,0.025687,0.974131
ACTTGCTCTATCTACC-1,0.00004,0.021196,0.978764
ACTTGGGACCCGGTGG-1,0.000074,0.000074,0.999852
ACTTGGGCTTTCGCCA-1,0.000025,0.002774,0.997201
ACTTGTAGTCCCTTCA-1,0.000051,0.000051,0.999899
ACTTGTGGATGGAACG-1,0.000029,0.143893,0.856078
ACTTGTTACCGGATCA-1,0.000035,0.000035,0.999931
ACTTTACCCTCATGAA-1,0.000033,0.000033,0.999933
ACTTTATACACCACTT-1,0.000028,0.013575,0.986397
ACTTTCCTATAGCTTC-1,0.00008,0.00008,0.999841
ACTTTGACTGCATCCT-1,0.000088,0.000088,0.999824
ACTTTGGTCGTGCTCC-1,0.000071,0.130899,0.869031
ACTTTGTCGACGCACT-1,0.000061,0.84856,0.151379
AGAAATTATGACTCGC-1,0.000049,0.47968,0.520271
AGAACACGGCGATGGT-1,0.000026,0.000026,0.999949
AGAACCCAGCGTGACA-1,0.000031,0.705643,0.294326
AGAACCCTCAATTGGG-1,0.000015,0.000015,0.999969
AGAACGTGGTACATTC-1,0.000046,0.017228,0.982726
AGAACTGTACTTTGTA-1,0.000029,0.002872,0.997098
AGAAGAGCGCCGTTCC-1,0.00049,0.00049,0.99902
AGAAGGTACACTTCAC-1,0.000056,0.000056,0.999888
AGAAGGTTGCCGAATT-1,0.000141,0.000141,0.999719
AGAAGGTTGTAGGTCG-1,0.000054,0.000054,0.999892
AGAAGTGATTCGTGAT-1,0.000211,0.000211,0.999578
AGAATAAATCTTCAGG-1,0.000055,0.000055,0.99989
AGAATACAGGCTATCC-1,0.000011,0.000011,0.999978
AGAATGCGGGTTCGGA-1,0.000066,0.000066,0.999868
AGAATTATGGATTCGA-1,0.000033,0.00764,0.992327
AGAATTGTTTGACATA-1,0.000174,0.065576,0.934251
AGACAGCTCAGAATCC-1,0.000158,0.000158,0.999684
AGACAGGCATCTCAGC-1,0.000019,0.257571,0.742409
AGACATAGATCCTTCC-1,0.000215,0.094807,0.904977
AGACCAAACCACACCT-1,0.000065,0.000065,0.99987
AGACCATGGGATACAA-1,0.000346,0.000346,0.999308
AGACCCACCGCTGATC-1,0.000051,0.000051,0.999899
AGACCCGCCCTCCTCG-1,0.000048,0.000048,0.999903
AGACCGCTCCGCGGTT-1,0.000065,0.304666,0.69527
AGACCGGGAAACCCTG-1,0.000087,0.019238,0.980675
AGACGAAGTGCCGGTC-1,0.000024,0.160673,0.839303
AGACGACGATGCCGCT-1,0.000074,0.025908,0.974018
AGACGCCCACTTCGCC-1,0.00007,0.73636,0.26357
AGACGGGATTGGTATA-1,0.000067,0.000067,0.999866
AGACGGGCCGATTTAA-1,0.000044,0.000044,0.999912
AGACTAGCCTTCCAGA-1,0.000065,0.000065,0.999871
AGACTGTTACCGGGTC-1,0.000136,0.074121,0.925743
AGAGAAACACCAGAAA-1,0.00007,0.002751,0.997179
AGAGAACCGTCTAGGA-1,0.000031,0.000031,0.999938
AGAGAAGGAGTACAAT-1,0.000109,0.000109,0.999782
AGAGATCTCTAAAGCG-1,0.000147,0.107312,0.89254
AGAGCAGTTATGAGAC-1,0.000201,0.000201,0.999597
AGAGCCGCCGAGATTT-1,0.000025,0.133948,0.866026
AGAGCGCTTGTAACGG-1,0.00003,0.00003,0.999941
AGAGCGGGCTAATCAT-1,0.000076,0.021947,0.977978
AGAGCGTACAAGCTCG-1,0.000332,0.000332,0.999336
AGAGCTACGAAAGCAT-1,0.000243,0.000243,0.999514
AGAGGCTTCGGAAACC-1,0.000028,0.03956,0.960413
AGAGGGACAATTGTCC-1,0.000044,0.000044,0.999912
AGAGGTATCTCGGTCC-1,0.000202,0.000202,0.999596
AGAGTAAACTTCACTA-1,0.000024,0.018473,0.981503
AGAGTATAGTGTTACG-1,0.000073,0.000073,0.999855
AGAGTCTTAATGAAAG-1,0.000056,0.757226,0.242718
AGAGTGAACAGACACC-1,0.00004,0.00004,0.99992
AGAGTTAGAGACCGAT-1,0.000092,0.000092,0.999815
AGAGTTGCAGGCCTCC-1,0.000033,0.000033,0.999935
AGATAACTTCAGGGCC-1,0.000074,0.035346,0.96458
AGATAATCACACCTAT-1,0.000018,0.032213,0.967768
AGATACCAATAGAACC-1,0.000037,0.511976,0.487987
AGATACCAGCACTTCA-1,0.000042,0.000042,0.999915
AGATACCGGTGTTCAC-1,0.000174,0.000174,0.999651
AGATACGACTTCATAT-1,0.000196,0.000196,0.999609
AGATACTCAAGATCGA-1,0.000067,0.094125,0.905808
AGATATAATACGACTA-1,0.000129,0.000129,0.999742
AGATCGTGCATAAGAT-1,0.000018,0.042793,0.957189
AGATCTCAGGTGTGAT-1,0.000072,0.000072,0.999855
AGATCTGGAGAGGATA-1,0.000062,0.000062,0.999876
AGATGACTCGCCCACG-1,0.000145,0.000145,0.999711
AGATGAGGGTTGCGAT-1,0.000047,0.000047,0.999907
AGATGATGGAGTCTGG-1,0.000047,0.029408,0.970545
AGATGCAAGACGTGCA-1,0.000065,0.000065,0.99987
AGATGCATCCTGTGTC-1,0.000031,0.000031,0.999938
AGATGCTATAACGAGC-1,0.000092,0.000092,0.999816
AGATTATAGGACGTTT-1,0.000163,0.000163,0.999673
AGATTCAAGCGGGTCG-1,0.000107,0.000107,0.999786
AGATTCACAACCGATA-1,0.000089,0.022602,0.977309
AGCAAAGGCCGCTAGT-1,0.000057,0.000057,0.999886
AGCAACATATCTTATT-1,0.000026,0.000026,0.999948
AGCAACCGAAAGTAAT-1,0.000034,0.041714,0.958252
AGCACACGTTTAGACT-1,0.000045,0.008837,0.991118
AGCACCAGTACTCACG-1,0.000091,0.022283,0.977626
AGCACTACCGGCCTGT-1,0.000177,0.000177,0.999645
AGCACTACCTCACCAG-1,0.000061,0.010281,0.989658
AGCACTTAAGGACGCC-1,0.000173,0.000173,0.999653
AGCAGAAGGAGAAAGA-1,0.000027,0.000027,0.999947
AGCAGCCAGATGAATA-1,0.000063,0.000063,0.999873
AGCAGTCGAAGCATGC-1,0.000024,0.164996,0.83498
AGCATATCAATATGCT-1,0.000047,0.042707,0.957246
AGCATCATTTCGAAAG-1,0.000038,0.000038,0.999925
AGCATCGTCGATAATT-1,0.000132,0.056653,0.943215
AGCATTACGAGGCAAG-1,0.000036,0.058848,0.941116
AGCCAAGCTTTGTGTC-1,0.000062,0.000062,0.999877
AGCCACAGGTTACCCG-1,0.000037,0.024128,0.975834
AGCCACTCCCGTGCTT-1,0.000041,0.000041,0.999917
AGCCATATAGTATGTG-1,0.000071,0.000071,0.999859
AGCCCATACATGTAAG-1,0.000227,0.000227,0.999546
AGCCCGCAACAAGCAG-1,0.000055,0.021411,0.978534
AGCCCGCACTACAATG-1,0.000025,0.75086,0.249114
AGCCCGGCATTAGAGG-1,0.000029,0.000029,0.999942
AGCCCGGTAGCCTGTA-1,0.000088,0.338737,0.661175
AGCCCTAAGCGAAGTT-1,0.000073,0.000073,0.999853
AGCCCTCCCTGGTGGC-1,0.000051,0.003287,0.996662
AGCCCTGTCGCACCGT-1,0.000051,0.346177,0.653772
AGCCCTTCTAATCCGA-1,0.000029,0.000029,0.999943
AGCCCTTGGACATCCC-1,0.000051,0.8979,0.102049
AGCCGCAAATTCAAAT-1,0.000071,0.000071,0.999858
AGCCGCTTGATTAGCG-1,0.000075,0.000075,0.99985
AGCCGTGGCTAAATGT-1,0.000078,0.03205,0.967872
AGCCTAATACCCACGT-1,0.000052,0.043278,0.956671
AGCCTTAAAGCGGAAG-1,0.000118,0.248437,0.751444
AGCCTTGTCACTGATA-1,0.000062,0.026547,0.973391
AGCGACAGGAACGGTC-1,0.000111,0.001418,0.998471
AGCGACATCCCATTCA-1,0.000115,0.000115,0.99977
AGCGACCAACGATATT-1,0.00004,0.00004,0.99992
AGCGACTTTGAAGACA-1,0.000107,0.000107,0.999786
AGCGAGACGTGAAGGC-1,0.000036,0.125275,0.874689
AGCGATGCGCCTAATA-1,0.000047,0.249855,0.750098
AGCGCATAATGAATCG-1,0.000051,0.000051,0.999897
AGCGCGGGTGCCAATG-1,0.000028,0.000028,0.999943
AGCGCTAGAGCGATGT-1,0.000046,0.498193,0.501761
AGCGCTTATGGGCAAG-1,0.000076,0.000076,0.999847
AGCGGACACTTCGTAG-1,0.000094,0.000094,0.999813
AGCGGCGGTTAGCGGT-1,0.000069,0.000069,0.999861
AGCGGGAAGGGTCCAT-1,0.000193,0.228388,0.771418
AGCGGGTCTGACACTC-1,0.000061,0.000061,0.999878
AGCGGTTGAGATGTAC-1,0.000049,0.000049,0.999902
AGCGGTTGCCGCTCTG-1,0.000052,0.000052,0.999896
AGCGTACGAGAGCTAG-1,0.000066,0.011539,0.988395
AGCGTCTGAACCCGCA-1,0.000097,0.017753,0.98215
AGCGTGGTATTCTACT-1,0.000072,0.000072,0.999857
AGCGTTCCGATTTAAA-1,0.000061,0.000061,0.999878
AGCTAACAAGCAATGT-1,0.000115,0.004086,0.995798
AGCTAAGCTCCGTCCG-1,0.000021,0.000021,0.999957
AGCTAAGTACGCAGGC-1,0.00005,0.072407,0.927543
AGCTACGAATGGTGGT-1,0.000053,0.837066,0.162881
AGCTAGAAGCAGAAGT-1,0.000022,0.000022,0.999956
AGCTATTTAATCCAAC-1,0.000054,0.000054,0.999891
AGCTCCATATATGTTC-1,0.000029,0.377192,0.622779
AGCTCCTTCGCACATC-1,0.000058,0.031929,0.968014
AGCTCGTTGATGGAAA-1,0.000038,0.000038,0.999923
AGCTCTAGACGTTCCA-1,0.00005,0.00005,0.999899
AGCTCTTCCCAGTGCA-1,0.000041,0.000041,0.999917
AGCTCTTCGTAACCTT-1,0.00004,0.005025,0.994936
AGCTCTTTACTCAGTT-1,0.000105,0.000105,0.999789
AGCTGAAGTAAACCAA-1,0.00002,0.00002,0.999959
AGCTGCATTTGAGGTG-1,0.000074,0.000074,0.999853
AGCTGCTGTGCCGAAT-1,0.000057,0.000057,0.999887
AGCTGTAACCTCAATC-1,0.000186,0.000186,0.999628
AGCTTATAGAGACCTG-1,0.00018,0.037031,0.962789
AGCTTCAATACTTTGA-1,0.000099,0.029009,0.970893
AGCTTCTTCTCGAGCA-1,0.000042,0.112849,0.88711
AGCTTGATCAGGGTAG-1,0.000051,0.048506,0.951443
AGCTTGATCTTAACTT-1,0.000181,0.039805,0.960014
AGGAAAGCCTCTGATG-1,0.000255,0.000255,0.99949
AGGAACGAACGACTTC-1,0.000049,0.870001,0.12995
AGGAAGCTGTCCGCCG-1,0.000064,0.000064,0.999872
AGGACAGTCGAATCCC-1,0.000051,0.000051,0.999898
AGGACATCGCACGTCG-1,0.000284,0.000284,0.999431
AGGACATCGGCACACT-1,0.00006,0.900941,0.098999
AGGACGACCCATTAGA-1,0.000092,0.057317,0.942592
AGGACGCTCGATGTTG-1,0.000052,0.036348,0.9636
AGGACTTATAGGAGAA-1,0.00012,0.00012,0.999759
AGGAGACATCCACAGT-1,0.000022,0.000022,0.999955
AGGAGAGTCTGGCTAC-1,0.000028,0.024076,0.975896
AGGAGCGTTTATTATC-1,0.000063,0.435132,0.564805
AGGAGGCCTTCGCGCG-1,0.000033,0.020921,0.979047
AGGATAAAGTCGGGAT-1,0.000043,0.000043,0.999914
AGGATATAGGGATTTA-1,0.000038,0.000038,0.999925
AGGATATCCGACTGCA-1,0.000016,0.047351,0.952633
AGGATCACGCGATCTG-1,0.000094,0.000094,0.999811
AGGATTGCTTACGACA-1,0.000037,0.017777,0.982186
AGGCAATACGGAGGAC-1,0.000207,0.000207,0.999586
AGGCACGTGACTGTCC-1,0.000069,0.621676,0.378255
AGGCAGATGCGTAAAC-1,0.000028,0.025106,0.974865
AGGCAGGGAGCGTACT-1,0.000174,0.000174,0.999651
AGGCATTGTCGTAGGG-1,0.000047,0.002411,0.997542
AGGCCACATTGGTTAC-1,0.000036,0.63684,0.363125
AGGCCACCCGTTATGA-1,0.000137,0.000137,0.999726
AGGCCCAGTGACTGGT-1,0.000217,0.000217,0.999566
AGGCCCATTGTACAGG-1,0.000118,0.000118,0.999765
AGGCCCTAGAACGCCA-1,0.000092,0.074575,0.925334
AGGCCTATCATACCAA-1,0.000181,0.000181,0.999638
AGGCCTGAGAATCTCG-1,0.000031,0.000823,0.999146
AGGCGATAACTGGCGT-1,0.000028,0.488029,0.511943
AGGCGGTTTGTCCCGC-1,0.000049,0.03343,0.966521
AGGCGTCTATGGACGG-1,0.000032,0.024369,0.975599
AGGCTATGGTTAGCTT-1,0.000227,0.086517,0.913255
AGGCTTAAGTTGCACA-1,0.000064,0.000064,0.999872
AGGCTTCCCGAAGAAG-1,0.000114,0.000114,0.999773
AGGCTTGCTAGACACC-1,0.000227,0.000227,0.999546
AGGGAAACGAGGTACT-1,0.000045,0.014223,0.985732
AGGGACAGCACGGCGG-1,0.000173,0.070502,0.929325
AGGGACCGGCTGCGTT-1,0.00003,0.034492,0.965478
AGGGACTCTACGCGAC-1,0.000088,0.024444,0.975468
AGGGAGACATACTTCG-1,0.000029,0.03649,0.963481
AGGGCAGCGGCGTGGT-1,0.000101,0.000101,0.999798
AGGGCCCTAATGTTCT-1,0.00005,0.830326,0.169624
AGGGCGAGCAGCTGAT-1,0.000157,0.014847,0.984996
AGGGCGTGATCGGCTA-1,0.000122,0.000122,0.999756
AGGGCTGCAGTTACAG-1,0.000057,0.000057,0.999886
AGGGTCAGAGCACTCG-1,0.00015,0.00015,0.999701
AGGGTCAGTAACCCTA-1,0.000044,0.000044,0.999912
AGGGTCGATGCGAACT-1,0.000048,0.009928,0.990024
AGGGTCTGGACGCAGT-1,0.000029,0.623954,0.376017
AGGGTGCCGTTCTTTA-1,0.000116,0.000116,0.999768
AGGGTGCTCTCGAGGG-1,0.00004,0.060163,0.939796
AGGGTGGATAGTGCAT-1,0.000163,0.030669,0.969169
AGGGTGTGCTACACGC-1,0.000087,0.000087,0.999825
AGGGTTCAGACGGTCC-1,0.000157,0.050333,0.94951
AGGGTTCCCTTTGGTT-1,0.000048,0.000048,0.999904
AGGGTTTAGTTCGGGA-1,0.00011,0.00011,0.99978
AGGTAACCTCCTATTC-1,0.000265,0.000265,0.999471
AGGTACGATATTGCCA-1,0.000046,0.000046,0.999908
AGGTAGATCGAGATAT-1,0.000097,0.000097,0.999806
AGGTAGGTACAAAGCT-1,0.000093,0.000093,0.999815
AGGTATAATTGATAGT-1,0.000028,0.098054,0.901918
AGGTATGCGGACATTA-1,0.00005,0.342512,0.657438
AGGTCAGGTGAGAGTG-1,0.00012,0.00012,0.99976
AGGTCGCCACTTCGGT-1,0.000076,0.000076,0.999847
AGGTCGCCTCCCAACA-1,0.000038,0.960604,0.039358
AGGTCGCGGAGTTACT-1,0.000021,0.039957,0.960022
AGGTGCACGTCCACAT-1,0.000032,0.179881,0.820087
AGGTGGTGACCTTCGC-1,0.000107,0.000107,0.999787
AGGTGTATCGCCATGA-1,0.000151,0.002128,0.997721
AGGTGTTGCCGACCAC-1,0.000045,0.831149,0.168806
AGGTTACACCATGCCG-1,0.000058,0.323926,0.676016
AGGTTCTCCTTTCCGG-1,0.000033,0.076063,0.923904
AGGTTGAGGCACGCTT-1,0.000081,0.000081,0.999837
AGGTTTCACACACCTT-1,0.00002,0.002405,0.997575
AGTAACGTTCATCCTG-1,0.000117,0.000117,0.999766
AGTAACTATAGCAGCC-1,0.000031,0.697487,0.302482
AGTAAGGGACAGAATC-1,0.000029,0.54607,0.453901
AGTAATCTAAGGGTGG-1,0.000032,0.06248,0.937488
AGTAATGTCTTGCCGC-1,0.000158,0.000158,0.999685
AGTAATTTGCAAGCGT-1,0.000016,0.06127,0.938713
AGTACAGAAGCTTATA-1,0.000024,0.03593,0.964045
AGTACATCATTTATCA-1,0.000043,0.014006,0.985951
AGTACCTTCGAGTGCT-1,0.000085,0.000085,0.99983
AGTACGGCCCGTATCG-1,0.000049,0.000049,0.999902
AGTACGGGCACCTGGC-1,0.000056,0.000056,0.999888
AGTACGTGGCCTGTCT-1,0.000075,0.000075,0.999849
AGTACTCTTATGCCCA-1,0.000054,0.023337,0.976609
AGTAGAAGGCGCCTCA-1,0.000052,0.000052,0.999896
AGTAGCGTGAACGAAC-1,0.000075,0.011911,0.988015
AGTAGCTAGACGCCGA-1,0.000126,0.000126,0.999747
AGTAGGAAGGAAGTTG-1,0.000059,0.022986,0.976955
AGTAGGTAACATACAT-1,0.000078,0.000078,0.999845
AGTATAATACTAGGCA-1,0.00016,0.00016,0.999681
AGTATACACAGCGACA-1,0.000112,0.000112,0.999776
AGTATGCTGGAGACCA-1,0.000083,0.04828,0.951637
AGTATTTGGCACGACC-1,0.000158,0.000158,0.999684
AGTCAAATGATGTGAT-1,0.000149,0.000149,0.999703
AGTCAACACCACCATC-1,0.000056,0.0289,0.971044
AGTCAAGATGACACTT-1,0.000042,0.000042,0.999917
AGTCACTAGCTCTCGA-1,0.000044,0.000146,0.99981
AGTCACTCCGCCTCAT-1,0.000157,0.079492,0.920351
AGTCAGCCACCGCCTG-1,0.000255,0.000255,0.99949
AGTCCAGCGGGTACGT-1,0.000117,0.070773,0.92911
AGTCCATTGGCTGATG-1,0.000031,0.047818,0.952152
AGTCCCGCCTTTAATT-1,0.000047,0.030479,0.969474
