Barcode,Topic 1,Topic 2,Topic 3to8,Topic 9to10
AAACAAGTATCTCCCA-1,0.017532,0.569562,0.291355,0.121551
AAACACCAATAACTGC-1,0.701195,0.000026,0.004953,0.293826
AAACAGCTTTCAGAAG-1,0.586382,0.000022,0.185487,0.228109
AAACAGGGTCTATATT-1,0.85983,0.118579,0.000186,0.021405
AAACAGTGTTCCTGGG-1,0.597918,0.171182,0.226391,0.004508
AAACATGGTGAGAGGA-1,0.079363,0.078911,0.531595,0.310132
AAACATTTCCCGGATT-1,0.152332,0.290857,0.304358,0.252453
AAACCCGAACGAAATC-1,0.097578,0.31717,0.52647,0.058782
AAACCGGAAATGTTAA-1,0.055535,0.100029,0.644176,0.200259
AAACCGGGTAGGTACC-1,0.327993,0.019664,0.401227,0.251116
AAACCGTTCGTCCAGG-1,0.977739,0.00078,0.000106,0.021375
AAACCTAAGCAGCCGG-1,0.060389,0.009498,0.559896,0.370217
AAACCTCATGAAGTTG-1,0.311272,0.046198,0.482056,0.160473
AAACGAAGATGGAGTA-1,0.559258,0.000035,0.000209,0.440499
AAACGAGACGGTTGAT-1,0.038443,0.27979,0.496225,0.185543
AAACGGGCGTACGGGT-1,0.043579,0.000008,0.558101,0.398312
AAACGGTTGCGAACTG-1,0.414534,0.003381,0.364528,0.217556
AAACTCGGTTCGCAAT-1,0.288126,0.053886,0.323493,0.334495
AAACTCGTGATATAAG-1,0.014984,0.636323,0.348525,0.000169
AAACTGCTGGCTCCAA-1,0.000011,0.097831,0.620256,0.281902
AAACTTAATTGCACGC-1,0.090559,0.000026,0.02716,0.882255
AAACTTGCAAACGTAT-1,0.827268,0.116814,0.001105,0.054814
AAAGAATGACCTTAGA-1,0.103685,0.029885,0.687984,0.178447
AAAGACCCAAGTCGCG-1,0.000017,0.153404,0.846543,0.000035
AAAGACTGGGCGCTTT-1,0.273306,0.052593,0.513148,0.160954
AAAGGCCCTATAATAC-1,0.162737,0.000015,0.004014,0.833234
AAAGGCTACGGACCAT-1,0.915316,0.084483,0.000151,0.00005
AAAGGCTCTCGCGCCG-1,0.719656,0.144402,0.051582,0.08436
AAAGGGATGTAGCAAG-1,0.000019,0.343749,0.656195,0.000037
AAAGGGCAGCTTGAAT-1,0.001549,0.007318,0.872422,0.118711
AAAGTAGCATTGCTCA-1,0.949737,0.041408,0.000112,0.008742
AAAGTCACTGATGTAA-1,0.000023,0.821967,0.177963,0.000046
AAAGTCGACCCTCAGT-1,0.254401,0.304258,0.098765,0.342577
AAAGTGCCATCAATTA-1,0.000008,0.049444,0.679016,0.271533
AAAGTGTGATTTATCT-1,0.000015,0.18285,0.689237,0.127898
AAAGTTGACTCCCGTA-1,0.035423,0.073215,0.786736,0.104625
AAATAACCATACGGGA-1,0.027144,0.283769,0.688963,0.000124
AAATAAGGTAGTGCCC-1,0.018183,0.968491,0.013252,0.000074
AAATACCTATAAGCAT-1,0.007299,0.024627,0.906518,0.061556
AAATAGCTTAGACTTT-1,0.00457,0.301499,0.446977,0.246955
AAATAGGGTGCTATTG-1,0.001262,0.078041,0.50139,0.419306
AAATCCGATACACGCC-1,0.000007,0.000007,0.470102,0.529885
AAATCGCGGAAGGAGT-1,0.482556,0.001927,0.23503,0.280488
AAATCGTGTACCACAA-1,0.06559,0.200497,0.683246,0.050667
AAATCTAGCCCTGCTA-1,0.01525,0.115343,0.560825,0.308583
AAATCTGCCCGCGTCC-1,0.128664,0.116509,0.709438,0.045388
AAATGATTCGATCAGC-1,0.033091,0.476262,0.469709,0.020938
AAATGCTCGTTACGTT-1,0.057386,0.066661,0.874187,0.001766
AAATGGCATGTCTTGT-1,0.000026,0.717308,0.282614,0.000052
AAATGGCCCGTGCCCT-1,0.581893,0.000016,0.30501,0.113081
AAATGGTCAATGTGCC-1,0.000014,0.121963,0.877995,0.000028
AAATGTATCTTATCCC-1,0.033048,0.13428,0.276146,0.556525
AAATTAACGGGTAGCT-1,0.000142,0.167978,0.788512,0.043367
AAATTAATAAGCGCGA-1,0.020291,0.000022,0.824687,0.155
AAATTACACGACTCTG-1,0.015413,0.480231,0.504243,0.000113
AAATTACCTATCGATG-1,0.000007,0.003606,0.937362,0.059024
AAATTCCAGGTCCAAA-1,0.00019,0.074625,0.830234,0.09495
AAATTGATAGTCCTTT-1,0.944334,0.035498,0.007659,0.012509
AAATTGCGGCGGTTCT-1,0.123671,0.65142,0.22474,0.000169
AAATTTGCGGGTGTGG-1,0.769308,0.172556,0.016303,0.041832
AACAACTGGTAGTTGC-1,0.000007,0.010266,0.961532,0.028195
AACAATACATTGTCGA-1,0.77493,0.015388,0.102395,0.107287
AACAATTACTCTACGC-1,0.006975,0.159652,0.812238,0.021135
AACACACGCTCGCCGC-1,0.078679,0.433537,0.3826,0.105184
AACACGACTGTACTGA-1,0.066657,0.473405,0.459823,0.000115
AACACGAGACGCGGCC-1,0.834462,0.165343,0.000147,0.000049
AACACGCGGCCGCGAA-1,0.004891,0.862767,0.000354,0.131988
AACAGCTGTGTGGCAA-1,0.683344,0.016023,0.179074,0.121559
AACAGGAAATCGAATA-1,0.000007,0.002042,0.983016,0.014935
AACAGGATGGGCCGCG-1,0.002064,0.077029,0.919978,0.000929
AACAGGTAGTATGGAT-1,0.000005,0.000005,0.62123,0.37876
AACATATCAACTGGTG-1,0.000008,0.100764,0.578151,0.321077
AACATTGAAGTTGATC-1,0.111083,0.000018,0.286753,0.602147
AACATTGTGACTCGAG-1,0.830552,0.110778,0.000499,0.058172
AACCAAGACTTCTCTG-1,0.035486,0.434394,0.417383,0.112737
AACCATAGGGTTGAAC-1,0.001542,0.000017,0.300954,0.697487
AACCATGGGATCGCTA-1,0.01615,0.023176,0.944545,0.016128
AACCCAGAGACGGAGA-1,0.000011,0.000115,0.979126,0.020748
AACCCATCCCATGATC-1,0.911926,0.000026,0.019655,0.068393
AACCCGACAACCCGTG-1,0.806587,0.081265,0.041983,0.070165
AACCCGAGCAGAATCG-1,0.012503,0.13018,0.446486,0.410831
AACCCTACTGTCAATA-1,0.056776,0.304679,0.523942,0.114602
AACCGAGCTTGGTCAT-1,0.000017,0.291112,0.681532,0.027338
AACCGCTAAGGGATGC-1,0.000011,0.20193,0.538826,0.259233
AACCGTTGTGTTTGCT-1,0.00003,0.779415,0.220495,0.00006
AACCTCGCTTTAGCCC-1,0.006842,0.000008,0.461387,0.531764
AACCTGTCACGGAATT-1,0.000019,0.321426,0.544933,0.133622
AACCTTTAAATACGGT-1,0.221668,0.111989,0.323998,0.342345
AACCTTTACGACGTCT-1,0.027586,0.659983,0.312291,0.00014
AACGAAAGTCGTCCCA-1,0.563005,0.000026,0.000154,0.436815
AACGATAATGCCGTAG-1,0.040839,0.016143,0.630907,0.312111
AACGATAGAAGGGCCG-1,0.05841,0.1859,0.720418,0.035272
AACGATATGTCAACTG-1,0.000014,0.108287,0.86412,0.027578
AACGCATGATCTGGGT-1,0.195511,0.804156,0.00025,0.000083
AACGCGAACGGCAACA-1,0.000014,0.321593,0.650496,0.027897
AACGCGACCTTGGGCG-1,0.582573,0.029459,0.26622,0.121748
AACGCGGTCTCCAGCC-1,0.00027,0.38702,0.612664,0.000046
AACGCTGTTGCTGAAA-1,0.000545,0.298178,0.491174,0.210104
AACGGACGTACGTATA-1,0.003701,0.053986,0.913543,0.02877
AACGGCCATCTCCGGT-1,0.933127,0.066742,0.000098,0.000033
AACGTACTGTGGGTAC-1,0.825477,0.174327,0.000147,0.000049
AACGTCAGACTAGTGG-1,0.000013,0.124226,0.859548,0.016214
AACGTGCGAAAGTCTC-1,0.000011,0.089593,0.908935,0.001461
AACGTTATCAGCACCT-1,0.036267,0.394131,0.415257,0.154345
AACTACCCGTTTGTCA-1,0.000009,0.003807,0.699843,0.296342
AACTAGGCTTGGGTGT-1,0.45986,0.072155,0.115247,0.352737
AACTCAAGTTAATTGC-1,0.15129,0.171967,0.289931,0.386812
AACTCCAGAGCGTGTT-1,0.001043,0.039127,0.453852,0.505978
AACTCGATAAACACGT-1,0.048757,0.304217,0.646928,0.000097
AACTCGATGGCGCAGT-1,0.000011,0.096164,0.884615,0.01921
AACTCTCAATAGAGCG-1,0.000016,0.236999,0.733385,0.0296
AACTCTCAGTGTGCTC-1,0.791697,0.000019,0.056621,0.151663
AACTGAGTTATACTGA-1,0.000013,0.020605,0.898726,0.080655
AACTGATATTAGGCCT-1,0.000008,0.058758,0.907918,0.033316
AACTGGGTCCCGACGT-1,0.000011,0.020627,0.969384,0.009978
AACTGGTGTGGGCCTT-1,0.036708,0.962292,0.00075,0.00025
AACTTCTGCGTCTATC-1,0.000025,0.058621,0.904291,0.037064
AACTTGCCCGTATGCA-1,0.000017,0.076367,0.923582,0.000034
AACTTGCGTTCTCGCG-1,0.000027,0.465037,0.494254,0.040681
AACTTTACGGGAGCTT-1,0.000039,0.064643,0.595463,0.339855
AACTTTAGCTGCTGAG-1,0.136772,0.209908,0.653233,0.000087
AAGAAGGATCAGTTAG-1,0.001096,0.344291,0.635213,0.0194
AAGACCAAATAACTCA-1,0.232465,0.004553,0.171682,0.591299
AAGACCCAACTGAACA-1,0.759786,0.000745,0.1232,0.116269
AAGACTAACCCGTTGT-1,0.051206,0.340613,0.608105,0.000077
AAGACTGCAAGCTACT-1,0.000756,0.160867,0.837816,0.000561
AAGAGATGAATCGGTA-1,0.010488,0.001607,0.97185,0.016055
AAGAGCTCTTTATCGG-1,0.000026,0.341584,0.640844,0.017546
AAGAGGATGTACGCGA-1,0.282238,0.487419,0.179568,0.050775
AAGAGGCATGGATCGC-1,0.000013,0.070864,0.910096,0.019027
AAGAGGCCCTTTGGAA-1,0.00118,0.190473,0.250543,0.557804
AAGATGGCACCGGACC-1,0.826988,0.000013,0.113347,0.059652
AAGATTGGCGGAACGT-1,0.000022,0.257843,0.74209,0.000045
AAGCACCCTGCGTATC-1,0.28973,0.066376,0.384092,0.259801
AAGCATACTCTCCTGA-1,0.162364,0.020502,0.589331,0.227802
AAGCCACTTGCAGGTA-1,0.231725,0.112963,0.64783,0.007482
AAGCCGAAGCGGTTTA-1,0.000016,0.240328,0.447735,0.311921
AAGCCGCCGTGAAATC-1,0.269908,0.000024,0.253338,0.476729
AAGCCGGAGAGCAGGA-1,0.00001,0.010747,0.800247,0.188996
AAGCGCAGGGCTTTGA-1,0.202421,0.240982,0.086571,0.470026
AAGCGTCCCTCATCGA-1,0.978023,0.02067,0.000142,0.001165
AAGCTAGATCGAGTAA-1,0.044005,0.356619,0.382386,0.216989
AAGCTCGTGCCAAGTC-1,0.00757,0.308389,0.649001,0.035041
AAGCTCTTTCATGGTG-1,0.000277,0.003988,0.434564,0.561171
AAGGAGCGGTTGGTGC-1,0.000024,0.366843,0.633086,0.000047
AAGGATCGATCGCTTG-1,0.000014,0.25291,0.536577,0.210499
AAGGATGAGGGACCTC-1,0.000014,0.354219,0.593829,0.051938
AAGGCAGGCTGTCTCC-1,0.00001,0.107363,0.683054,0.209573
AAGGCGCGTAAAGCTT-1,0.000008,0.000058,0.961015,0.038919
AAGGCTGTGCTCATCG-1,0.000018,0.247427,0.730345,0.02221
AAGGGAACGACTGGCT-1,0.601733,0.034888,0.037971,0.325408
AAGGGACAGATTCTGT-1,0.016995,0.341457,0.636819,0.004728
AAGGGACTATGCATTC-1,0.99974,0.000029,0.000174,0.000058
AAGGGTTTGATTTCAG-1,0.168518,0.064888,0.041313,0.725282
AAGGTATCCTAATATA-1,0.000008,0.032886,0.945638,0.021468
AAGGTGATAAACCAGC-1,0.000008,0.059199,0.926108,0.014686
AAGTAGAAGACCGGGT-1,0.009459,0.324848,0.657404,0.008289
AAGTAGTGACGCGAGG-1,0.000016,0.152545,0.845391,0.002048
AAGTCAATTGTCGTCA-1,0.036135,0.221979,0.601637,0.140249
AAGTCTTCTGTGGCCT-1,0.044244,0.000762,0.212288,0.742706
AAGTGACGACCGAATT-1,0.318651,0.000737,0.388891,0.29172
AAGTGAGTCGGGTTTA-1,0.67807,0.003958,0.247809,0.070164
AAGTGCAAAGGTAGAC-1,0.031361,0.44453,0.485875,0.038234
AAGTGCCTTGACTGTA-1,0.000016,0.596311,0.27446,0.129214
AAGTGCGTTAGAATCT-1,0.931861,0.067935,0.000153,0.000051
AAGTGCTTCTCTATTG-1,0.448165,0.060143,0.000154,0.491538
AAGTGTTTGGAGACGG-1,0.006324,0.010442,0.652707,0.330527
AAGTTCACTCCAAGCT-1,0.021218,0.026913,0.447559,0.50431
AAGTTCGGCCAACAGG-1,0.700058,0.167047,0.062435,0.070459
AAGTTGTGATGTTATA-1,0.000004,0.000004,0.857504,0.142488
AAGTTTATGGGCCCAA-1,0.210869,0.067969,0.493379,0.227783
AATAACAACGCTCGGC-1,0.015976,0.028676,0.94033,0.015018
AATAACACTAGAACAA-1,0.944577,0.026964,0.028414,0.000045
AATAATCTTCGTATCG-1,0.000013,0.025816,0.725054,0.249117
AATACAATGTTTCAGG-1,0.032285,0.013799,0.862598,0.091319
AATACCGGAGGGCTGT-1,0.745479,0.251439,0.000206,0.002876
AATAGAACAGAGTGGC-1,0.899428,0.054882,0.000147,0.045543
AATAGAATCTGTTTCA-1,0.01699,0.105288,0.60173,0.275992
AATAGTCCGTCCCGAC-1,0.759342,0.100618,0.017959,0.12208
AATAGTCGCGAGTCGG-1,0.000019,0.000019,0.84431,0.155653
AATATCAAGGTCGGAT-1,0.042108,0.488863,0.468975,0.000054
AATATCCTAGCAAACT-1,0.768609,0.009924,0.068926,0.152541
AATATCGAATCAATGC-1,0.006028,0.130076,0.667212,0.196684
AATATCGAGGGTTCTC-1,0.000009,0.009381,0.606642,0.383968
AATATTGGAGTATTGA-1,0.273232,0.301069,0.4044,0.0213
AATCAGACTGCAGGAC-1,0.082557,0.56485,0.331608,0.020984
AATCAGGTTTCATTTA-1,0.235915,0.072662,0.385241,0.306182
AATCATGTAAAGACTC-1,0.000008,0.068107,0.583788,0.348097
AATCCAAGGGCCTGAG-1,0.000012,0.056047,0.858521,0.085421
AATCCATGCAAGGGTG-1,0.000015,0.065597,0.926252,0.008137
AATCGCCTCAGCGCCA-1,0.000347,0.208197,0.721288,0.070167
AATCGCGCAGAGGACT-1,0.000018,0.44992,0.337639,0.212423
AATCGGGACACTACGA-1,0.093318,0.483787,0.422787,0.000108
AATCGTGAGCCGAGCA-1,0.032569,0.156257,0.390106,0.421068
AATCTAGGTTTACTTG-1,0.851899,0.09804,0.020362,0.029699
AATCTATGCCGGAGCC-1,0.019417,0.807493,0.035975,0.137115
AATCTCTACTGTGGTT-1,0.075012,0.000031,0.307114,0.617844
AATCTGCGTTGGGACG-1,0.000014,0.177484,0.652344,0.170159
AATCTGGCTTTCTAGT-1,0.931091,0.000025,0.041144,0.02774
AATGACAGCAATGTCT-1,0.484802,0.000017,0.320829,0.194352
AATGACGTAGGATGTC-1,0.007694,0.191747,0.743465,0.057093
AATGACTGTCAGCCGG-1,0.001962,0.365362,0.632354,0.000322
AATGAGTTCGCATATG-1,0.00002,0.021576,0.978365,0.000039
AATGATGATACGCTAT-1,0.000008,0.001878,0.941415,0.056699
AATGATGCGACTCCTG-1,0.00001,0.021248,0.794265,0.184478
AATGCAACCGGGTACC-1,0.000195,0.13492,0.795777,0.069108
AATGCACCAAGCAATG-1,0.000071,0.947231,0.000424,0.052275
AATGGTCCACCGTTCA-1,0.13405,0.229899,0.386473,0.249578
AATGGTTCTCACAAGC-1,0.000017,0.215748,0.779969,0.004266
AATGTATGGCACTGTA-1,0.024369,0.000018,0.535104,0.440509
AATGTGCCCGAGGTGT-1,0.999812,0.000021,0.000125,0.000042
AATGTGCTAATCTGAG-1,0.768326,0.231417,0.000193,0.000064
AATGTTGTCGTGAGAC-1,0.006383,0.26238,0.729273,0.001964
AATTAAAGGTCGGCGT-1,0.102426,0.369726,0.30884,0.219008
AATTAACGGATTTCCA-1,0.076726,0.000013,0.415296,0.507964
AATTACGAGACCCATC-1,0.342859,0.00003,0.034309,0.622802
AATTACTCGTACGCTC-1,0.000033,0.164162,0.787764,0.048041
AATTAGCGCTGCAGCG-1,0.121875,0.093616,0.45214,0.332369
AATTCATAAGGGATCT-1,0.00001,0.000014,0.951736,0.04824
AATTCATTGTCATGCA-1,0.235202,0.0649,0.000282,0.699616
AATTCCAAGCATGTAC-1,0.489261,0.000017,0.233778,0.276944
AATTCGATTCGAGGAT-1,0.283144,0.177382,0.081963,0.457511
AATTCTAGAGTTAGGC-1,0.190063,0.305979,0.411641,0.092317
AATTGAACGCTCTGGT-1,0.012476,0.616863,0.196562,0.174099
AATTGCAGCAATCGAC-1,0.000011,0.203952,0.326803,0.469234
AATTGCGTGGATTACA-1,0.169248,0.000027,0.398134,0.432591
AATTGTGGTTGCCAAA-1,0.000011,0.2105,0.686053,0.103435
AATTTGGTTCCAAAGA-1,0.000072,0.999356,0.00043,0.000143
ACAAACCATGCGTCCT-1,0.096211,0.000025,0.069832,0.833932
ACAAAGAAGGTAGGCC-1,0.943308,0.044899,0.000402,0.011391
ACAAAGCATGACCTAG-1,0.00001,0.002909,0.331615,0.665465
ACAAATCGCACCGAAT-1,0.001578,0.024471,0.771526,0.202425
ACAAATGGTAGTGTTT-1,0.032186,0.091732,0.709501,0.166581
ACAACAGCATGAGCTA-1,0.000012,0.09356,0.906403,0.000024
ACAACGGTCCCTGCGA-1,0.000824,0.484807,0.514333,0.000036
ACAAGCAGTGCCTAGC-1,0.000016,0.195774,0.803788,0.000423
ACAAGCTATATGGAAG-1,0.007202,0.017681,0.417343,0.557774
ACAAGGAAATCCGCCC-1,0.033529,0.081196,0.753386,0.131889
ACAAGGACAAGAGGTT-1,0.040691,0.135274,0.791789,0.032246
ACAAGGATGCTTTAGG-1,0.00752,0.120198,0.359925,0.512358
ACAAGGGCAGGCTCTG-1,0.000009,0.010553,0.8769,0.112538
ACAATAGTCGTACGTT-1,0.523282,0.268606,0.0851,0.123012
ACAATCCATTTAAACC-1,0.0422,0.112576,0.702058,0.143166
ACAATGAATACGGAGA-1,0.972695,0.000018,0.008608,0.018679
ACAATTGTGTCTCTTT-1,0.000009,0.090245,0.696533,0.213213
ACAATTTAGGAGGCTC-1,0.019207,0.03884,0.833871,0.108082
ACAATTTGAGCAGTGG-1,0.000009,0.160621,0.803131,0.036239
ACAATTTGGCCATATT-1,0.002327,0.012462,0.84739,0.137821
ACACAAAGACGGGTGG-1,0.005018,0.268456,0.725994,0.000531
ACACACCAGGACCAGT-1,0.035173,0.219156,0.513168,0.232503
ACACACTTTCTACACG-1,0.000013,0.006656,0.992564,0.000767
ACACATGATCAAATCT-1,0.357629,0.000021,0.252238,0.390112
ACACATTGACGCAACA-1,0.00003,0.139919,0.859991,0.00006
ACACCACATAATTAGC-1,0.139772,0.858948,0.001186,0.000095
ACACCCAGCATGCAGC-1,0.002251,0.292602,0.62163,0.083517
ACACCCGAGAAATCCG-1,0.063391,0.119075,0.816973,0.000561
ACACCGAGCGCTCTTT-1,0.000026,0.047096,0.883854,0.069024
ACACCGGTCTGACCGC-1,0.134495,0.002636,0.13565,0.727219
ACACCTTAAGTAGGGC-1,0.001702,0.0783,0.908963,0.011035
ACACCTTACTACTTGC-1,0.000006,0.006313,0.613517,0.380164
ACACGAGACTCCTTCT-1,0.004651,0.03391,0.810192,0.151248
ACACGGGAACTTAGGG-1,0.000014,0.190671,0.808102,0.001213
ACACGTAGGCCACAAG-1,0.005152,0.08631,0.592783,0.315754
ACACTCCAATGTCACT-1,0.000014,0.052627,0.940481,0.006879
ACACTGATCAAGGTGT-1,0.896238,0.068163,0.017265,0.018333
ACACTGGGACAGTCGT-1,0.000011,0.015239,0.748715,0.236035
ACAGAACTGAGAACAA-1,0.765317,0.000025,0.000151,0.234508
ACAGATTAGGTTAGTG-1,0.110549,0.307154,0.582182,0.000114
ACAGCATAGAGCCAGT-1,0.000053,0.987822,0.01202,0.000106
ACAGCGACATTCTCAT-1,0.013114,0.096732,0.648966,0.241187
ACAGGCACGGATCCTT-1,0.013188,0.306318,0.584193,0.096301
ACAGGCTTGCCCGACT-1,0.005671,0.316783,0.354883,0.322664
ACAGGTGGAGGTGAGG-1,0.597466,0.000817,0.374024,0.027693
ACAGGTGTGTTGTTGC-1,0.063947,0.211679,0.000316,0.724059
ACAGTAATACAACTTG-1,0.782795,0.005571,0.159442,0.052192
ACATAAGTCGTGGTGA-1,0.536126,0.000023,0.085783,0.378069
ACATAATAAGGCGGTG-1,0.040272,0.190688,0.768994,0.000047
ACATCAGCTGGGACGC-1,0.037698,0.000017,0.50888,0.453405
ACATCCCGGCCATACG-1,0.82424,0.141732,0.01983,0.014198
ACATCCTGGTAACTGT-1,0.000013,0.254188,0.51277,0.233029
ACATCGATCGTTTACC-1,0.023554,0.016781,0.890495,0.06917
ACATCGGTCAGCCGCG-1,0.416272,0.569809,0.001824,0.012096
ACATCGTATGCAATGG-1,0.000009,0.120674,0.641754,0.237563
ACATGGCGCCAAAGTA-1,0.000014,0.226301,0.555917,0.217768
ACATGGCTCAATTTAG-1,0.000027,0.323338,0.676581,0.000054
ACATTAGTTTATATCC-1,0.280448,0.15104,0.279669,0.288842
ACATTCGCGCGGAATA-1,0.003193,0.007356,0.621358,0.368093
ACCAACCGCACTCCAC-1,0.033728,0.473795,0.063222,0.429255
ACCAACGCTTATTTAT-1,0.834674,0.000039,0.031343,0.133944
ACCAAGAACGCGTGTC-1,0.000017,0.173209,0.804536,0.022239
ACCAATATGCAAGTTA-1,0.020032,0.537241,0.268376,0.174351
ACCACAAGTTTCTATC-1,0.026141,0.099013,0.831723,0.043124
ACCACCAATGTAACAA-1,0.000008,0.003475,0.642597,0.35392
ACCACGTGCAGCTATA-1,0.002587,0.003537,0.843121,0.150756
ACCACTGTTCAAGAAG-1,0.000023,0.01281,0.984586,0.00258
ACCAGACCATAACAAC-1,0.047192,0.000029,0.33415,0.618629
ACCAGTGCGGGAGACG-1,0.026071,0.227854,0.718012,0.028062
ACCATATCCGCAATAA-1,0.01604,0.365764,0.577141,0.041056
ACCATCCGCCAACTAG-1,0.877485,0.033617,0.034175,0.054722
ACCATCGTATATGGTA-1,0.618063,0.163542,0.208173,0.010221
ACCATTAAGGGTGTCA-1,0.00004,0.447797,0.552083,0.00008
ACCCAACGCCCGTGGC-1,0.000011,0.432427,0.468184,0.099377
ACCCACCTACATGCTC-1,0.052476,0.5939,0.183098,0.170527
ACCCATCTTGAGGGTA-1,0.066767,0.220528,0.666896,0.045809
ACCCATTTGTCCCTCT-1,0.002768,0.039994,0.384499,0.572739
ACCCGAGCGAAATTAC-1,0.630528,0.054307,0.000281,0.314885
ACCCGATTGGTTCCGA-1,0.646269,0.026719,0.115308,0.211703
ACCCGGAAACTCCCAG-1,0.211165,0.255932,0.129621,0.403282
ACCCGGAGCACCACAA-1,0.000074,0.089413,0.634641,0.275873
ACCCGGATGACGCATC-1,0.000007,0.020769,0.935798,0.043426
ACCCGGTTACACTTCC-1,0.096575,0.007627,0.614897,0.280902
ACCCGTGTCATCAGTA-1,0.648873,0.030115,0.140662,0.180349
ACCCTATAGGACTGAG-1,0.000026,0.364632,0.635291,0.000052
ACCCTATGCCATATCG-1,0.750041,0.000027,0.171887,0.078045
ACCCTCCCGTCAGGGC-1,0.005766,0.023403,0.695068,0.275763
ACCCTCCCTTGCTATT-1,0.009494,0.44355,0.194558,0.352398
ACCCTTCATCTGCGAA-1,0.000019,0.356751,0.638936,0.004294
ACCGAAAGGGCCCTGC-1,0.016633,0.847257,0.08527,0.05084
ACCGAAGAGTCTGGTT-1,0.972969,0.000029,0.000176,0.026826
ACCGACACATCTCCCA-1,0.118637,0.000008,0.475552,0.405803
ACCGACTGAGTCCCAC-1,0.009294,0.392129,0.596591,0.001986
ACCGAGTCTCCTTATT-1,0.033695,0.175175,0.589574,0.201556
ACCGATAGGCATAACC-1,0.000008,0.001483,0.527547,0.470962
ACCGATATTTAATCAT-1,0.00001,0.000997,0.535575,0.463418
ACCGATGGTAGCATCG-1,0.004903,0.271671,0.585972,0.137454
ACCGCAATAACTGCCT-1,0.001049,0.022414,0.738777,0.237759
ACCGCGGTGGAAGTCG-1,0.000848,0.007999,0.791868,0.199285
ACCGCTAGTCATTGGT-1,0.222762,0.163091,0.6052,0.008947
ACCGGGCCTTTGTTGA-1,0.000567,0.616359,0.202129,0.180946
ACCGGTCAGGTACACC-1,0.694952,0.047729,0.000117,0.257203
ACCGTCCACTGGGCCC-1,0.002111,0.000021,0.551255,0.446613
ACCGTGACCACGTGGG-1,0.874817,0.000022,0.00393,0.121231
ACCTAAGTACCTTTCA-1,0.928057,0.067124,0.004759,0.00006
ACCTAATCGACTTCCT-1,0.000123,0.000044,0.87034,0.129493
ACCTACAGTATGTGGT-1,0.000016,0.168148,0.618958,0.212878
ACCTACTATAAATCTA-1,0.787506,0.167307,0.012288,0.032899
ACCTCCGCCCTCGCTG-1,0.0001,0.032532,0.545766,0.421601
ACCTCCGTTATTCACC-1,0.022664,0.67618,0.126081,0.175075
ACCTCGAACTTATGCT-1,0.214857,0.000016,0.155179,0.629949
ACCTGCGTGTCATGTT-1,0.848306,0.111114,0.000152,0.040428
ACGAAATGGGCGGCAC-1,0.001401,0.070519,0.87069,0.057391
ACGACCCATGAGTTGC-1,0.002526,0.01847,0.790955,0.188049
ACGACTGGTCATACTC-1,0.692908,0.045784,0.002074,0.259234
ACGAGAACCCATCACG-1,0.001752,0.604545,0.391021,0.002681
ACGAGGATACCACTCT-1,0.823383,0.031556,0.004341,0.14072
ACGAGGTTTACAACGT-1,0.708752,0.001175,0.000129,0.289944
ACGAGTACGGATGCCC-1,0.000018,0.28072,0.670111,0.049152
ACGAGTCGCCGGCGTT-1,0.015917,0.297147,0.686788,0.000148
ACGATACATAGAACTA-1,0.022552,0.023932,0.948572,0.004944
ACGATACCTATCCTGA-1,0.009794,0.008803,0.343187,0.638216
ACGATCATACATAGAG-1,0.000013,0.055748,0.944212,0.000027
ACGATCATCTTGTAAA-1,0.000016,0.237543,0.569661,0.192781
ACGATGCATATGTTAT-1,0.077611,0.006993,0.892648,0.022748
ACGATGGATCCGATGC-1,0.062229,0.284069,0.653603,0.000099
ACGCAAACTAATAGAT-1,0.996678,0.000018,0.000109,0.003195
ACGCAATCACTACAGC-1,0.000045,0.990633,0.00923,0.000091
ACGCATACGTTTACTA-1,0.001325,0.209752,0.357906,0.431017
ACGCATTCGTGAGTAC-1,0.000043,0.165532,0.83434,0.000085
ACGCCAGATGATTTCT-1,0.00001,0.066339,0.92982,0.003831
ACGCCGCTAGACGACC-1,0.020131,0.00057,0.922159,0.057141
ACGCGAAGTCAGACGA-1,0.194015,0.0001,0.446023,0.359863
ACGCGCTACACAGGGT-1,0.336534,0.413435,0.173309,0.076722
ACGCGGGCCAAGGACA-1,0.006493,0.016261,0.868836,0.10841
ACGCGTTTCTTAAGAG-1,0.083394,0.35514,0.561348,0.000118
ACGCTAGTGATACACT-1,0.000018,0.377928,0.466106,0.155948
ACGCTGTGAGGCGTAG-1,0.164126,0.156103,0.356584,0.323187
ACGGAATTTAGCAAAT-1,0.000021,0.241648,0.758288,0.000043
ACGGACGCAGCGACAA-1,0.137432,0.110322,0.738756,0.01349
ACGGACTCTCAAAGCG-1,0.13296,0.279072,0.05573,0.532238
ACGGATGGTGCGGATA-1,0.027065,0.164512,0.747273,0.06115
ACGGCACTTGCTTGGG-1,0.467291,0.147734,0.084422,0.300553
ACGGCCAACATGGACT-1,0.70701,0.22618,0.009147,0.057664
ACGGCGACGATGGGAA-1,0.036024,0.352804,0.602944,0.008228
ACGGCGGGTTGCCCTG-1,0.00711,0.840127,0.152581,0.000182
ACGGCTGGATGTAGAA-1,0.24303,0.000023,0.000136,0.756811
ACGGGAGTGTCGGCCC-1,0.960847,0.031619,0.007281,0.000253
ACGGGCGTATGCGACA-1,0.114257,0.547098,0.338397,0.000249
ACGGGTCATGTGACTT-1,0.020753,0.217777,0.759455,0.002016
ACGGTCACCGAGAACA-1,0.122721,0.152232,0.397031,0.328016
ACGTACAGATTTCTCT-1,0.000108,0.990208,0.009469,0.000216
ACGTACTTTGGCACGG-1,0.180607,0.259181,0.009994,0.550218
ACGTAGATTGCTGATG-1,0.048379,0.086253,0.850431,0.014937
ACGTAGGAGAGTCGCT-1,0.372909,0.446504,0.115371,0.065216
ACGTATTACTCCGATC-1,0.000077,0.140536,0.663081,0.196306
ACGTCGGGCAACTCGG-1,0.003075,0.112473,0.616686,0.267767
ACGTCTCGTTCCGGGA-1,0.91743,0.027469,0.000214,0.054888
ACGTGACAAAGTAAGT-1,0.696838,0.001785,0.20798,0.093397
ACGTGCGCCTCGTGCA-1,0.033528,0.14243,0.798258,0.025784
ACGTTAATGTCGAAGA-1,0.000028,0.376884,0.623032,0.000056
ACGTTAGATTTGCCCG-1,0.246064,0.048236,0.555767,0.149934
ACGTTATTGGTCACTC-1,0.045577,0.233799,0.705776,0.014849
ACGTTCACTATGCCGC-1,0.320534,0.104114,0.567961,0.007391
ACGTTCCGCGCTCCGT-1,0.000122,0.926083,0.051228,0.022567
ACGTTCGCAATCAATT-1,0.000022,0.194162,0.667008,0.138808
ACGTTCGTTCAGGAAA-1,0.88099,0.115863,0.0031,0.000047
ACGTTCTGTACAAGTC-1,0.000009,0.046072,0.454226,0.499693
ACGTTTAGTTGTGATC-1,0.000014,0.042247,0.95771,0.000029
ACTACAAAGAGAGGTG-1,0.900992,0.09874,0.000223,0.000045
ACTACATCCCGACAAG-1,0.258787,0.000028,0.033644,0.707541
ACTACCAGCTCTCTGG-1,0.033152,0.003712,0.929649,0.033487
ACTACCATCCGAGGGC-1,0.162957,0.114272,0.710096,0.012675
ACTACGCGTTAGAATT-1,0.66826,0.011032,0.147205,0.173504
ACTAGTTGCGATCGTC-1,0.000013,0.286502,0.557494,0.155991
ACTATCCAGGGCATGG-1,0.027784,0.159295,0.548871,0.264049
ACTATCGCCGGCTAAA-1,0.009144,0.008719,0.954581,0.027555
ACTATCTGCCCGCGTA-1,0.000063,0.34397,0.406566,0.249401
ACTATGTCCAGCTGCC-1,0.467764,0.000022,0.205232,0.326981
ACTATTCGTCCGTGGT-1,0.080701,0.918978,0.000241,0.00008
ACTATTTCCGGGCCCA-1,0.804859,0.000021,0.153226,0.041894
ACTCAACGAATGTATT-1,0.017783,0.981955,0.000197,0.000066
ACTCAAGTGCAAGGCT-1,0.000013,0.083485,0.641023,0.275478
ACTCAATAAAGGCACG-1,0.017801,0.041912,0.919616,0.020671
ACTCAGACCTGCTTCT-1,0.00002,0.470396,0.502679,0.026904
ACTCATGGCAGCCTTC-1,0.000014,0.000014,0.196009,0.803963
ACTCCAATATCATCAT-1,0.72914,0.074787,0.008792,0.187281
ACTCCCATTCCTAAAG-1,0.653539,0.00003,0.233174,0.113257
ACTCCCGAATTCGTTT-1,0.000009,0.000018,0.669819,0.330154
ACTCCCTAATGCTAAA-1,0.083574,0.026432,0.526846,0.363148
ACTCCCTAGAATAGTA-1,0.061364,0.042265,0.722021,0.17435
ACTCCGGCCGACCACT-1,0.031443,0.190086,0.460438,0.318032
ACTCGATGTATTTCAT-1,0.000015,0.046863,0.921426,0.031696
ACTCGCCGTTCGATAA-1,0.05462,0.303632,0.551291,0.090456
ACTCGCGATCTGACGC-1,0.000066,0.98895,0.010851,0.000133
ACTCGTAACCCGTCCT-1,0.980051,0.01249,0.000139,0.00732
ACTCGTCAGTAATCCC-1,0.022209,0.000008,0.817593,0.16019
ACTCTAAACCTGGGAT-1,0.000024,0.035192,0.610491,0.354294
ACTCTCTGACTTAGGT-1,0.013695,0.246904,0.570617,0.168783
ACTCTGACCTAATAGA-1,0.002014,0.032041,0.745063,0.220882
ACTCTTCAGCTCCCGC-1,0.000067,0.461299,0.538501,0.000133
ACTCTTGTATAGTAAC-1,0.006153,0.168609,0.824285,0.000953
ACTGAAACGCCGTTAG-1,0.000008,0.01719,0.719838,0.262965
ACTGAATGGCGAAAGT-1,0.095479,0.369196,0.16926,0.366065
ACTGCCCGCCATTCTC-1,0.323048,0.000019,0.11407,0.562863
ACTGCCGTCGTAACTC-1,0.000015,0.023721,0.976236,0.000029
ACTGCGGACACACCGT-1,0.000035,0.695379,0.304517,0.000069
ACTGCTCGGAAGGATG-1,0.999605,0.000044,0.000264,0.000088
ACTGGGATGCCAGTGC-1,0.31319,0.14571,0.541028,0.000073
ACTGTACGATACACAT-1,0.000011,0.064238,0.919814,0.015937
ACTGTAGCACTTTGGA-1,0.000024,0.316256,0.683673,0.000047
ACTGTATACGCGAGCA-1,0.000012,0.009209,0.990756,0.000024
ACTGTCCAGGATTATA-1,0.000016,0.152515,0.845422,0.002046
ACTGTCTTCTTTAGAA-1,0.000016,0.07734,0.917183,0.005461
ACTGTGCTAGTAGATC-1,0.000029,0.143093,0.856821,0.000058
ACTTACGCATCCACGC-1,0.000009,0.000594,0.78952,0.209877
ACTTAGTACGACAAGA-1,0.000037,0.682601,0.317289,0.000074
ACTTATACTTACCCGG-1,0.005454,0.108217,0.746743,0.139587
ACTTATTAGGATCGGT-1,0.02713,0.593511,0.367903,0.011456
ACTTATTTATGTGCCA-1,0.004495,0.449046,0.339874,0.206585
ACTTCAGGCTGATCCC-1,0.028264,0.105771,0.606322,0.259644
ACTTCCAGTGGAAGCT-1,0.738352,0.000057,0.010145,0.251446
ACTTCCATGCGGGACA-1,0.016088,0.050832,0.476469,0.456611
ACTTCGCCATACGCAC-1,0.000011,0.168416,0.827683,0.00389
ACTTGACTCCCTCTTT-1,0.003189,0.028253,0.813412,0.155146
ACTTGCTCTATCTACC-1,0.015722,0.077854,0.429907,0.476516
ACTTGGGACCCGGTGG-1,0.091729,0.236216,0.672022,0.000032
ACTTGTAGTCCCTTCA-1,0.527519,0.025363,0.186747,0.260371
ACTTGTGGATGGAACG-1,0.000011,0.037779,0.713838,0.248372
ACTTTACCCTCATGAA-1,0.000015,0.046101,0.685233,0.268651
ACTTTCCTATAGCTTC-1,0.011286,0.079217,0.903151,0.006345
ACTTTGACTGCATCCT-1,0.233143,0.270884,0.000186,0.495787
ACTTTGGTCGTGCTCC-1,0.367642,0.000046,0.017668,0.614644
ACTTTGTCGACGCACT-1,0.000015,0.08511,0.520748,0.394128
AGAAATTATGACTCGC-1,0.000015,0.347953,0.516122,0.13591
AGAACCCAGCGTGACA-1,0.000012,0.207542,0.642783,0.149664
AGAACCCTCAATTGGG-1,0.508813,0.042647,0.00017,0.44837
AGAACGTGGTACATTC-1,0.000794,0.159645,0.832134,0.007427
AGAAGAGCGCCGTTCC-1,0.00016,0.180201,0.675142,0.144497
AGAAGGTACACTTCAC-1,0.382699,0.060644,0.309632,0.247025
AGAAGGTTGCCGAATT-1,0.228883,0.41345,0.208808,0.148859
AGAAGGTTGTAGGTCG-1,0.151331,0.341152,0.083587,0.423929
AGAAGTGATTCGTGAT-1,0.811018,0.010738,0.178201,0.000042
AGAATAAATCTTCAGG-1,0.151434,0.039726,0.569872,0.238968
AGAATTATGGATTCGA-1,0.000358,0.030911,0.895488,0.073243
AGAATTGTTTGACATA-1,0.033025,0.368949,0.597957,0.00007
AGACAGCTCAGAATCC-1,0.042255,0.052806,0.699564,0.205375
AGACAGGCATCTCAGC-1,0.025638,0.009218,0.689839,0.275304
AGACATAGATCCTTCC-1,0.050876,0.948438,0.000515,0.000172
AGACCAAACCACACCT-1,0.68852,0.007022,0.227474,0.076984
AGACCATGGGATACAA-1,0.000008,0.004817,0.99516,0.000015
AGACCCACCGCTGATC-1,0.034386,0.204935,0.562977,0.197701
AGACCCGCCCTCCTCG-1,0.018252,0.16554,0.816169,0.000039
AGACCGCTCCGCGGTT-1,0.00001,0.331093,0.410837,0.25806
AGACCGGGAAACCCTG-1,0.472174,0.334484,0.157565,0.035777
AGACGAAGTGCCGGTC-1,0.003276,0.301702,0.610651,0.084371
AGACGACGATGCCGCT-1,0.972667,0.027043,0.000118,0.000172
AGACGCCCACTTCGCC-1,0.000008,0.004748,0.415725,0.579519
AGACTAGCCTTCCAGA-1,0.00001,0.009398,0.990563,0.00003
AGACTGTTACCGGGTC-1,0.925976,0.00003,0.049281,0.024714
AGAGAAACACCAGAAA-1,0.638103,0.057943,0.053855,0.250099
AGAGAACCGTCTAGGA-1,0.000016,0.21496,0.761211,0.023813
AGAGAAGGAGTACAAT-1,0.846608,0.068368,0.029376,0.055649
AGAGATCTCTAAAGCG-1,0.311886,0.008398,0.476988,0.202729
AGAGCAGTTATGAGAC-1,0.029763,0.175137,0.714068,0.081032
AGAGCCGCCGAGATTT-1,0.000012,0.121659,0.55615,0.322179
AGAGCGGGCTAATCAT-1,0.000008,0.000008,0.985474,0.01451
AGAGCGTACAAGCTCG-1,0.006133,0.250294,0.686489,0.057084
AGAGCTACGAAAGCAT-1,0.000012,0.000012,0.999169,0.000807
AGAGGCTTCGGAAACC-1,0.000013,0.329766,0.507322,0.162898
AGAGTAAACTTCACTA-1,0.000013,0.232588,0.540718,0.226681
AGATAACTTCAGGGCC-1,0.000019,0.272439,0.727505,0.000038
AGATACCAATAGAACC-1,0.000007,0.217792,0.571543,0.210657
AGATACCGGTGTTCAC-1,0.326089,0.529277,0.144579,0.000055
AGATACGACTTCATAT-1,0.033693,0.000157,0.965345,0.000805
AGATACTCAAGATCGA-1,0.061204,0.003566,0.859538,0.075692
AGATATAATACGACTA-1,0.16662,0.004394,0.308337,0.520648
AGATCGTGCATAAGAT-1,0.000022,0.457163,0.479246,0.063569
AGATCTCAGGTGTGAT-1,0.000864,0.261699,0.654924,0.082514
AGATGACTCGCCCACG-1,0.000035,0.187471,0.812425,0.00007
AGATGATGGAGTCTGG-1,0.000013,0.055284,0.685742,0.258961
AGATGCAAGACGTGCA-1,0.937846,0.061941,0.000159,0.000053
AGATGCATCCTGTGTC-1,0.92175,0.077937,0.000235,0.000078
AGATGCTATAACGAGC-1,0.000028,0.07067,0.908621,0.020681
AGATTATAGGACGTTT-1,0.000425,0.07757,0.921958,0.000047
AGATTCACAACCGATA-1,0.974744,0.000025,0.000153,0.025078
AGCAAAGGCCGCTAGT-1,0.051366,0.09366,0.326502,0.528472
AGCAACATATCTTATT-1,0.060928,0.027393,0.832284,0.079395
AGCAACCGAAAGTAAT-1,0.929686,0.004354,0.019588,0.046372
AGCACACGTTTAGACT-1,0.26138,0.000019,0.226909,0.511692
AGCACCAGTACTCACG-1,0.000015,0.181313,0.811175,0.007497
AGCACTACCGGCCTGT-1,0.0837,0.015681,0.731113,0.169506
AGCACTACCTCACCAG-1,0.021908,0.001309,0.565569,0.411214
AGCACTTAAGGACGCC-1,0.004646,0.179156,0.816167,0.000031
AGCAGAAGGAGAAAGA-1,0.249217,0.005691,0.029063,0.716029
AGCAGCCAGATGAATA-1,0.700862,0.011432,0.130712,0.156994
AGCATATCAATATGCT-1,0.014103,0.613772,0.269552,0.102573
AGCATCATTTCGAAAG-1,0.987705,0.012033,0.000196,0.000065
AGCATCGTCGATAATT-1,0.000025,0.292348,0.707577,0.00005
AGCATTACGAGGCAAG-1,0.060952,0.338736,0.401099,0.199213
AGCCAAGCTTTGTGTC-1,0.615096,0.000631,0.017441,0.366832
AGCCACAGGTTACCCG-1,0.059318,0.000823,0.377582,0.562276
AGCCACTCCCGTGCTT-1,0.000021,0.402378,0.56915,0.028451
AGCCATATAGTATGTG-1,0.583153,0.217212,0.167816,0.031819
AGCCCATACATGTAAG-1,0.274697,0.00002,0.469951,0.255332
AGCCCGCAACAAGCAG-1,0.846932,0.000015,0.00055,0.152503
AGCCCGGCATTAGAGG-1,0.834381,0.037627,0.00021,0.127782
AGCCCGGTAGCCTGTA-1,0.898086,0.025894,0.075972,0.000048
AGCCCTAAGCGAAGTT-1,0.000006,0.000006,0.999976,0.000012
AGCCCTCCCTGGTGGC-1,0.353938,0.000016,0.000096,0.64595
AGCCCTGTCGCACCGT-1,0.000011,0.176993,0.651844,0.171152
AGCCCTTGGACATCCC-1,0.000009,0.142807,0.524912,0.332272
AGCCGCAAATTCAAAT-1,0.000024,0.000024,0.329979,0.669972
AGCCGCTTGATTAGCG-1,0.000035,0.335738,0.661137,0.00309
AGCCGTGGCTAAATGT-1,0.967077,0.032666,0.000193,0.000064
AGCCTAATACCCACGT-1,0.745794,0.006664,0.16175,0.085791
AGCCTTAAAGCGGAAG-1,0.118707,0.507018,0.374205,0.00007
AGCGACAGGAACGGTC-1,0.967388,0.002217,0.000076,0.030318
AGCGACATCCCATTCA-1,0.000019,0.039424,0.954994,0.005563
AGCGACCAACGATATT-1,0.132225,0.052162,0.815578,0.000034
AGCGAGACGTGAAGGC-1,0.096603,0.040781,0.600137,0.262478
AGCGATGCGCCTAATA-1,0.030651,0.329877,0.349251,0.290221
AGCGCATAATGAATCG-1,0.530008,0.000012,0.241751,0.228228
AGCGCGGGTGCCAATG-1,0.000008,0.047416,0.869867,0.082709
AGCGCTAGAGCGATGT-1,0.00004,0.914832,0.085047,0.000081
AGCGGACACTTCGTAG-1,0.687469,0.201285,0.057127,0.054119
AGCGGCGGTTAGCGGT-1,0.958045,0.02912,0.012766,0.000069
AGCGGGAAGGGTCCAT-1,0.000014,0.004616,0.972103,0.023268
AGCGGGTCTGACACTC-1,0.517673,0.144179,0.000503,0.337644
AGCGTACGAGAGCTAG-1,0.000026,0.25783,0.740816,0.001329
AGCGTCTGAACCCGCA-1,0.000083,0.851198,0.004128,0.144592
AGCGTGGTATTCTACT-1,0.000015,0.13971,0.722511,0.137764
AGCTAACAAGCAATGT-1,0.903016,0.094571,0.000106,0.002307
AGCTAAGTACGCAGGC-1,0.00001,0.005917,0.53625,0.457823
AGCTAGAAGCAGAAGT-1,0.000039,0.941535,0.058349,0.000077
AGCTATTTAATCCAAC-1,0.000009,0.005036,0.948654,0.046301
AGCTCCATATATGTTC-1,0.000841,0.106716,0.46663,0.425814
AGCTCCTTCGCACATC-1,0.045314,0.016364,0.576716,0.361606
AGCTCTAGACGTTCCA-1,0.000434,0.191204,0.734745,0.073618
AGCTCTTCCCAGTGCA-1,0.000023,0.573174,0.417396,0.009407
AGCTCTTCGTAACCTT-1,0.011389,0.057148,0.614625,0.316838
AGCTCTTTACTCAGTT-1,0.047326,0.233643,0.678728,0.040304
AGCTGAAGTAAACCAA-1,0.000008,0.006777,0.982922,0.010293
AGCTGTAACCTCAATC-1,0.851344,0.011936,0.024848,0.111871
AGCTTATAGAGACCTG-1,0.133579,0.196834,0.669506,0.000081
AGCTTCTTCTCGAGCA-1,0.005379,0.175315,0.634996,0.184311
AGCTTGATCAGGGTAG-1,0.014027,0.132637,0.806253,0.047084
AGCTTGATCTTAACTT-1,0.528389,0.246505,0.165527,0.059579
AGGAAAGCCTCTGATG-1,0.05722,0.51074,0.431796,0.000244
AGGAACGAACGACTTC-1,0.000006,0.000045,0.770794,0.229155
AGGAAGCTGTCCGCCG-1,0.553912,0.355769,0.00088,0.08944
AGGACAGTCGAATCCC-1,0.052746,0.168837,0.549419,0.228998
AGGACATCGCACGTCG-1,0.000027,0.220071,0.779847,0.000054
AGGACGACCCATTAGA-1,0.355575,0.250584,0.295535,0.098306
AGGACGCTCGATGTTG-1,0.026594,0.971256,0.001984,0.000165
AGGACTTATAGGAGAA-1,0.000023,0.077018,0.917216,0.005744
AGGAGGCCTTCGCGCG-1,0.000008,0.062703,0.785422,0.151867
AGGATAAAGTCGGGAT-1,0.063939,0.000038,0.570319,0.365704
AGGATATAGGGATTTA-1,0.093664,0.240923,0.478314,0.187099
AGGATCACGCGATCTG-1,0.822048,0.000025,0.135592,0.042335
AGGATTGCTTACGACA-1,0.265312,0.734166,0.000391,0.00013
AGGCACGTGACTGTCC-1,0.000009,0.066052,0.418763,0.515177
AGGCAGATGCGTAAAC-1,0.000012,0.253948,0.63289,0.11315
AGGCAGGGAGCGTACT-1,0.913412,0.065738,0.000155,0.020695
AGGCATTGTCGTAGGG-1,0.001248,0.098022,0.78407,0.11666
AGGCCACATTGGTTAC-1,0.032985,0.355447,0.500423,0.111145
AGGCCACCCGTTATGA-1,0.000642,0.08049,0.918696,0.000172
AGGCCCAGTGACTGGT-1,0.000026,0.009999,0.989924,0.000051
AGGCCCATTGTACAGG-1,0.000022,0.119264,0.880669,0.000045
AGGCCCTAGAACGCCA-1,0.699429,0.000014,0.19155,0.109008
AGGCCTATCATACCAA-1,0.913875,0.070633,0.015461,0.000031
AGGCCTGAGAATCTCG-1,0.039587,0.075357,0.32349,0.561566
AGGCGATAACTGGCGT-1,0.000013,0.038593,0.850718,0.110676
AGGCGGTTTGTCCCGC-1,0.609349,0.00003,0.137008,0.253613
AGGCTATGGTTAGCTT-1,0.000018,0.299648,0.700299,0.000035
AGGCTTCCCGAAGAAG-1,0.983361,0.003803,0.0001,0.012736
AGGCTTGCTAGACACC-1,0.000915,0.028731,0.899816,0.070537
AGGGACCGGCTGCGTT-1,0.000015,0.184433,0.602402,0.21315
AGGGACTCTACGCGAC-1,0.650149,0.163896,0.00458,0.181374
AGGGAGACATACTTCG-1,0.0805,0.790587,0.128836,0.000077
AGGGCCCTAATGTTCT-1,0.000011,0.013827,0.955563,0.030598
AGGGCGAGCAGCTGAT-1,0.61949,0.069458,0.212126,0.098926
AGGGCGTGATCGGCTA-1,0.000018,0.383182,0.606267,0.010534
AGGGCTGCAGTTACAG-1,0.001607,0.135777,0.772081,0.090535
AGGGTCAGAGCACTCG-1,0.715895,0.159187,0.075104,0.049815
AGGGTCGATGCGAACT-1,0.003213,0.082614,0.639237,0.274936
AGGGTGCCGTTCTTTA-1,0.650922,0.015549,0.075876,0.257652
AGGGTGCTCTCGAGGG-1,0.001053,0.42767,0.517659,0.053618
AGGGTGGATAGTGCAT-1,0.000015,0.000015,0.937565,0.062405
AGGGTTCAGACGGTCC-1,0.711747,0.043043,0.150275,0.094934
AGGGTTCCCTTTGGTT-1,0.011683,0.173568,0.598913,0.215837
AGGGTTTAGTTCGGGA-1,0.000013,0.000157,0.770434,0.229396
AGGTAACCTCCTATTC-1,0.000011,0.021243,0.913866,0.064879
AGGTACGATATTGCCA-1,0.04497,0.473787,0.481093,0.00015
AGGTAGATCGAGATAT-1,0.771308,0.000035,0.000209,0.228447
AGGTAGGTACAAAGCT-1,0.003404,0.087147,0.654066,0.255382
AGGTATAATTGATAGT-1,0.000013,0.025862,0.766399,0.207726
AGGTATGCGGACATTA-1,0.018774,0.949112,0.031975,0.000139
AGGTCAGGTGAGAGTG-1,0.807175,0.076385,0.013981,0.102458
AGGTCGCCTCCCAACA-1,0.000009,0.045011,0.562555,0.392424
AGGTCGCGGAGTTACT-1,0.000007,0.016943,0.732098,0.250952
AGGTGCACGTCCACAT-1,0.009873,0.248593,0.740058,0.001477
AGGTGGTGACCTTCGC-1,0.716207,0.11565,0.001341,0.166802
AGGTGTATCGCCATGA-1,0.043912,0.233339,0.609509,0.11324
AGGTGTTGCCGACCAC-1,0.000011,0.112096,0.88695,0.000943
AGGTTACACCATGCCG-1,0.000017,0.308383,0.51436,0.177241
AGGTTCTCCTTTCCGG-1,0.077341,0.00002,0.26315,0.659488
AGGTTGAGGCACGCTT-1,0.009722,0.403476,0.580046,0.006756
AGGTTTCACACACCTT-1,0.00001,0.002148,0.926145,0.071696
AGTAATGTCTTGCCGC-1,0.000038,0.448771,0.551115,0.000076
AGTAATTTGCAAGCGT-1,0.032523,0.004172,0.656642,0.306663
AGTACAGAAGCTTATA-1,0.201358,0.197509,0.53356,0.067573
AGTACATCATTTATCA-1,0.000022,0.394741,0.44732,0.157917
AGTACGGCCCGTATCG-1,0.069094,0.209952,0.483693,0.237262
AGTACGGGCACCTGGC-1,0.000018,0.604724,0.395222,0.000036
AGTACTCTTATGCCCA-1,0.000019,0.313702,0.414662,0.271617
AGTAGAAGGCGCCTCA-1,0.691881,0.134725,0.00011,0.173284
AGTAGGTAACATACAT-1,0.000016,0.023286,0.957712,0.018985
AGTATAATACTAGGCA-1,0.001558,0.508676,0.487748,0.002018
AGTATACACAGCGACA-1,0.785996,0.054329,0.010142,0.149533
AGTATCCATAATAACG-1,0.062324,0.278941,0.65865,0.000086
AGTATGCTGGAGACCA-1,0.822508,0.000021,0.095559,0.081912
AGTATTTGGCACGACC-1,0.807022,0.025357,0.109411,0.05821
AGTCAAATGATGTGAT-1,0.705866,0.122617,0.017217,0.1543
AGTCAACACCACCATC-1,0.097612,0.055932,0.711697,0.13476
AGTCAAGATGACACTT-1,0.015246,0.169552,0.744523,0.070679
AGTCACTAGCTCTCGA-1,0.008526,0.203066,0.518999,0.269409
AGTCACTCCGCCTCAT-1,0.045835,0.876387,0.000238,0.077541
AGTCAGCCACCGCCTG-1,0.007255,0.107395,0.854261,0.031089
AGTCCAGCGGGTACGT-1,0.026191,0.327168,0.646519,0.000123
AGTCCATTGGCTGATG-1,0.033607,0.040363,0.82245,0.10358
AGTCCCGCCTTTAATT-1,0.021937,0.798961,0.041173,0.137929
AGTCGAAACGATTCAG-1,0.004188,0.197878,0.44568,0.352254
AGTCGACGGTCTCAAG-1,0.030374,0.256062,0.632717,0.080847
AGTCGGCCCAAACGAC-1,0.019639,0.043604,0.886351,0.050406
AGTCGGCTCAACTTTA-1,0.901518,0.029017,0.003203,0.066262
AGTCGGTTGCGTGAGA-1,0.000015,0.180444,0.578785,0.240756
AGTCGTATAAAGCAGA-1,0.100454,0.000008,0.42448,0.475058
AGTCGTCGACCACCAA-1,0.040172,0.091221,0.838865,0.029742
AGTCGTGGGCATTACG-1,0.707554,0.000017,0.273673,0.018757
AGTCTAAAGTATACTC-1,0.000022,0.491399,0.4222,0.086378
AGTCTCACAAGACTAC-1,0.926876,0.067763,0.000143,0.005218
AGTCTGGACATCCTTG-1,0.000078,0.378828,0.621028,0.000066
AGTCTTCTCCTCAAAT-1,0.000012,0.003213,0.926255,0.07052
AGTCTTTAAAGTGTCC-1,0.113454,0.332839,0.143773,0.409933
AGTGAACAAACTTCTC-1,0.000012,0.279671,0.505942,0.214376
AGTGACCTACTTTACG-1,0.119823,0.363671,0.494803,0.021703
AGTGACTGTGACACAA-1,0.356809,0.00067,0.056082,0.586439
AGTGAGACTTCCAGTA-1,0.000418,0.293952,0.503116,0.202515
AGTGAGCCTCGCCGCC-1,0.004802,0.465916,0.329024,0.200259
AGTGAGTCGAATTAAC-1,0.002208,0.250544,0.743738,0.00351
AGTGATAACCTGCGCG-1,0.001815,0.224688,0.757605,0.015892
AGTGATATGAGTAGTT-1,0.213015,0.116061,0.563125,0.107798
AGTGATTCAAGCAGGA-1,0.000009,0.224886,0.72738,0.047726
AGTGCACGCTTAAGAA-1,0.008561,0.24804,0.612556,0.130842
AGTGCGTAGCTCGTAA-1,0.585603,0.011126,0.25853,0.14474
AGTGCTAAACACAGCA-1,0.001592,0.113451,0.739282,0.145675
AGTGCTTGCACGAATA-1,0.011487,0.146134,0.649941,0.192437
AGTGGCGGCAATTTGA-1,0.000008,0.027314,0.921797,0.050882
AGTGGCGTCTGAAGGT-1,0.000018,0.151088,0.611196,0.237698
AGTGGCTCCGTCGGCC-1,0.394419,0.321515,0.042425,0.241641
AGTGGGAGTATACACG-1,0.00017,0.957734,0.041758,0.000339
AGTGGTGTTACCCGTG-1,0.673188,0.000048,0.326668,0.000096
AGTGGTTGCGTATAGG-1,0.00003,0.022699,0.693438,0.283832
AGTGTATTGCGCATTG-1,0.018209,0.981083,0.000532,0.000177
AGTGTGCTAAGATCGC-1,0.018785,0.174187,0.80691,0.000118
AGTGTGGTCTATTGTG-1,0.081519,0.183218,0.732836,0.002427
AGTTAAACACTTGCGA-1,0.087638,0.148767,0.623333,0.140262
AGTTAAGCGGTCCCGG-1,0.014897,0.606838,0.362587,0.015678
AGTTAAGTCAACCGCT-1,0.893874,0.067916,0.000143,0.038066
AGTTACCCTTAAGACT-1,0.000019,0.003622,0.551527,0.444831
AGTTACCGCACATGGT-1,0.054629,0.271978,0.669958,0.003435
AGTTACTCTATCGTGG-1,0.027524,0.331999,0.640308,0.000169
AGTTCACCGGTTGGAC-1,0.00245,0.146785,0.556786,0.293979
AGTTCCTACAGAATTA-1,0.041731,0.020324,0.8919,0.046045
AGTTCCTATTTATGTT-1,0.000017,0.139598,0.615716,0.24467
AGTTCTGCGTTGTATC-1,0.000024,0.241211,0.758717,0.000048
AGTTGACATCGGCTGG-1,0.000009,0.004284,0.989646,0.006061
AGTTGACGGTCCTTGC-1,0.601777,0.039238,0.11133,0.247655
AGTTGCGGTCCTCAAC-1,0.024421,0.002693,0.533461,0.439424
AGTTGCTGACTGATAT-1,0.000965,0.049445,0.921032,0.028558
AGTTGGCAAGGCTAGA-1,0.00168,0.250563,0.660328,0.087428
AGTTTATGTAAAGACA-1,0.000136,0.47413,0.525463,0.000271
AGTTTCGCAGGTCGGA-1,0.000025,0.533018,0.466905,0.000051
AGTTTGCACCTGCCTC-1,0.107602,0.027524,0.424532,0.440343
AGTTTGGCACGGGTTG-1,0.000022,0.742785,0.166857,0.090336
AGTTTGGCCAGACCTA-1,0.916958,0.000019,0.067701,0.015323
ATAAACGGACCCGTAA-1,0.111323,0.00001,0.617742,0.270924
ATAAACGTTGCACCAC-1,0.079713,0.295162,0.379753,0.245372
ATAAAGGCTCGGTCGT-1,0.028333,0.268763,0.702863,0.000041
