Barcode,Topic 1,Topic 2to4,Topic 5,Topic 6to7,Topic 8to12
AAACAACGAATAGTTC-1,0.000029,0.255104,0.000029,0.086361,0.658477
AAACAAGTATCTCCCA-1,0.188694,0.368718,0.000018,0.043173,0.399397
AAACAATCTACTAGCA-1,0.002862,0.788695,0.021944,0.000102,0.186397
AAACACCAATAACTGC-1,0.042511,0.628801,0.09586,0.135955,0.096873
AAACAGAGCGACTCCT-1,0.000084,0.903652,0.000042,0.000085,0.096136
AAACAGCTTTCAGAAG-1,0.038396,0.735917,0.000044,0.000088,0.225554
AAACAGGGTCTATATT-1,0.037633,0.93764,0.023021,0.000085,0.001622
AAACAGTGTTCCTGGG-1,0.039473,0.268817,0.000016,0.267932,0.423762
AAACATGGTGAGAGGA-1,0.000019,0.404284,0.113156,0.282715,0.199826
AAACATTTCCCGGATT-1,0.515896,0.436985,0.037567,0.00008,0.009472
AAACCACTACACAGAT-1,0.101965,0.07039,0.082532,0.202612,0.5425
AAACCCGAACGAAATC-1,0.682788,0.310234,0.000026,0.003488,0.003463
AAACCGGAAATGTTAA-1,0.910375,0.030141,0.008264,0.000049,0.051171
AAACCGGGTAGGTACC-1,0.04029,0.936457,0.000101,0.000203,0.022949
AAACCGTTCGTCCAGG-1,0.000016,0.000048,0.022795,0.158752,0.818389
AAACCTAAGCAGCCGG-1,0.03916,0.387376,0.009367,0.012863,0.551233
AAACCTCATGAAGTTG-1,0.023684,0.620443,0.124204,0.022252,0.209417
AAACGAAGAACATACC-1,0.000035,0.453548,0.000035,0.00007,0.546312
AAACGAAGATGGAGTA-1,0.000018,0.095576,0.000018,0.166516,0.737873
AAACGACAGTCTTGCC-1,0.044839,0.144468,0.001004,0.157549,0.652139
AAACGAGACGGTTGAT-1,0.000018,0.231548,0.026124,0.08625,0.65606
AAACGCCCGAGATCGG-1,0.000008,0.002588,0.008667,0.657995,0.330742
AAACGCTGGGCACGAC-1,0.970601,0.000051,0.02923,0.000034,0.000084
AAACGGGCGTACGGGT-1,0.14863,0.591716,0.000026,0.002584,0.257044
AAACGGGTTGGTATCC-1,0.000022,0.173544,0.020909,0.127514,0.678011
AAACGGTTGCGAACTG-1,0.013254,0.039636,0.021637,0.033308,0.892165
AAACGTGTTCGCCCTA-1,0.061145,0.180936,0.000015,0.403555,0.354349
AAACTAACGTGGCGAC-1,0.002228,0.225342,0.015819,0.63206,0.124551
AAACTCGGTTCGCAAT-1,0.000006,0.003464,0.008662,0.011265,0.976602
AAACTCGTGATATAAG-1,0.000005,0.000016,0.000005,0.616335,0.383639
AAACTGCTGGCTCCAA-1,0.008377,0.198855,0.44469,0.022927,0.32515
AAACTTAATTGCACGC-1,0.050923,0.637815,0.035048,0.275834,0.00038
AAACTTGCAAACGTAT-1,0.136633,0.593867,0.000158,0.042911,0.22643
AAAGAATGACCTTAGA-1,0.000013,0.209702,0.000036,0.23941,0.550839
AAAGAATGTGGACTAA-1,0.987691,0.000072,0.01207,0.000048,0.00012
AAAGACATGAAGTTTA-1,0.000072,0.495897,0.05894,0.097412,0.347678
AAAGACTGGGCGCTTT-1,0.049713,0.463164,0.091581,0.137505,0.258037
AAAGCTTGCCTACATA-1,0.067054,0.150898,0.000013,0.518152,0.263883
AAAGGCCCTATAATAC-1,0.025279,0.490592,0.024729,0.124063,0.335337
AAAGGCTACGGACCAT-1,0.02231,0.192765,0.053032,0.042666,0.689227
AAAGGCTCTCGCGCCG-1,0.041124,0.036718,0.001113,0.058405,0.86264
AAAGGGATGTAGCAAG-1,0.000079,0.71179,0.000079,0.000157,0.287896
AAAGGGCAGCTTGAAT-1,0.025919,0.168131,0.10082,0.001688,0.703442
AAAGGTAAGCTGTACC-1,0.039571,0.643245,0.001387,0.005391,0.310406
AAAGGTCAACGACATG-1,0.039609,0.19749,0.028058,0.315168,0.419675
AAAGTAGCATTGCTCA-1,0.000064,0.90203,0.083017,0.01457,0.000319
AAAGTCACTGATGTAA-1,0.042157,0.957312,0.000066,0.000133,0.000331
AAAGTCGACCCTCAGT-1,0.008759,0.654645,0.174582,0.000099,0.161915
AAAGTGCCATCAATTA-1,0.983963,0.00005,0.000017,0.015888,0.000083
AAAGTGTGATTTATCT-1,0.094012,0.712664,0.00003,0.000369,0.192926
AAAGTTGACTCCCGTA-1,0.052776,0.281232,0.004021,0.168701,0.493271
AAATAACCATACGGGA-1,0.000052,0.869515,0.000052,0.000105,0.130275
AAATAAGGTAGTGCCC-1,0.235843,0.539374,0.000022,0.009153,0.215608
AAATACCTATAAGCAT-1,0.025243,0.003029,0.009708,0.074326,0.887694
AAATAGCTTAGACTTT-1,0.052792,0.155394,0.000011,0.349347,0.442456
AAATAGGGTGCTATTG-1,0.021451,0.568931,0.000024,0.000455,0.409138
AAATCACTCCTAAACG-1,0.003784,0.240241,0.022159,0.547911,0.185904
AAATCCGATACACGCC-1,0.145639,0.537493,0.000025,0.081721,0.235122
AAATCGCGGAAGGAGT-1,0.000053,0.774708,0.191143,0.000106,0.03399
AAATCGTGTACCACAA-1,0.00004,0.394922,0.03314,0.000118,0.57178
AAATCTAGCCCTGCTA-1,0.194366,0.196425,0.001787,0.098964,0.508457
AAATCTGCCCGCGTCC-1,0.065942,0.582494,0.05611,0.105076,0.190378
AAATGACTGATCAAAC-1,0.062006,0.382604,0.01247,0.128153,0.414767
AAATGATTCGATCAGC-1,0.020878,0.464943,0.000026,0.271353,0.2428
AAATGCTCGTTACGTT-1,0.023506,0.332791,0.64336,0.000098,0.000245
AAATGGCATGTCTTGT-1,0.00007,0.825512,0.00007,0.00014,0.174208
AAATGGCCCGTGCCCT-1,0.03818,0.559958,0.079111,0.141507,0.181246
AAATGGTCAATGTGCC-1,0.000052,0.439015,0.175532,0.000105,0.385295
AAATGTATCTTATCCC-1,0.023409,0.975681,0.000114,0.000227,0.000568
AAATGTGGGTGCTCCT-1,0.051574,0.30458,0.317325,0.067094,0.259427
AAATTAACGGGTAGCT-1,0.000018,0.01875,0.000018,0.200176,0.781039
AAATTAATAAGCGCGA-1,0.087854,0.366171,0.407009,0.095808,0.043158
AAATTACACGACTCTG-1,0.030862,0.204147,0.009184,0.400802,0.355004
AAATTACCTATCGATG-1,0.03157,0.137076,0.283054,0.173834,0.374466
AAATTCCAGGTCCAAA-1,0.528666,0.246888,0.000017,0.035861,0.188568
AAATTGATAGTCCTTT-1,0.000033,0.114584,0.000033,0.403387,0.481963
AAATTGCGGCGGTTCT-1,0.000024,0.003274,0.000024,0.115091,0.881586
AAATTGGTGAGAAGCA-1,0.001239,0.022853,0.000158,0.746282,0.229468
AAATTTACCGAAATCC-1,0.000007,0.000813,0.000007,0.095577,0.903596
AAATTTGCGGGTGTGG-1,0.000081,0.912538,0.000081,0.000162,0.087138
AACAACTGGTAGTTGC-1,0.017425,0.217985,0.029284,0.00004,0.735266
AACAATACATTGTCGA-1,0.000032,0.279916,0.000079,0.065417,0.654555
AACAATTACTCTACGC-1,0.012427,0.19826,0.282252,0.011601,0.495461
AACACACGCTCGCCGC-1,0.029627,0.302414,0.000016,0.162164,0.505779
AACACGACTGTACTGA-1,0.000036,0.253455,0.009447,0.003931,0.733131
AACACGAGACGCGGCC-1,0.052001,0.256429,0.024866,0.003101,0.663603
AACACGCGGCCGCGAA-1,0.000065,0.946765,0.052712,0.000131,0.000327
AACAGCTGTGTGGCAA-1,0.000053,0.286534,0.044503,0.051047,0.617863
AACAGGAAATCGAATA-1,0.000044,0.524982,0.000044,0.003486,0.471444
AACAGGATGGGCCGCG-1,0.000105,0.269298,0.496125,0.038868,0.195603
AACAGGTAGTATGGAT-1,0.704613,0.242993,0.000036,0.052179,0.000179
AACATAGCGTGTATCG-1,0.529925,0.247572,0.000045,0.019556,0.202903
AACATATCAACTGGTG-1,0.011801,0.122821,0.024877,0.744647,0.095855
AACATCGATACGTCTA-1,0.030643,0.267806,0.000012,0.606344,0.095195
AACATTGAAGTTGATC-1,0.001384,0.333708,0.050772,0.083742,0.530394
AACATTGGTCAGCCGT-1,0.00003,0.107313,0.044357,0.076064,0.772235
AACATTGTGACTCGAG-1,0.029366,0.501265,0.027573,0.020991,0.420805
AACCAAGACTTCTCTG-1,0.000105,0.168126,0.628471,0.202771,0.000526
AACCAGTATCACTCTT-1,0.000024,0.249746,0.000024,0.180451,0.569756
AACCATAGGGTTGAAC-1,0.052091,0.465366,0.382026,0.100069,0.000448
AACCATGGGATCGCTA-1,0.077055,0.351168,0.111084,0.032921,0.427773
AACCCAGAGACGGAGA-1,0.026117,0.42499,0.34107,0.182336,0.025487
AACCCATCCCATGATC-1,0.029061,0.762226,0.164659,0.035676,0.008378
AACCCGACAACCCGTG-1,0.040128,0.634616,0.031407,0.00923,0.284619
AACCCGAGCAGAATCG-1,0.768935,0.230767,0.000037,0.000074,0.000186
AACCCGATAGGGCTTC-1,0.000956,0.464622,0.020015,0.222639,0.291769
AACCCGCTGTATTCCA-1,0.0304,0.279869,0.150646,0.293408,0.245676
AACCCTACTGTCAATA-1,0.021103,0.32277,0.000017,0.090965,0.565145
AACCCTGGTGGAACCA-1,0.000017,0.066484,0.000017,0.097676,0.835805
AACCGAGCTTGGTCAT-1,0.000009,0.003444,0.000009,0.085785,0.910754
AACCGCTAAGGGATGC-1,0.031316,0.491729,0.00002,0.039955,0.436981
AACCGTTGTGTTTGCT-1,0.012952,0.435413,0.079903,0.122032,0.3497
AACCTAAAGCCGTCCG-1,0.000018,0.01467,0.000018,0.076404,0.908889
AACCTCGCTTTAGCCC-1,0.112196,0.256428,0.195366,0.051226,0.384784
AACCTGTCACGGAATT-1,0.076302,0.000031,0.001674,0.500527,0.421466
AACCTTTAAATACGGT-1,0.000014,0.016622,0.000014,0.03284,0.950509
AACCTTTACGACGTCT-1,0.015424,0.564277,0.023086,0.162255,0.234958
AACGAAAGTCGTCCCA-1,0.000044,0.999608,0.000044,0.000087,0.000218
AACGACCTCCTAGCCG-1,0.961255,0.03856,0.000023,0.000046,0.000116
AACGATAATGCCGTAG-1,0.000019,0.278789,0.000019,0.045502,0.675672
AACGATAGAAGGGCCG-1,0.000062,0.999446,0.000062,0.000123,0.000308
AACGATATGTCAACTG-1,0.044262,0.094969,0.000022,0.068687,0.792061
AACGCATGATCTGGGT-1,0.126884,0.576166,0.013487,0.145296,0.138167
AACGCGAACGGCAACA-1,0.000017,0.080067,0.000017,0.138546,0.781352
AACGCGACCTTGGGCG-1,0.000018,0.220425,0.000018,0.054177,0.725362
AACGCGGTCTCCAGCC-1,0.000046,0.417198,0.000046,0.114953,0.467756
AACGCTGTTGCTGAAA-1,0.131148,0.541791,0.000032,0.016368,0.310661
AACGGACGTACGTATA-1,0.000012,0.143654,0.000012,0.106683,0.749639
AACGGCCATCTCCGGT-1,0.000043,0.47403,0.000043,0.051074,0.47481
AACGTACTGTGGGTAC-1,0.000017,0.00005,0.00317,0.239413,0.75735
AACGTAGTCTACCCAT-1,0.000084,0.917337,0.000084,0.000167,0.082329
AACGTCAGACTAGTGG-1,0.023615,0.819416,0.019171,0.075195,0.062602
AACGTCATCCGGCTTG-1,0.00008,0.057476,0.00008,0.000159,0.942205
AACGTCGCTGCACTTC-1,0.923367,0.076264,0.000046,0.000092,0.000231
AACGTGATGAAGGACA-1,0.00006,0.927098,0.00006,0.00012,0.072662
AACGTGCGAAAGTCTC-1,0.003293,0.052584,0.14996,0.173007,0.621156
AACGTTATCAGCACCT-1,0.103703,0.895534,0.000095,0.000191,0.000477
AACGTTCTACCATTGT-1,0.94588,0.050181,0.000064,0.000129,0.003746
AACTACCCGTTTGTCA-1,0.675354,0.096007,0.001416,0.056166,0.171056
AACTAGCGTATCGCAC-1,0.06747,0.251247,0.083322,0.071949,0.526013
AACTAGGCTTGGGTGT-1,0.000036,0.374924,0.009317,0.014061,0.601661
AACTCAAGTTAATTGC-1,0.000024,0.080277,0.05905,0.165146,0.695503
AACTCCAGAGCGTGTT-1,0.229306,0.278459,0.000029,0.011484,0.480722
AACTCCTAATCCCATG-1,0.000011,0.016006,0.007699,0.3656,0.610684
AACTCGATAAACACGT-1,0.000038,0.619662,0.035253,0.00248,0.342567
AACTCGATGGCGCAGT-1,0.000093,0.999162,0.000093,0.000186,0.000466
AACTCTCAATAGAGCG-1,0.079882,0.335558,0.036148,0.332833,0.215579
AACTCTCAGTGTGCTC-1,0.000052,0.423443,0.000052,0.002644,0.573808
AACTGAGGTCAGCGTC-1,0.000025,0.40307,0.000025,0.185435,0.411445
AACTGAGTTATACTGA-1,0.87672,0.077228,0.044789,0.001136,0.000127
AACTGATATTAGGCCT-1,0.000031,0.027765,0.000031,0.247624,0.72455
AACTGGGTCCCGACGT-1,0.000055,0.746933,0.000055,0.00011,0.252848
AACTGGGTTCGAGCCG-1,0.000011,0.014621,0.007199,0.394175,0.583995
AACTGGTGTGGGCCTT-1,0.045979,0.299833,0.015953,0.013564,0.624672
AACTTCTGCGTCTATC-1,0.000112,0.998992,0.000112,0.000224,0.00056
AACTTGCCCGTATGCA-1,0.015092,0.138275,0.343036,0.003088,0.500509
AACTTGCGTTCTCGCG-1,0.051508,0.823224,0.000153,0.12435,0.000765
AACTTTACGGGAGCTT-1,0.030717,0.383114,0.21616,0.000139,0.369869
AACTTTAGCTGCTGAG-1,0.001557,0.298233,0.114244,0.029067,0.5569
AACTTTCTCGATCATG-1,0.043922,0.267092,0.009264,0.459873,0.219849
AAGAAAGTTTGATGGG-1,0.063672,0.872626,0.00004,0.06346,0.000202
AAGAAATCACCAGATT-1,0.043118,0.208945,0.01629,0.716846,0.0148
AAGAAGGATCAGTTAG-1,0.000068,0.999391,0.000068,0.000135,0.000338
AAGACATACGTGGTTT-1,0.896459,0.08565,0.000022,0.017759,0.000109
AAGACCAAATAACTCA-1,0.024512,0.516533,0.259581,0.038257,0.161117
AAGACCCAACTGAACA-1,0.000011,0.065679,0.000011,0.04913,0.885168
AAGACTAACCCGTTGT-1,0.000058,0.569124,0.009111,0.000117,0.42159
AAGACTCACGCCCACT-1,0.000055,0.82035,0.000055,0.000109,0.179431
AAGACTGCAAGCTACT-1,0.106279,0.250432,0.000041,0.013777,0.629471
AAGAGATGAATCGGTA-1,0.019846,0.177455,0.289383,0.000058,0.513258
AAGAGCTCTTTATCGG-1,0.000018,0.093953,0.040529,0.063383,0.802118
AAGAGGATGTACGCGA-1,0.011779,0.195872,0.051301,0.000037,0.741011
AAGAGGCATGGATCGC-1,0.096537,0.028674,0.051362,0.112788,0.710638
AAGAGGCCCTTTGGAA-1,0.341379,0.058822,0.026432,0.166196,0.407172
AAGATGGCACCGGACC-1,0.00713,0.305397,0.000034,0.088499,0.59894
AAGATTGGCGGAACGT-1,0.000008,0.000024,0.030099,0.257868,0.712
AAGCACCCTGCGTATC-1,0.00002,0.147243,0.00002,0.219533,0.633184
AAGCATACTCTCCTGA-1,0.052442,0.027169,0.028,0.066165,0.826223
AAGCCACTTGCAGGTA-1,0.000031,0.691934,0.000031,0.147833,0.16017
AAGCCGAAGCGGTTTA-1,0.275024,0.063087,0.002332,0.178273,0.481283
AAGCCGCCGTGAAATC-1,0.000022,0.348397,0.000022,0.085255,0.566304
AAGCCGCTTTACCTTG-1,0.053593,0.569464,0.000025,0.156962,0.219956
AAGCCGGAGAGCAGGA-1,0.824226,0.160439,0.005657,0.00958,0.000097
AAGCGCAGGGCTTTGA-1,0.03262,0.462407,0.001528,0.059667,0.443779
AAGCGGAGTGCGCGCA-1,0.013252,0.895132,0.000023,0.000047,0.091547
AAGCGGCGTCATGGGT-1,0.000064,0.999423,0.000064,0.000128,0.000321
AAGCGTCCCTCATCGA-1,0.000023,0.000068,0.000023,0.420891,0.578995
AAGCTAGATCGAGTAA-1,0.000016,0.105576,0.011273,0.008475,0.87466
AAGCTATGGATTGACC-1,0.045097,0.838596,0.080604,0.035306,0.000396
AAGCTCGTGCCAAGTC-1,0.048788,0.272719,0.06494,0.131396,0.482156
AAGCTCTTTCATGGTG-1,0.000012,0.000036,0.002026,0.272959,0.724967
AAGGAGAACTTATAAG-1,0.036304,0.747959,0.027753,0.000161,0.187822
AAGGAGCGGTTGGTGC-1,0.000091,0.813768,0.000091,0.000182,0.185869
AAGGATCGATCGCTTG-1,0.208875,0.780836,0.000036,0.000073,0.010181
AAGGATGAGGGACCTC-1,0.011147,0.532062,0.214165,0.03034,0.212285
AAGGCAGGCTGTCTCC-1,0.506019,0.359055,0.000031,0.000062,0.134833
AAGGCGCGTAAAGCTT-1,0.00766,0.556782,0.051695,0.138165,0.245698
AAGGCTGTGCTCATCG-1,0.000092,0.866041,0.000092,0.000184,0.133592
AAGGGAACGACTGGCT-1,0.002715,0.996863,0.000053,0.000105,0.000264
AAGGGACAGATTCTGT-1,0.029983,0.587524,0.000043,0.023933,0.358518
AAGGGACTATGCATTC-1,0.000034,0.164407,0.000034,0.343317,0.492209
AAGGGTTAGCCATGCG-1,0.720128,0.254341,0.000061,0.000121,0.025348
AAGGGTTTGATTTCAG-1,0.000022,0.157582,0.000022,0.104527,0.737847
AAGGTATCCTAATATA-1,0.015332,0.120938,0.059598,0.350084,0.454047
AAGGTGATAAACCAGC-1,0.073918,0.57872,0.000025,0.00027,0.347067
AAGTAAGCTTCCAAAC-1,0.000078,0.942038,0.05058,0.000155,0.007149
AAGTAGAAGACCGGGT-1,0.000095,0.999144,0.000095,0.00019,0.000476
AAGTAGTGACGCGAGG-1,0.008844,0.441571,0.135542,0.109173,0.304871
AAGTCAATTGTCGTCA-1,0.059588,0.610234,0.000023,0.047165,0.282991
AAGTCTAGTAGCTGCC-1,0.080923,0.127041,0.000013,0.563936,0.228086
AAGTCTTCTGTGGCCT-1,0.053691,0.945466,0.000105,0.000211,0.000527
AAGTGACGACCGAATT-1,0.038675,0.170066,0.097785,0.013511,0.679964
AAGTGAGTCGGGTTTA-1,0.00004,0.54123,0.00004,0.000081,0.458609
AAGTGCAAAGGTAGAC-1,0.007454,0.336803,0.183896,0.011183,0.460664
AAGTGCCTTGACTGTA-1,0.023667,0.036921,0.000012,0.220888,0.718513
AAGTGCGTTAGAATCT-1,0.000118,0.998938,0.000118,0.000236,0.00059
AAGTGCTTCTCTATTG-1,0.000036,0.609715,0.046327,0.242763,0.101159
AAGTGTTTGGAGACGG-1,0.000173,0.303383,0.000963,0.039913,0.655568
AAGTTCACTCCAAGCT-1,0.055271,0.16315,0.577065,0.027138,0.177376
AAGTTCAGTCTGCGTA-1,0.024232,0.82775,0.000043,0.040923,0.107051
AAGTTCGGCCAACAGG-1,0.000104,0.999061,0.000104,0.000209,0.000522
AAGTTGTGATGTTATA-1,0.818863,0.180926,0.000026,0.000053,0.000132
AAGTTTACTAATGGCA-1,0.000063,0.747809,0.251685,0.000126,0.000316
AAGTTTATGGGCCCAA-1,0.000404,0.216399,0.006318,0.22494,0.551939
AATAACACTAGAACAA-1,0.000139,0.324845,0.055004,0.298323,0.321689
AATAACGTCGCGCCCA-1,0.660613,0.184262,0.000103,0.136673,0.018348
AATAAGTCCTCGAGAC-1,0.000018,0.039615,0.000018,0.072029,0.888321
AATAATCTTCGTATCG-1,0.932805,0.052059,0.000023,0.000046,0.015067
AATACAATGTTTCAGG-1,0.027418,0.294218,0.090975,0.000561,0.586828
AATACCGGAGGGCTGT-1,0.049835,0.800859,0.000857,0.069901,0.078548
AATACCTGATGTGAAC-1,0.718038,0.195195,0.000133,0.08597,0.000664
AATAGAACAGAGTGGC-1,0.000046,0.599455,0.000046,0.003532,0.396922
AATAGAATCTGTTTCA-1,0.097904,0.585781,0.022923,0.055618,0.237774
AATAGCAAGCCTCCTG-1,0.063563,0.390365,0.003114,0.25076,0.292197
AATAGCTACCGCGTGC-1,0.008633,0.744207,0.000028,0.072367,0.174765
AATAGGCACGACCCTT-1,0.000075,0.419915,0.004997,0.046379,0.528634
AATAGTCCGTCCCGAC-1,0.00003,0.33124,0.00003,0.017156,0.651545
AATAGTCGCGAGTCGG-1,0.00008,0.999277,0.00008,0.000161,0.000401
AATATCAAGGTCGGAT-1,0.026514,0.360866,0.183142,0.033361,0.396116
AATATCCTAGCAAACT-1,0.000037,0.509522,0.001426,0.21653,0.272485
AATATCGAATCAATGC-1,0.374296,0.533132,0.011542,0.034236,0.046794
AATATCGAGGGTTCTC-1,0.037984,0.619004,0.000035,0.038873,0.304104
AATATTGGAGTATTGA-1,0.000227,0.156664,0.817825,0.024149,0.001135
AATCAGACTGCAGGAC-1,0.000025,0.186035,0.01738,0.27998,0.51658
AATCAGGTTTCATTTA-1,0.029458,0.378462,0.007976,0.328112,0.255992
AATCATGTAAAGACTC-1,0.223217,0.333738,0.014606,0.255165,0.173274
AATCCAAGGGCCTGAG-1,0.037544,0.293161,0.069694,0.000206,0.599397
AATCCATGCAAGGGTG-1,0.031234,0.36209,0.553321,0.000071,0.053284
AATCCCGCTCAGAGCC-1,0.003793,0.00004,0.053931,0.246395,0.695842
AATCGAGGTCTCAAGG-1,0.225884,0.327876,0.347138,0.035245,0.063857
AATCGCCTCAGCGCCA-1,0.000014,0.041118,0.000014,0.202445,0.75641
AATCGCGCAGAGGACT-1,0.623885,0.314442,0.004124,0.000054,0.057495
AATCGGGACACTACGA-1,0.000045,0.561166,0.002629,0.000089,0.436071
AATCGGTATAGCCCTC-1,0.829622,0.000066,0.145733,0.02447,0.00011
AATCGTGAGCCGAGCA-1,0.113043,0.66162,0.000036,0.000071,0.22523
AATCTAGGTTTACTTG-1,0.011489,0.638731,0.133189,0.20278,0.01381
AATCTATGCCGGAGCC-1,0.048117,0.601615,0.000033,0.295098,0.055138
AATCTCTACTGTGGTT-1,0.000076,0.999314,0.000076,0.000152,0.000381
AATCTGCGTTGGGACG-1,0.000027,0.369372,0.000027,0.17866,0.451914
AATCTGGCTTTCTAGT-1,0.000382,0.369383,0.613932,0.000216,0.016087
AATCTGGGTAGACCCT-1,0.000009,0.002722,0.000806,0.321606,0.674858
AATGACAGCAATGTCT-1,0.062015,0.380249,0.556994,0.000212,0.000529
AATGACGTAGGATGTC-1,0.030223,0.272385,0.015236,0.131217,0.550938
AATGACTGTCAGCCGG-1,0.025173,0.525938,0.448462,0.000122,0.000305
AATGAGTTCGCATATG-1,0.016663,0.982605,0.000091,0.000183,0.000457
AATGATGATACGCTAT-1,0.000012,0.001105,0.000012,0.40257,0.596302
AATGATGCGACTCCTG-1,0.030629,0.847019,0.000059,0.121997,0.000296
AATGCAACCGGGTACC-1,0.001182,0.742707,0.000132,0.136965,0.119013
AATGCACCAAGCAATG-1,0.000021,0.233825,0.007473,0.359684,0.398997
AATGGCCGCCAATGCG-1,0.018613,0.737947,0.00004,0.00008,0.24332
AATGGTCCACCGTTCA-1,0.022988,0.446648,0.161545,0.000146,0.368673
AATGGTTCTCACAAGC-1,0.004349,0.024003,0.970246,0.000401,0.001002
AATGTATGGCACTGTA-1,0.058666,0.750726,0.140695,0.049608,0.000305
AATGTGCCCGAGGTGT-1,0.000064,0.492628,0.166308,0.155598,0.185402
AATGTGCTAATCTGAG-1,0.000023,0.079017,0.000023,0.309819,0.611117
AATGTTAAGACCCTGA-1,0.295932,0.386802,0.075326,0.1046,0.13734
AATGTTGTCGTGAGAC-1,0.553771,0.000426,0.27698,0.168724,0.000099
AATTAAAGGTCGGCGT-1,0.042194,0.266778,0.000053,0.028099,0.662876
AATTAACGGATTTCCA-1,0.023889,0.029718,0.00002,0.011583,0.934789
AATTACGAGACCCATC-1,0.000074,0.865656,0.000074,0.000149,0.134047
AATTACTCGTACGCTC-1,0.000044,0.356995,0.018044,0.000087,0.62483
AATTAGCGCTGCAGCG-1,0.004818,0.054076,0.011787,0.111592,0.817727
AATTATACCCAGCAAG-1,0.6137,0.25088,0.135145,0.000078,0.000196
AATTCATAAGGGATCT-1,0.000016,0.05372,0.000016,0.284309,0.661939
AATTCATTGTCATGCA-1,0.17044,0.773755,0.055499,0.000087,0.000219
AATTCCAACTTGGTGA-1,0.064577,0.414082,0.068175,0.030791,0.422376
AATTCCAAGCATGTAC-1,0.000015,0.000044,0.007667,0.077388,0.914886
AATTCGATTCGAGGAT-1,0.022919,0.469423,0.000029,0.000059,0.50757
AATTCTAGAGTTAGGC-1,0.001146,0.198515,0.048541,0.000168,0.75163
AATTGAACGCTCTGGT-1,0.000014,0.129104,0.015376,0.289856,0.565649
AATTGCAGCAATCGAC-1,0.220564,0.014313,0.007255,0.129671,0.628197
AATTGCGTGGATTACA-1,0.079703,0.919756,0.000068,0.000135,0.000338
AATTGTGGTTGCCAAA-1,0.885821,0.114044,0.000017,0.000034,0.000085
AATTTGGGACATAGTA-1,0.085654,0.094219,0.017767,0.102463,0.699898
AATTTGGTTCCAAAGA-1,0.00003,0.147171,0.011154,0.050288,0.791357
ACAAACCATGCGTCCT-1,0.046067,0.605138,0.07185,0.269416,0.007528
ACAAACCGACAAGGCG-1,0.000046,0.543618,0.000046,0.000092,0.456198
ACAAACTCCATCAGAG-1,0.014233,0.233622,0.064399,0.366773,0.320973
ACAAAGAAGGTAGGCC-1,0.000019,0.350801,0.002397,0.096044,0.550738
ACAAAGCATGACCTAG-1,0.441922,0.503436,0.000031,0.026444,0.028167
ACAAATCGCACCGAAT-1,0.046274,0.158004,0.017125,0.072579,0.706017
ACAAATGGTAGTGTTT-1,0.083789,0.426807,0.000025,0.043269,0.446111
ACAAATTCAGATCTGA-1,0.034644,0.841008,0.000045,0.062122,0.06218
ACAACAGCATGAGCTA-1,0.000015,0.049272,0.01077,0.241283,0.69866
ACAACGGTCCCTGCGA-1,0.04739,0.176043,0.167675,0.000058,0.608834
ACAAGCAGTGCCTAGC-1,0.000082,0.225741,0.7644,0.000164,0.009614
ACAAGCTATATGGAAG-1,0.042131,0.957105,0.000096,0.000191,0.000478
ACAAGGAAATCCGCCC-1,0.080975,0.534828,0.000028,0.053774,0.330395
ACAAGGACAAGAGGTT-1,0.000047,0.518387,0.000047,0.000095,0.481424
ACAAGGATGCTTTAGG-1,0.155877,0.308222,0.33537,0.04412,0.156411
ACAAGGCCTACCAGCC-1,0.068461,0.86767,0.000049,0.001999,0.06182
ACAAGGGCAGGCTCTG-1,0.04001,0.46395,0.288416,0.043285,0.16434
ACAAGTAATTGTAAGG-1,0.028527,0.442837,0.043462,0.000064,0.485109
ACAATAGTCGTACGTT-1,0.0578,0.476508,0.234488,0.000419,0.230785
ACAATCCATTTAAACC-1,0.030177,0.175995,0.100046,0.004247,0.689536
ACAATCGATCTTTATA-1,0.025569,0.973719,0.000089,0.000178,0.000445
ACAATGAATACGGAGA-1,0.000022,0.336639,0.000022,0.279125,0.384193
ACAATGATTCTTCTAC-1,0.000011,0.073296,0.000011,0.356723,0.56996
ACAATTGTGTCTCTTT-1,0.087118,0.524151,0.133031,0.005122,0.250578
ACAATTTAGGAGGCTC-1,0.000119,0.707705,0.155798,0.000239,0.136138
ACAATTTGAGCAGTGG-1,0.000037,0.42675,0.051591,0.079039,0.442583
ACAATTTGGCCATATT-1,0.46076,0.198942,0.000023,0.161601,0.178673
ACACAAAGACGGGTGG-1,0.000151,0.816314,0.131141,0.051639,0.000755
ACACAAATATTCCTAG-1,0.027693,0.593161,0.000023,0.137061,0.242063
ACACACCAGGACCAGT-1,0.05541,0.531551,0.000025,0.007039,0.405976
ACACACTTTCTACACG-1,0.000042,0.227812,0.000042,0.000083,0.772021
ACACATGATCAAATCT-1,0.055295,0.268322,0.082061,0.027139,0.567182
ACACATTGACGCAACA-1,0.01062,0.606815,0.080975,0.004663,0.296927
ACACATTTCCGTAGAC-1,0.078656,0.284913,0.014025,0.196019,0.426386
ACACCACATAATTAGC-1,0.059408,0.000053,0.218633,0.721818,0.000088
ACACCCAGCATGCAGC-1,0.000073,0.808674,0.000073,0.000146,0.191035
ACACCCGAGAAATCCG-1,0.033239,0.275135,0.082609,0.000051,0.608967
ACACCCGTAAATCTGT-1,0.046344,0.258931,0.023258,0.05468,0.616787
ACACCGAGCGCTCTTT-1,0.00004,0.256786,0.011023,0.124867,0.607284
ACACCGGTCTGACCGC-1,0.337864,0.590518,0.000035,0.00007,0.071513
ACACCTTAAGTAGGGC-1,0.000075,0.645141,0.000075,0.000151,0.354557
ACACCTTACTACTTGC-1,0.088642,0.033419,0.000013,0.564399,0.313526
ACACGAGACTCCTTCT-1,0.004969,0.327372,0.037508,0.137763,0.492388
ACACGGCACTATGCAT-1,0.019346,0.297036,0.000039,0.001163,0.682417
ACACGGGAACTTAGGG-1,0.00005,0.705517,0.00005,0.03179,0.262593
ACACGTAGGCCACAAG-1,0.884027,0.082958,0.032812,0.000058,0.000145
ACACTCCAATGTCACT-1,0.083214,0.916238,0.000069,0.000137,0.000343
ACACTGATCAAGGTGT-1,0.006818,0.179563,0.04054,0.125883,0.647196
ACACTGGGACAGTCGT-1,0.782129,0.174839,0.006156,0.029476,0.007399
ACAGAACTGAGAACAA-1,0.000099,0.999109,0.000099,0.000198,0.000495
ACAGATTAGGTTAGTG-1,0.000117,0.998945,0.000117,0.000234,0.000586
ACAGCATAGAGCCAGT-1,0.000081,0.737607,0.000081,0.000162,0.262069
ACAGCGACATTCTCAT-1,0.173857,0.100845,0.000424,0.079367,0.645508
ACAGCGCACCCGCAGC-1,0.000033,0.230786,0.000033,0.102981,0.666168
ACAGGAGGCGCAGCCG-1,0.000042,0.63029,0.084609,0.006932,0.278127
ACAGGCACGGATCCTT-1,0.328471,0.413938,0.000032,0.000064,0.257495
ACAGGCTTGCCCGACT-1,0.078264,0.503687,0.00002,0.007888,0.410141
ACAGGTGGAGGTGAGG-1,0.000071,0.637892,0.000071,0.000142,0.361824
ACAGGTGTGTTGTTGC-1,0.051829,0.654197,0.037037,0.000137,0.2568
ACAGTAATACAACTTG-1,0.077934,0.852424,0.000055,0.00011,0.069478
ACAGTATACCGTGGGA-1,0.000007,0.00002,0.000007,0.535535,0.464431
ACAGTGCAGCGCATTT-1,0.042503,0.173545,0.018452,0.184637,0.580863
ACATAAGTCGTGGTGA-1,0.000032,0.392108,0.148321,0.000361,0.459178
ACATAATAAGGCGGTG-1,0.000103,0.878645,0.000103,0.000206,0.120943
ACATACAATCAAGCGG-1,0.713286,0.03988,0.003751,0.000096,0.242987
ACATCAGCTGGGACGC-1,0.019018,0.70007,0.165468,0.000091,0.115353
ACATCCCGGCCATACG-1,0.000036,0.207342,0.000036,0.031925,0.76066
ACATCCTGGTAACTGT-1,0.154366,0.670547,0.000029,0.051337,0.123721
ACATCGATCGTTTACC-1,0.000025,0.067139,0.01297,0.032159,0.887706
ACATCGCAATATTCGG-1,0.000061,0.242218,0.000061,0.005668,0.751992
ACATCGGTCAGCCGCG-1,0.129858,0.862745,0.000118,0.000236,0.007043
ACATCGTATGCAATGG-1,0.045728,0.495599,0.015146,0.04511,0.398416
ACATCGTTAACCTAGT-1,0.000033,0.18304,0.000033,0.018726,0.798167
ACATCTCAACGCGTAA-1,0.000026,0.193489,0.085951,0.000053,0.720481
ACATGCTTACGGCAGC-1,0.014366,0.748248,0.000034,0.149517,0.087836
ACATGGCGCCAAAGTA-1,0.197297,0.802439,0.000033,0.000066,0.000165
ACATGGCTCAATTTAG-1,0.000037,0.151788,0.123144,0.107015,0.618015
ACATTAGTTTATATCC-1,0.000042,0.379746,0.000042,0.000084,0.620086
ACATTCGCGCGGAATA-1,0.000019,0.328078,0.065144,0.356125,0.250634
ACATTTGAAACCTAAC-1,0.813276,0.03343,0.000073,0.152855,0.000366
ACCAAACACCCAGCGA-1,0.000018,0.568743,0.000018,0.019086,0.412136
ACCAAACTAGAAATCC-1,0.000045,0.693156,0.000045,0.00009,0.306665
ACCAACACCACACACT-1,0.000012,0.236942,0.010212,0.578663,0.174171
ACCAACCGCACTCCAC-1,0.606882,0.259232,0.000029,0.000553,0.133303
ACCAACGCTTATTTAT-1,0.00002,0.021828,0.00002,0.214726,0.763406
ACCAAGAACGCGTGTC-1,0.000122,0.998903,0.000122,0.000244,0.000609
ACCAAGTCATCGGCAG-1,0.987622,0.000078,0.012119,0.000052,0.000129
ACCAATATGCAAGTTA-1,0.000373,0.063132,0.000012,0.056939,0.879544
ACCACAACTCAGAACA-1,0.000026,0.26984,0.000026,0.063354,0.666754
ACCACAAGTTTCTATC-1,0.000065,0.285793,0.000065,0.09664,0.617437
ACCACACGGTTGATGG-1,0.203299,0.399179,0.134082,0.068241,0.1952
ACCACCAATGTAACAA-1,0.430499,0.337415,0.188162,0.016536,0.027388
ACCACCCTCTCTTCTA-1,0.136671,0.862998,0.000041,0.000083,0.000207
ACCACGTGCAGCTATA-1,0.00002,0.118877,0.00002,0.162776,0.718307
ACCACTGTTCAAGAAG-1,0.000012,0.000035,0.207986,0.077986,0.713982
ACCAGACCATAACAAC-1,0.017971,0.981638,0.000049,0.000098,0.000244
ACCAGCCCGGTCTTTG-1,0.000081,0.786814,0.000081,0.000161,0.212863
ACCAGGAGTGTGATCT-1,0.025122,0.465085,0.067754,0.000164,0.441875
ACCAGTGCCCGGTCAA-1,0.000011,0.0428,0.000011,0.296863,0.660314
ACCAGTGCGGGAGACG-1,0.008717,0.181932,0.000017,0.171956,0.637378
ACCATATCCGCAATAA-1,0.000038,0.256528,0.000038,0.025666,0.71773
ACCATCCGCCAACTAG-1,0.000027,0.853582,0.003524,0.000053,0.142815
ACCATCGTATATGGTA-1,0.000103,0.544251,0.084744,0.000205,0.370698
ACCATTAAGGGTGTCA-1,0.000022,0.013941,0.000022,0.10037,0.885645
ACCCAACGCCCGTGGC-1,0.090682,0.433849,0.068034,0.01775,0.389686
ACCCACCTACATGCTC-1,0.057783,0.138445,0.239389,0.026004,0.538378
ACCCATCTTGAGGGTA-1,0.000133,0.949087,0.000133,0.000266,0.05038
ACCCATTTGTCCCTCT-1,0.612456,0.328352,0.000048,0.000095,0.05905
ACCCGAGCGAAATTAC-1,0.060513,0.064488,0.000022,0.210377,0.6646
ACCCGATTGGTTCCGA-1,0.000059,0.867034,0.000059,0.000118,0.13273
ACCCGGAAACTCCCAG-1,0.021706,0.158825,0.040852,0.079044,0.699572
ACCCGGAGCACCACAA-1,0.955748,0.044075,0.000022,0.000044,0.00011
ACCCGGATGACGCATC-1,0.063963,0.481279,0.000025,0.192189,0.262545
ACCCGGTTACACTTCC-1,0.000062,0.307572,0.000062,0.016696,0.675606
ACCCGTAGCAGAGAAT-1,0.066162,0.495298,0.073362,0.365027,0.00015
ACCCGTAGTCTAGTTG-1,0.971466,0.028294,0.00003,0.00006,0.00015
ACCCGTGTCATCAGTA-1,0.01824,0.158929,0.020727,0.127245,0.67486
ACCCTATAGGACTGAG-1,0.000194,0.622396,0.000194,0.376248,0.000969
ACCCTATGCCATATCG-1,0.000055,0.205898,0.000055,0.044417,0.749576
ACCCTCCCGTCAGGGC-1,0.684251,0.158218,0.019005,0.000048,0.138477
ACCCTCCCTTGCTATT-1,0.033375,0.152915,0.02821,0.289952,0.495547
ACCCTGGTAACGCCCT-1,0.028874,0.000774,0.000008,0.629374,0.34097
ACCCTTCATCTGCGAA-1,0.011273,0.281177,0.079814,0.309219,0.318517
ACCCTTGCCTGGGTCG-1,0.042504,0.875702,0.008748,0.013958,0.059088
ACCCTTTAGTTCTCCA-1,0.000013,0.000039,0.000013,0.203513,0.796422
ACCGAAAGGGCCCTGC-1,0.021992,0.79173,0.185749,0.000151,0.000378
ACCGAAGAGTCTGGTT-1,0.000073,0.999346,0.000073,0.000145,0.000363
ACCGACACATCTCCCA-1,0.033239,0.184456,0.000026,0.03078,0.751499
ACCGACTGAGTCCCAC-1,0.000076,0.429115,0.000076,0.020342,0.550391
ACCGAGTCTCCTTATT-1,0.079297,0.464223,0.000025,0.037183,0.419273
ACCGATAGGCATAACC-1,0.999759,0.000066,0.000022,0.000044,0.000109
ACCGATATTTAATCAT-1,0.909845,0.028625,0.000029,0.061359,0.000143
ACCGATGGTAGCATCG-1,0.003134,0.142949,0.000017,0.134693,0.719206
ACCGCAATAACTGCCT-1,0.012565,0.304326,0.000269,0.154436,0.528404
ACCGCGGTGGAAGTCG-1,0.714303,0.08563,0.004695,0.00803,0.187341
ACCGCTAGTCATTGGT-1,0.011256,0.616587,0.000036,0.092392,0.279731
ACCGGGCCTTTGTTGA-1,0.053925,0.185155,0.001608,0.27364,0.485672
ACCGGTCAGGTACACC-1,0.048555,0.44527,0.117966,0.028087,0.360122
ACCGGTCTGAGTACGG-1,0.000042,0.529925,0.000042,0.043652,0.42634
ACCGTCCACTGGGCCC-1,0.020631,0.526967,0.019795,0.043407,0.3892
ACCGTGACCACGTGGG-1,0.035662,0.16905,0.794865,0.000121,0.000302
ACCGTTCCCGCTCTGA-1,0.000034,0.167314,0.005484,0.405691,0.421478
ACCTAAGTACCTTTCA-1,0.000116,0.951805,0.000116,0.036136,0.011827
ACCTAATCGACTTCCT-1,0.000142,0.437687,0.319401,0.133097,0.109674
ACCTACAGTATGTGGT-1,0.552444,0.312239,0.000028,0.049469,0.08582
ACCTACTATAAATCTA-1,0.000014,0.028058,0.009146,0.070567,0.892214
ACCTCAGCGAGGCGCA-1,0.262686,0.00463,0.721882,0.003087,0.007716
ACCTCCGCCCTCGCTG-1,0.601095,0.330022,0.000059,0.000118,0.068705
ACCTCCGTTATTCACC-1,0.260734,0.629761,0.000033,0.000067,0.109405
ACCTCGAACTTATGCT-1,0.025011,0.792009,0.000096,0.180311,0.002572
ACCTGCGTGTCATGTT-1,0.081344,0.63641,0.000134,0.130535,0.151577
ACCTTTCCTTTAGAAG-1,0.000087,0.999219,0.000087,0.000174,0.000434
ACGACCCATGAGTTGC-1,0.926686,0.07087,0.002283,0.000046,0.000115
ACGACTCTAGGGCCGA-1,0.746006,0.215882,0.008163,0.029774,0.000175
ACGACTGGTCATACTC-1,0.000062,0.659445,0.000062,0.044277,0.296154
ACGAGAACCCATCACG-1,0.119046,0.880498,0.000057,0.000114,0.000285
ACGAGATATTTGCTTA-1,0.00008,0.759105,0.00008,0.000161,0.240574
ACGAGGATACCACTCT-1,0.054883,0.300296,0.130633,0.10592,0.408268
ACGAGGTTTACAACGT-1,0.000115,0.894539,0.104541,0.00023,0.000575
ACGAGTACGGATGCCC-1,0.021259,0.120164,0.007196,0.378316,0.473066
ACGAGTCGCCGGCGTT-1,0.000034,0.374741,0.002033,0.087798,0.535394
ACGATACATAGAACTA-1,0.000018,0.119892,0.028829,0.477583,0.373678
ACGATACCTATCCTGA-1,0.051951,0.293368,0.464287,0.062632,0.127762
ACGATCATACATAGAG-1,0.000088,0.795972,0.000088,0.000176,0.203676
ACGATCATCTTGTAAA-1,0.066873,0.465756,0.000025,0.00005,0.467296
ACGATGCATATGTTAT-1,0.003477,0.640307,0.00007,0.080418,0.275727
ACGATGGATCCGATGC-1,0.00003,0.149181,0.00003,0.00833,0.84243
ACGCAAACTAATAGAT-1,0.000011,0.08055,0.000011,0.048711,0.870718
ACGCAATCACTACAGC-1,0.182068,0.350574,0.387928,0.070946,0.008483
ACGCATAAATGACATG-1,0.013237,0.13822,0.018043,0.19259,0.63791
ACGCATACGTTTACTA-1,0.286665,0.497623,0.015321,0.030924,0.169468
ACGCATTCGTGAGTAC-1,0.000051,0.259997,0.002921,0.115388,0.621643
ACGCCACTCGAAACAG-1,0.101854,0.242956,0.000017,0.253687,0.401486
ACGCCAGATGATTTCT-1,0.000053,0.418262,0.000053,0.019244,0.562388
ACGCCAGTGCGTTTGC-1,0.803225,0.000087,0.011071,0.185471,0.000145
ACGCCCAGCTGTCGAT-1,0.000045,0.352286,0.000045,0.000089,0.647536
ACGCCGCTAGACGACC-1,0.034774,0.310977,0.025712,0.029061,0.599476
ACGCCTGACACGCGCT-1,0.000015,0.109198,0.000015,0.146279,0.744493
ACGCGAAGTCAGACGA-1,0.000036,0.322091,0.000036,0.002132,0.675705
ACGCGCTACACAGGGT-1,0.000104,0.999066,0.000104,0.000208,0.000519
ACGCGGGCCAAGGACA-1,0.000038,0.223774,0.033035,0.08849,0.654662
ACGCGTTTCTTAAGAG-1,0.029697,0.396352,0.02941,0.056727,0.487814
ACGCTACTGAATGGGC-1,0.771867,0.227811,0.00004,0.000081,0.000201
ACGCTAGTATCAGTGC-1,0.000034,0.428996,0.015694,0.108315,0.446962
ACGCTAGTGATACACT-1,0.044135,0.565519,0.000056,0.030444,0.359845
ACGCTGTGAGGCGTAG-1,0.025836,0.973371,0.000099,0.000198,0.000496
ACGCTTAGTGTCTCTC-1,0.000047,0.371194,0.000047,0.000094,0.628618
ACGGAACACGAGTGCC-1,0.619779,0.104939,0.115398,0.159403,0.000481
ACGGAATTTAGCAAAT-1,0.070233,0.543187,0.08749,0.000114,0.298976
ACGGACGCAGCGACAA-1,0.000036,0.821941,0.000036,0.099787,0.078201
ACGGACTCTCAAAGCG-1,0.000011,0.001623,0.000011,0.025519,0.972837
ACGGAGCGCAAATTAC-1,0.002369,0.020227,0.005505,0.663242,0.308657
ACGGATGGTGCGGATA-1,0.021196,0.332713,0.018414,0.125977,0.5017
ACGGCACTTGCTTGGG-1,0.009192,0.11258,0.049888,0.164771,0.663568
ACGGCCAACATGGACT-1,0.00216,0.200928,0.015516,0.092216,0.68918
ACGGCGACGATGGGAA-1,0.021015,0.206981,0.034921,0.026434,0.710648
ACGGCGGGTTGCCCTG-1,0.000051,0.544396,0.000051,0.074166,0.381336
ACGGCTGGATGTAGAA-1,0.017912,0.868837,0.112789,0.000132,0.000329
ACGGGAGTGTCGGCCC-1,0.000123,0.9371,0.000123,0.062035,0.000617
ACGGGCGTATGCGACA-1,0.031532,0.06592,0.00325,0.631117,0.268181
ACGGGTCATGTGACTT-1,0.000029,0.232634,0.000029,0.057289,0.710018
ACGGGTTGTGACCTGT-1,0.056479,0.750232,0.025083,0.15129,0.016917
ACGGTACAGTTCAATG-1,0.766576,0.233206,0.000027,0.000055,0.000136
ACGGTCACCGAGAACA-1,0.057161,0.541732,0.060305,0.333773,0.007028
ACGTACAGATTTCTCT-1,0.000058,0.307627,0.003883,0.000116,0.688317
ACGTACTTTGGCACGG-1,0.000042,0.969377,0.000042,0.030332,0.000208
ACGTAGATTGCTGATG-1,0.000028,0.068104,0.000441,0.078155,0.853271
ACGTAGGAGAGTCGCT-1,0.063447,0.468853,0.003472,0.049153,0.415074
ACGTATTACTCCGATC-1,0.037962,0.242317,0.000023,0.157501,0.562197
ACGTCCTAAACGAGAT-1,0.064675,0.709992,0.02516,0.000099,0.200073
ACGTCGGGCAACTCGG-1,0.000015,0.260168,0.000015,0.383851,0.355949
ACGTCTCGTTCCGGGA-1,0.023164,0.750063,0.051764,0.004101,0.170908
ACGTGACAAAGTAAGT-1,0.000014,0.118513,0.000535,0.408192,0.472746
ACGTGCGCCTCGTGCA-1,0.039045,0.275421,0.000044,0.00685,0.67864
ACGTGGTCGAATGTGC-1,0.000026,0.209095,0.006446,0.000053,0.78438
ACGTTAATGTCGAAGA-1,0.012508,0.008011,0.005734,0.052361,0.921386
ACGTTAGATTTGCCCG-1,0.073068,0.837771,0.000094,0.000188,0.088879
ACGTTATTGGTCACTC-1,0.000132,0.998813,0.000132,0.000264,0.000659
ACGTTCACTATGCCGC-1,0.013165,0.580107,0.053977,0.316629,0.036122
ACGTTCCGCGCTCCGT-1,0.024504,0.974643,0.000107,0.000213,0.000533
ACGTTCGCAATCAATT-1,0.097844,0.062551,0.000606,0.302746,0.536253
ACGTTCGTTCAGGAAA-1,0.000034,0.285344,0.000034,0.003086,0.711501
ACGTTCTGTACAAGTC-1,0.480227,0.297252,0.000046,0.029174,0.1933
ACGTTGTCGTTGAAAG-1,0.000016,0.227103,0.000016,0.356745,0.41612
ACGTTTAGTTGTGATC-1,0.00004,0.103584,0.018385,0.120992,0.756999
ACGTTTCGGTGCACTT-1,0.877442,0.035484,0.086775,0.000085,0.000213
ACTAAGGACGCACACC-1,0.000014,0.18868,0.000307,0.246946,0.564052
ACTAATACGTCAGGCG-1,0.000049,0.913659,0.000049,0.000098,0.086145
ACTACAAAGAGAGGTG-1,0.038776,0.253867,0.055524,0.240441,0.411392
ACTACATCCCGACAAG-1,0.051757,0.294701,0.157392,0.14236,0.353791
ACTACCAGCTCTCTGG-1,0.00008,0.881698,0.00008,0.091882,0.02626
ACTACCATCCGAGGGC-1,0.086267,0.564652,0.067772,0.23581,0.045499
ACTACGCGTTAGAATT-1,0.064476,0.134937,0.018314,0.003435,0.778838
ACTAGTTGCGATCGTC-1,0.172626,0.015015,0.002923,0.217032,0.592404
ACTATATGCTGTGTTC-1,0.079101,0.179471,0.362422,0.377928,0.001078
ACTATCCAGGGCATGG-1,0.354915,0.287066,0.000019,0.012742,0.345258
ACTATCGCCGGCTAAA-1,0.000064,0.679574,0.000064,0.000127,0.320171
ACTATCTGCCCGCGTA-1,0.647694,0.351993,0.000039,0.000078,0.000196
ACTATGTCCAGCTGCC-1,0.000064,0.848453,0.015215,0.000128,0.13614
ACTATTCGTCCGTGGT-1,0.000046,0.284644,0.056859,0.013468,0.644984
ACTATTTCCGGGCCCA-1,0.000056,0.526762,0.000056,0.049473,0.423654
ACTCAACGAATGTATT-1,0.079612,0.919617,0.000096,0.000193,0.000482
ACTCAAGTGCAAGGCT-1,0.119558,0.442838,0.00003,0.00006,0.437514
ACTCAATAAAGGCACG-1,0.000047,0.544673,0.000047,0.047483,0.40775
ACTCAGACCTGCTTCT-1,0.05442,0.26294,0.36904,0.20444,0.10916
ACTCATGGCAGCCTTC-1,0.046705,0.906532,0.000041,0.046517,0.000206
ACTCCAATATCATCAT-1,0.009194,0.533696,0.051193,0.200165,0.205752
ACTCCCATTCCTAAAG-1,0.102441,0.515301,0.20881,0.019254,0.154194
ACTCCCGAATTCGTTT-1,0.015271,0.086534,0.000017,0.358683,0.539495
ACTCCCGTAGACTAGG-1,0.136539,0.392138,0.032783,0.058267,0.380272
ACTCCCTAATGCTAAA-1,0.061546,0.556465,0.000034,0.010142,0.371813
ACTCCCTAGAATAGTA-1,0.002672,0.064993,0.035676,0.014283,0.882376
ACTCCGGCCGACCACT-1,0.160035,0.029689,0.01539,0.402264,0.392621
ACTCGATGTATTTCAT-1,0.000118,0.972978,0.000118,0.000236,0.026551
ACTCGCCGTTCGATAA-1,0.974231,0.025573,0.000025,0.000049,0.000123
ACTCGCGATCTGACGC-1,0.886103,0.063714,0.000029,0.003987,0.046167
ACTCGTAACCCGTCCT-1,0.000132,0.787812,0.102668,0.104476,0.004913
ACTCGTCAGTAATCCC-1,0.064877,0.200167,0.009131,0.103235,0.62259
ACTCTAAACCTGGGAT-1,0.008276,0.991122,0.000075,0.00015,0.000376
ACTCTCTGACTTAGGT-1,0.022535,0.492559,0.000049,0.00283,0.482027
ACTCTCTTATACACGA-1,0.000051,0.482326,0.030227,0.162961,0.324434
ACTCTGACCTAATAGA-1,0.598924,0.069274,0.052382,0.216826,0.062594
ACTCTTCAGCTCCCGC-1,0.94673,0.033717,0.000037,0.019328,0.000187
ACTCTTGTATAGTAAC-1,0.000053,0.329319,0.000053,0.000105,0.670471
ACTGAAACGCCGTTAG-1,0.123555,0.607148,0.000027,0.000055,0.269215
ACTGAATGGCGAAAGT-1,0.040989,0.566395,0.093431,0.038188,0.260996
ACTGATTTAGTGATTC-1,0.111699,0.702309,0.000109,0.000217,0.185666
ACTGCCCGCCATTCTC-1,0.000018,0.137914,0.000018,0.477068,0.384982
ACTGCCGTCGTAACTC-1,0.000049,0.336445,0.000049,0.002597,0.660861
ACTGCGGACACACCGT-1,0.163653,0.042148,0.000016,0.389839,0.404343
ACTGCTCGGAAGGATG-1,0.000079,0.996179,0.000079,0.000158,0.003506
ACTGGCGAACCTGCGT-1,0.000012,0.134077,0.000012,0.294427,0.571471
ACTGGGATGCCAGTGC-1,0.015192,0.471132,0.000036,0.210134,0.303506
ACTGTACGATACACAT-1,0.000013,0.005859,0.000013,0.099627,0.894487
ACTGTAGCACTTTGGA-1,0.026344,0.183786,0.062564,0.000052,0.727253
ACTGTATACGCGAGCA-1,0.025053,0.292766,0.199757,0.090657,0.391768
ACTGTCCAGGATTATA-1,0.000047,0.120331,0.000047,0.249235,0.63034
ACTGTCTTCTTTAGAA-1,0.000017,0.000051,0.000017,0.141996,0.857919
ACTGTGCTAGTAGATC-1,0.074373,0.439329,0.210891,0.104673,0.170734
ACTGTTTAGTGTAGGC-1,0.000127,0.776436,0.222544,0.000255,0.000637
ACTTACCGGGCGCGCA-1,0.013634,0.531969,0.000026,0.265478,0.188892
ACTTACGCATCCACGC-1,0.024204,0.098367,0.005232,0.106763,0.765434
ACTTAGTACGACAAGA-1,0.117448,0.254194,0.439307,0.0597,0.129352
ACTTATACTTACCCGG-1,0.006151,0.144688,0.000017,0.14569,0.703454
ACTTATCTGATCTATA-1,0.000058,0.51395,0.000058,0.015715,0.470218
ACTTATTAGGATCGGT-1,0.000123,0.41111,0.263271,0.002658,0.322838
ACTTATTTATGTGCCA-1,0.019951,0.258473,0.000024,0.319262,0.402289
ACTTCAGGCTGATCCC-1,0.000008,0.000025,0.000146,0.135889,0.863931
ACTTCCAGTGGAAGCT-1,0.000038,0.246782,0.000038,0.158866,0.594276
ACTTCCATGCGGGACA-1,0.239375,0.286434,0.20425,0.004746,0.265195
ACTTCCTGTCGTGCGA-1,0.044841,0.387767,0.02501,0.523968,0.018413
ACTTCGCCATACGCAC-1,0.004899,0.122169,0.097006,0.389733,0.386193
ACTTCGCTAGCGAGTG-1,0.405848,0.462195,0.000048,0.012095,0.119814
ACTTGACTCCCTCTTT-1,0.015142,0.35723,0.000034,0.113706,0.513888
ACTTGCCATATTGTAC-1,0.044649,0.557615,0.079391,0.000193,0.318152
ACTTGCTCTATCTACC-1,0.008196,0.367274,0.000034,0.297959,0.326536
ACTTGGGACCCGGTGG-1,0.000034,0.27496,0.015089,0.372353,0.337564
ACTTGGGCTTTCGCCA-1,0.022962,0.105102,0.000087,0.000174,0.871675
ACTTGTAGTCCCTTCA-1,0.000091,0.999179,0.000091,0.000182,0.000456
ACTTGTGGATGGAACG-1,0.50604,0.073721,0.000025,0.014735,0.405479
ACTTGTTACCGGATCA-1,0.022835,0.060717,0.009187,0.349951,0.55731
ACTTTACCCTCATGAA-1,0.048094,0.045268,0.049286,0.622976,0.234375
ACTTTATACACCACTT-1,0.097671,0.242377,0.253534,0.379129,0.02729
ACTTTCCTATAGCTTC-1,0.028564,0.60973,0.000144,0.19124,0.170322
ACTTTGACTGCATCCT-1,0.016129,0.94926,0.034099,0.000146,0.000366
ACTTTGGTCGTGCTCC-1,0.027046,0.802627,0.036241,0.128736,0.00535
ACTTTGTCGACGCACT-1,0.905537,0.025597,0.000031,0.01635,0.052486
AGAAATTATGACTCGC-1,0.69204,0.258362,0.000027,0.000054,0.049517
AGAACACGGCGATGGT-1,0.024139,0.802491,0.03065,0.142577,0.000143
AGAACCCAGCGTGACA-1,0.727451,0.271364,0.001012,0.000049,0.000123
AGAACCCTCAATTGGG-1,0.000051,0.804775,0.073439,0.000102,0.121632
AGAACGTGGTACATTC-1,0.009376,0.014056,0.012361,0.32895,0.635257
AGAACTGTACTTTGTA-1,0.794432,0.153831,0.000053,0.000107,0.051576
AGAAGAGCGCCGTTCC-1,0.047991,0.199458,0.000258,0.269817,0.482476
AGAAGGTACACTTCAC-1,0.038748,0.901311,0.000094,0.059377,0.00047
AGAAGGTTGCCGAATT-1,0.000098,0.576399,0.011671,0.000196,0.411636
AGAAGGTTGTAGGTCG-1,0.025511,0.104274,0.000016,0.000206,0.869993
AGAAGTGATTCGTGAT-1,0.000113,0.893167,0.105932,0.000225,0.000563
AGAATAAATCTTCAGG-1,0.049906,0.949603,0.000061,0.000123,0.000307
AGAATACAGGCTATCC-1,0.906497,0.018665,0.00005,0.057757,0.017031
AGAATGCGGGTTCGGA-1,0.000018,0.276012,0.001701,0.263268,0.459001
AGAATTATGGATTCGA-1,0.015306,0.304735,0.00002,0.098496,0.581442
AGAATTGTTTGACATA-1,0.01584,0.947808,0.035777,0.000164,0.000411
AGACAGCTCAGAATCC-1,0.00009,0.999187,0.00009,0.000181,0.000451
