Barcode,Topic 1,Topic 2to3,Topic 4to7,Topic 8to12
AAACAAGTATCTCCCA-1,0.199988,0.096419,0.137299,0.566295
AAACACCAATAACTGC-1,0.000547,0.309556,0.072828,0.617069
AAACAGAGCGACTCCT-1,0.000032,0.010592,0.082657,0.90672
AAACAGCTTTCAGAAG-1,0.000019,0.002771,0.671752,0.325459
AAACAGGGTCTATATT-1,0.000025,0.136742,0.203339,0.659894
AAACAGTGTTCCTGGG-1,0.024049,0.66746,0.000049,0.308442
AAACATGGTGAGAGGA-1,0.06021,0.376276,0.209944,0.35357
AAACATTTCCCGGATT-1,0.362552,0.350072,0.116625,0.170752
AAACCACTACACAGAT-1,0.000027,0.122388,0.320905,0.55668
AAACCCGAACGAAATC-1,0.236304,0.068733,0.210772,0.484192
AAACCGGAAATGTTAA-1,0.137698,0.139843,0.336687,0.385772
AAACCGGGTAGGTACC-1,0.014725,0.043361,0.066666,0.875248
AAACCGTTCGTCCAGG-1,0.000364,0.190951,0.031015,0.77767
AAACCTAAGCAGCCGG-1,0.788858,0.00216,0.208859,0.000124
AAACCTCATGAAGTTG-1,0.000027,0.000054,0.211612,0.788307
AAACGAAGAACATACC-1,0.000035,0.010986,0.016747,0.972232
AAACGAAGATGGAGTA-1,0.000045,0.358612,0.094046,0.547297
AAACGACAGTCTTGCC-1,0.000021,0.117755,0.382073,0.500151
AAACGAGACGGTTGAT-1,0.043564,0.027073,0.000153,0.92921
AAACGCCCGAGATCGG-1,0.000024,0.000047,0.413222,0.586707
AAACGCTGGGCACGAC-1,0.308694,0.146679,0.401806,0.14282
AAACGGGCGTACGGGT-1,0.393465,0.402692,0.00017,0.203672
AAACGGTTGCGAACTG-1,0.005362,0.318649,0.345098,0.330892
AAACGTGTTCGCCCTA-1,0.001039,0.135043,0.120961,0.742957
AAACTAACGTGGCGAC-1,0.013188,0.034043,0.187052,0.765717
AAACTCGGTTCGCAAT-1,0.085821,0.389608,0.355795,0.168775
AAACTCGTGATATAAG-1,0.000022,0.130927,0.255675,0.613376
AAACTGCTGGCTCCAA-1,0.00082,0.171959,0.065882,0.761339
AAACTTAATTGCACGC-1,0.014212,0.171322,0.497074,0.317392
AAACTTGCAAACGTAT-1,0.01135,0.026048,0.076848,0.885753
AAAGAATGACCTTAGA-1,0.007539,0.392786,0.243923,0.355752
AAAGAATGTGGACTAA-1,0.797495,0.064235,0.097205,0.041065
AAAGACATGAAGTTTA-1,0.000035,0.005553,0.441062,0.55335
AAAGACCCAAGTCGCG-1,0.000061,0.008669,0.164493,0.826777
AAAGACTGGGCGCTTT-1,0.000082,0.002164,0.059997,0.937756
AAAGCTTGCCTACATA-1,0.002833,0.301965,0.177154,0.518047
AAAGGCCCTATAATAC-1,0.009886,0.517191,0.28397,0.188954
AAAGGCTACGGACCAT-1,0.081937,0.256925,0.153867,0.507271
AAAGGCTCTCGCGCCG-1,0.036508,0.066784,0.181167,0.715541
AAAGGGATGTAGCAAG-1,0.000836,0.055856,0.022366,0.920942
AAAGGGCAGCTTGAAT-1,0.000058,0.000296,0.201465,0.798181
AAAGGTAAGCTGTACC-1,0.000034,0.043021,0.016961,0.939984
AAAGGTCAACGACATG-1,0.000023,0.040471,0.693896,0.26561
AAAGTAGCATTGCTCA-1,0.015979,0.148381,0.022469,0.813171
AAAGTCACTGATGTAA-1,0.000035,0.00007,0.194352,0.805544
AAAGTCGACCCTCAGT-1,0.00004,0.032669,0.09669,0.8706
AAAGTGCCATCAATTA-1,0.182378,0.001705,0.799656,0.016261
AAAGTGTGATTTATCT-1,0.039114,0.192054,0.245799,0.523033
AAAGTTGACTCCCGTA-1,0.013639,0.073903,0.110593,0.801865
AAATAACCATACGGGA-1,0.000043,0.018196,0.000702,0.981059
AAATAAGGTAGTGCCC-1,0.002564,0.275497,0.001493,0.720447
AAATACCTATAAGCAT-1,0.030451,0.12827,0.001255,0.840023
AAATAGCTTAGACTTT-1,0.046293,0.17171,0.178906,0.603092
AAATAGGGTGCTATTG-1,0.220341,0.014162,0.137556,0.627941
AAATCACTCCTAAACG-1,0.034781,0.175351,0.781801,0.008068
AAATCCGATACACGCC-1,0.192586,0.01578,0.775436,0.016197
AAATCGCGGAAGGAGT-1,0.000028,0.084428,0.247498,0.668046
AAATCGTGTACCACAA-1,0.000019,0.00569,0.095072,0.899219
AAATCTAGCCCTGCTA-1,0.081063,0.220696,0.38249,0.315751
AAATCTGCCCGCGTCC-1,0.030311,0.458904,0.139039,0.371747
AAATGACTGATCAAAC-1,0.042387,0.041631,0.876954,0.039027
AAATGATTCGATCAGC-1,0.000024,0.051649,0.064312,0.884015
AAATGCTCGTTACGTT-1,0.125446,0.024324,0.000788,0.849442
AAATGGCATGTCTTGT-1,0.000059,0.144299,0.013944,0.841698
AAATGGCCCGTGCCCT-1,0.000023,0.028075,0.33444,0.637463
AAATGGTCAATGTGCC-1,0.000024,0.049484,0.000096,0.950396
AAATGTGGGTGCTCCT-1,0.000111,0.223861,0.000444,0.775584
AAATTAACGGGTAGCT-1,0.016634,0.050841,0.068371,0.864154
AAATTAATAAGCGCGA-1,0.090634,0.153695,0.103521,0.652151
AAATTACACGACTCTG-1,0.000036,0.005993,0.134398,0.859573
AAATTACCTATCGATG-1,0.03541,0.080987,0.032588,0.851014
AAATTCCAGGTCCAAA-1,0.010228,0.127775,0.183688,0.678309
AAATTGATAGTCCTTT-1,0.000015,0.013888,0.104735,0.881362
AAATTGGTGAGAAGCA-1,0.009014,0.351202,0.000093,0.639691
AAATTTACCGAAATCC-1,0.00004,0.00008,0.141133,0.858747
AAATTTGCGGGTGTGG-1,0.000021,0.021855,0.041055,0.937069
AACAACTGGTAGTTGC-1,0.000022,0.000044,0.05658,0.943355
AACAATACATTGTCGA-1,0.000009,0.025011,0.403953,0.571027
AACAATTACTCTACGC-1,0.000049,0.000098,0.005054,0.994798
AACACACGCTCGCCGC-1,0.065612,0.219118,0.397422,0.317848
AACACGACTGTACTGA-1,0.000035,0.000071,0.09001,0.909884
AACACGAGACGCGGCC-1,0.000012,0.000023,0.224674,0.775291
AACAGCTGTGTGGCAA-1,0.001967,0.098402,0.058458,0.841173
AACAGGAAATCGAATA-1,0.013444,0.013405,0.034965,0.938186
AACAGGATGGGCCGCG-1,0.00005,0.0001,0.000201,0.999649
AACAGGTAGTATGGAT-1,0.031489,0.056131,0.526383,0.385997
AACATAGCGTGTATCG-1,0.948328,0.025346,0.000089,0.026238
AACATATCAACTGGTG-1,0.00002,0.074616,0.077086,0.848278
AACATCGATACGTCTA-1,0.000011,0.000022,0.082642,0.917325
AACATTGAAGTTGATC-1,0.030484,0.495968,0.045171,0.428377
AACATTGTGACTCGAG-1,0.008124,0.490004,0.0245,0.477372
AACCAAGACTTCTCTG-1,0.007141,0.030967,0.088029,0.873863
AACCAGTATCACTCTT-1,0.000056,0.012665,0.28889,0.698389
AACCATAGGGTTGAAC-1,0.000207,0.300254,0.452163,0.247376
AACCATGGGATCGCTA-1,0.000114,0.167652,0.000457,0.831777
AACCCAGAGACGGAGA-1,0.029163,0.005321,0.039787,0.925728
AACCCATCCCATGATC-1,0.045621,0.14695,0.300359,0.50707
AACCCGACAACCCGTG-1,0.017973,0.304183,0.522177,0.155666
AACCCGAGCAGAATCG-1,0.024577,0.136075,0.758918,0.080429
AACCCGATAGGGCTTC-1,0.000034,0.260148,0.233245,0.506572
AACCCGCTGTATTCCA-1,0.243837,0.372231,0.247246,0.136686
AACCCTACTGTCAATA-1,0.027475,0.11516,0.061401,0.795964
AACCCTGGTGGAACCA-1,0.000032,0.011051,0.200894,0.788023
AACCGAGCTTGGTCAT-1,0.07673,0.047628,0.045689,0.829953
AACCGCTAAGGGATGC-1,0.044571,0.057486,0.50952,0.388422
AACCGTTGTGTTTGCT-1,0.000054,0.000108,0.104761,0.895077
AACCTAAAGCCGTCCG-1,0.000067,0.006439,0.213414,0.78008
AACCTCGCTTTAGCCC-1,0.557097,0.000027,0.374784,0.068092
AACCTGTCACGGAATT-1,0.053676,0.258622,0.1168,0.570902
AACCTTTAAATACGGT-1,0.000042,0.262388,0.00017,0.7374
AACCTTTACGACGTCT-1,0.00004,0.023908,0.004104,0.971947
AACGAAAGTCGTCCCA-1,0.000014,0.067763,0.480604,0.451619
AACGACCTCCTAGCCG-1,0.191961,0.253653,0.307802,0.246584
AACGATAATGCCGTAG-1,0.0998,0.129557,0.180441,0.590202
AACGATAGAAGGGCCG-1,0.000039,0.000077,0.306125,0.693759
AACGATATGTCAACTG-1,0.037566,0.02268,0.000121,0.939633
AACGCATGATCTGGGT-1,0.06061,0.057328,0.197833,0.684228
AACGCGACCTTGGGCG-1,0.002123,0.317191,0.523914,0.156773
AACGCGGTCTCCAGCC-1,0.026458,0.045947,0.000147,0.927448
AACGCTGTTGCTGAAA-1,0.243477,0.03459,0.190903,0.53103
AACGGACGTACGTATA-1,0.017221,0.176636,0.38837,0.417773
AACGGCCATCTCCGGT-1,0.035345,0.107835,0.099498,0.757321
AACGTACTGTGGGTAC-1,0.004674,0.050788,0.126303,0.818235
AACGTCAGACTAGTGG-1,0.00004,0.000081,0.029713,0.970167
AACGTCATCCGGCTTG-1,0.057332,0.475536,0.000126,0.467006
AACGTCGCTGCACTTC-1,0.9999,0.000018,0.000036,0.000045
AACGTGATGAAGGACA-1,0.000026,0.000052,0.134212,0.865709
AACGTGCGAAAGTCTC-1,0.104676,0.047886,0.022409,0.825028
AACGTTATCAGCACCT-1,0.063393,0.003611,0.213063,0.719933
AACGTTCTACCATTGT-1,0.373105,0.237372,0.007585,0.381938
AACTACCCGTTTGTCA-1,0.000014,0.010636,0.59374,0.39561
AACTAGCGTATCGCAC-1,0.034259,0.00008,0.073638,0.892023
AACTAGGCTTGGGTGT-1,0.003324,0.172028,0.000167,0.82448
AACTCAAGTTAATTGC-1,0.000029,0.015135,0.00404,0.980797
AACTCCAGAGCGTGTT-1,0.357994,0.281832,0.143942,0.216232
AACTCCTAATCCCATG-1,0.000026,0.07259,0.048388,0.878996
AACTCTCAATAGAGCG-1,0.000024,0.127388,0.187055,0.685533
AACTCTCAGTGTGCTC-1,0.012171,0.122753,0.184236,0.68084
AACTGAGGTCAGCGTC-1,0.000032,0.055101,0.219501,0.725366
AACTGAGTTATACTGA-1,0.07659,0.403739,0.022072,0.497599
AACTGATATTAGGCCT-1,0.000061,0.097491,0.020946,0.881502
AACTGGGTCCCGACGT-1,0.000037,0.001169,0.05069,0.948105
AACTGGGTTCGAGCCG-1,0.000045,0.000091,0.09295,0.906914
AACTGGTGTGGGCCTT-1,0.019974,0.032597,0.000432,0.946997
AACTTCTGCGTCTATC-1,0.000076,0.000153,0.070672,0.929099
AACTTGCCCGTATGCA-1,0.000048,0.000096,0.018464,0.981392
AACTTTACGGGAGCTT-1,0.055452,0.293512,0.08708,0.563956
AACTTTAGCTGCTGAG-1,0.231422,0.139901,0.000449,0.628228
AACTTTCTCGATCATG-1,0.077705,0.09819,0.178869,0.645235
AAGAAAGTTTGATGGG-1,0.000013,0.32686,0.273852,0.399275
AAGAAATCACCAGATT-1,0.003543,0.271242,0.136441,0.588773
AAGACATACGTGGTTT-1,0.264908,0.21027,0.474548,0.050274
AAGACCAAATAACTCA-1,0.019983,0.180184,0.391611,0.408223
AAGACCCAACTGAACA-1,0.002212,0.314187,0.118618,0.564983
AAGACTCACGCCCACT-1,0.000068,0.033814,0.221413,0.744706
AAGACTGCAAGCTACT-1,0.02902,0.056033,0.052719,0.862228
AAGAGATGAATCGGTA-1,0.000035,0.00007,0.187147,0.812749
AAGAGCTCTTTATCGG-1,0.062015,0.033938,0.000139,0.903907
AAGAGGATGTACGCGA-1,0.000019,0.000039,0.078588,0.921354
AAGAGGCATGGATCGC-1,0.048636,0.003175,0.049219,0.89897
AAGAGGCCCTTTGGAA-1,0.22852,0.531234,0.066869,0.173377
AAGATGGCACCGGACC-1,0.043394,0.239916,0.246131,0.470559
AAGATTGGCGGAACGT-1,0.002141,0.171887,0.039281,0.786691
AAGCACCCTGCGTATC-1,0.2547,0.199203,0.088721,0.457376
AAGCATACTCTCCTGA-1,0.00003,0.260109,0.027328,0.712532
AAGCCACTTGCAGGTA-1,0.004088,0.153299,0.792499,0.050114
AAGCCGAAGCGGTTTA-1,0.061578,0.020961,0.426729,0.490732
AAGCCGCCGTGAAATC-1,0.095707,0.513389,0.139369,0.251535
AAGCCGCTTTACCTTG-1,0.000009,0.0162,0.430147,0.553644
AAGCCGGAGAGCAGGA-1,0.029345,0.318731,0.182192,0.469733
AAGCGCAGGGCTTTGA-1,0.284238,0.378903,0.233828,0.10303
AAGCGGAGTGCGCGCA-1,0.019096,0.178993,0.137458,0.664454
AAGCGGCGTCATGGGT-1,0.000039,0.030685,0.141375,0.827901
AAGCGTCCCTCATCGA-1,0.015759,0.225484,0.093104,0.665654
AAGCTAGATCGAGTAA-1,0.007696,0.21128,0.047793,0.733231
AAGCTATGGATTGACC-1,0.074826,0.495457,0.143722,0.285995
AAGCTCGTGCCAAGTC-1,0.019354,0.097603,0.000944,0.882099
AAGCTCTTTCATGGTG-1,0.340446,0.18855,0.000164,0.470841
AAGGAGAACTTATAAG-1,0.021381,0.132837,0.00045,0.845332
AAGGAGCGGTTGGTGC-1,0.000028,0.023271,0.044977,0.931724
AAGGATCGATCGCTTG-1,0.000018,0.101547,0.428776,0.469659
AAGGATGAGGGACCTC-1,0.000009,0.000018,0.262845,0.737128
AAGGCAGGCTGTCTCC-1,0.002913,0.314672,0.278846,0.403568
AAGGCGCGTAAAGCTT-1,0.000043,0.000086,0.000369,0.999501
AAGGCTGTGCTCATCG-1,0.000031,0.039688,0.012303,0.947979
AAGGGAACGACTGGCT-1,0.000006,0.224293,0.529583,0.246118
AAGGGACAGATTCTGT-1,0.005311,0.079902,0.117748,0.797039
AAGGGACTATGCATTC-1,0.000011,0.23431,0.188837,0.576842
AAGGGTTAGCCATGCG-1,0.822329,0.116117,0.000064,0.06149
AAGGGTTTGATTTCAG-1,0.082294,0.440941,0.055892,0.420873
AAGGTATCCTAATATA-1,0.000009,0.000017,0.101637,0.898338
AAGGTGATAAACCAGC-1,0.000027,0.210236,0.044972,0.744765
AAGTAGAAGACCGGGT-1,0.000068,0.000137,0.000274,0.999521
AAGTAGTGACGCGAGG-1,0.062721,0.000118,0.167989,0.769172
AAGTCAATTGTCGTCA-1,0.000027,0.215232,0.213936,0.570805
AAGTCTAGTAGCTGCC-1,0.00354,0.103581,0.454579,0.4383
AAGTCTTCTGTGGCCT-1,0.082025,0.665031,0.133157,0.119787
AAGTGACGACCGAATT-1,0.000019,0.000039,0.265765,0.734176
AAGTGAGTCGGGTTTA-1,0.062942,0.38748,0.148007,0.40157
AAGTGCAAAGGTAGAC-1,0.00013,0.075172,0.100848,0.82385
AAGTGCCTTGACTGTA-1,0.012639,0.269772,0.000168,0.717421
AAGTGCGTTAGAATCT-1,0.039917,0.0564,0.029601,0.874083
AAGTGCTTCTCTATTG-1,0.04828,0.369759,0.579004,0.002956
AAGTGTTTGGAGACGG-1,0.082215,0.266489,0.001138,0.650158
AAGTTCACTCCAAGCT-1,0.270277,0.137506,0.335806,0.256411
AAGTTCAGTCTGCGTA-1,0.000007,0.000014,0.185611,0.814368
AAGTTCGGCCAACAGG-1,0.000028,0.121057,0.000114,0.8788
AAGTTGTGATGTTATA-1,0.391963,0.427831,0.098376,0.08183
AAGTTTACTAATGGCA-1,0.000032,0.000063,0.406617,0.593288
AAGTTTATGGGCCCAA-1,0.264718,0.682224,0.000096,0.052962
AATAACAACGCTCGGC-1,0.016962,0.037109,0.000152,0.945778
AATAACACTAGAACAA-1,0.135937,0.049549,0.123512,0.691002
AATAACGTCGCGCCCA-1,0.948301,0.00891,0.009954,0.032835
AATAAGTCCTCGAGAC-1,0.000043,0.000086,0.160744,0.839127
AATAATCTTCGTATCG-1,0.007334,0.124003,0.588697,0.279965
AATACAATGTTTCAGG-1,0.000129,0.064709,0.000514,0.934648
AATACCGGAGGGCTGT-1,0.009999,0.504733,0.235149,0.250119
AATACCTGATGTGAAC-1,0.343001,0.021343,0.63495,0.000706
AATAGAACAGAGTGGC-1,0.000013,0.000025,0.310429,0.689533
AATAGAATCTGTTTCA-1,0.050806,0.042081,0.54733,0.359783
AATAGCAAGCCTCCTG-1,0.000038,0.161257,0.127443,0.711262
AATAGCTACCGCGTGC-1,0.031284,0.092428,0.003046,0.873242
AATAGGCACGACCCTT-1,0.041093,0.390368,0.002041,0.566498
AATAGTCCGTCCCGAC-1,0.044727,0.198261,0.17995,0.577062
AATAGTCGCGAGTCGG-1,0.059302,0.000261,0.127377,0.81306
AATATCAAGGTCGGAT-1,0.000126,0.13247,0.000503,0.866902
AATATCCTAGCAAACT-1,0.041798,0.49988,0.017818,0.440504
AATATCGAATCAATGC-1,0.025889,0.469451,0.000145,0.504515
AATATCGAGGGTTCTC-1,0.000014,0.01241,0.231444,0.756132
AATATTGGAGTATTGA-1,0.000027,0.000054,0.044036,0.955883
AATCAGGTTTCATTTA-1,0.007035,0.598615,0.195399,0.198952
AATCATGTAAAGACTC-1,0.366115,0.209118,0.239563,0.185204
AATCCAAGGGCCTGAG-1,0.000036,0.000071,0.171379,0.828514
AATCCCGCTCAGAGCC-1,0.152419,0.510148,0.228655,0.108778
AATCGAGGTCTCAAGG-1,0.331792,0.662121,0.001141,0.004946
AATCGCCTCAGCGCCA-1,0.052183,0.143122,0.000146,0.80455
AATCGCGCAGAGGACT-1,0.081042,0.143651,0.187632,0.587675
AATCGGGACACTACGA-1,0.000048,0.000096,0.011666,0.988191
AATCGGTATAGCCCTC-1,0.833401,0.000027,0.106014,0.060558
AATCGTGAGCCGAGCA-1,0.307318,0.121317,0.566406,0.004959
AATCTAGGTTTACTTG-1,0.000031,0.007939,0.515578,0.476452
AATCTATGCCGGAGCC-1,0.003038,0.327559,0.019985,0.649418
AATCTCTACTGTGGTT-1,0.000023,0.00202,0.508879,0.489078
AATCTGCGTTGGGACG-1,0.049275,0.094729,0.038728,0.817268
AATCTGGCTTTCTAGT-1,0.000057,0.156372,0.00023,0.843341
AATCTGGGTAGACCCT-1,0.000048,0.000097,0.093929,0.905926
AATGACAGCAATGTCT-1,0.000034,0.093744,0.038882,0.86734
AATGACGTAGGATGTC-1,0.027899,0.28266,0.000189,0.689252
AATGACTGTCAGCCGG-1,0.006805,0.012491,0.000194,0.980509
AATGATGATACGCTAT-1,0.000027,0.075104,0.098659,0.826211
AATGATGCGACTCCTG-1,0.032702,0.104292,0.025004,0.838002
AATGCAACCGGGTACC-1,0.000014,0.006751,0.277157,0.716077
AATGCACCAAGCAATG-1,0.076848,0.11014,0.114343,0.698669
AATGGTCCACCGTTCA-1,0.000076,0.033276,0.162776,0.803872
AATGGTTCTCACAAGC-1,0.000046,0.016307,0.219377,0.764271
AATGTATGGCACTGTA-1,0.000686,0.177218,0.510552,0.311545
AATGTGCCCGAGGTGT-1,0.000038,0.395178,0.098176,0.506607
AATGTGCTAATCTGAG-1,0.050879,0.421259,0.469603,0.05826
AATGTTAAGACCCTGA-1,0.586204,0.303741,0.04359,0.066465
AATGTTGTCGTGAGAC-1,0.825077,0.034606,0.000336,0.13998
AATTAAAGGTCGGCGT-1,0.000018,0.018194,0.156762,0.825027
AATTAACGGATTTCCA-1,0.01112,0.035673,0.469603,0.483604
AATTACGAGACCCATC-1,0.000033,0.292947,0.14898,0.55804
AATTAGCGCTGCAGCG-1,0.000023,0.258482,0.056838,0.684657
AATTATACCCAGCAAG-1,0.888881,0.00006,0.110911,0.000149
AATTCATAAGGGATCT-1,0.00003,0.011284,0.094375,0.894311
AATTCATTGTCATGCA-1,0.010037,0.282261,0.373878,0.333824
AATTCCAAGCATGTAC-1,0.126943,0.409097,0.000163,0.463797
AATTCGATTCGAGGAT-1,0.422032,0.32345,0.000174,0.254345
AATTCTAGAGTTAGGC-1,0.02945,0.00845,0.035239,0.926862
AATTGAACGCTCTGGT-1,0.02106,0.024724,0.396622,0.557594
AATTGCAGCAATCGAC-1,0.389291,0.006085,0.528699,0.075925
AATTGCGTGGATTACA-1,0.001416,0.134092,0.566956,0.297537
AATTGTGGTTGCCAAA-1,0.025523,0.006013,0.877633,0.090831
AATTTGGGACATAGTA-1,0.035797,0.001152,0.000224,0.962826
AATTTGGTTCCAAAGA-1,0.000067,0.000133,0.040969,0.958831
ACAAACCATGCGTCCT-1,0.009513,0.424625,0.27353,0.292333
ACAAACCGACAAGGCG-1,0.000085,0.00017,0.268089,0.731655
ACAAACTCCATCAGAG-1,0.099132,0.441183,0.382504,0.077181
ACAAAGAAGGTAGGCC-1,0.03654,0.469451,0.000146,0.493863
ACAAAGCATGACCTAG-1,0.226354,0.194505,0.504371,0.07477
ACAAATCGCACCGAAT-1,0.019431,0.141779,0.291457,0.547333
ACAAATGGTAGTGTTT-1,0.03327,0.086888,0.130669,0.749174
ACAAATTCAGATCTGA-1,0.00006,0.028356,0.241092,0.730493
ACAACAGCATGAGCTA-1,0.000011,0.000021,0.248954,0.751014
ACAACGGTCCCTGCGA-1,0.000033,0.000066,0.251174,0.748728
ACAAGCAGTGCCTAGC-1,0.000051,0.000102,0.033519,0.966328
ACAAGCTATATGGAAG-1,0.055268,0.15021,0.157556,0.636967
ACAAGGAAATCCGCCC-1,0.000894,0.094452,0.276073,0.628581
ACAAGGACAAGAGGTT-1,0.000019,0.000038,0.138949,0.860993
ACAAGGATGCTTTAGG-1,0.243387,0.037908,0.539079,0.179627
ACAAGGCCTACCAGCC-1,0.000051,0.052448,0.188232,0.759269
ACAAGGGCAGGCTCTG-1,0.049337,0.056908,0.038647,0.855108
ACAAGTAATTGTAAGG-1,0.008729,0.489713,0.005316,0.496242
ACAATAGTCGTACGTT-1,0.000046,0.047553,0.008646,0.943755
ACAATCCATTTAAACC-1,0.000029,0.015411,0.12785,0.85671
ACAATCGATCTTTATA-1,0.000111,0.063456,0.000446,0.935987
ACAATGAATACGGAGA-1,0.076112,0.219327,0.024395,0.680167
ACAATGATTCTTCTAC-1,0.017046,0.156726,0.188611,0.637617
ACAATTGTGTCTCTTT-1,0.095381,0.087965,0.428857,0.387797
ACAATTTAGGAGGCTC-1,0.010348,0.334492,0.000528,0.654632
ACAATTTGAGCAGTGG-1,0.129272,0.053341,0.022127,0.79526
ACAATTTGGCCATATT-1,0.230109,0.284075,0.024546,0.46127
ACACAAAGACGGGTGG-1,0.000039,0.092837,0.000154,0.90697
ACACAAATATTCCTAG-1,0.000013,0.203045,0.137219,0.659723
ACACACCAGGACCAGT-1,0.002108,0.249188,0.030033,0.718671
ACACACTTTCTACACG-1,0.000033,0.000067,0.161749,0.838151
ACACATGATCAAATCT-1,0.00001,0.333631,0.300137,0.366221
ACACATTTCCGTAGAC-1,0.175606,0.013573,0.789874,0.020946
ACACCACATAATTAGC-1,0.031163,0.235131,0.00011,0.733597
ACACCCAGCATGCAGC-1,0.016453,0.045353,0.002353,0.93584
ACACCCGAGAAATCCG-1,0.00006,0.016406,0.000241,0.983293
ACACCCGTAAATCTGT-1,0.04204,0.049845,0.906286,0.001828
ACACCGGTCTGACCGC-1,0.000006,0.232515,0.333372,0.434107
ACACCTTAAGTAGGGC-1,0.000067,0.028358,0.000268,0.971307
ACACCTTACTACTTGC-1,0.036588,0.003357,0.562422,0.397633
ACACGAGACTCCTTCT-1,0.000021,0.134485,0.088594,0.7769
ACACGGCACTATGCAT-1,0.03031,0.000126,0.207608,0.761956
ACACGGGAACTTAGGG-1,0.000022,0.063157,0.140076,0.796745
ACACGTAGGCCACAAG-1,0.310696,0.270404,0.276544,0.142356
ACACTGATCAAGGTGT-1,0.013246,0.147896,0.00065,0.838208
ACACTGGGACAGTCGT-1,0.171804,0.046499,0.398192,0.383505
ACAGAACTGAGAACAA-1,0.00003,0.147526,0.15499,0.697455
ACAGATTAGGTTAGTG-1,0.000091,0.018273,0.000363,0.981274
ACAGCATAGAGCCAGT-1,0.040188,0.000048,0.014221,0.945543
ACAGCGACATTCTCAT-1,0.452079,0.260174,0.018226,0.269522
ACAGCGCACCCGCAGC-1,0.005162,0.013128,0.158373,0.823338
ACAGGCACGGATCCTT-1,0.96858,0.000059,0.000116,0.031245
ACAGGCTTGCCCGACT-1,0.133445,0.228782,0.117039,0.520733
ACAGGTGGAGGTGAGG-1,0.000177,0.039082,0.371412,0.58933
ACAGGTGTGTTGTTGC-1,0.066838,0.222975,0.195524,0.514663
ACAGTAATACAACTTG-1,0.00002,0.00004,0.388369,0.61157
ACAGTATACCGTGGGA-1,0.000022,0.183416,0.105514,0.711047
ACAGTGCAGCGCATTT-1,0.03765,0.109752,0.763248,0.08935
ACATAAGTCGTGGTGA-1,0.00001,0.016351,0.602885,0.380754
ACATAATAAGGCGGTG-1,0.000028,0.030505,0.038924,0.930543
ACATACAATCAAGCGG-1,0.901039,0.001074,0.000173,0.097715
ACATCAGCTGGGACGC-1,0.000079,0.016155,0.075439,0.908326
ACATCCCGGCCATACG-1,0.085599,0.162587,0.000213,0.751601
ACATCCTGGTAACTGT-1,0.220583,0.000032,0.186159,0.593227
ACATCGATCGTTTACC-1,0.039875,0.126261,0.000172,0.833692
ACATCGCAATATTCGG-1,0.045389,0.324467,0.202533,0.427611
ACATCGGTCAGCCGCG-1,0.000018,0.01359,0.143825,0.842567
ACATCGTATGCAATGG-1,0.017918,0.022625,0.3236,0.635857
ACATCGTTAACCTAGT-1,0.000059,0.010219,0.004018,0.985704
ACATCTCAACGCGTAA-1,0.000072,0.000144,0.220032,0.779753
ACATGCTTACGGCAGC-1,0.000625,0.394988,0.165988,0.438399
ACATGGCGCCAAAGTA-1,0.000237,0.153066,0.192975,0.653722
ACATTAGTTTATATCC-1,0.027519,0.180572,0.000211,0.791699
ACATTCGCGCGGAATA-1,0.000003,0.019057,0.096723,0.884217
ACATTTGAAACCTAAC-1,0.704906,0.030798,0.126361,0.137935
ACCAAACACCCAGCGA-1,0.008016,0.130693,0.056062,0.805228
ACCAAACTAGAAATCC-1,0.000034,0.000068,0.345182,0.654716
ACCAACACCACACACT-1,0.000015,0.008702,0.15928,0.832003
ACCAACCGCACTCCAC-1,0.544666,0.292092,0.032001,0.131241
ACCAACGCTTATTTAT-1,0.233259,0.023102,0.001334,0.742305
ACCAAGAACGCGTGTC-1,0.000042,0.004178,0.001411,0.99437
ACCAAGTCATCGGCAG-1,0.949868,0.000033,0.000066,0.050032
ACCAATATGCAAGTTA-1,0.253353,0.152153,0.083741,0.510754
ACCACAACTCAGAACA-1,0.000042,0.000084,0.203568,0.796306
ACCACAAGTTTCTATC-1,0.000035,0.00007,0.00014,0.999754
ACCACACGGTTGATGG-1,0.629633,0.044997,0.308468,0.016903
ACCACCAATGTAACAA-1,0.053768,0.187508,0.046823,0.711901
ACCACCCTCTCTTCTA-1,0.021263,0.438639,0.152403,0.387695
ACCACGTGCAGCTATA-1,0.000031,0.23045,0.033252,0.736267
ACCAGACCATAACAAC-1,0.118438,0.644207,0.183213,0.054142
ACCAGCCCGGTCTTTG-1,0.017132,0.032964,0.000838,0.949067
ACCAGGAGTGTGATCT-1,0.000125,0.00025,0.000501,0.999124
ACCAGTGCCCGGTCAA-1,0.000016,0.000033,0.218656,0.781294
ACCAGTGCGGGAGACG-1,0.146117,0.012631,0.203,0.638252
ACCATATCCGCAATAA-1,0.039547,0.061081,0.029991,0.869381
ACCATCCGCCAACTAG-1,0.000024,0.000049,0.439793,0.560134
ACCATCGTATATGGTA-1,0.027615,0.000309,0.00727,0.964806
ACCCAACGCCCGTGGC-1,0.043084,0.020251,0.105999,0.830666
ACCCACCTACATGCTC-1,0.00004,0.015847,0.11475,0.869363
ACCCATCTTGAGGGTA-1,0.041808,0.06721,0.047071,0.843912
ACCCATTTGTCCCTCT-1,0.581095,0.171778,0.215307,0.03182
ACCCGAGCGAAATTAC-1,0.021505,0.580652,0.000088,0.397755
ACCCGATTGGTTCCGA-1,0.00761,0.241962,0.627841,0.122587
ACCCGGAAACTCCCAG-1,0.005049,0.080498,0.556301,0.358152
ACCCGGAGCACCACAA-1,0.017834,0.215419,0.469591,0.297157
ACCCGGATGACGCATC-1,0.000009,0.000019,0.356363,0.643609
ACCCGGTTACACTTCC-1,0.007768,0.089746,0.072749,0.829737
ACCCGTAGCAGAGAAT-1,0.00001,0.260095,0.282467,0.457428
ACCCGTAGTCTAGTTG-1,0.297746,0.199619,0.317128,0.185506
ACCCGTGTCATCAGTA-1,0.003937,0.106069,0.404679,0.485316
ACCCTATGCCATATCG-1,0.00002,0.013091,0.169692,0.817197
ACCCTCCCGTCAGGGC-1,0.999668,0.00006,0.000121,0.000151
ACCCTCCCTTGCTATT-1,0.008424,0.121522,0.340958,0.529095
ACCCTGGTAACGCCCT-1,0.01938,0.185062,0.126824,0.668734
ACCCTTCATCTGCGAA-1,0.000041,0.050835,0.023652,0.925472
ACCCTTGCCTGGGTCG-1,0.006396,0.169047,0.252441,0.572116
ACCCTTTAGTTCTCCA-1,0.000055,0.000109,0.03089,0.968946
ACCGAAAGGGCCCTGC-1,0.000045,0.000089,0.43403,0.565836
ACCGAAGAGTCTGGTT-1,0.00001,0.026437,0.664382,0.30917
ACCGACACATCTCCCA-1,0.347361,0.114356,0.176108,0.362175
ACCGACTGAGTCCCAC-1,0.072904,0.000048,0.143557,0.783491
ACCGAGTCTCCTTATT-1,0.779409,0.192805,0.000099,0.027687
ACCGATAGGCATAACC-1,0.097212,0.31771,0.368538,0.21654
ACCGATATTTAATCAT-1,0.078002,0.344775,0.27978,0.297443
ACCGATGGTAGCATCG-1,0.009479,0.121732,0.000161,0.868629
ACCGCAATAACTGCCT-1,0.098065,0.155068,0.000151,0.746716
ACCGCGGTGGAAGTCG-1,0.001485,0.003598,0.384602,0.610315
ACCGCTAGTCATTGGT-1,0.003031,0.059472,0.604714,0.332783
ACCGGGCCTTTGTTGA-1,0.064535,0.169277,0.050721,0.715467
ACCGGTCAGGTACACC-1,0.018141,0.273922,0.263206,0.444731
ACCGGTCTGAGTACGG-1,0.000069,0.046852,0.267153,0.685926
ACCGTCCACTGGGCCC-1,0.000007,0.000194,0.847856,0.151944
ACCGTGACCACGTGGG-1,0.000016,0.275278,0.189766,0.53494
ACCGTTCCCGCTCTGA-1,0.029253,0.000041,0.024791,0.945915
ACCTAAGTACCTTTCA-1,0.009229,0.108988,0.006751,0.875033
ACCTAATCGACTTCCT-1,0.000049,0.086158,0.007219,0.906574
ACCTACAGTATGTGGT-1,0.025447,0.204941,0.279492,0.49012
ACCTACTATAAATCTA-1,0.009543,0.63458,0.0001,0.355776
ACCTCAGCGAGGCGCA-1,0.878091,0.010072,0.000177,0.111661
ACCTCCGCCCTCGCTG-1,0.091992,0.129165,0.637956,0.140887
ACCTCCGTTATTCACC-1,0.008159,0.356494,0.000148,0.6352
ACCTCGAACTTATGCT-1,0.000013,0.547456,0.207508,0.245023
ACCTGCGTGTCATGTT-1,0.000029,0.015798,0.113927,0.870245
ACCTTTCCTTTAGAAG-1,0.080979,0.00754,0.125,0.786481
ACGAAATGGGCGGCAC-1,0.020041,0.004399,0.052595,0.922964
ACGACCCATGAGTTGC-1,0.118075,0.239344,0.348142,0.294439
ACGACTCTAGGGCCGA-1,0.461748,0.211917,0.326211,0.000124
ACGACTGGTCATACTC-1,0.015289,0.607111,0.029018,0.348582
ACGAGAACCCATCACG-1,0.000116,0.007325,0.000462,0.992097
ACGAGATATTTGCTTA-1,0.000082,0.000163,0.000326,0.999429
ACGAGGATACCACTCT-1,0.000029,0.043715,0.287798,0.668458
ACGAGGTTTACAACGT-1,0.000015,0.163435,0.456391,0.380159
ACGAGTACGGATGCCC-1,0.066835,0.02708,0.043625,0.862461
ACGATACATAGAACTA-1,0.000013,0.000025,0.078427,0.921535
ACGATACCTATCCTGA-1,0.072229,0.032545,0.124729,0.770497
ACGATCATACATAGAG-1,0.024268,0.031187,0.000167,0.944378
ACGATCATCTTGTAAA-1,0.000012,0.045478,0.235903,0.718607
ACGATGCATATGTTAT-1,0.000022,0.004849,0.022934,0.972195
ACGATGGATCCGATGC-1,0.000037,0.000074,0.206609,0.793279
ACGCAAACTAATAGAT-1,0.061171,0.256159,0.300339,0.382332
ACGCAATCACTACAGC-1,0.0365,0.309443,0.010468,0.64359
ACGCATAAATGACATG-1,0.000014,0.000029,0.46233,0.537626
ACGCATACGTTTACTA-1,0.308297,0.034255,0.47028,0.187168
ACGCATTCGTGAGTAC-1,0.015894,0.003662,0.089986,0.890458
ACGCCACTCGAAACAG-1,0.427247,0.071732,0.486657,0.014365
ACGCCAGATGATTTCT-1,0.013582,0.003298,0.008655,0.974464
ACGCCAGTGCGTTTGC-1,0.775442,0.20448,0.000123,0.019955
ACGCCCAGCTGTCGAT-1,0.000064,0.000128,0.08813,0.911678
ACGCCGCTAGACGACC-1,0.002711,0.19416,0.00018,0.80295
ACGCGAAGTCAGACGA-1,0.000051,0.145632,0.000203,0.854115
ACGCGCTACACAGGGT-1,0.000037,0.014875,0.000146,0.984943
ACGCGGGCCAAGGACA-1,0.022087,0.018377,0.084662,0.874874
ACGCTACTGAATGGGC-1,0.768429,0.167509,0.000059,0.064004
ACGCTAGTATCAGTGC-1,0.027652,0.11954,0.852719,0.000089
ACGCTAGTGATACACT-1,0.044259,0.076783,0.007908,0.87105
ACGCTGTGAGGCGTAG-1,0.000037,0.000075,0.197347,0.802541
ACGCTTAGTGTCTCTC-1,0.000052,0.000104,0.147188,0.852657
ACGGAACACGAGTGCC-1,0.40097,0.114986,0.483978,0.000065
ACGGAATTTAGCAAAT-1,0.044804,0.000289,0.000579,0.954328
ACGGACGCAGCGACAA-1,0.000014,0.267901,0.390317,0.341769
ACGGACTCTCAAAGCG-1,0.024445,0.390437,0.44882,0.136298
ACGGAGCGCAAATTAC-1,0.019266,0.038513,0.115951,0.826269
ACGGATGGTGCGGATA-1,0.109916,0.27522,0.000204,0.614661
ACGGCACTTGCTTGGG-1,0.059873,0.198452,0.10454,0.637135
ACGGCCAACATGGACT-1,0.039794,0.163193,0.00808,0.788934
ACGGCGACGATGGGAA-1,0.193066,0.038692,0.143673,0.624569
ACGGCTGGATGTAGAA-1,0.000542,0.228256,0.421056,0.350146
ACGGGAGTGTCGGCCC-1,0.000018,0.000035,0.155074,0.844873
ACGGGCGTATGCGACA-1,0.044036,0.280247,0.216663,0.459054
ACGGGTTGTGACCTGT-1,0.000018,0.198583,0.535841,0.265558
ACGGTACAGTTCAATG-1,0.994446,0.000039,0.000078,0.005437
ACGGTCACCGAGAACA-1,0.000006,0.048009,0.703191,0.248794
ACGTACAGATTTCTCT-1,0.000048,0.014279,0.157272,0.828401
ACGTACTTTGGCACGG-1,0.044576,0.675287,0.052286,0.227852
ACGTAGATTGCTGATG-1,0.000015,0.005187,0.032605,0.962193
ACGTAGGAGAGTCGCT-1,0.411699,0.336484,0.000111,0.251706
ACGTATTACTCCGATC-1,0.042872,0.209358,0.042582,0.705189
ACGTCCTAAACGAGAT-1,0.035083,0.127232,0.000687,0.836997
ACGTCGGGCAACTCGG-1,0.015679,0.473635,0.15849,0.352196
ACGTCTCGTTCCGGGA-1,0.000034,0.460825,0.084403,0.454738
ACGTGACAAAGTAAGT-1,0.000035,0.362727,0.144942,0.492295
ACGTGCGCCTCGTGCA-1,0.000066,0.018022,0.077318,0.904595
ACGTGGTCGAATGTGC-1,0.000036,0.000073,0.256955,0.742937
ACGTTAATGTCGAAGA-1,0.00125,0.177765,0.00016,0.820825
ACGTTAGATTTGCCCG-1,0.000027,0.001983,0.000108,0.997883
ACGTTCACTATGCCGC-1,0.006227,0.425021,0.353519,0.215232
ACGTTCCGCGCTCCGT-1,0.000069,0.028667,0.143668,0.827596
ACGTTCGCAATCAATT-1,0.006626,0.042593,0.295826,0.654955
ACGTTCGTTCAGGAAA-1,0.045791,0.030998,0.450434,0.472777
ACGTTCTGTACAAGTC-1,0.556286,0.3482,0.000208,0.095306
ACGTTGTCGTTGAAAG-1,0.012006,0.586764,0.085252,0.315977
ACGTTTAGTTGTGATC-1,0.000076,0.018113,0.000304,0.981507
ACGTTTCGGTGCACTT-1,0.824353,0.133316,0.00519,0.037141
ACTAAGGACGCACACC-1,0.002293,0.280923,0.121934,0.59485
ACTAATACGTCAGGCG-1,0.000053,0.020843,0.089638,0.889465
ACTACAAAGAGAGGTG-1,0.095393,0.505481,0.00006,0.399067
ACTACATCCCGACAAG-1,0.000004,0.021923,0.616495,0.361578
ACTACCAGCTCTCTGG-1,0.000052,0.000103,0.226832,0.773013
ACTACCATCCGAGGGC-1,0.044768,0.227999,0.727193,0.00004
ACTACGCGTTAGAATT-1,0.010507,0.354658,0.252723,0.382112
ACTAGTTGCGATCGTC-1,0.070571,0.066154,0.357502,0.505773
ACTATATGCTGTGTTC-1,0.000054,0.103999,0.000218,0.895729
ACTATCCAGGGCATGG-1,0.026945,0.344374,0.143186,0.485495
ACTATCTGCCCGCGTA-1,0.000014,0.117664,0.544743,0.337579
ACTATGTCCAGCTGCC-1,0.001701,0.603102,0.174735,0.220461
ACTATTCGTCCGTGGT-1,0.038238,0.000196,0.007571,0.953995
ACTATTTCCGGGCCCA-1,0.00353,0.319383,0.05013,0.626957
ACTCAACGAATGTATT-1,0.033106,0.060268,0.048299,0.858327
ACTCAAGTGCAAGGCT-1,0.427003,0.325254,0.000178,0.247564
ACTCAATAAAGGCACG-1,0.007959,0.025282,0.00315,0.963608
ACTCAGACCTGCTTCT-1,0.000123,0.12329,0.000492,0.876095
ACTCATGGCAGCCTTC-1,0.014912,0.523818,0.159554,0.301716
ACTCCAATATCATCAT-1,0.005422,0.567947,0.100296,0.326335
ACTCCCATTCCTAAAG-1,0.000018,0.001442,0.312281,0.686259
ACTCCCGAATTCGTTT-1,0.010044,0.072766,0.013759,0.903431
ACTCCCGTAGACTAGG-1,0.005925,0.01781,0.275513,0.700751
ACTCCCTAATGCTAAA-1,0.013436,0.036259,0.562943,0.387361
ACTCCCTAGAATAGTA-1,0.250782,0.013309,0.018943,0.716965
ACTCCGGCCGACCACT-1,0.704682,0.000031,0.280721,0.014565
ACTCGCCGTTCGATAA-1,0.419892,0.434918,0.000171,0.145019
ACTCGCGATCTGACGC-1,0.011849,0.376249,0.017456,0.594445
ACTCGTAACCCGTCCT-1,0.022891,0.085667,0.163387,0.728055
ACTCGTCAGTAATCCC-1,0.069016,0.02817,0.052777,0.850037
ACTCTCTGACTTAGGT-1,0.036253,0.087158,0.082297,0.794293
ACTCTCTTATACACGA-1,0.000186,0.235617,0.213631,0.550566
ACTCTGACCTAATAGA-1,0.394782,0.004475,0.59865,0.002093
ACTCTTCAGCTCCCGC-1,0.152449,0.280438,0.11474,0.452373
ACTCTTGTATAGTAAC-1,0.088717,0.041862,0.000144,0.869277
ACTGAAACGCCGTTAG-1,0.361207,0.274634,0.000197,0.363962
ACTGAATGGCGAAAGT-1,0.026884,0.248914,0.076022,0.648181
ACTGATTTAGTGATTC-1,0.00004,0.000081,0.236332,0.763547
ACTGCCCGCCATTCTC-1,0.024956,0.717897,0.112001,0.145146
ACTGCCGTCGTAACTC-1,0.151431,0.00598,0.032362,0.810226
ACTGCGGACACACCGT-1,0.044199,0.379656,0.092662,0.483484
ACTGCTCGGAAGGATG-1,0.000012,0.014912,0.614582,0.370494
ACTGGCGAACCTGCGT-1,0.000015,0.084777,0.376528,0.53868
ACTGGGATGCCAGTGC-1,0.073706,0.296321,0.343972,0.286
ACTGTACGATACACAT-1,0.014569,0.014527,0.030485,0.940419
ACTGTAGCACTTTGGA-1,0.02079,0.000045,0.14259,0.836575
ACTGTATACGCGAGCA-1,0.000101,0.024595,0.096791,0.878513
ACTGTCCAGGATTATA-1,0.017632,0.028742,0.028727,0.924899
ACTGTCTTCTTTAGAA-1,0.006603,0.055213,0.032736,0.905448
ACTGTGCTAGTAGATC-1,0.094353,0.000432,0.000864,0.904352
ACTGTTTAGTGTAGGC-1,0.000162,0.009368,0.00065,0.989819
ACTTACCGGGCGCGCA-1,0.000035,0.013439,0.016514,0.970012
ACTTACGCATCCACGC-1,0.15298,0.098752,0.288589,0.459679
ACTTAGTACGACAAGA-1,0.031825,0.019016,0.003286,0.945873
ACTTATACTTACCCGG-1,0.016845,0.047875,0.209991,0.725289
ACTTATTAGGATCGGT-1,0.022151,0.007851,0.000117,0.969881
ACTTATTTATGTGCCA-1,0.000009,0.000019,0.417333,0.582639
ACTTCAGGCTGATCCC-1,0.079506,0.048739,0.316597,0.555158
ACTTCCAGTGGAAGCT-1,0.051229,0.530756,0.000253,0.417762
ACTTCCATGCGGGACA-1,0.29988,0.050894,0.543361,0.105865
ACTTCCTGTCGTGCGA-1,0.017471,0.121297,0.801053,0.060179
ACTTCGCCATACGCAC-1,0.014996,0.023427,0.169025,0.792552
ACTTCGCTAGCGAGTG-1,0.139449,0.3425,0.146559,0.371492
ACTTGACTCCCTCTTT-1,0.027647,0.056588,0.046466,0.869299
ACTTGCCATATTGTAC-1,0.000146,0.13997,0.116296,0.743587
ACTTGCTCTATCTACC-1,0.004508,0.592347,0.18445,0.218695
ACTTGGGACCCGGTGG-1,0.026329,0.029619,0.063439,0.880613
ACTTGGGCTTTCGCCA-1,0.612633,0.198796,0.014453,0.174118
ACTTGTAGTCCCTTCA-1,0.000022,0.000044,0.355591,0.644343
ACTTGTGGATGGAACG-1,0.067224,0.136258,0.46788,0.328637
ACTTGTTACCGGATCA-1,0.118273,0.297625,0.433687,0.150415
ACTTTACCCTCATGAA-1,0.00002,0.076917,0.255029,0.668033
ACTTTATACACCACTT-1,0.000839,0.422678,0.279884,0.296599
ACTTTCCTATAGCTTC-1,0.015878,0.000061,0.000122,0.98394
ACTTTGACTGCATCCT-1,0.000042,0.027343,0.12055,0.852065
ACTTTGGTCGTGCTCC-1,0.002701,0.311927,0.393178,0.292193
ACTTTGTCGACGCACT-1,0.007866,0.085427,0.723489,0.183218
AGAAATTATGACTCGC-1,0.04995,0.169896,0.453224,0.32693
AGAACACGGCGATGGT-1,0.000017,0.438145,0.070693,0.491146
AGAACCCAGCGTGACA-1,0.096173,0.017924,0.613943,0.27196
AGAACCCTCAATTGGG-1,0.000015,0.287591,0.136002,0.576392
AGAACGTGGTACATTC-1,0.121373,0.000044,0.002052,0.87653
AGAACTGTACTTTGTA-1,0.960173,0.006832,0.000096,0.032899
AGAAGAGCGCCGTTCC-1,0.000267,0.000534,0.274953,0.724246
AGAAGGTACACTTCAC-1,0.001865,0.089641,0.300435,0.608058
AGAAGGTTGCCGAATT-1,0.018405,0.064803,0.031993,0.884798
AGAAGGTTGTAGGTCG-1,0.465197,0.207739,0.035324,0.29174
AGAAGTGATTCGTGAT-1,0.000054,0.003625,0.000217,0.996104
AGAATAAATCTTCAGG-1,0.00004,0.068385,0.006254,0.925322
AGAATACAGGCTATCC-1,0.762797,0.212387,0.017876,0.006941
AGAATGCGGGTTCGGA-1,0.015092,0.086661,0.020796,0.877452
AGAATTATGGATTCGA-1,0.128442,0.030181,0.019532,0.821845
AGAATTGTTTGACATA-1,0.011499,0.000402,0.000803,0.987296
AGACAGCTCAGAATCC-1,0.113891,0.033812,0.000584,0.851714
AGACAGGCATCTCAGC-1,0.055962,0.51683,0.209026,0.218183
AGACATAGATCCTTCC-1,0.034435,0.008155,0.000359,0.957052
AGACCAAACCACACCT-1,0.000021,0.301546,0.144886,0.553547
AGACCATGGGATACAA-1,0.000074,0.000148,0.000295,0.999483
AGACCCACCGCTGATC-1,0.000016,0.041605,0.11828,0.840099
AGACCCGCCCTCCTCG-1,0.037379,0.119255,0.036745,0.806621
AGACCGCTCCGCGGTT-1,0.099888,0.200424,0.133259,0.56643
AGACCGGGAAACCCTG-1,0.000053,0.009114,0.095563,0.89527
AGACGAAGTGCCGGTC-1,0.361892,0.021797,0.187896,0.428415
AGACGACGATGCCGCT-1,0.00001,0.009113,0.319804,0.671073
AGACGCCCACTTCGCC-1,0.000004,0.000452,0.750876,0.248667
AGACGGGATTGGTATA-1,0.00007,0.008937,0.154703,0.836289
AGACGGGCCGATTTAA-1,0.000028,0.000056,0.377744,0.622171
AGACTAGCCTTCCAGA-1,0.000043,0.000085,0.018611,0.981262
AGACTGTTACCGGGTC-1,0.012655,0.418995,0.035169,0.53318
AGAGAAACACCAGAAA-1,0.006171,0.173107,0.495188,0.325534
AGAGAACCGTCTAGGA-1,0.00001,0.006143,0.166239,0.827608
AGAGAAGGAGTACAAT-1,0.027433,0.271009,0.02775,0.673808
AGAGATCTCTAAAGCG-1,0.000054,0.000809,0.04399,0.955147
AGAGCAGTTATGAGAC-1,0.000031,0.000061,0.379496,0.620412
AGAGCCGCCGAGATTT-1,0.036057,0.142176,0.635751,0.186016
AGAGCGCTTGTAACGG-1,0.000006,0.057235,0.086204,0.856556
AGAGCGGGCTAATCAT-1,0.000069,0.001861,0.000274,0.997796
AGAGCGTACAAGCTCG-1,0.00005,0.0001,0.0017,0.99815
AGAGGCTTCGGAAACC-1,0.086805,0.246386,0.162952,0.503856
AGAGGGACAATTGTCC-1,0.048038,0.000019,0.250648,0.701295
AGAGGTATCTCGGTCC-1,0.036466,0.265874,0.000571,0.697089
AGAGTAAACTTCACTA-1,0.000013,0.140193,0.508889,0.350906
AGAGTATAGTGTTACG-1,0.00114,0.076124,0.34402,0.578715
AGAGTCTTAATGAAAG-1,0.978385,0.000039,0.000078,0.021498
AGAGTGAACAGACACC-1,0.025238,0.094196,0.844981,0.035585
AGAGTTAGAGACCGAT-1,0.000047,0.000094,0.152326,0.847533
AGAGTTGCAGGCCTCC-1,0.000019,0.170156,0.266771,0.563054
AGATAACTTCAGGGCC-1,0.050525,0.003192,0.113815,0.832468
AGATAATCACACCTAT-1,0.000012,0.041738,0.579042,0.379208
AGATACCAATAGAACC-1,0.254212,0.12175,0.605374,0.018664
AGATACCAGCACTTCA-1,0.026313,0.129843,0.232915,0.610928
AGATACCGGTGTTCAC-1,0.000027,0.00414,0.041796,0.954036
AGATACGACTTCATAT-1,0.014326,0.085215,0.00048,0.899978
AGATACTCAAGATCGA-1,0.024597,0.001833,0.465197,0.508372
AGATATAATACGACTA-1,0.121211,0.162127,0.347774,0.368888
AGATCGTGCATAAGAT-1,0.00001,0.015278,0.178902,0.80581
AGATCTCAGGTGTGAT-1,0.007784,0.000105,0.304438,0.687673
AGATCTGGAGAGGATA-1,0.000009,0.02973,0.593621,0.376641
AGATGACTCGCCCACG-1,0.000039,0.013379,0.069476,0.917107
AGATGAGGGTTGCGAT-1,0.000046,0.000519,0.005986,0.993448
AGATGATGGAGTCTGG-1,0.000021,0.114112,0.191144,0.694723
AGATGCAAGACGTGCA-1,0.000018,0.138184,0.05421,0.807588
AGATGCATCCTGTGTC-1,0.014476,0.305293,0.158145,0.522086
AGATTATAGGACGTTT-1,0.008154,0.00921,0.005364,0.977273
AGATTCAAGCGGGTCG-1,0.023286,0.018627,0.335744,0.622343
AGATTCACAACCGATA-1,0.000019,0.1547,0.381775,0.463506
AGCAAAGGCCGCTAGT-1,0.081196,0.081838,0.479068,0.357897
AGCAACATATCTTATT-1,0.000714,0.020834,0.070163,0.908289
AGCAACCGAAAGTAAT-1,0.019831,0.336879,0.106889,0.536401
AGCACACGTTTAGACT-1,0.037623,0.418437,0.375574,0.168366
AGCACCAGTACTCACG-1,0.003232,0.038117,0.071405,0.887246
AGCACTACCGGCCTGT-1,0.000035,0.000069,0.222362,0.777535
AGCACTACCTCACCAG-1,0.327669,0.004067,0.131021,0.537244
AGCACTTAAGGACGCC-1,0.005645,0.000097,0.002261,0.991997
AGCAGAAGGAGAAAGA-1,0.322885,0.374343,0.006398,0.296375
AGCAGCCAGATGAATA-1,0.080408,0.213405,0.082857,0.623331
AGCAGTCGAAGCATGC-1,0.999755,0.000044,0.000089,0.000111
AGCATATCAATATGCT-1,0.30715,0.031445,0.076428,0.584976
AGCATCATTTCGAAAG-1,0.035495,0.166806,0.135204,0.662496
AGCATCGTCGATAATT-1,0.000057,0.08088,0.000227,0.918836
AGCATTACGAGGCAAG-1,0.706397,0.00053,0.22401,0.069063
AGCCAAGCTTTGTGTC-1,0.030019,0.137375,0.542775,0.289831
AGCCACAGGTTACCCG-1,0.354221,0.211931,0.280772,0.153076
AGCCACTCCCGTGCTT-1,0.000013,0.000025,0.021314,0.978648
AGCCATATAGTATGTG-1,0.30258,0.474369,0.065108,0.157944
AGCCCATACATGTAAG-1,0.043913,0.006973,0.027946,0.921169
AGCCCGCAACAAGCAG-1,0.01766,0.367756,0.298527,0.316057
AGCCCGCACTACAATG-1,0.668491,0.020485,0.287099,0.023925
AGCCCGGCATTAGAGG-1,0.000005,0.081176,0.25933,0.659489
AGCCCGGTAGCCTGTA-1,0.029653,0.040617,0.439801,0.48993
AGCCCTAAGCGAAGTT-1,0.053197,0.00398,0.048196,0.894628
AGCCCTCCCTGGTGGC-1,0.007393,0.622442,0.204946,0.16522
AGCCCTGTCGCACCGT-1,0.000027,0.514899,0.152113,0.332962
AGCCCTTCTAATCCGA-1,0.000029,0.048255,0.049128,0.902589
AGCCCTTGGACATCCC-1,0.127761,0.551049,0.100685,0.220504
AGCCGCAAATTCAAAT-1,0.13752,0.505479,0.021608,0.335393
AGCCGTGGCTAAATGT-1,0.002365,0.188241,0.000114,0.80928
AGCCTAATACCCACGT-1,0.000039,0.085141,0.199818,0.715002
AGCCTTAAAGCGGAAG-1,0.04032,0.03928,0.000398,0.920002
AGCCTTGTCACTGATA-1,0.036385,0.599183,0.184672,0.17976
AGCGACAGGAACGGTC-1,0.000007,0.000015,0.019386,0.980592
AGCGACATCCCATTCA-1,0.000023,0.000046,0.170805,0.829127
AGCGACCAACGATATT-1,0.016013,0.053644,0.050495,0.879848
AGCGACTTTGAAGACA-1,0.042559,0.459759,0.000121,0.497561
AGCGAGACGTGAAGGC-1,0.029385,0.528824,0.268743,0.173048
AGCGATGCGCCTAATA-1,0.231486,0.215557,0.547445,0.005512
AGCGCATAATGAATCG-1,0.000011,0.000196,0.460212,0.539581
AGCGCGGGTGCCAATG-1,0.00002,0.014494,0.058725,0.92676
AGCGCTAGAGCGATGT-1,0.203041,0.062423,0.085089,0.649447
AGCGCTTATGGGCAAG-1,0.000077,0.000154,0.032867,0.966902
AGCGGACACTTCGTAG-1,0.033267,0.085807,0.476844,0.404081
AGCGGCGGTTAGCGGT-1,0.000024,0.01284,0.424493,0.562643
AGCGGGAAGGGTCCAT-1,0.000036,0.000072,0.280933,0.71896
AGCGGGTCTGACACTC-1,0.058919,0.506866,0.139666,0.294548
AGCGGTTGAGATGTAC-1,0.000041,0.007938,0.491603,0.500418
AGCGGTTGCCGCTCTG-1,0.000028,0.176697,0.051585,0.77169
AGCGTGGTATTCTACT-1,0.00002,0.048358,0.140216,0.811407
AGCGTTCCGATTTAAA-1,0.000062,0.011182,0.243073,0.745683
AGCTAACAAGCAATGT-1,0.010309,0.006537,0.503711,0.479444
AGCTAAGCTCCGTCCG-1,0.015795,0.581268,0.16566,0.237277
AGCTAAGTACGCAGGC-1,0.773942,0.045935,0.058277,0.121846
AGCTACGAATGGTGGT-1,0.763748,0.174908,0.000115,0.061229
AGCTAGAAGCAGAAGT-1,0.000011,0.01441,0.032847,0.952732
AGCTATTTAATCCAAC-1,0.142904,0.000081,0.019088,0.837928
AGCTCCATATATGTTC-1,0.073563,0.012212,0.810449,0.103776
AGCTCCTTCGCACATC-1,0.116982,0.098138,0.135604,0.649275
AGCTCGTTGATGGAAA-1,0.041322,0.216734,0.105199,0.636746
AGCTCTAGACGTTCCA-1,0.01023,0.097334,0.092016,0.80042
AGCTCTTCCCAGTGCA-1,0.000045,0.004067,0.000179,0.995709
AGCTCTTCGTAACCTT-1,0.417314,0.010886,0.068558,0.503242
AGCTCTTTACTCAGTT-1,0.069951,0.050335,0.006083,0.87363
AGCTGAAGTAAACCAA-1,0.000694,0.043077,0.017338,0.938891
AGCTGCATTTGAGGTG-1,0.000022,0.103469,0.530474,0.366034
AGCTGCTGTGCCGAAT-1,0.00003,0.27078,0.383834,0.345356
AGCTGTAACCTCAATC-1,0.000038,0.235571,0.025754,0.738636
AGCTTATAGAGACCTG-1,0.020357,0.091674,0.000452,0.887517
AGCTTCAATACTTTGA-1,0.013574,0.000319,0.000639,0.985468
AGCTTCTTCTCGAGCA-1,0.52243,0.065633,0.383058,0.02888
AGCTTGATCAGGGTAG-1,0.000005,0.00065,0.621247,0.378097
AGCTTGATCTTAACTT-1,0.000045,0.08617,0.02579,0.887995
AGGAACGAACGACTTC-1,0.00616,0.084433,0.658312,0.251094
AGGAAGCTGTCCGCCG-1,0.081228,0.216182,0.463234,0.239356
AGGACAGTCGAATCCC-1,0.040295,0.032671,0.363,0.564034
AGGACATCGCACGTCG-1,0.000063,0.000125,0.16274,0.837072
AGGACATCGGCACACT-1,0.023334,0.055677,0.738009,0.18298
AGGACGACCCATTAGA-1,0.00003,0.033103,0.029452,0.937415
AGGACGCTCGATGTTG-1,0.018214,0.072804,0.162021,0.746962
AGGAGACATCCACAGT-1,0.000011,0.03271,0.392355,0.574924
AGGAGAGTCTGGCTAC-1,0.010487,0.085634,0.416018,0.487861
AGGAGCGTTTATTATC-1,0.913339,0.001031,0.000091,0.08554
