Barcode,Topic 1,Topic 2,Topic 3,Topic 4,Topic 5to6,Topic 7,Topic 8,Topic 9,Topic 10to11
AAACAAGTATCTCCCA-1,0.161288,0.000037,0.025534,0.004831,0.511607,0.150594,0.141925,0.002746,0.001438
AAACACCAATAACTGC-1,0.000015,0.000015,0.000015,0.026954,0.022031,0.136449,0.040292,0.004516,0.769712
AAACAGAGCGACTCCT-1,0.141114,0.070127,0.097598,0.133864,0.052315,0.000155,0.005529,0.161098,0.3382
AAACAGCTTTCAGAAG-1,0.004386,0.000016,0.192993,0.169785,0.023182,0.148292,0.034111,0.00304,0.424195
AAACAGGGTCTATATT-1,0.083506,0.000034,0.143021,0.549061,0.043922,0.142652,0.003816,0.00171,0.032277
AAACAGTGTTCCTGGG-1,0.000244,0.00002,0.009019,0.130512,0.055327,0.339716,0.163726,0.00002,0.301416
AAACATGGTGAGAGGA-1,0.000995,0.000024,0.007612,0.02463,0.495801,0.202649,0.005561,0.007466,0.255261
AAACATTTCCCGGATT-1,0.044992,0.000038,0.001954,0.139267,0.693024,0.097632,0.004236,0.000038,0.018818
AAACCCGAACGAAATC-1,0.156107,0.000042,0.000042,0.024013,0.714485,0.105141,0.000042,0.000042,0.000085
AAACCGGAAATGTTAA-1,0.243282,0.000106,0.000106,0.000106,0.755868,0.000106,0.000106,0.000106,0.000213
AAACCGGGTAGGTACC-1,0.000034,0.000034,0.187329,0.081899,0.092921,0.000034,0.000034,0.110806,0.526909
AAACCGTTCGTCCAGG-1,0.000035,0.000035,0.000035,0.01508,0.100289,0.03309,0.113585,0.005887,0.731962
AAACCTAAGCAGCCGG-1,0.007352,0.004822,0.000024,0.049848,0.343401,0.213093,0.179997,0.001749,0.199714
AAACCTCATGAAGTTG-1,0.000033,0.000033,0.000033,0.260678,0.035629,0.020099,0.022891,0.001965,0.658639
AAACGAAGATGGAGTA-1,0.035492,0.000028,0.362771,0.082872,0.116454,0.304662,0.014851,0.011699,0.07117
AAACGAGACGGTTGAT-1,0.000053,0.000053,0.161345,0.305743,0.348904,0.011869,0.000053,0.038378,0.133602
AAACGCTGGGCACGAC-1,0.999603,0.00004,0.00004,0.00004,0.000079,0.00004,0.00004,0.00004,0.000079
AAACGGGCGTACGGGT-1,0.000038,0.000038,0.000038,0.046917,0.62286,0.18464,0.000038,0.000038,0.145395
AAACGGGTTGGTATCC-1,0.299991,0.050253,0.000085,0.000085,0.00017,0.000085,0.063956,0.441166,0.14421
AAACGGTTGCGAACTG-1,0.052124,0.00008,0.251609,0.041887,0.493126,0.00008,0.00008,0.160851,0.000161
AAACGTGTTCGCCCTA-1,0.000054,0.000054,0.436867,0.29332,0.201761,0.000054,0.000054,0.05682,0.011016
AAACTAACGTGGCGAC-1,0.159529,0.0125,0.000108,0.000108,0.704066,0.000108,0.000108,0.123258,0.000216
AAACTCGGTTCGCAAT-1,0.000028,0.000028,0.247991,0.394325,0.042503,0.11057,0.047436,0.007453,0.149665
AAACTCGTGATATAAG-1,0.09964,0.000057,0.105548,0.157187,0.567188,0.011806,0.000057,0.000057,0.058459
AAACTGCTGGCTCCAA-1,0.024758,0.000052,0.104997,0.450081,0.203853,0.100804,0.019994,0.013871,0.081589
AAACTTAATTGCACGC-1,0.015903,0.000018,0.054258,0.24637,0.017983,0.358454,0.084694,0.001492,0.220828
AAACTTGCAAACGTAT-1,0.000048,0.000048,0.01756,0.446274,0.272908,0.007309,0.000048,0.028108,0.227697
AAAGAATGACCTTAGA-1,0.066337,0.000023,0.000023,0.02562,0.388798,0.348271,0.027533,0.000023,0.143374
AAAGAATGTGGACTAA-1,0.155147,0.000036,0.000036,0.000252,0.275268,0.484931,0.082233,0.002024,0.000073
AAAGACTGGGCGCTTT-1,0.000024,0.000024,0.045079,0.485319,0.017082,0.000024,0.000024,0.010692,0.44173
AAAGCTTGCCTACATA-1,0.026239,0.00003,0.199845,0.259859,0.129774,0.097369,0.068361,0.079954,0.138568
AAAGGCCCTATAATAC-1,0.067984,0.000021,0.479625,0.023229,0.020562,0.127216,0.064623,0.002151,0.214589
AAAGGCTACGGACCAT-1,0.536176,0.000118,0.000118,0.000118,0.000236,0.009714,0.108357,0.344926,0.000236
AAAGGCTCTCGCGCCG-1,0.178529,0.021798,0.00027,0.00027,0.448854,0.00027,0.3492,0.00027,0.00054
AAAGGGATGTAGCAAG-1,0.109162,0.030529,0.000145,0.000145,0.200518,0.000145,0.000145,0.525103,0.134109
AAAGGGCAGCTTGAAT-1,0.000029,0.002749,0.000029,0.004703,0.001047,0.000029,0.000514,0.007416,0.983485
AAAGGTAAGCTGTACC-1,0.010002,0.002376,0.000048,0.098001,0.251835,0.142972,0.06738,0.071074,0.356312
AAAGTAGCATTGCTCA-1,0.000052,0.000052,0.497959,0.100911,0.157627,0.04262,0.000052,0.00128,0.199446
AAAGTCGACCCTCAGT-1,0.000027,0.000027,0.145136,0.028977,0.093306,0.047203,0.090654,0.16944,0.42523
AAAGTGCCATCAATTA-1,0.95452,0.000072,0.04483,0.000072,0.000145,0.000072,0.000072,0.000072,0.000145
AAAGTGTGATTTATCT-1,0.041665,0.00006,0.021677,0.27416,0.580494,0.081703,0.00006,0.00006,0.00012
AAAGTTGACTCCCGTA-1,0.043035,0.000021,0.000021,0.013932,0.070156,0.009347,0.477795,0.032001,0.353692
AAATAACCATACGGGA-1,0.030821,0.000114,0.094097,0.145831,0.642579,0.000114,0.000114,0.000114,0.086214
AAATAAGGTAGTGCCC-1,0.026276,0.003461,0.066836,0.256115,0.2735,0.121031,0.065048,0.02033,0.167402
AAATACCTATAAGCAT-1,0.00004,0.00004,0.009374,0.543796,0.067802,0.077613,0.04297,0.011778,0.246587
AAATAGCTTAGACTTT-1,0.034985,0.000046,0.350099,0.088345,0.499214,0.027127,0.000046,0.000046,0.000092
AAATAGGGTGCTATTG-1,0.000013,0.000013,0.000013,0.000237,0.000026,0.014605,0.213252,0.017421,0.75442
AAATCCGATACACGCC-1,0.008801,0.000035,0.000035,0.078658,0.685171,0.11521,0.000387,0.000035,0.111669
AAATCGCGGAAGGAGT-1,0.012536,0.000011,0.003072,0.086488,0.000022,0.023328,0.408569,0.035926,0.430049
AAATCGTGTACCACAA-1,0.107152,0.000094,0.000094,0.162952,0.141395,0.043985,0.241007,0.29802,0.005302
AAATCTAGCCCTGCTA-1,0.226193,0.000027,0.036179,0.200992,0.080142,0.128723,0.063504,0.063106,0.201133
AAATCTGCCCGCGTCC-1,0.012438,0.000011,0.205394,0.000306,0.000022,0.033955,0.512414,0.000854,0.234606
AAATGACTGATCAAAC-1,0.058719,0.00006,0.134958,0.237052,0.528797,0.008679,0.00006,0.025953,0.005721
AAATGATTCGATCAGC-1,0.042282,0.000048,0.097855,0.174715,0.34254,0.203058,0.03143,0.041773,0.0663
AAATGCTCGTTACGTT-1,0.000058,0.000058,0.184973,0.098597,0.103932,0.000058,0.000058,0.19338,0.418887
AAATGGCATGTCTTGT-1,0.111489,0.000315,0.000315,0.000315,0.530858,0.177634,0.007906,0.17054,0.000629
AAATGGCCCGTGCCCT-1,0.000034,0.000034,0.05644,0.323821,0.089909,0.124191,0.009673,0.047535,0.348363
AAATGGTCAATGTGCC-1,0.072362,0.047292,0.000106,0.000106,0.632454,0.000106,0.007875,0.112659,0.127038
AAATGTATCTTATCCC-1,0.026413,0.000015,0.034128,0.008636,0.496976,0.140047,0.060856,0.008899,0.224031
AAATTAACGGGTAGCT-1,0.195573,0.01144,0.000185,0.000185,0.748073,0.000185,0.000185,0.043806,0.00037
AAATTAATAAGCGCGA-1,0.000017,0.00663,0.069098,0.476919,0.010787,0.051352,0.014213,0.034854,0.336131
AAATTACACGACTCTG-1,0.070804,0.000095,0.057185,0.000095,0.601571,0.000095,0.000095,0.256105,0.013956
AAATTACCTATCGATG-1,0.000031,0.000031,0.00136,0.382352,0.068847,0.063801,0.018983,0.031428,0.433166
AAATTCCAGGTCCAAA-1,0.042249,0.000037,0.118015,0.20362,0.446103,0.153064,0.015665,0.000415,0.020833
AAATTGATAGTCCTTT-1,0.000036,0.000036,0.048692,0.09824,0.015277,0.131366,0.062027,0.020878,0.623448
AAATTGCGGCGGTTCT-1,0.788122,0.000471,0.000471,0.000471,0.000942,0.000471,0.000471,0.207638,0.000942
AAATTGGTGAGAAGCA-1,0.092002,0.000057,0.000057,0.040303,0.366597,0.021618,0.387018,0.018509,0.07384
AAATTTGCGGGTGTGG-1,0.000029,0.000029,0.000029,0.085142,0.045099,0.041084,0.054525,0.0028,0.771264
AACAACTGGTAGTTGC-1,0.00005,0.005814,0.028492,0.218304,0.026226,0.00005,0.00005,0.104737,0.616276
AACAATACATTGTCGA-1,0.000026,0.000026,0.251041,0.236964,0.114661,0.062961,0.060543,0.039343,0.234435
AACAATTACTCTACGC-1,0.000058,0.000058,0.198045,0.398208,0.120998,0.000058,0.000058,0.098927,0.183588
AACACACGCTCGCCGC-1,0.086397,0.000036,0.029524,0.017988,0.415931,0.103761,0.242061,0.021817,0.082486
AACACGAGACGCGGCC-1,0.000035,0.000035,0.120124,0.013174,0.471976,0.000976,0.000035,0.00099,0.392654
AACAGCTGTGTGGCAA-1,0.005517,0.00003,0.225559,0.246662,0.164706,0.0688,0.069199,0.052806,0.166721
AACAGGAAATCGAATA-1,0.127746,0.000068,0.017524,0.000068,0.016569,0.000068,0.022747,0.46615,0.349061
AACAGGATGGGCCGCG-1,0.230312,0.000068,0.179172,0.001978,0.000136,0.000068,0.000068,0.545312,0.042886
AACAGGTAGTATGGAT-1,0.520629,0.000063,0.000063,0.000063,0.376949,0.000063,0.101977,0.000063,0.000127
AACATAGCGTGTATCG-1,0.000021,0.000021,0.20034,0.42902,0.069724,0.225266,0.000098,0.000021,0.075489
AACATATCAACTGGTG-1,0.119532,0.000025,0.000025,0.036351,0.122865,0.001392,0.406038,0.036134,0.277637
AACATCGATACGTCTA-1,0.000059,0.000059,0.000059,0.4204,0.412846,0.000945,0.029686,0.018999,0.116947
AACATTGAAGTTGATC-1,0.000022,0.000022,0.004109,0.231436,0.003941,0.174962,0.084937,0.002462,0.498109
AACATTGGTCAGCCGT-1,0.626151,0.058131,0.000344,0.000344,0.000689,0.000344,0.131564,0.000344,0.182089
AACATTGTGACTCGAG-1,0.059208,0.000034,0.104775,0.066756,0.064603,0.070343,0.215972,0.296929,0.121381
AACCAAGACTTCTCTG-1,0.049842,0.000052,0.000052,0.183102,0.265577,0.003968,0.005544,0.375848,0.116016
AACCAGTATCACTCTT-1,0.075116,0.000053,0.038259,0.060484,0.000107,0.002858,0.058843,0.314053,0.450226
AACCATAGGGTTGAAC-1,0.000008,0.000008,0.000008,0.021551,0.000017,0.038523,0.352496,0.001562,0.585826
AACCATGGGATCGCTA-1,0.016289,0.018373,0.090902,0.000119,0.873719,0.000119,0.000119,0.000119,0.000239
AACCCAGAGACGGAGA-1,0.357757,0.000258,0.000258,0.000258,0.000517,0.000258,0.058976,0.383599,0.198118
AACCCATCCCATGATC-1,0.048521,0.000045,0.002165,0.257292,0.168317,0.302823,0.015175,0.04248,0.163184
AACCCGACAACCCGTG-1,0.005108,0.000037,0.171259,0.115123,0.07713,0.069331,0.218317,0.024242,0.319453
AACCCGAGCAGAATCG-1,0.232247,0.000049,0.042864,0.08011,0.644486,0.000049,0.000049,0.000049,0.000098
AACCCGATAGGGCTTC-1,0.258594,0.029667,0.000144,0.000144,0.533617,0.012839,0.145477,0.000359,0.019158
AACCCGCTGTATTCCA-1,0.066098,0.000032,0.693792,0.000032,0.084526,0.007182,0.148244,0.000032,0.000064
AACCCTACTGTCAATA-1,0.007353,0.000022,0.000022,0.066979,0.031886,0.033273,0.238848,0.075937,0.545682
AACCGAGCTTGGTCAT-1,0.000054,0.000054,0.178944,0.057648,0.352355,0.000054,0.040032,0.09993,0.27093
AACCGCTAAGGGATGC-1,0.037661,0.000046,0.000046,0.446542,0.438015,0.077504,0.000046,0.000046,0.000093
AACCGTTGTGTTTGCT-1,0.082943,0.000112,0.006171,0.010473,0.000224,0.000112,0.000112,0.640633,0.259221
AACCTCGCTTTAGCCC-1,0.000036,0.000036,0.034619,0.689523,0.140102,0.076936,0.000036,0.000036,0.058675
AACCTGTCACGGAATT-1,0.059328,0.000036,0.000036,0.077802,0.323971,0.100012,0.279026,0.043676,0.116113
AACCTTTAAATACGGT-1,0.000047,0.000047,0.016461,0.156305,0.307507,0.069504,0.007633,0.000047,0.442451
AACCTTTACGACGTCT-1,0.00002,0.003226,0.00002,0.000384,0.00004,0.04454,0.09512,0.00002,0.85663
AACGAAAGTCGTCCCA-1,0.072698,0.00002,0.532848,0.065698,0.012127,0.149772,0.061855,0.002515,0.102466
AACGACCTCCTAGCCG-1,0.844783,0.000028,0.154963,0.000028,0.000056,0.000028,0.000028,0.000028,0.000056
AACGATAATGCCGTAG-1,0.000046,0.000046,0.01575,0.024703,0.281597,0.046137,0.316407,0.001479,0.313834
AACGATAGAAGGGCCG-1,0.360182,0.000322,0.000322,0.000322,0.16976,0.000322,0.268988,0.199136,0.000645
AACGATATGTCAACTG-1,0.000037,0.000037,0.077411,0.486571,0.011418,0.015428,0.000037,0.021275,0.387787
AACGCATGATCTGGGT-1,0.015791,0.000064,0.117345,0.374356,0.351541,0.121536,0.000677,0.000064,0.018626
AACGCGAACGGCAACA-1,0.337938,0.000306,0.000306,0.000306,0.088444,0.000306,0.252902,0.217119,0.102372
AACGCGACCTTGGGCG-1,0.117767,0.000058,0.050345,0.094967,0.112634,0.100113,0.153697,0.155356,0.215063
AACGCGGTCTCCAGCC-1,0.061129,0.012927,0.000137,0.004047,0.588836,0.000137,0.000137,0.197451,0.1352
AACGCTGTTGCTGAAA-1,0.094019,0.000034,0.006109,0.129098,0.196058,0.024788,0.255555,0.050746,0.243594
AACGGACGTACGTATA-1,0.000019,0.000019,0.000019,0.037328,0.084464,0.087305,0.079279,0.011731,0.699836
AACGGCCATCTCCGGT-1,0.000033,0.000033,0.066852,0.070849,0.140845,0.041146,0.001072,0.110894,0.568275
AACGTACTGTGGGTAC-1,0.000059,0.000059,0.413637,0.102463,0.112391,0.000059,0.000059,0.011077,0.360198
AACGTCAGACTAGTGG-1,0.000078,0.000078,0.344936,0.091874,0.144923,0.000078,0.000078,0.126678,0.291277
AACGTCATCCGGCTTG-1,0.049393,0.000032,0.155463,0.057108,0.054205,0.032072,0.236441,0.291224,0.124062
AACGTCGCTGCACTTC-1,0.281242,0.000083,0.017277,0.000083,0.275792,0.425195,0.000083,0.000083,0.000165
AACGTGCGAAAGTCTC-1,0.000055,0.000055,0.025908,0.321095,0.413319,0.053275,0.000055,0.007766,0.178474
AACGTTATCAGCACCT-1,0.000015,0.000015,0.151414,0.005669,0.009276,0.000015,0.011244,0.008224,0.814128
AACGTTCTACCATTGT-1,0.999452,0.000055,0.000055,0.000055,0.00011,0.000055,0.000055,0.000055,0.00011
AACTACCCGTTTGTCA-1,0.489148,0.000051,0.001573,0.005317,0.448501,0.000051,0.055207,0.000051,0.000102
AACTAGGCTTGGGTGT-1,0.000116,0.000116,0.229586,0.031779,0.642318,0.038949,0.000116,0.009732,0.047289
AACTCAAGTTAATTGC-1,0.045502,0.000044,0.496199,0.01304,0.074893,0.000044,0.000044,0.052701,0.317533
AACTCCAGAGCGTGTT-1,0.018045,0.000028,0.047429,0.180211,0.132058,0.097438,0.02967,0.006083,0.489037
AACTCCTAATCCCATG-1,0.138881,0.00012,0.00012,0.00012,0.651923,0.00012,0.001703,0.070156,0.136856
AACTCGATAAACACGT-1,0.586345,0.000368,0.000368,0.000368,0.000736,0.000368,0.05005,0.36066,0.000736
AACTCGATGGCGCAGT-1,0.11629,0.253739,0.00035,0.00035,0.351585,0.00035,0.00035,0.00035,0.276638
AACTCTCAATAGAGCG-1,0.000053,0.002494,0.017299,0.368527,0.561567,0.001774,0.000053,0.010613,0.03762
AACTCTCAGTGTGCTC-1,0.000075,0.000075,0.098705,0.077118,0.383516,0.053466,0.018569,0.0891,0.279376
AACTGAGGTCAGCGTC-1,0.097685,0.000125,0.000125,0.000125,0.630765,0.025632,0.023962,0.000125,0.221458
AACTGAGTTATACTGA-1,0.369931,0.00006,0.00006,0.00006,0.021015,0.00006,0.572214,0.014665,0.021935
AACTGATATTAGGCCT-1,0.289863,0.000226,0.000226,0.000226,0.298502,0.000226,0.066016,0.004774,0.339939
AACTGGGTCCCGACGT-1,0.145988,0.00018,0.00018,0.00018,0.221522,0.095458,0.000184,0.419198,0.117111
AACTTCTGCGTCTATC-1,0.000045,0.000045,0.010351,0.335003,0.02801,0.000045,0.000045,0.17971,0.446746
AACTTGCCCGTATGCA-1,0.000039,0.000039,0.046863,0.171433,0.03566,0.000039,0.000039,0.020019,0.725868
AACTTGCGTTCTCGCG-1,0.000033,0.000033,0.000033,0.003127,0.015911,0.009234,0.097452,0.017308,0.85687
AACTTTACGGGAGCTT-1,0.003263,0.000012,0.060673,0.177772,0.003531,0.086157,0.0466,0.035294,0.586699
AACTTTCTCGATCATG-1,0.019832,0.000028,0.626989,0.015054,0.002841,0.00003,0.013484,0.03936,0.282382
AAGAAATCACCAGATT-1,0.010976,0.000036,0.079293,0.43554,0.276766,0.003686,0.002002,0.005192,0.18651
AAGAAGGATCAGTTAG-1,0.083111,0.000053,0.844855,0.000053,0.071039,0.000053,0.000053,0.000678,0.000106
AAGACATACGTGGTTT-1,0.523147,0.000055,0.243053,0.01362,0.219852,0.000055,0.000055,0.000055,0.000109
AAGACCAAATAACTCA-1,0.041268,0.000019,0.306246,0.248254,0.095131,0.274049,0.008241,0.001696,0.025096
AAGACCCAACTGAACA-1,0.071872,0.000034,0.057536,0.023381,0.065828,0.017429,0.16866,0.404388,0.190872
AAGACTAACCCGTTGT-1,0.371204,0.000548,0.000548,0.000548,0.001095,0.000548,0.000548,0.297062,0.3279
AAGACTGCAAGCTACT-1,0.048905,0.000106,0.000106,0.051379,0.436121,0.12889,0.000106,0.000106,0.33428
AAGAGATGAATCGGTA-1,0.002037,0.000046,0.378212,0.06495,0.000093,0.000046,0.000046,0.177977,0.376592
AAGAGCTCTTTATCGG-1,0.000031,0.000031,0.000031,0.043795,0.077849,0.097303,0.073834,0.011875,0.695251
AAGAGGATGTACGCGA-1,0.09817,0.03159,0.000059,0.000059,0.006217,0.000059,0.145868,0.260439,0.457539
AAGAGGCATGGATCGC-1,0.000036,0.000036,0.140449,0.232599,0.081668,0.119435,0.028103,0.013396,0.384279
AAGAGGCCCTTTGGAA-1,0.083405,0.000042,0.297925,0.023104,0.595312,0.000042,0.000042,0.000042,0.000085
AAGATGGCACCGGACC-1,0.000043,0.000043,0.114885,0.243276,0.173027,0.011743,0.000043,0.035082,0.421858
AAGATTGGCGGAACGT-1,0.000051,0.000051,0.22491,0.519849,0.247726,0.000051,0.000051,0.000051,0.007261
AAGCACCCTGCGTATC-1,0.267932,0.000091,0.006936,0.000092,0.42881,0.149492,0.000091,0.138012,0.008543
AAGCATACTCTCCTGA-1,0.000034,0.000034,0.264428,0.009216,0.121519,0.045487,0.272066,0.017192,0.270023
AAGCCACTTGCAGGTA-1,0.000029,0.000029,0.228259,0.063039,0.114682,0.569993,0.000029,0.000029,0.02391
AAGCCGAAGCGGTTTA-1,0.075459,0.000054,0.014235,0.007736,0.902244,0.000054,0.000054,0.000054,0.000109
AAGCCGCCGTGAAATC-1,0.000016,0.000016,0.126783,0.040287,0.019941,0.124857,0.132582,0.014658,0.540861
AAGCCGCTTTACCTTG-1,0.000031,0.000031,0.000031,0.488928,0.053207,0.089786,0.008844,0.002605,0.356537
AAGCCGGAGAGCAGGA-1,0.999495,0.000051,0.000051,0.000051,0.000101,0.000051,0.000051,0.000051,0.000101
AAGCGCAGGGCTTTGA-1,0.000031,0.000031,0.028167,0.401961,0.082253,0.273747,0.06017,0.000031,0.15361
AAGCGGAGTGCGCGCA-1,0.000045,0.000045,0.105082,0.412017,0.408137,0.000045,0.000045,0.025413,0.049171
AAGCGGCGTCATGGGT-1,0.238599,0.00007,0.00007,0.00007,0.10576,0.075996,0.190398,0.241261,0.147776
AAGCGTCCCTCATCGA-1,0.00004,0.00004,0.011008,0.002635,0.041618,0.083546,0.077822,0.016523,0.76677
AAGCTAGATCGAGTAA-1,0.000069,0.000069,0.27996,0.184356,0.526833,0.000069,0.000069,0.001466,0.007111
AAGCTCGTGCCAAGTC-1,0.000029,0.000029,0.205359,0.000031,0.006585,0.002224,0.034448,0.002419,0.748876
AAGCTCTTTCATGGTG-1,0.000054,0.000054,0.005911,0.136287,0.442809,0.360576,0.007717,0.000054,0.046538
AAGGAGCGGTTGGTGC-1,0.000134,0.032182,0.000134,0.041389,0.866182,0.000134,0.000134,0.000134,0.059578
AAGGATCGATCGCTTG-1,0.110051,0.000045,0.20048,0.085858,0.593025,0.01036,0.000045,0.000045,0.00009
AAGGATGAGGGACCTC-1,0.000038,0.000038,0.058597,0.373411,0.249951,0.085675,0.000038,0.021928,0.210323
AAGGCAGGCTGTCTCC-1,0.119164,0.000058,0.07726,0.065976,0.635261,0.10106,0.000058,0.000058,0.001104
AAGGCGCGTAAAGCTT-1,0.000051,0.000051,0.01505,0.050381,0.181178,0.017516,0.067945,0.051879,0.615948
AAGGCTGTGCTCATCG-1,0.000114,0.000114,0.000114,0.029391,0.744518,0.000114,0.000114,0.000114,0.22541
AAGGGAACGACTGGCT-1,0.018552,0.000022,0.000022,0.085167,0.313705,0.149257,0.065388,0.000022,0.367865
AAGGGACAGATTCTGT-1,0.000033,0.000033,0.109795,0.359739,0.019061,0.021756,0.019027,0.020951,0.449605
AAGGGACTATGCATTC-1,0.000027,0.000027,0.272254,0.2776,0.118161,0.064433,0.027062,0.024638,0.215798
AAGGGTTAGCCATGCG-1,0.999524,0.000048,0.000048,0.000048,0.000095,0.000048,0.000048,0.000048,0.000095
AAGGGTTTGATTTCAG-1,0.062565,0.002296,0.000041,0.000041,0.09994,0.059757,0.655081,0.001874,0.118405
AAGGTATCCTAATATA-1,0.000037,0.000037,0.000037,0.210766,0.13915,0.057925,0.000037,0.000435,0.591578
AAGGTGATAAACCAGC-1,0.009963,0.000029,0.027841,0.186587,0.23855,0.080679,0.099979,0.041392,0.314979
AAGTAGAAGACCGGGT-1,0.199002,0.000277,0.000277,0.000277,0.397577,0.000277,0.152351,0.000277,0.249684
AAGTAGTGACGCGAGG-1,0.000021,0.000021,0.000021,0.000021,0.000043,0.000021,0.000021,0.012659,0.98717
AAGTCAATTGTCGTCA-1,0.029791,0.000041,0.000041,0.23454,0.304268,0.144427,0.071457,0.000041,0.215395
AAGTCTAGTAGCTGCC-1,0.005702,0.000044,0.209774,0.395436,0.202886,0.082993,0.000044,0.039928,0.063192
AAGTCTTCTGTGGCCT-1,0.039685,0.000047,0.132794,0.281761,0.294175,0.185663,0.000047,0.000047,0.065783
AAGTGACGACCGAATT-1,0.000046,0.000046,0.576034,0.000046,0.000091,0.000046,0.000046,0.077625,0.346021
AAGTGAGTCGGGTTTA-1,0.018842,0.000092,0.074016,0.135275,0.771313,0.000092,0.000092,0.000092,0.000185
AAGTGCAAAGGTAGAC-1,0.000012,0.020207,0.000012,0.103264,0.140684,0.053992,0.005957,0.005839,0.670035
AAGTGCCTTGACTGTA-1,0.199965,0.000064,0.210152,0.015502,0.546395,0.027664,0.000064,0.000064,0.000129
AAGTGCGTTAGAATCT-1,0.088268,0.000078,0.038292,0.198754,0.378598,0.000163,0.011429,0.095795,0.188623
AAGTGCTTCTCTATTG-1,0.000026,0.000026,0.090709,0.013765,0.069118,0.427464,0.023301,0.000026,0.375565
AAGTGTTTGGAGACGG-1,0.012459,0.000052,0.347946,0.066124,0.481918,0.000052,0.000052,0.000052,0.091345
AAGTTCACTCCAAGCT-1,0.000035,0.000035,0.259439,0.219829,0.152673,0.108741,0.077111,0.013954,0.168184
AAGTTCAGTCTGCGTA-1,0.000029,0.000029,0.000029,0.004499,0.166471,0.015955,0.042422,0.001284,0.769282
AAGTTCGGCCAACAGG-1,0.000054,0.000054,0.007672,0.187875,0.247776,0.002546,0.000054,0.012644,0.541325
AAGTTGTGATGTTATA-1,0.081166,0.00006,0.001741,0.236928,0.507046,0.133826,0.031781,0.00006,0.007394
AAGTTTATGGGCCCAA-1,0.000025,0.000025,0.077526,0.390293,0.084563,0.182529,0.09659,0.008617,0.159832
AATAACAACGCTCGGC-1,0.000031,0.000031,0.158209,0.120971,0.000062,0.000031,0.000031,0.260564,0.460069
AATAACACTAGAACAA-1,0.02108,0.000057,0.000057,0.016322,0.361801,0.114214,0.025583,0.064068,0.396817
AATAACGTCGCGCCCA-1,0.423363,0.000037,0.105765,0.008013,0.0618,0.20625,0.051177,0.023866,0.119729
AATAATCTTCGTATCG-1,0.446156,0.000066,0.200833,0.000066,0.270479,0.029402,0.052798,0.000066,0.000133
AATACAATGTTTCAGG-1,0.000038,0.000038,0.026713,0.24299,0.003018,0.000038,0.000038,0.010325,0.7168
AATACCGGAGGGCTGT-1,0.000022,0.000022,0.173002,0.01305,0.012006,0.211929,0.06891,0.000022,0.521036
AATACCTGATGTGAAC-1,0.063569,0.00708,0.123307,0.000017,0.002623,0.278366,0.486666,0.000017,0.038354
AATAGAACAGAGTGGC-1,0.00007,0.242349,0.216542,0.00007,0.467674,0.001649,0.00007,0.00007,0.071504
AATAGAATCTGTTTCA-1,0.00201,0.000022,0.028473,0.127372,0.118042,0.113014,0.294628,0.10963,0.206808
AATAGCAAGCCTCCTG-1,0.178553,0.000106,0.000106,0.011858,0.686047,0.048593,0.000106,0.071531,0.003101
AATAGCTACCGCGTGC-1,0.041603,0.000065,0.02596,0.380893,0.363956,0.026556,0.138624,0.018228,0.004115
AATAGGCACGACCCTT-1,0.010161,0.000019,0.27751,0.065148,0.01629,0.213081,0.071402,0.001503,0.344886
AATAGTCCGTCCCGAC-1,0.055301,0.000146,0.000146,0.000146,0.681256,0.146057,0.000146,0.082249,0.034551
AATAGTCGCGAGTCGG-1,0.000011,0.000011,0.127946,0.039324,0.06499,0.026359,0.036439,0.045168,0.659752
AATATCAAGGTCGGAT-1,0.057005,0.000088,0.092009,0.06963,0.018307,0.013381,0.000088,0.592574,0.156918
AATATCCTAGCAAACT-1,0.077337,0.000037,0.009099,0.291333,0.202158,0.181191,0.044652,0.032476,0.161718
AATATCGAATCAATGC-1,0.177755,0.000046,0.009663,0.098992,0.61308,0.046363,0.052297,0.000046,0.001757
AATATCGAGGGTTCTC-1,0.024628,0.000044,0.000044,0.417179,0.204684,0.086683,0.000044,0.015691,0.251005
AATATTGGAGTATTGA-1,0.000062,0.000062,0.000062,0.392264,0.032305,0.000062,0.000062,0.331459,0.243664
AATCAGACTGCAGGAC-1,0.633517,0.000554,0.000554,0.000554,0.044004,0.000554,0.091172,0.000554,0.228535
AATCAGGTTTCATTTA-1,0.000029,0.000029,0.000029,0.000029,0.000058,0.40362,0.213369,0.000029,0.382808
AATCATGTAAAGACTC-1,0.108907,0.000051,0.000051,0.034565,0.744534,0.111685,0.000051,0.000051,0.000103
AATCCAAGGGCCTGAG-1,0.051725,0.000136,0.000136,0.000136,0.196093,0.000136,0.000136,0.490871,0.26063
AATCCATGCAAGGGTG-1,0.169827,0.000354,0.000354,0.000354,0.300363,0.236489,0.157182,0.000354,0.134725
AATCCCGCTCAGAGCC-1,0.066329,0.000016,0.181473,0.03175,0.016914,0.03536,0.26588,0.232384,0.169895
AATCGAGGTCTCAAGG-1,0.056743,0.00003,0.010333,0.002212,0.295038,0.014581,0.504638,0.00003,0.116397
AATCGCCTCAGCGCCA-1,0.000066,0.000066,0.124852,0.394867,0.388068,0.011239,0.000066,0.000066,0.080708
AATCGCGCAGAGGACT-1,0.102827,0.00005,0.140499,0.014759,0.630832,0.102011,0.00005,0.00005,0.008923
AATCGGTATAGCCCTC-1,0.042898,0.000039,0.031999,0.00818,0.200276,0.36813,0.105608,0.000039,0.24283
AATCGTGAGCCGAGCA-1,0.000012,0.000012,0.000012,0.010284,0.068025,0.011367,0.00461,0.000012,0.905666
AATCTAGGTTTACTTG-1,0.000029,0.000029,0.025608,0.161631,0.020475,0.145733,0.174132,0.016358,0.456006
AATCTATGCCGGAGCC-1,0.271087,0.000044,0.332047,0.019741,0.194067,0.016083,0.153445,0.000044,0.013441
AATCTCTACTGTGGTT-1,0.002721,0.000025,0.38663,0.186029,0.040657,0.089637,0.026143,0.001876,0.266282
AATCTGCGTTGGGACG-1,0.006145,0.000036,0.253838,0.016053,0.356921,0.000036,0.000036,0.040034,0.326902
AATCTGGCTTTCTAGT-1,0.027049,0.000036,0.241277,0.063228,0.087727,0.209275,0.015489,0.017494,0.338423
AATGACAGCAATGTCT-1,0.00006,0.00006,0.051297,0.441824,0.115946,0.010879,0.00006,0.011113,0.368761
AATGACGTAGGATGTC-1,0.00004,0.00004,0.233777,0.157742,0.103839,0.099453,0.033803,0.004092,0.367215
AATGACTGTCAGCCGG-1,0.058412,0.000146,0.147157,0.000146,0.793409,0.000146,0.000146,0.000146,0.000292
AATGAGTTCGCATATG-1,0.000046,0.000046,0.168081,0.123696,0.012782,0.000046,0.009188,0.051738,0.634377
AATGATGATACGCTAT-1,0.026482,0.000036,0.078456,0.234609,0.161659,0.000036,0.010252,0.318097,0.170373
AATGATGCGACTCCTG-1,0.071977,0.000056,0.218624,0.131076,0.363302,0.176318,0.009278,0.001574,0.027796
AATGCAACCGGGTACC-1,0.293541,0.054627,0.000235,0.000235,0.00047,0.000235,0.140272,0.392133,0.118252
AATGCACCAAGCAATG-1,0.000056,0.000056,0.154124,0.340363,0.362492,0.000056,0.000056,0.077461,0.065335
AATGGCCGCCAATGCG-1,0.063365,0.000053,0.004597,0.082513,0.008742,0.067767,0.033192,0.455597,0.284174
AATGGTCCACCGTTCA-1,0.000016,0.000016,0.004322,0.032515,0.000031,0.000293,0.000675,0.01012,0.952013
AATGGTTCTCACAAGC-1,0.000075,0.000075,0.317886,0.004189,0.292514,0.000075,0.000075,0.350777,0.034337
AATGTATGGCACTGTA-1,0.000009,0.000009,0.00066,0.000009,0.000019,0.159564,0.315831,0.000009,0.523888
AATGTGCCCGAGGTGT-1,0.000047,0.000047,0.230301,0.400753,0.069546,0.003083,0.000047,0.059407,0.23677
AATGTGCTAATCTGAG-1,0.023407,0.000028,0.211195,0.079807,0.083225,0.116934,0.334993,0.03234,0.118073
AATGTTAAGACCCTGA-1,0.044735,0.000028,0.433638,0.088023,0.103787,0.298783,0.007538,0.000028,0.023439
AATGTTGTCGTGAGAC-1,0.08203,0.000048,0.173953,0.131046,0.413929,0.115914,0.041068,0.000048,0.041965
AATTAAAGGTCGGCGT-1,0.015574,0.000117,0.083636,0.000117,0.553126,0.000117,0.000117,0.145036,0.202162
AATTAACGGATTTCCA-1,0.000535,0.000058,0.000058,0.254284,0.180912,0.081802,0.220491,0.022756,0.239103
AATTACGAGACCCATC-1,0.094082,0.000013,0.088944,0.024065,0.000026,0.052727,0.334429,0.01166,0.394055
AATTACTCGTACGCTC-1,0.000061,0.000061,0.549188,0.002867,0.250209,0.000061,0.000061,0.112948,0.084542
AATTAGCGCTGCAGCG-1,0.00005,0.00005,0.00005,0.102153,0.373215,0.132715,0.148027,0.00005,0.243691
AATTATACCCAGCAAG-1,0.031068,0.000023,0.016574,0.329125,0.161244,0.395334,0.023561,0.019342,0.02373
AATTCATAAGGGATCT-1,0.000057,0.000057,0.165987,0.303053,0.292957,0.111485,0.000057,0.039924,0.086424
AATTCATTGTCATGCA-1,0.060402,0.000013,0.139408,0.052024,0.000026,0.128258,0.15372,0.00705,0.459098
AATTCCAACTTGGTGA-1,0.509851,0.007853,0.018465,0.000399,0.000798,0.000399,0.220761,0.000399,0.241076
AATTCCAAGCATGTAC-1,0.16459,0.000118,0.02895,0.050829,0.754924,0.000118,0.000118,0.000118,0.000236
AATTCGATTCGAGGAT-1,0.127701,0.000021,0.470213,0.000021,0.023709,0.000301,0.375682,0.000785,0.001567
AATTCTAGAGTTAGGC-1,0.035628,0.00009,0.00009,0.043527,0.469544,0.018015,0.011284,0.075107,0.346716
AATTGAACGCTCTGGT-1,0.000021,0.013112,0.253553,0.207428,0.030968,0.053134,0.004991,0.002091,0.434701
AATTGCAGCAATCGAC-1,0.258735,0.036881,0.000046,0.0001,0.434404,0.069817,0.07201,0.000046,0.127961
AATTGCGTGGATTACA-1,0.000041,0.000041,0.12637,0.030682,0.433749,0.408954,0.000041,0.000041,0.000081
AATTGTGGTTGCCAAA-1,0.691178,0.000041,0.04167,0.000478,0.266428,0.000041,0.000041,0.000041,0.000082
AATTTGGGACATAGTA-1,0.000145,0.000145,0.000145,0.031019,0.741636,0.000145,0.000145,0.219961,0.006659
ACAAACCATGCGTCCT-1,0.024365,0.000017,0.154038,0.143839,0.174842,0.24324,0.07944,0.021314,0.158904
ACAAACTCCATCAGAG-1,0.014729,0.000014,0.000014,0.003354,0.000029,0.016327,0.664404,0.002437,0.298692
ACAAAGAAGGTAGGCC-1,0.00211,0.000025,0.000025,0.353272,0.03535,0.25889,0.100748,0.006298,0.243282
ACAAAGCATGACCTAG-1,0.011956,0.018844,0.213046,0.047093,0.569552,0.110838,0.000024,0.002308,0.02634
ACAAATCGCACCGAAT-1,0.014381,0.000026,0.537361,0.033606,0.147309,0.057438,0.082246,0.021785,0.105847
ACAAATGGTAGTGTTT-1,0.025923,0.000016,0.0017,0.005617,0.080224,0.007157,0.239135,0.046566,0.593662
ACAAATTCAGATCTGA-1,0.079644,0.00004,0.056254,0.032876,0.00008,0.01408,0.253484,0.365869,0.197674
ACAACAGCATGAGCTA-1,0.00003,0.00003,0.238515,0.020076,0.040884,0.004996,0.023448,0.159621,0.5124
ACAACGGTCCCTGCGA-1,0.000043,0.000043,0.000043,0.253803,0.012015,0.000043,0.000043,0.017975,0.71599
ACAAGCAGTGCCTAGC-1,0.00005,0.048915,0.063669,0.382717,0.115341,0.00005,0.00005,0.124687,0.264522
ACAAGCTATATGGAAG-1,0.000025,0.000025,0.00363,0.147077,0.120613,0.223726,0.040666,0.00106,0.463177
ACAAGGAAATCCGCCC-1,0.000047,0.000047,0.188297,0.073556,0.224447,0.087284,0.002024,0.034457,0.389842
ACAAGGACAAGAGGTT-1,0.000032,0.000032,0.022981,0.044715,0.006527,0.001272,0.000032,0.016441,0.90797
ACAAGGATGCTTTAGG-1,0.000021,0.000021,0.007659,0.087261,0.117368,0.157537,0.163701,0.071758,0.394675
ACAAGGGCAGGCTCTG-1,0.000026,0.000026,0.046366,0.10819,0.038422,0.040284,0.057778,0.058117,0.650792
ACAATAGTCGTACGTT-1,0.000068,0.000068,0.000068,0.552059,0.110764,0.004619,0.000068,0.009219,0.323066
ACAATCCATTTAAACC-1,0.000038,0.000038,0.07745,0.356588,0.007861,0.000038,0.000038,0.042108,0.515841
ACAATGAATACGGAGA-1,0.00003,0.00003,0.445368,0.068294,0.15777,0.019486,0.06128,0.027376,0.220365
ACAATGATTCTTCTAC-1,0.059871,0.000074,0.000074,0.000074,0.491667,0.16392,0.239289,0.009762,0.035268
ACAATTGTGTCTCTTT-1,0.033219,0.000021,0.007896,0.004428,0.105077,0.020359,0.353645,0.028046,0.447308
ACAATTTAGGAGGCTC-1,0.000012,0.000012,0.064837,0.127225,0.000133,0.168453,0.05555,0.025886,0.557892
ACAATTTGAGCAGTGG-1,0.000072,0.000072,0.049586,0.568936,0.34994,0.021581,0.000072,0.000072,0.009669
ACAATTTGGCCATATT-1,0.167312,0.000074,0.066397,0.122583,0.581349,0.06199,0.000074,0.000074,0.000147
ACACAAAGACGGGTGG-1,0.131481,0.000154,0.000154,0.000154,0.179173,0.034587,0.032121,0.550448,0.071727
ACACAAATATTCCTAG-1,0.000055,0.000034,0.2404,0.033951,0.357504,0.018427,0.041623,0.025469,0.282536
ACACACCAGGACCAGT-1,0.058712,0.000043,0.272076,0.08786,0.254961,0.052201,0.002644,0.017144,0.25436
ACACACTTTCTACACG-1,0.305426,0.000265,0.000265,0.000265,0.169422,0.000265,0.21241,0.311152,0.00053
ACACATGATCAAATCT-1,0.001096,0.001379,0.210868,0.025048,0.062828,0.299164,0.104732,0.010111,0.284773
ACACATTGACGCAACA-1,0.083676,0.000084,0.300015,0.000084,0.499147,0.000084,0.000084,0.116658,0.000168
ACACATTTCCGTAGAC-1,0.000014,0.000014,0.000036,0.002598,0.000027,0.06157,0.208202,0.000277,0.727262
ACACCACATAATTAGC-1,0.047981,0.000025,0.102485,0.003874,0.169325,0.219992,0.24737,0.12785,0.081098
ACACCCAGCATGCAGC-1,0.04411,0.000124,0.029887,0.032547,0.161634,0.000124,0.000124,0.463708,0.267742
ACACCCGAGAAATCCG-1,0.328731,0.075255,0.000113,0.000113,0.223482,0.000113,0.000113,0.320904,0.051174
ACACCGAGCGCTCTTT-1,0.000016,0.000016,0.000016,0.014745,0.000032,0.000393,0.040053,0.006469,0.93826
ACACCGGTCTGACCGC-1,0.014534,0.001539,0.292413,0.001692,0.014464,0.099504,0.30967,0.000916,0.265269
ACACCTTAAGTAGGGC-1,0.000138,0.000138,0.000138,0.055558,0.737979,0.000138,0.000138,0.000138,0.205633
ACACCTTACTACTTGC-1,0.346124,0.000056,0.000056,0.05004,0.387377,0.102374,0.113805,0.000056,0.000112
ACACGAGACTCCTTCT-1,0.009975,0.000057,0.249248,0.286682,0.108827,0.019593,0.000057,0.022512,0.30305
ACACGGGAACTTAGGG-1,0.000037,0.000037,0.091331,0.162402,0.006045,0.081179,0.004975,0.007875,0.646118
ACACGTAGGCCACAAG-1,0.234768,0.000054,0.000054,0.005318,0.759538,0.000054,0.000054,0.000054,0.000108
ACACTCCAATGTCACT-1,0.066702,0.000093,0.020924,0.01204,0.1404,0.000093,0.000093,0.23943,0.520225
ACACTGATCAAGGTGT-1,0.000117,0.000117,0.023005,0.015625,0.789875,0.000117,0.000117,0.000117,0.170909
ACACTGGGACAGTCGT-1,0.591551,0.000066,0.000066,0.000066,0.407918,0.000066,0.000066,0.000066,0.000133
ACAGAACTGAGAACAA-1,0.000032,0.000032,0.190835,0.289089,0.024619,0.042983,0.000032,0.097235,0.355142
ACAGCGACATTCTCAT-1,0.284649,0.000053,0.000053,0.052883,0.524271,0.123124,0.010803,0.004058,0.000106
ACAGCGCACCCGCAGC-1,0.11704,0.000066,0.001249,0.055778,0.000131,0.000066,0.000066,0.504781,0.320824
ACAGGAGGCGCAGCCG-1,0.426815,0.000106,0.000106,0.000106,0.000212,0.000106,0.207321,0.275,0.090227
ACAGGCACGGATCCTT-1,0.047948,0.008619,0.160771,0.163617,0.129855,0.332778,0.042644,0.021559,0.092208
ACAGGCTTGCCCGACT-1,0.001458,0.000022,0.077831,0.126179,0.131664,0.120756,0.122437,0.028097,0.391555
ACAGGTGGAGGTGAGG-1,0.000043,0.000043,0.000043,0.103471,0.119092,0.047371,0.013319,0.003052,0.713567
ACAGGTGTGTTGTTGC-1,0.000042,0.000042,0.000042,0.005733,0.270185,0.563853,0.010277,0.014802,0.135023
ACAGTAATACAACTTG-1,0.012403,0.011339,0.000033,0.123797,0.245281,0.101517,0.065117,0.015897,0.424617
ACAGTATACCGTGGGA-1,0.000018,0.000018,0.000018,0.028062,0.016522,0.008419,0.010819,0.000534,0.935592
ACATAAGTCGTGGTGA-1,0.004035,0.002013,0.000012,0.031174,0.000024,0.018265,0.476895,0.009187,0.458395
ACATAATAAGGCGGTG-1,0.284453,0.000325,0.000325,0.000325,0.372655,0.000325,0.053747,0.210636,0.077209
ACATACAATCAAGCGG-1,0.019453,0.000045,0.000045,0.137541,0.540688,0.243188,0.006072,0.000045,0.052923
ACATCAGCTGGGACGC-1,0.000027,0.000027,0.111888,0.332014,0.096797,0.054228,0.054784,0.098968,0.251265
ACATCCCGGCCATACG-1,0.087112,0.000233,0.000233,0.071314,0.752421,0.000233,0.000233,0.000233,0.087987
ACATCCTGGTAACTGT-1,0.146097,0.00007,0.150226,0.232909,0.337215,0.097753,0.026155,0.009434,0.000141
ACATCGATCGTTTACC-1,0.05634,0.000132,0.482493,0.008956,0.35093,0.000132,0.000132,0.000132,0.100753
ACATCGGTCAGCCGCG-1,0.000037,0.000037,0.023341,0.017726,0.076103,0.000037,0.001594,0.008937,0.872187
ACATCGTATGCAATGG-1,0.000032,0.000032,0.497268,0.081433,0.212283,0.058847,0.022544,0.051145,0.076417
ACATGCTTACGGCAGC-1,0.000021,0.000021,0.010521,0.258013,0.056364,0.511082,0.011784,0.000021,0.152173
ACATGGCGCCAAAGTA-1,0.12628,0.000039,0.00474,0.141126,0.426532,0.096809,0.124435,0.023688,0.056349
ACATGGCTCAATTTAG-1,0.084211,0.000227,0.037751,0.000227,0.594477,0.000227,0.000227,0.200106,0.082549
ACATTAGTTTATATCC-1,0.000113,0.000113,0.447154,0.010747,0.518078,0.000113,0.000113,0.005577,0.017993
ACATTCGCGCGGAATA-1,0.000049,0.000049,0.004957,0.000049,0.451081,0.543621,0.000049,0.000049,0.000097
ACATTTGAAACCTAAC-1,0.047852,0.000047,0.000047,0.000047,0.61557,0.330589,0.005708,0.000047,0.000094
ACCAAACACCCAGCGA-1,0.127127,0.00004,0.034796,0.022728,0.398392,0.001139,0.332131,0.015394,0.068252
ACCAACACCACACACT-1,0.000048,0.000048,0.000048,0.252297,0.343721,0.112356,0.081967,0.000501,0.209015
ACCAACCGCACTCCAC-1,0.002621,0.000022,0.000022,0.306647,0.156979,0.436786,0.011131,0.020756,0.065035
ACCAACGCTTATTTAT-1,0.079122,0.000116,0.000116,0.000116,0.782346,0.000116,0.000116,0.043117,0.094833
ACCAAGAACGCGTGTC-1,0.541244,0.000448,0.000448,0.000448,0.130899,0.000448,0.324722,0.000448,0.000896
ACCAAGTCATCGGCAG-1,0.051088,0.000024,0.000024,0.19222,0.193046,0.131537,0.204693,0.000267,0.227101
ACCAATATGCAAGTTA-1,0.000051,0.000051,0.000051,0.041797,0.249495,0.178343,0.118049,0.000051,0.412111
ACCACAAGTTTCTATC-1,0.105283,0.000073,0.009613,0.0434,0.052321,0.000073,0.007553,0.490759,0.290925
ACCACACGGTTGATGG-1,0.02384,0.074891,0.027555,0.051004,0.447702,0.374824,0.000046,0.000046,0.000092
ACCACCAATGTAACAA-1,0.414055,0.000038,0.000038,0.003217,0.408307,0.000038,0.143963,0.03027,0.000075
ACCACCCTCTCTTCTA-1,0.058683,0.000041,0.010065,0.503589,0.078255,0.040117,0.159299,0.002157,0.147794
ACCACGTGCAGCTATA-1,0.00003,0.00003,0.04185,0.295457,0.024103,0.052648,0.008617,0.003963,0.573303
ACCACTGTTCAAGAAG-1,0.005633,0.000053,0.290764,0.084865,0.287085,0.000053,0.074238,0.063758,0.19355
ACCAGACCATAACAAC-1,0.056812,0.000027,0.006997,0.371105,0.153063,0.036857,0.005884,0.01368,0.355575
ACCAGTGCCCGGTCAA-1,0.178191,0.054144,0.000117,0.000117,0.242065,0.057812,0.146773,0.320547,0.000234
ACCAGTGCGGGAGACG-1,0.000043,0.000043,0.206503,0.104366,0.542469,0.00196,0.000043,0.057176,0.087398
ACCATATCCGCAATAA-1,0.075754,0.000058,0.066373,0.015534,0.096795,0.000058,0.155919,0.362457,0.227054
ACCATCCGCCAACTAG-1,0.022147,0.000026,0.189293,0.334798,0.072472,0.064055,0.078828,0.019818,0.218562
ACCATCGTATATGGTA-1,0.000071,0.000071,0.303952,0.029487,0.220797,0.000071,0.000071,0.197152,0.248326
ACCATTAAGGGTGTCA-1,0.000015,0.000015,0.167655,0.000015,0.005626,0.000425,0.02701,0.013995,0.785245
ACCCAACGCCCGTGGC-1,0.00003,0.01166,0.045127,0.213701,0.116785,0.154467,0.020738,0.05264,0.384851
ACCCACCTACATGCTC-1,0.007194,0.000035,0.086232,0.130855,0.008386,0.000035,0.032554,0.047926,0.686784
ACCCATCTTGAGGGTA-1,0.000054,0.000054,0.294388,0.244653,0.112342,0.000054,0.000054,0.046471,0.301929
ACCCATTTGTCCCTCT-1,0.270347,0.00004,0.139424,0.054307,0.272598,0.259456,0.003437,0.00004,0.000351
ACCCGAGCGAAATTAC-1,0.00003,0.00003,0.098147,0.381745,0.120808,0.187943,0.00989,0.085283,0.116124
ACCCGATTGGTTCCGA-1,0.000027,0.000027,0.126953,0.017828,0.072882,0.29452,0.1351,0.001048,0.351615
ACCCGGAAACTCCCAG-1,0.000055,0.000055,0.09019,0.080645,0.184268,0.260106,0.006412,0.005473,0.372796
ACCCGGAGCACCACAA-1,0.395062,0.000024,0.000024,0.000024,0.000048,0.056975,0.308984,0.035175,0.203685
ACCCGGATGACGCATC-1,0.003385,0.00004,0.021647,0.196548,0.318271,0.157677,0.017998,0.007888,0.276546
ACCCGGTTACACTTCC-1,0.038987,0.0001,0.729671,0.0001,0.162635,0.0001,0.0001,0.068105,0.000201
ACCCGTAGCAGAGAAT-1,0.12016,0.000133,0.000133,0.007236,0.000265,0.271959,0.308245,0.137609,0.15426
ACCCGTAGTCTAGTTG-1,0.828977,0.000041,0.170655,0.000041,0.000082,0.000041,0.000041,0.000041,0.000082
ACCCGTGTCATCAGTA-1,0.098146,0.000078,0.046384,0.025968,0.205031,0.000078,0.118639,0.217482,0.288195
ACCCTATAGGACTGAG-1,0.000094,0.000094,0.296501,0.022888,0.675752,0.000094,0.000094,0.004297,0.000188
ACCCTATGCCATATCG-1,0.000068,0.000068,0.051014,0.109987,0.241045,0.001192,0.00274,0.105422,0.488463
ACCCTCCCGTCAGGGC-1,0.05797,0.000026,0.002069,0.266958,0.162458,0.287597,0.161296,0.028508,0.033119
ACCCTCCCTTGCTATT-1,0.000032,0.000032,0.048187,0.104258,0.234613,0.169941,0.065188,0.003324,0.374423
ACCCTGGTAACGCCCT-1,0.106315,0.000059,0.139682,0.285875,0.179767,0.186173,0.018528,0.014989,0.068614
ACCCTTCATCTGCGAA-1,0.140349,0.000184,0.000184,0.227277,0.089362,0.000184,0.206426,0.1913,0.144733
ACCCTTGCCTGGGTCG-1,0.000049,0.000049,0.000049,0.619719,0.116435,0.066686,0.012113,0.000575,0.184325
ACCGAAGAGTCTGGTT-1,0.015802,0.00003,0.29646,0.242647,0.14667,0.159647,0.054614,0.001322,0.082808
ACCGACACATCTCCCA-1,0.000052,0.000052,0.67236,0.184441,0.141779,0.000072,0.000052,0.000052,0.001141
ACCGACTGAGTCCCAC-1,0.000086,0.000086,0.284185,0.081937,0.506561,0.000086,0.000086,0.076133,0.050841
ACCGAGTCTCCTTATT-1,0.061034,0.000044,0.021321,0.094695,0.34143,0.479279,0.000044,0.000044,0.002109
ACCGATAGGCATAACC-1,0.400909,0.000045,0.496937,0.000045,0.101842,0.000045,0.000045,0.000045,0.000089
ACCGATATTTAATCAT-1,0.759501,0.00007,0.00007,0.00007,0.162071,0.01862,0.028759,0.00007,0.030767
ACCGATGGTAGCATCG-1,0.006199,0.000032,0.611614,0.033812,0.132565,0.007204,0.006098,0.005468,0.197009
ACCGCAATAACTGCCT-1,0.029287,0.000038,0.401879,0.04824,0.223269,0.055755,0.04956,0.025931,0.166042
ACCGCGGTGGAAGTCG-1,0.112038,0.000061,0.000061,0.010351,0.8745,0.002747,0.000061,0.000061,0.000121
ACCGCTAGTCATTGGT-1,0.00003,0.00003,0.238722,0.055154,0.009852,0.620009,0.005089,0.00003,0.071085
ACCGGGCCTTTGTTGA-1,0.061608,0.000062,0.052469,0.007322,0.790837,0.074194,0.000062,0.000062,0.013382
ACCGGTCAGGTACACC-1,0.000014,0.002593,0.126566,0.089843,0.000531,0.276305,0.196718,0.01845,0.288979
ACCGTCCACTGGGCCC-1,0.142325,0.000016,0.054625,0.000016,0.066865,0.373247,0.355913,0.000016,0.006978
ACCGTGACCACGTGGG-1,0.030736,0.000019,0.153891,0.000019,0.000975,0.005299,0.254596,0.014221,0.540245
ACCTAAGTACCTTTCA-1,0.037141,0.000065,0.107501,0.324701,0.171837,0.027392,0.000065,0.001387,0.329911
ACCTAATCGACTTCCT-1,0.000029,0.000029,0.000029,0.109244,0.000059,0.000029,0.000967,0.039518,0.850095
ACCTACAGTATGTGGT-1,0.458804,0.000052,0.000052,0.009754,0.427598,0.000106,0.103479,0.000052,0.000103
ACCTACTATAAATCTA-1,0.110548,0.000073,0.005381,0.027245,0.569685,0.204122,0.03503,0.024465,0.023452
ACCTCAGCGAGGCGCA-1,0.175096,0.000057,0.000057,0.000057,0.410159,0.020579,0.336192,0.000057,0.057746
ACCTCCGCCCTCGCTG-1,0.39122,0.000048,0.169638,0.056235,0.294532,0.088136,0.000048,0.000048,0.000095
ACCTCCGTTATTCACC-1,0.203206,0.000065,0.030805,0.0513,0.478939,0.144721,0.087266,0.003568,0.00013
ACCTCGAACTTATGCT-1,0.000013,0.000013,0.185689,0.000013,0.000026,0.1086,0.347919,0.001407,0.356319
ACCTGCGTGTCATGTT-1,0.000045,0.000045,0.013622,0.462871,0.093162,0.026692,0.021584,0.042088,0.339892
ACGAAATGGGCGGCAC-1,0.000032,0.000032,0.000032,0.206716,0.000064,0.001059,0.04942,0.115885,0.626762
ACGACCCATGAGTTGC-1,0.418524,0.000019,0.000019,0.000019,0.000039,0.000019,0.526689,0.002068,0.052603
ACGACTCTAGGGCCGA-1,0.099309,0.000017,0.049264,0.000017,0.10185,0.32999,0.413672,0.000379,0.005501
