Barcode,Topic 1,Topic 2to3,Topic 4,Topic 5,Topic 6to7,Topic 8,Topic 9,Topic 10
AAACAACGAATAGTTC-1,0.350578,0.000115,0.000058,0.000058,0.000115,0.239175,0.336648,0.073253
AAACAAGTATCTCCCA-1,0.000033,0.365859,0.034788,0.130749,0.120324,0.20691,0.118643,0.022694
AAACAATCTACTAGCA-1,0.061368,0.000166,0.000083,0.000083,0.000166,0.148133,0.679453,0.110547
AAACACCAATAACTGC-1,0.109702,0.43764,0.174686,0.002065,0.179552,0.010654,0.008972,0.07673
AAACAGAGCGACTCCT-1,0.096233,0.227885,0.187903,0.002157,0.088808,0.380445,0.00012,0.01645
AAACAGCTTTCAGAAG-1,0.071861,0.110042,0.456799,0.132558,0.126325,0.048798,0.046183,0.007434
AAACAGGGTCTATATT-1,0.165877,0.068059,0.178798,0.233339,0.070454,0.048604,0.224729,0.010141
AAACAGTGTTCCTGGG-1,0.105965,0.001694,0.014439,0.347183,0.20614,0.043832,0.132875,0.147872
AAACATGGTGAGAGGA-1,0.943187,0.000048,0.000024,0.000024,0.000048,0.000024,0.007275,0.049369
AAACATTTCCCGGATT-1,0.04953,0.091985,0.00998,0.000076,0.03694,0.187479,0.215772,0.408238
AAACCCGAACGAAATC-1,0.00041,0.24012,0.093703,0.220533,0.284008,0.033531,0.071434,0.056261
AAACCGGAAATGTTAA-1,0.020439,0.032143,0.042172,0.491963,0.145113,0.097664,0.15766,0.012846
AAACCGGGTAGGTACC-1,0.027612,0.082601,0.145754,0.003885,0.44761,0.000029,0.202935,0.089574
AAACCGTTCGTCCAGG-1,0.012203,0.130636,0.432026,0.044792,0.29149,0.005076,0.079202,0.004576
AAACCTAAGCAGCCGG-1,0.072964,0.000051,0.000026,0.017145,0.000051,0.669199,0.23568,0.004884
AAACCTCATGAAGTTG-1,0.000016,0.09486,0.400296,0.004337,0.453151,0.000016,0.032844,0.014482
AAACGAAGAACATACC-1,0.172321,0.00013,0.000065,0.000065,0.00013,0.010389,0.591621,0.225278
AAACGAAGATGGAGTA-1,0.625824,0.035783,0.247957,0.002427,0.039415,0.048541,0.000026,0.000026
AAACGAGACGGTTGAT-1,0.001447,0.732957,0.011478,0.000036,0.01639,0.016813,0.172782,0.048097
AAACGCTGGGCACGAC-1,0.045735,0.062828,0.047292,0.087565,0.372477,0.033404,0.000528,0.350171
AAACGGGCGTACGGGT-1,0.024252,0.128432,0.151225,0.0653,0.26041,0.092222,0.214641,0.063517
AAACGGGTTGGTATCC-1,0.00408,0.000144,0.000072,0.000072,0.000144,0.514419,0.455278,0.025792
AAACGGTTGCGAACTG-1,0.009005,0.080332,0.082821,0.285808,0.082389,0.086262,0.284186,0.089198
AAACGTGTTCGCCCTA-1,0.024099,0.00017,0.000085,0.000085,0.00017,0.250658,0.322652,0.402081
AAACTCGGTTCGCAAT-1,0.009536,0.482041,0.149632,0.075986,0.175822,0.023926,0.029859,0.053197
AAACTCGTGATATAAG-1,0.000078,0.209365,0.000078,0.000078,0.000156,0.139404,0.272559,0.378281
AAACTGCTGGCTCCAA-1,0.136073,0.247219,0.19346,0.045279,0.043881,0.27673,0.034486,0.022872
AAACTTAATTGCACGC-1,0.677477,0.082101,0.007795,0.00004,0.100304,0.118832,0.00004,0.013411
AAACTTGCAAACGTAT-1,0.103767,0.023135,0.352952,0.15187,0.075693,0.004718,0.282756,0.005108
AAAGAATGACCTTAGA-1,0.625049,0.066567,0.057732,0.004921,0.23625,0.003858,0.000018,0.005604
AAAGAATGTGGACTAA-1,0.00001,0.680953,0.159899,0.03159,0.109296,0.001334,0.006612,0.010307
AAAGACCCAAGTCGCG-1,0.000046,0.313813,0.005696,0.017272,0.020283,0.125177,0.492193,0.025519
AAAGACTGGGCGCTTT-1,0.012964,0.161172,0.162143,0.013752,0.568357,0.00002,0.039251,0.042341
AAAGCTTGCCTACATA-1,0.08275,0.014384,0.000526,0.353214,0.04802,0.033625,0.098595,0.368885
AAAGGCCCTATAATAC-1,0.078207,0.16764,0.248205,0.095892,0.303624,0.070121,0.001285,0.035026
AAAGGCTACGGACCAT-1,0.000011,0.048385,0.886744,0.008311,0.056516,0.000011,0.000011,0.000011
AAAGGCTCTCGCGCCG-1,0.000039,0.241835,0.280044,0.004769,0.313941,0.000039,0.044566,0.114767
AAAGGGATGTAGCAAG-1,0.000035,0.4327,0.21287,0.019796,0.123992,0.018516,0.183564,0.008527
AAAGGGCAGCTTGAAT-1,0.045307,0.034485,0.273298,0.062115,0.037233,0.179828,0.367705,0.00003
AAAGGTAAGCTGTACC-1,0.070917,0.090576,0.139359,0.067967,0.43149,0.078781,0.106219,0.014692
AAAGTAGCATTGCTCA-1,0.162466,0.078688,0.19894,0.060918,0.156976,0.00003,0.267457,0.074525
AAAGTCACTGATGTAA-1,0.000043,0.810584,0.024898,0.000043,0.021537,0.006502,0.130466,0.005927
AAAGTCGACCCTCAGT-1,0.00001,0.010829,0.682648,0.020929,0.250151,0.022399,0.013025,0.00001
AAAGTGCCATCAATTA-1,0.027402,0.185691,0.226774,0.104606,0.441368,0.001504,0.001314,0.011342
AAAGTGTGATTTATCT-1,0.00012,0.00024,0.036675,0.00012,0.00024,0.962365,0.00012,0.00012
AAAGTTGACTCCCGTA-1,0.000073,0.279095,0.127964,0.007927,0.115089,0.469707,0.000073,0.000073
AAATAACCATACGGGA-1,0.173061,0.000135,0.000067,0.000067,0.000135,0.23233,0.581819,0.012385
AAATAAGGTAGTGCCC-1,0.019645,0.490637,0.167122,0.115098,0.102381,0.079791,0.012797,0.01253
AAATACCTATAAGCAT-1,0.00003,0.378242,0.32462,0.024812,0.029847,0.081286,0.135565,0.025598
AAATAGCTTAGACTTT-1,0.134331,0.022771,0.000057,0.005785,0.000114,0.023152,0.463951,0.349838
AAATAGGGTGCTATTG-1,0.000038,0.640844,0.200959,0.000038,0.00736,0.030647,0.096525,0.023591
AAATCCGATACACGCC-1,0.026621,0.105292,0.114081,0.113661,0.329637,0.203018,0.081589,0.026102
AAATCGCGGAAGGAGT-1,0.880972,0.000044,0.016036,0.002444,0.003514,0.096946,0.000022,0.000022
AAATCGTGTACCACAA-1,0.019652,0.269556,0.366789,0.000076,0.11071,0.233064,0.000076,0.000076
AAATCTAGCCCTGCTA-1,0.011495,0.029871,0.016774,0.037813,0.044285,0.117226,0.597263,0.145273
AAATCTGCCCGCGTCC-1,0.445065,0.103884,0.128807,0.000022,0.320686,0.000022,0.000022,0.001493
AAATGACTGATCAAAC-1,0.000229,0.026962,0.008422,0.587231,0.057812,0.120112,0.169746,0.029486
AAATGATTCGATCAGC-1,0.021697,0.000102,0.000051,0.001886,0.000102,0.35516,0.562315,0.058688
AAATGCTCGTTACGTT-1,0.023403,0.011484,0.001754,0.049069,0.043128,0.000056,0.863594,0.007512
AAATGGCATGTCTTGT-1,0.000049,0.840486,0.03411,0.000049,0.001128,0.048498,0.073357,0.002323
AAATGGCCCGTGCCCT-1,0.235413,0.001667,0.015411,0.117531,0.010584,0.101193,0.517659,0.000541
AAATGGTCAATGTGCC-1,0.000051,0.113638,0.216278,0.013641,0.17929,0.016713,0.443437,0.016954
AAATGTATCTTATCCC-1,0.003286,0.016505,0.422856,0.074029,0.444859,0.022999,0.012944,0.002523
AAATGTGGGTGCTCCT-1,0.733472,0.000099,0.000049,0.000049,0.000099,0.124791,0.138461,0.00298
AAATTAACGGGTAGCT-1,0.000077,0.268525,0.044676,0.000077,0.041339,0.000077,0.410832,0.234398
AAATTAATAAGCGCGA-1,0.043059,0.034338,0.108991,0.023508,0.344636,0.013412,0.26063,0.171425
AAATTACACGACTCTG-1,0.068601,0.000174,0.000087,0.000087,0.000174,0.039802,0.745541,0.145533
AAATTACCTATCGATG-1,0.209999,0.000184,0.065871,0.000092,0.000184,0.526073,0.183541,0.014057
AAATTCCAGGTCCAAA-1,0.000055,0.257084,0.012574,0.017995,0.222315,0.072147,0.061926,0.355904
AAATTGATAGTCCTTT-1,0.088994,0.001243,0.127902,0.174063,0.065445,0.147215,0.395105,0.000032
AAATTGCGGCGGTTCT-1,0.000039,0.496343,0.063861,0.025737,0.002812,0.101153,0.310016,0.000039
AAATTGGTGAGAAGCA-1,0.023633,0.000154,0.000077,0.000077,0.000154,0.02724,0.461823,0.486842
AAATTTACCGAAATCC-1,0.149394,0.204152,0.049414,0.110483,0.099633,0.219063,0.132812,0.035048
AAATTTGCGGGTGTGG-1,0.000012,0.035958,0.585156,0.000244,0.335888,0.000012,0.041896,0.000833
AACAACTGGTAGTTGC-1,0.05573,0.079511,0.060831,0.179774,0.098091,0.036755,0.489249,0.00006
AACAATACATTGTCGA-1,0.008951,0.002646,0.382105,0.167492,0.289086,0.096843,0.051749,0.001129
AACAATTACTCTACGC-1,0.029293,0.092309,0.241847,0.00744,0.319314,0.003792,0.18475,0.121255
AACACACGCTCGCCGC-1,0.029649,0.253942,0.187374,0.053336,0.144033,0.113878,0.197108,0.020679
AACACGACTGTACTGA-1,0.037598,0.297595,0.000076,0.000076,0.000153,0.032069,0.356299,0.276132
AACACGAGACGCGGCC-1,0.04952,0.229952,0.304121,0.029943,0.227581,0.004273,0.072897,0.081712
AACACGCGGCCGCGAA-1,0.020394,0.785023,0.003439,0.000033,0.012848,0.000033,0.144663,0.033566
AACAGCTGTGTGGCAA-1,0.320746,0.044139,0.277131,0.004731,0.214912,0.036749,0.000055,0.101537
AACAGGAAATCGAATA-1,0.000042,0.808471,0.041492,0.000042,0.005258,0.000042,0.105025,0.039628
AACAGGATGGGCCGCG-1,0.024856,0.027651,0.043315,0.189605,0.066385,0.005038,0.640206,0.002943
AACAGGTAGTATGGAT-1,0.000011,0.165107,0.732704,0.040507,0.061639,0.000011,0.000011,0.000011
AACATAGCGTGTATCG-1,0.08215,0.000508,0.000014,0.054915,0.011526,0.579252,0.062775,0.20886
AACATATCAACTGGTG-1,0.044397,0.170863,0.119556,0.020977,0.137117,0.107471,0.378569,0.021049
AACATCGATACGTCTA-1,0.265778,0.000192,0.000096,0.000096,0.000192,0.179644,0.52404,0.029962
AACATTGAAGTTGATC-1,0.122117,0.234255,0.046263,0.000961,0.309297,0.000028,0.001846,0.285233
AACATTGGTCAGCCGT-1,0.036953,0.229682,0.000089,0.000089,0.012773,0.011327,0.402951,0.306135
AACATTGTGACTCGAG-1,0.000015,0.068211,0.50232,0.093746,0.333949,0.000015,0.000511,0.001232
AACCAAGACTTCTCTG-1,0.000784,0.110573,0.370924,0.002776,0.457962,0.000016,0.054212,0.002754
AACCAGTATCACTCTT-1,0.074304,0.109441,0.251933,0.02951,0.138904,0.080073,0.134219,0.181616
AACCATAGGGTTGAAC-1,0.468159,0.228195,0.190181,0.004261,0.098008,0.000018,0.004158,0.007021
AACCATGGGATCGCTA-1,0.00003,0.46832,0.445572,0.029642,0.038309,0.00003,0.018066,0.00003
AACCCAGAGACGGAGA-1,0.013636,0.022266,0.054489,0.267892,0.013144,0.013323,0.564757,0.050492
AACCCATCCCATGATC-1,0.361587,0.243695,0.057815,0.000033,0.146507,0.000033,0.019365,0.170965
AACCCGACAACCCGTG-1,0.003273,0.037456,0.143175,0.151025,0.549033,0.08862,0.014199,0.013218
AACCCGAGCAGAATCG-1,0.011676,0.182597,0.107976,0.185854,0.148374,0.049157,0.183664,0.130702
AACCCGATAGGGCTTC-1,0.066385,0.052906,0.003506,0.236841,0.365696,0.125548,0.000508,0.148609
AACCCGCTGTATTCCA-1,0.00237,0.139553,0.059841,0.203656,0.378403,0.035549,0.05423,0.1264
AACCCTACTGTCAATA-1,0.058897,0.253273,0.174741,0.027822,0.118146,0.13022,0.201367,0.035533
AACCCTGGTGGAACCA-1,0.288896,0.100976,0.000052,0.000052,0.000103,0.09903,0.345347,0.165544
AACCGAGCTTGGTCAT-1,0.000027,0.499896,0.374234,0.013493,0.04539,0.003042,0.058534,0.005384
AACCGCTAAGGGATGC-1,0.020471,0.184991,0.302888,0.053807,0.088747,0.226935,0.106716,0.015444
AACCGTTGTGTTTGCT-1,0.000052,0.653032,0.162404,0.010027,0.070059,0.104323,0.000052,0.000052
AACCTAAAGCCGTCCG-1,0.076396,0.057477,0.187739,0.023189,0.235634,0.365428,0.007544,0.046594
AACCTCGCTTTAGCCC-1,0.079037,0.000105,0.000053,0.014824,0.000105,0.334003,0.525361,0.046511
AACCTGTCACGGAATT-1,0.000025,0.084458,0.043434,0.29772,0.254162,0.075041,0.232302,0.012857
AACCTTTAAATACGGT-1,0.000034,0.442651,0.207048,0.080434,0.113852,0.033926,0.108911,0.013144
AACCTTTACGACGTCT-1,0.141842,0.271302,0.074793,0.000164,0.015956,0.224717,0.080707,0.190519
AACGAAAGTCGTCCCA-1,0.788257,0.061289,0.02076,0.001173,0.052405,0.000043,0.009977,0.066096
AACGACCTCCTAGCCG-1,0.021203,0.199136,0.053919,0.220481,0.274942,0.017098,0.022386,0.190834
AACGATAATGCCGTAG-1,0.000024,0.493368,0.365722,0.024947,0.036849,0.075243,0.003823,0.000024
AACGATAGAAGGGCCG-1,0.00703,0.284596,0.010907,0.027502,0.019422,0.160533,0.482392,0.007619
AACGATATGTCAACTG-1,0.000031,0.5194,0.257581,0.006771,0.001196,0.007369,0.20762,0.000031
AACGCATGATCTGGGT-1,0.058369,0.224943,0.36509,0.03928,0.077202,0.101242,0.129349,0.004525
AACGCGAACGGCAACA-1,0.000036,0.597076,0.212925,0.003767,0.072507,0.008837,0.010824,0.094028
AACGCGACCTTGGGCG-1,0.092051,0.117611,0.062573,0.098018,0.360743,0.013509,0.017061,0.238433
AACGCGGTCTCCAGCC-1,0.000044,0.503511,0.223589,0.043751,0.023274,0.06338,0.142145,0.000306
AACGCTGTTGCTGAAA-1,0.066165,0.273306,0.144723,0.085712,0.175695,0.140507,0.10101,0.012883
AACGGCCATCTCCGGT-1,0.000016,0.14986,0.407027,0.032246,0.319363,0.018646,0.065647,0.007195
AACGTACTGTGGGTAC-1,0.002644,0.238233,0.239933,0.019837,0.360167,0.000024,0.131249,0.007912
AACGTAGTCTACCCAT-1,0.35924,0.000185,0.000093,0.000093,0.000185,0.255983,0.384129,0.000093
AACGTCAGACTAGTGG-1,0.00006,0.413512,0.029226,0.00006,0.101179,0.00006,0.175045,0.280857
AACGTCATCCGGCTTG-1,0.007464,0.04798,0.017495,0.209575,0.210532,0.008953,0.022025,0.475974
AACGTCGCTGCACTTC-1,0.032233,0.188095,0.104875,0.149342,0.290144,0.068874,0.11588,0.050557
AACGTGATGAAGGACA-1,0.122434,0.000156,0.000078,0.000078,0.000156,0.375555,0.461973,0.039571
AACGTGCGAAAGTCTC-1,0.004017,0.472678,0.220325,0.080911,0.010728,0.015203,0.195315,0.000823
AACGTTATCAGCACCT-1,0.04881,0.016478,0.021613,0.148572,0.097095,0.115291,0.537298,0.014842
AACGTTCTACCATTGT-1,0.018589,0.091276,0.036763,0.047611,0.558082,0.155773,0.001294,0.090612
AACTACCCGTTTGTCA-1,0.000051,0.297222,0.022174,0.005033,0.164122,0.014056,0.129218,0.368124
AACTAGCGTATCGCAC-1,0.091786,0.023708,0.000095,0.000095,0.00019,0.06513,0.567069,0.251928
AACTAGGCTTGGGTGT-1,0.000035,0.465994,0.281542,0.01234,0.063991,0.000035,0.17336,0.002702
AACTCAAGTTAATTGC-1,0.043413,0.193926,0.05963,0.051704,0.257838,0.00003,0.356817,0.036643
AACTCCAGAGCGTGTT-1,0.044878,0.224073,0.217248,0.061193,0.119298,0.153316,0.144332,0.035662
AACTCCTAATCCCATG-1,0.184314,0.043257,0.000167,0.000167,0.000333,0.771429,0.000167,0.000167
AACTCGATAAACACGT-1,0.047675,0.508297,0.002153,0.00005,0.013136,0.004346,0.353812,0.07053
AACTCGATGGCGCAGT-1,0.044995,0.426814,0.251345,0.023692,0.053812,0.010472,0.14095,0.04792
AACTCTCAATAGAGCG-1,0.071832,0.124951,0.214592,0.017312,0.111601,0.126074,0.243069,0.090568
AACTCTCAGTGTGCTC-1,0.005916,0.223405,0.262391,0.025939,0.391949,0.012457,0.072316,0.005627
AACTGAGTTATACTGA-1,0.000011,0.037998,0.221454,0.278153,0.295008,0.010408,0.154654,0.002314
AACTGATATTAGGCCT-1,0.00005,0.491457,0.120596,0.00005,0.102509,0.01534,0.242489,0.027508
AACTGGGTCCCGACGT-1,0.000026,0.595582,0.123768,0.009262,0.018289,0.02292,0.228403,0.001751
AACTGGGTTCGAGCCG-1,0.057718,0.181811,0.160898,0.026637,0.069971,0.421301,0.000153,0.081511
AACTGGTGTGGGCCTT-1,0.000071,0.572619,0.000071,0.000071,0.000948,0.000071,0.185904,0.240244
AACTTCTGCGTCTATC-1,0.005104,0.017686,0.000073,0.000073,0.183621,0.000073,0.607382,0.185986
AACTTGCCCGTATGCA-1,0.042217,0.130986,0.01083,0.003395,0.473052,0.000037,0.291441,0.04804
AACTTGCGTTCTCGCG-1,0.000041,0.363659,0.185376,0.058858,0.185709,0.000041,0.162792,0.043525
AACTTTACGGGAGCTT-1,0.09659,0.104606,0.205218,0.022597,0.503897,0.000743,0.014389,0.05196
AACTTTAGCTGCTGAG-1,0.013211,0.00022,0.00011,0.00011,0.00022,0.095728,0.89029,0.00011
AACTTTCTCGATCATG-1,0.012464,0.001719,0.000037,0.171867,0.000075,0.403641,0.300845,0.109353
AAGAAAGTTTGATGGG-1,0.99943,0.000052,0.000026,0.000026,0.000052,0.000361,0.000026,0.000026
AAGAAATCACCAGATT-1,0.000012,0.249959,0.341353,0.085123,0.321351,0.002177,0.000012,0.000012
AAGAAGGATCAGTTAG-1,0.013362,0.188659,0.142914,0.224343,0.111958,0.021546,0.296027,0.001192
AAGACATACGTGGTTT-1,0.000016,0.104307,0.260126,0.3239,0.109738,0.059547,0.093695,0.048672
AAGACCAAATAACTCA-1,0.772223,0.000033,0.000017,0.010089,0.000033,0.216519,0.00107,0.000017
AAGACCCAACTGAACA-1,0.065155,0.124899,0.183944,0.196531,0.112409,0.020734,0.182872,0.113456
AAGACTAACCCGTTGT-1,0.000027,0.532079,0.387833,0.001052,0.01715,0.061806,0.000027,0.000027
AAGACTGCAAGCTACT-1,0.000034,0.31798,0.209668,0.046784,0.131629,0.013842,0.280029,0.000034
AAGAGATGAATCGGTA-1,0.024867,0.105224,0.50143,0.019852,0.251201,0.000022,0.09456,0.002844
AAGAGCTCTTTATCGG-1,0.000036,0.613608,0.219909,0.014544,0.026004,0.079438,0.046328,0.000132
AAGAGGATGTACGCGA-1,0.037759,0.12762,0.088786,0.000625,0.467835,0.000032,0.254439,0.022904
AAGAGGCATGGATCGC-1,0.000028,0.492228,0.1119,0.033432,0.02052,0.074117,0.262422,0.005354
AAGAGGCCCTTTGGAA-1,0.000019,0.29334,0.325631,0.063438,0.31393,0.003605,0.000019,0.000019
AAGATGGCACCGGACC-1,0.046275,0.078248,0.409324,0.096553,0.264807,0.095234,0.005536,0.004022
AAGATTGGCGGAACGT-1,0.175259,0.000113,0.000056,0.000056,0.000113,0.346695,0.477652,0.000056
AAGCACCCTGCGTATC-1,0.000017,0.514953,0.463975,0.019346,0.00136,0.000017,0.000316,0.000017
AAGCATACTCTCCTGA-1,0.000017,0.355519,0.448576,0.072626,0.052974,0.014703,0.054288,0.001297
AAGCCACTTGCAGGTA-1,0.063215,0.097329,0.075067,0.008273,0.372862,0.023891,0.007997,0.351366
AAGCCGAAGCGGTTTA-1,0.000024,0.413198,0.493305,0.009523,0.053795,0.018731,0.0114,0.000024
AAGCCGCCGTGAAATC-1,0.050012,0.100043,0.050012,0.050011,0.100027,0.050009,0.549867,0.050018
AAGCCGCTTTACCTTG-1,0.000035,0.19848,0.000035,0.162509,0.043357,0.140822,0.09941,0.355353
AAGCCGGAGAGCAGGA-1,0.006934,0.073966,0.043553,0.254132,0.365313,0.000193,0.152636,0.103274
AAGCGCAGGGCTTTGA-1,0.001225,0.515428,0.020322,0.023153,0.046354,0.032815,0.126813,0.23389
AAGCGGAGTGCGCGCA-1,0.000024,0.533793,0.000057,0.043089,0.096026,0.18298,0.000024,0.144007
AAGCGGCGTCATGGGT-1,0.094402,0.136208,0.085607,0.007654,0.345241,0.099886,0.180868,0.050134
AAGCGTCCCTCATCGA-1,0.000015,0.015157,0.45843,0.016544,0.326058,0.000015,0.179773,0.004007
AAGCTAGATCGAGTAA-1,0.000013,0.128993,0.568517,0.098391,0.008544,0.000766,0.194763,0.000013
AAGCTATGGATTGACC-1,0.999682,0.000059,0.00003,0.00003,0.000059,0.00003,0.00003,0.000082
AAGCTCGTGCCAAGTC-1,0.000034,0.627676,0.142365,0.000034,0.089108,0.013813,0.10149,0.02548
AAGCTCTTTCATGGTG-1,0.021512,0.281003,0.005964,0.00007,0.000139,0.106526,0.480551,0.104236
AAGGAGAACTTATAAG-1,0.248584,0.000117,0.000058,0.000058,0.000117,0.282292,0.375699,0.093076
AAGGAGCGGTTGGTGC-1,0.000065,0.013793,0.000065,0.000065,0.01826,0.000065,0.819183,0.148502
AAGGATCGATCGCTTG-1,0.000022,0.344579,0.273742,0.237453,0.009889,0.013482,0.120812,0.000022
AAGGATGAGGGACCTC-1,0.000057,0.000114,0.000057,0.000057,0.000114,0.328656,0.670889,0.000057
AAGGCAGGCTGTCTCC-1,0.000024,0.225887,0.174912,0.060936,0.255805,0.007513,0.087463,0.187461
AAGGCGCGTAAAGCTT-1,0.009328,0.35988,0.0345,0.000045,0.10914,0.000032,0.420069,0.067006
AAGGCTGTGCTCATCG-1,0.007854,0.391719,0.278406,0.006476,0.10609,0.000039,0.183593,0.025823
AAGGGAACGACTGGCT-1,0.153697,0.085908,0.012324,0.000025,0.084539,0.000025,0.157564,0.505919
AAGGGACAGATTCTGT-1,0.327183,0.126068,0.029709,0.000096,0.043421,0.128111,0.188157,0.157255
AAGGGACTATGCATTC-1,0.087196,0.021384,0.335149,0.037272,0.329227,0.054332,0.040122,0.095317
AAGGGTTAGCCATGCG-1,0.012756,0.161672,0.061563,0.083055,0.343691,0.035051,0.04902,0.253192
AAGGGTTTGATTTCAG-1,0.892834,0.000062,0.000031,0.000031,0.000062,0.001566,0.105381,0.000031
AAGGTATCCTAATATA-1,0.095184,0.509637,0.027252,0.00305,0.000109,0.167633,0.155024,0.042111
AAGGTGATAAACCAGC-1,0.047012,0.288564,0.079514,0.012381,0.106305,0.300108,0.15879,0.007326
AAGTAAGCTTCCAAAC-1,0.276159,0.000164,0.000082,0.000082,0.000164,0.140812,0.413262,0.169274
AAGTAGAAGACCGGGT-1,0.046543,0.067316,0.030509,0.219423,0.037925,0.077623,0.456466,0.064196
AAGTAGTGACGCGAGG-1,0.023159,0.074791,0.485612,0.065725,0.253992,0.000178,0.094631,0.001912
AAGTCAATTGTCGTCA-1,0.02393,0.000137,0.000069,0.000069,0.000137,0.188189,0.581015,0.206453
AAGTCTAGTAGCTGCC-1,0.000029,0.075807,0.006053,0.287419,0.154136,0.115105,0.050459,0.310993
AAGTCTTCTGTGGCCT-1,0.139618,0.081751,0.028989,0.039704,0.143627,0.06644,0.322925,0.176947
AAGTGACGACCGAATT-1,0.033271,0.133201,0.063404,0.000036,0.595719,0.000036,0.089484,0.08485
AAGTGAGTCGGGTTTA-1,0.066809,0.075865,0.210541,0.082067,0.30353,0.024076,0.063073,0.174041
AAGTGCAAAGGTAGAC-1,0.023339,0.147847,0.151885,0.015568,0.571633,0.004986,0.070039,0.014702
AAGTGCCTTGACTGTA-1,0.035132,0.16865,0.035686,0.062555,0.081613,0.064446,0.489967,0.061951
AAGTGCGTTAGAATCT-1,0.130974,0.088908,0.069536,0.030145,0.336708,0.000033,0.279889,0.063806
AAGTGCTTCTCTATTG-1,0.013912,0.049799,0.057076,0.171577,0.426642,0.067571,0.047735,0.165688
AAGTGTTTGGAGACGG-1,0.000038,0.522646,0.229841,0.008529,0.001085,0.074974,0.161841,0.001045
AAGTTCACTCCAAGCT-1,0.013096,0.320836,0.107223,0.000426,0.053116,0.314423,0.075728,0.115152
AAGTTCAGTCTGCGTA-1,0.052025,0.136685,0.19151,0.026834,0.171157,0.130263,0.236452,0.055074
AAGTTCGGCCAACAGG-1,0.059237,0.104699,0.423513,0.007914,0.339349,0.017786,0.039458,0.008044
AAGTTGTGATGTTATA-1,0.000015,0.351977,0.361766,0.169641,0.027174,0.029547,0.059864,0.000015
AAGTTTACTAATGGCA-1,0.004861,0.000119,0.000059,0.000059,0.000119,0.437955,0.556769,0.000059
AAGTTTATGGGCCCAA-1,0.00002,0.48872,0.054827,0.074033,0.177196,0.001775,0.145597,0.057833
AATAACAACGCTCGGC-1,0.036248,0.059765,0.45632,0.096203,0.166009,0.019924,0.163337,0.002193
AATAACACTAGAACAA-1,0.022739,0.071974,0.163468,0.015857,0.438995,0.001168,0.251067,0.034732
AATAACGTCGCGCCCA-1,0.018988,0.094739,0.089401,0.234988,0.355441,0.10611,0.054436,0.045897
AATAAGTCCTCGAGAC-1,0.147001,0.000137,0.000069,0.000069,0.000137,0.385241,0.151003,0.316344
AATAATCTTCGTATCG-1,0.02052,0.172253,0.20656,0.190221,0.352422,0.014074,0.003246,0.040704
AATACAATGTTTCAGG-1,0.000022,0.087324,0.472374,0.011119,0.428992,0.000022,0.000127,0.000022
AATACCGGAGGGCTGT-1,0.211413,0.029565,0.117607,0.132665,0.421507,0.012917,0.051265,0.023061
AATACCTGATGTGAAC-1,0.009418,0.195774,0.000023,0.014132,0.036709,0.068417,0.149348,0.526178
AATAGAACAGAGTGGC-1,0.000012,0.006326,0.736726,0.058841,0.08902,0.001187,0.107878,0.000012
AATAGAATCTGTTTCA-1,0.021566,0.076586,0.022906,0.000108,0.028338,0.401931,0.437867,0.010698
AATAGCTACCGCGTGC-1,0.089092,0.011736,0.000079,0.000079,0.050214,0.394154,0.289914,0.164731
AATAGGCACGACCCTT-1,0.026459,0.031264,0.02835,0.082156,0.617494,0.075051,0.031595,0.107632
AATAGTCCGTCCCGAC-1,0.010025,0.219696,0.17852,0.052977,0.229364,0.026812,0.232921,0.049685
AATAGTCGCGAGTCGG-1,0.015313,0.015883,0.530707,0.020687,0.416923,0.000008,0.000473,0.000008
AATATCAAGGTCGGAT-1,0.00003,0.333042,0.225622,0.081753,0.02262,0.050711,0.286193,0.00003
AATATCCTAGCAAACT-1,0.480761,0.189879,0.03422,0.050386,0.122715,0.055534,0.010535,0.05597
AATATCGAATCAATGC-1,0.000016,0.49996,0.354887,0.076248,0.058093,0.010339,0.000016,0.000441
AATATCGAGGGTTCTC-1,0.093305,0.060322,0.14536,0.036791,0.153446,0.296321,0.178335,0.036119
AATATTGGAGTATTGA-1,0.00002,0.086858,0.458594,0.000215,0.428013,0.00002,0.024998,0.001281
AATCAGACTGCAGGAC-1,0.000029,0.684313,0.174302,0.043577,0.019192,0.024922,0.053636,0.000029
AATCAGGTTTCATTTA-1,0.126984,0.058501,0.069109,0.253608,0.27903,0.012438,0.085635,0.114694
AATCATGTAAAGACTC-1,0.15097,0.057218,0.00007,0.00007,0.000141,0.30779,0.317804,0.165936
AATCCAAGGGCCTGAG-1,0.037728,0.373688,0.121647,0.033582,0.154702,0.023094,0.230655,0.024904
AATCCATGCAAGGGTG-1,0.000044,0.115166,0.031935,0.119145,0.059215,0.050913,0.617723,0.005859
AATCCCGCTCAGAGCC-1,0.010896,0.082496,0.151424,0.208382,0.423455,0.021789,0.002537,0.09902
AATCGAGGTCTCAAGG-1,0.011498,0.031372,0.000016,0.033315,0.059102,0.339864,0.000816,0.524015
AATCGCCTCAGCGCCA-1,0.003321,0.489516,0.039915,0.002046,0.000793,0.084792,0.34918,0.030436
AATCGCGCAGAGGACT-1,0.00003,0.364137,0.084401,0.073434,0.204933,0.021815,0.103462,0.147787
AATCGGGACACTACGA-1,0.000073,0.471154,0.000073,0.000073,0.000146,0.033424,0.339882,0.155174
AATCGGTATAGCCCTC-1,0.000019,0.438816,0.207314,0.115197,0.144224,0.000019,0.074243,0.020169
AATCGTGAGCCGAGCA-1,0.089962,0.000175,0.000088,0.000088,0.000175,0.879899,0.000088,0.029525
AATCTAGGTTTACTTG-1,0.145435,0.381241,0.045657,0.000046,0.1941,0.00003,0.020449,0.213043
AATCTATGCCGGAGCC-1,0.114447,0.000155,0.000078,0.000078,0.000155,0.121781,0.637754,0.125552
AATCTCTACTGTGGTT-1,0.045725,0.105896,0.300841,0.013581,0.422618,0.0014,0.069048,0.04089
AATCTGCGTTGGGACG-1,0.202038,0.000134,0.000067,0.000067,0.000134,0.463931,0.333564,0.000067
AATCTGGCTTTCTAGT-1,0.176401,0.130107,0.024275,0.026138,0.19099,0.010219,0.205843,0.236027
AATCTGGGTAGACCCT-1,0.072356,0.090364,0.280757,0.017656,0.130978,0.246628,0.053951,0.107309
AATGACAGCAATGTCT-1,0.024344,0.033327,0.575979,0.055468,0.181679,0.007011,0.122174,0.000019
AATGACGTAGGATGTC-1,0.000038,0.610625,0.196237,0.015089,0.01142,0.139301,0.027252,0.000038
AATGACTGTCAGCCGG-1,0.002785,0.141439,0.293356,0.060972,0.035004,0.000133,0.46627,0.000041
AATGAGTTCGCATATG-1,0.002409,0.196763,0.21912,0.047273,0.083879,0.053251,0.389977,0.007328
AATGATGATACGCTAT-1,0.212441,0.00018,0.00009,0.00009,0.00018,0.565295,0.221634,0.00009
AATGATGCGACTCCTG-1,0.069797,0.249648,0.163459,0.023476,0.227357,0.058627,0.193262,0.014374
AATGCAACCGGGTACC-1,0.000036,0.601068,0.13512,0.008773,0.029483,0.000036,0.195241,0.030242
AATGCACCAAGCAATG-1,0.087276,0.191994,0.207079,0.001913,0.14561,0.069209,0.287996,0.008925
AATGGTCCACCGTTCA-1,0.051591,0.079428,0.029711,0.001665,0.3909,0.000028,0.251985,0.194693
AATGGTTCTCACAAGC-1,0.017586,0.120373,0.010993,0.084627,0.069588,0.025601,0.588269,0.082964
AATGTATGGCACTGTA-1,0.763811,0.041201,0.000038,0.000038,0.01649,0.113518,0.000038,0.064865
AATGTGCCCGAGGTGT-1,0.041738,0.136712,0.22773,0.012158,0.339858,0.00003,0.192284,0.04949
AATGTGCTAATCTGAG-1,0.044628,0.002513,0.506299,0.073586,0.36398,0.002039,0.005443,0.001513
AATGTTAAGACCCTGA-1,0.037192,0.018141,0.000011,0.003864,0.008499,0.832017,0.007976,0.0923
AATGTTGTCGTGAGAC-1,0.000019,0.400716,0.044155,0.112058,0.392753,0.015427,0.014716,0.020157
AATTAAAGGTCGGCGT-1,0.000045,0.045351,0.172666,0.17781,0.06661,0.02535,0.504849,0.007319
AATTAACGGATTTCCA-1,0.012132,0.37265,0.273305,0.112206,0.029229,0.106588,0.076325,0.017566
AATTACGAGACCCATC-1,0.918801,0.000172,0.04338,0.027202,0.000866,0.00132,0.008231,0.000027
AATTACTCGTACGCTC-1,0.001177,0.014489,0.074579,0.214676,0.002449,0.0696,0.622991,0.000039
AATTAGCGCTGCAGCG-1,0.000029,0.216455,0.44492,0.078105,0.124978,0.007014,0.089736,0.038764
AATTCATAAGGGATCT-1,0.055768,0.000267,0.000133,0.000133,0.000267,0.325447,0.351685,0.266299
AATTCATTGTCATGCA-1,0.784964,0.063064,0.000052,0.000052,0.088903,0.000052,0.000052,0.062862
AATTCCAACTTGGTGA-1,0.018791,0.103671,0.001483,0.00006,0.012223,0.471944,0.387443,0.004386
AATTCCAAGCATGTAC-1,0.000026,0.154021,0.300134,0.193658,0.195934,0.072726,0.061948,0.021554
AATTCGATTCGAGGAT-1,0.001755,0.09912,0.000057,0.013483,0.003403,0.31371,0.300267,0.268206
AATTCTAGAGTTAGGC-1,0.000024,0.186824,0.536309,0.080155,0.020585,0.070686,0.105393,0.000024
AATTGAACGCTCTGGT-1,0.00338,0.142027,0.056825,0.034456,0.000131,0.219386,0.5247,0.019095
AATTGCAGCAATCGAC-1,0.007924,0.091754,0.000032,0.050431,0.001401,0.063387,0.523158,0.261912
AATTGCGTGGATTACA-1,0.63234,0.036285,0.192276,0.001416,0.137584,0.000033,0.000033,0.000033
AATTGTGGTTGCCAAA-1,0.004301,0.129107,0.059842,0.226862,0.144096,0.03161,0.096366,0.307816
AATTTGGGACATAGTA-1,0.086471,0.060736,0.154802,0.000199,0.114511,0.169062,0.112557,0.301662
AATTTGGTTCCAAAGA-1,0.003761,0.395289,0.000313,0.000058,0.000116,0.038451,0.553039,0.008974
ACAAACCATGCGTCCT-1,0.451283,0.119457,0.151203,0.009673,0.245029,0.02274,0.00002,0.000595
ACAAACCGACAAGGCG-1,0.060938,0.005005,0.202198,0.000126,0.022877,0.708604,0.000126,0.000126
ACAAACTCCATCAGAG-1,0.00819,0.095763,0.057629,0.100478,0.691674,0.018795,0.000019,0.027451
ACAAAGAAGGTAGGCC-1,0.33905,0.145792,0.03197,0.007083,0.190687,0.000022,0.024608,0.260788
ACAAAGCATGACCTAG-1,0.099537,0.061597,0.000042,0.000138,0.004526,0.076459,0.183226,0.574475
ACAAATCGCACCGAAT-1,0.008656,0.40296,0.043724,0.001887,0.039247,0.177022,0.265863,0.060641
ACAAATGGTAGTGTTT-1,0.022175,0.132588,0.000084,0.000084,0.014188,0.32121,0.436798,0.072873
ACAACAGCATGAGCTA-1,0.000029,0.426879,0.370841,0.091899,0.013193,0.005386,0.090944,0.00083
ACAACGGTCCCTGCGA-1,0.039063,0.186407,0.015285,0.000076,0.076664,0.020151,0.342186,0.320169
ACAAGCAGTGCCTAGC-1,0.000358,0.137726,0.306687,0.014071,0.296787,0.027793,0.111516,0.105062
ACAAGCTATATGGAAG-1,0.153461,0.090138,0.07098,0.023459,0.442495,0.17755,0.000024,0.041892
ACAAGGAAATCCGCCC-1,0.000017,0.265971,0.45294,0.175765,0.009278,0.07974,0.01627,0.000017
ACAAGGACAAGAGGTT-1,0.000017,0.125302,0.443461,0.036111,0.328971,0.000017,0.066104,0.000017
ACAAGGATGCTTTAGG-1,0.085785,0.152457,0.109441,0.004317,0.09742,0.33625,0.19838,0.015951
ACAAGGGCAGGCTCTG-1,0.000027,0.541301,0.173472,0.062567,0.006237,0.083273,0.133096,0.000027
ACAAGTAATTGTAAGG-1,0.098106,0.169536,0.162226,0.052584,0.412951,0.102295,0.000008,0.002295
ACAATAGTCGTACGTT-1,0.089043,0.023679,0.035797,0.04747,0.162881,0.024524,0.587759,0.028846
ACAATCCATTTAAACC-1,0.017987,0.175165,0.168776,0.004113,0.351161,0.000023,0.177476,0.105298
ACAATCGATCTTTATA-1,0.128807,0.000104,0.000052,0.000052,0.000104,0.56625,0.304579,0.000052
ACAATGAATACGGAGA-1,0.095675,0.190439,0.239387,0.068043,0.101196,0.083345,0.143509,0.078406
ACAATTGTGTCTCTTT-1,0.035463,0.213643,0.080838,0.002104,0.08139,0.37636,0.194374,0.015828
ACAATTTAGGAGGCTC-1,0.000014,0.054172,0.412658,0.008614,0.497627,0.000014,0.02199,0.00491
ACAATTTGAGCAGTGG-1,0.000085,0.027273,0.000085,0.000085,0.000169,0.000085,0.503067,0.469151
ACAATTTGGCCATATT-1,0.038667,0.099145,0.063997,0.161,0.228131,0.01313,0.222361,0.173569
ACACAAAGACGGGTGG-1,0.001855,0.38064,0.057035,0.026415,0.050101,0.115776,0.285329,0.08285
ACACAAATATTCCTAG-1,0.00002,0.728532,0.005097,0.021658,0.156332,0.067956,0.00002,0.020385
ACACACCAGGACCAGT-1,0.132949,0.116789,0.012325,0.000065,0.00013,0.379815,0.344717,0.013208
ACACACTTTCTACACG-1,0.000046,0.772814,0.148933,0.016541,0.004476,0.01989,0.037254,0.000046
ACACATGATCAAATCT-1,0.243678,0.142074,0.080584,0.06311,0.130021,0.029649,0.17772,0.133164
ACACATTGACGCAACA-1,0.000034,0.081525,0.008779,0.119863,0.009658,0.123549,0.629258,0.027335
ACACATTTCCGTAGAC-1,0.009499,0.176779,0.017016,0.228482,0.164645,0.090856,0.129158,0.183564
ACACCACATAATTAGC-1,0.000022,0.393309,0.266813,0.068825,0.255124,0.006662,0.000022,0.009224
ACACCCAGCATGCAGC-1,0.000066,0.460311,0.012473,0.001117,0.09276,0.000066,0.377237,0.05597
ACACCCGAGAAATCCG-1,0.000026,0.515342,0.252792,0.079345,0.029406,0.014425,0.099651,0.009013
ACACCGAGCGCTCTTT-1,0.000053,0.323709,0.011867,0.000053,0.10805,0.000053,0.195472,0.360744
ACACCGGTCTGACCGC-1,0.693942,0.059204,0.025325,0.010042,0.135281,0.000022,0.009181,0.067003
ACACCTTAAGTAGGGC-1,0.000057,0.42446,0.032344,0.027187,0.192245,0.000057,0.10352,0.22013
ACACCTTACTACTTGC-1,0.000025,0.496762,0.250285,0.102849,0.136376,0.000025,0.001066,0.012611
ACACGAGACTCCTTCT-1,0.000068,0.670413,0.066806,0.017313,0.020317,0.128782,0.077026,0.019273
ACACGGCACTATGCAT-1,0.127757,0.000224,0.000112,0.000112,0.000224,0.012998,0.670263,0.18831
ACACGGGAACTTAGGG-1,0.000032,0.561046,0.365082,0.000363,0.007105,0.06631,0.000032,0.000032
ACACGTAGGCCACAAG-1,0.000023,0.431852,0.409233,0.049141,0.109682,0.000023,0.000023,0.000023
ACACTCCAATGTCACT-1,0.000055,0.026362,0.014623,0.024758,0.234082,0.185605,0.44424,0.070275
ACACTGATCAAGGTGT-1,0.061234,0.045677,0.268605,0.171758,0.16354,0.007726,0.276396,0.005064
ACACTGGGACAGTCGT-1,0.011348,0.089506,0.017885,0.09809,0.223717,0.069351,0.308302,0.181802
ACAGAACTGAGAACAA-1,0.350267,0.190546,0.116294,0.002096,0.198585,0.000026,0.06385,0.078336
ACAGATTAGGTTAGTG-1,0.008783,0.000159,0.000079,0.000079,0.000159,0.296009,0.694652,0.000079
ACAGCATAGAGCCAGT-1,0.000052,0.63454,0.024196,0.000052,0.000103,0.050043,0.286276,0.004738
ACAGCGACATTCTCAT-1,0.036235,0.000181,0.00009,0.00009,0.000181,0.003164,0.320849,0.639211
ACAGCGCACCCGCAGC-1,0.068348,0.000175,0.000088,0.000088,0.000175,0.0585,0.390642,0.481986
ACAGGAGGCGCAGCCG-1,0.074012,0.073295,0.0496,0.042405,0.041199,0.233936,0.451175,0.034378
ACAGGCACGGATCCTT-1,0.022668,0.140098,0.041672,0.044549,0.153062,0.563421,0.000042,0.034488
ACAGGCTTGCCCGACT-1,0.022916,0.107281,0.150267,0.046101,0.171821,0.346921,0.057166,0.097527
ACAGGTGGAGGTGAGG-1,0.000019,0.109063,0.392549,0.009862,0.416731,0.000019,0.055983,0.015775
ACAGGTGTGTTGTTGC-1,0.099769,0.081294,0.147775,0.054325,0.352038,0.093793,0.023891,0.147115
ACAGTAATACAACTTG-1,0.248807,0.21688,0.306667,0.004203,0.17954,0.000026,0.01144,0.032438
ACAGTATACCGTGGGA-1,0.000041,0.400684,0.06695,0.00055,0.180754,0.350938,0.000041,0.000041
ACATAAGTCGTGGTGA-1,0.536911,0.000085,0.000042,0.002446,0.000085,0.013855,0.409958,0.036617
ACATAATAAGGCGGTG-1,0.00006,0.559194,0.088024,0.00006,0.037829,0.00754,0.248774,0.058519
ACATACAATCAAGCGG-1,0.051189,0.002693,0.000837,0.125984,0.002995,0.689195,0.102731,0.024373
ACATCAGCTGGGACGC-1,0.096574,0.076425,0.209008,0.083953,0.474427,0.011435,0.016235,0.031943
ACATCCCGGCCATACG-1,0.008119,0.110908,0.085815,0.023048,0.18119,0.005493,0.468208,0.11722
ACATCCTGGTAACTGT-1,0.053488,0.000131,0.000065,0.000065,0.000131,0.364422,0.466987,0.11471
ACATCGATCGTTTACC-1,0.030516,0.055971,0.661706,0.052939,0.008279,0.007621,0.182934,0.000034
ACATCGCAATATTCGG-1,0.12877,0.000023,0.001061,0.176077,0.027599,0.365753,0.254719,0.045998
ACATCGGTCAGCCGCG-1,0.033468,0.164584,0.211837,0.012471,0.409693,0.000024,0.163209,0.004714
ACATCGTATGCAATGG-1,0.008635,0.332299,0.046513,0.029645,0.039195,0.161352,0.37453,0.00783
ACATCGTTAACCTAGT-1,0.134444,0.000243,0.000122,0.000122,0.000243,0.179536,0.554741,0.130549
ACATCTCAACGCGTAA-1,0.228289,0.103437,0.00008,0.00008,0.000159,0.346536,0.140524,0.180895
ACATGCTTACGGCAGC-1,0.544637,0.025743,0.000029,0.023911,0.011348,0.161319,0.178801,0.054213
ACATGGCGCCAAAGTA-1,0.01045,0.054231,0.000064,0.000064,0.047127,0.118888,0.414834,0.354343
ACATGGCTCAATTTAG-1,0.021804,0.510147,0.002923,0.00006,0.018442,0.00006,0.308519,0.138045
ACATTAGTTTATATCC-1,0.000029,0.196132,0.381302,0.072926,0.100034,0.00042,0.246686,0.00247
ACATTCGCGCGGAATA-1,0.145461,0.059436,0.136758,0.124974,0.515962,0.00661,0.000014,0.010784
ACATTTGAAACCTAAC-1,0.040784,0.000046,0.000023,0.011212,0.000046,0.329381,0.393949,0.22456
ACCAAACACCCAGCGA-1,0.072335,0.000152,0.000076,0.000076,0.000152,0.262459,0.392954,0.271796
ACCAAACTAGAAATCC-1,0.291289,0.000097,0.000048,0.000048,0.000097,0.293074,0.349733,0.065614
ACCAACACCACACACT-1,0.057587,0.000152,0.000076,0.000076,0.000152,0.411291,0.33285,0.197817
ACCAACCGCACTCCAC-1,0.073116,0.049297,0.026044,0.120333,0.027142,0.377661,0.183443,0.142963
ACCAACGCTTATTTAT-1,0.000025,0.094024,0.362938,0.004755,0.405326,0.000025,0.07025,0.062659
ACCAAGAACGCGTGTC-1,0.00003,0.64942,0.225105,0.020201,0.051293,0.006696,0.047225,0.00003
ACCAAGTCATCGGCAG-1,0.060439,0.494914,0.148508,0.044775,0.135116,0.002141,0.047383,0.066724
ACCAATATGCAAGTTA-1,0.000029,0.263324,0.151683,0.022167,0.000058,0.140999,0.421711,0.000029
ACCACAACTCAGAACA-1,0.193695,0.010369,0.075008,0.006258,0.157834,0.38164,0.000092,0.175104
ACCACAAGTTTCTATC-1,0.000071,0.301177,0.068075,0.000071,0.090933,0.022981,0.40291,0.113782
ACCACACGGTTGATGG-1,0.034732,0.119539,0.061792,0.148117,0.244558,0.238109,0.054979,0.098174
ACCACCAATGTAACAA-1,0.000031,0.617724,0.051534,0.017846,0.052343,0.192926,0.034273,0.033322
ACCACCCTCTCTTCTA-1,0.000052,0.534993,0.001199,0.001374,0.050178,0.000994,0.000052,0.411159
ACCACGTGCAGCTATA-1,0.022822,0.562143,0.142355,0.007817,0.032695,0.097662,0.116192,0.018316
ACCACTGTTCAAGAAG-1,0.000037,0.503031,0.133356,0.034605,0.123426,0.05595,0.142698,0.006896
ACCAGACCATAACAAC-1,0.009096,0.048642,0.680773,0.045281,0.21619,0.000006,0.000006,0.000006
ACCAGCCCGGTCTTTG-1,0.108083,0.002919,0.000095,0.000095,0.00019,0.472811,0.047299,0.368507
ACCAGGAGTGTGATCT-1,0.149497,0.000121,0.000061,0.000061,0.000121,0.397592,0.452488,0.000061
ACCAGTGCCCGGTCAA-1,0.072643,0.076084,0.110796,0.093368,0.390246,0.100474,0.125655,0.030736
ACCATATCCGCAATAA-1,0.017066,0.09436,0.14467,0.06188,0.111743,0.04083,0.418941,0.11051
ACCATCCGCCAACTAG-1,0.000009,0.109737,0.790188,0.015086,0.075476,0.000009,0.009486,0.000009
ACCATCGTATATGGTA-1,0.040019,0.218873,0.171896,0.000049,0.300789,0.000049,0.087506,0.180819
ACCATTAAGGGTGTCA-1,0.000033,0.293159,0.142664,0.036214,0.230796,0.000033,0.265464,0.031637
ACCCAACGCCCGTGGC-1,0.13401,0.000354,0.000066,0.000066,0.000132,0.137913,0.598533,0.128925
ACCCACCTACATGCTC-1,0.0359,0.134931,0.004656,0.00005,0.24458,0.00005,0.271778,0.308055
ACCCATCTTGAGGGTA-1,0.000036,0.218133,0.171509,0.005827,0.476999,0.000036,0.119246,0.008215
ACCCATTTGTCCCTCT-1,0.02458,0.059472,0.000071,0.041103,0.022277,0.3837,0.336726,0.132071
ACCCGAGCGAAATTAC-1,0.099253,0.173449,0.061806,0.000037,0.184289,0.000037,0.058615,0.422514
ACCCGATTGGTTCCGA-1,0.058776,0.062936,0.200251,0.036485,0.396028,0.016261,0.073933,0.155332
ACCCGGAAACTCCCAG-1,0.000022,0.306984,0.489439,0.027837,0.129007,0.022725,0.019315,0.004671
ACCCGGAGCACCACAA-1,0.036688,0.15861,0.066311,0.072689,0.330399,0.000024,0.0113,0.323978
ACCCGGATGACGCATC-1,0.038391,0.205405,0.191932,0.019699,0.047643,0.123784,0.30302,0.070127
ACCCGGTTACACTTCC-1,0.000398,0.013891,0.085068,0.140981,0.150915,0.029053,0.568254,0.01144
ACCCGTAGCAGAGAAT-1,0.91774,0.000072,0.000036,0.000036,0.000072,0.000036,0.000036,0.081972
ACCCGTAGTCTAGTTG-1,0.000011,0.199656,0.327001,0.051668,0.315792,0.016232,0.003883,0.085758
ACCCGTGTCATCAGTA-1,0.000036,0.172575,0.368127,0.032354,0.319679,0.000036,0.083152,0.024041
ACCCTATAGGACTGAG-1,0.000026,0.25639,0.58273,0.040365,0.048721,0.000026,0.071715,0.000026
ACCCTATGCCATATCG-1,0.061241,0.067468,0.182027,0.006551,0.498812,0.000032,0.133593,0.050276
ACCCTCCCGTCAGGGC-1,0.042248,0.11416,0.017022,0.007601,0.067412,0.14996,0.134285,0.467312
ACCCTCCCTTGCTATT-1,0.028678,0.000198,0.000099,0.000099,0.000198,0.353251,0.560351,0.057127
ACCCTGGTAACGCCCT-1,0.022944,0.000113,0.000056,0.005658,0.000113,0.235573,0.655855,0.079689
ACCCTTCATCTGCGAA-1,0.000055,0.47875,0.095118,0.052484,0.012983,0.089112,0.271445,0.000055
ACCCTTGCCTGGGTCG-1,0.000023,0.42696,0.242541,0.088411,0.238348,0.000548,0.000023,0.003146
ACCCTTTAGTTCTCCA-1,0.160032,0.020022,0.000143,0.000143,0.008737,0.649867,0.000143,0.160912
ACCGAAAGGGCCCTGC-1,0.000035,0.738882,0.15927,0.004491,0.025475,0.051561,0.020251,0.000035
ACCGAAGAGTCTGGTT-1,0.565631,0.204293,0.030707,0.00004,0.072936,0.008585,0.024514,0.093294
ACCGACACATCTCCCA-1,0.000037,0.057748,0.098789,0.14852,0.029561,0.176111,0.477991,0.011243
ACCGACTGAGTCCCAC-1,0.000042,0.250252,0.067527,0.216193,0.11463,0.096514,0.241265,0.013576
ACCGAGTCTCCTTATT-1,0.007226,0.000075,0.000038,0.011804,0.000075,0.466197,0.092098,0.422488
ACCGATAGGCATAACC-1,0.000011,0.148347,0.448669,0.21807,0.165198,0.011639,0.007083,0.000982
ACCGATATTTAATCAT-1,0.034797,0.002774,0.007543,0.369193,0.135078,0.080905,0.222999,0.146712
ACCGATGGTAGCATCG-1,0.106798,0.046789,0.035893,0.000085,0.033155,0.372791,0.312637,0.091851
ACCGCAATAACTGCCT-1,0.000036,0.731876,0.113737,0.012205,0.006194,0.068274,0.064778,0.002901
ACCGCGGTGGAAGTCG-1,0.000037,0.685702,0.094864,0.006436,0.010576,0.085083,0.07466,0.042641
ACCGCTAGTCATTGGT-1,0.182774,0.030394,0.025858,0.029436,0.443798,0.00633,0.000023,0.281387
ACCGGGCCTTTGTTGA-1,0.183916,0.035449,0.069698,0.144993,0.162517,0.154757,0.091198,0.157473
ACCGGTCAGGTACACC-1,0.546095,0.015374,0.091824,0.241473,0.007945,0.007922,0.089345,0.000022
ACCGTCCACTGGGCCC-1,0.999813,0.000042,0.000021,0.000021,0.000042,0.000021,0.000021,0.000021
ACCGTGACCACGTGGG-1,0.073971,0.034914,0.444688,0.024307,0.390772,0.000161,0.029065,0.002121
ACCGTTCCCGCTCTGA-1,0.139893,0.000165,0.000083,0.000083,0.000165,0.1613,0.459538,0.238774
ACCTAAGTACCTTTCA-1,0.048202,0.007644,0.27091,0.128423,0.187156,0.000032,0.343564,0.014069
ACCTAATCGACTTCCT-1,0.021474,0.101038,0.119797,0.003392,0.379493,0.000029,0.286449,0.088328
ACCTACAGTATGTGGT-1,0.000029,0.078767,0.267344,0.300863,0.040034,0.04204,0.270895,0.000029
ACCTACTATAAATCTA-1,0.031515,0.064309,0.310295,0.354497,0.198934,0.005251,0.030578,0.004621
ACCTCAGCGAGGCGCA-1,0.012355,0.051672,0.000015,0.084,0.048338,0.246772,0.258371,0.298477
ACCTCCGCCCTCGCTG-1,0.000065,0.191324,0.180768,0.06904,0.178104,0.062359,0.276559,0.041782
ACCTCCGTTATTCACC-1,0.030147,0.210917,0.006135,0.028834,0.134261,0.055932,0.364743,0.16903
ACCTCGAACTTATGCT-1,0.329898,0.064641,0.349059,0.035997,0.200939,0.006097,0.000162,0.013207
ACCTGCGTGTCATGTT-1,0.074329,0.087543,0.695821,0.010101,0.120482,0.000015,0.00858,0.00313
ACCTTTCCTTTAGAAG-1,0.056657,0.198991,0.042973,0.01308,0.252841,0.310199,0.020416,0.104842
ACGAAATGGGCGGCAC-1,0.005212,0.000046,0.034306,0.1724,0.037518,0.091048,0.659446,0.000023
ACGACCCATGAGTTGC-1,0.087287,0.085954,0.012116,0.234029,0.177273,0.125636,0.122385,0.15532
ACGACTCTAGGGCCGA-1,0.057741,0.181028,0.097544,0.073602,0.26469,0.15852,0.110206,0.056669
ACGACTGGTCATACTC-1,0.04765,0.042555,0.168969,0.009715,0.552855,0.105375,0.001638,0.071243
ACGAGAACCCATCACG-1,0.000035,0.843886,0.040356,0.000048,0.07826,0.000035,0.026027,0.011352
ACGAGATATTTGCTTA-1,0.114384,0.000215,0.000107,0.000107,0.000215,0.040324,0.480725,0.363924
ACGAGGATACCACTCT-1,0.175447,0.177005,0.094273,0.020365,0.228709,0.002868,0.135826,0.165507
ACGAGGTTTACAACGT-1,0.187055,0.140451,0.324652,0.041258,0.101566,0.199429,0.003555,0.002034
ACGAGTACGGATGCCC-1,0.1186,0.000209,0.000104,0.000104,0.000209,0.21823,0.56421,0.098334
