Barcode,Topic 1,Topic 2,Topic 3,Topic 4,Topic 5,Topic 6to8,Topic 9to10
AAACAAGTATCTCCCA-1,0.000023,0.000023,0.000845,0.012433,0.006364,0.455146,0.525167
AAACACCAATAACTGC-1,0.000024,0.023311,0.12144,0.026491,0.005614,0.301688,0.521434
AAACAGAGCGACTCCT-1,0.000029,0.000029,0.017814,0.000029,0.232956,0.70359,0.045554
AAACAGCTTTCAGAAG-1,0.000031,0.000031,0.074724,0.094359,0.005061,0.139328,0.686468
AAACAGGGTCTATATT-1,0.000032,0.000032,0.016451,0.000032,0.046098,0.31909,0.618267
AAACAGTGTTCCTGGG-1,0.000018,0.00002,0.222247,0.334227,0.005334,0.401634,0.03652
AAACATGGTGAGAGGA-1,0.000017,0.013231,0.012297,0.032482,0.045948,0.210772,0.685253
AAACATTTCCCGGATT-1,0.00003,0.269948,0.147368,0.019578,0.431368,0.13165,0.000059
AAACCCGAACGAAATC-1,0.000013,0.000013,0.183324,0.265366,0.015253,0.505097,0.030934
AAACCGGAAATGTTAA-1,0.000018,0.015985,0.009395,0.628933,0.002536,0.07303,0.270103
AAACCGGGTAGGTACC-1,0.000032,0.031846,0.000032,0.000032,0.2265,0.074777,0.666781
AAACCGTTCGTCCAGG-1,0.000032,0.124355,0.000032,0.384874,0.136123,0.000885,0.353699
AAACCTAAGCAGCCGG-1,0.000049,0.767663,0.000354,0.016493,0.000049,0.015998,0.199393
AAACCTCATGAAGTTG-1,0.000034,0.000034,0.000034,0.011695,0.001551,0.030376,0.956275
AAACGAAGAACATACC-1,0.000068,0.080279,0.344704,0.000068,0.118241,0.417917,0.038721
AAACGAAGATGGAGTA-1,0.000024,0.000024,0.005036,0.000024,0.139668,0.515428,0.339797
AAACGAGACGGTTGAT-1,0.000894,0.000036,0.02792,0.000036,0.029762,0.231287,0.710067
AAACGCTGGGCACGAC-1,0.000024,0.462911,0.000024,0.245289,0.262861,0.028842,0.000048
AAACGGGCGTACGGGT-1,0.000051,0.696485,0.196929,0.000051,0.000051,0.049187,0.057247
AAACGGTTGCGAACTG-1,0.000023,0.035663,0.400603,0.167985,0.010732,0.249972,0.135022
AAACGTGTTCGCCCTA-1,0.007246,0.059217,0.054194,0.066792,0.000386,0.431549,0.380616
AAACTCGGTTCGCAAT-1,0.000036,0.571713,0.294159,0.022472,0.012042,0.099506,0.000072
AAACTCGTGATATAAG-1,0.000029,0.000029,0.118998,0.069225,0.064694,0.618616,0.128409
AAACTGCTGGCTCCAA-1,0.000023,0.088212,0.481036,0.000023,0.022306,0.171574,0.236826
AAACTTAATTGCACGC-1,0.000021,0.013981,0.113975,0.187201,0.009262,0.352421,0.323139
AAACTTGCAAACGTAT-1,0.000902,0.003123,0.000038,0.000038,0.012139,0.016471,0.96729
AAAGAATGACCTTAGA-1,0.00002,0.007173,0.031721,0.059021,0.083006,0.272578,0.546482
AAAGAATGTGGACTAA-1,0.000751,0.924604,0.000033,0.027353,0.000033,0.047162,0.000065
AAAGACCCAAGTCGCG-1,0.00003,0.012196,0.166555,0.00003,0.099698,0.527738,0.193752
AAAGACTGGGCGCTTT-1,0.000024,0.000024,0.000024,0.000024,0.220441,0.314622,0.464841
AAAGCTTGCCTACATA-1,0.000871,0.030672,0.028558,0.007402,0.037414,0.452734,0.44235
AAAGGCCCTATAATAC-1,0.000019,0.044486,0.051883,0.093598,0.014139,0.558694,0.237181
AAAGGCTACGGACCAT-1,0.000036,0.116884,0.052307,0.000036,0.000036,0.070152,0.760548
AAAGGCTCTCGCGCCG-1,0.000036,0.186535,0.524391,0.005719,0.187948,0.024952,0.070419
AAAGGGATGTAGCAAG-1,0.000018,0.000018,0.495494,0.117314,0.058091,0.176045,0.15302
AAAGGGCAGCTTGAAT-1,0.000031,0.000132,0.031558,0.134368,0.03187,0.273935,0.528105
AAAGTAGCATTGCTCA-1,0.000014,0.000014,0.851031,0.000158,0.03493,0.098694,0.015159
AAAGTCACTGATGTAA-1,0.00109,0.000044,0.170918,0.000044,0.087543,0.602,0.138362
AAAGTCGACCCTCAGT-1,0.000868,0.000036,0.000036,0.000036,0.034789,0.077006,0.887229
AAAGTGCCATCAATTA-1,0.000018,0.102395,0.000018,0.463288,0.000018,0.032034,0.40223
AAAGTGTGATTTATCT-1,0.00003,0.021736,0.011588,0.014763,0.004995,0.193523,0.753365
AAAGTTGACTCCCGTA-1,0.000026,0.003352,0.167178,0.004921,0.010144,0.259074,0.555307
AAATAACCATACGGGA-1,0.000027,0.018847,0.199905,0.000027,0.0055,0.617524,0.15817
AAATAAGGTAGTGCCC-1,0.000025,0.000025,0.000025,0.002364,0.151516,0.608663,0.237382
AAATACCTATAAGCAT-1,0.000774,0.137506,0.055228,0.317969,0.447334,0.026465,0.014724
AAATAGCTTAGACTTT-1,0.000039,0.000039,0.000039,0.000348,0.000039,0.294437,0.705059
AAATAGGGTGCTATTG-1,0.000042,0.194331,0.121246,0.000042,0.382668,0.109501,0.19217
AAATCCGATACACGCC-1,0.000043,0.563194,0.334194,0.000043,0.000043,0.079216,0.023268
AAATCGCGGAAGGAGT-1,0.000031,0.000031,0.000031,0.000031,0.111552,0.392299,0.496025
AAATCGTGTACCACAA-1,0.000069,0.386432,0.000069,0.000069,0.000069,0.000206,0.613087
AAATCTAGCCCTGCTA-1,0.000018,0.043411,0.336452,0.031208,0.00006,0.183644,0.405206
AAATCTGCCCGCGTCC-1,0.000016,0.000016,0.037813,0.207616,0.019832,0.596777,0.137929
AAATGACTGATCAAAC-1,0.000048,0.035892,0.506027,0.000048,0.025604,0.22414,0.20824
AAATGATTCGATCAGC-1,0.000042,0.000042,0.000042,0.000042,0.29435,0.460423,0.24506
AAATGCTCGTTACGTT-1,0.000039,0.000039,0.033226,0.016806,0.054306,0.514821,0.380764
AAATGGCATGTCTTGT-1,0.00004,0.00004,0.081821,0.00004,0.025553,0.48768,0.404826
AAATGGCCCGTGCCCT-1,0.000025,0.000025,0.446938,0.000025,0.017444,0.133685,0.401859
AAATGGTCAATGTGCC-1,0.000032,0.038241,0.000032,0.033948,0.193102,0.085573,0.649073
AAATGTATCTTATCCC-1,0.000018,0.000018,0.198984,0.011204,0.099216,0.504927,0.185633
AAATTAACGGGTAGCT-1,0.00003,0.00715,0.07873,0.005866,0.270199,0.098526,0.539499
AAATTAATAAGCGCGA-1,0.000045,0.000634,0.133714,0.138993,0.042619,0.284602,0.399394
AAATTACACGACTCTG-1,0.000023,0.000023,0.274674,0.001814,0.000023,0.671022,0.052422
AAATTACCTATCGATG-1,0.000027,0.000027,0.159066,0.02704,0.139015,0.46297,0.211856
AAATTCCAGGTCCAAA-1,0.000024,0.001258,0.005398,0.192381,0.032871,0.206927,0.561142
AAATTGATAGTCCTTT-1,0.000046,0.068902,0.173674,0.006615,0.08546,0.136976,0.528327
AAATTGGTGAGAAGCA-1,0.000036,0.034535,0.000036,0.000036,0.02191,0.318182,0.625265
AAATTTGCGGGTGTGG-1,0.000027,0.041042,0.000027,0.257459,0.367893,0.011226,0.322327
AACAACTGGTAGTTGC-1,0.000032,0.009603,0.035778,0.000032,0.126041,0.395044,0.43347
AACAATACATTGTCGA-1,0.000017,0.036514,0.206352,0.318131,0.023162,0.119302,0.296523
AACAATTACTCTACGC-1,0.000039,0.000039,0.000039,0.000039,0.173983,0.414667,0.411193
AACACACGCTCGCCGC-1,0.000023,0.030687,0.044392,0.245356,0.025428,0.209042,0.445073
AACACGACTGTACTGA-1,0.007984,0.000027,0.348775,0.010788,0.000027,0.584079,0.04832
AACACGAGACGCGGCC-1,0.000022,0.000022,0.027481,0.080294,0.141704,0.19493,0.555548
AACACGCGGCCGCGAA-1,0.000104,0.057656,0.116677,0.000968,0.000104,0.607029,0.217462
AACAGCTGTGTGGCAA-1,0.008199,0.003889,0.11425,0.378397,0.111132,0.256052,0.128081
AACAGGAAATCGAATA-1,0.003443,0.000039,0.152839,0.035574,0.000039,0.484211,0.323855
AACAGGATGGGCCGCG-1,0.000032,0.004121,0.084867,0.091218,0.147225,0.378208,0.29433
AACAGGTAGTATGGAT-1,0.000031,0.008937,0.030101,0.047324,0.000031,0.46792,0.445656
AACATAGCGTGTATCG-1,0.00012,0.576093,0.00012,0.002523,0.401898,0.019004,0.000241
AACATATCAACTGGTG-1,0.000023,0.000023,0.370794,0.000023,0.022473,0.506419,0.100245
AACATCGATACGTCTA-1,0.000068,0.000068,0.000068,0.000068,0.049579,0.162307,0.787842
AACATTGAAGTTGATC-1,0.000033,0.03376,0.04862,0.016461,0.088733,0.306857,0.505535
AACATTGTGACTCGAG-1,0.000015,0.035972,0.462563,0.114549,0.039939,0.259902,0.08706
AACCAAGACTTCTCTG-1,0.000032,0.029082,0.000032,0.014991,0.007497,0.046184,0.902183
AACCATAGGGTTGAAC-1,0.000797,0.035249,0.009518,0.088759,0.044585,0.152233,0.668859
AACCATGGGATCGCTA-1,0.00004,0.00004,0.00004,0.00004,0.00004,0.227707,0.772091
AACCCAGAGACGGAGA-1,0.000027,0.000027,0.000027,0.000151,0.071789,0.638734,0.289246
AACCCATCCCATGATC-1,0.000033,0.000033,0.034546,0.084706,0.000033,0.081996,0.798654
AACCCGACAACCCGTG-1,0.000017,0.000017,0.342269,0.233507,0.016061,0.397374,0.010754
AACCCGAGCAGAATCG-1,0.000024,0.022127,0.063103,0.337752,0.009367,0.241104,0.326523
AACCCGCTGTATTCCA-1,0.000023,0.027175,0.38807,0.057334,0.015478,0.380424,0.131497
AACCCTACTGTCAATA-1,0.000022,0.000022,0.038459,0.05926,0.078737,0.414502,0.408998
AACCCTGGTGGAACCA-1,0.000032,0.000032,0.079163,0.04059,0.099574,0.495195,0.285414
AACCGAGCTTGGTCAT-1,0.000031,0.000031,0.001898,0.000031,0.263107,0.212106,0.522794
AACCGCTAAGGGATGC-1,0.00002,0.014662,0.356845,0.087703,0.003112,0.25429,0.283367
AACCGTTGTGTTTGCT-1,0.000037,0.000037,0.275665,0.000037,0.051133,0.594615,0.078476
AACCTCGCTTTAGCCC-1,0.000023,0.26873,0.591053,0.140053,0.000023,0.00007,0.000047
AACCTGTCACGGAATT-1,0.000041,0.059947,0.000041,0.002905,0.000041,0.081712,0.855313
AACCTTTAAATACGGT-1,0.00119,0.539534,0.00013,0.000046,0.397174,0.018795,0.04313
AACCTTTACGACGTCT-1,0.000037,0.000037,0.042248,0.000037,0.012634,0.633123,0.311885
AACGAAAGTCGTCCCA-1,0.00003,0.00003,0.149978,0.001677,0.00003,0.259341,0.588913
AACGACCTCCTAGCCG-1,0.00003,0.591421,0.00003,0.15389,0.158054,0.000089,0.096487
AACGATAATGCCGTAG-1,0.00005,0.558751,0.00005,0.00005,0.027325,0.070374,0.343401
AACGATAGAAGGGCCG-1,0.00298,0.000028,0.026601,0.000028,0.022818,0.558965,0.388579
AACGATATGTCAACTG-1,0.000039,0.000039,0.075425,0.000039,0.000516,0.23573,0.688211
AACGCATGATCTGGGT-1,0.000032,0.000032,0.009854,0.000032,0.309915,0.430681,0.249456
AACGCGAACGGCAACA-1,0.000081,0.035298,0.045401,0.025836,0.042906,0.603136,0.247342
AACGCGACCTTGGGCG-1,0.000034,0.083589,0.253857,0.000034,0.011164,0.061933,0.58939
AACGCGGTCTCCAGCC-1,0.000044,0.003439,0.000044,0.000044,0.433058,0.262344,0.301027
AACGCTGTTGCTGAAA-1,0.00155,0.018949,0.64576,0.171482,0.007958,0.091198,0.063103
AACGGACGTACGTATA-1,0.07497,0.000013,0.462482,0.138155,0.004309,0.20757,0.1125
AACGGCCATCTCCGGT-1,0.000024,0.129368,0.4425,0.007021,0.010969,0.031604,0.378513
AACGTACTGTGGGTAC-1,0.000028,0.069,0.425997,0.151009,0.154594,0.15257,0.046801
AACGTCAGACTAGTGG-1,0.000033,0.000033,0.017678,0.003708,0.125386,0.472611,0.380552
AACGTCATCCGGCTTG-1,0.004547,0.004546,0.004547,0.004546,0.004547,0.968174,0.009093
AACGTCGCTGCACTTC-1,0.001073,0.698021,0.000044,0.137325,0.114029,0.049419,0.000089
AACGTGATGAAGGACA-1,0.000061,0.000061,0.000061,0.000061,0.000061,0.16444,0.835253
AACGTGCGAAAGTCTC-1,0.000026,0.003611,0.210619,0.000026,0.000026,0.141852,0.64384
AACGTTATCAGCACCT-1,0.000039,0.000039,0.000039,0.000039,0.130092,0.479605,0.390145
AACGTTCTACCATTGT-1,0.0003,0.564033,0.0003,0.433564,0.0003,0.000901,0.000601
AACTACCCGTTTGTCA-1,0.000044,0.000044,0.000044,0.000044,0.000044,0.201173,0.798605
AACTAGGCTTGGGTGT-1,0.000036,0.517709,0.096034,0.369279,0.015575,0.000109,0.001259
AACTCAAGTTAATTGC-1,0.000024,0.045831,0.260881,0.156472,0.033522,0.077329,0.425941
AACTCCAGAGCGTGTT-1,0.000061,0.496179,0.000061,0.000061,0.007607,0.050086,0.445945
AACTCCTAATCCCATG-1,0.000032,0.000032,0.038315,0.00329,0.231415,0.653596,0.073319
AACTCGATGGCGCAGT-1,0.000045,0.000045,0.054495,0.000045,0.000211,0.763782,0.181377
AACTCTCAATAGAGCG-1,0.000029,0.000029,0.012723,0.170476,0.092464,0.175435,0.548844
AACTCTCAGTGTGCTC-1,0.000015,0.009702,0.500585,0.259128,0.196453,0.03344,0.000678
AACTGAGTTATACTGA-1,0.00003,0.00003,0.00003,0.336238,0.019925,0.385728,0.258017
AACTGATATTAGGCCT-1,0.000052,0.000052,0.000052,0.000052,0.095254,0.25729,0.647249
AACTGGGTCCCGACGT-1,0.000037,0.035154,0.000037,0.000037,0.006883,0.149573,0.808279
AACTGGTGTGGGCCTT-1,0.000045,0.000045,0.006217,0.000045,0.339933,0.597983,0.055732
AACTTCTGCGTCTATC-1,0.000029,0.000029,0.20997,0.117429,0.000029,0.616443,0.056071
AACTTGCCCGTATGCA-1,0.000043,0.02848,0.000043,0.000043,0.137962,0.154684,0.678746
AACTTGCGTTCTCGCG-1,0.000042,0.000042,0.000042,0.000042,0.083681,0.651555,0.264595
AACTTTACGGGAGCTT-1,0.000041,0.000041,0.001321,0.020265,0.000041,0.174039,0.804252
AACTTTCTCGATCATG-1,0.000033,0.000129,0.034718,0.008125,0.014678,0.372099,0.570218
AAGAAAGTTTGATGGG-1,0.000032,0.000032,0.054029,0.198923,0.107882,0.534702,0.1044
AAGAAATCACCAGATT-1,0.000021,0.007779,0.001266,0.081318,0.156802,0.153126,0.599689
AAGAAGGATCAGTTAG-1,0.000032,0.000032,0.104245,0.001197,0.041676,0.362491,0.490328
AAGACATACGTGGTTT-1,0.000027,0.532792,0.000027,0.372629,0.045247,0.043758,0.005521
AAGACCAAATAACTCA-1,0.000019,0.004977,0.02851,0.103955,0.008983,0.264681,0.588876
AAGACCCAACTGAACA-1,0.000031,0.242918,0.21914,0.000031,0.008386,0.018874,0.510619
AAGACTAACCCGTTGT-1,0.000156,0.059785,0.192758,0.000156,0.000156,0.529622,0.217368
AAGACTGCAAGCTACT-1,0.00004,0.01493,0.248279,0.00004,0.079197,0.04968,0.607835
AAGAGATGAATCGGTA-1,0.000036,0.000036,0.000036,0.000036,0.302315,0.283986,0.413553
AAGAGCTCTTTATCGG-1,0.000024,0.011327,0.504122,0.071772,0.011603,0.278601,0.122551
AAGAGGATGTACGCGA-1,0.000031,0.000031,0.000031,0.000031,0.399591,0.096443,0.503842
AAGAGGCATGGATCGC-1,0.000031,0.015376,0.081778,0.000031,0.033535,0.095242,0.774006
AAGAGGCCCTTTGGAA-1,0.000026,0.034271,0.004695,0.004425,0.102351,0.462722,0.39151
AAGATGGCACCGGACC-1,0.000028,0.094183,0.068492,0.016084,0.208515,0.120968,0.49173
AAGATTGGCGGAACGT-1,0.000848,0.002855,0.008031,0.000035,0.059585,0.319275,0.609372
AAGCACCCTGCGTATC-1,0.000066,0.657924,0.03119,0.000066,0.000066,0.034569,0.276117
AAGCATACTCTCCTGA-1,0.000051,0.724777,0.000051,0.000051,0.07252,0.023228,0.179323
AAGCCACTTGCAGGTA-1,0.000036,0.000036,0.019082,0.176502,0.017733,0.29192,0.494692
AAGCCGAAGCGGTTTA-1,0.000027,0.00067,0.035659,0.020273,0.000027,0.413691,0.529654
AAGCCGCCGTGAAATC-1,0.000022,0.007886,0.000022,0.000569,0.048748,0.363282,0.57947
AAGCCGCTTTACCTTG-1,0.000021,0.000207,0.096315,0.041534,0.000021,0.605991,0.255911
AAGCCGGAGAGCAGGA-1,0.000018,0.045448,0.05788,0.49503,0.000018,0.179855,0.221752
AAGCGCAGGGCTTTGA-1,0.000072,0.845229,0.000072,0.000072,0.009799,0.000215,0.144541
AAGCGGAGTGCGCGCA-1,0.000038,0.027144,0.000038,0.000038,0.031096,0.148289,0.793356
AAGCGTCCCTCATCGA-1,0.000031,0.030786,0.44762,0.025262,0.018343,0.250003,0.227955
AAGCTAGATCGAGTAA-1,0.000035,0.312734,0.313279,0.000035,0.347977,0.025871,0.000069
AAGCTATGGATTGACC-1,0.000388,0.000388,0.000388,0.000388,0.454668,0.543006,0.000775
AAGCTCGTGCCAAGTC-1,0.000026,0.000026,0.372184,0.000026,0.02755,0.24349,0.356697
AAGCTCTTTCATGGTG-1,0.000103,0.492649,0.000103,0.000103,0.067808,0.000441,0.438792
AAGGAGCGGTTGGTGC-1,0.00004,0.00741,0.00004,0.070851,0.099922,0.035153,0.786584
AAGGATCGATCGCTTG-1,0.003391,0.000034,0.041611,0.046256,0.000034,0.402969,0.505704
AAGGATGAGGGACCTC-1,0.000028,0.000028,0.006069,0.000028,0.185932,0.40323,0.404685
AAGGCAGGCTGTCTCC-1,0.000033,0.000892,0.000033,0.004295,0.10041,0.137344,0.756992
AAGGCGCGTAAAGCTT-1,0.000033,0.000033,0.017245,0.027049,0.120993,0.177701,0.656947
AAGGCTGTGCTCATCG-1,0.000038,0.085884,0.09861,0.000038,0.065625,0.235243,0.514563
AAGGGAACGACTGGCT-1,0.000036,0.023875,0.000036,0.050452,0.086415,0.024075,0.815112
AAGGGACAGATTCTGT-1,0.000036,0.007043,0.04792,0.102353,0.024418,0.375213,0.443017
AAGGGACTATGCATTC-1,0.000018,0.000018,0.563435,0.021093,0.000018,0.337008,0.07841
AAGGGTTAGCCATGCG-1,0.00025,0.803289,0.00025,0.00025,0.00025,0.00075,0.19496
AAGGGTTTGATTTCAG-1,0.000039,0.000039,0.000039,0.000039,0.088921,0.289135,0.621789
AAGGTATCCTAATATA-1,0.000046,0.00523,0.023653,0.034682,0.015819,0.28785,0.63272
AAGGTGATAAACCAGC-1,0.000018,0.019564,0.327125,0.064615,0.003481,0.315809,0.269388
AAGTAGAAGACCGGGT-1,0.000034,0.000034,0.000034,0.005353,0.022865,0.117593,0.854087
AAGTAGTGACGCGAGG-1,0.000038,0.040572,0.006012,0.029707,0.077746,0.019142,0.826782
AAGTCAATTGTCGTCA-1,0.000031,0.000031,0.000031,0.423875,0.000031,0.053159,0.522842
AAGTCTAGTAGCTGCC-1,0.000028,0.000028,0.000028,0.002584,0.027232,0.38289,0.587209
AAGTCTTCTGTGGCCT-1,0.00004,0.00004,0.006945,0.00004,0.006708,0.353058,0.633169
AAGTGACGACCGAATT-1,0.000037,0.010771,0.000037,0.043162,0.170273,0.305599,0.470122
AAGTGAGTCGGGTTTA-1,0.000036,0.063313,0.110411,0.039186,0.015933,0.153316,0.617805
AAGTGCAAAGGTAGAC-1,0.000029,0.002698,0.000029,0.000029,0.195404,0.032006,0.769804
AAGTGCCTTGACTGTA-1,0.000029,0.006582,0.0841,0.049932,0.045664,0.605455,0.208237
AAGTGCGTTAGAATCT-1,0.000039,0.018287,0.016739,0.184327,0.045969,0.08539,0.649247
AAGTGCTTCTCTATTG-1,0.000032,0.000032,0.353428,0.006407,0.000032,0.448078,0.191991
AAGTGTTTGGAGACGG-1,0.000029,0.240016,0.381637,0.000029,0.217647,0.13085,0.029793
AAGTTCACTCCAAGCT-1,0.002582,0.154469,0.181417,0.146319,0.51411,0.001054,0.00005
AAGTTCAGTCTGCGTA-1,0.000048,0.000048,0.000048,0.000048,0.467206,0.150418,0.382185
AAGTTCGGCCAACAGG-1,0.000028,0.044838,0.001842,0.02711,0.318278,0.077193,0.530712
AAGTTGTGATGTTATA-1,0.000058,0.840189,0.000058,0.000058,0.000058,0.000174,0.159404
AAGTTTATGGGCCCAA-1,0.000043,0.619963,0.024089,0.000043,0.164182,0.084984,0.106695
AATAACAACGCTCGGC-1,0.000067,0.000067,0.000067,0.000067,0.455464,0.164248,0.380019
AATAACACTAGAACAA-1,0.000019,0.033,0.258528,0.189318,0.072754,0.197553,0.248828
AATAACGTCGCGCCCA-1,0.000223,0.658045,0.000223,0.000223,0.104646,0.000668,0.235973
AATAAGTCCTCGAGAC-1,0.000067,0.130798,0.211459,0.000067,0.112699,0.513221,0.03169
AATAATCTTCGTATCG-1,0.000023,0.006968,0.002297,0.028436,0.021179,0.493928,0.447169
AATACAATGTTTCAGG-1,0.000035,0.000035,0.000035,0.005277,0.216712,0.287748,0.490159
AATACCGGAGGGCTGT-1,0.000026,0.019004,0.106817,0.002105,0.011394,0.321076,0.539579
AATACCTGATGTGAAC-1,0.00006,0.359051,0.112148,0.197338,0.00679,0.161279,0.163334
AATAGAACAGAGTGGC-1,0.000042,0.273979,0.000042,0.000042,0.000042,0.000127,0.725725
AATAGAATCTGTTTCA-1,0.000035,0.018556,0.000035,0.000035,0.152986,0.387341,0.441012
AATAGCTACCGCGTGC-1,0.000038,0.000038,0.000038,0.000038,0.596554,0.259793,0.143502
AATAGGCACGACCCTT-1,0.002778,0.002779,0.069422,0.002779,0.002779,0.913907,0.005557
AATAGTCCGTCCCGAC-1,0.00004,0.338032,0.404409,0.00004,0.085152,0.014065,0.158263
AATAGTCGCGAGTCGG-1,0.000032,0.000032,0.000032,0.000032,0.027271,0.238525,0.734077
AATATCAAGGTCGGAT-1,0.000052,0.000052,0.18345,0.000052,0.06146,0.612238,0.142696
AATATCCTAGCAAACT-1,0.000023,0.001597,0.059382,0.000023,0.012336,0.346666,0.579972
AATATCGAATCAATGC-1,0.000026,0.000026,0.025686,0.00004,0.00719,0.565577,0.401455
AATATCGAGGGTTCTC-1,0.000037,0.000037,0.167201,0.012575,0.008091,0.643942,0.168116
AATATTGGAGTATTGA-1,0.000052,0.025437,0.000052,0.000052,0.000052,0.013686,0.960669
AATCAGGTTTCATTTA-1,0.000037,0.000037,0.163808,0.011066,0.025521,0.397901,0.40163
AATCATGTAAAGACTC-1,0.001767,0.008469,0.622382,0.10173,0.000015,0.231133,0.034505
AATCCAAGGGCCTGAG-1,0.00005,0.00005,0.00005,0.00005,0.00005,0.058514,0.941234
AATCCATGCAAGGGTG-1,0.000041,0.000041,0.000041,0.000041,0.131848,0.197046,0.670943
AATCCCGCTCAGAGCC-1,0.000055,0.000055,0.349033,0.000055,0.162787,0.341798,0.146218
AATCGAGGTCTCAAGG-1,0.000233,0.203273,0.178978,0.000233,0.616121,0.000698,0.000465
AATCGCCTCAGCGCCA-1,0.001975,0.002039,0.330511,0.000027,0.178096,0.0994,0.387952
AATCGCGCAGAGGACT-1,0.000024,0.000024,0.034922,0.122266,0.004415,0.469398,0.36895
AATCGGGACACTACGA-1,0.000053,0.000053,0.194858,0.000053,0.042171,0.44193,0.320881
AATCGGTATAGCCCTC-1,0.000047,0.950439,0.000047,0.049183,0.000047,0.000142,0.000094
AATCGTGAGCCGAGCA-1,0.000095,0.741377,0.000095,0.000095,0.000095,0.000286,0.257956
AATCTAGGTTTACTTG-1,0.000033,0.000033,0.036214,0.092212,0.313219,0.368112,0.190178
AATCTATGCCGGAGCC-1,0.00005,0.000054,0.00005,0.035863,0.069484,0.490085,0.404414
AATCTCTACTGTGGTT-1,0.000046,0.016438,0.009298,0.141033,0.000046,0.136765,0.696374
AATCTGCGTTGGGACG-1,0.000036,0.000463,0.000036,0.000036,0.126563,0.305302,0.567563
AATCTGGCTTTCTAGT-1,0.000032,0.000032,0.263715,0.072159,0.068838,0.27137,0.323854
AATGACAGCAATGTCT-1,0.000044,0.094952,0.011424,0.092418,0.032805,0.055911,0.712447
AATGACGTAGGATGTC-1,0.000032,0.006036,0.214476,0.001055,0.172288,0.274589,0.331524
AATGACTGTCAGCCGG-1,0.000036,0.028776,0.016339,0.000036,0.030145,0.106101,0.818568
AATGAGTTCGCATATG-1,0.000037,0.000037,0.000037,0.000037,0.137761,0.450106,0.411987
AATGATGATACGCTAT-1,0.000034,0.000034,0.159332,0.00124,0.139207,0.578553,0.1216
AATGATGCGACTCCTG-1,0.001178,0.000035,0.201611,0.008068,0.054283,0.658368,0.076458
AATGCAACCGGGTACC-1,0.002503,0.017838,0.016418,0.000036,0.004236,0.206463,0.752506
AATGCACCAAGCAATG-1,0.000018,0.000018,0.438067,0.000665,0.000018,0.533891,0.027322
AATGGTCCACCGTTCA-1,0.000028,0.000028,0.040609,0.091349,0.149861,0.339257,0.37887
AATGGTTCTCACAAGC-1,0.00004,0.00004,0.00792,0.00004,0.024114,0.14846,0.819386
AATGTATGGCACTGTA-1,0.000032,0.000032,0.000032,0.235495,0.041919,0.03514,0.68735
AATGTGCCCGAGGTGT-1,0.000034,0.031807,0.41279,0.000034,0.004201,0.072966,0.478168
AATGTGCTAATCTGAG-1,0.000032,0.017742,0.056163,0.000032,0.164763,0.435563,0.325705
AATGTTAAGACCCTGA-1,0.000131,0.742126,0.030955,0.000131,0.061732,0.164663,0.000262
AATGTTGTCGTGAGAC-1,0.00004,0.77056,0.00004,0.154577,0.00004,0.028441,0.046301
AATTAAAGGTCGGCGT-1,0.000057,0.26545,0.000057,0.000057,0.032739,0.00017,0.70147
AATTAACGGATTTCCA-1,0.000065,0.692757,0.000065,0.000065,0.003287,0.018732,0.285028
AATTACGAGACCCATC-1,0.000034,0.000034,0.000034,0.528301,0.000034,0.024059,0.447504
AATTAGCGCTGCAGCG-1,0.000041,0.433842,0.063072,0.03747,0.378876,0.085719,0.00098
AATTATACCCAGCAAG-1,0.000196,0.879274,0.000196,0.000196,0.000196,0.022913,0.097029
AATTCATAAGGGATCT-1,0.000045,0.000045,0.010437,0.098581,0.060175,0.402506,0.42821
AATTCATTGTCATGCA-1,0.000026,0.021202,0.058035,0.012335,0.054783,0.432344,0.421274
AATTCCAAGCATGTAC-1,0.000018,0.011455,0.791779,0.069118,0.018273,0.1059,0.003457
AATTCGATTCGAGGAT-1,0.000081,0.792851,0.000081,0.145367,0.000081,0.019571,0.041969
AATTCTAGAGTTAGGC-1,0.007138,0.565008,0.000083,0.000083,0.000083,0.00025,0.427355
AATTGAACGCTCTGGT-1,0.000028,0.013205,0.207395,0.015073,0.183597,0.130679,0.450023
AATTGCAGCAATCGAC-1,0.000063,0.738296,0.000063,0.000063,0.000063,0.000188,0.261266
AATTGCGTGGATTACA-1,0.00006,0.00006,0.00006,0.982696,0.00006,0.00018,0.016884
AATTGTGGTTGCCAAA-1,0.00002,0.225284,0.02369,0.039125,0.00002,0.035016,0.676844
AATTTGGGACATAGTA-1,0.000043,0.000043,0.019594,0.000043,0.089031,0.454921,0.436323
AATTTGGTTCCAAAGA-1,0.000046,0.000046,0.047302,0.000046,0.000545,0.617178,0.334836
ACAAACCATGCGTCCT-1,0.000022,0.026375,0.034992,0.113388,0.015267,0.113341,0.696614
ACAAACTCCATCAGAG-1,0.000027,0.005418,0.133492,0.009924,0.075191,0.666247,0.1097
ACAAAGAAGGTAGGCC-1,0.000026,0.000026,0.000026,0.000026,0.000026,0.004192,0.995678
ACAAAGCATGACCTAG-1,0.000034,0.699992,0.000034,0.000034,0.078403,0.023662,0.197842
ACAAATCGCACCGAAT-1,0.00002,0.021286,0.434555,0.00002,0.00002,0.119724,0.424376
ACAAATGGTAGTGTTT-1,0.000027,0.016544,0.175289,0.000027,0.091576,0.194948,0.521589
ACAACAGCATGAGCTA-1,0.000025,0.000025,0.245732,0.018731,0.113086,0.281878,0.340523
ACAACGGTCCCTGCGA-1,0.000027,0.000027,0.000027,0.000027,0.319511,0.368522,0.31186
ACAAGCAGTGCCTAGC-1,0.000995,0.001937,0.000036,0.005144,0.213019,0.069776,0.709093
ACAAGCTATATGGAAG-1,0.00003,0.00003,0.000037,0.00003,0.035683,0.202964,0.761225
ACAAGGAAATCCGCCC-1,0.000025,0.090557,0.402321,0.000025,0.039422,0.057471,0.410179
ACAAGGACAAGAGGTT-1,0.000033,0.004747,0.000033,0.177891,0.000033,0.115143,0.702119
ACAAGGATGCTTTAGG-1,0.000051,0.923945,0.000051,0.000051,0.000051,0.000153,0.075697
ACAAGGGCAGGCTCTG-1,0.000015,0.004628,0.723359,0.007509,0.003719,0.063887,0.196884
ACAAGTAATTGTAAGG-1,0.002223,0.002223,0.002223,0.002223,0.002223,0.98444,0.004446
ACAATAGTCGTACGTT-1,0.000043,0.044129,0.032208,0.086347,0.020613,0.011751,0.804909
ACAATCCATTTAAACC-1,0.000064,0.045352,0.000064,0.035985,0.176019,0.138798,0.603718
ACAATGAATACGGAGA-1,0.000024,0.011326,0.11324,0.000024,0.26165,0.320468,0.293269
ACAATTGTGTCTCTTT-1,0.000593,0.023183,0.185129,0.085944,0.071035,0.296631,0.337486
ACAATTTAGGAGGCTC-1,0.000037,0.000037,0.000037,0.000037,0.035893,0.029256,0.934701
ACAATTTGAGCAGTGG-1,0.000036,0.000036,0.070821,0.000036,0.090901,0.374505,0.463666
ACAATTTGGCCATATT-1,0.000024,0.117811,0.000024,0.217058,0.293533,0.000071,0.37148
ACACAAAGACGGGTGG-1,0.000028,0.008644,0.003371,0.000028,0.063558,0.307541,0.61683
ACACAAATATTCCTAG-1,0.000025,0.017862,0.000025,0.001605,0.232397,0.136391,0.611696
ACACACCAGGACCAGT-1,0.000035,0.077793,0.0792,0.021097,0.005132,0.072935,0.743807
ACACACTTTCTACACG-1,0.000052,0.000052,0.199475,0.003146,0.000052,0.458435,0.338789
ACACATGATCAAATCT-1,0.000023,0.000023,0.072328,0.089236,0.000023,0.307986,0.530381
ACACATTTCCGTAGAC-1,0.00004,0.049417,0.097305,0.078861,0.061483,0.267818,0.445076
ACACCACATAATTAGC-1,0.000028,0.007857,0.002124,0.09761,0.002272,0.372832,0.517277
ACACCCAGCATGCAGC-1,0.000036,0.03482,0.007143,0.000036,0.000036,0.228635,0.729295
ACACCCGAGAAATCCG-1,0.000025,0.00904,0.000025,0.011166,0.12971,0.332965,0.517067
ACACCGAGCGCTCTTT-1,0.000085,0.012757,0.114734,0.026431,0.022812,0.444331,0.37885
ACACCGGTCTGACCGC-1,0.00002,0.020474,0.029743,0.038523,0.020225,0.636622,0.254394
ACACCTTAAGTAGGGC-1,0.000035,0.003942,0.006839,0.039901,0.26119,0.212237,0.475857
ACACCTTACTACTTGC-1,0.000045,0.000045,0.000045,0.046733,0.036765,0.186568,0.7298
ACACGAGACTCCTTCT-1,0.000031,0.000031,0.38866,0.000031,0.028937,0.292005,0.290305
ACACGGCACTATGCAT-1,0.000058,0.046363,0.053582,0.000058,0.000983,0.400675,0.498282
ACACGGGAACTTAGGG-1,0.000041,0.00782,0.140544,0.048933,0.021133,0.06661,0.714919
ACACGTAGGCCACAAG-1,0.000016,0.000016,0.501448,0.127009,0.000016,0.351914,0.019581
ACACTCCAATGTCACT-1,0.000054,0.000054,0.065023,0.000054,0.000054,0.150379,0.784381
ACACTGATCAAGGTGT-1,0.00006,0.245496,0.067314,0.00006,0.166678,0.053492,0.466903
ACACTGGGACAGTCGT-1,0.00002,0.00002,0.057951,0.443376,0.00002,0.459297,0.039314
ACAGAACTGAGAACAA-1,0.000019,0.000019,0.370672,0.086224,0.036614,0.186619,0.319833
ACAGATTAGGTTAGTG-1,0.000057,0.000057,0.000057,0.000057,0.250012,0.282729,0.467031
ACAGCATAGAGCCAGT-1,0.00005,0.026224,0.058009,0.00005,0.025303,0.72444,0.165925
ACAGCGACATTCTCAT-1,0.001028,0.080447,0.199843,0.000041,0.011914,0.084598,0.62213
ACAGCGCACCCGCAGC-1,0.000035,0.020403,0.083359,0.000035,0.020232,0.563402,0.312535
ACAGGCACGGATCCTT-1,0.000047,0.835626,0.000047,0.104181,0.053672,0.006333,0.000094
ACAGGCTTGCCCGACT-1,0.000016,0.01412,0.631707,0.0254,0.053152,0.114956,0.160647
ACAGGTGGAGGTGAGG-1,0.000045,0.105012,0.000045,0.000045,0.109195,0.002802,0.782858
ACAGGTGTGTTGTTGC-1,0.000035,0.000035,0.000036,0.000035,0.000035,0.103328,0.896498
ACAGTAATACAACTTG-1,0.000035,0.01676,0.004675,0.000035,0.076254,0.209501,0.69274
ACAGTATACCGTGGGA-1,0.000026,0.000026,0.057287,0.180267,0.017641,0.526705,0.218047
ACATAAGTCGTGGTGA-1,0.000027,0.000027,0.000027,0.001785,0.150046,0.515214,0.332875
ACATAATAAGGCGGTG-1,0.000039,0.000039,0.000039,0.020929,0.122046,0.221487,0.63542
ACATACAATCAAGCGG-1,0.000769,0.908304,0.085541,0.000769,0.000769,0.002308,0.001539
ACATCAGCTGGGACGC-1,0.000029,0.000029,0.000029,0.031215,0.091219,0.166602,0.710878
ACATCCCGGCCATACG-1,0.499568,0.050404,0.081693,0.308087,0.059707,0.000489,0.000051
ACATCCTGGTAACTGT-1,0.000026,0.000219,0.001782,0.014471,0.13866,0.496736,0.348105
ACATCGATCGTTTACC-1,0.000041,0.092143,0.204082,0.000041,0.478421,0.059232,0.16604
ACATCGCAATATTCGG-1,0.000725,0.000725,0.000725,0.000725,0.000725,0.994926,0.00145
ACATCGGTCAGCCGCG-1,0.000032,0.01442,0.000032,0.000032,0.537825,0.055297,0.392362
ACATCGTATGCAATGG-1,0.000029,0.054506,0.167065,0.000029,0.041654,0.040052,0.696665
ACATCGTTAACCTAGT-1,0.000052,0.055238,0.046991,0.000052,0.087647,0.629236,0.180784
ACATGCTTACGGCAGC-1,0.00005,0.013942,0.004278,0.105776,0.00005,0.609818,0.266087
ACATGGCGCCAAAGTA-1,0.000025,0.000025,0.016408,0.025812,0.083273,0.474305,0.400152
ACATTAGTTTATATCC-1,0.000092,0.598073,0.000092,0.000092,0.032899,0.002424,0.366328
ACATTCGCGCGGAATA-1,0.000608,0.003105,0.029286,0.319688,0.000025,0.346265,0.301023
ACATTTGAAACCTAAC-1,0.000791,0.42984,0.078242,0.228916,0.023383,0.170793,0.068036
ACCAAACACCCAGCGA-1,0.000898,0.04165,0.000038,0.003272,0.066463,0.233022,0.654657
ACCAACACCACACACT-1,0.000038,0.006722,0.000038,0.000038,0.316902,0.255878,0.420386
ACCAACCGCACTCCAC-1,0.000037,0.697787,0.000037,0.074128,0.192925,0.022216,0.012871
ACCAACGCTTATTTAT-1,0.00004,0.33273,0.00004,0.00004,0.383511,0.195854,0.087787
ACCAAGAACGCGTGTC-1,0.000033,0.01308,0.000033,0.01731,0.005448,0.132861,0.831236
ACCAAGTCATCGGCAG-1,0.000055,0.916317,0.000055,0.078369,0.000055,0.000165,0.004983
ACCAATATGCAAGTTA-1,0.000053,0.822881,0.000053,0.000053,0.000535,0.042499,0.133926
ACCACAACTCAGAACA-1,0.000055,0.13654,0.209549,0.003723,0.106422,0.270131,0.273581
ACCACAAGTTTCTATC-1,0.000045,0.016465,0.000045,0.080948,0.10056,0.009874,0.792064
ACCACACGGTTGATGG-1,0.00011,0.430101,0.00011,0.00011,0.487391,0.080417,0.00176
ACCACCAATGTAACAA-1,0.000029,0.010356,0.000029,0.000029,0.02263,0.226862,0.740064
ACCACCCTCTCTTCTA-1,0.00003,0.00003,0.078802,0.008818,0.00003,0.375384,0.536907
ACCACGTGCAGCTATA-1,0.00003,0.072005,0.275531,0.00003,0.011579,0.086689,0.554136
ACCAGACCATAACAAC-1,0.000024,0.014251,0.000024,0.000024,0.039398,0.060759,0.885522
ACCAGTGCGGGAGACG-1,0.000024,0.134035,0.17277,0.029307,0.308932,0.264117,0.090816
ACCATATCCGCAATAA-1,0.000029,0.117819,0.202457,0.040619,0.040613,0.069585,0.528879
ACCATCCGCCAACTAG-1,0.000949,0.011118,0.059309,0.07236,0.061319,0.250917,0.544026
ACCATCGTATATGGTA-1,0.000043,0.208741,0.000043,0.000043,0.383952,0.049531,0.357645
ACCATTAAGGGTGTCA-1,0.000094,0.069906,0.114933,0.059915,0.000094,0.529353,0.225706
ACCCAACGCCCGTGGC-1,0.000023,0.000023,0.409787,0.042688,0.000023,0.297292,0.250164
ACCCACCTACATGCTC-1,0.00004,0.014753,0.158866,0.056514,0.00004,0.319657,0.45013
ACCCATCTTGAGGGTA-1,0.000046,0.097296,0.000046,0.000046,0.016423,0.001816,0.884327
ACCCATTTGTCCCTCT-1,0.000029,0.120905,0.315055,0.091012,0.129157,0.081793,0.26205
ACCCGAGCGAAATTAC-1,0.000012,0.020586,0.619745,0.010836,0.027764,0.268614,0.052444
ACCCGATTGGTTCCGA-1,0.000023,0.02601,0.200051,0.003998,0.077918,0.664989,0.027011
ACCCGGAAACTCCCAG-1,0.000017,0.153316,0.808193,0.03837,0.000017,0.000052,0.000034
ACCCGGAGCACCACAA-1,0.00001,0.005703,0.263774,0.562804,0.00001,0.158783,0.008916
ACCCGGATGACGCATC-1,0.000041,0.000041,0.031996,0.000041,0.000041,0.181719,0.786121
ACCCGGTTACACTTCC-1,0.000054,0.19217,0.000054,0.000054,0.42088,0.010704,0.376082
ACCCGTAGCAGAGAAT-1,0.000034,0.000034,0.000034,0.227616,0.000034,0.119269,0.652979
ACCCGTAGTCTAGTTG-1,0.000033,0.605951,0.000033,0.377498,0.000033,0.000098,0.016356
ACCCGTGTCATCAGTA-1,0.00005,0.284374,0.116109,0.00005,0.167392,0.052414,0.379613
ACCCTATAGGACTGAG-1,0.000618,0.000027,0.340327,0.060318,0.082549,0.516109,0.000053
ACCCTATGCCATATCG-1,0.000044,0.083761,0.017147,0.000044,0.161034,0.199926,0.538044
ACCCTCCCGTCAGGGC-1,0.00005,0.841494,0.00005,0.001289,0.078632,0.019282,0.059202
ACCCTCCCTTGCTATT-1,0.000034,0.031361,0.155705,0.000034,0.066167,0.243187,0.503512
ACCCTGGTAACGCCCT-1,0.000033,0.022783,0.166031,0.137559,0.062245,0.527168,0.084181
ACCCTTCATCTGCGAA-1,0.000062,0.000062,0.025592,0.000062,0.03499,0.497347,0.441886
ACCCTTGCCTGGGTCG-1,0.000026,0.000445,0.002237,0.160193,0.000026,0.296599,0.540474
ACCCTTTAGTTCTCCA-1,0.002287,0.123393,0.322098,0.000094,0.079575,0.372638,0.099916
ACCGAAAGGGCCCTGC-1,0.000045,0.013324,0.122685,0.044907,0.089494,0.605246,0.124299
ACCGAAGAGTCTGGTT-1,0.000035,0.000035,0.025174,0.000035,0.001791,0.353651,0.619279
ACCGACACATCTCCCA-1,0.000041,0.863163,0.000041,0.108471,0.028082,0.000122,0.000081
ACCGACTGAGTCCCAC-1,0.00004,0.00335,0.00004,0.00004,0.333116,0.177347,0.486066
ACCGAGTCTCCTTATT-1,0.000074,0.860434,0.000074,0.000074,0.000074,0.000222,0.139049
ACCGATAGGCATAACC-1,0.000358,0.040389,0.014167,0.312414,0.037767,0.354961,0.239944
ACCGATATTTAATCAT-1,0.000028,0.035864,0.028922,0.229211,0.001573,0.354654,0.349749
ACCGATGGTAGCATCG-1,0.000033,0.000033,0.101225,0.000033,0.025129,0.462893,0.410654
ACCGCAATAACTGCCT-1,0.000034,0.153846,0.000034,0.003652,0.280048,0.020369,0.542016
ACCGCGGTGGAAGTCG-1,0.00003,0.00003,0.034767,0.04349,0.00003,0.389577,0.532077
ACCGCTAGTCATTGGT-1,0.000049,0.001375,0.004108,0.150076,0.034974,0.156428,0.652992
ACCGGGCCTTTGTTGA-1,0.00003,0.027907,0.036479,0.00003,0.120422,0.127733,0.6874
ACCGGTCAGGTACACC-1,0.000022,0.005444,0.039089,0.298868,0.000022,0.170651,0.485903
ACCGTCCACTGGGCCC-1,0.000031,0.000031,0.00571,0.045047,0.000031,0.219765,0.729386
ACCGTGACCACGTGGG-1,0.00003,0.070575,0.094952,0.02207,0.068076,0.214848,0.529449
ACCTAAGTACCTTTCA-1,0.000034,0.039291,0.391876,0.140278,0.000034,0.145586,0.282902
ACCTAATCGACTTCCT-1,0.000047,0.032875,0.000047,0.142556,0.000047,0.012765,0.811664
ACCTACAGTATGTGGT-1,0.000059,0.000059,0.000059,0.000059,0.000059,0.027287,0.972419
ACCTACTATAAATCTA-1,0.000026,0.048511,0.658745,0.000091,0.000026,0.042389,0.250213
ACCTCAGCGAGGCGCA-1,0.016673,0.421527,0.016672,0.016674,0.01667,0.050019,0.461766
ACCTCCGCCCTCGCTG-1,0.000027,0.054652,0.329262,0.193039,0.035013,0.284036,0.10397
ACCTCCGTTATTCACC-1,0.000048,0.000048,0.005665,0.484507,0.000048,0.136678,0.373006
ACCTCGAACTTATGCT-1,0.000024,0.029243,0.006709,0.240426,0.000024,0.135511,0.588063
ACCTGCGTGTCATGTT-1,0.000034,0.000034,0.072502,0.00824,0.244076,0.338046,0.337068
ACGAAATGGGCGGCAC-1,0.000028,0.000028,0.000028,0.000028,0.196276,0.260875,0.542735
ACGACCCATGAGTTGC-1,0.000017,0.072442,0.075412,0.185069,0.010912,0.191551,0.464597
ACGACTCTAGGGCCGA-1,0.000057,0.925598,0.000057,0.011252,0.000057,0.000171,0.062809
ACGACTGGTCATACTC-1,0.000571,0.058326,0.060224,0.001549,0.018076,0.398806,0.462448
ACGAGAACCCATCACG-1,0.000037,0.000037,0.000037,0.000037,0.238996,0.146484,0.614371
ACGAGATATTTGCTTA-1,0.000059,0.000059,0.000059,0.000059,0.147922,0.212663,0.639181
ACGAGGATACCACTCT-1,0.000025,0.00091,0.448511,0.028588,0.023192,0.34377,0.155004
ACGAGGTTTACAACGT-1,0.000023,0.001772,0.159769,0.241543,0.014508,0.259528,0.322856
ACGAGTACGGATGCCC-1,0.000021,0.000021,0.644017,0.16597,0.000021,0.189905,0.000043
ACGATACATAGAACTA-1,0.000047,0.000047,0.000047,0.000047,0.060423,0.348196,0.591194
ACGATACCTATCCTGA-1,0.000028,0.000028,0.157563,0.041367,0.000028,0.438795,0.36219
ACGATCATACATAGAG-1,0.000037,0.000037,0.089459,0.218518,0.023856,0.063069,0.605023
ACGATCATCTTGTAAA-1,0.000035,0.000035,0.036468,0.013744,0.012692,0.519327,0.417698
ACGATGCATATGTTAT-1,0.000052,0.115444,0.000052,0.000052,0.000052,0.000156,0.884192
ACGATGGATCCGATGC-1,0.000042,0.009176,0.06677,0.000042,0.003962,0.677513,0.242494
ACGCAAACTAATAGAT-1,0.000027,0.070376,0.138027,0.174872,0.012004,0.109747,0.494947
ACGCAATCACTACAGC-1,0.004728,0.035937,0.060898,0.092937,0.103556,0.321235,0.380708
ACGCATACGTTTACTA-1,0.000046,0.024642,0.015069,0.000046,0.048282,0.320498,0.591417
ACGCATTCGTGAGTAC-1,0.000041,0.000041,0.000041,0.000041,0.418175,0.062742,0.518921
ACGCCACTCGAAACAG-1,0.000023,0.076955,0.540224,0.341695,0.005377,0.034323,0.001402
ACGCCAGATGATTTCT-1,0.000055,0.005846,0.122521,0.000055,0.113751,0.404508,0.353263
ACGCCAGTGCGTTTGC-1,0.006496,0.391654,0.102614,0.149911,0.051805,0.199599,0.097921
ACGCCGCTAGACGACC-1,0.000033,0.025894,0.120756,0.000033,0.051135,0.128553,0.673595
ACGCGAAGTCAGACGA-1,0.000066,0.553957,0.000066,0.000066,0.110736,0.000199,0.33491
ACGCGCTACACAGGGT-1,0.000029,0.039841,0.172361,0.000029,0.185665,0.106096,0.495978
ACGCGGGCCAAGGACA-1,0.000031,0.000031,0.015675,0.000568,0.181161,0.312341,0.490193
ACGCGTTTCTTAAGAG-1,0.00003,0.00003,0.000573,0.00003,0.025817,0.166751,0.80677
ACGCTACTGAATGGGC-1,0.00005,0.633321,0.125598,0.052698,0.174806,0.013426,0.000101
ACGCTAGTGATACACT-1,0.000052,0.021933,0.151114,0.046468,0.000052,0.518791,0.26159
ACGCTGTGAGGCGTAG-1,0.000042,0.000042,0.000042,0.035556,0.272569,0.19445,0.497298
ACGGAACACGAGTGCC-1,0.000055,0.326564,0.150339,0.107478,0.000055,0.209217,0.206292
ACGGAATTTAGCAAAT-1,0.000033,0.000033,0.129655,0.000033,0.002896,0.489282,0.378066
ACGGACGCAGCGACAA-1,0.000022,0.000022,0.167052,0.164732,0.011493,0.573971,0.082708
ACGGACTCTCAAAGCG-1,0.000051,0.436952,0.12035,0.224504,0.000051,0.021873,0.196218
ACGGAGCGCAAATTAC-1,0.000044,0.009935,0.000044,0.000044,0.277965,0.179842,0.532125
ACGGATGGTGCGGATA-1,0.000045,0.855538,0.030046,0.000045,0.000045,0.000961,0.113318
ACGGCACTTGCTTGGG-1,0.000052,0.349178,0.000052,0.117933,0.532526,0.000156,0.000104
ACGGCCAACATGGACT-1,0.001284,0.502192,0.083436,0.000048,0.063169,0.00218,0.347691
ACGGCGACGATGGGAA-1,0.000025,0.087996,0.187467,0.000025,0.294005,0.063748,0.366734
ACGGCGGGTTGCCCTG-1,0.000154,0.082732,0.203627,0.000154,0.000154,0.54025,0.172928
ACGGCTGGATGTAGAA-1,0.000019,0.004389,0.166437,0.065983,0.014717,0.61963,0.128824
ACGGGAGTGTCGGCCC-1,0.005238,0.000017,0.768778,0.000017,0.002325,0.090674,0.132951
ACGGGCGTATGCGACA-1,0.000031,0.000031,0.077855,0.092001,0.000031,0.358382,0.471669
ACGGGTCATGTGACTT-1,0.000035,0.000035,0.004701,0.000035,0.099617,0.3009,0.594678
ACGGGTTGTGACCTGT-1,0.000031,0.000031,0.0077,0.27744,0.000031,0.267701,0.447066
ACGGTACAGTTCAATG-1,0.000051,0.884609,0.000051,0.000051,0.010974,0.06222,0.042044
ACGGTCACCGAGAACA-1,0.000027,0.02385,0.007542,0.065433,0.001081,0.345896,0.556171
ACGTACAGATTTCTCT-1,0.000039,0.008927,0.216155,0.000039,0.024878,0.657937,0.092025
ACGTACTTTGGCACGG-1,0.000032,0.000032,0.22338,0.186001,0.000032,0.335481,0.255042
ACGTAGATTGCTGATG-1,0.000053,0.000053,0.000053,0.009027,0.201275,0.052613,0.736927
ACGTAGGAGAGTCGCT-1,0.000062,0.599766,0.000062,0.000062,0.004016,0.000185,0.395848
ACGTATTACTCCGATC-1,0.000033,0.000884,0.132164,0.000033,0.039226,0.514355,0.313306
ACGTCGGGCAACTCGG-1,0.000053,0.000053,0.000053,0.285875,0.011062,0.206782,0.496122
ACGTCTCGTTCCGGGA-1,0.000025,0.000025,0.183254,0.091373,0.013336,0.184562,0.527425
ACGTGACAAAGTAAGT-1,0.000021,0.0016,0.020871,0.019337,0.170436,0.336679,0.451057
ACGTGCGCCTCGTGCA-1,0.000058,0.000058,0.000058,0.000058,0.004002,0.30549,0.690276
ACGTTAATGTCGAAGA-1,0.000043,0.02845,0.000043,0.000043,0.267953,0.046408,0.657061
ACGTTAGATTTGCCCG-1,0.000052,0.149132,0.000052,0.000052,0.000052,0.000156,0.850503
ACGTTATTGGTCACTC-1,0.000041,0.000041,0.000041,0.000041,0.005356,0.418064,0.576415
ACGTTCACTATGCCGC-1,0.000036,0.021179,0.048521,0.049504,0.02779,0.494579,0.35839
ACGTTCCGCGCTCCGT-1,0.000031,0.000031,0.219788,0.207814,0.004076,0.550262,0.017998
ACGTTCGCAATCAATT-1,0.000052,0.000052,0.000052,0.027463,0.01078,0.170855,0.790745
ACGTTCGTTCAGGAAA-1,0.000022,0.000022,0.238879,0.095911,0.203642,0.445027,0.016497
ACGTTCTGTACAAGTC-1,0.000076,0.729875,0.000076,0.000076,0.074496,0.000227,0.195176
ACGTTGTCGTTGAAAG-1,0.000055,0.010649,0.001558,0.019833,0.000055,0.258131,0.709719
ACGTTTAGTTGTGATC-1,0.000061,0.000061,0.007879,0.000061,0.178439,0.570288,0.243209
ACGTTTCGGTGCACTT-1,0.002256,0.856228,0.114441,0.026522,0.000092,0.000277,0.000184
ACTAAGGACGCACACC-1,0.000042,0.079616,0.000042,0.000042,0.020995,0.000127,0.899136
ACTACAAAGAGAGGTG-1,0.00003,0.026061,0.147882,0.104312,0.075216,0.300656,0.345843
ACTACATCCCGACAAG-1,0.000019,0.0095,0.072557,0.094427,0.050126,0.511126,0.262245
ACTACCAGCTCTCTGG-1,0.000041,0.03447,0.032303,0.007905,0.191722,0.103174,0.630385
ACTACCATCCGAGGGC-1,0.00068,0.000025,0.150395,0.146932,0.022383,0.598838,0.080747
ACTACGCGTTAGAATT-1,0.000046,0.267089,0.01814,0.000046,0.206126,0.075228,0.433325
ACTAGTTGCGATCGTC-1,0.000034,0.000034,0.015858,0.000034,0.02138,0.456648,0.506012
ACTATATGCTGTGTTC-1,0.006847,0.086867,0.256444,0.000089,0.113633,0.411575,0.124546
ACTATCCAGGGCATGG-1,0.000036,0.000036,0.000036,0.075391,0.044959,0.190179,0.689362
ACTATCTGCCCGCGTA-1,0.000024,0.000024,0.135485,0.167675,0.003159,0.474312,0.219322
ACTATGTCCAGCTGCC-1,0.000036,0.000036,0.016184,0.044542,0.000036,0.338441,0.600725
ACTATTCGTCCGTGGT-1,0.000041,0.000041,0.10271,0.000041,0.157318,0.446474,0.293375
ACTATTTCCGGGCCCA-1,0.000041,0.000041,0.000041,0.000041,0.592581,0.27829,0.128966
ACTCAACGAATGTATT-1,0.00009,0.028403,0.02225,0.00009,0.158123,0.662817,0.128227
ACTCAAGTGCAAGGCT-1,0.000063,0.57479,0.000063,0.000063,0.141654,0.00019,0.283177
ACTCAATAAAGGCACG-1,0.000032,0.00085,0.079478,0.159491,0.000032,0.180278,0.579839
ACTCAGACCTGCTTCT-1,0.002546,0.000048,0.032817,0.132998,0.276069,0.524339,0.031184
ACTCATGGCAGCCTTC-1,0.000031,0.000031,0.052218,0.167113,0.020788,0.300123,0.459697
ACTCCAATATCATCAT-1,0.000036,0.008197,0.096352,0.114324,0.000036,0.149654,0.631401
ACTCCCATTCCTAAAG-1,0.000027,0.000027,0.117722,0.025687,0.342748,0.309694,0.204095
ACTCCCGAATTCGTTT-1,0.000025,0.000025,0.281127,0.092835,0.008407,0.5938,0.023782
ACTCCCGTAGACTAGG-1,0.000033,0.000033,0.000033,0.003737,0.088567,0.29004,0.617559
ACTCCCTAATGCTAAA-1,0.000046,0.426558,0.436699,0.000046,0.016727,0.054672,0.065252
