Barcode,Topic 1to2,Topic 3to5,Topic 6to10
AAACAACGAATAGTTC-1,0.288786,0.022041,0.689174
AAACAAGTATCTCCCA-1,0.259879,0.554588,0.185533
AAACACCAATAACTGC-1,0.3044,0.201687,0.493913
AAACAGAGCGACTCCT-1,0.478481,0.071618,0.449901
AAACAGCTTTCAGAAG-1,0.142842,0.371041,0.486117
AAACAGGGTCTATATT-1,0.177245,0.469094,0.35366
AAACAGTGTTCCTGGG-1,0.223795,0.665334,0.110871
AAACATGGTGAGAGGA-1,0.126489,0.41023,0.463281
AAACATTTCCCGGATT-1,0.500841,0.08762,0.411539
AAACCCGAACGAAATC-1,0.55164,0.256632,0.191728
AAACCGGAAATGTTAA-1,0.198963,0.513744,0.287292
AAACCGGGTAGGTACC-1,0.41747,0.318673,0.263857
AAACCGTTCGTCCAGG-1,0.439922,0.180456,0.379622
AAACCTAAGCAGCCGG-1,0.995112,0.000153,0.004735
AAACCTCATGAAGTTG-1,0.166251,0.295421,0.538328
AAACGAAGAACATACC-1,0.342866,0.12431,0.532823
AAACGAAGATGGAGTA-1,0.071214,0.291945,0.636841
AAACGAGACGGTTGAT-1,0.352338,0.040667,0.606995
AAACGCCCGAGATCGG-1,0.036152,0.312254,0.651594
AAACGCTGGGCACGAC-1,0.344133,0.655685,0.000182
AAACGGGCGTACGGGT-1,0.00266,0.345505,0.651835
AAACGGGTTGGTATCC-1,0.409219,0.005144,0.585637
AAACGGTTGCGAACTG-1,0.344883,0.463235,0.191882
AAACGTGTTCGCCCTA-1,0.604458,0.097454,0.298089
AAACTAACGTGGCGAC-1,0.165251,0.315995,0.518754
AAACTCGGTTCGCAAT-1,0.443144,0.231848,0.325008
AAACTCGTGATATAAG-1,0.89679,0.067476,0.035734
AAACTGCTGGCTCCAA-1,0.382606,0.528999,0.088395
AAACTTAATTGCACGC-1,0.217052,0.214739,0.568209
AAACTTGCAAACGTAT-1,0.335311,0.237667,0.427022
AAAGAATGACCTTAGA-1,0.39153,0.233219,0.375251
AAAGAATGTGGACTAA-1,0.456503,0.453871,0.089625
AAAGACATGAAGTTTA-1,0.140333,0.129524,0.730143
AAAGACCCAAGTCGCG-1,0.437571,0.080693,0.481736
AAAGACTGGGCGCTTT-1,0.474705,0.092257,0.433037
AAAGCTTGCCTACATA-1,0.154274,0.564864,0.280862
AAAGGCCCTATAATAC-1,0.180656,0.371561,0.447783
AAAGGCTACGGACCAT-1,0.248358,0.24822,0.503423
AAAGGCTCTCGCGCCG-1,0.430021,0.254166,0.315813
AAAGGGATGTAGCAAG-1,0.219244,0.292752,0.488004
AAAGGGCAGCTTGAAT-1,0.271781,0.060842,0.667378
AAAGGTAAGCTGTACC-1,0.514442,0.380302,0.105257
AAAGTAGCATTGCTCA-1,0.070717,0.439514,0.489769
AAAGTCACTGATGTAA-1,0.340789,0.124855,0.534357
AAAGTCGACCCTCAGT-1,0.116813,0.325158,0.55803
AAAGTGCCATCAATTA-1,0.095563,0.904342,0.000094
AAAGTGTGATTTATCT-1,0.240403,0.234096,0.525501
AAAGTTGACTCCCGTA-1,0.003845,0.159512,0.836643
AAATAACCATACGGGA-1,0.2633,0.026009,0.710691
AAATAAGGTAGTGCCC-1,0.624102,0.123226,0.252671
AAATACCTATAAGCAT-1,0.332954,0.479937,0.187109
AAATAGCTTAGACTTT-1,0.147883,0.153487,0.69863
AAATAGGGTGCTATTG-1,0.828354,0.085849,0.085797
AAATCCGATACACGCC-1,0.01977,0.324447,0.655782
AAATCGCGGAAGGAGT-1,0.298262,0.052737,0.649001
AAATCGTGTACCACAA-1,0.286416,0.01943,0.694155
AAATCTAGCCCTGCTA-1,0.675411,0.129794,0.194795
AAATCTGCCCGCGTCC-1,0.0705,0.864549,0.064951
AAATGACTGATCAAAC-1,0.108453,0.203715,0.687832
AAATGATTCGATCAGC-1,0.504952,0.10636,0.388688
AAATGCTCGTTACGTT-1,0.246645,0.027133,0.726221
AAATGGCATGTCTTGT-1,0.983322,0.000282,0.016396
AAATGGCCCGTGCCCT-1,0.088344,0.546557,0.3651
AAATGGTCAATGTGCC-1,0.062017,0.063727,0.874256
AAATGTATCTTATCCC-1,0.409868,0.019794,0.570337
AAATTAACGGGTAGCT-1,0.939452,0.012811,0.047737
AAATTAATAAGCGCGA-1,0.183513,0.126122,0.690365
AAATTACACGACTCTG-1,0.429289,0.052852,0.517859
AAATTACCTATCGATG-1,0.678534,0.007819,0.313647
AAATTCCAGGTCCAAA-1,0.117545,0.442045,0.440411
AAATTGATAGTCCTTT-1,0.288563,0.342015,0.369422
AAATTGCGGCGGTTCT-1,0.167201,0.000183,0.832616
AAATTGGTGAGAAGCA-1,0.663077,0.038651,0.298272
AAATTTACCGAAATCC-1,0.407812,0.00009,0.592098
AAATTTGCGGGTGTGG-1,0.465656,0.245382,0.288962
AACAACTGGTAGTTGC-1,0.056222,0.06124,0.882538
AACAATACATTGTCGA-1,0.066559,0.513141,0.4203
AACAATTACTCTACGC-1,0.10746,0.188362,0.704179
AACACACGCTCGCCGC-1,0.477902,0.115275,0.406823
AACACGACTGTACTGA-1,0.455558,0.126981,0.417461
AACACGAGACGCGGCC-1,0.181103,0.219306,0.59959
AACACGCGGCCGCGAA-1,0.999245,0.000283,0.000472
AACAGCTGTGTGGCAA-1,0.195243,0.316918,0.487839
AACAGGAAATCGAATA-1,0.983865,0.000432,0.015703
AACAGGATGGGCCGCG-1,0.088766,0.249881,0.661354
AACAGGTAGTATGGAT-1,0.035048,0.39496,0.569991
AACATAGCGTGTATCG-1,0.893105,0.072297,0.034599
AACATATCAACTGGTG-1,0.651424,0.038995,0.309581
AACATCGATACGTCTA-1,0.550917,0.017856,0.431227
AACATTGAAGTTGATC-1,0.074397,0.490294,0.435309
AACATTGGTCAGCCGT-1,0.743545,0.000329,0.256125
AACATTGTGACTCGAG-1,0.303118,0.251555,0.445327
AACCAAGACTTCTCTG-1,0.087779,0.346234,0.565986
AACCAGTATCACTCTT-1,0.002067,0.036565,0.961368
AACCATAGGGTTGAAC-1,0.338993,0.359239,0.301768
AACCATGGGATCGCTA-1,0.627075,0.021921,0.351004
AACCCAGAGACGGAGA-1,0.000025,0.005692,0.994283
AACCCATCCCATGATC-1,0.343286,0.382708,0.274006
AACCCGACAACCCGTG-1,0.38035,0.28924,0.33041
AACCCGAGCAGAATCG-1,0.77804,0.150139,0.071821
AACCCGCTGTATTCCA-1,0.409581,0.425773,0.164646
AACCCTACTGTCAATA-1,0.283959,0.104742,0.611299
AACCCTGGTGGAACCA-1,0.98594,0.000295,0.013765
AACCGAGCTTGGTCAT-1,0.407702,0.000202,0.592097
AACCGCTAAGGGATGC-1,0.620695,0.000131,0.379174
AACCGTTGTGTTTGCT-1,0.998437,0.000586,0.000977
AACCTAAAGCCGTCCG-1,0.3739,0.000139,0.625961
AACCTCGCTTTAGCCC-1,0.961548,0.019432,0.01902
AACCTGTCACGGAATT-1,0.718033,0.148156,0.133811
AACCTTTAAATACGGT-1,0.999095,0.000339,0.000566
AACCTTTACGACGTCT-1,0.183955,0.122225,0.69382
AACGAAAGTCGTCCCA-1,0.265089,0.47357,0.26134
AACGACCTCCTAGCCG-1,0.160889,0.83899,0.000121
AACGATAATGCCGTAG-1,0.591994,0.080066,0.32794
AACGATAGAAGGGCCG-1,0.340875,0.060251,0.598874
AACGATATGTCAACTG-1,0.180118,0.008041,0.811841
AACGCATGATCTGGGT-1,0.368063,0.082641,0.549296
AACGCGAACGGCAACA-1,0.305946,0.10893,0.585124
AACGCGACCTTGGGCG-1,0.250163,0.334739,0.415098
AACGCGGTCTCCAGCC-1,0.451338,0.251803,0.296858
AACGCTGTTGCTGAAA-1,0.290764,0.26765,0.441586
AACGGACGTACGTATA-1,0.611923,0.111809,0.276268
AACGGCCATCTCCGGT-1,0.466943,0.135074,0.397983
AACGTACTGTGGGTAC-1,0.274112,0.153887,0.572001
AACGTCAGACTAGTGG-1,0.358825,0.002355,0.63882
AACGTCATCCGGCTTG-1,0.534736,0.368448,0.096816
AACGTCGCTGCACTTC-1,0.021934,0.829546,0.14852
AACGTGATGAAGGACA-1,0.152973,0.024792,0.822235
AACGTGCGAAAGTCTC-1,0.491016,0.00024,0.508744
AACGTTATCAGCACCT-1,0.529912,0.147175,0.322913
AACGTTCTACCATTGT-1,0.02978,0.828704,0.141517
AACTACCCGTTTGTCA-1,0.303287,0.370314,0.326399
AACTAGGCTTGGGTGT-1,0.304078,0.268307,0.427614
AACTCAAGTTAATTGC-1,0.079666,0.147033,0.773302
AACTCCAGAGCGTGTT-1,0.422174,0.188396,0.389431
AACTCCTAATCCCATG-1,0.402048,0.155357,0.442595
AACTCGATAAACACGT-1,0.280717,0.008702,0.710581
AACTCGATGGCGCAGT-1,0.03807,0.008188,0.953742
AACTCTCAATAGAGCG-1,0.003824,0.064426,0.93175
AACTCTCAGTGTGCTC-1,0.086548,0.424368,0.489084
AACTGAGGTCAGCGTC-1,0.582601,0.194552,0.222847
AACTGAGTTATACTGA-1,0.199645,0.800194,0.000161
AACTGATATTAGGCCT-1,0.999172,0.00031,0.000517
AACTGGGTCCCGACGT-1,0.998961,0.00039,0.00065
AACTGGGTTCGAGCCG-1,0.392134,0.000119,0.607747
AACTTCTGCGTCTATC-1,0.722981,0.000158,0.276861
AACTTGCCCGTATGCA-1,0.24891,0.035483,0.715607
AACTTGCGTTCTCGCG-1,0.082974,0.006103,0.910923
AACTTTACGGGAGCTT-1,0.144683,0.148986,0.706332
AACTTTCTCGATCATG-1,0.040592,0.455171,0.504237
AAGAAAGTTTGATGGG-1,0.301688,0.683352,0.01496
AAGAAATCACCAGATT-1,0.599975,0.312117,0.087908
AAGAAGGATCAGTTAG-1,0.03,0.006467,0.963533
AAGACATACGTGGTTT-1,0.39174,0.60636,0.0019
AAGACCAAATAACTCA-1,0.197107,0.178535,0.624358
AAGACCCAACTGAACA-1,0.237508,0.255886,0.506606
AAGACTAACCCGTTGT-1,0.879139,0.120529,0.000332
AAGACTCACGCCCACT-1,0.390608,0.03574,0.573653
AAGACTGCAAGCTACT-1,0.7318,0.000473,0.267727
AAGAGATGAATCGGTA-1,0.754936,0.000141,0.244923
AAGAGCTCTTTATCGG-1,0.223461,0.0943,0.682239
AAGAGGATGTACGCGA-1,0.474866,0.177081,0.348053
AAGAGGCATGGATCGC-1,0.293731,0.071058,0.635211
AAGAGGCCCTTTGGAA-1,0.296035,0.625683,0.078281
AAGATGGCACCGGACC-1,0.279334,0.255493,0.465173
AAGATTGGCGGAACGT-1,0.926981,0.000119,0.0729
AAGCACCCTGCGTATC-1,0.512502,0.475709,0.011789
AAGCATACTCTCCTGA-1,0.750846,0.176261,0.072893
AAGCCACTTGCAGGTA-1,0.087243,0.828305,0.084452
AAGCCGAAGCGGTTTA-1,0.214247,0.266743,0.519009
AAGCCGCCGTGAAATC-1,0.100027,0.649881,0.250091
AAGCCGCTTTACCTTG-1,0.059108,0.716568,0.224325
AAGCCGGAGAGCAGGA-1,0.072418,0.925437,0.002144
AAGCGCAGGGCTTTGA-1,0.999226,0.00029,0.000484
AAGCGGAGTGCGCGCA-1,0.191946,0.259248,0.548806
AAGCGGCGTCATGGGT-1,0.46704,0.018918,0.514043
AAGCGTCCCTCATCGA-1,0.540254,0.060159,0.399587
AAGCTAGATCGAGTAA-1,0.850627,0.126552,0.022821
AAGCTATGGATTGACC-1,0.281446,0.702029,0.016525
AAGCTCGTGCCAAGTC-1,0.90531,0.000274,0.094416
AAGCTCTTTCATGGTG-1,0.962406,0.000262,0.037332
AAGGAGCGGTTGGTGC-1,0.062331,0.079189,0.85848
AAGGATCGATCGCTTG-1,0.525526,0.333792,0.140682
AAGGATGAGGGACCTC-1,0.906647,0.000139,0.093214
AAGGCAGGCTGTCTCC-1,0.728239,0.255309,0.016452
AAGGCGCGTAAAGCTT-1,0.372344,0.039428,0.588229
AAGGCTGTGCTCATCG-1,0.341274,0.035638,0.623088
AAGGGAACGACTGGCT-1,0.184407,0.34374,0.471853
AAGGGACAGATTCTGT-1,0.385772,0.153535,0.460693
AAGGGACTATGCATTC-1,0.367674,0.31171,0.320616
AAGGGTTAGCCATGCG-1,0.251562,0.667852,0.080587
AAGGGTTTGATTTCAG-1,0.291464,0.403771,0.304765
AAGGTATCCTAATATA-1,0.406961,0.006036,0.587003
AAGGTGATAAACCAGC-1,0.51075,0.06865,0.4206
AAGTAGAAGACCGGGT-1,0.657029,0.006229,0.336742
AAGTAGTGACGCGAGG-1,0.333974,0.192181,0.473844
AAGTCAATTGTCGTCA-1,0.704276,0.106235,0.189489
AAGTCTAGTAGCTGCC-1,0.16266,0.655898,0.181442
AAGTCTTCTGTGGCCT-1,0.007363,0.475228,0.517409
AAGTGACGACCGAATT-1,0.186761,0.178822,0.634417
AAGTGAGTCGGGTTTA-1,0.102614,0.148092,0.749293
AAGTGCAAAGGTAGAC-1,0.090225,0.314919,0.594856
AAGTGCCTTGACTGTA-1,0.193367,0.452993,0.35364
AAGTGCGTTAGAATCT-1,0.116917,0.177994,0.705089
AAGTGCTTCTCTATTG-1,0.310449,0.453594,0.235957
AAGTGTTTGGAGACGG-1,0.666856,0.073526,0.259618
AAGTTCACTCCAAGCT-1,0.04521,0.056509,0.89828
AAGTTCAGTCTGCGTA-1,0.338123,0.124916,0.536961
AAGTTCGGCCAACAGG-1,0.638106,0.128486,0.233407
AAGTTGTGATGTTATA-1,0.329907,0.511278,0.158815
AAGTTTATGGGCCCAA-1,0.002731,0.581496,0.415773
AATAACAACGCTCGGC-1,0.355432,0.004739,0.63983
AATAACACTAGAACAA-1,0.402986,0.171385,0.425629
AATAACGTCGCGCCCA-1,0.141103,0.681029,0.177868
AATAAGTCCTCGAGAC-1,0.999233,0.000288,0.00048
AATAATCTTCGTATCG-1,0.352341,0.434334,0.213325
AATACAATGTTTCAGG-1,0.751687,0.000366,0.247947
AATACCGGAGGGCTGT-1,0.119366,0.474438,0.406196
AATACCTGATGTGAAC-1,0.220757,0.534038,0.245205
AATAGAACAGAGTGGC-1,0.529279,0.01394,0.456781
AATAGAATCTGTTTCA-1,0.105168,0.068658,0.826174
AATAGCAAGCCTCCTG-1,0.175646,0.309668,0.514686
AATAGCTACCGCGTGC-1,0.323525,0.14693,0.529545
AATAGGCACGACCCTT-1,0.413756,0.32222,0.264024
AATAGTCCGTCCCGAC-1,0.37572,0.212525,0.411755
AATAGTCGCGAGTCGG-1,0.585459,0.011998,0.402543
AATATCAAGGTCGGAT-1,0.38671,0.000237,0.613053
AATATCCTAGCAAACT-1,0.203757,0.396064,0.400179
AATATCGAATCAATGC-1,0.353292,0.267237,0.379471
AATATCGAGGGTTCTC-1,0.27077,0.031281,0.697948
AATATTGGAGTATTGA-1,0.256952,0.110312,0.632736
AATCAGACTGCAGGAC-1,0.846213,0.126587,0.0272
AATCAGGTTTCATTTA-1,0.092855,0.577865,0.329279
AATCATGTAAAGACTC-1,0.194955,0.470011,0.335034
AATCCAAGGGCCTGAG-1,0.996281,0.003362,0.000357
AATCCATGCAAGGGTG-1,0.003948,0.000298,0.995754
AATCCCGCTCAGAGCC-1,0.088704,0.46864,0.442657
AATCGAGGTCTCAAGG-1,0.831775,0.167847,0.000379
AATCGCCTCAGCGCCA-1,0.268756,0.064076,0.667168
AATCGCGCAGAGGACT-1,0.822005,0.17694,0.001055
AATCGGGACACTACGA-1,0.297839,0.124791,0.57737
AATCGGTATAGCCCTC-1,0.435182,0.491793,0.073025
AATCGTGAGCCGAGCA-1,0.893954,0.105665,0.000381
AATCTAGGTTTACTTG-1,0.044352,0.377687,0.577961
AATCTATGCCGGAGCC-1,0.003352,0.031459,0.965189
AATCTCTACTGTGGTT-1,0.043308,0.506786,0.449906
AATCTGCGTTGGGACG-1,0.61858,0.000091,0.381328
AATCTGGCTTTCTAGT-1,0.2007,0.482773,0.316528
AATCTGGGTAGACCCT-1,0.317699,0.035615,0.646686
AATGACAGCAATGTCT-1,0.381487,0.28406,0.334453
AATGACGTAGGATGTC-1,0.510911,0.117787,0.371302
AATGACTGTCAGCCGG-1,0.175155,0.006764,0.818081
AATGAGTTCGCATATG-1,0.275653,0.008558,0.715788
AATGATGATACGCTAT-1,0.841608,0.040458,0.117935
AATGATGCGACTCCTG-1,0.539062,0.042534,0.418404
AATGCAACCGGGTACC-1,0.424201,0.063376,0.512423
AATGCACCAAGCAATG-1,0.190056,0.042965,0.766979
AATGGTCCACCGTTCA-1,0.019885,0.065965,0.91415
AATGGTTCTCACAAGC-1,0.180134,0.052968,0.766899
AATGTATGGCACTGTA-1,0.187084,0.259146,0.553769
AATGTGCCCGAGGTGT-1,0.222724,0.401866,0.375409
AATGTGCTAATCTGAG-1,0.382434,0.314797,0.302769
AATGTTAAGACCCTGA-1,0.350474,0.3758,0.273727
AATGTTGTCGTGAGAC-1,0.331323,0.624197,0.044479
AATTAAAGGTCGGCGT-1,0.713909,0.012109,0.273982
AATTAACGGATTTCCA-1,0.352732,0.101545,0.545723
AATTACGAGACCCATC-1,0.006449,0.348647,0.644904
AATTACTCGTACGCTC-1,0.323911,0.000094,0.675995
AATTAGCGCTGCAGCG-1,0.811309,0.003958,0.184734
AATTATACCCAGCAAG-1,0.763305,0.034927,0.201768
AATTCATAAGGGATCT-1,0.850558,0.000117,0.149324
AATTCATTGTCATGCA-1,0.363386,0.302825,0.333789
AATTCCAACTTGGTGA-1,0.677934,0.000316,0.32175
AATTCCAAGCATGTAC-1,0.150684,0.226334,0.622982
AATTCGATTCGAGGAT-1,0.56601,0.219533,0.214457
AATTCTAGAGTTAGGC-1,0.934052,0.00031,0.065638
AATTGAACGCTCTGGT-1,0.102839,0.135225,0.761935
AATTGCAGCAATCGAC-1,0.182467,0.465118,0.352415
AATTGCGTGGATTACA-1,0.132607,0.376467,0.490927
AATTGTGGTTGCCAAA-1,0.267175,0.729867,0.002958
AATTTGGGACATAGTA-1,0.634038,0.000098,0.365864
AATTTGGTTCCAAAGA-1,0.999366,0.000238,0.000396
ACAAACCATGCGTCCT-1,0.156704,0.17818,0.665116
ACAAACCGACAAGGCG-1,0.703689,0.000229,0.296082
ACAAACTCCATCAGAG-1,0.249095,0.484423,0.266481
ACAAAGAAGGTAGGCC-1,0.114867,0.334071,0.551062
ACAAAGCATGACCTAG-1,0.566243,0.061147,0.37261
ACAAATCGCACCGAAT-1,0.234246,0.258344,0.50741
ACAAATGGTAGTGTTT-1,0.038845,0.176033,0.785122
ACAAATTCAGATCTGA-1,0.309954,0.186469,0.503577
ACAACAGCATGAGCTA-1,0.949565,0.000354,0.05008
ACAACGGTCCCTGCGA-1,0.00454,0.049868,0.945592
ACAAGCAGTGCCTAGC-1,0.009208,0.29423,0.696562
ACAAGCTATATGGAAG-1,0.067478,0.177711,0.754811
ACAAGGAAATCCGCCC-1,0.941398,0.058079,0.000523
ACAAGGACAAGAGGTT-1,0.374195,0.02016,0.605644
ACAAGGATGCTTTAGG-1,0.002748,0.142599,0.854654
ACAAGGCCTACCAGCC-1,0.383154,0.122057,0.494789
ACAAGGGCAGGCTCTG-1,0.967407,0.020968,0.011625
ACAAGTAATTGTAAGG-1,0.401612,0.514104,0.084284
ACAATAGTCGTACGTT-1,0.30717,0.496739,0.19609
ACAATCCATTTAAACC-1,0.182584,0.110525,0.706891
ACAATGAATACGGAGA-1,0.106335,0.190112,0.703553
ACAATGATTCTTCTAC-1,0.580357,0.113585,0.306058
ACAATTGTGTCTCTTT-1,0.161372,0.410737,0.427891
ACAATTTAGGAGGCTC-1,0.337345,0.16063,0.502026
ACAATTTGAGCAGTGG-1,0.395145,0.000111,0.604744
ACAATTTGGCCATATT-1,0.088652,0.648756,0.262592
ACACAAAGACGGGTGG-1,0.990876,0.000417,0.008707
ACACAAATATTCCTAG-1,0.000659,0.555619,0.443721
ACACACCAGGACCAGT-1,0.534199,0.050573,0.415227
ACACACTTTCTACACG-1,0.446778,0.023981,0.529241
ACACATGATCAAATCT-1,0.221271,0.59185,0.186879
ACACATTGACGCAACA-1,0.666765,0.000166,0.333069
ACACATTTCCGTAGAC-1,0.608512,0.264965,0.126523
ACACCACATAATTAGC-1,0.086264,0.33091,0.582826
ACACCCAGCATGCAGC-1,0.890764,0.00026,0.108976
ACACCCGAGAAATCCG-1,0.380649,0.069007,0.550344
ACACCGAGCGCTCTTT-1,0.249861,0.151252,0.598887
ACACCGGTCTGACCGC-1,0.05302,0.339224,0.607756
ACACCTTAAGTAGGGC-1,0.187416,0.028388,0.784196
ACACCTTACTACTTGC-1,0.056352,0.557324,0.386324
ACACGAGACTCCTTCT-1,0.894721,0.000325,0.104954
ACACGGCACTATGCAT-1,0.825882,0.000294,0.173825
ACACGGGAACTTAGGG-1,0.912895,0.000392,0.086713
ACACGTAGGCCACAAG-1,0.596615,0.354472,0.048913
ACACTCCAATGTCACT-1,0.007897,0.104228,0.887875
ACACTGATCAAGGTGT-1,0.22606,0.214516,0.559424
ACACTGGGACAGTCGT-1,0.249258,0.530034,0.220708
ACAGAACTGAGAACAA-1,0.188514,0.353453,0.458033
ACAGCGACATTCTCAT-1,0.55676,0.146481,0.296759
ACAGCGCACCCGCAGC-1,0.025886,0.045577,0.928537
ACAGGAGGCGCAGCCG-1,0.05751,0.033383,0.909107
ACAGGCACGGATCCTT-1,0.197853,0.263784,0.538363
ACAGGCTTGCCCGACT-1,0.319975,0.03991,0.640115
ACAGGTGGAGGTGAGG-1,0.049118,0.195025,0.755857
ACAGGTGTGTTGTTGC-1,0.170216,0.167293,0.66249
ACAGTAATACAACTTG-1,0.067949,0.358379,0.573672
ACAGTATACCGTGGGA-1,0.183962,0.254326,0.561711
ACATAAGTCGTGGTGA-1,0.331458,0.411094,0.257449
ACATAATAAGGCGGTG-1,0.781263,0.134598,0.084139
ACATACAATCAAGCGG-1,0.143612,0.483412,0.372975
ACATCAGCTGGGACGC-1,0.225281,0.190192,0.584527
ACATCCCGGCCATACG-1,0.124256,0.302249,0.573495
ACATCCTGGTAACTGT-1,0.35166,0.187209,0.46113
ACATCGATCGTTTACC-1,0.998953,0.000393,0.000655
ACATCGCAATATTCGG-1,0.363963,0.353683,0.282354
ACATCGGTCAGCCGCG-1,0.004383,0.060178,0.935439
ACATCGTATGCAATGG-1,0.060171,0.14115,0.798679
ACATCGTTAACCTAGT-1,0.000049,0.000074,0.999877
ACATCTCAACGCGTAA-1,0.762904,0.074495,0.162602
ACATGCTTACGGCAGC-1,0.70377,0.2961,0.00013
ACATGGCGCCAAAGTA-1,0.592174,0.073906,0.333919
ACATGGCTCAATTTAG-1,0.008645,0.032411,0.958945
ACATTAGTTTATATCC-1,0.031052,0.06922,0.899728
ACATTCGCGCGGAATA-1,0.00404,0.821778,0.174182
ACATTTGAAACCTAAC-1,0.095086,0.513644,0.391269
ACCAAACACCCAGCGA-1,0.656972,0.079804,0.263224
ACCAACACCACACACT-1,0.54962,0.065027,0.385353
ACCAACCGCACTCCAC-1,0.578927,0.361732,0.059341
ACCAACGCTTATTTAT-1,0.241761,0.180674,0.577565
ACCAAGAACGCGTGTC-1,0.968025,0.000393,0.031582
ACCAAGTCATCGGCAG-1,0.718272,0.24883,0.032898
ACCAATATGCAAGTTA-1,0.59458,0.40509,0.00033
ACCACAACTCAGAACA-1,0.007812,0.002543,0.989645
ACCACAAGTTTCTATC-1,0.688683,0.069348,0.241969
ACCACACGGTTGATGG-1,0.620462,0.345217,0.034322
ACCACCAATGTAACAA-1,0.632119,0.15792,0.209961
ACCACCCTCTCTTCTA-1,0.529296,0.215971,0.254733
ACCACGTGCAGCTATA-1,0.992929,0.006724,0.000347
ACCACTGTTCAAGAAG-1,0.21693,0.000104,0.782966
ACCAGACCATAACAAC-1,0.001786,0.326932,0.671282
ACCAGCCCGGTCTTTG-1,0.99939,0.000229,0.000381
ACCAGTGCCCGGTCAA-1,0.173203,0.078106,0.748691
ACCAGTGCGGGAGACG-1,0.416702,0.039698,0.5436
ACCATATCCGCAATAA-1,0.645006,0.005184,0.34981
ACCATCCGCCAACTAG-1,0.35407,0.274244,0.371687
ACCATCGTATATGGTA-1,0.588925,0.071254,0.339821
ACCATTAAGGGTGTCA-1,0.351643,0.000069,0.648288
ACCCAACGCCCGTGGC-1,0.325325,0.111604,0.56307
ACCCACCTACATGCTC-1,0.630684,0.009069,0.360247
ACCCATCTTGAGGGTA-1,0.566066,0.001024,0.432909
ACCCATTTGTCCCTCT-1,0.581192,0.289714,0.129094
ACCCGAGCGAAATTAC-1,0.46567,0.271311,0.263019
ACCCGATTGGTTCCGA-1,0.064826,0.563501,0.371673
ACCCGGAAACTCCCAG-1,0.298206,0.040169,0.661625
ACCCGGAGCACCACAA-1,0.197144,0.711676,0.09118
ACCCGGATGACGCATC-1,0.254638,0.101831,0.643531
ACCCGGTTACACTTCC-1,0.3868,0.00014,0.61306
ACCCGTAGCAGAGAAT-1,0.000012,0.774452,0.225536
ACCCGTAGTCTAGTTG-1,0.174605,0.816169,0.009227
ACCCGTGTCATCAGTA-1,0.016972,0.289562,0.693467
ACCCTATAGGACTGAG-1,0.003076,0.012018,0.984906
ACCCTATGCCATATCG-1,0.342964,0.217604,0.439431
ACCCTCCCGTCAGGGC-1,0.052425,0.567963,0.379613
ACCCTCCCTTGCTATT-1,0.00016,0.209599,0.790241
ACCCTGGTAACGCCCT-1,0.040266,0.094617,0.865117
ACCCTTCATCTGCGAA-1,0.476386,0.081701,0.441913
ACCCTTGCCTGGGTCG-1,0.439202,0.560609,0.000189
ACCCTTTAGTTCTCCA-1,0.137587,0.000078,0.862334
ACCGAAAGGGCCCTGC-1,0.245819,0.13006,0.624121
ACCGAAGAGTCTGGTT-1,0.340629,0.21407,0.445301
ACCGACACATCTCCCA-1,0.026821,0.188893,0.784286
ACCGACTGAGTCCCAC-1,0.7398,0.210773,0.049427
ACCGAGTCTCCTTATT-1,0.365741,0.486429,0.14783
ACCGATAGGCATAACC-1,0.152629,0.70949,0.137881
ACCGATATTTAATCAT-1,0.579103,0.395413,0.025484
ACCGATGGTAGCATCG-1,0.371075,0.161095,0.46783
ACCGCAATAACTGCCT-1,0.769332,0.087248,0.14342
ACCGCGGTGGAAGTCG-1,0.805319,0.005432,0.189249
ACCGCTAGTCATTGGT-1,0.000012,0.633956,0.366032
ACCGGGCCTTTGTTGA-1,0.457947,0.098608,0.443445
ACCGGTCAGGTACACC-1,0.181018,0.417079,0.401903
ACCGGTCTGAGTACGG-1,0.3414,0.063209,0.595392
ACCGTCCACTGGGCCC-1,0.113839,0.231607,0.654555
ACCGTGACCACGTGGG-1,0.219174,0.198263,0.582562
ACCTAAGTACCTTTCA-1,0.122103,0.452166,0.42573
ACCTAATCGACTTCCT-1,0.504714,0.139927,0.35536
ACCTACAGTATGTGGT-1,0.514965,0.252438,0.232597
ACCTACTATAAATCTA-1,0.095231,0.51505,0.389719
ACCTCAGCGAGGCGCA-1,0.105351,0.180283,0.714366
ACCTCCGCCCTCGCTG-1,0.290288,0.354751,0.354961
ACCTCCGTTATTCACC-1,0.128492,0.387737,0.483772
ACCTCGAACTTATGCT-1,0.106805,0.356039,0.537156
ACCTGCGTGTCATGTT-1,0.219255,0.323602,0.457142
ACGAAATGGGCGGCAC-1,0.45615,0.10889,0.43496
ACGACCCATGAGTTGC-1,0.291337,0.708528,0.000135
ACGACTCTAGGGCCGA-1,0.09725,0.286125,0.616625
ACGACTGGTCATACTC-1,0.058238,0.492588,0.449174
ACGAGAACCCATCACG-1,0.920167,0.000218,0.079615
ACGAGATATTTGCTTA-1,0.024993,0.015156,0.959851
ACGAGGATACCACTCT-1,0.017673,0.44222,0.540106
ACGAGGTTTACAACGT-1,0.041196,0.533575,0.425229
ACGAGTACGGATGCCC-1,0.476014,0.095334,0.428652
ACGAGTCGCCGGCGTT-1,0.037239,0.007879,0.954882
ACGATACATAGAACTA-1,0.4304,0.028468,0.541132
ACGATACCTATCCTGA-1,0.06076,0.128094,0.811145
ACGATCATACATAGAG-1,0.57903,0.00048,0.42049
ACGATCATCTTGTAAA-1,0.614104,0.017591,0.368305
ACGATGCATATGTTAT-1,0.595641,0.023526,0.380833
ACGATGGATCCGATGC-1,0.919314,0.00038,0.080307
ACGCAAACTAATAGAT-1,0.671936,0.087318,0.240746
ACGCAATCACTACAGC-1,0.453616,0.156139,0.390245
ACGCATAAATGACATG-1,0.000583,0.560256,0.439161
ACGCATACGTTTACTA-1,0.384443,0.383058,0.232499
ACGCATTCGTGAGTAC-1,0.583192,0.053073,0.363735
ACGCCACTCGAAACAG-1,0.256178,0.161389,0.582433
ACGCCAGATGATTTCT-1,0.284235,0.010562,0.705203
ACGCCAGTGCGTTTGC-1,0.11849,0.680005,0.201505
ACGCCCAGCTGTCGAT-1,0.999236,0.000286,0.000477
ACGCCGCTAGACGACC-1,0.777012,0.222407,0.000581
ACGCCTGACACGCGCT-1,0.052722,0.075341,0.871937
ACGCGAAGTCAGACGA-1,0.08793,0.135617,0.776452
ACGCGCTACACAGGGT-1,0.049071,0.438724,0.512205
ACGCGGGCCAAGGACA-1,0.34289,0.040434,0.616676
ACGCGTTTCTTAAGAG-1,0.091063,0.160485,0.748452
ACGCTACTGAATGGGC-1,0.193831,0.78905,0.017119
ACGCTAGTGATACACT-1,0.38137,0.057453,0.561177
ACGCTGTGAGGCGTAG-1,0.252424,0.26131,0.486266
ACGCTTAGTGTCTCTC-1,0.000956,0.000076,0.998968
ACGGAACACGAGTGCC-1,0.489011,0.330854,0.180135
ACGGAATTTAGCAAAT-1,0.694232,0.000225,0.305543
ACGGACGCAGCGACAA-1,0.05724,0.539588,0.403172
ACGGACTCTCAAAGCG-1,0.396053,0.603157,0.00079
ACGGAGCGCAAATTAC-1,0.410025,0.060887,0.529088
ACGGATGGTGCGGATA-1,0.585982,0.288959,0.125059
ACGGCACTTGCTTGGG-1,0.009797,0.054413,0.93579
ACGGCCAACATGGACT-1,0.002644,0.245401,0.751955
ACGGCGACGATGGGAA-1,0.999273,0.000273,0.000454
ACGGCGGGTTGCCCTG-1,0.998893,0.000415,0.000692
ACGGCTGGATGTAGAA-1,0.32346,0.153047,0.523493
ACGGGAGTGTCGGCCC-1,0.266118,0.370299,0.363583
ACGGGCGTATGCGACA-1,0.021452,0.132615,0.845933
ACGGGTCATGTGACTT-1,0.492228,0.169566,0.338206
ACGGGTTGTGACCTGT-1,0.279316,0.633959,0.086725
ACGGTACAGTTCAATG-1,0.572225,0.312309,0.115466
ACGGTCACCGAGAACA-1,0.123136,0.480314,0.39655
ACGTACAGATTTCTCT-1,0.998599,0.000526,0.000876
ACGTACTTTGGCACGG-1,0.141422,0.487104,0.371474
ACGTAGATTGCTGATG-1,0.5544,0.293065,0.152535
ACGTAGGAGAGTCGCT-1,0.001869,0.372057,0.626074
ACGTATTACTCCGATC-1,0.132926,0.346804,0.52027
ACGTCGGGCAACTCGG-1,0.157714,0.760209,0.082077
ACGTCTCGTTCCGGGA-1,0.109082,0.431281,0.459637
ACGTGACAAAGTAAGT-1,0.108698,0.242797,0.648505
ACGTGCGCCTCGTGCA-1,0.831123,0.167705,0.001171
ACGTGGTCGAATGTGC-1,0.154873,0.000098,0.845029
ACGTTAATGTCGAAGA-1,0.64234,0.351433,0.006227
ACGTTAGATTTGCCCG-1,0.636466,0.000101,0.363433
ACGTTATTGGTCACTC-1,0.577589,0.000143,0.422268
ACGTTCACTATGCCGC-1,0.260298,0.56813,0.171572
ACGTTCGCAATCAATT-1,0.585895,0.373566,0.04054
ACGTTCGTTCAGGAAA-1,0.249365,0.295342,0.455292
ACGTTCTGTACAAGTC-1,0.354902,0.434564,0.210534
ACGTTGTCGTTGAAAG-1,0.246371,0.741178,0.012451
ACGTTTAGTTGTGATC-1,0.998752,0.000468,0.00078
ACGTTTCGGTGCACTT-1,0.052234,0.813054,0.134712
ACTAAGGACGCACACC-1,0.354806,0.46754,0.177654
ACTAATACGTCAGGCG-1,0.370458,0.036566,0.592976
ACTACAAAGAGAGGTG-1,0.674591,0.293138,0.032271
ACTACATCCCGACAAG-1,0.000816,0.351743,0.647441
ACTACCAGCTCTCTGG-1,0.056397,0.046393,0.89721
ACTACCATCCGAGGGC-1,0.257121,0.65997,0.082908
ACTACGCGTTAGAATT-1,0.712576,0.012462,0.274962
ACTAGTTGCGATCGTC-1,0.215777,0.12941,0.654813
ACTATATGCTGTGTTC-1,0.245186,0.204184,0.55063
ACTATCCAGGGCATGG-1,0.104164,0.219719,0.676117
ACTATCGCCGGCTAAA-1,0.014268,0.014633,0.9711
ACTATCTGCCCGCGTA-1,0.177422,0.424004,0.398574
ACTATGTCCAGCTGCC-1,0.151513,0.336023,0.512464
ACTATTCGTCCGTGGT-1,0.155645,0.000112,0.844243
ACTATTTCCGGGCCCA-1,0.512892,0.462788,0.02432
ACTCAACGAATGTATT-1,0.999392,0.000228,0.00038
ACTCAAGTGCAAGGCT-1,0.086973,0.178143,0.734884
ACTCAATAAAGGCACG-1,0.399181,0.000539,0.600281
ACTCAGACCTGCTTCT-1,0.940926,0.058258,0.000816
ACTCATGGCAGCCTTC-1,0.055361,0.406569,0.53807
ACTCCAATATCATCAT-1,0.487105,0.203434,0.309461
ACTCCCATTCCTAAAG-1,0.010291,0.403658,0.586051
ACTCCCGAATTCGTTT-1,0.519462,0.21353,0.267008
ACTCCCGTAGACTAGG-1,0.856051,0.072101,0.071848
ACTCCCTAATGCTAAA-1,0.723002,0.276538,0.00046
ACTCCCTAGAATAGTA-1,0.437699,0.559466,0.002835
ACTCCGGCCGACCACT-1,0.182928,0.66134,0.155732
ACTCGATGTATTTCAT-1,0.355964,0.000919,0.643117
ACTCGCCGTTCGATAA-1,0.005269,0.672304,0.322428
ACTCGCGATCTGACGC-1,0.066872,0.667621,0.265508
ACTCGTAACCCGTCCT-1,0.003231,0.394018,0.602751
ACTCGTCAGTAATCCC-1,0.141061,0.106659,0.75228
ACTCTAAACCTGGGAT-1,0.293153,0.051354,0.655493
ACTCTCTGACTTAGGT-1,0.148467,0.08734,0.764193
ACTCTCTTATACACGA-1,0.348311,0.000128,0.65156
ACTCTGACCTAATAGA-1,0.42796,0.281802,0.290238
ACTCTTCAGCTCCCGC-1,0.639354,0.34112,0.019526
ACTCTTGTATAGTAAC-1,0.999173,0.00031,0.000517
ACTGAAACGCCGTTAG-1,0.562431,0.005871,0.431697
ACTGAATGGCGAAAGT-1,0.020593,0.013959,0.965448
ACTGATTTAGTGATTC-1,0.000783,0.111994,0.887224
ACTGCCCGCCATTCTC-1,0.150597,0.469623,0.37978
ACTGCCGTCGTAACTC-1,0.88164,0.000412,0.117947
ACTGCGGACACACCGT-1,0.500343,0.467088,0.032569
ACTGCTCGGAAGGATG-1,0.006421,0.314802,0.678777
ACTGGCGAACCTGCGT-1,0.523157,0.192725,0.284118
ACTGGGATGCCAGTGC-1,0.245594,0.680347,0.074059
ACTGTACGATACACAT-1,0.684001,0.013212,0.302788
ACTGTAGCACTTTGGA-1,0.380354,0.010013,0.609633
ACTGTATACGCGAGCA-1,0.604034,0.000183,0.395783
ACTGTCCAGGATTATA-1,0.937405,0.000302,0.062293
ACTGTCTTCTTTAGAA-1,0.326589,0.295622,0.37779
ACTGTGCTAGTAGATC-1,0.297728,0.000226,0.702046
ACTTACCGGGCGCGCA-1,0.287888,0.018702,0.69341
ACTTACGCATCCACGC-1,0.8274,0.172218,0.000382
ACTTAGTACGACAAGA-1,0.193376,0.000122,0.806502
ACTTATACTTACCCGG-1,0.888246,0.000161,0.111593
ACTTATTAGGATCGGT-1,0.000043,0.010382,0.989576
ACTTATTTATGTGCCA-1,0.194442,0.146111,0.659447
ACTTCAGGCTGATCCC-1,0.607959,0.000231,0.39181
ACTTCCAGTGGAAGCT-1,0.263611,0.344485,0.391904
ACTTCCATGCGGGACA-1,0.594609,0.000168,0.405224
ACTTCGCCATACGCAC-1,0.008987,0.012593,0.97842
ACTTCGCTAGCGAGTG-1,0.382859,0.273124,0.344017
ACTTGACTCCCTCTTT-1,0.861343,0.000469,0.138188
ACTTGCTCTATCTACC-1,0.19431,0.687362,0.118327
ACTTGGGACCCGGTGG-1,0.636117,0.092555,0.271328
ACTTGGGCTTTCGCCA-1,0.223011,0.171045,0.605944
ACTTGTAGTCCCTTCA-1,0.306541,0.406644,0.286815
ACTTGTGGATGGAACG-1,0.62836,0.148184,0.223456
ACTTGTTACCGGATCA-1,0.39111,0.396391,0.212499
ACTTTACCCTCATGAA-1,0.210592,0.193975,0.595432
ACTTTATACACCACTT-1,0.031649,0.602779,0.365572
ACTTTCCTATAGCTTC-1,0.188826,0.536388,0.274785
ACTTTGACTGCATCCT-1,0.054716,0.592619,0.352666
ACTTTGGTCGTGCTCC-1,0.159223,0.195175,0.645602
ACTTTGTCGACGCACT-1,0.370212,0.458376,0.171412
AGAAATTATGACTCGC-1,0.503732,0.457699,0.038569
AGAACACGGCGATGGT-1,0.065291,0.636237,0.298472
AGAACCCAGCGTGACA-1,0.76746,0.20702,0.02552
AGAACCCTCAATTGGG-1,0.002384,0.439658,0.557958
AGAACGTGGTACATTC-1,0.018188,0.009812,0.971999
AGAACTGTACTTTGTA-1,0.467788,0.340059,0.192153
AGAAGAGCGCCGTTCC-1,0.743174,0.001288,0.255538
AGAAGGTACACTTCAC-1,0.141379,0.332478,0.526144
AGAAGGTTGCCGAATT-1,0.100514,0.116003,0.783483
AGAAGGTTGTAGGTCG-1,0.418087,0.212323,0.369591
AGAAGTGATTCGTGAT-1,0.010967,0.227511,0.761522
AGAATAAATCTTCAGG-1,0.022527,0.317069,0.660404
AGAATACAGGCTATCC-1,0.137951,0.553393,0.308656
AGAATGCGGGTTCGGA-1,0.999801,0.000075,0.000124
AGAATTATGGATTCGA-1,0.645513,0.003367,0.35112
AGAATTGTTTGACATA-1,0.088733,0.057353,0.853914
AGACAGCTCAGAATCC-1,0.020043,0.114416,0.865541
AGACAGGCATCTCAGC-1,0.01059,0.981903,0.007508
AGACCAAACCACACCT-1,0.023963,0.368142,0.607895
AGACCATGGGATACAA-1,0.285116,0.023842,0.691042
AGACCCACCGCTGATC-1,0.813212,0.030787,0.156001
AGACCCGCCCTCCTCG-1,0.901227,0.098452,0.000321
AGACCGCTCCGCGGTT-1,0.157945,0.438761,0.403294
AGACCGGGAAACCCTG-1,0.032843,0.592147,0.375009
AGACGAAGTGCCGGTC-1,0.583266,0.338684,0.07805
AGACGACGATGCCGCT-1,0.287505,0.378914,0.333581
AGACGCCCACTTCGCC-1,0.622915,0.369443,0.007642
AGACGGGATTGGTATA-1,0.007766,0.000058,0.992176
AGACGGGCCGATTTAA-1,0.211895,0.094471,0.693633
AGACTAGCCTTCCAGA-1,0.00004,0.013547,0.986413
AGACTGTTACCGGGTC-1,0.378028,0.305976,0.315996
AGAGAAACACCAGAAA-1,0.002473,0.739913,0.257615
AGAGAACCGTCTAGGA-1,0.595931,0.04873,0.355338
AGAGAAGGAGTACAAT-1,0.039075,0.582018,0.378906
AGAGATCTCTAAAGCG-1,0.268023,0.270527,0.46145
AGAGCAGTTATGAGAC-1,0.056645,0.259614,0.683741
AGAGCCGCCGAGATTT-1,0.49141,0.506342,0.002247
AGAGCGCTTGTAACGG-1,0.53973,0.34336,0.116909
AGAGCGGGCTAATCAT-1,0.989853,0.000401,0.009746
AGAGCGTACAAGCTCG-1,0.921204,0.056505,0.022291
AGAGCTACGAAAGCAT-1,0.1215,0.000343,0.878158
AGAGGCTTCGGAAACC-1,0.094958,0.237631,0.667411
AGAGGGACAATTGTCC-1,0.05953,0.438387,0.502083
AGAGTAAACTTCACTA-1,0.084389,0.522915,0.392696
AGAGTATAGTGTTACG-1,0.332605,0.270621,0.396773
AGAGTCTTAATGAAAG-1,0.356956,0.615555,0.027489
AGAGTTAGAGACCGAT-1,0.788116,0.007281,0.204604
AGAGTTGCAGGCCTCC-1,0.789975,0.099292,0.110733
AGATAACTTCAGGGCC-1,0.23398,0.041475,0.724545
AGATAATCACACCTAT-1,0.151295,0.374065,0.47464
AGATACCAATAGAACC-1,0.369813,0.556476,0.073711
AGATACCAGCACTTCA-1,0.294684,0.160603,0.544713
AGATACCGGTGTTCAC-1,0.492361,0.122166,0.385473
AGATACGACTTCATAT-1,0.345179,0.000163,0.654659
AGATACTCAAGATCGA-1,0.114874,0.098188,0.786939
AGATATAATACGACTA-1,0.999497,0.000188,0.000314
AGATCGTGCATAAGAT-1,0.21939,0.052108,0.728502
AGATCTCAGGTGTGAT-1,0.012438,0.072118,0.915444
AGATCTGGAGAGGATA-1,0.100854,0.561094,0.338052
AGATGACTCGCCCACG-1,0.430476,0.063194,0.50633
AGATGAGGGTTGCGAT-1,0.357708,0.065886,0.576405
AGATGATGGAGTCTGG-1,0.12789,0.460969,0.411141
AGATGCAAGACGTGCA-1,0.280989,0.225911,0.493101
AGATGCATCCTGTGTC-1,0.306402,0.422302,0.271296
AGATGCTATAACGAGC-1,0.004068,0.012342,0.98359
AGATTATAGGACGTTT-1,0.355394,0.161357,0.483249
AGATTCAAGCGGGTCG-1,0.36582,0.054024,0.580156
AGATTCACAACCGATA-1,0.055839,0.338849,0.605312
AGCAAAGGCCGCTAGT-1,0.999198,0.000301,0.000501
AGCAACATATCTTATT-1,0.549407,0.288887,0.161707
AGCAACCGAAAGTAAT-1,0.115305,0.284993,0.599702
AGCACACGTTTAGACT-1,0.002399,0.591859,0.405741
AGCACCAGTACTCACG-1,0.898594,0.100914,0.000492
AGCACTACCGGCCTGT-1,0.297443,0.089748,0.612809
AGCACTACCTCACCAG-1,0.400192,0.070751,0.529057
AGCACTTAAGGACGCC-1,0.555336,0.001933,0.442731
AGCAGAAGGAGAAAGA-1,0.344988,0.102977,0.552035
AGCAGCCAGATGAATA-1,0.00002,0.192907,0.807074
AGCAGTCGAAGCATGC-1,0.83519,0.164328,0.000482
AGCATATCAATATGCT-1,0.308264,0.209759,0.481977
AGCATCATTTCGAAAG-1,0.128408,0.226362,0.64523
AGCATCGTCGATAATT-1,0.919267,0.08025,0.000484
AGCATTACGAGGCAAG-1,0.462738,0.355379,0.181882
AGCCAAGCTTTGTGTC-1,0.213718,0.247505,0.538777
AGCCACAGGTTACCCG-1,0.459172,0.209018,0.331809
AGCCACTCCCGTGCTT-1,0.007082,0.003554,0.989364
AGCCATATAGTATGTG-1,0.142972,0.361622,0.495406
AGCCCATACATGTAAG-1,0.170487,0.306923,0.522589
AGCCCGCAACAAGCAG-1,0.194744,0.66454,0.140715
AGCCCGCACTACAATG-1,0.168748,0.643139,0.188114
AGCCCGGCATTAGAGG-1,0.325617,0.193288,0.481095
AGCCCGGTAGCCTGTA-1,0.477765,0.270336,0.251899
AGCCCTAAGCGAAGTT-1,0.621023,0.068878,0.3101
AGCCCTCCCTGGTGGC-1,0.008438,0.571015,0.420546
AGCCCTGTCGCACCGT-1,0.085411,0.502061,0.412528
AGCCCTTCTAATCCGA-1,0.130744,0.12353,0.745725
AGCCCTTGGACATCCC-1,0.364751,0.604074,0.031175
AGCCGCAAATTCAAAT-1,0.127557,0.317084,0.555359
AGCCGCTTGATTAGCG-1,0.295178,0.000075,0.704748
AGCCGTGGCTAAATGT-1,0.213278,0.398867,0.387856
AGCCTAATACCCACGT-1,0.128737,0.247048,0.624216
AGCCTTAAAGCGGAAG-1,0.156757,0.117719,0.725524
AGCCTTGTCACTGATA-1,0.000254,0.870567,0.129179
AGCGACAGGAACGGTC-1,0.336748,0.158797,0.504456
AGCGACCAACGATATT-1,0.999091,0.000341,0.000568
AGCGACTTTGAAGACA-1,0.139047,0.602105,0.258848
AGCGAGACGTGAAGGC-1,0.076991,0.552656,0.370354
AGCGATGCGCCTAATA-1,0.184048,0.495783,0.320169
AGCGCATAATGAATCG-1,0.099499,0.091028,0.809473
AGCGCGGGTGCCAATG-1,0.267353,0.095127,0.63752
AGCGCTAGAGCGATGT-1,0.112738,0.340395,0.546867
AGCGCTTATGGGCAAG-1,0.559421,0.000096,0.440482
AGCGGACACTTCGTAG-1,0.006604,0.237353,0.756044
AGCGGCGGTTAGCGGT-1,0.207013,0.417795,0.375192
AGCGGGAAGGGTCCAT-1,0.276595,0.013092,0.710313
AGCGGGTCTGACACTC-1,0.000812,0.258929,0.740259
AGCGGTTGAGATGTAC-1,0.205753,0.028016,0.766231
AGCGGTTGCCGCTCTG-1,0.067788,0.288981,0.643231
AGCGTACGAGAGCTAG-1,0.000046,0.002336,0.997618
AGCGTAGCGCTAGACC-1,0.999355,0.000242,0.000403
AGCGTCTGAACCCGCA-1,0.927868,0.07157,0.000562
AGCGTGGTATTCTACT-1,0.981555,0.017599,0.000846
AGCGTTCCGATTTAAA-1,0.191811,0.028467,0.779722
AGCTAACAAGCAATGT-1,0.318672,0.229143,0.452185
AGCTAAGCTCCGTCCG-1,0.00001,0.80051,0.19948
AGCTAAGTACGCAGGC-1,0.122175,0.075243,0.802582
AGCTACGAATGGTGGT-1,0.46378,0.259475,0.276744
AGCTAGAAGCAGAAGT-1,0.375539,0.023124,0.601337
AGCTATTTAATCCAAC-1,0.096925,0.000108,0.902968
AGCTCCATATATGTTC-1,0.251579,0.738942,0.009478
AGCTCCTTCGCACATC-1,0.00121,0.32689,0.6719
AGCTCGTTGATGGAAA-1,0.563146,0.272612,0.164242
AGCTCTAGACGTTCCA-1,0.000038,0.09084,0.909123
AGCTCTTCCCAGTGCA-1,0.359635,0.009725,0.63064
AGCTCTTCGTAACCTT-1,0.467778,0.223737,0.308485
AGCTCTTTACTCAGTT-1,0.132454,0.049408,0.818138
AGCTGAAGTAAACCAA-1,0.630165,0.00382,0.366014
AGCTGTAACCTCAATC-1,0.004571,0.489191,0.506238
AGCTTCAATACTTTGA-1,0.998983,0.000381,0.000635
AGCTTCTTCTCGAGCA-1,0.004134,0.610027,0.385839
AGCTTGATCAGGGTAG-1,0.206313,0.598549,0.195138
AGCTTGATCTTAACTT-1,0.411732,0.35698,0.231287
AGGAAAGCCTCTGATG-1,0.072854,0.000123,0.927023
AGGAACGAACGACTTC-1,0.326654,0.673254,0.000092
AGGAAGCTGTCCGCCG-1,0.060552,0.138158,0.80129
AGGACAGTCGAATCCC-1,0.502248,0.000146,0.497606
AGGACATCGCACGTCG-1,0.000049,0.020131,0.97982
AGGACATCGGCACACT-1,0.02237,0.886133,0.091497
AGGACGACCCATTAGA-1,0.140869,0.046925,0.812206
AGGACGCTCGATGTTG-1,0.130503,0.100911,0.768585
AGGACTTATAGGAGAA-1,0.185208,0.004014,0.810778
AGGAGACATCCACAGT-1,0.003541,0.414621,0.581838
AGGAGAGTCTGGCTAC-1,0.012874,0.635826,0.3513
AGGAGCGTTTATTATC-1,0.751942,0.189776,0.058282
AGGAGGCCTTCGCGCG-1,0.820235,0.098023,0.081742
AGGATAAAGTCGGGAT-1,0.968665,0.000286,0.031049
AGGATATAGGGATTTA-1,0.286406,0.234165,0.479429
AGGATATCCGACTGCA-1,0.000641,0.701946,0.297413
AGGATCACGCGATCTG-1,0.00167,0.448824,0.549506
AGGATTGCTTACGACA-1,0.105561,0.238804,0.655635
AGGCAATACGGAGGAC-1,0.170799,0.003422,0.825779
AGGCACGTGACTGTCC-1,0.273072,0.61725,0.109678
AGGCAGATGCGTAAAC-1,0.778864,0.000108,0.221027
AGGCAGGGAGCGTACT-1,0.686525,0.119075,0.194399
AGGCATTGTCGTAGGG-1,0.241972,0.466181,0.291847
AGGCCACATTGGTTAC-1,0.127514,0.703162,0.169325
AGGCCACCCGTTATGA-1,0.120534,0.066774,0.812691
AGGCCCAGTGACTGGT-1,0.32267,0.000131,0.677199
AGGCCCTAGAACGCCA-1,0.294872,0.191061,0.514068
AGGCCTATCATACCAA-1,0.247848,0.49166,0.260492
AGGCCTGAGAATCTCG-1,0.000499,0.271672,0.727829
AGGCGATAACTGGCGT-1,0.701156,0.298687,0.000157
AGGCGGTTTGTCCCGC-1,0.220692,0.435902,0.343406
AGGCGTCTATGGACGG-1,0.609661,0.140825,0.249513
AGGCTATGGTTAGCTT-1,0.258129,0.072158,0.669713
AGGCTTAAGTTGCACA-1,0.080489,0.339065,0.580446
AGGCTTCCCGAAGAAG-1,0.029573,0.167739,0.802688
AGGCTTGCTAGACACC-1,0.453787,0.086568,0.459645
AGGGAAACGAGGTACT-1,0.058727,0.062781,0.878492
AGGGACCGGCTGCGTT-1,0.514019,0.065245,0.420736
AGGGACTCTACGCGAC-1,0.786426,0.000198,0.213376
AGGGAGACATACTTCG-1,0.203161,0.298746,0.498093
AGGGCAGCGGCGTGGT-1,0.385527,0.000164,0.614309
AGGGCCCTAATGTTCT-1,0.716715,0.283101,0.000183
AGGGCGAGCAGCTGAT-1,0.192594,0.37958,0.427826
AGGGCGTGATCGGCTA-1,0.538996,0.000191,0.460813
AGGGCTGCAGTTACAG-1,0.401387,0.556934,0.041678
AGGGTCAGAGCACTCG-1,0.142028,0.480094,0.377878
AGGGTCAGTAACCCTA-1,0.360724,0.097802,0.541474
AGGGTCGATGCGAACT-1,0.298168,0.039055,0.662777
AGGGTCTGGACGCAGT-1,0.0638,0.936073,0.000127
AGGGTGCCGTTCTTTA-1,0.134852,0.354617,0.510531
AGGGTGCTCTCGAGGG-1,0.350023,0.03749,0.612487
AGGGTGGATAGTGCAT-1,0.502896,0.058251,0.438853
AGGGTTCAGACGGTCC-1,0.599745,0.390599,0.009656
AGGGTTCCCTTTGGTT-1,0.107998,0.29648,0.595523
AGGGTTTAGTTCGGGA-1,0.258368,0.172955,0.568677
AGGTAACCTCCTATTC-1,0.500102,0.000286,0.499611
AGGTACGATATTGCCA-1,0.019765,0.002533,0.977702
AGGTAGATCGAGATAT-1,0.001955,0.073355,0.92469
AGGTAGGTACAAAGCT-1,0.13637,0.039021,0.824609
AGGTATAATTGATAGT-1,0.348625,0.101687,0.549688
AGGTATGCGGACATTA-1,0.020702,0.480235,0.499063
AGGTCAGGTGAGAGTG-1,0.435342,0.22199,0.342667
AGGTCGCCACTTCGGT-1,0.999488,0.000192,0.00032
AGGTCGCCTCCCAACA-1,0.511638,0.487892,0.00047
AGGTCGCGGAGTTACT-1,0.20773,0.088229,0.704041
AGGTGCACGTCCACAT-1,0.262046,0.558235,0.179719
AGGTGGTGACCTTCGC-1,0.002571,0.472464,0.524965
AGGTGTATCGCCATGA-1,0.070422,0.275169,0.654409
AGGTGTTGCCGACCAC-1,0.060879,0.883211,0.05591
AGGTTACACCATGCCG-1,0.661171,0.269507,0.069323
AGGTTCTCCTTTCCGG-1,0.161555,0.434405,0.40404
AGGTTGAGGCACGCTT-1,0.002217,0.070172,0.927611
AGGTTTCACACACCTT-1,0.430846,0.391108,0.178046
AGTAACGTTCATCCTG-1,0.081017,0.030363,0.88862
AGTAACTATAGCAGCC-1,0.28398,0.593024,0.122996
AGTAAGGGACAGAATC-1,0.459311,0.372214,0.168474
AGTAATCTAAGGGTGG-1,0.992136,0.007672,0.000192
AGTAATTTGCAAGCGT-1,0.134745,0.531047,0.334208
AGTACAGAAGCTTATA-1,0.81165,0.057919,0.130431
AGTACATCATTTATCA-1,0.571496,0.26532,0.163184
AGTACCTTCGAGTGCT-1,0.077008,0.207414,0.715578
AGTACGGCCCGTATCG-1,0.189223,0.208965,0.601812
AGTACGGGCACCTGGC-1,0.452432,0.000144,0.547424
AGTACGTGGCCTGTCT-1,0.419262,0.000164,0.580575
AGTACTCTTATGCCCA-1,0.082417,0.144979,0.772604
AGTAGAAGGCGCCTCA-1,0.397126,0.495947,0.106927
AGTAGCGTGAACGAAC-1,0.999175,0.000309,0.000516
AGTAGCTAGACGCCGA-1,0.602977,0.047257,0.349766
AGTAGGAAGGAAGTTG-1,0.841466,0.020196,0.138339
AGTAGGTAACATACAT-1,0.362528,0.008779,0.628693
AGTATAATACTAGGCA-1,0.158892,0.057629,0.783479
AGTATACACAGCGACA-1,0.475502,0.263492,0.261006
AGTATCCATAATAACG-1,0.846502,0.153205,0.000293
AGTATGCTGGAGACCA-1,0.399225,0.301673,0.299101
AGTATTTGGCACGACC-1,0.397662,0.155169,0.447169
AGTCAAATGATGTGAT-1,0.264434,0.496138,0.239428
AGTCAACACCACCATC-1,0.088656,0.170588,0.740757
AGTCAAGATGACACTT-1,0.584316,0.081969,0.333716
AGTCACTAGCTCTCGA-1,0.16911,0.23986,0.591029
AGTCACTCCGCCTCAT-1,0.976521,0.000416,0.023063
AGTCAGCCACCGCCTG-1,0.582566,0.000148,0.417285
AGTCCAGCGGGTACGT-1,0.918257,0.000362,0.081382
AGTCCATTGGCTGATG-1,0.191656,0.259335,0.549009
AGTCCCGCCTTTAATT-1,0.60626,0.003706,0.390034
AGTCCCTCGCAGAAAG-1,0.064336,0.663864,0.271801
AGTCGAAACGATTCAG-1,0.000763,0.809284,0.189953
AGTCGAATTAGCGTAA-1,0.002142,0.309742,0.688116
AGTCGACGGTCTCAAG-1,0.713632,0.000163,0.286205
AGTCGGCCCAAACGAC-1,0.525698,0.058965,0.415337
AGTCGGCTCAACTTTA-1,0.089064,0.473688,0.437248
AGTCGGTTGCGTGAGA-1,0.544446,0.150097,0.305458
AGTCGTATAAAGCAGA-1,0.959024,0.021725,0.019251
AGTCGTCGACCACCAA-1,0.336901,0.145453,0.517646
AGTCGTGGGCATTACG-1,0.435755,0.300642,0.263603
AGTCTAAAGTATACTC-1,0.213299,0.272092,0.514608
AGTCTCACAAGACTAC-1,0.178177,0.635877,0.185946
AGTCTGGACATCCTTG-1,0.344989,0.000122,0.654889
AGTCTTCTCCTCAAAT-1,0.9592,0.000377,0.040423
AGTCTTTAAAGTGTCC-1,0.334939,0.467211,0.19785
AGTGAACAAACTTCTC-1,0.447053,0.177188,0.375759
AGTGAAGATGGTGTCC-1,0.495971,0.240982,0.263047
AGTGACCTACTTTACG-1,0.575137,0.000211,0.424651
AGTGACTGTGACACAA-1,0.085689,0.58223,0.332081
AGTGAGACTTCCAGTA-1,0.543095,0.006692,0.450213
AGTGAGCCTCGCCGCC-1,0.123171,0.093038,0.783791
AGTGAGGGTTTCTGAC-1,0.955993,0.000205,0.043803
AGTGAGTCGAATTAAC-1,0.632108,0.364358,0.003534
AGTGATAACCTGCGCG-1,0.211402,0.15659,0.632008
AGTGATATGAGTAGTT-1,0.078219,0.041185,0.880597
AGTGATTCAAGCAGGA-1,0.654122,0.00018,0.345697
AGTGCACGCTTAAGAA-1,0.616446,0.268012,0.115542
AGTGCGTAGCTCGTAA-1,0.81853,0.00195,0.17952
AGTGCTAAACACAGCA-1,0.07152,0.296268,0.632213
AGTGCTTGCACGAATA-1,0.66371,0.000122,0.336167
AGTGGCCCGCAAATGG-1,0.597355,0.379394,0.023251
AGTGGCGGCAATTTGA-1,0.970553,0.000083,0.029364
AGTGGCGTCTGAAGGT-1,0.350256,0.032798,0.616946
AGTGGCTCCGTCGGCC-1,0.006277,0.460191,0.533532
AGTGGGAGTATACACG-1,0.282115,0.000091,0.717793
AGTGGTGTTACCCGTG-1,0.0467,0.482369,0.470931
