Barcode,Topic 1to7,Topic 8to9,Topic 10to12
AAACAACGAATAGTTC-1,0.100568,0.389361,0.510071
AAACAAGTATCTCCCA-1,0.80622,0.000702,0.193077
AAACAATCTACTAGCA-1,0.390888,0.000266,0.608846
AAACACCAATAACTGC-1,0.866223,0.117328,0.016448
AAACAGAGCGACTCCT-1,0.000494,0.348541,0.650966
AAACAGCTTTCAGAAG-1,0.719674,0.125609,0.154717
AAACAGGGTCTATATT-1,0.218342,0.774192,0.007466
AAACAGTGTTCCTGGG-1,0.888688,0.101632,0.00968
AAACATGGTGAGAGGA-1,0.36717,0.542311,0.090519
AAACATTTCCCGGATT-1,0.597369,0.326315,0.076316
AAACCCGAACGAAATC-1,0.587874,0.001389,0.410737
AAACCGGAAATGTTAA-1,0.000357,0.384683,0.61496
AAACCGGGTAGGTACC-1,0.348884,0.232087,0.419029
AAACCGTTCGTCCAGG-1,0.654711,0.231323,0.113966
AAACCTAAGCAGCCGG-1,0.531785,0.436833,0.031382
AAACCTCATGAAGTTG-1,0.344484,0.398784,0.256732
AAACGAAGAACATACC-1,0.264412,0.000041,0.735548
AAACGAAGATGGAGTA-1,0.188676,0.609005,0.202319
AAACGAGACGGTTGAT-1,0.147599,0.589499,0.262902
AAACGCTGGGCACGAC-1,0.32515,0.304822,0.370028
AAACGGGCGTACGGGT-1,0.043804,0.955845,0.000351
AAACGGGTTGGTATCC-1,0.252611,0.087326,0.660063
AAACGGTTGCGAACTG-1,0.444191,0.467007,0.088803
AAACTCGGTTCGCAAT-1,0.715509,0.20335,0.081141
AAACTGCTGGCTCCAA-1,0.652226,0.160408,0.187366
AAACTTAATTGCACGC-1,0.458114,0.541035,0.000851
AAACTTGCAAACGTAT-1,0.484851,0.278384,0.236765
AAAGAATGACCTTAGA-1,0.187502,0.658706,0.153791
AAAGAATGTGGACTAA-1,0.3998,0.540379,0.059821
AAAGACCCAAGTCGCG-1,0.706986,0.091951,0.201063
AAAGACTGGGCGCTTT-1,0.232428,0.396645,0.370928
AAAGGCCCTATAATAC-1,0.468463,0.530788,0.000748
AAAGGCTACGGACCAT-1,0.509687,0.226368,0.263945
AAAGGCTCTCGCGCCG-1,0.516341,0.210958,0.272701
AAAGGGATGTAGCAAG-1,0.486046,0.317433,0.196521
AAAGGGCAGCTTGAAT-1,0.067048,0.29495,0.638001
AAAGTAGCATTGCTCA-1,0.836651,0.065225,0.098124
AAAGTCACTGATGTAA-1,0.174188,0.198256,0.627556
AAAGTCGACCCTCAGT-1,0.000287,0.942099,0.057613
AAAGTGCCATCAATTA-1,0.000259,0.506878,0.492863
AAAGTGTGATTTATCT-1,0.306574,0.351112,0.342314
AAAGTTGACTCCCGTA-1,0.167874,0.401678,0.430449
AAATAACCATACGGGA-1,0.255171,0.071565,0.673263
AAATACCTATAAGCAT-1,0.698458,0.050516,0.251026
AAATAGCTTAGACTTT-1,0.260169,0.065041,0.67479
AAATAGGGTGCTATTG-1,0.17243,0.600175,0.227395
AAATCCGATACACGCC-1,0.735885,0.219413,0.044702
AAATCGCGGAAGGAGT-1,0.181993,0.727323,0.090683
AAATCGTGTACCACAA-1,0.157807,0.432626,0.409567
AAATCTAGCCCTGCTA-1,0.252965,0.531209,0.215825
AAATCTGCCCGCGTCC-1,0.274004,0.484997,0.240998
AAATGACTGATCAAAC-1,0.280587,0.632987,0.086426
AAATGCTCGTTACGTT-1,0.341727,0.002554,0.655719
AAATGGCATGTCTTGT-1,0.545246,0.000036,0.454718
AAATGGCCCGTGCCCT-1,0.776936,0.049024,0.17404
AAATGGTCAATGTGCC-1,0.371742,0.192534,0.435724
AAATGTATCTTATCCC-1,0.158444,0.684389,0.157167
AAATGTGGGTGCTCCT-1,0.213591,0.119608,0.6668
AAATTAACGGGTAGCT-1,0.286044,0.163767,0.550189
AAATTAATAAGCGCGA-1,0.373842,0.482534,0.143624
AAATTACACGACTCTG-1,0.368391,0.001802,0.629807
AAATTACCTATCGATG-1,0.2264,0.21336,0.56024
AAATTCCAGGTCCAAA-1,0.00048,0.369231,0.630289
AAATTGATAGTCCTTT-1,0.594239,0.240429,0.165332
AAATTGCGGCGGTTCT-1,0.000289,0.80205,0.197661
AAATTTGCGGGTGTGG-1,0.316938,0.492183,0.190879
AACAACTGGTAGTTGC-1,0.126965,0.495356,0.377679
AACAATACATTGTCGA-1,0.726653,0.211996,0.061352
AACAATTACTCTACGC-1,0.303522,0.479795,0.216683
AACACACGCTCGCCGC-1,0.346642,0.36458,0.288779
AACACGACTGTACTGA-1,0.274644,0.013951,0.711404
AACACGAGACGCGGCC-1,0.480994,0.366615,0.152391
AACACGCGGCCGCGAA-1,0.383123,0.083612,0.533265
AACAGCTGTGTGGCAA-1,0.388804,0.514592,0.096603
AACAGGAAATCGAATA-1,0.196148,0.160271,0.643581
AACAGGATGGGCCGCG-1,0.127709,0.46437,0.407921
AACAGGTAGTATGGAT-1,0.601311,0.008817,0.389871
AACATAGCGTGTATCG-1,0.442468,0.451094,0.106438
AACATATCAACTGGTG-1,0.309463,0.0001,0.690437
AACATTGAAGTTGATC-1,0.565589,0.348407,0.086003
AACATTGGTCAGCCGT-1,0.000341,0.796535,0.203124
AACATTGTGACTCGAG-1,0.370069,0.409961,0.21997
AACCAAGACTTCTCTG-1,0.560955,0.28693,0.152115
AACCATAGGGTTGAAC-1,0.011101,0.91861,0.070288
AACCATGGGATCGCTA-1,0.338635,0.067868,0.593497
AACCCAGAGACGGAGA-1,0.626465,0.132498,0.241037
AACCCATCCCATGATC-1,0.784554,0.163297,0.052149
AACCCGACAACCCGTG-1,0.297169,0.619464,0.083367
AACCCGAGCAGAATCG-1,0.814127,0.006871,0.179003
AACCCGCTGTATTCCA-1,0.922694,0.050022,0.027284
AACCCTACTGTCAATA-1,0.557672,0.063736,0.378591
AACCCTGGTGGAACCA-1,0.258608,0.019687,0.721705
AACCGAGCTTGGTCAT-1,0.00037,0.703744,0.295886
AACCGCTAAGGGATGC-1,0.215379,0.355319,0.429301
AACCGTTGTGTTTGCT-1,0.455475,0.051114,0.493411
AACCTCGCTTTAGCCC-1,0.694428,0.188603,0.116969
AACCTGTCACGGAATT-1,0.000383,0.064409,0.935208
AACCTTTAAATACGGT-1,0.746377,0.190331,0.063291
AACCTTTACGACGTCT-1,0.171094,0.005662,0.823244
AACGAAAGTCGTCCCA-1,0.569405,0.33491,0.095685
AACGACCTCCTAGCCG-1,0.755926,0.080995,0.163079
AACGATAATGCCGTAG-1,0.099215,0.728192,0.172593
AACGATAGAAGGGCCG-1,0.400389,0.210653,0.388958
AACGATATGTCAACTG-1,0.644343,0.011358,0.344299
AACGCATGATCTGGGT-1,0.047008,0.137438,0.815554
AACGCGAACGGCAACA-1,0.148176,0.682332,0.169492
AACGCGACCTTGGGCG-1,0.692026,0.17437,0.133604
AACGCGGTCTCCAGCC-1,0.593146,0.172876,0.233978
AACGCTGTTGCTGAAA-1,0.346831,0.410043,0.243127
AACGGACGTACGTATA-1,0.231223,0.472939,0.295838
AACGGCCATCTCCGGT-1,0.769562,0.014516,0.215921
AACGTACTGTGGGTAC-1,0.490176,0.119735,0.39009
AACGTAGTCTACCCAT-1,0.013934,0.078627,0.90744
AACGTCAGACTAGTGG-1,0.800585,0.011276,0.18814
AACGTCATCCGGCTTG-1,0.339128,0.594093,0.066779
AACGTCGCTGCACTTC-1,0.389961,0.425243,0.184796
AACGTGATGAAGGACA-1,0.000553,0.375796,0.623651
AACGTGCGAAAGTCTC-1,0.224664,0.209973,0.565362
AACGTTATCAGCACCT-1,0.192547,0.383523,0.42393
AACTACCCGTTTGTCA-1,0.43278,0.081415,0.485805
AACTAGCGTATCGCAC-1,0.284756,0.000047,0.715197
AACTAGGCTTGGGTGT-1,0.74541,0.064312,0.190278
AACTCAAGTTAATTGC-1,0.662299,0.034238,0.303463
AACTCCAGAGCGTGTT-1,0.677561,0.006371,0.316068
AACTCCTAATCCCATG-1,0.000517,0.488604,0.510879
AACTCGATAAACACGT-1,0.938068,0.000617,0.061315
AACTCGATGGCGCAGT-1,0.981237,0.000023,0.01874
AACTCTCAATAGAGCG-1,0.661729,0.046646,0.291625
AACTCTCAGTGTGCTC-1,0.698127,0.254994,0.046879
AACTGATATTAGGCCT-1,0.514676,0.085189,0.400135
AACTGGGTCCCGACGT-1,0.704535,0.071656,0.223809
AACTGGTGTGGGCCTT-1,0.686369,0.000025,0.313606
AACTTCTGCGTCTATC-1,0.312797,0.219532,0.467672
AACTTGCCCGTATGCA-1,0.119745,0.462985,0.41727
AACTTGCGTTCTCGCG-1,0.909697,0.000023,0.09028
AACTTTACGGGAGCTT-1,0.053507,0.753942,0.192551
AACTTTAGCTGCTGAG-1,0.071853,0.264022,0.664125
AAGAAAGTTTGATGGG-1,0.006026,0.922459,0.071515
AAGAAGGATCAGTTAG-1,0.358785,0.126991,0.514224
AAGACATACGTGGTTT-1,0.854943,0.001135,0.143921
AAGACCAAATAACTCA-1,0.019718,0.907836,0.072446
AAGACCCAACTGAACA-1,0.571001,0.219433,0.209565
AAGACTAACCCGTTGT-1,0.152423,0.375209,0.472368
AAGACTGCAAGCTACT-1,0.632676,0.143085,0.224238
AAGAGATGAATCGGTA-1,0.146125,0.423151,0.430724
AAGAGCTCTTTATCGG-1,0.539258,0.199535,0.261208
AAGAGGATGTACGCGA-1,0.064817,0.341934,0.593249
AAGAGGCATGGATCGC-1,0.672793,0.178202,0.149006
AAGAGGCCCTTTGGAA-1,0.405136,0.312347,0.282516
AAGATGGCACCGGACC-1,0.427877,0.446713,0.125409
AAGATTGGCGGAACGT-1,0.347811,0.001131,0.651058
AAGCACCCTGCGTATC-1,0.836709,0.04218,0.121112
AAGCATACTCTCCTGA-1,0.404295,0.417936,0.177769
AAGCCACTTGCAGGTA-1,0.483862,0.499035,0.017103
AAGCCGAAGCGGTTTA-1,0.25674,0.242779,0.500481
AAGCCGCCGTGAAATC-1,0.86328,0.106074,0.030646
AAGCCGGAGAGCAGGA-1,0.160818,0.23173,0.607453
AAGCGCAGGGCTTTGA-1,0.383803,0.595684,0.020513
AAGCGTCCCTCATCGA-1,0.691748,0.120844,0.187408
AAGCTAGATCGAGTAA-1,0.775457,0.05116,0.173383
AAGCTATGGATTGACC-1,0.690887,0.306336,0.002778
AAGCTCGTGCCAAGTC-1,0.525098,0.101871,0.373031
AAGCTCTTTCATGGTG-1,0.633639,0.255912,0.110449
AAGGAGAACTTATAAG-1,0.028822,0.28192,0.689258
AAGGAGCGGTTGGTGC-1,0.357612,0.095201,0.547188
AAGGATCGATCGCTTG-1,0.389098,0.007082,0.60382
AAGGATGAGGGACCTC-1,0.436944,0.030553,0.532503
AAGGCAGGCTGTCTCC-1,0.000351,0.303023,0.696626
AAGGCGCGTAAAGCTT-1,0.240703,0.312796,0.446501
AAGGCTGTGCTCATCG-1,0.599953,0.043056,0.356991
AAGGGAACGACTGGCT-1,0.912058,0.032308,0.055634
AAGGGACAGATTCTGT-1,0.244312,0.190406,0.565282
AAGGGACTATGCATTC-1,0.303509,0.567617,0.128874
AAGGGTTTGATTTCAG-1,0.000192,0.679961,0.319847
AAGGTATCCTAATATA-1,0.541378,0.080173,0.378448
AAGGTGATAAACCAGC-1,0.318473,0.45,0.231527
AAGTAAGCTTCCAAAC-1,0.409781,0.002784,0.587436
AAGTAGAAGACCGGGT-1,0.074999,0.418681,0.506319
AAGTAGTGACGCGAGG-1,0.480093,0.088759,0.431148
AAGTCAATTGTCGTCA-1,0.463902,0.196243,0.339856
AAGTCTTCTGTGGCCT-1,0.189837,0.588992,0.221171
AAGTGACGACCGAATT-1,0.725892,0.112852,0.161255
AAGTGAGTCGGGTTTA-1,0.430547,0.471225,0.098227
AAGTGCAAAGGTAGAC-1,0.37306,0.411474,0.215467
AAGTGCCTTGACTGTA-1,0.284821,0.210478,0.504701
AAGTGCGTTAGAATCT-1,0.951586,0.000667,0.047747
AAGTGCTTCTCTATTG-1,0.534839,0.410493,0.054669
AAGTGTTTGGAGACGG-1,0.016558,0.753611,0.229831
AAGTTCACTCCAAGCT-1,0.423658,0.360821,0.215521
AAGTTCAGTCTGCGTA-1,0.000487,0.000139,0.999373
AAGTTCGGCCAACAGG-1,0.451182,0.055931,0.492887
AAGTTGTGATGTTATA-1,0.258868,0.720992,0.020139
AAGTTTACTAATGGCA-1,0.266412,0.000068,0.73352
AAGTTTATGGGCCCAA-1,0.813194,0.143947,0.042858
AATAACAACGCTCGGC-1,0.495162,0.242289,0.262549
AATAACACTAGAACAA-1,0.372628,0.423472,0.2039
AATAACGTCGCGCCCA-1,0.584979,0.12145,0.293572
AATAAGTCCTCGAGAC-1,0.000605,0.319242,0.680154
AATAATCTTCGTATCG-1,0.011537,0.367329,0.621133
AATACAATGTTTCAGG-1,0.000311,0.656364,0.343324
AATACCGGAGGGCTGT-1,0.681463,0.153655,0.164882
AATACCTGATGTGAAC-1,0.33264,0.519445,0.147915
AATAGAACAGAGTGGC-1,0.259161,0.237697,0.503142
AATAGAATCTGTTTCA-1,0.814566,0.166466,0.018968
AATAGGCACGACCCTT-1,0.006949,0.939686,0.053366
AATAGTCCGTCCCGAC-1,0.832529,0.029608,0.137863
AATAGTCGCGAGTCGG-1,0.115811,0.262537,0.621652
AATATCAAGGTCGGAT-1,0.111802,0.082032,0.806166
AATATCCTAGCAAACT-1,0.759768,0.115885,0.124346
AATATCGAATCAATGC-1,0.815752,0.00346,0.180788
AATATCGAGGGTTCTC-1,0.307332,0.000034,0.692634
AATATTGGAGTATTGA-1,0.841049,0.015508,0.143443
AATCAGACTGCAGGAC-1,0.000412,0.925752,0.073836
AATCAGGTTTCATTTA-1,0.244784,0.638527,0.116688
AATCATGTAAAGACTC-1,0.459935,0.301113,0.238953
AATCCAAGGGCCTGAG-1,0.358696,0.087643,0.553661
AATCCATGCAAGGGTG-1,0.242955,0.451448,0.305596
AATCCCGCTCAGAGCC-1,0.656413,0.192094,0.151494
AATCGAGGTCTCAAGG-1,0.447064,0.517389,0.035547
AATCGCCTCAGCGCCA-1,0.226634,0.483574,0.289792
AATCGCGCAGAGGACT-1,0.251268,0.027293,0.721439
AATCGGGACACTACGA-1,0.581822,0.002084,0.416094
AATCGGTATAGCCCTC-1,0.616299,0.297756,0.085945
AATCGTGAGCCGAGCA-1,0.991009,0.002561,0.00643
AATCTAGGTTTACTTG-1,0.000297,0.999575,0.000127
AATCTATGCCGGAGCC-1,0.000596,0.216802,0.782601
AATCTCTACTGTGGTT-1,0.000633,0.845605,0.153762
AATCTGCGTTGGGACG-1,0.52754,0.07045,0.402011
AATCTGGCTTTCTAGT-1,0.000301,0.989906,0.009793
AATGACAGCAATGTCT-1,0.085657,0.653698,0.260645
AATGACGTAGGATGTC-1,0.894752,0.025371,0.079876
AATGACTGTCAGCCGG-1,0.082974,0.291585,0.625441
AATGAGTTCGCATATG-1,0.437914,0.102913,0.459172
AATGATGATACGCTAT-1,0.277775,0.019376,0.702849
AATGATGCGACTCCTG-1,0.200044,0.010275,0.789681
AATGCAACCGGGTACC-1,0.088009,0.618286,0.293705
AATGCACCAAGCAATG-1,0.109395,0.101989,0.788617
AATGGTCCACCGTTCA-1,0.366001,0.045558,0.58844
AATGGTTCTCACAAGC-1,0.364843,0.131318,0.503839
AATGTATGGCACTGTA-1,0.022976,0.853749,0.123274
AATGTGCCCGAGGTGT-1,0.524523,0.155668,0.31981
AATGTGCTAATCTGAG-1,0.257415,0.737124,0.005461
AATGTTAAGACCCTGA-1,0.655242,0.24602,0.098738
AATGTTGTCGTGAGAC-1,0.542386,0.369608,0.088006
AATTAAAGGTCGGCGT-1,0.436245,0.111697,0.452057
AATTAACGGATTTCCA-1,0.462376,0.218955,0.318668
AATTACGAGACCCATC-1,0.648303,0.27003,0.081667
AATTACTCGTACGCTC-1,0.153042,0.084189,0.762769
AATTAGCGCTGCAGCG-1,0.287284,0.346648,0.366067
AATTATACCCAGCAAG-1,0.767343,0.09311,0.139547
AATTCATAAGGGATCT-1,0.029791,0.197327,0.772882
AATTCATTGTCATGCA-1,0.24132,0.758596,0.000084
AATTCCAACTTGGTGA-1,0.575722,0.08396,0.340319
AATTCCAAGCATGTAC-1,0.337214,0.556272,0.106514
AATTCGATTCGAGGAT-1,0.965084,0.000326,0.03459
AATTCTAGAGTTAGGC-1,0.968839,0.004236,0.026925
AATTGAACGCTCTGGT-1,0.319902,0.183661,0.496437
AATTGCAGCAATCGAC-1,0.554339,0.23999,0.205671
AATTGCGTGGATTACA-1,0.016142,0.87692,0.106938
AATTGTGGTTGCCAAA-1,0.844136,0.018952,0.136912
AATTTGGGACATAGTA-1,0.000745,0.29703,0.702225
AATTTGGTTCCAAAGA-1,0.384424,0.017027,0.598549
ACAAACCATGCGTCCT-1,0.054191,0.813764,0.132045
ACAAACTCCATCAGAG-1,0.310117,0.679697,0.010186
ACAAAGAAGGTAGGCC-1,0.097365,0.741835,0.1608
ACAAAGCATGACCTAG-1,0.638071,0.093118,0.268811
ACAAATCGCACCGAAT-1,0.134393,0.712133,0.153474
ACAAATGGTAGTGTTT-1,0.230216,0.547412,0.222372
ACAACAGCATGAGCTA-1,0.02329,0.707409,0.269301
ACAACGGTCCCTGCGA-1,0.219084,0.190405,0.590511
ACAAGCAGTGCCTAGC-1,0.185966,0.407486,0.406547
ACAAGCTATATGGAAG-1,0.149518,0.425772,0.42471
ACAAGGAAATCCGCCC-1,0.134243,0.565086,0.300671
ACAAGGACAAGAGGTT-1,0.217646,0.499454,0.2829
ACAAGGATGCTTTAGG-1,0.203188,0.538421,0.25839
ACAAGGGCAGGCTCTG-1,0.657956,0.233574,0.10847
ACAAGTAATTGTAAGG-1,0.215384,0.784343,0.000273
ACAATAGTCGTACGTT-1,0.289321,0.408023,0.302655
ACAATCCATTTAAACC-1,0.448559,0.094356,0.457084
ACAATCGATCTTTATA-1,0.205064,0.025716,0.76922
ACAATGAATACGGAGA-1,0.229899,0.528447,0.241654
ACAATTGTGTCTCTTT-1,0.566963,0.168047,0.26499
ACAATTTAGGAGGCTC-1,0.307882,0.149034,0.543084
ACAATTTGAGCAGTGG-1,0.620019,0.065672,0.314309
ACACAAAGACGGGTGG-1,0.090027,0.47715,0.432823
ACACACCAGGACCAGT-1,0.685045,0.017113,0.297841
ACACACTTTCTACACG-1,0.119762,0.3226,0.557639
ACACATGATCAAATCT-1,0.483154,0.352425,0.164421
ACACATTGACGCAACA-1,0.62879,0.136052,0.235158
ACACATTTCCGTAGAC-1,0.886055,0.092965,0.020981
ACACCCAGCATGCAGC-1,0.743102,0.007919,0.248979
ACACCCGAGAAATCCG-1,0.639159,0.000024,0.360817
ACACCGAGCGCTCTTT-1,0.970816,0.000176,0.029008
ACACCGGTCTGACCGC-1,0.615458,0.372822,0.011719
ACACCTTAAGTAGGGC-1,0.577731,0.031641,0.390627
ACACCTTACTACTTGC-1,0.107583,0.125423,0.766994
ACACGAGACTCCTTCT-1,0.152985,0.324434,0.522581
ACACGGCACTATGCAT-1,0.148747,0.23327,0.617983
ACACGGGAACTTAGGG-1,0.325969,0.246492,0.427539
ACACGTAGGCCACAAG-1,0.200118,0.520901,0.278981
ACACTCCAATGTCACT-1,0.269415,0.184454,0.546131
ACACTGATCAAGGTGT-1,0.684436,0.01726,0.298304
ACACTGGGACAGTCGT-1,0.142266,0.348074,0.509659
ACAGAACTGAGAACAA-1,0.297979,0.559491,0.14253
ACAGATTAGGTTAGTG-1,0.000469,0.479097,0.520434
ACAGCATAGAGCCAGT-1,0.109624,0.20817,0.682206
ACAGCGACATTCTCAT-1,0.475603,0.292611,0.231786
ACAGCGCACCCGCAGC-1,0.226616,0.000068,0.773316
ACAGGAGGCGCAGCCG-1,0.952157,0.000009,0.047834
ACAGGCACGGATCCTT-1,0.723187,0.069242,0.207571
ACAGGCTTGCCCGACT-1,0.60108,0.280281,0.118639
ACAGGTGGAGGTGAGG-1,0.793752,0.075847,0.130401
ACAGGTGTGTTGTTGC-1,0.684728,0.189709,0.125563
ACAGTAATACAACTTG-1,0.063983,0.636664,0.299353
ACATAAGTCGTGGTGA-1,0.531208,0.224952,0.24384
ACATAATAAGGCGGTG-1,0.081058,0.449788,0.469154
ACATACAATCAAGCGG-1,0.362302,0.603389,0.034309
ACATCAGCTGGGACGC-1,0.261937,0.543346,0.194717
ACATCCCGGCCATACG-1,0.692892,0.024792,0.282317
ACATCCTGGTAACTGT-1,0.501082,0.077324,0.421593
ACATCGATCGTTTACC-1,0.238638,0.438936,0.322426
ACATCGCAATATTCGG-1,0.568826,0.404847,0.026327
ACATCGGTCAGCCGCG-1,0.922966,0.000021,0.077013
ACATCGTATGCAATGG-1,0.138097,0.416831,0.445072
ACATCGTTAACCTAGT-1,0.314608,0.000044,0.685348
ACATCTCAACGCGTAA-1,0.000698,0.15544,0.843862
ACATGCTTACGGCAGC-1,0.125492,0.874385,0.000123
ACATGGCGCCAAAGTA-1,0.493192,0.152548,0.35426
ACATGGCTCAATTTAG-1,0.220322,0.269628,0.51005
ACATTAGTTTATATCC-1,0.570092,0.145077,0.284831
ACATTCGCGCGGAATA-1,0.390984,0.606915,0.0021
ACATTTGAAACCTAAC-1,0.246256,0.684441,0.069303
ACCAAACTAGAAATCC-1,0.000551,0.25617,0.743279
ACCAACCGCACTCCAC-1,0.600992,0.289452,0.109556
ACCAACGCTTATTTAT-1,0.457216,0.2691,0.273684
ACCAAGAACGCGTGTC-1,0.984333,0.000588,0.015079
ACCAAGTCATCGGCAG-1,0.34615,0.512827,0.141023
ACCAATATGCAAGTTA-1,0.004926,0.800979,0.194095
ACCACAACTCAGAACA-1,0.000556,0.287228,0.712216
ACCACAAGTTTCTATC-1,0.385024,0.161145,0.453831
ACCACACGGTTGATGG-1,0.49367,0.476266,0.030064
ACCACCAATGTAACAA-1,0.527882,0.007471,0.464647
ACCACGTGCAGCTATA-1,0.196459,0.611119,0.192422
ACCACTGTTCAAGAAG-1,0.509447,0.222394,0.268159
ACCAGACCATAACAAC-1,0.23778,0.48914,0.27308
ACCAGCCCGGTCTTTG-1,0.000827,0.288151,0.711022
ACCAGGAGTGTGATCT-1,0.274351,0.022302,0.703348
ACCAGTGCGGGAGACG-1,0.676611,0.20338,0.120009
ACCATATCCGCAATAA-1,0.880196,0.064182,0.055622
ACCATCCGCCAACTAG-1,0.158129,0.520267,0.321604
ACCATCGTATATGGTA-1,0.802262,0.026872,0.170866
ACCATTAAGGGTGTCA-1,0.294519,0.020408,0.685073
ACCCAACGCCCGTGGC-1,0.67829,0.004096,0.317614
ACCCACCTACATGCTC-1,0.084392,0.68377,0.231837
ACCCATCTTGAGGGTA-1,0.206373,0.098428,0.695199
ACCCATTTGTCCCTCT-1,0.332839,0.566237,0.100925
ACCCGAGCGAAATTAC-1,0.132582,0.821049,0.046369
ACCCGATTGGTTCCGA-1,0.17013,0.76918,0.06069
ACCCGGAAACTCCCAG-1,0.769921,0.085022,0.145058
ACCCGGAGCACCACAA-1,0.126018,0.207866,0.666115
ACCCGGATGACGCATC-1,0.571998,0.035851,0.392151
ACCCGGTTACACTTCC-1,0.561054,0.041079,0.397867
ACCCGTAGCAGAGAAT-1,0.289371,0.434629,0.276
ACCCGTAGTCTAGTTG-1,0.875172,0.026899,0.097929
ACCCGTGTCATCAGTA-1,0.761366,0.09509,0.143544
ACCCTATAGGACTGAG-1,0.496446,0.010156,0.493398
ACCCTATGCCATATCG-1,0.479527,0.368829,0.151645
ACCCTCCCGTCAGGGC-1,0.768701,0.12543,0.105869
ACCCTCCCTTGCTATT-1,0.938584,0.020815,0.040601
ACCCTTCATCTGCGAA-1,0.110997,0.255021,0.633982
ACCCTTTAGTTCTCCA-1,0.00092,0.294897,0.704183
ACCGAAAGGGCCCTGC-1,0.803043,0.000023,0.196934
ACCGAAGAGTCTGGTT-1,0.511413,0.488516,0.000071
ACCGACACATCTCCCA-1,0.491403,0.270006,0.23859
ACCGACTGAGTCCCAC-1,0.181247,0.354038,0.464715
ACCGAGTCTCCTTATT-1,0.428125,0.499331,0.072544
ACCGATAGGCATAACC-1,0.718766,0.000014,0.28122
ACCGATATTTAATCAT-1,0.322216,0.046911,0.630873
ACCGATGGTAGCATCG-1,0.078687,0.426447,0.494865
ACCGCAATAACTGCCT-1,0.298842,0.421289,0.279869
ACCGCGGTGGAAGTCG-1,0.773195,0.000019,0.226786
ACCGCTAGTCATTGGT-1,0.36079,0.639091,0.000118
ACCGGGCCTTTGTTGA-1,0.204863,0.357918,0.437219
ACCGGTCAGGTACACC-1,0.422478,0.507739,0.069783
ACCGTCCACTGGGCCC-1,0.616879,0.342581,0.04054
ACCGTGACCACGTGGG-1,0.583109,0.387198,0.029694
ACCGTTCCCGCTCTGA-1,0.020796,0.07182,0.907384
ACCTAAGTACCTTTCA-1,0.974486,0.000012,0.025501
ACCTAATCGACTTCCT-1,0.033665,0.542113,0.424223
ACCTACAGTATGTGGT-1,0.096954,0.130604,0.772442
ACCTACTATAAATCTA-1,0.979883,0.000011,0.020106
ACCTCAGCGAGGCGCA-1,0.427594,0.399824,0.172581
ACCTCCGCCCTCGCTG-1,0.539443,0.256282,0.204275
ACCTCCGTTATTCACC-1,0.000488,0.31264,0.686872
ACCTCGAACTTATGCT-1,0.637394,0.354894,0.007712
ACCTGCGTGTCATGTT-1,0.4936,0.355899,0.150501
ACCTTTCCTTTAGAAG-1,0.000777,0.37789,0.621333
ACGAAATGGGCGGCAC-1,0.268197,0.301527,0.430276
ACGACCCATGAGTTGC-1,0.065121,0.379516,0.555363
ACGACTCTAGGGCCGA-1,0.723859,0.113542,0.162598
ACGACTGGTCATACTC-1,0.870685,0.050123,0.079193
ACGAGAACCCATCACG-1,0.134337,0.245053,0.62061
ACGAGATATTTGCTTA-1,0.000451,0.210609,0.78894
ACGAGGATACCACTCT-1,0.069374,0.929188,0.001438
ACGAGGTTTACAACGT-1,0.216835,0.676525,0.106639
ACGAGTACGGATGCCC-1,0.331661,0.000035,0.668304
ACGAGTCGCCGGCGTT-1,0.261763,0.421657,0.316579
ACGATACATAGAACTA-1,0.059627,0.316675,0.623698
ACGATACCTATCCTGA-1,0.047397,0.71562,0.236982
ACGATCATACATAGAG-1,0.12896,0.559763,0.311277
ACGATCATCTTGTAAA-1,0.372739,0.019486,0.607775
ACGATGCATATGTTAT-1,0.332964,0.106926,0.56011
ACGATGGATCCGATGC-1,0.694578,0.000035,0.305387
ACGCAAACTAATAGAT-1,0.348281,0.532704,0.119014
ACGCAATCACTACAGC-1,0.000569,0.180025,0.819406
ACGCATACGTTTACTA-1,0.470208,0.194975,0.334817
ACGCATTCGTGAGTAC-1,0.274245,0.375361,0.350394
ACGCCACTCGAAACAG-1,0.414831,0.547054,0.038114
ACGCCAGATGATTTCT-1,0.000317,0.210187,0.789497
ACGCCAGTGCGTTTGC-1,0.260487,0.512812,0.226701
ACGCCCAGCTGTCGAT-1,0.000667,0.183989,0.815344
ACGCCGCTAGACGACC-1,0.396233,0.390402,0.213366
ACGCCTGACACGCGCT-1,0.260928,0.349925,0.389148
ACGCGAAGTCAGACGA-1,0.184597,0.589444,0.225959
ACGCGCTACACAGGGT-1,0.43803,0.167359,0.39461
ACGCGGGCCAAGGACA-1,0.467199,0.16205,0.370751
ACGCGTTTCTTAAGAG-1,0.146475,0.688121,0.165404
ACGCTACTGAATGGGC-1,0.019908,0.277465,0.702626
ACGCTAGTGATACACT-1,0.13317,0.096699,0.770131
ACGCTGTGAGGCGTAG-1,0.000345,0.851628,0.148027
ACGCTTAGTGTCTCTC-1,0.204886,0.168635,0.626479
ACGGAACACGAGTGCC-1,0.338614,0.61818,0.043206
ACGGAATTTAGCAAAT-1,0.014638,0.52083,0.464532
ACGGACGCAGCGACAA-1,0.97613,0.014771,0.009098
ACGGACTCTCAAAGCG-1,0.496008,0.200207,0.303785
ACGGATGGTGCGGATA-1,0.388357,0.563961,0.047682
ACGGCACTTGCTTGGG-1,0.504304,0.020542,0.475154
ACGGCCAACATGGACT-1,0.686588,0.163013,0.150399
ACGGCGACGATGGGAA-1,0.496978,0.266888,0.236134
ACGGCGGGTTGCCCTG-1,0.191538,0.383055,0.425407
ACGGCTGGATGTAGAA-1,0.769754,0.128173,0.102072
ACGGGAGTGTCGGCCC-1,0.685928,0.146953,0.167119
ACGGGTCATGTGACTT-1,0.243041,0.456869,0.30009
ACGGGTTGTGACCTGT-1,0.226032,0.378575,0.395393
ACGGTACAGTTCAATG-1,0.277869,0.486668,0.235463
ACGGTCACCGAGAACA-1,0.576837,0.381352,0.041811
ACGTACAGATTTCTCT-1,0.5746,0.000045,0.425355
ACGTACTTTGGCACGG-1,0.439492,0.432539,0.12797
ACGTAGATTGCTGATG-1,0.24849,0.139487,0.612023
ACGTAGGAGAGTCGCT-1,0.303692,0.48883,0.207478
ACGTATTACTCCGATC-1,0.421986,0.00903,0.568984
ACGTCCTAAACGAGAT-1,0.022737,0.227827,0.749436
ACGTCGGGCAACTCGG-1,0.166232,0.649878,0.183891
ACGTCTCGTTCCGGGA-1,0.138001,0.711205,0.150794
ACGTGACAAAGTAAGT-1,0.114977,0.776128,0.108895
ACGTGCGCCTCGTGCA-1,0.24521,0.212492,0.542298
ACGTTAATGTCGAAGA-1,0.829425,0.033671,0.136904
ACGTTAGATTTGCCCG-1,0.682491,0.034029,0.28348
ACGTTATTGGTCACTC-1,0.046796,0.599224,0.35398
ACGTTCACTATGCCGC-1,0.462869,0.536398,0.000733
ACGTTCCGCGCTCCGT-1,0.385016,0.035256,0.579728
ACGTTCGCAATCAATT-1,0.000592,0.489252,0.510155
ACGTTCGTTCAGGAAA-1,0.415445,0.155088,0.429468
ACGTTCTGTACAAGTC-1,0.461262,0.331054,0.207684
ACGTTGTCGTTGAAAG-1,0.034045,0.95397,0.011985
ACGTTTAGTTGTGATC-1,0.575623,0.000063,0.424315
ACTACAAAGAGAGGTG-1,0.673082,0.153464,0.173455
ACTACATCCCGACAAG-1,0.386669,0.588881,0.02445
ACTACCAGCTCTCTGG-1,0.705807,0.006232,0.287961
ACTACCATCCGAGGGC-1,0.287408,0.712456,0.000137
ACTACGCGTTAGAATT-1,0.850016,0.019137,0.130846
ACTAGTTGCGATCGTC-1,0.439528,0.10793,0.452542
ACTATCCAGGGCATGG-1,0.387621,0.002794,0.609585
ACTATCGCCGGCTAAA-1,0.278722,0.209647,0.511631
ACTATCTGCCCGCGTA-1,0.576963,0.179797,0.243239
ACTATGTCCAGCTGCC-1,0.996069,0.000447,0.003484
ACTATTCGTCCGTGGT-1,0.010647,0.30074,0.688613
ACTATTTCCGGGCCCA-1,0.371356,0.471868,0.156776
ACTCAACGAATGTATT-1,0.019083,0.188619,0.792298
ACTCAAGTGCAAGGCT-1,0.131764,0.628634,0.239602
ACTCAATAAAGGCACG-1,0.157985,0.571664,0.270351
ACTCAGACCTGCTTCT-1,0.616686,0.016624,0.366691
ACTCATGGCAGCCTTC-1,0.401616,0.598284,0.000099
ACTCCAATATCATCAT-1,0.928523,0.040084,0.031393
ACTCCCATTCCTAAAG-1,0.233953,0.713741,0.052305
ACTCCCGAATTCGTTT-1,0.164257,0.067071,0.768672
ACTCCCTAATGCTAAA-1,0.552331,0.027951,0.419718
ACTCCCTAGAATAGTA-1,0.25059,0.332757,0.416653
ACTCCGGCCGACCACT-1,0.353495,0.588689,0.057815
ACTCGATGTATTTCAT-1,0.348704,0.124193,0.527103
ACTCGCCGTTCGATAA-1,0.780233,0.019351,0.200416
ACTCGTAACCCGTCCT-1,0.576584,0.380073,0.043343
ACTCGTCAGTAATCCC-1,0.480632,0.220679,0.298689
ACTCTAAACCTGGGAT-1,0.042496,0.622003,0.335501
ACTCTCTGACTTAGGT-1,0.307626,0.425826,0.266548
ACTCTCTTATACACGA-1,0.00057,0.201498,0.797932
ACTCTGACCTAATAGA-1,0.509284,0.345804,0.144912
ACTCTTGTATAGTAAC-1,0.053189,0.485642,0.46117
ACTGAAACGCCGTTAG-1,0.38253,0.472122,0.145348
ACTGAATGGCGAAAGT-1,0.077042,0.454741,0.468216
ACTGATTTAGTGATTC-1,0.118533,0.097981,0.783486
ACTGCCCGCCATTCTC-1,0.355506,0.50843,0.136064
ACTGCCGTCGTAACTC-1,0.263984,0.137045,0.598971
ACTGCGGACACACCGT-1,0.124046,0.036808,0.839146
ACTGCTCGGAAGGATG-1,0.827404,0.139999,0.032597
ACTGGGATGCCAGTGC-1,0.968151,0.011144,0.020705
ACTGTACGATACACAT-1,0.000333,0.693715,0.305952
ACTGTAGCACTTTGGA-1,0.727108,0.040613,0.232279
ACTGTATACGCGAGCA-1,0.205472,0.255013,0.539515
ACTGTCCAGGATTATA-1,0.379819,0.066815,0.553366
ACTGTCTTCTTTAGAA-1,0.551831,0.0087,0.439469
ACTGTGCTAGTAGATC-1,0.214197,0.118644,0.667159
ACTGTTTAGTGTAGGC-1,0.238924,0.000082,0.760994
ACTTACCGGGCGCGCA-1,0.000542,0.000155,0.999304
ACTTACGCATCCACGC-1,0.85804,0.056314,0.085646
ACTTAGTACGACAAGA-1,0.176345,0.146526,0.67713
ACTTATACTTACCCGG-1,0.263115,0.304512,0.432373
ACTTATCTGATCTATA-1,0.035671,0.236654,0.727676
ACTTATTAGGATCGGT-1,0.305569,0.055954,0.638477
ACTTATTTATGTGCCA-1,0.49688,0.231448,0.271672
ACTTCAGGCTGATCCC-1,0.366248,0.384761,0.248991
ACTTCCAGTGGAAGCT-1,0.734071,0.200772,0.065158
ACTTCCATGCGGGACA-1,0.419358,0.316385,0.264258
ACTTCGCCATACGCAC-1,0.330368,0.166007,0.503625
ACTTGACTCCCTCTTT-1,0.643807,0.115316,0.240877
ACTTGCCATATTGTAC-1,0.437993,0.000072,0.561935
ACTTGCTCTATCTACC-1,0.268744,0.602436,0.12882
ACTTGGGACCCGGTGG-1,0.333529,0.285955,0.380516
ACTTGGGCTTTCGCCA-1,0.173817,0.812029,0.014154
ACTTGTAGTCCCTTCA-1,0.209212,0.565895,0.224893
ACTTGTGGATGGAACG-1,0.775202,0.025715,0.199083
ACTTGTTACCGGATCA-1,0.83849,0.141025,0.020485
ACTTTACCCTCATGAA-1,0.136482,0.084925,0.778593
ACTTTATACACCACTT-1,0.589203,0.309691,0.101106
ACTTTCCTATAGCTTC-1,0.67775,0.029006,0.293244
ACTTTGACTGCATCCT-1,0.621145,0.000033,0.378822
ACTTTGGTCGTGCTCC-1,0.294337,0.697986,0.007677
ACTTTGTCGACGCACT-1,0.533046,0.016861,0.450093
AGAAATTATGACTCGC-1,0.579464,0.069013,0.351523
AGAACACGGCGATGGT-1,0.098726,0.657887,0.243387
AGAACCCTCAATTGGG-1,0.086093,0.864089,0.049818
AGAACGTGGTACATTC-1,0.489193,0.142822,0.367985
AGAACTGTACTTTGTA-1,0.113969,0.783663,0.102369
AGAAGAGCGCCGTTCC-1,0.511468,0.00025,0.488283
AGAAGGTACACTTCAC-1,0.408713,0.591222,0.000066
AGAAGGTTGCCGAATT-1,0.458931,0.259316,0.281753
AGAAGGTTGTAGGTCG-1,0.331041,0.569167,0.099792
AGAAGTGATTCGTGAT-1,0.291411,0.338013,0.370576
AGAATAAATCTTCAGG-1,0.00478,0.710517,0.284703
AGAATACAGGCTATCC-1,0.800269,0.167255,0.032475
AGAATTATGGATTCGA-1,0.071738,0.230036,0.698227
AGAATTGTTTGACATA-1,0.283716,0.361569,0.354715
AGACAGCTCAGAATCC-1,0.035913,0.624305,0.339782
AGACAGGCATCTCAGC-1,0.191373,0.046538,0.762089
AGACATAGATCCTTCC-1,0.090464,0.170485,0.739051
AGACCAAACCACACCT-1,0.164777,0.636294,0.198929
AGACCATGGGATACAA-1,0.855188,0.01117,0.133642
AGACCCACCGCTGATC-1,0.298031,0.184646,0.517324
AGACCCGCCCTCCTCG-1,0.572423,0.000898,0.426679
AGACCGCTCCGCGGTT-1,0.470489,0.118251,0.41126
AGACCGGGAAACCCTG-1,0.022521,0.907788,0.069691
AGACGAAGTGCCGGTC-1,0.247996,0.42356,0.328444
AGACGACGATGCCGCT-1,0.696541,0.132671,0.170788
AGACGCCCACTTCGCC-1,0.814699,0.004125,0.181176
AGACTAGCCTTCCAGA-1,0.604524,0.004931,0.390545
AGACTGTTACCGGGTC-1,0.807183,0.126635,0.066183
AGAGAAACACCAGAAA-1,0.705305,0.097007,0.197688
AGAGAACCGTCTAGGA-1,0.35239,0.23241,0.4152
AGAGAAGGAGTACAAT-1,0.464434,0.341417,0.194149
AGAGATCTCTAAAGCG-1,0.000282,0.922466,0.077252
AGAGCAGTTATGAGAC-1,0.35701,0.477441,0.165548
AGAGCCGCCGAGATTT-1,0.562592,0.231252,0.206156
AGAGCGGGCTAATCAT-1,0.565407,0.000336,0.434257
AGAGCGTACAAGCTCG-1,0.410785,0.034499,0.554716
AGAGCTACGAAAGCAT-1,0.509373,0.011279,0.479348
AGAGGCTTCGGAAACC-1,0.176153,0.653585,0.170262
AGAGGTATCTCGGTCC-1,0.356015,0.000046,0.643939
AGAGTAAACTTCACTA-1,0.248081,0.323066,0.428853
AGATAACTTCAGGGCC-1,0.584985,0.150857,0.264158
AGATAATCACACCTAT-1,0.331033,0.574964,0.094003
AGATACCAATAGAACC-1,0.914717,0.001417,0.083866
AGATACCGGTGTTCAC-1,0.037047,0.467369,0.495584
AGATACGACTTCATAT-1,0.961681,0.000014,0.038305
AGATACTCAAGATCGA-1,0.425776,0.339508,0.234717
AGATATAATACGACTA-1,0.753894,0.184062,0.062044
AGATCGTGCATAAGAT-1,0.315515,0.000024,0.68446
AGATCTCAGGTGTGAT-1,0.70131,0.030389,0.268301
AGATCTGGAGAGGATA-1,0.108238,0.725299,0.166463
AGATGACTCGCCCACG-1,0.06046,0.544887,0.394653
AGATGAGGGTTGCGAT-1,0.000504,0.068094,0.931402
AGATGATGGAGTCTGG-1,0.301904,0.000038,0.698058
AGATGCAAGACGTGCA-1,0.949437,0.021232,0.02933
AGATGCATCCTGTGTC-1,0.910739,0.022152,0.067109
AGATGCTATAACGAGC-1,0.238297,0.366247,0.395457
AGATTATAGGACGTTT-1,0.553203,0.003404,0.443393
AGATTCACAACCGATA-1,0.726998,0.180999,0.092004
AGCAAAGGCCGCTAGT-1,0.742351,0.142285,0.115364
AGCAACATATCTTATT-1,0.371989,0.285655,0.342356
AGCAACCGAAAGTAAT-1,0.000491,0.859015,0.140494
AGCACACGTTTAGACT-1,0.801999,0.179559,0.018442
AGCACCAGTACTCACG-1,0.527091,0.155548,0.317361
AGCACTACCGGCCTGT-1,0.153927,0.48247,0.363603
AGCACTACCTCACCAG-1,0.197739,0.673649,0.128612
AGCACTTAAGGACGCC-1,0.581818,0.075108,0.343074
AGCAGAAGGAGAAAGA-1,0.348714,0.373816,0.27747
AGCAGCCAGATGAATA-1,0.418399,0.165956,0.415645
AGCAGTCGAAGCATGC-1,0.663893,0.243758,0.092349
AGCATATCAATATGCT-1,0.226067,0.520444,0.253489
AGCATCATTTCGAAAG-1,0.490123,0.451643,0.058234
AGCATCGTCGATAATT-1,0.29718,0.000838,0.701981
AGCATTACGAGGCAAG-1,0.520833,0.212952,0.266216
AGCCAAGCTTTGTGTC-1,0.92691,0.03277,0.04032
AGCCACAGGTTACCCG-1,0.889796,0.038298,0.071906
AGCCACTCCCGTGCTT-1,0.60603,0.006679,0.387292
AGCCATATAGTATGTG-1,0.576963,0.279851,0.143186
AGCCCATACATGTAAG-1,0.014709,0.771135,0.214156
AGCCCGCAACAAGCAG-1,0.81739,0.101086,0.081524
AGCCCGCACTACAATG-1,0.231222,0.571179,0.197599
AGCCCGGCATTAGAGG-1,0.629247,0.295769,0.074984
AGCCCGGTAGCCTGTA-1,0.439075,0.34124,0.219685
AGCCCTAAGCGAAGTT-1,0.666412,0.023284,0.310303
AGCCCTCCCTGGTGGC-1,0.346483,0.581012,0.072505
AGCCCTGTCGCACCGT-1,0.000524,0.260587,0.73889
AGCCCTTGGACATCCC-1,0.594813,0.029079,0.376108
AGCCGCAAATTCAAAT-1,0.188459,0.609263,0.202278
AGCCGCTTGATTAGCG-1,0.178458,0.17047,0.651073
AGCCGTGGCTAAATGT-1,0.813723,0.029036,0.157241
AGCCTAATACCCACGT-1,0.50287,0.36264,0.134489
AGCCTTAAAGCGGAAG-1,0.526498,0.108322,0.36518
AGCCTTGTCACTGATA-1,0.000924,0.859553,0.139523
AGCGACAGGAACGGTC-1,0.291779,0.224199,0.484022
AGCGACATCCCATTCA-1,0.234731,0.488066,0.277203
AGCGACCAACGATATT-1,0.000307,0.668216,0.331477
AGCGACTTTGAAGACA-1,0.721912,0.265655,0.012433
AGCGAGACGTGAAGGC-1,0.441471,0.537081,0.021448
AGCGATGCGCCTAATA-1,0.672239,0.110438,0.217323
AGCGCATAATGAATCG-1,0.88239,0.010426,0.107184
AGCGCGGGTGCCAATG-1,0.523579,0.022973,0.453447
AGCGGACACTTCGTAG-1,0.305764,0.451514,0.242721
AGCGGCGGTTAGCGGT-1,0.000212,0.904235,0.095553
AGCGGGAAGGGTCCAT-1,0.932054,0.000043,0.067903
AGCGGGTCTGACACTC-1,0.412315,0.422457,0.165228
AGCGTACGAGAGCTAG-1,0.453164,0.207823,0.339013
AGCGTAGCGCTAGACC-1,0.573971,0.00286,0.42317
AGCGTCTGAACCCGCA-1,0.028133,0.32902,0.642847
AGCGTGGTATTCTACT-1,0.743335,0.175778,0.080887
AGCTAACAAGCAATGT-1,0.866702,0.037212,0.096086
AGCTAAGCTCCGTCCG-1,0.494961,0.482794,0.022245
AGCTAAGTACGCAGGC-1,0.650768,0.033802,0.315429
AGCTACGAATGGTGGT-1,0.407649,0.475922,0.116429
AGCTAGAAGCAGAAGT-1,0.155383,0.000045,0.844572
AGCTATTTAATCCAAC-1,0.881337,0.000022,0.118641
AGCTCCATATATGTTC-1,0.298506,0.319746,0.381749
AGCTCCTTCGCACATC-1,0.191603,0.637973,0.170424
AGCTCTAGACGTTCCA-1,0.093157,0.513385,0.393458
AGCTCTTCCCAGTGCA-1,0.293859,0.005705,0.700436
AGCTCTTCGTAACCTT-1,0.457153,0.031327,0.511521
AGCTCTTTACTCAGTT-1,0.181963,0.281952,0.536085
AGCTGAAGTAAACCAA-1,0.337996,0.267423,0.394581
AGCTGTAACCTCAATC-1,0.411946,0.577674,0.01038
AGCTTATAGAGACCTG-1,0.31424,0.000053,0.685707
AGCTTCTTCTCGAGCA-1,0.782215,0.143248,0.074537
AGCTTGATCAGGGTAG-1,0.001047,0.971602,0.027351
AGCTTGATCTTAACTT-1,0.28692,0.07385,0.63923
AGGAAAGCCTCTGATG-1,0.172164,0.506991,0.320845
AGGAACGAACGACTTC-1,0.7001,0.052943,0.246958
AGGAAGCTGTCCGCCG-1,0.712395,0.162491,0.125114
AGGACAGTCGAATCCC-1,0.177784,0.444963,0.377253
AGGACATCGCACGTCG-1,0.092404,0.054885,0.852711
AGGACATCGGCACACT-1,0.029367,0.495218,0.475415
AGGACGACCCATTAGA-1,0.489756,0.095662,0.414582
AGGACGCTCGATGTTG-1,0.016071,0.174078,0.809851
AGGACTTATAGGAGAA-1,0.132731,0.180563,0.686706
AGGAGCGTTTATTATC-1,0.561628,0.109832,0.32854
AGGAGGCCTTCGCGCG-1,0.299967,0.405631,0.294402
AGGATAAAGTCGGGAT-1,0.170753,0.525841,0.303405
AGGATATAGGGATTTA-1,0.163739,0.296962,0.5393
AGGATATCCGACTGCA-1,0.813877,0.151961,0.034162
AGGATCACGCGATCTG-1,0.035193,0.879869,0.084938
AGGCAAAGAGGAATCA-1,0.113899,0.194686,0.691415
AGGCAATACGGAGGAC-1,0.941336,0.043473,0.015191
AGGCACGTGACTGTCC-1,0.48383,0.15608,0.36009
AGGCAGATGCGTAAAC-1,0.745628,0.004063,0.250309
AGGCAGGGAGCGTACT-1,0.51929,0.339044,0.141666
AGGCATTGTCGTAGGG-1,0.165596,0.441807,0.392597
AGGCCACCCGTTATGA-1,0.85402,0.002372,0.143609
AGGCCCAGTGACTGGT-1,0.001524,0.647487,0.35099
AGGCCCATTGTACAGG-1,0.000378,0.632113,0.367509
AGGCCCTAGAACGCCA-1,0.359978,0.313849,0.326173
AGGCCTATCATACCAA-1,0.657336,0.114585,0.228079
AGGCCTGAGAATCTCG-1,0.529678,0.359078,0.111243
AGGCGATAACTGGCGT-1,0.033626,0.339689,0.626685
AGGCGGTTTGTCCCGC-1,0.055201,0.827506,0.117292
AGGCTATGGTTAGCTT-1,0.030527,0.369781,0.599692
AGGCTTAAGTTGCACA-1,0.704181,0.294727,0.001091
AGGCTTCCCGAAGAAG-1,0.62984,0.060041,0.310119
AGGCTTGCTAGACACC-1,0.26946,0.160303,0.570237
AGGGAAACGAGGTACT-1,0.100303,0.140689,0.759009
AGGGACAGCACGGCGG-1,0.57143,0.000022,0.428548
AGGGACCGGCTGCGTT-1,0.276472,0.032826,0.690702
AGGGACTCTACGCGAC-1,0.045126,0.641591,0.313283
AGGGCAGCGGCGTGGT-1,0.101022,0.082397,0.81658
AGGGCCCTAATGTTCT-1,0.01417,0.639209,0.346621
AGGGCGAGCAGCTGAT-1,0.315821,0.500585,0.183594
AGGGCGTGATCGGCTA-1,0.024123,0.598803,0.377074
AGGGCTGCAGTTACAG-1,0.023463,0.545074,0.431463
AGGGTCAGAGCACTCG-1,0.517292,0.16782,0.314887
AGGGTCGATGCGAACT-1,0.263317,0.247835,0.488847
AGGGTCTGGACGCAGT-1,0.943451,0.010508,0.046042
AGGGTGCCGTTCTTTA-1,0.683664,0.265423,0.050914
AGGGTGCTCTCGAGGG-1,0.241438,0.2882,0.470363
AGGGTGGATAGTGCAT-1,0.053346,0.707709,0.238946
AGGGTTCAGACGGTCC-1,0.6015,0.222354,0.176145
AGGGTTCCCTTTGGTT-1,0.122561,0.370278,0.507161
AGGGTTTAGTTCGGGA-1,0.202573,0.146754,0.650673
AGGTAACCTCCTATTC-1,0.152185,0.29835,0.549465
AGGTACGATATTGCCA-1,0.67042,0.000038,0.329542
AGGTAGATCGAGATAT-1,0.711649,0.120142,0.168209
AGGTAGGTACAAAGCT-1,0.169924,0.646731,0.183345
AGGTATAATTGATAGT-1,0.09865,0.066832,0.834518
AGGTCAGGTGAGAGTG-1,0.540001,0.441757,0.018242
AGGTCGCCACTTCGGT-1,0.406307,0.020682,0.573011
AGGTCGCCTCCCAACA-1,0.460036,0.119609,0.420354
AGGTCGCGGAGTTACT-1,0.000497,0.525537,0.473966
AGGTGCACGTCCACAT-1,0.692136,0.259617,0.048247
AGGTGGTGACCTTCGC-1,0.46401,0.230251,0.305739
AGGTGTATCGCCATGA-1,0.000385,0.915001,0.084614
AGGTGTTGCCGACCAC-1,0.011507,0.334007,0.654486
AGGTTACACCATGCCG-1,0.461068,0.002157,0.536775
AGGTTCTCCTTTCCGG-1,0.053552,0.771315,0.175133
AGGTTGAGGCACGCTT-1,0.362885,0.128863,0.508252
AGGTTTCACACACCTT-1,0.199547,0.556594,0.243859
AGTAACTATAGCAGCC-1,0.738148,0.255117,0.006735
AGTAAGGGACAGAATC-1,0.752896,0.208522,0.038582
AGTAATCTAAGGGTGG-1,0.372827,0.497981,0.129193
AGTAATGTCTTGCCGC-1,0.236064,0.275809,0.488126
AGTAATTTGCAAGCGT-1,0.202284,0.681804,0.115911
AGTACAGAAGCTTATA-1,0.66417,0.232143,0.103687
AGTACATCATTTATCA-1,0.057339,0.039513,0.903148
AGTACGGCCCGTATCG-1,0.589759,0.226517,0.183724
AGTACGGGCACCTGGC-1,0.502104,0.16294,0.334956
AGTACTCTTATGCCCA-1,0.576089,0.083032,0.340879
AGTAGAAGGCGCCTCA-1,0.967582,0.019027,0.013391
AGTAGCGTGAACGAAC-1,0.000681,0.310138,0.689182
AGTAGGAAGGAAGTTG-1,0.000474,0.371726,0.627799
AGTAGGTAACATACAT-1,0.675492,0.005986,0.318522
AGTATAATACTAGGCA-1,0.083908,0.567089,0.349003
AGTATACACAGCGACA-1,0.424826,0.443404,0.13177
AGTATCCATAATAACG-1,0.596698,0.109389,0.293913
AGTATGCTGGAGACCA-1,0.864791,0.092872,0.042337
AGTATTTGGCACGACC-1,0.347583,0.441848,0.210569
AGTCAAATGATGTGAT-1,0.529149,0.412632,0.058218
AGTCAACACCACCATC-1,0.226579,0.176935,0.596486
AGTCAAGATGACACTT-1,0.318015,0.189415,0.49257
AGTCACTAGCTCTCGA-1,0.130783,0.509405,0.359812
AGTCACTCCGCCTCAT-1,0.021059,0.438271,0.54067
AGTCAGCCACCGCCTG-1,0.61867,0.002032,0.379298
AGTCCAGCGGGTACGT-1,0.062158,0.113075,0.824767
AGTCCATTGGCTGATG-1,0.545137,0.012143,0.44272
AGTCCCGCCTTTAATT-1,0.150711,0.06939,0.779899
AGTCGAAACGATTCAG-1,0.687215,0.231475,0.08131
AGTCGACGGTCTCAAG-1,0.000207,0.774601,0.225192
AGTCGGCCCAAACGAC-1,0.510684,0.188255,0.301061
AGTCGGCTCAACTTTA-1,0.586901,0.245621,0.167478
AGTCGGTTGCGTGAGA-1,0.150369,0.110172,0.739459
AGTCGTATAAAGCAGA-1,0.724132,0.194733,0.081135
AGTCGTCGACCACCAA-1,0.191325,0.683182,0.125493
AGTCGTGGGCATTACG-1,0.566714,0.209091,0.224195
AGTCTCACAAGACTAC-1,0.379651,0.337382,0.282967
AGTCTGGACATCCTTG-1,0.000379,0.737058,0.262563
AGTCTTCTCCTCAAAT-1,0.317916,0.083746,0.598338
AGTCTTTAAAGTGTCC-1,0.289491,0.695156,0.015352
AGTGAACAAACTTCTC-1,0.583614,0.056523,0.359862
AGTGACCTACTTTACG-1,0.198617,0.356485,0.444899
AGTGACTGTGACACAA-1,0.294271,0.528295,0.177434
AGTGAGACTTCCAGTA-1,0.498102,0.07455,0.427349
AGTGAGCCTCGCCGCC-1,0.289079,0.015496,0.695425
AGTGAGGGTTTCTGAC-1,0.000798,0.31134,0.687862
AGTGAGTCGAATTAAC-1,0.252474,0.616876,0.130651
AGTGATAACCTGCGCG-1,0.519843,0.371267,0.10889
AGTGATATGAGTAGTT-1,0.655636,0.010549,0.333815
AGTGATTCAAGCAGGA-1,0.426527,0.213731,0.359742
AGTGCACGCTTAAGAA-1,0.698365,0.206586,0.095049
AGTGCGTAGCTCGTAA-1,0.394489,0.070807,0.534704
AGTGCTAAACACAGCA-1,0.357519,0.32263,0.31985
AGTGCTTGCACGAATA-1,0.778893,0.002384,0.218723
AGTGGCCCGCAAATGG-1,0.11714,0.815116,0.067745
AGTGGCGGCAATTTGA-1,0.678492,0.000018,0.32149
AGTGGCGTCTGAAGGT-1,0.131866,0.863009,0.005126
AGTGGCTCCGTCGGCC-1,0.530991,0.129173,0.339836
AGTGGGAGTATACACG-1,0.381382,0.234373,0.384246
AGTGGTGTTACCCGTG-1,0.000341,0.973171,0.026489
AGTGGTTGCGTATAGG-1,0.073504,0.855534,0.070962
AGTGTATTGCGCATTG-1,0.002989,0.067601,0.929411
AGTGTGCTAAGATCGC-1,0.000354,0.613014,0.386632
AGTGTGGTCTATTGTG-1,0.000496,0.669106,0.330398
AGTTAAACACTTGCGA-1,0.765808,0.018115,0.216077
AGTTAAGCGGTCCCGG-1,0.432576,0.005034,0.56239
AGTTAAGTCAACCGCT-1,0.466118,0.421393,0.112489
AGTTACCCTTAAGACT-1,0.032528,0.654939,0.312532
AGTTACCGCACATGGT-1,0.015941,0.757912,0.226147
AGTTACTCTATCGTGG-1,0.305407,0.042438,0.652154
AGTTATTCAGACTGTG-1,0.000318,0.63796,0.361722
AGTTATTGAAAGGTAA-1,0.001055,0.000301,0.998644
AGTTCACCGGTTGGAC-1,0.434928,0.356629,0.208443
AGTTCCTACAGAATTA-1,0.929505,0.000299,0.070196
AGTTCCTATTTATGTT-1,0.514264,0.27942,0.206316
AGTTCTGCGTTGTATC-1,0.53014,0.03072,0.439139
AGTTGACATCGGCTGG-1,0.233798,0.182213,0.583988
AGTTGACGGTCCTTGC-1,0.836175,0.055234,0.108591
AGTTGCGGTCCTCAAC-1,0.29637,0.660576,0.043054
AGTTGCTGACTGATAT-1,0.888079,0.004378,0.107543
AGTTGGCAAGGCTAGA-1,0.642554,0.184109,0.173337
AGTTTCGCAGGTCGGA-1,0.053291,0.514257,0.432452
AGTTTGCACCTGCCTC-1,0.857761,0.126601,0.015638
AGTTTGGCACGGGTTG-1,0.409658,0.127662,0.46268
AGTTTGGCCAGACCTA-1,0.072202,0.681903,0.245895
ATAAACCATTGGACGG-1,0.245402,0.02031,0.734288
ATAAACGGACCCGTAA-1,0.301771,0.518035,0.180194
ATAAACGTTGCACCAC-1,0.452268,0.291707,0.256025
ATAAAGGCTCGGTCGT-1,0.623655,0.019962,0.356383
ATAAAGGTCAAGTACG-1,0.230769,0.171912,0.597319
ATAAATATTAGCAGCT-1,0.104286,0.471215,0.424499
ATAACGCCGGAGGGTC-1,0.330595,0.253994,0.415411
ATAACGGAGTCCAACG-1,0.58275,0.110917,0.306333
ATAAGGTGGAGAACAT-1,0.573638,0.181476,0.244886
ATAAGTAGGATTCAGA-1,0.0701,0.139268,0.790632
ATAAGTAGGGCGACTC-1,0.371419,0.000026,0.628555
ATAAGTTACCGCGACG-1,0.750262,0.06985,0.179887
ATAATACCGTTAGCCG-1,0.224387,0.441416,0.334197
ATAATAGCTGTTGAAT-1,0.940547,0.041226,0.018227
ATAATAGTGTAGGGAC-1,0.706725,0.065653,0.227622
ATAATCTTGGAGAACC-1,0.659017,0.208528,0.132455
ATAATTAGCTAAGTAG-1,0.42541,0.504262,0.070328
ATACAGCGTCCACTGA-1,0.083135,0.908623,0.008241
ATACAGGCCCTCCAAT-1,0.409488,0.352155,0.238357
ATACCACGGGCAACTT-1,0.555868,0.041017,0.403115
ATACCAGCAAATTGCT-1,0.421254,0.00006,0.578686
ATACCAGGCTAATAGA-1,0.055789,0.452065,0.492146
ATACCAGGTGAGCGAT-1,0.000535,0.411633,0.587832
ATACCCTCCCGGCCAA-1,0.330586,0.564865,0.104549
ATACCCTGGCTCAAAT-1,0.134381,0.525601,0.340018
ATACCTAACCAAGAAA-1,0.436361,0.385736,0.177902
ATACGAGGTTTGTAAG-1,0.355074,0.562858,0.082068
ATACGCCGATCTACCG-1,0.237522,0.097022,0.665456
ATACGCCGGCGAAACC-1,0.75053,0.030276,0.219194
ATACGGAACGTCGTTT-1,0.39419,0.509295,0.096514
ATACGGGTTTCGATTG-1,0.442947,0.047586,0.509468
ATACGGTGAAGATGCA-1,0.293816,0.409941,0.296243
ATACGTACTTAGCCAC-1,0.297301,0.529502,0.173196
ATACGTCCACTCCTGT-1,0.561376,0.100723,0.3379
ATACGTTATGCACGGA-1,0.513265,0.240288,0.246448
ATACTACCCGTACCAC-1,0.836324,0.090848,0.072828
ATACTAGCATGACCCT-1,0.602344,0.14004,0.257616
ATACTCTCGCCACTCT-1,0.074686,0.543678,0.381636
