Barcode,Topic 1,Topic 2to3,Topic 4to6,Topic 7to8
AAACAACGAATAGTTC-1,0.005155,0.006436,0.716442,0.271967
AAACAAGTATCTCCCA-1,0.083663,0.217164,0.404261,0.294911
AAACACCAATAACTGC-1,0.018282,0.133078,0.726969,0.121671
AAACAGAGCGACTCCT-1,0.114528,0.182448,0.414492,0.288531
AAACAGCTTTCAGAAG-1,0.022261,0.025555,0.504136,0.448048
AAACAGGGTCTATATT-1,0.207829,0.000868,0.123101,0.668202
AAACAGTGTTCCTGGG-1,0.765511,0.23419,0.00018,0.00012
AAACATGGTGAGAGGA-1,0.027226,0.284738,0.296883,0.391153
AAACATTTCCCGGATT-1,0.001609,0.276121,0.595327,0.126943
AAACCCGAACGAAATC-1,0.052987,0.395975,0.267777,0.283262
AAACCGGAAATGTTAA-1,0.00002,0.701898,0.269152,0.02893
AAACCGGGTAGGTACC-1,0.001001,0.025584,0.671313,0.302103
AAACCGTTCGTCCAGG-1,0.032644,0.014515,0.740457,0.212384
AAACCTAAGCAGCCGG-1,0.063618,0.181878,0.412707,0.341797
AAACCTCATGAAGTTG-1,0.000035,0.132877,0.747991,0.119097
AAACGAAGATGGAGTA-1,0.126832,0.194946,0.180658,0.497564
AAACGAGACGGTTGAT-1,0.000021,0.008584,0.99025,0.001144
AAACGCTGGGCACGAC-1,0.107398,0.638172,0.00019,0.25424
AAACGGGCGTACGGGT-1,0.021546,0.220061,0.541176,0.217217
AAACGGGTTGGTATCC-1,0.055464,0.0246,0.678428,0.241508
AAACGGTTGCGAACTG-1,0.912379,0.053934,0.005578,0.028109
AAACGTGTTCGCCCTA-1,0.214387,0.552397,0.094842,0.138375
AAACTAACGTGGCGAC-1,0.071494,0.246781,0.380954,0.30077
AAACTCGGTTCGCAAT-1,0.061111,0.269893,0.460744,0.208252
AAACTCGTGATATAAG-1,0.037709,0.111471,0.419421,0.4314
AAACTGCTGGCTCCAA-1,0.006568,0.063397,0.746924,0.183111
AAACTTAATTGCACGC-1,0.000013,0.317478,0.660623,0.021885
AAACTTGCAAACGTAT-1,0.329941,0.082596,0.106477,0.480985
AAAGAATGACCTTAGA-1,0.000015,0.464479,0.3313,0.204206
AAAGAATGTGGACTAA-1,0.000475,0.754263,0.219788,0.025474
AAAGACTGGGCGCTTT-1,0.064708,0.057663,0.530299,0.34733
AAAGCTTGCCTACATA-1,0.029678,0.369633,0.122679,0.47801
AAAGGCCCTATAATAC-1,0.028104,0.315221,0.467582,0.189092
AAAGGCTACGGACCAT-1,0.997832,0.00012,0.000179,0.001869
AAAGGCTCTCGCGCCG-1,0.760952,0.238766,0.00017,0.000113
AAAGGGATGTAGCAAG-1,0.048589,0.000093,0.446418,0.5049
AAAGGGCAGCTTGAAT-1,0.04294,0.022459,0.765325,0.169276
AAAGGTAAGCTGTACC-1,0.061628,0.058307,0.733402,0.146662
AAAGTAGCATTGCTCA-1,0.000019,0.046352,0.941271,0.012358
AAAGTCGACCCTCAGT-1,0.02397,0.082119,0.846591,0.047319
AAAGTGCCATCAATTA-1,0.144358,0.718833,0.01017,0.126638
AAAGTGTGATTTATCT-1,0.060341,0.079862,0.198095,0.661702
AAAGTTGACTCCCGTA-1,0.099331,0.124525,0.611597,0.164547
AAATAACCATACGGGA-1,0.002972,0.071237,0.907405,0.018385
AAATAAGGTAGTGCCC-1,0.070359,0.042104,0.150958,0.736579
AAATACCTATAAGCAT-1,0.253436,0.044643,0.453243,0.248678
AAATAGCTTAGACTTT-1,0.119645,0.173364,0.254232,0.452759
AAATAGGGTGCTATTG-1,0.045095,0.021121,0.550893,0.382891
AAATCCGATACACGCC-1,0.095459,0.200819,0.555555,0.148166
AAATCGCGGAAGGAGT-1,0.076938,0.216081,0.339593,0.367388
AAATCGTGTACCACAA-1,0.999311,0.000197,0.000295,0.000197
AAATCTAGCCCTGCTA-1,0.000371,0.143973,0.597636,0.258021
AAATCTGCCCGCGTCC-1,0.045041,0.923131,0.005939,0.025889
AAATGACTGATCAAAC-1,0.829881,0.113698,0.000228,0.056194
AAATGATTCGATCAGC-1,0.214674,0.126578,0.501251,0.157497
AAATGCTCGTTACGTT-1,0.018942,0.010622,0.85844,0.111996
AAATGGCATGTCTTGT-1,0.137088,0.002218,0.46112,0.399574
AAATGGCCCGTGCCCT-1,0.038166,0.141663,0.429884,0.390288
AAATGGTCAATGTGCC-1,0.893649,0.000422,0.000632,0.105297
AAATGTATCTTATCCC-1,0.090465,0.000672,0.030199,0.878664
AAATTAACGGGTAGCT-1,0.468508,0.019776,0.19197,0.319747
AAATTAATAAGCGCGA-1,0.000024,0.096159,0.619441,0.284376
AAATTACACGACTCTG-1,0.031751,0.010282,0.740175,0.217792
AAATTACCTATCGATG-1,0.048616,0.000125,0.157658,0.7936
AAATTCCAGGTCCAAA-1,0.00002,0.100423,0.876018,0.02354
AAATTGATAGTCCTTT-1,0.085015,0.004694,0.304038,0.606253
AAATTGCGGCGGTTCT-1,0.06549,0.000109,0.410017,0.524384
AAATTGGTGAGAAGCA-1,0.000022,0.402142,0.499682,0.098153
AAATTTGCGGGTGTGG-1,0.049203,0.033498,0.801124,0.116175
AACAACTGGTAGTTGC-1,0.476815,0.000184,0.000276,0.522726
AACAATACATTGTCGA-1,0.04079,0.044392,0.68921,0.225608
AACAATTACTCTACGC-1,0.115677,0.101902,0.623667,0.158754
AACACACGCTCGCCGC-1,0.000047,0.143291,0.577903,0.27876
AACACGAGACGCGGCC-1,0.000017,0.023536,0.914401,0.062047
AACAGCTGTGTGGCAA-1,0.038691,0.018129,0.811213,0.131967
AACAGGAAATCGAATA-1,0.027895,0.000104,0.386498,0.585503
AACAGGATGGGCCGCG-1,0.000024,0.049758,0.948623,0.001594
AACAGGTAGTATGGAT-1,0.017508,0.310424,0.30429,0.367778
AACATAGCGTGTATCG-1,0.055409,0.738064,0.0027,0.203828
AACATATCAACTGGTG-1,0.028375,0.030508,0.683764,0.257353
AACATCGATACGTCTA-1,0.030268,0.000149,0.159702,0.809881
AACATTGAAGTTGATC-1,0.012967,0.156601,0.705981,0.124451
AACATTGGTCAGCCGT-1,0.082793,0.019092,0.466301,0.431814
AACATTGTGACTCGAG-1,0.889088,0.000419,0.102739,0.007754
AACCAAGACTTCTCTG-1,0.075774,0.019367,0.539135,0.365724
AACCAGTATCACTCTT-1,0.277484,0.172202,0.223394,0.32692
AACCATAGGGTTGAAC-1,0.10197,0.247413,0.257395,0.393222
AACCATGGGATCGCTA-1,0.028527,0.02671,0.550993,0.39377
AACCCAGAGACGGAGA-1,0.001176,0.006596,0.72548,0.266748
AACCCATCCCATGATC-1,0.000533,0.171695,0.741317,0.086454
AACCCGACAACCCGTG-1,0.817903,0.0795,0.021593,0.081004
AACCCGAGCAGAATCG-1,0.012245,0.302199,0.021906,0.663651
AACCCGATAGGGCTTC-1,0.001728,0.493456,0.361191,0.143624
AACCCGCTGTATTCCA-1,0.579652,0.397837,0.022439,0.000072
AACCCTACTGTCAATA-1,0.044482,0.147567,0.450705,0.357246
AACCGAGCTTGGTCAT-1,0.043493,0.129765,0.434848,0.391894
AACCGCTAAGGGATGC-1,0.069838,0.016913,0.064508,0.848742
AACCGTTGTGTTTGCT-1,0.000381,0.003018,0.957884,0.038717
AACCTCGCTTTAGCCC-1,0.000034,0.207072,0.781831,0.011063
AACCTGTCACGGAATT-1,0.07209,0.234057,0.036153,0.6577
AACCTTTAAATACGGT-1,0.137242,0.030808,0.304867,0.527083
AACCTTTACGACGTCT-1,0.282343,0.000182,0.011864,0.705612
AACGAAAGTCGTCCCA-1,0.322091,0.273715,0.186196,0.217998
AACGACCTCCTAGCCG-1,0.000021,0.622464,0.375425,0.00209
AACGATAATGCCGTAG-1,0.11743,0.13606,0.224712,0.521799
AACGATAGAAGGGCCG-1,0.91824,0.00016,0.00024,0.08136
AACGATATGTCAACTG-1,0.093469,0.017907,0.639614,0.249009
AACGCATGATCTGGGT-1,0.095864,0.184357,0.51666,0.203118
AACGCGAACGGCAACA-1,0.021582,0.016486,0.939905,0.022027
AACGCGACCTTGGGCG-1,0.853759,0.000261,0.000392,0.145588
AACGCGGTCTCCAGCC-1,0.033338,0.098639,0.786041,0.081982
AACGCTGTTGCTGAAA-1,0.037192,0.11484,0.488054,0.359914
AACGGACGTACGTATA-1,0.022922,0.014586,0.479254,0.483237
AACGGCCATCTCCGGT-1,0.187094,0.045754,0.309166,0.457986
AACGTACTGTGGGTAC-1,0.175568,0.109433,0.50006,0.214939
AACGTCAGACTAGTGG-1,0.03742,0.059684,0.567433,0.335463
AACGTCGCTGCACTTC-1,0.000024,0.931166,0.032588,0.036222
AACGTGCGAAAGTCTC-1,0.000035,0.154401,0.761753,0.083811
AACGTTATCAGCACCT-1,0.046317,0.022988,0.558193,0.372502
AACGTTCTACCATTGT-1,0.37581,0.603568,0.000251,0.020371
AACTACCCGTTTGTCA-1,0.021598,0.224081,0.02289,0.731431
AACTAGGCTTGGGTGT-1,0.440641,0.000252,0.000378,0.55873
AACTCAAGTTAATTGC-1,0.653944,0.023386,0.046893,0.275777
AACTCCAGAGCGTGTT-1,0.002575,0.166149,0.532325,0.298951
AACTCCTAATCCCATG-1,0.20715,0.087577,0.558644,0.14663
AACTCGATAAACACGT-1,0.04202,0.000088,0.435257,0.522635
AACTCGATGGCGCAGT-1,0.142556,0.000125,0.236003,0.621316
AACTCTCAATAGAGCG-1,0.000052,0.105864,0.69023,0.203854
AACTCTCAGTGTGCTC-1,0.034215,0.000092,0.321323,0.644369
AACTGAGGTCAGCGTC-1,0.000045,0.227285,0.419955,0.352715
AACTGAGTTATACTGA-1,0.152889,0.431558,0.064438,0.351114
AACTGATATTAGGCCT-1,0.009145,0.007455,0.926532,0.056868
AACTGGGTCCCGACGT-1,0.035638,0.000071,0.765301,0.19899
AACTTCTGCGTCTATC-1,0.090958,0.036406,0.532323,0.340313
AACTTGCCCGTATGCA-1,0.134569,0.010576,0.587257,0.267597
AACTTGCGTTCTCGCG-1,0.000022,0.000044,0.984736,0.015198
AACTTTACGGGAGCTT-1,0.065312,0.185385,0.6964,0.052904
AACTTTCTCGATCATG-1,0.048074,0.691613,0.128259,0.132054
AAGAAATCACCAGATT-1,0.168678,0.378759,0.000148,0.452415
AAGAAGGATCAGTTAG-1,0.097765,0.131531,0.640368,0.130336
AAGACATACGTGGTTT-1,0.09701,0.667684,0.000282,0.235025
AAGACCAAATAACTCA-1,0.264946,0.307008,0.323206,0.10484
AAGACCCAACTGAACA-1,0.801855,0.000291,0.182408,0.015447
AAGACTAACCCGTTGT-1,0.136021,0.036714,0.453578,0.373686
AAGACTGCAAGCTACT-1,0.008647,0.013742,0.744672,0.232939
AAGAGATGAATCGGTA-1,0.029897,0.176567,0.605656,0.18788
AAGAGCTCTTTATCGG-1,0.000044,0.005199,0.968804,0.025952
AAGAGGATGTACGCGA-1,0.07776,0.000125,0.256774,0.665341
AAGAGGCATGGATCGC-1,0.1546,0.156919,0.663025,0.025455
AAGAGGCCCTTTGGAA-1,0.017324,0.219434,0.24383,0.519413
AAGATGGCACCGGACC-1,0.119675,0.06769,0.383783,0.428852
AAGATTGGCGGAACGT-1,0.353744,0.002016,0.332685,0.311554
AAGCACCCTGCGTATC-1,0.000027,0.043243,0.946547,0.010184
AAGCATACTCTCCTGA-1,0.126769,0.104542,0.187993,0.580695
AAGCCACTTGCAGGTA-1,0.127494,0.476843,0.100227,0.295437
AAGCCGAAGCGGTTTA-1,0.144599,0.074133,0.374657,0.406611
AAGCCGCCGTGAAATC-1,0.047374,0.275213,0.125284,0.552129
AAGCCGCTTTACCTTG-1,0.139458,0.30586,0.038773,0.515909
AAGCCGGAGAGCAGGA-1,0.000029,0.672106,0.293799,0.034067
AAGCGCAGGGCTTTGA-1,0.055428,0.291022,0.318693,0.334857
AAGCGGAGTGCGCGCA-1,0.083449,0.402055,0.335901,0.178595
AAGCGGCGTCATGGGT-1,0.021143,0.070081,0.655338,0.253437
AAGCGTCCCTCATCGA-1,0.007337,0.0113,0.879803,0.10156
AAGCTAGATCGAGTAA-1,0.000031,0.001257,0.812331,0.186382
AAGCTCGTGCCAAGTC-1,0.00018,0.01361,0.426831,0.559379
AAGCTCTTTCATGGTG-1,0.000037,0.080421,0.879531,0.040011
AAGGAGCGGTTGGTGC-1,0.719376,0.177737,0.101058,0.001828
AAGGATCGATCGCTTG-1,0.018419,0.000188,0.327429,0.653964
AAGGATGAGGGACCTC-1,0.038134,0.000071,0.906659,0.055136
AAGGCAGGCTGTCTCC-1,0.093422,0.70115,0.000208,0.20522
AAGGCGCGTAAAGCTT-1,0.001126,0.041095,0.74256,0.21522
AAGGCTGTGCTCATCG-1,0.999393,0.000174,0.00026,0.000174
AAGGGAACGACTGGCT-1,0.000903,0.165573,0.761606,0.071918
AAGGGACAGATTCTGT-1,0.016516,0.01597,0.807226,0.160289
AAGGGACTATGCATTC-1,0.060972,0.080662,0.418312,0.440054
AAGGGTTAGCCATGCG-1,0.000085,0.967029,0.000254,0.032632
AAGGGTTTGATTTCAG-1,0.091288,0.306838,0.3953,0.206575
AAGGTATCCTAATATA-1,0.000035,0.088955,0.67099,0.24002
AAGGTGATAAACCAGC-1,0.148142,0.174922,0.229674,0.447262
AAGTAGAAGACCGGGT-1,0.993816,0.005897,0.000172,0.000115
AAGTAGTGACGCGAGG-1,0.084394,0.007564,0.385284,0.522758
AAGTCAATTGTCGTCA-1,0.000037,0.196719,0.740955,0.062289
AAGTCTAGTAGCTGCC-1,0.205991,0.277563,0.000247,0.516198
AAGTCTTCTGTGGCCT-1,0.010685,0.138619,0.799952,0.050744
AAGTGACGACCGAATT-1,0.01592,0.018792,0.724606,0.240683
AAGTGAGTCGGGTTTA-1,0.736274,0.117247,0.136597,0.009882
AAGTGCAAAGGTAGAC-1,0.001734,0.064433,0.770277,0.163555
AAGTGCCTTGACTGTA-1,0.091326,0.081876,0.000331,0.826467
AAGTGCGTTAGAATCT-1,0.059457,0.00907,0.702445,0.229029
AAGTGCTTCTCTATTG-1,0.043227,0.262591,0.422391,0.271791
AAGTGTTTGGAGACGG-1,0.156527,0.001753,0.301091,0.540628
AAGTTCACTCCAAGCT-1,0.039659,0.056821,0.660861,0.242659
AAGTTCAGTCTGCGTA-1,0.009553,0.000108,0.393927,0.596413
AAGTTCGGCCAACAGG-1,0.019224,0.109563,0.529242,0.341971
AAGTTGTGATGTTATA-1,0.054385,0.595844,0.138854,0.210916
AAGTTTATGGGCCCAA-1,0.00178,0.214551,0.610189,0.17348
AATAACAACGCTCGGC-1,0.100605,0.00715,0.544613,0.347631
AATAACACTAGAACAA-1,0.005877,0.064325,0.85425,0.075548
AATAACGTCGCGCCCA-1,0.002684,0.76224,0.170706,0.06437
AATAATCTTCGTATCG-1,0.006122,0.627666,0.097448,0.268764
AATACAATGTTTCAGG-1,0.160193,0.005212,0.121847,0.712748
AATACCGGAGGGCTGT-1,0.017447,0.161121,0.652147,0.169285
AATACCTGATGTGAAC-1,0.044401,0.618019,0.298474,0.039106
AATAGAACAGAGTGGC-1,0.990551,0.000137,0.000206,0.009106
AATAGAATCTGTTTCA-1,0.090984,0.031109,0.197096,0.680811
AATAGCAAGCCTCCTG-1,0.055706,0.292021,0.06611,0.586163
AATAGCTACCGCGTGC-1,0.083074,0.006557,0.452964,0.457405
AATAGGCACGACCCTT-1,0.044224,0.460429,0.14367,0.351677
AATAGTCCGTCCCGAC-1,0.865042,0.000187,0.000281,0.134489
AATAGTCGCGAGTCGG-1,0.161575,0.017396,0.423916,0.397114
AATATCAAGGTCGGAT-1,0.292199,0.000162,0.06036,0.64728
AATATCCTAGCAAACT-1,0.055111,0.153586,0.303426,0.487876
AATATCGAATCAATGC-1,0.077921,0.211767,0.4045,0.305813
AATATCGAGGGTTCTC-1,0.124843,0.026735,0.64701,0.201412
AATATTGGAGTATTGA-1,0.022445,0.009053,0.463752,0.50475
AATCAGACTGCAGGAC-1,0.030834,0.012102,0.714513,0.242552
AATCAGGTTTCATTTA-1,0.062586,0.286887,0.362148,0.288379
AATCATGTAAAGACTC-1,0.000071,0.275388,0.152733,0.571808
AATCCAAGGGCCTGAG-1,0.999481,0.000135,0.000202,0.000182
AATCCATGCAAGGGTG-1,0.006375,0.000119,0.305512,0.687994
AATCCCGCTCAGAGCC-1,0.893021,0.106784,0.000117,0.000078
AATCGAGGTCTCAAGG-1,0.030981,0.554503,0.06491,0.349606
AATCGCCTCAGCGCCA-1,0.001449,0.013155,0.575597,0.409799
AATCGCGCAGAGGACT-1,0.174644,0.187338,0.291983,0.346035
AATCGGTATAGCCCTC-1,0.000044,0.83008,0.061979,0.107898
AATCGTGAGCCGAGCA-1,0.02746,0.205029,0.2636,0.50391
AATCTAGGTTTACTTG-1,0.278929,0.165428,0.12169,0.433953
AATCTATGCCGGAGCC-1,0.013799,0.062817,0.340168,0.583216
AATCTCTACTGTGGTT-1,0.012181,0.000956,0.590762,0.396101
AATCTGCGTTGGGACG-1,0.039731,0.048767,0.632176,0.279326
AATCTGGCTTTCTAGT-1,0.029467,0.192154,0.507338,0.271042
AATGACAGCAATGTCT-1,0.062271,0.000088,0.557064,0.380577
AATGACGTAGGATGTC-1,0.009993,0.071755,0.440476,0.477777
AATGACTGTCAGCCGG-1,0.547107,0.452097,0.000477,0.000318
AATGAGTTCGCATATG-1,0.06888,0.000638,0.59978,0.330703
AATGATGATACGCTAT-1,0.077588,0.027383,0.175676,0.719353
AATGATGCGACTCCTG-1,0.117019,0.000136,0.158957,0.723888
AATGCAACCGGGTACC-1,0.247609,0.035612,0.028593,0.688186
AATGCACCAAGCAATG-1,0.233824,0.03745,0.008885,0.71984
AATGGCCGCCAATGCG-1,0.284596,0.392287,0.000199,0.322918
AATGGTCCACCGTTCA-1,0.012298,0.000131,0.248318,0.739254
AATGGTTCTCACAAGC-1,0.145188,0.000742,0.498706,0.355364
AATGTATGGCACTGTA-1,0.053012,0.374333,0.222049,0.350607
AATGTGCCCGAGGTGT-1,0.025105,0.182035,0.564318,0.228542
AATGTGCTAATCTGAG-1,0.006178,0.258661,0.62027,0.114891
AATGTTAAGACCCTGA-1,0.046612,0.701807,0.166737,0.084844
AATGTTGTCGTGAGAC-1,0.006648,0.589926,0.079502,0.323924
AATTAAAGGTCGGCGT-1,0.568021,0.00024,0.400603,0.031135
AATTAACGGATTTCCA-1,0.175443,0.016178,0.167408,0.640971
AATTACGAGACCCATC-1,0.012617,0.275051,0.283257,0.429075
AATTACTCGTACGCTC-1,0.061938,0.079522,0.393586,0.464954
AATTAGCGCTGCAGCG-1,0.773746,0.00488,0.004327,0.217048
AATTATACCCAGCAAG-1,0.039843,0.423884,0.000178,0.536096
AATTCATAAGGGATCT-1,0.049018,0.005831,0.792989,0.152162
AATTCATTGTCATGCA-1,0.030365,0.2672,0.546099,0.156337
AATTCCAACTTGGTGA-1,0.105672,0.000092,0.488907,0.405329
AATTCCAAGCATGTAC-1,0.50804,0.066137,0.390099,0.035724
AATTCGATTCGAGGAT-1,0.000052,0.106693,0.733558,0.159696
AATTCTAGAGTTAGGC-1,0.465524,0.092605,0.000313,0.441558
AATTGAACGCTCTGGT-1,0.104459,0.096125,0.492983,0.306433
AATTGCAGCAATCGAC-1,0.127527,0.248232,0.022533,0.601708
AATTGCGTGGATTACA-1,0.030927,0.377446,0.47508,0.116547
AATTGTGGTTGCCAAA-1,0.042064,0.570155,0.092318,0.295463
AATTTGGGACATAGTA-1,0.00004,0.007319,0.882869,0.109771
ACAAACCATGCGTCCT-1,0.122467,0.197574,0.252797,0.427162
ACAAACTCCATCAGAG-1,0.864679,0.133661,0.000164,0.001497
ACAAAGAAGGTAGGCC-1,0.269864,0.080588,0.285058,0.36449
ACAAAGCATGACCTAG-1,0.017044,0.258016,0.478573,0.246367
ACAAATCGCACCGAAT-1,0.000067,0.033086,0.625192,0.341654
ACAAATGGTAGTGTTT-1,0.001039,0.099671,0.383123,0.516167
ACAAATTCAGATCTGA-1,0.373493,0.067107,0.051552,0.507848
ACAACAGCATGAGCTA-1,0.000026,0.007431,0.978421,0.014122
ACAACGGTCCCTGCGA-1,0.04892,0.150878,0.581618,0.218585
ACAAGCAGTGCCTAGC-1,0.084216,0.119435,0.431776,0.364573
ACAAGCTATATGGAAG-1,0.054575,0.014614,0.465172,0.465638
ACAAGGAAATCCGCCC-1,0.061716,0.060345,0.461171,0.416768
ACAAGGACAAGAGGTT-1,0.06334,0.001341,0.393433,0.541886
ACAAGGATGCTTTAGG-1,0.236264,0.130219,0.036872,0.596644
ACAAGGGCAGGCTCTG-1,0.132686,0.093565,0.49543,0.278318
ACAATAGTCGTACGTT-1,0.005539,0.001416,0.862445,0.1306
ACAATCCATTTAAACC-1,0.076161,0.092903,0.497756,0.33318
ACAATGAATACGGAGA-1,0.036591,0.049417,0.690058,0.223934
ACAATGATTCTTCTAC-1,0.307095,0.474096,0.008854,0.209955
ACAATTGTGTCTCTTT-1,0.008639,0.299329,0.58974,0.102292
ACAATTTAGGAGGCTC-1,0.024668,0.003146,0.655869,0.316317
ACAATTTGAGCAGTGG-1,0.122494,0.000195,0.034622,0.842689
ACAATTTGGCCATATT-1,0.000051,0.523189,0.145028,0.331731
ACACAAAGACGGGTGG-1,0.539184,0.00019,0.000285,0.460341
ACACAAATATTCCTAG-1,0.12684,0.386764,0.008923,0.477473
ACACACCAGGACCAGT-1,0.103861,0.005211,0.52675,0.364177
ACACACTTTCTACACG-1,0.009615,0.092673,0.688413,0.209299
ACACATGATCAAATCT-1,0.034703,0.117649,0.521809,0.325838
ACACATTGACGCAACA-1,0.023587,0.006238,0.522388,0.447787
ACACATTTCCGTAGAC-1,0.000058,0.539744,0.302613,0.157585
ACACCACATAATTAGC-1,0.156271,0.05734,0.060535,0.725854
ACACCCAGCATGCAGC-1,0.475344,0.00019,0.489118,0.035348
ACACCCGAGAAATCCG-1,0.086332,0.010831,0.573591,0.329246
ACACCGAGCGCTCTTT-1,0.068245,0.123925,0.35335,0.45448
ACACCGGTCTGACCGC-1,0.021934,0.151107,0.468249,0.35871
ACACCTTAAGTAGGGC-1,0.622424,0.000174,0.128615,0.248787
ACACCTTACTACTTGC-1,0.271033,0.229776,0.197243,0.301948
ACACGAGACTCCTTCT-1,0.043687,0.042167,0.732417,0.181729
ACACGGGAACTTAGGG-1,0.094238,0.002013,0.780737,0.123012
ACACGTAGGCCACAAG-1,0.000029,0.3517,0.366621,0.28165
ACACTCCAATGTCACT-1,0.338734,0.066465,0.327693,0.267109
ACACTGATCAAGGTGT-1,0.999326,0.000192,0.000289,0.000193
ACACTGGGACAGTCGT-1,0.010218,0.589178,0.316053,0.084551
ACAGAACTGAGAACAA-1,0.072301,0.012273,0.261255,0.654171
ACAGCGACATTCTCAT-1,0.025443,0.121589,0.025597,0.827371
ACAGGAGGCGCAGCCG-1,0.102792,0.108464,0.35892,0.429824
ACAGGCACGGATCCTT-1,0.110927,0.593019,0.141082,0.154972
ACAGGCTTGCCCGACT-1,0.025497,0.153594,0.563034,0.257875
ACAGGTGGAGGTGAGG-1,0.03034,0.001853,0.633464,0.334343
ACAGGTGTGTTGTTGC-1,0.2275,0.26579,0.110113,0.396597
ACAGTAATACAACTTG-1,0.061497,0.007172,0.683024,0.248307
ACAGTATACCGTGGGA-1,0.053278,0.388165,0.438194,0.120363
ACATAAGTCGTGGTGA-1,0.299193,0.0176,0.000177,0.683031
ACATAATAAGGCGGTG-1,0.099375,0.038174,0.532549,0.329902
ACATACAATCAAGCGG-1,0.122792,0.560921,0.041896,0.27439
ACATCAGCTGGGACGC-1,0.000017,0.239303,0.728905,0.031775
ACATCCCGGCCATACG-1,0.86303,0.000157,0.128565,0.008248
ACATCCTGGTAACTGT-1,0.027056,0.18989,0.313448,0.469606
ACATCGATCGTTTACC-1,0.021885,0.035085,0.729118,0.213912
ACATCGGTCAGCCGCG-1,0.009222,0.002259,0.963238,0.025282
ACATCGTATGCAATGG-1,0.002359,0.012031,0.765467,0.220143
ACATGCTTACGGCAGC-1,0.01221,0.588935,0.341443,0.057412
ACATGGCGCCAAAGTA-1,0.185657,0.109658,0.229684,0.475
ACATGGCTCAATTTAG-1,0.113902,0.005116,0.535674,0.345309
ACATTAGTTTATATCC-1,0.748754,0.000279,0.000419,0.250547
ACATTCGCGCGGAATA-1,0.055093,0.578628,0.230922,0.135358
ACATTTGAAACCTAAC-1,0.000018,0.642876,0.35707,0.000036
ACCAAACACCCAGCGA-1,0.000019,0.146541,0.780574,0.072866
ACCAACACCACACACT-1,0.09773,0.361542,0.155336,0.385392
ACCAACCGCACTCCAC-1,0.000021,0.348822,0.640242,0.010915
ACCAACGCTTATTTAT-1,0.78595,0.000217,0.213616,0.000217
ACCAAGAACGCGTGTC-1,0.582931,0.235259,0.18151,0.0003
ACCAAGTCATCGGCAG-1,0.000055,0.579313,0.220367,0.200265
ACCAATATGCAAGTTA-1,0.145761,0.045547,0.596923,0.211769
ACCACAAGTTTCTATC-1,0.892077,0.10408,0.000305,0.003538
ACCACACGGTTGATGG-1,0.000531,0.617969,0.076613,0.304887
ACCACCAATGTAACAA-1,0.0798,0.166594,0.53253,0.221076
ACCACCCTCTCTTCTA-1,0.148416,0.682304,0.087571,0.081709
ACCACGTGCAGCTATA-1,0.139762,0.000846,0.216625,0.642766
ACCACTGTTCAAGAAG-1,0.018829,0.013899,0.569436,0.397836
ACCAGACCATAACAAC-1,0.014711,0.070972,0.626113,0.288204
ACCAGTGCCCGGTCAA-1,0.057855,0.034428,0.700622,0.207095
ACCAGTGCGGGAGACG-1,0.000059,0.082648,0.741766,0.175527
ACCATATCCGCAATAA-1,0.647206,0.000262,0.014952,0.33758
ACCATCCGCCAACTAG-1,0.027845,0.030495,0.877952,0.063708
ACCATCGTATATGGTA-1,0.326506,0.000188,0.001051,0.672256
ACCATTAAGGGTGTCA-1,0.267215,0.089482,0.075203,0.5681
ACCCAACGCCCGTGGC-1,0.028395,0.024214,0.096727,0.850664
ACCCACCTACATGCTC-1,0.042337,0.037407,0.679184,0.241072
ACCCATCTTGAGGGTA-1,0.000032,0.015275,0.982687,0.002006
ACCCATTTGTCCCTCT-1,0.000084,0.388661,0.227312,0.383942
ACCCGAGCGAAATTAC-1,0.181588,0.136347,0.32172,0.360344
ACCCGATTGGTTCCGA-1,0.220474,0.184266,0.244557,0.350703
ACCCGGAAACTCCCAG-1,0.259188,0.00021,0.019532,0.72107
ACCCGGAGCACCACAA-1,0.164072,0.704002,0.002584,0.129343
ACCCGGATGACGCATC-1,0.033792,0.000173,0.084047,0.881988
ACCCGGTTACACTTCC-1,0.586292,0.000117,0.350458,0.063133
ACCCGTAGCAGAGAAT-1,0.184705,0.557468,0.000184,0.257644
ACCCGTAGTCTAGTTG-1,0.030417,0.832612,0.025057,0.111915
ACCCGTGTCATCAGTA-1,0.976348,0.000118,0.023417,0.000118
ACCCTATAGGACTGAG-1,0.029643,0.044375,0.540912,0.38507
ACCCTATGCCATATCG-1,0.012733,0.032484,0.726413,0.22837
ACCCTCCCGTCAGGGC-1,0.049353,0.503958,0.038953,0.407736
ACCCTCCCTTGCTATT-1,0.096931,0.101858,0.663461,0.13775
ACCCTGGTAACGCCCT-1,0.097204,0.025959,0.127409,0.749429
ACCCTTCATCTGCGAA-1,0.001849,0.009374,0.880426,0.108351
ACCCTTGCCTGGGTCG-1,0.038119,0.467979,0.23126,0.262642
ACCGAAGAGTCTGGTT-1,0.002887,0.291259,0.382318,0.323537
ACCGACACATCTCCCA-1,0.050295,0.118583,0.359319,0.471803
ACCGACTGAGTCCCAC-1,0.088967,0.033156,0.441867,0.43601
ACCGAGTCTCCTTATT-1,0.003552,0.512603,0.369213,0.114631
ACCGATAGGCATAACC-1,0.000027,0.676751,0.263895,0.059327
ACCGATATTTAATCAT-1,0.031713,0.645336,0.312001,0.01095
ACCGATGGTAGCATCG-1,0.082185,0.003679,0.401264,0.512873
ACCGCAATAACTGCCT-1,0.089755,0.125657,0.41715,0.367438
ACCGCGGTGGAAGTCG-1,0.032811,0.076621,0.678371,0.212197
ACCGCTAGTCATTGGT-1,0.000015,0.560716,0.428849,0.01042
ACCGGGCCTTTGTTGA-1,0.114835,0.099114,0.221156,0.564895
ACCGGTCAGGTACACC-1,0.009819,0.024692,0.198874,0.766615
ACCGTCCACTGGGCCC-1,0.335758,0.351536,0.081287,0.231418
ACCGTGACCACGTGGG-1,0.058049,0.011858,0.254875,0.675218
ACCTAAGTACCTTTCA-1,0.186057,0.07826,0.257824,0.47786
ACCTAATCGACTTCCT-1,0.206478,0.113752,0.103273,0.576498
ACCTACAGTATGTGGT-1,0.007301,0.07295,0.531665,0.388084
ACCTACTATAAATCTA-1,0.870063,0.091867,0.018306,0.019763
ACCTCCGCCCTCGCTG-1,0.000039,0.325572,0.494473,0.179916
ACCTCCGTTATTCACC-1,0.033325,0.382562,0.199359,0.384754
ACCTCGAACTTATGCT-1,0.15317,0.190272,0.006522,0.650036
ACCTGCGTGTCATGTT-1,0.017449,0.024722,0.594837,0.362992
ACGAAATGGGCGGCAC-1,0.002557,0.174218,0.688759,0.134466
ACGACCCATGAGTTGC-1,0.009483,0.646956,0.298112,0.045449
ACGACTCTAGGGCCGA-1,0.065643,0.811621,0.080153,0.042583
ACGACTGGTCATACTC-1,0.028174,0.107088,0.635609,0.229128
ACGAGAACCCATCACG-1,0.15706,0.150759,0.200991,0.49119
ACGAGGATACCACTCT-1,0.024941,0.073815,0.704184,0.19706
ACGAGGTTTACAACGT-1,0.068331,0.184026,0.375197,0.372446
ACGAGTACGGATGCCC-1,0.020451,0.003739,0.775915,0.199895
ACGAGTCGCCGGCGTT-1,0.000022,0.009016,0.952755,0.038207
ACGATACATAGAACTA-1,0.075923,0.000129,0.173123,0.750825
ACGATACCTATCCTGA-1,0.016678,0.000121,0.275922,0.707279
ACGATCATACATAGAG-1,0.000033,0.00075,0.979208,0.02001
ACGATCATCTTGTAAA-1,0.0714,0.012915,0.569072,0.346614
ACGATGCATATGTTAT-1,0.654913,0.000181,0.000272,0.344633
ACGCAAACTAATAGAT-1,0.908369,0.000173,0.0245,0.066957
ACGCAATCACTACAGC-1,0.00003,0.000903,0.98382,0.015247
ACGCATAAATGACATG-1,0.000015,0.359705,0.609881,0.030398
ACGCATACGTTTACTA-1,0.141761,0.101967,0.256922,0.499349
ACGCATTCGTGAGTAC-1,0.056761,0.000165,0.485241,0.457834
ACGCCACTCGAAACAG-1,0.017093,0.47256,0.173644,0.336702
ACGCCAGATGATTTCT-1,0.000036,0.065322,0.894238,0.040404
ACGCCAGTGCGTTTGC-1,0.01461,0.882396,0.093147,0.009847
ACGCCGCTAGACGACC-1,0.023222,0.011472,0.707494,0.257812
ACGCGAAGTCAGACGA-1,0.654878,0.00899,0.117731,0.218401
ACGCGCTACACAGGGT-1,0.062094,0.134055,0.721542,0.082309
ACGCGGGCCAAGGACA-1,0.04064,0.032162,0.456063,0.471135
ACGCGTTTCTTAAGAG-1,0.000396,0.100771,0.790002,0.10883
ACGCTACTGAATGGGC-1,0.010998,0.978442,0.010427,0.000133
ACGCTAGTGATACACT-1,0.117554,0.025,0.41855,0.438896
ACGCTGTGAGGCGTAG-1,0.157601,0.120151,0.541817,0.180432
ACGGAACACGAGTGCC-1,0.000028,0.692851,0.291309,0.015811
ACGGAATTTAGCAAAT-1,0.019908,0.015392,0.800456,0.164244
ACGGACGCAGCGACAA-1,0.279015,0.713462,0.000203,0.00732
ACGGACTCTCAAAGCG-1,0.024471,0.044438,0.745144,0.185947
ACGGAGCGCAAATTAC-1,0.006332,0.015892,0.709858,0.267918
ACGGATGGTGCGGATA-1,0.000051,0.102767,0.603921,0.293261
ACGGCACTTGCTTGGG-1,0.975784,0.000191,0.000287,0.023738
ACGGCCAACATGGACT-1,0.967684,0.031934,0.000229,0.000153
ACGGCGACGATGGGAA-1,0.049608,0.034061,0.540777,0.375554
ACGGCGGGTTGCCCTG-1,0.041107,0.000102,0.445492,0.513299
ACGGCTGGATGTAGAA-1,0.024391,0.18682,0.546514,0.242275
ACGGGAGTGTCGGCCC-1,0.00209,0.001388,0.780108,0.216414
ACGGGCGTATGCGACA-1,0.081799,0.232928,0.290902,0.394371
ACGGGTCATGTGACTT-1,0.204845,0.033168,0.518006,0.243981
ACGGGTTGTGACCTGT-1,0.018633,0.706761,0.013866,0.26074
ACGGTACAGTTCAATG-1,0.03114,0.911885,0.013464,0.043511
ACGGTCACCGAGAACA-1,0.138775,0.383616,0.148898,0.328711
ACGTACTTTGGCACGG-1,0.002734,0.338254,0.578585,0.080427
ACGTAGATTGCTGATG-1,0.000038,0.000075,0.949831,0.050056
ACGTAGGAGAGTCGCT-1,0.058564,0.317713,0.027207,0.596516
ACGTATTACTCCGATC-1,0.076412,0.000214,0.288461,0.634913
ACGTCGGGCAACTCGG-1,0.051372,0.236233,0.213704,0.498691
ACGTCTCGTTCCGGGA-1,0.129529,0.017547,0.116396,0.736528
ACGTGACAAAGTAAGT-1,0.063069,0.223703,0.527149,0.186079
ACGTGCGCCTCGTGCA-1,0.205084,0.040307,0.589614,0.164996
ACGTTAATGTCGAAGA-1,0.136853,0.048281,0.271682,0.543184
ACGTTAGATTTGCCCG-1,0.068224,0.042429,0.240203,0.649144
ACGTTATTGGTCACTC-1,0.634189,0.365227,0.00035,0.000234
ACGTTCACTATGCCGC-1,0.376138,0.609051,0.013934,0.000877
ACGTTCGCAATCAATT-1,0.048978,0.132563,0.542434,0.276025
ACGTTCGTTCAGGAAA-1,0.856611,0.00018,0.00027,0.142939
ACGTTCTGTACAAGTC-1,0.102291,0.217897,0.054899,0.624913
ACGTTGTCGTTGAAAG-1,0.083145,0.476812,0.010316,0.429727
ACGTTTAGTTGTGATC-1,0.03481,0.000119,0.605607,0.359464
ACGTTTCGGTGCACTT-1,0.048411,0.843463,0.000129,0.107998
ACTAAGGACGCACACC-1,0.173742,0.547925,0.127704,0.150629
ACTAATACGTCAGGCG-1,0.020118,0.040303,0.672443,0.267136
ACTACAAAGAGAGGTG-1,0.16501,0.834634,0.000213,0.000142
ACTACATCCCGACAAG-1,0.001619,0.047171,0.118717,0.832493
ACTACCAGCTCTCTGG-1,0.490808,0.046424,0.042154,0.420613
ACTACCATCCGAGGGC-1,0.00002,0.593102,0.350329,0.05655
ACTACGCGTTAGAATT-1,0.999429,0.000163,0.000245,0.000163
ACTAGTTGCGATCGTC-1,0.000028,0.175623,0.762634,0.061715
ACTATATGCTGTGTTC-1,0.149315,0.048225,0.3661,0.43636
ACTATCCAGGGCATGG-1,0.002908,0.001355,0.197159,0.798577
ACTATCGCCGGCTAAA-1,0.153964,0.000397,0.044436,0.801203
ACTATCTGCCCGCGTA-1,0.000033,0.295162,0.297443,0.407361
ACTATGTCCAGCTGCC-1,0.013951,0.229377,0.525694,0.230978
ACTATTCGTCCGTGGT-1,0.082587,0.133337,0.651174,0.132902
ACTATTTCCGGGCCCA-1,0.076188,0.028087,0.447253,0.448472
ACTCAACGAATGTATT-1,0.044888,0.000119,0.476766,0.478226
ACTCAAGTGCAAGGCT-1,0.031716,0.120063,0.53986,0.308362
ACTCAATAAAGGCACG-1,0.000028,0.042857,0.91442,0.042696
ACTCAGACCTGCTTCT-1,0.606319,0.048915,0.000331,0.344435
ACTCATGGCAGCCTTC-1,0.000017,0.212759,0.777844,0.00938
ACTCCAATATCATCAT-1,0.071112,0.090729,0.162798,0.67536
ACTCCCATTCCTAAAG-1,0.044332,0.099526,0.28285,0.573293
ACTCCCGAATTCGTTT-1,0.044217,0.003099,0.660472,0.292211
ACTCCCGTAGACTAGG-1,0.037381,0.162156,0.072574,0.727888
ACTCCCTAATGCTAAA-1,0.102565,0.080249,0.124114,0.693073
ACTCCCTAGAATAGTA-1,0.018738,0.043045,0.729492,0.208726
ACTCCGGCCGACCACT-1,0.000049,0.52766,0.295617,0.176674
ACTCGATGTATTTCAT-1,0.095588,0.09056,0.422877,0.390976
ACTCGCCGTTCGATAA-1,0.055365,0.724907,0.022783,0.196945
ACTCGCGATCTGACGC-1,0.025952,0.637265,0.08986,0.246924
ACTCGTAACCCGTCCT-1,0.052638,0.000154,0.220726,0.726482
ACTCGTCAGTAATCCC-1,0.09284,0.031134,0.399139,0.476887
ACTCTAAACCTGGGAT-1,0.022692,0.144731,0.430259,0.402318
ACTCTCTGACTTAGGT-1,0.078508,0.060003,0.740478,0.121011
ACTCTGACCTAATAGA-1,0.077166,0.462156,0.000266,0.460412
ACTCTTCAGCTCCCGC-1,0.22844,0.512918,0.000281,0.25836
ACTCTTGTATAGTAAC-1,0.055121,0.04383,0.683411,0.217637
ACTGAAACGCCGTTAG-1,0.108106,0.176187,0.587612,0.128095
ACTGAATGGCGAAAGT-1,0.032245,0.001836,0.556325,0.409594
ACTGCCCGCCATTCTC-1,0.016258,0.277319,0.279306,0.427117
ACTGCCGTCGTAACTC-1,0.01391,0.022579,0.816105,0.147406
ACTGCGGACACACCGT-1,0.085756,0.453991,0.082918,0.377334
ACTGCTCGGAAGGATG-1,0.048798,0.007465,0.113012,0.830725
ACTGGCGAACCTGCGT-1,0.104402,0.614767,0.22595,0.054881
ACTGTACGATACACAT-1,0.000024,0.055362,0.93383,0.010784
ACTGTAGCACTTTGGA-1,0.017052,0.016605,0.602619,0.363725
ACTGTATACGCGAGCA-1,0.000021,0.000042,0.965403,0.034534
ACTGTCCAGGATTATA-1,0.856963,0.015124,0.000291,0.127622
ACTGTCTTCTTTAGAA-1,0.024927,0.024581,0.437879,0.512613
ACTGTGCTAGTAGATC-1,0.025146,0.000187,0.027298,0.947369
ACTTACCGGGCGCGCA-1,0.026372,0.000978,0.099832,0.872817
ACTTACGCATCCACGC-1,0.0176,0.195211,0.56061,0.226579
ACTTAGTACGACAAGA-1,0.111992,0.407885,0.135993,0.34413
ACTTATACTTACCCGG-1,0.047092,0.008765,0.816453,0.127691
ACTTATTAGGATCGGT-1,0.999177,0.000235,0.000353,0.000235
ACTTATTTATGTGCCA-1,0.018734,0.057937,0.748052,0.175277
ACTTCAGGCTGATCCC-1,0.17158,0.03187,0.378854,0.417696
ACTTCCAGTGGAAGCT-1,0.093801,0.121919,0.238224,0.546056
ACTTCCATGCGGGACA-1,0.080633,0.049357,0.235657,0.634354
ACTTCGCCATACGCAC-1,0.025125,0.002065,0.49482,0.47799
ACTTCGCTAGCGAGTG-1,0.373605,0.19039,0.000247,0.435758
ACTTGACTCCCTCTTT-1,0.019663,0.104634,0.727596,0.148107
ACTTGCTCTATCTACC-1,0.037205,0.459491,0.03316,0.470144
ACTTGGGACCCGGTGG-1,0.582616,0.000393,0.081547,0.335445
ACTTGTAGTCCCTTCA-1,0.015782,0.004808,0.870956,0.108454
ACTTGTGGATGGAACG-1,0.141313,0.170236,0.306499,0.381952
ACTTGTTACCGGATCA-1,0.907415,0.092125,0.000276,0.000184
ACTTTACCCTCATGAA-1,0.008796,0.058611,0.440369,0.492224
ACTTTATACACCACTT-1,0.000017,0.934582,0.065368,0.000033
ACTTTCCTATAGCTTC-1,0.048293,0.102835,0.230759,0.618112
ACTTTGACTGCATCCT-1,0.056523,0.276996,0.452067,0.214414
ACTTTGGTCGTGCTCC-1,0.092348,0.245149,0.51603,0.146474
ACTTTGTCGACGCACT-1,0.00005,0.61914,0.106924,0.273886
AGAAATTATGACTCGC-1,0.019373,0.55236,0.293417,0.13485
AGAACACGGCGATGGT-1,0.000021,0.644755,0.354352,0.000872
AGAACCCAGCGTGACA-1,0.006518,0.551197,0.409996,0.032289
AGAACCCTCAATTGGG-1,0.080131,0.148164,0.253564,0.518141
AGAACGTGGTACATTC-1,0.059728,0.000078,0.768041,0.172153
AGAACTGTACTTTGTA-1,0.005364,0.595679,0.000254,0.398703
AGAAGAGCGCCGTTCC-1,0.000636,0.010369,0.512238,0.476757
AGAAGGTACACTTCAC-1,0.084499,0.077899,0.576941,0.260662
AGAAGGTTGCCGAATT-1,0.628751,0.000158,0.114455,0.256635
AGAAGGTTGTAGGTCG-1,0.000041,0.128301,0.847244,0.024414
AGAAGTGATTCGTGAT-1,0.143072,0.018398,0.714038,0.124491
AGAATAAATCTTCAGG-1,0.138698,0.002725,0.136038,0.722539
AGAATACAGGCTATCC-1,0.034375,0.750529,0.018313,0.196783
AGAATGCGGGTTCGGA-1,0.000031,0.039842,0.788621,0.171506
AGAATTATGGATTCGA-1,0.000136,0.04605,0.791061,0.162753
AGAATTGTTTGACATA-1,0.092757,0.000087,0.39478,0.512376
AGACAGCTCAGAATCC-1,0.232522,0.077389,0.321752,0.368336
AGACAGGCATCTCAGC-1,0.055857,0.728466,0.0611,0.154576
AGACCAAACCACACCT-1,0.014791,0.205381,0.451082,0.328746
AGACCATGGGATACAA-1,0.002915,0.00052,0.06581,0.930756
AGACCCACCGCTGATC-1,0.270578,0.023592,0.162571,0.543259
AGACCCGCCCTCCTCG-1,0.752726,0.039333,0.152244,0.055697
AGACCGCTCCGCGGTT-1,0.129572,0.133575,0.199835,0.537018
AGACCGGGAAACCCTG-1,0.092864,0.004973,0.607542,0.294622
AGACGAAGTGCCGGTC-1,0.10022,0.15684,0.278301,0.464639
AGACGACGATGCCGCT-1,0.233605,0.006748,0.078256,0.681391
AGACGCCCACTTCGCC-1,0.170457,0.742078,0.020758,0.066707
AGACGGGCCGATTTAA-1,0.168531,0.011074,0.268688,0.551707
AGACTAGCCTTCCAGA-1,0.880131,0.000123,0.115445,0.004302
AGACTGTTACCGGGTC-1,0.99931,0.000182,0.000274,0.000234
AGAGAAACACCAGAAA-1,0.0063,0.200502,0.737139,0.056058
AGAGAACCGTCTAGGA-1,0.005092,0.017558,0.807514,0.169836
AGAGAAGGAGTACAAT-1,0.000032,0.038305,0.907526,0.054137
AGAGATCTCTAAAGCG-1,0.080096,0.049476,0.505964,0.364464
AGAGCAGTTATGAGAC-1,0.219316,0.010299,0.599132,0.171253
AGAGCCGCCGAGATTT-1,0.018731,0.494941,0.168546,0.317782
AGAGCGCTTGTAACGG-1,0.362898,0.41581,0.00025,0.221042
AGAGCGGGCTAATCAT-1,0.146568,0.000094,0.470174,0.383164
AGAGCGTACAAGCTCG-1,0.115983,0.002852,0.508005,0.37316
AGAGCTACGAAAGCAT-1,0.172091,0.008785,0.393007,0.426117
AGAGGCTTCGGAAACC-1,0.104868,0.026837,0.236078,0.632217
AGAGGGACAATTGTCC-1,0.155654,0.42682,0.055139,0.362387
AGAGTAAACTTCACTA-1,0.081619,0.275714,0.12911,0.513556
AGAGTATAGTGTTACG-1,0.01419,0.491368,0.243543,0.250898
AGAGTCTTAATGAAAG-1,0.444608,0.410442,0.000331,0.144619
AGAGTTAGAGACCGAT-1,0.044804,0.09367,0.50724,0.354286
AGAGTTGCAGGCCTCC-1,0.000024,0.460043,0.507941,0.031992
AGATAACTTCAGGGCC-1,0.907909,0.000159,0.000239,0.091693
AGATACCAATAGAACC-1,0.036122,0.55227,0.127386,0.284223
AGATACCAGCACTTCA-1,0.544607,0.413731,0.000133,0.041528
AGATACCGGTGTTCAC-1,0.006247,0.066531,0.821953,0.10527
AGATACGACTTCATAT-1,0.105617,0.105849,0.123007,0.665528
AGATACTCAAGATCGA-1,0.056674,0.061514,0.802258,0.079554
AGATATAATACGACTA-1,0.000027,0.133653,0.828137,0.038183
AGATCGTGCATAAGAT-1,0.00002,0.094429,0.888886,0.016665
AGATCTCAGGTGTGAT-1,0.009595,0.033757,0.933375,0.023273
AGATCTGGAGAGGATA-1,0.000024,0.534187,0.46005,0.005739
AGATGACTCGCCCACG-1,0.700699,0.000208,0.088041,0.211052
AGATGAGGGTTGCGAT-1,0.040979,0.006528,0.580439,0.372054
AGATGATGGAGTCTGG-1,0.063254,0.249904,0.328525,0.358318
AGATGCAAGACGTGCA-1,0.01367,0.091043,0.788452,0.106835
AGATGCATCCTGTGTC-1,0.018595,0.045053,0.507054,0.429298
AGATGCTATAACGAGC-1,0.087748,0.037745,0.246473,0.628033
AGATTATAGGACGTTT-1,0.880651,0.00034,0.00051,0.118499
AGATTCACAACCGATA-1,0.16427,0.128942,0.379491,0.327297
AGCAAAGGCCGCTAGT-1,0.045575,0.086636,0.566339,0.30145
AGCAACATATCTTATT-1,0.037546,0.094241,0.703667,0.164546
AGCAACCGAAAGTAAT-1,0.090749,0.027268,0.242637,0.639346
AGCACACGTTTAGACT-1,0.000029,0.320941,0.628966,0.050064
AGCACCAGTACTCACG-1,0.000041,0.030658,0.835491,0.13381
AGCACTACCGGCCTGT-1,0.339481,0.000119,0.292548,0.367853
AGCACTACCTCACCAG-1,0.005936,0.049786,0.746948,0.19733
AGCACTTAAGGACGCC-1,0.019566,0.020839,0.915278,0.044317
AGCAGAAGGAGAAAGA-1,0.006805,0.174437,0.566707,0.252051
AGCAGCCAGATGAATA-1,0.844453,0.000145,0.003909,0.151492
AGCAGTCGAAGCATGC-1,0.007191,0.733259,0.03853,0.221021
AGCATATCAATATGCT-1,0.100877,0.137682,0.389509,0.371932
AGCATCATTTCGAAAG-1,0.051865,0.178285,0.556266,0.213584
AGCATCGTCGATAATT-1,0.999216,0.000224,0.000336,0.000224
AGCATTACGAGGCAAG-1,0.013732,0.548566,0.156508,0.281193
AGCCAAGCTTTGTGTC-1,0.965303,0.034353,0.000207,0.000138
AGCCACAGGTTACCCG-1,0.000051,0.119583,0.776856,0.103511
AGCCACTCCCGTGCTT-1,0.236408,0.0002,0.085992,0.6774
AGCCATATAGTATGTG-1,0.690471,0.252948,0.000254,0.056328
AGCCCATACATGTAAG-1,0.091842,0.078911,0.510231,0.319016
AGCCCGCAACAAGCAG-1,0.860335,0.139271,0.000236,0.000157
AGCCCGCACTACAATG-1,0.00002,0.67399,0.310167,0.015823
AGCCCGGCATTAGAGG-1,0.118658,0.191227,0.463119,0.226996
AGCCCGGTAGCCTGTA-1,0.520396,0.357817,0.088921,0.032866
AGCCCTAAGCGAAGTT-1,0.078517,0.000966,0.661003,0.259513
AGCCCTCCCTGGTGGC-1,0.005541,0.069822,0.061687,0.86295
AGCCCTGTCGCACCGT-1,0.052713,0.785999,0.102415,0.058873
AGCCCTTCTAATCCGA-1,0.100793,0.025864,0.583346,0.289996
AGCCCTTGGACATCCC-1,0.000018,0.636487,0.235896,0.127598
AGCCGCAAATTCAAAT-1,0.047447,0.007026,0.514335,0.431191
AGCCGCTTGATTAGCG-1,0.272893,0.000199,0.000299,0.72661
AGCCGTGGCTAAATGT-1,0.109384,0.015539,0.359382,0.515694
AGCCTAATACCCACGT-1,0.001079,0.080969,0.667648,0.250303
AGCCTTAAAGCGGAAG-1,0.027848,0.01425,0.7232,0.234702
AGCCTTGTCACTGATA-1,0.000015,0.849076,0.146372,0.004537
AGCGACAGGAACGGTC-1,0.047468,0.001679,0.84457,0.106284
AGCGACATCCCATTCA-1,0.172441,0.044162,0.426583,0.356814
AGCGACCAACGATATT-1,0.963139,0.000169,0.000253,0.036439
AGCGACTTTGAAGACA-1,0.453144,0.336362,0.156216,0.054278
AGCGAGACGTGAAGGC-1,0.011974,0.306717,0.240139,0.44117
AGCGATGCGCCTAATA-1,0.141942,0.445238,0.000146,0.412674
AGCGCATAATGAATCG-1,0.999457,0.000155,0.000233,0.000155
AGCGCGGGTGCCAATG-1,0.072859,0.007139,0.367491,0.55251
AGCGCTAGAGCGATGT-1,0.155657,0.443662,0.00027,0.400411
AGCGCTTATGGGCAAG-1,0.040888,0.001534,0.475375,0.482202
AGCGGACACTTCGTAG-1,0.824487,0.000197,0.000296,0.17502
AGCGGCGGTTAGCGGT-1,0.118996,0.011012,0.397114,0.472879
AGCGGGAAGGGTCCAT-1,0.033925,0.001372,0.872518,0.092185
AGCGGGTCTGACACTC-1,0.207198,0.054022,0.025599,0.713181
AGCGGTTGCCGCTCTG-1,0.005175,0.02908,0.920916,0.044829
AGCGTACGAGAGCTAG-1,0.000657,0.09219,0.665152,0.242
AGCGTAGCGCTAGACC-1,0.134773,0.000117,0.508148,0.356962
AGCGTGGTATTCTACT-1,0.539857,0.36485,0.000321,0.094973
AGCTAACAAGCAATGT-1,0.036501,0.096757,0.356487,0.510255
AGCTAAGCTCCGTCCG-1,0.493125,0.241012,0.024008,0.241856
AGCTAAGTACGCAGGC-1,0.052237,0.350134,0.480245,0.117383
AGCTAGAAGCAGAAGT-1,0.23735,0.090587,0.194756,0.477307
AGCTATTTAATCCAAC-1,0.000035,0.035931,0.920623,0.04341
AGCTCCATATATGTTC-1,0.000028,0.280301,0.589,0.130671
AGCTCCTTCGCACATC-1,0.035252,0.16524,0.500877,0.29863
AGCTCGTTGATGGAAA-1,0.107394,0.236847,0.000161,0.655598
AGCTCTAGACGTTCCA-1,0.011236,0.000179,0.268473,0.720112
AGCTCTTCCCAGTGCA-1,0.121799,0.00663,0.279358,0.592213
AGCTCTTCGTAACCTT-1,0.026295,0.023191,0.166556,0.783959
AGCTCTTTACTCAGTT-1,0.733025,0.00025,0.000375,0.26635
AGCTGAAGTAAACCAA-1,0.117009,0.059124,0.308172,0.515695
AGCTGTAACCTCAATC-1,0.005371,0.092769,0.779804,0.122056
AGCTTCTTCTCGAGCA-1,0.060848,0.387775,0.042785,0.508592
AGCTTGATCAGGGTAG-1,0.009478,0.520015,0.179598,0.290909
AGCTTGATCTTAACTT-1,0.036093,0.110526,0.48647,0.366911
AGGAAAGCCTCTGATG-1,0.000017,0.151131,0.836836,0.012016
AGGAACGAACGACTTC-1,0.022776,0.678291,0.190594,0.108339
AGGAAGCTGTCCGCCG-1,0.519851,0.053031,0.223675,0.203443
AGGACAGTCGAATCCC-1,0.053547,0.048282,0.604408,0.293763
AGGACATCGCACGTCG-1,0.017193,0.000097,0.406146,0.576564
AGGACATCGGCACACT-1,0.005264,0.797702,0.180855,0.016179
AGGACGACCCATTAGA-1,0.82884,0.000183,0.000274,0.170704
AGGACGCTCGATGTTG-1,0.012637,0.000158,0.259199,0.728006
AGGACTTATAGGAGAA-1,0.037297,0.007447,0.493169,0.462087
AGGAGACATCCACAGT-1,0.000032,0.454957,0.497633,0.047379
AGGAGAGTCTGGCTAC-1,0.195778,0.34085,0.023666,0.439706
AGGAGCGTTTATTATC-1,0.034946,0.780965,0.014747,0.169342
AGGAGGCCTTCGCGCG-1,0.012212,0.062989,0.722772,0.202027
AGGATAAAGTCGGGAT-1,0.703796,0.00015,0.000224,0.29583
AGGATATAGGGATTTA-1,0.011637,0.020924,0.808176,0.159263
AGGATATCCGACTGCA-1,0.000038,0.609252,0.390632,0.000079
AGGATCACGCGATCTG-1,0.179382,0.065589,0.132664,0.622365
AGGATTGCTTACGACA-1,0.250814,0.193119,0.00823,0.547837
AGGCAATACGGAGGAC-1,0.104904,0.004427,0.454027,0.436643
AGGCACGTGACTGTCC-1,0.000013,0.490014,0.496828,0.013145
AGGCAGATGCGTAAAC-1,0.000025,0.002452,0.987765,0.009758
AGGCAGGGAGCGTACT-1,0.661945,0.000257,0.261797,0.076001
AGGCATTGTCGTAGGG-1,0.094496,0.124611,0.5536,0.227293
AGGCCACATTGGTTAC-1,0.010306,0.643913,0.255494,0.090287
AGGCCACCCGTTATGA-1,0.05664,0.070965,0.215909,0.656486
AGGCCCAGTGACTGGT-1,0.107098,0.000067,0.604306,0.288529
AGGCCCATTGTACAGG-1,0.835688,0.000187,0.093131,0.070993
AGGCCCTAGAACGCCA-1,0.250081,0.000117,0.052048,0.697754
AGGCCTATCATACCAA-1,0.494557,0.29852,0.155696,0.051227
AGGCCTGAGAATCTCG-1,0.000031,0.058582,0.914302,0.027085
AGGCGATAACTGGCGT-1,0.00004,0.633321,0.197842,0.168796
AGGCGGTTTGTCCCGC-1,0.000071,0.00177,0.269777,0.728382
AGGCGTCTATGGACGG-1,0.142543,0.031656,0.386338,0.439462
AGGCTATGGTTAGCTT-1,0.04272,0.020351,0.715412,0.221517
AGGCTTCCCGAAGAAG-1,0.040728,0.06522,0.422864,0.471187
AGGCTTGCTAGACACC-1,0.02087,0.021106,0.73564,0.222384
AGGGAAACGAGGTACT-1,0.160067,0.005398,0.431161,0.403375
AGGGACCGGCTGCGTT-1,0.000036,0.028827,0.783212,0.187926
AGGGACTCTACGCGAC-1,0.802669,0.000272,0.175873,0.021185
AGGGAGACATACTTCG-1,0.000032,0.051377,0.769186,0.179404
AGGGCCCTAATGTTCT-1,0.00003,0.690561,0.26846,0.040949
AGGGCGAGCAGCTGAT-1,0.000721,0.111664,0.725222,0.162392
AGGGCGTGATCGGCTA-1,0.725134,0.000147,0.019373,0.255346
AGGGCTGCAGTTACAG-1,0.037503,0.005604,0.737198,0.219696
AGGGTCAGAGCACTCG-1,0.606197,0.1228,0.047146,0.223857
AGGGTCAGTAACCCTA-1,0.082865,0.070624,0.35996,0.486551
AGGGTCGATGCGAACT-1,0.020545,0.013059,0.438893,0.527503
AGGGTCTGGACGCAGT-1,0.00004,0.697039,0.225286,0.077635
AGGGTGCCGTTCTTTA-1,0.000031,0.167027,0.619019,0.213923
AGGGTGCTCTCGAGGG-1,0.005333,0.007839,0.860831,0.125997
AGGGTGGATAGTGCAT-1,0.067875,0.022957,0.73511,0.174057
AGGGTGTGCTACACGC-1,0.169289,0.243214,0.000247,0.58725
AGGGTTCAGACGGTCC-1,0.964955,0.034652,0.000236,0.000157
