Barcode,Topic 1,Topic 2to5,Topic 6,Topic 7to8
AAACAACGAATAGTTC-1,0.014543,0.899316,0.000031,0.086109
AAACAAGTATCTCCCA-1,0.130513,0.549462,0.098107,0.221917
AAACAATCTACTAGCA-1,0.662154,0.325781,0.000098,0.011967
AAACACCAATAACTGC-1,0.030786,0.730844,0.133412,0.104958
AAACAGAGCGACTCCT-1,0.136481,0.649738,0.176284,0.037497
AAACAGCTTTCAGAAG-1,0.045743,0.794976,0.048398,0.110883
AAACAGGGTCTATATT-1,0.33113,0.577591,0.000042,0.091237
AAACAGTGTTCCTGGG-1,0.725481,0.000235,0.274166,0.000118
AAACATGGTGAGAGGA-1,0.055647,0.463948,0.136025,0.34438
AAACATTTCCCGGATT-1,0.007022,0.614723,0.150888,0.227367
AAACCACTACACAGAT-1,0.008671,0.310281,0.392485,0.288563
AAACCCGAACGAAATC-1,0.048704,0.331936,0.207428,0.411932
AAACCGGAAATGTTAA-1,0.00002,0.161614,0.317212,0.521154
AAACCGGGTAGGTACC-1,0.027302,0.881062,0.000035,0.091602
AAACCGTTCGTCCAGG-1,0.051396,0.886019,0.048916,0.013669
AAACCTAAGCAGCCGG-1,0.123506,0.658081,0.000064,0.218349
AAACCTCATGAAGTTG-1,0.000034,0.823378,0.066215,0.110373
AAACGAAGAACATACC-1,0.007317,0.933883,0.030666,0.028134
AAACGAAGATGGAGTA-1,0.142541,0.394856,0.041981,0.420621
AAACGACAGTCTTGCC-1,0.013625,0.283753,0.022171,0.680451
AAACGAGACGGTTGAT-1,0.000021,0.948039,0.022027,0.029912
AAACGCCCGAGATCGG-1,0.091655,0.536357,0.062022,0.309966
AAACGCTGGGCACGAC-1,0.04436,0.007135,0.69786,0.250645
AAACGGGCGTACGGGT-1,0.049656,0.615699,0.003044,0.331601
AAACGGGTTGGTATCC-1,0.051558,0.889137,0.057031,0.002275
AAACGGTTGCGAACTG-1,0.912083,0.022613,0.052927,0.012376
AAACGTGTTCGCCCTA-1,0.241529,0.087387,0.263393,0.407691
AAACTAACGTGGCGAC-1,0.097795,0.40855,0.027498,0.466156
AAACTCGGTTCGCAAT-1,0.049822,0.646438,0.292765,0.010976
AAACTCGTGATATAAG-1,0.060414,0.732709,0.150437,0.05644
AAACTGCTGGCTCCAA-1,0.010253,0.832189,0.109979,0.047579
AAACTTAATTGCACGC-1,0.000013,0.52019,0.168632,0.311165
AAACTTGCAAACGTAT-1,0.532702,0.320885,0.051977,0.094436
AAAGAATGACCTTAGA-1,0.000014,0.340463,0.104552,0.554971
AAAGAATGTGGACTAA-1,0.00002,0.129721,0.499524,0.370735
AAAGACATGAAGTTTA-1,0.456724,0.236059,0.082062,0.225155
AAAGACCCAAGTCGCG-1,0.999501,0.000285,0.000071,0.000143
AAAGACTGGGCGCTTT-1,0.114212,0.686996,0.007485,0.191306
AAAGCTTGCCTACATA-1,0.044071,0.354415,0.159289,0.442225
AAAGGCCCTATAATAC-1,0.063518,0.506417,0.085946,0.344119
AAAGGCTACGGACCAT-1,0.999036,0.000787,0.000059,0.000118
AAAGGCTCTCGCGCCG-1,0.698721,0.000224,0.300944,0.000112
AAAGGGATGTAGCAAG-1,0.127207,0.872655,0.000046,0.000092
AAAGGGCAGCTTGAAT-1,0.059022,0.819317,0.000024,0.121637
AAAGGTAAGCTGTACC-1,0.054154,0.733741,0.006934,0.205171
AAAGGTCAACGACATG-1,0.126862,0.408888,0.01896,0.445289
AAAGTAGCATTGCTCA-1,0.000019,0.885848,0.01942,0.094713
AAAGTCACTGATGTAA-1,0.999352,0.00037,0.000093,0.000185
AAAGTCGACCCTCAGT-1,0.031521,0.802421,0.102573,0.063485
AAAGTGCCATCAATTA-1,0.080415,0.010765,0.254963,0.653857
AAAGTGTGATTTATCT-1,0.179097,0.700751,0.000093,0.120059
AAAGTTGACTCCCGTA-1,0.177258,0.569393,0.000039,0.25331
AAATAACCATACGGGA-1,0.00303,0.865919,0.073615,0.057436
AAATAAGGTAGTGCCC-1,0.165174,0.552057,0.000066,0.282704
AAATACCTATAAGCAT-1,0.343785,0.536623,0.107759,0.011833
AAATAGCTTAGACTTT-1,0.16446,0.598703,0.153483,0.083354
AAATAGGGTGCTATTG-1,0.099414,0.855062,0.000046,0.045477
AAATCACTCCTAAACG-1,0.148394,0.149233,0.123722,0.578652
AAATCCGATACACGCC-1,0.150432,0.561647,0.110455,0.177465
AAATCGCGGAAGGAGT-1,0.167404,0.50504,0.177243,0.150313
AAATCGTGTACCACAA-1,0.99932,0.000389,0.000097,0.000194
AAATCTAGCCCTGCTA-1,0.005265,0.738807,0.001414,0.254513
AAATCTGCCCGCGTCC-1,0.002679,0.002788,0.774748,0.219785
AAATGACTGATCAAAC-1,0.805901,0.0003,0.03894,0.154859
AAATGATTCGATCAGC-1,0.220907,0.625627,0.130377,0.023088
AAATGCTCGTTACGTT-1,0.01945,0.885853,0.000036,0.094661
AAATGGCATGTCTTGT-1,0.279728,0.698761,0.000045,0.021467
AAATGGCCCGTGCCCT-1,0.101227,0.650608,0.045073,0.203092
AAATGGTCAATGTGCC-1,0.889126,0.110254,0.000207,0.000413
AAATGTATCTTATCCC-1,0.174604,0.610726,0.017723,0.196948
AAATGTGGGTGCTCCT-1,0.865364,0.075062,0.000077,0.059497
AAATTAACGGGTAGCT-1,0.548589,0.375928,0.070026,0.005457
AAATTAATAAGCGCGA-1,0.000024,0.847577,0.109368,0.043031
AAATTACACGACTCTG-1,0.040727,0.877536,0.000045,0.081692
AAATTACCTATCGATG-1,0.12504,0.739134,0.025351,0.110475
AAATTCCAGGTCCAAA-1,0.000019,0.787254,0.00074,0.211986
AAATTGATAGTCCTTT-1,0.232517,0.744372,0.00006,0.023051
AAATTGCGGCGGTTCT-1,0.101841,0.817723,0.007935,0.072501
AAATTGGTGAGAAGCA-1,0.000022,0.335528,0.013883,0.650567
AAATTTACCGAAATCC-1,0.17098,0.828779,0.000081,0.000161
AAATTTGCGGGTGTGG-1,0.082341,0.804651,0.090855,0.022153
AACAACTGGTAGTTGC-1,0.670775,0.273657,0.000091,0.055477
AACAATACATTGTCGA-1,0.078494,0.813437,0.000024,0.108045
AACAATTACTCTACGC-1,0.177237,0.63961,0.002891,0.180263
AACACACGCTCGCCGC-1,0.003632,0.68701,0.000046,0.309312
AACACGACTGTACTGA-1,0.064018,0.935869,0.000038,0.000075
AACACGAGACGCGGCC-1,0.000017,0.932972,0.009568,0.057444
AACACGCGGCCGCGAA-1,0.165009,0.774637,0.060016,0.000338
AACAGCTGTGTGGCAA-1,0.070699,0.859993,0.002487,0.066821
AACAGGAAATCGAATA-1,0.128779,0.871067,0.000052,0.000103
AACAGGATGGGCCGCG-1,0.000024,0.908596,0.053665,0.037715
AACAGGTAGTATGGAT-1,0.034139,0.453259,0.061252,0.451351
AACATAGCGTGTATCG-1,0.08732,0.079644,0.305934,0.527101
AACATATCAACTGGTG-1,0.026098,0.826131,0.025398,0.122374
AACATCGATACGTCTA-1,0.072894,0.833257,0.000074,0.093775
AACATTGAAGTTGATC-1,0.020363,0.645677,0.007293,0.326668
AACATTGGTCAGCCGT-1,0.089423,0.806584,0.08621,0.017784
AACATTGTGACTCGAG-1,0.912326,0.087231,0.000148,0.000295
AACCAAGACTTCTCTG-1,0.087991,0.781573,0.000041,0.130395
AACCAGTATCACTCTT-1,0.303633,0.495957,0.200207,0.000203
AACCATAGGGTTGAAC-1,0.168887,0.373413,0.00004,0.45766
AACCATGGGATCGCTA-1,0.061763,0.880782,0.038044,0.019412
AACCCAGAGACGGAGA-1,0.014098,0.953861,0.02413,0.007911
AACCCATCCCATGATC-1,0.002129,0.678754,0.093492,0.225626
AACCCGACAACCCGTG-1,0.827926,0.010468,0.069708,0.091897
AACCCGAGCAGAATCG-1,0.021034,0.316228,0.016161,0.646576
AACCCGATAGGGCTTC-1,0.008533,0.288742,0.099796,0.602929
AACCCGCTGTATTCCA-1,0.54738,0.000144,0.410678,0.041799
AACCCTACTGTCAATA-1,0.073226,0.757011,0.091398,0.078365
AACCCTGGTGGAACCA-1,0.076106,0.914504,0.002237,0.007152
AACCGAGCTTGGTCAT-1,0.132137,0.739697,0.127249,0.000917
AACCGCTAAGGGATGC-1,0.230788,0.644597,0.000089,0.124526
AACCGTTGTGTTTGCT-1,0.000028,0.951405,0.000099,0.048469
AACCTAAAGCCGTCCG-1,0.161912,0.477745,0.042179,0.318164
AACCTCGCTTTAGCCC-1,0.000034,0.688456,0.101269,0.210241
AACCTGTCACGGAATT-1,0.148438,0.399499,0.001242,0.450821
AACCTTTAAATACGGT-1,0.26264,0.666915,0.04537,0.025075
AACCTTTACGACGTCT-1,0.579382,0.36862,0.00009,0.051907
AACGAAAGTCGTCCCA-1,0.331721,0.295313,0.295237,0.077729
AACGACCTCCTAGCCG-1,0.000021,0.14517,0.096107,0.758702
AACGATAATGCCGTAG-1,0.2983,0.53822,0.137093,0.026387
AACGATAGAAGGGCCG-1,0.955036,0.044728,0.000079,0.000158
AACGATATGTCAACTG-1,0.17315,0.750784,0.00027,0.075797
AACGCATGATCTGGGT-1,0.103209,0.647528,0.239772,0.009491
AACGCGAACGGCAACA-1,0.020536,0.939733,0.021964,0.017767
AACGCGACCTTGGGCG-1,0.866967,0.051949,0.000126,0.080959
AACGCGGTCTCCAGCC-1,0.011773,0.800428,0.164055,0.023744
AACGCTGTTGCTGAAA-1,0.106397,0.6547,0.000053,0.23885
AACGGACGTACGTATA-1,0.079384,0.763592,0.000059,0.156964
AACGGCCATCTCCGGT-1,0.297299,0.633049,0.065106,0.004546
AACGTACTGTGGGTAC-1,0.202357,0.664496,0.122096,0.011052
AACGTAGTCTACCCAT-1,0.721753,0.148871,0.129248,0.000128
AACGTCAGACTAGTGG-1,0.085909,0.816729,0.092752,0.004609
AACGTCATCCGGCTTG-1,0.810128,0.000289,0.189437,0.000145
AACGTCGCTGCACTTC-1,0.000024,0.006978,0.567871,0.425127
AACGTGATGAAGGACA-1,0.000303,0.943842,0.031737,0.024118
AACGTGCGAAAGTCTC-1,0.000173,0.824433,0.147578,0.027816
AACGTTATCAGCACCT-1,0.063992,0.810798,0.100337,0.024872
AACGTTCTACCATTGT-1,0.19611,0.000332,0.574738,0.22882
AACTACCCGTTTGTCA-1,0.079992,0.434784,0.001465,0.483759
AACTAGCGTATCGCAC-1,0.891359,0.026916,0.08152,0.000204
AACTAGGCTTGGGTGT-1,0.664884,0.328081,0.000124,0.00691
AACTCAAGTTAATTGC-1,0.756677,0.194646,0.048542,0.000134
AACTCCAGAGCGTGTT-1,0.005957,0.740453,0.214801,0.03879
AACTCCTAATCCCATG-1,0.222833,0.553609,0.161433,0.062126
AACTCGATAAACACGT-1,0.078179,0.881514,0.000044,0.040263
AACTCGATGGCGCAGT-1,0.264386,0.700877,0.000062,0.034676
AACTCTCAATAGAGCG-1,0.000052,0.871446,0.068073,0.060429
AACTCTCAGTGTGCTC-1,0.193636,0.80491,0.000046,0.001409
AACTGAGGTCAGCGTC-1,0.000044,0.501658,0.029794,0.468503
AACTGAGTTATACTGA-1,0.095493,0.133066,0.037775,0.733666
AACTGATATTAGGCCT-1,0.007331,0.943099,0.004438,0.045132
AACTGGGTCCCGACGT-1,0.047223,0.94966,0.000035,0.003082
AACTGGGTTCGAGCCG-1,0.018009,0.842913,0.032099,0.106979
AACTGGTGTGGGCCTT-1,0.513262,0.399961,0.086569,0.000207
AACTTCTGCGTCTATC-1,0.143837,0.739811,0.005423,0.110929
AACTTGCCCGTATGCA-1,0.223197,0.728546,0.001432,0.046825
AACTTGCGTTCTCGCG-1,0.000022,0.952147,0.000022,0.047809
AACTTTACGGGAGCTT-1,0.011405,0.755236,0.233067,0.000292
AACTTTAGCTGCTGAG-1,0.510104,0.489711,0.000062,0.000123
AACTTTCTCGATCATG-1,0.039854,0.168395,0.456751,0.335
AAGAAAGTTTGATGGG-1,0.015439,0.024447,0.619203,0.340911
AAGAAATCACCAGATT-1,0.145984,0.057109,0.155504,0.641403
AAGAAGGATCAGTTAG-1,0.086779,0.671222,0.1059,0.136099
AAGACATACGTGGTTT-1,0.008156,0.000368,0.178967,0.812509
AAGACCAAATAACTCA-1,0.278456,0.270283,0.302691,0.14857
AAGACCCAACTGAACA-1,0.821909,0.157187,0.000052,0.020852
AAGACTAACCCGTTGT-1,0.211631,0.656785,0.131148,0.000435
AAGACTCACGCCCACT-1,0.168744,0.258817,0.000042,0.572398
AAGACTGCAAGCTACT-1,0.023956,0.927436,0.000051,0.048557
AAGAGATGAATCGGTA-1,0.027733,0.74768,0.207588,0.016998
AAGAGCTCTTTATCGG-1,0.000043,0.96225,0.000043,0.037663
AAGAGGATGTACGCGA-1,0.233902,0.758433,0.000062,0.007603
AAGAGGCATGGATCGC-1,0.130001,0.628551,0.241398,0.00005
AAGAGGCCCTTTGGAA-1,0.024045,0.445157,0.013009,0.517789
AAGATGGCACCGGACC-1,0.247901,0.616057,0.010094,0.125947
AAGATTGGCGGAACGT-1,0.47177,0.496888,0.000048,0.031294
AAGCACCCTGCGTATC-1,0.000027,0.847561,0.062814,0.089599
AAGCATACTCTCCTGA-1,0.285513,0.565181,0.146335,0.002971
AAGCCACTTGCAGGTA-1,0.239146,0.198186,0.158898,0.40377
AAGCCGAAGCGGTTTA-1,0.212148,0.557775,0.012332,0.217745
AAGCCGCCGTGAAATC-1,0.236574,0.393231,0.019677,0.350518
AAGCCGCTTTACCTTG-1,0.129972,0.135167,0.059733,0.675129
AAGCCGGAGAGCAGGA-1,0.003305,0.094231,0.036736,0.865728
AAGCGCAGGGCTTTGA-1,0.077055,0.606666,0.222587,0.093692
AAGCGGAGTGCGCGCA-1,0.078075,0.323775,0.171861,0.426289
AAGCGGCGTCATGGGT-1,0.025811,0.741103,0.029281,0.203806
AAGCGTCCCTCATCGA-1,0.012095,0.947685,0.000029,0.04019
AAGCTAGATCGAGTAA-1,0.00003,0.945898,0.051019,0.003053
AAGCTATGGATTGACC-1,0.025627,0.307441,0.000567,0.666365
AAGCTCGTGCCAAGTC-1,0.115075,0.862307,0.015901,0.006717
AAGCTCTTTCATGGTG-1,0.000037,0.823331,0.073545,0.103086
AAGGAGAACTTATAAG-1,0.856517,0.141835,0.00142,0.000228
AAGGAGCGGTTGGTGC-1,0.692884,0.074932,0.157542,0.074643
AAGGATCGATCGCTTG-1,0.055068,0.88213,0.000093,0.06271
AAGGATGAGGGACCTC-1,0.027478,0.961477,0.000035,0.011009
AAGGCAGGCTGTCTCC-1,0.033032,0.077326,0.630944,0.258698
AAGGCGCGTAAAGCTT-1,0.00343,0.916266,0.014195,0.066109
AAGGCTGTGCTCATCG-1,0.999403,0.000341,0.000085,0.00017
AAGGGAACGACTGGCT-1,0.006455,0.693213,0.000022,0.30031
AAGGGACAGATTCTGT-1,0.023311,0.867451,0.000031,0.109207
AAGGGACTATGCATTC-1,0.081304,0.62847,0.001357,0.288869
AAGGGTTAGCCATGCG-1,0.000084,0.000421,0.920352,0.079143
AAGGGTTTGATTTCAG-1,0.126386,0.316723,0.077623,0.479268
AAGGTATCCTAATATA-1,0.002982,0.860494,0.082193,0.05433
AAGGTGATAAACCAGC-1,0.261165,0.545627,0.117823,0.075386
AAGTAAGCTTCCAAAC-1,0.142095,0.799962,0.057843,0.0001
AAGTAGAAGACCGGGT-1,0.981179,0.000227,0.018481,0.000113
AAGTAGTGACGCGAGG-1,0.125503,0.811003,0.02086,0.042634
AAGTCAATTGTCGTCA-1,0.000036,0.752176,0.138497,0.109291
AAGTCTAGTAGCTGCC-1,0.178969,0.114408,0.035337,0.671286
AAGTCTTCTGTGGCCT-1,0.011768,0.736745,0.047375,0.204113
AAGTGACGACCGAATT-1,0.026193,0.922199,0.000032,0.051577
AAGTGAGTCGGGTTTA-1,0.719565,0.149031,0.088005,0.043399
AAGTGCAAAGGTAGAC-1,0.001956,0.771487,0.224213,0.002344
AAGTGCCTTGACTGTA-1,0.323068,0.517501,0.042501,0.11693
AAGTGCGTTAGAATCT-1,0.061613,0.876658,0.002521,0.059207
AAGTGCTTCTCTATTG-1,0.123433,0.52323,0.07296,0.280377
AAGTGTTTGGAGACGG-1,0.370169,0.603441,0.015149,0.011241
AAGTTCACTCCAAGCT-1,0.057007,0.817742,0.000621,0.12463
AAGTTCAGTCTGCGTA-1,0.019061,0.923133,0.000053,0.057752
AAGTTCGGCCAACAGG-1,0.086978,0.762694,0.146806,0.003521
AAGTTGTGATGTTATA-1,0.027809,0.142466,0.161605,0.668121
AAGTTTACTAATGGCA-1,0.229422,0.654372,0.116101,0.000104
AAGTTTATGGGCCCAA-1,0.011668,0.705858,0.050437,0.232037
AATAACAACGCTCGGC-1,0.133368,0.803712,0.018868,0.044051
AATAACACTAGAACAA-1,0.00548,0.853445,0.042994,0.098081
AATAACGTCGCGCCCA-1,0.000048,0.099066,0.192736,0.70815
AATAAGTCCTCGAGAC-1,0.001041,0.957124,0.020536,0.0213
AATAATCTTCGTATCG-1,0.01216,0.117024,0.150392,0.720424
AATACAATGTTTCAGG-1,0.312769,0.615102,0.000068,0.072061
AATACCGGAGGGCTGT-1,0.038853,0.74697,0.004231,0.209945
AATACCTGATGTGAAC-1,0.109319,0.054847,0.033093,0.802741
AATAGAACAGAGTGGC-1,0.999527,0.00027,0.000068,0.000135
AATAGAATCTGTTTCA-1,0.222736,0.637509,0.000066,0.139689
AATAGCAAGCCTCCTG-1,0.046355,0.263805,0.053965,0.635874
AATAGCTACCGCGTGC-1,0.09806,0.805281,0.000054,0.096605
AATAGGCACGACCCTT-1,0.157692,0.364667,0.170559,0.307083
AATAGTCCGTCCCGAC-1,0.897143,0.032523,0.000092,0.070242
AATAGTCGCGAGTCGG-1,0.187209,0.678642,0.045254,0.088895
AATATCAAGGTCGGAT-1,0.543265,0.454557,0.00008,0.002098
AATATCCTAGCAAACT-1,0.100738,0.603953,0.099117,0.196192
AATATCGAATCAATGC-1,0.083856,0.503996,0.161081,0.251067
AATATCGAGGGTTCTC-1,0.150775,0.745231,0.015123,0.088871
AATATTGGAGTATTGA-1,0.045956,0.839622,0.03531,0.079112
AATCAGACTGCAGGAC-1,0.058563,0.850144,0.001537,0.089757
AATCAGGTTTCATTTA-1,0.13567,0.515665,0.100186,0.248479
AATCATGTAAAGACTC-1,0.016751,0.581011,0.000069,0.402168
AATCCAAGGGCCTGAG-1,0.999536,0.000265,0.000066,0.000132
AATCCATGCAAGGGTG-1,0.060405,0.894178,0.000059,0.045357
AATCCCGCTCAGAGCC-1,0.875465,0.000155,0.124303,0.000077
AATCGAGGTCTCAAGG-1,0.079655,0.23814,0.074318,0.607887
AATCGCCTCAGCGCCA-1,0.031277,0.89798,0.052492,0.018251
AATCGCGCAGAGGACT-1,0.189545,0.459724,0.167584,0.183147
AATCGGGACACTACGA-1,0.355458,0.535228,0.109181,0.000133
AATCGGTATAGCCCTC-1,0.000043,0.014969,0.126114,0.858873
AATCGTGAGCCGAGCA-1,0.174795,0.616815,0.022191,0.186199
AATCTAGGTTTACTTG-1,0.411011,0.315525,0.168358,0.105106
AATCTATGCCGGAGCC-1,0.08851,0.759244,0.079273,0.072973
AATCTCTACTGTGGTT-1,0.039166,0.886454,0.006911,0.067469
AATCTGCGTTGGGACG-1,0.097948,0.786268,0.000044,0.11574
AATCTGGCTTTCTAGT-1,0.023117,0.726051,0.163093,0.087739
AATCTGGGTAGACCCT-1,0.05197,0.653717,0.020804,0.273509
AATGACAGCAATGTCT-1,0.149274,0.834744,0.000044,0.015938
AATGACGTAGGATGTC-1,0.104899,0.801738,0.093259,0.000104
AATGACTGTCAGCCGG-1,0.48043,0.000631,0.518624,0.000315
AATGAGTTCGCATATG-1,0.08453,0.851279,0.000042,0.064149
AATGATGATACGCTAT-1,0.211931,0.617833,0.022099,0.148137
AATGATGCGACTCCTG-1,0.266937,0.645985,0.000067,0.087011
AATGCAACCGGGTACC-1,0.519412,0.437261,0.039947,0.00338
AATGCACCAAGCAATG-1,0.377777,0.546986,0.057937,0.0173
AATGGCCGCCAATGCG-1,0.220812,0.06194,0.185709,0.531539
AATGGTCCACCGTTCA-1,0.060088,0.850594,0.000065,0.089253
AATGGTTCTCACAAGC-1,0.271295,0.701185,0.022545,0.004975
AATGTATGGCACTGTA-1,0.059651,0.288835,0.02917,0.622344
AATGTGCCCGAGGTGT-1,0.070312,0.699118,0.140213,0.090357
AATGTGCTAATCTGAG-1,0.003455,0.669935,0.138505,0.188104
AATGTTAAGACCCTGA-1,0.026632,0.170235,0.354811,0.448322
AATGTTGTCGTGAGAC-1,0.031094,0.271625,0.319817,0.377464
AATTAAAGGTCGGCGT-1,0.583835,0.415808,0.000119,0.000238
AATTAACGGATTTCCA-1,0.426397,0.540347,0.033148,0.000109
AATTACGAGACCCATC-1,0.045297,0.485664,0.087721,0.381318
AATTACTCGTACGCTC-1,0.071815,0.728391,0.130607,0.069187
AATTAGCGCTGCAGCG-1,0.832407,0.094731,0.00263,0.070232
AATTATACCCAGCAAG-1,0.14084,0.172855,0.066165,0.62014
AATTCATAAGGGATCT-1,0.070361,0.837071,0.000037,0.092531
AATTCATTGTCATGCA-1,0.07384,0.467218,0.025415,0.433527
AATTCCAACTTGGTGA-1,0.128416,0.842371,0.014032,0.015182
AATTCCAAGCATGTAC-1,0.577746,0.2277,0.042615,0.15194
AATTCGATTCGAGGAT-1,0.005727,0.837689,0.000217,0.156366
AATTCTAGAGTTAGGC-1,0.680335,0.19949,0.114581,0.005594
AATTGAACGCTCTGGT-1,0.198421,0.632417,0.083476,0.085686
AATTGCAGCAATCGAC-1,0.231712,0.324789,0.063515,0.379984
AATTGCGTGGATTACA-1,0.057462,0.450065,0.182068,0.310406
AATTGTGGTTGCCAAA-1,0.013849,0.11476,0.100526,0.770865
AATTTGGGACATAGTA-1,0.00004,0.909974,0.00004,0.089946
AATTTGGTTCCAAAGA-1,0.078635,0.921199,0.000055,0.000111
ACAAACCATGCGTCCT-1,0.225336,0.414774,0.007768,0.352122
ACAAACCGACAAGGCG-1,0.072576,0.666321,0.000039,0.261064
ACAAACTCCATCAGAG-1,0.839125,0.000216,0.000054,0.160605
ACAAAGAAGGTAGGCC-1,0.304049,0.529006,0.118003,0.048941
ACAAAGCATGACCTAG-1,0.03957,0.584492,0.054275,0.321663
ACAAATCGCACCGAAT-1,0.005951,0.958318,0.000066,0.035665
ACAAATGGTAGTGTTT-1,0.043619,0.835836,0.077457,0.043088
ACAAATTCAGATCTGA-1,0.529633,0.290559,0.048975,0.130833
ACAACAGCATGAGCTA-1,0.000025,0.976706,0.015464,0.007805
ACAACGGTCCCTGCGA-1,0.124668,0.705576,0.144251,0.025505
ACAAGCAGTGCCTAGC-1,0.123866,0.715488,0.145163,0.015483
ACAAGCTATATGGAAG-1,0.094227,0.819384,0.001309,0.085081
ACAAGGAAATCCGCCC-1,0.161393,0.762893,0.033983,0.04173
ACAAGGACAAGAGGTT-1,0.16543,0.80901,0.00591,0.01965
ACAAGGATGCTTTAGG-1,0.430004,0.376941,0.043438,0.149617
ACAAGGCCTACCAGCC-1,0.001898,0.462606,0.00004,0.535456
ACAAGGGCAGGCTCTG-1,0.191946,0.602688,0.153725,0.051641
ACAAGTAATTGTAAGG-1,0.071215,0.410272,0.029882,0.488632
ACAATAGTCGTACGTT-1,0.003366,0.930724,0.000029,0.065881
ACAATCCATTTAAACC-1,0.132456,0.693392,0.158083,0.016069
ACAATCGATCTTTATA-1,0.037426,0.913606,0.023392,0.025575
ACAATGAATACGGAGA-1,0.054826,0.832787,0.012026,0.10036
ACAATGATTCTTCTAC-1,0.347406,0.088293,0.357356,0.206945
ACAATTGTGTCTCTTT-1,0.008937,0.694859,0.267524,0.02868
ACAATTTAGGAGGCTC-1,0.040343,0.873842,0.008482,0.077333
ACAATTTGAGCAGTGG-1,0.299818,0.639857,0.000096,0.060229
ACAATTTGGCCATATT-1,0.000051,0.154375,0.044133,0.801442
ACACAAAGACGGGTGG-1,0.715924,0.283797,0.000093,0.000186
ACACAAATATTCCTAG-1,0.124845,0.106396,0.019301,0.749458
ACACACCAGGACCAGT-1,0.13616,0.76317,0.041419,0.059251
ACACACTTTCTACACG-1,0.009906,0.796335,0.193663,0.000096
ACACATGATCAAATCT-1,0.074124,0.693927,0.022676,0.209273
ACACATTGACGCAACA-1,0.030176,0.826782,0.003807,0.139236
ACACATTTCCGTAGAC-1,0.000057,0.421485,0.072904,0.505554
ACACCACATAATTAGC-1,0.197626,0.452169,0.014736,0.335469
ACACCCAGCATGCAGC-1,0.486032,0.509732,0.000522,0.003713
ACACCCGAGAAATCCG-1,0.167057,0.77548,0.025689,0.031774
ACACCCGTAAATCTGT-1,0.071787,0.259574,0.223403,0.445236
ACACCGAGCGCTCTTT-1,0.093365,0.631495,0.090385,0.184755
ACACCGGTCTGACCGC-1,0.018314,0.684239,0.000043,0.297404
ACACCTTAAGTAGGGC-1,0.66053,0.339212,0.000086,0.000173
ACACCTTACTACTTGC-1,0.275268,0.345546,0.236891,0.142295
ACACGAGACTCCTTCT-1,0.098743,0.799375,0.036709,0.065173
ACACGGCACTATGCAT-1,0.009602,0.983817,0.000029,0.006552
ACACGGGAACTTAGGG-1,0.134346,0.803082,0.049632,0.01294
ACACGTAGGCCACAAG-1,0.000273,0.533473,0.130008,0.336246
ACACTCCAATGTCACT-1,0.403403,0.415462,0.119692,0.061443
ACACTGATCAAGGTGT-1,0.999338,0.000378,0.000094,0.000189
ACACTGGGACAGTCGT-1,0.012223,0.253545,0.295498,0.438735
ACAGAACTGAGAACAA-1,0.204716,0.669093,0.000042,0.126149
ACAGATTAGGTTAGTG-1,0.474266,0.525542,0.000064,0.000128
ACAGCATAGAGCCAGT-1,0.621147,0.25497,0.123781,0.000102
ACAGCGACATTCTCAT-1,0.178837,0.474125,0.000096,0.346942
ACAGCGCACCCGCAGC-1,0.000018,0.908565,0.036628,0.054789
ACAGGAGGCGCAGCCG-1,0.079186,0.678476,0.12537,0.116968
ACAGGCACGGATCCTT-1,0.176007,0.14753,0.265401,0.411062
ACAGGCTTGCCCGACT-1,0.077229,0.656907,0.000043,0.265821
ACAGGTGGAGGTGAGG-1,0.093247,0.877354,0.027977,0.001422
ACAGGTGTGTTGTTGC-1,0.20968,0.415222,0.265018,0.110081
ACAGTAATACAACTTG-1,0.086313,0.863908,0.019185,0.030594
ACAGTATACCGTGGGA-1,0.036294,0.42602,0.245916,0.291769
ACAGTGCAGCGCATTT-1,0.036846,0.287966,0.402393,0.272794
ACATAAGTCGTGGTGA-1,0.481749,0.359575,0.000058,0.158619
ACATAATAAGGCGGTG-1,0.162942,0.742867,0.013413,0.080778
ACATACAATCAAGCGG-1,0.11211,0.038422,0.054469,0.795
ACATCAGCTGGGACGC-1,0.000017,0.745653,0.245303,0.009027
ACATCCCGGCCATACG-1,0.891041,0.108727,0.000077,0.000155
ACATCCTGGTAACTGT-1,0.020844,0.556733,0.231185,0.191238
ACATCGATCGTTTACC-1,0.030457,0.856221,0.113064,0.000258
ACATCGCAATATTCGG-1,0.087015,0.42417,0.001607,0.487208
ACATCGGTCAGCCGCG-1,0.007103,0.929792,0.016588,0.046517
ACATCGTATGCAATGG-1,0.017442,0.937745,0.000049,0.044764
ACATCGTTAACCTAGT-1,0.224756,0.773332,0.000065,0.001847
ACATCTCAACGCGTAA-1,0.114204,0.839879,0.044596,0.001322
ACATGCTTACGGCAGC-1,0.069844,0.17834,0.163182,0.588635
ACATGGCGCCAAAGTA-1,0.260745,0.501461,0.080073,0.157722
ACATGGCTCAATTTAG-1,0.121027,0.728972,0.028437,0.121564
ACATTAGTTTATATCC-1,0.885936,0.113656,0.000136,0.000272
ACATTCGCGCGGAATA-1,0.060487,0.315652,0.434006,0.189855
ACATTTGAAACCTAAC-1,0.000018,0.05162,0.15799,0.790373
ACCAAACACCCAGCGA-1,0.000019,0.752,0.075903,0.172079
ACCAAACTAGAAATCC-1,0.042703,0.909175,0.018962,0.02916
ACCAACACCACACACT-1,0.072094,0.454582,0.454121,0.019203
ACCAACCGCACTCCAC-1,0.000021,0.535467,0.203586,0.260927
ACCAACGCTTATTTAT-1,0.803675,0.140387,0.000107,0.055831
ACCAAGAACGCGTGTC-1,0.542725,0.218938,0.238039,0.000299
ACCAAGTCATCGGCAG-1,0.000054,0.239355,0.129302,0.631289
ACCAATATGCAAGTTA-1,0.206388,0.708358,0.032834,0.05242
ACCACAACTCAGAACA-1,0.173334,0.808843,0.0038,0.014023
ACCACAAGTTTCTATC-1,0.880561,0.000398,0.118843,0.000199
ACCACACGGTTGATGG-1,0.01535,0.244297,0.078882,0.661471
ACCACCAATGTAACAA-1,0.137476,0.625593,0.107185,0.129746
ACCACCCTCTCTTCTA-1,0.13649,0.08771,0.391645,0.384154
ACCACGTGCAGCTATA-1,0.318196,0.658461,0.000065,0.023278
ACCACTGTTCAAGAAG-1,0.032128,0.817476,0.000039,0.150356
ACCAGACCATAACAAC-1,0.025552,0.780877,0.015004,0.178567
ACCAGCCCGGTCTTTG-1,0.291287,0.641319,0.000064,0.06733
ACCAGGAGTGTGATCT-1,0.82415,0.163814,0.011931,0.000105
ACCAGTGCCCGGTCAA-1,0.070148,0.76156,0.025115,0.143177
ACCAGTGCGGGAGACG-1,0.000058,0.858635,0.000058,0.141249
ACCATATCCGCAATAA-1,0.71568,0.283933,0.000129,0.000258
ACCATCCGCCAACTAG-1,0.027152,0.885979,0.018216,0.068653
ACCATCGTATATGGTA-1,0.567587,0.430512,0.000093,0.001809
ACCATTAAGGGTGTCA-1,0.339756,0.432963,0.115498,0.111783
ACCCAACGCCCGTGGC-1,0.183326,0.73695,0.0227,0.057023
ACCCACCTACATGCTC-1,0.053742,0.838546,0.000041,0.10767
ACCCATCTTGAGGGTA-1,0.000032,0.891717,0.001287,0.106964
ACCCATTTGTCCCTCT-1,0.000084,0.559606,0.269413,0.170897
ACCCGAGCGAAATTAC-1,0.324761,0.478416,0.017482,0.179341
ACCCGATTGGTTCCGA-1,0.362262,0.392628,0.068073,0.177037
ACCCGGAAACTCCCAG-1,0.520321,0.445185,0.000103,0.034391
ACCCGGAGCACCACAA-1,0.11774,0.074062,0.624697,0.183501
ACCCGGATGACGCATC-1,0.188697,0.733932,0.000085,0.077285
ACCCGGTTACACTTCC-1,0.650598,0.348871,0.000415,0.000116
ACCCGTAGCAGAGAAT-1,0.173366,0.081551,0.215555,0.529528
ACCCGTAGTCTAGTTG-1,0.008597,0.021944,0.271924,0.697535
ACCCGTGTCATCAGTA-1,0.969485,0.03034,0.000058,0.000116
ACCCTATAGGACTGAG-1,0.040667,0.876304,0.043084,0.039944
ACCCTATGCCATATCG-1,0.031765,0.874013,0.050258,0.043964
ACCCTCCCGTCAGGGC-1,0.065348,0.145338,0.032123,0.757191
ACCCTCCCTTGCTATT-1,0.13601,0.675559,0.092167,0.096264
ACCCTGGTAACGCCCT-1,0.15144,0.627584,0.016856,0.20412
ACCCTTCATCTGCGAA-1,0.003365,0.966806,0.010446,0.019383
ACCCTTGCCTGGGTCG-1,0.067251,0.157264,0.058985,0.7165
ACCCTTTAGTTCTCCA-1,0.001295,0.974438,0.00006,0.024206
ACCGAAAGGGCCCTGC-1,0.999677,0.000185,0.000046,0.000092
ACCGAAGAGTCTGGTT-1,0.044759,0.602602,0.160431,0.192208
ACCGACACATCTCCCA-1,0.17315,0.640202,0.137657,0.048991
ACCGACTGAGTCCCAC-1,0.223147,0.690361,0.000051,0.086441
ACCGAGTCTCCTTATT-1,0.051012,0.2859,0.068366,0.594722
ACCGATAGGCATAACC-1,0.000027,0.190758,0.373783,0.435432
ACCGATATTTAATCAT-1,0.013671,0.215108,0.365943,0.405278
ACCGATGGTAGCATCG-1,0.126149,0.78605,0.00008,0.087721
ACCGCAATAACTGCCT-1,0.213446,0.618856,0.051985,0.115713
ACCGCGGTGGAAGTCG-1,0.0579,0.732692,0.000042,0.209366
ACCGCTAGTCATTGGT-1,0.000015,0.290275,0.263102,0.446608
ACCGGGCCTTTGTTGA-1,0.321384,0.477301,0.0029,0.198415
ACCGGTCAGGTACACC-1,0.059807,0.74554,0.000048,0.194605
ACCGGTCTGAGTACGG-1,0.000057,0.683071,0.000057,0.316815
ACCGTCCACTGGGCCC-1,0.381616,0.169427,0.24974,0.199217
ACCGTGACCACGTGGG-1,0.226624,0.731169,0.00005,0.042158
ACCGTTCCCGCTCTGA-1,0.088624,0.836309,0.044069,0.030998
ACCTAAGTACCTTTCA-1,0.350303,0.570073,0.047069,0.032556
ACCTAATCGACTTCCT-1,0.350665,0.482023,0.128488,0.038824
ACCTACAGTATGTGGT-1,0.018657,0.727337,0.093283,0.160723
ACCTACTATAAATCTA-1,0.85932,0.000197,0.092837,0.047647
ACCTCAGCGAGGCGCA-1,0.075084,0.11466,0.160891,0.649365
ACCTCCGCCCTCGCTG-1,0.000038,0.443049,0.000038,0.556874
ACCTCCGTTATTCACC-1,0.084447,0.490691,0.360107,0.064755
ACCTCGAACTTATGCT-1,0.341986,0.282334,0.007022,0.368658
ACCTGCGTGTCATGTT-1,0.031825,0.854646,0.000073,0.113455
ACCTTTCCTTTAGAAG-1,0.000031,0.796642,0.137808,0.065519
ACGAAATGGGCGGCAC-1,0.002585,0.814995,0.179444,0.002976
ACGACCCATGAGTTGC-1,0.048435,0.114348,0.081034,0.756183
ACGACTCTAGGGCCGA-1,0.029537,0.058702,0.464333,0.447429
ACGACTGGTCATACTC-1,0.067474,0.686793,0.035852,0.209881
ACGAGAACCCATCACG-1,0.260171,0.571111,0.167676,0.001042
ACGAGATATTTGCTTA-1,0.026075,0.894064,0.000052,0.079809
ACGAGGATACCACTCT-1,0.032598,0.807339,0.000043,0.16002
ACGAGGTTTACAACGT-1,0.138647,0.590514,0.131037,0.139802
ACGAGTACGGATGCCC-1,0.053485,0.865968,0.000031,0.080516
ACGAGTCGCCGGCGTT-1,0.000022,0.909268,0.000022,0.090689
ACGATACATAGAACTA-1,0.279099,0.70741,0.000064,0.013427
ACGATACCTATCCTGA-1,0.0503,0.896649,0.00006,0.052991
ACGATCATACATAGAG-1,0.000033,0.930744,0.030466,0.038758
ACGATCATCTTGTAAA-1,0.093538,0.789045,0.000057,0.11736
ACGATGCATATGTTAT-1,0.852061,0.14767,0.00009,0.00018
ACGATGGATCCGATGC-1,0.293511,0.678223,0.000057,0.02821
ACGCAAACTAATAGAT-1,0.898051,0.091008,0.01077,0.000171
ACGCAATCACTACAGC-1,0.00003,0.966068,0.00003,0.033872
ACGCATAAATGACATG-1,0.000015,0.494991,0.217258,0.287735
ACGCATACGTTTACTA-1,0.204794,0.502045,0.000059,0.293103
ACGCATTCGTGAGTAC-1,0.146084,0.850018,0.000081,0.003817
ACGCCACTCGAAACAG-1,0.114568,0.313872,0.025696,0.545864
ACGCCAGATGATTTCT-1,0.000036,0.903417,0.069116,0.027432
ACGCCAGTGCGTTTGC-1,0.008988,0.016298,0.41712,0.557594
ACGCCCAGCTGTCGAT-1,0.007011,0.947757,0.000044,0.045187
ACGCCGCTAGACGACC-1,0.063495,0.908367,0.002588,0.02555
ACGCCTGACACGCGCT-1,0.143881,0.665212,0.000067,0.19084
ACGCGAAGTCAGACGA-1,0.725684,0.209402,0.059175,0.005739
ACGCGCTACACAGGGT-1,0.057622,0.756391,0.154545,0.031442
ACGCGGGCCAAGGACA-1,0.165656,0.786659,0.035835,0.01185
ACGCGTTTCTTAAGAG-1,0.000022,0.908649,0.084539,0.00679
ACGCTACTGAATGGGC-1,0.000066,0.001671,0.48135,0.516913
ACGCTAGTATCAGTGC-1,0.056381,0.295869,0.034407,0.613343
ACGCTAGTGATACACT-1,0.264398,0.662933,0.0327,0.039969
ACGCTGTGAGGCGTAG-1,0.189238,0.657556,0.124263,0.028942
ACGCTTAGTGTCTCTC-1,0.512647,0.265779,0.2123,0.009274
ACGGAACACGAGTGCC-1,0.000028,0.070273,0.123,0.806699
ACGGAATTTAGCAAAT-1,0.029187,0.890833,0.000036,0.079945
ACGGACGCAGCGACAA-1,0.18703,0.000268,0.733168,0.079533
ACGGACTCTCAAAGCG-1,0.050659,0.82492,0.012817,0.111604
ACGGAGCGCAAATTAC-1,0.016712,0.925193,0.021269,0.036826
ACGGATGGTGCGGATA-1,0.007307,0.906929,0.079853,0.005911
ACGGCACTTGCTTGGG-1,0.99934,0.000377,0.000094,0.000188
ACGGCCAACATGGACT-1,0.943904,0.0003,0.055646,0.00015
ACGGCGACGATGGGAA-1,0.133027,0.799867,0.010407,0.056698
ACGGCGGGTTGCCCTG-1,0.104964,0.877028,0.000051,0.017957
ACGGCTGGATGTAGAA-1,0.040865,0.585573,0.001705,0.371857
ACGGGAGTGTCGGCCC-1,0.002197,0.952193,0.000034,0.045576
ACGGGCGTATGCGACA-1,0.080993,0.49595,0.248691,0.174366
ACGGGTCATGTGACTT-1,0.247844,0.636642,0.098341,0.017173
ACGGGTTGTGACCTGT-1,0.050325,0.021803,0.035638,0.892234
ACGGTACAGTTCAATG-1,0.011338,0.006923,0.480698,0.501041
ACGGTCACCGAGAACA-1,0.263863,0.191926,0.062664,0.481547
ACGTACAGATTTCTCT-1,0.173139,0.73123,0.080754,0.014877
ACGTACTTTGGCACGG-1,0.009682,0.551896,0.096285,0.342137
ACGTAGATTGCTGATG-1,0.000259,0.97844,0.000037,0.021264
ACGTAGGAGAGTCGCT-1,0.262193,0.394886,0.007603,0.335318
ACGTATTACTCCGATC-1,0.117634,0.775837,0.000106,0.106424
ACGTCCTAAACGAGAT-1,0.093492,0.788024,0.103386,0.015097
ACGTCGGGCAACTCGG-1,0.058324,0.417768,0.105265,0.418644
ACGTCTCGTTCCGGGA-1,0.230684,0.608454,0.00953,0.151333
ACGTGACAAAGTAAGT-1,0.081387,0.54826,0.221583,0.14877
ACGTGCGCCTCGTGCA-1,0.203331,0.68132,0.115239,0.00011
ACGTGGTCGAATGTGC-1,0.163115,0.685757,0.097998,0.053129
ACGTTAATGTCGAAGA-1,0.295424,0.631162,0.057569,0.015845
ACGTTAGATTTGCCCG-1,0.28488,0.648766,0.026224,0.04013
ACGTTATTGGTCACTC-1,0.562611,0.000464,0.436693,0.000232
ACGTTCACTATGCCGC-1,0.332271,0.005712,0.661869,0.000149
ACGTTCCGCGCTCCGT-1,0.999413,0.000336,0.000084,0.000168
ACGTTCGCAATCAATT-1,0.052372,0.777979,0.124173,0.045476
ACGTTCGTTCAGGAAA-1,0.973735,0.025998,0.000089,0.000178
ACGTTCTGTACAAGTC-1,0.150949,0.373116,0.080482,0.395453
ACGTTGTCGTTGAAAG-1,0.278185,0.202571,0.166658,0.352585
ACGTTTAGTTGTGATC-1,0.073451,0.926373,0.000059,0.000118
ACGTTTCGGTGCACTT-1,0.000043,0.014846,0.702141,0.282971
ACTAAGGACGCACACC-1,0.173299,0.105491,0.364361,0.356849
ACTAATACGTCAGGCG-1,0.018907,0.860784,0.092874,0.027435
ACTACAAAGAGAGGTG-1,0.053551,0.000282,0.946025,0.000141
ACTACATCCCGACAAG-1,0.037191,0.728047,0.000049,0.234713
ACTACCAGCTCTCTGG-1,0.62746,0.322464,0.049888,0.000187
ACTACCATCCGAGGGC-1,0.012242,0.251723,0.21418,0.521855
ACTACGCGTTAGAATT-1,0.99944,0.00032,0.00008,0.00016
ACTAGTTGCGATCGTC-1,0.000028,0.656976,0.00119,0.341807
ACTATATGCTGTGTTC-1,0.241427,0.607628,0.000071,0.150874
ACTATCCAGGGCATGG-1,0.06006,0.797626,0.000067,0.142247
ACTATCGCCGGCTAAA-1,0.200689,0.54475,0.000064,0.254497
ACTATCTGCCCGCGTA-1,0.000739,0.478316,0.007732,0.513213
ACTATGTCCAGCTGCC-1,0.068063,0.630122,0.102742,0.199074
ACTATTCGTCCGTGGT-1,0.084667,0.782478,0.130687,0.002167
ACTATTTCCGGGCCCA-1,0.214737,0.698831,0.067218,0.019215
ACTCAACGAATGTATT-1,0.093127,0.895475,0.000059,0.011339
ACTCAAGTGCAAGGCT-1,0.099134,0.673554,0.024372,0.20294
ACTCAATAAAGGCACG-1,0.000028,0.897917,0.057231,0.044824
ACTCAGACCTGCTTCT-1,0.750792,0.125053,0.000109,0.124045
ACTCATGGCAGCCTTC-1,0.000017,0.553628,0.000017,0.446339
ACTCCAATATCATCAT-1,0.214262,0.615576,0.000061,0.170101
ACTCCCATTCCTAAAG-1,0.131807,0.62312,0.003053,0.242021
ACTCCCGAATTCGTTT-1,0.067845,0.825709,0.00004,0.106405
ACTCCCGTAGACTAGG-1,0.042275,0.341512,0.00006,0.616154
ACTCCCTAATGCTAAA-1,0.283157,0.614953,0.000705,0.101185
ACTCCCTAGAATAGTA-1,0.041809,0.845168,0.092017,0.021006
ACTCCGGCCGACCACT-1,0.013101,0.337552,0.132789,0.516559
ACTCGATGTATTTCAT-1,0.121952,0.721037,0.154105,0.002905
ACTCGCCGTTCGATAA-1,0.018923,0.096875,0.396854,0.487349
ACTCGCGATCTGACGC-1,0.012888,0.073828,0.049268,0.864017
ACTCGTAACCCGTCCT-1,0.179634,0.788774,0.000076,0.031516
ACTCGTCAGTAATCCC-1,0.150868,0.79137,0.016921,0.040842
ACTCTAAACCTGGGAT-1,0.037859,0.685567,0.213168,0.063406
ACTCTCTGACTTAGGT-1,0.098362,0.798744,0.000054,0.10284
ACTCTCTTATACACGA-1,0.148084,0.771869,0.000056,0.079991
ACTCTGACCTAATAGA-1,0.134878,0.089574,0.141943,0.633606
ACTCTTCAGCTCCCGC-1,0.141925,0.000371,0.047776,0.809928
ACTCTTGTATAGTAAC-1,0.102818,0.84665,0.042238,0.008294
ACTGAAACGCCGTTAG-1,0.11136,0.639962,0.196746,0.051932
ACTGAATGGCGAAAGT-1,0.084752,0.871027,0.000038,0.044182
ACTGATTTAGTGATTC-1,0.230097,0.741328,0.000048,0.028527
ACTGCCCGCCATTCTC-1,0.054934,0.52215,0.014348,0.408569
ACTGCCGTCGTAACTC-1,0.025169,0.956371,0.000044,0.018417
ACTGCGGACACACCGT-1,0.090032,0.117279,0.023618,0.769071
ACTGCTCGGAAGGATG-1,0.139428,0.724823,0.008829,0.126919
ACTGGCGAACCTGCGT-1,0.104168,0.13118,0.310323,0.45433
ACTGGGATGCCAGTGC-1,0.820659,0.000337,0.178836,0.000168
ACTGTACGATACACAT-1,0.000024,0.902677,0.050339,0.04696
ACTGTAGCACTTTGGA-1,0.064851,0.888238,0.000055,0.046856
ACTGTATACGCGAGCA-1,0.000021,0.989166,0.000021,0.010791
ACTGTCCAGGATTATA-1,0.931311,0.017737,0.05076,0.000192
ACTGTCTTCTTTAGAA-1,0.095622,0.834856,0.069166,0.000356
ACTGTGCTAGTAGATC-1,0.276328,0.717524,0.000093,0.006055
ACTGTTTAGTGTAGGC-1,0.642298,0.357323,0.000126,0.000253
ACTTACCGGGCGCGCA-1,0.18223,0.65546,0.000103,0.162207
ACTTACGCATCCACGC-1,0.033098,0.753493,0.199708,0.013701
ACTTAGTACGACAAGA-1,0.146037,0.355713,0.246568,0.251682
ACTTATACTTACCCGG-1,0.081635,0.842764,0.000029,0.075572
ACTTATCTGATCTATA-1,0.089077,0.862488,0.000055,0.04838
ACTTATTAGGATCGGT-1,0.99919,0.000463,0.000116,0.000231
ACTTATTTATGTGCCA-1,0.042383,0.822891,0.078191,0.056535
ACTTCAGGCTGATCCC-1,0.235251,0.660675,0.054155,0.049919
ACTTCCAGTGGAAGCT-1,0.160435,0.456308,0.00004,0.383216
ACTTCCATGCGGGACA-1,0.18093,0.729282,0.000075,0.089712
ACTTCCTGTCGTGCGA-1,0.209912,0.130284,0.103004,0.556801
ACTTCGCCATACGCAC-1,0.096387,0.834751,0.000054,0.068808
ACTTCGCTAGCGAGTG-1,0.345076,0.000326,0.135091,0.519507
ACTTGACTCCCTCTTT-1,0.049933,0.752701,0.065144,0.132222
ACTTGCCATATTGTAC-1,0.825687,0.14918,0.024967,0.000166
ACTTGCTCTATCTACC-1,0.04566,0.221332,0.010422,0.722586
ACTTGGGACCCGGTGG-1,0.67939,0.282447,0.013378,0.024785
ACTTGGGCTTTCGCCA-1,0.010572,0.238412,0.134013,0.617003
ACTTGTAGTCCCTTCA-1,0.034776,0.901467,0.000024,0.063733
ACTTGTGGATGGAACG-1,0.173364,0.476169,0.088865,0.261602
ACTTGTTACCGGATCA-1,0.8743,0.000366,0.125151,0.000183
ACTTTACCCTCATGAA-1,0.041606,0.81609,0.119458,0.022846
ACTTTATACACCACTT-1,0.000017,0.004166,0.585815,0.410002
ACTTTCCTATAGCTTC-1,0.22484,0.659365,0.076759,0.039035
ACTTTGACTGCATCCT-1,0.090426,0.597803,0.270202,0.041569
ACTTTGGTCGTGCTCC-1,0.105447,0.550031,0.228265,0.116256
ACTTTGTCGACGCACT-1,0.00005,0.125747,0.098033,0.77617
AGAAATTATGACTCGC-1,0.08019,0.194354,0.028983,0.696472
AGAACACGGCGATGGT-1,0.000401,0.061778,0.018216,0.919605
AGAACCCAGCGTGACA-1,0.022329,0.244321,0.072866,0.660484
AGAACCCTCAATTGGG-1,0.090911,0.483205,0.048851,0.377033
AGAACGTGGTACATTC-1,0.07988,0.889744,0.000039,0.030337
AGAACTGTACTTTGTA-1,0.009584,0.110372,0.094075,0.785969
AGAAGAGCGCCGTTCC-1,0.000633,0.660889,0.000632,0.337846
AGAAGGTACACTTCAC-1,0.072782,0.644931,0.000033,0.282253
AGAAGGTTGCCGAATT-1,0.665302,0.334463,0.000078,0.000156
AGAAGGTTGTAGGTCG-1,0.000041,0.82981,0.073164,0.096985
AGAAGTGATTCGTGAT-1,0.15488,0.808165,0.018675,0.01828
AGAATAAATCTTCAGG-1,0.301576,0.611155,0.000034,0.087234
AGAATACAGGCTATCC-1,0.04157,0.086987,0.413354,0.458089
AGAATGCGGGTTCGGA-1,0.000083,0.836811,0.000031,0.163075
AGAATTATGGATTCGA-1,0.00752,0.871628,0.004918,0.115933
AGAATTGTTTGACATA-1,0.162931,0.757619,0.000044,0.079407
AGACAGCTCAGAATCC-1,0.301217,0.528835,0.109951,0.059996
AGACAGGCATCTCAGC-1,0.039671,0.064991,0.07974,0.815598
AGACATAGATCCTTCC-1,0.77062,0.214321,0.013953,0.001105
AGACCAAACCACACCT-1,0.021372,0.638452,0.273828,0.066347
AGACCATGGGATACAA-1,0.11236,0.824861,0.000068,0.062712
AGACCCACCGCTGATC-1,0.465065,0.473021,0.061766,0.000148
AGACCCGCCCTCCTCG-1,0.796568,0.11409,0.089241,0.000101
AGACCGCTCCGCGGTT-1,0.126362,0.512454,0.122037,0.239147
AGACCGGGAAACCCTG-1,0.128892,0.784892,0.032539,0.053677
AGACGAAGTGCCGGTC-1,0.186483,0.576839,0.000118,0.236559
AGACGACGATGCCGCT-1,0.44999,0.496912,0.000048,0.053049
AGACGCCCACTTCGCC-1,0.100322,0.04539,0.439441,0.414848
AGACGGGATTGGTATA-1,0.30394,0.467029,0.000101,0.22893
AGACGGGCCGATTTAA-1,0.198214,0.599269,0.035357,0.16716
AGACTAGCCTTCCAGA-1,0.915292,0.084525,0.000061,0.000122
AGACTGTTACCGGGTC-1,0.999374,0.000358,0.000089,0.000179
AGAGAAACACCAGAAA-1,0.015159,0.669117,0.000584,0.31514
AGAGAACCGTCTAGGA-1,0.020759,0.929837,0.000041,0.049363
AGAGAAGGAGTACAAT-1,0.000031,0.858256,0.000031,0.141681
AGAGATCTCTAAAGCG-1,0.079517,0.772315,0.105629,0.042539
AGAGCAGTTATGAGAC-1,0.243317,0.669747,0.007946,0.07899
AGAGCCGCCGAGATTT-1,0.052455,0.234404,0.106221,0.60692
AGAGCGCTTGTAACGG-1,0.303157,0.021829,0.12073,0.554284
AGAGCGGGCTAATCAT-1,0.276235,0.712207,0.004863,0.006695
AGAGCGTACAAGCTCG-1,0.190564,0.779122,0.000047,0.030267
AGAGCTACGAAAGCAT-1,0.190648,0.673407,0.060479,0.075466
AGAGGCTTCGGAAACC-1,0.261224,0.571615,0.000058,0.167103
AGAGGGACAATTGTCC-1,0.172781,0.179831,0.162103,0.485285
AGAGGTATCTCGGTCC-1,0.487813,0.512016,0.000057,0.000114
AGAGTAAACTTCACTA-1,0.186251,0.505964,0.271945,0.03584
AGAGTATAGTGTTACG-1,0.006002,0.2953,0.2081,0.490598
AGAGTCTTAATGAAAG-1,0.350477,0.000436,0.219027,0.43006
AGAGTGAACAGACACC-1,0.021309,0.325859,0.125858,0.526975
AGAGTTAGAGACCGAT-1,0.133808,0.658093,0.028673,0.179427
AGAGTTGCAGGCCTCC-1,0.002689,0.352627,0.13354,0.511143
AGATAACTTCAGGGCC-1,0.984595,0.01517,0.000078,0.000156
AGATAATCACACCTAT-1,0.030156,0.320316,0.10664,0.542888
AGATACCAATAGAACC-1,0.047911,0.217109,0.232639,0.502341
AGATACCAGCACTTCA-1,0.532906,0.003943,0.415016,0.048135
AGATACCGGTGTTCAC-1,0.00928,0.860112,0.049616,0.080992
AGATACGACTTCATAT-1,0.334583,0.551463,0.020832,0.093122
AGATACTCAAGATCGA-1,0.052155,0.832027,0.07592,0.039898
AGATATAATACGACTA-1,0.000026,0.731972,0.054416,0.213586
AGATCGTGCATAAGAT-1,0.00002,0.881864,0.100743,0.017373
AGATCTCAGGTGTGAT-1,0.013594,0.908088,0.065692,0.012626
AGATCTGGAGAGGATA-1,0.016182,0.155719,0.000024,0.828075
AGATGACTCGCCCACG-1,0.746783,0.25291,0.000102,0.000205
AGATGAGGGTTGCGAT-1,0.097486,0.811786,0.000077,0.090651
AGATGATGGAGTCTGG-1,0.071941,0.594892,0.226782,0.106385
AGATGCAAGACGTGCA-1,0.032244,0.793933,0.027008,0.146815
AGATGCATCCTGTGTC-1,0.048309,0.722242,0.177512,0.051937
AGATGCTATAACGAGC-1,0.217777,0.636682,0.028427,0.117115
AGATTATAGGACGTTT-1,0.990142,0.009356,0.000167,0.000334
AGATTCAAGCGGGTCG-1,0.391985,0.040351,0.096172,0.471492
AGATTCACAACCGATA-1,0.243835,0.456175,0.000025,0.299964
AGCAAAGGCCGCTAGT-1,0.106523,0.777133,0.015322,0.101022
AGCAACATATCTTATT-1,0.078876,0.760026,0.092388,0.06871
AGCAACCGAAAGTAAT-1,0.219462,0.62073,0.000036,0.159772
AGCACACGTTTAGACT-1,0.00262,0.523654,0.005016,0.468711
AGCACCAGTACTCACG-1,0.002311,0.944792,0.032605,0.020293
AGCACTACCGGCCTGT-1,0.406443,0.5625,0.006719,0.024337
AGCACTACCTCACCAG-1,0.043105,0.817543,0.032434,0.106919
AGCACTTAAGGACGCC-1,0.020385,0.88466,0.000027,0.094928
AGCAGAAGGAGAAAGA-1,0.017512,0.719266,0.07681,0.186412
AGCAGCCAGATGAATA-1,0.921965,0.071037,0.000071,0.006927
AGCAGTCGAAGCATGC-1,0.061864,0.086813,0.111973,0.73935
AGCATATCAATATGCT-1,0.245713,0.568343,0.107915,0.078029
AGCATCATTTCGAAAG-1,0.096399,0.666243,0.068068,0.169289
AGCATCGTCGATAATT-1,0.999227,0.000442,0.00011,0.000221
AGCATTACGAGGCAAG-1,0.001457,0.335737,0.47661,0.186196
AGCCAAGCTTTGTGTC-1,0.935433,0.000274,0.064155,0.000137
AGCCACAGGTTACCCG-1,0.002374,0.859185,0.00005,0.138391
AGCCACTCCCGTGCTT-1,0.497501,0.477327,0.000099,0.025072
AGCCATATAGTATGTG-1,0.678823,0.000335,0.238393,0.082449
AGCCCATACATGTAAG-1,0.188755,0.691983,0.054364,0.064898
AGCCCGCAACAAGCAG-1,0.834492,0.000309,0.149402,0.015797
AGCCCGCACTACAATG-1,0.00002,0.108691,0.268478,0.622811
AGCCCGGCATTAGAGG-1,0.200864,0.52892,0.036971,0.233244
AGCCCGGTAGCCTGTA-1,0.453908,0.186542,0.359363,0.000186
AGCCCTAAGCGAAGTT-1,0.117871,0.873997,0.003812,0.00432
AGCCCTCCCTGGTGGC-1,0.122004,0.713644,0.00007,0.164282
AGCCCTGTCGCACCGT-1,0.046821,0.039245,0.330609,0.583325
AGCCCTTCTAATCCGA-1,0.10372,0.834224,0.025511,0.036545
AGCCCTTGGACATCCC-1,0.000018,0.198842,0.333553,0.467586
AGCCGCAAATTCAAAT-1,0.095596,0.844356,0.00114,0.058908
AGCCGCTTGATTAGCG-1,0.336737,0.54823,0.01266,0.102374
AGCCGTGGCTAAATGT-1,0.197179,0.66184,0.000041,0.14094
AGCCTAATACCCACGT-1,0.006674,0.862878,0.061954,0.068495
AGCCTTAAAGCGGAAG-1,0.024089,0.812226,0.000028,0.163656
AGCCTTGTCACTGATA-1,0.000015,0.042709,0.510112,0.447164
AGCGACAGGAACGGTC-1,0.044947,0.923494,0.000027,0.031532
AGCGACATCCCATTCA-1,0.25948,0.650585,0.08768,0.002255
AGCGACCAACGATATT-1,0.954303,0.045447,0.000083,0.000167
AGCGACTTTGAAGACA-1,0.444763,0.157552,0.229269,0.168416
AGCGAGACGTGAAGGC-1,0.094781,0.515735,0.09584,0.293644
AGCGATGCGCCTAATA-1,0.15528,0.146051,0.213908,0.484762
AGCGCATAATGAATCG-1,0.999468,0.000304,0.000076,0.000152
AGCGCGGGTGCCAATG-1,0.150571,0.73963,0.000066,0.109733
