Barcode,Topic 1,Topic 2,Topic 3to4,Topic 5to7,Topic 8,Topic 9to10
AAACAACGAATAGTTC-1,0.000018,0.040868,0.054597,0.690684,0.000018,0.213815
AAACAAGTATCTCCCA-1,0.000031,0.000031,0.441714,0.22388,0.085696,0.248649
AAACAATCTACTAGCA-1,0.024375,0.000107,0.251883,0.482417,0.000107,0.241112
AAACACCAATAACTGC-1,0.120261,0.006609,0.171212,0.241785,0.01606,0.444073
AAACAGAGCGACTCCT-1,0.091008,0.164691,0.01951,0.359155,0.028659,0.336977
AAACAGCTTTCAGAAG-1,0.279143,0.000042,0.000083,0.265859,0.333722,0.121152
AAACAGGGTCTATATT-1,0.03475,0.000045,0.017494,0.434831,0.312336,0.200545
AAACAGTGTTCCTGGG-1,0.000015,0.150225,0.237141,0.143352,0.139786,0.329481
AAACATGGTGAGAGGA-1,0.284804,0.000083,0.426766,0.091268,0.196912,0.000167
AAACATTTCCCGGATT-1,0.000044,0.023591,0.222885,0.449945,0.251766,0.051769
AAACCACTACACAGAT-1,0.780073,0.045682,0.000115,0.16724,0.00064,0.006249
AAACCCGAACGAAATC-1,0.058104,0.00004,0.481934,0.236757,0.138735,0.084431
AAACCGGAAATGTTAA-1,0.51284,0.041228,0.179331,0.122898,0.132367,0.011335
AAACCGGGTAGGTACC-1,0.000039,0.000039,0.010192,0.500733,0.155108,0.333889
AAACCGTTCGTCCAGG-1,0.000028,0.021782,0.049001,0.505933,0.146065,0.277191
AAACCTAAGCAGCCGG-1,0.065263,0.079579,0.050888,0.559859,0.139801,0.10461
AAACCTCATGAAGTTG-1,0.057685,0.000044,0.181982,0.595287,0.106332,0.058671
AAACGAAGAACATACC-1,0.000078,0.000078,0.000156,0.819501,0.13185,0.048337
AAACGAAGATGGAGTA-1,0.122098,0.000017,0.844423,0.03341,0.000017,0.000034
AAACGACAGTCTTGCC-1,0.503747,0.043612,0.323275,0.119257,0.009958,0.000152
AAACGAGACGGTTGAT-1,0.046314,0.000055,0.00011,0.675157,0.196685,0.08168
AAACGCCCGAGATCGG-1,0.143391,0.035961,0.101722,0.398211,0.221684,0.099032
AAACGCTGGGCACGAC-1,0.112498,0.010318,0.614338,0.007932,0.253495,0.001418
AAACGGGCGTACGGGT-1,0.005962,0.020769,0.283936,0.393178,0.194315,0.10184
AAACGGGTTGGTATCC-1,0.000021,0.136576,0.005254,0.4715,0.000021,0.386627
AAACGGTTGCGAACTG-1,0.000088,0.202089,0.054071,0.389731,0.056122,0.297899
AAACGTGTTCGCCCTA-1,0.600151,0.024573,0.194054,0.152077,0.000059,0.029085
AAACTAACGTGGCGAC-1,0.315096,0.037791,0.130817,0.206935,0.20036,0.109
AAACTCGGTTCGCAAT-1,0.000223,0.295216,0.075673,0.597169,0.000059,0.03166
AAACTCGTGATATAAG-1,0.331506,0.027043,0.012345,0.178827,0.130757,0.319522
AAACTGCTGGCTCCAA-1,0.046715,0.000036,0.003429,0.876725,0.015588,0.057508
AAACTTAATTGCACGC-1,0.000695,0.030603,0.658865,0.008056,0.261368,0.040413
AAACTTGCAAACGTAT-1,0.063389,0.000034,0.133897,0.181231,0.262588,0.358861
AAAGAATGACCTTAGA-1,0.276159,0.000052,0.493064,0.006986,0.223633,0.000105
AAAGAATGTGGACTAA-1,0.001726,0.000042,0.339404,0.103312,0.555431,0.000085
AAAGACATGAAGTTTA-1,0.22219,0.145986,0.090703,0.148771,0.277897,0.114453
AAAGACCCAAGTCGCG-1,0.016146,0.000166,0.000331,0.98286,0.000166,0.000331
AAAGACTGGGCGCTTT-1,0.05519,0.166813,0.034513,0.314733,0.067807,0.360943
AAAGCTTGCCTACATA-1,0.99086,0.000037,0.000074,0.008919,0.000037,0.000074
AAAGGCCCTATAATAC-1,0.000018,0.041103,0.243162,0.073751,0.262792,0.379173
AAAGGCTACGGACCAT-1,0.000082,0.000082,0.000164,0.842811,0.156697,0.000164
AAAGGCTCTCGCGCCG-1,0.000103,0.000103,0.000206,0.99928,0.000103,0.000206
AAAGGGATGTAGCAAG-1,0.000069,0.181584,0.001349,0.647629,0.042248,0.127121
AAAGGGCAGCTTGAAT-1,0.000037,0.00252,0.000073,0.466041,0.061533,0.469795
AAAGGTAAGCTGTACC-1,0.098493,0.000067,0.278747,0.450086,0.058829,0.113779
AAAGGTCAACGACATG-1,0.17057,0.292829,0.307812,0.083458,0.030133,0.115199
AAAGTAGCATTGCTCA-1,0.00005,0.00005,0.000099,0.602385,0.289941,0.107476
AAAGTCACTGATGTAA-1,0.003828,0.075768,0.000132,0.904615,0.00197,0.013687
AAAGTCGACCCTCAGT-1,0.070333,0.050373,0.031356,0.486318,0.124633,0.236988
AAAGTGCCATCAATTA-1,0.119472,0.084367,0.397892,0.008281,0.183641,0.206347
AAAGTGTGATTTATCT-1,0.034663,0.016181,0.291016,0.24862,0.022671,0.386848
AAAGTTGACTCCCGTA-1,0.005742,0.050981,0.102264,0.244301,0.252589,0.344123
AAATAACCATACGGGA-1,0.049921,0.000061,0.000122,0.474736,0.360438,0.114722
AAATAAGGTAGTGCCC-1,0.380213,0.000159,0.000317,0.261192,0.357802,0.000317
AAATACCTATAAGCAT-1,0.000043,0.030619,0.097106,0.689672,0.059725,0.122834
AAATAGCTTAGACTTT-1,0.064085,0.046731,0.095371,0.268895,0.415257,0.109661
AAATAGGGTGCTATTG-1,0.000036,0.006206,0.13203,0.403182,0.007426,0.451121
AAATCACTCCTAAACG-1,0.661801,0.205995,0.120778,0.000074,0.000025,0.011326
AAATCCGATACACGCC-1,0.000045,0.051564,0.124423,0.376137,0.341181,0.10665
AAATCGCGGAAGGAGT-1,0.129325,0.000022,0.857741,0.002806,0.010064,0.000043
AAATCGTGTACCACAA-1,0.034731,0.000086,0.000173,0.833092,0.000086,0.131831
AAATCTAGCCCTGCTA-1,0.000036,0.133029,0.055513,0.061704,0.290732,0.458986
AAATCTGCCCGCGTCC-1,0.243147,0.042207,0.640567,0.012829,0.054368,0.006882
AAATGACTGATCAAAC-1,0.007203,0.000048,0.319529,0.673075,0.000048,0.000097
AAATGATTCGATCAGC-1,0.329549,0.019968,0.306543,0.10301,0.000053,0.240876
AAATGCTCGTTACGTT-1,0.011346,0.069122,0.008743,0.367175,0.000447,0.543168
AAATGGCATGTCTTGT-1,0.000049,0.034812,0.010118,0.401356,0.07476,0.478905
AAATGGCCCGTGCCCT-1,0.249966,0.016361,0.157408,0.066699,0.03691,0.472656
AAATGGTCAATGTGCC-1,0.031844,0.000116,0.000233,0.967457,0.000116,0.000233
AAATGTATCTTATCCC-1,0.009588,0.145708,0.073014,0.182847,0.409037,0.179807
AAATGTGGGTGCTCCT-1,0.003076,0.359501,0.001911,0.45561,0.000022,0.17988
AAATTAACGGGTAGCT-1,0.129943,0.108088,0.000122,0.622478,0.000061,0.139309
AAATTAATAAGCGCGA-1,0.043905,0.049908,0.244074,0.007774,0.150706,0.503634
AAATTACACGACTCTG-1,0.075628,0.005505,0.000106,0.196192,0.390611,0.331959
AAATTACCTATCGATG-1,0.000043,0.006141,0.011639,0.120034,0.40278,0.459363
AAATTCCAGGTCCAAA-1,0.359039,0.000081,0.000162,0.231327,0.40923,0.000162
AAATTGATAGTCCTTT-1,0.000061,0.000061,0.000122,0.660254,0.330368,0.009134
AAATTGCGGCGGTTCT-1,0.000041,0.082809,0.024895,0.742846,0.051947,0.097462
AAATTGGTGAGAAGCA-1,0.71133,0.1326,0.000076,0.005404,0.000038,0.150551
AAATTTACCGAAATCC-1,0.058069,0.006206,0.000378,0.273105,0.22096,0.441282
AAATTTGCGGGTGTGG-1,0.000046,0.000046,0.000092,0.535105,0.242208,0.222503
AACAACTGGTAGTTGC-1,0.000035,0.014262,0.10458,0.723772,0.000035,0.157315
AACAATACATTGTCGA-1,0.015761,0.000054,0.003599,0.592623,0.278089,0.109875
AACAATTACTCTACGC-1,0.114932,0.004017,0.005928,0.570896,0.019626,0.284601
AACACACGCTCGCCGC-1,0.029591,0.005589,0.180979,0.020355,0.03852,0.724967
AACACGACTGTACTGA-1,0.00136,0.055855,0.067371,0.315975,0.007868,0.551571
AACACGAGACGCGGCC-1,0.025192,0.013153,0.030365,0.355434,0.11938,0.456476
AACACGCGGCCGCGAA-1,0.000021,0.196839,0.03874,0.452198,0.000021,0.312181
AACAGCTGTGTGGCAA-1,0.058805,0.000037,0.014412,0.754392,0.02138,0.150974
AACAGGAAATCGAATA-1,0.000058,0.000058,0.00056,0.628481,0.115865,0.254978
AACAGGATGGGCCGCG-1,0.069455,0.024102,0.114841,0.666801,0.008082,0.116719
AACAGGTAGTATGGAT-1,0.048627,0.000131,0.384742,0.000997,0.553768,0.011735
AACATAGCGTGTATCG-1,0.011195,0.351991,0.32004,0.27186,0.000012,0.044902
AACATATCAACTGGTG-1,0.081333,0.000085,0.00017,0.416464,0.347744,0.154204
AACATCGATACGTCTA-1,0.532971,0.000278,0.000556,0.22895,0.23669,0.000556
AACATTGAAGTTGATC-1,0.000028,0.000028,0.412643,0.232484,0.19516,0.159658
AACATTGGTCAGCCGT-1,0.000031,0.007568,0.000342,0.442925,0.036638,0.512496
AACATTGTGACTCGAG-1,0.028862,0.03255,0.014295,0.901211,0.00029,0.022791
AACCAAGACTTCTCTG-1,0.015714,0.000033,0.054559,0.599966,0.046852,0.282875
AACCAGTATCACTCTT-1,0.05943,0.018405,0.081163,0.166791,0.255261,0.418949
AACCATAGGGTTGAAC-1,0.036504,0.000499,0.860793,0.074049,0.010495,0.017661
AACCATGGGATCGCTA-1,0.000036,0.00556,0.064027,0.592031,0.000036,0.338309
AACCCAGAGACGGAGA-1,0.047132,0.263996,0.002555,0.364869,0.000024,0.321423
AACCCATCCCATGATC-1,0.051452,0.000075,0.117661,0.298366,0.422324,0.110122
AACCCGACAACCCGTG-1,0.000032,0.055727,0.120791,0.755478,0.067365,0.000607
AACCCGAGCAGAATCG-1,0.000038,0.004293,0.389803,0.000114,0.390915,0.214837
AACCCGATAGGGCTTC-1,0.999731,0.00003,0.00006,0.00009,0.00003,0.00006
AACCCGCTGTATTCCA-1,0.110841,0.000043,0.259404,0.629584,0.000043,0.000085
AACCCTACTGTCAATA-1,0.000022,0.086513,0.082987,0.212073,0.020066,0.598338
AACCCTGGTGGAACCA-1,0.001304,0.080466,0.006576,0.042283,0.005803,0.863568
AACCGAGCTTGGTCAT-1,0.000057,0.000057,0.0915,0.908214,0.000057,0.000115
AACCGCTAAGGGATGC-1,0.000044,0.084532,0.001047,0.405734,0.272131,0.236513
AACCGTTGTGTTTGCT-1,0.000096,0.000096,0.000192,0.674496,0.054836,0.270285
AACCTAAAGCCGTCCG-1,0.066613,0.102305,0.239977,0.257113,0.099131,0.234861
AACCTCGCTTTAGCCC-1,0.000044,0.035304,0.156964,0.452525,0.001595,0.353568
AACCTGTCACGGAATT-1,0.765996,0.000114,0.000228,0.098138,0.135297,0.000228
AACCTTTAAATACGGT-1,0.000045,0.086392,0.006748,0.670387,0.094906,0.141521
AACCTTTACGACGTCT-1,0.134291,0.069184,0.069857,0.303889,0.074169,0.34861
AACGAAAGTCGTCCCA-1,0.123135,0.058079,0.594149,0.008308,0.010648,0.20568
AACGACCTCCTAGCCG-1,0.043098,0.000018,0.939006,0.000054,0.017788,0.000036
AACGATAATGCCGTAG-1,0.000036,0.097946,0.020117,0.642175,0.080671,0.159054
AACGATAGAAGGGCCG-1,0.000061,0.035187,0.000123,0.953128,0.000061,0.011439
AACGATATGTCAACTG-1,0.000068,0.000068,0.224569,0.282995,0.213262,0.279038
AACGCATGATCTGGGT-1,0.000032,0.006952,0.260533,0.013625,0.00093,0.717927
AACGCGAACGGCAACA-1,0.000082,0.00563,0.214524,0.646593,0.072454,0.060718
AACGCGACCTTGGGCG-1,0.00004,0.177628,0.040867,0.656577,0.061721,0.063167
AACGCGGTCTCCAGCC-1,0.000089,0.003371,0.000178,0.813297,0.150916,0.03215
AACGCTGTTGCTGAAA-1,0.00004,0.001059,0.00008,0.078951,0.165238,0.754632
AACGGACGTACGTATA-1,0.000059,0.000059,0.03009,0.324554,0.43613,0.209109
AACGGCCATCTCCGGT-1,0.000028,0.034274,0.162904,0.331286,0.009531,0.461977
AACGTACTGTGGGTAC-1,0.022795,0.011207,0.058906,0.664424,0.002734,0.239934
AACGTAGTCTACCCAT-1,0.046216,0.000116,0.000232,0.585769,0.000116,0.367551
AACGTCAGACTAGTGG-1,0.00005,0.008149,0.100284,0.797188,0.00005,0.094278
AACGTCATCCGGCTTG-1,0.000027,0.321705,0.203234,0.468892,0.004677,0.001465
AACGTCGCTGCACTTC-1,0.000028,0.000028,0.568634,0.053857,0.375413,0.002041
AACGTGATGAAGGACA-1,0.010002,0.081948,0.000134,0.223296,0.282304,0.402316
AACGTGCGAAAGTCTC-1,0.00004,0.002276,0.014269,0.311,0.23467,0.437746
AACGTTATCAGCACCT-1,0.016535,0.174317,0.036192,0.059039,0.03226,0.681658
AACGTTCTACCATTGT-1,0.290729,0.000022,0.518716,0.187429,0.003058,0.000045
AACTACCCGTTTGTCA-1,0.115656,0.000073,0.378986,0.102736,0.398343,0.004206
AACTAGCGTATCGCAC-1,0.052601,0.000087,0.000173,0.946879,0.000087,0.000173
AACTAGGCTTGGGTGT-1,0.000131,0.000131,0.000262,0.999085,0.000131,0.000262
AACTCAAGTTAATTGC-1,0.021167,0.038435,0.000066,0.569922,0.031445,0.338964
AACTCCAGAGCGTGTT-1,0.000044,0.022631,0.124879,0.172964,0.130262,0.54922
AACTCCTAATCCCATG-1,0.103754,0.010949,0.067622,0.237711,0.234652,0.345312
AACTCGATAAACACGT-1,0.009838,0.067507,0.06817,0.457087,0.00713,0.390269
AACTCGATGGCGCAGT-1,0.000017,0.100599,0.012366,0.168262,0.000017,0.718739
AACTCTCAATAGAGCG-1,0.015669,0.000034,0.068257,0.252531,0.075965,0.587544
AACTCTCAGTGTGCTC-1,0.000035,0.040042,0.089658,0.679604,0.005974,0.184687
AACTGAGGTCAGCGTC-1,0.361992,0.000095,0.000191,0.144417,0.334526,0.158778
AACTGAGTTATACTGA-1,0.365088,0.084346,0.453969,0.000051,0.000449,0.096097
AACTGATATTAGGCCT-1,0.0001,0.0001,0.11835,0.614715,0.164194,0.102541
AACTGGGTCCCGACGT-1,0.00547,0.029682,0.082996,0.266116,0.00002,0.615716
AACTGGGTTCGAGCCG-1,0.046602,0.121269,0.103456,0.119382,0.180552,0.428739
AACTGGTGTGGGCCTT-1,0.000103,0.098104,0.000206,0.841168,0.000103,0.060315
AACTTCTGCGTCTATC-1,0.000051,0.001671,0.000102,0.66836,0.089876,0.23994
AACTTGCCCGTATGCA-1,0.00003,0.006553,0.086493,0.693792,0.016194,0.196938
AACTTGCGTTCTCGCG-1,0.0235,0.009844,0.022506,0.474018,0.001671,0.468461
AACTTTACGGGAGCTT-1,0.070394,0.00003,0.237529,0.343611,0.02934,0.319096
AACTTTAGCTGCTGAG-1,0.087879,0.086502,0.000117,0.660273,0.000059,0.165171
AACTTTCTCGATCATG-1,0.999275,0.000081,0.000161,0.000242,0.000081,0.000161
AAGAAAGTTTGATGGG-1,0.019787,0.095119,0.394312,0.146801,0.342198,0.001783
AAGAAATCACCAGATT-1,0.984039,0.000058,0.000116,0.000174,0.015498,0.000116
AAGAAGGATCAGTTAG-1,0.000026,0.061058,0.000052,0.328786,0.000026,0.610052
AAGACATACGTGGTTT-1,0.000967,0.036062,0.656629,0.071277,0.190431,0.044635
AAGACCAAATAACTCA-1,0.128956,0.029778,0.631036,0.029419,0.140455,0.040355
AAGACCCAACTGAACA-1,0.000048,0.031817,0.005408,0.962581,0.000048,0.000097
AAGACTAACCCGTTGT-1,0.000045,0.062488,0.000091,0.779871,0.000045,0.157459
AAGACTCACGCCCACT-1,0.073207,0.141648,0.190242,0.141275,0.201968,0.251659
AAGACTGCAAGCTACT-1,0.000053,0.000053,0.000107,0.78751,0.124879,0.087397
AAGAGATGAATCGGTA-1,0.000045,0.000045,0.012635,0.456152,0.296001,0.235121
AAGAGCTCTTTATCGG-1,0.04105,0.039617,0.028036,0.269265,0.000026,0.622007
AAGAGGATGTACGCGA-1,0.000041,0.000041,0.000083,0.600875,0.172216,0.226744
AAGAGGCATGGATCGC-1,0.000017,0.00469,0.019453,0.104063,0.000787,0.870989
AAGAGGCCCTTTGGAA-1,0.015803,0.005875,0.189234,0.012584,0.328431,0.448073
AAGATGGCACCGGACC-1,0.000044,0.052215,0.010089,0.330117,0.250252,0.357285
AAGATTGGCGGAACGT-1,0.0297,0.003186,0.000078,0.080374,0.179436,0.707226
AAGCACCCTGCGTATC-1,0.000046,0.043956,0.043216,0.407342,0.012477,0.492963
AAGCATACTCTCCTGA-1,0.039529,0.035022,0.038676,0.700235,0.070775,0.115763
AAGCCACTTGCAGGTA-1,0.006035,0.150841,0.576126,0.064863,0.12589,0.076245
AAGCCGAAGCGGTTTA-1,0.000079,0.000079,0.000157,0.024009,0.869831,0.105846
AAGCCGCCGTGAAATC-1,0.076778,0.171746,0.125326,0.151756,0.317211,0.157182
AAGCCGCTTTACCTTG-1,0.999688,0.000035,0.000069,0.000104,0.000035,0.000069
AAGCCGGAGAGCAGGA-1,0.164893,0.000055,0.378616,0.158861,0.289044,0.008531
AAGCGCAGGGCTTTGA-1,0.000031,0.270432,0.176417,0.389162,0.004635,0.159323
AAGCGGAGTGCGCGCA-1,0.999641,0.00004,0.00008,0.00012,0.00004,0.00008
AAGCGGCGTCATGGGT-1,0.030398,0.005291,0.055697,0.309624,0.298764,0.300226
AAGCGTCCCTCATCGA-1,0.008654,0.000468,0.006497,0.642704,0.080365,0.261311
AAGCTAGATCGAGTAA-1,0.000019,0.107758,0.049084,0.516702,0.000019,0.326418
AAGCTATGGATTGACC-1,0.037606,0.118297,0.811571,0.000041,0.000014,0.032471
AAGCTCGTGCCAAGTC-1,0.000071,0.000071,0.000142,0.76237,0.225265,0.01208
AAGCTCTTTCATGGTG-1,0.000041,0.004358,0.059307,0.375757,0.026298,0.534239
AAGGAGAACTTATAAG-1,0.000055,0.030737,0.00011,0.859458,0.003309,0.10633
AAGGAGCGGTTGGTGC-1,0.000143,0.000143,0.000286,0.999,0.000143,0.000286
AAGGATCGATCGCTTG-1,0.099235,0.002294,0.091267,0.24372,0.355883,0.207602
AAGGATGAGGGACCTC-1,0.028191,0.11691,0.086654,0.24313,0.162261,0.362855
AAGGCAGGCTGTCTCC-1,0.201349,0.026973,0.381214,0.059475,0.330833,0.000156
AAGGCGCGTAAAGCTT-1,0.006867,0.095761,0.000439,0.842569,0.011092,0.043272
AAGGCTGTGCTCATCG-1,0.000087,0.000087,0.000173,0.967352,0.032128,0.000173
AAGGGAACGACTGGCT-1,0.009587,0.003269,0.193449,0.214233,0.093791,0.48567
AAGGGACAGATTCTGT-1,0.000036,0.000036,0.20777,0.313285,0.05137,0.427504
AAGGGACTATGCATTC-1,0.026725,0.106587,0.16056,0.099114,0.19615,0.410865
AAGGGTTAGCCATGCG-1,0.048126,0.00002,0.732748,0.000061,0.219004,0.000041
AAGGGTTTGATTTCAG-1,0.49246,0.000042,0.47821,0.029161,0.000042,0.000084
AAGGTATCCTAATATA-1,0.000058,0.000058,0.000117,0.367208,0.200817,0.431742
AAGGTGATAAACCAGC-1,0.030971,0.023955,0.155558,0.349893,0.116088,0.323535
AAGTAAGCTTCCAAAC-1,0.070971,0.002138,0.000173,0.561226,0.000086,0.365406
AAGTAGAAGACCGGGT-1,0.000208,0.000208,0.071282,0.75505,0.172836,0.000416
AAGTAGTGACGCGAGG-1,0.000062,0.000062,0.000124,0.751547,0.240804,0.007402
AAGTCAATTGTCGTCA-1,0.032112,0.000064,0.022924,0.297626,0.611453,0.035822
AAGTCTAGTAGCTGCC-1,0.93793,0.000046,0.000092,0.061793,0.000046,0.000092
AAGTCTTCTGTGGCCT-1,0.143706,0.041828,0.157608,0.063041,0.063205,0.530612
AAGTGACGACCGAATT-1,0.000023,0.087085,0.062419,0.258714,0.011162,0.580597
AAGTGAGTCGGGTTTA-1,0.000063,0.004238,0.000125,0.774839,0.143002,0.077733
AAGTGCAAAGGTAGAC-1,0.000042,0.01388,0.027279,0.385214,0.242086,0.3315
AAGTGCCTTGACTGTA-1,0.00004,0.009115,0.077962,0.000121,0.15654,0.756222
AAGTGCGTTAGAATCT-1,0.039231,0.028489,0.004985,0.288225,0.020827,0.618242
AAGTGCTTCTCTATTG-1,0.000023,0.024607,0.12709,0.434148,0.284093,0.130039
AAGTGTTTGGAGACGG-1,0.000074,0.000074,0.000148,0.546411,0.278248,0.175045
AAGTTCACTCCAAGCT-1,0.000039,0.032095,0.145752,0.201336,0.099885,0.520894
AAGTTCAGTCTGCGTA-1,0.067853,0.005238,0.250569,0.302177,0.011512,0.362651
AAGTTCGGCCAACAGG-1,0.000051,0.000051,0.000103,0.728139,0.142572,0.129084
AAGTTGTGATGTTATA-1,0.005708,0.189017,0.389117,0.014145,0.242083,0.159932
AAGTTTACTAATGGCA-1,0.057652,0.00014,0.156802,0.681065,0.00014,0.104202
AAGTTTATGGGCCCAA-1,0.000033,0.346514,0.184355,0.453053,0.000817,0.015228
AATAACAACGCTCGGC-1,0.000051,0.000051,0.081603,0.644856,0.24794,0.0255
AATAACACTAGAACAA-1,0.066745,0.01991,0.023613,0.526644,0.04264,0.320447
AATAACGTCGCGCCCA-1,0.002702,0.078384,0.688939,0.04273,0.063939,0.123305
AATAAGTCCTCGAGAC-1,0.000031,0.009298,0.059463,0.229674,0.08461,0.616925
AATAATCTTCGTATCG-1,0.204856,0.000066,0.304156,0.329263,0.161526,0.000132
AATACAATGTTTCAGG-1,0.083998,0.000053,0.000105,0.670876,0.114228,0.130741
AATACCGGAGGGCTGT-1,0.016654,0.110523,0.09714,0.165308,0.140414,0.46996
AATACCTGATGTGAAC-1,0.038922,0.000021,0.617843,0.33743,0.005743,0.000041
AATAGAACAGAGTGGC-1,0.000068,0.06698,0.000137,0.799211,0.127013,0.00659
AATAGAATCTGTTTCA-1,0.000031,0.010534,0.000062,0.306015,0.085981,0.597376
AATAGCAAGCCTCCTG-1,0.194162,0.174711,0.01379,0.136506,0.343324,0.137507
AATAGCTACCGCGTGC-1,0.249914,0.000154,0.152832,0.541654,0.049858,0.005589
AATAGGCACGACCCTT-1,0.000015,0.014365,0.607865,0.226694,0.039502,0.111559
AATAGTCCGTCCCGAC-1,0.024692,0.000145,0.000291,0.781605,0.131737,0.06153
AATAGTCGCGAGTCGG-1,0.051398,0.00002,0.160096,0.565364,0.00002,0.223101
AATATCAAGGTCGGAT-1,0.000134,0.000134,0.000267,0.963222,0.035976,0.000267
AATATCCTAGCAAACT-1,0.090831,0.000047,0.55361,0.249828,0.104729,0.000955
AATATCGAATCAATGC-1,0.047138,0.00007,0.079856,0.092004,0.582126,0.198805
AATATCGAGGGTTCTC-1,0.020022,0.026707,0.026782,0.252889,0.158692,0.514908
AATATTGGAGTATTGA-1,0.036237,0.00294,0.000111,0.705931,0.217178,0.037604
AATCAGACTGCAGGAC-1,0.000028,0.115847,0.010655,0.57649,0.012772,0.284208
AATCAGGTTTCATTTA-1,0.000015,0.017134,0.192065,0.145994,0.050629,0.594162
AATCATGTAAAGACTC-1,0.000458,0.094273,0.045787,0.13629,0.228721,0.494472
AATCCAAGGGCCTGAG-1,0.019617,0.213798,0.000206,0.641394,0.004058,0.120929
AATCCATGCAAGGGTG-1,0.000028,0.118293,0.000414,0.384383,0.000028,0.496855
AATCCCGCTCAGAGCC-1,0.000022,0.537094,0.139839,0.313216,0.000574,0.009255
AATCGAGGTCTCAAGG-1,0.008487,0.279712,0.401844,0.29492,0.000017,0.01502
AATCGCCTCAGCGCCA-1,0.000068,0.017663,0.000136,0.677288,0.293275,0.01157
AATCGCGCAGAGGACT-1,0.009881,0.001067,0.42933,0.001163,0.188017,0.370541
AATCGGGACACTACGA-1,0.016592,0.000078,0.000155,0.761634,0.000078,0.221463
AATCGGTATAGCCCTC-1,0.000012,0.177181,0.436998,0.002593,0.120001,0.263214
AATCGTGAGCCGAGCA-1,0.00005,0.145497,0.063431,0.494218,0.10435,0.192455
AATCTAGGTTTACTTG-1,0.080458,0.076854,0.051811,0.147379,0.311114,0.332383
AATCTATGCCGGAGCC-1,0.160349,0.016249,0.000274,0.248826,0.532164,0.042138
AATCTCTACTGTGGTT-1,0.040304,0.000046,0.000093,0.542547,0.162793,0.254216
AATCTGCGTTGGGACG-1,0.062787,0.018815,0.01358,0.208311,0.227447,0.469061
AATCTGGCTTTCTAGT-1,0.059881,0.000055,0.116903,0.326032,0.188099,0.309029
AATCTGGGTAGACCCT-1,0.119531,0.181414,0.112005,0.188866,0.326928,0.071256
AATGACAGCAATGTCT-1,0.168985,0.000039,0.000079,0.435393,0.115965,0.279539
AATGACGTAGGATGTC-1,0.022351,0.009159,0.108074,0.249127,0.001506,0.609783
AATGACTGTCAGCCGG-1,0.000162,0.000162,0.000323,0.812336,0.186695,0.000323
AATGAGTTCGCATATG-1,0.000035,0.001056,0.012574,0.423298,0.066825,0.496212
AATGATGATACGCTAT-1,0.000068,0.000068,0.108331,0.688711,0.034641,0.16818
AATGATGCGACTCCTG-1,0.000026,0.000335,0.008329,0.009929,0.035729,0.945652
AATGCAACCGGGTACC-1,0.013385,0.000051,0.000102,0.985358,0.001001,0.000102
AATGCACCAAGCAATG-1,0.088955,0.000093,0.000186,0.199963,0.422419,0.288384
AATGGCCGCCAATGCG-1,0.976212,0.000027,0.000054,0.023627,0.000027,0.000054
AATGGTCCACCGTTCA-1,0.142174,0.009178,0.109888,0.37707,0.030289,0.331401
AATGGTTCTCACAAGC-1,0.000052,0.246699,0.076474,0.583571,0.025618,0.067587
AATGTATGGCACTGTA-1,0.041729,0.25206,0.524065,0.000031,0.000387,0.181728
AATGTGCCCGAGGTGT-1,0.040568,0.000031,0.095468,0.434978,0.000031,0.428925
AATGTGCTAATCTGAG-1,0.005221,0.004777,0.237833,0.141513,0.153154,0.457502
AATGTTAAGACCCTGA-1,0.000362,0.380497,0.381953,0.2302,0.002223,0.004765
AATGTTGTCGTGAGAC-1,0.005522,0.098563,0.411578,0.000166,0.484059,0.000111
AATTAAAGGTCGGCGT-1,0.000088,0.039739,0.000175,0.933051,0.00843,0.018517
AATTAACGGATTTCCA-1,0.000061,0.252527,0.014483,0.622319,0.045642,0.064968
AATTACGAGACCCATC-1,0.217842,0.012618,0.687664,0.000603,0.070474,0.010799
AATTACTCGTACGCTC-1,0.024371,0.006258,0.033644,0.397281,0.16898,0.369466
AATTAGCGCTGCAGCG-1,0.01766,0.00007,0.000139,0.981922,0.00007,0.000139
AATTATACCCAGCAAG-1,0.000035,0.171055,0.241936,0.169893,0.416803,0.000278
AATTCATAAGGGATCT-1,0.000057,0.000057,0.012539,0.319602,0.132468,0.535277
AATTCATTGTCATGCA-1,0.024195,0.019067,0.734858,0.122815,0.088966,0.0101
AATTCCAACTTGGTGA-1,0.014458,0.01365,0.000052,0.439464,0.012385,0.51999
AATTCCAAGCATGTAC-1,0.0547,0.119355,0.110099,0.715476,0.000123,0.000247
AATTCGATTCGAGGAT-1,0.012871,0.006768,0.363528,0.568024,0.013128,0.035681
AATTCTAGAGTTAGGC-1,0.077702,0.000094,0.000188,0.921735,0.000094,0.000188
AATTGAACGCTCTGGT-1,0.000025,0.012955,0.064148,0.31093,0.000378,0.611564
AATTGCAGCAATCGAC-1,0.00004,0.02469,0.115876,0.176648,0.477771,0.204974
AATTGCGTGGATTACA-1,0.03223,0.037491,0.871982,0.000496,0.000455,0.057347
AATTGTGGTTGCCAAA-1,0.034936,0.000038,0.369184,0.016701,0.573094,0.006047
AATTTGGGACATAGTA-1,0.000041,0.004202,0.002639,0.133052,0.067568,0.792498
AATTTGGTTCCAAAGA-1,0.031896,0.000106,0.00233,0.826698,0.029122,0.109847
ACAAACCATGCGTCCT-1,0.281092,0.012349,0.079589,0.083715,0.535288,0.007967
ACAAACCGACAAGGCG-1,0.00927,0.090534,0.213152,0.100332,0.033508,0.553204
ACAAACTCCATCAGAG-1,0.000016,0.119137,0.462928,0.114606,0.129664,0.173649
ACAAAGAAGGTAGGCC-1,0.02627,0.134633,0.285629,0.002112,0.05384,0.497516
ACAAAGCATGACCTAG-1,0.00002,0.178431,0.128672,0.042484,0.113494,0.5369
ACAAATCGCACCGAAT-1,0.010944,0.00058,0.000107,0.592734,0.385156,0.010479
ACAAATGGTAGTGTTT-1,0.00005,0.000407,0.0001,0.487489,0.362875,0.149078
ACAAATTCAGATCTGA-1,0.082346,0.028237,0.091659,0.172476,0.157411,0.467872
ACAACAGCATGAGCTA-1,0.053638,0.089194,0.081925,0.503983,0.000046,0.271215
ACAACGGTCCCTGCGA-1,0.000052,0.000052,0.020924,0.905376,0.013522,0.060074
ACAAGCAGTGCCTAGC-1,0.000034,0.000034,0.000069,0.576257,0.150213,0.273392
ACAAGCTATATGGAAG-1,0.016962,0.085275,0.312979,0.082208,0.119986,0.382589
ACAAGGAAATCCGCCC-1,0.000028,0.028567,0.000239,0.480831,0.04912,0.441214
ACAAGGACAAGAGGTT-1,0.000037,0.006534,0.117571,0.764899,0.054567,0.056392
ACAAGGATGCTTTAGG-1,0.000068,0.095803,0.103041,0.403939,0.200508,0.196641
ACAAGGCCTACCAGCC-1,0.060042,0.054442,0.189727,0.16386,0.425438,0.106492
ACAAGGGCAGGCTCTG-1,0.000037,0.065554,0.000075,0.364826,0.157844,0.411665
ACAAGTAATTGTAAGG-1,0.089121,0.082994,0.48065,0.010986,0.1005,0.235748
ACAATAGTCGTACGTT-1,0.087745,0.076955,0.01712,0.357848,0.006515,0.453817
ACAATCCATTTAAACC-1,0.00003,0.038233,0.03326,0.487379,0.144992,0.296106
ACAATCGATCTTTATA-1,0.000046,0.140451,0.004406,0.521894,0.000046,0.333158
ACAATGAATACGGAGA-1,0.170772,0.000057,0.000114,0.464255,0.260205,0.104596
ACAATGATTCTTCTAC-1,0.227978,0.089503,0.263012,0.02221,0.017933,0.379365
ACAATTGTGTCTCTTT-1,0.011033,0.06618,0.129935,0.284187,0.165829,0.342836
ACAATTTAGGAGGCTC-1,0.024351,0.074726,0.035908,0.132127,0.01237,0.720518
ACAATTTGAGCAGTGG-1,0.00003,0.00286,0.206272,0.600347,0.00003,0.190461
ACAATTTGGCCATATT-1,0.597463,0.000157,0.000314,0.245071,0.15668,0.000314
ACACAAAGACGGGTGG-1,0.034257,0.00008,0.00016,0.965264,0.00008,0.00016
ACACAAATATTCCTAG-1,0.999499,0.000056,0.000111,0.000167,0.000056,0.000111
ACACACCAGGACCAGT-1,0.00003,0.00003,0.11781,0.040187,0.108767,0.733177
ACACACTTTCTACACG-1,0.067417,0.033076,0.123758,0.304788,0.00003,0.470931
ACACATGATCAAATCT-1,0.10352,0.003632,0.038408,0.244891,0.449355,0.160194
ACACATTGACGCAACA-1,0.066093,0.000022,0.000257,0.635073,0.103918,0.194637
ACACATTTCCGTAGAC-1,0.149506,0.000057,0.113452,0.736816,0.000057,0.000113
ACACCACATAATTAGC-1,0.373963,0.22153,0.297107,0.000544,0.072042,0.034814
ACACCCAGCATGCAGC-1,0.005691,0.00017,0.284001,0.709627,0.00017,0.00034
ACACCCGAGAAATCCG-1,0.005242,0.050515,0.0417,0.730676,0.000045,0.171823
ACACCCGTAAATCTGT-1,0.956474,0.000023,0.000047,0.043386,0.000023,0.000047
ACACCGAGCGCTCTTT-1,0.08091,0.157005,0.014681,0.296187,0.124274,0.326944
ACACCGGTCTGACCGC-1,0.053366,0.031594,0.325669,0.001468,0.191202,0.3967
ACACCTTAAGTAGGGC-1,0.000552,0.075804,0.056119,0.800194,0.004881,0.06245
ACACCTTACTACTTGC-1,0.00004,0.014778,0.538165,0.014795,0.052399,0.379823
ACACGAGACTCCTTCT-1,0.000067,0.000067,0.000134,0.87319,0.126407,0.000134
ACACGGCACTATGCAT-1,0.050002,0.03003,0.009579,0.619029,0.044632,0.246727
ACACGGGAACTTAGGG-1,0.000058,0.000058,0.063766,0.562528,0.122618,0.250972
ACACGTAGGCCACAAG-1,0.060408,0.000037,0.441936,0.209573,0.131418,0.156628
ACACTCCAATGTCACT-1,0.000028,0.007729,0.015873,0.233027,0.004511,0.738833
ACACTGATCAAGGTGT-1,0.000049,0.037229,0.030433,0.804737,0.034764,0.092788
ACACTGGGACAGTCGT-1,0.153374,0.001247,0.303493,0.164635,0.337157,0.040095
ACAGAACTGAGAACAA-1,0.010016,0.000017,0.192045,0.003499,0.057399,0.737024
ACAGATTAGGTTAGTG-1,0.023118,0.033733,0.000102,0.67169,0.000051,0.271305
ACAGCATAGAGCCAGT-1,0.000031,0.139486,0.000063,0.45072,0.000031,0.409668
ACAGCGACATTCTCAT-1,0.000038,0.102554,0.138464,0.203998,0.226164,0.328782
ACAGCGCACCCGCAGC-1,0.000059,0.016825,0.026788,0.376378,0.291455,0.288494
ACAGGAGGCGCAGCCG-1,0.001392,0.020716,0.03512,0.547174,0.190757,0.204841
ACAGGCACGGATCCTT-1,0.00003,0.421727,0.095194,0.07959,0.097539,0.30592
ACAGGCTTGCCCGACT-1,0.000063,0.000063,0.004855,0.43004,0.542744,0.022234
ACAGGTGGAGGTGAGG-1,0.000052,0.006297,0.020304,0.393573,0.264719,0.315055
ACAGGTGTGTTGTTGC-1,0.045695,0.02175,0.321985,0.053523,0.028888,0.528159
ACAGTAATACAACTTG-1,0.004909,0.017296,0.157565,0.029786,0.036694,0.75375
ACAGTATACCGTGGGA-1,0.848469,0.000076,0.000152,0.062561,0.088589,0.000152
ACAGTGCAGCGCATTT-1,0.112397,0.330233,0.289151,0.098742,0.031488,0.137989
ACATAAGTCGTGGTGA-1,0.031959,0.000633,0.875686,0.047524,0.04219,0.002009
ACATAATAAGGCGGTG-1,0.000098,0.000098,0.000197,0.666633,0.283655,0.049318
ACATACAATCAAGCGG-1,0.000013,0.289337,0.284477,0.067896,0.011088,0.347188
ACATCAGCTGGGACGC-1,0.087916,0.002552,0.030293,0.54757,0.12117,0.210499
ACATCCCGGCCATACG-1,0.000167,0.000167,0.000334,0.781153,0.217845,0.000334
ACATCCTGGTAACTGT-1,0.007298,0.000068,0.014405,0.360074,0.445339,0.172814
ACATCGATCGTTTACC-1,0.02884,0.000084,0.047325,0.88733,0.030344,0.006077
ACATCGCAATATTCGG-1,0.109337,0.216023,0.291534,0.150629,0.178892,0.053585
ACATCGGTCAGCCGCG-1,0.000059,0.000059,0.000118,0.877669,0.108933,0.013162
ACATCGTATGCAATGG-1,0.004773,0.000053,0.006012,0.734258,0.071457,0.183446
ACATCGTTAACCTAGT-1,0.019883,0.002225,0.000152,0.411511,0.129626,0.436602
ACATCTCAACGCGTAA-1,0.053075,0.086488,0.018243,0.178439,0.012965,0.650791
ACATGCTTACGGCAGC-1,0.128765,0.048325,0.466657,0.000022,0.002257,0.353974
ACATGGCGCCAAAGTA-1,0.000017,0.000514,0.208824,0.002423,0.006796,0.781426
ACATGGCTCAATTTAG-1,0.000025,0.042126,0.005735,0.440283,0.012628,0.499203
ACATTAGTTTATATCC-1,0.093314,0.0001,0.0002,0.906086,0.0001,0.0002
ACATTCGCGCGGAATA-1,0.054528,0.055412,0.707314,0.044299,0.109581,0.028865
ACATTTGAAACCTAAC-1,0.00002,0.232833,0.231595,0.175121,0.178315,0.182116
ACCAAACACCCAGCGA-1,0.721919,0.050973,0.00025,0.000376,0.000125,0.226357
ACCAAACTAGAAATCC-1,0.000029,0.11243,0.109929,0.326338,0.000029,0.451244
ACCAACACCACACACT-1,0.287791,0.086364,0.081838,0.146672,0.173405,0.223931
ACCAACCGCACTCCAC-1,0.007379,0.105446,0.26119,0.084063,0.035047,0.506875
ACCAACGCTTATTTAT-1,0.000049,0.116551,0.008808,0.861549,0.00598,0.007063
ACCAAGAACGCGTGTC-1,0.007827,0.00013,0.088863,0.751088,0.151833,0.000259
ACCAAGTCATCGGCAG-1,0.000051,0.000051,0.228837,0.460488,0.31047,0.000102
ACCAATATGCAAGTTA-1,0.000064,0.000064,0.000129,0.416631,0.358395,0.224717
ACCACAACTCAGAACA-1,0.000046,0.028156,0.000091,0.457228,0.166665,0.347815
ACCACAAGTTTCTATC-1,0.186467,0.014201,0.031639,0.634995,0.000071,0.132628
ACCACACGGTTGATGG-1,0.014356,0.272744,0.306279,0.403889,0.00002,0.002713
ACCACCAATGTAACAA-1,0.000068,0.000068,0.000136,0.083935,0.528504,0.387289
ACCACCCTCTCTTCTA-1,0.999524,0.000053,0.000106,0.000159,0.000053,0.000106
ACCACGTGCAGCTATA-1,0.00002,0.015581,0.03645,0.259918,0.00002,0.688012
ACCACTGTTCAAGAAG-1,0.034695,0.002633,0.000044,0.424009,0.167275,0.371343
ACCAGACCATAACAAC-1,0.080728,0.06037,0.167265,0.120672,0.440662,0.130303
ACCAGCCCGGTCTTTG-1,0.067508,0.247139,0.000149,0.53679,0.088563,0.059851
ACCAGGAGTGTGATCT-1,0.00006,0.055966,0.000121,0.752612,0.00006,0.191181
ACCAGTGCCCGGTCAA-1,0.000042,0.103635,0.013799,0.159298,0.096919,0.626308
ACCAGTGCGGGAGACG-1,0.000102,0.000102,0.20174,0.070144,0.401558,0.326354
ACCATATCCGCAATAA-1,0.02914,0.000094,0.067059,0.903424,0.000094,0.000189
ACCATCCGCCAACTAG-1,0.100704,0.018142,0.029704,0.102858,0.317777,0.430815
ACCATCGTATATGGTA-1,0.000039,0.004271,0.067666,0.674787,0.028489,0.224747
ACCATTAAGGGTGTCA-1,0.03353,0.082121,0.15049,0.385178,0.008482,0.3402
ACCCAACGCCCGTGGC-1,0.064446,0.000051,0.000101,0.57393,0.337582,0.023891
ACCCACCTACATGCTC-1,0.000041,0.00327,0.133946,0.669481,0.020882,0.17238
ACCCATCTTGAGGGTA-1,0.000024,0.016334,0.045309,0.547677,0.000433,0.390223
ACCCATTTGTCCCTCT-1,0.001027,0.057673,0.101492,0.294665,0.518745,0.026397
ACCCGAGCGAAATTAC-1,0.04478,0.123049,0.035682,0.238215,0.128028,0.430246
ACCCGATTGGTTCCGA-1,0.033804,0.051309,0.102408,0.015382,0.009826,0.787271
ACCCGGAAACTCCCAG-1,0.000051,0.079924,0.12487,0.782011,0.000051,0.013093
ACCCGGAGCACCACAA-1,0.148,0.000061,0.209398,0.037124,0.605297,0.000121
ACCCGGATGACGCATC-1,0.000071,0.007768,0.11492,0.122066,0.484299,0.270876
ACCCGGTTACACTTCC-1,0.000025,0.185807,0.02573,0.585606,0.000025,0.202808
ACCCGTAGCAGAGAAT-1,0.037261,0.066427,0.810296,0.043721,0.027054,0.015241
ACCCGTAGTCTAGTTG-1,0.061529,0.00004,0.647199,0.101637,0.189515,0.00008
ACCCGTGTCATCAGTA-1,0.000073,0.133088,0.000146,0.810253,0.000073,0.056366
ACCCTATAGGACTGAG-1,0.000079,0.000079,0.000159,0.718046,0.178157,0.10348
ACCCTATGCCATATCG-1,0.00004,0.00004,0.008989,0.331836,0.037346,0.62175
ACCCTCCCGTCAGGGC-1,0.009348,0.008443,0.496735,0.106908,0.000021,0.378545
ACCCTCCCTTGCTATT-1,0.069447,0.000093,0.183627,0.507279,0.239368,0.000186
ACCCTGGTAACGCCCT-1,0.303871,0.210861,0.224453,0.023507,0.000096,0.237211
ACCCTTCATCTGCGAA-1,0.002963,0.139146,0.008911,0.309705,0.019302,0.519973
ACCCTTGCCTGGGTCG-1,0.99958,0.000047,0.000093,0.00014,0.000047,0.000093
ACCCTTTAGTTCTCCA-1,0.002473,0.105224,0.020093,0.293736,0.278609,0.299866
ACCGAAAGGGCCCTGC-1,0.000025,0.220704,0.015916,0.534794,0.000025,0.228536
ACCGAAGAGTCTGGTT-1,0.000524,0.018563,0.214863,0.102592,0.263109,0.400348
ACCGACACATCTCCCA-1,0.000025,0.201109,0.131966,0.568919,0.000025,0.097956
ACCGACTGAGTCCCAC-1,0.000036,0.044815,0.000072,0.464812,0.078362,0.411903
ACCGAGTCTCCTTATT-1,0.030832,0.115843,0.399082,0.441092,0.004008,0.009143
ACCGATAGGCATAACC-1,0.096999,0.000069,0.344543,0.001056,0.553091,0.004242
ACCGATATTTAATCAT-1,0.039444,0.005666,0.850966,0.078992,0.006521,0.018411
ACCGATGGTAGCATCG-1,0.000041,0.084936,0.003614,0.275792,0.213944,0.421673
ACCGCAATAACTGCCT-1,0.003012,0.01626,0.077149,0.223047,0.036521,0.644012
ACCGCGGTGGAAGTCG-1,0.026968,0.000069,0.000137,0.312183,0.589146,0.071496
ACCGCTAGTCATTGGT-1,0.012636,0.008219,0.700369,0.002221,0.001307,0.275247
ACCGGGCCTTTGTTGA-1,0.000038,0.077731,0.134005,0.149447,0.125823,0.512956
ACCGGTCAGGTACACC-1,0.194574,0.009954,0.041401,0.238758,0.304196,0.211117
ACCGGTCTGAGTACGG-1,0.020444,0.077981,0.332038,0.130586,0.080049,0.358902
ACCGTCCACTGGGCCC-1,0.196601,0.055559,0.652912,0.001132,0.022588,0.071208
ACCGTGACCACGTGGG-1,0.000053,0.01359,0.005553,0.647219,0.320278,0.013308
ACCGTTCCCGCTCTGA-1,0.024895,0.103651,0.054712,0.290312,0.000043,0.526386
ACCTAAGTACCTTTCA-1,0.000039,0.028677,0.169335,0.325241,0.213408,0.2633
ACCTAATCGACTTCCT-1,0.00004,0.004042,0.113368,0.468492,0.05451,0.359547
ACCTACAGTATGTGGT-1,0.062248,0.067842,0.212609,0.02333,0.02607,0.607902
ACCTACTATAAATCTA-1,0.220979,0.114953,0.000109,0.558552,0.000055,0.105352
ACCTCAGCGAGGCGCA-1,0.005222,0.006503,0.526012,0.423315,0.038069,0.000879
ACCTCCGCCCTCGCTG-1,0.000035,0.038915,0.382216,0.097034,0.030298,0.451501
ACCTCCGTTATTCACC-1,0.056704,0.02515,0.175355,0.302683,0.284736,0.155371
ACCTCGAACTTATGCT-1,0.007505,0.010673,0.384122,0.090449,0.330117,0.177134
ACCTGCGTGTCATGTT-1,0.007846,0.000056,0.000543,0.265074,0.447523,0.278957
ACCTTTCCTTTAGAAG-1,0.000028,0.268541,0.074404,0.366865,0.019788,0.270373
ACGAAATGGGCGGCAC-1,0.000019,0.00459,0.034266,0.304313,0.026708,0.630104
ACGACCCATGAGTTGC-1,0.364839,0.000057,0.242133,0.117164,0.220337,0.055471
ACGACTCTAGGGCCGA-1,0.000076,0.031123,0.288471,0.397996,0.254418,0.027916
ACGACTGGTCATACTC-1,0.030448,0.067293,0.14811,0.068654,0.070473,0.615022
ACGAGAACCCATCACG-1,0.000024,0.204776,0.014168,0.562207,0.000024,0.218802
ACGAGATATTTGCTTA-1,0.034543,0.082815,0.000088,0.112626,0.030668,0.73926
ACGAGGATACCACTCT-1,0.032316,0.000052,0.089629,0.41779,0.225588,0.234625
ACGAGGTTTACAACGT-1,0.0997,0.039616,0.00894,0.211198,0.486579,0.153968
ACGAGTACGGATGCCC-1,0.000039,0.051886,0.076978,0.039503,0.070369,0.761225
ACGAGTCGCCGGCGTT-1,0.00939,0.013664,0.038873,0.298719,0.026958,0.612395
ACGATACATAGAACTA-1,0.00004,0.00004,0.169948,0.048295,0.140602,0.641076
ACGATACCTATCCTGA-1,0.227168,0.002229,0.011989,0.09897,0.637779,0.021866
ACGATCATACATAGAG-1,0.258497,0.149831,0.043616,0.539606,0.000093,0.008357
ACGATCATCTTGTAAA-1,0.000037,0.050579,0.000075,0.02113,0.207603,0.720576
ACGATGCATATGTTAT-1,0.005121,0.030227,0.082986,0.801461,0.002341,0.077864
ACGATGGATCCGATGC-1,0.065892,0.000057,0.000114,0.541128,0.054667,0.338143
ACGCAAACTAATAGAT-1,0.000045,0.064441,0.006884,0.738358,0.169951,0.020321
ACGCAATCACTACAGC-1,0.184658,0.01287,0.198727,0.182237,0.087068,0.33444
ACGCATAAATGACATG-1,0.205073,0.099233,0.322838,0.136529,0.010112,0.226214
ACGCATACGTTTACTA-1,0.008661,0.276363,0.042668,0.2491,0.146309,0.2769
ACGCATTCGTGAGTAC-1,0.000043,0.006533,0.000086,0.855878,0.000043,0.137418
ACGCCACTCGAAACAG-1,0.000018,0.014595,0.554307,0.431025,0.000018,0.000036
ACGCCAGATGATTTCT-1,0.033585,0.018908,0.103988,0.36627,0.000042,0.477207
ACGCCAGTGCGTTTGC-1,0.000018,0.015524,0.353826,0.029428,0.185769,0.415435
ACGCCCAGCTGTCGAT-1,0.031256,0.041751,0.05124,0.361291,0.000037,0.514426
ACGCCGCTAGACGACC-1,0.000035,0.039956,0.00007,0.662014,0.013116,0.28481
ACGCCTGACACGCGCT-1,0.000017,0.134453,0.047517,0.388732,0.028089,0.401192
ACGCGAAGTCAGACGA-1,0.175893,0.000112,0.000224,0.697847,0.000112,0.125813
ACGCGCTACACAGGGT-1,0.000059,0.000047,0.002915,0.606502,0.199034,0.191443
ACGCGGGCCAAGGACA-1,0.000035,0.072313,0.000761,0.802993,0.000035,0.123864
ACGCGTTTCTTAAGAG-1,0.009531,0.00003,0.030897,0.197095,0.246142,0.516304
ACGCTACTGAATGGGC-1,0.000017,0.008868,0.727131,0.000052,0.199358,0.064574
ACGCTAGTATCAGTGC-1,0.938476,0.000022,0.000044,0.000067,0.000022,0.061368
ACGCTAGTGATACACT-1,0.020343,0.000117,0.000234,0.513003,0.466069,0.000234
ACGCTGTGAGGCGTAG-1,0.013708,0.004899,0.381287,0.010376,0.011088,0.578641
ACGCTTAGTGTCTCTC-1,0.019558,0.026231,0.011735,0.329568,0.144415,0.468494
ACGGAACACGAGTGCC-1,0.000014,0.126357,0.405426,0.03457,0.054765,0.378869
ACGGAATTTAGCAAAT-1,0.000035,0.040278,0.000069,0.506822,0.001952,0.450844
ACGGACGCAGCGACAA-1,0.001562,0.010336,0.541896,0.011276,0.198447,0.236481
ACGGACTCTCAAAGCG-1,0.000055,0.034731,0.146943,0.571188,0.013344,0.233739
ACGGAGCGCAAATTAC-1,0.23014,0.000094,0.000188,0.200416,0.376575,0.192586
ACGGATGGTGCGGATA-1,0.000048,0.196699,0.008531,0.206866,0.034175,0.553682
ACGGCACTTGCTTGGG-1,0.017538,0.000143,0.000286,0.981604,0.000143,0.000286
ACGGCCAACATGGACT-1,0.128993,0.000124,0.034353,0.824486,0.000059,0.011985
ACGGCGACGATGGGAA-1,0.000036,0.000036,0.000071,0.368095,0.124561,0.507201
ACGGCGGGTTGCCCTG-1,0.000019,0.173565,0.004756,0.463761,0.000019,0.35788
ACGGCTGGATGTAGAA-1,0.001469,0.091605,0.346515,0.002833,0.223026,0.334551
ACGGGAGTGTCGGCCC-1,0.000037,0.030353,0.002563,0.485409,0.158254,0.323385
ACGGGCGTATGCGACA-1,0.912352,0.000041,0.000082,0.087402,0.000041,0.000082
ACGGGTCATGTGACTT-1,0.050658,0.014057,0.024385,0.425919,0.002609,0.482371
ACGGGTTGTGACCTGT-1,0.201283,0.02584,0.470516,0.153347,0.148954,0.00006
ACGGTACAGTTCAATG-1,0.00002,0.268416,0.233229,0.068745,0.004665,0.424926
ACGGTCACCGAGAACA-1,0.08005,0.097578,0.487845,0.031694,0.033253,0.269579
ACGTACAGATTTCTCT-1,0.000048,0.003053,0.069462,0.444042,0.03033,0.453066
ACGTACTTTGGCACGG-1,0.00001,0.00496,0.097739,0.003603,0.019356,0.874331
ACGTAGATTGCTGATG-1,0.000078,0.000078,0.000157,0.796801,0.108237,0.094648
ACGTAGGAGAGTCGCT-1,0.019177,0.307646,0.118286,0.534897,0.00005,0.019945
ACGTATTACTCCGATC-1,0.000048,0.006602,0.000095,0.000143,0.251018,0.742094
ACGTCCTAAACGAGAT-1,0.141393,0.000098,0.531696,0.326519,0.000098,0.000196
ACGTCGGGCAACTCGG-1,0.320338,0.024101,0.569507,0.044877,0.027028,0.014151
ACGTCTCGTTCCGGGA-1,0.016775,0.001825,0.400135,0.004727,0.016909,0.55963
ACGTGACAAAGTAAGT-1,0.000018,0.112721,0.313545,0.009468,0.179047,0.385201
ACGTGCGCCTCGTGCA-1,0.000071,0.148611,0.000142,0.467489,0.123749,0.259938
ACGTGGTCGAATGTGC-1,0.051969,0.008369,0.274126,0.321778,0.030514,0.313243
ACGTTAATGTCGAAGA-1,0.000052,0.004473,0.000103,0.779169,0.102559,0.113643
ACGTTAGATTTGCCCG-1,0.047809,0.000039,0.024354,0.691269,0.002219,0.23431
ACGTTATTGGTCACTC-1,0.020478,0.009381,0.065902,0.087007,0.00002,0.817211
ACGTTCACTATGCCGC-1,0.111685,0.206915,0.339809,0.125673,0.182799,0.03312
ACGTTCCGCGCTCCGT-1,0.012305,0.085665,0.102256,0.774964,0.000036,0.024774
ACGTTCGCAATCAATT-1,0.058304,0.12017,0.093292,0.309168,0.060901,0.358165
ACGTTCGTTCAGGAAA-1,0.003698,0.000046,0.000092,0.526117,0.169942,0.300103
ACGTTCTGTACAAGTC-1,0.007047,0.325701,0.088929,0.17755,0.068643,0.332129
ACGTTGTCGTTGAAAG-1,0.000458,0.294143,0.326987,0.143792,0.154497,0.080123
ACGTTTAGTTGTGATC-1,0.000117,0.000117,0.000233,0.944426,0.045255,0.009853
ACGTTTCGGTGCACTT-1,0.006518,0.000415,0.963175,0.011522,0.013774,0.004595
ACTAAGGACGCACACC-1,0.999781,0.000024,0.000049,0.000073,0.000024,0.000049
ACTAATACGTCAGGCG-1,0.055253,0.000066,0.000131,0.267821,0.321914,0.354816
ACTACAAAGAGAGGTG-1,0.00002,0.227529,0.219178,0.446485,0.007137,0.099652
ACTACATCCCGACAAG-1,0.020564,0.030934,0.155072,0.260933,0.507012,0.025486
ACTACCAGCTCTCTGG-1,0.000038,0.104506,0.01393,0.675363,0.000038,0.206124
ACTACCATCCGAGGGC-1,0.112167,0.145141,0.382489,0.263007,0.071405,0.025791
ACTACGCGTTAGAATT-1,0.000113,0.000113,0.024104,0.975334,0.000113,0.000225
ACTAGTTGCGATCGTC-1,0.082353,0.000061,0.114687,0.306116,0.345799,0.150984
ACTATATGCTGTGTTC-1,0.276723,0.010842,0.000165,0.191729,0.237585,0.282957
ACTATCCAGGGCATGG-1,0.030445,0.007408,0.210985,0.084105,0.213875,0.453182
ACTATCGCCGGCTAAA-1,0.029476,0.153349,0.113556,0.10542,0.051163,0.547036
ACTATCTGCCCGCGTA-1,0.095199,0.014155,0.193887,0.242237,0.375263,0.07926
ACTATGTCCAGCTGCC-1,0.031303,0.040985,0.044971,0.262786,0.186555,0.4334
ACTATTCGTCCGTGGT-1,0.000045,0.000045,0.025254,0.290677,0.052657,0.63132
ACTATTTCCGGGCCCA-1,0.000065,0.000065,0.000129,0.622501,0.354849,0.022392
ACTCAACGAATGTATT-1,0.011002,0.120563,0.019994,0.715223,0.010338,0.12288
ACTCAAGTGCAAGGCT-1,0.00006,0.00006,0.104007,0.533654,0.127776,0.234444
ACTCAATAAAGGCACG-1,0.000078,0.000078,0.000157,0.762503,0.226573,0.010611
ACTCAGACCTGCTTCT-1,0.076199,0.000139,0.000279,0.922965,0.000139,0.000279
ACTCATGGCAGCCTTC-1,0.123567,0.066256,0.306039,0.287243,0.198535,0.018359
