Barcode,Topic 1,Topic 2,Topic 3,Topic 4,Topic 5,Topic 6,Topic 7,Topic 8,Topic 9,Topic 10,Topic 11
AAACAAGTATCTCCCA-1,0.129632,0.01509,0.064797,0.091946,0.039356,0.280387,0.141031,0.072357,0.012827,0.057734,0.094844
AAACACCAATAACTGC-1,0.013866,0.107886,0.090304,0.300207,0.011603,0.071977,0.10925,0.031679,0.05005,0.045668,0.167511
AAACAGAGCGACTCCT-1,0.00003,0.083732,0.273382,0.002605,0.006549,0.060741,0.00003,0.00003,0.089422,0.00003,0.483448
AAACAGCTTTCAGAAG-1,0.116936,0.577118,0.110396,0.000053,0.000054,0.000053,0.000053,0.000053,0.000053,0.19518,0.000053
AAACAGGGTCTATATT-1,0.000041,0.303855,0.345619,0.310473,0.000041,0.000041,0.000358,0.000041,0.000041,0.000041,0.039448
AAACAGTGTTCCTGGG-1,0.029951,0.022113,0.003523,0.535521,0.000646,0.135083,0.06166,0.192428,0.00582,0.009845,0.00341
AAACATGGTGAGAGGA-1,0.139159,0.503094,0.160862,0.000017,0.024419,0.033277,0.000017,0.011344,0.003608,0.06761,0.056593
AAACATTTCCCGGATT-1,0.455961,0.323161,0.054493,0.058626,0.093436,0.000042,0.014112,0.000042,0.000042,0.000042,0.000042
AAACCACTACACAGAT-1,0.05273,0.358126,0.167906,0.32958,0.002679,0.015145,0.009213,0.008388,0.000046,0.001,0.055187
AAACCCGAACGAAATC-1,0.000011,0.00095,0.025267,0.066098,0.067975,0.059241,0.248713,0.031282,0.345634,0.12554,0.029289
AAACCGGAAATGTTAA-1,0.007134,0.00606,0.046967,0.222709,0.146426,0.475613,0.00032,0.000026,0.092047,0.000026,0.002671
AAACCGGGTAGGTACC-1,0.051829,0.000015,0.190712,0.007895,0.008914,0.001439,0.00139,0.001577,0.059726,0.541174,0.135329
AAACCGTTCGTCCAGG-1,0.087844,0.204771,0.101342,0.161738,0.006737,0.011305,0.323722,0.02535,0.003604,0.051658,0.021929
AAACCTAAGCAGCCGG-1,0.597921,0.052783,0.052663,0.134734,0.1197,0.000029,0.024744,0.006524,0.001132,0.007943,0.001827
AAACCTCATGAAGTTG-1,0.000073,0.999267,0.000073,0.000073,0.000073,0.000073,0.000073,0.000073,0.000073,0.000073,0.000073
AAACGAAGAACATACC-1,0.01911,0.051028,0.072291,0.064812,0.094914,0.02243,0.03401,0.039586,0.031962,0.551017,0.01884
AAACGAAGATGGAGTA-1,0.021115,0.904415,0.000047,0.000047,0.031655,0.042487,0.000047,0.000047,0.000047,0.000047,0.000047
AAACGACAGTCTTGCC-1,0.071044,0.089878,0.025792,0.207885,0.002884,0.207,0.0162,0.006853,0.15668,0.180824,0.034959
AAACGAGACGGTTGAT-1,0.015341,0.116239,0.163753,0.41695,0.019384,0.000033,0.095811,0.006354,0.045033,0.037764,0.083338
AAACGCCCGAGATCGG-1,0.000019,0.02649,0.036946,0.048252,0.104277,0.022835,0.061092,0.133662,0.094438,0.347327,0.12466
AAACGCTGGGCACGAC-1,0.978042,0.000087,0.000087,0.000087,0.000087,0.021175,0.000087,0.000087,0.000087,0.000087,0.000087
AAACGGGCGTACGGGT-1,0.90272,0.096826,0.000026,0.000026,0.000247,0.000026,0.000026,0.000026,0.000026,0.000026,0.000026
AAACGGTTGCGAACTG-1,0.0027,0.033812,0.107405,0.06715,0.126228,0.243076,0.151313,0.006954,0.1201,0.053467,0.087796
AAACGTGTTCGCCCTA-1,0.000063,0.464381,0.186823,0.149933,0.002075,0.000063,0.02898,0.000063,0.000063,0.000352,0.167205
AAACTAACGTGGCGAC-1,0.000026,0.034097,0.055081,0.129335,0.002727,0.035793,0.070466,0.081463,0.058384,0.277299,0.25533
AAACTCGGTTCGCAAT-1,0.065303,0.286173,0.059377,0.000022,0.413814,0.1163,0.000022,0.007842,0.004586,0.026558,0.020002
AAACTCGTGATATAAG-1,0.025614,0.973762,0.000069,0.000069,0.000069,0.000069,0.000069,0.000069,0.000069,0.000069,0.000069
AAACTGCTGGCTCCAA-1,0.015545,0.190712,0.097425,0.200628,0.176479,0.079953,0.146229,0.039342,0.041399,0.01125,0.001037
AAACTTAATTGCACGC-1,0.000021,0.013369,0.011647,0.067455,0.000271,0.156281,0.251828,0.090305,0.168335,0.003688,0.2368
AAACTTGCAAACGTAT-1,0.005094,0.004809,0.339981,0.192875,0.000023,0.000023,0.001507,0.001137,0.055695,0.129919,0.268938
AAAGAATGACCTTAGA-1,0.000037,0.294275,0.31373,0.16157,0.022085,0.126945,0.001183,0.015292,0.005616,0.019944,0.039323
AAAGAATGTGGACTAA-1,0.999769,0.000023,0.000023,0.000023,0.000023,0.000023,0.000023,0.000023,0.000023,0.000023,0.000023
AAAGACATGAAGTTTA-1,0.110161,0.075068,0.063112,0.262241,0.036701,0.000047,0.100703,0.105496,0.000266,0.245974,0.000231
AAAGACCCAAGTCGCG-1,0.00002,0.021388,0.258803,0.16615,0.014074,0.00002,0.011287,0.00522,0.087256,0.400123,0.03566
AAAGCTTGCCTACATA-1,0.000026,0.274596,0.119026,0.000026,0.030831,0.185453,0.012204,0.010662,0.049097,0.013668,0.30441
AAAGGCCCTATAATAC-1,0.090207,0.674795,0.000965,0.229715,0.001603,0.000041,0.002508,0.000041,0.000041,0.000041,0.000041
AAAGGCTACGGACCAT-1,0.050146,0.202165,0.15585,0.36921,0.176084,0.000032,0.018361,0.006672,0.000032,0.021414,0.000032
AAAGGCTCTCGCGCCG-1,0.000015,0.000015,0.003075,0.037678,0.064844,0.120028,0.19507,0.037301,0.238622,0.292136,0.011219
AAAGGGATGTAGCAAG-1,0.035749,0.872472,0.0001,0.0001,0.0001,0.09098,0.0001,0.0001,0.0001,0.0001,0.0001
AAAGGGCAGCTTGAAT-1,0.042899,0.201417,0.291237,0.006793,0.036568,0.092217,0.042429,0.006545,0.053008,0.197083,0.029804
AAAGGTAAGCTGTACC-1,0.00003,0.018934,0.216087,0.26953,0.001696,0.00003,0.065697,0.00003,0.096349,0.034939,0.296679
AAAGGTCAACGACATG-1,0.000015,0.000831,0.000015,0.000015,0.041297,0.001798,0.001776,0.029463,0.444059,0.480683,0.000048
AAAGTAGCATTGCTCA-1,0.00005,0.364728,0.03333,0.598853,0.00005,0.00005,0.00005,0.00005,0.00005,0.00274,0.00005
AAAGTCACTGATGTAA-1,0.000017,0.013648,0.180922,0.037193,0.016985,0.000017,0.005415,0.002378,0.244318,0.386322,0.112786
AAAGTCGACCCTCAGT-1,0.105473,0.362147,0.197149,0.000076,0.000076,0.000076,0.000076,0.000076,0.000076,0.334697,0.000076
AAAGTGCCATCAATTA-1,0.955747,0.000047,0.000047,0.000047,0.000047,0.043827,0.000047,0.000047,0.000047,0.000047,0.000047
AAAGTGTGATTTATCT-1,0.000017,0.006393,0.00666,0.04905,0.088063,0.017964,0.306055,0.185843,0.193854,0.105961,0.04014
AAAGTTGACTCCCGTA-1,0.022973,0.011109,0.058915,0.082569,0.140945,0.047392,0.34301,0.095118,0.099711,0.022041,0.076216
AAATAACCATACGGGA-1,0.000021,0.056176,0.263542,0.000021,0.00389,0.094537,0.000021,0.000095,0.047248,0.022595,0.511854
AAATAAGGTAGTGCCC-1,0.00003,0.099549,0.16963,0.143434,0.00003,0.000666,0.223752,0.018228,0.113202,0.006732,0.224746
AAATACCTATAAGCAT-1,0.065961,0.014008,0.010128,0.011838,0.270822,0.093773,0.178043,0.082627,0.055064,0.170715,0.047022
AAATAGCTTAGACTTT-1,0.012795,0.171123,0.169819,0.129247,0.055484,0.019826,0.005797,0.047335,0.015532,0.341218,0.031823
AAATAGGGTGCTATTG-1,0.197927,0.387397,0.000041,0.410921,0.002611,0.000791,0.000149,0.000041,0.000041,0.000041,0.000041
AAATCACTCCTAAACG-1,0.000097,0.144398,0.015605,0.578375,0.000097,0.000097,0.000097,0.000097,0.148463,0.110712,0.001961
AAATCCGATACACGCC-1,0.417182,0.002291,0.004301,0.000019,0.15977,0.032176,0.137651,0.001744,0.169022,0.006124,0.06972
AAATCGCGGAAGGAGT-1,0.000077,0.437195,0.280731,0.249955,0.000077,0.03158,0.000077,0.000077,0.000077,0.000077,0.000077
AAATCGTGTACCACAA-1,0.203629,0.010268,0.029399,0.035858,0.044251,0.047151,0.247439,0.126787,0.010524,0.071881,0.172812
AAATCTAGCCCTGCTA-1,0.010182,0.000011,0.006137,0.000011,0.163848,0.374461,0.021313,0.007974,0.192792,0.104242,0.119029
AAATCTGCCCGCGTCC-1,0.000031,0.175624,0.508774,0.230982,0.000031,0.023838,0.00362,0.000031,0.001644,0.000301,0.055123
AAATGACTGATCAAAC-1,0.009122,0.069709,0.001189,0.365659,0.024019,0.055872,0.170647,0.158109,0.094469,0.032935,0.01827
AAATGATTCGATCAGC-1,0.06742,0.931696,0.000098,0.000098,0.000098,0.000098,0.000098,0.000098,0.000098,0.000098,0.000098
AAATGGCATGTCTTGT-1,0.000029,0.201277,0.301392,0.012352,0.000049,0.002734,0.049899,0.012425,0.000029,0.227485,0.192331
AAATGGCCCGTGCCCT-1,0.000019,0.151211,0.17819,0.01481,0.012081,0.09622,0.00308,0.015508,0.171691,0.152892,0.204299
AAATGGTCAATGTGCC-1,0.000034,0.048538,0.183704,0.303728,0.008762,0.028266,0.004916,0.003529,0.144078,0.10963,0.164814
AAATGTGGGTGCTCCT-1,0.105849,0.479871,0.032769,0.008747,0.000045,0.239264,0.000045,0.018416,0.00496,0.10999,0.000045
AAATTAACGGGTAGCT-1,0.009208,0.284703,0.078531,0.089315,0.01163,0.079209,0.038584,0.085584,0.000042,0.118548,0.204645
AAATTACACGACTCTG-1,0.000034,0.077972,0.655249,0.00315,0.000034,0.156084,0.000844,0.000034,0.000034,0.000034,0.10653
AAATTACCTATCGATG-1,0.000021,0.000021,0.281556,0.002031,0.000021,0.161108,0.00377,0.004615,0.099692,0.003178,0.443988
AAATTCCAGGTCCAAA-1,0.061591,0.185958,0.093075,0.397758,0.024483,0.000045,0.015621,0.029088,0.011498,0.116592,0.064292
AAATTGATAGTCCTTT-1,0.000038,0.229635,0.000038,0.762087,0.00181,0.000038,0.005651,0.000038,0.000038,0.000592,0.000038
AAATTGGTGAGAAGCA-1,0.005029,0.70972,0.028475,0.000764,0.000102,0.000102,0.000625,0.16527,0.000102,0.000102,0.089707
AAATTTACCGAAATCC-1,0.221923,0.257722,0.130041,0.189092,0.012088,0.000037,0.021734,0.009815,0.000037,0.144524,0.012988
AAATTTGCGGGTGTGG-1,0.011179,0.137919,0.01089,0.258359,0.000019,0.003064,0.013411,0.038693,0.123783,0.28826,0.114423
AACAACTGGTAGTTGC-1,0.212858,0.786649,0.000055,0.000055,0.000055,0.000055,0.000055,0.000055,0.000055,0.000055,0.000055
AACAATACATTGTCGA-1,0.111431,0.052404,0.038797,0.172538,0.011694,0.012496,0.093751,0.239098,0.001782,0.210606,0.055403
AACAATTACTCTACGC-1,0.066994,0.21086,0.200088,0.002517,0.071261,0.041246,0.000031,0.000031,0.003301,0.380255,0.023415
AACACACGCTCGCCGC-1,0.072867,0.284195,0.162851,0.074317,0.391354,0.000029,0.010062,0.004237,0.000029,0.000029,0.000029
AACACGACTGTACTGA-1,0.000046,0.022898,0.215218,0.417882,0.000046,0.000046,0.000088,0.000046,0.001968,0.323235,0.018529
AACACGAGACGCGGCC-1,0.000036,0.128913,0.29202,0.509158,0.000036,0.000036,0.000036,0.000036,0.000036,0.057008,0.012684
AACAGCTGTGTGGCAA-1,0.00281,0.146662,0.003266,0.61444,0.004685,0.000032,0.000032,0.001717,0.003307,0.223018,0.000032
AACAGGAAATCGAATA-1,0.006527,0.032232,0.333019,0.000021,0.000021,0.28738,0.000021,0.001091,0.017512,0.0384,0.283777
AACAGGATGGGCCGCG-1,0.224176,0.750207,0.025169,0.000056,0.000056,0.000056,0.000056,0.000056,0.000056,0.000056,0.000056
AACAGGTAGTATGGAT-1,0.067178,0.033938,0.028034,0.260659,0.252378,0.244833,0.071674,0.005153,0.021389,0.014734,0.000029
AACATAGCGTGTATCG-1,0.134841,0.000015,0.000015,0.022857,0.0873,0.385858,0.098138,0.018931,0.244167,0.007633,0.000246
AACATATCAACTGGTG-1,0.0658,0.019301,0.168154,0.072211,0.00296,0.01606,0.035055,0.004968,0.045701,0.02696,0.542829
AACATCGATACGTCTA-1,0.086122,0.913314,0.000063,0.000063,0.000063,0.000063,0.000063,0.000063,0.000063,0.000063,0.000063
AACATTGAAGTTGATC-1,0.215097,0.183443,0.000055,0.422427,0.000055,0.020953,0.074993,0.014024,0.030708,0.000055,0.038189
AACATTGTGACTCGAG-1,0.082876,0.138235,0.078789,0.460611,0.133173,0.000047,0.008995,0.012343,0.000047,0.084838,0.000047
AACCAAGACTTCTCTG-1,0.000053,0.969903,0.029619,0.000053,0.000053,0.000053,0.000053,0.000053,0.000053,0.000053,0.000053
AACCAGTATCACTCTT-1,0.000067,0.204971,0.113516,0.667196,0.000067,0.000067,0.013851,0.000067,0.000067,0.000067,0.000067
AACCATAGGGTTGAAC-1,0.000011,0.000011,0.001279,0.0112,0.000011,0.116116,0.016881,0.015243,0.602124,0.127594,0.10953
AACCCAGAGACGGAGA-1,0.00004,0.092379,0.462221,0.003218,0.026862,0.101134,0.036682,0.022864,0.030321,0.181626,0.042653
AACCCATCCCATGATC-1,0.062262,0.028508,0.245415,0.030779,0.005616,0.155502,0.012332,0.026827,0.10722,0.096735,0.228805
AACCCGACAACCCGTG-1,0.170969,0.067403,0.05885,0.075413,0.027528,0.052672,0.187152,0.17927,0.015159,0.100277,0.065307
AACCCGAGCAGAATCG-1,0.000021,0.017813,0.061412,0.074182,0.419484,0.244166,0.029701,0.000021,0.115815,0.002748,0.034639
AACCCGATAGGGCTTC-1,0.181201,0.489154,0.004617,0.135906,0.123377,0.002937,0.008516,0.019347,0.004272,0.030599,0.000074
AACCCGCTGTATTCCA-1,0.076289,0.061212,0.007356,0.584424,0.015131,0.009534,0.212034,0.021713,0.000028,0.010111,0.002167
AACCCTACTGTCAATA-1,0.071756,0.007738,0.011132,0.076255,0.126009,0.073718,0.109405,0.159087,0.198455,0.08376,0.082683
AACCCTGGTGGAACCA-1,0.000019,0.062388,0.120427,0.005609,0.051204,0.030819,0.019574,0.030283,0.05001,0.484404,0.145264
AACCGAGCTTGGTCAT-1,0.046123,0.847482,0.009186,0.000087,0.000087,0.096603,0.000087,0.000087,0.000087,0.000087,0.000087
AACCGCTAAGGGATGC-1,0.058822,0.498606,0.035353,0.101519,0.192441,0.000047,0.007022,0.052643,0.004974,0.048002,0.000572
AACCGTTGTGTTTGCT-1,0.000029,0.288584,0.208824,0.001196,0.038492,0.050256,0.009991,0.040299,0.000132,0.074281,0.287915
AACCTAAAGCCGTCCG-1,0.035156,0.000011,0.000011,0.001271,0.016462,0.000011,0.00826,0.015163,0.329164,0.59336,0.00113
AACCTCGCTTTAGCCC-1,0.458655,0.143586,0.031401,0.289377,0.062114,0.000037,0.014681,0.000037,0.000037,0.000037,0.000037
AACCTGTCACGGAATT-1,0.018682,0.066063,0.102087,0.809115,0.001831,0.00005,0.001973,0.00005,0.00005,0.00005,0.00005
AACCTTTAAATACGGT-1,0.01097,0.121058,0.131688,0.007812,0.218036,0.186822,0.092801,0.06663,0.10927,0.028793,0.02612
AACCTTTACGACGTCT-1,0.000084,0.999161,0.000084,0.000084,0.000084,0.000084,0.000084,0.000084,0.000084,0.000084,0.000084
AACGAAAGTCGTCCCA-1,0.000019,0.064081,0.04388,0.143988,0.002931,0.276321,0.039582,0.014151,0.081975,0.091401,0.24167
AACGACCTCCTAGCCG-1,0.934576,0.064953,0.000052,0.000052,0.000052,0.000052,0.000052,0.000052,0.000052,0.000052,0.000052
AACGATAATGCCGTAG-1,0.000017,0.019224,0.113911,0.05206,0.336048,0.078955,0.1946,0.011747,0.064309,0.022037,0.107093
AACGATAGAAGGGCCG-1,0.000025,0.011172,0.346452,0.007447,0.003489,0.023426,0.032644,0.000025,0.000025,0.042143,0.533154
AACGATATGTCAACTG-1,0.0001,0.866444,0.033552,0.099207,0.0001,0.0001,0.0001,0.0001,0.0001,0.0001,0.0001
AACGCATGATCTGGGT-1,0.152837,0.518379,0.000063,0.000063,0.000063,0.328282,0.000063,0.000063,0.000063,0.000063,0.000063
AACGCGACCTTGGGCG-1,0.171642,0.285694,0.054251,0.26156,0.107415,0.000039,0.028805,0.002469,0.000039,0.088047,0.000039
AACGCGGTCTCCAGCC-1,0.317347,0.62672,0.000092,0.000092,0.000092,0.055198,0.000092,0.000092,0.000092,0.000092,0.000092
AACGCTGTTGCTGAAA-1,0.000015,0.001747,0.034719,0.052972,0.223177,0.083175,0.043274,0.021094,0.446461,0.038688,0.054677
AACGGACGTACGTATA-1,0.240152,0.06658,0.166773,0.296899,0.198807,0.000023,0.014034,0.003148,0.000023,0.005857,0.007704
AACGGCCATCTCCGGT-1,0.033022,0.2956,0.007959,0.501696,0.000033,0.000033,0.005571,0.040554,0.000033,0.115467,0.000033
AACGTACTGTGGGTAC-1,0.013001,0.139862,0.001634,0.359919,0.003051,0.00695,0.025483,0.083246,0.153358,0.213473,0.000023
AACGTCAGACTAGTGG-1,0.043612,0.344309,0.262666,0.000042,0.016119,0.137631,0.000042,0.000042,0.014088,0.157928,0.023522
AACGTCATCCGGCTTG-1,0.012101,0.181393,0.124879,0.425403,0.020421,0.000028,0.04406,0.046882,0.0012,0.143604,0.000028
AACGTCGCTGCACTTC-1,0.94882,0.000063,0.000063,0.008541,0.000063,0.042132,0.000063,0.000063,0.000063,0.000063,0.000063
AACGTGATGAAGGACA-1,0.000051,0.613777,0.233863,0.000051,0.119736,0.000051,0.000051,0.000051,0.000051,0.032266,0.000051
AACGTGCGAAAGTCTC-1,0.005464,0.186136,0.089233,0.504944,0.010159,0.00003,0.077023,0.04652,0.00415,0.044176,0.032165
AACGTTCTACCATTGT-1,0.431809,0.026216,0.119242,0.000017,0.100546,0.00805,0.001569,0.001115,0.015402,0.226057,0.069976
AACTACCCGTTTGTCA-1,0.037067,0.079008,0.00007,0.161115,0.00007,0.709819,0.00007,0.000649,0.011991,0.00007,0.00007
AACTAGCGTATCGCAC-1,0.000027,0.174702,0.18828,0.45145,0.032894,0.000027,0.013891,0.019655,0.005576,0.109963,0.003535
AACTAGGCTTGGGTGT-1,0.083889,0.354028,0.000052,0.535648,0.000102,0.000052,0.026018,0.000052,0.000052,0.000052,0.000052
AACTCAAGTTAATTGC-1,0.000028,0.189092,0.206455,0.110512,0.060844,0.003869,0.000541,0.001112,0.097036,0.262598,0.067913
AACTCCAGAGCGTGTT-1,0.632077,0.186979,0.01404,0.066928,0.099631,0.000057,0.000057,0.000057,0.000057,0.000057,0.000057
AACTCCTAATCCCATG-1,0.000039,0.076283,0.371899,0.020855,0.000039,0.062674,0.000039,0.018604,0.068626,0.177559,0.203381
AACTCTCAATAGAGCG-1,0.000035,0.212851,0.177698,0.425632,0.062311,0.000035,0.06956,0.007676,0.000035,0.035337,0.008829
AACTCTCAGTGTGCTC-1,0.020067,0.00034,0.000013,0.111651,0.000013,0.341268,0.020587,0.162912,0.065889,0.274041,0.003219
AACTGAGGTCAGCGTC-1,0.021959,0.113166,0.00403,0.035186,0.000405,0.000037,0.137303,0.039418,0.020794,0.510277,0.117423
AACTGAGTTATACTGA-1,0.00004,0.004568,0.029906,0.132272,0.146735,0.07846,0.411855,0.063357,0.12158,0.00004,0.011187
AACTGATATTAGGCCT-1,0.000044,0.118505,0.456267,0.000044,0.006246,0.007876,0.000044,0.000044,0.044957,0.146672,0.219299
AACTGGGTCCCGACGT-1,0.038039,0.365568,0.10175,0.001901,0.140625,0.153897,0.004213,0.050496,0.008948,0.057283,0.07728
AACTGGGTTCGAGCCG-1,0.000032,0.09666,0.003029,0.044663,0.00425,0.000032,0.030006,0.130375,0.000951,0.645707,0.044293
AACTGGTGTGGGCCTT-1,0.000029,0.04907,0.076351,0.367286,0.002483,0.000029,0.018971,0.012276,0.077448,0.268278,0.12778
AACTTGCCCGTATGCA-1,0.082202,0.34159,0.249319,0.000046,0.029964,0.000046,0.007575,0.075576,0.000046,0.187668,0.025967
AACTTTAGCTGCTGAG-1,0.000026,0.050853,0.178084,0.140835,0.043121,0.000026,0.00405,0.044118,0.006185,0.471056,0.061647
AACTTTCTCGATCATG-1,0.1201,0.763957,0.000063,0.000063,0.000063,0.11544,0.000063,0.000063,0.000063,0.000063,0.000063
AAGAAAGTTTGATGGG-1,0.038914,0.020206,0.078227,0.030215,0.00035,0.088383,0.024213,0.086566,0.001573,0.273164,0.358188
AAGAAATCACCAGATT-1,0.154511,0.618518,0.067478,0.000054,0.000054,0.065921,0.000054,0.000054,0.000054,0.093245,0.000054
AAGACATACGTGGTTT-1,0.638653,0.000044,0.000044,0.000044,0.000044,0.360955,0.000044,0.000044,0.000044,0.000044,0.000044
AAGACCAAATAACTCA-1,0.000016,0.015677,0.17391,0.002757,0.005015,0.336502,0.008021,0.002045,0.135476,0.001117,0.319465
AAGACCCAACTGAACA-1,0.000007,0.000007,0.001833,0.00044,0.064298,0.003066,0.010728,0.008854,0.659202,0.23596,0.015605
AAGACTCACGCCCACT-1,0.000049,0.08997,0.000049,0.286213,0.058266,0.000049,0.001904,0.069237,0.148658,0.345554,0.000049
AAGACTGCAAGCTACT-1,0.000019,0.011979,0.069172,0.201965,0.011638,0.008561,0.02158,0.038015,0.175123,0.279277,0.182671
AAGAGATGAATCGGTA-1,0.04916,0.130105,0.302008,0.000027,0.057884,0.062231,0.000027,0.002577,0.029559,0.330367,0.036055
AAGAGCTCTTTATCGG-1,0.004492,0.047135,0.081236,0.108003,0.010187,0.269273,0.243344,0.047767,0.033979,0.022054,0.13253
AAGAGGATGTACGCGA-1,0.065197,0.123444,0.446577,0.000882,0.006651,0.000028,0.000028,0.000028,0.000028,0.343125,0.014012
AAGAGGCATGGATCGC-1,0.006188,0.350482,0.185682,0.452233,0.000038,0.000038,0.005186,0.000038,0.000038,0.000038,0.000038
AAGAGGCCCTTTGGAA-1,0.439051,0.083457,0.036118,0.000034,0.163205,0.057318,0.006512,0.005678,0.099218,0.028008,0.081401
AAGATGGCACCGGACC-1,0.00366,0.077152,0.0956,0.48683,0.009662,0.000023,0.10357,0.050452,0.000023,0.155683,0.017345
AAGATTGGCGGAACGT-1,0.000026,0.116466,0.542575,0.000897,0.007105,0.086122,0.01241,0.002347,0.028177,0.003032,0.200842
AAGCACCCTGCGTATC-1,0.102893,0.106226,0.122991,0.003044,0.182155,0.229675,0.011053,0.003389,0.113322,0.026549,0.098703
AAGCATACTCTCCTGA-1,0.084688,0.000019,0.216221,0.114728,0.134836,0.038129,0.158517,0.021846,0.142902,0.041079,0.047035
AAGCCACTTGCAGGTA-1,0.005843,0.135173,0.054321,0.144642,0.000018,0.261477,0.088811,0.189359,0.000737,0.011238,0.108381
AAGCCGAAGCGGTTTA-1,0.015958,0.009342,0.095044,0.126244,0.196475,0.103285,0.075607,0.052309,0.10631,0.163025,0.056401
AAGCCGCCGTGAAATC-1,0.000037,0.170751,0.000037,0.451519,0.000037,0.000037,0.078317,0.021482,0.005873,0.255462,0.016447
AAGCCGCTTTACCTTG-1,0.176425,0.597528,0.000152,0.046424,0.000152,0.154023,0.024686,0.000152,0.000152,0.000152,0.000152
AAGCCGGAGAGCAGGA-1,0.542318,0.000093,0.000093,0.157643,0.000093,0.217854,0.000093,0.000093,0.081533,0.000093,0.000093
AAGCGCAGGGCTTTGA-1,0.120269,0.054452,0.098833,0.224943,0.247702,0.090421,0.026455,0.019313,0.044529,0.010581,0.0625
AAGCGGAGTGCGCGCA-1,0.000027,0.027559,0.356212,0.020079,0.000027,0.001692,0.003964,0.000027,0.034922,0.054612,0.500878
AAGCGGCGTCATGGGT-1,0.000014,0.000978,0.039811,0.002272,0.000014,0.031396,0.001126,0.005576,0.175799,0.451213,0.291802
AAGCGTCCCTCATCGA-1,0.038527,0.005118,0.000012,0.048102,0.000012,0.14772,0.002206,0.166088,0.215266,0.376937,0.000012
AAGCTAGATCGAGTAA-1,0.008119,0.053732,0.012039,0.110506,0.096386,0.32091,0.142522,0.066736,0.019609,0.148391,0.02105
AAGCTATGGATTGACC-1,0.000022,0.000022,0.381899,0.018321,0.000022,0.028727,0.009721,0.002131,0.026736,0.054882,0.477516
AAGCTCGTGCCAAGTC-1,0.000022,0.199891,0.051626,0.046915,0.093513,0.069721,0.154858,0.091086,0.014443,0.080167,0.197759
AAGCTCTTTCATGGTG-1,0.17988,0.445431,0.046495,0.06058,0.121574,0.093777,0.032387,0.014207,0.000026,0.000026,0.005619
AAGGAGAACTTATAAG-1,0.000039,0.071588,0.08256,0.497229,0.000039,0.000039,0.052835,0.085144,0.000374,0.210113,0.000039
AAGGAGCGGTTGGTGC-1,0.048613,0.598599,0.01387,0.00006,0.00006,0.155806,0.00006,0.00006,0.00006,0.025358,0.157455
AAGGATCGATCGCTTG-1,0.035341,0.000009,0.004576,0.021165,0.002721,0.056116,0.006288,0.182585,0.44558,0.203865,0.041755
AAGGATGAGGGACCTC-1,0.000036,0.034325,0.682262,0.123243,0.000036,0.041955,0.012763,0.01436,0.000066,0.000036,0.090918
AAGGCAGGCTGTCTCC-1,0.002909,0.101451,0.035108,0.160396,0.051741,0.133748,0.171027,0.229966,0.031711,0.011336,0.070606
AAGGCGCGTAAAGCTT-1,0.260935,0.240498,0.104451,0.000055,0.000055,0.39373,0.000055,0.000055,0.000055,0.000055,0.000055
AAGGCTGTGCTCATCG-1,0.00003,0.080316,0.416445,0.049161,0.00003,0.101654,0.00003,0.00003,0.053451,0.131787,0.167068
AAGGGAACGACTGGCT-1,0.000026,0.125371,0.031281,0.393761,0.000028,0.000148,0.007259,0.041214,0.085,0.035464,0.280448
AAGGGACAGATTCTGT-1,0.000044,0.179305,0.194003,0.000044,0.000044,0.394381,0.000044,0.000044,0.01921,0.000044,0.212835
AAGGGACTATGCATTC-1,0.000023,0.201578,0.00096,0.066395,0.000023,0.000023,0.014634,0.312108,0.000023,0.399595,0.004636
AAGGGTTAGCCATGCG-1,0.942096,0.000056,0.000056,0.000056,0.000056,0.000056,0.000056,0.000056,0.035721,0.021734,0.000056
AAGGGTTTGATTTCAG-1,0.000063,0.999368,0.000063,0.000063,0.000063,0.000063,0.000063,0.000063,0.000063,0.000063,0.000063
AAGGTATCCTAATATA-1,0.042535,0.691588,0.161809,0.062121,0.041497,0.000075,0.000075,0.000075,0.000075,0.000075,0.000075
AAGGTGATAAACCAGC-1,0.000033,0.15317,0.055458,0.567214,0.085219,0.003136,0.079001,0.009687,0.014704,0.032344,0.000033
AAGTAGAAGACCGGGT-1,0.022111,0.977027,0.000096,0.000096,0.000096,0.000096,0.000096,0.000096,0.000096,0.000096,0.000096
AAGTAGTGACGCGAGG-1,0.000075,0.971882,0.027442,0.000075,0.000075,0.000075,0.000075,0.000075,0.000075,0.000075,0.000075
AAGTCAATTGTCGTCA-1,0.040306,0.027621,0.065535,0.026889,0.089856,0.032205,0.207413,0.046801,0.041935,0.213362,0.208076
AAGTCTAGTAGCTGCC-1,0.089683,0.909212,0.000123,0.000123,0.000123,0.000123,0.000123,0.000123,0.000123,0.000123,0.000123
AAGTGACGACCGAATT-1,0.000014,0.029256,0.127985,0.02775,0.001026,0.03293,0.024247,0.013727,0.013309,0.38584,0.343914
AAGTGAGTCGGGTTTA-1,0.000034,0.346144,0.014517,0.05285,0.288477,0.001206,0.083644,0.055423,0.065375,0.066694,0.025636
AAGTGCCTTGACTGTA-1,0.000015,0.001509,0.012435,0.040597,0.043067,0.005466,0.33829,0.135325,0.153465,0.216149,0.053681
AAGTGCGTTAGAATCT-1,0.00006,0.448832,0.067543,0.483146,0.00006,0.00006,0.00006,0.00006,0.00006,0.00006,0.00006
AAGTGCTTCTCTATTG-1,0.189816,0.00191,0.00002,0.193132,0.00002,0.419233,0.044276,0.067576,0.083375,0.000621,0.00002
AAGTGTTTGGAGACGG-1,0.027912,0.088785,0.035776,0.017638,0.357633,0.119626,0.083119,0.013141,0.088138,0.033594,0.134639
AAGTTCACTCCAAGCT-1,0.471569,0.029015,0.06433,0.054672,0.165203,0.003145,0.08823,0.010147,0.020439,0.030462,0.062787
AAGTTCAGTCTGCGTA-1,0.04304,0.569681,0.004998,0.000057,0.10757,0.083868,0.03339,0.004436,0.041444,0.026628,0.084889
AAGTTCGGCCAACAGG-1,0.000033,0.219541,0.039205,0.381952,0.002534,0.000033,0.002541,0.103231,0.096042,0.142227,0.012662
AAGTTGTGATGTTATA-1,0.940478,0.059029,0.000055,0.000055,0.000055,0.000055,0.000055,0.000055,0.000055,0.000055,0.000055
AAGTTTACTAATGGCA-1,0.000054,0.33013,0.243401,0.246435,0.008634,0.000054,0.018229,0.032638,0.000054,0.120318,0.000054
AAGTTTATGGGCCCAA-1,0.04812,0.25679,0.145898,0.376497,0.172414,0.000047,0.000047,0.000047,0.000047,0.000047,0.000047
AATAACAACGCTCGGC-1,0.000035,0.045346,0.473427,0.355995,0.000035,0.000035,0.000035,0.000035,0.002682,0.068111,0.054266
AATAACACTAGAACAA-1,0.066934,0.34901,0.311613,0.005374,0.050643,0.009091,0.041592,0.068092,0.000034,0.097417,0.0002
AATAACGTCGCGCCCA-1,0.999019,0.000475,0.000056,0.000056,0.000056,0.000056,0.000056,0.000056,0.000056,0.000056,0.000056
AATAAGTCCTCGAGAC-1,0.000049,0.262289,0.025357,0.711538,0.00047,0.000049,0.000049,0.000049,0.000049,0.000049,0.000049
AATAATCTTCGTATCG-1,0.02983,0.051796,0.12547,0.129783,0.262806,0.211751,0.033113,0.004519,0.12394,0.005121,0.02187
AATACCGGAGGGCTGT-1,0.142487,0.345619,0.000922,0.03992,0.168259,0.000022,0.000197,0.023718,0.064436,0.214093,0.000327
AATACCTGATGTGAAC-1,0.506597,0.173844,0.000061,0.235861,0.083269,0.000061,0.000061,0.000061,0.000061,0.000061,0.000061
AATAGAACAGAGTGGC-1,0.000025,0.061419,0.032683,0.167925,0.0244,0.156447,0.261371,0.156247,0.00634,0.127185,0.00596
AATAGAATCTGTTTCA-1,0.070035,0.179572,0.079346,0.358872,0.192335,0.000035,0.109797,0.005371,0.000035,0.000035,0.004567
AATAGCAAGCCTCCTG-1,0.000061,0.176274,0.221332,0.50658,0.060014,0.000061,0.028587,0.002197,0.00133,0.000061,0.003503
AATAGCTACCGCGTGC-1,0.462167,0.362775,0.005622,0.000045,0.000045,0.169118,0.000045,0.000045,0.000045,0.000045,0.000045
AATAGGCACGACCCTT-1,0.000029,0.178081,0.111571,0.427921,0.066891,0.000029,0.008479,0.109194,0.019562,0.077555,0.000686
AATAGTCCGTCCCGAC-1,0.048815,0.050227,0.23588,0.515881,0.148052,0.000038,0.000952,0.000038,0.000038,0.000038,0.000038
AATATCAAGGTCGGAT-1,0.02604,0.071264,0.414757,0.003104,0.132169,0.017949,0.001743,0.002901,0.006954,0.274148,0.048972
AATATCGAATCAATGC-1,0.012267,0.085012,0.051191,0.080069,0.26814,0.057576,0.08091,0.115765,0.110848,0.055639,0.082583
AATATCGAGGGTTCTC-1,0.000047,0.151631,0.250306,0.451514,0.000047,0.000047,0.001795,0.000047,0.000047,0.000047,0.14447
AATATTGGAGTATTGA-1,0.019887,0.979333,0.000087,0.000087,0.000087,0.000087,0.000087,0.000087,0.000087,0.000087,0.000087
AATCAGGTTTCATTTA-1,0.00004,0.112454,0.00004,0.28362,0.008199,0.031429,0.26427,0.197985,0.069957,0.011761,0.020245
AATCATGTAAAGACTC-1,0.002972,0.058775,0.257307,0.175,0.40924,0.057273,0.023327,0.002959,0.003331,0.000232,0.009584
AATCCAAGGGCCTGAG-1,0.000029,0.099502,0.3762,0.176067,0.002703,0.052975,0.044698,0.004517,0.006333,0.091647,0.145329
AATCCCGCTCAGAGCC-1,0.052537,0.055861,0.001806,0.376764,0.054983,0.000811,0.015686,0.03608,0.302061,0.103385,0.000025
AATCGAGGTCTCAAGG-1,0.080244,0.034628,0.007112,0.305384,0.222728,0.000025,0.079668,0.066597,0.034286,0.166541,0.002786
AATCGCCTCAGCGCCA-1,0.003545,0.000013,0.001356,0.107039,0.016733,0.011138,0.130928,0.098628,0.381413,0.211766,0.037441
AATCGCGCAGAGGACT-1,0.036613,0.234244,0.10836,0.415251,0.022067,0.000553,0.073031,0.037356,0.00003,0.072464,0.00003
AATCGGGACACTACGA-1,0.013537,0.000158,0.106811,0.084629,0.014143,0.010591,0.011332,0.040274,0.040942,0.605947,0.071635
AATCGGTATAGCCCTC-1,0.999529,0.000047,0.000047,0.000047,0.000047,0.000047,0.000047,0.000047,0.000047,0.000047,0.000047
AATCGTGAGCCGAGCA-1,0.902185,0.009278,0.072559,0.015771,0.000035,0.000025,0.000025,0.000025,0.000025,0.000025,0.000047
AATCTAGGTTTACTTG-1,0.000044,0.076817,0.250045,0.405467,0.000044,0.000044,0.000044,0.015629,0.003706,0.06932,0.178842
AATCTATGCCGGAGCC-1,0.000028,0.042166,0.233664,0.050543,0.000028,0.056299,0.195802,0.009306,0.012361,0.000956,0.398849
AATCTGCGTTGGGACG-1,0.002943,0.207607,0.115016,0.560596,0.036004,0.074076,0.000058,0.000058,0.003525,0.000058,0.000058
AATCTGGCTTTCTAGT-1,0.0165,0.131384,0.116746,0.407451,0.00004,0.00004,0.014851,0.002395,0.013114,0.095645,0.201834
AATCTGGGTAGACCCT-1,0.000093,0.13997,0.007356,0.85193,0.000093,0.000093,0.000093,0.000093,0.000093,0.000093,0.000093
AATGACAGCAATGTCT-1,0.11426,0.31886,0.037015,0.529523,0.000049,0.000049,0.000049,0.000049,0.000049,0.000049,0.000049
AATGACGTAGGATGTC-1,0.049608,0.158491,0.022193,0.110416,0.098232,0.083062,0.321083,0.071172,0.013201,0.064847,0.007694
AATGACTGTCAGCCGG-1,0.07773,0.271736,0.270029,0.000056,0.000055,0.198203,0.024886,0.04219,0.02283,0.078304,0.013981
AATGATGATACGCTAT-1,0.058909,0.940501,0.000066,0.000066,0.000066,0.000066,0.000066,0.000066,0.000066,0.000066,0.000066
AATGATGCGACTCCTG-1,0.000023,0.023421,0.254044,0.031895,0.000023,0.064528,0.092768,0.006568,0.016986,0.000143,0.5096
AATGCAACCGGGTACC-1,0.04352,0.904241,0.000076,0.000076,0.000076,0.051632,0.000076,0.000076,0.000076,0.000076,0.000076
AATGCACCAAGCAATG-1,0.144583,0.46279,0.004509,0.000049,0.000049,0.387772,0.000049,0.000049,0.000049,0.000049,0.000049
AATGGCCGCCAATGCG-1,0.000027,0.027629,0.005456,0.227096,0.012064,0.007558,0.012497,0.149059,0.508599,0.039881,0.010135
AATGGTTCTCACAAGC-1,0.000037,0.086316,0.466899,0.005717,0.126243,0.051378,0.016278,0.025393,0.050607,0.141196,0.029937
AATGTATGGCACTGTA-1,0.000028,0.061166,0.021685,0.211566,0.000028,0.203879,0.157945,0.024377,0.080369,0.000028,0.23893
AATGTGCCCGAGGTGT-1,0.000039,0.266924,0.023617,0.652508,0.000039,0.000039,0.009153,0.000766,0.000039,0.029893,0.016985
AATGTGCTAATCTGAG-1,0.043252,0.123934,0.000027,0.360164,0.002958,0.000027,0.143254,0.080304,0.000935,0.242206,0.002938
AATGTTAAGACCCTGA-1,0.224244,0.013554,0.007928,0.23541,0.287981,0.074254,0.046793,0.018258,0.079567,0.009824,0.002188
AATGTTGTCGTGAGAC-1,0.835362,0.000057,0.000057,0.000057,0.000057,0.164123,0.000057,0.000057,0.000057,0.000057,0.000057
AATTAAAGGTCGGCGT-1,0.000035,0.201179,0.054574,0.333742,0.006938,0.018358,0.029604,0.082333,0.010244,0.250812,0.012181
AATTAACGGATTTCCA-1,0.030917,0.013764,0.00787,0.092981,0.058717,0.062489,0.197421,0.132635,0.008134,0.21347,0.181602
AATTACGAGACCCATC-1,0.000048,0.525541,0.109217,0.007141,0.046636,0.242573,0.000748,0.000048,0.000048,0.000048,0.067951
AATTAGCGCTGCAGCG-1,0.052918,0.084487,0.068998,0.49286,0.045259,0.055418,0.113942,0.003079,0.004811,0.044882,0.033346
AATTATACCCAGCAAG-1,0.176457,0.029356,0.246109,0.422352,0.059635,0.065872,0.000044,0.000044,0.000044,0.000044,0.000044
AATTCATAAGGGATCT-1,0.018701,0.660532,0.001457,0.000049,0.000049,0.05123,0.183572,0.015757,0.000049,0.003167,0.065439
AATTCATTGTCATGCA-1,0.080201,0.008059,0.031606,0.015213,0.012219,0.128519,0.047271,0.005741,0.351943,0.000849,0.318379
AATTCCAAGCATGTAC-1,0.000013,0.000013,0.000013,0.011864,0.076141,0.000442,0.319185,0.015839,0.421964,0.143141,0.011386
AATTCGATTCGAGGAT-1,0.454687,0.123275,0.096352,0.325377,0.000044,0.000044,0.000044,0.000044,0.000044,0.000044,0.000044
AATTCTAGAGTTAGGC-1,0.19258,0.085728,0.007542,0.328843,0.064164,0.01111,0.202578,0.001458,0.001645,0.092194,0.012157
AATTGAACGCTCTGGT-1,0.014967,0.056877,0.003641,0.09685,0.00794,0.531902,0.008568,0.07102,0.011242,0.195339,0.001653
AATTGCAGCAATCGAC-1,0.99487,0.000043,0.002481,0.002303,0.000043,0.000043,0.000043,0.000043,0.000043,0.000043,0.000043
AATTGCGTGGATTACA-1,0.000015,0.000693,0.078398,0.015151,0.000015,0.189525,0.107159,0.019536,0.109421,0.005084,0.475002
AATTGTGGTTGCCAAA-1,0.901865,0.006258,0.000154,0.090644,0.000154,0.000154,0.000154,0.000154,0.000154,0.000154,0.000154
AATTTGGGACATAGTA-1,0.000039,0.058297,0.603017,0.020063,0.019498,0.048661,0.059311,0.000039,0.000039,0.00385,0.187185
AATTTGGTTCCAAAGA-1,0.000053,0.287365,0.329793,0.159279,0.000054,0.080831,0.060048,0.000053,0.000053,0.081664,0.000807
ACAAACCATGCGTCCT-1,0.008554,0.158141,0.049507,0.542512,0.012616,0.000032,0.095725,0.000695,0.112931,0.000032,0.019255
ACAAACCGACAAGGCG-1,0.001052,0.281656,0.056839,0.189367,0.203284,0.000035,0.001178,0.098427,0.048368,0.11976,0.000035
ACAAACTCCATCAGAG-1,0.007618,0.038079,0.006553,0.551172,0.04719,0.000028,0.013582,0.047745,0.227201,0.060803,0.000028
ACAAAGAAGGTAGGCC-1,0.141198,0.202177,0.11893,0.000047,0.059018,0.036078,0.000047,0.001017,0.011556,0.317649,0.112285
ACAAAGCATGACCTAG-1,0.490578,0.000028,0.001689,0.000039,0.216123,0.080347,0.088148,0.000028,0.10987,0.000028,0.013121
ACAAATCGCACCGAAT-1,0.034856,0.016965,0.068184,0.32275,0.384832,0.012976,0.110413,0.002308,0.040903,0.000025,0.005789
ACAAATGGTAGTGTTT-1,0.022211,0.067675,0.022116,0.629567,0.100066,0.000025,0.129865,0.003967,0.013836,0.010647,0.000025
ACAAATTCAGATCTGA-1,0.044334,0.632308,0.111264,0.000062,0.000062,0.211661,0.000062,0.000062,0.000062,0.000062,0.000062
ACAACAGCATGAGCTA-1,0.000023,0.023711,0.094364,0.15055,0.000023,0.215839,0.005054,0.018605,0.198967,0.091602,0.201263
ACAACGGTCCCTGCGA-1,0.062951,0.167221,0.219138,0.000038,0.061105,0.128564,0.000038,0.012448,0.052946,0.225145,0.070405
ACAAGCAGTGCCTAGC-1,0.071525,0.181436,0.404653,0.000031,0.060456,0.00432,0.000278,0.002328,0.024988,0.22873,0.021254
ACAAGGAAATCCGCCC-1,0.088931,0.260971,0.119186,0.158961,0.064344,0.084451,0.149752,0.033056,0.011543,0.011938,0.016867
ACAAGGACAAGAGGTT-1,0.000045,0.813746,0.002543,0.000045,0.001549,0.022743,0.000045,0.00075,0.000045,0.143323,0.015166
ACAAGGATGCTTTAGG-1,0.828292,0.151225,0.003536,0.002581,0.005823,0.008401,0.000029,0.000029,0.000029,0.000029,0.000029
ACAAGGCCTACCAGCC-1,0.0313,0.247947,0.008844,0.688685,0.000074,0.000074,0.017825,0.000074,0.000074,0.005029,0.000074
ACAAGGGCAGGCTCTG-1,0.042014,0.080305,0.027025,0.58881,0.046693,0.00243,0.170585,0.01003,0.002597,0.023102,0.006409
ACAAGTAATTGTAAGG-1,0.100629,0.161123,0.073445,0.278051,0.033333,0.000051,0.019924,0.08698,0.086357,0.130899,0.029209
ACAATAGTCGTACGTT-1,0.000036,0.008034,0.455022,0.216868,0.000036,0.000036,0.000036,0.000036,0.000036,0.129862,0.189998
ACAATCCATTTAAACC-1,0.000024,0.034143,0.397688,0.086904,0.000024,0.000024,0.000024,0.012767,0.020662,0.17956,0.268181
ACAATCGATCTTTATA-1,0.00003,0.138207,0.063126,0.146163,0.01096,0.019904,0.120767,0.227925,0.023901,0.219325,0.029692
ACAATGAATACGGAGA-1,0.036079,0.038219,0.084975,0.295283,0.060641,0.000021,0.122443,0.094334,0.022088,0.155536,0.090381
ACAATGATTCTTCTAC-1,0.000059,0.353446,0.02577,0.187672,0.000059,0.000059,0.35627,0.046578,0.015469,0.000059,0.014556
ACAATTGTGTCTCTTT-1,0.000859,0.000009,0.010375,0.000009,0.013723,0.534742,0.001106,0.006386,0.296674,0.060601,0.075515
ACAATTTGAGCAGTGG-1,0.000023,0.015602,0.262704,0.036068,0.003789,0.145227,0.063315,0.006397,0.204805,0.014226,0.247843
ACAATTTGGCCATATT-1,0.029507,0.011839,0.0616,0.005094,0.134978,0.135182,0.204728,0.236466,0.032397,0.048855,0.099354
ACACAAAGACGGGTGG-1,0.058185,0.94124,0.000064,0.000064,0.000064,0.000064,0.000064,0.000064,0.000064,0.000064,0.000064
ACACAAATATTCCTAG-1,0.00006,0.163658,0.269099,0.324312,0.00006,0.00006,0.034621,0.00006,0.00006,0.00006,0.207951
ACACACCAGGACCAGT-1,0.00001,0.00001,0.004281,0.021218,0.054585,0.027906,0.257928,0.081463,0.454414,0.084073,0.014113
ACACACTTTCTACACG-1,0.000032,0.04449,0.304743,0.004721,0.000064,0.138557,0.011746,0.008478,0.024609,0.098756,0.363804
ACACATGATCAAATCT-1,0.037382,0.010904,0.02742,0.112892,0.007648,0.097253,0.031637,0.028533,0.134338,0.144029,0.367964
ACACATTTCCGTAGAC-1,0.170045,0.293574,0.025145,0.353809,0.130781,0.000036,0.026148,0.000069,0.000036,0.000321,0.000036
ACACCACATAATTAGC-1,0.024893,0.003456,0.015364,0.032898,0.012696,0.006229,0.144583,0.036153,0.138528,0.131871,0.453328
ACACCCAGCATGCAGC-1,0.106654,0.892368,0.000109,0.000109,0.000109,0.000109,0.000109,0.000109,0.000109,0.000109,0.000109
ACACCCGAGAAATCCG-1,0.226427,0.447158,0.313535,0.005724,0.006886,0.000045,0.000045,0.000045,0.000045,0.000045,0.000045
ACACCCGTAAATCTGT-1,0.123953,0.100066,0.0006,0.409727,0.113656,0.000087,0.000087,0.148772,0.000087,0.096895,0.00607
ACACCGGTCTGACCGC-1,0.055097,0.357003,0.009938,0.500974,0.006834,0.000055,0.044959,0.000055,0.000055,0.000055,0.024976
ACACCTTAAGTAGGGC-1,0.039582,0.78275,0.000087,0.000087,0.000087,0.176975,0.000087,0.000087,0.000087,0.000087,0.000087
ACACCTTACTACTTGC-1,0.095236,0.237222,0.045964,0.230672,0.035127,0.00208,0.101318,0.054953,0.031253,0.148798,0.017377
ACACGAGACTCCTTCT-1,0.000067,0.248551,0.467663,0.264212,0.004663,0.000726,0.013848,0.000067,0.000067,0.000067,0.000067
ACACGGCACTATGCAT-1,0.000056,0.018415,0.333043,0.543963,0.000056,0.000056,0.000056,0.000056,0.000056,0.104189,0.000056
ACACGGGAACTTAGGG-1,0.000052,0.229926,0.684081,0.085576,0.000052,0.000052,0.000052,0.000052,0.000052,0.000052,0.000052
ACACGTAGGCCACAAG-1,0.364136,0.337548,0.111353,0.002438,0.167135,0.017147,0.000049,0.000049,0.000049,0.000049,0.000049
ACACTGATCAAGGTGT-1,0.022705,0.229479,0.05567,0.630265,0.039329,0.000041,0.020157,0.000041,0.000041,0.002233,0.000041
ACACTGGGACAGTCGT-1,0.285503,0.54101,0.00007,0.006496,0.166501,0.00007,0.00007,0.00007,0.00007,0.00007,0.00007
ACAGAACTGAGAACAA-1,0.000032,0.125722,0.11486,0.718922,0.007039,0.000032,0.008205,0.000032,0.000032,0.009116,0.016009
ACAGATTAGGTTAGTG-1,0.000029,0.009161,0.05272,0.177312,0.000029,0.000029,0.014508,0.075961,0.152557,0.443388,0.074308
ACAGCATAGAGCCAGT-1,0.044643,0.162392,0.052965,0.000021,0.109121,0.018288,0.008099,0.011167,0.004163,0.300675,0.288465
ACAGCGACATTCTCAT-1,0.210852,0.000023,0.019108,0.005588,0.258644,0.165733,0.127155,0.000867,0.122669,0.000904,0.088458
ACAGCGCACCCGCAGC-1,0.000017,0.000017,0.10412,0.015244,0.00135,0.000603,0.002239,0.000508,0.257013,0.112733,0.506157
ACAGGCACGGATCCTT-1,0.993904,0.000044,0.000044,0.000044,0.000044,0.0057,0.000044,0.000044,0.000044,0.000044,0.000044
ACAGGCTTGCCCGACT-1,0.038691,0.115306,0.150468,0.181014,0.378576,0.006791,0.087628,0.000981,0.011069,0.005426,0.024051
ACAGGTGGAGGTGAGG-1,0.053783,0.281398,0.001301,0.490139,0.015205,0.000035,0.044863,0.007854,0.011302,0.083838,0.010281
ACAGTAATACAACTTG-1,0.00002,0.005547,0.320817,0.042967,0.00002,0.200592,0.001682,0.000925,0.041911,0.033507,0.352011
ACAGTATACCGTGGGA-1,0.066571,0.286721,0.416757,0.000051,0.008114,0.090919,0.022647,0.007941,0.035349,0.062776,0.002155
ACAGTGCAGCGCATTT-1,0.000051,0.002939,0.000051,0.177973,0.000051,0.357375,0.003296,0.222699,0.106381,0.123847,0.005335
ACATAAGTCGTGGTGA-1,0.002114,0.022112,0.02803,0.023107,0.00002,0.325866,0.10306,0.057031,0.001213,0.128355,0.309092
ACATAATAAGGCGGTG-1,0.050866,0.28193,0.198419,0.062786,0.063018,0.164745,0.016247,0.002848,0.009232,0.136346,0.013563
ACATACAATCAAGCGG-1,0.042136,0.042969,0.120601,0.398851,0.329924,0.028181,0.024417,0.000034,0.012819,0.000034,0.000034
ACATCCCGGCCATACG-1,0.123316,0.006022,0.056042,0.132121,0.098096,0.083162,0.274455,0.0886,0.003801,0.028828,0.105556
ACATCCTGGTAACTGT-1,0.093321,0.048487,0.053831,0.046582,0.081249,0.021242,0.269194,0.215417,0.017614,0.079432,0.073629
ACATCGATCGTTTACC-1,0.000021,0.061412,0.000021,0.026434,0.003231,0.115919,0.137316,0.223327,0.001567,0.389493,0.041258
ACATCGCAATATTCGG-1,0.000024,0.030614,0.145782,0.245015,0.009416,0.012524,0.007516,0.017682,0.222602,0.206627,0.102198
ACATCGGTCAGCCGCG-1,0.100367,0.495357,0.095144,0.246428,0.000062,0.000062,0.000062,0.000062,0.000062,0.06233,0.000062
ACATCGTATGCAATGG-1,0.000008,0.000008,0.000008,0.000381,0.0096,0.010215,0.228963,0.176483,0.256864,0.251492,0.065978
ACATCGTTAACCTAGT-1,0.02022,0.136097,0.02744,0.003934,0.00003,0.003505,0.007169,0.291316,0.00003,0.488525,0.021734
ACATCTCAACGCGTAA-1,0.000012,0.000012,0.000781,0.047741,0.005959,0.000015,0.060383,0.024332,0.224717,0.593874,0.042174
ACATGCTTACGGCAGC-1,0.012512,0.144071,0.354732,0.48615,0.000042,0.000042,0.000042,0.000042,0.000042,0.000042,0.002281
ACATGGCGCCAAAGTA-1,0.035192,0.186278,0.03043,0.684258,0.02308,0.000025,0.007135,0.009408,0.011013,0.013155,0.000025
ACATTAGTTTATATCC-1,0.047254,0.237294,0.04694,0.555201,0.088292,0.000059,0.009614,0.000059,0.000059,0.015172,0.000059
ACATTCGCGCGGAATA-1,0.00005,0.534137,0.063552,0.397261,0.000677,0.00005,0.004076,0.00005,0.00005,0.00005,0.00005
ACATTTGAAACCTAAC-1,0.741164,0.095073,0.000832,0.045683,0.092577,0.000035,0.024498,0.000035,0.000035,0.000035,0.000035
ACCAAACACCCAGCGA-1,0.381248,0.618201,0.000061,0.000061,0.000061,0.000061,0.000061,0.000061,0.000061,0.000061,0.000061
ACCAAACTAGAAATCC-1,0.000021,0.033961,0.005141,0.161217,0.056383,0.000021,0.00017,0.014493,0.196039,0.53183,0.000725
ACCAACACCACACACT-1,0.108393,0.512388,0.09353,0.000061,0.000061,0.259597,0.000061,0.000093,0.000061,0.019312,0.006442
ACCAACCGCACTCCAC-1,0.619168,0.131768,0.041001,0.015848,0.082424,0.000045,0.06666,0.037448,0.000045,0.00555,0.000045
