Barcode,Topic 1,Topic 2,Topic 3to4,Topic 5to7,Topic 8to10
AAACAAGTATCTCCCA-1,0.143848,0.187263,0.464601,0.109322,0.094966
AAACAATCTACTAGCA-1,0.211883,0.04406,0.148124,0.066959,0.528974
AAACAGAGCGACTCCT-1,0.512951,0.000024,0.0009,0.043214,0.442911
AAACAGTGTTCCTGGG-1,0.875149,0.000018,0.000037,0.080132,0.044663
AAACATTTCCCGGATT-1,0.075653,0.042215,0.106974,0.283643,0.491515
AAACCCGAACGAAATC-1,0.053629,0.13573,0.680862,0.021106,0.108673
AAACCGGAAATGTTAA-1,0.000014,0.268576,0.397932,0.128401,0.205077
AAACCGGGTAGGTACC-1,0.109716,0.120277,0.654362,0.022391,0.093255
AAACCGTTCGTCCAGG-1,0.158489,0.122651,0.444342,0.236795,0.037723
AAACCTAAGCAGCCGG-1,0.161586,0.672889,0.050059,0.106604,0.008861
AAACGAGACGGTTGAT-1,0.000679,0.005772,0.112584,0.026987,0.853978
AAACGCTGGGCACGAC-1,0.119566,0.102651,0.476517,0.179492,0.121774
AAACGGGCGTACGGGT-1,0.030459,0.001749,0.043163,0.285869,0.63876
AAACGGTTGCGAACTG-1,0.464236,0.193547,0.095023,0.243104,0.004091
AAACTCGGTTCGCAAT-1,0.137435,0.345579,0.35581,0.158302,0.002874
AAACTCGTGATATAAG-1,0.09317,0.71181,0.192966,0.000116,0.001937
AAACTGCTGGCTCCAA-1,0.022041,0.11631,0.526931,0.177883,0.156835
AAAGAATGTGGACTAA-1,0.19439,0.327212,0.472574,0.005756,0.000068
AAAGCTTGCCTACATA-1,0.078244,0.838439,0.009071,0.000105,0.07414
AAAGGCCCTATAATAC-1,0.447547,0.124758,0.24156,0.079859,0.106276
AAAGGCTACGGACCAT-1,0.049768,0.230122,0.45423,0.164728,0.101152
AAAGGCTCTCGCGCCG-1,0.256182,0.005418,0.349282,0.377588,0.01153
AAAGGGATGTAGCAAG-1,0.065012,0.000034,0.005935,0.404587,0.524433
AAAGGGCAGCTTGAAT-1,0.056055,0.116666,0.348792,0.034351,0.444136
AAAGTAGCATTGCTCA-1,0.129259,0.091245,0.634554,0.086299,0.058643
AAAGTGCCATCAATTA-1,0.173999,0.06687,0.396932,0.30358,0.05862
AAAGTGTGATTTATCT-1,0.000004,0.000004,0.090769,0.199397,0.709826
AAAGTTGACTCCCGTA-1,0.105013,0.001503,0.346975,0.282419,0.26409
AAATAAGGTAGTGCCC-1,0.00001,0.064232,0.097438,0.085641,0.752679
AAATACCTATAAGCAT-1,0.028148,0.16595,0.092499,0.260898,0.452506
AAATAGCTTAGACTTT-1,0.000011,0.01715,0.029745,0.014859,0.938236
AAATAGGGTGCTATTG-1,0.068296,0.001321,0.093101,0.377825,0.459458
AAATCCGATACACGCC-1,0.119545,0.021895,0.01391,0.240683,0.603967
AAATCGTGTACCACAA-1,0.057553,0.002631,0.288871,0.369397,0.281547
AAATCTAGCCCTGCTA-1,0.01372,0.018682,0.739675,0.215004,0.012919
AAATGACTGATCAAAC-1,0.964515,0.03532,0.000041,0.000062,0.000062
AAATGCTCGTTACGTT-1,0.000019,0.130684,0.011952,0.001523,0.855822
AAATGGCATGTCTTGT-1,0.545935,0.000051,0.000101,0.000152,0.453761
AAATGGTCAATGTGCC-1,0.003375,0.148707,0.728189,0.024408,0.095321
AAATTAACGGGTAGCT-1,0.007182,0.007223,0.168155,0.039046,0.778394
AAATTACACGACTCTG-1,0.272295,0.126314,0.170238,0.149232,0.281921
AAATTACCTATCGATG-1,0.000015,0.262118,0.15738,0.076631,0.503856
AAATTCCAGGTCCAAA-1,0.000046,0.001396,0.090789,0.049249,0.858521
AAATTGATAGTCCTTT-1,0.317682,0.023417,0.131039,0.445453,0.082409
AAATTGCGGCGGTTCT-1,0.000077,0.970274,0.022658,0.000232,0.006759
AAATTTGCGGGTGTGG-1,0.067571,0.023402,0.639334,0.156229,0.113465
AACAACTGGTAGTTGC-1,0.000018,0.030282,0.47437,0.033856,0.461473
AACAATACATTGTCGA-1,0.405116,0.186554,0.220552,0.186673,0.001105
AACAATTACTCTACGC-1,0.105047,0.045364,0.584967,0.104755,0.159866
AACACACGCTCGCCGC-1,0.023574,0.056541,0.560675,0.160762,0.198448
AACACGACTGTACTGA-1,0.446868,0.000033,0.000066,0.000098,0.552935
AACAGCTGTGTGGCAA-1,0.191801,0.080375,0.059491,0.419706,0.248627
AACAGGATGGGCCGCG-1,0.060387,0.154998,0.449046,0.029329,0.30624
AACAGGTAGTATGGAT-1,0.000012,0.005228,0.332431,0.326738,0.33559
AACATAGCGTGTATCG-1,0.846375,0.153201,0.000106,0.000159,0.000159
AACATATCAACTGGTG-1,0.000012,0.018211,0.076739,0.051845,0.853193
AACATTGAAGTTGATC-1,0.664063,0.280179,0.026004,0.017357,0.012397
AACATTGTGACTCGAG-1,0.159832,0.321855,0.004717,0.099657,0.413939
AACCATGGGATCGCTA-1,0.001861,0.767983,0.02042,0.000087,0.209649
AACCCAGAGACGGAGA-1,0.001318,0.147142,0.045808,0.02241,0.783322
AACCCGACAACCCGTG-1,0.368871,0.080951,0.476515,0.070417,0.003246
AACCCGAGCAGAATCG-1,0.096789,0.126903,0.324347,0.177312,0.274649
AACCCGCTGTATTCCA-1,0.990683,0.009089,0.000057,0.000086,0.000086
AACCCTACTGTCAATA-1,0.000012,0.003242,0.395864,0.060089,0.540793
AACCCTGGTGGAACCA-1,0.161381,0.000013,0.048949,0.086704,0.702953
AACCGAGCTTGGTCAT-1,0.000013,0.012561,0.035739,0.032839,0.918848
AACCGCTAAGGGATGC-1,0.001352,0.163864,0.348913,0.283561,0.20231
AACCGTTGTGTTTGCT-1,0.749813,0.000038,0.000076,0.000114,0.249959
AACCTCGCTTTAGCCC-1,0.156758,0.000552,0.057492,0.377597,0.407601
AACCTGTCACGGAATT-1,0.000017,0.36151,0.131017,0.098486,0.40897
AACCTTTAAATACGGT-1,0.036136,0.000009,0.037406,0.196093,0.730355
AACGACCTCCTAGCCG-1,0.179713,0.312489,0.486757,0.020975,0.000066
AACGATAATGCCGTAG-1,0.194795,0.099914,0.354939,0.247089,0.103263
AACGATAGAAGGGCCG-1,0.00318,0.860192,0.004955,0.000117,0.131555
AACGATATGTCAACTG-1,0.000013,0.059791,0.139899,0.057664,0.742633
AACGCGACCTTGGGCG-1,0.432356,0.22843,0.217725,0.108808,0.01268
AACGCGGTCTCCAGCC-1,0.000022,0.397853,0.030823,0.133759,0.437542
AACGCTGTTGCTGAAA-1,0.003452,0.072041,0.750896,0.108072,0.065538
AACGGACGTACGTATA-1,0.071371,0.033421,0.335529,0.329305,0.230373
AACGGCCATCTCCGGT-1,0.141964,0.021497,0.180614,0.421512,0.234413
AACGTACTGTGGGTAC-1,0.083086,0.023035,0.535683,0.291794,0.066402
AACGTAGTCTACCCAT-1,0.203471,0.561582,0.025333,0.000129,0.209484
AACGTCAGACTAGTGG-1,0.000015,0.053682,0.239289,0.052005,0.655009
AACGTCATCCGGCTTG-1,0.753212,0.245266,0.00038,0.000571,0.000571
AACGTCGCTGCACTTC-1,0.881981,0.028667,0.037033,0.049562,0.002757
AACGTGCGAAAGTCTC-1,0.079253,0.050365,0.411453,0.102694,0.356235
AACGTTCTACCATTGT-1,0.401036,0.014919,0.01191,0.336511,0.235623
AACTACCCGTTTGTCA-1,0.247166,0.018478,0.589006,0.015831,0.12952
AACTAGCGTATCGCAC-1,0.116526,0.00106,0.080547,0.058419,0.743447
AACTAGGCTTGGGTGT-1,0.000019,0.211544,0.778495,0.009886,0.000056
AACTCAAGTTAATTGC-1,0.081982,0.118464,0.524339,0.180012,0.095203
AACTCCAGAGCGTGTT-1,0.00059,0.053873,0.573562,0.255558,0.116417
AACTCCTAATCCCATG-1,0.224176,0.000028,0.000056,0.236976,0.538765
AACTCGATGGCGCAGT-1,0.119085,0.869766,0.000115,0.000172,0.010863
AACTCTCAATAGAGCG-1,0.035257,0.010849,0.035099,0.052743,0.866052
AACTCTCAGTGTGCTC-1,0.111683,0.055262,0.30243,0.491042,0.039583
AACTGAGTTATACTGA-1,0.002148,0.064166,0.189789,0.392807,0.35109
AACTGATATTAGGCCT-1,0.127187,0.647673,0.224369,0.000169,0.000603
AACTGGGTCCCGACGT-1,0.000027,0.352356,0.161197,0.028231,0.458189
AACTTGCCCGTATGCA-1,0.067587,0.07916,0.612572,0.081254,0.159427
AACTTGCGTTCTCGCG-1,0.007405,0.224777,0.001763,0.006124,0.759931
AACTTTAGCTGCTGAG-1,0.201892,0.000024,0.176198,0.000071,0.621816
AAGAAGGATCAGTTAG-1,0.000044,0.788429,0.007588,0.005069,0.198871
AAGACATACGTGGTTT-1,0.299791,0.322827,0.141449,0.103688,0.132244
AAGACCCAACTGAACA-1,0.04597,0.16446,0.506872,0.237429,0.045269
AAGACTAACCCGTTGT-1,0.041439,0.958106,0.000114,0.000171,0.000171
AAGACTGCAAGCTACT-1,0.089593,0.004395,0.193784,0.162957,0.54927
AAGAGATGAATCGGTA-1,0.05753,0.191164,0.47628,0.016071,0.258955
AAGAGCTCTTTATCGG-1,0.000013,0.011386,0.335704,0.051608,0.601289
AAGAGGATGTACGCGA-1,0.063672,0.168847,0.626913,0.020166,0.120402
AAGAGGCATGGATCGC-1,0.129756,0.062859,0.668754,0.039177,0.099454
AAGAGGCCCTTTGGAA-1,0.11506,0.035464,0.037024,0.303955,0.508497
AAGATGGCACCGGACC-1,0.048731,0.057763,0.154701,0.484864,0.253941
AAGATTGGCGGAACGT-1,0.000016,0.128833,0.288703,0.102688,0.47976
AAGCACCCTGCGTATC-1,0.344553,0.019179,0.378209,0.0001,0.25796
AAGCATACTCTCCTGA-1,0.086433,0.069536,0.605828,0.18896,0.049243
AAGCCACTTGCAGGTA-1,0.549606,0.255531,0.194647,0.000108,0.000108
AAGCCGAAGCGGTTTA-1,0.016667,0.08295,0.310736,0.422349,0.167297
AAGCCGCCGTGAAATC-1,0.447573,0.084104,0.228529,0.125151,0.114643
AAGCCGGAGAGCAGGA-1,0.003525,0.094258,0.152782,0.213621,0.535814
AAGCGCAGGGCTTTGA-1,0.300226,0.014539,0.034759,0.454215,0.19626
AAGCGTCCCTCATCGA-1,0.374349,0.003399,0.157609,0.457513,0.007129
AAGCTAGATCGAGTAA-1,0.128854,0.444873,0.405288,0.009614,0.011372
AAGCTCGTGCCAAGTC-1,0.082019,0.037489,0.396204,0.144196,0.340092
AAGCTCTTTCATGGTG-1,0.263788,0.039781,0.02841,0.655764,0.012257
AAGGAGCGGTTGGTGC-1,0.000022,0.079461,0.452956,0.000711,0.46685
AAGGATCGATCGCTTG-1,0.000015,0.061808,0.675235,0.031219,0.231723
AAGGATGAGGGACCTC-1,0.057737,0.063095,0.026243,0.04837,0.804555
AAGGCAGGCTGTCTCC-1,0.051609,0.071323,0.49483,0.119183,0.263055
AAGGCGCGTAAAGCTT-1,0.000016,0.07221,0.144549,0.045065,0.73816
AAGGCTGTGCTCATCG-1,0.006298,0.144536,0.496754,0.013185,0.339228
AAGGGACAGATTCTGT-1,0.003701,0.137204,0.327469,0.028816,0.502809
AAGGGACTATGCATTC-1,0.274036,0.111986,0.34965,0.161123,0.103204
AAGGGTTAGCCATGCG-1,0.40181,0.317583,0.280367,0.00012,0.00012
AAGGTATCCTAATATA-1,0.077281,0.066238,0.133613,0.078556,0.644313
AAGGTGATAAACCAGC-1,0.155957,0.000007,0.15158,0.354654,0.337802
AAGTAGAAGACCGGGT-1,0.00002,0.209133,0.074382,0.020365,0.696099
AAGTAGTGACGCGAGG-1,0.014141,0.176831,0.516871,0.031181,0.260977
AAGTCAATTGTCGTCA-1,0.000887,0.021792,0.060913,0.261041,0.655367
AAGTGACGACCGAATT-1,0.071124,0.047331,0.806651,0.015511,0.059383
AAGTGAGTCGGGTTTA-1,0.120635,0.000012,0.006982,0.273424,0.598947
AAGTGCCTTGACTGTA-1,0.00191,0.020386,0.33435,0.178397,0.464957
AAGTGCGTTAGAATCT-1,0.175081,0.039795,0.673171,0.000136,0.111818
AAGTGCTTCTCTATTG-1,0.261261,0.195352,0.161926,0.227616,0.153844
AAGTGTTTGGAGACGG-1,0.000023,0.185265,0.612954,0.158313,0.043445
AAGTTCACTCCAAGCT-1,0.050132,0.015626,0.142252,0.382527,0.409464
AAGTTCGGCCAACAGG-1,0.080933,0.007293,0.252684,0.386586,0.272504
AAGTTGTGATGTTATA-1,0.143803,0.524946,0.235832,0.071852,0.023566
AAGTTTACTAATGGCA-1,0.10314,0.000024,0.117379,0.127324,0.652133
AAGTTTATGGGCCCAA-1,0.341491,0.075639,0.301167,0.279105,0.002598
AATAACAACGCTCGGC-1,0.032798,0.199374,0.53802,0.070204,0.159604
AATAACACTAGAACAA-1,0.271522,0.046146,0.386777,0.268364,0.027191
AATAACGTCGCGCCCA-1,0.588944,0.00333,0.091469,0.258928,0.057329
AATAATCTTCGTATCG-1,0.009639,0.036812,0.280016,0.261544,0.411988
AATACCGGAGGGCTGT-1,0.401097,0.167418,0.094336,0.260334,0.076814
AATACCTGATGTGAAC-1,0.668929,0.135448,0.195419,0.000102,0.000102
AATAGAACAGAGTGGC-1,0.128521,0.12253,0.552399,0.159239,0.03731
AATAGAATCTGTTTCA-1,0.003175,0.050562,0.720783,0.159948,0.065533
AATAGGCACGACCCTT-1,0.613611,0.385448,0.000235,0.000353,0.000353
AATAGTCCGTCCCGAC-1,0.211678,0.270341,0.308111,0.073876,0.135994
AATATCAAGGTCGGAT-1,0.571494,0.000066,0.000132,0.000198,0.42811
AATATCGAATCAATGC-1,0.000496,0.150655,0.292801,0.325327,0.230721
AATATCGAGGGTTCTC-1,0.000013,0.001147,0.016039,0.036906,0.945895
AATCAGACTGCAGGAC-1,0.018255,0.981313,0.000108,0.000162,0.000162
AATCAGGTTTCATTTA-1,0.136956,0.041349,0.011967,0.312153,0.497575
AATCATGTAAAGACTC-1,0.048211,0.130357,0.345187,0.290127,0.186119
AATCCAAGGGCCTGAG-1,0.157173,0.842437,0.000098,0.000146,0.000146
AATCCATGCAAGGGTG-1,0.319351,0.099529,0.478538,0.000315,0.102267
AATCCCGCTCAGAGCC-1,0.773269,0.175721,0.046785,0.004079,0.000146
AATCGAGGTCTCAAGG-1,0.999209,0.000088,0.000176,0.000264,0.000264
AATCGCCTCAGCGCCA-1,0.040627,0.050281,0.160008,0.217338,0.531746
AATCGCGCAGAGGACT-1,0.000011,0.014101,0.322512,0.065737,0.597639
AATCGGTATAGCCCTC-1,0.64766,0.021016,0.106866,0.224367,0.000091
AATCGTGAGCCGAGCA-1,0.313911,0.034292,0.080173,0.304996,0.266628
AATCTATGCCGGAGCC-1,0.00002,0.266352,0.11586,0.033252,0.584516
AATCTGCGTTGGGACG-1,0.000014,0.008552,0.130003,0.158914,0.702515
AATGACAGCAATGTCT-1,0.167457,0.114046,0.618247,0.043807,0.056443
AATGACGTAGGATGTC-1,0.026293,0.051071,0.416089,0.282757,0.22379
AATGACTGTCAGCCGG-1,0.000016,0.129177,0.171953,0.084664,0.614189
AATGAGTTCGCATATG-1,0.075269,0.177054,0.048689,0.032257,0.666731
AATGATGATACGCTAT-1,0.000024,0.079721,0.251098,0.08377,0.585387
AATGATGCGACTCCTG-1,0.008674,0.013031,0.011856,0.063479,0.90296
AATGCAACCGGGTACC-1,0.028418,0.119469,0.086074,0.252601,0.513437
AATGGTTCTCACAAGC-1,0.000016,0.278253,0.015099,0.020128,0.686504
AATGTGCCCGAGGTGT-1,0.24972,0.141738,0.416144,0.084672,0.107726
AATGTGCTAATCTGAG-1,0.535297,0.061728,0.30621,0.066545,0.03022
AATGTTAAGACCCTGA-1,0.993386,0.006275,0.000085,0.000127,0.000127
AATGTTGTCGTGAGAC-1,0.109944,0.269813,0.327185,0.224148,0.06891
AATTAAAGGTCGGCGT-1,0.325792,0.000021,0.243465,0.084601,0.346121
AATTAACGGATTTCCA-1,0.173897,0.002736,0.0511,0.554601,0.217665
AATTAGCGCTGCAGCG-1,0.393791,0.000022,0.131198,0.450983,0.024006
AATTATACCCAGCAAG-1,0.999796,0.000023,0.000045,0.000068,0.000068
AATTCATAAGGGATCT-1,0.001631,0.323609,0.085186,0.058083,0.531491
AATTCCAAGCATGTAC-1,0.20579,0.109117,0.000022,0.108192,0.57688
AATTCGATTCGAGGAT-1,0.165484,0.126937,0.107795,0.321237,0.278547
AATTCTAGAGTTAGGC-1,0.000036,0.069617,0.692043,0.235431,0.002873
AATTGAACGCTCTGGT-1,0.136308,0.007063,0.360223,0.23166,0.264745
AATTGCAGCAATCGAC-1,0.264718,0.117525,0.28708,0.297118,0.033558
AATTGTGGTTGCCAAA-1,0.017679,0.166311,0.415793,0.345879,0.054337
AATTTGGGACATAGTA-1,0.311137,0.000044,0.033202,0.087594,0.568022
ACAAACTCCATCAGAG-1,0.911854,0.00899,0.000058,0.002808,0.07629
ACAAAGCATGACCTAG-1,0.04575,0.094899,0.110849,0.540391,0.208111
ACAAATCGCACCGAAT-1,0.049691,0.391504,0.355939,0.160298,0.042568
ACAAATGGTAGTGTTT-1,0.000661,0.119754,0.244806,0.317175,0.317603
ACAACAGCATGAGCTA-1,0.005063,0.111434,0.078999,0.085415,0.719089
ACAACGGTCCCTGCGA-1,0.000024,0.505074,0.264415,0.0043,0.226187
ACAAGCAGTGCCTAGC-1,0.053649,0.018699,0.620887,0.062993,0.243772
ACAAGGAAATCCGCCC-1,0.045624,0.338045,0.593395,0.022877,0.000058
ACAAGGACAAGAGGTT-1,0.017955,0.071228,0.682524,0.042859,0.185434
ACAAGGATGCTTTAGG-1,0.119424,0.120789,0.246688,0.350707,0.162391
ACAAGGGCAGGCTCTG-1,0.01881,0.123408,0.649612,0.093981,0.114189
ACAAGTAATTGTAAGG-1,0.591058,0.2996,0.000156,0.000234,0.108952
ACAATCCATTTAAACC-1,0.042187,0.18261,0.408682,0.082301,0.284219
ACAATGAATACGGAGA-1,0.325504,0.050696,0.211357,0.315236,0.097207
ACAATTGTGTCTCTTT-1,0.07154,0.175411,0.315413,0.282384,0.155252
ACAATTTGAGCAGTGG-1,0.025159,0.023057,0.182745,0.029783,0.739256
ACAATTTGGCCATATT-1,0.002583,0.084026,0.707495,0.018297,0.1876
ACACAAAGACGGGTGG-1,0.008784,0.00815,0.040532,0.091669,0.850866
ACACACCAGGACCAGT-1,0.000213,0.000924,0.099795,0.252286,0.646782
ACACATTTCCGTAGAC-1,0.652693,0.077165,0.269852,0.000145,0.000145
ACACCACATAATTAGC-1,0.000198,0.036374,0.151895,0.100006,0.711527
ACACCCAGCATGCAGC-1,0.059837,0.124896,0.282818,0.01286,0.519589
ACACCCGAGAAATCCG-1,0.004288,0.425564,0.051276,0.005593,0.513279
ACACCTTAAGTAGGGC-1,0.000016,0.103801,0.061588,0.012241,0.822354
ACACCTTACTACTTGC-1,0.02398,0.063946,0.523283,0.104114,0.284677
ACACGAGACTCCTTCT-1,0.000288,0.4521,0.307149,0.087668,0.152795
ACACGGCACTATGCAT-1,0.148596,0.000028,0.146415,0.143273,0.561688
ACACGGGAACTTAGGG-1,0.000015,0.021303,0.160526,0.124621,0.693535
ACACGTAGGCCACAAG-1,0.000204,0.087432,0.598516,0.239723,0.074125
ACACTGATCAAGGTGT-1,0.118801,0.100142,0.08807,0.19437,0.498617
ACACTGGGACAGTCGT-1,0.062139,0.389816,0.255306,0.148517,0.144221
ACAGAACTGAGAACAA-1,0.063925,0.087549,0.745357,0.002877,0.100292
ACAGATTAGGTTAGTG-1,0.294409,0.000028,0.058606,0.000084,0.646873
ACAGCGACATTCTCAT-1,0.050311,0.252451,0.259919,0.340691,0.096628
ACAGCGCACCCGCAGC-1,0.102487,0.000013,0.011298,0.302674,0.583528
ACAGGCACGGATCCTT-1,0.368037,0.189493,0.193153,0.204272,0.045045
ACAGGCTTGCCCGACT-1,0.024268,0.000011,0.000021,0.210996,0.764703
ACAGGTGGAGGTGAGG-1,0.010146,0.089466,0.394361,0.419344,0.086682
ACATAATAAGGCGGTG-1,0.000012,0.047415,0.002409,0.034274,0.91589
ACATACAATCAAGCGG-1,0.884955,0.090892,0.023883,0.000135,0.000135
ACATCCCGGCCATACG-1,0.092088,0.191983,0.667586,0.014582,0.033761
ACATCCTGGTAACTGT-1,0.102879,0.000919,0.182194,0.025955,0.688054
ACATCGATCGTTTACC-1,0.003675,0.12696,0.65574,0.183222,0.030403
ACATCGCAATATTCGG-1,0.536734,0.462021,0.000311,0.000467,0.000467
ACATCGGTCAGCCGCG-1,0.110251,0.020452,0.619545,0.211421,0.03833
ACATCGTATGCAATGG-1,0.000021,0.068252,0.621323,0.213115,0.097289
ACATCGTTAACCTAGT-1,0.107184,0.000016,0.03507,0.191492,0.666239
ACATGGCGCCAAAGTA-1,0.000918,0.060668,0.134509,0.156985,0.64692
ACATTAGTTTATATCC-1,0.005503,0.331678,0.400159,0.234794,0.027867
ACATTCGCGCGGAATA-1,0.688848,0.131117,0.066214,0.088356,0.025465
ACATTTGAAACCTAAC-1,0.586524,0.284793,0.128488,0.000098,0.000098
ACCAACCGCACTCCAC-1,0.389108,0.058335,0.270806,0.196574,0.085178
ACCAACGCTTATTTAT-1,0.266467,0.004922,0.002135,0.357486,0.36899
ACCAAGAACGCGTGTC-1,0.036335,0.000618,0.00017,0.032335,0.930541
ACCAAGTCATCGGCAG-1,0.132323,0.109165,0.017795,0.443351,0.297367
ACCAATATGCAAGTTA-1,0.00543,0.262065,0.093954,0.516218,0.122334
ACCACAAGTTTCTATC-1,0.000012,0.018169,0.091879,0.03671,0.85323
ACCACACGGTTGATGG-1,0.882427,0.117369,0.000051,0.000076,0.000076
ACCACCAATGTAACAA-1,0.021506,0.002327,0.43671,0.064937,0.474519
ACCACGTGCAGCTATA-1,0.000433,0.144761,0.807423,0.042705,0.004678
ACCAGTGCGGGAGACG-1,0.030416,0.144806,0.193524,0.247889,0.383365
ACCATATCCGCAATAA-1,0.006836,0.013772,0.61841,0.1706,0.190383
ACCATCGTATATGGTA-1,0.043207,0.070831,0.273735,0.274976,0.337251
ACCCAACGCCCGTGGC-1,0.000007,0.000007,0.000432,0.004964,0.994591
ACCCACCTACATGCTC-1,0.150091,0.195953,0.182076,0.027434,0.444446
ACCCATCTTGAGGGTA-1,0.007348,0.152001,0.296316,0.300836,0.243499
ACCCATTTGTCCCTCT-1,0.133822,0.098695,0.025952,0.509427,0.232104
ACCCGAGCGAAATTAC-1,0.125894,0.2743,0.369475,0.206405,0.023925
ACCCGATTGGTTCCGA-1,0.393011,0.471367,0.103057,0.026973,0.005593
ACCCGGAAACTCCCAG-1,0.025366,0.137171,0.241251,0.345888,0.250325
ACCCGGAGCACCACAA-1,0.038818,0.103512,0.525362,0.115952,0.216357
ACCCGGATGACGCATC-1,0.000018,0.045642,0.589771,0.06136,0.303209
ACCCGGTTACACTTCC-1,0.106899,0.022358,0.360523,0.251421,0.258799
ACCCGTAGTCTAGTTG-1,0.392931,0.144278,0.380604,0.064616,0.017572
ACCCGTGTCATCAGTA-1,0.152957,0.223081,0.368257,0.114715,0.140989
ACCCTATAGGACTGAG-1,0.005251,0.989229,0.005129,0.000195,0.000195
ACCCTATGCCATATCG-1,0.329702,0.018603,0.080472,0.393618,0.177605
ACCCTCCCGTCAGGGC-1,0.693461,0.087235,0.132823,0.086374,0.000106
ACCCTCCCTTGCTATT-1,0.065152,0.079828,0.698807,0.123746,0.032467
ACCCTTCATCTGCGAA-1,0.744217,0.000067,0.021093,0.0002,0.234424
ACCGACACATCTCCCA-1,0.159053,0.083546,0.227587,0.339788,0.190025
ACCGACTGAGTCCCAC-1,0.01344,0.043646,0.455682,0.054491,0.432741
ACCGAGTCTCCTTATT-1,0.359888,0.009456,0.003971,0.490624,0.13606
ACCGATAGGCATAACC-1,0.063765,0.101325,0.224157,0.44195,0.168803
ACCGATATTTAATCAT-1,0.126901,0.237799,0.312902,0.209752,0.112647
ACCGATGGTAGCATCG-1,0.000016,0.025256,0.417246,0.051836,0.505646
ACCGCAATAACTGCCT-1,0.02424,0.004963,0.122637,0.394504,0.453656
ACCGCGGTGGAAGTCG-1,0.040967,0.004768,0.187965,0.201745,0.564555
ACCGCTAGTCATTGGT-1,0.654651,0.000022,0.000044,0.057195,0.288087
ACCGGGCCTTTGTTGA-1,0.031272,0.290139,0.255741,0.178537,0.24431
ACCGTGACCACGTGGG-1,0.289472,0.082763,0.064531,0.294591,0.268643
ACCTAAGTACCTTTCA-1,0.22046,0.035396,0.512788,0.112172,0.119184
ACCTAATCGACTTCCT-1,0.050966,0.075851,0.499821,0.110598,0.262764
ACCTACAGTATGTGGT-1,0.000021,0.043657,0.5622,0.115172,0.278949
ACCTACTATAAATCTA-1,0.08883,0.000009,0.000018,0.212436,0.698707
ACCTCAGCGAGGCGCA-1,0.770701,0.106609,0.000087,0.000131,0.122472
ACCTCCGCCCTCGCTG-1,0.022505,0.006159,0.059582,0.30894,0.602815
ACCTCCGTTATTCACC-1,0.000021,0.089961,0.236278,0.081538,0.592201
ACGACCCATGAGTTGC-1,0.000045,0.331841,0.570272,0.080676,0.017167
ACGACTCTAGGGCCGA-1,0.516847,0.046432,0.000944,0.088715,0.347062
ACGACTGGTCATACTC-1,0.191817,0.422978,0.141882,0.216222,0.027102
ACGAGAACCCATCACG-1,0.415679,0.005105,0.011226,0.000192,0.567798
ACGAGTACGGATGCCC-1,0.00001,0.00001,0.00134,0.020606,0.978034
ACGATACATAGAACTA-1,0.00001,0.003425,0.007344,0.023864,0.965357
ACGATCATACATAGAG-1,0.059787,0.003581,0.014982,0.28321,0.63844
ACGATCATCTTGTAAA-1,0.016281,0.001384,0.128104,0.096408,0.757824
ACGATGCATATGTTAT-1,0.00171,0.001629,0.45938,0.220444,0.316837
ACGCAAACTAATAGAT-1,0.134931,0.3082,0.396248,0.134446,0.026174
ACGCAATCACTACAGC-1,0.000025,0.31544,0.086792,0.036471,0.561272
ACGCATACGTTTACTA-1,0.071881,0.202371,0.422426,0.263019,0.040303
ACGCATTCGTGAGTAC-1,0.000012,0.000012,0.107247,0.012925,0.879804
ACGCCACTCGAAACAG-1,0.857504,0.139496,0.00278,0.00011,0.00011
ACGCCAGATGATTTCT-1,0.000045,0.846989,0.10812,0.000134,0.044713
ACGCCAGTGCGTTTGC-1,0.313489,0.371327,0.299764,0.008505,0.006915
ACGCCGCTAGACGACC-1,0.027642,0.057432,0.615818,0.161285,0.137822
ACGCGAAGTCAGACGA-1,0.087728,0.000486,0.867396,0.044111,0.00028
ACGCGCTACACAGGGT-1,0.069228,0.078493,0.705367,0.043287,0.103625
ACGCGGGCCAAGGACA-1,0.025131,0.084951,0.411599,0.148004,0.330316
ACGCTACTGAATGGGC-1,0.563043,0.005956,0.097418,0.180358,0.153225
ACGCTAGTGATACACT-1,0.007133,0.038339,0.139938,0.027294,0.787296
ACGGAACACGAGTGCC-1,0.594456,0.117015,0.288303,0.000113,0.000113
ACGGAATTTAGCAAAT-1,0.000019,0.122728,0.087296,0.01073,0.779228
ACGGACTCTCAAAGCG-1,0.055791,0.170844,0.143889,0.259124,0.370353
ACGGATGGTGCGGATA-1,0.010039,0.386752,0.132937,0.331134,0.139138
ACGGCACTTGCTTGGG-1,0.002303,0.083821,0.157819,0.300618,0.455439
ACGGCCAACATGGACT-1,0.212916,0.059774,0.62581,0.06428,0.037219
ACGGCGACGATGGGAA-1,0.104522,0.031566,0.653065,0.201467,0.00938
ACGGGAGTGTCGGCCC-1,0.111665,0.076299,0.73904,0.003202,0.069793
ACGGTACAGTTCAATG-1,0.7587,0.23978,0.001348,0.000086,0.000086
ACGTACTTTGGCACGG-1,0.427197,0.539514,0.01705,0.016158,0.000081
ACGTAGATTGCTGATG-1,0.086069,0.028149,0.524756,0.107252,0.253774
ACGTAGGAGAGTCGCT-1,0.297667,0.053438,0.013235,0.517338,0.118322
ACGTATTACTCCGATC-1,0.019983,0.030904,0.373488,0.088665,0.486959
ACGTGCGCCTCGTGCA-1,0.000028,0.577441,0.195968,0.000217,0.226347
ACGTTAATGTCGAAGA-1,0.000013,0.009685,0.224289,0.293981,0.472032
ACGTTAGATTTGCCCG-1,0.001483,0.252758,0.643677,0.076498,0.025584
ACGTTCACTATGCCGC-1,0.788849,0.025698,0.179787,0.005566,0.0001
ACGTTCGCAATCAATT-1,0.00001,0.00001,0.005003,0.012696,0.982282
ACGTTCGTTCAGGAAA-1,0.112044,0.12256,0.44897,0.238906,0.077521
ACGTTCTGTACAAGTC-1,0.441492,0.155929,0.326056,0.059998,0.016525
ACGTTGTCGTTGAAAG-1,0.997481,0.000032,0.000064,0.000096,0.002328
ACGTTTCGGTGCACTT-1,0.230721,0.334358,0.433425,0.00139,0.000106
ACTACAAAGAGAGGTG-1,0.730947,0.166744,0.095407,0.006842,0.000059
ACTACCAGCTCTCTGG-1,0.000019,0.01753,0.09671,0.046865,0.838876
ACTACCATCCGAGGGC-1,0.598814,0.400929,0.000064,0.000096,0.000096
ACTACGCGTTAGAATT-1,0.13678,0.025298,0.163984,0.474582,0.199356
ACTAGTTGCGATCGTC-1,0.000018,0.057451,0.350477,0.215333,0.37672
ACTATCCAGGGCATGG-1,0.000017,0.02023,0.365085,0.102223,0.512446
ACTATCTGCCCGCGTA-1,0.016166,0.233575,0.520178,0.147722,0.082358
ACTATGTCCAGCTGCC-1,0.308912,0.145853,0.316178,0.07496,0.154096
ACTATTTCCGGGCCCA-1,0.175326,0.025207,0.490178,0.246195,0.063093
ACTCAAGTGCAAGGCT-1,0.154774,0.000049,0.255699,0.582413,0.007065
ACTCAATAAAGGCACG-1,0.00001,0.005879,0.003409,0.012883,0.977819
ACTCAGACCTGCTTCT-1,0.3867,0.044843,0.029111,0.00015,0.539197
ACTCCAATATCATCAT-1,0.367031,0.120792,0.183373,0.324166,0.004638
ACTCCCGAATTCGTTT-1,0.010027,0.044071,0.034194,0.102665,0.809044
ACTCCCTAATGCTAAA-1,0.078025,0.227067,0.42162,0.15642,0.116869
ACTCCCTAGAATAGTA-1,0.06235,0.06493,0.584598,0.110653,0.177469
ACTCCGGCCGACCACT-1,0.331385,0.284649,0.300378,0.081169,0.002418
ACTCGCCGTTCGATAA-1,0.09603,0.051691,0.024704,0.380257,0.447317
ACTCGCGATCTGACGC-1,0.000008,0.006572,0.714146,0.014783,0.264492
ACTCGTCAGTAATCCC-1,0.010459,0.001981,0.048337,0.020364,0.918859
ACTCTCTGACTTAGGT-1,0.028719,0.228803,0.337651,0.201979,0.202848
ACTCTGACCTAATAGA-1,0.605389,0.000036,0.037814,0.35648,0.000281
ACTCTTCAGCTCCCGC-1,0.049899,0.019832,0.0741,0.230566,0.625602
ACTCTTGTATAGTAAC-1,0.041512,0.019308,0.490716,0.143894,0.304571
ACTGAAACGCCGTTAG-1,0.192881,0.077405,0.223584,0.297852,0.208278
ACTGAATGGCGAAAGT-1,0.082935,0.078988,0.711684,0.120267,0.006125
ACTGCCCGCCATTCTC-1,0.488075,0.296333,0.095187,0.113074,0.007331
ACTGCCGTCGTAACTC-1,0.000047,0.705938,0.119595,0.00014,0.17428
ACTGCGGACACACCGT-1,0.000011,0.013734,0.05969,0.055885,0.870678
ACTGGGATGCCAGTGC-1,0.706875,0.292855,0.000067,0.000101,0.000101
ACTGTACGATACACAT-1,0.000023,0.110488,0.428693,0.029468,0.431328
ACTGTAGCACTTTGGA-1,0.00003,0.466771,0.411822,0.00009,0.121287
ACTGTATACGCGAGCA-1,0.140385,0.220314,0.257628,0.002816,0.378857
ACTGTCCAGGATTATA-1,0.012395,0.021458,0.330969,0.05237,0.582808
ACTGTCTTCTTTAGAA-1,0.012878,0.08006,0.216555,0.09496,0.595547
ACTGTGCTAGTAGATC-1,0.000059,0.999467,0.000119,0.000178,0.000178
ACTTACGCATCCACGC-1,0.049465,0.226312,0.106847,0.358934,0.258442
ACTTAGTACGACAAGA-1,0.000025,0.912416,0.006758,0.000076,0.080725
ACTTATACTTACCCGG-1,0.009151,0.069252,0.397174,0.118556,0.405867
ACTTATTAGGATCGGT-1,0.000032,0.229178,0.725682,0.000097,0.045011
ACTTATTTATGTGCCA-1,0.005791,0.042886,0.21022,0.317815,0.423288
ACTTCAGGCTGATCCC-1,0.034626,0.332595,0.527197,0.05955,0.046032
ACTTCCATGCGGGACA-1,0.004446,0.129297,0.153638,0.372147,0.340472
ACTTCGCCATACGCAC-1,0.000018,0.074383,0.271005,0.132279,0.522315
ACTTCGCTAGCGAGTG-1,0.00001,0.00001,0.000019,0.020379,0.979583
ACTTGACTCCCTCTTT-1,0.010378,0.034052,0.198818,0.528445,0.228306
ACTTGGGACCCGGTGG-1,0.000023,0.134327,0.611615,0.017983,0.236053
ACTTGGGCTTTCGCCA-1,0.853075,0.144572,0.000588,0.000883,0.000883
ACTTGTGGATGGAACG-1,0.046908,0.003902,0.22145,0.397772,0.329968
ACTTGTTACCGGATCA-1,0.672316,0.320518,0.006883,0.000142,0.000142
ACTTTACCCTCATGAA-1,0.007411,0.33064,0.184199,0.105354,0.372397
ACTTTCCTATAGCTTC-1,0.000014,0.011476,0.186592,0.066159,0.735759
ACTTTGTCGACGCACT-1,0.034488,0.280902,0.255249,0.142496,0.286864
AGAAATTATGACTCGC-1,0.000006,0.00295,0.075806,0.062085,0.859153
AGAACCCAGCGTGACA-1,0.000006,0.002722,0.558737,0.006097,0.432439
AGAACGTGGTACATTC-1,0.012886,0.007961,0.166348,0.144012,0.668793
AGAACTGTACTTTGTA-1,0.849095,0.007569,0.138717,0.004501,0.000118
AGAAGAGCGCCGTTCC-1,0.132772,0.214387,0.298547,0.050252,0.304043
AGAAGGTTGCCGAATT-1,0.08575,0.005656,0.117052,0.120496,0.671046
AGAAGGTTGTAGGTCG-1,0.061685,0.086741,0.001207,0.138494,0.711873
AGAAGTGATTCGTGAT-1,0.112095,0.099187,0.770037,0.010136,0.008544
AGAATACAGGCTATCC-1,0.966695,0.033094,0.000053,0.000079,0.000079
AGAATTATGGATTCGA-1,0.000012,0.016506,0.249406,0.071482,0.662595
AGAATTGTTTGACATA-1,0.03155,0.160626,0.134454,0.004001,0.669369
AGACAGGCATCTCAGC-1,0.000007,0.000007,0.052119,0.026578,0.921288
AGACATAGATCCTTCC-1,0.421917,0.00008,0.040615,0.000239,0.537149
AGACCATGGGATACAA-1,0.008961,0.138582,0.388042,0.029641,0.434774
AGACCCACCGCTGATC-1,0.009729,0.566525,0.338444,0.081404,0.003898
AGACCCGCCCTCCTCG-1,0.01478,0.001279,0.022794,0.250116,0.711031
AGACCGCTCCGCGGTT-1,0.020188,0.323849,0.505047,0.073697,0.077219
AGACGAAGTGCCGGTC-1,0.023342,0.006679,0.281264,0.521958,0.166757
AGACGACGATGCCGCT-1,0.181203,0.000049,0.732775,0.085899,0.000074
AGACGCCCACTTCGCC-1,0.010314,0.180416,0.069265,0.242264,0.497742
AGACTAGCCTTCCAGA-1,0.016305,0.052053,0.213892,0.068545,0.649206
AGACTGTTACCGGGTC-1,0.256108,0.467878,0.105991,0.054218,0.115805
AGAGAAACACCAGAAA-1,0.320016,0.162599,0.383648,0.086088,0.047648
AGAGAACCGTCTAGGA-1,0.00001,0.207627,0.072847,0.050439,0.669077
AGAGAAGGAGTACAAT-1,0.38192,0.078893,0.274502,0.245802,0.018884
AGAGCCGCCGAGATTT-1,0.082715,0.128311,0.332018,0.357011,0.099944
AGAGCGGGCTAATCAT-1,0.008486,0.941747,0.042269,0.000123,0.007375
AGAGCGTACAAGCTCG-1,0.041912,0.106237,0.312621,0.025904,0.513326
AGAGGCTTCGGAAACC-1,0.002033,0.005921,0.370585,0.378637,0.242825
AGAGTAAACTTCACTA-1,0.030356,0.231459,0.124464,0.377553,0.236168
AGAGTATAGTGTTACG-1,0.010471,0.416551,0.043055,0.041577,0.488346
AGAGTCTTAATGAAAG-1,0.658671,0.212321,0.07506,0.037784,0.016165
AGATAACTTCAGGGCC-1,0.009818,0.010903,0.592381,0.048289,0.338609
AGATACCAATAGAACC-1,0.032298,0.235001,0.154658,0.423247,0.154796
AGATACCGGTGTTCAC-1,0.022338,0.282801,0.487001,0.161974,0.045886
AGATACGACTTCATAT-1,0.000043,0.393226,0.199039,0.001324,0.406367
AGATACTCAAGATCGA-1,0.044225,0.018827,0.588166,0.303881,0.044901
AGATATAATACGACTA-1,0.022387,0.10106,0.188752,0.351017,0.336784
AGATCGTGCATAAGAT-1,0.072614,0.75398,0.145042,0.000097,0.028267
AGATCTCAGGTGTGAT-1,0.000015,0.029023,0.403434,0.11581,0.451718
AGATGACTCGCCCACG-1,0.0069,0.253644,0.087778,0.050659,0.601019
AGATGATGGAGTCTGG-1,0.000018,0.051189,0.24871,0.208056,0.492028
AGATGCAAGACGTGCA-1,0.132811,0.195833,0.558255,0.037594,0.075507
AGATTATAGGACGTTT-1,0.000017,0.061889,0.52512,0.166202,0.246772
AGCAAAGGCCGCTAGT-1,0.145327,0.009431,0.040018,0.204725,0.6005
AGCAACATATCTTATT-1,0.230688,0.001187,0.336945,0.219206,0.211974
AGCACACGTTTAGACT-1,0.438322,0.261851,0.219247,0.080529,0.00005
AGCACCAGTACTCACG-1,0.009192,0.33644,0.140623,0.13011,0.383635
AGCACTACCTCACCAG-1,0.101387,0.013141,0.059976,0.101803,0.723693
AGCACTTAAGGACGCC-1,0.01699,0.035658,0.367951,0.26064,0.31876
AGCAGAAGGAGAAAGA-1,0.301609,0.039737,0.361653,0.217747,0.079255
AGCAGCCAGATGAATA-1,0.000018,0.160984,0.514908,0.22957,0.09452
AGCAGTCGAAGCATGC-1,0.991964,0.00003,0.000059,0.007858,0.000089
AGCATATCAATATGCT-1,0.106497,0.063165,0.803943,0.013366,0.013029
AGCATCGTCGATAATT-1,0.000024,0.039574,0.142288,0.080247,0.737867
AGCATTACGAGGCAAG-1,0.157226,0.202122,0.581302,0.056575,0.002775
AGCCAAGCTTTGTGTC-1,0.099284,0.299208,0.078288,0.257006,0.266214
AGCCACAGGTTACCCG-1,0.373038,0.000017,0.000394,0.471201,0.15535
AGCCACTCCCGTGCTT-1,0.000025,0.143438,0.157368,0.03018,0.668989
AGCCATATAGTATGTG-1,0.686307,0.033009,0.001959,0.050354,0.228371
AGCCCATACATGTAAG-1,0.029775,0.14623,0.635585,0.005106,0.183304
AGCCCGCAACAAGCAG-1,0.369196,0.05533,0.168596,0.370779,0.036099
AGCCCGCACTACAATG-1,0.377592,0.622207,0.00005,0.000076,0.000076
AGCCCGGCATTAGAGG-1,0.498096,0.004371,0.023173,0.25351,0.220849
AGCCCGGTAGCCTGTA-1,0.108341,0.587741,0.200993,0.041702,0.061223
AGCCCTAAGCGAAGTT-1,0.003562,0.966982,0.029157,0.00015,0.00015
AGCCCTCCCTGGTGGC-1,0.319863,0.529963,0.06845,0.063427,0.018297
AGCCCTGTCGCACCGT-1,0.001363,0.093678,0.751428,0.026632,0.126898
AGCCCTTCTAATCCGA-1,0.873232,0.000064,0.000127,0.000191,0.126386
AGCCCTTGGACATCCC-1,0.02338,0.236373,0.115983,0.419001,0.205264
AGCGACAGGAACGGTC-1,0.018584,0.142621,0.388,0.288836,0.161959
AGCGACATCCCATTCA-1,0.000035,0.753398,0.035582,0.000105,0.210879
AGCGACCAACGATATT-1,0.000025,0.218299,0.224054,0.070197,0.487425
AGCGACTTTGAAGACA-1,0.691442,0.30758,0.000245,0.000367,0.000367
AGCGAGACGTGAAGGC-1,0.734896,0.108681,0.142128,0.014253,0.000043
AGCGATGCGCCTAATA-1,0.156569,0.015786,0.002189,0.179289,0.646166
AGCGCATAATGAATCG-1,0.401252,0.007372,0.408102,0.175671,0.007603
AGCGCGGGTGCCAATG-1,0.156859,0.196474,0.044367,0.045527,0.556774
AGCGCTAGAGCGATGT-1,0.121904,0.085193,0.454162,0.05459,0.284151
AGCGGACACTTCGTAG-1,0.306361,0.027115,0.298925,0.136877,0.230723
AGCGGGAAGGGTCCAT-1,0.000035,0.857071,0.00928,0.000106,0.133509
AGCGGGTCTGACACTC-1,0.265378,0.066331,0.048583,0.130002,0.489706
AGCGTGGTATTCTACT-1,0.022133,0.070073,0.467931,0.331776,0.108088
AGCTAACAAGCAATGT-1,0.644829,0.00001,0.000572,0.242723,0.111866
AGCTAAGCTCCGTCCG-1,0.751139,0.24844,0.000105,0.000158,0.000158
AGCTAAGTACGCAGGC-1,0.011913,0.007804,0.031589,0.397284,0.55141
AGCTACGAATGGTGGT-1,0.613525,0.385972,0.000126,0.000189,0.000189
AGCTAGAAGCAGAAGT-1,0.025676,0.790918,0.042116,0.000089,0.1412
AGCTATTTAATCCAAC-1,0.060714,0.668178,0.220906,0.013054,0.037148
AGCTCCATATATGTTC-1,0.060763,0.001256,0.072723,0.496522,0.368737
AGCTCCTTCGCACATC-1,0.040776,0.044567,0.171634,0.216989,0.526033
AGCTCTAGACGTTCCA-1,0.000021,0.085289,0.787464,0.042802,0.084424
AGCTCTTCGTAACCTT-1,0.000021,0.041402,0.364581,0.124759,0.469237
AGCTCTTTACTCAGTT-1,0.123444,0.169182,0.602124,0.064943,0.040307
AGCTGAAGTAAACCAA-1,0.041321,0.089351,0.069529,0.01447,0.785329
AGCTGTAACCTCAATC-1,0.224338,0.09337,0.500957,0.062807,0.118527
AGCTTATAGAGACCTG-1,0.567896,0.000048,0.000096,0.000145,0.431814
AGCTTCTTCTCGAGCA-1,0.649235,0.000026,0.067434,0.033361,0.249945
AGGAACGAACGACTTC-1,0.019053,0.07406,0.09859,0.349357,0.458941
AGGAAGCTGTCCGCCG-1,0.100607,0.000013,0.003588,0.200946,0.694847
AGGACAGTCGAATCCC-1,0.025095,0.006503,0.022695,0.191665,0.754041
AGGACATCGCACGTCG-1,0.000025,0.042538,0.097097,0.012602,0.847737
AGGACATCGGCACACT-1,0.234048,0.071122,0.42489,0.07548,0.19446
AGGACGACCCATTAGA-1,0.097874,0.021528,0.817784,0.050677,0.012137
AGGAGAGTCTGGCTAC-1,0.103284,0.177193,0.093222,0.03371,0.592591
AGGAGCGTTTATTATC-1,0.638219,0.360635,0.000287,0.00043,0.00043
AGGAGGCCTTCGCGCG-1,0.033195,0.143448,0.697142,0.081125,0.045089
AGGATAAAGTCGGGAT-1,0.00001,0.068664,0.094504,0.140037,0.696786
AGGATATAGGGATTTA-1,0.021935,0.014764,0.320162,0.302124,0.341016
AGGATATCCGACTGCA-1,0.681846,0.174497,0.000994,0.04416,0.098503
AGGATTGCTTACGACA-1,0.00001,0.000673,0.000019,0.020799,0.9785
AGGCAAAGAGGAATCA-1,0.149171,0.047948,0.080651,0.103722,0.618508
AGGCACGTGACTGTCC-1,0.012383,0.067507,0.396142,0.348667,0.175302
AGGCAGATGCGTAAAC-1,0.000011,0.01091,0.07135,0.050534,0.867194
AGGCAGGGAGCGTACT-1,0.003838,0.360422,0.39501,0.184311,0.056419
AGGCATTGTCGTAGGG-1,0.007213,0.004776,0.575281,0.16572,0.247009
AGGCCACATTGGTTAC-1,0.001791,0.045999,0.441044,0.14858,0.362586
AGGCCACCCGTTATGA-1,0.00094,0.231433,0.376221,0.025647,0.365758
AGGCCCAGTGACTGGT-1,0.050407,0.247858,0.159417,0.013483,0.528835
AGGCCCATTGTACAGG-1,0.100944,0.783175,0.115501,0.00019,0.00019
AGGCCCTAGAACGCCA-1,0.103285,0.093559,0.802675,0.000136,0.000345
AGGCCTATCATACCAA-1,0.595109,0.318891,0.035541,0.037131,0.013328
AGGCCTGAGAATCTCG-1,0.095777,0.018379,0.044834,0.519173,0.321837
AGGCGATAACTGGCGT-1,0.00758,0.351761,0.381595,0.175498,0.083566
AGGCTATGGTTAGCTT-1,0.013803,0.253374,0.404795,0.061806,0.266222
AGGCTTAAGTTGCACA-1,0.817279,0.126751,0.000355,0.055081,0.000533
AGGCTTCCCGAAGAAG-1,0.021429,0.117507,0.615403,0.161083,0.084578
AGGGAAACGAGGTACT-1,0.522956,0.00003,0.071084,0.047884,0.358047
AGGGACAGCACGGCGG-1,0.124089,0.000024,0.105474,0.094096,0.676316
AGGGACCGGCTGCGTT-1,0.008927,0.021479,0.296722,0.198156,0.474716
AGGGACTCTACGCGAC-1,0.172479,0.019808,0.415923,0.137913,0.253877
AGGGAGACATACTTCG-1,0.000014,0.005055,0.012383,0.04065,0.941898
AGGGCAGCGGCGTGGT-1,0.164736,0.002,0.181481,0.117382,0.534401
AGGGCCCTAATGTTCT-1,0.028202,0.434008,0.26922,0.180219,0.088351
AGGGCGTGATCGGCTA-1,0.000024,0.226014,0.178084,0.025078,0.5708
AGGGCTGCAGTTACAG-1,0.00001,0.011592,0.207468,0.10269,0.67824
AGGGTCAGAGCACTCG-1,0.369276,0.390545,0.222195,0.01792,0.000064
AGGGTCGATGCGAACT-1,0.00001,0.014861,0.107436,0.017607,0.860086
AGGGTCTGGACGCAGT-1,0.340113,0.149258,0.507188,0.00294,0.0005
AGGGTGCCGTTCTTTA-1,0.212282,0.202881,0.544233,0.040548,0.000057
AGGGTGCTCTCGAGGG-1,0.000013,0.184489,0.527534,0.099461,0.188503
AGGGTTCAGACGGTCC-1,0.593182,0.018405,0.00293,0.206087,0.179395
AGGGTTCCCTTTGGTT-1,0.000017,0.037451,0.136243,0.083043,0.743246
AGGGTTTAGTTCGGGA-1,0.019856,0.166615,0.43674,0.092011,0.284777
AGGTAACCTCCTATTC-1,0.000073,0.86898,0.122437,0.000219,0.008291
AGGTAGATCGAGATAT-1,0.09893,0.00717,0.000791,0.113842,0.779267
AGGTAGGTACAAAGCT-1,0.039156,0.167501,0.457683,0.12021,0.215451
AGGTATAATTGATAGT-1,0.053004,0.083235,0.464257,0.183293,0.216211
AGGTATGCGGACATTA-1,0.000012,0.005214,0.076341,0.010578,0.907855
AGGTCGCCACTTCGGT-1,0.011044,0.251502,0.077046,0.009484,0.650924
AGGTCGCCTCCCAACA-1,0.020713,0.031936,0.477129,0.330414,0.139808
AGGTCGCGGAGTTACT-1,0.000015,0.001956,0.007789,0.04495,0.94529
AGGTGCACGTCCACAT-1,0.612197,0.286518,0.04374,0.008759,0.048785
AGGTGGTGACCTTCGC-1,0.132381,0.000015,0.000029,0.275434,0.592142
AGGTGTTGCCGACCAC-1,0.103571,0.401697,0.09242,0.165034,0.237279
AGGTTACACCATGCCG-1,0.000017,0.052984,0.610769,0.089314,0.246916
AGGTTGAGGCACGCTT-1,0.000013,0.137881,0.03597,0.067066,0.759071
AGGTTTCACACACCTT-1,0.007126,0.02692,0.365308,0.420933,0.179712
AGTAACTATAGCAGCC-1,0.240499,0.328321,0.405134,0.025955,0.000091
AGTAAGGGACAGAATC-1,0.960518,0.000042,0.000083,0.000125,0.039232
AGTAATCTAAGGGTGG-1,0.905523,0.010932,0.083254,0.000145,0.000145
AGTAATGTCTTGCCGC-1,0.221464,0.506714,0.13216,0.000126,0.139536
AGTACAGAAGCTTATA-1,0.703576,0.000017,0.000034,0.08768,0.208693
AGTACATCATTTATCA-1,0.00001,0.00001,0.00002,0.045413,0.954546
AGTACGGGCACCTGGC-1,0.012318,0.184285,0.076037,0.144811,0.582549
AGTACTCTTATGCCCA-1,0.005845,0.106002,0.362632,0.367322,0.158199
AGTAGAAGGCGCCTCA-1,0.46988,0.528416,0.001523,0.00009,0.00009
AGTAGGAAGGAAGTTG-1,0.820611,0.000026,0.000053,0.000079,0.179231
AGTAGGTAACATACAT-1,0.077233,0.487175,0.339441,0.000211,0.09594
AGTATAATACTAGGCA-1,0.000142,0.198703,0.132604,0.037687,0.630863
AGTATACACAGCGACA-1,0.126381,0.013166,0.010241,0.269687,0.580524
AGTATCCATAATAACG-1,0.000045,0.757866,0.00009,0.000136,0.241863
AGTATGCTGGAGACCA-1,0.238731,0.216884,0.389829,0.061629,0.092926
AGTATTTGGCACGACC-1,0.12327,0.186692,0.169751,0.487069,0.033218
AGTCAAATGATGTGAT-1,0.232952,0.666518,0.04339,0.007685,0.049455
AGTCAACACCACCATC-1,0.242831,0.035272,0.481125,0.050698,0.190074
AGTCAAGATGACACTT-1,0.004447,0.178452,0.392182,0.291642,0.133277
AGTCACTAGCTCTCGA-1,0.016646,0.171627,0.30755,0.309164,0.195012
AGTCAGCCACCGCCTG-1,0.00051,0.177523,0.019581,0.018762,0.783625
AGTCCATTGGCTGATG-1,0.044711,0.007577,0.226392,0.012679,0.70864
AGTCGAATTAGCGTAA-1,0.336623,0.22082,0.442329,0.000114,0.000114
AGTCGACGGTCTCAAG-1,0.003043,0.004093,0.266196,0.139663,0.587005
AGTCGGCCCAAACGAC-1,0.018489,0.116713,0.047761,0.054584,0.762453
AGTCGGTTGCGTGAGA-1,0.000018,0.137917,0.729372,0.00934,0.123352
AGTCGTATAAAGCAGA-1,0.120215,0.001431,0.005478,0.21126,0.661616
AGTCGTCGACCACCAA-1,0.047831,0.463863,0.245229,0.14298,0.100096
AGTCGTGGGCATTACG-1,0.15411,0.04241,0.59818,0.033588,0.171713
AGTCTAAAGTATACTC-1,0.000013,0.168534,0.060046,0.030174,0.741233
AGTCTCACAAGACTAC-1,0.343189,0.017258,0.247967,0.27614,0.115446
AGTCTTCTCCTCAAAT-1,0.000015,0.027435,0.012161,0.127359,0.83303
AGTCTTTAAAGTGTCC-1,0.123742,0.130733,0.71144,0.030348,0.003737
AGTGAACAAACTTCTC-1,0.07138,0.022486,0.300375,0.349963,0.255797
AGTGACCTACTTTACG-1,0.000023,0.000357,0.490144,0.048526,0.46095
AGTGACTGTGACACAA-1,0.367075,0.423423,0.009911,0.101866,0.097725
AGTGAGACTTCCAGTA-1,0.053585,0.003683,0.104071,0.093204,0.745456
AGTGAGCCTCGCCGCC-1,0.000014,0.083392,0.078402,0.120355,0.717836
AGTGAGTCGAATTAAC-1,0.084743,0.289658,0.141472,0.294785,0.189343
AGTGATAACCTGCGCG-1,0.09876,0.000035,0.438809,0.433449,0.028948
AGTGATATGAGTAGTT-1,0.023848,0.446594,0.405268,0.063736,0.060553
AGTGATTCAAGCAGGA-1,0.005413,0.052363,0.412495,0.070213,0.459517
AGTGCACGCTTAAGAA-1,0.016754,0.260132,0.430463,0.180075,0.112574
AGTGCGTAGCTCGTAA-1,0.098128,0.282957,0.30529,0.175073,0.138552
AGTGCTAAACACAGCA-1,0.010119,0.014746,0.114985,0.454193,0.405956
AGTGCTTGCACGAATA-1,0.012958,0.021189,0.324651,0.357551,0.28365
AGTGGCCCGCAAATGG-1,0.86343,0.088344,0.046933,0.001202,0.00009
AGTGGCGGCAATTTGA-1,0.000015,0.253826,0.065593,0.053368,0.627197
AGTGGCGTCTGAAGGT-1,0.022338,0.338974,0.404419,0.191906,0.042363
AGTGTATTGCGCATTG-1,0.43995,0.000035,0.007776,0.000104,0.552135
AGTTAAACACTTGCGA-1,0.094415,0.014948,0.209637,0.182127,0.498873
AGTTAAGCGGTCCCGG-1,0.074847,0.570451,0.172668,0.000161,0.181873
AGTTAAGTCAACCGCT-1,0.09495,0.12205,0.758626,0.000129,0.024244
AGTTACTCTATCGTGG-1,0.385588,0.000077,0.241535,0.00023,0.37257
AGTTATTCAGACTGTG-1,0.713057,0.280537,0.006207,0.0001,0.0001
AGTTCCTACAGAATTA-1,0.049723,0.01888,0.580006,0.036812,0.314579
AGTTCCTATTTATGTT-1,0.010785,0.062093,0.128636,0.400902,0.397584
AGTTCTGCGTTGTATC-1,0.069571,0.601599,0.028169,0.000195,0.300467
AGTTGACGGTCCTTGC-1,0.271089,0.000018,0.001435,0.44983,0.277628
AGTTGGCAAGGCTAGA-1,0.045006,0.035463,0.013769,0.444159,0.461603
AGTTTGCACCTGCCTC-1,0.217966,0.002624,0.122912,0.515221,0.141277
AGTTTGGCACGGGTTG-1,0.01818,0.013424,0.070382,0.415066,0.482948
AGTTTGGCCAGACCTA-1,0.175543,0.063279,0.668664,0.032549,0.059964
ATAAACCATTGGACGG-1,0.118731,0.000206,0.142789,0.085358,0.652917
ATAAACGGACCCGTAA-1,0.004195,0.14797,0.075695,0.249254,0.522886
ATAAACGTTGCACCAC-1,0.259387,0.087446,0.292386,0.210086,0.150695
