Barcode,Topic 1,Topic 2to4,Topic 5,Topic 6to7,Topic 8,Topic 9,Topic 10,Topic 11
AAACAAGTATCTCCCA-1,0.003434,0.634882,0.095085,0.254019,0.000009,0.001566,0.007336,0.00367
AAACACCAATAACTGC-1,0.012749,0.115283,0.000021,0.000811,0.871072,0.000021,0.000021,0.000021
AAACAGAGCGACTCCT-1,0.003959,0.713569,0.017772,0.034451,0.029604,0.193029,0.007604,0.000012
AAACAGCTTTCAGAAG-1,0.001876,0.039342,0.000045,0.118666,0.509292,0.229169,0.001718,0.099892
AAACAGGGTCTATATT-1,0.016102,0.433313,0.000015,0.02758,0.139798,0.112549,0.000015,0.270628
AAACAGTGTTCCTGGG-1,0.025055,0.136072,0.176682,0.507903,0.00412,0.000017,0.000017,0.150135
AAACATGGTGAGAGGA-1,0.471158,0.040981,0.019338,0.01806,0.22886,0.154119,0.06745,0.000033
AAACATTTCCCGGATT-1,0.000032,0.000097,0.129316,0.072914,0.000032,0.000032,0.600059,0.197516
AAACCACTACACAGAT-1,0.000032,0.142112,0.058048,0.38871,0.007142,0.00529,0.250248,0.148418
AAACCCGAACGAAATC-1,0.000033,0.427441,0.016261,0.017121,0.000033,0.224205,0.206895,0.10801
AAACCGGAAATGTTAA-1,0.010764,0.2343,0.196318,0.070553,0.005659,0.091501,0.31557,0.075335
AAACCGGGTAGGTACC-1,0.020163,0.693787,0.076212,0.126425,0.02562,0.033719,0.009555,0.014519
AAACCGTTCGTCCAGG-1,0.012718,0.226149,0.059109,0.475355,0.000011,0.007692,0.031906,0.187061
AAACCTAAGCAGCCGG-1,0.185042,0.002255,0.30757,0.115166,0.016331,0.000012,0.358854,0.014769
AAACCTCATGAAGTTG-1,0.000052,0.000155,0.000052,0.000103,0.047397,0.2483,0.000052,0.703889
AAACGAAGAACATACC-1,0.000033,0.061117,0.000033,0.000066,0.023573,0.732966,0.111162,0.07105
AAACGAAGATGGAGTA-1,0.000027,0.00008,0.000027,0.000054,0.931194,0.067096,0.000027,0.001496
AAACGACAGTCTTGCC-1,0.008407,0.000099,0.065947,0.287326,0.120257,0.000033,0.166836,0.351095
AAACGAGACGGTTGAT-1,0.000024,0.605697,0.000024,0.004369,0.012437,0.16914,0.001132,0.207179
AAACGCCCGAGATCGG-1,0.000045,0.000136,0.018938,0.00009,0.000045,0.299654,0.417904,0.263187
AAACGGGCGTACGGGT-1,0.000022,0.000066,0.096077,0.057958,0.145447,0.000022,0.529018,0.17139
AAACGGTTGCGAACTG-1,0.002454,0.12014,0.396757,0.282849,0.000014,0.000014,0.123731,0.07404
AAACGTGTTCGCCCTA-1,0.000039,0.030523,0.037445,0.019497,0.27837,0.000039,0.018412,0.615675
AAACTAACGTGGCGAC-1,0.00443,0.312633,0.317993,0.075049,0.000023,0.001798,0.048639,0.239434
AAACTCGGTTCGCAAT-1,0.000027,0.000082,0.000027,0.000054,0.001029,0.014891,0.643844,0.340045
AAACTCGTGATATAAG-1,0.000092,0.000275,0.000092,0.000183,0.053015,0.351612,0.000092,0.594641
AAACTGCTGGCTCCAA-1,0.02249,0.293043,0.046882,0.472231,0.016559,0.005205,0.027779,0.11581
AAACTTAATTGCACGC-1,0.031115,0.302727,0.000037,0.081946,0.178949,0.054438,0.004972,0.345815
AAACTTGCAAACGTAT-1,0.017892,0.746077,0.010164,0.047962,0.013971,0.02379,0.026231,0.113912
AAAGAATGACCTTAGA-1,0.327591,0.002799,0.014039,0.014411,0.294717,0.292481,0.047852,0.006111
AAAGAATGTGGACTAA-1,0.025554,0.063337,0.259171,0.03956,0.06499,0.086241,0.418136,0.043011
AAAGACATGAAGTTTA-1,0.000044,0.000132,0.058947,0.000088,0.000044,0.245413,0.272265,0.423067
AAAGACCCAAGTCGCG-1,0.241367,0.000456,0.040667,0.000304,0.07802,0.380566,0.000152,0.258468
AAAGACTGGGCGCTTT-1,0.506016,0.081927,0.013629,0.073191,0.291938,0.004258,0.009552,0.019489
AAAGCTTGCCTACATA-1,0.068635,0.000155,0.000052,0.000104,0.266239,0.216028,0.000052,0.448735
AAAGGCCCTATAATAC-1,0.010814,0.482529,0.011062,0.199107,0.018953,0.040358,0.03216,0.205017
AAAGGCTACGGACCAT-1,0.019101,0.10979,0.001236,0.321342,0.119689,0.057388,0.326401,0.045053
AAAGGCTCTCGCGCCG-1,0.007398,0.160484,0.000029,0.174795,0.007146,0.034893,0.367186,0.248068
AAAGGGATGTAGCAAG-1,0.410103,0.13556,0.023535,0.001852,0.000029,0.428376,0.000516,0.000029
AAAGGGCAGCTTGAAT-1,0.541678,0.160629,0.073153,0.029116,0.093915,0.039935,0.031671,0.029903
AAAGGTAAGCTGTACC-1,0.036191,0.300825,0.173681,0.357184,0.068179,0.01717,0.039646,0.007125
AAAGGTCAACGACATG-1,0.000042,0.000127,0.118055,0.00135,0.000042,0.090867,0.43742,0.352097
AAAGTAGCATTGCTCA-1,0.031644,0.613829,0.017913,0.320245,0.005595,0.01076,0.000007,0.000007
AAAGTCACTGATGTAA-1,0.029984,0.135331,0.000062,0.146519,0.046289,0.570864,0.019517,0.051434
AAAGTCGACCCTCAGT-1,0.002761,0.007229,0.000039,0.007406,0.432343,0.213618,0.032192,0.304412
AAAGTGTGATTTATCT-1,0.000034,0.184068,0.000034,0.003016,0.000034,0.001056,0.000034,0.811722
AAAGTTGACTCCCGTA-1,0.000018,0.627053,0.008106,0.145203,0.000018,0.013427,0.054154,0.152021
AAATAACCATACGGGA-1,0.037715,0.832315,0.060055,0.00203,0.000013,0.067848,0.000013,0.000013
AAATAAGGTAGTGCCC-1,0.042881,0.111317,0.276274,0.065868,0.364001,0.00008,0.103883,0.035696
AAATACCTATAAGCAT-1,0.002664,0.17848,0.165179,0.222451,0.128574,0.146014,0.155382,0.001257
AAATAGCTTAGACTTT-1,0.000049,0.000146,0.000049,0.000097,0.165171,0.536546,0.000049,0.297893
AAATAGGGTGCTATTG-1,0.072842,0.00006,0.00002,0.00004,0.054559,0.006009,0.185515,0.680954
AAATCACTCCTAAACG-1,0.000072,0.000215,0.000072,0.000143,0.000072,0.005653,0.716738,0.277035
AAATCCGATACACGCC-1,0.006607,0.000073,0.037921,0.01772,0.07642,0.000024,0.574784,0.286451
AAATCGCGGAAGGAGT-1,0.00004,0.000121,0.00004,0.00008,0.63147,0.145605,0.00004,0.222603
AAATCGTGTACCACAA-1,0.05037,0.282474,0.137257,0.16902,0.004397,0.014743,0.165187,0.176551
AAATCTAGCCCTGCTA-1,0.000014,0.120034,0.086393,0.13721,0.066212,0.119784,0.363976,0.106376
AAATGACTGATCAAAC-1,0.027155,0.099792,0.012854,0.245093,0.000017,0.032174,0.506695,0.076219
AAATGATTCGATCAGC-1,0.004848,0.650209,0.000029,0.01151,0.000029,0.047386,0.000029,0.28596
AAATGGCATGTCTTGT-1,0.000036,0.265679,0.000036,0.040601,0.001613,0.506709,0.000036,0.185289
AAATGGCCCGTGCCCT-1,0.013203,0.628811,0.000013,0.038992,0.221056,0.035588,0.004053,0.058284
AAATGGTCAATGTGCC-1,0.007392,0.864953,0.034207,0.049424,0.020242,0.022567,0.000014,0.0012
AAATTAACGGGTAGCT-1,0.006242,0.84599,0.021469,0.081589,0.000013,0.001697,0.00139,0.041611
AAATTAATAAGCGCGA-1,0.761123,0.0039,0.002038,0.043931,0.084699,0.022755,0.081523,0.000031
AAATTACACGACTCTG-1,0.037289,0.794428,0.011626,0.037008,0.001602,0.070223,0.011878,0.035946
AAATTACCTATCGATG-1,0.000158,0.000475,0.000158,0.000317,0.477371,0.0769,0.000158,0.444462
AAATTCCAGGTCCAAA-1,0.062692,0.196465,0.093662,0.000574,0.123126,0.472178,0.030878,0.020425
AAATTGATAGTCCTTT-1,0.000238,0.271757,0.000021,0.037098,0.016348,0.058614,0.015715,0.600209
AAATTGGTGAGAAGCA-1,0.00977,0.604235,0.181944,0.153314,0.013039,0.037676,0.000011,0.000011
AAATTTACCGAAATCC-1,0.00003,0.023525,0.00003,0.00006,0.00003,0.535356,0.234153,0.206817
AAATTTGCGGGTGTGG-1,0.009535,0.304238,0.002989,0.372572,0.001353,0.00001,0.00001,0.309292
AACAACTGGTAGTTGC-1,0.000047,0.000142,0.000047,0.000095,0.179712,0.448433,0.01127,0.360253
AACAATACATTGTCGA-1,0.168977,0.150808,0.061178,0.313996,0.003897,0.002341,0.048456,0.250347
AACAATTACTCTACGC-1,0.000695,0.008468,0.000056,0.000112,0.36521,0.218299,0.000056,0.407105
AACACACGCTCGCCGC-1,0.008583,0.059503,0.046454,0.529935,0.10611,0.10557,0.099146,0.0447
AACACGACTGTACTGA-1,0.000052,0.011182,0.000052,0.000105,0.130779,0.671121,0.000052,0.186658
AACACGAGACGCGGCC-1,0.002221,0.755684,0.032505,0.093337,0.051127,0.03765,0.021397,0.00608
AACACGCGGCCGCGAA-1,0.753708,0.049611,0.022326,0.000063,0.029793,0.138935,0.005534,0.000031
AACAGCTGTGTGGCAA-1,0.00012,0.00036,0.220931,0.00024,0.00012,0.00012,0.079715,0.698394
AACAGGAAATCGAATA-1,0.010198,0.000248,0.000083,0.000165,0.065462,0.645795,0.000083,0.277967
AACAGGATGGGCCGCG-1,0.000041,0.000122,0.000041,0.000081,0.089647,0.423611,0.000041,0.486416
AACAGGTAGTATGGAT-1,0.002526,0.496372,0.029547,0.171451,0.000022,0.009362,0.051116,0.239604
AACATAGCGTGTATCG-1,0.074062,0.038956,0.154727,0.054372,0.006448,0.126926,0.443501,0.101008
AACATATCAACTGGTG-1,0.000162,0.284024,0.001692,0.029534,0.15064,0.077989,0.000162,0.455797
AACATCGATACGTCTA-1,0.001576,0.329516,0.046526,0.046552,0.123283,0.242927,0.026002,0.183617
AACATTGAAGTTGATC-1,0.002046,0.758437,0.041703,0.197757,0.000014,0.000014,0.000014,0.000014
AACATTGTGACTCGAG-1,0.024517,0.101388,0.015695,0.094015,0.041707,0.018608,0.50423,0.199839
AACCAAGACTTCTCTG-1,0.003659,0.588619,0.000015,0.138238,0.069465,0.106313,0.013502,0.080188
AACCAGTATCACTCTT-1,0.000033,0.170497,0.128,0.017482,0.000033,0.171093,0.022946,0.489916
AACCATAGGGTTGAAC-1,0.002208,0.081776,0.000031,0.072464,0.290889,0.246165,0.040911,0.265556
AACCATGGGATCGCTA-1,0.74841,0.062172,0.000447,0.000057,0.000029,0.186237,0.002619,0.000029
AACCCAGAGACGGAGA-1,0.744801,0.035816,0.026245,0.000087,0.000044,0.19292,0.000044,0.000044
AACCCATCCCATGATC-1,0.000055,0.204657,0.01115,0.385392,0.192882,0.000055,0.000055,0.205754
AACCCGACAACCCGTG-1,0.000021,0.015224,0.166979,0.101743,0.000021,0.001689,0.47889,0.235434
AACCCGAGCAGAATCG-1,0.000017,0.039444,0.338438,0.029222,0.070281,0.04869,0.364457,0.10945
AACCCGATAGGGCTTC-1,0.000064,0.000192,0.224911,0.011722,0.000064,0.000064,0.473369,0.289613
AACCCGCTGTATTCCA-1,0.005187,0.120259,0.004568,0.035298,0.005312,0.206299,0.5132,0.109877
AACCCTACTGTCAATA-1,0.001702,0.602706,0.000017,0.008327,0.013315,0.220752,0.087603,0.065577
AACCCTGGTGGAACCA-1,0.029514,0.899045,0.03312,0.031379,0.000009,0.006916,0.000009,0.000009
AACCGAGCTTGGTCAT-1,0.336815,0.233762,0.037065,0.000036,0.000018,0.392268,0.000018,0.000018
AACCGCTAAGGGATGC-1,0.003047,0.309919,0.018583,0.103906,0.000026,0.003956,0.000429,0.560134
AACCGTTGTGTTTGCT-1,0.000073,0.000219,0.000073,0.000146,0.000073,0.601484,0.000073,0.397861
AACCTAAAGCCGTCCG-1,0.009857,0.542729,0.136419,0.026705,0.000012,0.134788,0.126506,0.022984
AACCTCGCTTTAGCCC-1,0.036404,0.029024,0.071635,0.068536,0.022959,0.025048,0.433332,0.313062
AACCTGTCACGGAATT-1,0.000105,0.000316,0.000105,0.000211,0.049736,0.187205,0.000105,0.762216
AACCTTTAAATACGGT-1,0.024685,0.147355,0.001668,0.234382,0.163822,0.116169,0.303221,0.008698
AACCTTTACGACGTCT-1,0.01461,0.508947,0.002917,0.005098,0.088048,0.375721,0.002575,0.002084
AACGAAAGTCGTCCCA-1,0.000058,0.0303,0.000058,0.000117,0.209055,0.287993,0.000058,0.47236
AACGATAATGCCGTAG-1,0.048376,0.107148,0.114548,0.507625,0.000011,0.007684,0.190042,0.024567
AACGATAGAAGGGCCG-1,0.423857,0.053939,0.068674,0.000046,0.000023,0.449562,0.003877,0.000023
AACGATATGTCAACTG-1,0.241329,0.306176,0.072296,0.000044,0.000022,0.376633,0.003477,0.000022
AACGCATGATCTGGGT-1,0.008211,0.899257,0.006113,0.023923,0.000016,0.00483,0.000804,0.056848
AACGCGACCTTGGGCG-1,0.018139,0.117593,0.000768,0.083755,0.176842,0.080983,0.51737,0.00455
AACGCGGTCTCCAGCC-1,0.342188,0.192389,0.032634,0.000149,0.000024,0.432569,0.000024,0.000024
AACGCTGTTGCTGAAA-1,0.000021,0.003371,0.01449,0.00893,0.000021,0.044533,0.18105,0.747585
AACGGACGTACGTATA-1,0.016794,0.024403,0.09387,0.475954,0.12397,0.13625,0.117581,0.011179
AACGGCCATCTCCGGT-1,0.000019,0.006277,0.086908,0.383861,0.210024,0.000019,0.01979,0.293103
AACGTACTGTGGGTAC-1,0.001967,0.158524,0.069113,0.169222,0.000021,0.000021,0.000021,0.601109
AACGTCAGACTAGTGG-1,0.431783,0.145502,0.056916,0.018676,0.062628,0.23258,0.013783,0.038132
AACGTCATCCGGCTTG-1,0.000022,0.052261,0.000022,0.026001,0.082059,0.063248,0.54208,0.234307
AACGTGATGAAGGACA-1,0.031121,0.771981,0.056373,0.004647,0.000841,0.134513,0.000515,0.000009
AACGTGCGAAAGTCTC-1,0.000022,0.518837,0.000022,0.002098,0.002087,0.280519,0.008205,0.188209
AACTACCCGTTTGTCA-1,0.008599,0.61923,0.005624,0.199688,0.00329,0.037894,0.049934,0.075741
AACTAGGCTTGGGTGT-1,0.015017,0.115776,0.003003,0.543169,0.008348,0.010785,0.075651,0.228251
AACTCAAGTTAATTGC-1,0.007563,0.582254,0.024695,0.385453,0.000009,0.000009,0.000009,0.000009
AACTCCAGAGCGTGTT-1,0.016899,0.142952,0.458419,0.272598,0.005847,0.025566,0.075471,0.002247
AACTCCTAATCCCATG-1,0.031128,0.37913,0.064204,0.178014,0.000024,0.18354,0.052115,0.111845
AACTCTCAATAGAGCG-1,0.121935,0.000178,0.000059,0.000119,0.165131,0.528429,0.000059,0.184089
AACTCTCAGTGTGCTC-1,0.000023,0.183519,0.01613,0.141258,0.007068,0.026807,0.039282,0.585913
AACTGAGGTCAGCGTC-1,0.003138,0.082571,0.03902,0.0224,0.000037,0.304669,0.127733,0.420433
AACTGAGTTATACTGA-1,0.014666,0.395902,0.075418,0.148923,0.060358,0.162719,0.135729,0.006285
AACTGATATTAGGCCT-1,0.063554,0.000278,0.000093,0.000186,0.023074,0.523812,0.000093,0.388911
AACTGGGTCCCGACGT-1,0.161674,0.289855,0.031205,0.000113,0.008019,0.481467,0.00108,0.026587
AACTGGGTTCGAGCCG-1,0.015455,0.506382,0.338444,0.065054,0.012902,0.054627,0.001564,0.005573
AACTGGTGTGGGCCTT-1,0.008146,0.004515,0.000111,0.000222,0.15813,0.26282,0.000111,0.565944
AACTTCTGCGTCTATC-1,0.765337,0.000115,0.00648,0.000076,0.000038,0.215729,0.012186,0.000038
AACTTGCCCGTATGCA-1,0.000049,0.000147,0.000049,0.000098,0.39615,0.333541,0.025164,0.244804
AACTTTACGGGAGCTT-1,0.385872,0.010882,0.037473,0.089555,0.377801,0.00006,0.080025,0.018331
AACTTTCTCGATCATG-1,0.000057,0.025023,0.000057,0.000115,0.083697,0.169661,0.000057,0.721332
AAGAAAGTTTGATGGG-1,0.253035,0.167612,0.039105,0.093297,0.189677,0.219749,0.033732,0.003792
AAGAAATCACCAGATT-1,0.009734,0.784168,0.003731,0.091487,0.080263,0.024439,0.002964,0.003215
AAGAAGGATCAGTTAG-1,0.725559,0.000656,0.000035,0.000071,0.000035,0.27147,0.002138,0.000035
AAGACATACGTGGTTT-1,0.014244,0.000104,0.006426,0.00007,0.000035,0.000035,0.539733,0.439354
AAGACCAAATAACTCA-1,0.049306,0.134733,0.00004,0.043005,0.169759,0.375024,0.050703,0.17743
AAGACCCAACTGAACA-1,0.005153,0.169445,0.012704,0.31422,0.001311,0.003261,0.366541,0.127364
AAGACTCACGCCCACT-1,0.000866,0.131549,0.066885,0.093397,0.012873,0.158403,0.231357,0.30467
AAGACTGCAAGCTACT-1,0.001467,0.642298,0.010009,0.07644,0.00089,0.174826,0.001633,0.092437
AAGAGATGAATCGGTA-1,0.274,0.070388,0.000117,0.046423,0.359359,0.013029,0.054055,0.182629
AAGAGCTCTTTATCGG-1,0.136306,0.766389,0.006107,0.091133,0.000016,0.000016,0.000016,0.000016
AAGAGGATGTACGCGA-1,0.023559,0.474151,0.07686,0.07224,0.009587,0.227096,0.009385,0.107121
AAGAGGCATGGATCGC-1,0.003383,0.651634,0.003611,0.050998,0.027618,0.187884,0.054517,0.020355
AAGAGGCCCTTTGGAA-1,0.00003,0.000089,0.008015,0.00006,0.00003,0.170778,0.367921,0.453077
AAGATGGCACCGGACC-1,0.02519,0.57893,0.057481,0.156902,0.06332,0.087648,0.030524,0.000006
AAGATTGGCGGAACGT-1,0.131774,0.000829,0.000276,0.000553,0.174825,0.174699,0.000276,0.516768
AAGCACCCTGCGTATC-1,0.037051,0.061946,0.012143,0.201025,0.066737,0.165992,0.445285,0.009821
AAGCATACTCTCCTGA-1,0.007256,0.161768,0.000018,0.021846,0.086261,0.158253,0.473544,0.091053
AAGCCACTTGCAGGTA-1,0.02842,0.537412,0.003609,0.058851,0.000022,0.057839,0.000985,0.312863
AAGCCGAAGCGGTTTA-1,0.0221,0.508205,0.290707,0.079153,0.058815,0.001365,0.008879,0.030777
AAGCCGCCGTGAAATC-1,0.000018,0.605528,0.02308,0.227635,0.029369,0.001499,0.013399,0.099472
AAGCCGCTTTACCTTG-1,0.023665,0.798138,0.010038,0.084792,0.0118,0.000872,0.000017,0.070677
AAGCGCAGGGCTTTGA-1,0.003767,0.004993,0.136511,0.807613,0.047098,0.000006,0.000006,0.000006
AAGCGGAGTGCGCGCA-1,0.003051,0.061711,0.17427,0.000074,0.145026,0.012164,0.166943,0.436763
AAGCGGCGTCATGGGT-1,0.000964,0.141277,0.046017,0.004585,0.000027,0.155635,0.016944,0.634551
AAGCGTCCCTCATCGA-1,0.009866,0.163607,0.025221,0.098863,0.000028,0.045852,0.0135,0.643063
AAGCTAGATCGAGTAA-1,0.000016,0.016738,0.279851,0.025837,0.000103,0.077734,0.371865,0.227855
AAGCTCGTGCCAAGTC-1,0.000037,0.527648,0.000037,0.000074,0.000037,0.161129,0.000037,0.311003
AAGCTCTTTCATGGTG-1,0.00207,0.106324,0.013359,0.261765,0.00002,0.009705,0.100391,0.506366
AAGGAGAACTTATAAG-1,0.000075,0.000225,0.000075,0.00015,0.014267,0.614,0.000075,0.371132
AAGGAGCGGTTGGTGC-1,0.000067,0.000202,0.000067,0.000134,0.000067,0.521509,0.000067,0.477886
AAGGATCGATCGCTTG-1,0.002378,0.291581,0.000017,0.070342,0.171539,0.441574,0.010329,0.012241
AAGGATGAGGGACCTC-1,0.249559,0.237224,0.087426,0.000076,0.000018,0.421148,0.004532,0.000018
AAGGCAGGCTGTCTCC-1,0.000024,0.588277,0.000024,0.052896,0.000115,0.06456,0.00719,0.286915
AAGGCGCGTAAAGCTT-1,0.489119,0.059325,0.05482,0.081054,0.285934,0.029608,0.00007,0.00007
AAGGCTGTGCTCATCG-1,0.000072,0.000217,0.000072,0.000145,0.078054,0.457581,0.000072,0.463785
AAGGGAACGACTGGCT-1,0.006942,0.434231,0.004927,0.522067,0.007139,0.000013,0.000013,0.024669
AAGGGACAGATTCTGT-1,0.000206,0.000617,0.000206,0.000411,0.355377,0.071619,0.000206,0.571358
AAGGGACTATGCATTC-1,0.009771,0.560403,0.024574,0.17599,0.096255,0.071949,0.042185,0.018872
AAGGGTTTGATTTCAG-1,0.423407,0.027438,0.000044,0.003688,0.189987,0.161935,0.000044,0.193456
AAGGTATCCTAATATA-1,0.272353,0.229815,0.087089,0.003002,0.001596,0.405964,0.000146,0.000036
AAGGTGATAAACCAGC-1,0.01446,0.273658,0.044897,0.523614,0.040711,0.007793,0.07306,0.021807
AAGTAGAAGACCGGGT-1,0.511538,0.145243,0.051832,0.000391,0.000032,0.287742,0.003191,0.000032
AAGTAGTGACGCGAGG-1,0.001908,0.843089,0.009843,0.034062,0.000013,0.016333,0.005431,0.089321
AAGTCAATTGTCGTCA-1,0.000024,0.224269,0.000024,0.041665,0.073038,0.351093,0.105368,0.20452
AAGTCTAGTAGCTGCC-1,0.002565,0.471,0.000015,0.254355,0.052319,0.192064,0.012211,0.01547
AAGTCTTCTGTGGCCT-1,0.507449,0.020012,0.004007,0.248283,0.165761,0.000025,0.054438,0.000025
AAGTGACGACCGAATT-1,0.023332,0.451706,0.021718,0.048761,0.00457,0.190248,0.013853,0.245812
AAGTGAGTCGGGTTTA-1,0.034781,0.078098,0.05752,0.057677,0.000021,0.004043,0.154488,0.613371
AAGTGCAAAGGTAGAC-1,0.675211,0.074377,0.00637,0.025616,0.120058,0.060865,0.037477,0.000027
AAGTGCCTTGACTGTA-1,0.000021,0.65801,0.016351,0.092739,0.000018,0.081368,0.018595,0.132898
AAGTGCGTTAGAATCT-1,0.054865,0.424975,0.013215,0.459707,0.006859,0.03395,0.000009,0.00642
AAGTGCTTCTCTATTG-1,0.000011,0.437964,0.002541,0.535689,0.000011,0.000011,0.00171,0.022062
AAGTGTTTGGAGACGG-1,0.000026,0.021217,0.051564,0.232279,0.000026,0.000026,0.132935,0.561926
AAGTTCACTCCAAGCT-1,0.046725,0.104208,0.005899,0.576218,0.040435,0.007567,0.162698,0.05625
AAGTTCAGTCTGCGTA-1,0.074213,0.709101,0.015406,0.072344,0.000016,0.082698,0.003318,0.042905
AAGTTCGGCCAACAGG-1,0.000023,0.331154,0.03029,0.014991,0.000023,0.180434,0.009854,0.433231
AAGTTGTGATGTTATA-1,0.029611,0.019204,0.112663,0.053985,0.020284,0.079885,0.557322,0.127047
AAGTTTACTAATGGCA-1,0.000053,0.000159,0.000053,0.000106,0.090961,0.860072,0.00722,0.041377
AAGTTTATGGGCCCAA-1,0.000027,0.000081,0.042158,0.032282,0.001374,0.000027,0.612373,0.311678
AATAACAACGCTCGGC-1,0.018148,0.672532,0.015699,0.152245,0.044263,0.082617,0.013144,0.001352
AATAACACTAGAACAA-1,0.00418,0.194879,0.241445,0.218455,0.009659,0.123117,0.141488,0.066778
AATAAGTCCTCGAGAC-1,0.006549,0.80862,0.078051,0.045658,0.000015,0.027309,0.015717,0.018082
AATAATCTTCGTATCG-1,0.00008,0.338886,0.104191,0.02831,0.000027,0.060011,0.212431,0.256064
AATACAATGTTTCAGG-1,0.761253,0.013244,0.019681,0.003569,0.028184,0.132668,0.041366,0.000035
AATACCGGAGGGCTGT-1,0.025064,0.434949,0.058837,0.176737,0.04324,0.026926,0.111897,0.122349
AATAGAACAGAGTGGC-1,0.004013,0.289965,0.066539,0.147283,0.124115,0.183432,0.18215,0.002502
AATAGAATCTGTTTCA-1,0.001512,0.196039,0.005745,0.325062,0.146821,0.039478,0.136836,0.148508
AATAGCAAGCCTCCTG-1,0.002137,0.025619,0.250973,0.126416,0.000042,0.1288,0.101879,0.364135
AATAGCTACCGCGTGC-1,0.008268,0.959735,0.010349,0.008073,0.000013,0.010704,0.000013,0.002846
AATAGGCACGACCCTT-1,0.02411,0.482374,0.319503,0.146612,0.000012,0.000012,0.0073,0.020075
AATAGTCCGTCCCGAC-1,0.00004,0.019645,0.096018,0.003349,0.00004,0.00004,0.537035,0.343832
AATATCAAGGTCGGAT-1,0.702247,0.000284,0.000095,0.000189,0.120574,0.136965,0.039551,0.000095
AATATCGAATCAATGC-1,0.001318,0.487344,0.192032,0.10119,0.046449,0.120007,0.040637,0.011023
AATATCGAGGGTTCTC-1,0.000214,0.039223,0.000214,0.079082,0.286581,0.000214,0.000214,0.594257
AATATTGGAGTATTGA-1,0.00004,0.266856,0.00004,0.018763,0.057865,0.218502,0.005267,0.432667
AATCAGGTTTCATTTA-1,0.032152,0.472717,0.000793,0.239972,0.038725,0.033685,0.11087,0.071087
AATCATGTAAAGACTC-1,0.000016,0.082759,0.001936,0.022686,0.128596,0.227963,0.442014,0.094031
AATCCAAGGGCCTGAG-1,0.627235,0.026492,0.00149,0.000056,0.019376,0.325295,0.000028,0.000028
AATCCCGCTCAGAGCC-1,0.01125,0.067647,0.058533,0.118365,0.004727,0.055662,0.4835,0.200316
AATCGAGGTCTCAAGG-1,0.010204,0.019695,0.433063,0.200779,0.05944,0.007296,0.187861,0.081661
AATCGCCTCAGCGCCA-1,0.037221,0.590603,0.005442,0.08005,0.045192,0.073615,0.0154,0.152476
AATCGCGCAGAGGACT-1,0.005959,0.791214,0.00752,0.126965,0.02635,0.027719,0.003799,0.010474
AATCGGGACACTACGA-1,0.000061,0.000184,0.000061,0.000123,0.047528,0.67796,0.012471,0.261612
AATCGGTATAGCCCTC-1,0.041822,0.03567,0.142348,0.014135,0.016743,0.085138,0.451682,0.212463
AATCGTGAGCCGAGCA-1,0.10032,0.069877,0.178409,0.011683,0.291774,0.157406,0.131213,0.059318
AATCTAGGTTTACTTG-1,0.024073,0.654884,0.000012,0.118318,0.161389,0.040875,0.00005,0.0004
AATCTATGCCGGAGCC-1,0.000126,0.000378,0.000126,0.000252,0.057923,0.021173,0.000126,0.919895
AATCTCTACTGTGGTT-1,0.273445,0.063377,0.000064,0.064714,0.371329,0.022392,0.000064,0.204616
AATCTGCGTTGGGACG-1,0.000172,0.000516,0.000172,0.000344,0.273594,0.074891,0.000172,0.65014
AATCTGGCTTTCTAGT-1,0.001361,0.570847,0.000025,0.192959,0.0054,0.000025,0.000025,0.229358
AATCTGGGTAGACCCT-1,0.019988,0.187244,0.214016,0.333689,0.012762,0.093915,0.056968,0.081419
AATGACAGCAATGTCT-1,0.006486,0.763137,0.020958,0.208618,0.000007,0.00078,0.000007,0.000007
AATGACGTAGGATGTC-1,0.000113,0.414312,0.001596,0.142168,0.00002,0.109583,0.030714,0.301493
AATGACTGTCAGCCGG-1,0.58506,0.144588,0.026002,0.000083,0.001305,0.241026,0.001896,0.000041
AATGATGATACGCTAT-1,0.000131,0.000392,0.000131,0.000262,0.031966,0.214732,0.000131,0.752255
AATGATGCGACTCCTG-1,0.000094,0.000281,0.000094,0.000187,0.161105,0.333573,0.000094,0.504572
AATGCAACCGGGTACC-1,0.31498,0.198136,0.048776,0.000068,0.000034,0.39975,0.038222,0.000034
AATGCACCAAGCAATG-1,0.012624,0.840112,0.020536,0.008596,0.000016,0.086471,0.014152,0.017493
AATGGCCGCCAATGCG-1,0.000059,0.000176,0.000059,0.000117,0.000059,0.045319,0.55893,0.395283
AATGGTCCACCGTTCA-1,0.020292,0.000122,0.000041,0.066147,0.913276,0.000041,0.000041,0.000041
AATGGTTCTCACAAGC-1,0.452075,0.165966,0.008154,0.191532,0.100265,0.081795,0.000106,0.000106
AATGTATGGCACTGTA-1,0.000035,0.000106,0.000035,0.000071,0.506078,0.196997,0.000035,0.296643
AATGTGCCCGAGGTGT-1,0.004201,0.575925,0.075339,0.203946,0.111418,0.017618,0.004978,0.006576
AATGTGCTAATCTGAG-1,0.000056,0.2987,0.077067,0.266467,0.000025,0.000025,0.031233,0.326425
AATGTTAAGACCCTGA-1,0.00052,0.000474,0.589878,0.073738,0.009746,0.000013,0.233791,0.09184
AATGTTGTCGTGAGAC-1,0.003576,0.005969,0.512687,0.187205,0.01929,0.002463,0.18322,0.085591
AATTAAAGGTCGGCGT-1,0.037165,0.752782,0.048807,0.057161,0.000016,0.0241,0.00344,0.076528
AATTAACGGATTTCCA-1,0.05675,0.152305,0.006485,0.45975,0.136345,0.02514,0.159495,0.003729
AATTACGAGACCCATC-1,0.000021,0.000064,0.000021,0.048742,0.944052,0.007056,0.000021,0.000021
AATTAGCGCTGCAGCG-1,0.00709,0.153168,0.130943,0.437952,0.000012,0.002491,0.136992,0.131353
AATTCATAAGGGATCT-1,0.000129,0.000387,0.000129,0.000258,0.000129,0.178626,0.000129,0.820214
AATTCATTGTCATGCA-1,0.000034,0.000103,0.000034,0.000068,0.999658,0.000034,0.000034,0.000034
AATTCCAAGCATGTAC-1,0.003613,0.010573,0.003705,0.615869,0.060181,0.000016,0.293966,0.012077
AATTCGATTCGAGGAT-1,0.000683,0.004642,0.087324,0.344929,0.249156,0.003318,0.309933,0.000015
AATTCTAGAGTTAGGC-1,0.017898,0.206123,0.066096,0.4975,0.000017,0.000687,0.072462,0.139217
AATTGAACGCTCTGGT-1,0.012173,0.069927,0.009975,0.60486,0.051997,0.000369,0.002709,0.247989
AATTGCAGCAATCGAC-1,0.000035,0.000106,0.075761,0.00019,0.368024,0.000035,0.532868,0.02298
AATTGCGTGGATTACA-1,0.000034,0.052143,0.000034,0.1986,0.461525,0.124093,0.036379,0.127191
AATTGTGGTTGCCAAA-1,0.000032,0.000096,0.067724,0.012605,0.000565,0.000032,0.517697,0.40125
AATTTGGGACATAGTA-1,0.130119,0.724097,0.040627,0.055184,0.000015,0.028402,0.001103,0.020453
AATTTGGTTCCAAAGA-1,0.000045,0.202722,0.000045,0.000089,0.000045,0.572581,0.000045,0.22443
ACAAACCATGCGTCCT-1,0.007887,0.395027,0.000014,0.462179,0.038858,0.000014,0.004062,0.09196
ACAAACCGACAAGGCG-1,0.045828,0.47772,0.199038,0.040648,0.000013,0.099646,0.132168,0.004939
ACAAACTCCATCAGAG-1,0.006676,0.28903,0.027139,0.111188,0.052235,0.138555,0.218501,0.156678
ACAAAGAAGGTAGGCC-1,0.265775,0.00031,0.000055,0.000263,0.161493,0.321502,0.010689,0.239914
ACAAAGCATGACCTAG-1,0.000028,0.000084,0.264813,0.013113,0.069476,0.000028,0.435672,0.216785
ACAAATCGCACCGAAT-1,0.000019,0.083806,0.012687,0.035833,0.000019,0.016133,0.460816,0.390686
ACAAATGGTAGTGTTT-1,0.006255,0.329004,0.051403,0.184141,0.085469,0.027358,0.009863,0.306507
ACAAATTCAGATCTGA-1,0.047198,0.09047,0.044676,0.04858,0.000031,0.219932,0.360287,0.188826
ACAACAGCATGAGCTA-1,0.00008,0.000239,0.00008,0.000159,0.00008,0.610619,0.012885,0.375859
ACAACGGTCCCTGCGA-1,0.3984,0.213153,0.010095,0.000136,0.129787,0.127739,0.120622,0.000068
ACAAGCAGTGCCTAGC-1,0.000059,0.000178,0.000059,0.000119,0.21024,0.257001,0.019533,0.512811
ACAAGGAAATCCGCCC-1,0.000398,0.137446,0.029058,0.075299,0.044852,0.081207,0.296647,0.335092
ACAAGGACAAGAGGTT-1,0.000055,0.000164,0.000055,0.000109,0.060474,0.311926,0.000055,0.627162
ACAAGGATGCTTTAGG-1,0.000028,0.000084,0.006802,0.000058,0.000028,0.000897,0.25738,0.734724
ACAAGGCCTACCAGCC-1,0.038544,0.380474,0.202061,0.282223,0.01602,0.058436,0.022227,0.000014
ACAAGGGCAGGCTCTG-1,0.013821,0.501947,0.032204,0.439404,0.000007,0.000007,0.002059,0.010549
ACAAGTAATTGTAAGG-1,0.000051,0.234587,0.000051,0.000429,0.140654,0.177036,0.125358,0.321834
ACAATAGTCGTACGTT-1,0.003999,0.750998,0.003853,0.055605,0.036426,0.012964,0.012765,0.123391
ACAATCCATTTAAACC-1,0.018473,0.511995,0.00028,0.078159,0.142946,0.228236,0.019898,0.000014
ACAATGAATACGGAGA-1,0.004128,0.299881,0.07004,0.264098,0.019589,0.000942,0.047077,0.294245
ACAATGATTCTTCTAC-1,0.000035,0.092304,0.188003,0.196857,0.000035,0.055303,0.148869,0.318594
ACAATTGTGTCTCTTT-1,0.00002,0.16395,0.00002,0.03774,0.058328,0.278618,0.169253,0.292073
ACAATTTAGGAGGCTC-1,0.125013,0.032253,0.000086,0.286095,0.556294,0.000086,0.000086,0.000086
ACAATTTGAGCAGTGG-1,0.278608,0.247511,0.057901,0.000045,0.000022,0.415868,0.000022,0.000022
ACAATTTGGCCATATT-1,0.031758,0.813044,0.009158,0.127054,0.012374,0.006579,0.000017,0.000017
ACACAAAGACGGGTGG-1,0.38811,0.077989,0.148385,0.000077,0.003168,0.368559,0.013675,0.000038
ACACAAATATTCCTAG-1,0.000036,0.010739,0.141713,0.123998,0.178426,0.000036,0.024377,0.520674
ACACACCAGGACCAGT-1,0.022746,0.525135,0.020164,0.139583,0.001306,0.122833,0.054723,0.113509
ACACACTTTCTACACG-1,0.008012,0.000172,0.000057,0.033264,0.173438,0.695074,0.018687,0.071296
ACACATGATCAAATCT-1,0.015432,0.717442,0.000282,0.158019,0.000022,0.003688,0.000022,0.105094
ACACATTTCCGTAGAC-1,0.073876,0.10206,0.096747,0.257916,0.015765,0.035335,0.381972,0.036329
ACACCACATAATTAGC-1,0.000118,0.035057,0.000118,0.154093,0.810262,0.000118,0.000118,0.000118
ACACCCAGCATGCAGC-1,0.353333,0.167418,0.06794,0.012026,0.157529,0.241585,0.000085,0.000085
ACACCCGAGAAATCCG-1,0.527375,0.198901,0.02868,0.025062,0.018805,0.152303,0.04882,0.000054
ACACCCGTAAATCTGT-1,0.000084,0.000252,0.015365,0.000168,0.000084,0.000084,0.626518,0.357444
ACACCGGTCTGACCGC-1,0.002334,0.504033,0.010427,0.330256,0.106293,0.002951,0.007915,0.035791
ACACCTTAAGTAGGGC-1,0.303195,0.08084,0.000189,0.000378,0.337503,0.038251,0.000189,0.239456
ACACCTTACTACTTGC-1,0.004297,0.730086,0.000009,0.194244,0.06311,0.008131,0.000114,0.000009
ACACGAGACTCCTTCT-1,0.281152,0.000165,0.000055,0.00011,0.244453,0.099488,0.000055,0.374522
ACACGGCACTATGCAT-1,0.030469,0.636448,0.016886,0.009128,0.041662,0.262229,0.00316,0.000019
ACACGGGAACTTAGGG-1,0.341575,0.08746,0.082268,0.000151,0.052358,0.363582,0.000075,0.072532
ACACGTAGGCCACAAG-1,0.000023,0.018043,0.253617,0.074311,0.000023,0.02773,0.319963,0.306291
ACACTGATCAAGGTGT-1,0.081991,0.306255,0.022717,0.36557,0.001718,0.074297,0.138909,0.008544
ACACTGGGACAGTCGT-1,0.000027,0.012396,0.067295,0.020114,0.000027,0.10702,0.44753,0.345591
ACAGAACTGAGAACAA-1,0.000062,0.088824,0.466764,0.164291,0.112403,0.000062,0.000643,0.166951
ACAGATTAGGTTAGTG-1,0.031344,0.000257,0.000086,0.000171,0.024088,0.753408,0.005504,0.185142
ACAGCATAGAGCCAGT-1,0.000052,0.000156,0.000052,0.000104,0.157002,0.677466,0.000073,0.165095
ACAGCGACATTCTCAT-1,0.030948,0.108394,0.014836,0.308475,0.037237,0.08698,0.323635,0.089494
ACAGCGCACCCGCAGC-1,0.095135,0.52953,0.088445,0.015702,0.000028,0.073019,0.000028,0.198113
ACAGGCACGGATCCTT-1,0.000044,0.000132,0.008335,0.000088,0.000044,0.000044,0.532599,0.458715
ACAGGCTTGCCCGACT-1,0.017471,0.009316,0.151048,0.077447,0.098002,0.000025,0.315185,0.331506
ACAGGTGGAGGTGAGG-1,0.030685,0.32966,0.015953,0.073108,0.000021,0.009005,0.005878,0.535689
ACAGTAATACAACTTG-1,0.000024,0.539338,0.000024,0.003456,0.046571,0.145592,0.021044,0.24395
ACAGTATACCGTGGGA-1,0.000021,0.671479,0.076237,0.065757,0.000021,0.005885,0.000021,0.180577
ACAGTGCAGCGCATTT-1,0.053582,0.022638,0.047141,0.050527,0.027368,0.006852,0.187622,0.60427
ACATAAGTCGTGGTGA-1,0.000054,0.232143,0.000054,0.000107,0.077393,0.202047,0.000054,0.488149
ACATAATAAGGCGGTG-1,0.38497,0.142811,0.052032,0.000046,0.000023,0.420071,0.000023,0.000023
ACATCAGCTGGGACGC-1,0.591932,0.065937,0.000027,0.036,0.289599,0.003651,0.012827,0.000027
ACATCCCGGCCATACG-1,0.040806,0.124424,0.109498,0.596382,0.024008,0.011607,0.090847,0.002428
ACATCCTGGTAACTGT-1,0.005437,0.71673,0.00041,0.277388,0.000009,0.000009,0.000009,0.000009
ACATCGATCGTTTACC-1,0.00164,0.391315,0.011485,0.102823,0.059947,0.207619,0.076864,0.148307
ACATCGCAATATTCGG-1,0.000018,0.67699,0.069259,0.084708,0.000018,0.018331,0.131994,0.01868
ACATCGGTCAGCCGCG-1,0.035719,0.557753,0.047411,0.317252,0.00618,0.035663,0.000011,0.000011
ACATCGTATGCAATGG-1,0.009223,0.376613,0.044121,0.253215,0.059709,0.081467,0.127635,0.048017
ACATCGTTAACCTAGT-1,0.098533,0.826352,0.039922,0.026019,0.000011,0.00914,0.000011,0.000011
ACATCTCAACGCGTAA-1,0.047804,0.661107,0.101915,0.076947,0.024377,0.067168,0.020668,0.000013
ACATGCTTACGGCAGC-1,0.000038,0.082842,0.000038,0.043591,0.376381,0.374426,0.010696,0.11199
ACATGGCGCCAAAGTA-1,0.000625,0.736215,0.002449,0.073555,0.025493,0.002089,0.005867,0.153707
ACATTAGTTTATATCC-1,0.000022,0.022125,0.000022,0.007725,0.016427,0.248581,0.299336,0.405761
ACATTCGCGCGGAATA-1,0.001598,0.575033,0.008145,0.195128,0.111466,0.075136,0.029054,0.004441
ACCAAACACCCAGCGA-1,0.008198,0.629142,0.004531,0.083124,0.054161,0.14623,0.074599,0.000015
ACCAAACTAGAAATCC-1,0.000024,0.072943,0.000024,0.000048,0.00795,0.541398,0.148469,0.229144
ACCAACACCACACACT-1,0.005972,0.799434,0.003653,0.100809,0.03747,0.02924,0.003308,0.020114
ACCAACCGCACTCCAC-1,0.065998,0.043105,0.007315,0.240787,0.006592,0.009149,0.532698,0.094355
ACCAACGCTTATTTAT-1,0.027464,0.202233,0.026095,0.33818,0.042344,0.112631,0.216833,0.034221
ACCAAGAACGCGTGTC-1,0.639521,0.051524,0.04026,0.000059,0.0024,0.265695,0.000512,0.000029
ACCAAGTCATCGGCAG-1,0.000051,0.000153,0.055839,0.000102,0.000051,0.033912,0.584737,0.325155
ACCAATATGCAAGTTA-1,0.000016,0.035397,0.000016,0.008986,0.23141,0.16196,0.505948,0.056268
ACCACAACTCAGAACA-1,0.03439,0.730275,0.06266,0.008783,0.000009,0.155937,0.007937,0.000009
ACCACAAGTTTCTATC-1,0.000065,0.16144,0.000065,0.003357,0.093614,0.298816,0.054032,0.388611
ACCACACGGTTGATGG-1,0.020372,0.061725,0.093145,0.053921,0.003947,0.202104,0.407567,0.157219
ACCACCAATGTAACAA-1,0.00184,0.687099,0.000022,0.009403,0.000022,0.148241,0.003193,0.150181
ACCACCCTCTCTTCTA-1,0.000062,0.000187,0.000062,0.000125,0.078356,0.236621,0.000062,0.684524
ACCACGTGCAGCTATA-1,0.005547,0.108744,0.161576,0.194153,0.087945,0.054721,0.060206,0.327108
ACCAGACCATAACAAC-1,0.618712,0.102799,0.000023,0.105273,0.162719,0.003231,0.007221,0.000023
ACCAGCCCGGTCTTTG-1,0.067107,0.683822,0.116604,0.064902,0.000012,0.061699,0.005842,0.000012
ACCAGTGCCCGGTCAA-1,0.000024,0.262778,0.125146,0.045169,0.000024,0.209487,0.018632,0.338741
ACCAGTGCGGGAGACG-1,0.030901,0.409367,0.080746,0.188737,0.002114,0.099939,0.093177,0.095019
ACCATATCCGCAATAA-1,0.001907,0.430116,0.002442,0.013437,0.000031,0.299359,0.076321,0.176388
ACCATCCGCCAACTAG-1,0.000048,0.010318,0.000048,0.000097,0.161593,0.359541,0.023247,0.445109
ACCATCGTATATGGTA-1,0.000039,0.496703,0.011258,0.061217,0.000039,0.00221,0.001697,0.426839
ACCCAACGCCCGTGGC-1,0.16668,0.276765,0.0855,0.061744,0.032856,0.363609,0.012796,0.000049
ACCCACCTACATGCTC-1,0.546069,0.093151,0.023002,0.147445,0.153124,0.027964,0.009208,0.000036
ACCCATCTTGAGGGTA-1,0.000135,0.316213,0.019872,0.183929,0.105259,0.34875,0.025824,0.000018
ACCCATTTGTCCCTCT-1,0.004329,0.060934,0.004088,0.442245,0.013013,0.006427,0.270552,0.198411
ACCCGAGCGAAATTAC-1,0.00002,0.06833,0.00002,0.000039,0.337906,0.373187,0.148433,0.072066
ACCCGATTGGTTCCGA-1,0.009131,0.356496,0.011958,0.299705,0.076951,0.022427,0.217105,0.006228
ACCCGGAAACTCCCAG-1,0.007834,0.01234,0.000019,0.007721,0.000019,0.140804,0.443891,0.387372
ACCCGGAGCACCACAA-1,0.000016,0.156886,0.216224,0.010926,0.000016,0.035196,0.513572,0.067165
ACCCGGATGACGCATC-1,0.053808,0.909163,0.000301,0.029709,0.000012,0.006555,0.00044,0.000012
ACCCGGTTACACTTCC-1,0.009815,0.448414,0.003337,0.159711,0.002796,0.200972,0.029243,0.145712
ACCCGTAGCAGAGAAT-1,0.209479,0.255067,0.012965,0.023461,0.153925,0.335676,0.009415,0.000013
ACCCGTGTCATCAGTA-1,0.032227,0.134324,0.007298,0.379149,0.038689,0.019371,0.306034,0.082908
ACCCTATGCCATATCG-1,0.007907,0.277518,0.023956,0.449045,0.004635,0.092339,0.065336,0.079263
ACCCTCCCGTCAGGGC-1,0.000037,0.000111,0.051478,0.000074,0.000037,0.004776,0.501119,0.442368
ACCCTCCCTTGCTATT-1,0.002106,0.129261,0.001208,0.301443,0.006304,0.000018,0.000018,0.559642
ACCCTGGTAACGCCCT-1,0.029238,0.797745,0.000323,0.100608,0.030052,0.04147,0.000551,0.000013
ACCCTTCATCTGCGAA-1,0.000078,0.000233,0.000078,0.000155,0.05703,0.435615,0.000078,0.506733
ACCCTTGCCTGGGTCG-1,0.002203,0.654097,0.041501,0.108922,0.002456,0.123491,0.017382,0.049948
ACCCTTTAGTTCTCCA-1,0.013246,0.692595,0.064479,0.063463,0.000019,0.113909,0.006121,0.046168
ACCGAAAGGGCCCTGC-1,0.000089,0.000266,0.000089,0.000177,0.16614,0.556991,0.000709,0.275541
ACCGAAGAGTCTGGTT-1,0.000016,0.419838,0.000016,0.46699,0.076139,0.000016,0.000016,0.036969
ACCGACACATCTCCCA-1,0.029436,0.145903,0.0013,0.19649,0.054083,0.021307,0.352458,0.199022
ACCGACTGAGTCCCAC-1,0.11988,0.000602,0.000201,0.000401,0.101819,0.143424,0.020032,0.613641
ACCGAGTCTCCTTATT-1,0.000022,0.000065,0.281129,0.187348,0.06974,0.000022,0.313645,0.148029
ACCGATAGGCATAACC-1,0.000188,0.065082,0.194664,0.151258,0.005373,0.041422,0.321478,0.220535
ACCGATATTTAATCAT-1,0.000053,0.012574,0.205904,0.015675,0.000053,0.000053,0.191298,0.57439
ACCGATGGTAGCATCG-1,0.004648,0.305183,0.000049,0.000099,0.000049,0.466116,0.040218,0.183638
ACCGCAATAACTGCCT-1,0.021098,0.164661,0.159477,0.332467,0.014345,0.047026,0.169072,0.091854
ACCGCGGTGGAAGTCG-1,0.000022,0.37588,0.000022,0.004958,0.047443,0.321512,0.039242,0.210921
ACCGCTAGTCATTGGT-1,0.000017,0.513792,0.000017,0.075967,0.073062,0.043809,0.004889,0.288449
ACCGGGCCTTTGTTGA-1,0.000108,0.239668,0.005542,0.228526,0.068582,0.000026,0.00394,0.453609
ACCGGTCAGGTACACC-1,0.02248,0.47659,0.002499,0.479549,0.008292,0.000011,0.001197,0.009383
ACCGGTCTGAGTACGG-1,0.015333,0.278777,0.306922,0.20328,0.030088,0.008082,0.029154,0.128363
ACCGTCCACTGGGCCC-1,0.239072,0.000118,0.000039,0.000079,0.362601,0.048374,0.000039,0.349678
ACCGTGACCACGTGGG-1,0.01459,0.331889,0.054787,0.361024,0.057836,0.088103,0.070238,0.021533
ACCGTTCCCGCTCTGA-1,0.000033,0.255204,0.000033,0.000716,0.004161,0.583911,0.000033,0.15591
ACCTAAGTACCTTTCA-1,0.014392,0.340754,0.000023,0.050863,0.024947,0.004405,0.000023,0.564593
ACCTAATCGACTTCCT-1,0.003182,0.642399,0.000025,0.040772,0.065068,0.007789,0.000053,0.240711
ACCTACAGTATGTGGT-1,0.003169,0.809906,0.000014,0.108299,0.033241,0.010322,0.0015,0.03355
ACCTACTATAAATCTA-1,0.000808,0.016314,0.140102,0.296852,0.190413,0.000019,0.263657,0.091835
ACCTCCGCCCTCGCTG-1,0.000353,0.00588,0.008433,0.429494,0.114346,0.000019,0.195723,0.245752
ACCTCCGTTATTCACC-1,0.000163,0.18767,0.000163,0.000326,0.335072,0.217547,0.000163,0.258894
ACCTCGAACTTATGCT-1,0.050919,0.2833,0.000009,0.57183,0.093915,0.000009,0.000009,0.000009
ACCTGCGTGTCATGTT-1,0.00454,0.726274,0.000016,0.003134,0.004836,0.10223,0.020966,0.138005
ACGAAATGGGCGGCAC-1,0.070493,0.000187,0.000062,0.000125,0.094918,0.105555,0.012752,0.715908
ACGACTCTAGGGCCGA-1,0.001128,0.000067,0.000022,0.000045,0.189014,0.148723,0.632406,0.028594
ACGACTGGTCATACTC-1,0.008178,0.153064,0.001266,0.30228,0.000024,0.000024,0.061226,0.473938
ACGAGAACCCATCACG-1,0.750194,0.050753,0.00498,0.000047,0.000023,0.192497,0.001481,0.000023
ACGAGATATTTGCTTA-1,0.070073,0.765476,0.02564,0.017383,0.000014,0.109229,0.002838,0.009347
ACGAGGATACCACTCT-1,0.006028,0.50933,0.000023,0.022783,0.041277,0.242653,0.010529,0.167378
ACGAGGTTTACAACGT-1,0.000072,0.130358,0.064029,0.348073,0.264304,0.000072,0.000072,0.193019
ACGAGTACGGATGCCC-1,0.000212,0.000636,0.000212,0.258668,0.4055,0.164596,0.000212,0.169965
ACGATACATAGAACTA-1,0.000116,0.000348,0.000116,0.000232,0.227682,0.270291,0.000116,0.5011
ACGATCATACATAGAG-1,0.318236,0.175718,0.027724,0.000081,0.000041,0.478119,0.000041,0.000041
ACGATCATCTTGTAAA-1,0.000057,0.00017,0.000057,0.000113,0.351203,0.623122,0.000057,0.025222
ACGATGCATATGTTAT-1,0.053015,0.680074,0.035439,0.124567,0.000015,0.083143,0.016806,0.00694
ACGATGGATCCGATGC-1,0.027892,0.675732,0.002645,0.022389,0.026756,0.231335,0.013235,0.000016
ACGCAAACTAATAGAT-1,0.143504,0.178203,0.029871,0.347513,0.010451,0.024657,0.180772,0.085028
ACGCAATCACTACAGC-1,0.000096,0.000287,0.000096,0.000192,0.000096,0.077082,0.000096,0.922056
ACGCATAAATGACATG-1,0.0507,0.174179,0.152824,0.062737,0.000033,0.065165,0.206303,0.288059
ACGCATACGTTTACTA-1,0.00394,0.127406,0.052266,0.146033,0.02016,0.253656,0.305706,0.090833
ACGCATTCGTGAGTAC-1,0.009441,0.884128,0.003152,0.008792,0.000022,0.015164,0.016589,0.062711
ACGCCACTCGAAACAG-1,0.017827,0.109275,0.311328,0.143987,0.050051,0.136112,0.231412,0.000008
ACGCCAGATGATTTCT-1,0.004965,0.188461,0.000048,0.082289,0.000048,0.56671,0.000048,0.15743
ACGCCAGTGCGTTTGC-1,0.006914,0.014073,0.090107,0.186052,0.217312,0.002918,0.370609,0.112014
ACGCCCAGCTGTCGAT-1,0.000322,0.681837,0.182296,0.01946,0.015676,0.027435,0.051554,0.021421
ACGCCGCTAGACGACC-1,0.000027,0.223546,0.000027,0.007808,0.011687,0.381031,0.113698,0.262176
ACGCGAAGTCAGACGA-1,0.011059,0.341697,0.219764,0.089065,0.06973,0.108443,0.153216,0.007025
ACGCGCTACACAGGGT-1,0.004059,0.343068,0.000023,0.005755,0.037293,0.052413,0.000023,0.557367
ACGCGGGCCAAGGACA-1,0.003081,0.484254,0.004955,0.076998,0.066625,0.263829,0.05028,0.049977
ACGCGTTTCTTAAGAG-1,0.621075,0.009422,0.055023,0.059002,0.227289,0.014603,0.01354,0.000046
ACGCTAGTATCAGTGC-1,0.021929,0.014389,0.047143,0.089834,0.1496,0.003823,0.673241,0.00004
ACGCTAGTGATACACT-1,0.058762,0.174818,0.000178,0.000357,0.249466,0.157632,0.000178,0.358609
ACGCTGTGAGGCGTAG-1,0.032039,0.000159,0.000053,0.000106,0.287933,0.41836,0.000053,0.261295
ACGCTTAGTGTCTCTC-1,0.026419,0.735391,0.124043,0.077852,0.000012,0.026988,0.000376,0.008919
ACGGAATTTAGCAAAT-1,0.729251,0.017228,0.000654,0.000067,0.004147,0.248586,0.000033,0.000033
ACGGACGCAGCGACAA-1,0.000045,0.000135,0.000045,0.00009,0.063748,0.41727,0.038254,0.480413
ACGGACTCTCAAAGCG-1,0.008665,0.014641,0.402102,0.368159,0.077408,0.00033,0.128684,0.000013
ACGGAGCGCAAATTAC-1,0.023845,0.894765,0.007221,0.037288,0.000023,0.036837,0.000011,0.000011
ACGGATGGTGCGGATA-1,0.200564,0.022542,0.063122,0.070888,0.000139,0.041227,0.332462,0.269056
ACGGCACTTGCTTGGG-1,0.000028,0.000083,0.019574,0.001505,0.000028,0.000028,0.029307,0.949448
ACGGCCAACATGGACT-1,0.013285,0.054486,0.084974,0.105307,0.000018,0.006587,0.226454,0.508889
ACGGCGACGATGGGAA-1,0.00003,0.013911,0.254376,0.039042,0.00003,0.025921,0.074364,0.592327
ACGGCGGGTTGCCCTG-1,0.728964,0.038997,0.019554,0.000084,0.000042,0.150921,0.061396,0.000042
ACGGCTGGATGTAGAA-1,0.000031,0.398313,0.002284,0.057123,0.128596,0.116402,0.046285,0.250966
ACGGGAGTGTCGGCCC-1,0.012363,0.590748,0.043475,0.137732,0.000017,0.041249,0.000878,0.173538
ACGGGCGTATGCGACA-1,0.000088,0.000264,0.000088,0.000176,0.100916,0.295384,0.000088,0.602996
