Barcode,Topic 1,Topic 2,Topic 3,Topic 4,Topic 5,Topic 6,Topic 7,Topic 8,Topic 9,Topic 10,Topic 11to12
AAACAACGAATAGTTC-1,0.000061,0.483093,0.516298,0.000061,0.000061,0.000061,0.000061,0.000061,0.000061,0.000061,0.000122
AAACAAGTATCTCCCA-1,0.011343,0.045635,0.26931,0.006779,0.058299,0.06889,0.114583,0.150403,0.016961,0.011116,0.246681
AAACAATCTACTAGCA-1,0.000095,0.02979,0.834582,0.134771,0.000095,0.000095,0.000095,0.000095,0.000095,0.000095,0.00019
AAACACCAATAACTGC-1,0.121766,0.160098,0.000327,0.004317,0.000327,0.339216,0.000327,0.201574,0.000327,0.171069,0.000654
AAACAGCTTTCAGAAG-1,0.36477,0.000014,0.000014,0.000762,0.003361,0.000014,0.002698,0.342196,0.014217,0.087154,0.1848
AAACAGGGTCTATATT-1,0.007495,0.076414,0.000686,0.005279,0.183211,0.000015,0.022439,0.26186,0.046606,0.237059,0.158936
AAACAGTGTTCCTGGG-1,0.009758,0.088182,0.139029,0.030291,0.341455,0.045112,0.094604,0.017309,0.034089,0.158224,0.041947
AAACATGGTGAGAGGA-1,0.488227,0.026123,0.000016,0.000076,0.301869,0.01966,0.00335,0.0036,0.03049,0.002308,0.12428
AAACATTTCCCGGATT-1,0.000036,0.092113,0.67058,0.020319,0.000036,0.010421,0.063063,0.125038,0.000036,0.004581,0.013777
AAACCACTACACAGAT-1,0.00016,0.545264,0.184617,0.00016,0.00016,0.114131,0.00016,0.154708,0.00016,0.00016,0.00032
AAACCCGAACGAAATC-1,0.000025,0.073038,0.348213,0.012742,0.00789,0.040617,0.381696,0.132007,0.000025,0.00351,0.000236
AAACCGGAAATGTTAA-1,0.067455,0.026353,0.31561,0.053556,0.052464,0.027231,0.327629,0.019608,0.068301,0.031121,0.010672
AAACCGGGTAGGTACC-1,0.09949,0.027878,0.028367,0.052456,0.002659,0.048184,0.000671,0.253854,0.004262,0.269621,0.212557
AAACCGTTCGTCCAGG-1,0.001398,0.000007,0.001078,0.015819,0.109529,0.096349,0.020035,0.162877,0.100121,0.143987,0.3488
AAACCTAAGCAGCCGG-1,0.012415,0.017474,0.327818,0.230708,0.000095,0.08429,0.109688,0.029068,0.010578,0.15559,0.022278
AAACCTCATGAAGTTG-1,0.000746,0.058586,0.226666,0.291871,0.000027,0.040392,0.000027,0.016194,0.001364,0.36104,0.003087
AAACGAAGAACATACC-1,0.012676,0.197315,0.618837,0.052888,0.000089,0.000089,0.000089,0.053796,0.000089,0.063951,0.000179
AAACGAAGATGGAGTA-1,0.442182,0.049844,0.014178,0.169239,0.170896,0.000039,0.027195,0.000039,0.000039,0.126272,0.000078
AAACGACAGTCTTGCC-1,0.00017,0.411171,0.512657,0.00017,0.00017,0.074641,0.00017,0.00017,0.00017,0.00017,0.00034
AAACGAGACGGTTGAT-1,0.000027,0.002185,0.332824,0.237129,0.043173,0.030383,0.175691,0.001258,0.051182,0.00413,0.122018
AAACGCTGGGCACGAC-1,0.042318,0.000059,0.179192,0.02361,0.035195,0.086647,0.196103,0.10169,0.029255,0.079576,0.226355
AAACGGGCGTACGGGT-1,0.000962,0.00434,0.244299,0.037318,0.368383,0.023996,0.034901,0.223795,0.001789,0.008011,0.052206
AAACGGGTTGGTATCC-1,0.000065,0.167735,0.77573,0.055948,0.000065,0.000065,0.000065,0.000065,0.000065,0.000065,0.000131
AAACGGTTGCGAACTG-1,0.011645,0.014329,0.010453,0.022518,0.322355,0.187633,0.061053,0.010486,0.00173,0.019412,0.338387
AAACGTGTTCGCCCTA-1,0.000025,0.000025,0.085704,0.001114,0.000717,0.015543,0.177259,0.663765,0.001833,0.00642,0.047595
AAACTCGGTTCGCAAT-1,0.000008,0.001719,0.042836,0.04695,0.046565,0.03148,0.096413,0.039405,0.633709,0.014192,0.046723
AAACTCGTGATATAAG-1,0.000031,0.151111,0.365253,0.00132,0.000031,0.00286,0.044865,0.328076,0.000031,0.004923,0.1015
AAACTGCTGGCTCCAA-1,0.063746,0.000042,0.008957,0.089024,0.021057,0.23123,0.009252,0.024709,0.31894,0.02545,0.207595
AAACTTAATTGCACGC-1,0.497422,0.501777,0.00008,0.00008,0.00008,0.00008,0.00008,0.00008,0.00008,0.00008,0.00016
AAACTTGCAAACGTAT-1,0.530159,0.002285,0.031547,0.010524,0.020405,0.000583,0.00007,0.13843,0.00056,0.169476,0.095962
AAAGAATGACCTTAGA-1,0.548557,0.007576,0.002404,0.001955,0.29717,0.007153,0.030644,0.070567,0.003752,0.011296,0.018927
AAAGAATGTGGACTAA-1,0.000045,0.270718,0.333186,0.005452,0.057221,0.305893,0.002176,0.010494,0.002898,0.006062,0.005857
AAAGACCCAAGTCGCG-1,0.000054,0.000054,0.362031,0.210756,0.000054,0.003432,0.086845,0.026302,0.001557,0.030909,0.278005
AAAGACTGGGCGCTTT-1,0.042346,0.00002,0.008506,0.272108,0.031539,0.000757,0.00002,0.024803,0.01494,0.249164,0.355796
AAAGCTTGCCTACATA-1,0.00001,0.006291,0.002517,0.00001,0.128044,0.284309,0.092822,0.421711,0.026455,0.00001,0.037821
AAAGGCCCTATAATAC-1,0.652783,0.16439,0.019469,0.15197,0.000055,0.011002,0.000055,0.000055,0.000055,0.000055,0.000111
AAAGGCTACGGACCAT-1,0.098215,0.000006,0.000383,0.003804,0.068271,0.001159,0.008049,0.016029,0.21702,0.063781,0.523283
AAAGGCTCTCGCGCCG-1,0.022015,0.099655,0.045983,0.109815,0.112749,0.01654,0.043077,0.000655,0.04696,0.248411,0.254141
AAAGGGATGTAGCAAG-1,0.024598,0.000031,0.189495,0.300212,0.00003,0.023422,0.0249,0.016122,0.357417,0.051148,0.012626
AAAGGGCAGCTTGAAT-1,0.00002,0.006912,0.018475,0.23198,0.032712,0.051231,0.010089,0.005379,0.017188,0.074743,0.55127
AAAGTAGCATTGCTCA-1,0.07111,0.297395,0.123414,0.421787,0.000044,0.000044,0.000044,0.000044,0.000044,0.085984,0.000089
AAAGTCACTGATGTAA-1,0.000076,0.064851,0.597822,0.30037,0.000076,0.000076,0.036345,0.000076,0.000076,0.000076,0.000153
AAAGTCGACCCTCAGT-1,0.040721,0.025058,0.028791,0.040713,0.025357,0.014398,0.04975,0.10145,0.075641,0.069264,0.528857
AAAGTGCCATCAATTA-1,0.000044,0.024765,0.112099,0.076498,0.000044,0.060744,0.034494,0.358247,0.133931,0.046452,0.15268
AAAGTGTGATTTATCT-1,0.000024,0.13555,0.163803,0.000024,0.004948,0.012104,0.145141,0.527642,0.000024,0.000024,0.010717
AAAGTTGACTCCCGTA-1,0.000036,0.217124,0.443697,0.021685,0.000036,0.017176,0.025047,0.142311,0.041906,0.034269,0.056713
AAATAACCATACGGGA-1,0.00012,0.633647,0.220913,0.00012,0.00012,0.00012,0.00012,0.00693,0.137551,0.00012,0.000239
AAATAAGGTAGTGCCC-1,0.000047,0.000048,0.286209,0.036886,0.026485,0.146397,0.176638,0.264269,0.000047,0.012266,0.050709
AAATACCTATAAGCAT-1,0.000024,0.028415,0.081364,0.520783,0.013812,0.106691,0.03424,0.007512,0.077736,0.028249,0.101173
AAATAGCTTAGACTTT-1,0.000065,0.151689,0.118089,0.002462,0.002457,0.134379,0.114486,0.219807,0.057944,0.000065,0.198559
AAATAGGGTGCTATTG-1,0.000028,0.044699,0.494946,0.082019,0.026204,0.036498,0.100005,0.008576,0.150488,0.021878,0.034658
AAATCACTCCTAAACG-1,0.143294,0.57769,0.278273,0.000083,0.000083,0.000083,0.000083,0.000083,0.000083,0.000083,0.000165
AAATCCGATACACGCC-1,0.000014,0.001358,0.156683,0.006583,0.036372,0.014247,0.444327,0.212551,0.023551,0.01393,0.090384
AAATCGCGGAAGGAGT-1,0.348975,0.445246,0.028423,0.176829,0.000066,0.000066,0.000066,0.000066,0.000066,0.000066,0.000132
AAATCGTGTACCACAA-1,0.000014,0.003739,0.009219,0.077632,0.048731,0.237925,0.003328,0.009926,0.01884,0.022924,0.567721
AAATCTAGCCCTGCTA-1,0.000043,0.177158,0.367357,0.000043,0.005622,0.118972,0.006377,0.149011,0.000043,0.000613,0.174761
AAATCTGCCCGCGTCC-1,0.53863,0.460909,0.000046,0.000046,0.000046,0.000046,0.000046,0.000046,0.000046,0.000046,0.000092
AAATGACTGATCAAAC-1,0.000329,0.001842,0.008032,0.058636,0.169718,0.012404,0.133742,0.000005,0.61238,0.002603,0.000308
AAATGATTCGATCAGC-1,0.019072,0.000061,0.226237,0.029088,0.031459,0.201084,0.005939,0.197816,0.044345,0.058749,0.186151
AAATGCTCGTTACGTT-1,0.006001,0.003892,0.195724,0.531783,0.000046,0.000046,0.113848,0.00661,0.000046,0.035032,0.106971
AAATGGCATGTCTTGT-1,0.000061,0.000061,0.44563,0.057706,0.000061,0.064809,0.063288,0.336859,0.002546,0.028858,0.000122
AAATGGCCCGTGCCCT-1,0.091955,0.548139,0.037272,0.057767,0.000739,0.026178,0.003671,0.02969,0.019609,0.01485,0.17013
AAATGGTCAATGTGCC-1,0.00003,0.001027,0.133599,0.410347,0.0761,0.00003,0.009135,0.00003,0.013961,0.218898,0.136846
AAATGTATCTTATCCC-1,0.047047,0.050088,0.003852,0.018975,0.152413,0.014839,0.014496,0.011257,0.213683,0.023263,0.450088
AAATGTGGGTGCTCCT-1,0.000076,0.518509,0.48073,0.000076,0.000076,0.000076,0.000076,0.000076,0.000076,0.000076,0.000152
AAATTAACGGGTAGCT-1,0.025053,0.16642,0.067996,0.305202,0.000037,0.000037,0.024626,0.011799,0.033468,0.160612,0.20475
AAATTAATAAGCGCGA-1,0.000007,0.004477,0.007719,0.008417,0.047343,0.049653,0.016015,0.322365,0.0617,0.36891,0.113396
AAATTACACGACTCTG-1,0.000103,0.576016,0.331047,0.000103,0.000103,0.000103,0.000103,0.000103,0.000103,0.092006,0.000207
AAATTACCTATCGATG-1,0.000051,0.252241,0.573023,0.000051,0.014457,0.020705,0.01719,0.010053,0.000051,0.001165,0.111012
AAATTCCAGGTCCAAA-1,0.000017,0.042233,0.012345,0.000017,0.021943,0.238986,0.204204,0.474531,0.001349,0.000017,0.004359
AAATTGATAGTCCTTT-1,0.189181,0.001304,0.093957,0.091127,0.004825,0.000024,0.014658,0.198009,0.101528,0.18752,0.117866
AAATTGCGGCGGTTCT-1,0.000038,0.014803,0.387542,0.226793,0.000038,0.000038,0.00787,0.108871,0.000038,0.003988,0.249982
AAATTGGTGAGAAGCA-1,0.000043,0.021848,0.728903,0.076125,0.000043,0.007495,0.014697,0.093997,0.000043,0.01076,0.046044
AAATTTGCGGGTGTGG-1,0.006171,0.042672,0.011302,0.006727,0.018966,0.018268,0.014658,0.372822,0.114131,0.229738,0.164545
AACAACTGGTAGTTGC-1,0.000043,0.000043,0.159135,0.62595,0.000043,0.000043,0.00765,0.000043,0.000043,0.157373,0.049631
AACAATACATTGTCGA-1,0.007246,0.00268,0.003323,0.002018,0.039988,0.000662,0.053982,0.381696,0.142125,0.198557,0.167723
AACAATTACTCTACGC-1,0.070912,0.000038,0.139562,0.406483,0.000038,0.000038,0.009195,0.000038,0.000038,0.373583,0.000076
AACACACGCTCGCCGC-1,0.000028,0.008256,0.487151,0.024601,0.027345,0.101906,0.168891,0.09098,0.000028,0.030315,0.060498
AACACGACTGTACTGA-1,0.000049,0.394776,0.000049,0.000049,0.000049,0.022077,0.008577,0.52824,0.000049,0.000051,0.046032
AACACGAGACGCGGCC-1,0.087123,0.092358,0.161602,0.048392,0.000029,0.000029,0.023143,0.058365,0.000633,0.512772,0.015554
AACACGCGGCCGCGAA-1,0.000049,0.004386,0.442481,0.143966,0.0329,0.025835,0.040115,0.090639,0.005762,0.125165,0.088702
AACAGCTGTGTGGCAA-1,0.147684,0.060234,0.017482,0.000255,0.126868,0.085424,0.032001,0.267584,0.028332,0.126022,0.108113
AACAGGAAATCGAATA-1,0.000027,0.000027,0.117685,0.13579,0.000196,0.098068,0.300744,0.076688,0.085373,0.00626,0.179142
AACAGGATGGGCCGCG-1,0.104285,0.000072,0.086225,0.624825,0.000034,0.000034,0.000034,0.000034,0.000034,0.184357,0.000068
AACAGGTAGTATGGAT-1,0.000031,0.021296,0.120568,0.007881,0.000963,0.020041,0.147797,0.623755,0.004868,0.027132,0.025669
AACATAGCGTGTATCG-1,0.000019,0.008189,0.296776,0.176005,0.082022,0.050681,0.36325,0.000019,0.016389,0.000019,0.006634
AACATATCAACTGGTG-1,0.000152,0.132668,0.340692,0.097381,0.000152,0.304291,0.000152,0.000152,0.123905,0.000152,0.000304
AACATCGATACGTCTA-1,0.000096,0.133429,0.865614,0.000096,0.000096,0.000096,0.000096,0.000096,0.000096,0.000096,0.000191
AACATTGAAGTTGATC-1,0.180985,0.05977,0.000071,0.11847,0.260943,0.059211,0.027242,0.038621,0.00022,0.203218,0.051248
AACATTGGTCAGCCGT-1,0.000023,0.021952,0.194396,0.062086,0.000023,0.000023,0.043393,0.581236,0.000023,0.016463,0.080384
AACATTGTGACTCGAG-1,0.012137,0.019971,0.074809,0.19704,0.180163,0.029947,0.049193,0.001415,0.032245,0.267955,0.135125
AACCAAGACTTCTCTG-1,0.052257,0.007158,0.097143,0.231269,0.001227,0.000016,0.040618,0.06653,0.036906,0.445915,0.020961
AACCATAGGGTTGAAC-1,0.733205,0.265258,0.000154,0.000154,0.000154,0.000154,0.000154,0.000154,0.000154,0.000154,0.000308
AACCATGGGATCGCTA-1,0.015147,0.028504,0.113902,0.487872,0.006172,0.038236,0.037783,0.01608,0.16141,0.014297,0.080598
AACCCAGAGACGGAGA-1,0.000012,0.000012,0.003918,0.023086,0.004098,0.062194,0.00837,0.193998,0.512384,0.020723,0.171206
AACCCATCCCATGATC-1,0.560219,0.311868,0.000035,0.000034,0.000034,0.004833,0.001041,0.101107,0.000034,0.002031,0.018763
AACCCGACAACCCGTG-1,0.001503,0.000993,0.003534,0.004717,0.239196,0.006978,0.096729,0.218843,0.158804,0.177068,0.091634
AACCCGAGCAGAATCG-1,0.000057,0.021161,0.264466,0.000057,0.022067,0.079886,0.000057,0.377995,0.027126,0.012046,0.195082
AACCCGATAGGGCTTC-1,0.000057,0.062804,0.461068,0.055703,0.000057,0.034822,0.076066,0.280166,0.000057,0.015603,0.013596
AACCCGCTGTATTCCA-1,0.158672,0.02074,0.005232,0.116143,0.22003,0.051098,0.298964,0.000009,0.071532,0.00054,0.057041
AACCCTACTGTCAATA-1,0.000027,0.111531,0.397852,0.006125,0.021293,0.033979,0.087716,0.286994,0.007447,0.004435,0.042599
AACCCTGGTGGAACCA-1,0.000082,0.025672,0.700059,0.042826,0.000082,0.000082,0.000082,0.032297,0.000082,0.010334,0.188403
AACCGAGCTTGGTCAT-1,0.065051,0.000042,0.299002,0.037271,0.001164,0.014512,0.129048,0.004269,0.385248,0.020267,0.044128
AACCGCTAAGGGATGC-1,0.000023,0.033899,0.442502,0.058955,0.005161,0.048381,0.213217,0.143362,0.000023,0.040066,0.01441
AACCGTTGTGTTTGCT-1,0.000038,0.000038,0.051998,0.029752,0.000038,0.000038,0.145031,0.520452,0.057906,0.037853,0.156858
AACCTCGCTTTAGCCC-1,0.000018,0.117388,0.10896,0.041668,0.013639,0.198103,0.0557,0.095332,0.306986,0.000396,0.06181
AACCTGTCACGGAATT-1,0.001755,0.007847,0.293229,0.049862,0.050813,0.096404,0.336171,0.077997,0.032138,0.003943,0.04984
AACCTTTAAATACGGT-1,0.000012,0.000012,0.040474,0.160096,0.027638,0.125363,0.058222,0.106252,0.33252,0.069912,0.079501
AACCTTTACGACGTCT-1,0.000249,0.342233,0.000249,0.000249,0.000249,0.420696,0.000249,0.000249,0.000249,0.000249,0.235081
AACGAAAGTCGTCCCA-1,0.96068,0.039014,0.000031,0.000031,0.000031,0.000031,0.000031,0.000031,0.000031,0.000031,0.000061
AACGACCTCCTAGCCG-1,0.021882,0.033245,0.237801,0.000038,0.025881,0.197396,0.157163,0.106747,0.077224,0.005084,0.137538
AACGATAATGCCGTAG-1,0.035722,0.000229,0.069981,0.174655,0.01251,0.024746,0.127628,0.090895,0.29367,0.055397,0.114568
AACGATAGAAGGGCCG-1,0.000018,0.103843,0.00143,0.001994,0.002466,0.214615,0.02385,0.094558,0.539079,0.000743,0.017404
AACGATATGTCAACTG-1,0.000037,0.000037,0.242494,0.066102,0.001338,0.158148,0.088491,0.156532,0.090785,0.14977,0.046266
AACGCATGATCTGGGT-1,0.071417,0.095695,0.332884,0.01545,0.059796,0.100901,0.022687,0.121301,0.06783,0.000069,0.111971
AACGCGAACGGCAACA-1,0.000032,0.002938,0.312801,0.192605,0.005516,0.005303,0.155713,0.09676,0.166742,0.012005,0.049584
AACGCGACCTTGGGCG-1,0.000008,0.000008,0.002298,0.018743,0.324361,0.028288,0.014062,0.005821,0.184079,0.011984,0.410349
AACGCGGTCTCCAGCC-1,0.000044,0.01163,0.217231,0.401481,0.000044,0.000044,0.025676,0.000044,0.33751,0.005184,0.001111
AACGCTGTTGCTGAAA-1,0.000024,0.06663,0.212415,0.000221,0.037542,0.117942,0.28153,0.244333,0.000024,0.00495,0.03439
AACGGACGTACGTATA-1,0.000009,0.031636,0.013855,0.000009,0.037083,0.125906,0.152847,0.608936,0.012593,0.000009,0.017115
AACGGCCATCTCCGGT-1,0.001959,0.006456,0.014472,0.020797,0.007258,0.000009,0.020611,0.178194,0.188003,0.275339,0.286903
AACGTACTGTGGGTAC-1,0.00001,0.00001,0.006701,0.012754,0.035414,0.06342,0.018862,0.265042,0.151408,0.127075,0.319305
AACGTAGTCTACCCAT-1,0.000077,0.180574,0.706922,0.006702,0.000077,0.000077,0.000077,0.000077,0.000077,0.002677,0.102663
AACGTCAGACTAGTGG-1,0.036551,0.000441,0.025678,0.035948,0.044058,0.002669,0.153902,0.007107,0.004088,0.060628,0.62893
AACGTCATCCGGCTTG-1,0.02007,0.006106,0.01185,0.159193,0.294256,0.152144,0.165321,0.009385,0.016714,0.062302,0.102656
AACGTCGCTGCACTTC-1,0.021775,0.130426,0.273815,0.007925,0.036717,0.164805,0.049206,0.150878,0.02493,0.01179,0.127732
AACGTGCGAAAGTCTC-1,0.013109,0.000269,0.092217,0.295569,0.028599,0.386441,0.05926,0.022066,0.038458,0.021344,0.042668
AACGTTATCAGCACCT-1,0.040179,0.012327,0.027707,0.311645,0.000019,0.000019,0.000355,0.013036,0.028328,0.145491,0.420894
AACGTTCTACCATTGT-1,0.014471,0.000099,0.105043,0.009875,0.000099,0.23619,0.000674,0.31984,0.020431,0.157572,0.135706
AACTACCCGTTTGTCA-1,0.000052,0.088102,0.456679,0.009572,0.041688,0.164365,0.239283,0.000052,0.000052,0.000052,0.000103
AACTAGCGTATCGCAC-1,0.103318,0.027258,0.721263,0.089489,0.000099,0.000099,0.000099,0.000099,0.000099,0.057981,0.000197
AACTAGGCTTGGGTGT-1,0.125718,0.000013,0.030179,0.063224,0.061654,0.218205,0.037504,0.011772,0.022971,0.023965,0.404795
AACTCAAGTTAATTGC-1,0.017442,0.000009,0.000009,0.005511,0.086911,0.011034,0.028984,0.142892,0.256442,0.20862,0.242147
AACTCCAGAGCGTGTT-1,0.000017,0.015358,0.177724,0.029226,0.022806,0.042804,0.270071,0.331206,0.000017,0.005772,0.105
AACTCGATAAACACGT-1,0.000029,0.005174,0.456095,0.174165,0.000029,0.000029,0.002572,0.217122,0.000029,0.036315,0.108442
AACTCGATGGCGCAGT-1,0.000057,0.250425,0.009991,0.342276,0.000057,0.255079,0.000057,0.000057,0.108332,0.002691,0.030979
AACTCTCAATAGAGCG-1,0.000023,0.024525,0.232679,0.028373,0.009779,0.049219,0.16467,0.451143,0.001573,0.015926,0.022089
AACTCTCAGTGTGCTC-1,0.014363,0.015579,0.181561,0.542439,0.000031,0.000031,0.000802,0.000031,0.000031,0.244851,0.000282
AACTGAGGTCAGCGTC-1,0.000142,0.227317,0.063262,0.287837,0.000142,0.316786,0.000142,0.018487,0.051106,0.000924,0.033855
AACTGAGTTATACTGA-1,0.000049,0.080501,0.705752,0.110359,0.000049,0.000049,0.09872,0.000049,0.004324,0.000049,0.000098
AACTGATATTAGGCCT-1,0.063169,0.002263,0.113227,0.042154,0.000033,0.000196,0.196256,0.41629,0.059071,0.030414,0.076926
AACTGGGTCCCGACGT-1,0.000033,0.001485,0.309186,0.173186,0.000033,0.047552,0.028157,0.094197,0.266846,0.052103,0.027222
AACTGGTGTGGGCCTT-1,0.000036,0.000036,0.108894,0.028464,0.00049,0.000036,0.318162,0.386382,0.013726,0.083026,0.060746
AACTTCTGCGTCTATC-1,0.043917,0.029984,0.102511,0.803134,0.000045,0.000045,0.000045,0.000045,0.000045,0.01633,0.003899
AACTTGCCCGTATGCA-1,0.274145,0.000036,0.061966,0.411174,0.000036,0.000036,0.000036,0.000036,0.000036,0.239364,0.013137
AACTTGCGTTCTCGCG-1,0.067072,0.000035,0.052705,0.350488,0.000035,0.08182,0.012561,0.042636,0.16992,0.000035,0.222695
AACTTTACGGGAGCTT-1,0.000019,0.080695,0.130943,0.14832,0.01759,0.00417,0.015646,0.049209,0.011738,0.45896,0.08271
AACTTTAGCTGCTGAG-1,0.00006,0.00006,0.427486,0.142892,0.00006,0.039963,0.185036,0.116844,0.00006,0.00006,0.087478
AACTTTCTCGATCATG-1,0.000046,0.000046,0.349812,0.257643,0.03242,0.057363,0.291326,0.000269,0.001255,0.009725,0.000093
AAGAAAGTTTGATGGG-1,0.457177,0.499225,0.000059,0.043066,0.000059,0.000059,0.000059,0.000059,0.000059,0.000059,0.000118
AAGAAATCACCAGATT-1,0.024728,0.24248,0.25493,0.014495,0.114004,0.089575,0.118419,0.056299,0.070383,0.011194,0.003493
AAGAAGGATCAGTTAG-1,0.000038,0.000038,0.070105,0.53735,0.000038,0.000038,0.031627,0.004714,0.208094,0.054174,0.093783
AAGACATACGTGGTTT-1,0.005887,0.07563,0.421524,0.000056,0.004457,0.118104,0.007861,0.077014,0.000056,0.000056,0.289355
AAGACCAAATAACTCA-1,0.748173,0.161257,0.003084,0.027142,0.027674,0.032457,0.000035,0.000035,0.000035,0.000035,0.000071
AAGACCCAACTGAACA-1,0.000007,0.000007,0.00223,0.022455,0.232204,0.000175,0.045035,0.020618,0.295887,0.06643,0.314952
AAGACTAACCCGTTGT-1,0.000078,0.000078,0.608882,0.387247,0.000078,0.000078,0.000078,0.000078,0.000078,0.003166,0.000157
AAGACTGCAAGCTACT-1,0.000025,0.000025,0.095605,0.386118,0.027954,0.017865,0.091972,0.050152,0.201769,0.065967,0.062548
AAGAGATGAATCGGTA-1,0.06076,0.081675,0.131021,0.636599,0.000049,0.000049,0.000049,0.000049,0.000049,0.089599,0.000099
AAGAGCTCTTTATCGG-1,0.000013,0.000013,0.015354,0.004936,0.059847,0.363801,0.034644,0.195299,0.255832,0.000375,0.069886
AAGAGGATGTACGCGA-1,0.000009,0.000009,0.000009,0.002776,0.005933,0.004977,0.000742,0.302687,0.1626,0.173687,0.346571
AAGAGGCATGGATCGC-1,0.000027,0.055631,0.404935,0.047166,0.010997,0.07289,0.206346,0.100123,0.04251,0.012662,0.046713
AAGAGGCCCTTTGGAA-1,0.001378,0.057659,0.377572,0.005075,0.009786,0.040858,0.045755,0.117703,0.039428,0.028565,0.27622
AAGATGGCACCGGACC-1,0.011285,0.036555,0.062733,0.268097,0.005559,0.000021,0.036982,0.029035,0.025362,0.477144,0.047226
AAGATTGGCGGAACGT-1,0.176283,0.039396,0.550443,0.01274,0.000041,0.001458,0.031656,0.075891,0.000041,0.001352,0.110699
AAGCACCCTGCGTATC-1,0.000032,0.000032,0.285662,0.532765,0.000032,0.000032,0.010526,0.013142,0.107567,0.032438,0.017771
AAGCATACTCTCCTGA-1,0.055889,0.025482,0.21223,0.364578,0.000727,0.130172,0.020361,0.000026,0.061393,0.117071,0.012073
AAGCCACTTGCAGGTA-1,0.047766,0.023955,0.072897,0.166947,0.305058,0.000902,0.155969,0.017063,0.000398,0.194742,0.014302
AAGCCGAAGCGGTTTA-1,0.000053,0.02012,0.249176,0.001242,0.052376,0.07725,0.050367,0.302638,0.021515,0.039925,0.185338
AAGCCGCCGTGAAATC-1,0.217685,0.592215,0.035246,0.123619,0.000064,0.030789,0.000064,0.000064,0.000064,0.000064,0.000128
AAGCCGCTTTACCTTG-1,0.028936,0.003686,0.2574,0.047576,0.011803,0.004005,0.254891,0.128358,0.145546,0.053681,0.064118
AAGCCGGAGAGCAGGA-1,0.025854,0.029672,0.12599,0.130827,0.008187,0.345408,0.012117,0.031967,0.024648,0.00085,0.264482
AAGCGCAGGGCTTTGA-1,0.00001,0.004448,0.059262,0.034719,0.04202,0.316981,0.046482,0.095548,0.29345,0.035575,0.071505
AAGCGGAGTGCGCGCA-1,0.000033,0.00782,0.139258,0.029893,0.006883,0.004475,0.128844,0.405897,0.040382,0.034767,0.201748
AAGCGTCCCTCATCGA-1,0.000035,0.241917,0.260619,0.244963,0.000035,0.000035,0.000035,0.0005,0.000035,0.228806,0.023017
AAGCTAGATCGAGTAA-1,0.000007,0.000007,0.012456,0.033554,0.014049,0.004787,0.022504,0.055976,0.64702,0.02019,0.189452
AAGCTATGGATTGACC-1,0.944278,0.055149,0.000057,0.000057,0.000057,0.000057,0.000057,0.000057,0.000057,0.000057,0.000114
AAGCTCGTGCCAAGTC-1,0.000038,0.000038,0.322818,0.450718,0.000038,0.000038,0.040515,0.00129,0.081586,0.096011,0.006908
AAGCTCTTTCATGGTG-1,0.000015,0.000015,0.083233,0.050908,0.008224,0.004053,0.237184,0.094158,0.423218,0.015007,0.083985
AAGGAGAACTTATAAG-1,0.000088,0.641565,0.315739,0.041906,0.000088,0.000088,0.000088,0.000088,0.000088,0.000088,0.000176
AAGGAGCGGTTGGTGC-1,0.000022,0.000022,0.042862,0.202553,0.075794,0.007596,0.016693,0.000169,0.004248,0.337613,0.312429
AAGGATCGATCGCTTG-1,0.000091,0.153091,0.845999,0.000091,0.000091,0.000091,0.000091,0.000091,0.000091,0.000091,0.000182
AAGGATGAGGGACCTC-1,0.010783,0.006992,0.33447,0.00923,0.010169,0.047206,0.215205,0.318023,0.000699,0.021231,0.025993
AAGGCAGGCTGTCTCC-1,0.00003,0.002885,0.460477,0.074527,0.00003,0.004764,0.404074,0.015042,0.00003,0.036411,0.00173
AAGGCGCGTAAAGCTT-1,0.141946,0.000039,0.231504,0.503391,0.000039,0.000039,0.000039,0.000039,0.000039,0.087646,0.035281
AAGGCTGTGCTCATCG-1,0.003982,0.004316,0.050824,0.155471,0.123064,0.025896,0.014774,0.014349,0.028678,0.183701,0.394945
AAGGGAACGACTGGCT-1,0.795814,0.173643,0.03018,0.00004,0.00004,0.00004,0.00004,0.00004,0.00004,0.00004,0.000081
AAGGGACAGATTCTGT-1,0.000085,0.224182,0.654358,0.049222,0.000085,0.000085,0.000085,0.000085,0.000085,0.01691,0.05482
AAGGGACTATGCATTC-1,0.129865,0.380773,0.008599,0.000032,0.141502,0.026047,0.006772,0.11336,0.000032,0.141441,0.051577
AAGGGTTAGCCATGCG-1,0.000082,0.022911,0.29759,0.000082,0.000082,0.183246,0.001324,0.215145,0.048326,0.020028,0.211185
AAGGGTTTGATTTCAG-1,0.928713,0.05233,0.001304,0.017209,0.000056,0.000056,0.000056,0.000056,0.000056,0.000056,0.000111
AAGGTATCCTAATATA-1,0.000028,0.013293,0.459953,0.038841,0.015037,0.025471,0.141402,0.175541,0.01709,0.021713,0.091632
AAGGTGATAAACCAGC-1,0.000016,0.012103,0.108046,0.017552,0.028046,0.022902,0.239574,0.491028,0.00953,0.012747,0.058455
AAGTAAGCTTCCAAAC-1,0.054921,0.390811,0.308797,0.244849,0.000078,0.000078,0.000078,0.000078,0.000078,0.000078,0.000156
AAGTAGAAGACCGGGT-1,0.000026,0.000026,0.079464,0.364154,0.000899,0.067063,0.029141,0.048061,0.214036,0.012186,0.184946
AAGTAGTGACGCGAGG-1,0.000028,0.000028,0.10339,0.084038,0.000028,0.000028,0.037289,0.027624,0.001383,0.668452,0.077714
AAGTCAATTGTCGTCA-1,0.015062,0.049303,0.294258,0.052742,0.005152,0.084698,0.057552,0.282033,0.00229,0.005424,0.151486
AAGTCTAGTAGCTGCC-1,0.007271,0.000017,0.044881,0.018503,0.061759,0.253,0.368435,0.14898,0.043986,0.004771,0.048395
AAGTCTTCTGTGGCCT-1,0.102526,0.00648,0.011536,0.005971,0.231107,0.001737,0.109447,0.294166,0.03759,0.09595,0.103492
AAGTGACGACCGAATT-1,0.033219,0.003363,0.013676,0.02581,0.011654,0.023787,0.015543,0.356476,0.056813,0.237591,0.222068
AAGTGAGTCGGGTTTA-1,0.000025,0.053965,0.144245,0.060204,0.033518,0.078441,0.006226,0.054728,0.001799,0.546164,0.020686
AAGTGCAAAGGTAGAC-1,0.05626,0.004971,0.060501,0.203787,0.068568,0.003952,0.045652,0.011089,0.109947,0.204725,0.230549
AAGTGCCTTGACTGTA-1,0.000075,0.022721,0.293717,0.10595,0.000075,0.056411,0.000075,0.348573,0.111646,0.000075,0.060683
AAGTGCGTTAGAATCT-1,0.166343,0.207136,0.206538,0.174172,0.000035,0.000035,0.001348,0.014893,0.000035,0.203786,0.025678
AAGTGCTTCTCTATTG-1,0.000015,0.079667,0.002923,0.000015,0.302847,0.292916,0.039188,0.181544,0.008159,0.007178,0.085547
AAGTGTTTGGAGACGG-1,0.000017,0.000017,0.094115,0.099086,0.011941,0.010753,0.115821,0.1686,0.297054,0.062306,0.140291
AAGTTCACTCCAAGCT-1,0.000026,0.000028,0.283105,0.054806,0.013818,0.000026,0.380255,0.008345,0.165692,0.024507,0.069392
AAGTTCAGTCTGCGTA-1,0.000189,0.630411,0.224366,0.000298,0.000189,0.143417,0.000189,0.000189,0.000189,0.000189,0.000377
AAGTTCGGCCAACAGG-1,0.000016,0.095092,0.104392,0.132012,0.003999,0.022954,0.003416,0.173051,0.007774,0.162792,0.294502
AAGTTGTGATGTTATA-1,0.006086,0.153152,0.266525,0.052644,0.002716,0.056508,0.020959,0.225706,0.096706,0.008421,0.110579
AAGTTTACTAATGGCA-1,0.244259,0.196515,0.521548,0.036831,0.000106,0.000106,0.000106,0.000106,0.000106,0.000106,0.000212
AAGTTTATGGGCCCAA-1,0.001349,0.000006,0.009546,0.05661,0.072548,0.303195,0.021976,0.015513,0.49309,0.011807,0.01436
AATAACAACGCTCGGC-1,0.000009,0.00136,0.010996,0.127837,0.035706,0.02884,0.049507,0.07622,0.041956,0.068175,0.559396
AATAACACTAGAACAA-1,0.005358,0.197502,0.180622,0.045254,0.007382,0.013103,0.00628,0.096607,0.000022,0.352685,0.095185
AATAACGTCGCGCCCA-1,0.026991,0.090275,0.263571,0.023473,0.005539,0.039261,0.037655,0.252104,0.054243,0.036208,0.170679
AATAAGTCCTCGAGAC-1,0.020632,0.701181,0.277047,0.000127,0.000127,0.000127,0.000127,0.000127,0.000127,0.000127,0.000253
AATAATCTTCGTATCG-1,0.000025,0.005713,0.185725,0.046311,0.078468,0.021415,0.446456,0.016348,0.007967,0.033116,0.158457
AATACAATGTTTCAGG-1,0.061835,0.000041,0.117481,0.351095,0.000041,0.000041,0.000041,0.00864,0.025049,0.140937,0.294799
AATACCGGAGGGCTGT-1,0.001882,0.051899,0.098656,0.277483,0.007263,0.003296,0.0564,0.053411,0.000667,0.430997,0.018046
AATACCTGATGTGAAC-1,0.000022,0.840059,0.046085,0.000022,0.000022,0.082137,0.000022,0.031545,0.000022,0.000022,0.000043
AATAGAACAGAGTGGC-1,0.000011,0.017536,0.026738,0.052301,0.068477,0.021719,0.017542,0.042415,0.171818,0.172665,0.408776
AATAGAATCTGTTTCA-1,0.000018,0.000018,0.052305,0.09512,0.040243,0.160481,0.1623,0.250517,0.115303,0.040286,0.083409
AATAGCTACCGCGTGC-1,0.000071,0.122981,0.302079,0.071129,0.025356,0.07106,0.042689,0.225689,0.05712,0.015034,0.066793
AATAGGCACGACCCTT-1,0.014443,0.108511,0.070812,0.081817,0.13909,0.001313,0.146167,0.058847,0.078422,0.267223,0.033355
AATAGTCCGTCCCGAC-1,0.027734,0.002022,0.005904,0.147393,0.056261,0.189679,0.005479,0.018536,0.312331,0.031914,0.202746
AATAGTCGCGAGTCGG-1,0.290997,0.033094,0.084536,0.290531,0.000012,0.000012,0.002001,0.005842,0.007766,0.009464,0.275745
AATATCAAGGTCGGAT-1,0.000022,0.000022,0.030172,0.038634,0.007338,0.145106,0.032541,0.636772,0.062666,0.025016,0.02171
AATATCCTAGCAAACT-1,0.656874,0.14054,0.121454,0.056301,0.000021,0.000021,0.005836,0.000021,0.000021,0.018869,0.000042
AATATCGAATCAATGC-1,0.000062,0.031098,0.28174,0.004548,0.000284,0.001678,0.040017,0.45961,0.033566,0.027719,0.119681
AATATCGAGGGTTCTC-1,0.000176,0.268772,0.55084,0.000176,0.000176,0.000176,0.034435,0.000176,0.144547,0.000176,0.000352
AATATTGGAGTATTGA-1,0.090384,0.00003,0.054796,0.059306,0.00003,0.00003,0.005231,0.169934,0.061056,0.488483,0.07072
AATCAGACTGCAGGAC-1,0.000026,0.000026,0.030182,0.022931,0.001738,0.01698,0.043277,0.700972,0.09269,0.011848,0.079332
AATCAGGTTTCATTTA-1,0.00385,0.076515,0.035225,0.050448,0.107289,0.000019,0.243972,0.032672,0.011595,0.107141,0.331273
AATCATGTAAAGACTC-1,0.000045,0.279279,0.606642,0.003727,0.000045,0.000045,0.041271,0.032185,0.000045,0.036624,0.000091
AATCCAAGGGCCTGAG-1,0.000025,0.010183,0.062069,0.078251,0.002859,0.000436,0.162566,0.121606,0.450427,0.027202,0.084375
AATCCATGCAAGGGTG-1,0.000033,0.02726,0.286553,0.142006,0.000033,0.000033,0.009483,0.24341,0.089444,0.007243,0.194501
AATCCCGCTCAGAGCC-1,0.005366,0.000005,0.000005,0.017782,0.536449,0.020295,0.032445,0.002769,0.083043,0.012857,0.288984
AATCGAGGTCTCAAGG-1,0.000015,0.040958,0.070322,0.01085,0.173433,0.262245,0.221479,0.150703,0.040918,0.005589,0.023488
AATCGCCTCAGCGCCA-1,0.014686,0.054906,0.269284,0.238243,0.002276,0.190154,0.053265,0.05152,0.029685,0.043388,0.052594
AATCGCGCAGAGGACT-1,0.000219,0.096513,0.432527,0.005746,0.010729,0.092256,0.269601,0.082201,0.000029,0.003771,0.006408
AATCGGGACACTACGA-1,0.001776,0.004668,0.449407,0.128714,0.000056,0.038419,0.197538,0.126329,0.000056,0.00143,0.051608
AATCGGTATAGCCCTC-1,0.011846,0.131823,0.247095,0.003268,0.016084,0.146887,0.106907,0.138961,0.067486,0.019148,0.110495
AATCGTGAGCCGAGCA-1,0.000024,0.000024,0.402362,0.119389,0.000024,0.000024,0.059631,0.137591,0.019904,0.189966,0.07106
AATCTAGGTTTACTTG-1,0.372371,0.265866,0.048286,0.09223,0.010877,0.024869,0.000045,0.000366,0.011518,0.056575,0.116997
AATCTATGCCGGAGCC-1,0.000108,0.007771,0.426568,0.000108,0.062379,0.176971,0.052002,0.002436,0.000108,0.000108,0.271442
AATCTCTACTGTGGTT-1,0.040159,0.063484,0.217761,0.293083,0.000041,0.000041,0.000041,0.000041,0.000041,0.385224,0.000082
AATCTGCGTTGGGACG-1,0.000036,0.000036,0.526457,0.060369,0.000743,0.036431,0.1695,0.127526,0.000036,0.045634,0.03323
AATCTGGCTTTCTAGT-1,0.798091,0.033723,0.031111,0.136676,0.00005,0.00005,0.00005,0.00005,0.00005,0.00005,0.000099
AATGACAGCAATGTCT-1,0.032975,0.063405,0.016418,0.082985,0.041804,0.103414,0.022244,0.093637,0.074523,0.165017,0.303578
AATGACGTAGGATGTC-1,0.060014,0.000027,0.190006,0.294471,0.007327,0.046488,0.235837,0.034772,0.072335,0.026286,0.032437
AATGACTGTCAGCCGG-1,0.063455,0.000014,0.010768,0.106259,0.013623,0.113626,0.035967,0.108565,0.128404,0.081335,0.337984
AATGAGTTCGCATATG-1,0.000046,0.000046,0.125547,0.64049,0.000046,0.001106,0.003878,0.018314,0.057256,0.028762,0.12451
AATGATGATACGCTAT-1,0.000053,0.764741,0.166911,0.000053,0.000053,0.03353,0.034097,0.000349,0.000053,0.000053,0.000106
AATGATGCGACTCCTG-1,0.000146,0.175089,0.417394,0.000146,0.000146,0.31789,0.000146,0.000146,0.088459,0.000146,0.000292
AATGCAACCGGGTACC-1,0.000029,0.000029,0.169392,0.366372,0.064163,0.037964,0.035305,0.001602,0.212258,0.06102,0.051865
AATGGCCGCCAATGCG-1,0.033942,0.203425,0.655594,0.000099,0.000099,0.105096,0.001247,0.000099,0.000099,0.000099,0.000199
AATGGTCCACCGTTCA-1,0.096006,0.006031,0.147606,0.326416,0.000032,0.000032,0.000032,0.000032,0.000032,0.418663,0.005117
AATGGTTCTCACAAGC-1,0.157234,0.000056,0.301188,0.382811,0.000056,0.000056,0.000056,0.000056,0.000056,0.158322,0.000111
AATGTATGGCACTGTA-1,0.370386,0.543923,0.032081,0.052852,0.000095,0.000095,0.000095,0.000095,0.000095,0.000095,0.00019
AATGTGCCCGAGGTGT-1,0.440005,0.3563,0.057011,0.031957,0.000039,0.000039,0.000039,0.000039,0.000039,0.03129,0.083244
AATGTGCTAATCTGAG-1,0.023101,0.207582,0.141574,0.418757,0.000042,0.000042,0.004378,0.000042,0.000042,0.204358,0.000084
AATGTTAAGACCCTGA-1,0.067624,0.139931,0.058064,0.000379,0.119827,0.545426,0.059833,0.006465,0.00001,0.00001,0.002432
AATGTTGTCGTGAGAC-1,0.023674,0.142868,0.364111,0.005977,0.020598,0.073604,0.003984,0.19546,0.06587,0.048834,0.055021
AATTAAAGGTCGGCGT-1,0.000042,0.000042,0.085514,0.796148,0.000042,0.000042,0.00515,0.000042,0.000042,0.112856,0.000083
AATTAACGGATTTCCA-1,0.002945,0.000018,0.024452,0.351486,0.044191,0.011672,0.086831,0.001725,0.443449,0.024565,0.008668
AATTACGAGACCCATC-1,0.922284,0.077324,0.000039,0.000039,0.000039,0.000039,0.000039,0.000039,0.000039,0.000039,0.000078
AATTACTCGTACGCTC-1,0.029396,0.000011,0.00513,0.056745,0.000011,0.000854,0.001096,0.142257,0.603307,0.012359,0.148834
AATTAGCGCTGCAGCG-1,0.009668,0.001328,0.010416,0.078141,0.047945,0.175279,0.008456,0.023362,0.030041,0.049947,0.565418
AATTATACCCAGCAAG-1,0.022714,0.000016,0.170206,0.098789,0.061278,0.149453,0.281605,0.151528,0.032477,0.014699,0.017236
AATTCATAAGGGATCT-1,0.258914,0.401233,0.339367,0.000054,0.000054,0.000054,0.000054,0.000054,0.000054,0.000054,0.000108
AATTCATTGTCATGCA-1,0.730216,0.260996,0.000043,0.000043,0.000043,0.008402,0.000043,0.000043,0.000043,0.000043,0.000086
AATTCCAACTTGGTGA-1,0.000022,0.012203,0.403309,0.010777,0.004679,0.020885,0.083841,0.274122,0.000022,0.011091,0.17905
AATTCCAAGCATGTAC-1,0.000847,0.007861,0.008046,0.225171,0.241055,0.126536,0.071365,0.000754,0.018862,0.003061,0.296441
AATTCGATTCGAGGAT-1,0.095021,0.005794,0.051477,0.037238,0.065785,0.128501,0.232804,0.090714,0.184662,0.022624,0.08538
AATTCTAGAGTTAGGC-1,0.000013,0.000013,0.004219,0.111779,0.070401,0.001428,0.104596,0.095069,0.079269,0.114178,0.419034
AATTGAACGCTCTGGT-1,0.000012,0.013106,0.097142,0.009493,0.234083,0.176179,0.080384,0.190864,0.032165,0.001067,0.165504
AATTGCAGCAATCGAC-1,0.000048,0.63411,0.284084,0.006072,0.000048,0.029124,0.000048,0.0426,0.000048,0.003722,0.000096
AATTGCGTGGATTACA-1,0.956117,0.043587,0.00003,0.00003,0.00003,0.00003,0.00003,0.00003,0.00003,0.00003,0.000059
AATTGTGGTTGCCAAA-1,0.028293,0.077809,0.338195,0.0068,0.065582,0.231265,0.043874,0.182521,0.025332,0.000074,0.000255
AATTTGGTTCCAAAGA-1,0.000061,0.000061,0.460177,0.115874,0.000061,0.000061,0.141075,0.282386,0.000061,0.000061,0.000122
ACAAACCATGCGTCCT-1,0.185109,0.000125,0.000017,0.000017,0.503346,0.000017,0.017605,0.221939,0.000185,0.011332,0.060309
ACAAACTCCATCAGAG-1,0.010203,0.028439,0.093443,0.129515,0.405061,0.070962,0.139025,0.000249,0.001038,0.121241,0.000823
ACAAAGAAGGTAGGCC-1,0.125808,0.191268,0.121237,0.227057,0.04027,0.000032,0.086598,0.000032,0.000032,0.207604,0.000063
ACAAAGCATGACCTAG-1,0.000028,0.17175,0.663763,0.01165,0.012888,0.009059,0.023573,0.009094,0.000028,0.064805,0.033361
ACAAATCGCACCGAAT-1,0.000015,0.049873,0.016959,0.011173,0.028276,0.489002,0.00767,0.208929,0.102423,0.01092,0.07476
ACAAATGGTAGTGTTT-1,0.000021,0.018389,0.206244,0.055653,0.042865,0.018895,0.16104,0.229996,0.125133,0.037195,0.10457
ACAACAGCATGAGCTA-1,0.092405,0.012498,0.177757,0.282433,0.000641,0.059942,0.070189,0.027594,0.051752,0.073817,0.150971
ACAACGGTCCCTGCGA-1,0.006518,0.016405,0.07573,0.127125,0.01204,0.000022,0.021067,0.010223,0.065184,0.128161,0.537524
ACAAGCAGTGCCTAGC-1,0.013507,0.000009,0.000009,0.001581,0.012907,0.000009,0.002662,0.038249,0.424225,0.18749,0.319351
ACAAGCTATATGGAAG-1,0.000464,0.001983,0.002321,0.007153,0.073271,0.018312,0.008176,0.323516,0.149329,0.171475,0.244001
ACAAGGAAATCCGCCC-1,0.000027,0.021509,0.145333,0.426398,0.001121,0.001131,0.203913,0.031797,0.099927,0.044738,0.024106
ACAAGGACAAGAGGTT-1,0.077708,0.003032,0.062599,0.101133,0.001187,0.001216,0.000779,0.0143,0.594323,0.069867,0.073856
ACAAGGATGCTTTAGG-1,0.000029,0.000029,0.486426,0.121584,0.037124,0.010398,0.187979,0.028417,0.022521,0.044782,0.06071
ACAAGGGCAGGCTCTG-1,0.000023,0.000023,0.224408,0.418147,0.008291,0.000023,0.192716,0.002188,0.10857,0.03941,0.006198
ACAAGTAATTGTAAGG-1,0.21026,0.206931,0.055616,0.017594,0.352711,0.013904,0.020939,0.006019,0.000022,0.110405,0.005599
ACAATAGTCGTACGTT-1,0.372983,0.000033,0.182983,0.145681,0.000033,0.000033,0.000033,0.01401,0.000033,0.274175,0.010004
ACAATCCATTTAAACC-1,0.013445,0.018469,0.041744,0.055482,0.004391,0.000017,0.024563,0.117844,0.071849,0.457564,0.194631
ACAATCGATCTTTATA-1,0.000069,0.092223,0.428014,0.219731,0.000069,0.000069,0.000069,0.057163,0.06132,0.08201,0.059264
ACAATGAATACGGAGA-1,0.122624,0.493182,0.076295,0.077251,0.00005,0.00005,0.00005,0.011602,0.00005,0.138947,0.0799
ACAATTGTGTCTCTTT-1,0.000041,0.223521,0.417469,0.000041,0.072636,0.121305,0.138047,0.006997,0.000041,0.000041,0.019862
ACAATTTAGGAGGCTC-1,0.08647,0.050425,0.081935,0.10761,0.000938,0.000014,0.005437,0.078524,0.288383,0.141124,0.159141
ACAATTTGAGCAGTGG-1,0.000035,0.009137,0.581768,0.047034,0.006407,0.019549,0.192443,0.116101,0.000561,0.01372,0.013243
ACAATTTGGCCATATT-1,0.003001,0.00819,0.061793,0.082904,0.436557,0.012556,0.203254,0.098199,0.035306,0.009976,0.048264
ACACAAAGACGGGTGG-1,0.000034,0.000034,0.276199,0.542583,0.000034,0.001504,0.004609,0.000034,0.109746,0.059452,0.005773
ACACAAATATTCCTAG-1,0.000028,0.000721,0.110459,0.127779,0.002703,0.063952,0.146639,0.350631,0.139313,0.01641,0.041364
ACACACCAGGACCAGT-1,0.000023,0.002925,0.376155,0.124129,0.000023,0.016855,0.169826,0.14978,0.012958,0.050085,0.097241
ACACACTTTCTACACG-1,0.000022,0.000022,0.006407,0.021789,0.021923,0.278584,0.036879,0.454819,0.105755,0.009173,0.064626
ACACATGATCAAATCT-1,0.437121,0.334202,0.017935,0.20994,0.0001,0.0001,0.0001,0.0001,0.0001,0.0001,0.0002
ACACATTGACGCAACA-1,0.000023,0.000023,0.174914,0.302489,0.000023,0.000023,0.006368,0.176321,0.129057,0.017902,0.192856
ACACATTTCCGTAGAC-1,0.001342,0.047742,0.1564,0.501087,0.057741,0.045849,0.140114,0.000018,0.048681,0.000988,0.000037
ACACCACATAATTAGC-1,0.000021,0.035035,0.116236,0.00467,0.05912,0.034179,0.292072,0.386777,0.028745,0.02325,0.019895
ACACCCAGCATGCAGC-1,0.157146,0.000023,0.022596,0.369066,0.00136,0.022433,0.022352,0.006839,0.089863,0.121289,0.187032
ACACCCGAGAAATCCG-1,0.102041,0.000033,0.092652,0.502384,0.000033,0.000033,0.002936,0.057258,0.059757,0.174623,0.008249
ACACCCGTAAATCTGT-1,0.011467,0.411416,0.35255,0.000105,0.000105,0.07968,0.032954,0.000105,0.000105,0.000105,0.11141
ACACCGAGCGCTCTTT-1,0.018911,0.057736,0.125325,0.740759,0.00003,0.00003,0.001266,0.00003,0.043782,0.012069,0.000061
ACACCGGTCTGACCGC-1,0.545953,0.438928,0.00005,0.00005,0.00005,0.014666,0.00005,0.00005,0.00005,0.00005,0.000101
ACACCTTAAGTAGGGC-1,0.000019,0.000019,0.012249,0.107345,0.05458,0.029836,0.103702,0.013219,0.016507,0.048555,0.613967
ACACCTTACTACTTGC-1,0.000041,0.279819,0.420975,0.000089,0.015899,0.144887,0.067679,0.0281,0.000041,0.000041,0.042429
ACACGAGACTCCTTCT-1,0.000012,0.000012,0.002099,0.008774,0.018709,0.005789,0.149055,0.296778,0.355792,0.019783,0.143198
ACACGGCACTATGCAT-1,0.000142,0.59359,0.4012,0.003929,0.000142,0.000142,0.000142,0.000142,0.000142,0.000142,0.000284
ACACGGGAACTTAGGG-1,0.016599,0.049895,0.369976,0.19421,0.004582,0.047847,0.113954,0.017735,0.17135,0.00004,0.013813
ACACGTAGGCCACAAG-1,0.00005,0.051828,0.306504,0.034886,0.00005,0.049148,0.071399,0.222654,0.050764,0.00005,0.212667
ACACTCCAATGTCACT-1,0.000037,0.028003,0.080326,0.643652,0.000037,0.000037,0.000037,0.009369,0.000037,0.225448,0.013016
ACACTGATCAAGGTGT-1,0.158388,0.003314,0.176659,0.310725,0.000025,0.000025,0.01668,0.000604,0.010484,0.177061,0.146034
ACACTGGGACAGTCGT-1,0.020567,0.000087,0.378422,0.007519,0.000087,0.000087,0.005834,0.135945,0.112587,0.011563,0.327302
ACAGAACTGAGAACAA-1,0.030789,0.280119,0.03346,0.08241,0.003439,0.000029,0.022296,0.131115,0.00589,0.336402,0.074051
ACAGATTAGGTTAGTG-1,0.000061,0.000061,0.30113,0.096204,0.000061,0.000061,0.129044,0.208675,0.000061,0.001722,0.262918
ACAGCATAGAGCCAGT-1,0.000075,0.000075,0.304442,0.389933,0.000075,0.000075,0.006371,0.266145,0.000075,0.000486,0.03225
ACAGCGACATTCTCAT-1,0.005484,0.684846,0.181747,0.00005,0.00005,0.00005,0.052871,0.039054,0.00005,0.00005,0.035748
ACAGCGCACCCGCAGC-1,0.000201,0.759979,0.237605,0.000201,0.000201,0.000201,0.000201,0.000604,0.000201,0.000201,0.000403
ACAGGAGGCGCAGCCG-1,0.000037,0.281685,0.46996,0.002084,0.000037,0.000037,0.000037,0.193351,0.000037,0.014572,0.038164
ACAGGCACGGATCCTT-1,0.039065,0.033059,0.055495,0.00001,0.086313,0.014963,0.302263,0.438338,0.00001,0.001446,0.029039
ACAGGCTTGCCCGACT-1,0.000027,0.040304,0.35868,0.048544,0.020601,0.084388,0.16984,0.12493,0.007517,0.067186,0.077983
ACAGGTGGAGGTGAGG-1,0.000013,0.009182,0.013889,0.015936,0.025274,0.036535,0.010629,0.250609,0.16393,0.351979,0.122023
ACAGGTGTGTTGTTGC-1,0.0355,0.055052,0.018525,0.00425,0.224938,0.03434,0.045282,0.282189,0.125454,0.088862,0.085607
ACAGTAATACAACTTG-1,0.303398,0.187771,0.234265,0.078906,0.000031,0.000031,0.009516,0.01475,0.000031,0.131231,0.040071
ACAGTATACCGTGGGA-1,0.000029,0.099779,0.126887,0.000029,0.069414,0.14254,0.292818,0.264639,0.000029,0.000029,0.003806
ACATAAGTCGTGGTGA-1,0.588216,0.39679,0.000049,0.014554,0.000049,0.000049,0.000049,0.000049,0.000049,0.000049,0.000098
ACATAATAAGGCGGTG-1,0.009924,0.000057,0.284647,0.464095,0.000057,0.000057,0.051918,0.05475,0.07914,0.055243,0.000113
ACATACAATCAAGCGG-1,0.000019,0.102945,0.209712,0.005826,0.021728,0.032585,0.0988,0.493721,0.004314,0.005463,0.024887
