Barcode,Topic 1,Topic 2to4,Topic 5,Topic 6to11
AAACAAGTATCTCCCA-1,0.129632,0.171833,0.039356,0.659179
AAACACCAATAACTGC-1,0.013866,0.498397,0.011603,0.476134
AAACAGAGCGACTCCT-1,0.00003,0.359719,0.006549,0.633701
AAACAGCTTTCAGAAG-1,0.116936,0.687566,0.000054,0.195443
AAACAGGGTCTATATT-1,0.000041,0.959947,0.000041,0.039971
AAACAGTGTTCCTGGG-1,0.029951,0.561157,0.000646,0.408247
AAACATGGTGAGAGGA-1,0.139159,0.663972,0.024419,0.17245
AAACATTTCCCGGATT-1,0.455961,0.43628,0.093436,0.014323
AAACCACTACACAGAT-1,0.05273,0.855612,0.002679,0.088979
AAACCCGAACGAAATC-1,0.000011,0.092314,0.067975,0.839699
AAACCGGAAATGTTAA-1,0.007134,0.275736,0.146426,0.570703
AAACCGGGTAGGTACC-1,0.051829,0.198622,0.008914,0.740635
AAACCGTTCGTCCAGG-1,0.087844,0.467851,0.006737,0.437569
AAACCTAAGCAGCCGG-1,0.597921,0.24018,0.1197,0.042199
AAACCTCATGAAGTTG-1,0.000073,0.999414,0.000073,0.00044
AAACGAAGAACATACC-1,0.01911,0.188132,0.094914,0.697844
AAACGAAGATGGAGTA-1,0.021115,0.904509,0.031655,0.042722
AAACGACAGTCTTGCC-1,0.071044,0.323554,0.002884,0.602517
AAACGAGACGGTTGAT-1,0.015341,0.696942,0.019384,0.268333
AAACGCCCGAGATCGG-1,0.000019,0.111689,0.104277,0.784015
AAACGCTGGGCACGAC-1,0.978042,0.000261,0.000087,0.02161
AAACGGGCGTACGGGT-1,0.90272,0.096878,0.000247,0.000156
AAACGGTTGCGAACTG-1,0.0027,0.208367,0.126228,0.662706
AAACGTGTTCGCCCTA-1,0.000063,0.801137,0.002075,0.196725
AAACTAACGTGGCGAC-1,0.000026,0.218513,0.002727,0.778734
AAACTCGGTTCGCAAT-1,0.065303,0.345573,0.413814,0.175311
AAACTCGTGATATAAG-1,0.025614,0.973901,0.000069,0.000416
AAACTGCTGGCTCCAA-1,0.015545,0.488765,0.176479,0.31921
AAACTTAATTGCACGC-1,0.000021,0.092471,0.000271,0.907237
AAACTTGCAAACGTAT-1,0.005094,0.537664,0.000023,0.457219
AAAGAATGACCTTAGA-1,0.000037,0.769575,0.022085,0.208303
AAAGAATGTGGACTAA-1,0.999769,0.000069,0.000023,0.000139
AAAGACATGAAGTTTA-1,0.110161,0.400421,0.036701,0.452717
AAAGACCCAAGTCGCG-1,0.00002,0.446341,0.014074,0.539566
AAAGCTTGCCTACATA-1,0.000026,0.393649,0.030831,0.575494
AAAGGCCCTATAATAC-1,0.090207,0.905475,0.001603,0.002715
AAAGGCTACGGACCAT-1,0.050146,0.727226,0.176084,0.046545
AAAGGCTCTCGCGCCG-1,0.000015,0.040767,0.064844,0.894375
AAAGGGATGTAGCAAG-1,0.035749,0.872672,0.0001,0.091479
AAAGGGCAGCTTGAAT-1,0.042899,0.499446,0.036568,0.421086
AAAGGTAAGCTGTACC-1,0.00003,0.504551,0.001696,0.493723
AAAGGTCAACGACATG-1,0.000015,0.000861,0.041297,0.957826
AAAGTAGCATTGCTCA-1,0.00005,0.996911,0.00005,0.002989
AAAGTCACTGATGTAA-1,0.000017,0.231764,0.016985,0.751234
AAAGTCGACCCTCAGT-1,0.105473,0.559373,0.000076,0.335079
AAAGTGCCATCAATTA-1,0.955747,0.000142,0.000047,0.044064
AAAGTGTGATTTATCT-1,0.000017,0.062103,0.088063,0.849817
AAAGTTGACTCCCGTA-1,0.022973,0.152594,0.140945,0.683488
AAATAACCATACGGGA-1,0.000021,0.319739,0.00389,0.676349
AAATAAGGTAGTGCCC-1,0.00003,0.412613,0.00003,0.587326
AAATACCTATAAGCAT-1,0.065961,0.035974,0.270822,0.627244
AAATAGCTTAGACTTT-1,0.012795,0.47019,0.055484,0.461532
AAATAGGGTGCTATTG-1,0.197927,0.798359,0.002611,0.001103
AAATCACTCCTAAACG-1,0.000097,0.738378,0.000097,0.261427
AAATCCGATACACGCC-1,0.417182,0.006611,0.15977,0.416436
AAATCGCGGAAGGAGT-1,0.000077,0.967882,0.000077,0.031964
AAATCGTGTACCACAA-1,0.203629,0.075525,0.044251,0.676594
AAATCTAGCCCTGCTA-1,0.010182,0.006158,0.163848,0.819812
AAATCTGCCCGCGTCC-1,0.000031,0.915381,0.000031,0.084557
AAATGACTGATCAAAC-1,0.009122,0.436557,0.024019,0.530302
AAATGATTCGATCAGC-1,0.06742,0.931892,0.000098,0.00059
AAATGGCATGTCTTGT-1,0.000029,0.51502,0.000049,0.484902
AAATGGCCCGTGCCCT-1,0.000019,0.344211,0.012081,0.643689
AAATGGTCAATGTGCC-1,0.000034,0.53597,0.008762,0.455234
AAATGTGGGTGCTCCT-1,0.105849,0.521387,0.000045,0.37272
AAATTAACGGGTAGCT-1,0.009208,0.45255,0.01163,0.526612
AAATTACACGACTCTG-1,0.000034,0.736371,0.000034,0.263561
AAATTACCTATCGATG-1,0.000021,0.283608,0.000021,0.716351
AAATTCCAGGTCCAAA-1,0.061591,0.676791,0.024483,0.237135
AAATTGATAGTCCTTT-1,0.000038,0.99176,0.00181,0.006393
AAATTGGTGAGAAGCA-1,0.005029,0.738959,0.000102,0.25591
AAATTTACCGAAATCC-1,0.221923,0.576855,0.012088,0.189134
AAATTTGCGGGTGTGG-1,0.011179,0.407167,0.000019,0.581634
AACAACTGGTAGTTGC-1,0.212858,0.786759,0.000055,0.000328
AACAATACATTGTCGA-1,0.111431,0.263739,0.011694,0.613136
AACAATTACTCTACGC-1,0.066994,0.413465,0.071261,0.44828
AACACACGCTCGCCGC-1,0.072867,0.521362,0.391354,0.014416
AACACGACTGTACTGA-1,0.000046,0.655998,0.000046,0.343911
AACACGAGACGCGGCC-1,0.000036,0.930091,0.000036,0.069837
AACAGCTGTGTGGCAA-1,0.00281,0.764367,0.004685,0.228138
AACAGGAAATCGAATA-1,0.006527,0.365272,0.000021,0.62818
AACAGGATGGGCCGCG-1,0.224176,0.775432,0.000056,0.000336
AACAGGTAGTATGGAT-1,0.067178,0.322631,0.252378,0.357813
AACATAGCGTGTATCG-1,0.134841,0.022886,0.0873,0.754973
AACATATCAACTGGTG-1,0.0658,0.259666,0.00296,0.671573
AACATCGATACGTCTA-1,0.086122,0.913439,0.000063,0.000376
AACATTGAAGTTGATC-1,0.215097,0.605924,0.000055,0.178924
AACATTGTGACTCGAG-1,0.082876,0.677635,0.133173,0.106316
AACCAAGACTTCTCTG-1,0.000053,0.999575,0.000053,0.000318
AACCAGTATCACTCTT-1,0.000067,0.985683,0.000067,0.014184
AACCATAGGGTTGAAC-1,0.000011,0.01249,0.000011,0.987489
AACCCAGAGACGGAGA-1,0.00004,0.557817,0.026862,0.415281
AACCCATCCCATGATC-1,0.062262,0.304702,0.005616,0.62742
AACCCGACAACCCGTG-1,0.170969,0.201667,0.027528,0.599836
AACCCGAGCAGAATCG-1,0.000021,0.153407,0.419484,0.427088
AACCCGATAGGGCTTC-1,0.181201,0.629677,0.123377,0.065745
AACCCGCTGTATTCCA-1,0.076289,0.652992,0.015131,0.255587
AACCCTACTGTCAATA-1,0.071756,0.095126,0.126009,0.707109
AACCCTGGTGGAACCA-1,0.000019,0.188423,0.051204,0.760354
AACCGAGCTTGGTCAT-1,0.046123,0.856755,0.000087,0.097036
AACCGCTAAGGGATGC-1,0.058822,0.635478,0.192441,0.11326
AACCGTTGTGTTTGCT-1,0.000029,0.498604,0.038492,0.462875
AACCTAAAGCCGTCCG-1,0.035156,0.001294,0.016462,0.947088
AACCTCGCTTTAGCCC-1,0.458655,0.464364,0.062114,0.014867
AACCTGTCACGGAATT-1,0.018682,0.977264,0.001831,0.002223
AACCTTTAAATACGGT-1,0.01097,0.260558,0.218036,0.510436
AACCTTTACGACGTCT-1,0.000084,0.999329,0.000084,0.000503
AACGAAAGTCGTCCCA-1,0.000019,0.25195,0.002931,0.7451
AACGACCTCCTAGCCG-1,0.934576,0.065058,0.000052,0.000314
AACGATAATGCCGTAG-1,0.000017,0.185196,0.336048,0.47874
AACGATAGAAGGGCCG-1,0.000025,0.365071,0.003489,0.631416
AACGATATGTCAACTG-1,0.0001,0.999203,0.0001,0.000598
AACGCATGATCTGGGT-1,0.152837,0.518504,0.000063,0.328596
AACGCGACCTTGGGCG-1,0.171642,0.601505,0.107415,0.119438
AACGCGGTCTCCAGCC-1,0.317347,0.626903,0.000092,0.055658
AACGCTGTTGCTGAAA-1,0.000015,0.089439,0.223177,0.687369
AACGGACGTACGTATA-1,0.240152,0.530252,0.198807,0.030789
AACGGCCATCTCCGGT-1,0.033022,0.805254,0.000033,0.16169
AACGTACTGTGGGTAC-1,0.013001,0.501415,0.003051,0.482534
AACGTCAGACTAGTGG-1,0.043612,0.607016,0.016119,0.333253
AACGTCATCCGGCTTG-1,0.012101,0.731675,0.020421,0.235803
AACGTCGCTGCACTTC-1,0.94882,0.008667,0.000063,0.042449
AACGTGATGAAGGACA-1,0.000051,0.847691,0.119736,0.032522
AACGTGCGAAAGTCTC-1,0.005464,0.780314,0.010159,0.204064
AACGTTCTACCATTGT-1,0.431809,0.145475,0.100546,0.32217
AACTACCCGTTTGTCA-1,0.037067,0.240193,0.00007,0.72267
AACTAGCGTATCGCAC-1,0.000027,0.814432,0.032894,0.152647
AACTAGGCTTGGGTGT-1,0.083889,0.889729,0.000102,0.02628
AACTCAAGTTAATTGC-1,0.000028,0.506059,0.060844,0.433069
AACTCCAGAGCGTGTT-1,0.632077,0.267947,0.099631,0.000344
AACTCCTAATCCCATG-1,0.000039,0.469038,0.000039,0.530884
AACTCTCAATAGAGCG-1,0.000035,0.816181,0.062311,0.121473
AACTCTCAGTGTGCTC-1,0.020067,0.112004,0.000013,0.867916
AACTGAGGTCAGCGTC-1,0.021959,0.152383,0.000405,0.825252
AACTGAGTTATACTGA-1,0.00004,0.166746,0.146735,0.686479
AACTGATATTAGGCCT-1,0.000044,0.574816,0.006246,0.418893
AACTGGGTCCCGACGT-1,0.038039,0.46922,0.140625,0.352116
AACTGGGTTCGAGCCG-1,0.000032,0.144352,0.00425,0.851365
AACTGGTGTGGGCCTT-1,0.000029,0.492707,0.002483,0.504781
AACTTGCCCGTATGCA-1,0.082202,0.590956,0.029964,0.296879
AACTTTAGCTGCTGAG-1,0.000026,0.369771,0.043121,0.587082
AACTTTCTCGATCATG-1,0.1201,0.764083,0.000063,0.115754
AAGAAAGTTTGATGGG-1,0.038914,0.128649,0.00035,0.832087
AAGAAATCACCAGATT-1,0.154511,0.68605,0.000054,0.159384
AAGACATACGTGGTTT-1,0.638653,0.000131,0.000044,0.361173
AAGACCAAATAACTCA-1,0.000016,0.192344,0.005015,0.802625
AAGACCCAACTGAACA-1,0.000007,0.00228,0.064298,0.933415
AAGACTCACGCCCACT-1,0.000049,0.376232,0.058266,0.565452
AAGACTGCAAGCTACT-1,0.000019,0.283116,0.011638,0.705227
AAGAGATGAATCGGTA-1,0.04916,0.432139,0.057884,0.460816
AAGAGCTCTTTATCGG-1,0.004492,0.236374,0.010187,0.748947
AAGAGGATGTACGCGA-1,0.065197,0.570903,0.006651,0.357249
AAGAGGCATGGATCGC-1,0.006188,0.988397,0.000038,0.005376
AAGAGGCCCTTTGGAA-1,0.439051,0.119609,0.163205,0.278135
AAGATGGCACCGGACC-1,0.00366,0.659582,0.009662,0.327096
AAGATTGGCGGAACGT-1,0.000026,0.659939,0.007105,0.33293
AAGCACCCTGCGTATC-1,0.102893,0.232261,0.182155,0.482692
AAGCATACTCTCCTGA-1,0.084688,0.330968,0.134836,0.449507
AAGCCACTTGCAGGTA-1,0.005843,0.334137,0.000018,0.660003
AAGCCGAAGCGGTTTA-1,0.015958,0.23063,0.196475,0.556937
AAGCCGCCGTGAAATC-1,0.000037,0.622307,0.000037,0.377618
AAGCCGCTTTACCTTG-1,0.176425,0.644105,0.000152,0.179318
AAGCCGGAGAGCAGGA-1,0.542318,0.157829,0.000093,0.299759
AAGCGCAGGGCTTTGA-1,0.120269,0.378228,0.247702,0.253801
AAGCGGAGTGCGCGCA-1,0.000027,0.403849,0.000027,0.596096
AAGCGGCGTCATGGGT-1,0.000014,0.04306,0.000014,0.956912
AAGCGTCCCTCATCGA-1,0.038527,0.053232,0.000012,0.908229
AAGCTAGATCGAGTAA-1,0.008119,0.176277,0.096386,0.719218
AAGCTATGGATTGACC-1,0.000022,0.400242,0.000022,0.599713
AAGCTCGTGCCAAGTC-1,0.000022,0.298432,0.093513,0.608033
AAGCTCTTTCATGGTG-1,0.17988,0.552506,0.121574,0.146041
AAGGAGAACTTATAAG-1,0.000039,0.651378,0.000039,0.348544
AAGGAGCGGTTGGTGC-1,0.048613,0.612529,0.00006,0.338798
AAGGATCGATCGCTTG-1,0.035341,0.025749,0.002721,0.936189
AAGGATGAGGGACCTC-1,0.000036,0.839829,0.000036,0.160098
AAGGCAGGCTGTCTCC-1,0.002909,0.296956,0.051741,0.648394
AAGGCGCGTAAAGCTT-1,0.260935,0.345004,0.000055,0.394006
AAGGCTGTGCTCATCG-1,0.00003,0.545922,0.00003,0.454019
AAGGGAACGACTGGCT-1,0.000026,0.550414,0.000028,0.449532
AAGGGACAGATTCTGT-1,0.000044,0.373352,0.000044,0.626559
AAGGGACTATGCATTC-1,0.000023,0.268934,0.000023,0.73102
AAGGGTTAGCCATGCG-1,0.942096,0.000168,0.000056,0.05768
AAGGGTTTGATTTCAG-1,0.000063,0.999495,0.000063,0.000379
AAGGTATCCTAATATA-1,0.042535,0.915517,0.041497,0.000451
AAGGTGATAAACCAGC-1,0.000033,0.775842,0.085219,0.138905
AAGTAGAAGACCGGGT-1,0.022111,0.977218,0.000096,0.000575
AAGTAGTGACGCGAGG-1,0.000075,0.999399,0.000075,0.000451
AAGTCAATTGTCGTCA-1,0.040306,0.120045,0.089856,0.749793
AAGTCTAGTAGCTGCC-1,0.089683,0.909458,0.000123,0.000736
AAGTGACGACCGAATT-1,0.000014,0.184992,0.001026,0.813968
AAGTGAGTCGGGTTTA-1,0.000034,0.413511,0.288477,0.297978
AAGTGCCTTGACTGTA-1,0.000015,0.054541,0.043067,0.902377
AAGTGCGTTAGAATCT-1,0.00006,0.999522,0.00006,0.000358
AAGTGCTTCTCTATTG-1,0.189816,0.195062,0.00002,0.615102
AAGTGTTTGGAGACGG-1,0.027912,0.142198,0.357633,0.472257
AAGTTCACTCCAAGCT-1,0.471569,0.148017,0.165203,0.21521
AAGTTCAGTCTGCGTA-1,0.04304,0.574736,0.10757,0.274654
AAGTTCGGCCAACAGG-1,0.000033,0.640697,0.002534,0.356735
AAGTTGTGATGTTATA-1,0.940478,0.059138,0.000055,0.000329
AAGTTTACTAATGGCA-1,0.000054,0.819965,0.008634,0.171347
AAGTTTATGGGCCCAA-1,0.04812,0.779185,0.172414,0.00028
AATAACAACGCTCGGC-1,0.000035,0.874768,0.000035,0.125162
AATAACACTAGAACAA-1,0.066934,0.665997,0.050643,0.216425
AATAACGTCGCGCCCA-1,0.999019,0.000587,0.000056,0.000337
AATAAGTCCTCGAGAC-1,0.000049,0.999185,0.00047,0.000296
AATAATCTTCGTATCG-1,0.02983,0.307049,0.262806,0.400315
AATACCGGAGGGCTGT-1,0.142487,0.38646,0.168259,0.302793
AATACCTGATGTGAAC-1,0.506597,0.409766,0.083269,0.000368
AATAGAACAGAGTGGC-1,0.000025,0.262026,0.0244,0.71355
AATAGAATCTGTTTCA-1,0.070035,0.617791,0.192335,0.119839
AATAGCAAGCCTCCTG-1,0.000061,0.904185,0.060014,0.035739
AATAGCTACCGCGTGC-1,0.462167,0.368442,0.000045,0.169345
AATAGGCACGACCCTT-1,0.000029,0.717573,0.066891,0.215506
AATAGTCCGTCCCGAC-1,0.048815,0.801988,0.148052,0.001144
AATATCAAGGTCGGAT-1,0.02604,0.489125,0.132169,0.352666
AATATCGAATCAATGC-1,0.012267,0.216272,0.26814,0.503322
AATATCGAGGGTTCTC-1,0.000047,0.853451,0.000047,0.146454
AATATTGGAGTATTGA-1,0.019887,0.979506,0.000087,0.00052
AATCAGGTTTCATTTA-1,0.00004,0.396113,0.008199,0.595648
AATCATGTAAAGACTC-1,0.002972,0.491083,0.40924,0.096705
AATCCAAGGGCCTGAG-1,0.000029,0.651769,0.002703,0.345499
AATCCCGCTCAGAGCC-1,0.052537,0.434431,0.054983,0.458049
AATCGAGGTCTCAAGG-1,0.080244,0.347124,0.222728,0.349904
AATCGCCTCAGCGCCA-1,0.003545,0.108408,0.016733,0.871313
AATCGCGCAGAGGACT-1,0.036613,0.757856,0.022067,0.183465
AATCGGGACACTACGA-1,0.013537,0.191598,0.014143,0.780722
AATCGGTATAGCCCTC-1,0.999529,0.000141,0.000047,0.000283
AATCGTGAGCCGAGCA-1,0.902185,0.097608,0.000035,0.000172
AATCTAGGTTTACTTG-1,0.000044,0.732328,0.000044,0.267584
AATCTATGCCGGAGCC-1,0.000028,0.326372,0.000028,0.673573
AATCTGCGTTGGGACG-1,0.002943,0.88322,0.036004,0.077833
AATCTGGCTTTCTAGT-1,0.0165,0.655581,0.00004,0.327879
AATCTGGGTAGACCCT-1,0.000093,0.999256,0.000093,0.000558
AATGACAGCAATGTCT-1,0.11426,0.885398,0.000049,0.000293
AATGACGTAGGATGTC-1,0.049608,0.291101,0.098232,0.56106
AATGACTGTCAGCCGG-1,0.07773,0.541822,0.000055,0.380394
AATGATGATACGCTAT-1,0.058909,0.940632,0.000066,0.000394
AATGATGCGACTCCTG-1,0.000023,0.30936,0.000023,0.690595
AATGCAACCGGGTACC-1,0.04352,0.904393,0.000076,0.052011
AATGCACCAAGCAATG-1,0.144583,0.467349,0.000049,0.388019
AATGGCCGCCAATGCG-1,0.000027,0.26018,0.012064,0.727729
AATGGTTCTCACAAGC-1,0.000037,0.558932,0.126243,0.314788
AATGTATGGCACTGTA-1,0.000028,0.294417,0.000028,0.705528
AATGTGCCCGAGGTGT-1,0.000039,0.943049,0.000039,0.056874
AATGTGCTAATCTGAG-1,0.043252,0.484125,0.002958,0.469664
AATGTTAAGACCCTGA-1,0.224244,0.256892,0.287981,0.230883
AATGTTGTCGTGAGAC-1,0.835362,0.000172,0.000057,0.16441
AATTAAAGGTCGGCGT-1,0.000035,0.589495,0.006938,0.403531
AATTAACGGATTTCCA-1,0.030917,0.114614,0.058717,0.795751
AATTACGAGACCCATC-1,0.000048,0.641899,0.046636,0.311416
AATTAGCGCTGCAGCG-1,0.052918,0.646344,0.045259,0.255478
AATTATACCCAGCAAG-1,0.176457,0.697817,0.059635,0.066092
AATTCATAAGGGATCT-1,0.018701,0.662037,0.000049,0.319214
AATTCATTGTCATGCA-1,0.080201,0.054878,0.012219,0.852702
AATTCCAAGCATGTAC-1,0.000013,0.011889,0.076141,0.911958
AATTCGATTCGAGGAT-1,0.454687,0.545005,0.000044,0.000264
AATTCTAGAGTTAGGC-1,0.19258,0.422114,0.064164,0.321142
AATTGAACGCTCTGGT-1,0.014967,0.157368,0.00794,0.819724
AATTGCAGCAATCGAC-1,0.99487,0.004827,0.000043,0.000259
AATTGCGTGGATTACA-1,0.000015,0.094243,0.000015,0.905727
AATTGTGGTTGCCAAA-1,0.901865,0.097056,0.000154,0.000925
AATTTGGGACATAGTA-1,0.000039,0.681378,0.019498,0.299085
AATTTGGTTCCAAAGA-1,0.000053,0.776436,0.000054,0.223456
ACAAACCATGCGTCCT-1,0.008554,0.750161,0.012616,0.228669
ACAAACCGACAAGGCG-1,0.001052,0.527861,0.203284,0.267803
ACAAACTCCATCAGAG-1,0.007618,0.595804,0.04719,0.349387
ACAAAGAAGGTAGGCC-1,0.141198,0.321154,0.059018,0.47863
ACAAAGCATGACCTAG-1,0.490578,0.001756,0.216123,0.291544
ACAAATCGCACCGAAT-1,0.034856,0.407899,0.384832,0.172413
ACAAATGGTAGTGTTT-1,0.022211,0.719358,0.100066,0.158365
ACAAATTCAGATCTGA-1,0.044334,0.743634,0.000062,0.21197
ACAACAGCATGAGCTA-1,0.000023,0.268624,0.000023,0.731329
ACAACGGTCCCTGCGA-1,0.062951,0.386397,0.061105,0.489548
ACAAGCAGTGCCTAGC-1,0.071525,0.58612,0.060456,0.281898
ACAAGGAAATCCGCCC-1,0.088931,0.539118,0.064344,0.307607
ACAAGGACAAGAGGTT-1,0.000045,0.816334,0.001549,0.182072
ACAAGGATGCTTTAGG-1,0.828292,0.157342,0.005823,0.008544
ACAAGGCCTACCAGCC-1,0.0313,0.945476,0.000074,0.023151
ACAAGGGCAGGCTCTG-1,0.042014,0.69614,0.046693,0.215153
ACAAGTAATTGTAAGG-1,0.100629,0.51262,0.033333,0.353419
ACAATAGTCGTACGTT-1,0.000036,0.679923,0.000036,0.320004
ACAATCCATTTAAACC-1,0.000024,0.518734,0.000024,0.481218
ACAATCGATCTTTATA-1,0.00003,0.347497,0.01096,0.641513
ACAATGAATACGGAGA-1,0.036079,0.418477,0.060641,0.484804
ACAATGATTCTTCTAC-1,0.000059,0.566889,0.000059,0.432993
ACAATTGTGTCTCTTT-1,0.000859,0.010393,0.013723,0.975025
ACAATTTGAGCAGTGG-1,0.000023,0.314374,0.003789,0.681814
ACAATTTGGCCATATT-1,0.029507,0.078532,0.134978,0.756983
ACACAAAGACGGGTGG-1,0.058185,0.941367,0.000064,0.000383
ACACAAATATTCCTAG-1,0.00006,0.757069,0.00006,0.242812
ACACACCAGGACCAGT-1,0.00001,0.025509,0.054585,0.919895
ACACACTTTCTACACG-1,0.000032,0.353954,0.000064,0.64595
ACACATGATCAAATCT-1,0.037382,0.151215,0.007648,0.803754
ACACATTTCCGTAGAC-1,0.170045,0.672528,0.130781,0.026645
ACACCACATAATTAGC-1,0.024893,0.051717,0.012696,0.910693
ACACCCAGCATGCAGC-1,0.106654,0.892585,0.000109,0.000653
ACACCCGAGAAATCCG-1,0.226427,0.766418,0.006886,0.000268
ACACCCGTAAATCTGT-1,0.123953,0.510392,0.113656,0.251998
ACACCGGTCTGACCGC-1,0.055097,0.867915,0.006834,0.070155
ACACCTTAAGTAGGGC-1,0.039582,0.782923,0.000087,0.177408
ACACCTTACTACTTGC-1,0.095236,0.513858,0.035127,0.355779
ACACGAGACTCCTTCT-1,0.000067,0.980426,0.004663,0.014844
ACACGGCACTATGCAT-1,0.000056,0.89542,0.000056,0.104468
ACACGGGAACTTAGGG-1,0.000052,0.999583,0.000052,0.000312
ACACGTAGGCCACAAG-1,0.364136,0.451339,0.167135,0.017391
ACACTGATCAAGGTGT-1,0.022705,0.915413,0.039329,0.022553
ACACTGGGACAGTCGT-1,0.285503,0.547576,0.166501,0.00042
ACAGAACTGAGAACAA-1,0.000032,0.959504,0.007039,0.033425
ACAGATTAGGTTAGTG-1,0.000029,0.239194,0.000029,0.760749
ACAGCATAGAGCCAGT-1,0.044643,0.215378,0.109121,0.630858
ACAGCGACATTCTCAT-1,0.210852,0.024719,0.258644,0.505785
ACAGCGCACCCGCAGC-1,0.000017,0.119381,0.00135,0.879252
ACAGGCACGGATCCTT-1,0.993904,0.000132,0.000044,0.00592
ACAGGCTTGCCCGACT-1,0.038691,0.446788,0.378576,0.135946
ACAGGTGGAGGTGAGG-1,0.053783,0.772838,0.015205,0.158174
ACAGTAATACAACTTG-1,0.00002,0.369331,0.00002,0.630628
ACAGTATACCGTGGGA-1,0.066571,0.703529,0.008114,0.221786
ACAGTGCAGCGCATTT-1,0.000051,0.180963,0.000051,0.818934
ACATAAGTCGTGGTGA-1,0.002114,0.073249,0.00002,0.924617
ACATAATAAGGCGGTG-1,0.050866,0.543135,0.063018,0.34298
ACATACAATCAAGCGG-1,0.042136,0.56242,0.329924,0.06552
ACATCCCGGCCATACG-1,0.123316,0.194186,0.098096,0.584402
ACATCCTGGTAACTGT-1,0.093321,0.148901,0.081249,0.676529
ACATCGATCGTTTACC-1,0.000021,0.087867,0.003231,0.90888
ACATCGCAATATTCGG-1,0.000024,0.421412,0.009416,0.569149
ACATCGGTCAGCCGCG-1,0.100367,0.83693,0.000062,0.062641
ACATCGTATGCAATGG-1,0.000008,0.000397,0.0096,0.989996
ACATCGTTAACCTAGT-1,0.02022,0.16747,0.00003,0.81228
ACATCTCAACGCGTAA-1,0.000012,0.048534,0.005959,0.945495
ACATGCTTACGGCAGC-1,0.012512,0.984953,0.000042,0.002493
ACATGGCGCCAAAGTA-1,0.035192,0.900967,0.02308,0.040762
ACATTAGTTTATATCC-1,0.047254,0.839435,0.088292,0.02502
ACATTCGCGCGGAATA-1,0.00005,0.99495,0.000677,0.004324
ACATTTGAAACCTAAC-1,0.741164,0.141588,0.092577,0.024672
ACCAAACACCCAGCGA-1,0.381248,0.618323,0.000061,0.000367
ACCAAACTAGAAATCC-1,0.000021,0.200319,0.056383,0.743278
ACCAACACCACACACT-1,0.108393,0.605979,0.000061,0.285566
ACCAACCGCACTCCAC-1,0.619168,0.188617,0.082424,0.109792
ACCAACGCTTATTTAT-1,0.094254,0.031344,0.071092,0.80331
ACCAAGAACGCGTGTC-1,0.000034,0.548455,0.000034,0.451478
ACCAAGTCATCGGCAG-1,0.985883,0.000176,0.000059,0.013882
ACCAATATGCAAGTTA-1,0.120091,0.037485,0.179408,0.663016
ACCACAACTCAGAACA-1,0.084871,0.619337,0.012255,0.283537
ACCACAAGTTTCTATC-1,0.000022,0.316516,0.000022,0.68344
ACCACACGGTTGATGG-1,0.077128,0.067922,0.197156,0.657793
ACCACCAATGTAACAA-1,0.021659,0.112167,0.062464,0.80371
ACCACCCTCTCTTCTA-1,0.01999,0.979461,0.000078,0.000471
ACCACGTGCAGCTATA-1,0.083159,0.84018,0.075346,0.001315
ACCAGCCCGGTCTTTG-1,0.036646,0.086626,0.007715,0.869012
ACCAGGAGTGTGATCT-1,0.000049,0.900433,0.000049,0.09947
ACCAGTGCCCGGTCAA-1,0.000028,0.31317,0.069586,0.617215
ACCAGTGCGGGAGACG-1,0.162638,0.738038,0.098973,0.00035
ACCATATCCGCAATAA-1,0.029499,0.880955,0.000046,0.0895
ACCATCCGCCAACTAG-1,0.037192,0.962416,0.000056,0.000336
ACCATCGTATATGGTA-1,0.000035,0.738896,0.040765,0.220304
ACCCAACGCCCGTGGC-1,0.006805,0.940622,0.000041,0.052532
ACCCACCTACATGCTC-1,0.071742,0.331193,0.08786,0.509205
ACCCATCTTGAGGGTA-1,0.00153,0.611615,0.000626,0.386229
ACCCATTTGTCCCTCT-1,0.410045,0.116465,0.325726,0.147763
ACCCGAGCGAAATTAC-1,0.000776,0.000429,0.000006,0.998789
ACCCGATTGGTTCCGA-1,0.067924,0.812345,0.00005,0.119681
ACCCGGAAACTCCCAG-1,0.360357,0.195088,0.174669,0.269886
ACCCGGAGCACCACAA-1,0.31034,0.067516,0.067365,0.554778
ACCCGGATGACGCATC-1,0.000033,0.717842,0.129168,0.152957
ACCCGGTTACACTTCC-1,0.000037,0.699956,0.000037,0.29997
ACCCGTAGCAGAGAAT-1,0.000012,0.271993,0.005759,0.722237
ACCCGTAGTCTAGTTG-1,0.869746,0.000235,0.000078,0.129941
ACCCGTGTCATCAGTA-1,0.000033,0.509156,0.306333,0.184479
ACCCTATGCCATATCG-1,0.039509,0.528477,0.049876,0.382138
ACCCTCCCGTCAGGGC-1,0.919906,0.000182,0.000061,0.079851
ACCCTCCCTTGCTATT-1,0.036976,0.331406,0.040492,0.591126
ACCCTGGTAACGCCCT-1,0.037754,0.96167,0.000082,0.000494
ACCCTTCATCTGCGAA-1,0.000058,0.878693,0.012941,0.108308
ACCCTTGCCTGGGTCG-1,0.06802,0.93108,0.000129,0.000772
ACCCTTTAGTTCTCCA-1,0.00007,0.839788,0.052225,0.107916
ACCGAAAGGGCCCTGC-1,0.000016,0.15007,0.00335,0.846564
ACCGAAGAGTCTGGTT-1,0.107934,0.801537,0.000045,0.090484
ACCGACACATCTCCCA-1,0.002779,0.11324,0.347763,0.536218
ACCGACTGAGTCCCAC-1,0.000031,0.460205,0.000031,0.539732
ACCGAGTCTCCTTATT-1,0.078025,0.568192,0.134406,0.219378
ACCGATAGGCATAACC-1,0.753211,0.00498,0.053838,0.187971
ACCGATATTTAATCAT-1,0.02233,0.194544,0.377507,0.405618
ACCGATGGTAGCATCG-1,0.000017,0.262084,0.022546,0.715354
ACCGCAATAACTGCCT-1,0.029652,0.434064,0.238626,0.297659
ACCGCGGTGGAAGTCG-1,0.053205,0.667878,0.153854,0.125063
ACCGCTAGTCATTGGT-1,0.003246,0.86636,0.00004,0.130354
ACCGGGCCTTTGTTGA-1,0.025736,0.74794,0.14664,0.079683
ACCGGTCAGGTACACC-1,0.000033,0.795103,0.011312,0.193552
ACCGGTCTGAGTACGG-1,0.000068,0.65539,0.004495,0.340047
ACCGTCCACTGGGCCC-1,0.012228,0.695787,0.000035,0.291951
ACCGTGACCACGTGGG-1,0.013543,0.20471,0.009097,0.772649
ACCGTTCCCGCTCTGA-1,0.000046,0.744369,0.000046,0.25554
ACCTAAGTACCTTTCA-1,0.000018,0.30463,0.004769,0.690583
ACCTAATCGACTTCCT-1,0.024197,0.946256,0.000073,0.029474
ACCTACAGTATGTGGT-1,0.208794,0.300477,0.036136,0.454593
ACCTACTATAAATCTA-1,0.049094,0.835984,0.076349,0.038573
ACCTCAGCGAGGCGCA-1,0.053791,0.042213,0.146309,0.757688
ACCTCCGCCCTCGCTG-1,0.05462,0.258123,0.147872,0.539385
ACCTCCGTTATTCACC-1,0.186395,0.481354,0.004301,0.32795
ACCTCGAACTTATGCT-1,0.000067,0.202766,0.003169,0.793999
ACCTGCGTGTCATGTT-1,0.000037,0.674859,0.000037,0.325068
ACCTTTCCTTTAGAAG-1,0.000048,0.639514,0.008521,0.351917
ACGAAATGGGCGGCAC-1,0.051036,0.948458,0.000072,0.000434
ACGACCCATGAGTTGC-1,0.600692,0.274489,0.107399,0.01742
ACGACTCTAGGGCCGA-1,0.706819,0.233578,0.05938,0.000224
ACGACTGGTCATACTC-1,0.051253,0.62492,0.00213,0.321697
ACGAGATATTTGCTTA-1,0.000044,0.674742,0.006606,0.318608
ACGAGGATACCACTCT-1,0.00004,0.816059,0.005909,0.177992
ACGAGGTTTACAACGT-1,0.000044,0.999651,0.000044,0.000262
ACGAGTACGGATGCCC-1,0.000027,0.683931,0.000027,0.316015
ACGATACATAGAACTA-1,0.053833,0.888032,0.000092,0.058043
ACGATCATACATAGAG-1,0.084208,0.902717,0.012761,0.000314
ACGATCATCTTGTAAA-1,0.019638,0.446677,0.01568,0.518005
ACGATGCATATGTTAT-1,0.000048,0.698246,0.000048,0.301658
ACGATGGATCCGATGC-1,0.000059,0.926859,0.034396,0.038686
ACGCAAACTAATAGAT-1,0.08822,0.329204,0.025101,0.557475
ACGCAATCACTACAGC-1,0.001356,0.624107,0.000044,0.374494
ACGCATAAATGACATG-1,0.00002,0.241757,0.11732,0.640903
ACGCATACGTTTACTA-1,0.070506,0.27192,0.538575,0.118999
ACGCATTCGTGAGTAC-1,0.000037,0.494567,0.030057,0.47534
ACGCCACTCGAAACAG-1,0.00001,0.004362,0.069446,0.926182
ACGCCAGATGATTTCT-1,0.0071,0.280967,0.000027,0.711905
ACGCCAGTGCGTTTGC-1,0.882322,0.117282,0.000057,0.000339
ACGCCCAGCTGTCGAT-1,0.016578,0.10209,0.076144,0.805188
ACGCCGCTAGACGACC-1,0.002994,0.158106,0.084563,0.754337
ACGCGAAGTCAGACGA-1,0.000052,0.757322,0.18224,0.060387
ACGCGCTACACAGGGT-1,0.000054,0.936024,0.000054,0.063869
ACGCGGGCCAAGGACA-1,0.000046,0.763447,0.009331,0.227176
ACGCTACTGAATGGGC-1,0.838931,0.000312,0.000104,0.160653
ACGCTAGTATCAGTGC-1,0.000106,0.457917,0.059085,0.482891
ACGCTAGTGATACACT-1,0.00006,0.950629,0.00006,0.049252
ACGCTGTGAGGCGTAG-1,0.085735,0.66919,0.000068,0.245007
ACGCTTAGTGTCTCTC-1,0.000011,0.004144,0.010762,0.985083
ACGGAACACGAGTGCC-1,0.772054,0.143767,0.013461,0.070719
ACGGACGCAGCGACAA-1,0.000026,0.718686,0.022253,0.259035
ACGGACTCTCAAAGCG-1,0.233083,0.446738,0.290425,0.029754
ACGGAGCGCAAATTAC-1,0.051586,0.880773,0.000102,0.067539
ACGGATGGTGCGGATA-1,0.582295,0.405335,0.008436,0.003935
ACGGCACTTGCTTGGG-1,0.167473,0.823943,0.001795,0.006789
ACGGCCAACATGGACT-1,0.089992,0.000351,0.015831,0.893827
ACGGCGACGATGGGAA-1,0.072581,0.666761,0.116741,0.143918
ACGGCTGGATGTAGAA-1,0.000028,0.345416,0.000028,0.654529
ACGGGAGTGTCGGCCC-1,0.03258,0.962697,0.000062,0.004661
ACGGGCGTATGCGACA-1,0.010289,0.847563,0.000079,0.142069
ACGGGTTGTGACCTGT-1,0.000023,0.680297,0.000023,0.319658
ACGGTACAGTTCAATG-1,0.324456,0.006826,0.152456,0.516262
ACGGTCACCGAGAACA-1,0.00002,0.496377,0.000808,0.502794
ACGTACAGATTTCTCT-1,0.000054,0.917007,0.004959,0.077981
ACGTACTTTGGCACGG-1,0.000033,0.294054,0.000033,0.705881
ACGTAGATTGCTGATG-1,0.000051,0.868113,0.063498,0.068339
ACGTAGGAGAGTCGCT-1,0.00001,0.026934,0.051766,0.921289
ACGTATTACTCCGATC-1,0.000029,0.597418,0.16667,0.235882
ACGTCCTAAACGAGAT-1,0.000443,0.670932,0.021986,0.306639
ACGTCGGGCAACTCGG-1,0.000023,0.514751,0.000023,0.485203
ACGTCTCGTTCCGGGA-1,0.120223,0.360877,0.018501,0.500399
ACGTGACAAAGTAAGT-1,0.414252,0.585037,0.000035,0.000677
ACGTGCGCCTCGTGCA-1,0.000129,0.998965,0.000129,0.000776
ACGTGGTCGAATGTGC-1,0.000033,0.458988,0.084514,0.456464
ACGTTAATGTCGAAGA-1,0.00001,0.090645,0.02623,0.883115
ACGTTAGATTTGCCCG-1,0.000016,0.057508,0.000016,0.942461
ACGTTCACTATGCCGC-1,0.167166,0.476486,0.010414,0.345934
ACGTTCCGCGCTCCGT-1,0.000051,0.952942,0.000051,0.046955
ACGTTCGCAATCAATT-1,0.000037,0.609615,0.000037,0.390312
ACGTTCGTTCAGGAAA-1,0.000039,0.716759,0.199556,0.083646
ACGTTCTGTACAAGTC-1,0.598247,0.361133,0.040286,0.000334
ACGTTGTCGTTGAAAG-1,0.019497,0.210039,0.087833,0.682631
ACGTTTAGTTGTGATC-1,0.000032,0.290688,0.000032,0.709248
ACGTTTCGGTGCACTT-1,0.671155,0.08538,0.026942,0.216523
ACTAAGGACGCACACC-1,0.000039,0.335946,0.000039,0.663977
ACTAATACGTCAGGCG-1,0.000056,0.832039,0.019956,0.147949
ACTACAAAGAGAGGTG-1,0.044349,0.338796,0.000068,0.616786
ACTACATCCCGACAAG-1,0.135949,0.855878,0.000049,0.008124
ACTACCAGCTCTCTGG-1,0.060369,0.484576,0.03821,0.416844
ACTACCATCCGAGGGC-1,0.000036,0.890943,0.003701,0.10532
ACTACGCGTTAGAATT-1,0.038403,0.77839,0.17273,0.010477
ACTAGTTGCGATCGTC-1,0.000018,0.214667,0.153003,0.632311
ACTATATGCTGTGTTC-1,0.000051,0.747493,0.000051,0.252405
ACTATCCAGGGCATGG-1,0.000036,0.636281,0.031007,0.332676
ACTATCTGCCCGCGTA-1,0.024097,0.558536,0.362044,0.055324
ACTATGTCCAGCTGCC-1,0.063001,0.224219,0.009465,0.703315
ACTATTCGTCCGTGGT-1,0.000023,0.239287,0.000023,0.760667
ACTATTTCCGGGCCCA-1,0.160535,0.105034,0.051549,0.682882
ACTCAAGTGCAAGGCT-1,0.517281,0.311757,0.037481,0.133481
ACTCAATAAAGGCACG-1,0.000057,0.509873,0.000996,0.489074
ACTCAGACCTGCTTCT-1,0.004596,0.610671,0.027989,0.356743
ACTCATGGCAGCCTTC-1,0.000018,0.107018,0.002105,0.890858
ACTCCAATATCATCAT-1,0.000017,0.222223,0.015598,0.762161
ACTCCCATTCCTAAAG-1,0.000043,0.940818,0.000043,0.059095
ACTCCCGAATTCGTTT-1,0.00002,0.183018,0.000935,0.816028
ACTCCCGTAGACTAGG-1,0.037526,0.839329,0.021497,0.101648
ACTCCCTAATGCTAAA-1,0.000298,0.135853,0.121441,0.742408
ACTCCCTAGAATAGTA-1,0.000029,0.251452,0.140583,0.607936
ACTCCGGCCGACCACT-1,0.864447,0.075536,0.030007,0.03001
ACTCGCCGTTCGATAA-1,0.933511,0.022464,0.01002,0.034005
ACTCGCGATCTGACGC-1,0.005117,0.225902,0.104083,0.664898
ACTCGTAACCCGTCCT-1,0.000026,0.289429,0.006539,0.704006
ACTCGTCAGTAATCCC-1,0.000043,0.998072,0.000044,0.00184
ACTCTCTGACTTAGGT-1,0.051457,0.015368,0.015026,0.918149
ACTCTCTTATACACGA-1,0.000015,0.021923,0.000556,0.977506
ACTCTGACCTAATAGA-1,0.954463,0.000193,0.000064,0.04528
ACTCTTCAGCTCCCGC-1,0.153537,0.132251,0.023107,0.691104
ACTCTTGTATAGTAAC-1,0.046339,0.46599,0.040711,0.446961
ACTGAAACGCCGTTAG-1,0.178914,0.559697,0.261109,0.000279
ACTGAATGGCGAAAGT-1,0.083435,0.423762,0.199203,0.293599
ACTGATTTAGTGATTC-1,0.000023,0.14953,0.007178,0.843269
ACTGCCCGCCATTCTC-1,0.026002,0.765427,0.006628,0.201943
ACTGCCGTCGTAACTC-1,0.000094,0.963889,0.035455,0.000562
ACTGCGGACACACCGT-1,0.108225,0.128371,0.033968,0.729435
ACTGCTCGGAAGGATG-1,0.000045,0.595442,0.000045,0.404467
ACTGGCGAACCTGCGT-1,0.02601,0.448994,0.189362,0.335634
ACTGGGATGCCAGTGC-1,0.11983,0.73948,0.110201,0.03049
ACTGTACGATACACAT-1,0.000017,0.135615,0.00961,0.854758
ACTGTAGCACTTTGGA-1,0.412829,0.577575,0.000057,0.009538
ACTGTCCAGGATTATA-1,0.000037,0.379727,0.000037,0.6202
ACTGTCTTCTTTAGAA-1,0.000024,0.379559,0.000624,0.619794
ACTGTTTAGTGTAGGC-1,0.002865,0.42885,0.118385,0.4499
ACTTACCGGGCGCGCA-1,0.000048,0.961391,0.000048,0.038513
ACTTACGCATCCACGC-1,0.278345,0.204281,0.108477,0.408897
ACTTATACTTACCCGG-1,0.031257,0.289624,0.05169,0.62743
ACTTATTAGGATCGGT-1,0.000023,0.141179,0.015583,0.843215
ACTTATTTATGTGCCA-1,0.000036,0.408896,0.209388,0.38168
ACTTCAGGCTGATCCC-1,0.116638,0.594712,0.214056,0.074594
ACTTCCAGTGGAAGCT-1,0.000087,0.999306,0.000087,0.000521
ACTTCCATGCGGGACA-1,0.447727,0.417005,0.08157,0.053697
ACTTCCTGTCGTGCGA-1,0.000021,0.000064,0.002595,0.997319
ACTTCGCCATACGCAC-1,0.070513,0.724175,0.000041,0.205271
ACTTCGCTAGCGAGTG-1,0.000047,0.678781,0.000047,0.321125
ACTTGACTCCCTCTTT-1,0.04412,0.548992,0.003652,0.403237
ACTTGCCATATTGTAC-1,0.027678,0.011832,0.006718,0.953772
ACTTGCTCTATCTACC-1,0.000025,0.655328,0.002254,0.342393
ACTTGGGACCCGGTGG-1,0.001851,0.619614,0.000035,0.3785
ACTTGGGCTTTCGCCA-1,0.047145,0.010819,0.087927,0.854109
ACTTGTAGTCCCTTCA-1,0.058995,0.848668,0.001528,0.090809
ACTTGTGGATGGAACG-1,0.003993,0.635126,0.340987,0.019894
ACTTGTTACCGGATCA-1,0.000017,0.155082,0.017374,0.827526
ACTTTACCCTCATGAA-1,0.020358,0.321667,0.004992,0.652982
ACTTTATACACCACTT-1,0.014828,0.833831,0.000028,0.151313
ACTTTCCTATAGCTTC-1,0.000024,0.256437,0.000024,0.743515
ACTTTGACTGCATCCT-1,0.124894,0.534239,0.092986,0.247881
ACTTTGGTCGTGCTCC-1,0.000045,0.98431,0.000045,0.0156
ACTTTGTCGACGCACT-1,0.168698,0.635052,0.195942,0.000308
AGAAATTATGACTCGC-1,0.003453,0.584672,0.268296,0.143579
AGAACACGGCGATGGT-1,0.000013,0.174703,0.001038,0.824246
AGAACCCAGCGTGACA-1,0.035044,0.08994,0.100896,0.77412
AGAACCCTCAATTGGG-1,0.000045,0.710787,0.000045,0.289123
AGAACGTGGTACATTC-1,0.000023,0.450385,0.000023,0.549568
AGAACTGTACTTTGTA-1,0.040564,0.003165,0.133424,0.822848
AGAAGAGCGCCGTTCC-1,0.000399,0.188456,0.000399,0.810746
AGAAGGTACACTTCAC-1,0.000044,0.734711,0.000044,0.265202
AGAAGGTTGCCGAATT-1,0.00203,0.040912,0.008987,0.948071
AGAAGGTTGTAGGTCG-1,0.42957,0.420716,0.094797,0.054917
AGAAGTGATTCGTGAT-1,0.000057,0.874483,0.000057,0.125404
AGAATAAATCTTCAGG-1,0.050661,0.428747,0.058104,0.462488
AGAATACAGGCTATCC-1,0.134131,0.00147,0.079867,0.784533
AGAATGCGGGTTCGGA-1,0.000037,0.532212,0.002428,0.465323
AGAATTATGGATTCGA-1,0.008406,0.97023,0.001551,0.019813
AGACAGGCATCTCAGC-1,0.110544,0.084085,0.100897,0.704474
AGACATAGATCCTTCC-1,0.000498,0.638742,0.037383,0.323376
AGACCAAACCACACCT-1,0.000038,0.740793,0.000038,0.259131
AGACCATGGGATACAA-1,0.041713,0.269058,0.149956,0.539273
AGACCCACCGCTGATC-1,0.160173,0.616805,0.115796,0.107226
AGACCCGCCCTCCTCG-1,0.026861,0.972697,0.000063,0.000379
AGACCGCTCCGCGGTT-1,0.214165,0.367,0.114426,0.304409
AGACCGGGAAACCCTG-1,0.014351,0.689235,0.015104,0.281309
AGACGAAGTGCCGGTC-1,0.059609,0.410087,0.05537,0.474934
AGACGACGATGCCGCT-1,0.000038,0.985573,0.000038,0.014351
AGACGCCCACTTCGCC-1,0.490302,0.022937,0.078811,0.40795
AGACGGGATTGGTATA-1,0.000026,0.240196,0.031929,0.727849
AGACGGGCCGATTTAA-1,0.000046,0.707137,0.011086,0.28173
AGACTAGCCTTCCAGA-1,0.062562,0.732764,0.000081,0.204593
AGACTGTTACCGGGTC-1,0.000459,0.059011,0.060565,0.879965
AGAGAAACACCAGAAA-1,0.076344,0.482305,0.080848,0.360504
AGAGAACCGTCTAGGA-1,0.000025,0.455488,0.001498,0.542989
AGAGAAGGAGTACAAT-1,0.000044,0.983806,0.000044,0.016106
AGAGATCTCTAAAGCG-1,0.000075,0.931075,0.000075,0.068774
AGAGCCGCCGAGATTT-1,0.42454,0.2931,0.177438,0.104922
AGAGCGCTTGTAACGG-1,0.141298,0.722836,0.000115,0.135751
AGAGCGGGCTAATCAT-1,0.000039,0.491941,0.000039,0.50798
AGAGCGTACAAGCTCG-1,0.060579,0.455083,0.145496,0.338841
AGAGGCTTCGGAAACC-1,0.076778,0.266899,0.195431,0.460891
AGAGGGACAATTGTCC-1,0.015416,0.956891,0.000103,0.02759
AGAGGTATCTCGGTCC-1,0.013005,0.008758,0.002661,0.975576
AGAGTAAACTTCACTA-1,0.113254,0.839592,0.037852,0.009303
AGAGTATAGTGTTACG-1,0.000021,0.119871,0.000021,0.880086
AGAGTCTTAATGAAAG-1,0.929738,0.069665,0.000085,0.000512
AGAGTGAACAGACACC-1,0.000037,0.02137,0.080207,0.898387
AGAGTTAGAGACCGAT-1,0.027902,0.10184,0.000607,0.869651
AGAGTTGCAGGCCTCC-1,0.000038,0.781096,0.000038,0.218827
AGATAACTTCAGGGCC-1,0.000019,0.337151,0.000019,0.66281
AGATAATCACACCTAT-1,0.000017,0.254802,0.000017,0.745164
AGATACCAATAGAACC-1,0.564849,0.000045,0.071743,0.363362
AGATACCAGCACTTCA-1,0.027995,0.971411,0.000085,0.000509
AGATACCGGTGTTCAC-1,0.000049,0.900548,0.000049,0.099354
AGATACTCAAGATCGA-1,0.000017,0.151528,0.120932,0.727523
AGATATAATACGACTA-1,0.160287,0.22377,0.289465,0.326477
AGATCGTGCATAAGAT-1,0.143709,0.683652,0.009979,0.162659
AGATCTCAGGTGTGAT-1,0.000048,0.999612,0.000048,0.000291
AGATCTGGAGAGGATA-1,0.000022,0.604346,0.001921,0.393711
AGATGACTCGCCCACG-1,0.126566,0.380563,0.000096,0.492775
AGATGAGGGTTGCGAT-1,0.00008,0.999362,0.00008,0.000479
AGATGATGGAGTCTGG-1,0.000054,0.999571,0.000054,0.000322
AGATGCAAGACGTGCA-1,0.014449,0.465017,0.00393,0.516603
AGATGCATCCTGTGTC-1,0.106826,0.731617,0.001646,0.159911
AGATTATAGGACGTTT-1,0.000023,0.21263,0.000059,0.787289
AGATTCAAGCGGGTCG-1,0.009779,0.569845,0.000063,0.420313
AGATTCACAACCGATA-1,0.000885,0.534463,0.024055,0.440597
AGCAAAGGCCGCTAGT-1,0.416071,0.320887,0.186913,0.076129
AGCAACATATCTTATT-1,0.028667,0.231113,0.020554,0.719666
AGCAACCGAAAGTAAT-1,0.080896,0.550823,0.00004,0.368241
AGCACACGTTTAGACT-1,0.000014,0.006251,0.000014,0.99372
AGCACCAGTACTCACG-1,0.000029,0.333128,0.010102,0.656741
AGCACTACCGGCCTGT-1,0.22089,0.77888,0.000033,0.000197
AGCACTACCTCACCAG-1,0.003076,0.106274,0.343318,0.547332
AGCACTTAAGGACGCC-1,0.000075,0.999396,0.000075,0.000453
AGCAGAAGGAGAAAGA-1,0.093465,0.284,0.522598,0.099938
AGCAGCCAGATGAATA-1,0.001941,0.348278,0.165865,0.483916
AGCAGTCGAAGCATGC-1,0.014569,0.114666,0.239444,0.631321
AGCATATCAATATGCT-1,0.005447,0.59762,0.275369,0.121564
AGCATCATTTCGAAAG-1,0.025663,0.928541,0.000046,0.04575
AGCATCGTCGATAATT-1,0.054785,0.513888,0.000113,0.431214
AGCATTACGAGGCAAG-1,0.886433,0.113228,0.000049,0.000291
AGCCAAGCTTTGTGTC-1,0.027577,0.150136,0.441755,0.380532
AGCCACAGGTTACCCG-1,0.302578,0.091658,0.242037,0.363727
AGCCACTCCCGTGCTT-1,0.179919,0.819622,0.000066,0.000393
AGCCATATAGTATGTG-1,0.072767,0.594613,0.123623,0.208997
AGCCCATACATGTAAG-1,0.000019,0.275748,0.000019,0.724213
AGCCCGCAACAAGCAG-1,0.006459,0.109032,0.183381,0.701127
AGCCCGCACTACAATG-1,0.743584,0.000067,0.000022,0.256327
AGCCCGGCATTAGAGG-1,0.000081,0.509395,0.005829,0.484695
AGCCCGGTAGCCTGTA-1,0.081791,0.637129,0.143652,0.137428
AGCCCTAAGCGAAGTT-1,0.000045,0.694689,0.000045,0.305222
AGCCCTCCCTGGTGGC-1,0.040461,0.822331,0.001254,0.135954
AGCCCTGTCGCACCGT-1,0.000012,0.012298,0.003993,0.983698
AGCCCTTCTAATCCGA-1,0.131095,0.868332,0.000082,0.000491
AGCCCTTGGACATCCC-1,0.411471,0.396755,0.107758,0.084017
AGCCGTGGCTAAATGT-1,0.000034,0.703908,0.006425,0.289633
AGCCTAATACCCACGT-1,0.000035,0.649536,0.000035,0.350394
AGCCTTGTCACTGATA-1,0.000016,0.36397,0.000384,0.63563
AGCGACAGGAACGGTC-1,0.050609,0.739717,0.000142,0.209532
AGCGACATCCCATTCA-1,0.051221,0.919103,0.022284,0.007393
AGCGACCAACGATATT-1,0.035506,0.847523,0.036891,0.08008
AGCGACTTTGAAGACA-1,0.000461,0.165701,0.028218,0.80562
AGCGAGACGTGAAGGC-1,0.000055,0.833769,0.015608,0.150568
AGCGATGCGCCTAATA-1,0.724123,0.275463,0.000059,0.000355
AGCGCATAATGAATCG-1,0.116436,0.852198,0.028176,0.003191
AGCGCGGGTGCCAATG-1,0.000058,0.999533,0.000058,0.00035
AGCGCTAGAGCGATGT-1,0.000026,0.154677,0.068368,0.77693
AGCGCTTATGGGCAAG-1,0.000031,0.309025,0.071582,0.619361
AGCGGACACTTCGTAG-1,0.255451,0.292909,0.284584,0.167056
AGCGGCGGTTAGCGGT-1,0.000039,0.781701,0.000039,0.218221
AGCGGGAAGGGTCCAT-1,0.029959,0.402673,0.066308,0.501061
AGCGGGTCTGACACTC-1,0.09971,0.681648,0.176702,0.041939
AGCGGTTGAGATGTAC-1,0.000089,0.955012,0.02837,0.016528
AGCGGTTGCCGCTCTG-1,0.162272,0.674778,0.000089,0.162861
AGCGTGGTATTCTACT-1,0.032496,0.741878,0.076976,0.14865
AGCGTTCCGATTTAAA-1,0.008779,0.003775,0.009281,0.978164
AGCTAACAAGCAATGT-1,0.000022,0.440219,0.08159,0.478168
AGCTAAGCTCCGTCCG-1,0.335867,0.161092,0.036456,0.466585
AGCTAAGTACGCAGGC-1,0.423793,0.485652,0.090208,0.000347
AGCTACGAATGGTGGT-1,0.313185,0.145589,0.141989,0.399236
AGCTAGAAGCAGAAGT-1,0.079625,0.863717,0.001674,0.054984
AGCTATTTAATCCAAC-1,0.000121,0.853996,0.115766,0.030117
AGCTCCATATATGTTC-1,0.395684,0.211322,0.226036,0.166958
AGCTCCTTCGCACATC-1,0.121229,0.002904,0.04688,0.828987
AGCTCGTTGATGGAAA-1,0.044023,0.582033,0.048661,0.325283
AGCTCTAGACGTTCCA-1,0.032719,0.190061,0.007052,0.770168
AGCTCTTCCCAGTGCA-1,0.219935,0.779627,0.000063,0.000376
AGCTCTTCGTAACCTT-1,0.039801,0.865611,0.032831,0.061757
AGCTCTTTACTCAGTT-1,0.045734,0.877461,0.000476,0.07633
AGCTGAAGTAAACCAA-1,0.099594,0.515375,0.001148,0.383883
AGCTGCATTTGAGGTG-1,0.000035,0.206878,0.000035,0.793051
AGCTGCTGTGCCGAAT-1,0.000111,0.768321,0.000488,0.23108
AGCTGTAACCTCAATC-1,0.040684,0.356056,0.001938,0.601322
AGCTTATAGAGACCTG-1,0.019398,0.395685,0.094829,0.490088
AGCTTCAATACTTTGA-1,0.020465,0.053904,0.00641,0.91922
AGCTTCTTCTCGAGCA-1,0.844389,0.076428,0.000064,0.079119
AGCTTGATCAGGGTAG-1,0.010444,0.737362,0.00327,0.248924
AGCTTGATCTTAACTT-1,0.000027,0.400938,0.000118,0.598917
AGGAACGAACGACTTC-1,0.346432,0.125594,0.347775,0.180198
AGGAAGCTGTCCGCCG-1,0.008042,0.077689,0.192624,0.721645
AGGACAGTCGAATCCC-1,0.000283,0.41174,0.077137,0.510839
AGGACATCGCACGTCG-1,0.024928,0.504287,0.064506,0.406279
AGGACATCGGCACACT-1,0.859105,0.140133,0.000109,0.000653
AGGACGACCCATTAGA-1,0.175784,0.667868,0.032914,0.123434
AGGACGCTCGATGTTG-1,0.088462,0.820492,0.000075,0.090971
AGGAGACATCCACAGT-1,0.000107,0.999141,0.000107,0.000644
AGGAGAGTCTGGCTAC-1,0.000055,0.615035,0.000055,0.384856
AGGAGCGTTTATTATC-1,0.434489,0.131606,0.134337,0.299568
AGGAGGCCTTCGCGCG-1,0.034053,0.215568,0.450282,0.300096
AGGATAAAGTCGGGAT-1,0.042857,0.667998,0.260733,0.028412
AGGATATAGGGATTTA-1,0.000022,0.212594,0.152173,0.635212
AGGATATCCGACTGCA-1,0.690231,0.153718,0.123475,0.032577
AGGATCACGCGATCTG-1,0.002057,0.181213,0.000018,0.816711
AGGATTGCTTACGACA-1,0.000026,0.142632,0.000026,0.857316
AGGCACGTGACTGTCC-1,0.293473,0.418939,0.085069,0.202519
AGGCAGATGCGTAAAC-1,0.015125,0.910537,0.000048,0.07429
AGGCAGGGAGCGTACT-1,0.125882,0.241089,0.105572,0.527457
AGGCATTGTCGTAGGG-1,0.059345,0.351208,0.123192,0.466255
AGGCCACATTGGTTAC-1,0.110999,0.336985,0.000071,0.551944
AGGCCACCCGTTATGA-1,0.033716,0.505046,0.000023,0.461215
AGGCCCATTGTACAGG-1,0.000085,0.936202,0.000085,0.063627
AGGCCCTAGAACGCCA-1,0.000054,0.999564,0.000054,0.000327
AGGCCTATCATACCAA-1,0.040854,0.036487,0.031476,0.891183
AGGCCTGAGAATCTCG-1,0.52638,0.263445,0.209944,0.000231
AGGCGATAACTGGCGT-1,0.303808,0.421817,0.198324,0.07605
AGGCGGTTTGTCCCGC-1,0.000044,0.747902,0.002481,0.249574
AGGCGTCTATGGACGG-1,0.178555,0.820874,0.000081,0.000489
AGGCTATGGTTAGCTT-1,0.047856,0.519403,0.028063,0.404678
AGGCTTAAGTTGCACA-1,0.067129,0.183665,0.138858,0.610348
AGGCTTCCCGAAGAAG-1,0.022277,0.845131,0.078423,0.05417
AGGGAAACGAGGTACT-1,0.010313,0.581426,0.00582,0.402442
AGGGACAGCACGGCGG-1,0.013947,0.313031,0.074222,0.5988
AGGGACCGGCTGCGTT-1,0.000037,0.97219,0.000037,0.027737
AGGGACTCTACGCGAC-1,0.082634,0.595813,0.115575,0.205977
AGGGAGACATACTTCG-1,0.160497,0.234312,0.007312,0.597879
AGGGCAGCGGCGTGGT-1,0.032608,0.694283,0.00005,0.273059
AGGGCCCTAATGTTCT-1,0.998732,0.00038,0.000127,0.000761
AGGGCGAGCAGCTGAT-1,0.000025,0.351927,0.000025,0.648022
