Barcode,Topic 1,Topic 2,Topic 3,Topic 4,Topic 5,Topic 6to10
AAACAAGTATCTCCCA-1,0.000023,0.000023,0.000845,0.012433,0.006364,0.980313
AAACACCAATAACTGC-1,0.000024,0.023311,0.12144,0.026491,0.005614,0.823122
AAACAGAGCGACTCCT-1,0.000029,0.000029,0.017814,0.000029,0.232956,0.749145
AAACAGCTTTCAGAAG-1,0.000031,0.000031,0.074724,0.094359,0.005061,0.825796
AAACAGGGTCTATATT-1,0.000032,0.000032,0.016451,0.000032,0.046098,0.937356
AAACAGTGTTCCTGGG-1,0.000018,0.00002,0.222247,0.334227,0.005334,0.438154
AAACATGGTGAGAGGA-1,0.000017,0.013231,0.012297,0.032482,0.045948,0.896025
AAACATTTCCCGGATT-1,0.00003,0.269948,0.147368,0.019578,0.431368,0.131709
AAACCCGAACGAAATC-1,0.000013,0.000013,0.183324,0.265366,0.015253,0.536031
AAACCGGAAATGTTAA-1,0.000018,0.015985,0.009395,0.628933,0.002536,0.343133
AAACCGGGTAGGTACC-1,0.000032,0.031846,0.000032,0.000032,0.2265,0.741558
AAACCGTTCGTCCAGG-1,0.000032,0.124355,0.000032,0.384874,0.136123,0.354584
AAACCTAAGCAGCCGG-1,0.000049,0.767663,0.000354,0.016493,0.000049,0.215391
AAACCTCATGAAGTTG-1,0.000034,0.000034,0.000034,0.011695,0.001551,0.986651
AAACGAAGAACATACC-1,0.000068,0.080279,0.344704,0.000068,0.118241,0.456639
AAACGAAGATGGAGTA-1,0.000024,0.000024,0.005036,0.000024,0.139668,0.855225
AAACGAGACGGTTGAT-1,0.000894,0.000036,0.02792,0.000036,0.029762,0.941353
AAACGCTGGGCACGAC-1,0.000024,0.462911,0.000024,0.245289,0.262861,0.02889
AAACGGGCGTACGGGT-1,0.000051,0.696485,0.196929,0.000051,0.000051,0.106433
AAACGGTTGCGAACTG-1,0.000023,0.035663,0.400603,0.167985,0.010732,0.384994
AAACGTGTTCGCCCTA-1,0.007246,0.059217,0.054194,0.066792,0.000386,0.812165
AAACTCGGTTCGCAAT-1,0.000036,0.571713,0.294159,0.022472,0.012042,0.099578
AAACTCGTGATATAAG-1,0.000029,0.000029,0.118998,0.069225,0.064694,0.747025
AAACTGCTGGCTCCAA-1,0.000023,0.088212,0.481036,0.000023,0.022306,0.4084
AAACTTAATTGCACGC-1,0.000021,0.013981,0.113975,0.187201,0.009262,0.67556
AAACTTGCAAACGTAT-1,0.000902,0.003123,0.000038,0.000038,0.012139,0.983761
AAAGAATGACCTTAGA-1,0.00002,0.007173,0.031721,0.059021,0.083006,0.81906
AAAGAATGTGGACTAA-1,0.000751,0.924604,0.000033,0.027353,0.000033,0.047227
AAAGACCCAAGTCGCG-1,0.00003,0.012196,0.166555,0.00003,0.099698,0.72149
AAAGACTGGGCGCTTT-1,0.000024,0.000024,0.000024,0.000024,0.220441,0.779463
AAAGCTTGCCTACATA-1,0.000871,0.030672,0.028558,0.007402,0.037414,0.895084
AAAGGCCCTATAATAC-1,0.000019,0.044486,0.051883,0.093598,0.014139,0.795875
AAAGGCTACGGACCAT-1,0.000036,0.116884,0.052307,0.000036,0.000036,0.8307
AAAGGCTCTCGCGCCG-1,0.000036,0.186535,0.524391,0.005719,0.187948,0.095371
AAAGGGATGTAGCAAG-1,0.000018,0.000018,0.495494,0.117314,0.058091,0.329065
AAAGGGCAGCTTGAAT-1,0.000031,0.000132,0.031558,0.134368,0.03187,0.80204
AAAGTAGCATTGCTCA-1,0.000014,0.000014,0.851031,0.000158,0.03493,0.113853
AAAGTCACTGATGTAA-1,0.00109,0.000044,0.170918,0.000044,0.087543,0.740361
AAAGTCGACCCTCAGT-1,0.000868,0.000036,0.000036,0.000036,0.034789,0.964236
AAAGTGCCATCAATTA-1,0.000018,0.102395,0.000018,0.463288,0.000018,0.434264
AAAGTGTGATTTATCT-1,0.00003,0.021736,0.011588,0.014763,0.004995,0.946889
AAAGTTGACTCCCGTA-1,0.000026,0.003352,0.167178,0.004921,0.010144,0.81438
AAATAACCATACGGGA-1,0.000027,0.018847,0.199905,0.000027,0.0055,0.775695
AAATAAGGTAGTGCCC-1,0.000025,0.000025,0.000025,0.002364,0.151516,0.846045
AAATACCTATAAGCAT-1,0.000774,0.137506,0.055228,0.317969,0.447334,0.041189
AAATAGCTTAGACTTT-1,0.000039,0.000039,0.000039,0.000348,0.000039,0.999496
AAATAGGGTGCTATTG-1,0.000042,0.194331,0.121246,0.000042,0.382668,0.301671
AAATCCGATACACGCC-1,0.000043,0.563194,0.334194,0.000043,0.000043,0.102484
AAATCGCGGAAGGAGT-1,0.000031,0.000031,0.000031,0.000031,0.111552,0.888324
AAATCGTGTACCACAA-1,0.000069,0.386432,0.000069,0.000069,0.000069,0.613293
AAATCTAGCCCTGCTA-1,0.000018,0.043411,0.336452,0.031208,0.00006,0.58885
AAATCTGCCCGCGTCC-1,0.000016,0.000016,0.037813,0.207616,0.019832,0.734706
AAATGACTGATCAAAC-1,0.000048,0.035892,0.506027,0.000048,0.025604,0.432379
AAATGATTCGATCAGC-1,0.000042,0.000042,0.000042,0.000042,0.29435,0.705483
AAATGCTCGTTACGTT-1,0.000039,0.000039,0.033226,0.016806,0.054306,0.895585
AAATGGCATGTCTTGT-1,0.00004,0.00004,0.081821,0.00004,0.025553,0.892507
AAATGGCCCGTGCCCT-1,0.000025,0.000025,0.446938,0.000025,0.017444,0.535544
AAATGGTCAATGTGCC-1,0.000032,0.038241,0.000032,0.033948,0.193102,0.734646
AAATGTATCTTATCCC-1,0.000018,0.000018,0.198984,0.011204,0.099216,0.69056
AAATTAACGGGTAGCT-1,0.00003,0.00715,0.07873,0.005866,0.270199,0.638024
AAATTAATAAGCGCGA-1,0.000045,0.000634,0.133714,0.138993,0.042619,0.683996
AAATTACACGACTCTG-1,0.000023,0.000023,0.274674,0.001814,0.000023,0.723444
AAATTACCTATCGATG-1,0.000027,0.000027,0.159066,0.02704,0.139015,0.674826
AAATTCCAGGTCCAAA-1,0.000024,0.001258,0.005398,0.192381,0.032871,0.768069
AAATTGATAGTCCTTT-1,0.000046,0.068902,0.173674,0.006615,0.08546,0.665303
AAATTGGTGAGAAGCA-1,0.000036,0.034535,0.000036,0.000036,0.02191,0.943447
AAATTTGCGGGTGTGG-1,0.000027,0.041042,0.000027,0.257459,0.367893,0.333553
AACAACTGGTAGTTGC-1,0.000032,0.009603,0.035778,0.000032,0.126041,0.828515
AACAATACATTGTCGA-1,0.000017,0.036514,0.206352,0.318131,0.023162,0.415824
AACAATTACTCTACGC-1,0.000039,0.000039,0.000039,0.000039,0.173983,0.82586
AACACACGCTCGCCGC-1,0.000023,0.030687,0.044392,0.245356,0.025428,0.654115
AACACGACTGTACTGA-1,0.007984,0.000027,0.348775,0.010788,0.000027,0.632399
AACACGAGACGCGGCC-1,0.000022,0.000022,0.027481,0.080294,0.141704,0.750477
AACACGCGGCCGCGAA-1,0.000104,0.057656,0.116677,0.000968,0.000104,0.824491
AACAGCTGTGTGGCAA-1,0.008199,0.003889,0.11425,0.378397,0.111132,0.384133
AACAGGAAATCGAATA-1,0.003443,0.000039,0.152839,0.035574,0.000039,0.808066
AACAGGATGGGCCGCG-1,0.000032,0.004121,0.084867,0.091218,0.147225,0.672537
AACAGGTAGTATGGAT-1,0.000031,0.008937,0.030101,0.047324,0.000031,0.913576
AACATAGCGTGTATCG-1,0.00012,0.576093,0.00012,0.002523,0.401898,0.019245
AACATATCAACTGGTG-1,0.000023,0.000023,0.370794,0.000023,0.022473,0.606664
AACATCGATACGTCTA-1,0.000068,0.000068,0.000068,0.000068,0.049579,0.950149
AACATTGAAGTTGATC-1,0.000033,0.03376,0.04862,0.016461,0.088733,0.812393
AACATTGTGACTCGAG-1,0.000015,0.035972,0.462563,0.114549,0.039939,0.346962
AACCAAGACTTCTCTG-1,0.000032,0.029082,0.000032,0.014991,0.007497,0.948367
AACCATAGGGTTGAAC-1,0.000797,0.035249,0.009518,0.088759,0.044585,0.821092
AACCATGGGATCGCTA-1,0.00004,0.00004,0.00004,0.00004,0.00004,0.999798
AACCCAGAGACGGAGA-1,0.000027,0.000027,0.000027,0.000151,0.071789,0.92798
AACCCATCCCATGATC-1,0.000033,0.000033,0.034546,0.084706,0.000033,0.88065
AACCCGACAACCCGTG-1,0.000017,0.000017,0.342269,0.233507,0.016061,0.408128
AACCCGAGCAGAATCG-1,0.000024,0.022127,0.063103,0.337752,0.009367,0.567627
AACCCGCTGTATTCCA-1,0.000023,0.027175,0.38807,0.057334,0.015478,0.511921
AACCCTACTGTCAATA-1,0.000022,0.000022,0.038459,0.05926,0.078737,0.8235
AACCCTGGTGGAACCA-1,0.000032,0.000032,0.079163,0.04059,0.099574,0.780609
AACCGAGCTTGGTCAT-1,0.000031,0.000031,0.001898,0.000031,0.263107,0.7349
AACCGCTAAGGGATGC-1,0.00002,0.014662,0.356845,0.087703,0.003112,0.537657
AACCGTTGTGTTTGCT-1,0.000037,0.000037,0.275665,0.000037,0.051133,0.673092
AACCTCGCTTTAGCCC-1,0.000023,0.26873,0.591053,0.140053,0.000023,0.000117
AACCTGTCACGGAATT-1,0.000041,0.059947,0.000041,0.002905,0.000041,0.937025
AACCTTTAAATACGGT-1,0.00119,0.539534,0.00013,0.000046,0.397174,0.061926
AACCTTTACGACGTCT-1,0.000037,0.000037,0.042248,0.000037,0.012634,0.945009
AACGAAAGTCGTCCCA-1,0.00003,0.00003,0.149978,0.001677,0.00003,0.848254
AACGACCTCCTAGCCG-1,0.00003,0.591421,0.00003,0.15389,0.158054,0.096575
AACGATAATGCCGTAG-1,0.00005,0.558751,0.00005,0.00005,0.027325,0.413775
AACGATAGAAGGGCCG-1,0.00298,0.000028,0.026601,0.000028,0.022818,0.947544
AACGATATGTCAACTG-1,0.000039,0.000039,0.075425,0.000039,0.000516,0.923941
AACGCATGATCTGGGT-1,0.000032,0.000032,0.009854,0.000032,0.309915,0.680136
AACGCGAACGGCAACA-1,0.000081,0.035298,0.045401,0.025836,0.042906,0.850479
AACGCGACCTTGGGCG-1,0.000034,0.083589,0.253857,0.000034,0.011164,0.651323
AACGCGGTCTCCAGCC-1,0.000044,0.003439,0.000044,0.000044,0.433058,0.563371
AACGCTGTTGCTGAAA-1,0.00155,0.018949,0.64576,0.171482,0.007958,0.154301
AACGGACGTACGTATA-1,0.07497,0.000013,0.462482,0.138155,0.004309,0.320071
AACGGCCATCTCCGGT-1,0.000024,0.129368,0.4425,0.007021,0.010969,0.410117
AACGTACTGTGGGTAC-1,0.000028,0.069,0.425997,0.151009,0.154594,0.199372
AACGTCAGACTAGTGG-1,0.000033,0.000033,0.017678,0.003708,0.125386,0.853163
AACGTCATCCGGCTTG-1,0.004547,0.004546,0.004547,0.004546,0.004547,0.977267
AACGTCGCTGCACTTC-1,0.001073,0.698021,0.000044,0.137325,0.114029,0.049508
AACGTGATGAAGGACA-1,0.000061,0.000061,0.000061,0.000061,0.000061,0.999693
AACGTGCGAAAGTCTC-1,0.000026,0.003611,0.210619,0.000026,0.000026,0.785692
AACGTTATCAGCACCT-1,0.000039,0.000039,0.000039,0.000039,0.130092,0.869751
AACGTTCTACCATTGT-1,0.0003,0.564033,0.0003,0.433564,0.0003,0.001502
AACTACCCGTTTGTCA-1,0.000044,0.000044,0.000044,0.000044,0.000044,0.999779
AACTAGGCTTGGGTGT-1,0.000036,0.517709,0.096034,0.369279,0.015575,0.001368
AACTCAAGTTAATTGC-1,0.000024,0.045831,0.260881,0.156472,0.033522,0.50327
AACTCCAGAGCGTGTT-1,0.000061,0.496179,0.000061,0.000061,0.007607,0.496031
AACTCCTAATCCCATG-1,0.000032,0.000032,0.038315,0.00329,0.231415,0.726915
AACTCGATGGCGCAGT-1,0.000045,0.000045,0.054495,0.000045,0.000211,0.945159
AACTCTCAATAGAGCG-1,0.000029,0.000029,0.012723,0.170476,0.092464,0.724279
AACTCTCAGTGTGCTC-1,0.000015,0.009702,0.500585,0.259128,0.196453,0.034117
AACTGAGTTATACTGA-1,0.00003,0.00003,0.00003,0.336238,0.019925,0.643745
AACTGATATTAGGCCT-1,0.000052,0.000052,0.000052,0.000052,0.095254,0.904539
AACTGGGTCCCGACGT-1,0.000037,0.035154,0.000037,0.000037,0.006883,0.957853
AACTGGTGTGGGCCTT-1,0.000045,0.000045,0.006217,0.000045,0.339933,0.653716
AACTTCTGCGTCTATC-1,0.000029,0.000029,0.20997,0.117429,0.000029,0.672514
AACTTGCCCGTATGCA-1,0.000043,0.02848,0.000043,0.000043,0.137962,0.83343
AACTTGCGTTCTCGCG-1,0.000042,0.000042,0.000042,0.000042,0.083681,0.916149
AACTTTACGGGAGCTT-1,0.000041,0.000041,0.001321,0.020265,0.000041,0.978292
AACTTTCTCGATCATG-1,0.000033,0.000129,0.034718,0.008125,0.014678,0.942317
AAGAAAGTTTGATGGG-1,0.000032,0.000032,0.054029,0.198923,0.107882,0.639102
AAGAAATCACCAGATT-1,0.000021,0.007779,0.001266,0.081318,0.156802,0.752815
AAGAAGGATCAGTTAG-1,0.000032,0.000032,0.104245,0.001197,0.041676,0.852819
AAGACATACGTGGTTT-1,0.000027,0.532792,0.000027,0.372629,0.045247,0.049279
AAGACCAAATAACTCA-1,0.000019,0.004977,0.02851,0.103955,0.008983,0.853557
AAGACCCAACTGAACA-1,0.000031,0.242918,0.21914,0.000031,0.008386,0.529493
AAGACTAACCCGTTGT-1,0.000156,0.059785,0.192758,0.000156,0.000156,0.746989
AAGACTGCAAGCTACT-1,0.00004,0.01493,0.248279,0.00004,0.079197,0.657515
AAGAGATGAATCGGTA-1,0.000036,0.000036,0.000036,0.000036,0.302315,0.697539
AAGAGCTCTTTATCGG-1,0.000024,0.011327,0.504122,0.071772,0.011603,0.401152
AAGAGGATGTACGCGA-1,0.000031,0.000031,0.000031,0.000031,0.399591,0.600286
AAGAGGCATGGATCGC-1,0.000031,0.015376,0.081778,0.000031,0.033535,0.869249
AAGAGGCCCTTTGGAA-1,0.000026,0.034271,0.004695,0.004425,0.102351,0.854233
AAGATGGCACCGGACC-1,0.000028,0.094183,0.068492,0.016084,0.208515,0.612698
AAGATTGGCGGAACGT-1,0.000848,0.002855,0.008031,0.000035,0.059585,0.928647
AAGCACCCTGCGTATC-1,0.000066,0.657924,0.03119,0.000066,0.000066,0.310686
AAGCATACTCTCCTGA-1,0.000051,0.724777,0.000051,0.000051,0.07252,0.202551
AAGCCACTTGCAGGTA-1,0.000036,0.000036,0.019082,0.176502,0.017733,0.786612
AAGCCGAAGCGGTTTA-1,0.000027,0.00067,0.035659,0.020273,0.000027,0.943344
AAGCCGCCGTGAAATC-1,0.000022,0.007886,0.000022,0.000569,0.048748,0.942752
AAGCCGCTTTACCTTG-1,0.000021,0.000207,0.096315,0.041534,0.000021,0.861902
AAGCCGGAGAGCAGGA-1,0.000018,0.045448,0.05788,0.49503,0.000018,0.401606
AAGCGCAGGGCTTTGA-1,0.000072,0.845229,0.000072,0.000072,0.009799,0.144757
AAGCGGAGTGCGCGCA-1,0.000038,0.027144,0.000038,0.000038,0.031096,0.941645
AAGCGTCCCTCATCGA-1,0.000031,0.030786,0.44762,0.025262,0.018343,0.477958
AAGCTAGATCGAGTAA-1,0.000035,0.312734,0.313279,0.000035,0.347977,0.02594
AAGCTATGGATTGACC-1,0.000388,0.000388,0.000388,0.000388,0.454668,0.543781
AAGCTCGTGCCAAGTC-1,0.000026,0.000026,0.372184,0.000026,0.02755,0.600187
AAGCTCTTTCATGGTG-1,0.000103,0.492649,0.000103,0.000103,0.067808,0.439233
AAGGAGCGGTTGGTGC-1,0.00004,0.00741,0.00004,0.070851,0.099922,0.821737
AAGGATCGATCGCTTG-1,0.003391,0.000034,0.041611,0.046256,0.000034,0.908674
AAGGATGAGGGACCTC-1,0.000028,0.000028,0.006069,0.000028,0.185932,0.807914
AAGGCAGGCTGTCTCC-1,0.000033,0.000892,0.000033,0.004295,0.10041,0.894336
AAGGCGCGTAAAGCTT-1,0.000033,0.000033,0.017245,0.027049,0.120993,0.834648
AAGGCTGTGCTCATCG-1,0.000038,0.085884,0.09861,0.000038,0.065625,0.749805
AAGGGAACGACTGGCT-1,0.000036,0.023875,0.000036,0.050452,0.086415,0.839187
AAGGGACAGATTCTGT-1,0.000036,0.007043,0.04792,0.102353,0.024418,0.81823
AAGGGACTATGCATTC-1,0.000018,0.000018,0.563435,0.021093,0.000018,0.415418
AAGGGTTAGCCATGCG-1,0.00025,0.803289,0.00025,0.00025,0.00025,0.195711
AAGGGTTTGATTTCAG-1,0.000039,0.000039,0.000039,0.000039,0.088921,0.910924
AAGGTATCCTAATATA-1,0.000046,0.00523,0.023653,0.034682,0.015819,0.92057
AAGGTGATAAACCAGC-1,0.000018,0.019564,0.327125,0.064615,0.003481,0.585198
AAGTAGAAGACCGGGT-1,0.000034,0.000034,0.000034,0.005353,0.022865,0.971681
AAGTAGTGACGCGAGG-1,0.000038,0.040572,0.006012,0.029707,0.077746,0.845924
AAGTCAATTGTCGTCA-1,0.000031,0.000031,0.000031,0.423875,0.000031,0.576001
AAGTCTAGTAGCTGCC-1,0.000028,0.000028,0.000028,0.002584,0.027232,0.970099
AAGTCTTCTGTGGCCT-1,0.00004,0.00004,0.006945,0.00004,0.006708,0.986226
AAGTGACGACCGAATT-1,0.000037,0.010771,0.000037,0.043162,0.170273,0.77572
AAGTGAGTCGGGTTTA-1,0.000036,0.063313,0.110411,0.039186,0.015933,0.771121
AAGTGCAAAGGTAGAC-1,0.000029,0.002698,0.000029,0.000029,0.195404,0.80181
AAGTGCCTTGACTGTA-1,0.000029,0.006582,0.0841,0.049932,0.045664,0.813692
AAGTGCGTTAGAATCT-1,0.000039,0.018287,0.016739,0.184327,0.045969,0.734638
AAGTGCTTCTCTATTG-1,0.000032,0.000032,0.353428,0.006407,0.000032,0.640069
AAGTGTTTGGAGACGG-1,0.000029,0.240016,0.381637,0.000029,0.217647,0.160643
AAGTTCACTCCAAGCT-1,0.002582,0.154469,0.181417,0.146319,0.51411,0.001104
AAGTTCAGTCTGCGTA-1,0.000048,0.000048,0.000048,0.000048,0.467206,0.532603
AAGTTCGGCCAACAGG-1,0.000028,0.044838,0.001842,0.02711,0.318278,0.607905
AAGTTGTGATGTTATA-1,0.000058,0.840189,0.000058,0.000058,0.000058,0.159579
AAGTTTATGGGCCCAA-1,0.000043,0.619963,0.024089,0.000043,0.164182,0.19168
AATAACAACGCTCGGC-1,0.000067,0.000067,0.000067,0.000067,0.455464,0.544266
AATAACACTAGAACAA-1,0.000019,0.033,0.258528,0.189318,0.072754,0.446381
AATAACGTCGCGCCCA-1,0.000223,0.658045,0.000223,0.000223,0.104646,0.236641
AATAAGTCCTCGAGAC-1,0.000067,0.130798,0.211459,0.000067,0.112699,0.544911
AATAATCTTCGTATCG-1,0.000023,0.006968,0.002297,0.028436,0.021179,0.941097
AATACAATGTTTCAGG-1,0.000035,0.000035,0.000035,0.005277,0.216712,0.777908
AATACCGGAGGGCTGT-1,0.000026,0.019004,0.106817,0.002105,0.011394,0.860655
AATACCTGATGTGAAC-1,0.00006,0.359051,0.112148,0.197338,0.00679,0.324614
AATAGAACAGAGTGGC-1,0.000042,0.273979,0.000042,0.000042,0.000042,0.725852
AATAGAATCTGTTTCA-1,0.000035,0.018556,0.000035,0.000035,0.152986,0.828352
AATAGCTACCGCGTGC-1,0.000038,0.000038,0.000038,0.000038,0.596554,0.403294
AATAGGCACGACCCTT-1,0.002778,0.002779,0.069422,0.002779,0.002779,0.919464
AATAGTCCGTCCCGAC-1,0.00004,0.338032,0.404409,0.00004,0.085152,0.172328
AATAGTCGCGAGTCGG-1,0.000032,0.000032,0.000032,0.000032,0.027271,0.972602
AATATCAAGGTCGGAT-1,0.000052,0.000052,0.18345,0.000052,0.06146,0.754934
AATATCCTAGCAAACT-1,0.000023,0.001597,0.059382,0.000023,0.012336,0.926639
AATATCGAATCAATGC-1,0.000026,0.000026,0.025686,0.00004,0.00719,0.967032
AATATCGAGGGTTCTC-1,0.000037,0.000037,0.167201,0.012575,0.008091,0.812058
AATATTGGAGTATTGA-1,0.000052,0.025437,0.000052,0.000052,0.000052,0.974355
AATCAGGTTTCATTTA-1,0.000037,0.000037,0.163808,0.011066,0.025521,0.799531
AATCATGTAAAGACTC-1,0.001767,0.008469,0.622382,0.10173,0.000015,0.265638
AATCCAAGGGCCTGAG-1,0.00005,0.00005,0.00005,0.00005,0.00005,0.999748
AATCCATGCAAGGGTG-1,0.000041,0.000041,0.000041,0.000041,0.131848,0.867989
AATCCCGCTCAGAGCC-1,0.000055,0.000055,0.349033,0.000055,0.162787,0.488016
AATCGAGGTCTCAAGG-1,0.000233,0.203273,0.178978,0.000233,0.616121,0.001163
AATCGCCTCAGCGCCA-1,0.001975,0.002039,0.330511,0.000027,0.178096,0.487352
AATCGCGCAGAGGACT-1,0.000024,0.000024,0.034922,0.122266,0.004415,0.838348
AATCGGGACACTACGA-1,0.000053,0.000053,0.194858,0.000053,0.042171,0.762811
AATCGGTATAGCCCTC-1,0.000047,0.950439,0.000047,0.049183,0.000047,0.000236
AATCGTGAGCCGAGCA-1,0.000095,0.741377,0.000095,0.000095,0.000095,0.258241
AATCTAGGTTTACTTG-1,0.000033,0.000033,0.036214,0.092212,0.313219,0.55829
AATCTATGCCGGAGCC-1,0.00005,0.000054,0.00005,0.035863,0.069484,0.8945
AATCTCTACTGTGGTT-1,0.000046,0.016438,0.009298,0.141033,0.000046,0.833139
AATCTGCGTTGGGACG-1,0.000036,0.000463,0.000036,0.000036,0.126563,0.872865
AATCTGGCTTTCTAGT-1,0.000032,0.000032,0.263715,0.072159,0.068838,0.595224
AATGACAGCAATGTCT-1,0.000044,0.094952,0.011424,0.092418,0.032805,0.768358
AATGACGTAGGATGTC-1,0.000032,0.006036,0.214476,0.001055,0.172288,0.606113
AATGACTGTCAGCCGG-1,0.000036,0.028776,0.016339,0.000036,0.030145,0.924669
AATGAGTTCGCATATG-1,0.000037,0.000037,0.000037,0.000037,0.137761,0.862093
AATGATGATACGCTAT-1,0.000034,0.000034,0.159332,0.00124,0.139207,0.700153
AATGATGCGACTCCTG-1,0.001178,0.000035,0.201611,0.008068,0.054283,0.734826
AATGCAACCGGGTACC-1,0.002503,0.017838,0.016418,0.000036,0.004236,0.958969
AATGCACCAAGCAATG-1,0.000018,0.000018,0.438067,0.000665,0.000018,0.561213
AATGGTCCACCGTTCA-1,0.000028,0.000028,0.040609,0.091349,0.149861,0.718126
AATGGTTCTCACAAGC-1,0.00004,0.00004,0.00792,0.00004,0.024114,0.967845
AATGTATGGCACTGTA-1,0.000032,0.000032,0.000032,0.235495,0.041919,0.72249
AATGTGCCCGAGGTGT-1,0.000034,0.031807,0.41279,0.000034,0.004201,0.551133
AATGTGCTAATCTGAG-1,0.000032,0.017742,0.056163,0.000032,0.164763,0.761268
AATGTTAAGACCCTGA-1,0.000131,0.742126,0.030955,0.000131,0.061732,0.164926
AATGTTGTCGTGAGAC-1,0.00004,0.77056,0.00004,0.154577,0.00004,0.074742
AATTAAAGGTCGGCGT-1,0.000057,0.26545,0.000057,0.000057,0.032739,0.701641
AATTAACGGATTTCCA-1,0.000065,0.692757,0.000065,0.000065,0.003287,0.303761
AATTACGAGACCCATC-1,0.000034,0.000034,0.000034,0.528301,0.000034,0.471564
AATTAGCGCTGCAGCG-1,0.000041,0.433842,0.063072,0.03747,0.378876,0.086699
AATTATACCCAGCAAG-1,0.000196,0.879274,0.000196,0.000196,0.000196,0.119941
AATTCATAAGGGATCT-1,0.000045,0.000045,0.010437,0.098581,0.060175,0.830717
AATTCATTGTCATGCA-1,0.000026,0.021202,0.058035,0.012335,0.054783,0.853619
AATTCCAAGCATGTAC-1,0.000018,0.011455,0.791779,0.069118,0.018273,0.109357
AATTCGATTCGAGGAT-1,0.000081,0.792851,0.000081,0.145367,0.000081,0.061539
AATTCTAGAGTTAGGC-1,0.007138,0.565008,0.000083,0.000083,0.000083,0.427604
AATTGAACGCTCTGGT-1,0.000028,0.013205,0.207395,0.015073,0.183597,0.580702
AATTGCAGCAATCGAC-1,0.000063,0.738296,0.000063,0.000063,0.000063,0.261453
AATTGCGTGGATTACA-1,0.00006,0.00006,0.00006,0.982696,0.00006,0.017064
AATTGTGGTTGCCAAA-1,0.00002,0.225284,0.02369,0.039125,0.00002,0.711861
AATTTGGGACATAGTA-1,0.000043,0.000043,0.019594,0.000043,0.089031,0.891244
AATTTGGTTCCAAAGA-1,0.000046,0.000046,0.047302,0.000046,0.000545,0.952014
ACAAACCATGCGTCCT-1,0.000022,0.026375,0.034992,0.113388,0.015267,0.809955
ACAAACTCCATCAGAG-1,0.000027,0.005418,0.133492,0.009924,0.075191,0.775947
ACAAAGAAGGTAGGCC-1,0.000026,0.000026,0.000026,0.000026,0.000026,0.99987
ACAAAGCATGACCTAG-1,0.000034,0.699992,0.000034,0.000034,0.078403,0.221505
ACAAATCGCACCGAAT-1,0.00002,0.021286,0.434555,0.00002,0.00002,0.5441
ACAAATGGTAGTGTTT-1,0.000027,0.016544,0.175289,0.000027,0.091576,0.716537
ACAACAGCATGAGCTA-1,0.000025,0.000025,0.245732,0.018731,0.113086,0.622401
ACAACGGTCCCTGCGA-1,0.000027,0.000027,0.000027,0.000027,0.319511,0.680382
ACAAGCAGTGCCTAGC-1,0.000995,0.001937,0.000036,0.005144,0.213019,0.778869
ACAAGCTATATGGAAG-1,0.00003,0.00003,0.000037,0.00003,0.035683,0.964189
ACAAGGAAATCCGCCC-1,0.000025,0.090557,0.402321,0.000025,0.039422,0.46765
ACAAGGACAAGAGGTT-1,0.000033,0.004747,0.000033,0.177891,0.000033,0.817262
ACAAGGATGCTTTAGG-1,0.000051,0.923945,0.000051,0.000051,0.000051,0.07585
ACAAGGGCAGGCTCTG-1,0.000015,0.004628,0.723359,0.007509,0.003719,0.26077
ACAAGTAATTGTAAGG-1,0.002223,0.002223,0.002223,0.002223,0.002223,0.988886
ACAATAGTCGTACGTT-1,0.000043,0.044129,0.032208,0.086347,0.020613,0.81666
ACAATCCATTTAAACC-1,0.000064,0.045352,0.000064,0.035985,0.176019,0.742515
ACAATGAATACGGAGA-1,0.000024,0.011326,0.11324,0.000024,0.26165,0.613737
ACAATTGTGTCTCTTT-1,0.000593,0.023183,0.185129,0.085944,0.071035,0.634117
ACAATTTAGGAGGCTC-1,0.000037,0.000037,0.000037,0.000037,0.035893,0.963958
ACAATTTGAGCAGTGG-1,0.000036,0.000036,0.070821,0.000036,0.090901,0.838171
ACAATTTGGCCATATT-1,0.000024,0.117811,0.000024,0.217058,0.293533,0.371551
ACACAAAGACGGGTGG-1,0.000028,0.008644,0.003371,0.000028,0.063558,0.924371
ACACAAATATTCCTAG-1,0.000025,0.017862,0.000025,0.001605,0.232397,0.748086
ACACACCAGGACCAGT-1,0.000035,0.077793,0.0792,0.021097,0.005132,0.816742
ACACACTTTCTACACG-1,0.000052,0.000052,0.199475,0.003146,0.000052,0.797223
ACACATGATCAAATCT-1,0.000023,0.000023,0.072328,0.089236,0.000023,0.838367
ACACATTTCCGTAGAC-1,0.00004,0.049417,0.097305,0.078861,0.061483,0.712894
ACACCACATAATTAGC-1,0.000028,0.007857,0.002124,0.09761,0.002272,0.890109
ACACCCAGCATGCAGC-1,0.000036,0.03482,0.007143,0.000036,0.000036,0.95793
ACACCCGAGAAATCCG-1,0.000025,0.00904,0.000025,0.011166,0.12971,0.850032
ACACCGAGCGCTCTTT-1,0.000085,0.012757,0.114734,0.026431,0.022812,0.823181
ACACCGGTCTGACCGC-1,0.00002,0.020474,0.029743,0.038523,0.020225,0.891016
ACACCTTAAGTAGGGC-1,0.000035,0.003942,0.006839,0.039901,0.26119,0.688094
ACACCTTACTACTTGC-1,0.000045,0.000045,0.000045,0.046733,0.036765,0.916368
ACACGAGACTCCTTCT-1,0.000031,0.000031,0.38866,0.000031,0.028937,0.58231
ACACGGCACTATGCAT-1,0.000058,0.046363,0.053582,0.000058,0.000983,0.898957
ACACGGGAACTTAGGG-1,0.000041,0.00782,0.140544,0.048933,0.021133,0.781529
ACACGTAGGCCACAAG-1,0.000016,0.000016,0.501448,0.127009,0.000016,0.371495
ACACTCCAATGTCACT-1,0.000054,0.000054,0.065023,0.000054,0.000054,0.934761
ACACTGATCAAGGTGT-1,0.00006,0.245496,0.067314,0.00006,0.166678,0.520394
ACACTGGGACAGTCGT-1,0.00002,0.00002,0.057951,0.443376,0.00002,0.498612
ACAGAACTGAGAACAA-1,0.000019,0.000019,0.370672,0.086224,0.036614,0.506452
ACAGATTAGGTTAGTG-1,0.000057,0.000057,0.000057,0.000057,0.250012,0.749759
ACAGCATAGAGCCAGT-1,0.00005,0.026224,0.058009,0.00005,0.025303,0.890364
ACAGCGACATTCTCAT-1,0.001028,0.080447,0.199843,0.000041,0.011914,0.706728
ACAGCGCACCCGCAGC-1,0.000035,0.020403,0.083359,0.000035,0.020232,0.875937
ACAGGCACGGATCCTT-1,0.000047,0.835626,0.000047,0.104181,0.053672,0.006427
ACAGGCTTGCCCGACT-1,0.000016,0.01412,0.631707,0.0254,0.053152,0.275604
ACAGGTGGAGGTGAGG-1,0.000045,0.105012,0.000045,0.000045,0.109195,0.78566
ACAGGTGTGTTGTTGC-1,0.000035,0.000035,0.000036,0.000035,0.000035,0.999826
ACAGTAATACAACTTG-1,0.000035,0.01676,0.004675,0.000035,0.076254,0.902241
ACAGTATACCGTGGGA-1,0.000026,0.000026,0.057287,0.180267,0.017641,0.744752
ACATAAGTCGTGGTGA-1,0.000027,0.000027,0.000027,0.001785,0.150046,0.848089
ACATAATAAGGCGGTG-1,0.000039,0.000039,0.000039,0.020929,0.122046,0.856907
ACATACAATCAAGCGG-1,0.000769,0.908304,0.085541,0.000769,0.000769,0.003847
ACATCAGCTGGGACGC-1,0.000029,0.000029,0.000029,0.031215,0.091219,0.877479
ACATCCCGGCCATACG-1,0.499568,0.050404,0.081693,0.308087,0.059707,0.00054
ACATCCTGGTAACTGT-1,0.000026,0.000219,0.001782,0.014471,0.13866,0.844842
ACATCGATCGTTTACC-1,0.000041,0.092143,0.204082,0.000041,0.478421,0.225272
ACATCGCAATATTCGG-1,0.000725,0.000725,0.000725,0.000725,0.000725,0.996376
ACATCGGTCAGCCGCG-1,0.000032,0.01442,0.000032,0.000032,0.537825,0.447659
ACATCGTATGCAATGG-1,0.000029,0.054506,0.167065,0.000029,0.041654,0.736717
ACATCGTTAACCTAGT-1,0.000052,0.055238,0.046991,0.000052,0.087647,0.810019
ACATGCTTACGGCAGC-1,0.00005,0.013942,0.004278,0.105776,0.00005,0.875904
ACATGGCGCCAAAGTA-1,0.000025,0.000025,0.016408,0.025812,0.083273,0.874457
ACATTAGTTTATATCC-1,0.000092,0.598073,0.000092,0.000092,0.032899,0.368752
ACATTCGCGCGGAATA-1,0.000608,0.003105,0.029286,0.319688,0.000025,0.647289
ACATTTGAAACCTAAC-1,0.000791,0.42984,0.078242,0.228916,0.023383,0.238828
ACCAAACACCCAGCGA-1,0.000898,0.04165,0.000038,0.003272,0.066463,0.887679
ACCAACACCACACACT-1,0.000038,0.006722,0.000038,0.000038,0.316902,0.676264
ACCAACCGCACTCCAC-1,0.000037,0.697787,0.000037,0.074128,0.192925,0.035086
ACCAACGCTTATTTAT-1,0.00004,0.33273,0.00004,0.00004,0.383511,0.28364
ACCAAGAACGCGTGTC-1,0.000033,0.01308,0.000033,0.01731,0.005448,0.964097
ACCAAGTCATCGGCAG-1,0.000055,0.916317,0.000055,0.078369,0.000055,0.005148
ACCAATATGCAAGTTA-1,0.000053,0.822881,0.000053,0.000053,0.000535,0.176425
ACCACAACTCAGAACA-1,0.000055,0.13654,0.209549,0.003723,0.106422,0.543712
ACCACAAGTTTCTATC-1,0.000045,0.016465,0.000045,0.080948,0.10056,0.801938
ACCACACGGTTGATGG-1,0.00011,0.430101,0.00011,0.00011,0.487391,0.082177
ACCACCAATGTAACAA-1,0.000029,0.010356,0.000029,0.000029,0.02263,0.966926
ACCACCCTCTCTTCTA-1,0.00003,0.00003,0.078802,0.008818,0.00003,0.912291
ACCACGTGCAGCTATA-1,0.00003,0.072005,0.275531,0.00003,0.011579,0.640825
ACCAGACCATAACAAC-1,0.000024,0.014251,0.000024,0.000024,0.039398,0.94628
ACCAGTGCGGGAGACG-1,0.000024,0.134035,0.17277,0.029307,0.308932,0.354933
ACCATATCCGCAATAA-1,0.000029,0.117819,0.202457,0.040619,0.040613,0.598464
ACCATCCGCCAACTAG-1,0.000949,0.011118,0.059309,0.07236,0.061319,0.794944
ACCATCGTATATGGTA-1,0.000043,0.208741,0.000043,0.000043,0.383952,0.407176
ACCATTAAGGGTGTCA-1,0.000094,0.069906,0.114933,0.059915,0.000094,0.755059
ACCCAACGCCCGTGGC-1,0.000023,0.000023,0.409787,0.042688,0.000023,0.547456
ACCCACCTACATGCTC-1,0.00004,0.014753,0.158866,0.056514,0.00004,0.769787
ACCCATCTTGAGGGTA-1,0.000046,0.097296,0.000046,0.000046,0.016423,0.886143
ACCCATTTGTCCCTCT-1,0.000029,0.120905,0.315055,0.091012,0.129157,0.343843
ACCCGAGCGAAATTAC-1,0.000012,0.020586,0.619745,0.010836,0.027764,0.321057
ACCCGATTGGTTCCGA-1,0.000023,0.02601,0.200051,0.003998,0.077918,0.692
ACCCGGAAACTCCCAG-1,0.000017,0.153316,0.808193,0.03837,0.000017,0.000086
ACCCGGAGCACCACAA-1,0.00001,0.005703,0.263774,0.562804,0.00001,0.167699
ACCCGGATGACGCATC-1,0.000041,0.000041,0.031996,0.000041,0.000041,0.967841
ACCCGGTTACACTTCC-1,0.000054,0.19217,0.000054,0.000054,0.42088,0.386786
ACCCGTAGCAGAGAAT-1,0.000034,0.000034,0.000034,0.227616,0.000034,0.772249
ACCCGTAGTCTAGTTG-1,0.000033,0.605951,0.000033,0.377498,0.000033,0.016453
ACCCGTGTCATCAGTA-1,0.00005,0.284374,0.116109,0.00005,0.167392,0.432027
ACCCTATAGGACTGAG-1,0.000618,0.000027,0.340327,0.060318,0.082549,0.516162
ACCCTATGCCATATCG-1,0.000044,0.083761,0.017147,0.000044,0.161034,0.737971
ACCCTCCCGTCAGGGC-1,0.00005,0.841494,0.00005,0.001289,0.078632,0.078484
ACCCTCCCTTGCTATT-1,0.000034,0.031361,0.155705,0.000034,0.066167,0.7467
ACCCTGGTAACGCCCT-1,0.000033,0.022783,0.166031,0.137559,0.062245,0.61135
ACCCTTCATCTGCGAA-1,0.000062,0.000062,0.025592,0.000062,0.03499,0.939233
ACCCTTGCCTGGGTCG-1,0.000026,0.000445,0.002237,0.160193,0.000026,0.837073
ACCCTTTAGTTCTCCA-1,0.002287,0.123393,0.322098,0.000094,0.079575,0.472553
ACCGAAAGGGCCCTGC-1,0.000045,0.013324,0.122685,0.044907,0.089494,0.729545
ACCGAAGAGTCTGGTT-1,0.000035,0.000035,0.025174,0.000035,0.001791,0.972931
ACCGACACATCTCCCA-1,0.000041,0.863163,0.000041,0.108471,0.028082,0.000203
ACCGACTGAGTCCCAC-1,0.00004,0.00335,0.00004,0.00004,0.333116,0.663414
ACCGAGTCTCCTTATT-1,0.000074,0.860434,0.000074,0.000074,0.000074,0.139271
ACCGATAGGCATAACC-1,0.000358,0.040389,0.014167,0.312414,0.037767,0.594905
ACCGATATTTAATCAT-1,0.000028,0.035864,0.028922,0.229211,0.001573,0.704403
ACCGATGGTAGCATCG-1,0.000033,0.000033,0.101225,0.000033,0.025129,0.873547
ACCGCAATAACTGCCT-1,0.000034,0.153846,0.000034,0.003652,0.280048,0.562385
ACCGCGGTGGAAGTCG-1,0.00003,0.00003,0.034767,0.04349,0.00003,0.921653
ACCGCTAGTCATTGGT-1,0.000049,0.001375,0.004108,0.150076,0.034974,0.809419
ACCGGGCCTTTGTTGA-1,0.00003,0.027907,0.036479,0.00003,0.120422,0.815133
ACCGGTCAGGTACACC-1,0.000022,0.005444,0.039089,0.298868,0.000022,0.656555
ACCGTCCACTGGGCCC-1,0.000031,0.000031,0.00571,0.045047,0.000031,0.949151
ACCGTGACCACGTGGG-1,0.00003,0.070575,0.094952,0.02207,0.068076,0.744297
ACCTAAGTACCTTTCA-1,0.000034,0.039291,0.391876,0.140278,0.000034,0.428488
ACCTAATCGACTTCCT-1,0.000047,0.032875,0.000047,0.142556,0.000047,0.824429
ACCTACAGTATGTGGT-1,0.000059,0.000059,0.000059,0.000059,0.000059,0.999706
ACCTACTATAAATCTA-1,0.000026,0.048511,0.658745,0.000091,0.000026,0.292602
ACCTCAGCGAGGCGCA-1,0.016673,0.421527,0.016672,0.016674,0.01667,0.511785
ACCTCCGCCCTCGCTG-1,0.000027,0.054652,0.329262,0.193039,0.035013,0.388006
ACCTCCGTTATTCACC-1,0.000048,0.000048,0.005665,0.484507,0.000048,0.509684
ACCTCGAACTTATGCT-1,0.000024,0.029243,0.006709,0.240426,0.000024,0.723574
ACCTGCGTGTCATGTT-1,0.000034,0.000034,0.072502,0.00824,0.244076,0.675115
ACGAAATGGGCGGCAC-1,0.000028,0.000028,0.000028,0.000028,0.196276,0.80361
ACGACCCATGAGTTGC-1,0.000017,0.072442,0.075412,0.185069,0.010912,0.656148
ACGACTCTAGGGCCGA-1,0.000057,0.925598,0.000057,0.011252,0.000057,0.062979
ACGACTGGTCATACTC-1,0.000571,0.058326,0.060224,0.001549,0.018076,0.861254
ACGAGAACCCATCACG-1,0.000037,0.000037,0.000037,0.000037,0.238996,0.760855
ACGAGATATTTGCTTA-1,0.000059,0.000059,0.000059,0.000059,0.147922,0.851844
ACGAGGATACCACTCT-1,0.000025,0.00091,0.448511,0.028588,0.023192,0.498774
ACGAGGTTTACAACGT-1,0.000023,0.001772,0.159769,0.241543,0.014508,0.582384
ACGAGTACGGATGCCC-1,0.000021,0.000021,0.644017,0.16597,0.000021,0.189948
ACGATACATAGAACTA-1,0.000047,0.000047,0.000047,0.000047,0.060423,0.93939
ACGATACCTATCCTGA-1,0.000028,0.000028,0.157563,0.041367,0.000028,0.800985
ACGATCATACATAGAG-1,0.000037,0.000037,0.089459,0.218518,0.023856,0.668092
ACGATCATCTTGTAAA-1,0.000035,0.000035,0.036468,0.013744,0.012692,0.937025
ACGATGCATATGTTAT-1,0.000052,0.115444,0.000052,0.000052,0.000052,0.884348
ACGATGGATCCGATGC-1,0.000042,0.009176,0.06677,0.000042,0.003962,0.920007
ACGCAAACTAATAGAT-1,0.000027,0.070376,0.138027,0.174872,0.012004,0.604694
ACGCAATCACTACAGC-1,0.004728,0.035937,0.060898,0.092937,0.103556,0.701943
ACGCATACGTTTACTA-1,0.000046,0.024642,0.015069,0.000046,0.048282,0.911915
ACGCATTCGTGAGTAC-1,0.000041,0.000041,0.000041,0.000041,0.418175,0.581663
ACGCCACTCGAAACAG-1,0.000023,0.076955,0.540224,0.341695,0.005377,0.035726
ACGCCAGATGATTTCT-1,0.000055,0.005846,0.122521,0.000055,0.113751,0.757771
ACGCCAGTGCGTTTGC-1,0.006496,0.391654,0.102614,0.149911,0.051805,0.29752
ACGCCGCTAGACGACC-1,0.000033,0.025894,0.120756,0.000033,0.051135,0.802148
ACGCGAAGTCAGACGA-1,0.000066,0.553957,0.000066,0.000066,0.110736,0.335109
ACGCGCTACACAGGGT-1,0.000029,0.039841,0.172361,0.000029,0.185665,0.602074
ACGCGGGCCAAGGACA-1,0.000031,0.000031,0.015675,0.000568,0.181161,0.802534
ACGCGTTTCTTAAGAG-1,0.00003,0.00003,0.000573,0.00003,0.025817,0.973521
ACGCTACTGAATGGGC-1,0.00005,0.633321,0.125598,0.052698,0.174806,0.013527
ACGCTAGTGATACACT-1,0.000052,0.021933,0.151114,0.046468,0.000052,0.780381
ACGCTGTGAGGCGTAG-1,0.000042,0.000042,0.000042,0.035556,0.272569,0.691748
ACGGAACACGAGTGCC-1,0.000055,0.326564,0.150339,0.107478,0.000055,0.415509
ACGGAATTTAGCAAAT-1,0.000033,0.000033,0.129655,0.000033,0.002896,0.867349
ACGGACGCAGCGACAA-1,0.000022,0.000022,0.167052,0.164732,0.011493,0.656679
ACGGACTCTCAAAGCG-1,0.000051,0.436952,0.12035,0.224504,0.000051,0.218092
ACGGAGCGCAAATTAC-1,0.000044,0.009935,0.000044,0.000044,0.277965,0.711967
ACGGATGGTGCGGATA-1,0.000045,0.855538,0.030046,0.000045,0.000045,0.114279
ACGGCACTTGCTTGGG-1,0.000052,0.349178,0.000052,0.117933,0.532526,0.000259
ACGGCCAACATGGACT-1,0.001284,0.502192,0.083436,0.000048,0.063169,0.349871
ACGGCGACGATGGGAA-1,0.000025,0.087996,0.187467,0.000025,0.294005,0.430482
ACGGCGGGTTGCCCTG-1,0.000154,0.082732,0.203627,0.000154,0.000154,0.713179
ACGGCTGGATGTAGAA-1,0.000019,0.004389,0.166437,0.065983,0.014717,0.748454
ACGGGAGTGTCGGCCC-1,0.005238,0.000017,0.768778,0.000017,0.002325,0.223626
ACGGGCGTATGCGACA-1,0.000031,0.000031,0.077855,0.092001,0.000031,0.830051
ACGGGTCATGTGACTT-1,0.000035,0.000035,0.004701,0.000035,0.099617,0.895577
ACGGGTTGTGACCTGT-1,0.000031,0.000031,0.0077,0.27744,0.000031,0.714768
ACGGTACAGTTCAATG-1,0.000051,0.884609,0.000051,0.000051,0.010974,0.104265
ACGGTCACCGAGAACA-1,0.000027,0.02385,0.007542,0.065433,0.001081,0.902066
ACGTACAGATTTCTCT-1,0.000039,0.008927,0.216155,0.000039,0.024878,0.749962
ACGTACTTTGGCACGG-1,0.000032,0.000032,0.22338,0.186001,0.000032,0.590522
ACGTAGATTGCTGATG-1,0.000053,0.000053,0.000053,0.009027,0.201275,0.78954
ACGTAGGAGAGTCGCT-1,0.000062,0.599766,0.000062,0.000062,0.004016,0.396033
ACGTATTACTCCGATC-1,0.000033,0.000884,0.132164,0.000033,0.039226,0.827661
ACGTCGGGCAACTCGG-1,0.000053,0.000053,0.000053,0.285875,0.011062,0.702904
ACGTCTCGTTCCGGGA-1,0.000025,0.000025,0.183254,0.091373,0.013336,0.711987
ACGTGACAAAGTAAGT-1,0.000021,0.0016,0.020871,0.019337,0.170436,0.787736
ACGTGCGCCTCGTGCA-1,0.000058,0.000058,0.000058,0.000058,0.004002,0.995766
ACGTTAATGTCGAAGA-1,0.000043,0.02845,0.000043,0.000043,0.267953,0.703469
ACGTTAGATTTGCCCG-1,0.000052,0.149132,0.000052,0.000052,0.000052,0.85066
ACGTTATTGGTCACTC-1,0.000041,0.000041,0.000041,0.000041,0.005356,0.994479
ACGTTCACTATGCCGC-1,0.000036,0.021179,0.048521,0.049504,0.02779,0.852969
ACGTTCCGCGCTCCGT-1,0.000031,0.000031,0.219788,0.207814,0.004076,0.56826
ACGTTCGCAATCAATT-1,0.000052,0.000052,0.000052,0.027463,0.01078,0.9616
ACGTTCGTTCAGGAAA-1,0.000022,0.000022,0.238879,0.095911,0.203642,0.461524
ACGTTCTGTACAAGTC-1,0.000076,0.729875,0.000076,0.000076,0.074496,0.195403
ACGTTGTCGTTGAAAG-1,0.000055,0.010649,0.001558,0.019833,0.000055,0.96785
ACGTTTAGTTGTGATC-1,0.000061,0.000061,0.007879,0.000061,0.178439,0.813498
ACGTTTCGGTGCACTT-1,0.002256,0.856228,0.114441,0.026522,0.000092,0.000461
ACTAAGGACGCACACC-1,0.000042,0.079616,0.000042,0.000042,0.020995,0.899262
ACTACAAAGAGAGGTG-1,0.00003,0.026061,0.147882,0.104312,0.075216,0.646499
ACTACATCCCGACAAG-1,0.000019,0.0095,0.072557,0.094427,0.050126,0.773371
ACTACCAGCTCTCTGG-1,0.000041,0.03447,0.032303,0.007905,0.191722,0.73356
ACTACCATCCGAGGGC-1,0.00068,0.000025,0.150395,0.146932,0.022383,0.679585
ACTACGCGTTAGAATT-1,0.000046,0.267089,0.01814,0.000046,0.206126,0.508553
ACTAGTTGCGATCGTC-1,0.000034,0.000034,0.015858,0.000034,0.02138,0.96266
ACTATATGCTGTGTTC-1,0.006847,0.086867,0.256444,0.000089,0.113633,0.536121
ACTATCCAGGGCATGG-1,0.000036,0.000036,0.000036,0.075391,0.044959,0.879541
ACTATCTGCCCGCGTA-1,0.000024,0.000024,0.135485,0.167675,0.003159,0.693634
ACTATGTCCAGCTGCC-1,0.000036,0.000036,0.016184,0.044542,0.000036,0.939166
ACTATTCGTCCGTGGT-1,0.000041,0.000041,0.10271,0.000041,0.157318,0.739849
ACTATTTCCGGGCCCA-1,0.000041,0.000041,0.000041,0.000041,0.592581,0.407255
ACTCAACGAATGTATT-1,0.00009,0.028403,0.02225,0.00009,0.158123,0.791044
ACTCAAGTGCAAGGCT-1,0.000063,0.57479,0.000063,0.000063,0.141654,0.283366
ACTCAATAAAGGCACG-1,0.000032,0.00085,0.079478,0.159491,0.000032,0.760116
ACTCAGACCTGCTTCT-1,0.002546,0.000048,0.032817,0.132998,0.276069,0.555523
ACTCATGGCAGCCTTC-1,0.000031,0.000031,0.052218,0.167113,0.020788,0.75982
ACTCCAATATCATCAT-1,0.000036,0.008197,0.096352,0.114324,0.000036,0.781055
ACTCCCATTCCTAAAG-1,0.000027,0.000027,0.117722,0.025687,0.342748,0.513788
ACTCCCGAATTCGTTT-1,0.000025,0.000025,0.281127,0.092835,0.008407,0.617582
ACTCCCGTAGACTAGG-1,0.000033,0.000033,0.000033,0.003737,0.088567,0.907599
ACTCCCTAATGCTAAA-1,0.000046,0.426558,0.436699,0.000046,0.016727,0.119924
ACTCCCTAGAATAGTA-1,0.000023,0.112218,0.812706,0.000023,0.051993,0.023037
ACTCCGGCCGACCACT-1,0.000051,0.775121,0.000051,0.114931,0.060709,0.049137
ACTCGATGTATTTCAT-1,0.000055,0.000055,0.017158,0.000055,0.03277,0.949906
ACTCGCCGTTCGATAA-1,0.000835,0.831192,0.000038,0.064706,0.014671,0.088558
ACTCGCGATCTGACGC-1,0.000041,0.010489,0.000041,0.000041,0.179856,0.809532
ACTCGTAACCCGTCCT-1,0.000033,0.009275,0.08697,0.000033,0.066455,0.837233
ACTCGTCAGTAATCCC-1,0.000035,0.000035,0.167893,0.000035,0.07108,0.760921
ACTCTAAACCTGGGAT-1,0.000028,0.000028,0.036885,0.000028,0.004617,0.958416
ACTCTCTGACTTAGGT-1,0.00003,0.046853,0.443299,0.00003,0.032531,0.477258
ACTCTCTTATACACGA-1,0.00007,0.187027,0.312942,0.00007,0.088776,0.411116
ACTCTGACCTAATAGA-1,0.000055,0.946777,0.000055,0.020311,0.000055,0.032747
ACTCTTCAGCTCCCGC-1,0.000024,0.030216,0.109327,0.181863,0.001264,0.677305
ACTCTTGTATAGTAAC-1,0.000035,0.000035,0.217243,0.000035,0.287871,0.494782
ACTGAAACGCCGTTAG-1,0.000025,0.027172,0.369729,0.178374,0.022153,0.402546
ACTGAATGGCGAAAGT-1,0.000604,0.017081,0.21685,0.029683,0.215862,0.51992
ACTGCCCGCCATTCTC-1,0.000774,0.012582,0.099824,0.162111,0.062362,0.662347
ACTGCCGTCGTAACTC-1,0.000043,0.000043,0.005694,0.035159,0.285194,0.673867
ACTGCGGACACACCGT-1,0.000034,0.017619,0.000034,0.000034,0.188177,0.794103
ACTGCTCGGAAGGATG-1,0.000039,0.000039,0.086907,0.011558,0.000039,0.901417
ACTGGCGAACCTGCGT-1,0.000037,0.025439,0.000037,0.272175,0.052261,0.650051
ACTGGGATGCCAGTGC-1,0.000043,0.000043,0.272551,0.013603,0.000043,0.713716
ACTGTACGATACACAT-1,0.000034,0.011133,0.044377,0.000034,0.236301,0.708121
ACTGTAGCACTTTGGA-1,0.000041,0.018368,0.000165,0.157937,0.234442,0.589047
ACTGTATACGCGAGCA-1,0.000029,0.000029,0.252531,0.016307,0.000029,0.731075
ACTGTCCAGGATTATA-1,0.000034,0.006843,0.027686,0.000034,0.197682,0.767721
ACTGTCTTCTTTAGAA-1,0.000049,0.000049,0.000049,0.000049,0.367448,0.632355
ACTGTGCTAGTAGATC-1,0.000042,0.000042,0.104749,0.000042,0.009585,0.885539
ACTTACCGGGCGCGCA-1,0.000068,0.091529,0.18729,0.000068,0.062744,0.658301
ACTTACGCATCCACGC-1,0.000021,0.213989,0.681603,0.102886,0.001395,0.000107
ACTTAGTACGACAAGA-1,0.000039,0.000039,0.007187,0.000039,0.000039,0.992655
ACTTATACTTACCCGG-1,0.000034,0.000034,0.133594,0.000034,0.000034,0.866271
ACTTATTAGGATCGGT-1,0.000068,0.113185,0.000068,0.000068,0.075404,0.811206
ACTTATTTATGTGCCA-1,0.00084,0.031037,0.177171,0.079181,0.022966,0.688805
ACTTCAGGCTGATCCC-1,0.00004,0.080076,0.208653,0.00004,0.056228,0.654962
ACTTCCAGTGGAAGCT-1,0.000038,0.000038,0.036886,0.070237,0.000038,0.892764
ACTTCCATGCGGGACA-1,0.000027,0.298822,0.560823,0.000027,0.133949,0.006353
ACTTCGCCATACGCAC-1,0.000059,0.020017,0.000059,0.060467,0.067483,0.851915
ACTTCGCTAGCGAGTG-1,0.000027,0.019323,0.048801,0.009846,0.035521,0.886481
ACTTGACTCCCTCTTT-1,0.000036,0.000036,0.306985,0.000036,0.015128,0.677777
ACTTGCTCTATCTACC-1,0.00003,0.009501,0.071707,0.30496,0.005058,0.608743
ACTTGGGACCCGGTGG-1,0.000036,0.016703,0.059774,0.149718,0.168482,0.605287
ACTTGGGCTTTCGCCA-1,0.010001,0.010002,0.010003,0.010003,0.010003,0.949988
ACTTGTAGTCCCTTCA-1,0.002586,0.000035,0.246432,0.056751,0.021961,0.672236
ACTTGTGGATGGAACG-1,0.000031,0.007333,0.034562,0.000031,0.070331,0.887712
ACTTGTTACCGGATCA-1,0.000052,0.000052,0.093351,0.328711,0.008273,0.569561
ACTTTACCCTCATGAA-1,0.00003,0.00003,0.041825,0.351066,0.046509,0.560539
ACTTTATACACCACTT-1,0.000044,0.000044,0.016377,0.216369,0.000044,0.767123
ACTTTCCTATAGCTTC-1,0.000056,0.000056,0.000056,0.000056,0.319549,0.680225
ACTTTGACTGCATCCT-1,0.002184,0.027182,0.000041,0.007975,0.307672,0.654947
ACTTTGGTCGTGCTCC-1,0.000044,0.023373,0.030714,0.012752,0.000044,0.933074
ACTTTGTCGACGCACT-1,0.000024,0.012255,0.062967,0.210973,0.003476,0.710305
AGAAATTATGACTCGC-1,0.00002,0.053556,0.092694,0.020771,0.008844,0.824116
AGAACACGGCGATGGT-1,0.000037,0.000037,0.000037,0.460872,0.020632,0.518386
AGAACCCAGCGTGACA-1,0.000026,0.008421,0.000026,0.132521,0.123746,0.73526
AGAACCCTCAATTGGG-1,0.000719,0.005591,0.064176,0.197578,0.008121,0.723814
AGAACGTGGTACATTC-1,0.000029,0.005342,0.15877,0.004017,0.054634,0.777208
AGAACTGTACTTTGTA-1,0.000071,0.985527,0.000071,0.013908,0.000071,0.000353
AGAAGAGCGCCGTTCC-1,0.000308,0.000308,0.033659,0.000308,0.010916,0.954501
AGAAGGTACACTTCAC-1,0.000025,0.000521,0.285134,0.006282,0.000236,0.707803
