Barcode,Topic 1,Topic 2,Topic 3,Topic 4,Topic 5to6,Topic 7,Topic 8,Topic 9,Topic 10,Topic 11
AAACAACGAATAGTTC-1,0.000074,0.000074,0.000074,0.000074,0.038861,0.000074,0.000074,0.000074,0.817212,0.143408
AAACAAGTATCTCCCA-1,0.000063,0.000063,0.000063,0.11006,0.144644,0.001628,0.275175,0.000063,0.310907,0.157336
AAACAATCTACTAGCA-1,0.00014,0.040071,0.00014,0.00014,0.00028,0.120717,0.135879,0.00014,0.396373,0.306121
AAACACCAATAACTGC-1,0.000078,0.188379,0.000078,0.000078,0.000157,0.000078,0.000078,0.740414,0.051497,0.01916
AAACAGAGCGACTCCT-1,0.000079,0.000079,0.000079,0.142135,0.271761,0.19351,0.065644,0.000079,0.326555,0.000079
AAACAGCTTTCAGAAG-1,0.000064,0.018004,0.000064,0.000064,0.040259,0.000064,0.000064,0.425438,0.467125,0.048855
AAACAGGGTCTATATT-1,0.000039,0.141717,0.001879,0.076948,0.239645,0.146482,0.069066,0.168042,0.156143,0.000039
AAACAGTGTTCCTGGG-1,0.001224,0.068012,0.006641,0.000381,0.036445,0.463688,0.423576,0.000011,0.000011,0.000011
AAACATGGTGAGAGGA-1,0.000021,0.793444,0.000021,0.000021,0.000041,0.000021,0.000021,0.206371,0.000021,0.000021
AAACATTTCCCGGATT-1,0.000061,0.068322,0.042957,0.036982,0.528134,0.000061,0.005998,0.053727,0.141441,0.122317
AAACCACTACACAGAT-1,0.000017,0.023828,0.120958,0.159942,0.016301,0.373764,0.269792,0.000017,0.005943,0.029437
AAACCCGAACGAAATC-1,0.000042,0.000042,0.085595,0.215914,0.169263,0.140276,0.103035,0.000042,0.225107,0.060684
AAACCGGAAATGTTAA-1,0.000075,0.114133,0.036673,0.000075,0.00015,0.26772,0.091759,0.000075,0.274174,0.215166
AAACCGGGTAGGTACC-1,0.00003,0.00003,0.027782,0.19952,0.539936,0.041272,0.00003,0.041156,0.150214,0.00003
AAACCGTTCGTCCAGG-1,0.00004,0.00004,0.041643,0.003783,0.383689,0.054731,0.00004,0.085841,0.430152,0.00004
AAACCTAAGCAGCCGG-1,0.000089,0.000089,0.000089,0.000089,0.000179,0.000089,0.000089,0.057502,0.292902,0.648882
AAACCTCATGAAGTTG-1,0.000083,0.10726,0.007319,0.013031,0.260824,0.043185,0.131497,0.000083,0.419651,0.017066
AAACGAAGAACATACC-1,0.005123,0.00023,0.012135,0.153105,0.265378,0.204421,0.057968,0.00023,0.135265,0.166144
AAACGAAGATGGAGTA-1,0.000024,0.550002,0.079927,0.019461,0.01317,0.205523,0.050289,0.081557,0.000024,0.000024
AAACGAGACGGTTGAT-1,0.002428,0.000063,0.000063,0.027518,0.251458,0.063661,0.021586,0.001144,0.362691,0.269389
AAACGCCCGAGATCGG-1,0.000015,0.000015,0.074429,0.205697,0.104235,0.236166,0.335238,0.00015,0.01304,0.031014
AAACGCTGGGCACGAC-1,0.000015,0.000015,0.34121,0.1047,0.006684,0.285247,0.056864,0.081314,0.000015,0.123937
AAACGGGCGTACGGGT-1,0.000046,0.045046,0.031592,0.236545,0.372309,0.000046,0.049303,0.062298,0.046502,0.156313
AAACGGGTTGGTATCC-1,0.000117,0.000117,0.000117,0.000117,0.025709,0.000117,0.000117,0.000117,0.973351,0.000117
AAACGGTTGCGAACTG-1,0.000068,0.014032,0.000068,0.061403,0.128777,0.110338,0.307434,0.000068,0.326226,0.051585
AAACGTGTTCGCCCTA-1,0.000059,0.000059,0.138214,0.049795,0.05348,0.493458,0.002638,0.000059,0.262181,0.000059
AAACTAACGTGGCGAC-1,0.000072,0.000072,0.000072,0.127231,0.005769,0.340366,0.057183,0.000072,0.458602,0.01056
AAACTCGGTTCGCAAT-1,0.000052,0.000052,0.146086,0.491824,0.145124,0.16072,0.004443,0.00862,0.043027,0.000052
AAACTCGTGATATAAG-1,0.000045,0.000045,0.387528,0.166661,0.092274,0.135538,0.082034,0.000045,0.135783,0.000045
AAACTGCTGGCTCCAA-1,0.000034,0.000034,0.041793,0.318718,0.271806,0.020869,0.000034,0.000034,0.14132,0.205357
AAACTTAATTGCACGC-1,0.000041,0.580911,0.000041,0.000041,0.000082,0.000041,0.000041,0.418722,0.000041,0.000041
AAACTTGCAAACGTAT-1,0.000031,0.018156,0.019042,0.168327,0.28794,0.055683,0.169691,0.097475,0.137889,0.045764
AAAGAATGACCTTAGA-1,0.000031,0.579993,0.000031,0.000031,0.000063,0.000031,0.000031,0.419724,0.000031,0.000031
AAAGAATGTGGACTAA-1,0.00007,0.00007,0.00007,0.00007,0.000141,0.058338,0.00007,0.093014,0.410542,0.437613
AAAGACATGAAGTTTA-1,0.000045,0.012631,0.000045,0.000045,0.026169,0.033793,0.047213,0.363648,0.429522,0.086889
AAAGACCCAAGTCGCG-1,0.000044,0.003629,0.002758,0.210275,0.25253,0.003696,0.395715,0.000044,0.090063,0.041245
AAAGACTGGGCGCTTT-1,0.000027,0.017078,0.223154,0.120792,0.555751,0.002027,0.024992,0.000027,0.000027,0.056128
AAAGCTTGCCTACATA-1,0.000024,0.050581,0.146981,0.05374,0.106358,0.399131,0.144346,0.03384,0.008036,0.056962
AAAGGCCCTATAATAC-1,0.034993,0.216265,0.001669,0.00199,0.090978,0.310987,0.270897,0.054625,0.001312,0.016285
AAAGGCTACGGACCAT-1,0.000021,0.000021,0.555862,0.019985,0.283961,0.000567,0.000021,0.000021,0.125626,0.013915
AAAGGCTCTCGCGCCG-1,0.001843,0.037155,0.296107,0.008477,0.154538,0.008648,0.000038,0.055754,0.38934,0.0481
AAAGGGATGTAGCAAG-1,0.000041,0.000041,0.172536,0.158742,0.344338,0.000041,0.004894,0.000041,0.007122,0.312205
AAAGGGCAGCTTGAAT-1,0.000049,0.021247,0.013791,0.000049,0.519091,0.151829,0.021678,0.048199,0.122929,0.101138
AAAGGTAAGCTGTACC-1,0.000035,0.019393,0.075589,0.197649,0.021517,0.120499,0.46904,0.000035,0.096207,0.000035
AAAGTAGCATTGCTCA-1,0.000034,0.050688,0.032118,0.087638,0.390783,0.007954,0.032885,0.193596,0.157275,0.047029
AAAGTCACTGATGTAA-1,0.000026,0.000026,0.081705,0.325973,0.455797,0.002054,0.134341,0.000026,0.000026,0.000026
AAAGTCGACCCTCAGT-1,0.000078,0.000078,0.000078,0.0028,0.210261,0.000078,0.000078,0.019004,0.767467,0.000078
AAAGTGCCATCAATTA-1,0.000014,0.000014,0.393034,0.147268,0.037409,0.067823,0.320233,0.000014,0.000014,0.034179
AAAGTGTGATTTATCT-1,0.000187,0.033944,0.000187,0.069722,0.047223,0.000187,0.000187,0.000187,0.847987,0.000187
AAAGTTGACTCCCGTA-1,0.000131,0.000131,0.000131,0.000131,0.000262,0.000131,0.000131,0.041419,0.761827,0.195704
AAATAACCATACGGGA-1,0.0001,0.0001,0.0001,0.265242,0.0002,0.008771,0.184824,0.0001,0.377703,0.162859
AAATAAGGTAGTGCCC-1,0.000055,0.068402,0.094961,0.020719,0.059054,0.206768,0.247115,0.061081,0.109489,0.132355
AAATACCTATAAGCAT-1,0.000042,0.000042,0.109127,0.035318,0.542253,0.004745,0.000042,0.000042,0.288812,0.019577
AAATAGCTTAGACTTT-1,0.000079,0.000079,0.009835,0.395377,0.029286,0.140769,0.08008,0.0117,0.248242,0.084554
AAATAGGGTGCTATTG-1,0.000039,0.000039,0.004047,0.503364,0.104464,0.031486,0.172706,0.000039,0.183776,0.000039
AAATCCGATACACGCC-1,0.000067,0.000067,0.045348,0.072722,0.21107,0.023089,0.179381,0.054464,0.260841,0.152952
AAATCGCGGAAGGAGT-1,0.000068,0.552095,0.000068,0.000068,0.000135,0.000068,0.000068,0.443362,0.004002,0.000068
AAATCGTGTACCACAA-1,0.000041,0.000041,0.162285,0.019786,0.594461,0.000041,0.000041,0.000041,0.190411,0.03285
AAATCTAGCCCTGCTA-1,0.000095,0.000095,0.000095,0.000095,0.00019,0.000095,0.000095,0.064396,0.261374,0.673471
AAATCTGCCCGCGTCC-1,0.000024,0.667096,0.000024,0.000024,0.000048,0.000024,0.000024,0.332687,0.000024,0.000024
AAATGACTGATCAAAC-1,0.000061,0.000061,0.000061,0.140392,0.019404,0.496904,0.000061,0.000061,0.342935,0.000061
AAATGATTCGATCAGC-1,0.000038,0.000038,0.302638,0.300647,0.149194,0.240317,0.000709,0.006344,0.000038,0.000038
AAATGCTCGTTACGTT-1,0.000065,0.000065,0.421758,0.034129,0.327537,0.027287,0.000065,0.024991,0.164037,0.000065
AAATGGCATGTCTTGT-1,0.000231,0.000231,0.000231,0.000231,0.000462,0.000231,0.000231,0.000231,0.677889,0.320034
AAATGGCCCGTGCCCT-1,0.000031,0.113822,0.000031,0.00801,0.167417,0.039651,0.290281,0.166377,0.064619,0.149761
AAATGGTCAATGTGCC-1,0.000051,0.000051,0.033147,0.000051,0.600517,0.078931,0.047194,0.000051,0.238176,0.001829
AAATGTATCTTATCCC-1,0.000035,0.148312,0.070422,0.000035,0.025582,0.002484,0.00004,0.078277,0.333859,0.340954
AAATGTGGGTGCTCCT-1,0.000288,0.326183,0.064415,0.000288,0.000575,0.165947,0.106645,0.000288,0.335084,0.000288
AAATTAACGGGTAGCT-1,0.000037,0.000037,0.190631,0.139027,0.491925,0.023662,0.000037,0.005228,0.11988,0.029537
AAATTAATAAGCGCGA-1,0.000033,0.018954,0.003988,0.04683,0.151004,0.067809,0.084264,0.242867,0.384218,0.000033
AAATTACACGACTCTG-1,0.000212,0.000212,0.000212,0.094136,0.000425,0.000212,0.000212,0.000212,0.776112,0.128052
AAATTACCTATCGATG-1,0.000075,0.037553,0.000075,0.353949,0.017636,0.000075,0.081255,0.000075,0.455416,0.053889
AAATTCCAGGTCCAAA-1,0.000031,0.02229,0.312886,0.155561,0.185835,0.036232,0.18312,0.007463,0.069617,0.026965
AAATTGATAGTCCTTT-1,0.000044,0.039883,0.011866,0.040545,0.354452,0.113737,0.125849,0.000044,0.12475,0.188828
AAATTGCGGCGGTTCT-1,0.000021,0.000021,0.074734,0.396462,0.413761,0.000021,0.114917,0.000021,0.000021,0.000021
AAATTGGTGAGAAGCA-1,0.000029,0.004731,0.234557,0.098435,0.071594,0.255862,0.118172,0.000029,0.09804,0.118551
AAATTTACCGAAATCC-1,0.000033,0.000595,0.000033,0.099756,0.000066,0.010644,0.547163,0.004508,0.104274,0.232927
AAATTTGCGGGTGTGG-1,0.000038,0.029749,0.005509,0.01496,0.48451,0.00835,0.073118,0.018573,0.207897,0.157297
AACAACTGGTAGTTGC-1,0.000058,0.000058,0.000058,0.000058,0.728984,0.070539,0.029682,0.000058,0.167195,0.003311
AACAATACATTGTCGA-1,0.000045,0.035586,0.000045,0.01372,0.147586,0.292101,0.148971,0.01233,0.249825,0.099789
AACAATTACTCTACGC-1,0.000074,0.034098,0.000074,0.000074,0.498471,0.000074,0.000074,0.035476,0.431511,0.000074
AACACACGCTCGCCGC-1,0.000058,0.000058,0.000645,0.22649,0.385574,0.000058,0.060203,0.051682,0.204196,0.071037
AACACGACTGTACTGA-1,0.000112,0.260474,0.000112,0.000112,0.000223,0.000112,0.000112,0.000112,0.287079,0.451554
AACACGAGACGCGGCC-1,0.000045,0.000045,0.010899,0.083294,0.322861,0.116688,0.009214,0.103994,0.352916,0.000045
AACACGCGGCCGCGAA-1,0.000051,0.000051,0.000051,0.296372,0.157989,0.0116,0.20343,0.013242,0.217029,0.100183
AACAGCTGTGTGGCAA-1,0.006341,0.046565,0.003757,0.062969,0.292443,0.171124,0.212869,0.015479,0.18842,0.000033
AACAGGAAATCGAATA-1,0.000106,0.039718,0.000106,0.177358,0.097354,0.000106,0.00766,0.017687,0.290079,0.369827
AACAGGATGGGCCGCG-1,0.000065,0.014128,0.000065,0.000065,0.282064,0.000065,0.000065,0.207006,0.347741,0.148736
AACAGGTAGTATGGAT-1,0.000051,0.000051,0.042427,0.174877,0.18096,0.106902,0.0077,0.000051,0.168155,0.318826
AACATAGCGTGTATCG-1,0.00003,0.177343,0.085621,0.127736,0.138821,0.013292,0.040806,0.015477,0.106939,0.293936
AACATATCAACTGGTG-1,0.000045,0.000045,0.016528,0.46766,0.20345,0.062572,0.117573,0.006898,0.125185,0.000045
AACATCGATACGTCTA-1,0.000034,0.064369,0.323456,0.024306,0.014251,0.211581,0.117235,0.000034,0.089613,0.155123
AACATTGAAGTTGATC-1,0.00005,0.12137,0.00005,0.00005,0.000099,0.026574,0.00005,0.690844,0.072604,0.088311
AACATTGGTCAGCCGT-1,0.000036,0.037232,0.000036,0.191358,0.327369,0.000036,0.112971,0.000036,0.044083,0.286842
AACATTGTGACTCGAG-1,0.00006,0.00006,0.218253,0.001702,0.050346,0.144838,0.00006,0.025636,0.558985,0.00006
AACCAAGACTTCTCTG-1,0.000059,0.056473,0.000059,0.087449,0.296248,0.028427,0.12928,0.053917,0.348029,0.000059
AACCAGTATCACTCTT-1,0.000039,0.036088,0.000039,0.066181,0.000078,0.19607,0.599889,0.000039,0.101539,0.000039
AACCATAGGGTTGAAC-1,0.000628,0.627875,0.000029,0.000029,0.000058,0.000029,0.000029,0.371264,0.000029,0.000029
AACCATGGGATCGCTA-1,0.000053,0.047721,0.195501,0.100676,0.108597,0.000053,0.076519,0.000053,0.000053,0.470773
AACCCAGAGACGGAGA-1,0.000089,0.068323,0.098463,0.017802,0.1327,0.041419,0.000089,0.245569,0.200467,0.195078
AACCCATCCCATGATC-1,0.00005,0.0205,0.002891,0.00005,0.113213,0.031574,0.237855,0.593766,0.000051,0.00005
AACCCGACAACCCGTG-1,0.000047,0.063403,0.000047,0.001616,0.032265,0.389516,0.046854,0.062312,0.376395,0.027545
AACCCGAGCAGAATCG-1,0.000037,0.031154,0.093031,0.27264,0.082063,0.057496,0.431821,0.000037,0.031685,0.000037
AACCCGCTGTATTCCA-1,0.000014,0.096443,0.144257,0.000021,0.000027,0.065756,0.69344,0.000014,0.000014,0.000014
AACCCTACTGTCAATA-1,0.000126,0.015827,0.000126,0.000126,0.000253,0.000126,0.000126,0.000126,0.637459,0.345703
AACCCTGGTGGAACCA-1,0.000094,0.06111,0.000094,0.023169,0.366128,0.107315,0.117164,0.045821,0.178976,0.100127
AACCGAGCTTGGTCAT-1,0.000039,0.000039,0.000751,0.516669,0.259283,0.032269,0.014023,0.000039,0.120126,0.056762
AACCGCTAAGGGATGC-1,0.000089,0.173495,0.003006,0.101771,0.396425,0.000089,0.000089,0.000089,0.187169,0.137776
AACCGTTGTGTTTGCT-1,0.000101,0.000101,0.000101,0.091825,0.058865,0.000101,0.079244,0.308297,0.285739,0.175628
AACCTCGCTTTAGCCC-1,0.000146,0.000146,0.000146,0.000146,0.000291,0.058802,0.000146,0.000146,0.614706,0.325327
AACCTGTCACGGAATT-1,0.000078,0.000078,0.000079,0.169364,0.096005,0.270966,0.012084,0.000078,0.409701,0.041567
AACCTTTAAATACGGT-1,0.000026,0.000026,0.19322,0.355238,0.379294,0.021682,0.011136,0.000026,0.01307,0.026282
AACCTTTACGACGTCT-1,0.000107,0.000107,0.000107,0.39452,0.01382,0.101364,0.06799,0.000107,0.421773,0.000107
AACGAAAGTCGTCCCA-1,0.000041,0.304734,0.000041,0.000041,0.000081,0.000041,0.000041,0.6949,0.000041,0.000041
AACGACCTCCTAGCCG-1,0.000013,0.000038,0.092474,0.07924,0.009823,0.196017,0.583713,0.000013,0.000013,0.038655
AACGATAATGCCGTAG-1,0.000046,0.000046,0.008589,0.515292,0.149749,0.028985,0.005899,0.000046,0.291302,0.000046
AACGATAGAAGGGCCG-1,0.000035,0.000035,0.194072,0.229342,0.496897,0.010571,0.037845,0.000035,0.031134,0.000035
AACGATATGTCAACTG-1,0.000067,0.000067,0.000067,0.007075,0.242346,0.000067,0.000067,0.021907,0.309108,0.419229
AACGCATGATCTGGGT-1,0.000049,0.000049,0.035407,0.367576,0.105193,0.158812,0.230537,0.000049,0.10228,0.000049
AACGCGAACGGCAACA-1,0.00012,0.030945,0.00012,0.259346,0.120005,0.077275,0.013063,0.00012,0.374605,0.124401
AACGCGACCTTGGGCG-1,0.00003,0.081629,0.372097,0.047435,0.136259,0.095047,0.191421,0.00003,0.07602,0.00003
AACGCGGTCTCCAGCC-1,0.000036,0.000036,0.100955,0.552183,0.265521,0.034624,0.001057,0.007272,0.035274,0.003042
AACGCTGTTGCTGAAA-1,0.002479,0.118789,0.05551,0.153735,0.379033,0.000144,0.000144,0.025863,0.245434,0.01887
AACGGACGTACGTATA-1,0.000031,0.000031,0.018439,0.131869,0.546731,0.000031,0.007545,0.071851,0.042,0.181472
AACGGCCATCTCCGGT-1,0.000026,0.000026,0.063252,0.043228,0.494615,0.080663,0.010903,0.103668,0.142851,0.060768
AACGTACTGTGGGTAC-1,0.002946,0.000041,0.030808,0.011746,0.359034,0.01411,0.000041,0.159102,0.247048,0.175124
AACGTAGTCTACCCAT-1,0.00008,0.149745,0.00008,0.029107,0.145293,0.054499,0.149825,0.00008,0.357838,0.113453
AACGTCAGACTAGTGG-1,0.000025,0.000025,0.085381,0.075754,0.805947,0.021192,0.011601,0.000025,0.000025,0.000025
AACGTCATCCGGCTTG-1,0.000029,0.13976,0.002451,0.000029,0.000057,0.142648,0.71494,0.000029,0.000029,0.000029
AACGTCGCTGCACTTC-1,0.000072,0.000072,0.000072,0.000072,0.000143,0.055925,0.000072,0.110125,0.235813,0.597636
AACGTGATGAAGGACA-1,0.000165,0.000165,0.000165,0.000165,0.000331,0.000165,0.000165,0.079767,0.362547,0.556363
AACGTGCGAAAGTCTC-1,0.000026,0.000026,0.033213,0.456707,0.234331,0.049357,0.185378,0.000026,0.023015,0.01792
AACGTTATCAGCACCT-1,0.000107,0.000107,0.000107,0.000107,0.246354,0.150937,0.042135,0.040236,0.185653,0.334257
AACGTTCTACCATTGT-1,0.000027,0.011048,0.15743,0.056901,0.099505,0.18719,0.36115,0.000027,0.121765,0.004957
AACTACCCGTTTGTCA-1,0.000084,0.000084,0.019167,0.295219,0.082564,0.013848,0.115617,0.000084,0.473247,0.000084
AACTAGCGTATCGCAC-1,0.000157,0.054733,0.0657,0.036279,0.000315,0.096566,0.129245,0.000157,0.616691,0.000157
AACTAGGCTTGGGTGT-1,0.000038,0.000038,0.472973,0.149108,0.241886,0.000567,0.000038,0.060804,0.074343,0.000205
AACTCAAGTTAATTGC-1,0.000026,0.000026,0.080094,0.007607,0.551265,0.043065,0.000026,0.012859,0.104317,0.200714
AACTCCAGAGCGTGTT-1,0.000099,0.044939,0.016185,0.12084,0.24809,0.000099,0.129961,0.000099,0.278477,0.161212
AACTCCTAATCCCATG-1,0.000034,0.000034,0.03231,0.320065,0.057283,0.025156,0.485064,0.000034,0.077647,0.002372
AACTCGATAAACACGT-1,0.000017,0.000017,0.042581,0.500931,0.307053,0.002704,0.145022,0.000017,0.001643,0.000017
AACTCGATGGCGCAGT-1,0.000035,0.000035,0.156598,0.181237,0.584719,0.000035,0.024794,0.000035,0.008676,0.043838
AACTCTCAATAGAGCG-1,0.000141,0.000141,0.000141,0.000141,0.000281,0.000141,0.000141,0.000141,0.775461,0.223275
AACTCTCAGTGTGCTC-1,0.000066,0.000066,0.000066,0.000066,0.206669,0.026563,0.016397,0.092944,0.619302,0.037863
AACTGAGGTCAGCGTC-1,0.000047,0.000047,0.059112,0.355466,0.043016,0.423895,0.02939,0.000047,0.04414,0.044841
AACTGAGTTATACTGA-1,0.000017,0.054874,0.267481,0.046988,0.081311,0.251248,0.26741,0.000017,0.024635,0.006019
AACTGATATTAGGCCT-1,0.000064,0.000064,0.000064,0.234489,0.197549,0.000064,0.030013,0.000064,0.309616,0.228013
AACTGGGTCCCGACGT-1,0.008522,0.000044,0.000044,0.235056,0.379194,0.000044,0.101781,0.000044,0.24594,0.029329
AACTGGGTTCGAGCCG-1,0.000062,0.000062,0.000062,0.000062,0.000123,0.136942,0.000062,0.018886,0.574128,0.269613
AACTGGTGTGGGCCTT-1,0.000028,0.005149,0.000028,0.382038,0.08414,0.006825,0.334383,0.000028,0.047365,0.140017
AACTTCTGCGTCTATC-1,0.000022,0.002268,0.070788,0.042066,0.617728,0.004056,0.263005,0.000022,0.000022,0.000022
AACTTGCCCGTATGCA-1,0.000098,0.000098,0.062979,0.000098,0.567804,0.110576,0.000098,0.043624,0.196846,0.017781
AACTTGCGTTCTCGCG-1,0.000092,0.020225,0.012498,0.02542,0.472682,0.092865,0.107203,0.000092,0.191291,0.077632
AACTTTACGGGAGCTT-1,0.003501,0.022071,0.000039,0.051747,0.412717,0.100019,0.194853,0.000039,0.214976,0.000039
AACTTTAGCTGCTGAG-1,0.000128,0.092924,0.034767,0.016897,0.000255,0.038824,0.092301,0.114177,0.417788,0.19194
AACTTTCTCGATCATG-1,0.000024,0.073963,0.023257,0.001205,0.068822,0.368194,0.352858,0.000024,0.056564,0.055088
AAGAAAGTTTGATGGG-1,0.000025,0.552558,0.000025,0.000025,0.00005,0.000025,0.000025,0.447218,0.000025,0.000025
AAGAAATCACCAGATT-1,0.000023,0.137066,0.037113,0.000728,0.015643,0.380584,0.136645,0.000023,0.205313,0.086862
AAGAAGGATCAGTTAG-1,0.000117,0.000117,0.204376,0.009213,0.310969,0.028611,0.000117,0.000117,0.446243,0.000117
AAGACATACGTGGTTT-1,0.000052,0.000052,0.000052,0.022951,0.000103,0.588219,0.035658,0.000052,0.35281,0.000052
AAGACCAAATAACTCA-1,0.000047,0.505917,0.000047,0.000047,0.000095,0.142212,0.000047,0.322473,0.029066,0.000047
AAGACCCAACTGAACA-1,0.000035,0.000035,0.148457,0.029077,0.182704,0.066819,0.040614,0.126695,0.40553,0.000035
AAGACTAACCCGTTGT-1,0.000058,0.000058,0.000058,0.230512,0.336069,0.000577,0.073038,0.000058,0.104926,0.254644
AAGACTCACGCCCACT-1,0.000011,0.000011,0.006805,0.22476,0.116075,0.124481,0.310749,0.097668,0.000011,0.11943
AAGACTGCAAGCTACT-1,0.000033,0.000033,0.06871,0.287426,0.421749,0.000033,0.12603,0.000033,0.063757,0.032197
AAGAGATGAATCGGTA-1,0.000036,0.000036,0.354145,0.012336,0.451103,0.000036,0.000036,0.182199,0.000036,0.000036
AAGAGCTCTTTATCGG-1,0.002976,0.000068,0.000068,0.198164,0.388224,0.000068,0.01783,0.000068,0.392464,0.000068
AAGAGGATGTACGCGA-1,0.000049,0.039823,0.000049,0.012087,0.523976,0.000049,0.000049,0.106599,0.232881,0.084435
AAGAGGCATGGATCGC-1,0.000112,0.000112,0.000112,0.000112,0.000223,0.000112,0.000112,0.000112,0.686192,0.312804
AAGAGGCCCTTTGGAA-1,0.000038,0.020919,0.000038,0.199639,0.02878,0.00832,0.681267,0.000038,0.060924,0.000038
AAGATGGCACCGGACC-1,0.000045,0.024998,0.023707,0.023226,0.160077,0.159453,0.078355,0.074139,0.455955,0.000045
AAGATTGGCGGAACGT-1,0.000118,0.000118,0.000118,0.000118,0.000235,0.000118,0.000118,0.012707,0.625707,0.360645
AAGCACCCTGCGTATC-1,0.000061,0.000061,0.023205,0.509897,0.183705,0.120094,0.019753,0.000061,0.143101,0.000061
AAGCATACTCTCCTGA-1,0.000023,0.000023,0.153068,0.409205,0.241939,0.01947,0.068073,0.053344,0.001902,0.052953
AAGCCACTTGCAGGTA-1,0.000037,0.08781,0.000037,0.000037,0.000075,0.629763,0.041396,0.000037,0.240768,0.000037
AAGCCGAAGCGGTTTA-1,0.000062,0.000062,0.002434,0.459442,0.133287,0.036744,0.000095,0.0087,0.224837,0.134335
AAGCCGCCGTGAAATC-1,0.000032,0.009733,0.018539,0.050074,0.103253,0.575837,0.055531,0.180603,0.005248,0.00115
AAGCCGCTTTACCTTG-1,0.000012,0.057343,0.720888,0.000012,0.000023,0.212198,0.000012,0.009491,0.000012,0.000012
AAGCCGGAGAGCAGGA-1,0.000032,0.045318,0.181399,0.157874,0.022582,0.404251,0.02903,0.123412,0.036071,0.000032
AAGCGCAGGGCTTTGA-1,0.000085,0.000085,0.000085,0.310501,0.029335,0.025282,0.184051,0.000085,0.432714,0.017778
AAGCGGAGTGCGCGCA-1,0.000006,0.105911,0.236928,0.001424,0.036753,0.000784,0.618173,0.000006,0.000006,0.000006
AAGCGGCGTCATGGGT-1,0.000054,0.000054,0.010556,0.149001,0.000109,0.366695,0.056915,0.014786,0.000054,0.401775
AAGCGTCCCTCATCGA-1,0.000028,0.000028,0.180346,0.286269,0.434615,0.061146,0.008879,0.028633,0.000028,0.000028
AAGCTAGATCGAGTAA-1,0.000028,0.000028,0.094419,0.333831,0.213225,0.009286,0.01101,0.018754,0.043693,0.275725
AAGCTATGGATTGACC-1,0.000059,0.466359,0.000059,0.000059,0.093501,0.000059,0.000059,0.43973,0.000059,0.000059
AAGCTCGTGCCAAGTC-1,0.000042,0.000042,0.000042,0.214805,0.519567,0.000042,0.157432,0.000042,0.104645,0.003341
AAGCTCTTTCATGGTG-1,0.000113,0.000113,0.000113,0.182994,0.000225,0.000113,0.189509,0.000113,0.483395,0.143313
AAGGAGAACTTATAAG-1,0.000162,0.130983,0.000162,0.007956,0.059268,0.073535,0.381917,0.000162,0.311889,0.033965
AAGGAGCGGTTGGTGC-1,0.000023,0.010081,0.474125,0.030611,0.464572,0.000023,0.003266,0.000023,0.013023,0.00425
AAGGATCGATCGCTTG-1,0.000029,0.000029,0.056962,0.560481,0.291173,0.000052,0.089835,0.000029,0.00138,0.000029
AAGGATGAGGGACCTC-1,0.000154,0.000154,0.000154,0.000154,0.000309,0.000154,0.000154,0.000154,0.669715,0.328896
AAGGCAGGCTGTCTCC-1,0.000035,0.050485,0.286755,0.240159,0.055666,0.142235,0.224562,0.000035,0.000035,0.000035
AAGGCGCGTAAAGCTT-1,0.000034,0.000034,0.019163,0.042736,0.796654,0.048655,0.000034,0.003081,0.00122,0.08839
AAGGCTGTGCTCATCG-1,0.003517,0.029032,0.008612,0.013347,0.230108,0.046929,0.017792,0.000042,0.11187,0.538749
AAGGGAACGACTGGCT-1,0.000071,0.200743,0.000071,0.000071,0.000143,0.000071,0.000071,0.60968,0.189007,0.000071
AAGGGACAGATTCTGT-1,0.000082,0.000082,0.000082,0.511971,0.000163,0.000156,0.005629,0.000082,0.481672,0.000082
AAGGGACTATGCATTC-1,0.000076,0.139022,0.000076,0.000076,0.000152,0.090485,0.000076,0.305049,0.286469,0.17852
AAGGGTTAGCCATGCG-1,0.000044,0.000044,0.007351,0.023958,0.0201,0.444086,0.000044,0.069767,0.241936,0.192669
AAGGGTTTGATTTCAG-1,0.000038,0.709317,0.000038,0.000038,0.000076,0.000038,0.000038,0.290343,0.000038,0.000038
AAGGTATCCTAATATA-1,0.000106,0.000106,0.000106,0.135913,0.372856,0.000106,0.021464,0.155886,0.269862,0.043596
AAGGTGATAAACCAGC-1,0.000166,0.082154,0.205184,0.042524,0.000332,0.000166,0.000166,0.000166,0.362481,0.306661
AAGTAAGCTTCCAAAC-1,0.000069,0.000077,0.000069,0.000069,0.000137,0.000069,0.000069,0.077264,0.47188,0.450298
AAGTAGAAGACCGGGT-1,0.000038,0.000038,0.227136,0.145274,0.50078,0.000038,0.019866,0.044117,0.060337,0.002375
AAGTAGTGACGCGAGG-1,0.002258,0.000049,0.000849,0.016348,0.63946,0.000049,0.000049,0.043788,0.290784,0.006366
AAGTCAATTGTCGTCA-1,0.000115,0.000115,0.000115,0.084142,0.00023,0.000115,0.000115,0.000115,0.417736,0.497203
AAGTCTAGTAGCTGCC-1,0.000477,0.13873,0.011015,0.000743,0.118571,0.194012,0.512816,0.00959,0.011557,0.002489
AAGTCTTCTGTGGCCT-1,0.000075,0.066296,0.000075,0.001982,0.00015,0.098882,0.023812,0.567531,0.172215,0.068984
AAGTGACGACCGAATT-1,0.000015,0.005602,0.092547,0.253604,0.545812,0.000015,0.073009,0.015242,0.000015,0.014141
AAGTGAGTCGGGTTTA-1,0.000035,0.006489,0.122232,0.067766,0.419882,0.273941,0.041038,0.009898,0.058684,0.000035
AAGTGCAAAGGTAGAC-1,0.00004,0.00004,0.100515,0.022019,0.459587,0.021559,0.176079,0.00004,0.009243,0.210878
AAGTGCCTTGACTGTA-1,0.000048,0.000048,0.000048,0.764622,0.035852,0.100082,0.038194,0.003248,0.057811,0.000048
AAGTGCGTTAGAATCT-1,0.00002,0.0001,0.005662,0.193636,0.459977,0.044194,0.212512,0.054441,0.029439,0.00002
AAGTGCTTCTCTATTG-1,0.000038,0.014968,0.004061,0.000038,0.009124,0.49735,0.004941,0.127309,0.316078,0.026093
AAGTGTTTGGAGACGG-1,0.000038,0.000038,0.000038,0.443261,0.202954,0.019102,0.183424,0.000038,0.151072,0.000038
AAGTTCACTCCAAGCT-1,0.000127,0.03385,0.000127,0.000127,0.000254,0.000127,0.026293,0.000127,0.776965,0.162003
AAGTTCAGTCTGCGTA-1,0.000034,0.000034,0.138754,0.552493,0.072236,0.166624,0.0056,0.000034,0.05372,0.010471
AAGTTCGGCCAACAGG-1,0.000028,0.072369,0.003583,0.01872,0.443324,0.000028,0.233015,0.000028,0.219584,0.00932
AAGTTGTGATGTTATA-1,0.000156,0.000156,0.000156,0.000156,0.000313,0.000156,0.000156,0.000156,0.504881,0.49371
AAGTTTACTAATGGCA-1,0.000114,0.000114,0.101467,0.003026,0.282765,0.033457,0.155014,0.016354,0.197605,0.210085
AAGTTTATGGGCCCAA-1,0.000072,0.003486,0.000072,0.303147,0.011069,0.077694,0.091772,0.003457,0.496087,0.013144
AATAACAACGCTCGGC-1,0.000054,0.000054,0.000054,0.000054,0.439752,0.02112,0.000054,0.122206,0.416597,0.000054
AATAACACTAGAACAA-1,0.000024,0.018644,0.036086,0.153672,0.371605,0.148111,0.098541,0.020229,0.143565,0.009523
AATAACGTCGCGCCCA-1,0.000013,0.000542,0.027298,0.262929,0.020594,0.129234,0.559351,0.000013,0.000013,0.000013
AATAATCTTCGTATCG-1,0.000078,0.107585,0.161235,0.000078,0.000156,0.269868,0.137007,0.000078,0.323837,0.000078
AATACAATGTTTCAGG-1,0.00014,0.00014,0.180763,0.00014,0.288781,0.003512,0.00014,0.057056,0.304988,0.164338
AATACCGGAGGGCTGT-1,0.001181,0.021402,0.000062,0.000062,0.027825,0.575751,0.035741,0.000641,0.337273,0.000062
AATACCTGATGTGAAC-1,0.000076,0.071361,0.037906,0.025423,0.168004,0.158513,0.086704,0.000076,0.218529,0.233408
AATAGAACAGAGTGGC-1,0.000029,0.03944,0.051575,0.012595,0.619262,0.113314,0.001899,0.03573,0.126127,0.00003
AATAGAATCTGTTTCA-1,0.000147,0.000147,0.000147,0.000147,0.000294,0.000147,0.000147,0.000147,0.766704,0.231974
AATAGCAAGCCTCCTG-1,0.000531,0.000029,0.010528,0.185521,0.085246,0.311477,0.338825,0.000029,0.05045,0.017362
AATAGCTACCGCGTGC-1,0.000028,0.024065,0.217508,0.033409,0.109726,0.081811,0.501969,0.000028,0.031428,0.000028
AATAGGCACGACCCTT-1,0.000012,0.467773,0.027387,0.000012,0.000068,0.166894,0.317409,0.000012,0.000012,0.020423
AATAGTCCGTCCCGAC-1,0.000025,0.000025,0.399726,0.180391,0.343235,0.005545,0.000025,0.000025,0.070976,0.000025
AATAGTCGCGAGTCGG-1,0.000049,0.022832,0.009182,0.041676,0.389929,0.132762,0.221054,0.072135,0.110333,0.000049
AATATCAAGGTCGGAT-1,0.00003,0.00003,0.114506,0.803875,0.037298,0.002608,0.04156,0.00003,0.00003,0.00003
AATATCCTAGCAAACT-1,0.000044,0.684385,0.000044,0.000044,0.000089,0.000044,0.000044,0.144878,0.170382,0.000044
AATATCGAATCAATGC-1,0.002915,0.000064,0.002782,0.439618,0.133301,0.076813,0.038976,0.000064,0.280006,0.025462
AATATCGAGGGTTCTC-1,0.000068,0.000068,0.000068,0.180064,0.299502,0.000068,0.154677,0.000068,0.166707,0.19871
AATATTGGAGTATTGA-1,0.001238,0.000084,0.000084,0.025771,0.366356,0.000084,0.000084,0.086427,0.519787,0.000084
AATCAGACTGCAGGAC-1,0.000051,0.000051,0.044272,0.383383,0.308606,0.044263,0.0088,0.000051,0.120018,0.090503
AATCAGGTTTCATTTA-1,0.000036,0.044533,0.139508,0.027554,0.014823,0.563106,0.043777,0.052973,0.000036,0.113654
AATCATGTAAAGACTC-1,0.00227,0.000126,0.202611,0.058309,0.172153,0.000126,0.117256,0.056418,0.249961,0.14077
AATCCAAGGGCCTGAG-1,0.000039,0.000863,0.030168,0.127381,0.409201,0.000039,0.411435,0.000039,0.000039,0.020795
AATCCATGCAAGGGTG-1,0.000087,0.000087,0.154873,0.086947,0.383327,0.129273,0.000087,0.000087,0.245146,0.000087
AATCCCGCTCAGAGCC-1,0.000013,0.14868,0.06744,0.000013,0.000025,0.001822,0.781968,0.000013,0.000013,0.000013
AATCGAGGTCTCAAGG-1,0.000025,0.045886,0.035472,0.148984,0.270763,0.037383,0.095895,0.064338,0.085431,0.215824
AATCGCCTCAGCGCCA-1,0.000044,0.000044,0.000044,0.555378,0.088755,0.005374,0.109651,0.000044,0.147767,0.092897
AATCGCGCAGAGGACT-1,0.000045,0.000045,0.055412,0.040453,0.46853,0.065364,0.006586,0.000045,0.338905,0.024615
AATCGGGACACTACGA-1,0.000121,0.000121,0.000121,0.000121,0.000242,0.000121,0.000121,0.000121,0.285846,0.713063
AATCGGTATAGCCCTC-1,0.00013,0.072495,0.00013,0.00013,0.00026,0.054443,0.00013,0.00013,0.819623,0.052529
AATCGTGAGCCGAGCA-1,0.000133,0.062046,0.000133,0.000133,0.000266,0.000133,0.000133,0.109149,0.597991,0.229884
AATCTAGGTTTACTTG-1,0.000394,0.258999,0.000394,0.000394,0.156733,0.000394,0.344535,0.097831,0.090979,0.049348
AATCTATGCCGGAGCC-1,0.011751,0.000065,0.055638,0.22172,0.099359,0.227414,0.036779,0.001632,0.180321,0.165321
AATCTCTACTGTGGTT-1,0.000046,0.01344,0.010431,0.100254,0.379849,0.129927,0.045687,0.074409,0.21167,0.034287
AATCTGCGTTGGGACG-1,0.000116,0.001652,0.000116,0.000116,0.000231,0.000116,0.000116,0.224305,0.665775,0.107458
AATCTGGCTTTCTAGT-1,0.003469,0.141307,0.000043,0.015103,0.324223,0.101906,0.157605,0.255497,0.000803,0.000043
AATCTGGGTAGACCCT-1,0.000024,0.000024,0.000024,0.474179,0.000048,0.418002,0.071137,0.005344,0.024465,0.006753
AATGACAGCAATGTCT-1,0.000042,0.000042,0.000042,0.036226,0.520899,0.013044,0.180761,0.01801,0.230891,0.000042
AATGACGTAGGATGTC-1,0.005021,0.000035,0.013971,0.557191,0.283393,0.036466,0.017616,0.000035,0.024063,0.06221
AATGACTGTCAGCCGG-1,0.00005,0.00005,0.082517,0.035087,0.368233,0.00005,0.00005,0.094377,0.106841,0.312743
AATGAGTTCGCATATG-1,0.000077,0.027482,0.000077,0.000454,0.511652,0.012429,0.14094,0.000077,0.304477,0.002334
AATGATGATACGCTAT-1,0.001764,0.000066,0.000066,0.42038,0.206299,0.000181,0.161265,0.000066,0.209554,0.000359
AATGATGCGACTCCTG-1,0.000088,0.000088,0.000088,0.209588,0.229753,0.041923,0.019319,0.000088,0.442882,0.056183
AATGCAACCGGGTACC-1,0.000061,0.000061,0.088526,0.062204,0.408672,0.07652,0.000061,0.000061,0.316874,0.04696
AATGCACCAAGCAATG-1,0.000029,0.000029,0.029152,0.165744,0.077526,0.000574,0.609687,0.000029,0.081557,0.035674
AATGGTCCACCGTTCA-1,0.000093,0.144825,0.01844,0.1408,0.14344,0.048501,0.000093,0.000093,0.493128,0.010587
AATGGTTCTCACAAGC-1,0.000032,0.000032,0.437063,0.059013,0.470799,0.000032,0.000032,0.027838,0.005128,0.000032
AATGTATGGCACTGTA-1,0.000065,0.379555,0.000065,0.000065,0.000129,0.000065,0.000065,0.619863,0.000065,0.000065
AATGTGCCCGAGGTGT-1,0.000083,0.073553,0.000083,0.051434,0.070127,0.001902,0.009781,0.256744,0.536207,0.000084
AATGTGCTAATCTGAG-1,0.000022,0.089936,0.06146,0.126711,0.127121,0.32141,0.23563,0.01749,0.016004,0.004216
AATGTTAAGACCCTGA-1,0.000051,0.097505,0.000051,0.066966,0.193554,0.032003,0.10502,0.011792,0.230183,0.262874
AATGTTGTCGTGAGAC-1,0.000059,0.364518,0.000059,0.000059,0.000119,0.000059,0.000059,0.000059,0.026039,0.608967
AATTAAAGGTCGGCGT-1,0.000879,0.000027,0.047399,0.03833,0.68394,0.101808,0.000166,0.016604,0.019669,0.091177
AATTAACGGATTTCCA-1,0.000083,0.000083,0.0314,0.071551,0.268512,0.177995,0.009963,0.000083,0.440247,0.000083
AATTACGAGACCCATC-1,0.00004,0.721584,0.00004,0.00004,0.000079,0.00004,0.00004,0.27806,0.00004,0.00004
AATTACTCGTACGCTC-1,0.000148,0.000148,0.000148,0.017417,0.351029,0.074229,0.000148,0.019457,0.53713,0.000148
AATTAGCGCTGCAGCG-1,0.000042,0.000042,0.129719,0.077325,0.34922,0.054491,0.000042,0.031356,0.280663,0.0771
AATTATACCCAGCAAG-1,0.000054,0.193044,0.004555,0.04074,0.229061,0.07274,0.162322,0.000054,0.101363,0.196067
AATTCATAAGGGATCT-1,0.000078,0.000078,0.000078,0.316931,0.226641,0.006537,0.038198,0.004532,0.285482,0.121445
AATTCATTGTCATGCA-1,0.000062,0.573079,0.000062,0.000062,0.000124,0.00285,0.000062,0.340294,0.015285,0.068119
AATTCCAACTTGGTGA-1,0.000031,0.005688,0.000031,0.3136,0.272236,0.002215,0.085091,0.000031,0.129101,0.191975
AATTCCAAGCATGTAC-1,0.00004,0.047477,0.265946,0.241094,0.120786,0.038278,0.181153,0.057553,0.047631,0.00004
AATTCGATTCGAGGAT-1,0.00021,0.029686,0.00021,0.099758,0.135896,0.00021,0.00021,0.00021,0.66626,0.067347
AATTCTAGAGTTAGGC-1,0.00007,0.00007,0.010442,0.01156,0.457969,0.102157,0.00007,0.00007,0.417522,0.00007
AATTGAACGCTCTGGT-1,0.000102,0.000103,0.000103,0.000103,0.000205,0.000103,0.000103,0.000103,0.477211,0.521866
AATTGCAGCAATCGAC-1,0.000255,0.081252,0.000255,0.000255,0.000509,0.02824,0.000255,0.000255,0.888471,0.000255
AATTGCGTGGATTACA-1,0.000031,0.797765,0.000031,0.000031,0.000061,0.000031,0.000031,0.201959,0.000031,0.000031
AATTGTGGTTGCCAAA-1,0.000015,0.000015,0.241032,0.314889,0.029931,0.24515,0.168842,0.000015,0.000094,0.000015
AATTTGGGACATAGTA-1,0.000049,0.08501,0.000049,0.165028,0.087227,0.01227,0.435004,0.016092,0.08818,0.111091
AATTTGGTTCCAAAGA-1,0.000131,0.000131,0.000131,0.029127,0.134426,0.080248,0.000131,0.000131,0.357567,0.397978
ACAAACCATGCGTCCT-1,0.000058,0.152322,0.000058,0.000058,0.000115,0.089428,0.000058,0.752986,0.00486,0.000058
ACAAACTCCATCAGAG-1,0.000025,0.000025,0.038654,0.000025,0.045203,0.817674,0.000025,0.043273,0.055072,0.000025
ACAAAGAAGGTAGGCC-1,0.000031,0.327211,0.000031,0.013813,0.019891,0.244974,0.037634,0.340531,0.015853,0.000031
ACAAAGCATGACCTAG-1,0.000057,0.08688,0.037508,0.037421,0.354014,0.001392,0.088773,0.000057,0.217861,0.176037
ACAAATCGCACCGAAT-1,0.000086,0.000086,0.000086,0.148699,0.06803,0.000086,0.063946,0.037487,0.536569,0.144925
ACAAATGGTAGTGTTT-1,0.000153,0.000153,0.000153,0.000153,0.000306,0.000153,0.000153,0.000153,0.665403,0.333219
ACAAATTCAGATCTGA-1,0.000027,0.000027,0.102499,0.234586,0.053193,0.212049,0.309894,0.025621,0.006951,0.055152
ACAACAGCATGAGCTA-1,0.000041,0.000041,0.060249,0.30174,0.344903,0.025652,0.030761,0.000041,0.103894,0.132675
ACAACGGTCCCTGCGA-1,0.000063,0.035712,0.068199,0.000063,0.61771,0.0522,0.107064,0.000063,0.118862,0.000063
ACAAGCAGTGCCTAGC-1,0.000044,0.012498,0.09649,0.030933,0.514141,0.01027,0.000044,0.148109,0.181711,0.00576
ACAAGCTATATGGAAG-1,0.00007,0.00007,0.00007,0.003707,0.085083,0.04768,0.052323,0.077418,0.640152,0.093427
ACAAGGAAATCCGCCC-1,0.000043,0.033518,0.000043,0.127452,0.097171,0.000043,0.020802,0.000043,0.066765,0.654122
ACAAGGACAAGAGGTT-1,0.000069,0.000069,0.004986,0.000069,0.431629,0.038301,0.000069,0.061145,0.463594,0.000069
ACAAGGATGCTTTAGG-1,0.000115,0.079725,0.168005,0.007912,0.00272,0.002628,0.062513,0.048311,0.459596,0.168476
ACAAGGCCTACCAGCC-1,0.00001,0.012213,0.294782,0.141044,0.016784,0.085583,0.449554,0.00001,0.00001,0.00001
ACAAGGGCAGGCTCTG-1,0.000034,0.000034,0.009839,0.302694,0.481781,0.011338,0.051233,0.000034,0.133304,0.009709
ACAAGTAATTGTAAGG-1,0.000061,0.242343,0.000061,0.000061,0.000122,0.066166,0.000061,0.539826,0.151239,0.000061
ACAATAGTCGTACGTT-1,0.000043,0.023542,0.023852,0.218961,0.417626,0.027764,0.02106,0.101301,0.165808,0.000043
ACAATCCATTTAAACC-1,0.000052,0.000052,0.007275,0.000052,0.561556,0.007763,0.000052,0.026143,0.397002,0.000052
ACAATCGATCTTTATA-1,0.000105,0.27444,0.000105,0.03432,0.128517,0.161293,0.268659,0.058317,0.074139,0.000105
ACAATGAATACGGAGA-1,0.000035,0.017845,0.012234,0.077423,0.277403,0.15092,0.065074,0.218145,0.180885,0.000035
ACAATGATTCTTCTAC-1,0.000021,0.000021,0.223318,0.113658,0.017719,0.211325,0.263296,0.055629,0.000021,0.114993
ACAATTGTGTCTCTTT-1,0.000179,0.06589,0.199016,0.00019,0.007531,0.000179,0.112884,0.000179,0.613771,0.000179
ACAATTTAGGAGGCTC-1,0.000029,0.000029,0.439071,0.063801,0.405402,0.001964,0.015179,0.000029,0.074465,0.000029
ACAATTTGAGCAGTGG-1,0.000116,0.000116,0.000116,0.000116,0.078545,0.000116,0.000116,0.311223,0.110937,0.498601
ACAATTTGGCCATATT-1,0.000042,0.000042,0.176524,0.001595,0.013521,0.52474,0.061368,0.000042,0.010486,0.21164
ACACAAAGACGGGTGG-1,0.000118,0.26139,0.000118,0.000118,0.188307,0.000118,0.000118,0.000118,0.257326,0.292269
ACACAAATATTCCTAG-1,0.000011,0.225447,0.565931,0.000011,0.000021,0.020687,0.18786,0.000011,0.000011,0.000011
ACACACCAGGACCAGT-1,0.000124,0.000124,0.000124,0.000124,0.000248,0.000124,0.000124,0.119232,0.330009,0.549769
ACACACTTTCTACACG-1,0.000066,0.000066,0.000211,0.470608,0.058197,0.031675,0.224336,0.000066,0.211869,0.002905
ACACATGATCAAATCT-1,0.000094,0.104186,0.000094,0.000094,0.000188,0.079586,0.000094,0.7523,0.063269,0.000094
ACACATTGACGCAACA-1,0.000078,0.000078,0.000078,0.042505,0.48045,0.165199,0.000078,0.000078,0.311379,0.000078
ACACATTTCCGTAGAC-1,0.000071,0.000071,0.000071,0.137157,0.000141,0.357672,0.209174,0.00907,0.286503,0.000071
ACACCACATAATTAGC-1,0.000031,0.031764,0.187053,0.022349,0.050645,0.086143,0.552031,0.000031,0.069923,0.000031
ACACCCAGCATGCAGC-1,0.000048,0.029931,0.082375,0.022438,0.459801,0.002207,0.069357,0.035081,0.040475,0.258288
ACACCCGAGAAATCCG-1,0.000027,0.070724,0.219378,0.000924,0.414967,0.000027,0.135731,0.000027,0.056516,0.101678
ACACCGAGCGCTCTTT-1,0.00002,0.00002,0.301135,0.0732,0.517253,0.00002,0.00002,0.089806,0.00002,0.018508
ACACCGGTCTGACCGC-1,0.000049,0.181779,0.000049,0.000049,0.010917,0.000049,0.000049,0.80696,0.000049,0.000049
ACACCTTAAGTAGGGC-1,0.000035,0.000035,0.061837,0.032096,0.751167,0.074854,0.000035,0.010003,0.002912,0.067026
ACACCTTACTACTTGC-1,0.000073,0.000073,0.045621,0.192645,0.113632,0.082874,0.083159,0.000073,0.425726,0.056124
ACACGAGACTCCTTCT-1,0.000069,0.000069,0.08253,0.045336,0.416506,0.059908,0.000069,0.000069,0.389784,0.005658
ACACGGCACTATGCAT-1,0.000044,0.009034,0.058405,0.115056,0.516337,0.000044,0.020796,0.099688,0.038941,0.141655
ACACGGGAACTTAGGG-1,0.000055,0.000055,0.000055,0.305857,0.125493,0.000055,0.027959,0.000055,0.091478,0.448937
ACACGTAGGCCACAAG-1,0.000063,0.000063,0.0091,0.406092,0.020777,0.218562,0.153601,0.000063,0.171617,0.020062
ACACTCCAATGTCACT-1,0.000096,0.014817,0.057082,0.000096,0.418942,0.22784,0.030781,0.000096,0.250155,0.000096
ACACTGATCAAGGTGT-1,0.000867,0.00972,0.045134,0.007776,0.502637,0.031853,0.00124,0.007649,0.171065,0.22206
ACACTGGGACAGTCGT-1,0.000046,0.090359,0.002221,0.018572,0.019855,0.000046,0.658082,0.000046,0.132699,0.078074
ACAGAACTGAGAACAA-1,0.00005,0.00005,0.00005,0.040911,0.079518,0.00005,0.00005,0.383063,0.397154,0.099102
ACAGATTAGGTTAGTG-1,0.000225,0.000225,0.000225,0.000225,0.00045,0.000509,0.155965,0.000225,0.841725,0.000225
ACAGCATAGAGCCAGT-1,0.000089,0.000089,0.000089,0.432257,0.025004,0.006185,0.198369,0.000089,0.288367,0.049464
ACAGCGACATTCTCAT-1,0.000261,0.175242,0.099,0.256894,0.060407,0.000261,0.000261,0.000261,0.356704,0.050709
ACAGCGCACCCGCAGC-1,0.003697,0.147478,0.053965,0.000193,0.186581,0.000193,0.000193,0.079091,0.37692,0.151688
ACAGGAGGCGCAGCCG-1,0.00004,0.00004,0.000969,0.104702,0.346068,0.00004,0.147957,0.00004,0.312529,0.087617
ACAGGCACGGATCCTT-1,0.000057,0.121428,0.05709,0.198504,0.217754,0.053386,0.081818,0.000057,0.135034,0.134873
ACAGGCTTGCCCGACT-1,0.000082,0.083882,0.000082,0.000082,0.000164,0.000082,0.000082,0.0429,0.292002,0.580643
ACAGGTGGAGGTGAGG-1,0.00003,0.00003,0.046301,0.095354,0.522611,0.045777,0.00003,0.067621,0.199149,0.023098
ACAGGTGTGTTGTTGC-1,0.000022,0.076275,0.011806,0.062927,0.081493,0.397117,0.159047,0.04254,0.020892,0.14788
ACAGTAATACAACTTG-1,0.000024,0.029422,0.023111,0.067368,0.475156,0.001716,0.065607,0.313303,0.02427,0.000024
ACAGTATACCGTGGGA-1,0.000025,0.035704,0.239828,0.008081,0.102724,0.263356,0.215199,0.000025,0.038831,0.096226
ACATAAGTCGTGGTGA-1,0.000045,0.525671,0.000045,0.000045,0.00009,0.000045,0.000045,0.432469,0.000045,0.041499
ACATAATAAGGCGGTG-1,0.000078,0.000078,0.000078,0.293909,0.150738,0.000078,0.000078,0.000078,0.544863,0.010022
ACATACAATCAAGCGG-1,0.001067,0.06799,0.076433,0.110129,0.295091,0.047593,0.127681,0.038613,0.063184,0.17222
ACATCAGCTGGGACGC-1,0.000068,0.075812,0.040796,0.013083,0.396788,0.006464,0.007329,0.08073,0.357076,0.021854
ACATCCCGGCCATACG-1,0.000068,0.000068,0.039618,0.013608,0.215213,0.087655,0.000068,0.049643,0.538314,0.055745
ACATCCTGGTAACTGT-1,0.000095,0.000095,0.000095,0.191072,0.156283,0.058186,0.000095,0.025286,0.5687,0.000095
ACATCGATCGTTTACC-1,0.000034,0.000034,0.06859,0.429702,0.451927,0.000034,0.000034,0.000034,0.028399,0.021214
ACATCGCAATATTCGG-1,0.000034,0.029466,0.000034,0.011879,0.000069,0.667751,0.004502,0.18067,0.105561,0.000034
ACATCGGTCAGCCGCG-1,0.00005,0.00005,0.035422,0.027375,0.566193,0.006313,0.00005,0.073238,0.29126,0.00005
ACATCGTATGCAATGG-1,0.000075,0.000075,0.000075,0.350339,0.054348,0.002988,0.032738,0.010059,0.353185,0.196117
ACATCGTTAACCTAGT-1,0.003098,0.000081,0.005153,0.109158,0.503723,0.000081,0.052422,0.063595,0.021973,0.240717
ACATCTCAACGCGTAA-1,0.000022,0.028971,0.051768,0.10201,0.341922,0.0471,0.104763,0.15921,0.001613,0.162621
ACATGCTTACGGCAGC-1,0.000037,0.335183,0.000037,0.000037,0.000073,0.000037,0.000037,0.664486,0.000037,0.000037
ACATGGCGCCAAAGTA-1,0.000075,0.000075,0.000075,0.289609,0.042904,0.040568,0.030055,0.082268,0.317733,0.19664
ACATGGCTCAATTTAG-1,0.000079,0.000079,0.056594,0.204224,0.247857,0.045367,0.0139,0.000079,0.137967,0.293853
ACATTAGTTTATATCC-1,0.000078,0.000078,0.127046,0.100213,0.271024,0.033607,0.000078,0.016288,0.366587,0.085001
ACATTCGCGCGGAATA-1,0.000035,0.334516,0.000036,0.002442,0.00883,0.375962,0.01289,0.020916,0.215334,0.029039
