Barcode,Topic 1,Topic 2to3,Topic 4,Topic 5to7,Topic 8,Topic 9to10
AAACAACGAATAGTTC-1,0.000013,0.024137,0.266576,0.691313,0.000013,0.017949
AAACAAGTATCTCCCA-1,0.237842,0.718237,0.000795,0.022214,0.000065,0.020846
AAACAATCTACTAGCA-1,0.000018,0.021185,0.267327,0.703693,0.000018,0.00776
AAACACCAATAACTGC-1,0.000032,0.000064,0.000032,0.905439,0.00101,0.093423
AAACAGAGCGACTCCT-1,0.190943,0.742582,0.065871,0.000302,0.000101,0.000201
AAACAGCTTTCAGAAG-1,0.000033,0.000065,0.000321,0.937126,0.02119,0.041265
AAACAGGGTCTATATT-1,0.000028,0.004698,0.000044,0.607787,0.021431,0.366013
AAACAGTGTTCCTGGG-1,0.000021,0.000042,0.100459,0.527692,0.000021,0.371765
AAACATGGTGAGAGGA-1,0.026549,0.000108,0.000108,0.000162,0.593392,0.379681
AAACATTTCCCGGATT-1,0.08671,0.749156,0.078649,0.073653,0.000067,0.011765
AAACCACTACACAGAT-1,0.246086,0.543882,0.125235,0.000069,0.064907,0.01982
AAACCCGAACGAAATC-1,0.351926,0.288328,0.132987,0.185162,0.000025,0.041572
AAACCGGGTAGGTACC-1,0.000024,0.024449,0.000024,0.67726,0.085863,0.21238
AAACCGTTCGTCCAGG-1,0.000022,0.000045,0.000022,0.714093,0.083585,0.202232
AAACCTAAGCAGCCGG-1,0.044851,0.713853,0.000705,0.002092,0.238235,0.000263
AAACCTCATGAAGTTG-1,0.000041,0.009296,0.009384,0.688456,0.004312,0.288512
AAACGAAGAACATACC-1,0.009223,0.172566,0.268173,0.401143,0.112431,0.036463
AAACGAAGATGGAGTA-1,0.000068,0.000137,0.116193,0.578335,0.000068,0.305198
AAACGACAGTCTTGCC-1,0.431246,0.505644,0.061248,0.000061,0.00002,0.001781
AAACGAGACGGTTGAT-1,0.003311,0.986871,0.000044,0.000131,0.000044,0.009599
AAACGCCCGAGATCGG-1,0.318609,0.555544,0.085392,0.000135,0.000045,0.040275
AAACGGGCGTACGGGT-1,0.166464,0.346561,0.001856,0.000145,0.484878,0.000096
AAACGGGTTGGTATCC-1,0.00011,0.00022,0.317303,0.4785,0.00011,0.203757
AAACGGTTGCGAACTG-1,0.000052,0.066134,0.004236,0.333118,0.003466,0.592994
AAACGTGTTCGCCCTA-1,0.317891,0.584642,0.000013,0.042122,0.055308,0.000025
AAACTAACGTGGCGAC-1,0.369707,0.25978,0.054615,0.021629,0.286635,0.007634
AAACTCGGTTCGCAAT-1,0.000046,0.090442,0.014397,0.223544,0.092388,0.579184
AAACTCGTGATATAAG-1,0.440951,0.489817,0.068792,0.00022,0.000073,0.000147
AAACTGCTGGCTCCAA-1,0.023038,0.532261,0.048196,0.000197,0.000066,0.396242
AAACTTAATTGCACGC-1,0.000053,0.000107,0.158894,0.338076,0.239487,0.263383
AAACTTGCAAACGTAT-1,0.020715,0.038246,0.023733,0.392744,0.152962,0.3716
AAAGAATGACCTTAGA-1,0.000071,0.000141,0.101124,0.024419,0.333417,0.540828
AAAGAATGTGGACTAA-1,0.682088,0.159621,0.000024,0.000073,0.158145,0.000049
AAAGACATGAAGTTTA-1,0.412177,0.394069,0.113916,0.000082,0.079702,0.000054
AAAGACCCAAGTCGCG-1,0.000066,0.071331,0.104406,0.230654,0.017972,0.575571
AAAGACTGGGCGCTTT-1,0.000048,0.000097,0.072403,0.483604,0.000048,0.4438
AAAGGCCCTATAATAC-1,0.000758,0.000064,0.025577,0.660291,0.158076,0.155233
AAAGGCTACGGACCAT-1,0.000018,0.188104,0.000018,0.501549,0.154768,0.155542
AAAGGCTCTCGCGCCG-1,0.000054,0.241162,0.006512,0.21375,0.00086,0.537662
AAAGGGATGTAGCAAG-1,0.000051,0.327797,0.001361,0.134361,0.082458,0.453972
AAAGGGCAGCTTGAAT-1,0.025712,0.000198,0.144322,0.151906,0.023422,0.654439
AAAGGTAAGCTGTACC-1,0.259847,0.622292,0.0743,0.00015,0.00005,0.043361
AAAGGTCAACGACATG-1,0.300338,0.536856,0.161097,0.000113,0.001313,0.000283
AAAGTAGCATTGCTCA-1,0.000055,0.000109,0.01476,0.452795,0.273347,0.258933
AAAGTCACTGATGTAA-1,0.000089,0.12368,0.308702,0.014881,0.000089,0.552559
AAAGTCGACCCTCAGT-1,0.000026,0.000051,0.018697,0.807311,0.054157,0.119758
AAAGTGTGATTTATCT-1,0.034051,0.868372,0.000062,0.000185,0.003878,0.093452
AAAGTTGACTCCCGTA-1,0.060471,0.736361,0.000038,0.000115,0.202938,0.000077
AAATAACCATACGGGA-1,0.000081,0.777981,0.066156,0.000242,0.035081,0.120459
AAATAAGGTAGTGCCC-1,0.148722,0.802317,0.048746,0.000108,0.000036,0.000072
AAATACCTATAAGCAT-1,0.000038,0.245905,0.076521,0.125234,0.188636,0.363666
AAATAGCTTAGACTTT-1,0.253839,0.400407,0.116907,0.000143,0.228608,0.000095
AAATAGGGTGCTATTG-1,0.01651,0.396662,0.000018,0.509867,0.025865,0.051078
AAATCCGATACACGCC-1,0.012233,0.863578,0.037125,0.000099,0.011382,0.075583
AAATCGCGGAAGGAGT-1,0.000031,0.000062,0.000031,0.916336,0.000031,0.083509
AAATCGTGTACCACAA-1,0.000053,0.216931,0.000053,0.112615,0.152464,0.517885
AAATCTAGCCCTGCTA-1,0.437202,0.538297,0.000051,0.024299,0.000051,0.000101
AAATCTGCCCGCGTCC-1,0.000985,0.003658,0.000659,0.429432,0.315657,0.249609
AAATGACTGATCAAAC-1,0.001503,0.053179,0.239554,0.467787,0.034873,0.203104
AAATGATTCGATCAGC-1,0.513147,0.415676,0.031307,0.000154,0.039613,0.000103
AAATGCTCGTTACGTT-1,0.000052,0.000103,0.027393,0.548198,0.313991,0.110264
AAATGGCATGTCTTGT-1,0.079779,0.626103,0.00007,0.037022,0.10326,0.153766
AAATGGCCCGTGCCCT-1,0.000044,0.000089,0.00514,0.482243,0.000044,0.512439
AAATGGTCAATGTGCC-1,0.000025,0.115321,0.000025,0.395911,0.020814,0.467904
AAATGTATCTTATCCC-1,0.133441,0.000148,0.027938,0.154752,0.344986,0.338735
AAATGTGGGTGCTCCT-1,0.000703,0.00163,0.258666,0.738978,0.000008,0.000016
AAATTAACGGGTAGCT-1,0.000026,0.121641,0.000026,0.370066,0.150664,0.357577
AAATTAATAAGCGCGA-1,0.000029,0.000058,0.020955,0.607807,0.085779,0.285372
AAATTACACGACTCTG-1,0.059535,0.715304,0.000043,0.000128,0.201958,0.023032
AAATTACCTATCGATG-1,0.00004,0.91395,0.00004,0.00012,0.085769,0.00008
AAATTCCAGGTCCAAA-1,0.28307,0.642527,0.073967,0.000218,0.000073,0.000145
AAATTGATAGTCCTTT-1,0.000042,0.260819,0.000042,0.418805,0.000042,0.320249
AAATTGCGGCGGTTCT-1,0.000021,0.000043,0.192032,0.804326,0.000021,0.003557
AAATTGGTGAGAAGCA-1,0.439224,0.461707,0.098843,0.000113,0.000038,0.000075
AAATTTACCGAAATCC-1,0.415135,0.445114,0.102163,0.037462,0.000042,0.000084
AAATTTGCGGGTGTGG-1,0.000041,0.200114,0.003845,0.101677,0.001817,0.692506
AACAACTGGTAGTTGC-1,0.000038,0.000075,0.000528,0.63653,0.189028,0.173801
AACAATACATTGTCGA-1,0.000029,0.044205,0.000029,0.399097,0.111872,0.444768
AACAATTACTCTACGC-1,0.000072,0.000144,0.031962,0.26857,0.090519,0.608734
AACACACGCTCGCCGC-1,0.229389,0.576819,0.000025,0.116432,0.056338,0.020997
AACACGACTGTACTGA-1,0.046114,0.240342,0.077048,0.394628,0.013942,0.227927
AACACGAGACGCGGCC-1,0.000043,0.000086,0.02122,0.435566,0.04536,0.497725
AACACGCGGCCGCGAA-1,0.000011,0.000022,0.216787,0.783148,0.000011,0.000022
AACAGCTGTGTGGCAA-1,0.000031,0.019544,0.000031,0.507463,0.000031,0.472901
AACAGGAAATCGAATA-1,0.000575,0.36462,0.00003,0.334429,0.085924,0.214421
AACAGGATGGGCCGCG-1,0.000068,0.000136,0.001642,0.276384,0.034436,0.687335
AACAGGTAGTATGGAT-1,0.158128,0.765687,0.075687,0.000249,0.000083,0.000166
AACATAGCGTGTATCG-1,0.34936,0.222745,0.008608,0.419225,0.000021,0.000042
AACATATCAACTGGTG-1,0.00441,0.949119,0.046041,0.000215,0.000072,0.000144
AACATCGATACGTCTA-1,0.452954,0.296694,0.000026,0.02358,0.226694,0.000052
AACATTGAAGTTGATC-1,0.000015,0.000031,0.005787,0.984161,0.000015,0.009991
AACATTGGTCAGCCGT-1,0.000023,0.000046,0.230315,0.769542,0.000023,0.000051
AACATTGTGACTCGAG-1,0.006099,0.062367,0.021308,0.068285,0.271003,0.570937
AACCAAGACTTCTCTG-1,0.000048,0.021703,0.059005,0.534122,0.000048,0.385074
AACCAGTATCACTCTT-1,0.469382,0.348379,0.136264,0.000152,0.000051,0.045773
AACCATAGGGTTGAAC-1,0.000032,0.000065,0.035198,0.920689,0.000032,0.043984
AACCATGGGATCGCTA-1,0.00004,0.008414,0.006106,0.622523,0.00004,0.362878
AACCCAGAGACGGAGA-1,0.000038,0.063999,0.017344,0.29645,0.042302,0.579867
AACCCATCCCATGATC-1,0.000042,0.000084,0.005904,0.594905,0.004142,0.394923
AACCCGACAACCCGTG-1,0.006214,0.035452,0.00037,0.625402,0.067747,0.264816
AACCCGAGCAGAATCG-1,0.053635,0.946047,0.000046,0.000137,0.000046,0.000091
AACCCGCTGTATTCCA-1,0.000032,0.060892,0.330302,0.362676,0.058446,0.187653
AACCCTACTGTCAATA-1,0.046544,0.906194,0.000075,0.000225,0.000075,0.046887
AACCCTGGTGGAACCA-1,0.022825,0.349266,0.165053,0.426151,0.028142,0.008564
AACCGAGCTTGGTCAT-1,0.079374,0.182498,0.000035,0.302313,0.394615,0.041165
AACCGCTAAGGGATGC-1,0.018762,0.837917,0.000041,0.000124,0.143074,0.000082
AACCGTTGTGTTTGCT-1,0.024561,0.332115,0.05245,0.02562,0.302334,0.262921
AACCTAAAGCCGTCCG-1,0.340349,0.19606,0.274596,0.000111,0.18881,0.000074
AACCTCGCTTTAGCCC-1,0.000444,0.831971,0.000055,0.000165,0.003202,0.164162
AACCTGTCACGGAATT-1,0.092757,0.835587,0.071387,0.000135,0.000045,0.00009
AACCTTTAAATACGGT-1,0.000035,0.128235,0.01802,0.238395,0.547485,0.06783
AACCTTTACGACGTCT-1,0.041285,0.676376,0.091933,0.188048,0.000076,0.002283
AACGAAAGTCGTCCCA-1,0.000026,0.000053,0.000026,0.929687,0.000026,0.070182
AACGATAATGCCGTAG-1,0.040369,0.275634,0.002081,0.374759,0.192147,0.11501
AACGATAGAAGGGCCG-1,0.000057,0.092827,0.012094,0.00017,0.095501,0.799351
AACGATATGTCAACTG-1,0.000051,0.631783,0.000051,0.20653,0.02326,0.138324
AACGCATGATCTGGGT-1,0.046505,0.834673,0.030277,0.000216,0.000072,0.088257
AACGCGAACGGCAACA-1,0.00916,0.000065,0.041063,0.806832,0.000033,0.142846
AACGCGACCTTGGGCG-1,0.070921,0.164149,0.005546,0.383255,0.089974,0.286154
AACGCGGTCTCCAGCC-1,0.135233,0.20475,0.000114,0.000342,0.352566,0.306994
AACGCTGTTGCTGAAA-1,0.040232,0.836538,0.001554,0.089614,0.000062,0.032
AACGGACGTACGTATA-1,0.031213,0.9055,0.000045,0.000898,0.000045,0.062298
AACGGCCATCTCCGGT-1,0.001453,0.049621,0.003544,0.576709,0.00128,0.367392
AACGTACTGTGGGTAC-1,0.000023,0.044205,0.000023,0.608662,0.00164,0.345448
AACGTAGTCTACCCAT-1,0.027999,0.000037,0.127498,0.84441,0.000019,0.000037
AACGTCAGACTAGTGG-1,0.000055,0.057093,0.006182,0.141481,0.000055,0.795134
AACGTCATCCGGCTTG-1,0.010567,0.119649,0.327436,0.135438,0.025578,0.381332
AACGTCGCTGCACTTC-1,0.570288,0.406725,0.02278,0.000103,0.000034,0.000069
AACGTGATGAAGGACA-1,0.189058,0.550638,0.13227,0.081539,0.013291,0.033205
AACGTGCGAAAGTCTC-1,0.039034,0.562062,0.000052,0.019348,0.115038,0.264466
AACGTTATCAGCACCT-1,0.000056,0.000111,0.000056,0.813484,0.000056,0.186238
AACTACCCGTTTGTCA-1,0.244881,0.502383,0.195553,0.019923,0.000056,0.037205
AACTAGCGTATCGCAC-1,0.002389,0.046592,0.454878,0.16572,0.000055,0.330367
AACTAGGCTTGGGTGT-1,0.013089,0.017052,0.000034,0.720189,0.134827,0.114808
AACTCAAGTTAATTGC-1,0.033744,0.10108,0.006278,0.330281,0.023911,0.504706
AACTCCAGAGCGTGTT-1,0.162643,0.656184,0.000039,0.000118,0.180937,0.000079
AACTCCTAATCCCATG-1,0.246636,0.653141,0.068245,0.02933,0.00009,0.002557
AACTCGATAAACACGT-1,0.000011,0.000023,0.234997,0.762293,0.000011,0.002665
AACTCGATGGCGCAGT-1,0.000032,0.000064,0.09522,0.796426,0.064733,0.043525
AACTCTCAATAGAGCG-1,0.000052,0.92274,0.000052,0.010219,0.000052,0.066885
AACTCTCAGTGTGCTC-1,0.00002,0.035074,0.00002,0.684406,0.00002,0.280459
AACTGAGGTCAGCGTC-1,0.237598,0.611872,0.000027,0.120734,0.029715,0.000055
AACTGATATTAGGCCT-1,0.000056,0.433671,0.004897,0.114209,0.000056,0.447111
AACTGGGTCCCGACGT-1,0.000069,0.326847,0.000069,0.000208,0.282639,0.390167
AACTGGGTTCGAGCCG-1,0.193309,0.706603,0.059968,0.000102,0.039951,0.000068
AACTGGTGTGGGCCTT-1,0.000066,0.0516,0.554903,0.000198,0.000066,0.393167
AACTTCTGCGTCTATC-1,0.000053,0.052622,0.016914,0.474297,0.000059,0.456055
AACTTGCCCGTATGCA-1,0.013387,0.004873,0.000061,0.456697,0.134519,0.390462
AACTTGCGTTCTCGCG-1,0.000094,0.000187,0.048381,0.173265,0.072758,0.705316
AACTTTACGGGAGCTT-1,0.000032,0.015674,0.005655,0.851673,0.010401,0.116564
AACTTTAGCTGCTGAG-1,0.000049,0.000098,0.615543,0.24007,0.000049,0.144191
AAGAAAGTTTGATGGG-1,0.000038,0.000077,0.122436,0.619681,0.027655,0.230112
AAGAAGGATCAGTTAG-1,0.000058,0.000116,0.042054,0.573046,0.043677,0.341049
AAGACATACGTGGTTT-1,0.489045,0.360159,0.087911,0.000085,0.042465,0.020334
AAGACCAAATAACTCA-1,0.000024,0.000049,0.002409,0.986567,0.000024,0.010926
AAGACCCAACTGAACA-1,0.000043,0.04244,0.003707,0.3221,0.163301,0.468409
AAGACTAACCCGTTGT-1,0.000034,0.000069,0.329633,0.664139,0.000034,0.006091
AAGACTCACGCCCACT-1,0.298336,0.38482,0.314126,0.000468,0.002149,0.000101
AAGACTGCAAGCTACT-1,0.00004,0.689989,0.00004,0.060575,0.10378,0.145575
AAGAGATGAATCGGTA-1,0.00003,0.017819,0.00003,0.603419,0.105349,0.273353
AAGAGCTCTTTATCGG-1,0.000042,0.732723,0.000042,0.081037,0.155684,0.030472
AAGAGGATGTACGCGA-1,0.000028,0.000056,0.000028,0.755284,0.003348,0.241256
AAGAGGCATGGATCGC-1,0.028144,0.841893,0.000033,0.008467,0.117332,0.00413
AAGAGGCCCTTTGGAA-1,0.330266,0.669406,0.000047,0.00014,0.000047,0.000094
AAGATGGCACCGGACC-1,0.000031,0.071927,0.00122,0.223336,0.000031,0.703455
AAGATTGGCGGAACGT-1,0.000043,0.973986,0.000043,0.00013,0.0183,0.007498
AAGCACCCTGCGTATC-1,0.000453,0.407114,0.00004,0.061828,0.412031,0.118533
AAGCATACTCTCCTGA-1,0.000043,0.162833,0.044322,0.189118,0.096626,0.507057
AAGCCACTTGCAGGTA-1,0.000017,0.036136,0.110978,0.623986,0.000017,0.228866
AAGCCGAAGCGGTTTA-1,0.407447,0.557831,0.0342,0.000261,0.000087,0.000174
AAGCCGCCGTGAAATC-1,0.00004,0.00008,0.016751,0.308777,0.00004,0.674313
AAGCGCAGGGCTTTGA-1,0.000043,0.141411,0.039124,0.554132,0.000043,0.265245
AAGCGGCGTCATGGGT-1,0.188796,0.63488,0.130128,0.000226,0.000075,0.045895
AAGCGTCCCTCATCGA-1,0.000026,0.028688,0.000026,0.739791,0.00845,0.22302
AAGCTAGATCGAGTAA-1,0.000029,0.057838,0.000029,0.703008,0.122837,0.116259
AAGCTATGGATTGACC-1,0.053612,0.000079,0.316288,0.000119,0.445243,0.184659
AAGCTCGTGCCAAGTC-1,0.000029,0.511713,0.000029,0.427574,0.012567,0.048087
AAGCTCTTTCATGGTG-1,0.228572,0.535044,0.000044,0.025525,0.149707,0.061108
AAGGAGAACTTATAAG-1,0.000014,0.000027,0.118547,0.881372,0.000014,0.000027
AAGGAGCGGTTGGTGC-1,0.000041,0.151038,0.016398,0.303236,0.128521,0.400767
AAGGATCGATCGCTTG-1,0.367147,0.618939,0.000078,0.000234,0.013446,0.000156
AAGGATGAGGGACCTC-1,0.005381,0.94162,0.000052,0.000157,0.000052,0.052738
AAGGCAGGCTGTCTCC-1,0.826415,0.173257,0.000047,0.000141,0.000047,0.000094
AAGGCGCGTAAAGCTT-1,0.000026,0.12093,0.000026,0.529853,0.068639,0.280525
AAGGCTGTGCTCATCG-1,0.03437,0.247943,0.018361,0.036991,0.000083,0.662252
AAGGGAACGACTGGCT-1,0.000028,0.025105,0.022344,0.676847,0.000028,0.275648
AAGGGACAGATTCTGT-1,0.002837,0.844527,0.00005,0.000151,0.152333,0.000101
AAGGGACTATGCATTC-1,0.00004,0.015935,0.00004,0.690464,0.00004,0.293481
AAGGGTTTGATTTCAG-1,0.000106,0.000212,0.092815,0.000319,0.428583,0.477965
AAGGTATCCTAATATA-1,0.06978,0.774659,0.001116,0.00019,0.000063,0.154192
AAGGTGATAAACCAGC-1,0.018979,0.930725,0.032251,0.000229,0.007096,0.01072
AAGTAAGCTTCCAAAC-1,0.064344,0.000046,0.438854,0.339251,0.000023,0.157481
AAGTAGAAGACCGGGT-1,0.000051,0.025851,0.040477,0.365831,0.185398,0.382392
AAGTAGTGACGCGAGG-1,0.00004,0.035948,0.00004,0.558677,0.005872,0.399423
AAGTCAATTGTCGTCA-1,0.197155,0.545932,0.000048,0.000145,0.256624,0.000097
AAGTCTTCTGTGGCCT-1,0.071367,0.000145,0.000072,0.124637,0.201219,0.60256
AAGTGACGACCGAATT-1,0.028915,0.000073,0.000037,0.77998,0.096867,0.094128
AAGTGAGTCGGGTTTA-1,0.000028,0.000057,0.001936,0.619483,0.050303,0.328192
AAGTGCAAAGGTAGAC-1,0.000031,0.000061,0.005696,0.938946,0.000031,0.055236
AAGTGCCTTGACTGTA-1,0.020018,0.81674,0.000053,0.000159,0.162924,0.000106
AAGTGCGTTAGAATCT-1,0.000068,0.079384,0.023604,0.288686,0.003596,0.604663
AAGTGCTTCTCTATTG-1,0.043964,0.000053,0.000972,0.825265,0.000026,0.12972
AAGTGTTTGGAGACGG-1,0.000032,0.723476,0.000032,0.138376,0.005634,0.132451
AAGTTCACTCCAAGCT-1,0.00004,0.713425,0.00004,0.095261,0.047809,0.143425
AAGTTCAGTCTGCGTA-1,0.005259,0.78967,0.057826,0.133843,0.000055,0.013347
AAGTTCGGCCAACAGG-1,0.029037,0.188124,0.012275,0.287311,0.081906,0.401347
AAGTTGTGATGTTATA-1,0.72572,0.257926,0.000048,0.000144,0.016067,0.000096
AAGTTTACTAATGGCA-1,0.000041,0.056855,0.417819,0.469152,0.000041,0.056091
AAGTTTATGGGCCCAA-1,0.000056,0.081682,0.0661,0.156802,0.006854,0.688506
AATAACAACGCTCGGC-1,0.000044,0.000088,0.04796,0.259725,0.006459,0.685724
AATAACACTAGAACAA-1,0.001714,0.019562,0.000017,0.647471,0.000017,0.331218
AATAACGTCGCGCCCA-1,0.225464,0.754452,0.019806,0.000139,0.000046,0.000093
AATAAGTCCTCGAGAC-1,0.143414,0.304828,0.429812,0.000143,0.120792,0.00101
AATACAATGTTTCAGG-1,0.000093,0.031557,0.108138,0.189863,0.000093,0.670256
AATACCGGAGGGCTGT-1,0.000018,0.000036,0.000018,0.810806,0.086292,0.102829
AATACCTGATGTGAAC-1,0.392309,0.490211,0.094664,0.000114,0.000038,0.022664
AATAGAACAGAGTGGC-1,0.000015,0.000031,0.000015,0.893607,0.000015,0.106317
AATAGAATCTGTTTCA-1,0.18814,0.745616,0.000042,0.066075,0.000042,0.000085
AATAGCAAGCCTCCTG-1,0.368276,0.458184,0.000024,0.000072,0.173396,0.000048
AATAGCTACCGCGTGC-1,0.050144,0.666463,0.238905,0.044309,0.00006,0.000119
AATAGGCACGACCCTT-1,0.000016,0.000032,0.28007,0.513942,0.000016,0.205925
AATAGTCCGTCCCGAC-1,0.005808,0.121091,0.003457,0.241264,0.057133,0.571247
AATAGTCGCGAGTCGG-1,0.000033,0.000065,0.000033,0.797333,0.06576,0.136776
AATATCAAGGTCGGAT-1,0.043379,0.000073,0.161427,0.601506,0.106536,0.087079
AATATCCTAGCAAACT-1,0.03585,0.000078,0.000039,0.517024,0.103321,0.343689
AATATCGAATCAATGC-1,0.307639,0.650829,0.022367,0.000197,0.000066,0.018903
AATATCGAGGGTTCTC-1,0.020235,0.836419,0.000057,0.000171,0.026565,0.116553
AATATTGGAGTATTGA-1,0.000051,0.017587,0.000051,0.683285,0.016353,0.282673
AATCAGACTGCAGGAC-1,0.013595,0.137767,0.468899,0.168737,0.024894,0.186109
AATCAGGTTTCATTTA-1,0.000059,0.000118,0.000059,0.382783,0.054659,0.562321
AATCATGTAAAGACTC-1,0.087449,0.869824,0.019945,0.022632,0.00005,0.0001
AATCCAAGGGCCTGAG-1,0.000024,0.238736,0.000024,0.564095,0.075877,0.121244
AATCCATGCAAGGGTG-1,0.000066,0.000131,0.23419,0.337711,0.02389,0.404012
AATCCCGCTCAGAGCC-1,0.03313,0.111811,0.315901,0.132443,0.000027,0.406688
AATCGAGGTCTCAAGG-1,0.19298,0.023345,0.283248,0.339301,0.153889,0.007236
AATCGCCTCAGCGCCA-1,0.123862,0.611745,0.059057,0.000245,0.117573,0.087518
AATCGCGCAGAGGACT-1,0.079715,0.886173,0.023313,0.00016,0.000053,0.010586
AATCGGGACACTACGA-1,0.13735,0.011987,0.034242,0.739468,0.000031,0.076922
AATCGGTATAGCCCTC-1,0.099453,0.900236,0.000045,0.000134,0.000045,0.000089
AATCGTGAGCCGAGCA-1,0.011088,0.867287,0.010331,0.013204,0.000145,0.097944
AATCTAGGTTTACTTG-1,0.000043,0.000086,0.000043,0.814353,0.000043,0.185431
AATCTATGCCGGAGCC-1,0.51038,0.292448,0.013068,0.000216,0.183744,0.000144
AATCTCTACTGTGGTT-1,0.000032,0.000065,0.017705,0.890702,0.080918,0.010578
AATCTGCGTTGGGACG-1,0.001542,0.971204,0.000077,0.000232,0.02679,0.000154
AATCTGGCTTTCTAGT-1,0.000036,0.000072,0.000036,0.838945,0.000036,0.160874
AATCTGGGTAGACCCT-1,0.34874,0.621805,0.029287,0.000084,0.000028,0.000056
AATGACAGCAATGTCT-1,0.000051,0.000102,0.000051,0.429812,0.073367,0.496617
AATGACGTAGGATGTC-1,0.109448,0.78905,0.000048,0.000143,0.095499,0.005812
AATGACTGTCAGCCGG-1,0.000046,0.123967,0.036527,0.22581,0.220194,0.393456
AATGAGTTCGCATATG-1,0.046212,0.014102,0.000047,0.680511,0.002546,0.256582
AATGATGATACGCTAT-1,0.09318,0.716335,0.000047,0.000141,0.190204,0.000094
AATGATGCGACTCCTG-1,0.002017,0.863261,0.040148,0.00025,0.000083,0.094241
AATGCAACCGGGTACC-1,0.000035,0.084224,0.010001,0.25775,0.041075,0.606916
AATGCACCAAGCAATG-1,0.119936,0.826789,0.039473,0.000241,0.00008,0.01348
AATGGTCCACCGTTCA-1,0.000027,0.000054,0.02133,0.902417,0.029591,0.046581
AATGGTTCTCACAAGC-1,0.000048,0.049861,0.017133,0.257852,0.011696,0.66341
AATGTATGGCACTGTA-1,0.000073,0.040304,0.095068,0.69812,0.000073,0.166362
AATGTGCCCGAGGTGT-1,0.000056,0.041918,0.004909,0.641808,0.000056,0.311254
AATGTGCTAATCTGAG-1,0.000069,0.017929,0.025684,0.000715,0.000069,0.955534
AATGTTAAGACCCTGA-1,0.160253,0.360354,0.235885,0.213681,0.01251,0.017317
AATGTTGTCGTGAGAC-1,0.904767,0.095005,0.000033,0.000098,0.000033,0.000065
AATTAAAGGTCGGCGT-1,0.000023,0.022282,0.000023,0.616064,0.027096,0.334512
AATTAACGGATTTCCA-1,0.000049,0.151168,0.008548,0.250222,0.028131,0.561882
AATTACGAGACCCATC-1,0.000056,0.000112,0.015446,0.769522,0.01723,0.197634
AATTACTCGTACGCTC-1,0.014676,0.000116,0.146992,0.792129,0.011593,0.034494
AATTAGCGCTGCAGCG-1,0.000041,0.060615,0.006358,0.422081,0.000634,0.510271
AATTATACCCAGCAAG-1,0.380658,0.593619,0.005794,0.002981,0.00396,0.012988
AATTCATAAGGGATCT-1,0.000076,0.91603,0.000076,0.000228,0.000076,0.083513
AATTCATTGTCATGCA-1,0.000064,0.028519,0.048189,0.587945,0.000064,0.335219
AATTCCAACTTGGTGA-1,0.000021,0.000042,0.309799,0.488878,0.000021,0.201239
AATTCCAAGCATGTAC-1,0.00004,0.144813,0.00004,0.54862,0.066212,0.240275
AATTCGATTCGAGGAT-1,0.003287,0.122242,0.000032,0.732267,0.140601,0.001571
AATTCTAGAGTTAGGC-1,0.000036,0.088541,0.000036,0.35267,0.466357,0.092358
AATTGAACGCTCTGGT-1,0.000029,0.963204,0.000029,0.02008,0.016598,0.000059
AATTGCAGCAATCGAC-1,0.107211,0.842672,0.021648,0.000184,0.000061,0.028223
AATTGCGTGGATTACA-1,0.000044,0.000088,0.047773,0.887063,0.000196,0.064836
AATTTGGGACATAGTA-1,0.052018,0.761009,0.085447,0.101185,0.000114,0.000228
AATTTGGTTCCAAAGA-1,0.000049,0.527906,0.000049,0.000146,0.466615,0.005236
ACAAACCATGCGTCCT-1,0.000037,0.000075,0.036858,0.374201,0.047179,0.541651
ACAAACCGACAAGGCG-1,0.284969,0.383085,0.122089,0.000071,0.209739,0.000047
ACAAACTCCATCAGAG-1,0.002798,0.031065,0.172867,0.678192,0.000934,0.114143
ACAAAGAAGGTAGGCC-1,0.000048,0.000097,0.014658,0.255662,0.199876,0.529659
ACAAAGCATGACCTAG-1,0.224977,0.656203,0.000834,0.040973,0.000029,0.076984
ACAAATCGCACCGAAT-1,0.162364,0.521136,0.000047,0.000142,0.316215,0.000095
ACAAATGGTAGTGTTT-1,0.0449,0.838362,0.017926,0.000215,0.042961,0.055635
ACAAATTCAGATCTGA-1,0.201734,0.601028,0.194276,0.0003,0.0001,0.002562
ACAACAGCATGAGCTA-1,0.024614,0.611088,0.000074,0.11993,0.136398,0.107896
ACAACGGTCCCTGCGA-1,0.000034,0.144208,0.001158,0.443429,0.000034,0.411137
ACAAGCAGTGCCTAGC-1,0.000095,0.000189,0.089539,0.764038,0.000095,0.146045
ACAAGCTATATGGAAG-1,0.031008,0.000133,0.000066,0.000199,0.624636,0.343958
ACAAGGAAATCCGCCC-1,0.000044,0.803308,0.000044,0.005277,0.055379,0.135947
ACAAGGACAAGAGGTT-1,0.012278,0.005439,0.007762,0.390227,0.000038,0.584256
ACAAGGATGCTTTAGG-1,0.145887,0.588947,0.00004,0.224239,0.027197,0.01369
ACAAGGCCTACCAGCC-1,0.059351,0.765034,0.11195,0.063533,0.000044,0.000088
ACAAGGGCAGGCTCTG-1,0.000041,0.79442,0.000041,0.000124,0.190963,0.01441
ACAAGTAATTGTAAGG-1,0.000018,0.000036,0.140676,0.844947,0.000018,0.014304
ACAATAGTCGTACGTT-1,0.000064,0.000128,0.086989,0.147005,0.1628,0.603015
ACAATCCATTTAAACC-1,0.037382,0.062844,0.003921,0.469554,0.047851,0.378449
ACAATCGATCTTTATA-1,0.246562,0.005805,0.400361,0.181906,0.16529,0.000076
ACAATGAATACGGAGA-1,0.001006,0.059217,0.041406,0.206662,0.034493,0.657217
ACAATGATTCTTCTAC-1,0.32836,0.517843,0.116706,0.036933,0.000053,0.000106
ACAATTGTGTCTCTTT-1,0.191304,0.494966,0.000052,0.234212,0.056429,0.023038
ACAATTTAGGAGGCTC-1,0.000036,0.000073,0.000036,0.734157,0.101263,0.164435
ACAATTTGAGCAGTGG-1,0.274198,0.618874,0.000072,0.000215,0.025202,0.08144
ACACAAAGACGGGTGG-1,0.00002,0.081078,0.00002,0.595583,0.273615,0.049683
ACACACCAGGACCAGT-1,0.00007,0.859385,0.012168,0.00021,0.00007,0.128098
ACACACTTTCTACACG-1,0.000102,0.544862,0.010285,0.050878,0.000102,0.393772
ACACATGATCAAATCT-1,0.000038,0.000076,0.049493,0.457464,0.022507,0.470422
ACACATTGACGCAACA-1,0.000051,0.000102,0.109082,0.63144,0.032844,0.226482
ACACATTTCCGTAGAC-1,0.000075,0.083019,0.081978,0.247322,0.000075,0.587532
ACACCACATAATTAGC-1,0.438038,0.538965,0.022725,0.000136,0.000045,0.000091
ACACCCAGCATGCAGC-1,0.000029,0.000057,0.01302,0.602887,0.036937,0.34707
ACACCCGAGAAATCCG-1,0.000028,0.053686,0.000028,0.569512,0.000028,0.376718
ACACCGAGCGCTCTTT-1,0.00005,0.000099,0.098303,0.739762,0.04131,0.120477
ACACCGGTCTGACCGC-1,0.00004,0.00008,0.021539,0.56027,0.047286,0.370786
ACACCTTAAGTAGGGC-1,0.04136,0.067968,0.000079,0.10794,0.139338,0.643314
ACACCTTACTACTTGC-1,0.036756,0.851832,0.110796,0.000308,0.000103,0.000205
ACACGAGACTCCTTCT-1,0.000068,0.771518,0.00829,0.01731,0.126345,0.076469
ACACGGCACTATGCAT-1,0.288864,0.213827,0.267485,0.111054,0.000138,0.118632
ACACGGGAACTTAGGG-1,0.031391,0.733896,0.000065,0.061564,0.007738,0.165346
ACACGTAGGCCACAAG-1,0.148153,0.535413,0.099334,0.216966,0.000044,0.00009
ACACTCCAATGTCACT-1,0.000067,0.000133,0.001152,0.512771,0.000067,0.485812
ACACTGATCAAGGTGT-1,0.000023,0.037391,0.000023,0.682579,0.005152,0.274832
ACACTGGGACAGTCGT-1,0.2709,0.682138,0.046618,0.000172,0.000057,0.000115
ACAGAACTGAGAACAA-1,0.000063,0.000127,0.037612,0.259228,0.04015,0.66282
ACAGATTAGGTTAGTG-1,0.038782,0.012277,0.140012,0.67399,0.000055,0.134883
ACAGCATAGAGCCAGT-1,0.000031,0.068973,0.008616,0.838122,0.003499,0.080759
ACAGCGACATTCTCAT-1,0.104305,0.818192,0.076975,0.000264,0.000088,0.000176
ACAGCGCACCCGCAGC-1,0.056461,0.866387,0.00994,0.015396,0.005572,0.046243
ACAGGAGGCGCAGCCG-1,0.050409,0.006646,0.125793,0.365659,0.206384,0.245109
ACAGGCACGGATCCTT-1,0.220837,0.684556,0.094126,0.000241,0.00008,0.00016
ACAGGCTTGCCCGACT-1,0.000037,0.931349,0.000037,0.000111,0.000037,0.068428
ACAGGTGGAGGTGAGG-1,0.000027,0.050291,0.003563,0.379189,0.000473,0.566457
ACAGGTGTGTTGTTGC-1,0.080021,0.014936,0.000055,0.108921,0.346252,0.449816
ACAGTAATACAACTTG-1,0.000032,0.000064,0.009349,0.822452,0.029172,0.138932
ACAGTATACCGTGGGA-1,0.137408,0.637081,0.054899,0.081605,0.000045,0.088962
ACAGTGCAGCGCATTT-1,0.227508,0.654241,0.056917,0.009098,0.044603,0.007634
ACATAAGTCGTGGTGA-1,0.000025,0.000049,0.000025,0.77288,0.013675,0.213347
ACATAATAAGGCGGTG-1,0.000045,0.284234,0.000047,0.289952,0.057918,0.367805
ACATACAATCAAGCGG-1,0.524529,0.475309,0.000023,0.00007,0.000023,0.000046
ACATCAGCTGGGACGC-1,0.00004,0.00008,0.027314,0.493489,0.097755,0.381322
ACATCCCGGCCATACG-1,0.076634,0.116436,0.000114,0.15025,0.000114,0.656453
ACATCCTGGTAACTGT-1,0.035159,0.745512,0.08983,0.000206,0.129155,0.000137
ACATCGATCGTTTACC-1,0.00006,0.07677,0.049078,0.177044,0.207643,0.489405
ACATCGCAATATTCGG-1,0.000042,0.000084,0.312568,0.089061,0.000042,0.598203
ACATCGGTCAGCCGCG-1,0.011368,0.040689,0.000026,0.60563,0.076349,0.265938
ACATCGTATGCAATGG-1,0.028011,0.655234,0.000099,0.256197,0.038725,0.021735
ACATCGTTAACCTAGT-1,0.36421,0.410012,0.04845,0.017141,0.009691,0.150496
ACATCTCAACGCGTAA-1,0.284303,0.555517,0.041354,0.118773,0.000018,0.000036
ACATGCTTACGGCAGC-1,0.000036,0.000071,0.248251,0.61565,0.119487,0.016505
ACATGGCGCCAAAGTA-1,0.00005,0.9996,0.00005,0.00015,0.00005,0.0001
ACATGGCTCAATTTAG-1,0.00009,0.000181,0.191091,0.281868,0.055711,0.471058
ACATTAGTTTATATCC-1,0.000059,0.115813,0.000059,0.219039,0.097034,0.567995
ACATTCGCGCGGAATA-1,0.000028,0.047042,0.165272,0.377105,0.050889,0.359664
ACATTTGAAACCTAAC-1,0.300164,0.642782,0.056801,0.000126,0.000042,0.000084
ACCAAACACCCAGCGA-1,0.120464,0.565473,0.059628,0.237458,0.007888,0.009089
ACCAAACTAGAAATCC-1,0.099677,0.184143,0.464704,0.134336,0.01016,0.106981
ACCAACACCACACACT-1,0.556398,0.248297,0.038376,0.129141,0.000031,0.027757
ACCAACCGCACTCCAC-1,0.29031,0.557828,0.003639,0.000226,0.147945,0.000052
ACCAACGCTTATTTAT-1,0.017678,0.083243,0.005481,0.347014,0.012096,0.534487
ACCAAGAACGCGTGTC-1,0.000059,0.076872,0.030549,0.033934,0.045423,0.813163
ACCAAGTCATCGGCAG-1,0.294203,0.694123,0.011432,0.000121,0.00004,0.000081
ACCAATATGCAAGTTA-1,0.000055,0.78868,0.000055,0.000164,0.119928,0.091118
ACCACAACTCAGAACA-1,0.07662,0.289345,0.053595,0.580398,0.000014,0.000028
ACCACAAGTTTCTATC-1,0.000021,0.106882,0.000021,0.762438,0.013627,0.117012
ACCACACGGTTGATGG-1,0.016219,0.529356,0.188699,0.028487,0.080711,0.156528
ACCACCAATGTAACAA-1,0.207127,0.737672,0.013566,0.021723,0.000069,0.019843
ACCACGTGCAGCTATA-1,0.000052,0.86105,0.000052,0.076802,0.01591,0.046134
ACCACTGTTCAAGAAG-1,0.020922,0.004999,0.01002,0.794935,0.000045,0.169079
ACCAGACCATAACAAC-1,0.001491,0.000108,0.000054,0.314022,0.230989,0.453336
ACCAGCCCGGTCTTTG-1,0.290001,0.369362,0.229896,0.079787,0.000432,0.030523
ACCAGGAGTGTGATCT-1,0.000027,0.014998,0.221949,0.75596,0.005886,0.001179
ACCAGTGCCCGGTCAA-1,0.519156,0.441394,0.000091,0.039231,0.000042,0.000085
ACCAGTGCGGGAGACG-1,0.012855,0.80972,0.01224,0.001444,0.010594,0.153147
ACCATATCCGCAATAA-1,0.000024,0.073064,0.000024,0.514734,0.058669,0.353487
ACCATCCGCCAACTAG-1,0.000038,0.000076,0.007017,0.693622,0.011937,0.287309
ACCATCGTATATGGTA-1,0.000034,0.012332,0.000034,0.444984,0.000034,0.542581
ACCATTAAGGGTGTCA-1,0.00012,0.00024,0.180455,0.471903,0.00012,0.347163
ACCCAACGCCCGTGGC-1,0.000041,0.689645,0.012564,0.124531,0.054263,0.118956
ACCCACCTACATGCTC-1,0.00007,0.126839,0.092606,0.175376,0.00007,0.605039
ACCCATCTTGAGGGTA-1,0.00005,0.028859,0.040625,0.37392,0.066355,0.490191
ACCCATTTGTCCCTCT-1,0.17451,0.614668,0.045112,0.135464,0.000054,0.030193
ACCCGAGCGAAATTAC-1,0.000045,0.028636,0.000045,0.154402,0.000045,0.816826
ACCCGATTGGTTCCGA-1,0.109427,0.035839,0.044235,0.131493,0.102493,0.576513
ACCCGGAAACTCCCAG-1,0.000062,0.070956,0.063158,0.134468,0.000062,0.731293
ACCCGGATGACGCATC-1,0.000066,0.95147,0.000066,0.000197,0.000066,0.048137
ACCCGGTTACACTTCC-1,0.061846,0.074623,0.000034,0.586119,0.125459,0.151919
ACCCGTAGCAGAGAAT-1,0.01553,0.016744,0.136334,0.779065,0.001822,0.050504
ACCCGTAGTCTAGTTG-1,0.233222,0.678428,0.000024,0.012335,0.006292,0.069699
ACCCGTGTCATCAGTA-1,0.000054,0.183815,0.020459,0.116609,0.002802,0.676261
ACCCTATAGGACTGAG-1,0.000113,0.184999,0.107385,0.022442,0.000113,0.684948
ACCCTATGCCATATCG-1,0.000054,0.060565,0.045887,0.347282,0.000054,0.546157
ACCCTCCCGTCAGGGC-1,0.578269,0.38212,0.03934,0.000136,0.000045,0.00009
ACCCTCCCTTGCTATT-1,0.208039,0.516214,0.000083,0.201749,0.073246,0.00067
ACCCTGGTAACGCCCT-1,0.255033,0.710061,0.03471,0.000098,0.000033,0.000065
ACCCTTCATCTGCGAA-1,0.119227,0.110871,0.02265,0.25086,0.416087,0.080305
ACCCTTTAGTTCTCCA-1,0.458004,0.289315,0.102721,0.043473,0.106414,0.000074
ACCGAAAGGGCCCTGC-1,0.00918,0.065074,0.000079,0.924237,0.000013,0.001418
ACCGAAGAGTCTGGTT-1,0.000054,0.000108,0.022957,0.584112,0.000054,0.392714
ACCGACACATCTCCCA-1,0.000031,0.064812,0.000068,0.646714,0.017065,0.271309
ACCGACTGAGTCCCAC-1,0.020998,0.619089,0.000054,0.038421,0.062029,0.259409
ACCGAGTCTCCTTATT-1,0.009836,0.676886,0.162218,0.036015,0.105257,0.009789
ACCGATGGTAGCATCG-1,0.337032,0.34261,0.000043,0.000129,0.320101,0.000086
ACCGCAATAACTGCCT-1,0.000044,0.842152,0.000044,0.000131,0.038454,0.119175
ACCGCGGTGGAAGTCG-1,0.139836,0.815161,0.000053,0.044792,0.000053,0.000106
ACCGCTAGTCATTGGT-1,0.00135,0.198974,0.237782,0.046855,0.001302,0.513737
ACCGGGCCTTTGTTGA-1,0.205366,0.586999,0.000032,0.088399,0.119141,0.000064
ACCGGTCAGGTACACC-1,0.000027,0.000053,0.000027,0.774111,0.000027,0.225756
ACCGGTCTGAGTACGG-1,0.500403,0.173233,0.102561,0.00015,0.223552,0.0001
ACCGTCCACTGGGCCC-1,0.000042,0.000084,0.088078,0.781001,0.000042,0.130752
ACCGTGACCACGTGGG-1,0.000041,0.068269,0.000041,0.154561,0.00005,0.777038
ACCGTTCCCGCTCTGA-1,0.039257,0.230165,0.057562,0.672963,0.000018,0.000035
ACCTAAGTACCTTTCA-1,0.000058,0.000116,0.035471,0.327392,0.039732,0.59723
ACCTAATCGACTTCCT-1,0.000048,0.01796,0.086598,0.418636,0.153794,0.322965
ACCTACAGTATGTGGT-1,0.340946,0.577437,0.000067,0.0002,0.081217,0.000134
ACCTACTATAAATCTA-1,0.000023,0.057314,0.000023,0.698067,0.016005,0.228567
ACCTCAGCGAGGCGCA-1,0.172258,0.817795,0.009835,0.000056,0.000019,0.000037
ACCTCCGCCCTCGCTG-1,0.200359,0.701554,0.000064,0.000192,0.097702,0.000128
ACCTCCGTTATTCACC-1,0.39927,0.291122,0.000035,0.000106,0.309395,0.000071
ACCTCGAACTTATGCT-1,0.000069,0.000137,0.141326,0.440936,0.000069,0.417464
ACCTGCGTGTCATGTT-1,0.000041,0.000082,0.000041,0.767192,0.000041,0.232603
ACCTTTCCTTTAGAAG-1,0.000047,0.159647,0.598212,0.160582,0.000047,0.081464
ACGAAATGGGCGGCAC-1,0.000041,0.042242,0.004078,0.644217,0.000041,0.30938
ACGACTCTAGGGCCGA-1,0.224229,0.505498,0.104203,0.016645,0.000612,0.148812
ACGACTGGTCATACTC-1,0.000033,0.079089,0.000033,0.230804,0.003578,0.686463
ACGAGAACCCATCACG-1,0.000039,0.000078,0.226805,0.463333,0.000039,0.309706
ACGAGATATTTGCTTA-1,0.139816,0.647299,0.18182,0.000188,0.017878,0.013
ACGAGGATACCACTCT-1,0.000046,0.000091,0.005905,0.869464,0.000046,0.124448
ACGAGGTTTACAACGT-1,0.000029,0.000058,0.003723,0.674644,0.000029,0.321517
ACGAGTACGGATGCCC-1,0.143895,0.840629,0.000067,0.000202,0.015071,0.000135
ACGAGTCGCCGGCGTT-1,0.000017,0.000033,0.159151,0.837783,0.000017,0.002999
ACGATACATAGAACTA-1,0.000037,0.706051,0.000037,0.163852,0.107301,0.022723
ACGATACCTATCCTGA-1,0.014894,0.00434,0.00005,0.503338,0.213933,0.263446
ACGATCATACATAGAG-1,0.00005,0.592031,0.00005,0.03093,0.146319,0.230621
ACGATCATCTTGTAAA-1,0.156391,0.688769,0.000056,0.010661,0.14401,0.000112
ACGATGCATATGTTAT-1,0.000019,0.000037,0.000019,0.804692,0.006791,0.188443
ACGATGGATCCGATGC-1,0.135803,0.457212,0.010921,0.000161,0.395789,0.000114
ACGCAAACTAATAGAT-1,0.000022,0.047641,0.000022,0.599411,0.000022,0.352883
ACGCAATCACTACAGC-1,0.174758,0.737628,0.087094,0.00026,0.000087,0.000173
ACGCATAAATGACATG-1,0.256788,0.609124,0.124745,0.000135,0.009119,0.00009
ACGCATACGTTTACTA-1,0.24853,0.727777,0.000056,0.004055,0.004634,0.014949
ACGCATTCGTGAGTAC-1,0.00003,0.037232,0.0001,0.797821,0.052093,0.112723
ACGCCACTCGAAACAG-1,0.048842,0.16783,0.249682,0.197792,0.288365,0.047489
ACGCCAGATGATTTCT-1,0.002648,0.524614,0.000047,0.447059,0.001521,0.02411
ACGCCAGTGCGTTTGC-1,0.259346,0.624948,0.115398,0.000154,0.000051,0.000103
ACGCCCAGCTGTCGAT-1,0.1817,0.355168,0.302757,0.063914,0.083348,0.013114
ACGCCGCTAGACGACC-1,0.019995,0.580508,0.000035,0.269738,0.071216,0.058508
ACGCGAAGTCAGACGA-1,0.00035,0.125548,0.029145,0.380414,0.358784,0.105758
ACGCGCTACACAGGGT-1,0.000025,0.017226,0.001629,0.743743,0.149329,0.088047
ACGCGGGCCAAGGACA-1,0.000022,0.029883,0.000022,0.738815,0.037416,0.193842
ACGCGTTTCTTAAGAG-1,0.000031,0.000062,0.000031,0.8876,0.000031,0.112245
ACGCTAGTGATACACT-1,0.08026,0.774375,0.077062,0.000246,0.000082,0.067975
ACGCTGTGAGGCGTAG-1,0.000024,0.000049,0.000024,0.876523,0.006583,0.116797
ACGCTTAGTGTCTCTC-1,0.230467,0.13839,0.061384,0.568678,0.000017,0.001064
ACGGAACACGAGTGCC-1,0.095457,0.90439,0.000022,0.000066,0.000022,0.000044
ACGGAATTTAGCAAAT-1,0.00004,0.17152,0.044146,0.320313,0.02105,0.442931
ACGGACGCAGCGACAA-1,0.000025,0.000051,0.042662,0.918427,0.000025,0.03881
ACGGACTCTCAAAGCG-1,0.129185,0.313155,0.046142,0.000143,0.47924,0.032136
ACGGAGCGCAAATTAC-1,0.201438,0.531567,0.012812,0.217711,0.008025,0.028446
ACGGATGGTGCGGATA-1,0.080338,0.552101,0.000053,0.000158,0.367245,0.000105
ACGGCACTTGCTTGGG-1,0.000032,0.085999,0.000032,0.757366,0.036354,0.120217
ACGGCCAACATGGACT-1,0.000038,0.035139,0.000038,0.379877,0.01963,0.565278
ACGGCGACGATGGGAA-1,0.000052,0.744563,0.000052,0.000155,0.172814,0.082364
ACGGCGGGTTGCCCTG-1,0.00005,0.000101,0.489412,0.315812,0.00005,0.194574
ACGGCTGGATGTAGAA-1,0.000036,0.000253,0.067661,0.39812,0.079403,0.454527
ACGGGAGTGTCGGCCC-1,0.000055,0.00011,0.065559,0.246976,0.14109,0.54621
ACGGGCGTATGCGACA-1,0.276156,0.539801,0.109604,0.06976,0.000033,0.004647
ACGGGTCATGTGACTT-1,0.000026,0.000052,0.000026,0.999818,0.000026,0.000052
ACGGGTTGTGACCTGT-1,0.00008,0.024351,0.127077,0.000241,0.043013,0.805238
ACGGTACAGTTCAATG-1,0.104626,0.812516,0.078912,0.000105,0.000035,0.003805
ACGGTCACCGAGAACA-1,0.000044,0.000088,0.088779,0.552814,0.036735,0.321539
ACGTACAGATTTCTCT-1,0.013879,0.507006,0.105276,0.03357,0.000842,0.339428
ACGTACTTTGGCACGG-1,0.010281,0.000064,0.035856,0.508638,0.000032,0.445129
ACGTAGATTGCTGATG-1,0.000079,0.445236,0.000079,0.065625,0.000079,0.488902
ACGTAGGAGAGTCGCT-1,0.000045,0.11479,0.064812,0.417912,0.000544,0.401898
ACGTATTACTCCGATC-1,0.000058,0.933721,0.000058,0.000173,0.054394,0.011596
ACGTCCTAAACGAGAT-1,0.152148,0.000047,0.206723,0.641013,0.000023,0.000047
ACGTCGGGCAACTCGG-1,0.001534,0.000101,0.053889,0.049324,0.45528,0.439872
ACGTCTCGTTCCGGGA-1,0.00004,0.000502,0.00004,0.624618,0.087898,0.286902
ACGTGACAAAGTAAGT-1,0.000043,0.000085,0.082044,0.379658,0.159934,0.378236
ACGTGCGCCTCGTGCA-1,0.056156,0.237258,0.047259,0.134183,0.25251,0.272634
ACGTGGTCGAATGTGC-1,0.065686,0.388306,0.243012,0.298593,0.004341,0.000062
ACGTTAATGTCGAAGA-1,0.000042,0.252487,0.000042,0.463264,0.020333,0.263831
ACGTTAGATTTGCCCG-1,0.000053,0.247518,0.035719,0.045922,0.000053,0.670734
ACGTTATTGGTCACTC-1,0.000082,0.017005,0.025502,0.445692,0.000082,0.511638
ACGTTCACTATGCCGC-1,0.055412,0.081344,0.091147,0.206528,0.000041,0.565528
ACGTTCCGCGCTCCGT-1,0.001042,0.053753,0.089425,0.854885,0.000022,0.000874
ACGTTCGCAATCAATT-1,0.096278,0.808293,0.095105,0.000162,0.000054,0.000108
ACGTTCGTTCAGGAAA-1,0.000043,0.055744,0.001498,0.334098,0.002907,0.60571
ACGTTCTGTACAAGTC-1,0.013316,0.908861,0.000044,0.023749,0.049462,0.004568
ACGTTGTCGTTGAAAG-1,0.000042,0.000084,0.183417,0.193809,0.004362,0.618285
ACGTTTAGTTGTGATC-1,0.000091,0.621762,0.000091,0.077976,0.081149,0.218932
ACTAATACGTCAGGCG-1,0.028288,0.9316,0.03977,0.000171,0.000057,0.000114
ACTACAAAGAGAGGTG-1,0.000041,0.103068,0.045702,0.208478,0.141837,0.500874
ACTACATCCCGACAAG-1,0.000025,0.00005,0.028338,0.628565,0.202427,0.140595
ACTACCAGCTCTCTGG-1,0.052632,0.037862,0.013602,0.39521,0.006189,0.494504
ACTACCATCCGAGGGC-1,0.000032,0.000063,0.166732,0.501279,0.000032,0.331863
ACTACGCGTTAGAATT-1,0.000026,0.117772,0.000026,0.349632,0.452196,0.080348
ACTAGTTGCGATCGTC-1,0.000107,0.989131,0.000107,0.00032,0.000107,0.010229
ACTATATGCTGTGTTC-1,0.332578,0.481748,0.04728,0.016634,0.028388,0.093372
ACTATCCAGGGCATGG-1,0.060408,0.890886,0.000051,0.000154,0.048398,0.000103
ACTATCGCCGGCTAAA-1,0.000079,0.000157,0.002742,0.094634,0.621368,0.28102
ACTATCTGCCCGCGTA-1,0.678409,0.19346,0.000035,0.042964,0.073327,0.011805
ACTATGTCCAGCTGCC-1,0.000042,0.000084,0.017547,0.480785,0.061349,0.440193
ACTATTCGTCCGTGGT-1,0.000121,0.669819,0.000121,0.000364,0.000151,0.329424
ACTATTTCCGGGCCCA-1,0.019908,0.064678,0.012075,0.228767,0.158539,0.516033
ACTCAACGAATGTATT-1,0.000037,0.030274,0.345708,0.436389,0.000037,0.187555
ACTCAAGTGCAAGGCT-1,0.105202,0.772101,0.000044,0.069244,0.000044,0.053366
ACTCAATAAAGGCACG-1,0.018882,0.579834,0.000043,0.225952,0.116553,0.058736
ACTCAGACCTGCTTCT-1,0.000035,0.008122,0.16178,0.755189,0.000035,0.074838
ACTCATGGCAGCCTTC-1,0.000058,0.000116,0.147341,0.504343,0.000058,0.348084
ACTCCAATATCATCAT-1,0.000027,0.000053,0.00286,0.755617,0.000027,0.241417
ACTCCCATTCCTAAAG-1,0.000047,0.000093,0.000047,0.709294,0.027865,0.262654
ACTCCCGAATTCGTTT-1,0.273058,0.500269,0.000062,0.000187,0.226299,0.000125
ACTCCCTAATGCTAAA-1,0.013632,0.21612,0.026097,0.352622,0.007965,0.383563
ACTCCCTAGAATAGTA-1,0.000053,0.447938,0.000053,0.087507,0.012353,0.452096
ACTCCGGCCGACCACT-1,0.691573,0.27078,0.000039,0.000117,0.000039,0.037451
ACTCGATGTATTTCAT-1,0.00004,0.00008,0.00004,0.99422,0.00004,0.00558
ACTCGCCGTTCGATAA-1,0.201471,0.78951,0.008832,0.000093,0.000031,0.000062
ACTCGTAACCCGTCCT-1,0.000057,0.000115,0.00248,0.416214,0.168692,0.412441
ACTCGTCAGTAATCCC-1,0.000038,0.826483,0.000038,0.135046,0.001031,0.037363
ACTCTAAACCTGGGAT-1,0.000076,0.020221,0.001008,0.000228,0.339752,0.638716
ACTCTCTGACTTAGGT-1,0.00019,0.564484,0.00019,0.327636,0.047351,0.06015
ACTCTCTTATACACGA-1,0.534161,0.382408,0.057034,0.000115,0.026205,0.000077
ACTCTGACCTAATAGA-1,0.274635,0.61813,0.092644,0.000142,0.000047,0.014402
ACTCTTGTATAGTAAC-1,0.036366,0.592748,0.000083,0.026512,0.199698,0.144593
ACTGAAACGCCGTTAG-1,0.002821,0.825112,0.043794,0.000194,0.000065,0.128015
ACTGAATGGCGAAAGT-1,0.109326,0.524587,0.000061,0.090362,0.086528,0.189136
ACTGATTTAGTGATTC-1,0.304575,0.296552,0.207219,0.027736,0.163835,0.000083
ACTGCCCGCCATTCTC-1,0.00002,0.000039,0.035653,0.950553,0.00002,0.013715
ACTGCCGTCGTAACTC-1,0.00005,0.569419,0.00005,0.128344,0.242097,0.06004
ACTGCGGACACACCGT-1,0.248895,0.622976,0.004117,0.12393,0.000027,0.000054
ACTGCTCGGAAGGATG-1,0.000037,0.000075,0.000037,0.662803,0.004459,0.33259
ACTGGGATGCCAGTGC-1,0.000015,0.000031,0.001896,0.970624,0.000015,0.027419
ACTGTACGATACACAT-1,0.000036,0.748991,0.000036,0.127729,0.102195,0.021012
ACTGTAGCACTTTGGA-1,0.000029,0.016126,0.000029,0.650554,0.000029,0.333233
ACTGTATACGCGAGCA-1,0.000048,0.185448,0.090312,0.372777,0.000048,0.351368
ACTGTCCAGGATTATA-1,0.000051,0.067455,0.000051,0.237881,0.315613,0.37895
ACTGTCTTCTTTAGAA-1,0.000062,0.394187,0.000062,0.01235,0.132352,0.460988
ACTGTGCTAGTAGATC-1,0.000023,0.000046,0.000023,0.936072,0.00006,0.063776
ACTGTTTAGTGTAGGC-1,0.000035,0.07892,0.239617,0.681325,0.000035,0.000069
ACTTACCGGGCGCGCA-1,0.000087,0.830844,0.168548,0.00026,0.000087,0.000174
ACTTACGCATCCACGC-1,0.002363,0.761678,0.000047,0.067898,0.058848,0.109166
ACTTAGTACGACAAGA-1,0.000052,0.084061,0.010793,0.378265,0.000052,0.526778
