Barcode,Topic 1,Topic 2,Topic 3to4,Topic 5,Topic 6,Topic 7,Topic 8,Topic 9,Topic 10,Topic 11
AAACAAGTATCTCCCA-1,0.082599,0.016184,0.000071,0.523898,0.084834,0.050817,0.010401,0.22098,0.01018,0.000036
AAACAATCTACTAGCA-1,0.000417,0.000029,0.007443,0.000029,0.007454,0.025542,0.907551,0.000029,0.024184,0.027322
AAACACCAATAACTGC-1,0.000032,0.000032,0.000063,0.000032,0.000032,0.000032,0.000032,0.584978,0.414737,0.000032
AAACAGAGCGACTCCT-1,0.001095,0.007029,0.063227,0.009994,0.456488,0.228165,0.225908,0.008036,0.000029,0.000029
AAACAGCTTTCAGAAG-1,0.189051,0.048701,0.177004,0.131925,0.18487,0.084071,0.137988,0.000023,0.000024,0.046342
AAACAGGGTCTATATT-1,0.054837,0.000824,0.022001,0.321213,0.01119,0.120226,0.014757,0.259899,0.091659,0.103393
AAACAGTGTTCCTGGG-1,0.00002,0.00002,0.00004,0.148121,0.00002,0.00002,0.00002,0.605865,0.106588,0.139286
AAACATTTCCCGGATT-1,0.000057,0.000057,0.000114,0.000057,0.000057,0.000057,0.000057,0.510633,0.488854,0.000057
AAACCACTACACAGAT-1,0.000055,0.000055,0.00011,0.382581,0.232778,0.339267,0.000055,0.014111,0.030933,0.000055
AAACCCGAACGAAATC-1,0.15412,0.003505,0.163962,0.00774,0.055552,0.000009,0.002396,0.007023,0.008644,0.597048
AAACCGGAAATGTTAA-1,0.291935,0.048902,0.003885,0.102868,0.047781,0.060567,0.045094,0.070103,0.218382,0.110482
AAACCGGGTAGGTACC-1,0.35484,0.000029,0.088281,0.032776,0.457551,0.000029,0.038347,0.000029,0.00156,0.026558
AAACCGTTCGTCCAGG-1,0.000056,0.000056,0.000111,0.083137,0.220109,0.000056,0.000056,0.454094,0.24227,0.000056
AAACCTAAGCAGCCGG-1,0.000008,0.000008,0.003753,0.00496,0.000008,0.047209,0.000008,0.943987,0.000008,0.00005
AAACCTCATGAAGTTG-1,0.125856,0.003081,0.06957,0.042641,0.54905,0.009964,0.159205,0.010841,0.029762,0.000029
AAACGAAGAACATACC-1,0.024165,0.002832,0.260022,0.019269,0.018162,0.167349,0.508147,0.000018,0.000018,0.000018
AAACGAAGATGGAGTA-1,0.04318,0.033968,0.094767,0.057193,0.131853,0.012582,0.126927,0.380966,0.101376,0.017187
AAACGACAGTCTTGCC-1,0.021088,0.07255,0.241465,0.101576,0.05396,0.148238,0.28458,0.021365,0.000024,0.055154
AAACGAGACGGTTGAT-1,0.072625,0.013947,0.202099,0.141547,0.395334,0.019727,0.003744,0.036119,0.016101,0.098757
AAACGCCCGAGATCGG-1,0.000049,0.000049,0.000098,0.400237,0.000049,0.509784,0.000049,0.000049,0.000049,0.089588
AAACGCTGGGCACGAC-1,0.000058,0.000058,0.000116,0.000058,0.124216,0.000058,0.000058,0.768792,0.106529,0.000058
AAACGGGCGTACGGGT-1,0.054301,0.000016,0.004429,0.000016,0.004413,0.007182,0.038365,0.891247,0.000016,0.000016
AAACGGGTTGGTATCC-1,0.000064,0.000064,0.000128,0.358383,0.074251,0.449907,0.087227,0.029847,0.000064,0.000064
AAACGGTTGCGAACTG-1,0.000046,0.000046,0.000091,0.027179,0.08601,0.000046,0.000046,0.571344,0.315147,0.000046
AAACGTGTTCGCCCTA-1,0.071404,0.035334,0.649829,0.020356,0.047376,0.066153,0.095335,0.000015,0.000015,0.014182
AAACTAACGTGGCGAC-1,0.13428,0.026455,0.19106,0.048505,0.059576,0.234592,0.20775,0.018045,0.000015,0.079722
AAACTCGGTTCGCAAT-1,0.00003,0.00003,0.00006,0.087104,0.00003,0.10814,0.00003,0.804515,0.00003,0.00003
AAACTCGTGATATAAG-1,0.08608,0.09115,0.455865,0.000011,0.198815,0.026972,0.108809,0.032274,0.000011,0.000011
AAACTGCTGGCTCCAA-1,0.003315,0.025325,0.015311,0.392497,0.074488,0.050775,0.003326,0.4176,0.000032,0.017331
AAACTTAATTGCACGC-1,0.000023,0.000023,0.000047,0.000023,0.000023,0.000023,0.000023,0.521962,0.477827,0.000023
AAACTTGCAAACGTAT-1,0.31926,0.000025,0.015385,0.008641,0.437987,0.000025,0.024657,0.193971,0.000025,0.000025
AAAGAATGTGGACTAA-1,0.001554,0.000013,0.000025,0.072509,0.000013,0.030242,0.00017,0.744594,0.06217,0.08871
AAAGACATGAAGTTTA-1,0.04461,0.013205,0.269199,0.022217,0.019118,0.145157,0.415385,0.04689,0.000029,0.02419
AAAGACCCAAGTCGCG-1,0.011137,0.027365,0.484205,0.000019,0.000019,0.136274,0.340925,0.000019,0.000019,0.000019
AAAGACTGGGCGCTTT-1,0.16557,0.014349,0.291624,0.091802,0.068093,0.312473,0.026102,0.000016,0.000016,0.029956
AAAGCTTGCCTACATA-1,0.048164,0.155262,0.414531,0.022204,0.158138,0.099153,0.102523,0.000009,0.000009,0.000009
AAAGGCCCTATAATAC-1,0.116598,0.000018,0.009157,0.000018,0.014029,0.000018,0.001412,0.745235,0.097335,0.016179
AAAGGCTACGGACCAT-1,0.000024,0.000024,0.000047,0.103825,0.000024,0.030441,0.000024,0.859717,0.000024,0.005853
AAAGGCTCTCGCGCCG-1,0.216173,0.000024,0.021564,0.03246,0.020902,0.000024,0.000792,0.439994,0.13966,0.128408
AAAGGGATGTAGCAAG-1,0.000057,0.034949,0.12386,0.013147,0.473684,0.000057,0.000057,0.000057,0.000317,0.353815
AAAGGGCAGCTTGAAT-1,0.000028,0.020331,0.122886,0.001304,0.456912,0.189043,0.209412,0.000028,0.000028,0.000028
AAAGGTAAGCTGTACC-1,0.000053,0.000054,0.008103,0.000053,0.385706,0.080463,0.460349,0.021352,0.006447,0.037419
AAAGTAGCATTGCTCA-1,0.043178,0.000019,0.056039,0.002,0.093813,0.002778,0.076465,0.725668,0.000019,0.000019
AAAGTCACTGATGTAA-1,0.010488,0.037358,0.031065,0.000034,0.040952,0.616291,0.263711,0.000034,0.000034,0.000034
AAAGTCGACCCTCAGT-1,0.062836,0.005854,0.540517,0.13738,0.150123,0.031576,0.054947,0.000011,0.000011,0.016746
AAAGTGCCATCAATTA-1,0.063663,0.000019,0.000037,0.000019,0.000019,0.000019,0.000019,0.547619,0.201261,0.187328
AAAGTGTGATTTATCT-1,0.01914,0.192076,0.171206,0.128221,0.099777,0.011065,0.178673,0.015821,0.110357,0.073664
AAAGTTGACTCCCGTA-1,0.128735,0.015797,0.04311,0.262101,0.278136,0.12104,0.07449,0.07654,0.000026,0.000026
AAATAACCATACGGGA-1,0.009953,0.028285,0.439924,0.108771,0.00002,0.393493,0.003376,0.00002,0.00002,0.016138
AAATAAGGTAGTGCCC-1,0.113836,0.28443,0.066493,0.000013,0.339327,0.011952,0.177718,0.005081,0.001138,0.000013
AAATACCTATAAGCAT-1,0.000049,0.000049,0.000098,0.189726,0.023234,0.000049,0.000049,0.179245,0.57025,0.03725
AAATAGCTTAGACTTT-1,0.027468,0.19423,0.082939,0.477554,0.01049,0.161407,0.000148,0.000019,0.000907,0.044837
AAATAGGGTGCTATTG-1,0.027987,0.000043,0.000087,0.000068,0.212689,0.000043,0.028876,0.73012,0.000043,0.000043
AAATCCGATACACGCC-1,0.078922,0.000032,0.000064,0.000032,0.000032,0.000032,0.000032,0.451165,0.414773,0.054918
AAATCGCGGAAGGAGT-1,0.001102,0.075883,0.050018,0.075628,0.057378,0.034245,0.067109,0.462082,0.157245,0.019309
AAATCGTGTACCACAA-1,0.390242,0.000036,0.17547,0.159768,0.204134,0.000036,0.005153,0.000036,0.064523,0.000602
AAATCTAGCCCTGCTA-1,0.429111,0.000015,0.001655,0.000015,0.000015,0.000015,0.000015,0.261084,0.049623,0.258453
AAATGACTGATCAAAC-1,0.000057,0.000057,0.000115,0.000057,0.075602,0.000057,0.000057,0.923882,0.000057,0.000057
AAATGATTCGATCAGC-1,0.000024,0.042807,0.141392,0.005104,0.58913,0.072621,0.148851,0.000024,0.000024,0.000024
AAATGCTCGTTACGTT-1,0.002961,0.060445,0.241851,0.062259,0.000031,0.619741,0.01262,0.000031,0.000031,0.000031
AAATGGCATGTCTTGT-1,0.04483,0.07006,0.670564,0.00002,0.004978,0.00002,0.170613,0.00002,0.00002,0.038875
AAATGGCCCGTGCCCT-1,0.000026,0.000026,0.000053,0.462213,0.000026,0.051986,0.000026,0.411075,0.004737,0.069831
AAATGGTCAATGTGCC-1,0.14499,0.002342,0.368219,0.0503,0.289616,0.028095,0.08276,0.033634,0.000022,0.000022
AAATGTGGGTGCTCCT-1,0.000055,0.000055,0.00011,0.000055,0.301547,0.574106,0.123909,0.000055,0.000055,0.000055
AAATTAACGGGTAGCT-1,0.1238,0.107377,0.310166,0.087338,0.217396,0.061446,0.082311,0.003704,0.00002,0.006443
AAATTAATAAGCGCGA-1,0.062463,0.009465,0.128296,0.048944,0.248634,0.068441,0.092392,0.267809,0.027459,0.046097
AAATTACACGACTCTG-1,0.111865,0.014282,0.291724,0.00003,0.272283,0.016666,0.29306,0.00003,0.00003,0.00003
AAATTACCTATCGATG-1,0.064232,0.077785,0.41613,0.003884,0.251938,0.056866,0.05013,0.07901,0.000012,0.000012
AAATTCCAGGTCCAAA-1,0.183224,0.061506,0.522119,0.010489,0.156979,0.024581,0.041064,0.000013,0.000013,0.000013
AAATTGATAGTCCTTT-1,0.000062,0.000062,0.000125,0.046197,0.295892,0.000062,0.000062,0.527824,0.12965,0.000062
AAATTGCGGCGGTTCT-1,0.000037,0.000037,0.000074,0.000037,0.073586,0.002632,0.923484,0.000037,0.000037,0.000037
AAATTGGTGAGAAGCA-1,0.00004,0.031757,0.171372,0.085524,0.20857,0.355372,0.140132,0.000026,0.000026,0.007181
AAATTTACCGAAATCC-1,0.003385,0.000043,0.034522,0.000043,0.084212,0.008358,0.801196,0.068156,0.000043,0.000043
AAATTTGCGGGTGTGG-1,0.284805,0.000024,0.013384,0.006891,0.091785,0.014467,0.072446,0.516151,0.000024,0.000024
AACAACTGGTAGTTGC-1,0.11669,0.04631,0.334446,0.031041,0.282718,0.038659,0.116967,0.000952,0.01498,0.017236
AACAATACATTGTCGA-1,0.000027,0.000027,0.000054,0.233274,0.000027,0.095625,0.000027,0.662637,0.008275,0.000027
AACAATTACTCTACGC-1,0.052565,0.004355,0.300777,0.000028,0.144321,0.037861,0.402748,0.043872,0.007467,0.006007
AACACACGCTCGCCGC-1,0.109409,0.000035,0.040298,0.233746,0.009383,0.022272,0.025069,0.41317,0.146581,0.000035
AACACGACTGTACTGA-1,0.004532,0.002316,0.632856,0.000018,0.000018,0.131392,0.183882,0.000018,0.000018,0.044948
AACACGAGACGCGGCC-1,0.001079,0.000066,0.000132,0.121754,0.544177,0.000066,0.000066,0.188443,0.144151,0.000066
AACACGCGGCCGCGAA-1,0.002793,0.005935,0.011516,0.000025,0.029957,0.045437,0.904262,0.000025,0.000025,0.000025
AACAGCTGTGTGGCAA-1,0.00003,0.00003,0.000061,0.160795,0.003231,0.00003,0.00003,0.73259,0.103171,0.00003
AACAGGAAATCGAATA-1,0.000029,0.026221,0.149539,0.000029,0.173823,0.158679,0.491592,0.000029,0.000029,0.000029
AACAGGATGGGCCGCG-1,0.17871,0.000047,0.039129,0.013376,0.761412,0.000047,0.007137,0.000047,0.000047,0.000047
AACAGGTAGTATGGAT-1,0.025124,0.009242,0.091361,0.197832,0.146056,0.013753,0.010965,0.217116,0.288508,0.000042
AACATAGCGTGTATCG-1,0.000035,0.000035,0.00007,0.172319,0.000035,0.048762,0.000035,0.77864,0.000035,0.000035
AACATATCAACTGGTG-1,0.000017,0.53442,0.017366,0.000017,0.363407,0.014293,0.07043,0.000017,0.000017,0.000017
AACATCGATACGTCTA-1,0.061402,0.043696,0.551874,0.000014,0.155419,0.002516,0.185038,0.000014,0.000014,0.000014
AACATTGAAGTTGATC-1,0.289856,0.004229,0.019537,0.016306,0.000024,0.000024,0.000024,0.333546,0.336404,0.00005
AACATTGGTCAGCCGT-1,0.000052,0.000052,0.000104,0.014867,0.000052,0.984664,0.000052,0.000052,0.000052,0.000052
AACATTGTGACTCGAG-1,0.000111,0.000111,0.000222,0.058078,0.06889,0.000111,0.000111,0.515102,0.357152,0.000111
AACCAAGACTTCTCTG-1,0.156792,0.020322,0.539219,0.000012,0.12884,0.000012,0.043018,0.000012,0.005393,0.10638
AACCAGTATCACTCTT-1,0.08741,0.000036,0.461851,0.000036,0.023613,0.004464,0.422482,0.000036,0.000036,0.000036
AACCATAGGGTTGAAC-1,0.000038,0.000038,0.000076,0.094736,0.000038,0.000038,0.000038,0.437529,0.46743,0.000038
AACCATGGGATCGCTA-1,0.000039,0.000039,0.020571,0.038796,0.057191,0.811314,0.037871,0.000039,0.000039,0.034099
AACCCAGAGACGGAGA-1,0.010239,0.204637,0.299484,0.000024,0.069587,0.001652,0.344193,0.000024,0.000024,0.070136
AACCCATCCCATGATC-1,0.000105,0.074566,0.00021,0.015462,0.0851,0.000105,0.000105,0.297568,0.526672,0.000105
AACCCGACAACCCGTG-1,0.000026,0.000026,0.000052,0.043332,0.000026,0.000026,0.000026,0.594967,0.322282,0.039236
AACCCGAGCAGAATCG-1,0.184927,0.001574,0.022111,0.141562,0.012065,0.011682,0.033384,0.449134,0.105474,0.038086
AACCCGATAGGGCTTC-1,0.006894,0.014853,0.000085,0.14664,0.25816,0.554715,0.018527,0.000042,0.000042,0.000042
AACCCGCTGTATTCCA-1,0.000046,0.000046,0.000091,0.16797,0.000046,0.026053,0.000046,0.755346,0.050311,0.000046
AACCCTACTGTCAATA-1,0.144905,0.000628,0.077434,0.107575,0.499634,0.059576,0.10214,0.000019,0.008071,0.000019
AACCCTGGTGGAACCA-1,0.050019,0.036813,0.509675,0.000019,0.031671,0.082222,0.262792,0.000019,0.000019,0.026754
AACCGAGCTTGGTCAT-1,0.009625,0.092396,0.478097,0.090356,0.265843,0.054401,0.009228,0.000018,0.000018,0.000018
AACCGCTAAGGGATGC-1,0.265323,0.000029,0.062886,0.355059,0.037185,0.000029,0.003367,0.058066,0.16448,0.053575
AACCGTTGTGTTTGCT-1,0.048089,0.010297,0.47487,0.009046,0.01885,0.145501,0.293253,0.000031,0.000031,0.000031
AACCTAAAGCCGTCCG-1,0.037763,0.098881,0.243651,0.036728,0.098358,0.11722,0.288164,0.079148,0.000043,0.000043
AACCTCGCTTTAGCCC-1,0.006253,0.00002,0.03888,0.02522,0.00002,0.059364,0.004329,0.79707,0.010783,0.058059
AACCTGTCACGGAATT-1,0.071683,0.151689,0.103631,0.232064,0.016006,0.230749,0.003053,0.021691,0.000012,0.169419
AACCTTTAAATACGGT-1,0.20979,0.000747,0.077543,0.032015,0.000012,0.058487,0.009152,0.363795,0.000012,0.248446
AACCTTTACGACGTCT-1,0.026771,0.048221,0.077658,0.000582,0.398175,0.148028,0.129319,0.090495,0.011472,0.069279
AACGAAAGTCGTCCCA-1,0.00002,0.00002,0.00004,0.196278,0.00002,0.002015,0.00002,0.61067,0.190699,0.000217
AACGACCTCCTAGCCG-1,0.000023,0.000023,0.025372,0.022426,0.000023,0.043059,0.016304,0.892722,0.000023,0.000023
AACGATAATGCCGTAG-1,0.000054,0.000054,0.000107,0.000054,0.22662,0.004769,0.000054,0.768183,0.000054,0.000054
AACGATAGAAGGGCCG-1,0.016717,0.015385,0.409374,0.087123,0.000022,0.409739,0.020597,0.000022,0.000022,0.041001
AACGATATGTCAACTG-1,0.000301,0.085663,0.083753,0.000191,0.558292,0.103848,0.167865,0.000029,0.000029,0.000029
AACGCATGATCTGGGT-1,0.0118,0.331597,0.052348,0.005961,0.201941,0.104304,0.236757,0.054113,0.001037,0.000142
AACGCGAACGGCAACA-1,0.000031,0.010609,0.016124,0.002184,0.000031,0.919856,0.024033,0.000031,0.000031,0.027071
AACGCGACCTTGGGCG-1,0.043351,0.000034,0.000067,0.045646,0.000034,0.000034,0.000034,0.353926,0.547971,0.008905
AACGCGGTCTCCAGCC-1,0.021522,0.040963,0.61348,0.000016,0.044754,0.03182,0.087608,0.000016,0.002419,0.157402
AACGCTGTTGCTGAAA-1,0.000043,0.000043,0.000085,0.027993,0.139576,0.023858,0.030905,0.77636,0.001095,0.000043
AACGGACGTACGTATA-1,0.000038,0.000038,0.000075,0.59746,0.000038,0.058558,0.000038,0.343682,0.000038,0.000038
AACGGCCATCTCCGGT-1,0.013928,0.000473,0.028744,0.060293,0.070455,0.033796,0.003317,0.198174,0.127604,0.463217
AACGTACTGTGGGTAC-1,0.213851,0.000036,0.028424,0.312266,0.034948,0.013435,0.081378,0.22639,0.089236,0.000036
AACGTAGTCTACCCAT-1,0.000043,0.007765,0.000085,0.009988,0.030517,0.893772,0.01262,0.045124,0.000043,0.000043
AACGTCAGACTAGTGG-1,0.08466,0.176801,0.145065,0.00875,0.092828,0.108637,0.383177,0.000027,0.000027,0.000027
AACGTCATCCGGCTTG-1,0.00003,0.00003,0.00006,0.12275,0.00003,0.074718,0.00003,0.80229,0.00003,0.00003
AACGTCGCTGCACTTC-1,0.220127,0.000015,0.07822,0.000015,0.000015,0.000015,0.001948,0.662036,0.000015,0.037593
AACGTGATGAAGGACA-1,0.049074,0.007121,0.736368,0.000024,0.010317,0.00339,0.193634,0.000024,0.000024,0.000024
AACGTGCGAAAGTCTC-1,0.010583,0.00788,0.086021,0.05596,0.674705,0.026004,0.097706,0.037194,0.003922,0.000026
AACGTTATCAGCACCT-1,0.024992,0.319128,0.313792,0.000012,0.002183,0.02918,0.254292,0.027361,0.00193,0.02713
AACGTTCTACCATTGT-1,0.062006,0.011797,0.109421,0.023757,0.127017,0.000943,0.005756,0.630645,0.027068,0.00159
AACTACCCGTTTGTCA-1,0.011343,0.000037,0.000074,0.342395,0.355738,0.029658,0.107106,0.077822,0.07579,0.000037
AACTAGCGTATCGCAC-1,0.042086,0.001545,0.131628,0.000017,0.000017,0.193349,0.616679,0.014645,0.000017,0.000017
AACTAGGCTTGGGTGT-1,0.000046,0.000046,0.017538,0.386162,0.000046,0.026132,0.07237,0.497568,0.000046,0.000046
AACTCAAGTTAATTGC-1,0.212016,0.000011,0.640819,0.000011,0.009178,0.000011,0.001689,0.000011,0.001369,0.134884
AACTCCAGAGCGTGTT-1,0.000097,0.000097,0.000195,0.000097,0.236317,0.000097,0.000097,0.762806,0.000097,0.000097
AACTCCTAATCCCATG-1,0.000028,0.089636,0.230201,0.008545,0.118291,0.245215,0.307891,0.000028,0.000028,0.000138
AACTCGATAAACACGT-1,0.030268,0.005088,0.006603,0.000022,0.03708,0.624515,0.296357,0.000022,0.000022,0.000022
AACTCGATGGCGCAGT-1,0.01275,0.02229,0.361783,0.003351,0.000029,0.264625,0.185503,0.000029,0.000029,0.149612
AACTCTCAATAGAGCG-1,0.178253,0.009536,0.574242,0.000011,0.140669,0.001674,0.094189,0.001404,0.000011,0.000011
AACTCTCAGTGTGCTC-1,0.000071,0.000071,0.000143,0.001339,0.284752,0.000071,0.000071,0.578042,0.135367,0.000071
AACTGAGGTCAGCGTC-1,0.075945,0.000024,0.71071,0.001664,0.054839,0.001246,0.077945,0.000024,0.000024,0.077581
AACTGAGTTATACTGA-1,0.044025,0.001932,0.000088,0.109444,0.514549,0.070995,0.066944,0.166856,0.025123,0.000044
AACTGATATTAGGCCT-1,0.082904,0.073234,0.324378,0.000031,0.150236,0.142122,0.227001,0.000031,0.000031,0.000031
AACTGGGTCCCGACGT-1,0.000033,0.024156,0.230311,0.030493,0.533357,0.073292,0.10826,0.000033,0.000033,0.000033
AACTGGGTTCGAGCCG-1,0.000074,0.000074,0.000148,0.022107,0.166429,0.653535,0.157411,0.000074,0.000074,0.000074
AACTGGTGTGGGCCTT-1,0.000033,0.000033,0.035548,0.000033,0.049646,0.009561,0.90505,0.000033,0.000033,0.000033
AACTTCTGCGTCTATC-1,0.00004,0.00004,0.000081,0.00004,0.389571,0.236021,0.374084,0.00004,0.00004,0.00004
AACTTGCCCGTATGCA-1,0.022053,0.000071,0.272282,0.000033,0.258151,0.022544,0.366719,0.000033,0.034136,0.02398
AACTTGCGTTCTCGCG-1,0.000065,0.000065,0.00013,0.004456,0.230554,0.558762,0.180898,0.007364,0.000065,0.017638
AACTTTACGGGAGCTT-1,0.027697,0.020416,0.217768,0.022867,0.430366,0.149,0.056205,0.007773,0.010797,0.057112
AACTTTAGCTGCTGAG-1,0.000037,0.000037,0.000074,0.000037,0.043515,0.409673,0.546516,0.000037,0.000037,0.000037
AACTTTCTCGATCATG-1,0.073051,0.058705,0.752864,0.019141,0.038139,0.030219,0.024714,0.000009,0.000009,0.00315
AAGAAAGTTTGATGGG-1,0.000057,0.000057,0.000113,0.148515,0.149813,0.000057,0.000057,0.615191,0.086084,0.000057
AAGAAATCACCAGATT-1,0.076035,0.164386,0.494825,0.032209,0.078075,0.053734,0.065875,0.000008,0.000008,0.034845
AAGAAGGATCAGTTAG-1,0.00007,0.046493,0.036027,0.007307,0.185941,0.480654,0.243299,0.00007,0.00007,0.00007
AAGACATACGTGGTTT-1,0.264411,0.000799,0.021597,0.000012,0.000012,0.000012,0.001142,0.573758,0.017582,0.120675
AAGACCAAATAACTCA-1,0.018468,0.035916,0.378715,0.018118,0.027715,0.025035,0.10092,0.251019,0.082704,0.061391
AAGACCCAACTGAACA-1,0.116837,0.000035,0.042795,0.01309,0.064906,0.000035,0.015895,0.516033,0.23034,0.000035
AAGACTAACCCGTTGT-1,0.010523,0.000036,0.03595,0.000036,0.000036,0.419607,0.497741,0.000036,0.000036,0.035998
AAGACTGCAAGCTACT-1,0.002506,0.00004,0.009984,0.045157,0.63369,0.137989,0.116593,0.05396,0.00004,0.00004
AAGAGATGAATCGGTA-1,0.016375,0.040484,0.285688,0.045833,0.553657,0.004332,0.021079,0.014778,0.00006,0.017713
AAGAGCTCTTTATCGG-1,0.062186,0.039586,0.083886,0.044844,0.646553,0.011147,0.111672,0.000042,0.000042,0.000042
AAGAGGATGTACGCGA-1,0.079174,0.000021,0.389358,0.000021,0.32259,0.000021,0.208752,0.000021,0.000021,0.000021
AAGAGGCATGGATCGC-1,0.000048,0.000048,0.000096,0.036642,0.447742,0.000048,0.000048,0.000048,0.102747,0.412533
AAGAGGCCCTTTGGAA-1,0.000052,0.000052,0.000103,0.021978,0.091297,0.000052,0.000052,0.641687,0.244675,0.000052
AAGATGGCACCGGACC-1,0.242044,0.000015,0.073754,0.008555,0.079961,0.000039,0.0163,0.462928,0.072219,0.044186
AAGATTGGCGGAACGT-1,0.019193,0.100279,0.676454,0.000009,0.09575,0.000009,0.006434,0.000009,0.00832,0.093542
AAGCACCCTGCGTATC-1,0.000043,0.000043,0.000087,0.015994,0.077792,0.000043,0.000043,0.905867,0.000043,0.000043
AAGCATACTCTCCTGA-1,0.00003,0.002564,0.00006,0.170579,0.00003,0.11923,0.00003,0.707415,0.00003,0.00003
AAGCCACTTGCAGGTA-1,0.000023,0.000023,0.000046,0.130071,0.000023,0.023531,0.000023,0.846214,0.000023,0.000023
AAGCCGAAGCGGTTTA-1,0.000062,0.000062,0.000125,0.167487,0.505169,0.000062,0.000062,0.130285,0.196621,0.000062
AAGCCGCCGTGAAATC-1,0.000029,0.017368,0.000058,0.2299,0.000029,0.0957,0.000029,0.597826,0.059032,0.000029
AAGCCGCTTTACCTTG-1,0.002552,0.126845,0.03673,0.083093,0.120739,0.468008,0.01822,0.08692,0.00002,0.056875
AAGCCGGAGAGCAGGA-1,0.018014,0.000028,0.037861,0.137851,0.000028,0.064081,0.012501,0.649687,0.072468,0.007482
AAGCGCAGGGCTTTGA-1,0.00005,0.00005,0.0001,0.08953,0.025804,0.006593,0.00005,0.831614,0.046158,0.00005
AAGCGGAGTGCGCGCA-1,0.001877,0.009626,0.391917,0.036065,0.405634,0.073401,0.081431,0.000016,0.000016,0.000016
AAGCGGCGTCATGGGT-1,0.042044,0.001462,0.563792,0.000034,0.163736,0.00075,0.228079,0.000034,0.000034,0.000034
AAGCGTCCCTCATCGA-1,0.000042,0.000042,0.000084,0.255229,0.000042,0.000042,0.000042,0.596344,0.14809,0.000042
AAGCTAGATCGAGTAA-1,0.000045,0.000045,0.00009,0.093555,0.061114,0.000045,0.000045,0.484024,0.360991,0.000045
AAGCTCGTGCCAAGTC-1,0.21561,0.008752,0.543622,0.00001,0.019852,0.003819,0.033894,0.008258,0.00001,0.166174
AAGCTCTTTCATGGTG-1,0.000066,0.000066,0.000131,0.034206,0.069653,0.000066,0.000066,0.516836,0.378846,0.000066
AAGGAGAACTTATAAG-1,0.00005,0.00005,0.000101,0.148404,0.056661,0.747571,0.034766,0.00005,0.00005,0.012295
AAGGAGCGGTTGGTGC-1,0.043182,0.08974,0.091519,0.253917,0.119291,0.30704,0.014128,0.030447,0.002122,0.048614
AAGGATCGATCGCTTG-1,0.369218,0.078164,0.176805,0.051361,0.236715,0.000022,0.009171,0.000022,0.048808,0.029714
AAGGATGAGGGACCTC-1,0.062258,0.104953,0.550183,0.057703,0.08097,0.070395,0.022676,0.00001,0.00001,0.050842
AAGGCAGGCTGTCTCC-1,0.652029,0.006698,0.168935,0.00487,0.072798,0.005607,0.06538,0.019448,0.003235,0.001
AAGGCGCGTAAAGCTT-1,0.000025,0.036133,0.141932,0.030885,0.410303,0.19431,0.186339,0.000025,0.000025,0.000025
AAGGCTGTGCTCATCG-1,0.008068,0.000039,0.163169,0.057928,0.64705,0.008165,0.063042,0.052459,0.000039,0.000039
AAGGGAACGACTGGCT-1,0.000037,0.000037,0.000074,0.031548,0.08621,0.023432,0.000037,0.527068,0.331521,0.000037
AAGGGACAGATTCTGT-1,0.007446,0.113973,0.138667,0.009662,0.698298,0.013478,0.016712,0.000019,0.001728,0.000019
AAGGGACTATGCATTC-1,0.379372,0.001863,0.069228,0.000712,0.024207,0.000016,0.00421,0.287379,0.172973,0.060039
AAGGGTTAGCCATGCG-1,0.02343,0.009216,0.000567,0.003628,0.000029,0.023905,0.000029,0.939139,0.000029,0.000029
AAGGTATCCTAATATA-1,0.043406,0.056092,0.649294,0.027652,0.113704,0.047708,0.062114,0.00001,0.00001,0.00001
AAGGTGATAAACCAGC-1,0.207044,0.000031,0.134543,0.132512,0.337565,0.000031,0.026289,0.008853,0.136619,0.016513
AAGTAAGCTTCCAAAC-1,0.000024,0.000024,0.006055,0.391966,0.000024,0.508931,0.000024,0.021186,0.000024,0.071743
AAGTAGAAGACCGGGT-1,0.022437,0.149295,0.461949,0.002971,0.068934,0.08141,0.196175,0.000021,0.000021,0.016789
AAGTAGTGACGCGAGG-1,0.124166,0.0013,0.40907,0.041555,0.234605,0.042058,0.094506,0.052689,0.000026,0.000026
AAGTCAATTGTCGTCA-1,0.219772,0.000037,0.063061,0.060627,0.286992,0.000037,0.000037,0.010518,0.085863,0.273057
AAGTCTAGTAGCTGCC-1,0.043625,0.129558,0.42956,0.092534,0.11454,0.14034,0.049803,0.000013,0.000013,0.000013
AAGTGACGACCGAATT-1,0.000038,0.000038,0.000076,0.1671,0.458581,0.064259,0.263049,0.046782,0.000038,0.000038
AAGTGAGTCGGGTTTA-1,0.000093,0.000093,0.000187,0.000093,0.000093,0.000093,0.000093,0.273787,0.725372,0.000093
AAGTGCAAAGGTAGAC-1,0.000022,0.269757,0.000044,0.009747,0.356481,0.281937,0.081946,0.000022,0.000022,0.000022
AAGTGCCTTGACTGTA-1,0.342202,0.00003,0.250229,0.00003,0.329894,0.000029,0.00003,0.00003,0.046359,0.031168
AAGTGCGTTAGAATCT-1,0.029688,0.000023,0.052341,0.22545,0.013876,0.016134,0.060167,0.347916,0.047425,0.206979
AAGTGCTTCTCTATTG-1,0.000015,0.000015,0.00003,0.000015,0.000015,0.000015,0.000015,0.786849,0.17968,0.033351
AAGTGTTTGGAGACGG-1,0.000046,0.000046,0.000091,0.009943,0.299161,0.000046,0.000046,0.571758,0.118819,0.000046
AAGTTCACTCCAAGCT-1,0.108635,0.00516,0.005534,0.000045,0.08627,0.000045,0.000045,0.783343,0.010878,0.000045
AAGTTCAGTCTGCGTA-1,0.014629,0.08047,0.855344,0.000009,0.000748,0.004749,0.009441,0.000009,0.006704,0.027896
AAGTTCGGCCAACAGG-1,0.105065,0.000033,0.018769,0.164724,0.361557,0.008996,0.160439,0.162259,0.018124,0.000033
AAGTTGTGATGTTATA-1,0.000035,0.000035,0.000071,0.039331,0.102062,0.014627,0.031315,0.809023,0.003465,0.000035
AAGTTTACTAATGGCA-1,0.000056,0.000056,0.000112,0.034231,0.114687,0.313161,0.499013,0.000056,0.016221,0.022406
AAGTTTATGGGCCCAA-1,0.003116,0.000017,0.000035,0.000017,0.000017,0.000017,0.014451,0.982295,0.000017,0.000017
AATAACAACGCTCGGC-1,0.057717,0.00002,0.274125,0.032107,0.496629,0.001013,0.138326,0.00002,0.00002,0.00002
AATAACACTAGAACAA-1,0.000027,0.00252,0.000054,0.096721,0.000027,0.013091,0.000027,0.591994,0.127194,0.168343
AATAACGTCGCGCCCA-1,0.000021,0.000021,0.000042,0.086031,0.000021,0.003312,0.000021,0.769807,0.004338,0.136387
AATAAGTCCTCGAGAC-1,0.000041,0.000041,0.000083,0.000041,0.24021,0.2004,0.516146,0.000041,0.00742,0.035576
AATAATCTTCGTATCG-1,0.035599,0.011449,0.002999,0.093297,0.143509,0.07531,0.006532,0.630583,0.000024,0.000697
AATACAATGTTTCAGG-1,0.000028,0.129058,0.052921,0.003066,0.165976,0.48812,0.144427,0.000028,0.016351,0.000028
AATACCGGAGGGCTGT-1,0.000023,0.000023,0.000045,0.257769,0.000023,0.002258,0.000023,0.595373,0.110607,0.033856
AATACCTGATGTGAAC-1,0.013922,0.000012,0.001923,0.054024,0.000012,0.098753,0.000012,0.752471,0.000012,0.078857
AATAGAACAGAGTGGC-1,0.000072,0.000072,0.000144,0.018598,0.168718,0.000072,0.000072,0.349723,0.462457,0.000072
AATAGAATCTGTTTCA-1,0.150745,0.000055,0.004251,0.027966,0.295138,0.000055,0.000055,0.000602,0.469955,0.051177
AATAGCAAGCCTCCTG-1,0.037816,0.012229,0.314472,0.000027,0.054935,0.034092,0.242004,0.000027,0.000027,0.304369
AATAGCTACCGCGTGC-1,0.000023,0.099396,0.054567,0.000023,0.476932,0.028502,0.293621,0.04689,0.000023,0.000023
AATAGGCACGACCCTT-1,0.000029,0.000029,0.000057,0.000029,0.000029,0.000029,0.000029,0.798901,0.200842,0.000029
AATAGTCCGTCCCGAC-1,0.008883,0.167546,0.03248,0.017052,0.000027,0.055566,0.026954,0.637079,0.054386,0.000027
AATAGTCGCGAGTCGG-1,0.037155,0.015867,0.290448,0.008171,0.111066,0.074657,0.432423,0.016544,0.010558,0.003113
AATATCAAGGTCGGAT-1,0.023251,0.000017,0.479888,0.000017,0.000017,0.050656,0.446102,0.000017,0.000017,0.000017
AATATCGAATCAATGC-1,0.135397,0.000036,0.099661,0.241465,0.243687,0.046813,0.085415,0.135989,0.0115,0.000036
AATATCGAGGGTTCTC-1,0.028781,0.129931,0.051435,0.0076,0.463957,0.079613,0.11682,0.121819,0.000022,0.000022
AATATTGGAGTATTGA-1,0.024201,0.023508,0.207376,0.072434,0.314512,0.137157,0.185254,0.005935,0.000022,0.0296
AATCAGACTGCAGGAC-1,0.031535,0.01144,0.22734,0.000033,0.000033,0.442588,0.286934,0.000033,0.000033,0.000033
AATCAGGTTTCATTTA-1,0.00003,0.00003,0.00006,0.014312,0.00003,0.012511,0.00003,0.69848,0.27449,0.00003
AATCATGTAAAGACTC-1,0.000036,0.000036,0.000072,0.280118,0.000036,0.01244,0.000036,0.320801,0.245689,0.140734
AATCCAAGGGCCTGAG-1,0.005305,0.015447,0.851465,0.000009,0.000009,0.02684,0.081398,0.000009,0.000009,0.019507
AATCCATGCAAGGGTG-1,0.008992,0.001268,0.431086,0.000026,0.000307,0.051248,0.437158,0.000026,0.003686,0.066204
AATCCCGCTCAGAGCC-1,0.000643,0.094341,0.000055,0.116421,0.000027,0.00772,0.000027,0.722679,0.009881,0.048205
AATCGAGGTCTCAAGG-1,0.000019,0.000019,0.000038,0.061122,0.000019,0.026998,0.000019,0.860665,0.000019,0.051081
AATCGCCTCAGCGCCA-1,0.00004,0.00004,0.000079,0.127691,0.708116,0.050202,0.086995,0.00276,0.024038,0.00004
AATCGCGCAGAGGACT-1,0.020847,0.046859,0.149009,0.552045,0.026624,0.149351,0.005012,0.000017,0.000017,0.050219
AATCGGGACACTACGA-1,0.000139,0.012285,0.432853,0.00003,0.01878,0.112782,0.423041,0.00003,0.00003,0.00003
AATCGGTATAGCCCTC-1,0.000015,0.00242,0.000029,0.000015,0.000015,0.025196,0.004583,0.842763,0.067247,0.057717
AATCGTGAGCCGAGCA-1,0.000037,0.000037,0.000074,0.123277,0.000037,0.000037,0.000037,0.683453,0.192972,0.000037
AATCTAGGTTTACTTG-1,0.000093,0.01738,0.005945,0.194282,0.129314,0.031307,0.000093,0.105754,0.404843,0.110989
AATCTATGCCGGAGCC-1,0.002145,0.031746,0.181885,0.000022,0.724984,0.000022,0.059127,0.000022,0.000022,0.000022
AATCTCTACTGTGGTT-1,0.004075,0.003691,0.101445,0.096372,0.402161,0.004436,0.036719,0.000023,0.039313,0.311765
AATCTGCGTTGGGACG-1,0.004657,0.012463,0.219812,0.185971,0.417971,0.11903,0.024112,0.015935,0.000024,0.000024
AATCTGGCTTTCTAGT-1,0.000035,0.000035,0.00007,0.000035,0.000035,0.000035,0.000035,0.724541,0.274207,0.000972
AATCTGGGTAGACCCT-1,0.000076,0.000076,0.000153,0.000076,0.168076,0.681604,0.048317,0.101469,0.000076,0.000076
AATGACAGCAATGTCT-1,0.20366,0.002484,0.044736,0.031058,0.086529,0.096023,0.141633,0.393835,0.00002,0.00002
AATGACGTAGGATGTC-1,0.379446,0.000028,0.067939,0.000028,0.354797,0.000028,0.166092,0.005539,0.026075,0.000028
AATGACTGTCAGCCGG-1,0.007706,0.041542,0.482889,0.000023,0.286265,0.031141,0.150368,0.000023,0.000023,0.000023
AATGAGTTCGCATATG-1,0.008535,0.021029,0.388655,0.000031,0.002876,0.274482,0.273683,0.000031,0.000031,0.030648
AATGATGATACGCTAT-1,0.000016,0.305142,0.150982,0.049912,0.167962,0.174614,0.109104,0.000016,0.001514,0.040737
AATGATGCGACTCCTG-1,0.006437,0.093322,0.711945,0.000008,0.142246,0.002454,0.043563,0.000008,0.000008,0.000008
AATGCAACCGGGTACC-1,0.091834,0.014377,0.73075,0.000013,0.117776,0.000268,0.035008,0.000013,0.000013,0.009948
AATGCACCAAGCAATG-1,0.000041,0.393126,0.001962,0.07678,0.416854,0.001213,0.109901,0.000041,0.000041,0.000041
AATGGCCGCCAATGCG-1,0.11027,0.012043,0.022462,0.388153,0.060666,0.36136,0.02334,0.019426,0.002245,0.000035
AATGGTCCACCGTTCA-1,0.110714,0.003932,0.319263,0.000016,0.159041,0.016895,0.330724,0.014705,0.020386,0.024325
AATGGTTCTCACAAGC-1,0.015177,0.038413,0.43284,0.033807,0.055809,0.187619,0.122385,0.00003,0.00003,0.113891
AATGTATGGCACTGTA-1,0.000038,0.000038,0.000076,0.000038,0.000038,0.000038,0.000038,0.149432,0.850227,0.000038
AATGTGCCCGAGGTGT-1,0.00004,0.00004,0.00008,0.204697,0.00004,0.00004,0.00004,0.567875,0.199947,0.0272
AATGTGCTAATCTGAG-1,0.000048,0.000048,0.000096,0.011605,0.138158,0.000048,0.000048,0.670882,0.17902,0.000048
AATGTTAAGACCCTGA-1,0.024559,0.01004,0.064466,0.000009,0.000009,0.015168,0.001374,0.881668,0.000009,0.0027
AATGTTGTCGTGAGAC-1,0.000015,0.000015,0.00003,0.052097,0.000015,0.010389,0.000015,0.812576,0.00401,0.120839
AATTAAAGGTCGGCGT-1,0.000095,0.000095,0.00019,0.034162,0.56089,0.000095,0.000095,0.000095,0.068088,0.336194
AATTAACGGATTTCCA-1,0.0001,0.0001,0.000199,0.0001,0.061024,0.0001,0.0001,0.510163,0.428016,0.0001
AATTACGAGACCCATC-1,0.000023,0.004371,0.000045,0.043903,0.098083,0.11721,0.023524,0.577309,0.11565,0.019882
AATTACTCGTACGCTC-1,0.000169,0.000156,0.012078,0.000023,0.040499,0.260872,0.675394,0.000023,0.000023,0.010764
AATTAGCGCTGCAGCG-1,0.000076,0.000076,0.000152,0.311858,0.034194,0.000076,0.000076,0.647522,0.005893,0.000076
AATTATACCCAGCAAG-1,0.609028,0.000342,0.017967,0.000011,0.000011,0.000011,0.000011,0.372065,0.000011,0.000546
AATTCATAAGGGATCT-1,0.019579,0.081366,0.381385,0.00002,0.411033,0.012126,0.091808,0.00002,0.002645,0.00002
AATTCATTGTCATGCA-1,0.078529,0.08668,0.268787,0.001336,0.012659,0.068657,0.102695,0.263194,0.092405,0.025058
AATTCCAACTTGGTGA-1,0.000028,0.000028,0.001903,0.01365,0.014037,0.932695,0.037571,0.000028,0.000028,0.000028
AATTCCAAGCATGTAC-1,0.018181,0.000031,0.000062,0.132509,0.003869,0.000031,0.000031,0.781247,0.064008,0.000031
AATTCGATTCGAGGAT-1,0.000052,0.000052,0.000103,0.000052,0.072978,0.00088,0.000052,0.893608,0.032172,0.000052
AATTCTAGAGTTAGGC-1,0.000038,0.000038,0.000077,0.268151,0.004538,0.034042,0.000038,0.492111,0.034289,0.166678
AATTGAACGCTCTGGT-1,0.322092,0.000033,0.000099,0.052534,0.457748,0.000033,0.005419,0.159423,0.002585,0.000033
AATTGCAGCAATCGAC-1,0.004761,0.000018,0.000036,0.057098,0.007026,0.019416,0.052073,0.846153,0.003297,0.010122
AATTGCGTGGATTACA-1,0.00003,0.034076,0.000061,0.00003,0.043542,0.00003,0.00003,0.421456,0.500713,0.00003
AATTGTGGTTGCCAAA-1,0.000093,0.065719,0.146255,0.067999,0.105228,0.000093,0.023918,0.142546,0.393809,0.054341
AATTTGGGACATAGTA-1,0.032131,0.026505,0.483283,0.00003,0.089887,0.032089,0.335986,0.00003,0.00003,0.00003
AATTTGGTTCCAAAGA-1,0.002728,0.009626,0.779059,0.000017,0.003528,0.003764,0.178455,0.000017,0.000017,0.022787
ACAAACCATGCGTCCT-1,0.000023,0.000023,0.000045,0.013445,0.000023,0.000023,0.000023,0.711715,0.27466,0.000023
ACAAACCGACAAGGCG-1,0.036247,0.116233,0.143834,0.010686,0.101466,0.126047,0.404415,0.033826,0.001089,0.026157
ACAAACTCCATCAGAG-1,0.000028,0.000028,0.000055,0.000028,0.000028,0.003599,0.000028,0.843957,0.152223,0.000028
ACAAAGAAGGTAGGCC-1,0.031987,0.026688,0.20937,0.131603,0.151709,0.025386,0.079664,0.301014,0.021433,0.021145
ACAAAGCATGACCTAG-1,0.033202,0.001115,0.1466,0.000014,0.019186,0.000014,0.007007,0.792832,0.000014,0.000014
ACAAATCGCACCGAAT-1,0.000065,0.000065,0.00013,0.079776,0.419279,0.000065,0.000065,0.413155,0.087336,0.000065
ACAAATGGTAGTGTTT-1,0.342513,0.00004,0.030868,0.192667,0.379016,0.00004,0.00004,0.00004,0.054735,0.00004
ACAAATTCAGATCTGA-1,0.019358,0.000178,0.238426,0.031618,0.05223,0.207174,0.444563,0.006385,0.000034,0.000034
ACAACAGCATGAGCTA-1,0.160876,0.042327,0.437364,0.030054,0.229671,0.041681,0.040569,0.000021,0.000021,0.017416
ACAACGGTCCCTGCGA-1,0.005148,0.095203,0.422527,0.082408,0.007631,0.305218,0.054971,0.000017,0.000017,0.026859
ACAAGCAGTGCCTAGC-1,0.000037,0.000037,0.002301,0.010308,0.802655,0.023874,0.133457,0.027256,0.000037,0.000037
ACAAGGAAATCCGCCC-1,0.00018,0.00018,0.00036,0.00018,0.357371,0.00018,0.00018,0.214756,0.426433,0.00018
ACAAGGACAAGAGGTT-1,0.025597,0.148448,0.205232,0.03558,0.430564,0.071655,0.047558,0.001121,0.002617,0.031628
ACAAGGATGCTTTAGG-1,0.000063,0.000063,0.000126,0.07123,0.2945,0.00499,0.000063,0.601986,0.026917,0.000063
ACAAGGCCTACCAGCC-1,0.000061,0.000061,0.000122,0.338117,0.000061,0.654435,0.000061,0.000061,0.000061,0.006959
ACAAGGGCAGGCTCTG-1,0.050786,0.00004,0.00008,0.34035,0.487074,0.009375,0.024693,0.087522,0.00004,0.00004
ACAAGTAATTGTAAGG-1,0.001849,0.010689,0.000043,0.233939,0.000022,0.057166,0.000022,0.696035,0.000022,0.000213
ACAATAGTCGTACGTT-1,0.110475,0.006598,0.338078,0.001071,0.28908,0.00154,0.106544,0.052659,0.042856,0.051098
ACAATCCATTTAAACC-1,0.000032,0.000032,0.000064,0.037504,0.734641,0.026554,0.171601,0.012247,0.017293,0.000032
ACAATCGATCTTTATA-1,0.000049,0.000049,0.000099,0.006535,0.136958,0.856114,0.000049,0.000049,0.000049,0.000049
ACAATGAATACGGAGA-1,0.000032,0.000032,0.000064,0.241802,0.055663,0.052724,0.000032,0.649586,0.000032,0.000032
ACAATGATTCTTCTAC-1,0.013021,0.000038,0.020614,0.00548,0.400271,0.144099,0.416364,0.000038,0.000038,0.000038
ACAATTGTGTCTCTTT-1,0.405451,0.000034,0.011482,0.040888,0.207756,0.035176,0.053075,0.189849,0.056257,0.000034
ACAATTTAGGAGGCTC-1,0.00294,0.020352,0.052788,0.024599,0.585664,0.186152,0.127447,0.00002,0.00002,0.00002
ACAATTTGAGCAGTGG-1,0.151117,0.266283,0.392207,0.001731,0.066501,0.000811,0.033245,0.000013,0.013295,0.074795
ACAATTTGGCCATATT-1,0.290236,0.000031,0.124365,0.000031,0.390249,0.000031,0.000031,0.000031,0.093381,0.101613
ACACAAAGACGGGTGG-1,0.026904,0.056845,0.805617,0.020855,0.077052,0.000013,0.000013,0.008156,0.000013,0.004533
ACACAAATATTCCTAG-1,0.006678,0.075678,0.768662,0.000009,0.03528,0.035091,0.059576,0.000009,0.000009,0.019008
ACACACCAGGACCAGT-1,0.352732,0.002509,0.390089,0.128841,0.057531,0.016249,0.035065,0.001185,0.011757,0.004041
ACACACTTTCTACACG-1,0.001216,0.013297,0.652843,0.000033,0.040782,0.122532,0.169199,0.000033,0.000033,0.000033
ACACATGATCAAATCT-1,0.000032,0.000032,0.000064,0.008505,0.047272,0.000032,0.000032,0.849918,0.094081,0.000032
ACACATTGACGCAACA-1,0.03187,0.000694,0.462492,0.000008,0.000008,0.008329,0.496573,0.000008,0.000008,0.000008
ACACATTTCCGTAGAC-1,0.334401,0.000016,0.14114,0.000016,0.000016,0.000016,0.025192,0.442484,0.054662,0.002055
ACACCACATAATTAGC-1,0.174965,0.166012,0.198491,0.000011,0.167367,0.024202,0.188651,0.000405,0.00676,0.073137
ACACCCAGCATGCAGC-1,0.024993,0.129655,0.268385,0.014057,0.300043,0.110491,0.048337,0.01672,0.000025,0.087295
ACACCCGAGAAATCCG-1,0.000036,0.003116,0.000072,0.141089,0.13737,0.692018,0.000491,0.000036,0.000036,0.025735
ACACCGAGCGCTCTTT-1,0.020606,0.054371,0.270413,0.013693,0.127441,0.157944,0.240921,0.039122,0.021342,0.054147
ACACCGGTCTGACCGC-1,0.000021,0.000021,0.000042,0.070169,0.000021,0.000048,0.000021,0.73173,0.168621,0.029305
ACACCTTAAGTAGGGC-1,0.086201,0.080365,0.357724,0.020203,0.139473,0.135417,0.139907,0.000022,0.019837,0.02085
ACACCTTACTACTTGC-1,0.009299,0.007027,0.032629,0.041467,0.660083,0.15148,0.096102,0.001855,0.000029,0.000029
ACACGAGACTCCTTCT-1,0.067025,0.056329,0.291977,0.150741,0.158643,0.144092,0.000469,0.000026,0.000026,0.130672
ACACGGCACTATGCAT-1,0.003007,0.000024,0.340455,0.000024,0.00051,0.007064,0.648845,0.000024,0.000024,0.000024
ACACGGGAACTTAGGG-1,0.169169,0.209754,0.36647,0.000011,0.067909,0.000011,0.030252,0.000011,0.013263,0.143149
ACACGTAGGCCACAAG-1,0.210687,0.002207,0.017174,0.002032,0.045036,0.002223,0.023413,0.568757,0.12543,0.003041
ACACTCCAATGTCACT-1,0.000086,0.000086,0.000172,0.000086,0.531628,0.369961,0.097724,0.000086,0.000086,0.000086
ACACTGATCAAGGTGT-1,0.000098,0.000098,0.000196,0.000098,0.17826,0.000098,0.000098,0.613361,0.207596,0.000098
ACACTGGGACAGTCGT-1,0.000017,0.000017,0.000034,0.14526,0.000017,0.09838,0.000017,0.655524,0.000017,0.100717
ACAGAACTGAGAACAA-1,0.000023,0.002959,0.000047,0.135134,0.107886,0.13378,0.011917,0.284729,0.323501,0.000023
ACAGATTAGGTTAGTG-1,0.002837,0.000022,0.424201,0.000022,0.000022,0.228446,0.297485,0.000022,0.000022,0.046918
ACAGCATAGAGCCAGT-1,0.000073,0.000073,0.000147,0.000073,0.179242,0.264745,0.555426,0.000073,0.000073,0.000073
ACAGCGACATTCTCAT-1,0.071164,0.000028,0.000056,0.000028,0.000028,0.000028,0.000028,0.305216,0.59954,0.023884
ACAGCGCACCCGCAGC-1,0.071082,0.004834,0.234787,0.141083,0.038358,0.15829,0.318751,0.000054,0.000054,0.032706
ACAGGCACGGATCCTT-1,0.005463,0.000019,0.007665,0.000078,0.000019,0.018069,0.025796,0.923518,0.002293,0.017079
ACAGGCTTGCCCGACT-1,0.000049,0.000049,0.000098,0.412122,0.00238,0.093257,0.000049,0.491898,0.000049,0.000049
ACAGGTGGAGGTGAGG-1,0.00011,0.00011,0.00022,0.057889,0.220759,0.00011,0.00011,0.356284,0.364299,0.00011
ACAGTAATACAACTTG-1,0.27088,0.000014,0.148593,0.114033,0.083456,0.006504,0.030385,0.178764,0.07302,0.09435
ACAGTATACCGTGGGA-1,0.015537,0.063565,0.08176,0.072518,0.58264,0.091952,0.082913,0.000034,0.000034,0.009046
ACATAAGTCGTGGTGA-1,0.000032,0.000032,0.000064,0.19357,0.000032,0.00641,0.000032,0.680297,0.1195,0.000032
ACATAATAAGGCGGTG-1,0.000025,0.020496,0.263237,0.070554,0.313727,0.141227,0.143287,0.047398,0.000025,0.000025
ACATACAATCAAGCGG-1,0.002419,0.000029,0.000058,0.000029,0.000029,0.000029,0.000029,0.781023,0.216326,0.000029
ACATCAGCTGGGACGC-1,0.138105,0.001361,0.851419,0.000005,0.000005,0.000005,0.006082,0.000005,0.000005,0.003007
ACATCCCGGCCATACG-1,0.000053,0.000053,0.000106,0.02463,0.14011,0.02788,0.006601,0.80046,0.000053,0.000053
ACATCCTGGTAACTGT-1,0.102632,0.1077,0.03105,0.100628,0.324224,0.03093,0.103839,0.149682,0.02326,0.026056
ACATCGATCGTTTACC-1,0.173732,0.000036,0.281936,0.116822,0.255217,0.006139,0.157389,0.008656,0.000036,0.000036
ACATCGCAATATTCGG-1,0.000074,0.019565,0.000147,0.034852,0.048188,0.000074,0.000074,0.50096,0.395992,0.000074
ACATCGGTCAGCCGCG-1,0.050804,0.000042,0.019838,0.237081,0.508995,0.014066,0.154428,0.000042,0.014661,0.000042
ACATCGTATGCAATGG-1,0.00092,0.000044,0.011361,0.548005,0.268911,0.009523,0.012597,0.148267,0.000328,0.000044
ACATCGTTAACCTAGT-1,0.000057,0.267758,0.000115,0.078899,0.000057,0.565197,0.082189,0.000057,0.000057,0.005613
ACATCTCAACGCGTAA-1,0.125684,0.001314,0.0242,0.000028,0.045719,0.184654,0.56044,0.010196,0.000028,0.047737
ACATGCTTACGGCAGC-1,0.000018,0.000018,0.000036,0.068675,0.000018,0.000018,0.000018,0.702904,0.000657,0.22764
ACATGGCGCCAAAGTA-1,0.08936,0.09842,0.031063,0.029749,0.4485,0.011598,0.013616,0.126135,0.025245,0.126315
ACATGGCTCAATTTAG-1,0.000019,0.000019,0.37039,0.000019,0.000019,0.126682,0.502794,0.000019,0.000019,0.000019
ACATTAGTTTATATCC-1,0.00754,0.000029,0.022597,0.107792,0.000029,0.112347,0.000029,0.749581,0.000029,0.000029
ACATTCGCGCGGAATA-1,0.000034,0.000034,0.000068,0.013765,0.019578,0.000034,0.000034,0.592773,0.373646,0.000034
ACATTTGAAACCTAAC-1,0.024629,0.000008,0.030391,0.000008,0.000008,0.000916,0.000008,0.943859,0.000008,0.000163
ACCAAACACCCAGCGA-1,0.027196,0.053647,0.755135,0.038093,0.029698,0.041454,0.03645,0.00001,0.00001,0.018305
ACCAAACTAGAAATCC-1,0.02467,0.00002,0.181011,0.007248,0.020248,0.090437,0.65408,0.00002,0.00002,0.022245
ACCAACACCACACACT-1,0.000605,0.215088,0.309065,0.077324,0.071142,0.260841,0.012175,0.000012,0.000012,0.053735
ACCAACCGCACTCCAC-1,0.065677,0.00002,0.000039,0.00002,0.071705,0.00002,0.008197,0.664733,0.189571,0.00002
ACCAACGCTTATTTAT-1,0.000075,0.000075,0.00015,0.106886,0.040436,0.000075,0.000075,0.743779,0.108373,0.000075
ACCAAGAACGCGTGTC-1,0.001888,0.139042,0.3046,0.054839,0.006329,0.334951,0.114302,0.000019,0.000019,0.044011
ACCAAGTCATCGGCAG-1,0.071503,0.00492,0.013961,0.000012,0.000138,0.014456,0.010523,0.814863,0.039987,0.029636
