Barcode,Topic 1,Topic 2to4,Topic 5to7,Topic 8,Topic 9
AAACAACGAATAGTTC-1,0.000079,0.147261,0.128158,0.636487,0.088015
AAACAAGTATCTCCCA-1,0.000043,0.551959,0.447444,0.000043,0.00051
AAACAATCTACTAGCA-1,0.000127,0.432353,0.063767,0.503625,0.000128
AAACACCAATAACTGC-1,0.000039,0.956471,0.031916,0.011535,0.000039
AAACAGAGCGACTCCT-1,0.000022,0.008889,0.707791,0.000022,0.283276
AAACAGCTTTCAGAAG-1,0.000047,0.09999,0.670601,0.229315,0.000047
AAACAGGGTCTATATT-1,0.000032,0.115894,0.65656,0.217878,0.009635
AAACAGTGTTCCTGGG-1,0.000029,0.955861,0.000088,0.043752,0.000269
AAACATGGTGAGAGGA-1,0.000035,0.999788,0.000106,0.000035,0.000035
AAACATTTCCCGGATT-1,0.000049,0.908153,0.000148,0.000049,0.091601
AAACCACTACACAGAT-1,0.000041,0.7681,0.119884,0.111935,0.000041
AAACCCGAACGAAATC-1,0.000032,0.965838,0.000164,0.000032,0.033934
AAACCGGAAATGTTAA-1,0.000042,0.933781,0.066094,0.000042,0.000042
AAACCGGGTAGGTACC-1,0.000044,0.000132,0.94255,0.000044,0.05723
AAACCGTTCGTCCAGG-1,0.000111,0.000334,0.700223,0.299221,0.000111
AAACCTAAGCAGCCGG-1,0.000053,0.421751,0.15342,0.200496,0.22428
AAACCTCATGAAGTTG-1,0.000043,0.000128,0.999745,0.000043,0.000043
AAACGAAGAACATACC-1,0.000072,0.038853,0.293653,0.097646,0.569775
AAACGAAGATGGAGTA-1,0.000042,0.996574,0.0033,0.000042,0.000042
AAACGACAGTCTTGCC-1,0.000037,0.436913,0.549991,0.013023,0.000037
AAACGAGACGGTTGAT-1,0.000111,0.082848,0.650183,0.251795,0.015063
AAACGCCCGAGATCGG-1,0.000037,0.374194,0.513025,0.112706,0.000037
AAACGCTGGGCACGAC-1,0.000043,0.98891,0.00013,0.000043,0.010874
AAACGGGCGTACGGGT-1,0.000055,0.824958,0.080349,0.057785,0.036853
AAACGGGTTGGTATCC-1,0.000068,0.023555,0.518042,0.382418,0.075917
AAACGGTTGCGAACTG-1,0.000035,0.019697,0.836432,0.064703,0.079134
AAACGTGTTCGCCCTA-1,0.000048,0.944274,0.028992,0.026638,0.000048
AAACTAACGTGGCGAC-1,0.00012,0.658334,0.000361,0.341065,0.00012
AAACTCGGTTCGCAAT-1,0.000131,0.103846,0.552048,0.343844,0.000131
AAACTCGTGATATAAG-1,0.000031,0.914349,0.036114,0.000031,0.049474
AAACTGCTGGCTCCAA-1,0.000153,0.059353,0.619895,0.320445,0.000153
AAACTTAATTGCACGC-1,0.000053,0.979392,0.000158,0.000053,0.020344
AAACTTGCAAACGTAT-1,0.000124,0.000371,0.679691,0.319691,0.000124
AAAGAATGACCTTAGA-1,0.000047,0.965783,0.019247,0.014876,0.000047
AAAGAATGTGGACTAA-1,0.000045,0.922845,0.000134,0.000045,0.076931
AAAGACATGAAGTTTA-1,0.000051,0.030348,0.737251,0.040754,0.191595
AAAGACCCAAGTCGCG-1,0.000166,0.06847,0.514718,0.000166,0.416479
AAAGACTGGGCGCTTT-1,0.000109,0.000326,0.680689,0.119948,0.198928
AAAGCTTGCCTACATA-1,0.00003,0.931454,0.016479,0.00003,0.052007
AAAGGCCCTATAATAC-1,0.000055,0.895984,0.000165,0.075124,0.028673
AAAGGCTACGGACCAT-1,0.000113,0.00034,0.642961,0.356473,0.000113
AAAGGCTCTCGCGCCG-1,0.000289,0.000866,0.321667,0.676889,0.000289
AAAGGGATGTAGCAAG-1,0.000067,0.160724,0.517795,0.047807,0.273607
AAAGGGCAGCTTGAAT-1,0.000065,0.072803,0.660468,0.000065,0.266599
AAAGGTAAGCTGTACC-1,0.000113,0.328947,0.119128,0.457539,0.094272
AAAGGTCAACGACATG-1,0.000064,0.538041,0.141167,0.320664,0.000064
AAAGTAGCATTGCTCA-1,0.000107,0.00032,0.988282,0.011184,0.000107
AAAGTCACTGATGTAA-1,0.000184,0.000552,0.342211,0.649217,0.007835
AAAGTCGACCCTCAGT-1,0.000046,0.031385,0.961542,0.00698,0.000046
AAAGTGCCATCAATTA-1,0.000038,0.99977,0.000115,0.000038,0.000038
AAAGTGTGATTTATCT-1,0.000076,0.097599,0.451613,0.000076,0.450636
AAAGTTGACTCCCGTA-1,0.000082,0.278784,0.339025,0.127981,0.254128
AAATAACCATACGGGA-1,0.000042,0.100855,0.668223,0.000042,0.230839
AAATAAGGTAGTGCCC-1,0.000043,0.792095,0.00013,0.000142,0.207591
AAATACCTATAAGCAT-1,0.000104,0.000311,0.647885,0.351596,0.000104
AAATAGCTTAGACTTT-1,0.000072,0.770422,0.058588,0.170845,0.000072
AAATAGGGTGCTATTG-1,0.000122,0.000365,0.605321,0.39407,0.000122
AAATCACTCCTAAACG-1,0.000044,0.838186,0.0149,0.023828,0.123042
AAATCCGATACACGCC-1,0.000037,0.547389,0.30464,0.147896,0.000037
AAATCGCGGAAGGAGT-1,0.000076,0.966483,0.000228,0.000076,0.033137
AAATCGTGTACCACAA-1,0.000071,0.000212,0.809658,0.000071,0.189988
AAATCTAGCCCTGCTA-1,0.000042,0.934584,0.029145,0.027097,0.009132
AAATCTGCCCGCGTCC-1,0.000044,0.974934,0.016112,0.008866,0.000044
AAATGACTGATCAAAC-1,0.000023,0.94068,0.051702,0.000063,0.007532
AAATGATTCGATCAGC-1,0.000062,0.621182,0.000187,0.015313,0.363256
AAATGCTCGTTACGTT-1,0.000076,0.00023,0.817885,0.000077,0.181733
AAATGGCATGTCTTGT-1,0.000066,0.087786,0.6951,0.000066,0.216982
AAATGGCCCGTGCCCT-1,0.000079,0.128143,0.661293,0.210407,0.000079
AAATGGTCAATGTGCC-1,0.000071,0.000214,0.595272,0.042956,0.361486
AAATGTATCTTATCCC-1,0.000075,0.08147,0.787275,0.127424,0.003757
AAATGTGGGTGCTCCT-1,0.000026,0.000088,0.792928,0.092565,0.114392
AAATTAACGGGTAGCT-1,0.000085,0.027212,0.429251,0.015697,0.527755
AAATTAATAAGCGCGA-1,0.000052,0.047816,0.816633,0.135446,0.000052
AAATTACACGACTCTG-1,0.000042,0.055661,0.614385,0.025923,0.303989
AAATTACCTATCGATG-1,0.000073,0.077016,0.570515,0.27144,0.080955
AAATTCCAGGTCCAAA-1,0.000037,0.792734,0.037276,0.000549,0.169405
AAATTGATAGTCCTTT-1,0.000179,0.071872,0.31895,0.335887,0.273112
AAATTGCGGCGGTTCT-1,0.000075,0.000226,0.507854,0.097858,0.393987
AAATTGGTGAGAAGCA-1,0.000109,0.859234,0.000328,0.140219,0.000109
AAATTTACCGAAATCC-1,0.00005,0.024094,0.760229,0.070212,0.145415
AAATTTGCGGGTGTGG-1,0.000117,0.000351,0.460664,0.181659,0.357209
AACAACTGGTAGTTGC-1,0.000149,0.067249,0.163127,0.437404,0.332071
AACAATACATTGTCGA-1,0.000095,0.042541,0.429139,0.528131,0.000095
AACAATTACTCTACGC-1,0.000136,0.000409,0.398039,0.124843,0.476572
AACACACGCTCGCCGC-1,0.000063,0.079961,0.298064,0.190198,0.431713
AACACGACTGTACTGA-1,0.000092,0.022195,0.103145,0.085092,0.789476
AACACGAGACGCGGCC-1,0.00017,0.064019,0.506454,0.429188,0.00017
AACACGCGGCCGCGAA-1,0.00008,0.149401,0.158315,0.58848,0.103723
AACAGCTGTGTGGCAA-1,0.000196,0.183913,0.181503,0.634193,0.000196
AACAGGAAATCGAATA-1,0.000044,0.007202,0.776694,0.000044,0.216016
AACAGGATGGGCCGCG-1,0.000154,0.080159,0.460329,0.282397,0.176961
AACAGGTAGTATGGAT-1,0.000033,0.769554,0.20238,0.000033,0.027999
AACATAGCGTGTATCG-1,0.000041,0.952238,0.043446,0.000489,0.003786
AACATATCAACTGGTG-1,0.000051,0.193391,0.432598,0.175071,0.198889
AACATCGATACGTCTA-1,0.000062,0.79058,0.000185,0.000062,0.209112
AACATTGAAGTTGATC-1,0.000055,0.979258,0.020576,0.000055,0.000055
AACATTGGTCAGCCGT-1,0.000102,0.045223,0.307753,0.260816,0.386107
AACATTGTGACTCGAG-1,0.000122,0.030445,0.570329,0.357352,0.041753
AACCAAGACTTCTCTG-1,0.00006,0.000179,0.97785,0.00006,0.021852
AACCAGTATCACTCTT-1,0.000054,0.118405,0.735993,0.145492,0.000056
AACCATAGGGTTGAAC-1,0.000082,0.934404,0.06535,0.000082,0.000082
AACCATGGGATCGCTA-1,0.000109,0.062304,0.778227,0.060799,0.098561
AACCCAGAGACGGAGA-1,0.000245,0.117486,0.241309,0.427376,0.213584
AACCCATCCCATGATC-1,0.000052,0.947007,0.052836,0.000052,0.000052
AACCCGACAACCCGTG-1,0.000052,0.384814,0.200537,0.13318,0.281417
AACCCGAGCAGAATCG-1,0.000031,0.999813,0.000094,0.000031,0.000031
AACCCGATAGGGCTTC-1,0.000057,0.941205,0.000171,0.05851,0.000057
AACCCGCTGTATTCCA-1,0.000051,0.867185,0.093241,0.039471,0.000051
AACCCTACTGTCAATA-1,0.000082,0.159776,0.530879,0.301739,0.007524
AACCCTGGTGGAACCA-1,0.000081,0.015063,0.370459,0.342789,0.271608
AACCGAGCTTGGTCAT-1,0.000054,0.000162,0.582951,0.066925,0.349908
AACCGCTAAGGGATGC-1,0.000032,0.019458,0.785261,0.000189,0.19506
AACCGTTGTGTTTGCT-1,0.000083,0.00025,0.820016,0.094063,0.085587
AACCTAAAGCCGTCCG-1,0.00002,0.040576,0.950782,0.008602,0.00002
AACCTCGCTTTAGCCC-1,0.000047,0.062291,0.759299,0.084854,0.093508
AACCTGTCACGGAATT-1,0.000039,0.882363,0.089067,0.000039,0.028493
AACCTTTAAATACGGT-1,0.000211,0.000634,0.540203,0.45874,0.000211
AACCTTTACGACGTCT-1,0.000019,0.000056,0.998851,0.000019,0.001056
AACGAAAGTCGTCCCA-1,0.000027,0.938009,0.061574,0.000028,0.000362
AACGACCTCCTAGCCG-1,0.000038,0.999769,0.000115,0.000038,0.000038
AACGATAATGCCGTAG-1,0.000086,0.000259,0.782035,0.076189,0.141431
AACGATAGAAGGGCCG-1,0.00007,0.008626,0.446819,0.026967,0.517518
AACGATATGTCAACTG-1,0.000095,0.000285,0.497003,0.148855,0.353762
AACGCATGATCTGGGT-1,0.000095,0.353147,0.209111,0.154383,0.283265
AACGCGAACGGCAACA-1,0.000082,0.000247,0.528858,0.078341,0.392472
AACGCGACCTTGGGCG-1,0.000052,0.049322,0.806456,0.032969,0.111201
AACGCGGTCTCCAGCC-1,0.000043,0.004463,0.843752,0.000043,0.1517
AACGCTGTTGCTGAAA-1,0.000092,0.542076,0.289114,0.129402,0.039315
AACGGACGTACGTATA-1,0.000051,0.17203,0.569597,0.105273,0.153049
AACGGCCATCTCCGGT-1,0.00009,0.048466,0.533952,0.186336,0.231156
AACGTACTGTGGGTAC-1,0.000084,0.000254,0.713029,0.039262,0.247371
AACGTAGTCTACCCAT-1,0.000035,0.161408,0.342148,0.170229,0.32618
AACGTCAGACTAGTGG-1,0.000239,0.000719,0.345512,0.280168,0.373362
AACGTCATCCGGCTTG-1,0.000026,0.980055,0.016371,0.003522,0.000026
AACGTCGCTGCACTTC-1,0.000046,0.946405,0.023093,0.000046,0.030411
AACGTGATGAAGGACA-1,0.000037,0.018921,0.886288,0.000037,0.094717
AACGTGCGAAAGTCTC-1,0.000068,0.002568,0.766466,0.210875,0.020023
AACGTTATCAGCACCT-1,0.000076,0.067762,0.646376,0.000076,0.28571
AACGTTCTACCATTGT-1,0.000033,0.854264,0.000099,0.000033,0.145571
AACTACCCGTTTGTCA-1,0.000043,0.915536,0.018309,0.008568,0.057543
AACTAGCGTATCGCAC-1,0.000103,0.077257,0.006121,0.461039,0.45548
AACTAGGCTTGGGTGT-1,0.000354,0.001062,0.509443,0.488787,0.000354
AACTCAAGTTAATTGC-1,0.000162,0.000486,0.041405,0.479072,0.478874
AACTCCAGAGCGTGTT-1,0.000082,0.762642,0.094164,0.011859,0.131253
AACTCCTAATCCCATG-1,0.000061,0.186858,0.256224,0.415114,0.141743
AACTCGATAAACACGT-1,0.000032,0.000095,0.715835,0.000032,0.284007
AACTCGATGGCGCAGT-1,0.000044,0.000131,0.934051,0.000044,0.065731
AACTCTCAATAGAGCG-1,0.000044,0.015291,0.983457,0.001164,0.000044
AACTCTCAGTGTGCTC-1,0.000067,0.000201,0.999599,0.000067,0.000067
AACTGAGGTCAGCGTC-1,0.000086,0.430082,0.328472,0.241274,0.000086
AACTGAGTTATACTGA-1,0.000052,0.842522,0.157321,0.000052,0.000052
AACTGATATTAGGCCT-1,0.000084,0.000254,0.446481,0.000085,0.553097
AACTGGGTCCCGACGT-1,0.000072,0.000215,0.362936,0.013639,0.623139
AACTGGGTTCGAGCCG-1,0.000178,0.000535,0.324595,0.477345,0.197348
AACTGGTGTGGGCCTT-1,0.000153,0.000458,0.008551,0.438013,0.552825
AACTTCTGCGTCTATC-1,0.000053,0.055668,0.819416,0.000053,0.124811
AACTTGCCCGTATGCA-1,0.000144,0.000433,0.758738,0.093642,0.147043
AACTTGCGTTCTCGCG-1,0.000092,0.000277,0.730136,0.000092,0.269403
AACTTTACGGGAGCTT-1,0.00019,0.139895,0.358776,0.500949,0.00019
AACTTTAGCTGCTGAG-1,0.000117,0.104028,0.000351,0.28017,0.615335
AACTTTCTCGATCATG-1,0.000055,0.999671,0.000164,0.000055,0.000055
AAGAAAGTTTGATGGG-1,0.000034,0.997373,0.002525,0.000034,0.000034
AAGAAATCACCAGATT-1,0.00002,0.944242,0.054498,0.00002,0.001221
AAGAAGGATCAGTTAG-1,0.000056,0.023601,0.768049,0.011063,0.197231
AAGACATACGTGGTTT-1,0.000034,0.999796,0.000102,0.000034,0.000034
AAGACCAAATAACTCA-1,0.000055,0.938964,0.000812,0.029174,0.030995
AAGACCCAACTGAACA-1,0.00009,0.048981,0.401903,0.548936,0.00009
AAGACTAACCCGTTGT-1,0.000034,0.101358,0.831539,0.028356,0.038712
AAGACTCACGCCCACT-1,0.000018,0.000054,0.999891,0.000018,0.000018
AAGACTGCAAGCTACT-1,0.000091,0.029521,0.850843,0.080884,0.038661
AAGAGATGAATCGGTA-1,0.000106,0.048212,0.461219,0.000106,0.490357
AAGAGCTCTTTATCGG-1,0.000035,0.000105,0.943861,0.000035,0.055963
AAGAGGATGTACGCGA-1,0.000149,0.036035,0.653989,0.200003,0.109825
AAGAGGCATGGATCGC-1,0.000099,0.000297,0.761287,0.147319,0.090998
AAGAGGCCCTTTGGAA-1,0.00006,0.949627,0.050193,0.00006,0.00006
AAGATGGCACCGGACC-1,0.000035,0.028363,0.876852,0.081282,0.013468
AAGATTGGCGGAACGT-1,0.000033,0.000098,0.928538,0.003428,0.067904
AAGCACCCTGCGTATC-1,0.000042,0.025744,0.896238,0.059598,0.018378
AAGCATACTCTCCTGA-1,0.00006,0.09241,0.791305,0.032643,0.083582
AAGCCACTTGCAGGTA-1,0.000056,0.959829,0.040003,0.000056,0.000056
AAGCCGAAGCGGTTTA-1,0.000094,0.86445,0.000282,0.026535,0.108638
AAGCCGCCGTGAAATC-1,0.000036,0.981122,0.006993,0.000036,0.011814
AAGCCGCTTTACCTTG-1,0.000035,0.824707,0.158332,0.000035,0.016892
AAGCCGGAGAGCAGGA-1,0.000029,0.974274,0.024723,0.000029,0.000944
AAGCGCAGGGCTTTGA-1,0.000039,0.091738,0.765406,0.035288,0.107529
AAGCGGAGTGCGCGCA-1,0.000061,0.903383,0.000185,0.096309,0.000061
AAGCGGCGTCATGGGT-1,0.000056,0.013557,0.724365,0.219166,0.042855
AAGCGTCCCTCATCGA-1,0.00008,0.091508,0.670928,0.146908,0.090576
AAGCTAGATCGAGTAA-1,0.000035,0.000105,0.99979,0.000035,0.000035
AAGCTATGGATTGACC-1,0.000025,0.999853,0.000074,0.000025,0.000025
AAGCTCGTGCCAAGTC-1,0.000076,0.047024,0.307654,0.000076,0.64517
AAGCTCTTTCATGGTG-1,0.000064,0.176911,0.397814,0.091827,0.333384
AAGGAGAACTTATAAG-1,0.000067,0.000202,0.534161,0.0135,0.45207
AAGGAGCGGTTGGTGC-1,0.00013,0.000391,0.268233,0.143063,0.588182
AAGGATCGATCGCTTG-1,0.000037,0.972586,0.027301,0.000037,0.000037
AAGGATGAGGGACCTC-1,0.000046,0.00014,0.88528,0.01617,0.098364
AAGGCAGGCTGTCTCC-1,0.000034,0.996302,0.000101,0.003529,0.000034
AAGGCGCGTAAAGCTT-1,0.000114,0.125001,0.000342,0.219108,0.655435
AAGGCTGTGCTCATCG-1,0.000084,0.155684,0.163424,0.04938,0.631427
AAGGGAACGACTGGCT-1,0.000053,0.890042,0.065542,0.044311,0.000053
AAGGGACAGATTCTGT-1,0.000083,0.021058,0.771168,0.183368,0.024322
AAGGGACTATGCATTC-1,0.000075,0.757516,0.068415,0.078347,0.095646
AAGGGTTAGCCATGCG-1,0.000039,0.955445,0.000116,0.008065,0.036336
AAGGGTTTGATTTCAG-1,0.000041,0.862192,0.137684,0.000041,0.000041
AAGGTATCCTAATATA-1,0.000076,0.000227,0.60716,0.02547,0.367067
AAGGTGATAAACCAGC-1,0.000034,0.035948,0.891864,0.000034,0.07212
AAGTAAGCTTCCAAAC-1,0.000059,0.000178,0.000178,0.512207,0.487378
AAGTAGAAGACCGGGT-1,0.000079,0.000236,0.406154,0.000079,0.593453
AAGTAGTGACGCGAGG-1,0.000068,0.000204,0.577965,0.000068,0.421695
AAGTCAATTGTCGTCA-1,0.000075,0.639402,0.107543,0.186171,0.066809
AAGTCTAGTAGCTGCC-1,0.000042,0.877762,0.000126,0.021796,0.100274
AAGTCTTCTGTGGCCT-1,0.000086,0.497098,0.022749,0.234912,0.245155
AAGTGACGACCGAATT-1,0.00011,0.037289,0.610685,0.202018,0.149896
AAGTGAGTCGGGTTTA-1,0.000067,0.034243,0.7147,0.078167,0.172823
AAGTGCAAAGGTAGAC-1,0.000082,0.017826,0.870767,0.000082,0.111244
AAGTGCCTTGACTGTA-1,0.000066,0.89429,0.09333,0.000066,0.012249
AAGTGCGTTAGAATCT-1,0.000106,0.050185,0.669039,0.280564,0.000106
AAGTGCTTCTCTATTG-1,0.000069,0.815569,0.066952,0.116197,0.001212
AAGTGTTTGGAGACGG-1,0.000207,0.055486,0.258167,0.685932,0.000207
AAGTTCACTCCAAGCT-1,0.000111,0.077313,0.771663,0.150802,0.000111
AAGTTCAGTCTGCGTA-1,0.000041,0.355106,0.334285,0.076668,0.233899
AAGTTCGGCCAACAGG-1,0.000085,0.053826,0.773876,0.099056,0.073157
AAGTTGTGATGTTATA-1,0.000106,0.971312,0.000318,0.028159,0.000106
AAGTTTACTAATGGCA-1,0.000088,0.000264,0.564667,0.008244,0.426737
AAGTTTATGGGCCCAA-1,0.000117,0.06533,0.479384,0.454991,0.000179
AATAACAACGCTCGGC-1,0.000071,0.000213,0.649662,0.068441,0.281614
AATAACACTAGAACAA-1,0.000259,0.048611,0.389228,0.561643,0.000259
AATAACGTCGCGCCCA-1,0.000013,0.783401,0.21656,0.000013,0.000013
AATAAGTCCTCGAGAC-1,0.000042,0.008821,0.902623,0.008677,0.079838
AATAATCTTCGTATCG-1,0.000043,0.999743,0.000129,0.000043,0.000043
AATACAATGTTTCAGG-1,0.000096,0.006946,0.446523,0.026158,0.520276
AATACCGGAGGGCTGT-1,0.000041,0.827402,0.016521,0.090155,0.06588
AATACCTGATGTGAAC-1,0.000044,0.98455,0.000133,0.000044,0.015228
AATAGAACAGAGTGGC-1,0.000053,0.00016,0.844662,0.004419,0.150705
AATAGAATCTGTTTCA-1,0.000083,0.007499,0.789327,0.203009,0.000083
AATAGCAAGCCTCCTG-1,0.000126,0.524806,0.154787,0.320154,0.000126
AATAGCTACCGCGTGC-1,0.000046,0.772324,0.00014,0.025406,0.202084
AATAGGCACGACCCTT-1,0.00003,0.952655,0.047257,0.00003,0.00003
AATAGTCCGTCCCGAC-1,0.000162,0.011047,0.742376,0.211931,0.034484
AATAGTCGCGAGTCGG-1,0.000116,0.147801,0.540245,0.303366,0.008473
AATATCAAGGTCGGAT-1,0.000169,0.095817,0.405462,0.464059,0.034493
AATATCCTAGCAAACT-1,0.000036,0.878737,0.022954,0.008724,0.08955
AATATCGAATCAATGC-1,0.000059,0.95154,0.048284,0.000059,0.000059
AATATCGAGGGTTCTC-1,0.00007,0.129672,0.689565,0.100024,0.080668
AATATTGGAGTATTGA-1,0.000175,0.110202,0.568188,0.243238,0.078197
AATCAGACTGCAGGAC-1,0.00009,0.000269,0.300801,0.240221,0.458619
AATCAGGTTTCATTTA-1,0.000056,0.989259,0.000169,0.01046,0.000056
AATCATGTAAAGACTC-1,0.000066,0.79052,0.055532,0.104988,0.048894
AATCCAAGGGCCTGAG-1,0.00012,0.000361,0.000361,0.132984,0.866175
AATCCATGCAAGGGTG-1,0.000054,0.000161,0.846774,0.020618,0.132394
AATCCCGCTCAGAGCC-1,0.000039,0.905085,0.08343,0.001986,0.00946
AATCGAGGTCTCAAGG-1,0.000033,0.969686,0.030214,0.000033,0.000033
AATCGCCTCAGCGCCA-1,0.000146,0.02165,0.579939,0.398119,0.000146
AATCGCGCAGAGGACT-1,0.000044,0.967325,0.010634,0.021952,0.000044
AATCGGGACACTACGA-1,0.000084,0.000252,0.552272,0.027418,0.419974
AATCGGTATAGCCCTC-1,0.000039,0.853906,0.000116,0.000039,0.1459
AATCGTGAGCCGAGCA-1,0.000053,0.71481,0.086768,0.071034,0.127335
AATCTAGGTTTACTTG-1,0.0001,0.516517,0.068174,0.182846,0.232362
AATCTATGCCGGAGCC-1,0.000056,0.794376,0.048363,0.016329,0.140876
AATCTCTACTGTGGTT-1,0.000181,0.135783,0.479565,0.384289,0.000181
AATCTGCGTTGGGACG-1,0.000023,0.000068,0.999865,0.000023,0.000023
AATCTGGCTTTCTAGT-1,0.000084,0.372651,0.174292,0.191246,0.261727
AATCTGGGTAGACCCT-1,0.000091,0.23334,0.368227,0.398251,0.000091
AATGACAGCAATGTCT-1,0.000134,0.019659,0.686164,0.29391,0.000134
AATGACGTAGGATGTC-1,0.000179,0.000538,0.674124,0.324979,0.000179
AATGACTGTCAGCCGG-1,0.000122,0.000365,0.077483,0.172541,0.74949
AATGAGTTCGCATATG-1,0.000109,0.000328,0.702453,0.084893,0.212216
AATGATGATACGCTAT-1,0.000032,0.056753,0.760221,0.000032,0.182961
AATGATGCGACTCCTG-1,0.000132,0.337232,0.213407,0.276522,0.172707
AATGCAACCGGGTACC-1,0.000058,0.064656,0.591398,0.010605,0.333282
AATGCACCAAGCAATG-1,0.000128,0.000386,0.591134,0.408223,0.000129
AATGGCCGCCAATGCG-1,0.000086,0.816071,0.000259,0.181666,0.001918
AATGGTCCACCGTTCA-1,0.000165,0.000496,0.687611,0.200395,0.111332
AATGGTTCTCACAAGC-1,0.000101,0.000304,0.258954,0.000101,0.740539
AATGTATGGCACTGTA-1,0.000056,0.919714,0.075818,0.004355,0.000056
AATGTGCCCGAGGTGT-1,0.000097,0.143403,0.674036,0.182367,0.000097
AATGTGCTAATCTGAG-1,0.00006,0.908799,0.072143,0.00006,0.018938
AATGTTAAGACCCTGA-1,0.000039,0.950133,0.034831,0.000039,0.014958
AATGTTGTCGTGAGAC-1,0.000059,0.999644,0.000178,0.000059,0.000059
AATTAAAGGTCGGCGT-1,0.000105,0.000315,0.242727,0.149311,0.607542
AATTAACGGATTTCCA-1,0.000053,0.066032,0.796565,0.060868,0.076481
AATTACGAGACCCATC-1,0.000041,0.985728,0.014148,0.000041,0.000041
AATTACTCGTACGCTC-1,0.000097,0.04528,0.58499,0.000627,0.369006
AATTAGCGCTGCAGCG-1,0.000117,0.065211,0.586361,0.348193,0.000117
AATTATACCCAGCAAG-1,0.000051,0.950811,0.032227,0.000051,0.01686
AATTCATAAGGGATCT-1,0.000027,0.013362,0.773422,0.000027,0.213162
AATTCATTGTCATGCA-1,0.000047,0.999716,0.000142,0.000047,0.000047
AATTCCAACTTGGTGA-1,0.000031,0.036937,0.692174,0.000031,0.270827
AATTCCAAGCATGTAC-1,0.000093,0.031363,0.637431,0.330347,0.000766
AATTCGATTCGAGGAT-1,0.000068,0.149714,0.335668,0.12124,0.39331
AATTCTAGAGTTAGGC-1,0.000142,0.000427,0.805776,0.193513,0.000142
AATTGAACGCTCTGGT-1,0.000142,0.04918,0.558534,0.365986,0.026158
AATTGCAGCAATCGAC-1,0.000059,0.903904,0.006937,0.000059,0.089039
AATTGCGTGGATTACA-1,0.00007,0.971084,0.028706,0.00007,0.00007
AATTGTGGTTGCCAAA-1,0.000027,0.908134,0.00008,0.000027,0.091733
AATTTGGGACATAGTA-1,0.000082,0.015768,0.85272,0.049958,0.081471
AATTTGGTTCCAAAGA-1,0.000085,0.020006,0.467404,0.000085,0.51242
ACAAACCATGCGTCCT-1,0.000039,0.947838,0.048942,0.000039,0.003141
ACAAACCGACAAGGCG-1,0.000043,0.093701,0.650197,0.03416,0.221898
ACAAACTCCATCAGAG-1,0.000031,0.96408,0.031925,0.000031,0.003933
ACAAAGAAGGTAGGCC-1,0.00004,0.824294,0.033138,0.077506,0.065022
ACAAAGCATGACCTAG-1,0.000035,0.907051,0.004595,0.070799,0.01752
ACAAATCGCACCGAAT-1,0.000082,0.101259,0.745686,0.152892,0.000082
ACAAATGGTAGTGTTT-1,0.000086,0.018178,0.733547,0.067779,0.18041
ACAAATTCAGATCTGA-1,0.000055,0.485495,0.204273,0.310121,0.000055
ACAACAGCATGAGCTA-1,0.000058,0.000175,0.760485,0.010648,0.228633
ACAACGGTCCCTGCGA-1,0.000075,0.012739,0.546352,0.000888,0.439946
ACAAGCAGTGCCTAGC-1,0.000067,0.000201,0.903634,0.008803,0.087296
ACAAGCTATATGGAAG-1,0.00004,0.520882,0.271848,0.105612,0.101618
ACAAGGAAATCCGCCC-1,0.000066,0.066727,0.748221,0.021075,0.16391
ACAAGGACAAGAGGTT-1,0.000081,0.043992,0.000244,0.134255,0.821428
ACAAGGATGCTTTAGG-1,0.000047,0.474229,0.357227,0.147672,0.020825
ACAAGGCCTACCAGCC-1,0.000086,0.116657,0.441761,0.4316,0.009896
ACAAGGGCAGGCTCTG-1,0.000082,0.000246,0.752619,0.082831,0.164223
ACAAGTAATTGTAAGG-1,0.000053,0.960672,0.039168,0.000053,0.000053
ACAATAGTCGTACGTT-1,0.000078,0.027648,0.954326,0.000079,0.017869
ACAATCCATTTAAACC-1,0.00008,0.000241,0.704053,0.096503,0.199122
ACAATCGATCTTTATA-1,0.000091,0.081235,0.522632,0.39595,0.000091
ACAATGAATACGGAGA-1,0.00009,0.000269,0.706888,0.292664,0.00009
ACAATGATTCTTCTAC-1,0.00006,0.756243,0.096418,0.14722,0.00006
ACAATTGTGTCTCTTT-1,0.000095,0.429527,0.065434,0.244079,0.260866
ACAATTTAGGAGGCTC-1,0.00019,0.047137,0.484617,0.467866,0.00019
ACAATTTGAGCAGTGG-1,0.00011,0.02605,0.86207,0.111659,0.000111
ACAATTTGGCCATATT-1,0.000058,0.972133,0.000174,0.000058,0.027577
ACACAAAGACGGGTGG-1,0.000091,0.000273,0.834129,0.101029,0.064478
ACACAAATATTCCTAG-1,0.000055,0.932465,0.000165,0.067259,0.000055
ACACACCAGGACCAGT-1,0.000032,0.028837,0.889788,0.000032,0.08131
ACACACTTTCTACACG-1,0.000081,0.013324,0.745629,0.001071,0.239896
ACACATGATCAAATCT-1,0.000034,0.995229,0.004669,0.000034,0.000034
ACACATTGACGCAACA-1,0.000074,0.000223,0.817847,0.085629,0.096227
ACACATTTCCGTAGAC-1,0.000055,0.681623,0.279207,0.000055,0.03906
ACACCACATAATTAGC-1,0.000048,0.959579,0.000144,0.000048,0.04018
ACACCCAGCATGCAGC-1,0.000176,0.00053,0.472113,0.184164,0.343016
ACACCCGAGAAATCCG-1,0.000131,0.015347,0.000393,0.686171,0.297959
ACACCCGTAAATCTGT-1,0.000032,0.832654,0.097806,0.012594,0.056914
ACACCGAGCGCTCTTT-1,0.000046,0.10705,0.770597,0.000046,0.122259
ACACCGGTCTGACCGC-1,0.000065,0.967713,0.025944,0.006213,0.000065
ACACCTTAAGTAGGGC-1,0.000158,0.090623,0.000473,0.19165,0.717096
ACACCTTACTACTTGC-1,0.000057,0.907473,0.037849,0.043504,0.011117
ACACGAGACTCCTTCT-1,0.000065,0.000196,0.906401,0.000065,0.093273
ACACGGCACTATGCAT-1,0.00005,0.00015,0.902881,0.00005,0.09687
ACACGGGAACTTAGGG-1,0.000087,0.021617,0.600207,0.000087,0.378001
ACACGTAGGCCACAAG-1,0.000049,0.776161,0.216112,0.000049,0.007628
ACACTCCAATGTCACT-1,0.000068,0.03582,0.855642,0.000068,0.108402
ACACTGATCAAGGTGT-1,0.00013,0.000391,0.342393,0.05794,0.599145
ACACTGGGACAGTCGT-1,0.000039,0.999765,0.000117,0.000039,0.000039
ACAGAACTGAGAACAA-1,0.000128,0.112596,0.431794,0.455355,0.000128
ACAGATTAGGTTAGTG-1,0.000112,0.000337,0.494563,0.000112,0.504876
ACAGCATAGAGCCAGT-1,0.000088,0.000265,0.839201,0.000088,0.160357
ACAGCGACATTCTCAT-1,0.000093,0.816987,0.000279,0.089667,0.092974
ACAGCGCACCCGCAGC-1,0.000101,0.000302,0.746582,0.079255,0.173761
ACAGGAGGCGCAGCCG-1,0.000037,0.021611,0.905226,0.040862,0.032263
ACAGGCACGGATCCTT-1,0.000068,0.956941,0.000205,0.000068,0.042717
ACAGGCTTGCCCGACT-1,0.000033,0.0001,0.905711,0.063259,0.030898
ACAGGTGGAGGTGAGG-1,0.000139,0.000419,0.380724,0.302204,0.316514
ACAGGTGTGTTGTTGC-1,0.000034,0.374063,0.603238,0.004169,0.018497
ACAGTAATACAACTTG-1,0.000036,0.073159,0.864084,0.008415,0.054306
ACAGTATACCGTGGGA-1,0.000038,0.755404,0.119718,0.000038,0.124803
ACAGTGCAGCGCATTT-1,0.000096,0.599397,0.063986,0.336426,0.000096
ACATAAGTCGTGGTGA-1,0.000044,0.944184,0.034452,0.003755,0.017565
ACATAATAAGGCGGTG-1,0.000086,0.066431,0.178287,0.051426,0.70377
ACATACAATCAAGCGG-1,0.000059,0.919165,0.060521,0.002403,0.017852
ACATCAGCTGGGACGC-1,0.000102,0.034159,0.806244,0.159392,0.000102
ACATCCCGGCCATACG-1,0.000062,0.019707,0.974159,0.000062,0.00601
ACATCCTGGTAACTGT-1,0.000078,0.735243,0.000235,0.093077,0.171366
ACATCGATCGTTTACC-1,0.000183,0.011473,0.626278,0.232023,0.130043
ACATCGCAATATTCGG-1,0.000024,0.999856,0.000072,0.000024,0.000024
ACATCGGTCAGCCGCG-1,0.000116,0.009698,0.418134,0.104172,0.46788
ACATCGTATGCAATGG-1,0.000191,0.021284,0.603018,0.375315,0.000191
ACATCGTTAACCTAGT-1,0.000081,0.000244,0.662302,0.014068,0.323303
ACATCTCAACGCGTAA-1,0.000044,0.018043,0.519235,0.197178,0.2655
ACATGCTTACGGCAGC-1,0.000059,0.952149,0.034076,0.000059,0.013657
ACATGGCGCCAAAGTA-1,0.000102,0.494514,0.242037,0.263245,0.000102
ACATGGCTCAATTTAG-1,0.000054,0.030016,0.940233,0.000054,0.029643
ACATTAGTTTATATCC-1,0.000137,0.000412,0.762372,0.199878,0.0372
ACATTCGCGCGGAATA-1,0.000044,0.94415,0.000131,0.000044,0.055632
ACATTTGAAACCTAAC-1,0.000031,0.912981,0.000095,0.001229,0.085664
ACCAAACACCCAGCGA-1,0.000029,0.741706,0.088787,0.004574,0.164904
ACCAAACTAGAAATCC-1,0.00002,0.000061,0.918732,0.001014,0.080173
ACCAACACCACACACT-1,0.000049,0.788198,0.046559,0.003713,0.161482
ACCAACCGCACTCCAC-1,0.000048,0.904467,0.010454,0.000048,0.084983
ACCAACGCTTATTTAT-1,0.000143,0.00043,0.653896,0.196516,0.149015
ACCAAGAACGCGTGTC-1,0.000104,0.000312,0.102451,0.179453,0.71768
ACCAAGTCATCGGCAG-1,0.000058,0.975622,0.008088,0.000058,0.016174
ACCAATATGCAAGTTA-1,0.000182,0.049419,0.304399,0.503086,0.142915
ACCACAACTCAGAACA-1,0.000039,0.060247,0.922976,0.01531,0.001428
ACCACAAGTTTCTATC-1,0.000064,0.000193,0.622052,0.025722,0.351969
ACCACACGGTTGATGG-1,0.000049,0.950052,0.046586,0.002202,0.001111
ACCACCAATGTAACAA-1,0.000033,0.672383,0.273632,0.000033,0.053918
ACCACCCTCTCTTCTA-1,0.000021,0.826666,0.173272,0.000021,0.000021
ACCACGTGCAGCTATA-1,0.000083,0.029585,0.970166,0.000083,0.000083
ACCACTGTTCAAGAAG-1,0.000062,0.023014,0.747555,0.042986,0.186383
ACCAGACCATAACAAC-1,0.000028,0.150066,0.730365,0.118391,0.00115
ACCAGCCCGGTCTTTG-1,0.000054,0.168207,0.546822,0.144353,0.140564
ACCAGGAGTGTGATCT-1,0.000108,0.000324,0.360635,0.172646,0.466288
ACCAGTGCCCGGTCAA-1,0.000136,0.11342,0.334438,0.393132,0.158874
ACCAGTGCGGGAGACG-1,0.000048,0.124511,0.733697,0.014242,0.127502
ACCATATCCGCAATAA-1,0.000042,0.000126,0.545581,0.003232,0.45102
ACCATCCGCCAACTAG-1,0.000049,0.037215,0.962637,0.000049,0.000049
ACCATCGTATATGGTA-1,0.000101,0.000304,0.075179,0.090195,0.834221
ACCATTAAGGGTGTCA-1,0.000043,0.000129,0.97841,0.000043,0.021375
ACCCAACGCCCGTGGC-1,0.000059,0.000178,0.691457,0.010751,0.297555
ACCCACCTACATGCTC-1,0.000063,0.000188,0.703905,0.000063,0.295782
ACCCATCTTGAGGGTA-1,0.000137,0.00041,0.067411,0.088769,0.843274
ACCCATTTGTCCCTCT-1,0.000095,0.839187,0.000284,0.017618,0.142816
ACCCGAGCGAAATTAC-1,0.000066,0.44039,0.250883,0.107339,0.201322
ACCCGATTGGTTCCGA-1,0.000057,0.908956,0.031307,0.000057,0.059622
ACCCGGAAACTCCCAG-1,0.000126,0.000379,0.439261,0.359858,0.200376
ACCCGGAGCACCACAA-1,0.000039,0.940584,0.022531,0.036806,0.000039
ACCCGGATGACGCATC-1,0.000057,0.370113,0.469837,0.072071,0.087922
ACCCGGTTACACTTCC-1,0.000155,0.006435,0.398654,0.123038,0.471718
ACCCGTAGCAGAGAAT-1,0.000059,0.949428,0.04586,0.004594,0.000059
ACCCGTAGTCTAGTTG-1,0.000054,0.994216,0.000161,0.005514,0.000054
ACCCGTGTCATCAGTA-1,0.000296,0.07701,0.449583,0.472814,0.000296
ACCCTATAGGACTGAG-1,0.000099,0.020723,0.172242,0.043324,0.763612
ACCCTATGCCATATCG-1,0.000158,0.009299,0.689337,0.301047,0.000158
ACCCTCCCGTCAGGGC-1,0.000045,0.934423,0.020196,0.004703,0.040633
ACCCTCCCTTGCTATT-1,0.000096,0.11725,0.768511,0.114047,0.000096
ACCCTGGTAACGCCCT-1,0.000033,0.769442,0.060184,0.000033,0.170307
ACCCTTCATCTGCGAA-1,0.000099,0.0133,0.56687,0.054174,0.365556
ACCCTTGCCTGGGTCG-1,0.000062,0.950424,0.000187,0.049265,0.000062
ACCCTTTAGTTCTCCA-1,0.000054,0.000163,0.979702,0.010827,0.009253
ACCGAAAGGGCCCTGC-1,0.000091,0.010856,0.746732,0.015803,0.226518
ACCGAAGAGTCTGGTT-1,0.000056,0.989505,0.010325,0.000056,0.000056
ACCGACACATCTCCCA-1,0.000047,0.058134,0.927039,0.014733,0.000047
ACCGACTGAGTCCCAC-1,0.000103,0.097991,0.493795,0.020866,0.387245
ACCGAGTCTCCTTATT-1,0.000042,0.916605,0.064439,0.000042,0.018871
ACCGATAGGCATAACC-1,0.000031,0.792579,0.097277,0.000031,0.110081
ACCGATATTTAATCAT-1,0.00003,0.684079,0.311927,0.00003,0.003934
ACCGATGGTAGCATCG-1,0.000055,0.034455,0.728411,0.137351,0.099729
ACCGCAATAACTGCCT-1,0.00016,0.035556,0.532876,0.431247,0.00016
ACCGCGGTGGAAGTCG-1,0.000069,0.964319,0.000209,0.00007,0.035333
ACCGCTAGTCATTGGT-1,0.000051,0.933403,0.013649,0.052846,0.000051
ACCGGGCCTTTGTTGA-1,0.000083,0.456734,0.116762,0.207991,0.218431
ACCGGTCAGGTACACC-1,0.000045,0.96534,0.022457,0.000045,0.012112
ACCGGTCTGAGTACGG-1,0.000075,0.08973,0.305098,0.411386,0.193712
ACCGTCCACTGGGCCC-1,0.00003,0.932308,0.0617,0.000276,0.005686
ACCGTGACCACGTGGG-1,0.000048,0.050251,0.504197,0.098457,0.347046
ACCGTTCCCGCTCTGA-1,0.000062,0.000187,0.879934,0.000062,0.119755
ACCTAAGTACCTTTCA-1,0.000068,0.028217,0.885589,0.000068,0.086059
ACCTAATCGACTTCCT-1,0.000079,0.000237,0.756361,0.048709,0.194613
ACCTACAGTATGTGGT-1,0.000049,0.459108,0.540745,0.000049,0.000049
ACCTACTATAAATCTA-1,0.000175,0.000525,0.515884,0.474625,0.008791
ACCTCAGCGAGGCGCA-1,0.000033,0.888176,0.073967,0.011383,0.026441
ACCTCCGCCCTCGCTG-1,0.000071,0.937004,0.027034,0.01554,0.020351
ACCTCCGTTATTCACC-1,0.000066,0.906899,0.092901,0.000067,0.000067
ACCTCGAACTTATGCT-1,0.000076,0.940885,0.05715,0.001812,0.000076
ACCTGCGTGTCATGTT-1,0.00017,0.163557,0.446546,0.389557,0.00017
ACCTTTCCTTTAGAAG-1,0.000116,0.07155,0.234104,0.405913,0.288317
ACGAAATGGGCGGCAC-1,0.000081,0.000244,0.914971,0.060049,0.024654
ACGACCCATGAGTTGC-1,0.000047,0.999204,0.000654,0.000047,0.000047
ACGACTCTAGGGCCGA-1,0.000053,0.893857,0.044401,0.002236,0.059452
ACGACTGGTCATACTC-1,0.000034,0.426129,0.448077,0.095035,0.030725
ACGAGAACCCATCACG-1,0.000114,0.01985,0.000341,0.401703,0.577993
ACGAGATATTTGCTTA-1,0.000102,0.019569,0.965941,0.000102,0.014286
ACGAGGATACCACTCT-1,0.000059,0.047566,0.82951,0.122805,0.000059
ACGAGGTTTACAACGT-1,0.000072,0.910129,0.027501,0.000111,0.062186
ACGAGTACGGATGCCC-1,0.000129,0.403699,0.162698,0.433345,0.000129
ACGAGTCGCCGGCGTT-1,0.000033,0.048132,0.650836,0.008772,0.292227
ACGATACATAGAACTA-1,0.000041,0.000122,0.98152,0.000041,0.018277
ACGATACCTATCCTGA-1,0.000058,0.257605,0.592499,0.109868,0.03997
ACGATCATACATAGAG-1,0.000095,0.000285,0.728248,0.000095,0.271278
ACGATCATCTTGTAAA-1,0.00011,0.365105,0.341071,0.241994,0.051721
ACGATGCATATGTTAT-1,0.000186,0.00056,0.00056,0.380384,0.61831
ACGATGGATCCGATGC-1,0.000049,0.013782,0.791194,0.000049,0.194926
ACGCAAACTAATAGAT-1,0.000079,0.046203,0.61183,0.338075,0.003813
ACGCAATCACTACAGC-1,0.000066,0.728427,0.011229,0.000066,0.260212
ACGCATAAATGACATG-1,0.000062,0.653216,0.155749,0.190912,0.000062
ACGCATACGTTTACTA-1,0.000098,0.880982,0.05553,0.020188,0.043202
ACGCATTCGTGAGTAC-1,0.000065,0.012033,0.897543,0.000065,0.090294
ACGCCACTCGAAACAG-1,0.000035,0.857514,0.100889,0.000035,0.041526
ACGCCAGATGATTTCT-1,0.000113,0.000338,0.573164,0.171508,0.254877
ACGCCAGTGCGTTTGC-1,0.00006,0.964007,0.017048,0.018826,0.00006
ACGCCCAGCTGTCGAT-1,0.000047,0.000141,0.541335,0.000274,0.458203
ACGCCGCTAGACGACC-1,0.000212,0.000635,0.510837,0.488104,0.000212
ACGCCTGACACGCGCT-1,0.000044,0.34892,0.495793,0.129936,0.025306
ACGCGAAGTCAGACGA-1,0.000073,0.000219,0.633571,0.035873,0.330263
ACGCGCTACACAGGGT-1,0.000075,0.077971,0.394974,0.09474,0.43224
ACGCGGGCCAAGGACA-1,0.000097,0.000291,0.511509,0.247203,0.240901
ACGCGTTTCTTAAGAG-1,0.00008,0.138782,0.772949,0.049496,0.038693
ACGCTACTGAATGGGC-1,0.000047,0.999719,0.00014,0.000047,0.000047
ACGCTAGTATCAGTGC-1,0.00005,0.758039,0.093762,0.063743,0.084406
ACGCTAGTGATACACT-1,0.000104,0.207151,0.418027,0.31193,0.062788
ACGCTGTGAGGCGTAG-1,0.000185,0.07057,0.597716,0.325857,0.005673
ACGCTTAGTGTCTCTC-1,0.000023,0.017889,0.982043,0.000023,0.000023
ACGGAACACGAGTGCC-1,0.000067,0.989628,0.01017,0.000067,0.000067
ACGGAATTTAGCAAAT-1,0.000073,0.000218,0.584695,0.004345,0.410669
ACGGACGCAGCGACAA-1,0.000056,0.975769,0.000168,0.023951,0.000056
ACGGACTCTCAAAGCG-1,0.000056,0.041191,0.838081,0.079072,0.041601
ACGGAGCGCAAATTAC-1,0.000061,0.571769,0.07536,0.205028,0.147782
ACGGATGGTGCGGATA-1,0.000073,0.020471,0.774712,0.20467,0.000073
ACGGCACTTGCTTGGG-1,0.000101,0.000302,0.499015,0.143374,0.357209
ACGGCCAACATGGACT-1,0.000261,0.046463,0.448599,0.504415,0.000262
ACGGCGACGATGGGAA-1,0.000163,0.000489,0.701641,0.297544,0.000163
ACGGCGGGTTGCCCTG-1,0.000111,0.000333,0.132764,0.577157,0.289635
ACGGCTGGATGTAGAA-1,0.000029,0.988898,0.010442,0.000029,0.000601
ACGGGAGTGTCGGCCC-1,0.000114,0.073682,0.862699,0.06339,0.000115
ACGGGCGTATGCGACA-1,0.000039,0.989515,0.000116,0.010291,0.000039
ACGGGTCATGTGACTT-1,0.000081,0.006576,0.530161,0.000081,0.4631
ACGGGTTGTGACCTGT-1,0.000042,0.99975,0.000125,0.000042,0.000042
ACGGTACAGTTCAATG-1,0.000055,0.999671,0.000165,0.000055,0.000055
ACGGTCACCGAGAACA-1,0.000046,0.98385,0.016013,0.000046,0.000046
ACGTACAGATTTCTCT-1,0.000065,0.000194,0.931597,0.000065,0.068079
ACGTACTTTGGCACGG-1,0.000067,0.949917,0.000202,0.049745,0.000067
ACGTAGATTGCTGATG-1,0.000102,0.039045,0.677731,0.000102,0.28302
ACGTAGGAGAGTCGCT-1,0.000092,0.376414,0.079737,0.481104,0.062652
ACGTATTACTCCGATC-1,0.00009,0.147818,0.363499,0.169789,0.318804
ACGTCCTAAACGAGAT-1,0.000135,0.009333,0.072616,0.226183,0.691733
ACGTCGGGCAACTCGG-1,0.00005,0.913032,0.049532,0.00005,0.037336
ACGTCTCGTTCCGGGA-1,0.000033,0.793427,0.076261,0.006268,0.124011
ACGTGACAAAGTAAGT-1,0.000032,0.926949,0.007195,0.000032,0.065792
ACGTGCGCCTCGTGCA-1,0.000092,0.039403,0.236315,0.000092,0.724097
ACGTGGTCGAATGTGC-1,0.000043,0.028807,0.718687,0.249834,0.002629
ACGTTAATGTCGAAGA-1,0.000208,0.000623,0.518059,0.480902,0.000208
ACGTTAGATTTGCCCG-1,0.000133,0.0082,0.46965,0.150448,0.371569
ACGTTATTGGTCACTC-1,0.000073,0.00022,0.767882,0.026023,0.205802
ACGTTCACTATGCCGC-1,0.000058,0.905139,0.008651,0.086093,0.000058
ACGTTCCGCGCTCCGT-1,0.000148,0.008813,0.312518,0.339189,0.339332
ACGTTCGCAATCAATT-1,0.00008,0.921981,0.031112,0.046747,0.00008
ACGTTCGTTCAGGAAA-1,0.000052,0.059652,0.883207,0.016971,0.040117
ACGTTCTGTACAAGTC-1,0.000075,0.893776,0.057087,0.000075,0.048986
ACGTTGTCGTTGAAAG-1,0.000034,0.999796,0.000102,0.000034,0.000034
ACGTTTAGTTGTGATC-1,0.000081,0.000244,0.888652,0.000081,0.110941
ACGTTTCGGTGCACTT-1,0.000038,0.806313,0.000949,0.000038,0.192663
ACTAAGGACGCACACC-1,0.00006,0.895492,0.000181,0.094048,0.010219
ACTAATACGTCAGGCG-1,0.00006,0.022708,0.839026,0.043263,0.094942
ACTACAAAGAGAGGTG-1,0.00006,0.840317,0.027583,0.073279,0.058761
ACTACATCCCGACAAG-1,0.000034,0.965069,0.000101,0.034763,0.000034
ACTACCAGCTCTCTGG-1,0.000307,0.228649,0.120014,0.506828,0.144203
ACTACCATCCGAGGGC-1,0.000067,0.97045,0.029349,0.000067,0.000067
ACTACGCGTTAGAATT-1,0.000239,0.000717,0.39388,0.604925,0.000239
ACTAGTTGCGATCGTC-1,0.000074,0.851462,0.085704,0.0181,0.04466
ACTATATGCTGTGTTC-1,0.000056,0.237436,0.762396,0.000056,0.000056
ACTATCCAGGGCATGG-1,0.000082,0.806621,0.000247,0.037712,0.155338
ACTATCGCCGGCTAAA-1,0.000041,0.036306,0.963318,0.000041,0.000294
ACTATCTGCCCGCGTA-1,0.000045,0.943242,0.000136,0.000045,0.056532
ACTATGTCCAGCTGCC-1,0.000036,0.946928,0.051364,0.000349,0.001323
ACTATTCGTCCGTGGT-1,0.000117,0.028448,0.688236,0.047917,0.235282
ACTATTTCCGGGCCCA-1,0.000043,0.102387,0.541807,0.020043,0.335721
ACTCAACGAATGTATT-1,0.00014,0.054647,0.013389,0.432252,0.499572
ACTCAAGTGCAAGGCT-1,0.000085,0.307056,0.358451,0.236579,0.097828
ACTCAATAAAGGCACG-1,0.000078,0.018652,0.553094,0.052791,0.375384
ACTCAGACCTGCTTCT-1,0.000283,0.063528,0.243534,0.636226,0.056429
ACTCATGGCAGCCTTC-1,0.000047,0.999716,0.000142,0.000047,0.000047
ACTCCAATATCATCAT-1,0.000065,0.636114,0.337048,0.023657,0.003116
ACTCCCATTCCTAAAG-1,0.000064,0.073342,0.843598,0.082931,0.000064
ACTCCCGAATTCGTTT-1,0.000104,0.584334,0.029531,0.097167,0.288864
ACTCCCGTAGACTAGG-1,0.000047,0.88054,0.119319,0.000047,0.000047
ACTCCCTAATGCTAAA-1,0.000034,0.000101,0.865392,0.000034,0.134439
ACTCCCTAGAATAGTA-1,0.000054,0.000164,0.740751,0.039338,0.219693
ACTCCGGCCGACCACT-1,0.000042,0.859184,0.115578,0.001091,0.024106
ACTCGATGTATTTCAT-1,0.000078,0.079976,0.739774,0.000078,0.180094
ACTCGCCGTTCGATAA-1,0.000054,0.999677,0.000161,0.000054,0.000054
ACTCGCGATCTGACGC-1,0.000029,0.991592,0.000087,0.000029,0.008263
ACTCGTAACCCGTCCT-1,0.000202,0.119678,0.622191,0.257727,0.000202
ACTCGTCAGTAATCCC-1,0.000063,0.071783,0.839011,0.000063,0.08908
ACTCTAAACCTGGGAT-1,0.000074,0.062088,0.71072,0.227045,0.000074
ACTCTCTGACTTAGGT-1,0.00015,0.101618,0.780119,0.082813,0.0353
ACTCTCTTATACACGA-1,0.000061,0.023862,0.948171,0.006929,0.020978
ACTCTGACCTAATAGA-1,0.000031,0.892844,0.02895,0.000031,0.078143
ACTCTTCAGCTCCCGC-1,0.000059,0.999644,0.000178,0.000059,0.000059
ACTCTTGTATAGTAAC-1,0.000063,0.022395,0.9635,0.010757,0.003284
ACTGAAACGCCGTTAG-1,0.000108,0.473012,0.091612,0.162245,0.273024
ACTGAATGGCGAAAGT-1,0.000054,0.000163,0.999674,0.000054,0.000054
ACTGATTTAGTGATTC-1,0.000052,0.000155,0.85142,0.141516,0.006857
ACTGCCCGCCATTCTC-1,0.00004,0.973114,0.026766,0.00004,0.00004
ACTGCCGTCGTAACTC-1,0.000057,0.112813,0.397681,0.046869,0.44258
ACTGCGGACACACCGT-1,0.000047,0.999719,0.00014,0.000047,0.000047
ACTGCTCGGAAGGATG-1,0.000034,0.994772,0.005125,0.000034,0.000034
ACTGGCGAACCTGCGT-1,0.000049,0.866983,0.080509,0.052409,0.000049
ACTGGGATGCCAGTGC-1,0.000097,0.700302,0.201054,0.096583,0.001963
ACTGTACGATACACAT-1,0.00005,0.000149,0.874529,0.012318,0.112955
ACTGTAGCACTTTGGA-1,0.000205,0.000615,0.189136,0.343768,0.466275
ACTGTATACGCGAGCA-1,0.00016,0.058217,0.00048,0.231227,0.709917
ACTGTCCAGGATTATA-1,0.000074,0.000222,0.760084,0.044532,0.195088
ACTGTCTTCTTTAGAA-1,0.000104,0.000313,0.559089,0.153276,0.287218
ACTGTGCTAGTAGATC-1,0.000108,0.11371,0.057706,0.0359,0.792575
ACTGTTTAGTGTAGGC-1,0.000065,0.000196,0.762279,0.022371,0.215088
ACTTACCGGGCGCGCA-1,0.000029,0.011573,0.878288,0.11008,0.000029
ACTTACGCATCCACGC-1,0.000079,0.140645,0.355499,0.187182,0.316595
ACTTAGTACGACAAGA-1,0.000066,0.126412,0.348555,0.04417,0.480796
ACTTATACTTACCCGG-1,0.000142,0.000425,0.627877,0.371415,0.000142
ACTTATCTGATCTATA-1,0.000065,0.024193,0.258424,0.298434,0.418884
ACTTATTAGGATCGGT-1,0.000242,0.000725,0.534121,0.459938,0.004974
ACTTATTTATGTGCCA-1,0.000052,0.082963,0.718378,0.071872,0.126734
ACTTCAGGCTGATCCC-1,0.000131,0.000395,0.754096,0.245246,0.000132
ACTTCCAGTGGAAGCT-1,0.000092,0.957706,0.028402,0.013707,0.000092
ACTTCCATGCGGGACA-1,0.000071,0.443952,0.071382,0.196242,0.288353
ACTTCCTGTCGTGCGA-1,0.000064,0.857607,0.000193,0.142071,0.000064
ACTTCGCCATACGCAC-1,0.000073,0.02108,0.710935,0.000073,0.267839
ACTTCGCTAGCGAGTG-1,0.000045,0.953976,0.04589,0.000045,0.000045
ACTTGACTCCCTCTTT-1,0.000153,0.048612,0.552871,0.320407,0.077957
ACTTGCCATATTGTAC-1,0.00005,0.203054,0.527218,0.072947,0.196731
ACTTGCTCTATCTACC-1,0.00006,0.985557,0.014264,0.00006,0.00006
ACTTGGGACCCGGTGG-1,0.000076,0.083932,0.186749,0.059235,0.670008
ACTTGGGCTTTCGCCA-1,0.000043,0.86696,0.011876,0.000043,0.121078
ACTTGTAGTCCCTTCA-1,0.000096,0.193723,0.364961,0.237877,0.203344
ACTTGTGGATGGAACG-1,0.000066,0.495109,0.497451,0.000066,0.007308
ACTTGTTACCGGATCA-1,0.000058,0.849307,0.095902,0.054675,0.000058
ACTTTACCCTCATGAA-1,0.000066,0.806855,0.040023,0.151193,0.001862
ACTTTATACACCACTT-1,0.000047,0.944646,0.029819,0.025441,0.000047
ACTTTCCTATAGCTTC-1,0.000076,0.000229,0.837664,0.000076,0.161954
ACTTTGACTGCATCCT-1,0.00013,0.077218,0.715083,0.20744,0.00013
ACTTTGGTCGTGCTCC-1,0.000089,0.849312,0.071055,0.065835,0.013709
ACTTTGTCGACGCACT-1,0.00005,0.968047,0.000149,0.00005,0.031705
AGAAATTATGACTCGC-1,0.00003,0.964524,0.008262,0.00003,0.027154
AGAACACGGCGATGGT-1,0.000025,0.999851,0.000075,0.000025,0.000025
AGAACCCAGCGTGACA-1,0.000072,0.87833,0.000215,0.020556,0.100827
AGAACCCTCAATTGGG-1,0.000057,0.914119,0.053218,0.032549,0.000057
AGAACGTGGTACATTC-1,0.000083,0.010545,0.295268,0.027991,0.666112
AGAACTGTACTTTGTA-1,0.000049,0.946198,0.053076,0.000627,0.00005
AGAAGAGCGCCGTTCC-1,0.001565,0.131507,0.390831,0.474531,0.001566
AGAAGGTACACTTCAC-1,0.000051,0.835705,0.007539,0.067253,0.089452
AGAAGGTTGCCGAATT-1,0.000159,0.000479,0.000479,0.335134,0.66375
AGAAGGTTGTAGGTCG-1,0.000096,0.088585,0.47021,0.308902,0.132207
AGAAGTGATTCGTGAT-1,0.0001,0.076664,0.76633,0.156806,0.0001
AGAATAAATCTTCAGG-1,0.000188,0.000564,0.573664,0.425395,0.000188
AGAATACAGGCTATCC-1,0.000068,0.795319,0.170441,0.034104,0.000068
AGAATGCGGGTTCGGA-1,0.000086,0.301259,0.402511,0.296057,0.000086
