Barcode,Topic 1,Topic 2to3,Topic 4,Topic 5to10
AAACAAGTATCTCCCA-1,0.107983,0.111244,0.000096,0.780677
AAACACCAATAACTGC-1,0.000061,0.000121,0.018989,0.980829
AAACAGAGCGACTCCT-1,0.036921,0.000079,0.000039,0.962962
AAACAGCTTTCAGAAG-1,0.000038,0.022262,0.127367,0.850332
AAACAGGGTCTATATT-1,0.000075,0.00015,0.150916,0.848859
AAACAGTGTTCCTGGG-1,0.000239,0.069312,0.000239,0.930209
AAACATGGTGAGAGGA-1,0.000032,0.000064,0.395087,0.604817
AAACATTTCCCGGATT-1,0.009369,0.305095,0.000046,0.68549
AAACCACTACACAGAT-1,0.041245,0.009019,0.072306,0.877429
AAACCCGAACGAAATC-1,0.041104,0.76413,0.000573,0.194192
AAACCGGAAATGTTAA-1,0.033835,0.892149,0.073876,0.00014
AAACCGGGTAGGTACC-1,0.000078,0.064122,0.039389,0.896411
AAACCGTTCGTCCAGG-1,0.00027,0.000541,0.177718,0.821471
AAACCTAAGCAGCCGG-1,0.000148,0.08503,0.000148,0.914674
AAACCTCATGAAGTTG-1,0.000067,0.000134,0.293428,0.706371
AAACGAAGAACATACC-1,0.041063,0.000234,0.336794,0.621909
AAACGAAGATGGAGTA-1,0.000087,0.000174,0.018345,0.981395
AAACGACAGTCTTGCC-1,0.000026,0.02441,0.257481,0.718082
AAACGAGACGGTTGAT-1,0.002091,0.000099,0.042793,0.955017
AAACGCCCGAGATCGG-1,0.000031,0.000062,0.028863,0.971043
AAACGCTGGGCACGAC-1,0.073981,0.864028,0.05946,0.002531
AAACGGGCGTACGGGT-1,0.033056,0.536512,0.158893,0.271539
AAACGGTTGCGAACTG-1,0.000067,0.019054,0.06737,0.913508
AAACGTGTTCGCCCTA-1,0.000071,0.036184,0.237987,0.725757
AAACTAACGTGGCGAC-1,0.011297,0.079494,0.007949,0.901261
AAACTCGGTTCGCAAT-1,0.000096,0.129645,0.274204,0.596056
AAACTCGTGATATAAG-1,0.003534,0.113137,0.00008,0.883248
AAACTGCTGGCTCCAA-1,0.066829,0.000174,0.000087,0.932909
AAACTTAATTGCACGC-1,0.00007,0.00014,0.054354,0.945436
AAACTTGCAAACGTAT-1,0.000108,0.000215,0.000626,0.999051
AAAGAATGACCTTAGA-1,0.047274,0.000105,0.000053,0.952568
AAAGAATGTGGACTAA-1,0.057402,0.871767,0.00003,0.070801
AAAGACATGAAGTTTA-1,0.000018,0.000682,0.157855,0.841445
AAAGACTGGGCGCTTT-1,0.000079,0.000159,0.000079,0.999682
AAAGCTTGCCTACATA-1,0.073464,0.176735,0.09423,0.655571
AAAGGCCCTATAATAC-1,0.000082,0.042697,0.000082,0.957139
AAAGGCTACGGACCAT-1,0.00012,0.000241,0.116684,0.882955
AAAGGCTCTCGCGCCG-1,0.000144,0.000287,0.02858,0.970988
AAAGGGATGTAGCAAG-1,0.000066,0.000131,0.000066,0.999737
AAAGGGCAGCTTGAAT-1,0.062081,0.000381,0.021011,0.916527
AAAGGTAAGCTGTACC-1,0.172486,0.000178,0.093269,0.734067
AAAGGTCAACGACATG-1,0.008829,0.00006,0.036084,0.955026
AAAGTAGCATTGCTCA-1,0.072323,0.000276,0.15206,0.77534
AAAGTCGACCCTCAGT-1,0.000047,0.059614,0.000047,0.940293
AAAGTGCCATCAATTA-1,0.010411,0.963741,0.000012,0.025835
AAAGTGTGATTTATCT-1,0.131424,0.000242,0.000121,0.868212
AAAGTTGACTCCCGTA-1,0.000071,0.000142,0.000071,0.999716
AAATAACCATACGGGA-1,0.000033,0.000066,0.076163,0.923738
AAATAAGGTAGTGCCC-1,0.088589,0.240944,0.000117,0.67035
AAATACCTATAAGCAT-1,0.049879,0.000219,0.081104,0.868797
AAATAGCTTAGACTTT-1,0.056804,0.193645,0.064464,0.685086
AAATAGGGTGCTATTG-1,0.000075,0.354386,0.000075,0.645463
AAATCACTCCTAAACG-1,0.007557,0.045646,0.085068,0.861729
AAATCCGATACACGCC-1,0.000116,0.182812,0.042534,0.774537
AAATCGCGGAAGGAGT-1,0.000035,0.013738,0.158137,0.82809
AAATCGTGTACCACAA-1,0.030137,0.000235,0.356519,0.613109
AAATCTAGCCCTGCTA-1,0.086804,0.30283,0.06044,0.549927
AAATCTGCCCGCGTCC-1,0.00002,0.022039,0.00002,0.977921
AAATGACTGATCAAAC-1,0.065583,0.000294,0.000147,0.933975
AAATGATTCGATCAGC-1,0.000071,0.137504,0.087198,0.775226
AAATGCTCGTTACGTT-1,0.000375,0.000749,0.000375,0.998501
AAATGGCATGTCTTGT-1,0.000059,0.000117,0.252183,0.747641
AAATGGCCCGTGCCCT-1,0.000073,0.000146,0.240007,0.759774
AAATGGTCAATGTGCC-1,0.031962,0.000168,0.03561,0.932259
AAATGTATCTTATCCC-1,0.000034,0.036757,0.02447,0.938739
AAATTAACGGGTAGCT-1,0.074106,0.000364,0.091975,0.833555
AAATTAATAAGCGCGA-1,0.033882,0.068879,0.197199,0.700041
AAATTACACGACTCTG-1,0.000048,0.000097,0.212387,0.787467
AAATTACCTATCGATG-1,0.256496,0.000197,0.029922,0.713385
AAATTCCAGGTCCAAA-1,0.041155,0.565683,0.000074,0.393087
AAATTGATAGTCCTTT-1,0.000177,0.026638,0.077119,0.896066
AAATTGCGGCGGTTCT-1,0.000101,0.046676,0.000101,0.953121
AAATTGGTGAGAAGCA-1,0.000063,0.144073,0.072862,0.783002
AAATTTACCGAAATCC-1,0.00003,0.00006,0.125548,0.874361
AAATTTGCGGGTGTGG-1,0.098547,0.000435,0.000217,0.900801
AACAACTGGTAGTTGC-1,0.063122,0.152775,0.000217,0.783886
AACAATACATTGTCGA-1,0.000153,0.095249,0.000153,0.904445
AACAATTACTCTACGC-1,0.000123,0.000245,0.000123,0.999509
AACACACGCTCGCCGC-1,0.000089,0.109211,0.000089,0.890611
AACACGACTGTACTGA-1,0.000083,0.000165,0.000083,0.99967
AACACGAGACGCGGCC-1,0.001015,0.118826,0.168136,0.712023
AACAGCTGTGTGGCAA-1,0.056719,0.000475,0.000238,0.942568
AACAGGAAATCGAATA-1,0.000107,0.000214,0.026133,0.973546
AACAGGATGGGCCGCG-1,0.00025,0.0005,0.00025,0.999
AACAGGTAGTATGGAT-1,0.263029,0.736523,0.000064,0.000384
AACATAGCGTGTATCG-1,0.000058,0.048824,0.001644,0.949474
AACATATCAACTGGTG-1,0.062542,0.06738,0.000067,0.870012
AACATCGATACGTCTA-1,0.000033,0.000065,0.000033,0.999869
AACATTGAAGTTGATC-1,0.000138,0.000276,0.328573,0.671014
AACATTGTGACTCGAG-1,0.000118,0.000236,0.000118,0.999527
AACCAAGACTTCTCTG-1,0.000102,0.050309,0.00528,0.944309
AACCAGTATCACTCTT-1,0.000112,0.000224,0.096917,0.902748
AACCATAGGGTTGAAC-1,0.00004,0.000081,0.00004,0.999838
AACCCATCCCATGATC-1,0.000068,0.000136,0.001555,0.998242
AACCCGACAACCCGTG-1,0.027944,0.10262,0.000299,0.869136
AACCCGAGCAGAATCG-1,0.150063,0.780623,0.000034,0.06928
AACCCGATAGGGCTTC-1,0.000022,0.073051,0.000022,0.926905
AACCCGCTGTATTCCA-1,0.000098,0.000196,0.0001,0.999606
AACCCTACTGTCAATA-1,0.000087,0.164478,0.000087,0.835348
AACCCTGGTGGAACCA-1,0.00005,0.0001,0.00005,0.999799
AACCGAGCTTGGTCAT-1,0.000094,0.000188,0.385192,0.614527
AACCGCTAAGGGATGC-1,0.023762,0.055177,0.000042,0.921019
AACCGTTGTGTTTGCT-1,0.000074,0.010915,0.000074,0.988937
AACCTAAAGCCGTCCG-1,0.000043,0.000086,0.099973,0.899898
AACCTCGCTTTAGCCC-1,0.000202,0.038731,0.000202,0.960866
AACCTGTCACGGAATT-1,0.131993,0.729571,0.128005,0.01043
AACCTTTAAATACGGT-1,0.006495,0.090646,0.093606,0.809253
AACCTTTACGACGTCT-1,0.00017,0.173831,0.00017,0.825829
AACGAAAGTCGTCCCA-1,0.000046,0.03322,0.186507,0.780228
AACGACCTCCTAGCCG-1,0.034471,0.849667,0.110079,0.005783
AACGATAATGCCGTAG-1,0.000161,0.104579,0.033755,0.861504
AACGATAGAAGGGCCG-1,0.000299,0.000599,0.000299,0.998802
AACGATATGTCAACTG-1,0.132087,0.000234,0.000117,0.867562
AACGCATGATCTGGGT-1,0.064273,0.000167,0.167941,0.76762
AACGCGACCTTGGGCG-1,0.000046,0.000092,0.026445,0.973417
AACGCGGTCTCCAGCC-1,0.000103,0.000206,0.000103,0.999589
AACGCTGTTGCTGAAA-1,0.049142,0.020851,0.093667,0.83634
AACGGACGTACGTATA-1,0.053392,0.016018,0.000092,0.930498
AACGGCCATCTCCGGT-1,0.000065,0.074775,0.085467,0.839694
AACGTACTGTGGGTAC-1,0.000303,0.140856,0.000303,0.858538
AACGTCATCCGGCTTG-1,0.000079,0.054933,0.0912,0.853788
AACGTCGCTGCACTTC-1,0.000036,0.952296,0.000036,0.047633
AACGTGATGAAGGACA-1,0.000053,0.000106,0.000053,0.999787
AACGTGCGAAAGTCTC-1,0.000104,0.031258,0.131417,0.837221
AACGTTATCAGCACCT-1,0.000052,0.000105,0.006603,0.993241
AACGTTCTACCATTGT-1,0.062002,0.846645,0.09125,0.000102
AACTACCCGTTTGTCA-1,0.163595,0.656669,0.000062,0.179673
AACTAGGCTTGGGTGT-1,0.000162,0.000324,0.018365,0.981149
AACTCAAGTTAATTGC-1,0.000153,0.105751,0.359872,0.534224
AACTCCAGAGCGTGTT-1,0.077495,0.212462,0.000175,0.709868
AACTCCTAATCCCATG-1,0.000075,0.000149,0.48177,0.518006
AACTCGATAAACACGT-1,0.000066,0.031344,0.040464,0.928126
AACTCTCAATAGAGCG-1,0.095035,0.00016,0.016943,0.887861
AACTCTCAGTGTGCTC-1,0.000516,0.129261,0.000516,0.869708
AACTGAGGTCAGCGTC-1,0.079672,0.000249,0.000124,0.919955
AACTGAGTTATACTGA-1,0.029683,0.910809,0.056558,0.002949
AACTGATATTAGGCCT-1,0.000142,0.000285,0.000142,0.99943
AACTGGGTCCCGACGT-1,0.029156,0.00016,0.15317,0.817514
AACTGGGTTCGAGCCG-1,0.000078,0.000156,0.055492,0.944275
AACTTCTGCGTCTATC-1,0.000175,0.029572,0.166671,0.803582
AACTTGCCCGTATGCA-1,0.000103,0.047131,0.022603,0.930163
AACTTGCGTTCTCGCG-1,0.05581,0.000851,0.000426,0.942913
AACTTTACGGGAGCTT-1,0.029591,0.000121,0.193809,0.77648
AACTTTCTCGATCATG-1,0.037691,0.213459,0.000122,0.748728
AAGAAAGTTTGATGGG-1,0.000042,0.041397,0.000042,0.95852
AAGAAATCACCAGATT-1,0.029964,0.068511,0.118602,0.782924
AAGAAGGATCAGTTAG-1,0.000129,0.119969,0.008235,0.871666
AAGACATACGTGGTTT-1,0.122392,0.820245,0.057203,0.00016
AAGACCAAATAACTCA-1,0.000086,0.000173,0.006343,0.993398
AAGACCCAACTGAACA-1,0.000082,0.173246,0.000082,0.82659
AAGACTCACGCCCACT-1,0.000029,0.000059,0.000029,0.999883
AAGACTGCAAGCTACT-1,0.018086,0.000164,0.062802,0.918948
AAGAGATGAATCGGTA-1,0.043576,0.000396,0.241786,0.714242
AAGAGCTCTTTATCGG-1,0.032033,0.066806,0.000078,0.901084
AAGAGGATGTACGCGA-1,0.063531,0.000443,0.000221,0.935805
AAGAGGCATGGATCGC-1,0.028948,0.027729,0.000078,0.943245
AAGAGGCCCTTTGGAA-1,0.068109,0.830927,0.000085,0.100878
AAGATGGCACCGGACC-1,0.000144,0.239724,0.000144,0.759988
AAGATTGGCGGAACGT-1,0.000078,0.107169,0.124352,0.768401
AAGCACCCTGCGTATC-1,0.011416,0.000278,0.061916,0.926389
AAGCATACTCTCCTGA-1,0.000107,0.07842,0.032988,0.888485
AAGCCACTTGCAGGTA-1,0.000187,0.20497,0.000187,0.794655
AAGCCGAAGCGGTTTA-1,0.339426,0.338258,0.088562,0.233754
AAGCCGCCGTGAAATC-1,0.016588,0.000187,0.000093,0.983131
AAGCCGCTTTACCTTG-1,0.000044,0.042625,0.000044,0.957286
AAGCCGGAGAGCAGGA-1,0.110504,0.884134,0.000015,0.005346
AAGCGCAGGGCTTTGA-1,0.000152,0.028908,0.000152,0.970789
AAGCGGAGTGCGCGCA-1,0.010005,0.111855,0.000043,0.878097
AAGCGGCGTCATGGGT-1,0.093087,0.000163,0.025431,0.881319
AAGCGTCCCTCATCGA-1,0.000275,0.093448,0.000275,0.906003
AAGCTAGATCGAGTAA-1,0.000107,0.096475,0.083279,0.82014
AAGCTATGGATTGACC-1,0.000029,0.030632,0.000029,0.969311
AAGCTCGTGCCAAGTC-1,0.000052,0.000103,0.015788,0.984057
AAGCTCTTTCATGGTG-1,0.000422,0.118236,0.000422,0.88092
AAGGAGCGGTTGGTGC-1,0.000148,0.082357,0.252241,0.665254
AAGGATCGATCGCTTG-1,0.030203,0.365553,0.000051,0.604192
AAGGATGAGGGACCTC-1,0.074092,0.082044,0.000095,0.843769
AAGGCAGGCTGTCTCC-1,0.000065,0.864672,0.000065,0.135197
AAGGCTGTGCTCATCG-1,0.000277,0.000554,0.000277,0.998892
AAGGGAACGACTGGCT-1,0.000096,0.000193,0.000096,0.999614
AAGGGACAGATTCTGT-1,0.00008,0.052985,0.00008,0.946856
AAGGGACTATGCATTC-1,0.000242,0.000484,0.000242,0.999031
AAGGGTTAGCCATGCG-1,0.071297,0.919197,0.009438,0.000068
AAGGGTTTGATTTCAG-1,0.000058,0.135302,0.000058,0.864582
AAGGTATCCTAATATA-1,0.000028,0.000056,0.004742,0.995174
AAGGTGATAAACCAGC-1,0.000071,0.255098,0.073673,0.671159
AAGTAGAAGACCGGGT-1,0.000132,0.147323,0.035314,0.817231
AAGTAGTGACGCGAGG-1,0.065552,0.000456,0.092583,0.841409
AAGTCAATTGTCGTCA-1,0.000021,0.065556,0.000021,0.934401
AAGTCTAGTAGCTGCC-1,0.000065,0.073355,0.193168,0.733412
AAGTCTTCTGTGGCCT-1,0.00004,0.00008,0.102888,0.896992
AAGTGACGACCGAATT-1,0.000083,0.03551,0.50028,0.464127
AAGTGAGTCGGGTTTA-1,0.000126,0.153873,0.000126,0.845875
AAGTGCAAAGGTAGAC-1,0.000063,0.000127,0.025593,0.974216
AAGTGCCTTGACTGTA-1,0.000047,0.1521,0.085457,0.762397
AAGTGCGTTAGAATCT-1,0.049106,0.000276,0.055599,0.895018
AAGTGCTTCTCTATTG-1,0.000123,0.092137,0.069859,0.837881
AAGTGTTTGGAGACGG-1,0.000123,0.472547,0.029675,0.497655
AAGTTCACTCCAAGCT-1,0.00019,0.035781,0.041763,0.922266
AAGTTCAGTCTGCGTA-1,0.015722,0.000148,0.089492,0.894637
AAGTTCGGCCAACAGG-1,0.000172,0.293012,0.380582,0.326233
AAGTTGTGATGTTATA-1,0.390318,0.479744,0.000099,0.12984
AAGTTTACTAATGGCA-1,0.000199,0.000399,0.000199,0.999203
AAGTTTATGGGCCCAA-1,0.000055,0.051025,0.033875,0.915045
AATAACAACGCTCGGC-1,0.000157,0.184968,0.000157,0.814718
AATAACACTAGAACAA-1,0.015805,0.108051,0.099879,0.776265
AATAACGTCGCGCCCA-1,0.00003,0.880796,0.00003,0.119143
AATAAGTCCTCGAGAC-1,0.000053,0.000107,0.000053,0.999787
AATAATCTTCGTATCG-1,0.000042,0.944496,0.000042,0.05542
AATACAATGTTTCAGG-1,0.009106,0.000146,0.513621,0.477126
AATACCGGAGGGCTGT-1,0.000119,0.117805,0.047558,0.834518
AATACCTGATGTGAAC-1,0.000125,0.364848,0.000125,0.634902
AATAGAACAGAGTGGC-1,0.000163,0.000326,0.122397,0.877114
AATAGAATCTGTTTCA-1,0.000177,0.081565,0.098584,0.819674
AATAGCAAGCCTCCTG-1,0.000045,0.000091,0.000045,0.999819
AATAGCTACCGCGTGC-1,0.135318,0.00896,0.077422,0.7783
AATAGGCACGACCCTT-1,0.000028,0.201214,0.07352,0.725237
AATAGTCCGTCCCGAC-1,0.000107,0.000214,0.049208,0.950472
AATAGTCGCGAGTCGG-1,0.000027,0.000054,0.000027,0.999892
AATATCCTAGCAAACT-1,0.000033,0.000067,0.000033,0.999867
AATATCGAATCAATGC-1,0.51899,0.322459,0.000098,0.158453
AATATCGAGGGTTCTC-1,0.000134,0.05714,0.000134,0.942592
AATATTGGAGTATTGA-1,0.000086,0.000172,0.331546,0.668196
AATCAGGTTTCATTTA-1,0.000372,0.232489,0.000372,0.766767
AATCATGTAAAGACTC-1,0.000077,0.000153,0.000077,0.999694
AATCCCGCTCAGAGCC-1,0.000065,0.000129,0.000065,0.999742
AATCGAGGTCTCAAGG-1,0.000202,0.044859,0.000202,0.954736
AATCGCCTCAGCGCCA-1,0.017344,0.138814,0.113626,0.730217
AATCGCGCAGAGGACT-1,0.386342,0.609654,0.000047,0.003957
AATCGGGACACTACGA-1,0.000274,0.000548,0.000274,0.998904
AATCGGTATAGCCCTC-1,0.171117,0.783648,0.000033,0.045203
AATCGTGAGCCGAGCA-1,0.05607,0.000294,0.000147,0.94349
AATCTAGGTTTACTTG-1,0.013305,0.000308,0.126976,0.859411
AATCTATGCCGGAGCC-1,0.204151,0.000222,0.000111,0.795517
AATCTCTACTGTGGTT-1,0.000092,0.000185,0.000092,0.999631
AATCTGCGTTGGGACG-1,0.071457,0.107223,0.000129,0.821191
AATCTGGCTTTCTAGT-1,0.000168,0.000337,0.000168,0.999326
AATCTGGGTAGACCCT-1,0.000041,0.000081,0.031096,0.968782
AATGACAGCAATGTCT-1,0.000146,0.110148,0.000146,0.889559
AATGACGTAGGATGTC-1,0.000121,0.055212,0.321729,0.622939
AATGACTGTCAGCCGG-1,0.099563,0.000722,0.000361,0.899353
AATGAGTTCGCATATG-1,0.082389,0.000339,0.530501,0.386771
AATGATGATACGCTAT-1,0.091007,0.00026,0.00013,0.908602
AATGATGCGACTCCTG-1,0.121252,0.000173,0.404311,0.474263
AATGCAACCGGGTACC-1,0.000055,0.000109,0.034765,0.965072
AATGCACCAAGCAATG-1,0.00808,0.117136,0.111746,0.763039
AATGGCCGCCAATGCG-1,0.000023,0.093381,0.286881,0.619715
AATGGTCCACCGTTCA-1,0.000082,0.027776,0.534281,0.437862
AATGTATGGCACTGTA-1,0.000049,0.003999,0.000049,0.995904
AATGTGCCCGAGGTGT-1,0.000117,0.000234,0.000117,0.999531
AATGTGCTAATCTGAG-1,0.000127,0.067506,0.098348,0.834018
AATGTTAAGACCCTGA-1,0.000127,0.127509,0.000127,0.872236
AATGTTGTCGTGAGAC-1,0.319677,0.680053,0.000039,0.000231
AATTAAAGGTCGGCGT-1,0.000116,0.000232,0.000116,0.999535
AATTAACGGATTTCCA-1,0.022118,0.000251,0.000125,0.977505
AATTACGAGACCCATC-1,0.000083,0.000167,0.028985,0.970764
AATTACTCGTACGCTC-1,0.000127,0.000255,0.000127,0.99949
AATTAGCGCTGCAGCG-1,0.000079,0.014298,0.120564,0.865058
AATTATACCCAGCAAG-1,0.000164,0.20933,0.000164,0.790342
AATTCATAAGGGATCT-1,0.000056,0.030045,0.147709,0.82219
AATTCATTGTCATGCA-1,0.000109,0.000218,0.218182,0.781491
AATTCCAAGCATGTAC-1,0.000114,0.000229,0.049681,0.949976
AATTCGATTCGAGGAT-1,0.000112,0.000225,0.098602,0.901061
AATTCTAGAGTTAGGC-1,0.000118,0.000236,0.403013,0.596634
AATTGAACGCTCTGGT-1,0.052562,0.048175,0.027805,0.871458
AATTGCAGCAATCGAC-1,0.018378,0.564666,0.000055,0.416901
AATTGCGTGGATTACA-1,0.000125,0.035744,0.000125,0.964006
AATTGTGGTTGCCAAA-1,0.064201,0.911669,0.000017,0.024113
AATTTGGGACATAGTA-1,0.025344,0.000211,0.000105,0.97434
AATTTGGTTCCAAAGA-1,0.000099,0.000199,0.000099,0.999603
ACAAACCATGCGTCCT-1,0.000055,0.004044,0.043454,0.952448
ACAAACCGACAAGGCG-1,0.000024,0.000048,0.024965,0.974963
ACAAACTCCATCAGAG-1,0.002699,0.093967,0.062994,0.84034
ACAAAGAAGGTAGGCC-1,0.000053,0.000106,0.00156,0.998281
ACAAAGCATGACCTAG-1,0.190506,0.079996,0.00014,0.729358
ACAAATCGCACCGAAT-1,0.034902,0.000243,0.000122,0.964733
ACAAATGGTAGTGTTT-1,0.07638,0.178118,0.000088,0.745414
ACAAATTCAGATCTGA-1,0.042879,0.000135,0.077572,0.879414
ACAACAGCATGAGCTA-1,0.025985,0.000128,0.079245,0.894642
ACAACGGTCCCTGCGA-1,0.000362,0.168464,0.000362,0.830812
ACAAGCAGTGCCTAGC-1,0.000114,0.000228,0.000114,0.999544
ACAAGCTATATGGAAG-1,0.000046,0.000091,0.247499,0.752364
ACAAGGAAATCCGCCC-1,0.000128,0.097584,0.129855,0.772433
ACAAGGACAAGAGGTT-1,0.019113,0.068369,0.02446,0.888058
ACAAGGATGCTTTAGG-1,0.098672,0.101328,0.155913,0.644087
ACAAGGCCTACCAGCC-1,0.011227,0.028777,0.000067,0.959929
ACAAGGGCAGGCTCTG-1,0.00013,0.00026,0.136348,0.863261
ACAAGTAATTGTAAGG-1,0.000075,0.109133,0.000075,0.890718
ACAATAGTCGTACGTT-1,0.05518,0.000213,0.003908,0.940699
ACAATCCATTTAAACC-1,0.04282,0.000375,0.023899,0.932906
ACAATCGATCTTTATA-1,0.000143,0.092036,0.000143,0.907678
ACAATGAATACGGAGA-1,0.023857,0.183972,0.000266,0.791905
ACAATGATTCTTCTAC-1,0.024193,0.000136,0.000068,0.975603
ACAATTGTGTCTCTTT-1,0.000152,0.293513,0.000152,0.706182
ACAATTTAGGAGGCTC-1,0.0441,0.000259,0.00013,0.955511
ACAATTTGAGCAGTGG-1,0.120676,0.288269,0.158697,0.432359
ACAATTTGGCCATATT-1,0.246814,0.69586,0.057151,0.000175
ACACAAAGACGGGTGG-1,0.000045,0.00009,0.000045,0.99982
ACACAAATATTCCTAG-1,0.000028,0.020424,0.000028,0.979521
ACACACCAGGACCAGT-1,0.002894,0.098078,0.090078,0.80895
ACACACTTTCTACACG-1,0.000068,0.000136,0.000068,0.999729
ACACATGATCAAATCT-1,0.00009,0.00018,0.181207,0.818523
ACACATTGACGCAACA-1,0.000085,0.00017,0.000085,0.99966
ACACATTTCCGTAGAC-1,0.000111,0.156931,0.21094,0.632019
ACACCACATAATTAGC-1,0.121014,0.194559,0.03492,0.649508
ACACCCAGCATGCAGC-1,0.000166,0.000332,0.116593,0.882908
ACACCCGTAAATCTGT-1,0.000024,0.000048,0.29929,0.700638
ACACCGAGCGCTCTTT-1,0.000077,0.000154,0.000077,0.999691
ACACCGGTCTGACCGC-1,0.000066,0.000131,0.000066,0.999737
ACACCTTAAGTAGGGC-1,0.0004,0.155235,0.0004,0.843965
ACACCTTACTACTTGC-1,0.45521,0.32939,0.000106,0.215294
ACACGAGACTCCTTCT-1,0.000065,0.00013,0.000065,0.99974
ACACGGCACTATGCAT-1,0.000077,0.000154,0.000077,0.999693
ACACGGGAACTTAGGG-1,0.039971,0.000215,0.000107,0.959707
ACACGTAGGCCACAAG-1,0.072236,0.897361,0.000046,0.030356
ACACTCCAATGTCACT-1,0.000154,0.000307,0.000154,0.999385
ACACTGATCAAGGTGT-1,0.000189,0.000379,0.000189,0.999242
ACACTGGGACAGTCGT-1,0.334422,0.665358,0.000031,0.000189
ACAGAACTGAGAACAA-1,0.00007,0.00014,0.222688,0.777101
ACAGCATAGAGCCAGT-1,0.140372,0.000643,0.02472,0.834264
ACAGCGACATTCTCAT-1,0.222007,0.170702,0.055612,0.551679
ACAGCGCACCCGCAGC-1,0.000069,0.000137,0.26293,0.736864
ACAGGAGGCGCAGCCG-1,0.000075,0.329275,0.031834,0.638816
ACAGGCACGGATCCTT-1,0.027819,0.137974,0.000066,0.834141
ACAGGCTTGCCCGACT-1,0.01839,0.000315,0.068716,0.912578
ACAGGTGGAGGTGAGG-1,0.000189,0.066167,0.061997,0.871648
ACAGGTGTGTTGTTGC-1,0.000026,0.023382,0.38588,0.590712
ACAGTAATACAACTTG-1,0.000068,0.000135,0.000068,0.99973
ACAGTATACCGTGGGA-1,0.005582,0.150114,0.060824,0.78348
ACAGTGCAGCGCATTT-1,0.000041,0.000083,0.000041,0.999835
ACATAAGTCGTGGTGA-1,0.005098,0.000203,0.002259,0.99244
ACATAATAAGGCGGTG-1,0.02666,0.000143,0.000072,0.973125
ACATACAATCAAGCGG-1,0.000033,0.311583,0.000033,0.688352
ACATCAGCTGGGACGC-1,0.000094,0.000188,0.119098,0.88062
ACATCCCGGCCATACG-1,0.000129,0.041295,0.193983,0.764593
ACATCCTGGTAACTGT-1,0.000051,0.000102,0.000051,0.999797
ACATCGATCGTTTACC-1,0.081475,0.000291,0.057411,0.860823
ACATCGCAATATTCGG-1,0.000082,0.110238,0.011775,0.877906
ACATCGGTCAGCCGCG-1,0.000236,0.228442,0.000236,0.771086
ACATCGTATGCAATGG-1,0.000043,0.000086,0.057996,0.941875
ACATCGTTAACCTAGT-1,0.000049,0.000099,0.000049,0.999802
ACATCTCAACGCGTAA-1,0.000069,0.025231,0.054063,0.920636
ACATGCTTACGGCAGC-1,0.000034,0.020049,0.000034,0.979882
ACATGGCGCCAAAGTA-1,0.040956,0.115447,0.075789,0.767808
ACATGGCTCAATTTAG-1,0.080809,0.000897,0.000449,0.917845
ACATTAGTTTATATCC-1,0.000129,0.000259,0.322879,0.676733
ACATTCGCGCGGAATA-1,0.000208,0.222449,0.000208,0.777135
ACATTTGAAACCTAAC-1,0.000083,0.197036,0.000083,0.802798
ACCAAACACCCAGCGA-1,0.06641,0.000156,0.000078,0.933357
ACCAAACTAGAAATCC-1,0.000159,0.000317,0.000159,0.999366
ACCAACACCACACACT-1,0.000039,0.039592,0.055113,0.905256
ACCAACCGCACTCCAC-1,0.000059,0.226944,0.048867,0.72413
ACCAACGCTTATTTAT-1,0.000201,0.000403,0.000201,0.999195
ACCAAGAACGCGTGTC-1,0.000385,0.000769,0.000385,0.998461
ACCAAGTCATCGGCAG-1,0.16132,0.797893,0.000051,0.040737
ACCAATATGCAAGTTA-1,0.000077,0.097251,0.121457,0.781214
ACCACAACTCAGAACA-1,0.025333,0.000096,0.187933,0.786638
ACCACAAGTTTCTATC-1,0.000144,0.111398,0.008867,0.879591
ACCACACGGTTGATGG-1,0.000113,0.104301,0.000113,0.895474
ACCACCAATGTAACAA-1,0.090093,0.322716,0.000109,0.587082
ACCACCCTCTCTTCTA-1,0.000046,0.000092,0.000046,0.999816
ACCACGTGCAGCTATA-1,0.043162,0.025728,0.138478,0.792633
ACCACTGTTCAAGAAG-1,0.000066,0.000132,0.10081,0.898992
ACCAGACCATAACAAC-1,0.000024,0.143806,0.351682,0.504488
ACCAGCCCGGTCTTTG-1,0.000102,0.000204,0.000102,0.999592
ACCAGTGCCCGGTCAA-1,0.00008,0.102741,0.00008,0.897099
ACCAGTGCGGGAGACG-1,0.000102,0.074617,0.000102,0.925179
ACCATATCCGCAATAA-1,0.038285,0.049924,0.053759,0.858032
ACCATCCGCCAACTAG-1,0.000108,0.000216,0.142265,0.857411
ACCATCGTATATGGTA-1,0.130347,0.109645,0.000479,0.759529
ACCATTAAGGGTGTCA-1,0.000092,0.000185,0.134627,0.865095
ACCCAACGCCCGTGGC-1,0.000077,0.309904,0.185858,0.504161
ACCCACCTACATGCTC-1,0.000137,0.000274,0.203241,0.796348
ACCCATCTTGAGGGTA-1,0.000144,0.126744,0.000144,0.872967
ACCCATTTGTCCCTCT-1,0.026891,0.059686,0.000131,0.913292
ACCCGAGCGAAATTAC-1,0.00019,0.049813,0.191227,0.75877
ACCCGATTGGTTCCGA-1,0.000294,0.100473,0.000294,0.898939
ACCCGGAAACTCCCAG-1,0.000058,0.000116,0.212346,0.787479
ACCCGGAGCACCACAA-1,0.000039,0.909363,0.039201,0.051398
ACCCGGATGACGCATC-1,0.008435,0.000156,0.055039,0.93637
ACCCGGTTACACTTCC-1,0.000171,0.000342,0.000171,0.999316
ACCCGTAGCAGAGAAT-1,0.000043,0.013624,0.000043,0.986291
ACCCGTAGTCTAGTTG-1,0.05977,0.854382,0.032742,0.053106
ACCCGTGTCATCAGTA-1,0.026909,0.00024,0.278162,0.694689
ACCCTATAGGACTGAG-1,0.000279,0.160586,0.000279,0.838857
ACCCTATGCCATATCG-1,0.004106,0.123284,0.04784,0.82477
ACCCTCCCGTCAGGGC-1,0.554303,0.179354,0.000067,0.266277
ACCCTCCCTTGCTATT-1,0.000161,0.068832,0.000161,0.930846
ACCCTGGTAACGCCCT-1,0.000065,0.084106,0.047125,0.868704
ACCCTTCATCTGCGAA-1,0.000129,0.013729,0.078941,0.907202
ACCCTTGCCTGGGTCG-1,0.000044,0.080745,0.000044,0.919166
ACCCTTTAGTTCTCCA-1,0.0299,0.000161,0.092731,0.877207
ACCGAAGAGTCTGGTT-1,0.00009,0.00018,0.00009,0.99964
ACCGACACATCTCCCA-1,0.000106,0.000212,0.361278,0.638404
ACCGACTGAGTCCCAC-1,0.000088,0.000175,0.365235,0.634502
ACCGAGTCTCCTTATT-1,0.000095,0.01699,0.109736,0.873179
ACCGATAGGCATAACC-1,0.222853,0.770189,0.006851,0.000107
ACCGATATTTAATCAT-1,0.151098,0.802953,0.041314,0.004635
ACCGATGGTAGCATCG-1,0.000067,0.528598,0.17657,0.294764
ACCGCAATAACTGCCT-1,0.005192,0.190306,0.004806,0.799697
ACCGCGGTGGAAGTCG-1,0.188009,0.205827,0.000173,0.605991
ACCGCTAGTCATTGGT-1,0.000145,0.177981,0.000145,0.821729
ACCGGGCCTTTGTTGA-1,0.000068,0.095497,0.094773,0.809663
ACCGGTCAGGTACACC-1,0.000129,0.000257,0.326959,0.672655
ACCGGTCTGAGTACGG-1,0.087422,0.000257,0.017568,0.894753
ACCGTCCACTGGGCCC-1,0.021857,0.000136,0.13621,0.841797
ACCGTGACCACGTGGG-1,0.00009,0.143606,0.021148,0.835156
ACCGTTCCCGCTCTGA-1,0.000142,0.038417,0.105659,0.855782
ACCTAAGTACCTTTCA-1,0.00017,0.051474,0.423038,0.525318
ACCTAATCGACTTCCT-1,0.000225,0.00045,0.000225,0.999101
ACCTACAGTATGTGGT-1,0.000067,0.75929,0.000067,0.240576
ACCTACTATAAATCTA-1,0.000055,0.00011,0.000055,0.99978
ACCTCAGCGAGGCGCA-1,0.070222,0.290805,0.000119,0.638853
ACCTCCGCCCTCGCTG-1,0.000094,0.719902,0.000094,0.279909
ACCTCCGTTATTCACC-1,0.042637,0.294887,0.000149,0.662327
ACCTCGAACTTATGCT-1,0.000063,0.000126,0.000063,0.999748
ACCTGCGTGTCATGTT-1,0.000134,0.000267,0.031503,0.968097
ACCTTTCCTTTAGAAG-1,0.000217,0.14613,0.000217,0.853436
ACGAAATGGGCGGCAC-1,0.000109,0.000218,0.000109,0.999565
ACGACCCATGAGTTGC-1,0.029102,0.941915,0.028102,0.000881
ACGACTCTAGGGCCGA-1,0.038194,0.037259,0.000138,0.924409
ACGACTGGTCATACTC-1,0.000162,0.154461,0.000162,0.845216
ACGAGATATTTGCTTA-1,0.045655,0.000212,0.070438,0.883695
ACGAGGATACCACTCT-1,0.000135,0.000269,0.067128,0.932468
ACGAGGTTTACAACGT-1,0.000096,0.000193,0.002142,0.997569
ACGAGTACGGATGCCC-1,0.062894,0.012978,0.087387,0.836741
ACGAGTCGCCGGCGTT-1,0.000166,0.045501,0.000166,0.954167
ACGATACATAGAACTA-1,0.046366,0.021037,0.217566,0.71503
ACGATACCTATCCTGA-1,0.000073,0.092745,0.000073,0.907109
ACGATCATACATAGAG-1,0.018146,0.000229,0.305723,0.675901
ACGATCATCTTGTAAA-1,0.000133,0.213527,0.081816,0.704524
ACGATGCATATGTTAT-1,0.031188,0.120603,0.085637,0.762572
ACGATGGATCCGATGC-1,0.000073,0.000147,0.000073,0.999706
ACGCAAACTAATAGAT-1,0.000146,0.000293,0.000146,0.999414
ACGCAATCACTACAGC-1,0.000081,0.10537,0.059364,0.835185
ACGCATAAATGACATG-1,0.000027,0.043312,0.086523,0.870138
ACGCATACGTTTACTA-1,0.239592,0.057698,0.43446,0.26825
ACGCATTCGTGAGTAC-1,0.000087,0.000174,0.676187,0.323551
ACGCCACTCGAAACAG-1,0.000056,0.003993,0.000056,0.995894
ACGCCAGATGATTTCT-1,0.000117,0.000235,0.068037,0.931612
ACGCCAGTGCGTTTGC-1,0.203875,0.445956,0.000178,0.34999
ACGCCCAGCTGTCGAT-1,0.000031,0.000061,0.000031,0.999878
ACGCCGCTAGACGACC-1,0.028147,0.000215,0.069482,0.902156
ACGCGAAGTCAGACGA-1,0.000139,0.000277,0.117352,0.882232
ACGCGCTACACAGGGT-1,0.00017,0.108961,0.034503,0.856366
ACGCGGGCCAAGGACA-1,0.000073,0.000146,0.000073,0.999707
ACGCGTTTCTTAAGAG-1,0.000042,0.000084,0.000042,0.999833
ACGCTACTGAATGGGC-1,0.003054,0.932567,0.000025,0.064355
ACGCTAGTATCAGTGC-1,0.000032,0.000064,0.080518,0.919387
ACGCTAGTGATACACT-1,0.109458,0.072925,0.000094,0.817523
ACGCTGTGAGGCGTAG-1,0.015496,0.000218,0.069502,0.914783
ACGCTTAGTGTCTCTC-1,0.000045,0.00009,0.32686,0.673006
ACGGAACACGAGTGCC-1,0.000082,0.473853,0.000082,0.525983
ACGGAATTTAGCAAAT-1,0.000154,0.152309,0.016097,0.83144
ACGGACGCAGCGACAA-1,0.000063,0.011831,0.000063,0.988042
ACGGACTCTCAAAGCG-1,0.190849,0.000252,0.042818,0.766081
ACGGAGCGCAAATTAC-1,0.026299,0.000161,0.020731,0.952809
ACGGATGGTGCGGATA-1,0.000089,0.074196,0.00143,0.924284
ACGGCACTTGCTTGGG-1,0.000099,0.000197,0.000099,0.999606
ACGGCCAACATGGACT-1,0.022053,0.000135,0.62641,0.351402
ACGGCGACGATGGGAA-1,0.100716,0.024211,0.458711,0.416363
ACGGCTGGATGTAGAA-1,0.006613,0.043532,0.000122,0.949733
ACGGGAGTGTCGGCCC-1,0.106126,0.000301,0.000151,0.893423
ACGGGCGTATGCGACA-1,0.056013,0.064786,0.004731,0.87447
ACGGGTCATGTGACTT-1,0.000044,0.000088,0.10259,0.897279
ACGGGTTGTGACCTGT-1,0.000081,0.000163,0.049085,0.95067
ACGGTACAGTTCAATG-1,0.102592,0.006185,0.00013,0.891093
ACGGTCACCGAGAACA-1,0.000028,0.030158,0.140725,0.829088
ACGTACAGATTTCTCT-1,0.000114,0.000228,0.000114,0.999543
ACGTACTTTGGCACGG-1,0.000228,0.309462,0.000228,0.690082
ACGTAGATTGCTGATG-1,0.090118,0.07278,0.206549,0.630553
ACGTAGGAGAGTCGCT-1,0.000076,0.054852,0.076676,0.868395
ACGTATTACTCCGATC-1,0.000171,0.384808,0.088272,0.526749
ACGTCGGGCAACTCGG-1,0.00007,0.000139,0.003658,0.996133
ACGTCTCGTTCCGGGA-1,0.000054,0.040459,0.056143,0.903343
ACGTGACAAAGTAAGT-1,0.068598,0.000227,0.000113,0.931062
ACGTGCGCCTCGTGCA-1,0.000189,0.000379,0.000189,0.999242
ACGTGGTCGAATGTGC-1,0.000028,0.000056,0.144418,0.855499
ACGTTAATGTCGAAGA-1,0.000083,0.000166,0.000083,0.999667
ACGTTAGATTTGCCCG-1,0.05402,0.111303,0.050253,0.784424
ACGTTATTGGTCACTC-1,0.000065,0.00013,0.000065,0.99974
ACGTTCACTATGCCGC-1,0.000213,0.187406,0.000213,0.812168
ACGTTCGCAATCAATT-1,0.09685,0.217774,0.02478,0.660596
ACGTTCGTTCAGGAAA-1,0.000138,0.235807,0.08613,0.677925
ACGTTCTGTACAAGTC-1,0.000141,0.091284,0.000141,0.908433
ACGTTGTCGTTGAAAG-1,0.00012,0.13916,0.00012,0.860599
ACGTTTAGTTGTGATC-1,0.000038,0.000076,0.000038,0.999848
ACGTTTCGGTGCACTT-1,0.054479,0.892989,0.052456,0.000075
ACTAAGGACGCACACC-1,0.000025,0.101243,0.465611,0.43312
ACTAATACGTCAGGCG-1,0.000073,0.000147,0.026697,0.973083
ACTACAAAGAGAGGTG-1,0.000065,0.098521,0.000065,0.901349
ACTACATCCCGACAAG-1,0.000084,0.000168,0.06808,0.931668
ACTACCAGCTCTCTGG-1,0.031488,0.0597,0.091885,0.816927
ACTACCATCCGAGGGC-1,0.000203,0.191926,0.000203,0.807668
ACTACGCGTTAGAATT-1,0.00009,0.122142,0.074821,0.802947
ACTAGTTGCGATCGTC-1,0.568832,0.144776,0.218548,0.067844
ACTATATGCTGTGTTC-1,0.000095,0.00019,0.136329,0.863385
ACTATCCAGGGCATGG-1,0.018594,0.299173,0.161279,0.520955
ACTATCGCCGGCTAAA-1,0.000027,0.000054,0.000027,0.999893
ACTATCTGCCCGCGTA-1,0.325995,0.573562,0.000085,0.100358
ACTATGTCCAGCTGCC-1,0.000062,0.000123,0.000062,0.999753
ACTATTCGTCCGTGGT-1,0.006667,0.000123,0.086951,0.90626
ACTATTTCCGGGCCCA-1,0.000212,0.095495,0.000212,0.90408
ACTCAAGTGCAAGGCT-1,0.024991,0.000393,0.000197,0.974419
ACTCAATAAAGGCACG-1,0.000054,0.000109,0.000054,0.999782
ACTCATGGCAGCCTTC-1,0.000059,0.000117,0.000059,0.999766
ACTCCAATATCATCAT-1,0.000317,0.084943,0.000317,0.914423
ACTCCCATTCCTAAAG-1,0.038548,0.000229,0.080857,0.880366
ACTCCCGAATTCGTTT-1,0.102142,0.134558,0.000103,0.763197
ACTCCCGTAGACTAGG-1,0.000114,0.298042,0.000114,0.701729
ACTCCCTAATGCTAAA-1,0.059406,0.000166,0.000083,0.940344
ACTCCCTAGAATAGTA-1,0.00004,0.00008,0.00004,0.999841
ACTCCGGCCGACCACT-1,0.000121,0.169729,0.000121,0.830029
ACTCGATGTATTTCAT-1,0.000131,0.000262,0.000131,0.999476
ACTCGCCGTTCGATAA-1,0.152538,0.810648,0.000065,0.036749
ACTCGCGATCTGACGC-1,0.111076,0.76014,0.060942,0.067842
ACTCGTAACCCGTCCT-1,0.000099,0.000198,0.039408,0.960295
ACTCGTCAGTAATCCC-1,0.058628,0.055433,0.276429,0.609509
ACTCTAAACCTGGGAT-1,0.000028,0.000055,0.383691,0.616226
ACTCTCTGACTTAGGT-1,0.000181,0.145778,0.058069,0.795972
ACTCTCTTATACACGA-1,0.000064,0.000128,0.184285,0.815523
ACTCTGACCTAATAGA-1,0.00003,0.228618,0.013286,0.758067
ACTCTTCAGCTCCCGC-1,0.000034,0.779958,0.021302,0.198706
ACTCTTGTATAGTAAC-1,0.076834,0.000208,0.200111,0.722846
ACTGAAACGCCGTTAG-1,0.000118,0.254543,0.000307,0.745032
ACTGAATGGCGAAAGT-1,0.095424,0.000224,0.000112,0.90424
ACTGATTTAGTGATTC-1,0.007714,0.00012,0.00006,0.992106
ACTGCCCGCCATTCTC-1,0.000562,0.001124,0.000562,0.997752
ACTGCCGTCGTAACTC-1,0.000185,0.00037,0.000185,0.999259
ACTGCGGACACACCGT-1,0.309504,0.617486,0.055282,0.017729
ACTGCTCGGAAGGATG-1,0.031179,0.042135,0.149543,0.777143
ACTGGCGAACCTGCGT-1,0.000058,0.106382,0.005887,0.887673
ACTGGGATGCCAGTGC-1,0.000109,0.000218,0.376181,0.623491
ACTGTACGATACACAT-1,0.189628,0.139142,0.165352,0.505878
ACTGTAGCACTTTGGA-1,0.000185,0.000369,0.012072,0.987374
ACTGTCCAGGATTATA-1,0.00009,0.00018,0.003687,0.996043
ACTGTCTTCTTTAGAA-1,0.069375,0.000282,0.05217,0.878173
ACTTACCGGGCGCGCA-1,0.00007,0.00014,0.00007,0.999721
ACTTACGCATCCACGC-1,0.000103,0.167399,0.194847,0.637652
ACTTATACTTACCCGG-1,0.042059,0.00025,0.000125,0.957566
ACTTATTAGGATCGGT-1,0.000198,0.000396,0.134303,0.865103
ACTTATTTATGTGCCA-1,0.228317,0.000456,0.070451,0.700775
ACTTCAGGCTGATCCC-1,0.000169,0.177487,0.000169,0.822175
ACTTCCAGTGGAAGCT-1,0.000077,0.000154,0.304687,0.695082
ACTTCCATGCGGGACA-1,0.024347,0.000518,0.000259,0.974876
ACTTCCTGTCGTGCGA-1,0.000024,0.058257,0.090088,0.85163
ACTTCGCCATACGCAC-1,0.095406,0.000192,0.155069,0.749333
ACTTCGCTAGCGAGTG-1,0.000044,0.762446,0.000044,0.237466
ACTTGACTCCCTCTTT-1,0.02606,0.048605,0.096064,0.829271
ACTTGCTCTATCTACC-1,0.000091,0.211789,0.000091,0.788029
ACTTGGGACCCGGTGG-1,0.000111,0.011199,0.000111,0.98858
ACTTGGGCTTTCGCCA-1,0.000229,0.048604,0.000229,0.950937
ACTTGTAGTCCCTTCA-1,0.00005,0.0001,0.00005,0.999799
ACTTGTGGATGGAACG-1,0.183277,0.567095,0.000101,0.249528
ACTTGTTACCGGATCA-1,0.000193,0.000385,0.119763,0.879659
ACTTTACCCTCATGAA-1,0.137358,0.07234,0.074527,0.715776
ACTTTATACACCACTT-1,0.000058,0.000116,0.000058,0.999767
ACTTTCCTATAGCTTC-1,0.000101,0.000202,0.104452,0.895246
ACTTTGACTGCATCCT-1,0.000094,0.000189,0.000094,0.999623
ACTTTGGTCGTGCTCC-1,0.038475,0.000289,0.000145,0.961091
ACTTTGTCGACGCACT-1,0.170018,0.829748,0.000033,0.000201
AGAAATTATGACTCGC-1,0.334847,0.608845,0.02671,0.029598
AGAACACGGCGATGGT-1,0.000018,0.090927,0.115519,0.793536
AGAACCCAGCGTGACA-1,0.073047,0.893252,0.014346,0.019356
AGAACCCTCAATTGGG-1,0.000067,0.000134,0.025159,0.97464
AGAACGTGGTACATTC-1,0.000082,0.000164,0.161322,0.838432
AGAACTGTACTTTGTA-1,0.000091,0.113353,0.000091,0.886466
AGAAGAGCGCCGTTCC-1,0.004001,0.008002,0.004001,0.983995
AGAAGGTACACTTCAC-1,0.000055,0.026399,0.126616,0.846929
AGAAGGTTGCCGAATT-1,0.00032,0.100314,0.00032,0.899047
AGAAGGTTGTAGGTCG-1,0.013376,0.000229,0.12537,0.861026
AGAAGTGATTCGTGAT-1,0.000127,0.040273,0.000127,0.959473
AGAATAAATCTTCAGG-1,0.078898,0.000195,0.000097,0.92081
AGAATACAGGCTATCC-1,0.000034,0.079634,0.000034,0.920297
AGAATGCGGGTTCGGA-1,0.103737,0.168388,0.139254,0.588621
AGAATTATGGATTCGA-1,0.000038,0.226826,0.093534,0.679601
AGAATTGTTTGACATA-1,0.044366,0.000479,0.000239,0.954916
AGACAGCTCAGAATCC-1,0.067116,0.000154,0.000077,0.932654
AGACAGGCATCTCAGC-1,0.004825,0.896194,0.098877,0.000103
AGACCAAACCACACCT-1,0.00005,0.000101,0.2598,0.740049
AGACCATGGGATACAA-1,0.000204,0.000408,0.336067,0.66332
AGACCCACCGCTGATC-1,0.000066,0.000131,0.020608,0.979196
AGACCCGCCCTCCTCG-1,0.000093,0.000186,0.000093,0.999628
AGACCGCTCCGCGGTT-1,0.005479,0.837397,0.000102,0.157023
AGACCGGGAAACCCTG-1,0.000032,0.000064,0.000032,0.999872
AGACGAAGTGCCGGTC-1,0.000044,0.334,0.0788,0.587157
AGACGACGATGCCGCT-1,0.165168,0.000542,0.000271,0.834019
AGACGCCCACTTCGCC-1,0.144595,0.855163,0.000035,0.000208
AGACGGGATTGGTATA-1,0.00016,0.028986,0.000032,0.970822
AGACGGGCCGATTTAA-1,0.000082,0.000163,0.000082,0.999673
AGACTAGCCTTCCAGA-1,0.051153,0.000764,0.000382,0.947702
AGACTGTTACCGGGTC-1,0.000346,0.000692,0.000346,0.998616
AGAGAAACACCAGAAA-1,0.000114,0.194493,0.000114,0.805278
AGAGAACCGTCTAGGA-1,0.053498,0.0162,0.100055,0.830246
AGAGAAGGAGTACAAT-1,0.000202,0.153486,0.000202,0.846109
AGAGATCTCTAAAGCG-1,0.070942,0.053688,0.120958,0.754412
AGAGCAGTTATGAGAC-1,0.000101,0.000202,0.000101,0.999596
AGAGCCGCCGAGATTT-1,0.136569,0.700325,0.06731,0.095796
AGAGCGCTTGTAACGG-1,0.069691,0.177335,0.022102,0.730872
AGAGCGGGCTAATCAT-1,0.026757,0.000212,0.000106,0.972925
AGAGCGTACAAGCTCG-1,0.000296,0.000592,0.152867,0.846245
AGAGCTACGAAAGCAT-1,0.000135,0.00027,0.46054,0.539055
AGAGGCTTCGGAAACC-1,0.006094,0.149721,0.020292,0.823892
AGAGGGACAATTGTCC-1,0.00002,0.026216,0.000258,0.973505
AGAGTAAACTTCACTA-1,0.000165,0.428964,0.000165,0.570705
AGAGTATAGTGTTACG-1,0.160101,0.19178,0.248723,0.399396
AGAGTCTTAATGAAAG-1,0.023041,0.957953,0.016208,0.002798
AGAGTGAACAGACACC-1,0.000029,0.044702,0.318423,0.636846
AGAGTTAGAGACCGAT-1,0.026618,0.000231,0.000116,0.973035
AGAGTTGCAGGCCTCC-1,0.000052,0.120442,0.000052,0.879453
AGATAACTTCAGGGCC-1,0.021929,0.058084,0.003116,0.916871
AGATAATCACACCTAT-1,0.000057,0.014503,0.000057,0.985383
AGATACCAATAGAACC-1,0.313139,0.663591,0.022993,0.000276
AGATACCAGCACTTCA-1,0.000109,0.146067,0.000109,0.853715
AGATACCGGTGTTCAC-1,0.000123,0.11995,0.000123,0.879803
AGATACTCAAGATCGA-1,0.000078,0.000157,0.178208,0.821558
AGATATAATACGACTA-1,0.000119,0.066527,0.161167,0.772186
AGATCGTGCATAAGAT-1,0.000058,0.000117,0.065106,0.934719
AGATCTCAGGTGTGAT-1,0.015717,0.043526,0.452021,0.488736
AGATCTGGAGAGGATA-1,0.000095,0.000191,0.000095,0.999618
AGATGACTCGCCCACG-1,0.000188,0.000375,0.000188,0.999249
AGATGAGGGTTGCGAT-1,0.035052,0.000211,0.000106,0.964631
AGATGATGGAGTCTGG-1,0.144906,0.000226,0.000113,0.854755
AGATGCAAGACGTGCA-1,0.000115,0.000229,0.262894,0.736762
AGATGCATCCTGTGTC-1,0.000043,0.000087,0.000043,0.999827
AGATGCTATAACGAGC-1,0.000045,0.000089,0.000045,0.999821
AGATTATAGGACGTTT-1,0.029697,0.000317,0.000159,0.969827
AGATTCAAGCGGGTCG-1,0.000069,0.000139,0.034169,0.965623
AGATTCACAACCGATA-1,0.00946,0.077083,0.165436,0.748021
AGCAAAGGCCGCTAGT-1,0.049752,0.000216,0.000108,0.949925
AGCAACATATCTTATT-1,0.00012,0.00024,0.00012,0.99952
AGCAACCGAAAGTAAT-1,0.000036,0.000072,0.052023,0.947869
AGCACACGTTTAGACT-1,0.000293,0.038889,0.000293,0.960524
AGCACCAGTACTCACG-1,0.035741,0.000272,0.000136,0.96385
AGCACTACCGGCCTGT-1,0.000121,0.000241,0.000121,0.999518
AGCACTACCTCACCAG-1,0.000132,0.133914,0.064442,0.801512
AGCACTTAAGGACGCC-1,0.000248,0.215684,0.000248,0.783821
AGCAGAAGGAGAAAGA-1,0.038526,0.14463,0.000059,0.816785
AGCAGCCAGATGAATA-1,0.000122,0.000245,0.152025,0.847608
AGCAGTCGAAGCATGC-1,0.000134,0.204441,0.020033,0.775393
AGCATATCAATATGCT-1,0.000134,0.000268,0.006035,0.993564
AGCATCATTTCGAAAG-1,0.000185,0.00037,0.000185,0.99926
AGCATCGTCGATAATT-1,0.003511,0.12728,0.000161,0.869048
AGCATTACGAGGCAAG-1,0.174627,0.65623,0.000066,0.169077
AGCCAAGCTTTGTGTC-1,0.018191,0.000427,0.115986,0.865397
AGCCACAGGTTACCCG-1,0.000339,0.170071,0.000339,0.829251
AGCCACTCCCGTGCTT-1,0.000101,0.000202,0.000101,0.999597
AGCCATATAGTATGTG-1,0.000101,0.000202,0.344385,0.655311
AGCCCATACATGTAAG-1,0.000116,0.029981,0.000116,0.969788
AGCCCGCAACAAGCAG-1,0.000111,0.000223,0.000308,0.999358
AGCCCGCACTACAATG-1,0.000022,0.944052,0.000392,0.055534
AGCCCGGCATTAGAGG-1,0.00024,0.105003,0.00024,0.894516
AGCCCGGTAGCCTGTA-1,0.000095,0.00019,0.000095,0.99962
AGCCCTAAGCGAAGTT-1,0.000156,0.000313,0.000156,0.999375
AGCCCTCCCTGGTGGC-1,0.000301,0.136514,0.000301,0.862884
AGCCCTGTCGCACCGT-1,0.057442,0.809981,0.000035,0.132542
AGCCCTTCTAATCCGA-1,0.000072,0.055748,0.013157,0.931022
AGCCCTTGGACATCCC-1,0.014669,0.926118,0.000054,0.059159
AGCCGCAAATTCAAAT-1,0.000043,0.006753,0.557901,0.435303
AGCCGCTTGATTAGCG-1,0.000089,0.000178,0.000089,0.999643
AGCCGTGGCTAAATGT-1,0.000074,0.000148,0.162578,0.837201
AGCCTAATACCCACGT-1,0.031799,0.000275,0.000138,0.967788
AGCCTTAAAGCGGAAG-1,0.000114,0.032214,0.000114,0.967558
AGCCTTGTCACTGATA-1,0.000052,0.070722,0.007863,0.921363
AGCGACAGGAACGGTC-1,0.041062,0.000172,0.118176,0.84059
AGCGACATCCCATTCA-1,0.000087,0.005483,0.050343,0.944087
AGCGACCAACGATATT-1,0.011036,0.00022,0.034075,0.954669
AGCGACTTTGAAGACA-1,0.000413,0.060126,0.000413,0.939047
AGCGAGACGTGAAGGC-1,0.000075,0.055641,0.407802,0.536481
AGCGATGCGCCTAATA-1,0.050196,0.889203,0.000061,0.060541
AGCGCATAATGAATCG-1,0.000102,0.000204,0.07807,0.921625
AGCGCGGGTGCCAATG-1,0.024594,0.069998,0.03732,0.868088
AGCGCTAGAGCGATGT-1,0.094256,0.635052,0.000033,0.270658
AGCGCTTATGGGCAAG-1,0.000073,0.000145,0.287494,0.712288
AGCGGACACTTCGTAG-1,0.084967,0.000214,0.078137,0.836681
AGCGGCGGTTAGCGGT-1,0.080145,0.000222,0.031085,0.888548
AGCGGGTCTGACACTC-1,0.000158,0.000316,0.000158,0.999368
AGCGGTTGAGATGTAC-1,0.000062,0.000124,0.000062,0.999752
AGCGGTTGCCGCTCTG-1,0.082147,0.00021,0.045219,0.872425
AGCGTGGTATTCTACT-1,0.050854,0.00024,0.26147,0.687435
AGCGTTCCGATTTAAA-1,0.000056,0.029692,0.141863,0.82839
AGCTAACAAGCAATGT-1,0.000391,0.063513,0.000391,0.935705
AGCTAAGCTCCGTCCG-1,0.000048,0.166131,0.091497,0.742324
AGCTAAGTACGCAGGC-1,0.016954,0.167999,0.000148,0.814899
AGCTACGAATGGTGGT-1,0.010493,0.896232,0.017212,0.076063
AGCTAGAAGCAGAAGT-1,0.000042,0.000084,0.051204,0.94867
AGCTATTTAATCCAAC-1,0.00005,0.000101,0.003948,0.995901
AGCTCCATATATGTTC-1,0.241641,0.604988,0.023023,0.130348
AGCTCCTTCGCACATC-1,0.000104,0.435723,0.168925,0.395248
AGCTCGTTGATGGAAA-1,0.043352,0.037924,0.000072,0.918652
AGCTCTAGACGTTCCA-1,0.000182,0.086208,0.220962,0.692648
AGCTCTTCCCAGTGCA-1,0.000068,0.000137,0.525778,0.474017
AGCTCTTCGTAACCTT-1,0.216037,0.540107,0.110031,0.133824
AGCTCTTTACTCAGTT-1,0.086943,0.000616,0.000308,0.912133
AGCTGAAGTAAACCAA-1,0.109675,0.006428,0.199613,0.684284
AGCTGCATTTGAGGTG-1,0.000043,0.000086,0.000043,0.999827
AGCTGCTGTGCCGAAT-1,0.000034,0.000069,0.024673,0.975224
AGCTGTAACCTCAATC-1,0.000114,0.024112,0.000114,0.97566
AGCTTCAATACTTTGA-1,0.000083,0.000166,0.000083,0.999667
AGCTTCTTCTCGAGCA-1,0.041808,0.210813,0.03445,0.712928
AGCTTGATCAGGGTAG-1,0.000084,0.095108,0.000084,0.904723
AGCTTGATCTTAACTT-1,0.016507,0.000288,0.00593,0.977276
AGGAACGAACGACTTC-1,0.332698,0.667183,0.000017,0.000102
AGGAAGCTGTCCGCCG-1,0.008015,0.00039,0.000195,0.9914
AGGACAGTCGAATCCC-1,0.00012,0.003489,0.188165,0.808226
AGGACATCGGCACACT-1,0.04418,0.925459,0.006844,0.023517
AGGACGACCCATTAGA-1,0.253588,0.000608,0.000304,0.7455
AGGACGCTCGATGTTG-1,0.000141,0.059755,0.196219,0.743886
AGGACTTATAGGAGAA-1,0.000056,0.000112,0.082501,0.91733
AGGAGACATCCACAGT-1,0.000039,0.067647,0.000039,0.932275
AGGAGAGTCTGGCTAC-1,0.024267,0.249389,0.000091,0.726253
AGGAGCGTTTATTATC-1,0.088652,0.807916,0.027268,0.076163
AGGAGGCCTTCGCGCG-1,0.067808,0.057416,0.123313,0.751463
AGGATAAAGTCGGGAT-1,0.067805,0.000151,0.113814,0.818231
AGGATATAGGGATTTA-1,0.069973,0.116952,0.141077,0.671997
AGGATATCCGACTGCA-1,0.02455,0.211599,0.020722,0.743128
AGGATCACGCGATCTG-1,0.000148,0.000296,0.14321,0.856346
AGGATTGCTTACGACA-1,0.282679,0.254408,0.00545,0.457463
