Barcode,Topic 1,Topic 2,Topic 3,Topic 4to7,Topic 8to9,Topic 10to11
AAACAAGTATCTCCCA-1,0.910878,0.01236,0.000013,0.076696,0.000026,0.000026
AAACAATCTACTAGCA-1,0.046694,0.000037,0.300154,0.106619,0.200948,0.345548
AAACACCAATAACTGC-1,0.116038,0.034294,0.309046,0.119288,0.041239,0.380095
AAACAGAGCGACTCCT-1,0.000015,0.040577,0.012827,0.341902,0.00309,0.601589
AAACAGCTTTCAGAAG-1,0.002247,0.007881,0.314969,0.262359,0.020601,0.391943
AAACAGGGTCTATATT-1,0.00001,0.00001,0.144374,0.757889,0.014917,0.0828
AAACATTTCCCGGATT-1,0.813848,0.026797,0.004064,0.086453,0.000788,0.06805
AAACCACTACACAGAT-1,0.02582,0.000065,0.571299,0.076527,0.293116,0.033173
AAACCCGAACGAAATC-1,0.725448,0.008389,0.177441,0.000103,0.061215,0.027405
AAACCGGAAATGTTAA-1,0.999851,0.000015,0.000015,0.00006,0.00003,0.00003
AAACCGGGTAGGTACC-1,0.000011,0.000058,0.006951,0.775562,0.197986,0.019432
AAACCGTTCGTCCAGG-1,0.000007,0.004573,0.000007,0.965891,0.027333,0.002189
AAACCTAAGCAGCCGG-1,0.317842,0.462245,0.087041,0.040299,0.017878,0.074695
AAACCTCATGAAGTTG-1,0.000017,0.000017,0.0599,0.617612,0.281839,0.040615
AAACGAAGAACATACC-1,0.003801,0.053867,0.398659,0.008953,0.128523,0.406196
AAACGAAGATGGAGTA-1,0.006216,0.006394,0.402907,0.419582,0.099579,0.065323
AAACGACAGTCTTGCC-1,0.086086,0.04921,0.689243,0.000256,0.172247,0.002959
AAACGAGACGGTTGAT-1,0.000019,0.038377,0.004724,0.245747,0.663596,0.047536
AAACGCCCGAGATCGG-1,0.029143,0.026249,0.159553,0.36854,0.090872,0.325643
AAACGGGCGTACGGGT-1,0.787362,0.000171,0.069028,0.000101,0.143288,0.00005
AAACGGGTTGGTATCC-1,0.00006,0.00006,0.428291,0.336481,0.141567,0.093542
AAACGGTTGCGAACTG-1,0.001178,0.080441,0.012992,0.572179,0.1285,0.20471
AAACGTGTTCGCCCTA-1,0.074935,0.016204,0.468828,0.218085,0.191097,0.030851
AAACTAACGTGGCGAC-1,0.051791,0.01669,0.141023,0.462795,0.037666,0.290036
AAACTCGGTTCGCAAT-1,0.091615,0.285185,0.027675,0.097614,0.470347,0.027565
AAACTCGTGATATAAG-1,0.000015,0.000015,0.08157,0.755969,0.100354,0.062077
AAACTGCTGGCTCCAA-1,0.138369,0.143889,0.070218,0.015043,0.562283,0.070199
AAACTTAATTGCACGC-1,0.16721,0.000038,0.543796,0.025788,0.244889,0.01828
AAACTTGCAAACGTAT-1,0.004875,0.000315,0.075295,0.371721,0.199269,0.348524
AAAGACATGAAGTTTA-1,0.042684,0.000031,0.327777,0.000122,0.000061,0.629325
AAAGACCCAAGTCGCG-1,0.000015,0.023963,0.000015,0.727781,0.19717,0.051056
AAAGACTGGGCGCTTT-1,0.00001,0.00001,0.050811,0.735799,0.036724,0.176646
AAAGCTTGCCTACATA-1,0.000019,0.000019,0.223568,0.130652,0.432189,0.213553
AAAGGCCCTATAATAC-1,0.000017,0.007002,0.232637,0.655619,0.084602,0.020123
AAAGGCTACGGACCAT-1,0.00116,0.067902,0.005795,0.431116,0.41205,0.081978
AAAGGCTCTCGCGCCG-1,0.002428,0.002398,0.034452,0.064356,0.886502,0.009864
AAAGGGATGTAGCAAG-1,0.000012,0.012932,0.000012,0.905981,0.076748,0.004313
AAAGGGCAGCTTGAAT-1,0.000028,0.000028,0.227047,0.014473,0.548652,0.209772
AAAGGTAAGCTGTACC-1,0.066236,0.01369,0.115586,0.389538,0.066224,0.348727
AAAGGTCAACGACATG-1,0.000045,0.000045,0.102999,0.069584,0.60921,0.218117
AAAGTAGCATTGCTCA-1,0.166504,0.03393,0.046661,0.381515,0.190709,0.180681
AAAGTCACTGATGTAA-1,0.000361,0.047506,0.028927,0.449365,0.079829,0.394012
AAAGTCGACCCTCAGT-1,0.000008,0.000173,0.001444,0.984475,0.001739,0.01216
AAAGTGCCATCAATTA-1,0.999784,0.000022,0.000022,0.000086,0.000043,0.000043
AAAGTGTGATTTATCT-1,0.301883,0.051419,0.245141,0.138437,0.203827,0.059294
AAAGTTGACTCCCGTA-1,0.51761,0.042819,0.209661,0.000089,0.002735,0.227085
AAATAACCATACGGGA-1,0.000011,0.001601,0.006191,0.868019,0.100134,0.024044
AAATAAGGTAGTGCCC-1,0.064624,0.001649,0.110331,0.023272,0.440968,0.359157
AAATACCTATAAGCAT-1,0.286236,0.112503,0.133003,0.00011,0.01373,0.454417
AAATAGCTTAGACTTT-1,0.00443,0.122115,0.023903,0.453921,0.393945,0.001686
AAATAGGGTGCTATTG-1,0.321482,0.101591,0.323857,0.000103,0.001827,0.251139
AAATCACTCCTAAACG-1,0.000031,0.023695,0.272006,0.238942,0.291973,0.173353
AAATCCGATACACGCC-1,0.684631,0.024671,0.079023,0.02287,0.133735,0.05507
AAATCGCGGAAGGAGT-1,0.021425,0.000022,0.463239,0.336253,0.113221,0.065839
AAATCGTGTACCACAA-1,0.000016,0.114098,0.000016,0.537964,0.347875,0.000031
AAATCTAGCCCTGCTA-1,0.842779,0.04548,0.002321,0.088418,0.000028,0.020974
AAATGATTCGATCAGC-1,0.018302,0.033696,0.034834,0.32931,0.219629,0.364229
AAATGCTCGTTACGTT-1,0.000032,0.000032,0.068436,0.241876,0.569652,0.119972
AAATGGCATGTCTTGT-1,0.020965,0.031046,0.0145,0.456091,0.133614,0.343784
AAATGGCCCGTGCCCT-1,0.000015,0.000015,0.167979,0.052932,0.024008,0.755051
AAATGGTCAATGTGCC-1,0.000017,0.051227,0.000017,0.616803,0.327741,0.004195
AAATGTATCTTATCCC-1,0.074717,0.000064,0.816144,0.000255,0.108692,0.000128
AAATGTGGGTGCTCCT-1,0.058458,0.005843,0.325551,0.331498,0.075482,0.203169
AAATTAACGGGTAGCT-1,0.000011,0.085582,0.000011,0.630616,0.02368,0.2601
AAATTAATAAGCGCGA-1,0.000032,0.000032,0.373416,0.056422,0.139563,0.430535
AAATTACACGACTCTG-1,0.001822,0.025015,0.018064,0.501813,0.113366,0.33992
AAATTACCTATCGATG-1,0.000006,0.007287,0.000006,0.926776,0.042335,0.023589
AAATTCCAGGTCCAAA-1,0.049157,0.061998,0.02769,0.457666,0.233732,0.169757
AAATTGATAGTCCTTT-1,0.029029,0.001607,0.10029,0.088891,0.226643,0.553541
AAATTGCGGCGGTTCT-1,0.04364,0.013589,0.66147,0.20045,0.041974,0.038876
AAATTGGTGAGAAGCA-1,0.053337,0.013446,0.53461,0.395222,0.000033,0.003352
AAATTTACCGAAATCC-1,0.022653,0.015195,0.286143,0.442403,0.08161,0.151996
AAATTTGCGGGTGTGG-1,0.000019,0.000019,0.295714,0.219493,0.439669,0.045085
AACAACTGGTAGTTGC-1,0.009464,0.015814,0.074669,0.160479,0.393098,0.346476
AACAATACATTGTCGA-1,0.000012,0.000012,0.163955,0.660485,0.157027,0.01851
AACAATTACTCTACGC-1,0.001311,0.009733,0.012225,0.807965,0.059528,0.109238
AACACACGCTCGCCGC-1,0.954656,0.000029,0.00976,0.000118,0.035378,0.000059
AACACGACTGTACTGA-1,0.000022,0.003561,0.039545,0.280327,0.152714,0.523832
AACACGAGACGCGGCC-1,0.000016,0.002165,0.173074,0.372122,0.277651,0.174972
AACACGCGGCCGCGAA-1,0.000049,0.000049,0.385707,0.035936,0.195914,0.382346
AACAGCTGTGTGGCAA-1,0.000006,0.00936,0.004334,0.835739,0.012256,0.138305
AACAGGAAATCGAATA-1,0.000021,0.000021,0.030032,0.171193,0.523756,0.274978
AACAGGATGGGCCGCG-1,0.000013,0.018001,0.021163,0.668219,0.082782,0.209822
AACAGGTAGTATGGAT-1,0.681427,0.219905,0.017801,0.08077,0.000049,0.000048
AACATATCAACTGGTG-1,0.006494,0.016166,0.006748,0.50583,0.025654,0.439108
AACATCGATACGTCTA-1,0.000013,0.000013,0.086935,0.82556,0.000026,0.087452
AACATTGAAGTTGATC-1,0.000023,0.000023,0.082891,0.269489,0.383537,0.264037
AACATTGGTCAGCCGT-1,0.039465,0.000033,0.113826,0.280302,0.18142,0.384955
AACATTGTGACTCGAG-1,0.000018,0.01401,0.002149,0.511057,0.454559,0.018207
AACCAAGACTTCTCTG-1,0.000009,0.000009,0.053363,0.834492,0.072544,0.039582
AACCAGTATCACTCTT-1,0.017323,0.019722,0.23528,0.486135,0.089372,0.152168
AACCATAGGGTTGAAC-1,0.031512,0.048542,0.763211,0.012071,0.050066,0.094598
AACCATGGGATCGCTA-1,0.000011,0.000011,0.006491,0.809969,0.14184,0.041678
AACCCAGAGACGGAGA-1,0.000012,0.013153,0.000316,0.724759,0.178169,0.083592
AACCCATCCCATGATC-1,0.000014,0.000014,0.165381,0.541539,0.05969,0.233361
AACCCGACAACCCGTG-1,0.000017,0.001555,0.030995,0.409235,0.308962,0.249237
AACCCGAGCAGAATCG-1,0.958032,0.000023,0.003634,0.038217,0.000047,0.000047
AACCCTACTGTCAATA-1,0.113425,0.183367,0.067816,0.334178,0.274683,0.026532
AACCCTGGTGGAACCA-1,0.00003,0.002064,0.204443,0.057485,0.458423,0.277555
AACCGAGCTTGGTCAT-1,0.000025,0.003443,0.10318,0.255787,0.568552,0.069012
AACCGCTAAGGGATGC-1,0.511788,0.416589,0.000013,0.071555,0.000027,0.000027
AACCGTTGTGTTTGCT-1,0.000022,0.000022,0.029812,0.476055,0.407849,0.08624
AACCTAAAGCCGTCCG-1,0.000036,0.000036,0.211843,0.140542,0.426802,0.220741
AACCTCGCTTTAGCCC-1,0.345593,0.045955,0.259363,0.10348,0.087829,0.15778
AACCTGTCACGGAATT-1,0.014833,0.025012,0.069049,0.029183,0.860708,0.001215
AACCTTTAAATACGGT-1,0.032188,0.172253,0.14123,0.00282,0.490921,0.160589
AACCTTTACGACGTCT-1,0.000023,0.018834,0.031947,0.302045,0.249424,0.397726
AACGAAAGTCGTCCCA-1,0.069338,0.024982,0.575058,0.196934,0.100846,0.032843
AACGATAATGCCGTAG-1,0.015621,0.48935,0.018828,0.356538,0.111579,0.008084
AACGATAGAAGGGCCG-1,0.041077,0.09537,0.022427,0.399498,0.207427,0.234201
AACGATATGTCAACTG-1,0.00002,0.021485,0.069428,0.011657,0.248508,0.648902
AACGCATGATCTGGGT-1,0.000031,0.000031,0.149985,0.124334,0.547254,0.178366
AACGCGAACGGCAACA-1,0.000088,0.000088,0.534078,0.00035,0.465222,0.000175
AACGCGACCTTGGGCG-1,0.04264,0.040661,0.022069,0.562723,0.239364,0.092543
AACGCGGTCTCCAGCC-1,0.000044,0.000044,0.086182,0.0305,0.72594,0.15729
AACGCTGTTGCTGAAA-1,0.658098,0.047134,0.040786,0.201463,0.041006,0.011512
AACGGACGTACGTATA-1,0.994035,0.005789,0.00002,0.000078,0.000039,0.000039
AACGGCCATCTCCGGT-1,0.000007,0.017209,0.000007,0.922237,0.036479,0.024061
AACGTACTGTGGGTAC-1,0.013406,0.146552,0.013424,0.560162,0.100867,0.165589
AACGTAGTCTACCCAT-1,0.002652,0.005338,0.38656,0.241021,0.283169,0.08126
AACGTCAGACTAGTGG-1,0.000013,0.003513,0.006198,0.644781,0.155935,0.189561
AACGTGATGAAGGACA-1,0.02326,0.00003,0.886605,0.000121,0.00006,0.089924
AACGTGCGAAAGTCTC-1,0.05987,0.072596,0.075025,0.000668,0.678052,0.113788
AACGTTATCAGCACCT-1,0.000015,0.000015,0.032207,0.862719,0.04022,0.064825
AACTACCCGTTTGTCA-1,0.68257,0.102172,0.003063,0.069984,0.00003,0.142181
AACTAGCGTATCGCAC-1,0.056093,0.000111,0.453787,0.000443,0.489345,0.000221
AACTAGGCTTGGGTGT-1,0.050432,0.185694,0.020043,0.343217,0.365692,0.034921
AACTCAAGTTAATTGC-1,0.003653,0.076018,0.000011,0.722729,0.152505,0.045084
AACTCCAGAGCGTGTT-1,0.559897,0.196114,0.043123,0.175878,0.018026,0.006961
AACTCCTAATCCCATG-1,0.000025,0.013419,0.187574,0.110353,0.368018,0.32061
AACTCGATGGCGCAGT-1,0.000018,0.000018,0.002242,0.668383,0.170564,0.158775
AACTCTCAATAGAGCG-1,0.014332,0.038271,0.017426,0.347814,0.558449,0.023707
AACTCTCAGTGTGCTC-1,0.000016,0.02801,0.156603,0.501209,0.184088,0.130074
AACTGAGGTCAGCGTC-1,0.042805,0.002044,0.13456,0.455481,0.052229,0.312881
AACTGAGTTATACTGA-1,0.999782,0.000022,0.000022,0.000087,0.000044,0.000044
AACTGATATTAGGCCT-1,0.003914,0.007249,0.040121,0.026555,0.262308,0.659852
AACTGGGTCCCGACGT-1,0.000015,0.007948,0.000872,0.622218,0.229547,0.139399
AACTGGGTTCGAGCCG-1,0.013378,0.008818,0.309594,0.234849,0.150781,0.28258
AACTGGTGTGGGCCTT-1,0.00002,0.05437,0.154302,0.469023,0.006263,0.316023
AACTTCTGCGTCTATC-1,0.000021,0.000021,0.033651,0.654003,0.026475,0.285829
AACTTGCCCGTATGCA-1,0.000011,0.000011,0.018451,0.681889,0.077056,0.222583
AACTTGCGTTCTCGCG-1,0.000048,0.009648,0.129364,0.063753,0.040932,0.756256
AACTTTACGGGAGCTT-1,0.000019,0.000019,0.219189,0.378178,0.096751,0.305843
AACTTTAGCTGCTGAG-1,0.000068,0.0738,0.570408,0.007924,0.222239,0.125562
AACTTTCTCGATCATG-1,0.003976,0.00002,0.110591,0.587372,0.050466,0.247575
AAGAAATCACCAGATT-1,0.000025,0.000025,0.167361,0.195074,0.208932,0.428583
AAGAAGGATCAGTTAG-1,0.00001,0.016968,0.00001,0.766715,0.002074,0.214223
AAGACATACGTGGTTT-1,0.695946,0.030574,0.036495,0.07891,0.118692,0.039383
AAGACCAAATAACTCA-1,0.031504,0.002112,0.487168,0.451994,0.012524,0.014698
AAGACCCAACTGAACA-1,0.000022,0.003983,0.017341,0.255215,0.700848,0.022591
AAGACTAACCCGTTGT-1,0.000047,0.009683,0.665285,0.22752,0.097371,0.000094
AAGACTCACGCCCACT-1,0.040278,0.000053,0.505746,0.07638,0.299907,0.077637
AAGACTGCAAGCTACT-1,0.002792,0.144123,0.023633,0.16406,0.657842,0.00755
AAGAGATGAATCGGTA-1,0.003106,0.000021,0.049754,0.191478,0.578721,0.17692
AAGAGCTCTTTATCGG-1,0.001931,0.068216,0.025903,0.155858,0.640667,0.107424
AAGAGGATGTACGCGA-1,0.000016,0.00921,0.075854,0.185271,0.099104,0.630545
AAGAGGCATGGATCGC-1,0.004084,0.323971,0.008282,0.491667,0.119526,0.052471
AAGAGGCCCTTTGGAA-1,0.607856,0.185907,0.000018,0.206146,0.000036,0.000036
AAGATGGCACCGGACC-1,0.030334,0.00512,0.010216,0.552899,0.194371,0.207059
AAGATTGGCGGAACGT-1,0.004236,0.015736,0.005491,0.328033,0.448809,0.197695
AAGCACCCTGCGTATC-1,0.063173,0.366108,0.024326,0.275227,0.15466,0.116505
AAGCATACTCTCCTGA-1,0.066573,0.101387,0.150098,0.013826,0.510521,0.157596
AAGCCGAAGCGGTTTA-1,0.938168,0.025719,0.000021,0.036006,0.000043,0.000043
AAGCCGCCGTGAAATC-1,0.000013,0.002279,0.011903,0.786783,0.022544,0.176479
AAGCCGCTTTACCTTG-1,0.000024,0.042382,0.243616,0.00687,0.008197,0.69891
AAGCCGGAGAGCAGGA-1,0.997898,0.001875,0.000025,0.000101,0.00005,0.00005
AAGCGCAGGGCTTTGA-1,0.264939,0.184076,0.086419,0.163317,0.231279,0.06997
AAGCGGCGTCATGGGT-1,0.000018,0.020903,0.257877,0.438664,0.145378,0.13716
AAGCGTCCCTCATCGA-1,0.000018,0.000018,0.01984,0.470391,0.474662,0.035071
AAGCTAGATCGAGTAA-1,0.024764,0.128664,0.008942,0.676507,0.156268,0.004854
AAGCTCGTGCCAAGTC-1,0.06857,0.099676,0.003873,0.090856,0.729633,0.007392
AAGCTCTTTCATGGTG-1,0.440181,0.031554,0.280335,0.000155,0.240979,0.006797
AAGGAGAACTTATAAG-1,0.041015,0.025142,0.198256,0.123089,0.167992,0.444505
AAGGAGCGGTTGGTGC-1,0.00002,0.062924,0.049755,0.378473,0.177255,0.331573
AAGGATCGATCGCTTG-1,0.105903,0.164322,0.012374,0.192237,0.509557,0.015608
AAGGATGAGGGACCTC-1,0.000013,0.000013,0.000013,0.697751,0.298017,0.004193
AAGGCAGGCTGTCTCC-1,0.001793,0.176818,0.088552,0.528067,0.024927,0.179843
AAGGCGCGTAAAGCTT-1,0.099764,0.016651,0.002811,0.310575,0.523967,0.046233
AAGGCTGTGCTCATCG-1,0.051256,0.029061,0.084715,0.202662,0.406184,0.226121
AAGGGAACGACTGGCT-1,0.000035,0.000035,0.340941,0.070795,0.490641,0.097554
AAGGGACAGATTCTGT-1,0.003445,0.019208,0.006184,0.172288,0.286298,0.512576
AAGGGACTATGCATTC-1,0.00001,0.01317,0.009023,0.775127,0.016751,0.185919
AAGGTATCCTAATATA-1,0.000012,0.013318,0.000012,0.761203,0.157262,0.068193
AAGGTGATAAACCAGC-1,0.915302,0.015369,0.000024,0.000097,0.069158,0.000049
AAGTAAGCTTCCAAAC-1,0.000146,0.000146,0.809675,0.000584,0.189158,0.000292
AAGTAGAAGACCGGGT-1,0.000016,0.001272,0.000507,0.318728,0.380524,0.298952
AAGTAGTGACGCGAGG-1,0.000018,0.006719,0.078918,0.247048,0.316189,0.351107
AAGTCAATTGTCGTCA-1,0.869702,0.064557,0.00002,0.021195,0.044413,0.000114
AAGTCTAGTAGCTGCC-1,0.00001,0.00001,0.000011,0.959647,0.003995,0.036327
AAGTCTTCTGTGGCCT-1,0.000031,0.000031,0.998286,0.000124,0.001467,0.000062
AAGTGACGACCGAATT-1,0.000017,0.000017,0.1249,0.079125,0.486871,0.309071
AAGTGAGTCGGGTTTA-1,0.017483,0.045754,0.005595,0.709024,0.149723,0.072421
AAGTGCAAAGGTAGAC-1,0.000015,0.000021,0.068763,0.69814,0.061776,0.171285
AAGTGCCTTGACTGTA-1,0.783308,0.000041,0.153064,0.000166,0.057785,0.005636
AAGTGCGTTAGAATCT-1,0.006812,0.000739,0.31457,0.483287,0.153493,0.041099
AAGTGCTTCTCTATTG-1,0.040832,0.002269,0.151611,0.212438,0.42496,0.16789
AAGTGTTTGGAGACGG-1,0.50522,0.00005,0.17577,0.000198,0.307432,0.01133
AAGTTCACTCCAAGCT-1,0.550705,0.004056,0.197972,0.000107,0.000054,0.247105
AAGTTCAGTCTGCGTA-1,0.000019,0.030608,0.101916,0.47976,0.023313,0.364383
AAGTTCGGCCAACAGG-1,0.011424,0.034174,0.035799,0.352882,0.24953,0.316191
AAGTTGTGATGTTATA-1,0.81369,0.014903,0.026144,0.00017,0.143503,0.00159
AAGTTTACTAATGGCA-1,0.000061,0.070369,0.56403,0.238274,0.10227,0.024995
AAGTTTATGGGCCCAA-1,0.384076,0.088027,0.104269,0.0262,0.392169,0.005259
AATAACAACGCTCGGC-1,0.000005,0.000005,0.004902,0.87651,0.059439,0.059139
AATAACACTAGAACAA-1,0.000007,0.010312,0.000472,0.871681,0.115049,0.002479
AATAAGTCCTCGAGAC-1,0.000056,0.000056,0.609641,0.101256,0.231309,0.057682
AATAATCTTCGTATCG-1,0.980966,0.000021,0.018843,0.000085,0.000042,0.000042
AATACAATGTTTCAGG-1,0.000031,0.000031,0.081282,0.1398,0.401998,0.376859
AATACCGGAGGGCTGT-1,0.000009,0.000373,0.000009,0.896316,0.036933,0.066359
AATAGAACAGAGTGGC-1,0.049533,0.014649,0.00001,0.768368,0.116206,0.051234
AATAGAATCTGTTTCA-1,0.713266,0.011632,0.216184,0.0002,0.058618,0.0001
AATAGCAAGCCTCCTG-1,0.05162,0.015397,0.170314,0.50285,0.023158,0.236661
AATAGCTACCGCGTGC-1,0.000018,0.000018,0.0213,0.509935,0.235869,0.232859
AATAGTCCGTCCCGAC-1,0.007735,0.028929,0.013365,0.300818,0.537012,0.112141
AATAGTCGCGAGTCGG-1,0.000015,0.000015,0.079329,0.667994,0.030024,0.222622
AATATCAAGGTCGGAT-1,0.000018,0.003859,0.002176,0.844212,0.128432,0.021303
AATATCCTAGCAAACT-1,0.043146,0.000028,0.861852,0.047947,0.032978,0.014049
AATATCGAATCAATGC-1,0.940018,0.000022,0.026089,0.000086,0.033742,0.000043
AATATCGAGGGTTCTC-1,0.000017,0.000017,0.027204,0.687312,0.095673,0.189776
AATATTGGAGTATTGA-1,0.000015,0.000015,0.025497,0.671298,0.03593,0.267245
AATCAGACTGCAGGAC-1,0.000097,0.000097,0.708075,0.000386,0.233571,0.057775
AATCAGGTTTCATTTA-1,0.020469,0.000176,0.368213,0.270683,0.322564,0.017894
AATCATGTAAAGACTC-1,0.90136,0.000043,0.08039,0.000173,0.017947,0.000087
AATCCAAGGGCCTGAG-1,0.000018,0.000018,0.034179,0.267287,0.191432,0.507065
AATCCATGCAAGGGTG-1,0.000054,0.000054,0.362502,0.054745,0.564816,0.01783
AATCGCCTCAGCGCCA-1,0.351477,0.02234,0.029569,0.000131,0.517649,0.078834
AATCGCGCAGAGGACT-1,0.12471,0.029348,0.183292,0.00988,0.625463,0.027307
AATCGGGACACTACGA-1,0.000019,0.015208,0.081021,0.567509,0.058724,0.277519
AATCGTGAGCCGAGCA-1,0.698111,0.021589,0.031803,0.000141,0.240968,0.007388
AATCTAGGTTTACTTG-1,0.000017,0.000017,0.067273,0.517401,0.035385,0.379907
AATCTATGCCGGAGCC-1,0.000718,0.004485,0.189574,0.475018,0.240246,0.089959
AATCTCTACTGTGGTT-1,0.000017,0.000017,0.322296,0.15716,0.000033,0.520477
AATCTGCGTTGGGACG-1,0.014267,0.036609,0.042864,0.164817,0.532561,0.208882
AATCTGGCTTTCTAGT-1,0.000018,0.000018,0.279584,0.09828,0.107003,0.515096
AATCTGGGTAGACCCT-1,0.060789,0.000025,0.606217,0.325078,0.005826,0.002066
AATGACAGCAATGTCT-1,0.012657,0.01359,0.010651,0.671855,0.064314,0.226933
AATGACGTAGGATGTC-1,0.523157,0.04737,0.246767,0.000142,0.019129,0.163435
AATGACTGTCAGCCGG-1,0.000019,0.007533,0.019685,0.353575,0.404725,0.214463
AATGAGTTCGCATATG-1,0.000029,0.01427,0.000029,0.669812,0.036297,0.279562
AATGATGATACGCTAT-1,0.000031,0.000031,0.120419,0.000124,0.36186,0.517534
AATGATGCGACTCCTG-1,0.014544,0.035081,0.008279,0.19453,0.084229,0.663338
AATGCAACCGGGTACC-1,0.000018,0.001122,0.001632,0.557818,0.315461,0.123949
AATGCACCAAGCAATG-1,0.000022,0.000022,0.047739,0.191985,0.5482,0.212033
AATGGCCGCCAATGCG-1,0.025695,0.012744,0.539416,0.24344,0.174654,0.004052
AATGGTCCACCGTTCA-1,0.000016,0.000016,0.128815,0.757406,0.0768,0.036947
AATGGTTCTCACAAGC-1,0.00002,0.00002,0.012621,0.120523,0.319526,0.547291
AATGTATGGCACTGTA-1,0.025813,0.005964,0.377749,0.366239,0.071127,0.153108
AATGTGCCCGAGGTGT-1,0.000012,0.001884,0.082691,0.542926,0.205376,0.167112
AATGTGCTAATCTGAG-1,0.000011,0.009582,0.000166,0.94395,0.03633,0.009961
AATGTTGTCGTGAGAC-1,0.839453,0.041004,0.024359,0.00013,0.094988,0.000065
AATTAAAGGTCGGCGT-1,0.00002,0.110432,0.012322,0.203709,0.332557,0.340959
AATTAACGGATTTCCA-1,0.001197,0.323261,0.004319,0.395453,0.123669,0.1521
AATTACGAGACCCATC-1,0.014195,0.002519,0.418635,0.496408,0.0237,0.044544
AATTAGCGCTGCAGCG-1,0.00147,0.134539,0.028644,0.143457,0.671809,0.020081
AATTCATAAGGGATCT-1,0.000887,0.13291,0.017834,0.531518,0.111374,0.205477
AATTCATTGTCATGCA-1,0.021204,0.008065,0.315838,0.355963,0.055655,0.243275
AATTCCAAGCATGTAC-1,0.000013,0.0597,0.000013,0.778917,0.137386,0.023972
AATTCGATTCGAGGAT-1,0.092999,0.086366,0.400945,0.088746,0.330859,0.000085
AATTCTAGAGTTAGGC-1,0.000036,0.034377,0.000036,0.179511,0.763098,0.022942
AATTGAACGCTCTGGT-1,0.499177,0.141071,0.000021,0.113163,0.246525,0.000042
AATTGCAGCAATCGAC-1,0.951887,0.000085,0.017806,0.000091,0.000177,0.029955
AATTGCGTGGATTACA-1,0.024389,0.011898,0.361956,0.413165,0.06409,0.124502
AATTGTGGTTGCCAAA-1,0.83604,0.039093,0.001882,0.095011,0.027923,0.000052
AATTTGGGACATAGTA-1,0.000029,0.001017,0.031591,0.166006,0.185297,0.61606
AATTTGGTTCCAAAGA-1,0.000012,0.000231,0.000012,0.889842,0.09894,0.010963
ACAAACCATGCGTCCT-1,0.009674,0.02213,0.493653,0.062572,0.354832,0.057139
ACAAACCGACAAGGCG-1,0.000058,0.000058,0.319986,0.121197,0.473693,0.085007
ACAAAGAAGGTAGGCC-1,0.000028,0.000028,0.800448,0.048126,0.141993,0.009377
ACAAAGCATGACCTAG-1,0.500886,0.113533,0.212294,0.0296,0.000041,0.143646
ACAAATCGCACCGAAT-1,0.194418,0.074638,0.00001,0.730461,0.000211,0.000262
ACAAATGGTAGTGTTT-1,0.87921,0.029659,0.000017,0.000067,0.066062,0.024986
ACAAATTCAGATCTGA-1,0.023091,0.032814,0.086774,0.461513,0.072962,0.322848
ACAACAGCATGAGCTA-1,0.000012,0.109156,0.000012,0.690918,0.191363,0.00854
ACAACGGTCCCTGCGA-1,0.032835,0.050536,0.000026,0.737779,0.056705,0.122119
ACAAGCAGTGCCTAGC-1,0.000011,0.001769,0.002772,0.648259,0.022382,0.324807
ACAAGCTATATGGAAG-1,0.033043,0.000033,0.938111,0.000131,0.000066,0.028616
ACAAGGAAATCCGCCC-1,0.112508,0.277618,0.277622,0.013755,0.001846,0.31665
ACAAGGACAAGAGGTT-1,0.000009,0.030905,0.01034,0.7608,0.189585,0.008362
ACAAGGATGCTTTAGG-1,0.497351,0.18426,0.20908,0.01874,0.013273,0.077296
ACAAGGCCTACCAGCC-1,0.021376,0.02754,0.233083,0.357521,0.068449,0.292031
ACAAGGGCAGGCTCTG-1,0.51167,0.186517,0.017671,0.002779,0.218182,0.063181
ACAATAGTCGTACGTT-1,0.000023,0.000023,0.101048,0.235409,0.332355,0.331143
ACAATCCATTTAAACC-1,0.000009,0.054225,0.001628,0.611695,0.030904,0.301539
ACAATCGATCTTTATA-1,0.038398,0.013751,0.299318,0.217216,0.138768,0.29255
ACAATGAATACGGAGA-1,0.00002,0.00002,0.027474,0.181804,0.570349,0.220333
ACAATGATTCTTCTAC-1,0.046158,0.017731,0.164075,0.485623,0.061147,0.225266
ACAATTGTGTCTCTTT-1,0.939011,0.003544,0.000024,0.000095,0.057278,0.000048
ACAATTTAGGAGGCTC-1,0.000014,0.000014,0.122611,0.652555,0.001858,0.222947
ACAATTTGAGCAGTGG-1,0.045248,0.132336,0.030757,0.186739,0.160591,0.44433
ACAATTTGGCCATATT-1,0.00042,0.2246,0.000222,0.741122,0.027418,0.006218
ACACAAAGACGGGTGG-1,0.000021,0.060993,0.002737,0.603687,0.325429,0.007132
ACACAAATATTCCTAG-1,0.059735,0.052376,0.527887,0.279079,0.07001,0.010914
ACACACCAGGACCAGT-1,0.69946,0.01427,0.07953,0.00009,0.000045,0.206604
ACACACTTTCTACACG-1,0.000009,0.000009,0.000009,0.97453,0.014918,0.010526
ACACATGATCAAATCT-1,0.000014,0.000014,0.059788,0.741661,0.032008,0.166516
ACACCACATAATTAGC-1,0.004724,0.000453,0.07829,0.226046,0.272058,0.418429
ACACCCAGCATGCAGC-1,0.000011,0.004616,0.000011,0.865212,0.077857,0.052293
ACACCCGAGAAATCCG-1,0.000011,0.000011,0.000849,0.803922,0.116892,0.078315
ACACCCGTAAATCTGT-1,0.001584,0.013811,0.064672,0.581658,0.131993,0.206282
ACACCGAGCGCTCTTT-1,0.095876,0.000091,0.819309,0.084358,0.000183,0.000183
ACACCGGTCTGACCGC-1,0.000031,0.000031,0.491773,0.11233,0.264056,0.131778
ACACCTTAAGTAGGGC-1,0.000012,0.00469,0.000012,0.815083,0.178725,0.001479
ACACCTTACTACTTGC-1,0.029691,0.25222,0.000009,0.71476,0.003302,0.000018
ACACGAGACTCCTTCT-1,0.000019,0.024032,0.000019,0.454616,0.497802,0.02351
ACACGGCACTATGCAT-1,0.001719,0.000034,0.52597,0.000136,0.000068,0.472072
ACACGGGAACTTAGGG-1,0.073772,0.031542,0.025055,0.159261,0.639735,0.070634
ACACGTAGGCCACAAG-1,0.999825,0.000017,0.000017,0.00007,0.000035,0.000035
ACACTCCAATGTCACT-1,0.00002,0.009838,0.041386,0.840118,0.056931,0.051706
ACACTGATCAAGGTGT-1,0.161438,0.035517,0.01998,0.040683,0.650772,0.09161
ACACTGGGACAGTCGT-1,0.991565,0.000024,0.008215,0.000098,0.000049,0.000049
ACAGAACTGAGAACAA-1,0.000013,0.000457,0.022674,0.570637,0.156549,0.249669
ACAGATTAGGTTAGTG-1,0.000026,0.002663,0.109501,0.566952,0.109179,0.211679
ACAGCATAGAGCCAGT-1,0.00001,0.001262,0.00001,0.836572,0.028036,0.13411
ACAGCGACATTCTCAT-1,0.570014,0.017603,0.13055,0.273225,0.000057,0.008551
ACAGCGCACCCGCAGC-1,0.030442,0.089045,0.145166,0.452467,0.056313,0.226567
ACAGGCACGGATCCTT-1,0.439796,0.165298,0.039909,0.170525,0.078295,0.106178
ACAGGCTTGCCCGACT-1,0.842591,0.000033,0.01292,0.000971,0.143421,0.000065
ACAGGTGGAGGTGAGG-1,0.033258,0.015807,0.098011,0.512159,0.096963,0.243802
ACAGGTGTGTTGTTGC-1,0.013932,0.000021,0.761019,0.131231,0.082437,0.011359
ACAGTAATACAACTTG-1,0.006605,0.000011,0.068938,0.662393,0.007943,0.25411
ACAGTATACCGTGGGA-1,0.000025,0.000025,0.163806,0.511647,0.236188,0.088309
ACAGTGCAGCGCATTT-1,0.007243,0.004412,0.126025,0.0292,0.150803,0.682316
ACATAAGTCGTGGTGA-1,0.025149,0.000039,0.867564,0.000156,0.107014,0.000078
ACATAATAAGGCGGTG-1,0.000025,0.010882,0.019034,0.270186,0.195161,0.504712
ACATCAGCTGGGACGC-1,0.000015,0.000015,0.106402,0.550124,0.10435,0.239093
ACATCCCGGCCATACG-1,0.000019,0.025417,0.010527,0.302114,0.654113,0.007809
ACATCCTGGTAACTGT-1,0.594836,0.010937,0.129301,0.000694,0.018437,0.245796
ACATCGATCGTTTACC-1,0.177118,0.228487,0.056089,0.000183,0.03964,0.498483
ACATCGGTCAGCCGCG-1,0.009268,0.034053,0.007265,0.318362,0.311738,0.319314
ACATCGTATGCAATGG-1,0.440922,0.02231,0.397652,0.000139,0.116432,0.022545
ACATCGTTAACCTAGT-1,0.000035,0.011953,0.27117,0.004254,0.16967,0.542916
ACATCTCAACGCGTAA-1,0.017872,0.033236,0.121926,0.395161,0.156413,0.275392
ACATGGCGCCAAAGTA-1,0.106291,0.099625,0.187723,0.034779,0.429135,0.142448
ACATGGCTCAATTTAG-1,0.000092,0.000092,0.99908,0.000368,0.000184,0.000184
ACATTAGTTTATATCC-1,0.000035,0.01696,0.045228,0.088598,0.846208,0.002971
ACATTCGCGCGGAATA-1,0.032584,0.047225,0.027687,0.462143,0.187976,0.242385
ACCAAACACCCAGCGA-1,0.013702,0.051585,0.117808,0.38256,0.166859,0.267485
ACCAAACTAGAAATCC-1,0.018634,0.017283,0.171111,0.261847,0.239068,0.292057
ACCAACACCACACACT-1,0.000009,0.005727,0.004992,0.884265,0.004257,0.10075
ACCAACCGCACTCCAC-1,0.804337,0.000033,0.103208,0.000131,0.092226,0.000065
ACCAACGCTTATTTAT-1,0.001769,0.162115,0.015543,0.290298,0.02105,0.509224
ACCAAGAACGCGTGTC-1,0.000028,0.000028,0.060885,0.122999,0.470758,0.345302
ACCAATATGCAAGTTA-1,0.261201,0.511712,0.000014,0.204011,0.000028,0.023034
ACCACAACTCAGAACA-1,0.029562,0.000036,0.538813,0.064633,0.259459,0.107498
ACCACAAGTTTCTATC-1,0.000022,0.023354,0.088676,0.358205,0.378568,0.151174
ACCACCAATGTAACAA-1,0.007903,0.237181,0.029388,0.378914,0.049672,0.296941
ACCACCCTCTCTTCTA-1,0.000013,0.000013,0.058334,0.824243,0.0085,0.108897
ACCACGTGCAGCTATA-1,0.669582,0.177665,0.000019,0.007038,0.109878,0.035818
ACCAGACCATAACAAC-1,0.007346,0.000032,0.844072,0.000128,0.079714,0.068708
ACCAGCCCGGTCTTTG-1,0.012813,0.048048,0.127089,0.252129,0.154774,0.405147
ACCAGGAGTGTGATCT-1,0.030151,0.01535,0.243949,0.173093,0.293538,0.243919
ACCAGTGCCCGGTCAA-1,0.041685,0.017282,0.153415,0.396016,0.088857,0.302746
ACCAGTGCGGGAGACG-1,0.911858,0.013159,0.005583,0.000082,0.000041,0.069278
ACCATATCCGCAATAA-1,0.000017,0.178265,0.008676,0.48898,0.220083,0.103979
ACCATCCGCCAACTAG-1,0.000016,0.000016,0.086224,0.416226,0.091433,0.406085
ACCATCGTATATGGTA-1,0.000023,0.014912,0.086783,0.228734,0.323997,0.34555
ACCCAACGCCCGTGGC-1,0.022469,0.064483,0.034741,0.190296,0.443977,0.244034
ACCCACCTACATGCTC-1,0.000019,0.000019,0.002399,0.54902,0.377223,0.07132
ACCCATCTTGAGGGTA-1,0.016741,0.025182,0.038626,0.772681,0.133042,0.013727
ACCCATTTGTCCCTCT-1,0.943111,0.005642,0.001534,0.041962,0.000031,0.00772
ACCCGAGCGAAATTAC-1,0.000015,0.011654,0.115526,0.037604,0.013721,0.821481
ACCCGATTGGTTCCGA-1,0.005779,0.031643,0.071706,0.767407,0.063781,0.059684
ACCCGGAAACTCCCAG-1,0.000006,0.156548,0.000006,0.788493,0.048615,0.006331
ACCCGGAGCACCACAA-1,0.992982,0.00686,0.000018,0.00007,0.000035,0.000035
ACCCGGATGACGCATC-1,0.000009,0.092976,0.000009,0.867909,0.039078,0.000019
ACCCGGTTACACTTCC-1,0.068849,0.080422,0.039287,0.484548,0.326726,0.000168
ACCCGTAGTCTAGTTG-1,0.674725,0.072232,0.021364,0.092392,0.091558,0.047729
ACCCGTGTCATCAGTA-1,0.033912,0.021612,0.015753,0.784418,0.116944,0.027361
ACCCTATAGGACTGAG-1,0.000045,0.000045,0.188074,0.000178,0.039304,0.772355
ACCCTATGCCATATCG-1,0.000017,0.000017,0.005041,0.511505,0.295992,0.187429
ACCCTCCCTTGCTATT-1,0.79492,0.008408,0.09731,0.000119,0.072391,0.026852
ACCCTGGTAACGCCCT-1,0.000016,0.000016,0.007011,0.863801,0.096703,0.032454
ACCCTTCATCTGCGAA-1,0.000018,0.008318,0.020578,0.373791,0.435267,0.162029
ACCCTTGCCTGGGTCG-1,0.056217,0.047255,0.834839,0.026516,0.035087,0.000087
ACCCTTTAGTTCTCCA-1,0.055456,0.002596,0.803211,0.129563,0.009079,0.000096
ACCGAAAGGGCCCTGC-1,0.000019,0.000019,0.005448,0.735896,0.223636,0.034983
ACCGAAGAGTCTGGTT-1,0.000019,0.000019,0.555162,0.318838,0.000037,0.125926
ACCGACACATCTCCCA-1,0.015394,0.046098,0.377123,0.137465,0.418843,0.005077
ACCGACTGAGTCCCAC-1,0.000008,0.026112,0.000008,0.953777,0.020081,0.000016
ACCGATAGGCATAACC-1,0.999817,0.000018,0.000018,0.000073,0.000037,0.000037
ACCGATATTTAATCAT-1,0.834386,0.000016,0.013804,0.144135,0.000033,0.007626
ACCGATGGTAGCATCG-1,0.003722,0.190471,0.002427,0.296185,0.50469,0.002505
ACCGCAATAACTGCCT-1,0.595654,0.207505,0.000359,0.084673,0.111627,0.000182
ACCGCGGTGGAAGTCG-1,0.655187,0.04496,0.101655,0.000126,0.106145,0.091926
ACCGGGCCTTTGTTGA-1,0.937813,0.000027,0.000027,0.000107,0.061972,0.000054
ACCGGTCAGGTACACC-1,0.128292,0.009068,0.177642,0.375815,0.217057,0.092126
ACCGGTCTGAGTACGG-1,0.048294,0.008311,0.266522,0.464013,0.048964,0.163895
ACCGTGACCACGTGGG-1,0.000011,0.000469,0.008949,0.828506,0.082518,0.079547
ACCGTTCCCGCTCTGA-1,0.00008,0.00008,0.566984,0.000319,0.386753,0.045784
ACCTAAGTACCTTTCA-1,0.000019,0.000019,0.115349,0.601248,0.213086,0.07028
ACCTAATCGACTTCCT-1,0.043527,0.015631,0.028145,0.571997,0.009809,0.330891
ACCTACAGTATGTGGT-1,0.000012,0.156352,0.000012,0.812768,0.030832,0.000024
ACCTACTATAAATCTA-1,0.195288,0.132907,0.114215,0.286904,0.23089,0.039797
ACCTCCGCCCTCGCTG-1,0.939662,0.002501,0.003828,0.007356,0.00004,0.046613
ACCTCCGTTATTCACC-1,0.000186,0.02703,0.052944,0.835278,0.051865,0.032696
ACCTCGAACTTATGCT-1,0.051184,0.005436,0.627012,0.288783,0.017238,0.010346
ACCTGCGTGTCATGTT-1,0.000021,0.000021,0.361659,0.246586,0.135975,0.255738
ACCTTTCCTTTAGAAG-1,0.000067,0.000067,0.766404,0.000269,0.123608,0.109585
ACGAAATGGGCGGCAC-1,0.049082,0.014782,0.016242,0.470613,0.107377,0.341902
ACGACCCATGAGTTGC-1,0.804653,0.00005,0.189525,0.000201,0.005471,0.0001
ACGACTGGTCATACTC-1,0.001352,0.021887,0.032987,0.391153,0.005056,0.547565
ACGAGAACCCATCACG-1,0.006796,0.069584,0.476841,0.320041,0.080615,0.046124
ACGAGATATTTGCTTA-1,0.058465,0.006639,0.582658,0.000168,0.28239,0.069681
ACGAGGATACCACTCT-1,0.000013,0.000121,0.048168,0.65486,0.013884,0.282954
ACGAGGTTTACAACGT-1,0.000025,0.000025,0.369544,0.256768,0.227109,0.146529
ACGAGTACGGATGCCC-1,0.000009,0.002425,0.000009,0.890349,0.096489,0.010719
ACGATACATAGAACTA-1,0.000014,0.01931,0.013183,0.752009,0.133434,0.082049
ACGATACCTATCCTGA-1,0.013689,0.000037,0.912872,0.000147,0.073182,0.000074
ACGATCATACATAGAG-1,0.000048,0.000048,0.021635,0.000192,0.975893,0.002183
ACGATCATCTTGTAAA-1,0.058264,0.225143,0.082051,0.002989,0.009919,0.621633
ACGATGCATATGTTAT-1,0.000026,0.036201,0.082504,0.047113,0.726779,0.107376
ACGATGGATCCGATGC-1,0.000017,0.018848,0.046755,0.286789,0.115478,0.532114
ACGCAAACTAATAGAT-1,0.000007,0.000007,0.000299,0.88691,0.067622,0.045155
ACGCAATCACTACAGC-1,0.006187,0.048661,0.026866,0.058155,0.005258,0.854874
ACGCATAAATGACATG-1,0.10158,0.004397,0.393551,0.395313,0.032849,0.072311
ACGCATACGTTTACTA-1,0.999291,0.000029,0.00045,0.000115,0.000058,0.000058
ACGCATTCGTGAGTAC-1,0.000012,0.123773,0.000012,0.762545,0.075897,0.03776
ACGCCAGATGATTTCT-1,0.000027,0.000027,0.040728,0.123286,0.532968,0.302963
ACGCCCAGCTGTCGAT-1,0.002535,0.001371,0.187424,0.316617,0.192368,0.299685
ACGCCGCTAGACGACC-1,0.411552,0.215668,0.069411,0.0001,0.10666,0.19661
ACGCGAAGTCAGACGA-1,0.004888,0.081588,0.057005,0.017799,0.219925,0.618796
ACGCGCTACACAGGGT-1,0.070753,0.013832,0.080361,0.553793,0.261459,0.019803
ACGCGGGCCAAGGACA-1,0.000018,0.075376,0.000018,0.590879,0.327993,0.005716
ACGCGTTTCTTAAGAG-1,0.000025,0.002703,0.239007,0.4027,0.030589,0.324976
ACGCTAGTATCAGTGC-1,0.000038,0.009381,0.185692,0.146588,0.344188,0.314114
ACGCTAGTGATACACT-1,0.021969,0.014254,0.031709,0.225899,0.672024,0.034144
ACGCTGTGAGGCGTAG-1,0.000009,0.000009,0.001726,0.94288,0.000019,0.055357
ACGCTTAGTGTCTCTC-1,0.029549,0.007991,0.236373,0.275702,0.078632,0.371753
ACGGAATTTAGCAAAT-1,0.000013,0.009844,0.078409,0.632429,0.000734,0.278571
ACGGACTCTCAAAGCG-1,0.03696,0.135735,0.009108,0.1085,0.63092,0.078776
ACGGAGCGCAAATTAC-1,0.000019,0.000019,0.039532,0.591431,0.139171,0.229828
ACGGATGGTGCGGATA-1,0.634094,0.0536,0.065357,0.045397,0.201482,0.000071
ACGGCACTTGCTTGGG-1,0.000021,0.212285,0.001773,0.343715,0.416911,0.025296
ACGGCCAACATGGACT-1,0.01828,0.01563,0.1274,0.058083,0.676007,0.1046
ACGGCGACGATGGGAA-1,0.137616,0.321273,0.001189,0.409045,0.130531,0.000346
ACGGCGGGTTGCCCTG-1,0.000067,0.000067,0.738643,0.000267,0.254235,0.006721
ACGGCTGGATGTAGAA-1,0.000791,0.000039,0.896987,0.000155,0.101948,0.000081
ACGGGAGTGTCGGCCC-1,0.005414,0.001678,0.015606,0.458174,0.000765,0.518362
ACGGGCGTATGCGACA-1,0.000015,0.000015,0.036932,0.422252,0.188121,0.352665
ACGGGTCATGTGACTT-1,0.000056,0.000056,0.81938,0.000226,0.11183,0.068452
ACGGTCACCGAGAACA-1,0.036321,0.021804,0.221107,0.409703,0.123434,0.187632
ACGTACAGATTTCTCT-1,0.000274,0.016371,0.058807,0.524105,0.268148,0.132295
ACGTACTTTGGCACGG-1,0.058326,0.033973,0.112096,0.287103,0.425117,0.083386
ACGTAGATTGCTGATG-1,0.000019,0.104745,0.000019,0.589345,0.293642,0.01223
ACGTAGGAGAGTCGCT-1,0.359456,0.233312,0.109954,0.136454,0.159746,0.001078
ACGTATTACTCCGATC-1,0.490792,0.039463,0.07584,0.000132,0.183762,0.210012
ACGTCCTAAACGAGAT-1,0.000072,0.000072,0.728974,0.00029,0.047926,0.222666
ACGTCTCGTTCCGGGA-1,0.033484,0.079905,0.489948,0.032828,0.00005,0.363786
ACGTGACAAAGTAAGT-1,0.116804,0.000048,0.876531,0.000194,0.003385,0.003038
ACGTGCGCCTCGTGCA-1,0.008395,0.016317,0.039286,0.531782,0.135596,0.268624
ACGTGGTCGAATGTGC-1,0.016117,0.00008,0.828911,0.027765,0.126967,0.00016
ACGTTAATGTCGAAGA-1,0.071401,0.230564,0.085581,0.000133,0.270863,0.341458
ACGTTAGATTTGCCCG-1,0.026852,0.000021,0.024177,0.213267,0.419432,0.316252
ACGTTATTGGTCACTC-1,0.000027,0.000027,0.097238,0.611112,0.230891,0.060705
ACGTTCCGCGCTCCGT-1,0.000018,0.003044,0.034473,0.533679,0.0678,0.360986
ACGTTCGCAATCAATT-1,0.005154,0.030247,0.011321,0.489228,0.266944,0.197105
ACGTTCGTTCAGGAAA-1,0.00001,0.01961,0.00001,0.636766,0.075995,0.26761
ACGTTCTGTACAAGTC-1,0.805715,0.006232,0.094791,0.000115,0.066037,0.027109
ACGTTTAGTTGTGATC-1,0.000011,0.001629,0.000011,0.829092,0.072235,0.097022
ACTAATACGTCAGGCG-1,0.035053,0.002202,0.106855,0.518765,0.092022,0.245103
ACTACAAAGAGAGGTG-1,0.163063,0.152675,0.148046,0.156939,0.369637,0.009641
ACTACATCCCGACAAG-1,0.000019,0.004504,0.136241,0.513422,0.069478,0.276336
ACTACCAGCTCTCTGG-1,0.00002,0.000725,0.003242,0.509144,0.475388,0.011481
ACTACGCGTTAGAATT-1,0.030188,0.019425,0.00683,0.220438,0.662915,0.060204
ACTAGTTGCGATCGTC-1,0.823087,0.037974,0.04025,0.000126,0.000063,0.0985
ACTATATGCTGTGTTC-1,0.026046,0.000042,0.79655,0.002379,0.125201,0.049784
ACTATCCAGGGCATGG-1,0.014217,0.07375,0.073447,0.074521,0.585089,0.178977
ACTATCTGCCCGCGTA-1,0.682546,0.072697,0.052575,0.083421,0.000052,0.10871
ACTATGTCCAGCTGCC-1,0.000017,0.001893,0.07131,0.422248,0.116977,0.387556
ACTATTCGTCCGTGGT-1,0.000016,0.006643,0.069164,0.367085,0.106308,0.450783
ACTATTTCCGGGCCCA-1,0.000007,0.006246,0.000585,0.772388,0.025794,0.194979
ACTCAACGAATGTATT-1,0.00002,0.004789,0.001285,0.83868,0.056128,0.099098
ACTCAAGTGCAAGGCT-1,0.705263,0.007977,0.044236,0.000149,0.242301,0.000074
ACTCAATAAAGGCACG-1,0.000021,0.027271,0.00009,0.561923,0.361254,0.049442
ACTCAGACCTGCTTCT-1,0.000022,0.000022,0.02005,0.577621,0.248095,0.15419
ACTCATGGCAGCCTTC-1,0.025362,0.000034,0.323947,0.189363,0.251568,0.209726
ACTCCAATATCATCAT-1,0.000024,0.000024,0.054432,0.401158,0.397953,0.146409
ACTCCCATTCCTAAAG-1,0.000016,0.000016,0.057989,0.609439,0.169572,0.162969
ACTCCCGAATTCGTTT-1,0.000011,0.066596,0.00067,0.802739,0.049361,0.080623
ACTCCCGTAGACTAGG-1,0.000014,0.018438,0.080105,0.775856,0.00209,0.123496
ACTCCCTAATGCTAAA-1,0.000936,0.377101,0.000007,0.597887,0.005947,0.018122
ACTCCCTAGAATAGTA-1,0.061582,0.114542,0.138022,0.447519,0.236889,0.001445
ACTCGATGTATTTCAT-1,0.000041,0.000041,0.264019,0.41013,0.28765,0.038119
ACTCGCCGTTCGATAA-1,0.851894,0.011644,0.000031,0.000122,0.122251,0.014059
ACTCGCGATCTGACGC-1,0.024175,0.07428,0.000011,0.858775,0.036314,0.006445
ACTCGTAACCCGTCCT-1,0.00002,0.00002,0.060211,0.31402,0.089379,0.536349
ACTCGTCAGTAATCCC-1,0.000017,0.083416,0.000017,0.650464,0.249638,0.016448
ACTCTAAACCTGGGAT-1,0.049589,0.026566,0.88376,0.01521,0.000067,0.024809
ACTCTCTGACTTAGGT-1,0.567656,0.137168,0.065684,0.000768,0.072621,0.156104
ACTCTCTTATACACGA-1,0.069295,0.000088,0.714994,0.000354,0.215091,0.000177
ACTCTTCAGCTCCCGC-1,0.055755,0.120873,0.06548,0.434858,0.027758,0.295276
ACTCTTGTATAGTAAC-1,0.026015,0.095862,0.050198,0.030325,0.181403,0.616197
ACTGAAACGCCGTTAG-1,0.409629,0.065052,0.17941,0.069964,0.26953,0.006414
ACTGAATGGCGAAAGT-1,0.482229,0.260047,0.000022,0.097265,0.160394,0.000043
ACTGATTTAGTGATTC-1,0.005775,0.00652,0.197061,0.341127,0.15279,0.296727
ACTGCCCGCCATTCTC-1,0.000023,0.000023,0.075775,0.239468,0.587228,0.097482
ACTGCCGTCGTAACTC-1,0.000019,0.000019,0.004526,0.596037,0.302875,0.096524
ACTGCGGACACACCGT-1,0.000016,0.063356,0.012106,0.585858,0.235589,0.103075
ACTGCTCGGAAGGATG-1,0.106401,0.00003,0.54462,0.000122,0.086063,0.262764
ACTGTACGATACACAT-1,0.000017,0.030255,0.000017,0.541424,0.426906,0.001381
ACTGTAGCACTTTGGA-1,0.000013,0.004548,0.000013,0.765935,0.225881,0.003611
ACTGTATACGCGAGCA-1,0.000018,0.000018,0.006243,0.564551,0.292756,0.136414
ACTGTCCAGGATTATA-1,0.000033,0.080043,0.008686,0.146992,0.646704,0.117542
ACTGTCTTCTTTAGAA-1,0.015832,0.216565,0.000038,0.33523,0.40525,0.027085
ACTGTGCTAGTAGATC-1,0.000032,0.000032,0.048606,0.251181,0.485952,0.214196
ACTGTTTAGTGTAGGC-1,0.025539,0.024521,0.238632,0.159899,0.212108,0.339301
ACTTACCGGGCGCGCA-1,0.021512,0.158016,0.538313,0.097021,0.000037,0.185101
ACTTACGCATCCACGC-1,0.325893,0.150251,0.018166,0.096337,0.340186,0.069167
ACTTAGTACGACAAGA-1,0.000016,0.000016,0.010007,0.403905,0.204252,0.381804
ACTTATACTTACCCGG-1,0.00001,0.143975,0.000258,0.674389,0.109106,0.072261
ACTTATCTGATCTATA-1,0.022105,0.004898,0.190087,0.282704,0.106265,0.39394
ACTTATTAGGATCGGT-1,0.000029,0.084931,0.000029,0.340545,0.516482,0.057984
ACTTATTTATGTGCCA-1,0.820288,0.000047,0.040303,0.000189,0.139078,0.000094
ACTTCAGGCTGATCCC-1,0.594825,0.018387,0.185313,0.000103,0.000051,0.20132
ACTTCCAGTGGAAGCT-1,0.025881,0.006919,0.289976,0.369726,0.121427,0.186071
ACTTCCATGCGGGACA-1,0.7907,0.085749,0.000019,0.064639,0.058572,0.000321
ACTTCCTGTCGTGCGA-1,0.018597,0.02437,0.069672,0.450884,0.218273,0.218205
ACTTCGCCATACGCAC-1,0.032946,0.010564,0.141617,0.091744,0.573408,0.149721
ACTTCGCTAGCGAGTG-1,0.000026,0.006747,0.151422,0.189998,0.21059,0.441217
ACTTGACTCCCTCTTT-1,0.209897,0.15462,0.128651,0.041853,0.05249,0.412488
ACTTGCCATATTGTAC-1,0.136722,0.069675,0.590264,0.000203,0.000101,0.203035
ACTTGGGACCCGGTGG-1,0.030916,0.027213,0.140426,0.002762,0.553187,0.245496
ACTTGTAGTCCCTTCA-1,0.0039,0.000015,0.158442,0.727457,0.031419,0.078767
ACTTGTGGATGGAACG-1,0.803406,0.017286,0.00094,0.000187,0.178086,0.000094
ACTTTACCCTCATGAA-1,0.006504,0.11771,0.026537,0.39639,0.36212,0.090739
ACTTTCCTATAGCTTC-1,0.08141,0.158164,0.002252,0.469092,0.22913,0.059952
ACTTTGACTGCATCCT-1,0.055179,0.000548,0.138006,0.78035,0.000156,0.025761
ACTTTGGTCGTGCTCC-1,0.000028,0.000028,0.686866,0.119071,0.046148,0.147859
ACTTTGTCGACGCACT-1,0.9639,0.000023,0.035894,0.000091,0.000046,0.000046
AGAAATTATGACTCGC-1,0.918234,0.001272,0.055682,0.01334,0.000043,0.011429
AGAACCCAGCGTGACA-1,0.116069,0.104794,0.0464,0.286213,0.324929,0.121595
AGAACCCTCAATTGGG-1,0.056454,0.000044,0.94315,0.000176,0.000088,0.000088
AGAACGTGGTACATTC-1,0.0955,0.047796,0.004451,0.313809,0.503744,0.034699
AGAAGAGCGCCGTTCC-1,0.107669,0.03304,0.403094,0.040208,0.273443,0.142545
AGAAGGTACACTTCAC-1,0.17743,0.003075,0.18018,0.05044,0.067177,0.521698
AGAAGGTTGCCGAATT-1,0.229332,0.03789,0.172116,0.043741,0.452007,0.064914
AGAAGGTTGTAGGTCG-1,0.018349,0.197289,0.011979,0.431029,0.334192,0.007162
AGAAGTGATTCGTGAT-1,0.000032,0.000032,0.315064,0.174133,0.360845,0.149893
AGAATAAATCTTCAGG-1,0.000009,0.000009,0.013476,0.95667,0.002854,0.026982
AGAATGCGGGTTCGGA-1,0.07295,0.048316,0.723679,0.036666,0.116468,0.00192
AGAATTATGGATTCGA-1,0.012815,0.032186,0.026014,0.194466,0.363514,0.371006
AGAATTGTTTGACATA-1,0.000033,0.000033,0.001655,0.531294,0.29009,0.176894
AGACAGCTCAGAATCC-1,0.000021,0.000021,0.069238,0.664658,0.180785,0.085277
AGACAGGCATCTCAGC-1,0.950335,0.000026,0.048234,0.000106,0.000053,0.001246
