Barcode,Topic 1to3,Topic 4to7,Topic 8,Topic 9
AAACAACGAATAGTTC-1,0.195093,0.081079,0.087675,0.636153
AAACAAGTATCTCCCA-1,0.601316,0.207025,0.065627,0.126031
AAACAATCTACTAGCA-1,0.113448,0.881259,0.000067,0.005226
AAACACCAATAACTGC-1,0.407055,0.592757,0.000094,0.000094
AAACAGAGCGACTCCT-1,0.14109,0.851137,0.007741,0.000032
AAACAGCTTTCAGAAG-1,0.54252,0.40575,0.051685,0.000045
AAACAGGGTCTATATT-1,0.76624,0.219295,0.000072,0.014392
AAACAGTGTTCCTGGG-1,0.515025,0.000476,0.000119,0.48438
AAACATGGTGAGAGGA-1,0.994815,0.00505,0.000068,0.000068
AAACATTTCCCGGATT-1,0.415731,0.509608,0.000036,0.074625
AAACCACTACACAGAT-1,0.000216,0.000288,0.950143,0.049352
AAACCCGAACGAAATC-1,0.244731,0.251043,0.405526,0.0987
AAACCGGAAATGTTAA-1,0.020825,0.024474,0.840614,0.114086
AAACCGGGTAGGTACC-1,0.000432,0.168554,0.000144,0.830869
AAACCGTTCGTCCAGG-1,0.003861,0.1764,0.000131,0.819608
AAACCTAAGCAGCCGG-1,0.777726,0.162009,0.026014,0.03425
AAACCTCATGAAGTTG-1,0.075998,0.923858,0.000072,0.000072
AAACGAAGAACATACC-1,0.554713,0.248606,0.026957,0.169725
AAACGAAGATGGAGTA-1,0.830884,0.168947,0.000084,0.000084
AAACGACAGTCTTGCC-1,0.000292,0.000389,0.924418,0.074901
AAACGAGACGGTTGAT-1,0.209954,0.78999,0.000028,0.000028
AAACGCCCGAGATCGG-1,0.208651,0.000354,0.675898,0.115098
AAACGCTGGGCACGAC-1,0.200676,0.07633,0.476296,0.246698
AAACGGGCGTACGGGT-1,0.809923,0.111302,0.059085,0.019689
AAACGGGTTGGTATCC-1,0.154608,0.393187,0.060144,0.392061
AAACGGTTGCGAACTG-1,0.202177,0.797743,0.00004,0.00004
AAACGTGTTCGCCCTA-1,0.000174,0.026754,0.973014,0.000058
AAACTAACGTGGCGAC-1,0.110808,0.056426,0.816399,0.016368
AAACTCGGTTCGCAAT-1,0.519427,0.375132,0.00049,0.104951
AAACTCGTGATATAAG-1,0.000117,0.436071,0.563772,0.000039
AAACTGCTGGCTCCAA-1,0.960372,0.009925,0.000074,0.029629
AAACTTAATTGCACGC-1,0.83577,0.08917,0.000072,0.074987
AAACTTGCAAACGTAT-1,0.535208,0.464668,0.000062,0.000062
AAAGAATGACCTTAGA-1,0.999507,0.000329,0.000082,0.000082
AAAGAATGTGGACTAA-1,0.576928,0.202473,0.064949,0.155649
AAAGACATGAAGTTTA-1,0.528323,0.358316,0.049243,0.064119
AAAGACCCAAGTCGCG-1,0.300742,0.607156,0.028683,0.063419
AAAGACTGGGCGCTTT-1,0.637828,0.295701,0.000125,0.066347
AAAGCTTGCCTACATA-1,0.000151,0.057645,0.939146,0.003058
AAAGGCCCTATAATAC-1,0.15183,0.087388,0.092848,0.667934
AAAGGCTACGGACCAT-1,0.843184,0.152435,0.000089,0.004291
AAAGGCTCTCGCGCCG-1,0.301481,0.672346,0.00012,0.026053
AAAGGGATGTAGCAAG-1,0.941376,0.000524,0.057968,0.000131
AAAGGGCAGCTTGAAT-1,0.169939,0.000705,0.000176,0.82918
AAAGGTAAGCTGTACC-1,0.181664,0.003344,0.26756,0.547433
AAAGGTCAACGACATG-1,0.009353,0.384855,0.508049,0.097743
AAAGTAGCATTGCTCA-1,0.50349,0.000643,0.000161,0.495707
AAAGTCACTGATGTAA-1,0.436386,0.563405,0.000104,0.000104
AAAGTCGACCCTCAGT-1,0.588986,0.410836,0.000089,0.000089
AAAGTGCCATCAATTA-1,0.156427,0.256272,0.587214,0.000087
AAAGTGTGATTTATCT-1,0.628251,0.079748,0.074382,0.217619
AAAGTTGACTCCCGTA-1,0.61041,0.304345,0.055578,0.029667
AAATAACCATACGGGA-1,0.689141,0.057553,0.07659,0.176715
AAATAAGGTAGTGCCC-1,0.051096,0.072797,0.857107,0.018999
AAATACCTATAAGCAT-1,0.666254,0.18453,0.079046,0.07017
AAATAGCTTAGACTTT-1,0.293673,0.130519,0.211316,0.364492
AAATAGGGTGCTATTG-1,0.723022,0.232268,0.030594,0.014117
AAATCACTCCTAAACG-1,0.000193,0.054916,0.944826,0.000064
AAATCCGATACACGCC-1,0.386648,0.422788,0.184655,0.005909
AAATCGCGGAAGGAGT-1,0.415081,0.584802,0.000058,0.000058
AAATCGTGTACCACAA-1,0.703148,0.177661,0.000088,0.119103
AAATCTAGCCCTGCTA-1,0.331455,0.612575,0.055923,0.000047
AAATCTGCCCGCGTCC-1,0.340606,0.659293,0.00005,0.00005
AAATGACTGATCAAAC-1,0.991647,0.000363,0.000091,0.007899
AAATGATTCGATCAGC-1,0.005632,0.157256,0.735627,0.101485
AAATGCTCGTTACGTT-1,0.341685,0.259858,0.000138,0.398319
AAATGGCATGTCTTGT-1,0.548597,0.39651,0.000058,0.054835
AAATGGCCCGTGCCCT-1,0.190636,0.758467,0.050848,0.000049
AAATGGTCAATGTGCC-1,0.476466,0.508793,0.000113,0.014628
AAATGTATCTTATCCC-1,0.975562,0.009848,0.007908,0.006682
AAATGTGGGTGCTCCT-1,0.684244,0.170552,0.000085,0.14512
AAATTAACGGGTAGCT-1,0.506324,0.388426,0.000125,0.105124
AAATTAATAAGCGCGA-1,0.263103,0.725015,0.011858,0.000023
AAATTACACGACTCTG-1,0.25126,0.495067,0.000066,0.253607
AAATTACCTATCGATG-1,0.377764,0.403724,0.015572,0.202941
AAATTCCAGGTCCAAA-1,0.139108,0.397583,0.463257,0.000052
AAATTGATAGTCCTTT-1,0.679749,0.001222,0.000305,0.318723
AAATTGCGGCGGTTCT-1,0.000621,0.232565,0.000207,0.766607
AAATTGGTGAGAAGCA-1,0.096708,0.000233,0.771048,0.132012
AAATTTACCGAAATCC-1,0.567501,0.381836,0.04078,0.009883
AAATTTGCGGGTGTGG-1,0.288685,0.000975,0.055345,0.654995
AACAACTGGTAGTTGC-1,0.634404,0.188018,0.000154,0.177424
AACAATACATTGTCGA-1,0.304979,0.088518,0.000204,0.606298
AACAATTACTCTACGC-1,0.739723,0.169236,0.000215,0.090826
AACACACGCTCGCCGC-1,0.671364,0.154262,0.123738,0.050636
AACACGACTGTACTGA-1,0.317155,0.663343,0.019451,0.000052
AACACGAGACGCGGCC-1,0.157983,0.841937,0.00004,0.00004
AACACGCGGCCGCGAA-1,0.35947,0.167095,0.000125,0.473311
AACAGCTGTGTGGCAA-1,0.618852,0.151497,0.000155,0.229496
AACAGGAAATCGAATA-1,0.25174,0.714962,0.033255,0.000043
AACAGGATGGGCCGCG-1,0.001939,0.547367,0.000646,0.450047
AACAGGTAGTATGGAT-1,0.180541,0.121191,0.386801,0.311466
AACATAGCGTGTATCG-1,0.653496,0.272126,0.054386,0.019991
AACATATCAACTGGTG-1,0.260875,0.447687,0.049675,0.241763
AACATCGATACGTCTA-1,0.131535,0.082377,0.733575,0.052513
AACATTGAAGTTGATC-1,0.022069,0.000833,0.000208,0.97689
AACATTGGTCAGCCGT-1,0.430062,0.108071,0.000259,0.461608
AACATTGTGACTCGAG-1,0.864028,0.000482,0.000121,0.135369
AACCAAGACTTCTCTG-1,0.136225,0.863631,0.000072,0.000072
AACCAGTATCACTCTT-1,0.198828,0.708174,0.001559,0.09144
AACCATAGGGTTGAAC-1,0.260298,0.739625,0.000038,0.000038
AACCATGGGATCGCTA-1,0.140124,0.621875,0.043018,0.194983
AACCCAGAGACGGAGA-1,0.434658,0.093014,0.000214,0.472115
AACCCATCCCATGATC-1,0.097257,0.902634,0.000054,0.000054
AACCCGACAACCCGTG-1,0.334555,0.101791,0.00024,0.563415
AACCCGAGCAGAATCG-1,0.010389,0.813727,0.175769,0.000115
AACCCGATAGGGCTTC-1,0.000104,0.10967,0.890191,0.000035
AACCCGCTGTATTCCA-1,0.806484,0.165359,0.000069,0.028088
AACCCTACTGTCAATA-1,0.346212,0.462014,0.001056,0.190718
AACCCTGGTGGAACCA-1,0.715453,0.277716,0.003586,0.003245
AACCGAGCTTGGTCAT-1,0.617242,0.299576,0.015831,0.067352
AACCGCTAAGGGATGC-1,0.461351,0.504614,0.000031,0.034003
AACCGTTGTGTTTGCT-1,0.423183,0.576644,0.000086,0.000086
AACCTAAAGCCGTCCG-1,0.77746,0.008902,0.012246,0.201392
AACCTCGCTTTAGCCC-1,0.530545,0.439943,0.029469,0.000043
AACCTGTCACGGAATT-1,0.238385,0.042784,0.718752,0.000079
AACCTTTAAATACGGT-1,0.154128,0.845818,0.000027,0.000027
AACCTTTACGACGTCT-1,0.120206,0.870447,0.009309,0.000038
AACGAAAGTCGTCCCA-1,0.689299,0.273723,0.036912,0.000066
AACGACCTCCTAGCCG-1,0.000169,0.331006,0.63195,0.036874
AACGATAATGCCGTAG-1,0.69824,0.18895,0.04365,0.06916
AACGATAGAAGGGCCG-1,0.156472,0.829447,0.000086,0.013995
AACGATATGTCAACTG-1,0.464266,0.464408,0.000065,0.071261
AACGCATGATCTGGGT-1,0.093155,0.804485,0.063701,0.038659
AACGCGAACGGCAACA-1,0.418934,0.132238,0.019691,0.429137
AACGCGACCTTGGGCG-1,0.358555,0.641329,0.000058,0.000058
AACGCGGTCTCCAGCC-1,0.318508,0.681332,0.00008,0.00008
AACGCTGTTGCTGAAA-1,0.492075,0.507825,0.00005,0.00005
AACGGACGTACGTATA-1,0.854032,0.111208,0.034711,0.000048
AACGGCCATCTCCGGT-1,0.000347,0.211302,0.000116,0.788235
AACGTACTGTGGGTAC-1,0.547648,0.000908,0.000227,0.451217
AACGTAGTCTACCCAT-1,0.250505,0.487922,0.000167,0.261406
AACGTCAGACTAGTGG-1,0.377647,0.116165,0.003439,0.502749
AACGTCGCTGCACTTC-1,0.274026,0.559334,0.085013,0.081627
AACGTGATGAAGGACA-1,0.320251,0.661862,0.000042,0.017844
AACGTGCGAAAGTCTC-1,0.483851,0.410114,0.059807,0.046228
AACGTTATCAGCACCT-1,0.634702,0.235621,0.000151,0.129526
AACGTTCTACCATTGT-1,0.10767,0.276822,0.615263,0.000244
AACTACCCGTTTGTCA-1,0.230947,0.000499,0.389699,0.378855
AACTAGCGTATCGCAC-1,0.713052,0.286661,0.000143,0.000143
AACTAGGCTTGGGTGT-1,0.13739,0.862509,0.00005,0.00005
AACTCAAGTTAATTGC-1,0.780265,0.012738,0.000184,0.206812
AACTCCAGAGCGTGTT-1,0.682545,0.228948,0.030997,0.05751
AACTCCTAATCCCATG-1,0.300971,0.674379,0.024615,0.000034
AACTCGATAAACACGT-1,0.00013,0.999783,0.000043,0.000043
AACTCGATGGCGCAGT-1,0.46197,0.097532,0.000322,0.440176
AACTCTCAATAGAGCG-1,0.658476,0.067558,0.015925,0.258041
AACTCTCAGTGTGCTC-1,0.095244,0.188678,0.000205,0.715874
AACTGAGGTCAGCGTC-1,0.000336,0.254621,0.298909,0.446134
AACTGAGTTATACTGA-1,0.000245,0.116006,0.830633,0.053116
AACTGATATTAGGCCT-1,0.914302,0.000543,0.021202,0.063953
AACTGGGTCCCGACGT-1,0.120673,0.791727,0.000045,0.087555
AACTGGGTTCGAGCCG-1,0.651309,0.293278,0.032762,0.02265
AACTGGTGTGGGCCTT-1,0.122968,0.364935,0.000143,0.511954
AACTTCTGCGTCTATC-1,0.258372,0.741393,0.000117,0.000117
AACTTGCCCGTATGCA-1,0.000606,0.285017,0.000202,0.714174
AACTTGCGTTCTCGCG-1,0.518666,0.267582,0.030334,0.183418
AACTTTACGGGAGCTT-1,0.377352,0.622538,0.000055,0.000055
AACTTTAGCTGCTGAG-1,0.324979,0.674848,0.000087,0.000087
AACTTTCTCGATCATG-1,0.01957,0.000353,0.897332,0.082745
AAGAAAGTTTGATGGG-1,0.48781,0.392096,0.000213,0.119881
AAGAAATCACCAGATT-1,0.000116,0.000155,0.999689,0.000039
AAGAAGGATCAGTTAG-1,0.485073,0.001229,0.000307,0.513392
AAGACATACGTGGTTT-1,0.558441,0.212677,0.106215,0.122667
AAGACCAAATAACTCA-1,0.70066,0.212766,0.000058,0.086516
AAGACCCAACTGAACA-1,0.886102,0.080018,0.000077,0.033804
AAGACTAACCCGTTGT-1,0.265544,0.485027,0.000545,0.248883
AAGACTCACGCCCACT-1,0.844296,0.004366,0.102178,0.04916
AAGACTGCAAGCTACT-1,0.596795,0.379665,0.000086,0.023454
AAGAGATGAATCGGTA-1,0.001796,0.247863,0.033018,0.717323
AAGAGCTCTTTATCGG-1,0.399141,0.570219,0.000053,0.030588
AAGAGGATGTACGCGA-1,0.000695,0.000927,0.000232,0.998147
AAGAGGCATGGATCGC-1,0.50381,0.271092,0.000052,0.225046
AAGAGGCCCTTTGGAA-1,0.279363,0.000281,0.145556,0.5748
AAGATGGCACCGGACC-1,0.126116,0.120495,0.056685,0.696703
AAGATTGGCGGAACGT-1,0.438659,0.442632,0.000063,0.118646
AAGCACCCTGCGTATC-1,0.612796,0.377044,0.010086,0.000074
AAGCATACTCTCCTGA-1,0.885354,0.096527,0.018065,0.000054
AAGCCACTTGCAGGTA-1,0.290741,0.00071,0.000178,0.708371
AAGCCGAAGCGGTTTA-1,0.375155,0.492564,0.086912,0.04537
AAGCCGCCGTGAAATC-1,0.049705,0.290557,0.000086,0.659652
AAGCCGCTTTACCTTG-1,0.02623,0.095344,0.87838,0.000047
AAGCCGGAGAGCAGGA-1,0.045266,0.049986,0.867465,0.037282
AAGCGCAGGGCTTTGA-1,0.199769,0.792639,0.00757,0.000023
AAGCGGAGTGCGCGCA-1,0.03405,0.000365,0.864788,0.100797
AAGCGGCGTCATGGGT-1,0.203549,0.796319,0.000066,0.000066
AAGCGTCCCTCATCGA-1,0.642437,0.18945,0.000211,0.167902
AAGCTAGATCGAGTAA-1,0.224213,0.775725,0.000031,0.000031
AAGCTATGGATTGACC-1,0.603414,0.373989,0.000082,0.022515
AAGCTCGTGCCAAGTC-1,0.90813,0.000351,0.050646,0.040872
AAGCTCTTTCATGGTG-1,0.899653,0.000482,0.00012,0.099745
AAGGAGAACTTATAAG-1,0.254945,0.743624,0.000067,0.001364
AAGGAGCGGTTGGTGC-1,0.222568,0.745229,0.00009,0.032113
AAGGATCGATCGCTTG-1,0.286564,0.003168,0.268517,0.441751
AAGGATGAGGGACCTC-1,0.757704,0.000293,0.038493,0.20351
AAGGCAGGCTGTCTCC-1,0.25932,0.006666,0.666293,0.06772
AAGGCGCGTAAAGCTT-1,0.101715,0.120477,0.134554,0.643254
AAGGCTGTGCTCATCG-1,0.164418,0.835303,0.00014,0.00014
AAGGGAACGACTGGCT-1,0.505916,0.000786,0.000196,0.493102
AAGGGACAGATTCTGT-1,0.552181,0.356106,0.047267,0.044446
AAGGGACTATGCATTC-1,0.38807,0.000753,0.000188,0.610989
AAGGGTTAGCCATGCG-1,0.055651,0.279995,0.436209,0.228145
AAGGGTTTGATTTCAG-1,0.976882,0.010507,0.000117,0.012494
AAGGTATCCTAATATA-1,0.80908,0.113453,0.013377,0.064091
AAGGTGATAAACCAGC-1,0.720339,0.203471,0.076126,0.000064
AAGTAAGCTTCCAAAC-1,0.234702,0.56813,0.000128,0.19704
AAGTAGAAGACCGGGT-1,0.163961,0.835866,0.000087,0.000087
AAGTAGTGACGCGAGG-1,0.567077,0.00143,0.004822,0.426671
AAGTCAATTGTCGTCA-1,0.265853,0.635315,0.042407,0.056425
AAGTCTAGTAGCTGCC-1,0.000153,0.000204,0.999593,0.000051
AAGTCTTCTGTGGCCT-1,0.271233,0.725661,0.003077,0.000028
AAGTGACGACCGAATT-1,0.597635,0.371881,0.000138,0.030346
AAGTGAGTCGGGTTTA-1,0.520496,0.41572,0.000089,0.063695
AAGTGCAAAGGTAGAC-1,0.539538,0.419522,0.003631,0.037309
AAGTGCCTTGACTGTA-1,0.601431,0.012821,0.206445,0.179303
AAGTGCGTTAGAATCT-1,0.306486,0.001049,0.000262,0.692202
AAGTGCTTCTCTATTG-1,0.288918,0.001751,0.000438,0.708894
AAGTGTTTGGAGACGG-1,0.451599,0.540644,0.007701,0.000055
AAGTTCACTCCAAGCT-1,0.526223,0.265756,0.206182,0.001839
AAGTTCAGTCTGCGTA-1,0.002924,0.40133,0.08748,0.508267
AAGTTCGGCCAACAGG-1,0.250656,0.507091,0.000261,0.241992
AAGTTGTGATGTTATA-1,0.467196,0.072367,0.197347,0.26309
AAGTTTACTAATGGCA-1,0.31454,0.654225,0.031197,0.000039
AAGTTTATGGGCCCAA-1,0.459482,0.524136,0.000595,0.015788
AATAACAACGCTCGGC-1,0.555786,0.001249,0.000312,0.442652
AATAACACTAGAACAA-1,0.000319,0.135242,0.000106,0.864332
AATAACGTCGCGCCCA-1,0.210844,0.098504,0.584389,0.106263
AATAAGTCCTCGAGAC-1,0.319141,0.485333,0.107487,0.08804
AATAATCTTCGTATCG-1,0.242047,0.28232,0.452511,0.023122
AATACAATGTTTCAGG-1,0.877226,0.110698,0.000137,0.011939
AATACCGGAGGGCTGT-1,0.518147,0.001137,0.000284,0.480431
AATACCTGATGTGAAC-1,0.381412,0.498081,0.103838,0.016669
AATAGAACAGAGTGGC-1,0.278339,0.533414,0.000114,0.188132
AATAGAATCTGTTTCA-1,0.320951,0.650958,0.028035,0.000057
AATAGCAAGCCTCCTG-1,0.000408,0.194043,0.5205,0.285048
AATAGCTACCGCGTGC-1,0.090285,0.069972,0.740072,0.099672
AATAGTCCGTCCCGAC-1,0.199035,0.80086,0.000052,0.000052
AATAGTCGCGAGTCGG-1,0.705083,0.294798,0.00006,0.00006
AATATCAAGGTCGGAT-1,0.091557,0.84224,0.00008,0.066123
AATATCCTAGCAAACT-1,0.394831,0.588291,0.00003,0.016848
AATATCGAATCAATGC-1,0.608984,0.000313,0.301627,0.089076
AATATCGAGGGTTCTC-1,0.581495,0.185471,0.14292,0.090114
AATATTGGAGTATTGA-1,0.000408,0.95399,0.000067,0.045535
AATCAGACTGCAGGAC-1,0.294127,0.346637,0.000132,0.359104
AATCAGGTTTCATTTA-1,0.643695,0.251081,0.000426,0.104798
AATCATGTAAAGACTC-1,0.304938,0.530903,0.053147,0.111012
AATCCAAGGGCCTGAG-1,0.302452,0.660923,0.009501,0.027124
AATCCATGCAAGGGTG-1,0.283993,0.00095,0.000238,0.71482
AATCCCGCTCAGAGCC-1,0.278742,0.668941,0.010565,0.041752
AATCGAGGTCTCAAGG-1,0.969447,0.000257,0.030232,0.000064
AATCGCCTCAGCGCCA-1,0.536584,0.39236,0.043601,0.027456
AATCGCGCAGAGGACT-1,0.515926,0.019539,0.457766,0.00677
AATCGGGACACTACGA-1,0.637011,0.117129,0.000104,0.245756
AATCGGTATAGCCCTC-1,0.416861,0.442148,0.035098,0.105893
AATCGTGAGCCGAGCA-1,0.272219,0.678137,0.000038,0.049606
AATCTAGGTTTACTTG-1,0.30341,0.679905,0.000095,0.01659
AATCTATGCCGGAGCC-1,0.445678,0.000776,0.414394,0.139152
AATCTCTACTGTGGTT-1,0.207186,0.792733,0.000041,0.000041
AATCTGCGTTGGGACG-1,0.658639,0.05996,0.037496,0.243904
AATCTGGCTTTCTAGT-1,0.225528,0.774319,0.000077,0.000077
AATCTGGGTAGACCCT-1,0.303428,0.681749,0.01478,0.000043
AATGACAGCAATGTCT-1,0.072269,0.175243,0.000152,0.752336
AATGACGTAGGATGTC-1,0.682895,0.275144,0.008565,0.033397
AATGACTGTCAGCCGG-1,0.567837,0.41804,0.000089,0.014034
AATGAGTTCGCATATG-1,0.471212,0.526856,0.000107,0.001824
AATGATGATACGCTAT-1,0.632408,0.20047,0.068015,0.099108
AATGATGCGACTCCTG-1,0.79048,0.012025,0.058441,0.139053
AATGCAACCGGGTACC-1,0.713357,0.226811,0.029835,0.029997
AATGCACCAAGCAATG-1,0.56306,0.4218,0.000049,0.015091
AATGGCCGCCAATGCG-1,0.00021,0.154138,0.845582,0.00007
AATGGTCCACCGTTCA-1,0.884188,0.072011,0.018126,0.025675
AATGGTTCTCACAAGC-1,0.000615,0.211545,0.000205,0.787635
AATGTATGGCACTGTA-1,0.699601,0.209686,0.000124,0.090589
AATGTGCCCGAGGTGT-1,0.266097,0.000961,0.00024,0.732702
AATGTGCTAATCTGAG-1,0.320813,0.473522,0.01772,0.187945
AATGTTAAGACCCTGA-1,0.564102,0.425508,0.010352,0.000038
AATGTTGTCGTGAGAC-1,0.448453,0.000523,0.286711,0.264314
AATTAAAGGTCGGCGT-1,0.276824,0.653918,0.000136,0.069122
AATTAACGGATTTCCA-1,0.703354,0.283782,0.007922,0.004941
AATTACGAGACCCATC-1,0.336911,0.662991,0.000049,0.000049
AATTACTCGTACGCTC-1,0.10464,0.895152,0.000104,0.000104
AATTAGCGCTGCAGCG-1,0.878667,0.000356,0.026122,0.094855
AATTATACCCAGCAAG-1,0.220942,0.675366,0.047248,0.056444
AATTCATAAGGGATCT-1,0.778413,0.196702,0.024805,0.00008
AATTCATTGTCATGCA-1,0.769346,0.230422,0.000116,0.000116
AATTCCAACTTGGTGA-1,0.144007,0.855774,0.000109,0.000109
AATTCCAAGCATGTAC-1,0.964973,0.000449,0.000112,0.034466
AATTCGATTCGAGGAT-1,0.787787,0.135662,0.076469,0.000082
AATTCTAGAGTTAGGC-1,0.965296,0.008457,0.02613,0.000118
AATTGAACGCTCTGGT-1,0.804199,0.014158,0.060063,0.121581
AATTGCAGCAATCGAC-1,0.220063,0.749099,0.030818,0.000021
AATTGCGTGGATTACA-1,0.26663,0.733223,0.000074,0.000074
AATTGTGGTTGCCAAA-1,0.112346,0.119618,0.486671,0.281365
AATTTGGGACATAGTA-1,0.367844,0.429602,0.027802,0.174753
AATTTGGTTCCAAAGA-1,0.630871,0.266619,0.082658,0.019853
ACAAACCATGCGTCCT-1,0.47643,0.232021,0.000082,0.291468
ACAAACCGACAAGGCG-1,0.60577,0.262712,0.000046,0.131472
ACAAACTCCATCAGAG-1,0.498867,0.103858,0.00014,0.397135
ACAAAGAAGGTAGGCC-1,0.314486,0.6632,0.016649,0.005664
ACAAAGCATGACCTAG-1,0.868249,0.076024,0.055692,0.000036
ACAAATCGCACCGAAT-1,0.960652,0.001384,0.031444,0.00652
ACAAATGGTAGTGTTT-1,0.411175,0.451273,0.020964,0.116588
ACAAATTCAGATCTGA-1,0.589767,0.059493,0.260221,0.090518
ACAACAGCATGAGCTA-1,0.469099,0.472234,0.013953,0.044714
ACAACGGTCCCTGCGA-1,0.31054,0.136912,0.000242,0.552307
ACAAGCAGTGCCTAGC-1,0.211815,0.455461,0.000293,0.332431
ACAAGCTATATGGAAG-1,0.471895,0.513581,0.000029,0.014495
ACAAGGAAATCCGCCC-1,0.515282,0.257692,0.0021,0.224926
ACAAGGACAAGAGGTT-1,0.515283,0.001062,0.000265,0.48339
ACAAGGATGCTTTAGG-1,0.303717,0.642719,0.000041,0.053523
ACAAGGCCTACCAGCC-1,0.332598,0.000566,0.408243,0.258594
ACAAGGGCAGGCTCTG-1,0.510011,0.488983,0.000064,0.000943
ACAAGTAATTGTAAGG-1,0.352019,0.528939,0.000078,0.118964
ACAATAGTCGTACGTT-1,0.069989,0.839971,0.000085,0.089955
ACAATCCATTTAAACC-1,0.293193,0.001274,0.041168,0.664365
ACAATCGATCTTTATA-1,0.722081,0.21336,0.059812,0.004747
ACAATGAATACGGAGA-1,0.808452,0.054279,0.000268,0.137001
ACAATGATTCTTCTAC-1,0.092839,0.283554,0.534542,0.089065
ACAATTGTGTCTCTTT-1,0.238143,0.714703,0.047122,0.000033
ACAATTTAGGAGGCTC-1,0.503353,0.476895,0.019682,0.000071
ACAATTTGAGCAGTGG-1,0.099101,0.829351,0.000029,0.071519
ACAATTTGGCCATATT-1,0.166666,0.000479,0.832735,0.00012
ACACAAAGACGGGTGG-1,0.245662,0.695322,0.000062,0.058954
ACACAAATATTCCTAG-1,0.000164,0.039435,0.888945,0.071456
ACACACCAGGACCAGT-1,0.262741,0.331799,0.000216,0.405244
ACACACTTTCTACACG-1,0.542226,0.344256,0.000099,0.113419
ACACATGATCAAATCT-1,0.105427,0.894503,0.000035,0.000035
ACACATTGACGCAACA-1,0.471604,0.469692,0.000107,0.058597
ACACATTTCCGTAGAC-1,0.667664,0.332181,0.000077,0.000077
ACACCACATAATTAGC-1,0.057701,0.000277,0.863869,0.078153
ACACCCAGCATGCAGC-1,0.361722,0.604486,0.033699,0.000093
ACACCCGAGAAATCCG-1,0.374043,0.092887,0.000161,0.532908
ACACCCGTAAATCTGT-1,0.001413,0.049096,0.949019,0.000471
ACACCGAGCGCTCTTT-1,0.982966,0.000461,0.016458,0.000115
ACACCGGTCTGACCGC-1,0.498002,0.268752,0.000115,0.233131
ACACCTTAAGTAGGGC-1,0.255599,0.7442,0.0001,0.0001
ACACCTTACTACTTGC-1,0.135109,0.004549,0.336113,0.524229
ACACGAGACTCCTTCT-1,0.768581,0.086614,0.110868,0.033937
ACACGGCACTATGCAT-1,0.671439,0.294251,0.03426,0.00005
ACACGGGAACTTAGGG-1,0.587401,0.259645,0.00009,0.152865
ACACGTAGGCCACAAG-1,0.371264,0.251728,0.364572,0.012437
ACACTCCAATGTCACT-1,0.150364,0.724966,0.06283,0.06184
ACACTGATCAAGGTGT-1,0.377819,0.477716,0.016455,0.12801
ACACTGGGACAGTCGT-1,0.265841,0.002338,0.711547,0.020274
ACAGAACTGAGAACAA-1,0.84414,0.000642,0.012922,0.142296
ACAGATTAGGTTAGTG-1,0.668852,0.226093,0.000175,0.104879
ACAGCATAGAGCCAGT-1,0.11827,0.336583,0.000195,0.544951
ACAGCGACATTCTCAT-1,0.213962,0.719669,0.030176,0.036193
ACAGCGCACCCGCAGC-1,0.4337,0.566222,0.000039,0.000039
ACAGGAGGCGCAGCCG-1,0.170079,0.829853,0.000034,0.000034
ACAGGCACGGATCCTT-1,0.659512,0.064212,0.056041,0.220235
ACAGGCTTGCCCGACT-1,0.827918,0.000255,0.07485,0.096977
ACAGGTGGAGGTGAGG-1,0.318628,0.00089,0.000222,0.68026
ACAGGTGTGTTGTTGC-1,0.90824,0.000329,0.041875,0.049556
ACAGTAATACAACTTG-1,0.703736,0.197269,0.017288,0.081707
ACAGTATACCGTGGGA-1,0.082683,0.188834,0.72841,0.000072
ACAGTGCAGCGCATTT-1,0.00019,0.11684,0.882906,0.000063
ACATAAGTCGTGGTGA-1,0.031716,0.968214,0.000035,0.000035
ACATAATAAGGCGGTG-1,0.482175,0.434917,0.000099,0.082809
ACATACAATCAAGCGG-1,0.70402,0.099916,0.064675,0.131389
ACATCAGCTGGGACGC-1,0.644245,0.345993,0.000091,0.009671
ACATCCCGGCCATACG-1,0.18989,0.699796,0.000099,0.110215
ACATCCTGGTAACTGT-1,0.724214,0.00033,0.193541,0.081915
ACATCGATCGTTTACC-1,0.265622,0.666325,0.000092,0.067961
ACATCGCAATATTCGG-1,0.156854,0.575402,0.024521,0.243223
ACATCGGTCAGCCGCG-1,0.339603,0.27862,0.000382,0.381395
ACATCGTATGCAATGG-1,0.746678,0.000305,0.076274,0.176743
ACATCGTTAACCTAGT-1,0.217863,0.747132,0.03496,0.000045
ACATCTCAACGCGTAA-1,0.896085,0.000793,0.05667,0.046451
ACATGCTTACGGCAGC-1,0.58118,0.327408,0.000181,0.091231
ACATGGCGCCAAAGTA-1,0.350847,0.545338,0.089137,0.014679
ACATGGCTCAATTTAG-1,0.009855,0.990029,0.000058,0.000058
ACATTAGTTTATATCC-1,0.999022,0.000652,0.000163,0.000163
ACATTCGCGCGGAATA-1,0.33067,0.000722,0.00018,0.668428
ACATTTGAAACCTAAC-1,0.219472,0.75539,0.02179,0.003348
ACCAAACACCCAGCGA-1,0.017295,0.030247,0.818692,0.133766
ACCAAACTAGAAATCC-1,0.794533,0.073511,0.006959,0.124997
ACCAACACCACACACT-1,0.010173,0.620495,0.369281,0.000051
ACCAACCGCACTCCAC-1,0.112777,0.865189,0.021267,0.000768
ACCAACGCTTATTTAT-1,0.109374,0.89048,0.000073,0.000073
ACCAAGAACGCGTGTC-1,0.575281,0.410682,0.000108,0.01393
ACCAAGTCATCGGCAG-1,0.449321,0.510433,0.040192,0.000055
ACCAATATGCAAGTTA-1,0.659941,0.159447,0.015876,0.164736
ACCACAACTCAGAACA-1,0.359124,0.521343,0.043176,0.076356
ACCACAAGTTTCTATC-1,0.173199,0.766399,0.060324,0.000078
ACCACACGGTTGATGG-1,0.609938,0.389967,0.000047,0.000047
ACCACCAATGTAACAA-1,0.340663,0.484361,0.120101,0.054875
ACCACCCTCTCTTCTA-1,0.000184,0.171599,0.810239,0.017978
ACCACGTGCAGCTATA-1,0.597025,0.313494,0.031381,0.058101
ACCACTGTTCAAGAAG-1,0.211483,0.740197,0.048238,0.000081
ACCAGACCATAACAAC-1,0.820997,0.000254,0.056111,0.122638
ACCAGCCCGGTCTTTG-1,0.983476,0.000459,0.000115,0.015951
ACCAGGAGTGTGATCT-1,0.791078,0.137833,0.064577,0.006512
ACCAGTGCCCGGTCAA-1,0.560817,0.013244,0.10975,0.316188
ACCAGTGCGGGAGACG-1,0.479404,0.47947,0.000038,0.041089
ACCATATCCGCAATAA-1,0.233139,0.756211,0.000074,0.010576
ACCATCCGCCAACTAG-1,0.883683,0.112515,0.000094,0.003709
ACCATCGTATATGGTA-1,0.267669,0.433424,0.000162,0.298745
ACCATTAAGGGTGTCA-1,0.365292,0.533039,0.000165,0.101504
ACCCAACGCCCGTGGC-1,0.422561,0.526977,0.038949,0.011514
ACCCACCTACATGCTC-1,0.483501,0.001123,0.000281,0.515095
ACCCATCTTGAGGGTA-1,0.576272,0.046163,0.000363,0.377202
ACCCATTTGTCCCTCT-1,0.374316,0.460047,0.0698,0.095837
ACCCGAGCGAAATTAC-1,0.608427,0.000952,0.000238,0.390383
ACCCGATTGGTTCCGA-1,0.717693,0.131537,0.000401,0.150369
ACCCGGAAACTCCCAG-1,0.675333,0.300007,0.000086,0.024573
ACCCGGAGCACCACAA-1,0.085344,0.186467,0.67855,0.049639
ACCCGGATGACGCATC-1,0.765186,0.131746,0.10175,0.001317
ACCCGGTTACACTTCC-1,0.155343,0.844483,0.000087,0.000087
ACCCGTAGCAGAGAAT-1,0.558352,0.440025,0.000812,0.000812
ACCCGTGTCATCAGTA-1,0.549632,0.401189,0.000113,0.049066
ACCCTATAGGACTGAG-1,0.735631,0.000847,0.000212,0.26331
ACCCTATGCCATATCG-1,0.321112,0.001348,0.000337,0.677204
ACCCTCCCGTCAGGGC-1,0.150723,0.847161,0.002093,0.000024
ACCCTCCCTTGCTATT-1,0.193554,0.670963,0.02985,0.105633
ACCCTGGTAACGCCCT-1,0.019239,0.171899,0.796166,0.012696
ACCCTTCATCTGCGAA-1,0.286909,0.698612,0.00006,0.014419
ACCCTTGCCTGGGTCG-1,0.00019,0.06124,0.938507,0.000063
ACCCTTTAGTTCTCCA-1,0.478198,0.462296,0.003077,0.056429
ACCGAAAGGGCCCTGC-1,0.555022,0.209524,0.206152,0.029302
ACCGAAGAGTCTGGTT-1,0.279932,0.719944,0.000062,0.000062
ACCGACACATCTCCCA-1,0.617783,0.341999,0.031643,0.008576
ACCGACTGAGTCCCAC-1,0.38944,0.602557,0.000077,0.007927
ACCGAGTCTCCTTATT-1,0.656579,0.255032,0.087719,0.000671
ACCGATAGGCATAACC-1,0.059158,0.140793,0.658277,0.141772
ACCGATATTTAATCAT-1,0.030631,0.294208,0.622807,0.052354
ACCGATGGTAGCATCG-1,0.812185,0.13839,0.027139,0.022285
ACCGCAATAACTGCCT-1,0.587819,0.145194,0.050281,0.216706
ACCGCGGTGGAAGTCG-1,0.529876,0.045162,0.142322,0.28264
ACCGCTAGTCATTGGT-1,0.133645,0.000855,0.112782,0.752717
ACCGGGCCTTTGTTGA-1,0.782206,0.04303,0.074571,0.100193
ACCGGTCAGGTACACC-1,0.379031,0.391064,0.000105,0.2298
ACCGGTCTGAGTACGG-1,0.758957,0.0039,0.069541,0.167603
ACCGTCCACTGGGCCC-1,0.450243,0.150416,0.032467,0.366874
ACCGTGACCACGTGGG-1,0.485284,0.003499,0.000147,0.511071
ACCGTTCCCGCTCTGA-1,0.624337,0.337577,0.002834,0.035253
ACCTAAGTACCTTTCA-1,0.130444,0.000958,0.068674,0.799924
ACCTAATCGACTTCCT-1,0.418757,0.001483,0.000371,0.57939
ACCTACAGTATGTGGT-1,0.234787,0.143589,0.52027,0.101354
ACCTACTATAAATCTA-1,0.610207,0.389668,0.000062,0.000062
ACCTCCGCCCTCGCTG-1,0.561134,0.000405,0.131527,0.306934
ACCTCCGTTATTCACC-1,0.275914,0.000462,0.438773,0.284851
ACCTCGAACTTATGCT-1,0.310093,0.689801,0.000053,0.000053
ACCTGCGTGTCATGTT-1,0.500413,0.499434,0.000076,0.000076
ACCTTTCCTTTAGAAG-1,0.622487,0.257875,0.000085,0.119553
ACGAAATGGGCGGCAC-1,0.262561,0.724003,0.000069,0.013367
ACGACCCATGAGTTGC-1,0.000637,0.25156,0.670617,0.077186
ACGACTCTAGGGCCGA-1,0.626156,0.328497,0.030817,0.01453
ACGACTGGTCATACTC-1,0.447899,0.360056,0.000101,0.191944
ACGAGAACCCATCACG-1,0.196432,0.27502,0.033031,0.495517
ACGAGATATTTGCTTA-1,0.401699,0.476902,0.086365,0.035033
ACGAGGATACCACTCT-1,0.624871,0.237973,0.000117,0.137039
ACGAGGTTTACAACGT-1,0.853614,0.146152,0.000117,0.000117
ACGAGTACGGATGCCC-1,0.460669,0.000495,0.191047,0.347789
ACGAGTCGCCGGCGTT-1,0.405898,0.593866,0.000118,0.000118
ACGATACATAGAACTA-1,0.402445,0.593327,0.000052,0.004176
ACGATACCTATCCTGA-1,0.098873,0.901088,0.000019,0.000019
ACGATCATACATAGAG-1,0.803711,0.1961,0.000094,0.000094
ACGATCATCTTGTAAA-1,0.589491,0.171474,0.037721,0.201314
ACGATGCATATGTTAT-1,0.778007,0.000904,0.000226,0.220863
ACGATGGATCCGATGC-1,0.86548,0.014721,0.015575,0.104224
ACGCAAACTAATAGAT-1,0.228355,0.771515,0.000065,0.000065
ACGCAATCACTACAGC-1,0.220837,0.012473,0.699522,0.067168
ACGCATAAATGACATG-1,0.065194,0.394511,0.488242,0.052054
ACGCATACGTTTACTA-1,0.119048,0.468713,0.055001,0.357239
ACGCATTCGTGAGTAC-1,0.577606,0.384682,0.00011,0.037602
ACGCCACTCGAAACAG-1,0.99948,0.000346,0.000087,0.000087
ACGCCAGATGATTTCT-1,0.863521,0.104919,0.016075,0.015485
ACGCCAGTGCGTTTGC-1,0.420012,0.548016,0.031925,0.000046
ACGCCCAGCTGTCGAT-1,0.726333,0.117085,0.103758,0.052824
ACGCCGCTAGACGACC-1,0.925328,0.00341,0.033972,0.03729
ACGCCTGACACGCGCT-1,0.86026,0.130159,0.000116,0.009464
ACGCGAAGTCAGACGA-1,0.624584,0.104165,0.000116,0.271135
ACGCGCTACACAGGGT-1,0.295164,0.081443,0.00044,0.622953
ACGCGGGCCAAGGACA-1,0.94118,0.000396,0.046184,0.01224
ACGCGTTTCTTAAGAG-1,0.401605,0.567081,0.030926,0.000388
ACGCTACTGAATGGGC-1,0.181854,0.674812,0.140696,0.002638
ACGCTAGTATCAGTGC-1,0.001083,0.001444,0.997112,0.000361
ACGCTAGTGATACACT-1,0.002413,0.452198,0.00007,0.545318
ACGCTGTGAGGCGTAG-1,0.50793,0.45929,0.032663,0.000117
ACGCTTAGTGTCTCTC-1,0.012249,0.987711,0.00002,0.00002
ACGGAACACGAGTGCC-1,0.736537,0.238772,0.024613,0.000078
ACGGAATTTAGCAAAT-1,0.304234,0.132841,0.000331,0.562594
ACGGACGCAGCGACAA-1,0.380544,0.598742,0.000111,0.020604
ACGGACTCTCAAAGCG-1,0.282978,0.659813,0.057178,0.000032
ACGGAGCGCAAATTAC-1,0.000217,0.757894,0.152721,0.089168
ACGGATGGTGCGGATA-1,0.223686,0.747363,0.018159,0.010791
ACGGCACTTGCTTGGG-1,0.907485,0.000648,0.000162,0.091705
ACGGCCAACATGGACT-1,0.936496,0.021133,0.000094,0.042277
ACGGCGACGATGGGAA-1,0.397868,0.490904,0.027879,0.08335
ACGGCGGGTTGCCCTG-1,0.017292,0.621074,0.00019,0.361444
ACGGCTGGATGTAGAA-1,0.343823,0.641124,0.000086,0.014967
ACGGGAGTGTCGGCCC-1,0.486823,0.144514,0.000224,0.368439
ACGGGCGTATGCGACA-1,0.00024,0.080467,0.625638,0.293654
ACGGGTCATGTGACTT-1,0.804077,0.085326,0.000148,0.110449
ACGGGTTGTGACCTGT-1,0.095951,0.903573,0.000238,0.000238
ACGGTACAGTTCAATG-1,0.395805,0.582758,0.008618,0.012818
ACGGTCACCGAGAACA-1,0.238926,0.36038,0.000101,0.400593
ACGTACAGATTTCTCT-1,0.864562,0.000534,0.000118,0.134786
ACGTACTTTGGCACGG-1,0.37246,0.353536,0.034027,0.239978
ACGTAGATTGCTGATG-1,0.670799,0.310705,0.017199,0.001297
ACGTAGGAGAGTCGCT-1,0.744752,0.255137,0.000055,0.000055
ACGTATTACTCCGATC-1,0.308538,0.588889,0.021421,0.081152
ACGTCCTAAACGAGAT-1,0.579555,0.320073,0.016534,0.083838
ACGTCGGGCAACTCGG-1,0.495834,0.504087,0.000039,0.000039
ACGTCTCGTTCCGGGA-1,0.222096,0.777854,0.000025,0.000025
ACGTGACAAAGTAAGT-1,0.797445,0.126129,0.053741,0.022685
ACGTGCGCCTCGTGCA-1,0.197964,0.701146,0.000291,0.1006
ACGTGGTCGAATGTGC-1,0.186574,0.804503,0.008884,0.000038
ACGTTAATGTCGAAGA-1,0.315262,0.588516,0.075808,0.020413
ACGTTAGATTTGCCCG-1,0.424982,0.001049,0.000262,0.573707
ACGTTATTGGTCACTC-1,0.503602,0.381222,0.115038,0.000138
ACGTTCACTATGCCGC-1,0.243442,0.368763,0.000216,0.387579
ACGTTCCGCGCTCCGT-1,0.51516,0.484643,0.000099,0.000099
ACGTTCGCAATCAATT-1,0.190215,0.108331,0.699655,0.001798
ACGTTCGTTCAGGAAA-1,0.456778,0.488376,0.000087,0.054758
ACGTTCTGTACAAGTC-1,0.143726,0.688906,0.085806,0.081562
ACGTTGTCGTTGAAAG-1,0.487128,0.090008,0.000153,0.422712
ACGTTTAGTTGTGATC-1,0.575007,0.315677,0.000153,0.109162
ACGTTTCGGTGCACTT-1,0.00012,0.067943,0.931897,0.00004
ACTAAGGACGCACACC-1,0.001384,0.000385,0.953372,0.044859
ACTAATACGTCAGGCG-1,0.43372,0.469997,0.060004,0.036279
ACTACAAAGAGAGGTG-1,0.35746,0.642446,0.000047,0.000047
ACTACATCCCGACAAG-1,0.400569,0.558615,0.000065,0.04075
ACTACCAGCTCTCTGG-1,0.113902,0.213098,0.000216,0.672784
ACTACCATCCGAGGGC-1,0.270013,0.000793,0.000198,0.728996
ACTACGCGTTAGAATT-1,0.783881,0.135944,0.000114,0.080061
ACTAGTTGCGATCGTC-1,0.576277,0.194984,0.062913,0.165826
ACTATATGCTGTGTTC-1,0.15075,0.609939,0.131754,0.107558
ACTATCCAGGGCATGG-1,0.071387,0.275102,0.187622,0.465889
ACTATCGCCGGCTAAA-1,0.469794,0.530102,0.000052,0.000052
ACTATCTGCCCGCGTA-1,0.321063,0.000349,0.545016,0.133571
ACTATGTCCAGCTGCC-1,0.310842,0.047339,0.000182,0.641638
ACTATTCGTCCGTGGT-1,0.877771,0.000401,0.0001,0.121728
ACTATTTCCGGGCCCA-1,0.222811,0.094394,0.00014,0.682655
ACTCAACGAATGTATT-1,0.183572,0.188015,0.000202,0.628211
ACTCAAGTGCAAGGCT-1,0.508944,0.311569,0.154699,0.024788
ACTCAATAAAGGCACG-1,0.815702,0.104131,0.017078,0.063089
ACTCAGACCTGCTTCT-1,0.436573,0.563166,0.00013,0.00013
ACTCATGGCAGCCTTC-1,0.507807,0.025795,0.000177,0.466221
ACTCCAATATCATCAT-1,0.524753,0.095451,0.000305,0.37949
ACTCCCATTCCTAAAG-1,0.000416,0.99953,0.000027,0.000027
ACTCCCGAATTCGTTT-1,0.124807,0.042442,0.720339,0.112411
ACTCCCGTAGACTAGG-1,0.039096,0.092216,0.834933,0.033755
ACTCCCTAATGCTAAA-1,0.687714,0.279499,0.032019,0.000768
ACTCCCTAGAATAGTA-1,0.58525,0.324328,0.085235,0.005188
ACTCCGGCCGACCACT-1,0.952978,0.000267,0.000067,0.046688
ACTCGATGTATTTCAT-1,0.069673,0.930235,0.000046,0.000046
ACTCGCCGTTCGATAA-1,0.56418,0.284131,0.102125,0.049564
ACTCGCGATCTGACGC-1,0.16176,0.000323,0.837836,0.000081
ACTCGTAACCCGTCCT-1,0.439193,0.560674,0.000067,0.000067
ACTCGTCAGTAATCCC-1,0.181593,0.7999,0.018465,0.000043
ACTCTAAACCTGGGAT-1,0.580179,0.415068,0.000038,0.004715
ACTCTCTGACTTAGGT-1,0.72603,0.235014,0.038828,0.000128
ACTCTCTTATACACGA-1,0.531211,0.32866,0.067296,0.072833
ACTCTGACCTAATAGA-1,0.619984,0.35977,0.020207,0.000039
ACTCTTCAGCTCCCGC-1,0.000247,0.031597,0.741197,0.226959
ACTCTTGTATAGTAAC-1,0.769715,0.090884,0.101168,0.038232
ACTGAAACGCCGTTAG-1,0.529409,0.339775,0.120416,0.0104
ACTGAATGGCGAAAGT-1,0.662833,0.334053,0.000043,0.003072
ACTGATTTAGTGATTC-1,0.553884,0.438432,0.0076,0.000084
ACTGCCCGCCATTCTC-1,0.568663,0.001394,0.000349,0.429594
ACTGCCGTCGTAACTC-1,0.861075,0.000423,0.035641,0.102861
ACTGCGGACACACCGT-1,0.000305,0.043241,0.82723,0.129224
ACTGCTCGGAAGGATG-1,0.921918,0.077909,0.000087,0.000087
ACTGGCGAACCTGCGT-1,0.03055,0.000248,0.969139,0.000062
ACTGGGATGCCAGTGC-1,0.866529,0.129295,0.000112,0.004064
ACTGTACGATACACAT-1,0.025139,0.974783,0.000039,0.000039
ACTGTAGCACTTTGGA-1,0.2129,0.363703,0.0002,0.423196
ACTGTATACGCGAGCA-1,0.533436,0.088113,0.000254,0.378198
ACTGTCCAGGATTATA-1,0.285435,0.713692,0.000099,0.000774
ACTGTCTTCTTTAGAA-1,0.85015,0.03421,0.056878,0.058762
ACTGTGCTAGTAGATC-1,0.181892,0.603646,0.066534,0.147927
ACTGTTTAGTGTAGGC-1,0.875075,0.000625,0.000156,0.124144
ACTTACCGGGCGCGCA-1,0.451418,0.511064,0.022895,0.014623
ACTTACGCATCCACGC-1,0.197825,0.796063,0.006072,0.00004
ACTTAGTACGACAAGA-1,0.37078,0.506589,0.029429,0.093203
ACTTATACTTACCCGG-1,0.927587,0.017304,0.055046,0.000063
ACTTATCTGATCTATA-1,0.16589,0.32906,0.000368,0.504681
ACTTATTAGGATCGGT-1,0.428539,0.405047,0.000196,0.166218
ACTTATTTATGTGCCA-1,0.338849,0.304007,0.099273,0.25787
ACTTCAGGCTGATCCC-1,0.383964,0.585782,0.009847,0.020407
ACTTCCAGTGGAAGCT-1,0.973748,0.025974,0.000139,0.000139
ACTTCCATGCGGGACA-1,0.708933,0.260953,0.03006,0.000053
ACTTCCTGTCGTGCGA-1,0.000173,0.075885,0.915815,0.008127
ACTTCGCCATACGCAC-1,0.203501,0.76073,0.035725,0.000044
ACTTCGCTAGCGAGTG-1,0.077843,0.000451,0.854286,0.06742
ACTTGACTCCCTCTTT-1,0.10025,0.881323,0.01837,0.000056
ACTTGCCATATTGTAC-1,0.262699,0.737103,0.000099,0.000099
ACTTGCTCTATCTACC-1,0.813301,0.100499,0.000181,0.08602
ACTTGGGACCCGGTGG-1,0.723326,0.26296,0.000119,0.013595
ACTTGTAGTCCCTTCA-1,0.925534,0.000489,0.000122,0.073854
ACTTGTGGATGGAACG-1,0.016307,0.770206,0.063363,0.150124
ACTTGTTACCGGATCA-1,0.716973,0.069514,0.000145,0.213367
ACTTTACCCTCATGAA-1,0.252345,0.125428,0.479712,0.142515
ACTTTATACACCACTT-1,0.982895,0.011403,0.002851,0.002851
ACTTTCCTATAGCTTC-1,0.28444,0.71541,0.000075,0.000075
ACTTTGACTGCATCCT-1,0.744298,0.052701,0.000161,0.20284
ACTTTGGTCGTGCTCC-1,0.224278,0.775589,0.000067,0.000067
ACTTTGTCGACGCACT-1,0.078407,0.000582,0.635923,0.285088
AGAAATTATGACTCGC-1,0.050934,0.012986,0.768317,0.167764
AGAACACGGCGATGGT-1,0.56156,0.315437,0.000185,0.122819
AGAACCCAGCGTGACA-1,0.10246,0.068443,0.723981,0.105115
AGAACCCTCAATTGGG-1,0.268169,0.731729,0.000051,0.000051
AGAACGTGGTACATTC-1,0.254933,0.744982,0.000042,0.000042
AGAACTGTACTTTGTA-1,0.962182,0.000383,0.000096,0.037339
AGAAGAGCGCCGTTCC-1,0.907515,0.003154,0.079047,0.010283
AGAAGGTACACTTCAC-1,0.33614,0.632758,0.000064,0.031037
AGAAGGTTGCCGAATT-1,0.596079,0.257371,0.000188,0.146362
AGAAGGTTGTAGGTCG-1,0.799035,0.151757,0.049142,0.000066
AGAAGTGATTCGTGAT-1,0.2555,0.000973,0.000243,0.743284
AGAATAAATCTTCAGG-1,0.154435,0.845473,0.000046,0.000046
AGAATACAGGCTATCC-1,0.680441,0.271131,0.048369,0.000059
AGAATGCGGGTTCGGA-1,0.175294,0.002088,0.568852,0.253766
AGAATTATGGATTCGA-1,0.440614,0.402368,0.038655,0.118363
AGAATTGTTTGACATA-1,0.25878,0.139598,0.000219,0.601403
AGACAGCTCAGAATCC-1,0.632483,0.281299,0.000091,0.086127
AGACAGGCATCTCAGC-1,0.076384,0.000583,0.74041,0.182623
AGACATAGATCCTTCC-1,0.216654,0.705487,0.027878,0.049981
AGACCAAACCACACCT-1,0.574515,0.407071,0.005859,0.012555
AGACCATGGGATACAA-1,0.290232,0.318478,0.000204,0.391086
AGACCCACCGCTGATC-1,0.161757,0.826617,0.011589,0.000038
AGACCCGCCCTCCTCG-1,0.541839,0.315535,0.029456,0.11317
AGACCGCTCCGCGGTT-1,0.184301,0.493981,0.230985,0.090733
AGACCGGGAAACCCTG-1,0.731681,0.244895,0.000095,0.023329
AGACGAAGTGCCGGTC-1,0.344942,0.621246,0.030827,0.002984
AGACGACGATGCCGCT-1,0.585359,0.126243,0.000353,0.288045
AGACGCCCACTTCGCC-1,0.068792,0.000284,0.929573,0.001351
AGACGGGATTGGTATA-1,0.959132,0.000351,0.017972,0.022545
AGACGGGCCGATTTAA-1,0.177368,0.340479,0.112857,0.369296
AGACTAGCCTTCCAGA-1,0.559121,0.235367,0.000153,0.20536
AGACTGTTACCGGGTC-1,0.624158,0.339276,0.000116,0.03645
AGAGAAACACCAGAAA-1,0.492372,0.272513,0.00013,0.234986
AGAGAACCGTCTAGGA-1,0.424615,0.481484,0.015708,0.078193
AGAGAAGGAGTACAAT-1,0.401633,0.458302,0.014027,0.126039
AGAGATCTCTAAAGCG-1,0.310751,0.600123,0.000084,0.089042
AGAGCAGTTATGAGAC-1,0.156697,0.843164,0.000069,0.000069
AGAGCCGCCGAGATTT-1,0.4192,0.000398,0.326152,0.25425
AGAGCGCTTGTAACGG-1,0.000274,0.000366,0.650225,0.349135
AGAGCGGGCTAATCAT-1,0.415347,0.157685,0.025016,0.401952
AGAGCGTACAAGCTCG-1,0.474798,0.000995,0.031039,0.493169
AGAGCTACGAAAGCAT-1,0.292647,0.656933,0.011182,0.039237
AGAGGCTTCGGAAACC-1,0.405595,0.490518,0.074446,0.029441
AGAGGGACAATTGTCC-1,0.000225,0.073882,0.869814,0.056079
AGAGGTATCTCGGTCC-1,0.411526,0.588246,0.000114,0.000114
AGAGTAAACTTCACTA-1,0.482628,0.146113,0.369019,0.002239
AGAGTATAGTGTTACG-1,0.014375,0.040235,0.945318,0.000072
AGAGTCTTAATGAAAG-1,0.206522,0.004013,0.712314,0.077152
AGAGTGAACAGACACC-1,0.060404,0.000351,0.908036,0.031209
AGAGTTAGAGACCGAT-1,0.307893,0.589115,0.03888,0.064112
AGAGTTGCAGGCCTCC-1,0.00019,0.000253,0.999493,0.000063
AGATAACTTCAGGGCC-1,0.297928,0.631898,0.000085,0.070089
AGATAATCACACCTAT-1,0.144398,0.68542,0.000059,0.170123
AGATACCAATAGAACC-1,0.250393,0.140113,0.178998,0.430497
AGATACCAGCACTTCA-1,0.05465,0.000253,0.886169,0.058928
AGATACCGGTGTTCAC-1,0.257311,0.160443,0.000465,0.581781
AGATACGACTTCATAT-1,0.509091,0.246262,0.041302,0.203345
AGATACTCAAGATCGA-1,0.697903,0.170955,0.038923,0.092219
AGATATAATACGACTA-1,0.31818,0.659608,0.022189,0.000022
AGATCGTGCATAAGAT-1,0.282698,0.60071,0.014995,0.101597
AGATCTCAGGTGTGAT-1,0.466794,0.294177,0.000247,0.238783
AGATCTGGAGAGGATA-1,0.996838,0.002108,0.000527,0.000527
AGATGACTCGCCCACG-1,0.375507,0.624285,0.000104,0.000104
AGATGAGGGTTGCGAT-1,0.481039,0.497916,0.016731,0.004314
AGATGATGGAGTCTGG-1,0.190306,0.14432,0.559085,0.106289
AGATGCAAGACGTGCA-1,0.028307,0.111881,0.000121,0.859691
AGATGCATCCTGTGTC-1,0.545235,0.28355,0.000112,0.171102
AGATGCTATAACGAGC-1,0.548242,0.451514,0.000122,0.000122
AGATTATAGGACGTTT-1,0.116162,0.883682,0.000078,0.000078
AGATTCAAGCGGGTCG-1,0.006251,0.740614,0.235428,0.017707
AGATTCACAACCGATA-1,0.325436,0.642501,0.000054,0.03201
AGCAAAGGCCGCTAGT-1,0.2057,0.769961,0.024312,0.000028
AGCAACATATCTTATT-1,0.726142,0.040917,0.092674,0.140266
AGCAACCGAAAGTAAT-1,0.134225,0.86569,0.000042,0.000042
AGCACACGTTTAGACT-1,0.02084,0.158433,0.065857,0.75487
AGCACCAGTACTCACG-1,0.438841,0.443168,0.046727,0.071263
AGCACTACCGGCCTGT-1,0.552124,0.40054,0.047223,0.000113
AGCACTACCTCACCAG-1,0.201995,0.793113,0.000039,0.004853
AGCACTTAAGGACGCC-1,0.335049,0.376628,0.000183,0.288141
AGCAGAAGGAGAAAGA-1,0.246036,0.741445,0.012189,0.00033
AGCAGCCAGATGAATA-1,0.829687,0.149467,0.000102,0.020744
AGCAGTCGAAGCATGC-1,0.420446,0.579474,0.00004,0.00004
AGCATATCAATATGCT-1,0.578018,0.253929,0.03497,0.133082
AGCATCATTTCGAAAG-1,0.112767,0.887154,0.000039,0.000039
AGCATCGTCGATAATT-1,0.097327,0.774483,0.000145,0.128045
AGCATTACGAGGCAAG-1,0.789445,0.003733,0.040483,0.166339
AGCCAAGCTTTGTGTC-1,0.596739,0.403053,0.000104,0.000104
AGCCACAGGTTACCCG-1,0.647541,0.276986,0.075417,0.000056
AGCCACTCCCGTGCTT-1,0.528838,0.470985,0.000088,0.000088
AGCCATATAGTATGTG-1,0.966516,0.033269,0.000108,0.000108
AGCCCATACATGTAAG-1,0.678485,0.140539,0.000233,0.180742
AGCCCGCAACAAGCAG-1,0.828088,0.171761,0.000076,0.000076
AGCCCGCACTACAATG-1,0.609093,0.000337,0.173443,0.217127
AGCCCGGCATTAGAGG-1,0.353806,0.001044,0.000261,0.644889
AGCCCGGTAGCCTGTA-1,0.534827,0.418451,0.000123,0.046599
AGCCCTAAGCGAAGTT-1,0.283335,0.716527,0.000069,0.000069
AGCCCTCCCTGGTGGC-1,0.290612,0.001085,0.000271,0.708032
AGCCCTGTCGCACCGT-1,0.093776,0.169297,0.736857,0.000071
AGCCCTTCTAATCCGA-1,0.41143,0.182528,0.072918,0.333123
AGCCCTTGGACATCCC-1,0.252385,0.005586,0.484944,0.257086
AGCCGCAAATTCAAAT-1,0.541865,0.420694,0.000132,0.037308
AGCCGCTTGATTAGCG-1,0.905473,0.094288,0.000119,0.000119
AGCCGTGGCTAAATGT-1,0.484824,0.296095,0.00009,0.218991
AGCCTAATACCCACGT-1,0.641112,0.145286,0.000108,0.213495
AGCCTTAAAGCGGAAG-1,0.54495,0.454894,0.000078,0.000078
AGCCTTGTCACTGATA-1,0.841217,0.158416,0.000183,0.000183
AGCGACAGGAACGGTC-1,0.518596,0.000959,0.00024,0.480206
AGCGACATCCCATTCA-1,0.35636,0.606867,0.000096,0.036677
AGCGACCAACGATATT-1,0.053626,0.946273,0.000051,0.000051
AGCGAGACGTGAAGGC-1,0.000319,0.084951,0.000106,0.914623
AGCGATGCGCCTAATA-1,0.118488,0.093261,0.045991,0.74226
AGCGCATAATGAATCG-1,0.502623,0.480749,0.000088,0.01654
AGCGCGGGTGCCAATG-1,0.443661,0.293952,0.072622,0.189766
AGCGCTAGAGCGATGT-1,0.000302,0.007535,0.824208,0.167954
AGCGCTTATGGGCAAG-1,0.829583,0.048494,0.121854,0.000069
AGCGGACACTTCGTAG-1,0.875024,0.074463,0.018136,0.032377
AGCGGCGGTTAGCGGT-1,0.129101,0.870828,0.000036,0.000036
AGCGGGAAGGGTCCAT-1,0.531792,0.190652,0.000296,0.277261
