Barcode,Topic 1,Topic 2,Topic 3,Topic 4to9,Topic 10to13
AAACAAGTATCTCCCA-1,0.000024,0.512211,0.061114,0.00808,0.41857
AAACACCAATAACTGC-1,0.000047,0.112199,0.003711,0.17206,0.711982
AAACAGAGCGACTCCT-1,0.000022,0.032873,0.000022,0.000134,0.966948
AAACAGCTTTCAGAAG-1,0.000011,0.000011,0.050379,0.825344,0.124254
AAACAGGGTCTATATT-1,0.000012,0.000956,0.000012,0.691033,0.307988
AAACAGTGTTCCTGGG-1,0.000022,0.000022,0.000022,0.397307,0.602626
AAACATGGTGAGAGGA-1,0.00001,0.00001,0.00001,0.82718,0.172789
AAACATTTCCCGGATT-1,0.000023,0.415857,0.065031,0.00014,0.518948
AAACCCGAACGAAATC-1,0.000023,0.395649,0.024985,0.096966,0.482377
AAACCGGAAATGTTAA-1,0.009842,0.850684,0.000041,0.096539,0.042894
AAACCGGGTAGGTACC-1,0.000021,0.000021,0.021577,0.604773,0.373608
AAACCGTTCGTCCAGG-1,0.000029,0.000029,0.000029,0.211722,0.788191
AAACCTAAGCAGCCGG-1,0.000028,0.070887,0.045606,0.276326,0.607153
AAACCTCATGAAGTTG-1,0.342201,0.041259,0.000081,0.000487,0.615972
AAACGAAGATGGAGTA-1,0.047078,0.024367,0.010961,0.320031,0.597563
AAACGAGACGGTTGAT-1,0.000016,0.000016,0.000016,0.76213,0.237823
AAACGCTGGGCACGAC-1,0.039291,0.700241,0.000026,0.260339,0.000103
AAACGGGCGTACGGGT-1,0.000022,0.119604,0.079799,0.26799,0.532584
AAACGGTTGCGAACTG-1,0.000021,0.000021,0.000021,0.453127,0.546809
AAACGTGTTCGCCCTA-1,0.003178,0.135458,0.000031,0.53076,0.330573
AAACTAACGTGGCGAC-1,0.000007,0.000007,0.000007,0.932933,0.067046
AAACTCGGTTCGCAAT-1,0.000023,0.018302,0.000023,0.378586,0.603067
AAACTCGTGATATAAG-1,0.000007,0.000007,0.000152,0.855593,0.144241
AAACTGCTGGCTCCAA-1,0.000045,0.067329,0.000045,0.093341,0.83924
AAACTTAATTGCACGC-1,0.000015,0.010229,0.000015,0.748176,0.241566
AAACTTGCAAACGTAT-1,0.000081,0.000081,0.000081,0.000487,0.999269
AAAGAATGACCTTAGA-1,0.001829,0.005064,0.010907,0.287557,0.694643
AAAGAATGTGGACTAA-1,0.000018,0.447012,0.412326,0.000106,0.140538
AAAGACTGGGCGCTTT-1,0.014912,0.021474,0.000071,0.170705,0.792838
AAAGCTTGCCTACATA-1,0.000013,0.02248,0.000013,0.454482,0.523011
AAAGGCCCTATAATAC-1,0.028244,0.107057,0.051437,0.000367,0.812895
AAAGGCTACGGACCAT-1,0.000033,0.000705,0.000033,0.283129,0.716099
AAAGGCTCTCGCGCCG-1,0.000012,0.010654,0.000012,0.331567,0.657756
AAAGGGATGTAGCAAG-1,0.000032,0.000032,0.000032,0.551882,0.448021
AAAGGGCAGCTTGAAT-1,0.720897,0.023223,0.000097,0.146641,0.109142
AAAGGTAAGCTGTACC-1,0.003871,0.043555,0.000047,0.569744,0.382783
AAAGTAGCATTGCTCA-1,0.000051,0.000051,0.000051,0.000306,0.999542
AAAGTCGACCCTCAGT-1,0.007832,0.043359,0.025024,0.003744,0.920041
AAAGTGCCATCAATTA-1,0.018664,0.749422,0.000021,0.231806,0.000086
AAAGTGTGATTTATCT-1,0.000019,0.016714,0.000019,0.53611,0.447138
AAAGTTGACTCCCGTA-1,0.024512,0.061214,0.01674,0.170161,0.727374
AAATAACCATACGGGA-1,0.000027,0.016679,0.003862,0.010143,0.969288
AAATAAGGTAGTGCCC-1,0.000012,0.001194,0.000012,0.743846,0.254936
AAATACCTATAAGCAT-1,0.000024,0.105196,0.000024,0.051222,0.843534
AAATAGCTTAGACTTT-1,0.000009,0.004651,0.078799,0.816206,0.100334
AAATAGGGTGCTATTG-1,0.000034,0.03114,0.000034,0.327233,0.64156
AAATCCGATACACGCC-1,0.00002,0.083122,0.098841,0.263592,0.554426
AAATCGCGGAAGGAGT-1,0.000019,0.000019,0.000019,0.632888,0.367053
AAATCGTGTACCACAA-1,0.000017,0.02463,0.112654,0.177694,0.685005
AAATCTAGCCCTGCTA-1,0.0243,0.604228,0.000086,0.005805,0.365582
AAATCTGCCCGCGTCC-1,0.000012,0.000012,0.000012,0.789699,0.210263
AAATGACTGATCAAAC-1,0.000015,0.004986,0.000015,0.593501,0.401482
AAATGATTCGATCAGC-1,0.000015,0.000015,0.009069,0.781945,0.208957
AAATGCTCGTTACGTT-1,0.227171,0.009859,0.038178,0.243014,0.481778
AAATGGCATGTCTTGT-1,0.007307,0.03679,0.008296,0.227435,0.720172
AAATGGCCCGTGCCCT-1,0.00003,0.025068,0.010901,0.000182,0.963819
AAATGGTCAATGTGCC-1,0.000042,0.000042,0.000042,0.134887,0.864986
AAATGTATCTTATCCC-1,0.000008,0.004055,0.086954,0.843885,0.065097
AAATTAACGGGTAGCT-1,0.000034,0.000034,0.000034,0.156576,0.843322
AAATTAATAAGCGCGA-1,0.001715,0.000008,0.002493,0.603754,0.39203
AAATTACACGACTCTG-1,0.000026,0.007095,0.000026,0.241259,0.751594
AAATTACCTATCGATG-1,0.003933,0.024362,0.004248,0.483105,0.484353
AAATTCCAGGTCCAAA-1,0.000016,0.070974,0.01078,0.406319,0.511911
AAATTGATAGTCCTTT-1,0.000028,0.000028,0.000028,0.33134,0.668576
AAATTGGTGAGAAGCA-1,0.015167,0.099644,0.000044,0.000261,0.884885
AAATTTACCGAAATCC-1,0.013628,0.030073,0.028213,0.598872,0.329213
AAATTTGCGGGTGTGG-1,0.000038,0.000038,0.000038,0.251943,0.747943
AACAACTGGTAGTTGC-1,0.00002,0.00002,0.00002,0.658431,0.341509
AACAATACATTGTCGA-1,0.000021,0.010112,0.001399,0.255133,0.733335
AACAATTACTCTACGC-1,0.000118,0.093751,0.000118,0.022887,0.883126
AACACACGCTCGCCGC-1,0.000038,0.279296,0.000257,0.207736,0.512673
AACACGAGACGCGGCC-1,0.126942,0.165234,0.000154,0.248184,0.459487
AACAGCTGTGTGGCAA-1,0.000016,0.000016,0.000016,0.64815,0.351803
AACAGGAAATCGAATA-1,0.000019,0.000019,0.000019,0.404327,0.595615
AACAGGATGGGCCGCG-1,0.000054,0.003326,0.000054,0.117888,0.878678
AACAGGTAGTATGGAT-1,0.000023,0.423458,0.326368,0.009267,0.240884
AACATAGCGTGTATCG-1,0.000049,0.000049,0.000049,0.069499,0.930354
AACATATCAACTGGTG-1,0.000012,0.000012,0.064492,0.690785,0.244699
AACATCGATACGTCTA-1,0.000024,0.079414,0.000024,0.270091,0.650446
AACATTGAAGTTGATC-1,0.04499,0.22313,0.000149,0.121954,0.609777
AACATTGTGACTCGAG-1,0.010282,0.000026,0.000026,0.124045,0.865621
AACCAAGACTTCTCTG-1,0.000063,0.028652,0.000063,0.25004,0.721182
AACCAGTATCACTCTT-1,0.000027,0.000252,0.059923,0.653688,0.286111
AACCATAGGGTTGAAC-1,0.000012,0.000012,0.000012,0.739568,0.260395
AACCATGGGATCGCTA-1,0.19013,0.007955,0.03118,0.327993,0.442743
AACCCAGAGACGGAGA-1,0.048807,0.000048,0.106223,0.332645,0.512276
AACCCATCCCATGATC-1,0.000022,0.000022,0.000022,0.473491,0.526444
AACCCGACAACCCGTG-1,0.000019,0.000019,0.14789,0.41201,0.440061
AACCCGAGCAGAATCG-1,0.000019,0.688051,0.265431,0.000114,0.046385
AACCCGCTGTATTCCA-1,0.010001,0.000019,0.000019,0.341426,0.648535
AACCCTACTGTCAATA-1,0.000028,0.063313,0.000028,0.174802,0.761828
AACCGAGCTTGGTCAT-1,0.000025,0.039439,0.02469,0.339917,0.595929
AACCGCTAAGGGATGC-1,0.000015,0.073369,0.043467,0.542677,0.340472
AACCGTTGTGTTTGCT-1,0.183967,0.108546,0.000079,0.070109,0.637299
AACCTCGCTTTAGCCC-1,0.00003,0.054092,0.006218,0.306908,0.632752
AACCTGTCACGGAATT-1,0.000011,0.000011,0.000011,0.99456,0.005406
AACCTTTAAATACGGT-1,0.000033,0.092027,0.003142,0.054605,0.850192
AACCTTTACGACGTCT-1,0.000021,0.000021,0.000021,0.719009,0.280928
AACGAAAGTCGTCCCA-1,0.000018,0.000018,0.000018,0.731975,0.267972
AACGACCTCCTAGCCG-1,0.007014,0.918507,0.000023,0.074363,0.000093
AACGATAATGCCGTAG-1,0.004865,0.140581,0.027663,0.093517,0.733373
AACGATAGAAGGGCCG-1,0.000039,0.000039,0.000039,0.192272,0.807612
AACGATATGTCAACTG-1,0.000012,0.000012,0.009394,0.560746,0.429836
AACGCATGATCTGGGT-1,0.000017,0.000017,0.004706,0.797571,0.197691
AACGCGACCTTGGGCG-1,0.000016,0.000016,0.000016,0.354228,0.645724
AACGCGGTCTCCAGCC-1,0.000013,0.000013,0.000013,0.917377,0.082584
AACGCTGTTGCTGAAA-1,0.000029,0.240332,0.013107,0.000174,0.746358
AACGGACGTACGTATA-1,0.000017,0.094531,0.016663,0.033245,0.855544
AACGGCCATCTCCGGT-1,0.014559,0.000578,0.048641,0.213037,0.723185
AACGTACTGTGGGTAC-1,0.000036,0.000036,0.00048,0.255543,0.743906
AACGTCAGACTAGTGG-1,0.000039,0.000039,0.000039,0.698554,0.30133
AACGTCATCCGGCTTG-1,0.000027,0.008159,0.000027,0.357502,0.634286
AACGTCGCTGCACTTC-1,0.011201,0.690601,0.013662,0.164244,0.120292
AACGTGCGAAAGTCTC-1,0.000018,0.019864,0.000018,0.312317,0.667784
AACGTTATCAGCACCT-1,0.000026,0.010185,0.065098,0.000154,0.924537
AACTACCCGTTTGTCA-1,0.000015,0.154702,0.286416,0.272233,0.286635
AACTAGGCTTGGGTGT-1,0.000041,0.0364,0.000041,0.136179,0.82734
AACTCAAGTTAATTGC-1,0.00003,0.006525,0.092246,0.004598,0.896601
AACTCCAGAGCGTGTT-1,0.000018,0.074658,0.160578,0.117693,0.647052
AACTCCTAATCCCATG-1,0.121952,0.062902,0.000059,0.252353,0.562733
AACTCTCAATAGAGCG-1,0.001379,0.011801,0.000773,0.207531,0.778515
AACTCTCAGTGTGCTC-1,0.000046,0.000046,0.000046,0.143693,0.856169
AACTGAGGTCAGCGTC-1,0.000016,0.004956,0.000016,0.89117,0.103842
AACTGAGTTATACTGA-1,0.00002,0.870465,0.00002,0.129415,0.00008
AACTGATATTAGGCCT-1,0.018024,0.001901,0.000016,0.951066,0.028993
AACTGGGTCCCGACGT-1,0.019964,0.000013,0.009734,0.681968,0.288321
AACTTCTGCGTCTATC-1,0.999547,0.000038,0.000038,0.000226,0.000151
AACTTGCCCGTATGCA-1,0.000233,0.095681,0.000076,0.210105,0.693905
AACTTGCGTTCTCGCG-1,0.999679,0.000027,0.000027,0.00016,0.000107
AACTTTACGGGAGCTT-1,0.000019,0.000019,0.000019,0.361925,0.638018
AACTTTCTCGATCATG-1,0.000856,0.024507,0.000019,0.794954,0.179665
AAGAAAGTTTGATGGG-1,0.002489,0.000005,0.000005,0.997484,0.000018
AAGAAATCACCAGATT-1,0.000035,0.086024,0.000035,0.108373,0.805534
AAGAAGGATCAGTTAG-1,0.999613,0.000032,0.000032,0.000194,0.000129
AAGACATACGTGGTTT-1,0.000039,0.872143,0.000039,0.011102,0.116677
AAGACCAAATAACTCA-1,0.07472,0.002621,0.00004,0.844084,0.078535
AAGACCCAACTGAACA-1,0.000034,0.050655,0.000034,0.009699,0.939578
AAGACTGCAAGCTACT-1,0.004392,0.000023,0.003669,0.321531,0.670385
AAGAGATGAATCGGTA-1,0.02747,0.000116,0.000116,0.022094,0.950203
AAGAGCTCTTTATCGG-1,0.000032,0.035704,0.031199,0.075357,0.857708
AAGAGGATGTACGCGA-1,0.000032,0.000032,0.000032,0.16156,0.838344
AAGAGGCATGGATCGC-1,0.015835,0.029945,0.000028,0.016174,0.938018
AAGAGGCCCTTTGGAA-1,0.000019,0.53511,0.289917,0.000117,0.174837
AAGATGGCACCGGACC-1,0.000031,0.000031,0.000031,0.004248,0.995661
AAGATTGGCGGAACGT-1,0.000019,0.000019,0.000019,0.334869,0.665074
AAGCACCCTGCGTATC-1,0.000021,0.024829,0.000021,0.290306,0.684822
AAGCATACTCTCCTGA-1,0.000021,0.091978,0.030146,0.287348,0.590507
AAGCCACTTGCAGGTA-1,0.000021,0.000021,0.000885,0.366411,0.632661
AAGCCGAAGCGGTTTA-1,0.000026,0.560764,0.011804,0.000158,0.427248
AAGCCGCCGTGAAATC-1,0.186327,0.300363,0.000127,0.03908,0.474103
AAGCCGCTTTACCTTG-1,0.04619,0.046726,0.000041,0.08291,0.824133
AAGCCGGAGAGCAGGA-1,0.00203,0.872436,0.000027,0.101071,0.024436
AAGCGCAGGGCTTTGA-1,0.008057,0.102343,0.012885,0.031507,0.845208
AAGCGGAGTGCGCGCA-1,0.000009,0.001954,0.003613,0.90069,0.093735
AAGCGGCGTCATGGGT-1,0.000026,0.000026,0.000026,0.576304,0.423617
AAGCGTCCCTCATCGA-1,0.000029,0.000029,0.000029,0.349592,0.650321
AAGCTAGATCGAGTAA-1,0.000023,0.081851,0.000059,0.289772,0.628296
AAGCTATGGATTGACC-1,0.000028,0.004453,0.000028,0.866078,0.129414
AAGCTCGTGCCAAGTC-1,0.00002,0.00659,0.022365,0.418081,0.552944
AAGCTCTTTCATGGTG-1,0.000033,0.042134,0.000033,0.380355,0.577446
AAGGAGCGGTTGGTGC-1,0.000024,0.000024,0.031268,0.467156,0.501529
AAGGATCGATCGCTTG-1,0.003154,0.093295,0.00005,0.289929,0.613572
AAGGATGAGGGACCTC-1,0.00001,0.00001,0.001162,0.554261,0.444557
AAGGCAGGCTGTCTCC-1,0.000016,0.130608,0.002846,0.743055,0.123474
AAGGCGCGTAAAGCTT-1,0.000014,0.000014,0.000014,0.893697,0.106263
AAGGCTGTGCTCATCG-1,0.000019,0.000019,0.000019,0.781898,0.218046
AAGGGAACGACTGGCT-1,0.019997,0.272358,0.096575,0.000266,0.610803
AAGGGACAGATTCTGT-1,0.000019,0.048373,0.000019,0.11641,0.835179
AAGGGACTATGCATTC-1,0.000068,0.000068,0.000068,0.00041,0.999385
AAGGGTTTGATTTCAG-1,0.001537,0.000011,0.022075,0.821467,0.15491
AAGGTATCCTAATATA-1,0.000014,0.000014,0.025492,0.451675,0.522806
AAGGTGATAAACCAGC-1,0.000016,0.025325,0.000016,0.517134,0.45751
AAGTAGAAGACCGGGT-1,0.000026,0.000026,0.000026,0.621026,0.378897
AAGTAGTGACGCGAGG-1,0.000027,0.000027,0.000027,0.801636,0.198282
AAGTCAATTGTCGTCA-1,0.000041,0.180437,0.062717,0.001573,0.755232
AAGTCTAGTAGCTGCC-1,0.000018,0.008281,0.000018,0.696094,0.295589
AAGTCTTCTGTGGCCT-1,0.003133,0.000014,0.000014,0.789671,0.207168
AAGTGACGACCGAATT-1,0.000044,0.002588,0.000044,0.024378,0.972947
AAGTGAGTCGGGTTTA-1,0.000066,0.000066,0.000066,0.093195,0.906606
AAGTGCAAAGGTAGAC-1,0.000027,0.000027,0.000027,0.881515,0.118402
AAGTGCCTTGACTGTA-1,0.000029,0.103185,0.019849,0.077874,0.799063
AAGTGCGTTAGAATCT-1,0.000058,0.000058,0.000058,0.064738,0.935089
AAGTGCTTCTCTATTG-1,0.017325,0.000031,0.002311,0.068436,0.911898
AAGTGTTTGGAGACGG-1,0.000024,0.026337,0.00389,0.539805,0.429945
AAGTTCACTCCAAGCT-1,0.000027,0.037425,0.073296,0.304959,0.584294
AAGTTCAGTCTGCGTA-1,0.004784,0.000021,0.001309,0.391714,0.602172
AAGTTCGGCCAACAGG-1,0.000012,0.000012,0.000012,0.641313,0.358651
AAGTTGTGATGTTATA-1,0.000026,0.407502,0.262903,0.143568,0.186001
AAGTTTATGGGCCCAA-1,0.000015,0.037733,0.046997,0.35763,0.557626
AATAACAACGCTCGGC-1,0.004228,0.000018,0.000018,0.583501,0.412234
AATAACACTAGAACAA-1,0.000018,0.000018,0.002675,0.396381,0.600908
AATAATCTTCGTATCG-1,0.00004,0.899,0.014076,0.086723,0.000161
AATACAATGTTTCAGG-1,0.668011,0.021542,0.000063,0.173169,0.137215
AATACCGGAGGGCTGT-1,0.000016,0.000016,0.087561,0.435053,0.477354
AATACCTGATGTGAAC-1,0.000029,0.142516,0.343671,0.266627,0.247157
AATAGAACAGAGTGGC-1,0.000045,0.000045,0.064469,0.000271,0.935169
AATAGAATCTGTTTCA-1,0.00004,0.051209,0.085661,0.009927,0.853164
AATAGCAAGCCTCCTG-1,0.000012,0.006714,0.00383,0.617515,0.371929
AATAGCTACCGCGTGC-1,0.004678,0.006947,0.005506,0.839023,0.143846
AATAGGCACGACCCTT-1,0.010588,0.000008,0.005289,0.981224,0.002892
AATAGTCCGTCCCGAC-1,0.000018,0.004414,0.172399,0.2843,0.538869
AATAGTCGCGAGTCGG-1,0.000987,0.000012,0.000012,0.947298,0.051692
AATATCAAGGTCGGAT-1,0.306277,0.062693,0.000031,0.414552,0.216447
AATATCCTAGCAAACT-1,0.000043,0.000043,0.000043,0.625616,0.374256
AATATCGAATCAATGC-1,0.000032,0.678422,0.009268,0.000191,0.312087
AATATCGAGGGTTCTC-1,0.004274,0.000023,0.000023,0.466589,0.529092
AATATTGGAGTATTGA-1,0.000118,0.05232,0.000118,0.000707,0.946738
AATCAGGTTTCATTTA-1,0.000028,0.000028,0.000028,0.309947,0.68997
AATCATGTAAAGACTC-1,0.00004,0.379964,0.05467,0.039349,0.525977
AATCCAAGGGCCTGAG-1,0.000086,0.000086,0.073338,0.285134,0.641356
AATCCCGCTCAGAGCC-1,0.000022,0.000022,0.000022,0.660697,0.339236
AATCGAGGTCTCAAGG-1,0.000028,0.022212,0.150789,0.154207,0.672763
AATCGCCTCAGCGCCA-1,0.004017,0.021875,0.033914,0.16293,0.777264
AATCGCGCAGAGGACT-1,0.000014,0.078871,0.097782,0.288733,0.5346
AATCGGTATAGCCCTC-1,0.000016,0.255373,0.420223,0.19656,0.127827
AATCGTGAGCCGAGCA-1,0.000021,0.024514,0.030197,0.135556,0.809712
AATCTAGGTTTACTTG-1,0.00005,0.00005,0.00005,0.202941,0.796908
AATCTATGCCGGAGCC-1,0.000019,0.002326,0.006308,0.386959,0.604388
AATCTCTACTGTGGTT-1,0.000007,0.000007,0.000007,0.895298,0.104681
AATCTGCGTTGGGACG-1,0.000021,0.002954,0.000021,0.27616,0.720844
AATCTGGCTTTCTAGT-1,0.00004,0.00004,0.004431,0.309605,0.685884
AATGACAGCAATGTCT-1,0.000023,0.000023,0.000023,0.571724,0.428208
AATGACGTAGGATGTC-1,0.000033,0.135827,0.034071,0.174944,0.655125
AATGACTGTCAGCCGG-1,0.000022,0.000022,0.000022,0.473138,0.526797
AATGAGTTCGCATATG-1,0.567267,0.0262,0.000068,0.17868,0.227786
AATGATGATACGCTAT-1,0.000012,0.000012,0.000012,0.854798,0.145167
AATGATGCGACTCCTG-1,0.000011,0.000011,0.000011,0.747501,0.252467
AATGCAACCGGGTACC-1,0.000017,0.000017,0.000017,0.63176,0.368189
AATGCACCAAGCAATG-1,0.028486,0.000022,0.000022,0.602082,0.369389
AATGGTCCACCGTTCA-1,0.013184,0.009792,0.000094,0.171944,0.804986
AATGGTTCTCACAAGC-1,0.058484,0.000135,0.000135,0.382715,0.558529
AATGTATGGCACTGTA-1,0.000017,0.014298,0.004371,0.290609,0.690704
AATGTGCCCGAGGTGT-1,0.000042,0.000042,0.000042,0.249765,0.750109
AATGTGCTAATCTGAG-1,0.000021,0.000021,0.000021,0.556751,0.443185
AATGTTAAGACCCTGA-1,0.00002,0.02917,0.057534,0.455832,0.457444
AATGTTGTCGTGAGAC-1,0.000036,0.767661,0.000036,0.000214,0.232054
AATTAAAGGTCGGCGT-1,0.000033,0.000033,0.000033,0.514773,0.485129
AATTAACGGATTTCCA-1,0.000036,0.021442,0.14832,0.120071,0.710131
AATTACGAGACCCATC-1,0.000013,0.000013,0.000013,0.769707,0.230254
AATTACTCGTACGCTC-1,0.00522,0.024021,0.000101,0.184885,0.785773
AATTAGCGCTGCAGCG-1,0.000023,0.053847,0.000046,0.400161,0.545924
AATTATACCCAGCAAG-1,0.000024,0.029113,0.000024,0.480693,0.490145
AATTCATAAGGGATCT-1,0.000016,0.000016,0.000016,0.608745,0.391207
AATTCATTGTCATGCA-1,0.00002,0.00002,0.00002,0.501516,0.498424
AATTCCAAGCATGTAC-1,0.000027,0.000027,0.010748,0.103163,0.886035
AATTCGATTCGAGGAT-1,0.000035,0.061818,0.000035,0.135191,0.80292
AATTCTAGAGTTAGGC-1,0.000057,0.0299,0.012644,0.00034,0.957059
AATTGAACGCTCTGGT-1,0.00003,0.123107,0.230721,0.054981,0.591161
AATTGCAGCAATCGAC-1,0.000035,0.60989,0.234572,0.000207,0.155297
AATTGCGTGGATTACA-1,0.005736,0.000018,0.000018,0.732115,0.262112
AATTGTGGTTGCCAAA-1,0.009797,0.973093,0.000026,0.000154,0.01693
AATTTGGGACATAGTA-1,0.000049,0.000049,0.000049,0.041279,0.958576
AATTTGGTTCCAAAGA-1,0.372748,0.044735,0.000042,0.045514,0.53696
ACAAACCATGCGTCCT-1,0.000011,0.000011,0.030827,0.806237,0.162914
ACAAACTCCATCAGAG-1,0.000008,0.000008,0.00283,0.883424,0.113729
ACAAAGAAGGTAGGCC-1,0.000019,0.000019,0.000019,0.440073,0.559871
ACAAAGCATGACCTAG-1,0.000017,0.360375,0.259186,0.167527,0.212895
ACAAATCGCACCGAAT-1,0.000025,0.100489,0.002005,0.349048,0.548432
ACAAATGGTAGTGTTT-1,0.000024,0.046858,0.000024,0.116449,0.836645
ACAACAGCATGAGCTA-1,0.000021,0.074746,0.000028,0.579083,0.346121
ACAACGGTCCCTGCGA-1,0.058254,0.092451,0.000092,0.31976,0.529442
ACAAGCAGTGCCTAGC-1,0.000049,0.044765,0.000049,0.000294,0.954842
ACAAGCTATATGGAAG-1,0.000017,0.000157,0.000017,0.674542,0.325266
ACAAGGAAATCCGCCC-1,0.000024,0.060939,0.074943,0.183006,0.681087
ACAAGGACAAGAGGTT-1,0.000017,0.000017,0.000017,0.711568,0.288381
ACAAGGATGCTTTAGG-1,0.000045,0.105003,0.000045,0.007266,0.887642
ACAAGGGCAGGCTCTG-1,0.000021,0.03811,0.041192,0.565613,0.355064
ACAAGTAATTGTAAGG-1,0.024938,0.1719,0.000088,0.176199,0.626875
ACAATAGTCGTACGTT-1,0.000184,0.000184,0.154888,0.001104,0.84364
ACAATCCATTTAAACC-1,0.000016,0.000016,0.000016,0.675286,0.324667
ACAATGAATACGGAGA-1,0.000009,0.000009,0.000009,0.894521,0.105451
ACAATGATTCTTCTAC-1,0.00001,0.004802,0.00001,0.848156,0.147023
ACAATTGTGTCTCTTT-1,0.000032,0.390893,0.012908,0.000195,0.595971
ACAATTTAGGAGGCTC-1,0.000014,0.000014,0.000014,0.610955,0.389003
ACAATTTGAGCAGTGG-1,0.000019,0.030888,0.123558,0.20604,0.639495
ACAATTTGGCCATATT-1,0.001672,0.266243,0.000023,0.590522,0.141539
ACACAAAGACGGGTGG-1,0.000024,0.000024,0.000024,0.511465,0.488463
ACACAAATATTCCTAG-1,0.006203,0.055681,0.008893,0.611869,0.317353
ACACACCAGGACCAGT-1,0.000021,0.036091,0.028011,0.187801,0.748076
ACACACTTTCTACACG-1,0.041779,0.000065,0.000065,0.168254,0.789836
ACACATGATCAAATCT-1,0.000022,0.000022,0.000022,0.798662,0.201272
ACACATTTCCGTAGAC-1,0.000016,0.013005,0.000016,0.438006,0.548956
ACACCACATAATTAGC-1,0.000013,0.015954,0.052809,0.314648,0.616577
ACACCCAGCATGCAGC-1,0.000016,0.000016,0.039673,0.621989,0.338306
ACACCCGAGAAATCCG-1,0.008335,0.045175,0.000064,0.089307,0.85712
ACACCGAGCGCTCTTT-1,0.000019,0.000019,0.000019,0.917295,0.082647
ACACCGGTCTGACCGC-1,0.000021,0.010683,0.000021,0.434833,0.554442
ACACCTTAAGTAGGGC-1,0.000029,0.000029,0.000029,0.330927,0.668985
ACACCTTACTACTTGC-1,0.006533,0.070586,0.000022,0.104829,0.818029
ACACGAGACTCCTTCT-1,0.000029,0.000029,0.04757,0.318381,0.633992
ACACGGGAACTTAGGG-1,0.000046,0.000046,0.000046,0.31953,0.680333
ACACGTAGGCCACAAG-1,0.000026,0.566816,0.124873,0.000157,0.308128
ACACTCCAATGTCACT-1,0.999471,0.000044,0.000044,0.000265,0.000176
ACACTGATCAAGGTGT-1,0.000026,0.000026,0.000026,0.522226,0.477695
ACACTGGGACAGTCGT-1,0.000018,0.492899,0.154946,0.000109,0.352029
ACAGAACTGAGAACAA-1,0.000079,0.000079,0.000079,0.000472,0.999292
ACAGCGACATTCTCAT-1,0.000037,0.550787,0.020416,0.000221,0.428539
ACAGCGCACCCGCAGC-1,0.102906,0.098241,0.033822,0.397651,0.367381
ACAGGAGGCGCAGCCG-1,0.024293,0.087558,0.092759,0.540421,0.254969
ACAGGCACGGATCCTT-1,0.000013,0.067911,0.055738,0.265604,0.610733
ACAGGCTTGCCCGACT-1,0.000023,0.08084,0.018483,0.572115,0.328539
ACAGGTGGAGGTGAGG-1,0.000027,0.000027,0.143705,0.263707,0.592534
ACAGGTGTGTTGTTGC-1,0.000949,0.000014,0.006808,0.668519,0.32371
ACAGTAATACAACTTG-1,0.000027,0.000027,0.000027,0.230948,0.768972
ACAGTATACCGTGGGA-1,0.440503,0.024851,0.000055,0.059134,0.475457
ACATAAGTCGTGGTGA-1,0.000022,0.000022,0.000022,0.539945,0.459988
ACATAATAAGGCGGTG-1,0.000037,0.000037,0.036212,0.273994,0.68972
ACATACAATCAAGCGG-1,0.000036,0.120816,0.039863,0.229499,0.609786
ACATCAGCTGGGACGC-1,0.000013,0.000013,0.000013,0.980182,0.019778
ACATCCCGGCCATACG-1,0.000032,0.03614,0.011514,0.270233,0.682081
ACATCCTGGTAACTGT-1,0.000017,0.02202,0.039502,0.485911,0.45255
ACATCGATCGTTTACC-1,0.000018,0.000018,0.000018,0.616798,0.383149
ACATCGCAATATTCGG-1,0.03726,0.172305,0.000039,0.000232,0.790164
ACATCGGTCAGCCGCG-1,0.000035,0.000035,0.000035,0.094096,0.9058
ACATCGTATGCAATGG-1,0.000015,0.009728,0.048566,0.392018,0.549673
ACATGCTTACGGCAGC-1,0.000053,0.03225,0.000053,0.000318,0.967325
ACATGGCGCCAAAGTA-1,0.000011,0.000011,0.000011,0.782793,0.217173
ACATTAGTTTATATCC-1,0.000023,0.000023,0.012925,0.747725,0.239304
ACATTCGCGCGGAATA-1,0.000048,0.031839,0.000048,0.000287,0.967778
ACATTTGAAACCTAAC-1,0.007013,0.122232,0.396211,0.196439,0.278106
ACCAAACACCCAGCGA-1,0.043216,0.155304,0.000033,0.395666,0.405781
ACCAACACCACACACT-1,0.000009,0.000009,0.000009,0.718372,0.281603
ACCAACCGCACTCCAC-1,0.00469,0.124791,0.080592,0.57714,0.212788
ACCAACGCTTATTTAT-1,0.00003,0.012152,0.067214,0.181555,0.739049
ACCAAGAACGCGTGTC-1,0.000033,0.000033,0.011539,0.420644,0.567751
ACCAAGTCATCGGCAG-1,0.000025,0.569438,0.108007,0.000148,0.322382
ACCAATATGCAAGTTA-1,0.000023,0.010121,0.000023,0.437698,0.552135
ACCACAAGTTTCTATC-1,0.00003,0.00003,0.00003,0.387226,0.612684
ACCACACGGTTGATGG-1,0.000027,0.000027,0.000358,0.522433,0.477155
ACCACCAATGTAACAA-1,0.000006,0.000861,0.007861,0.688995,0.302276
ACCACCCTCTCTTCTA-1,0.235396,0.008601,0.000028,0.687118,0.068857
ACCACGTGCAGCTATA-1,0.000023,0.029318,0.062997,0.142659,0.765002
ACCACTGTTCAAGAAG-1,0.006101,0.060243,0.000046,0.328316,0.605294
ACCAGACCATAACAAC-1,0.000021,0.005876,0.000021,0.651599,0.342483
ACCAGTGCCCGGTCAA-1,0.000022,0.081571,0.000022,0.386174,0.532211
ACCAGTGCGGGAGACG-1,0.000035,0.093401,0.124355,0.000209,0.782
ACCATATCCGCAATAA-1,0.000027,0.000027,0.000027,0.358575,0.641345
ACCATCCGCCAACTAG-1,0.000013,0.000013,0.035708,0.867442,0.096825
ACCATCGTATATGGTA-1,0.000022,0.000022,0.000022,0.498231,0.501704
ACCATTAAGGGTGTCA-1,0.002078,0.000044,0.000044,0.550654,0.44718
ACCCAACGCCCGTGGC-1,0.000008,0.001242,0.000008,0.567133,0.431609
ACCCACCTACATGCTC-1,0.527185,0.035111,0.000053,0.332256,0.105395
ACCCATCTTGAGGGTA-1,0.000022,0.000022,0.000022,0.22301,0.776925
ACCCATTTGTCCCTCT-1,0.005026,0.403196,0.162957,0.05573,0.373092
ACCCGAGCGAAATTAC-1,0.000023,0.000023,0.000023,0.628839,0.371091
ACCCGATTGGTTCCGA-1,0.000016,0.000016,0.000016,0.434789,0.565162
ACCCGGAAACTCCCAG-1,0.000041,0.203557,0.000041,0.154356,0.642004
ACCCGGAGCACCACAA-1,0.009118,0.990501,0.000035,0.000208,0.000139
ACCCGGATGACGCATC-1,0.000026,0.056362,0.002083,0.000155,0.941374
ACCCGGTTACACTTCC-1,0.000035,0.000035,0.099045,0.000211,0.900673
ACCCGTAGCAGAGAAT-1,0.000012,0.000012,0.00137,0.834694,0.163912
ACCCGTAGTCTAGTTG-1,0.078359,0.786541,0.000079,0.026282,0.108739
ACCCGTGTCATCAGTA-1,0.000035,0.061168,0.000035,0.111721,0.827041
ACCCTATGCCATATCG-1,0.000022,0.000022,0.000022,0.196646,0.803286
ACCCTCCCGTCAGGGC-1,0.005078,0.214095,0.128045,0.366852,0.28593
ACCCTCCCTTGCTATT-1,0.002387,0.083572,0.094572,0.379946,0.439523
ACCCTGGTAACGCCCT-1,0.000011,0.000136,0.001255,0.890828,0.107771
ACCCTTCATCTGCGAA-1,0.435553,0.00005,0.00005,0.174863,0.389484
ACCCTTGCCTGGGTCG-1,0.000033,0.007785,0.000033,0.094496,0.897654
ACCGAAGAGTCTGGTT-1,0.000017,0.000017,0.056469,0.662841,0.280656
ACCGACACATCTCCCA-1,0.00003,0.065149,0.0115,0.235262,0.688058
ACCGACTGAGTCCCAC-1,0.00003,0.00003,0.00003,0.495598,0.504313
ACCGAGTCTCCTTATT-1,0.000018,0.051721,0.007312,0.548649,0.3923
ACCGATAGGCATAACC-1,0.000019,0.853893,0.040133,0.000116,0.105839
ACCGATATTTAATCAT-1,0.000034,0.760504,0.004661,0.234667,0.000135
ACCGATGGTAGCATCG-1,0.000018,0.039201,0.107467,0.364588,0.488725
ACCGCAATAACTGCCT-1,0.000012,0.010171,0.070634,0.733642,0.185541
ACCGCGGTGGAAGTCG-1,0.000017,0.036661,0.038816,0.513214,0.411292
ACCGCTAGTCATTGGT-1,0.000909,0.00002,0.006322,0.631326,0.361422
ACCGGGCCTTTGTTGA-1,0.000022,0.089021,0.002089,0.152066,0.756802
ACCGGTCAGGTACACC-1,0.000013,0.000013,0.00901,0.854761,0.136203
ACCGTCCACTGGGCCC-1,0.000021,0.000021,0.000021,0.542437,0.457499
ACCGTGACCACGTGGG-1,0.001251,0.000491,0.097557,0.614075,0.286626
ACCTAAGTACCTTTCA-1,0.000029,0.000029,0.000029,0.470119,0.529793
ACCTAATCGACTTCCT-1,0.000037,0.000037,0.000037,0.182227,0.817664
ACCTACAGTATGTGGT-1,0.000017,0.027099,0.027769,0.603437,0.341677
ACCTACTATAAATCTA-1,0.008858,0.004908,0.495668,0.000096,0.49047
ACCTCAGCGAGGCGCA-1,0.000023,0.106176,0.049007,0.161804,0.68299
ACCTCCGCCCTCGCTG-1,0.005354,0.640291,0.289861,0.000341,0.064153
ACCTCCGTTATTCACC-1,0.000013,0.01299,0.006654,0.39006,0.590282
ACCTCGAACTTATGCT-1,0.017248,0.000023,0.000023,0.652788,0.329918
ACCTGCGTGTCATGTT-1,0.004374,0.004205,0.436652,0.03338,0.521389
ACGAAATGGGCGGCAC-1,0.000083,0.076706,0.000083,0.073702,0.849425
ACGACCCATGAGTTGC-1,0.00004,0.999522,0.00004,0.000239,0.000159
ACGACTCTAGGGCCGA-1,0.000011,0.043001,0.025588,0.585905,0.345495
ACGACTGGTCATACTC-1,0.000014,0.000014,0.182068,0.391773,0.426132
ACGAGGATACCACTCT-1,0.000085,0.042258,0.000085,0.000507,0.957066
ACGAGGTTTACAACGT-1,0.000017,0.000017,0.01944,0.651572,0.328954
ACGAGTACGGATGCCC-1,0.000015,0.003469,0.003666,0.789224,0.203625
ACGATACATAGAACTA-1,0.000022,0.012701,0.000022,0.264117,0.723138
ACGATACCTATCCTGA-1,0.000011,0.005788,0.008063,0.920451,0.065686
ACGATCATACATAGAG-1,0.000028,0.000028,0.000028,0.290722,0.709195
ACGATCATCTTGTAAA-1,0.00005,0.00537,0.066423,0.076294,0.851863
ACGATGCATATGTTAT-1,0.00003,0.026833,0.002602,0.105811,0.864725
ACGATGGATCCGATGC-1,0.056247,0.013808,0.076877,0.428076,0.424992
ACGCAAACTAATAGAT-1,0.006495,0.000043,0.000103,0.033794,0.959565
ACGCAATCACTACAGC-1,0.000034,0.000034,0.000034,0.248187,0.75171
ACGCATACGTTTACTA-1,0.000033,0.273652,0.306527,0.055324,0.364464
ACGCATTCGTGAGTAC-1,0.000014,0.000014,0.01751,0.492925,0.489537
ACGCCACTCGAAACAG-1,0.001586,0.025732,0.030213,0.681239,0.26123
ACGCCAGATGATTTCT-1,0.000021,0.006819,0.000021,0.621823,0.371317
ACGCCAGTGCGTTTGC-1,0.000023,0.292552,0.251471,0.00014,0.455814
ACGCCGCTAGACGACC-1,0.00002,0.018369,0.000177,0.495049,0.486384
ACGCGAAGTCAGACGA-1,0.000017,0.000017,0.00309,0.305788,0.691087
ACGCGCTACACAGGGT-1,0.000015,0.000015,0.000015,0.840507,0.159448
ACGCGGGCCAAGGACA-1,0.000011,0.000011,0.000011,0.579603,0.420363
ACGCGTTTCTTAAGAG-1,0.080093,0.001268,0.015747,0.28794,0.614952
ACGCTAGTGATACACT-1,0.000021,0.004424,0.050137,0.299235,0.646183
ACGCTGTGAGGCGTAG-1,0.000026,0.003992,0.000026,0.156753,0.839203
ACGGAACACGAGTGCC-1,0.00002,0.256846,0.084912,0.038968,0.619253
ACGGAATTTAGCAAAT-1,0.184849,0.003207,0.106248,0.313784,0.391912
ACGGACGCAGCGACAA-1,0.000035,0.000035,0.000035,0.256102,0.743793
ACGGACTCTCAAAGCG-1,0.002417,0.038689,0.00002,0.224905,0.733968
ACGGAGCGCAAATTAC-1,0.058611,0.00002,0.00002,0.660265,0.281083
ACGGATGGTGCGGATA-1,0.000031,0.01077,0.035458,0.226718,0.727024
ACGGCACTTGCTTGGG-1,0.000042,0.045945,0.000042,0.373139,0.580832
ACGGCCAACATGGACT-1,0.000019,0.02279,0.018471,0.202666,0.756054
ACGGCGACGATGGGAA-1,0.000018,0.044692,0.020563,0.282987,0.651739
ACGGCTGGATGTAGAA-1,0.000011,0.018308,0.000011,0.690457,0.291213
ACGGGAGTGTCGGCCC-1,0.079606,0.137861,0.007463,0.000327,0.774743
ACGGGCGTATGCGACA-1,0.000012,0.000012,0.000012,0.969368,0.030595
ACGGGTCATGTGACTT-1,0.000038,0.080766,0.202042,0.000228,0.716926
ACGGGTTGTGACCTGT-1,0.000025,0.000025,0.000025,0.663641,0.336283
ACGGTACAGTTCAATG-1,0.000026,0.204316,0.130861,0.06835,0.596446
ACGGTCACCGAGAACA-1,0.000011,0.000011,0.000011,0.896649,0.103317
ACGTACTTTGGCACGG-1,0.000032,0.000032,0.000032,0.193625,0.80628
ACGTAGATTGCTGATG-1,0.000011,0.000011,0.083878,0.539078,0.377023
ACGTAGGAGAGTCGCT-1,0.000034,0.000044,0.000034,0.000202,0.999687
ACGTATTACTCCGATC-1,0.000026,0.048081,0.010821,0.448237,0.492835
ACGTCGGGCAACTCGG-1,0.1048,0.000045,0.000045,0.27662,0.618491
ACGTCTCGTTCCGGGA-1,0.004356,0.036604,0.028059,0.106831,0.82415
ACGTGACAAAGTAAGT-1,0.000016,0.001245,0.000016,0.418953,0.579769
ACGTGCGCCTCGTGCA-1,0.000019,0.000019,0.000019,0.692764,0.307178
ACGTTAATGTCGAAGA-1,0.00002,0.030425,0.00002,0.122791,0.846746
ACGTTAGATTTGCCCG-1,0.000027,0.000027,0.034538,0.2142,0.751209
ACGTTATTGGTCACTC-1,0.061518,0.063144,0.000097,0.273267,0.601974
ACGTTCACTATGCCGC-1,0.000014,0.000014,0.000014,0.914082,0.085875
ACGTTCGCAATCAATT-1,0.000008,0.001508,0.011123,0.812459,0.174903
ACGTTCGTTCAGGAAA-1,0.000024,0.000024,0.000024,0.459373,0.540555
ACGTTCTGTACAAGTC-1,0.000039,0.330841,0.079194,0.000231,0.589694
ACGTTGTCGTTGAAAG-1,0.002266,0.007108,0.231063,0.270519,0.489044
ACGTTTAGTTGTGATC-1,0.000066,0.000066,0.000066,0.075266,0.924536
ACTAAGGACGCACACC-1,0.000006,0.000006,0.000064,0.9999,0.000024
ACTAATACGTCAGGCG-1,0.000023,0.000023,0.000023,0.55127,0.448661
ACTACAAAGAGAGGTG-1,0.000016,0.000016,0.000016,0.275727,0.724225
ACTACATCCCGACAAG-1,0.000031,0.016987,0.000031,0.130816,0.852136
ACTACCAGCTCTCTGG-1,0.000998,0.000031,0.000031,0.66833,0.330611
ACTACCATCCGAGGGC-1,0.011076,0.00988,0.000033,0.121541,0.857469
ACTACGCGTTAGAATT-1,0.001859,0.033647,0.000029,0.1389,0.825565
ACTAGTTGCGATCGTC-1,0.005845,0.127958,0.410693,0.238094,0.21741
ACTATATGCTGTGTTC-1,0.085146,0.011841,0.000142,0.493161,0.409711
ACTATCCAGGGCATGG-1,0.000014,0.092332,0.288185,0.264732,0.354737
ACTATCGCCGGCTAAA-1,0.000015,0.000015,0.000015,0.160025,0.839931
ACTATCTGCCCGCGTA-1,0.000024,0.697626,0.302107,0.000146,0.000097
ACTATGTCCAGCTGCC-1,0.000137,0.076624,0.000137,0.130731,0.79237
ACTATTCGTCCGTGGT-1,0.000033,0.000033,0.000033,0.040133,0.959767
ACTATTTCCGGGCCCA-1,0.000038,0.000038,0.000038,0.04812,0.951767
ACTCAAGTGCAAGGCT-1,0.000016,0.024306,0.007845,0.800076,0.167756
ACTCAATAAAGGCACG-1,0.000025,0.003217,0.022228,0.466975,0.507555
ACTCAGACCTGCTTCT-1,0.000611,0.091619,0.00002,0.387121,0.52063
ACTCATGGCAGCCTTC-1,0.000036,0.000036,0.000036,0.319523,0.680368
ACTCCAATATCATCAT-1,0.000045,0.000045,0.000045,0.139409,0.860456
ACTCCCATTCCTAAAG-1,0.023141,0.042081,0.00013,0.000293,0.934355
ACTCCCGAATTCGTTT-1,0.021538,0.098982,0.283044,0.352394,0.244042
ACTCCCGTAGACTAGG-1,0.000022,0.003416,0.007069,0.820803,0.168689
ACTCCCTAATGCTAAA-1,0.00598,0.177185,0.026174,0.087259,0.703401
ACTCCCTAGAATAGTA-1,0.000015,0.007224,0.007881,0.793351,0.191529
ACTCCGGCCGACCACT-1,0.00001,0.028114,0.029887,0.482204,0.459785
ACTCGATGTATTTCAT-1,0.033154,0.015425,0.000066,0.119804,0.83155
ACTCGCCGTTCGATAA-1,0.000026,0.770797,0.177418,0.000153,0.051607
ACTCGCGATCTGACGC-1,0.021465,0.239166,0.000025,0.588245,0.151099
ACTCGTAACCCGTCCT-1,0.031399,0.204533,0.000145,0.057498,0.706425
ACTCGTCAGTAATCCC-1,0.000016,0.000016,0.004378,0.705192,0.290398
ACTCTAAACCTGGGAT-1,0.012549,0.000018,0.000018,0.556699,0.430717
ACTCTCTGACTTAGGT-1,0.00002,0.0647,0.00002,0.42147,0.51379
ACTCTGACCTAATAGA-1,0.000013,0.09883,0.228129,0.379074,0.293954
ACTCTTCAGCTCCCGC-1,0.009627,0.085342,0.000975,0.803224,0.100832
ACTCTTGTATAGTAAC-1,0.000028,0.000028,0.000028,0.469005,0.530911
ACTGAAACGCCGTTAG-1,0.000027,0.432962,0.147709,0.000161,0.419141
ACTGAATGGCGAAAGT-1,0.007991,0.046959,0.00367,0.248026,0.693355
ACTGCCCGCCATTCTC-1,0.000032,0.000032,0.013876,0.511453,0.474607
ACTGCCGTCGTAACTC-1,0.000024,0.000024,0.000024,0.786692,0.213237
ACTGCGGACACACCGT-1,0.000023,0.001855,0.000023,0.525631,0.472468
ACTGCTCGGAAGGATG-1,0.000012,0.000012,0.000012,0.797981,0.201982
ACTGGCGAACCTGCGT-1,0.002287,0.003288,0.000013,0.671904,0.322508
ACTGGGATGCCAGTGC-1,0.004303,0.002512,0.023329,0.419058,0.550798
ACTGTACGATACACAT-1,0.003675,0.082253,0.013683,0.073597,0.826792
ACTGTAGCACTTTGGA-1,0.000038,0.000038,0.000038,0.493021,0.506866
ACTGTATACGCGAGCA-1,0.039041,0.020304,0.069908,0.140171,0.730577
ACTGTCCAGGATTATA-1,0.000018,0.000018,0.004547,0.490415,0.505001
ACTGTCTTCTTTAGAA-1,0.00292,0.023064,0.000522,0.674468,0.299025
ACTGTGCTAGTAGATC-1,0.643085,0.000087,0.042817,0.146206,0.167804
ACTTACCGGGCGCGCA-1,0.089224,0.073408,0.000045,0.099823,0.737501
ACTTACGCATCCACGC-1,0.000029,0.070699,0.184484,0.333022,0.411766
ACTTAGTACGACAAGA-1,0.204579,0.000037,0.108862,0.40008,0.286441
ACTTATACTTACCCGG-1,0.0052,0.005713,0.063554,0.261498,0.664034
ACTTATTAGGATCGGT-1,0.000037,0.000037,0.012784,0.12959,0.857551
ACTTATTTATGTGCCA-1,0.000056,0.13676,0.000056,0.000338,0.86279
ACTTCAGGCTGATCCC-1,0.000017,0.024316,0.156743,0.472476,0.346448
ACTTCCAGTGGAAGCT-1,0.051972,0.000017,0.000017,0.612445,0.33555
ACTTCCATGCGGGACA-1,0.00002,0.042743,0.185717,0.392939,0.378582
ACTTCGCCATACGCAC-1,0.000046,0.000046,0.000046,0.000276,0.999585
ACTTCGCTAGCGAGTG-1,0.000013,0.006943,0.000013,0.832243,0.160788
ACTTGACTCCCTCTTT-1,0.00003,0.09616,0.00003,0.298473,0.605307
ACTTGCTCTATCTACC-1,0.003691,0.000013,0.001712,0.994533,0.000052
ACTTGGGACCCGGTGG-1,0.000021,0.000021,0.01846,0.467818,0.513679
ACTTGGGCTTTCGCCA-1,0.023623,0.107794,0.000033,0.407153,0.461397
ACTTGTAGTCCCTTCA-1,0.000021,0.000021,0.007543,0.668464,0.323951
ACTTGTGGATGGAACG-1,0.000031,0.597181,0.241954,0.000189,0.160645
ACTTGTTACCGGATCA-1,0.000048,0.000048,0.000048,0.000286,0.999572
ACTTTACCCTCATGAA-1,0.00002,0.004791,0.002605,0.51611,0.476474
ACTTTATACACCACTT-1,0.000925,0.000008,0.000008,0.998837,0.000222
ACTTTCCTATAGCTTC-1,0.005997,0.000046,0.000046,0.494987,0.498925
ACTTTGACTGCATCCT-1,0.00001,0.00001,0.000036,0.852109,0.147834
ACTTTGGTCGTGCTCC-1,0.000017,0.000017,0.008502,0.945759,0.045705
ACTTTGTCGACGCACT-1,0.000031,0.889032,0.086253,0.01842,0.006264
AGAAATTATGACTCGC-1,0.000016,0.642042,0.33636,0.000097,0.021485
AGAACACGGCGATGGT-1,0.002291,0.000021,0.006508,0.529947,0.461233
AGAACCCAGCGTGACA-1,0.002481,0.408193,0.000017,0.445776,0.143533
AGAACCCTCAATTGGG-1,0.000014,0.000014,0.000014,0.551464,0.448495
AGAACGTGGTACATTC-1,0.000017,0.000017,0.000017,0.367501,0.632447
AGAACTGTACTTTGTA-1,0.000049,0.296805,0.003243,0.006813,0.69309
AGAAGAGCGCCGTTCC-1,0.0003,0.193708,0.0003,0.221798,0.583894
AGAAGGTACACTTCAC-1,0.000019,0.000032,0.000019,0.627346,0.372583
AGAAGGTTGCCGAATT-1,0.000037,0.000037,0.000037,0.402786,0.597102
AGAAGGTTGTAGGTCG-1,0.000021,0.030837,0.016121,0.379047,0.573973
AGAAGTGATTCGTGAT-1,0.000022,0.000022,0.000022,0.668765,0.33117
AGAATAAATCTTCAGG-1,0.000006,0.000006,0.000006,0.998693,0.001288
AGAATACAGGCTATCC-1,0.000016,0.12936,0.245257,0.317973,0.307395
AGAATGCGGGTTCGGA-1,0.000071,0.000071,0.000071,0.299854,0.699934
AGAATTATGGATTCGA-1,0.000017,0.029185,0.000527,0.62914,0.341131
AGAATTGTTTGACATA-1,0.156229,0.035445,0.033667,0.350412,0.424247
AGACAGCTCAGAATCC-1,0.04677,0.083018,0.000043,0.026707,0.843462
AGACAGGCATCTCAGC-1,0.000042,0.836656,0.000042,0.163095,0.000166
AGACCAAACCACACCT-1,0.000009,0.000009,0.039861,0.488239,0.471881
AGACCATGGGATACAA-1,0.08234,0.000089,0.000089,0.66476,0.252722
AGACCCACCGCTGATC-1,0.000024,0.094688,0.000511,0.223091,0.681686
AGACCCGCCCTCCTCG-1,0.000017,0.000017,0.003544,0.810896,0.185526
AGACCGCTCCGCGGTT-1,0.000029,0.631117,0.095592,0.000174,0.273089
AGACCGGGAAACCCTG-1,0.029775,0.000046,0.000046,0.025602,0.944532
AGACGAAGTGCCGGTC-1,0.000026,0.299643,0.020108,0.070727,0.609497
AGACGACGATGCCGCT-1,0.000017,0.000017,0.000017,0.53701,0.462938
AGACGCCCACTTCGCC-1,0.010782,0.707248,0.052868,0.000086,0.229016
AGACGGGCCGATTTAA-1,0.000013,0.019624,0.007334,0.380237,0.592792
AGACTAGCCTTCCAGA-1,0.000025,0.000025,0.000025,0.624585,0.37534
AGACTGTTACCGGGTC-1,0.016497,0.000025,0.000025,0.373094,0.61036
AGAGAAACACCAGAAA-1,0.000006,0.000006,0.000006,0.739642,0.260339
AGAGAACCGTCTAGGA-1,0.000016,0.000016,0.000016,0.290869,0.709082
AGAGAAGGAGTACAAT-1,0.000026,0.000026,0.000026,0.301953,0.697968
AGAGATCTCTAAAGCG-1,0.000096,0.000096,0.000096,0.246834,0.752878
AGAGCAGTTATGAGAC-1,0.561431,0.080486,0.00014,0.116359,0.241585
AGAGCCGCCGAGATTT-1,0.000042,0.85083,0.003796,0.000254,0.145078
AGAGCGCTTGTAACGG-1,0.055887,0.065104,0.000024,0.005441,0.873543
AGAGCGGGCTAATCAT-1,0.000021,0.000021,0.000021,0.819611,0.180325
AGAGCGTACAAGCTCG-1,0.215514,0.000136,0.000136,0.193707,0.590508
AGAGGCTTCGGAAACC-1,0.000042,0.543811,0.000304,0.001662,0.454181
AGAGTAAACTTCACTA-1,0.000021,0.343762,0.165474,0.113554,0.37719
AGAGTATAGTGTTACG-1,0.002872,0.027483,0.000029,0.615939,0.353677
AGAGTTGCAGGCCTCC-1,0.000007,0.000007,0.000007,0.877578,0.1224
AGATAACTTCAGGGCC-1,0.000013,0.000013,0.016436,0.793445,0.190092
AGATAATCACACCTAT-1,0.001389,0.021561,0.045395,0.477646,0.45401
AGATACCAATAGAACC-1,0.000017,0.734079,0.224968,0.0001,0.040836
AGATACCAGCACTTCA-1,0.120984,0.094958,0.000081,0.193751,0.590226
AGATACCGGTGTTCAC-1,0.000028,0.000028,0.000028,0.3384,0.661515
AGATACGACTTCATAT-1,0.868205,0.000066,0.000066,0.071307,0.060355
AGATACTCAAGATCGA-1,0.000024,0.012945,0.006231,0.367313,0.613487
AGATATAATACGACTA-1,0.000027,0.020769,0.000027,0.385123,0.594053
AGATCGTGCATAAGAT-1,0.000012,0.002538,0.053755,0.527704,0.41599
AGATCTCAGGTGTGAT-1,0.000015,0.025624,0.023829,0.565537,0.384996
AGATCTGGAGAGGATA-1,0.000013,0.000013,0.000013,0.986437,0.013523
AGATGACTCGCCCACG-1,0.000049,0.000049,0.000049,0.471083,0.528769
AGATGAGGGTTGCGAT-1,0.000055,0.06691,0.000055,0.11135,0.821631
AGATGATGGAGTCTGG-1,0.006416,0.031652,0.00002,0.287629,0.674282
AGATGCAAGACGTGCA-1,0.000105,0.029453,0.000105,0.000629,0.969709
AGATGCATCCTGTGTC-1,0.000017,0.016589,0.051168,0.824324,0.107902
AGATGCTATAACGAGC-1,0.026669,0.018355,0.000056,0.175641,0.77928
AGATTATAGGACGTTT-1,0.000031,0.000034,0.078593,0.493628,0.427714
AGATTCACAACCGATA-1,0.000023,0.045894,0.005155,0.359543,0.589385
AGCAAAGGCCGCTAGT-1,0.00004,0.091622,0.00004,0.042348,0.865951
AGCAACATATCTTATT-1,0.00002,0.019592,0.026506,0.445083,0.508799
AGCAACCGAAAGTAAT-1,0.000038,0.069503,0.479996,0.065783,0.384679
AGCACACGTTTAGACT-1,0.000077,0.109667,0.018443,0.000462,0.871351
AGCACCAGTACTCACG-1,0.000032,0.000032,0.000032,0.390281,0.609623
AGCACTACCGGCCTGT-1,0.176583,0.000258,0.000258,0.378161,0.444739
AGCACTACCTCACCAG-1,0.042504,0.112461,0.130194,0.011563,0.703278
AGCACTTAAGGACGCC-1,0.195848,0.000049,0.020968,0.148727,0.634408
AGCAGAAGGAGAAAGA-1,0.000029,0.022382,0.000029,0.000173,0.977388
AGCAGCCAGATGAATA-1,0.000016,0.022721,0.035001,0.669659,0.272604
AGCAGTCGAAGCATGC-1,0.006032,0.119379,0.211436,0.264186,0.398966
AGCATATCAATATGCT-1,0.00005,0.430192,0.059876,0.000302,0.509579
AGCATCATTTCGAAAG-1,0.00007,0.048221,0.00007,0.00042,0.95122
AGCATCGTCGATAATT-1,0.000029,0.000029,0.000029,0.569796,0.430116
AGCATTACGAGGCAAG-1,0.000036,0.58913,0.125323,0.000217,0.285295
AGCCAAGCTTTGTGTC-1,0.00002,0.005651,0.118143,0.446996,0.42919
AGCCACAGGTTACCCG-1,0.000041,0.141612,0.025673,0.431056,0.401619
AGCCACTCCCGTGCTT-1,0.000027,0.005504,0.009016,0.270289,0.715165
AGCCATATAGTATGTG-1,0.000017,0.00796,0.003518,0.172266,0.816239
AGCCCATACATGTAAG-1,0.000061,0.000061,0.041493,0.008088,0.950297
AGCCCGCAACAAGCAG-1,0.000013,0.000013,0.000013,0.580901,0.419059
AGCCCGCACTACAATG-1,0.000019,0.578187,0.169188,0.225545,0.02706
AGCCCGGCATTAGAGG-1,0.008055,0.173353,0.004446,0.000242,0.813905
AGCCCGGTAGCCTGTA-1,0.049069,0.135796,0.031614,0.014521,0.769001
AGCCCTAAGCGAAGTT-1,0.000023,0.000023,0.000023,0.41598,0.583952
AGCCCTCCCTGGTGGC-1,0.000034,0.000034,0.000034,0.365992,0.633908
AGCCCTGTCGCACCGT-1,0.000026,0.147624,0.000026,0.500166,0.352158
AGCCCTTCTAATCCGA-1,0.010848,0.015681,0.000028,0.447004,0.52644
AGCCCTTGGACATCCC-1,0.000015,0.44938,0.439747,0.051651,0.059206
AGCCGCAAATTCAAAT-1,0.000016,0.000016,0.000016,0.37028,0.629672
AGCCGCTTGATTAGCG-1,0.000027,0.000027,0.000027,0.54731,0.452607
AGCCGTGGCTAAATGT-1,0.564739,0.097537,0.0001,0.000597,0.337028
AGCCTAATACCCACGT-1,0.077496,0.000048,0.045754,0.260512,0.616191
AGCCTTAAAGCGGAAG-1,0.073693,0.135441,0.000085,0.000507,0.790274
AGCCTTGTCACTGATA-1,0.000013,0.000013,0.000013,0.973654,0.026306
AGCGACAGGAACGGTC-1,0.000027,0.000027,0.000027,0.282351,0.717569
AGCGACATCCCATTCA-1,0.000021,0.000021,0.000021,0.604583,0.395352
AGCGACCAACGATATT-1,0.000041,0.003253,0.09809,0.332739,0.565876
AGCGACTTTGAAGACA-1,0.00002,0.00002,0.00002,0.792634,0.207307
AGCGAGACGTGAAGGC-1,0.000105,0.01128,0.000105,0.000627,0.987884
AGCGATGCGCCTAATA-1,0.007751,0.687342,0.022066,0.000166,0.282674
