Barcode,Topic 1,Topic 2to4,Topic 5,Topic 6,Topic 7to8,Topic 9,Topic 10,Topic 11
AAACAAGTATCTCCCA-1,0.082599,0.016255,0.523898,0.084834,0.061218,0.22098,0.01018,0.000036
AAACAATCTACTAGCA-1,0.000417,0.007472,0.000029,0.007454,0.933094,0.000029,0.024184,0.027322
AAACACCAATAACTGC-1,0.000032,0.000095,0.000032,0.000032,0.000063,0.584978,0.414737,0.000032
AAACAGAGCGACTCCT-1,0.001095,0.070256,0.009994,0.456488,0.454072,0.008036,0.000029,0.000029
AAACAGCTTTCAGAAG-1,0.189051,0.225706,0.131925,0.18487,0.222059,0.000023,0.000024,0.046342
AAACAGGGTCTATATT-1,0.054837,0.022825,0.321213,0.01119,0.134984,0.259899,0.091659,0.103393
AAACAGTGTTCCTGGG-1,0.00002,0.00006,0.148121,0.00002,0.00004,0.605865,0.106588,0.139286
AAACATTTCCCGGATT-1,0.000057,0.000171,0.000057,0.000057,0.000114,0.510633,0.488854,0.000057
AAACCACTACACAGAT-1,0.000055,0.000166,0.382581,0.232778,0.339322,0.014111,0.030933,0.000055
AAACCCGAACGAAATC-1,0.15412,0.167467,0.00774,0.055552,0.002405,0.007023,0.008644,0.597048
AAACCGGAAATGTTAA-1,0.291935,0.052787,0.102868,0.047781,0.105661,0.070103,0.218382,0.110482
AAACCGGGTAGGTACC-1,0.35484,0.08831,0.032776,0.457551,0.038376,0.000029,0.00156,0.026558
AAACCGTTCGTCCAGG-1,0.000056,0.000167,0.083137,0.220109,0.000111,0.454094,0.24227,0.000056
AAACCTAAGCAGCCGG-1,0.000008,0.003761,0.00496,0.000008,0.047217,0.943987,0.000008,0.00005
AAACCTCATGAAGTTG-1,0.125856,0.072651,0.042641,0.54905,0.169169,0.010841,0.029762,0.000029
AAACGAAGAACATACC-1,0.024165,0.262854,0.019269,0.018162,0.675496,0.000018,0.000018,0.000018
AAACGAAGATGGAGTA-1,0.04318,0.128735,0.057193,0.131853,0.139509,0.380966,0.101376,0.017187
AAACGACAGTCTTGCC-1,0.021088,0.314016,0.101576,0.05396,0.432817,0.021365,0.000024,0.055154
AAACGAGACGGTTGAT-1,0.072625,0.216046,0.141547,0.395334,0.023471,0.036119,0.016101,0.098757
AAACGCCCGAGATCGG-1,0.000049,0.000147,0.400237,0.000049,0.509833,0.000049,0.000049,0.089588
AAACGCTGGGCACGAC-1,0.000058,0.000174,0.000058,0.124216,0.000116,0.768792,0.106529,0.000058
AAACGGGCGTACGGGT-1,0.054301,0.004444,0.000016,0.004413,0.045547,0.891247,0.000016,0.000016
AAACGGGTTGGTATCC-1,0.000064,0.000192,0.358383,0.074251,0.537134,0.029847,0.000064,0.000064
AAACGGTTGCGAACTG-1,0.000046,0.000137,0.027179,0.08601,0.000091,0.571344,0.315147,0.000046
AAACGTGTTCGCCCTA-1,0.071404,0.685163,0.020356,0.047376,0.161488,0.000015,0.000015,0.014182
AAACTAACGTGGCGAC-1,0.13428,0.217515,0.048505,0.059576,0.442342,0.018045,0.000015,0.079722
AAACTCGGTTCGCAAT-1,0.00003,0.00009,0.087104,0.00003,0.10817,0.804515,0.00003,0.00003
AAACTCGTGATATAAG-1,0.08608,0.547015,0.000011,0.198815,0.135781,0.032274,0.000011,0.000011
AAACTGCTGGCTCCAA-1,0.003315,0.040636,0.392497,0.074488,0.054101,0.4176,0.000032,0.017331
AAACTTAATTGCACGC-1,0.000023,0.00007,0.000023,0.000023,0.000047,0.521962,0.477827,0.000023
AAACTTGCAAACGTAT-1,0.31926,0.01541,0.008641,0.437987,0.024682,0.193971,0.000025,0.000025
AAAGAATGTGGACTAA-1,0.001554,0.000038,0.072509,0.000013,0.030412,0.744594,0.06217,0.08871
AAAGACATGAAGTTTA-1,0.04461,0.282404,0.022217,0.019118,0.560542,0.04689,0.000029,0.02419
AAAGACCCAAGTCGCG-1,0.011137,0.511569,0.000019,0.000019,0.477199,0.000019,0.000019,0.000019
AAAGACTGGGCGCTTT-1,0.16557,0.305973,0.091802,0.068093,0.338574,0.000016,0.000016,0.029956
AAAGCTTGCCTACATA-1,0.048164,0.569793,0.022204,0.158138,0.201675,0.000009,0.000009,0.000009
AAAGGCCCTATAATAC-1,0.116598,0.009175,0.000018,0.014029,0.00143,0.745235,0.097335,0.016179
AAAGGCTACGGACCAT-1,0.000024,0.000071,0.103825,0.000024,0.030464,0.859717,0.000024,0.005853
AAAGGCTCTCGCGCCG-1,0.216173,0.021587,0.03246,0.020902,0.000816,0.439994,0.13966,0.128408
AAAGGGATGTAGCAAG-1,0.000057,0.158809,0.013147,0.473684,0.000114,0.000057,0.000317,0.353815
AAAGGGCAGCTTGAAT-1,0.000028,0.143218,0.001304,0.456912,0.398455,0.000028,0.000028,0.000028
AAAGGTAAGCTGTACC-1,0.000053,0.008157,0.000053,0.385706,0.540812,0.021352,0.006447,0.037419
AAAGTAGCATTGCTCA-1,0.043178,0.056058,0.002,0.093813,0.079243,0.725668,0.000019,0.000019
AAAGTCACTGATGTAA-1,0.010488,0.068423,0.000034,0.040952,0.880002,0.000034,0.000034,0.000034
AAAGTCGACCCTCAGT-1,0.062836,0.546371,0.13738,0.150123,0.086523,0.000011,0.000011,0.016746
AAAGTGCCATCAATTA-1,0.063663,0.000056,0.000019,0.000019,0.000037,0.547619,0.201261,0.187328
AAAGTGTGATTTATCT-1,0.01914,0.363281,0.128221,0.099777,0.189738,0.015821,0.110357,0.073664
AAAGTTGACTCCCGTA-1,0.128735,0.058907,0.262101,0.278136,0.19553,0.07654,0.000026,0.000026
AAATAACCATACGGGA-1,0.009953,0.468209,0.108771,0.00002,0.396868,0.00002,0.00002,0.016138
AAATAAGGTAGTGCCC-1,0.113836,0.350923,0.000013,0.339327,0.18967,0.005081,0.001138,0.000013
AAATACCTATAAGCAT-1,0.000049,0.000148,0.189726,0.023234,0.000098,0.179245,0.57025,0.03725
AAATAGCTTAGACTTT-1,0.027468,0.277169,0.477554,0.01049,0.161556,0.000019,0.000907,0.044837
AAATAGGGTGCTATTG-1,0.027987,0.00013,0.000068,0.212689,0.02892,0.73012,0.000043,0.000043
AAATCCGATACACGCC-1,0.078922,0.000095,0.000032,0.000032,0.000064,0.451165,0.414773,0.054918
AAATCGCGGAAGGAGT-1,0.001102,0.125901,0.075628,0.057378,0.101354,0.462082,0.157245,0.019309
AAATCGTGTACCACAA-1,0.390242,0.175506,0.159768,0.204134,0.005189,0.000036,0.064523,0.000602
AAATCTAGCCCTGCTA-1,0.429111,0.001669,0.000015,0.000015,0.00003,0.261084,0.049623,0.258453
AAATGACTGATCAAAC-1,0.000057,0.000172,0.000057,0.075602,0.000115,0.923882,0.000057,0.000057
AAATGATTCGATCAGC-1,0.000024,0.184199,0.005104,0.58913,0.221472,0.000024,0.000024,0.000024
AAATGCTCGTTACGTT-1,0.002961,0.302296,0.062259,0.000031,0.63236,0.000031,0.000031,0.000031
AAATGGCATGTCTTGT-1,0.04483,0.740624,0.00002,0.004978,0.170633,0.00002,0.00002,0.038875
AAATGGCCCGTGCCCT-1,0.000026,0.000079,0.462213,0.000026,0.052012,0.411075,0.004737,0.069831
AAATGGTCAATGTGCC-1,0.14499,0.370562,0.0503,0.289616,0.110855,0.033634,0.000022,0.000022
AAATGTGGGTGCTCCT-1,0.000055,0.000164,0.000055,0.301547,0.698015,0.000055,0.000055,0.000055
AAATTAACGGGTAGCT-1,0.1238,0.417543,0.087338,0.217396,0.143757,0.003704,0.00002,0.006443
AAATTAATAAGCGCGA-1,0.062463,0.13776,0.048944,0.248634,0.160834,0.267809,0.027459,0.046097
AAATTACACGACTCTG-1,0.111865,0.306006,0.00003,0.272283,0.309727,0.00003,0.00003,0.00003
AAATTACCTATCGATG-1,0.064232,0.493916,0.003884,0.251938,0.106997,0.07901,0.000012,0.000012
AAATTCCAGGTCCAAA-1,0.183224,0.583625,0.010489,0.156979,0.065644,0.000013,0.000013,0.000013
AAATTGATAGTCCTTT-1,0.000062,0.000187,0.046197,0.295892,0.000125,0.527824,0.12965,0.000062
AAATTGCGGCGGTTCT-1,0.000037,0.000112,0.000037,0.073586,0.926117,0.000037,0.000037,0.000037
AAATTGGTGAGAAGCA-1,0.00004,0.203129,0.085524,0.20857,0.495504,0.000026,0.000026,0.007181
AAATTTACCGAAATCC-1,0.003385,0.034565,0.000043,0.084212,0.809554,0.068156,0.000043,0.000043
AAATTTGCGGGTGTGG-1,0.284805,0.013407,0.006891,0.091785,0.086913,0.516151,0.000024,0.000024
AACAACTGGTAGTTGC-1,0.11669,0.380756,0.031041,0.282718,0.155625,0.000952,0.01498,0.017236
AACAATACATTGTCGA-1,0.000027,0.000081,0.233274,0.000027,0.095652,0.662637,0.008275,0.000027
AACAATTACTCTACGC-1,0.052565,0.305131,0.000028,0.144321,0.44061,0.043872,0.007467,0.006007
AACACACGCTCGCCGC-1,0.109409,0.040333,0.233746,0.009383,0.047342,0.41317,0.146581,0.000035
AACACGACTGTACTGA-1,0.004532,0.635172,0.000018,0.000018,0.315275,0.000018,0.000018,0.044948
AACACGAGACGCGGCC-1,0.001079,0.000198,0.121754,0.544177,0.000132,0.188443,0.144151,0.000066
AACACGCGGCCGCGAA-1,0.002793,0.017451,0.000025,0.029957,0.949699,0.000025,0.000025,0.000025
AACAGCTGTGTGGCAA-1,0.00003,0.000091,0.160795,0.003231,0.000061,0.73259,0.103171,0.00003
AACAGGAAATCGAATA-1,0.000029,0.17576,0.000029,0.173823,0.650271,0.000029,0.000029,0.000029
AACAGGATGGGCCGCG-1,0.17871,0.039176,0.013376,0.761412,0.007184,0.000047,0.000047,0.000047
AACAGGTAGTATGGAT-1,0.025124,0.100603,0.197832,0.146056,0.024718,0.217116,0.288508,0.000042
AACATAGCGTGTATCG-1,0.000035,0.000104,0.172319,0.000035,0.048797,0.77864,0.000035,0.000035
AACATATCAACTGGTG-1,0.000017,0.551786,0.000017,0.363407,0.084723,0.000017,0.000017,0.000017
AACATCGATACGTCTA-1,0.061402,0.595569,0.000014,0.155419,0.187554,0.000014,0.000014,0.000014
AACATTGAAGTTGATC-1,0.289856,0.023765,0.016306,0.000024,0.000049,0.333546,0.336404,0.00005
AACATTGGTCAGCCGT-1,0.000052,0.000156,0.014867,0.000052,0.984716,0.000052,0.000052,0.000052
AACATTGTGACTCGAG-1,0.000111,0.000333,0.058078,0.06889,0.000222,0.515102,0.357152,0.000111
AACCAAGACTTCTCTG-1,0.156792,0.559541,0.000012,0.12884,0.04303,0.000012,0.005393,0.10638
AACCAGTATCACTCTT-1,0.08741,0.461887,0.000036,0.023613,0.426947,0.000036,0.000036,0.000036
AACCATAGGGTTGAAC-1,0.000038,0.000115,0.094736,0.000038,0.000076,0.437529,0.46743,0.000038
AACCATGGGATCGCTA-1,0.000039,0.020611,0.038796,0.057191,0.849185,0.000039,0.000039,0.034099
AACCCAGAGACGGAGA-1,0.010239,0.504121,0.000024,0.069587,0.345845,0.000024,0.000024,0.070136
AACCCATCCCATGATC-1,0.000105,0.074776,0.015462,0.0851,0.00021,0.297568,0.526672,0.000105
AACCCGACAACCCGTG-1,0.000026,0.000078,0.043332,0.000026,0.000052,0.594967,0.322282,0.039236
AACCCGAGCAGAATCG-1,0.184927,0.023685,0.141562,0.012065,0.045066,0.449134,0.105474,0.038086
AACCCGATAGGGCTTC-1,0.006894,0.014937,0.14664,0.25816,0.573241,0.000042,0.000042,0.000042
AACCCGCTGTATTCCA-1,0.000046,0.000137,0.16797,0.000046,0.026099,0.755346,0.050311,0.000046
AACCCTACTGTCAATA-1,0.144905,0.078061,0.107575,0.499634,0.161716,0.000019,0.008071,0.000019
AACCCTGGTGGAACCA-1,0.050019,0.546487,0.000019,0.031671,0.345014,0.000019,0.000019,0.026754
AACCGAGCTTGGTCAT-1,0.009625,0.570493,0.090356,0.265843,0.063629,0.000018,0.000018,0.000018
AACCGCTAAGGGATGC-1,0.265323,0.062915,0.355059,0.037185,0.003396,0.058066,0.16448,0.053575
AACCGTTGTGTTTGCT-1,0.048089,0.485168,0.009046,0.01885,0.438754,0.000031,0.000031,0.000031
AACCTAAAGCCGTCCG-1,0.037763,0.342532,0.036728,0.098358,0.405384,0.079148,0.000043,0.000043
AACCTCGCTTTAGCCC-1,0.006253,0.038901,0.02522,0.00002,0.063693,0.79707,0.010783,0.058059
AACCTGTCACGGAATT-1,0.071683,0.255321,0.232064,0.016006,0.233803,0.021691,0.000012,0.169419
AACCTTTAAATACGGT-1,0.20979,0.078291,0.032015,0.000012,0.067639,0.363795,0.000012,0.248446
AACCTTTACGACGTCT-1,0.026771,0.12588,0.000582,0.398175,0.277346,0.090495,0.011472,0.069279
AACGAAAGTCGTCCCA-1,0.00002,0.00006,0.196278,0.00002,0.002035,0.61067,0.190699,0.000217
AACGACCTCCTAGCCG-1,0.000023,0.025395,0.022426,0.000023,0.059363,0.892722,0.000023,0.000023
AACGATAATGCCGTAG-1,0.000054,0.000161,0.000054,0.22662,0.004822,0.768183,0.000054,0.000054
AACGATAGAAGGGCCG-1,0.016717,0.424758,0.087123,0.000022,0.430335,0.000022,0.000022,0.041001
AACGATATGTCAACTG-1,0.000301,0.169416,0.000191,0.558292,0.271713,0.000029,0.000029,0.000029
AACGCATGATCTGGGT-1,0.0118,0.383945,0.005961,0.201941,0.341062,0.054113,0.001037,0.000142
AACGCGAACGGCAACA-1,0.000031,0.026733,0.002184,0.000031,0.943889,0.000031,0.000031,0.027071
AACGCGACCTTGGGCG-1,0.043351,0.000101,0.045646,0.000034,0.000067,0.353926,0.547971,0.008905
AACGCGGTCTCCAGCC-1,0.021522,0.654444,0.000016,0.044754,0.119428,0.000016,0.002419,0.157402
AACGCTGTTGCTGAAA-1,0.000043,0.000128,0.027993,0.139576,0.054763,0.77636,0.001095,0.000043
AACGGACGTACGTATA-1,0.000038,0.000113,0.59746,0.000038,0.058595,0.343682,0.000038,0.000038
AACGGCCATCTCCGGT-1,0.013928,0.029217,0.060293,0.070455,0.037113,0.198174,0.127604,0.463217
AACGTACTGTGGGTAC-1,0.213851,0.02846,0.312266,0.034948,0.094813,0.22639,0.089236,0.000036
AACGTAGTCTACCCAT-1,0.000043,0.00785,0.009988,0.030517,0.906392,0.045124,0.000043,0.000043
AACGTCAGACTAGTGG-1,0.08466,0.321865,0.00875,0.092828,0.491814,0.000027,0.000027,0.000027
AACGTCATCCGGCTTG-1,0.00003,0.000091,0.12275,0.00003,0.074748,0.80229,0.00003,0.00003
AACGTCGCTGCACTTC-1,0.220127,0.078235,0.000015,0.000015,0.001963,0.662036,0.000015,0.037593
AACGTGATGAAGGACA-1,0.049074,0.743489,0.000024,0.010317,0.197024,0.000024,0.000024,0.000024
AACGTGCGAAAGTCTC-1,0.010583,0.093901,0.05596,0.674705,0.12371,0.037194,0.003922,0.000026
AACGTTATCAGCACCT-1,0.024992,0.63292,0.000012,0.002183,0.283472,0.027361,0.00193,0.02713
AACGTTCTACCATTGT-1,0.062006,0.121218,0.023757,0.127017,0.006699,0.630645,0.027068,0.00159
AACTACCCGTTTGTCA-1,0.011343,0.000111,0.342395,0.355738,0.136764,0.077822,0.07579,0.000037
AACTAGCGTATCGCAC-1,0.042086,0.133173,0.000017,0.000017,0.810027,0.014645,0.000017,0.000017
AACTAGGCTTGGGTGT-1,0.000046,0.017584,0.386162,0.000046,0.098502,0.497568,0.000046,0.000046
AACTCAAGTTAATTGC-1,0.212016,0.64083,0.000011,0.009178,0.0017,0.000011,0.001369,0.134884
AACTCCAGAGCGTGTT-1,0.000097,0.000292,0.000097,0.236317,0.000195,0.762806,0.000097,0.000097
AACTCCTAATCCCATG-1,0.000028,0.319837,0.008545,0.118291,0.553106,0.000028,0.000028,0.000138
AACTCGATAAACACGT-1,0.030268,0.011691,0.000022,0.03708,0.920872,0.000022,0.000022,0.000022
AACTCGATGGCGCAGT-1,0.01275,0.384073,0.003351,0.000029,0.450128,0.000029,0.000029,0.149612
AACTCTCAATAGAGCG-1,0.178253,0.583778,0.000011,0.140669,0.095863,0.001404,0.000011,0.000011
AACTCTCAGTGTGCTC-1,0.000071,0.000214,0.001339,0.284752,0.000143,0.578042,0.135367,0.000071
AACTGAGGTCAGCGTC-1,0.075945,0.710734,0.001664,0.054839,0.079191,0.000024,0.000024,0.077581
AACTGAGTTATACTGA-1,0.044025,0.00202,0.109444,0.514549,0.137939,0.166856,0.025123,0.000044
AACTGATATTAGGCCT-1,0.082904,0.397612,0.000031,0.150236,0.369123,0.000031,0.000031,0.000031
AACTGGGTCCCGACGT-1,0.000033,0.254467,0.030493,0.533357,0.181553,0.000033,0.000033,0.000033
AACTGGGTTCGAGCCG-1,0.000074,0.000222,0.022107,0.166429,0.810945,0.000074,0.000074,0.000074
AACTGGTGTGGGCCTT-1,0.000033,0.03558,0.000033,0.049646,0.91461,0.000033,0.000033,0.000033
AACTTCTGCGTCTATC-1,0.00004,0.000121,0.00004,0.389571,0.610105,0.00004,0.00004,0.00004
AACTTGCCCGTATGCA-1,0.022053,0.272353,0.000033,0.258151,0.389262,0.000033,0.034136,0.02398
AACTTGCGTTCTCGCG-1,0.000065,0.000196,0.004456,0.230554,0.73966,0.007364,0.000065,0.017638
AACTTTACGGGAGCTT-1,0.027697,0.238184,0.022867,0.430366,0.205205,0.007773,0.010797,0.057112
AACTTTAGCTGCTGAG-1,0.000037,0.000111,0.000037,0.043515,0.956189,0.000037,0.000037,0.000037
AACTTTCTCGATCATG-1,0.073051,0.811569,0.019141,0.038139,0.054932,0.000009,0.000009,0.00315
AAGAAAGTTTGATGGG-1,0.000057,0.00017,0.148515,0.149813,0.000113,0.615191,0.086084,0.000057
AAGAAATCACCAGATT-1,0.076035,0.659211,0.032209,0.078075,0.119609,0.000008,0.000008,0.034845
AAGAAGGATCAGTTAG-1,0.00007,0.08252,0.007307,0.185941,0.723953,0.00007,0.00007,0.00007
AAGACATACGTGGTTT-1,0.264411,0.022396,0.000012,0.000012,0.001154,0.573758,0.017582,0.120675
AAGACCAAATAACTCA-1,0.018468,0.414631,0.018118,0.027715,0.125955,0.251019,0.082704,0.061391
AAGACCCAACTGAACA-1,0.116837,0.04283,0.01309,0.064906,0.01593,0.516033,0.23034,0.000035
AAGACTAACCCGTTGT-1,0.010523,0.035987,0.000036,0.000036,0.917347,0.000036,0.000036,0.035998
AAGACTGCAAGCTACT-1,0.002506,0.010024,0.045157,0.63369,0.254583,0.05396,0.00004,0.00004
AAGAGATGAATCGGTA-1,0.016375,0.326172,0.045833,0.553657,0.025411,0.014778,0.00006,0.017713
AAGAGCTCTTTATCGG-1,0.062186,0.123472,0.044844,0.646553,0.122818,0.000042,0.000042,0.000042
AAGAGGATGTACGCGA-1,0.079174,0.389379,0.000021,0.32259,0.208773,0.000021,0.000021,0.000021
AAGAGGCATGGATCGC-1,0.000048,0.000144,0.036642,0.447742,0.000096,0.000048,0.102747,0.412533
AAGAGGCCCTTTGGAA-1,0.000052,0.000155,0.021978,0.091297,0.000103,0.641687,0.244675,0.000052
AAGATGGCACCGGACC-1,0.242044,0.073769,0.008555,0.079961,0.01634,0.462928,0.072219,0.044186
AAGATTGGCGGAACGT-1,0.019193,0.776733,0.000009,0.09575,0.006444,0.000009,0.00832,0.093542
AAGCACCCTGCGTATC-1,0.000043,0.00013,0.015994,0.077792,0.000087,0.905867,0.000043,0.000043
AAGCATACTCTCCTGA-1,0.00003,0.002624,0.170579,0.00003,0.119261,0.707415,0.00003,0.00003
AAGCCACTTGCAGGTA-1,0.000023,0.000068,0.130071,0.000023,0.023554,0.846214,0.000023,0.000023
AAGCCGAAGCGGTTTA-1,0.000062,0.000187,0.167487,0.505169,0.000125,0.130285,0.196621,0.000062
AAGCCGCCGTGAAATC-1,0.000029,0.017426,0.2299,0.000029,0.095729,0.597826,0.059032,0.000029
AAGCCGCTTTACCTTG-1,0.002552,0.163575,0.083093,0.120739,0.486228,0.08692,0.00002,0.056875
AAGCCGGAGAGCAGGA-1,0.018014,0.037889,0.137851,0.000028,0.076582,0.649687,0.072468,0.007482
AAGCGCAGGGCTTTGA-1,0.00005,0.00015,0.08953,0.025804,0.006643,0.831614,0.046158,0.00005
AAGCGGAGTGCGCGCA-1,0.001877,0.401543,0.036065,0.405634,0.154832,0.000016,0.000016,0.000016
AAGCGGCGTCATGGGT-1,0.042044,0.565254,0.000034,0.163736,0.22883,0.000034,0.000034,0.000034
AAGCGTCCCTCATCGA-1,0.000042,0.000127,0.255229,0.000042,0.000084,0.596344,0.14809,0.000042
AAGCTAGATCGAGTAA-1,0.000045,0.000136,0.093555,0.061114,0.00009,0.484024,0.360991,0.000045
AAGCTCGTGCCAAGTC-1,0.21561,0.552374,0.00001,0.019852,0.037712,0.008258,0.00001,0.166174
AAGCTCTTTCATGGTG-1,0.000066,0.000197,0.034206,0.069653,0.000131,0.516836,0.378846,0.000066
AAGGAGAACTTATAAG-1,0.00005,0.000151,0.148404,0.056661,0.782338,0.00005,0.00005,0.012295
AAGGAGCGGTTGGTGC-1,0.043182,0.18126,0.253917,0.119291,0.321168,0.030447,0.002122,0.048614
AAGGATCGATCGCTTG-1,0.369218,0.254969,0.051361,0.236715,0.009193,0.000022,0.048808,0.029714
AAGGATGAGGGACCTC-1,0.062258,0.655136,0.057703,0.08097,0.093071,0.00001,0.00001,0.050842
AAGGCAGGCTGTCTCC-1,0.652029,0.175633,0.00487,0.072798,0.070987,0.019448,0.003235,0.001
AAGGCGCGTAAAGCTT-1,0.000025,0.178065,0.030885,0.410303,0.380649,0.000025,0.000025,0.000025
AAGGCTGTGCTCATCG-1,0.008068,0.163209,0.057928,0.64705,0.071207,0.052459,0.000039,0.000039
AAGGGAACGACTGGCT-1,0.000037,0.00011,0.031548,0.08621,0.023469,0.527068,0.331521,0.000037
AAGGGACAGATTCTGT-1,0.007446,0.252639,0.009662,0.698298,0.03019,0.000019,0.001728,0.000019
AAGGGACTATGCATTC-1,0.379372,0.071091,0.000712,0.024207,0.004227,0.287379,0.172973,0.060039
AAGGGTTAGCCATGCG-1,0.02343,0.009783,0.003628,0.000029,0.023934,0.939139,0.000029,0.000029
AAGGTATCCTAATATA-1,0.043406,0.705386,0.027652,0.113704,0.109822,0.00001,0.00001,0.00001
AAGGTGATAAACCAGC-1,0.207044,0.134574,0.132512,0.337565,0.02632,0.008853,0.136619,0.016513
AAGTAAGCTTCCAAAC-1,0.000024,0.006078,0.391966,0.000024,0.508955,0.021186,0.000024,0.071743
AAGTAGAAGACCGGGT-1,0.022437,0.611243,0.002971,0.068934,0.277584,0.000021,0.000021,0.016789
AAGTAGTGACGCGAGG-1,0.124166,0.41037,0.041555,0.234605,0.136564,0.052689,0.000026,0.000026
AAGTCAATTGTCGTCA-1,0.219772,0.063097,0.060627,0.286992,0.000073,0.010518,0.085863,0.273057
AAGTCTAGTAGCTGCC-1,0.043625,0.559118,0.092534,0.11454,0.190143,0.000013,0.000013,0.000013
AAGTGACGACCGAATT-1,0.000038,0.000114,0.1671,0.458581,0.327308,0.046782,0.000038,0.000038
AAGTGAGTCGGGTTTA-1,0.000093,0.00028,0.000093,0.000093,0.000187,0.273787,0.725372,0.000093
AAGTGCAAAGGTAGAC-1,0.000022,0.269801,0.009747,0.356481,0.363882,0.000022,0.000022,0.000022
AAGTGCCTTGACTGTA-1,0.342202,0.250258,0.00003,0.329894,0.000059,0.00003,0.046359,0.031168
AAGTGCGTTAGAATCT-1,0.029688,0.052363,0.22545,0.013876,0.076301,0.347916,0.047425,0.206979
AAGTGCTTCTCTATTG-1,0.000015,0.000045,0.000015,0.000015,0.00003,0.786849,0.17968,0.033351
AAGTGTTTGGAGACGG-1,0.000046,0.000137,0.009943,0.299161,0.000091,0.571758,0.118819,0.000046
AAGTTCACTCCAAGCT-1,0.108635,0.010694,0.000045,0.08627,0.00009,0.783343,0.010878,0.000045
AAGTTCAGTCTGCGTA-1,0.014629,0.935814,0.000009,0.000748,0.01419,0.000009,0.006704,0.027896
AAGTTCGGCCAACAGG-1,0.105065,0.018802,0.164724,0.361557,0.169435,0.162259,0.018124,0.000033
AAGTTGTGATGTTATA-1,0.000035,0.000106,0.039331,0.102062,0.045942,0.809023,0.003465,0.000035
AAGTTTACTAATGGCA-1,0.000056,0.000168,0.034231,0.114687,0.812174,0.000056,0.016221,0.022406
AAGTTTATGGGCCCAA-1,0.003116,0.000052,0.000017,0.000017,0.014468,0.982295,0.000017,0.000017
AATAACAACGCTCGGC-1,0.057717,0.274146,0.032107,0.496629,0.139339,0.00002,0.00002,0.00002
AATAACACTAGAACAA-1,0.000027,0.002574,0.096721,0.000027,0.013118,0.591994,0.127194,0.168343
AATAACGTCGCGCCCA-1,0.000021,0.000062,0.086031,0.000021,0.003333,0.769807,0.004338,0.136387
AATAAGTCCTCGAGAC-1,0.000041,0.000124,0.000041,0.24021,0.716546,0.000041,0.00742,0.035576
AATAATCTTCGTATCG-1,0.035599,0.014449,0.093297,0.143509,0.081843,0.630583,0.000024,0.000697
AATACAATGTTTCAGG-1,0.000028,0.181979,0.003066,0.165976,0.632547,0.000028,0.016351,0.000028
AATACCGGAGGGCTGT-1,0.000023,0.000068,0.257769,0.000023,0.002281,0.595373,0.110607,0.033856
AATACCTGATGTGAAC-1,0.013922,0.001935,0.054024,0.000012,0.098765,0.752471,0.000012,0.078857
AATAGAACAGAGTGGC-1,0.000072,0.000216,0.018598,0.168718,0.000144,0.349723,0.462457,0.000072
AATAGAATCTGTTTCA-1,0.150745,0.004306,0.027966,0.295138,0.00011,0.000602,0.469955,0.051177
AATAGCAAGCCTCCTG-1,0.037816,0.326702,0.000027,0.054935,0.276096,0.000027,0.000027,0.304369
AATAGCTACCGCGTGC-1,0.000023,0.153962,0.000023,0.476932,0.322123,0.04689,0.000023,0.000023
AATAGGCACGACCCTT-1,0.000029,0.000086,0.000029,0.000029,0.000057,0.798901,0.200842,0.000029
AATAGTCCGTCCCGAC-1,0.008883,0.200026,0.017052,0.000027,0.082519,0.637079,0.054386,0.000027
AATAGTCGCGAGTCGG-1,0.037155,0.306314,0.008171,0.111066,0.50708,0.016544,0.010558,0.003113
AATATCAAGGTCGGAT-1,0.023251,0.479905,0.000017,0.000017,0.496758,0.000017,0.000017,0.000017
AATATCGAATCAATGC-1,0.135397,0.099697,0.241465,0.243687,0.132228,0.135989,0.0115,0.000036
AATATCGAGGGTTCTC-1,0.028781,0.181367,0.0076,0.463957,0.196433,0.121819,0.000022,0.000022
AATATTGGAGTATTGA-1,0.024201,0.230884,0.072434,0.314512,0.322411,0.005935,0.000022,0.0296
AATCAGACTGCAGGAC-1,0.031535,0.23878,0.000033,0.000033,0.729522,0.000033,0.000033,0.000033
AATCAGGTTTCATTTA-1,0.00003,0.000089,0.014312,0.00003,0.01254,0.69848,0.27449,0.00003
AATCATGTAAAGACTC-1,0.000036,0.000108,0.280118,0.000036,0.012476,0.320801,0.245689,0.140734
AATCCAAGGGCCTGAG-1,0.005305,0.866913,0.000009,0.000009,0.108238,0.000009,0.000009,0.019507
AATCCATGCAAGGGTG-1,0.008992,0.432354,0.000026,0.000307,0.488406,0.000026,0.003686,0.066204
AATCCCGCTCAGAGCC-1,0.000643,0.094396,0.116421,0.000027,0.007748,0.722679,0.009881,0.048205
AATCGAGGTCTCAAGG-1,0.000019,0.000057,0.061122,0.000019,0.027017,0.860665,0.000019,0.051081
AATCGCCTCAGCGCCA-1,0.00004,0.000119,0.127691,0.708116,0.137197,0.00276,0.024038,0.00004
AATCGCGCAGAGGACT-1,0.020847,0.195868,0.552045,0.026624,0.154363,0.000017,0.000017,0.050219
AATCGGGACACTACGA-1,0.000139,0.445137,0.00003,0.01878,0.535822,0.00003,0.00003,0.00003
AATCGGTATAGCCCTC-1,0.000015,0.00245,0.000015,0.000015,0.029779,0.842763,0.067247,0.057717
AATCGTGAGCCGAGCA-1,0.000037,0.000112,0.123277,0.000037,0.000074,0.683453,0.192972,0.000037
AATCTAGGTTTACTTG-1,0.000093,0.023325,0.194282,0.129314,0.0314,0.105754,0.404843,0.110989
AATCTATGCCGGAGCC-1,0.002145,0.213631,0.000022,0.724984,0.05915,0.000022,0.000022,0.000022
AATCTCTACTGTGGTT-1,0.004075,0.105136,0.096372,0.402161,0.041155,0.000023,0.039313,0.311765
AATCTGCGTTGGGACG-1,0.004657,0.232275,0.185971,0.417971,0.143142,0.015935,0.000024,0.000024
AATCTGGCTTTCTAGT-1,0.000035,0.000105,0.000035,0.000035,0.00007,0.724541,0.274207,0.000972
AATCTGGGTAGACCCT-1,0.000076,0.000229,0.000076,0.168076,0.729921,0.101469,0.000076,0.000076
AATGACAGCAATGTCT-1,0.20366,0.04722,0.031058,0.086529,0.237656,0.393835,0.00002,0.00002
AATGACGTAGGATGTC-1,0.379446,0.067967,0.000028,0.354797,0.16612,0.005539,0.026075,0.000028
AATGACTGTCAGCCGG-1,0.007706,0.52443,0.000023,0.286265,0.181509,0.000023,0.000023,0.000023
AATGAGTTCGCATATG-1,0.008535,0.409683,0.000031,0.002876,0.548165,0.000031,0.000031,0.030648
AATGATGATACGCTAT-1,0.000016,0.456125,0.049912,0.167962,0.283718,0.000016,0.001514,0.040737
AATGATGCGACTCCTG-1,0.006437,0.805268,0.000008,0.142246,0.046017,0.000008,0.000008,0.000008
AATGCAACCGGGTACC-1,0.091834,0.745127,0.000013,0.117776,0.035276,0.000013,0.000013,0.009948
AATGCACCAAGCAATG-1,0.000041,0.395088,0.07678,0.416854,0.111114,0.000041,0.000041,0.000041
AATGGCCGCCAATGCG-1,0.11027,0.034506,0.388153,0.060666,0.3847,0.019426,0.002245,0.000035
AATGGTCCACCGTTCA-1,0.110714,0.323195,0.000016,0.159041,0.347619,0.014705,0.020386,0.024325
AATGGTTCTCACAAGC-1,0.015177,0.471253,0.033807,0.055809,0.310004,0.00003,0.00003,0.113891
AATGTATGGCACTGTA-1,0.000038,0.000114,0.000038,0.000038,0.000076,0.149432,0.850227,0.000038
AATGTGCCCGAGGTGT-1,0.00004,0.000121,0.204697,0.00004,0.00008,0.567875,0.199947,0.0272
AATGTGCTAATCTGAG-1,0.000048,0.000144,0.011605,0.138158,0.000096,0.670882,0.17902,0.000048
AATGTTAAGACCCTGA-1,0.024559,0.074506,0.000009,0.000009,0.016541,0.881668,0.000009,0.0027
AATGTTGTCGTGAGAC-1,0.000015,0.000045,0.052097,0.000015,0.010404,0.812576,0.00401,0.120839
AATTAAAGGTCGGCGT-1,0.000095,0.000286,0.034162,0.56089,0.00019,0.000095,0.068088,0.336194
AATTAACGGATTTCCA-1,0.0001,0.000299,0.0001,0.061024,0.000199,0.510163,0.428016,0.0001
AATTACGAGACCCATC-1,0.000023,0.004416,0.043903,0.098083,0.140733,0.577309,0.11565,0.019882
AATTACTCGTACGCTC-1,0.000169,0.012234,0.000023,0.040499,0.936265,0.000023,0.000023,0.010764
AATTAGCGCTGCAGCG-1,0.000076,0.000229,0.311858,0.034194,0.000152,0.647522,0.005893,0.000076
AATTATACCCAGCAAG-1,0.609028,0.018309,0.000011,0.000011,0.000021,0.372065,0.000011,0.000546
AATTCATAAGGGATCT-1,0.019579,0.462751,0.00002,0.411033,0.103934,0.00002,0.002645,0.00002
AATTCATTGTCATGCA-1,0.078529,0.355467,0.001336,0.012659,0.171353,0.263194,0.092405,0.025058
AATTCCAACTTGGTGA-1,0.000028,0.001932,0.01365,0.014037,0.970267,0.000028,0.000028,0.000028
AATTCCAAGCATGTAC-1,0.018181,0.000093,0.132509,0.003869,0.000062,0.781247,0.064008,0.000031
AATTCGATTCGAGGAT-1,0.000052,0.000155,0.000052,0.072978,0.000931,0.893608,0.032172,0.000052
AATTCTAGAGTTAGGC-1,0.000038,0.000115,0.268151,0.004538,0.03408,0.492111,0.034289,0.166678
AATTGAACGCTCTGGT-1,0.322092,0.000132,0.052534,0.457748,0.005453,0.159423,0.002585,0.000033
AATTGCAGCAATCGAC-1,0.004761,0.000054,0.057098,0.007026,0.071489,0.846153,0.003297,0.010122
AATTGCGTGGATTACA-1,0.00003,0.034137,0.00003,0.043542,0.000061,0.421456,0.500713,0.00003
AATTGTGGTTGCCAAA-1,0.000093,0.211974,0.067999,0.105228,0.024011,0.142546,0.393809,0.054341
AATTTGGGACATAGTA-1,0.032131,0.509787,0.00003,0.089887,0.368075,0.00003,0.00003,0.00003
AATTTGGTTCCAAAGA-1,0.002728,0.788686,0.000017,0.003528,0.182219,0.000017,0.000017,0.022787
ACAAACCATGCGTCCT-1,0.000023,0.000068,0.013445,0.000023,0.000045,0.711715,0.27466,0.000023
ACAAACCGACAAGGCG-1,0.036247,0.260067,0.010686,0.101466,0.530462,0.033826,0.001089,0.026157
ACAAACTCCATCAGAG-1,0.000028,0.000083,0.000028,0.000028,0.003627,0.843957,0.152223,0.000028
ACAAAGAAGGTAGGCC-1,0.031987,0.236059,0.131603,0.151709,0.10505,0.301014,0.021433,0.021145
ACAAAGCATGACCTAG-1,0.033202,0.147715,0.000014,0.019186,0.007022,0.792832,0.000014,0.000014
ACAAATCGCACCGAAT-1,0.000065,0.000195,0.079776,0.419279,0.00013,0.413155,0.087336,0.000065
ACAAATGGTAGTGTTT-1,0.342513,0.030908,0.192667,0.379016,0.00008,0.00004,0.054735,0.00004
ACAAATTCAGATCTGA-1,0.019358,0.238604,0.031618,0.05223,0.651737,0.006385,0.000034,0.000034
ACAACAGCATGAGCTA-1,0.160876,0.479692,0.030054,0.229671,0.08225,0.000021,0.000021,0.017416
ACAACGGTCCCTGCGA-1,0.005148,0.51773,0.082408,0.007631,0.360189,0.000017,0.000017,0.026859
ACAAGCAGTGCCTAGC-1,0.000037,0.002338,0.010308,0.802655,0.157331,0.027256,0.000037,0.000037
ACAAGGAAATCCGCCC-1,0.00018,0.00054,0.00018,0.357371,0.00036,0.214756,0.426433,0.00018
ACAAGGACAAGAGGTT-1,0.025597,0.35368,0.03558,0.430564,0.119213,0.001121,0.002617,0.031628
ACAAGGATGCTTTAGG-1,0.000063,0.000189,0.07123,0.2945,0.005053,0.601986,0.026917,0.000063
ACAAGGCCTACCAGCC-1,0.000061,0.000183,0.338117,0.000061,0.654496,0.000061,0.000061,0.006959
ACAAGGGCAGGCTCTG-1,0.050786,0.000121,0.34035,0.487074,0.034068,0.087522,0.00004,0.00004
ACAAGTAATTGTAAGG-1,0.001849,0.010732,0.233939,0.000022,0.057188,0.696035,0.000022,0.000213
ACAATAGTCGTACGTT-1,0.110475,0.344676,0.001071,0.28908,0.108084,0.052659,0.042856,0.051098
ACAATCCATTTAAACC-1,0.000032,0.000096,0.037504,0.734641,0.198155,0.012247,0.017293,0.000032
ACAATCGATCTTTATA-1,0.000049,0.000148,0.006535,0.136958,0.856163,0.000049,0.000049,0.000049
ACAATGAATACGGAGA-1,0.000032,0.000096,0.241802,0.055663,0.052756,0.649586,0.000032,0.000032
ACAATGATTCTTCTAC-1,0.013021,0.020652,0.00548,0.400271,0.560462,0.000038,0.000038,0.000038
ACAATTGTGTCTCTTT-1,0.405451,0.011515,0.040888,0.207756,0.08825,0.189849,0.056257,0.000034
ACAATTTAGGAGGCTC-1,0.00294,0.07314,0.024599,0.585664,0.313598,0.00002,0.00002,0.00002
ACAATTTGAGCAGTGG-1,0.151117,0.65849,0.001731,0.066501,0.034057,0.000013,0.013295,0.074795
ACAATTTGGCCATATT-1,0.290236,0.124396,0.000031,0.390249,0.000063,0.000031,0.093381,0.101613
ACACAAAGACGGGTGG-1,0.026904,0.862461,0.020855,0.077052,0.000026,0.008156,0.000013,0.004533
ACACAAATATTCCTAG-1,0.006678,0.84434,0.000009,0.03528,0.094667,0.000009,0.000009,0.019008
ACACACCAGGACCAGT-1,0.352732,0.392598,0.128841,0.057531,0.051314,0.001185,0.011757,0.004041
ACACACTTTCTACACG-1,0.001216,0.66614,0.000033,0.040782,0.291731,0.000033,0.000033,0.000033
ACACATGATCAAATCT-1,0.000032,0.000096,0.008505,0.047272,0.000064,0.849918,0.094081,0.000032
ACACATTGACGCAACA-1,0.03187,0.463187,0.000008,0.000008,0.504902,0.000008,0.000008,0.000008
ACACATTTCCGTAGAC-1,0.334401,0.141156,0.000016,0.000016,0.025208,0.442484,0.054662,0.002055
ACACCACATAATTAGC-1,0.174965,0.364503,0.000011,0.167367,0.212853,0.000405,0.00676,0.073137
ACACCCAGCATGCAGC-1,0.024993,0.39804,0.014057,0.300043,0.158828,0.01672,0.000025,0.087295
ACACCCGAGAAATCCG-1,0.000036,0.003188,0.141089,0.13737,0.692509,0.000036,0.000036,0.025735
ACACCGAGCGCTCTTT-1,0.020606,0.324784,0.013693,0.127441,0.398865,0.039122,0.021342,0.054147
ACACCGGTCTGACCGC-1,0.000021,0.000064,0.070169,0.000021,0.000069,0.73173,0.168621,0.029305
ACACCTTAAGTAGGGC-1,0.086201,0.438089,0.020203,0.139473,0.275324,0.000022,0.019837,0.02085
ACACCTTACTACTTGC-1,0.009299,0.039656,0.041467,0.660083,0.247583,0.001855,0.000029,0.000029
ACACGAGACTCCTTCT-1,0.067025,0.348306,0.150741,0.158643,0.144561,0.000026,0.000026,0.130672
ACACGGCACTATGCAT-1,0.003007,0.340479,0.000024,0.00051,0.655909,0.000024,0.000024,0.000024
ACACGGGAACTTAGGG-1,0.169169,0.576224,0.000011,0.067909,0.030263,0.000011,0.013263,0.143149
ACACGTAGGCCACAAG-1,0.210687,0.019381,0.002032,0.045036,0.025636,0.568757,0.12543,0.003041
ACACTCCAATGTCACT-1,0.000086,0.000257,0.000086,0.531628,0.467686,0.000086,0.000086,0.000086
ACACTGATCAAGGTGT-1,0.000098,0.000294,0.000098,0.17826,0.000196,0.613361,0.207596,0.000098
ACACTGGGACAGTCGT-1,0.000017,0.000051,0.14526,0.000017,0.098397,0.655524,0.000017,0.100717
ACAGAACTGAGAACAA-1,0.000023,0.003006,0.135134,0.107886,0.145697,0.284729,0.323501,0.000023
ACAGATTAGGTTAGTG-1,0.002837,0.424224,0.000022,0.000022,0.525931,0.000022,0.000022,0.046918
ACAGCATAGAGCCAGT-1,0.000073,0.00022,0.000073,0.179242,0.820172,0.000073,0.000073,0.000073
ACAGCGACATTCTCAT-1,0.071164,0.000084,0.000028,0.000028,0.000056,0.305216,0.59954,0.023884
ACAGCGCACCCGCAGC-1,0.071082,0.239621,0.141083,0.038358,0.477041,0.000054,0.000054,0.032706
ACAGGCACGGATCCTT-1,0.005463,0.007684,0.000078,0.000019,0.043865,0.923518,0.002293,0.017079
ACAGGCTTGCCCGACT-1,0.000049,0.000147,0.412122,0.00238,0.093306,0.491898,0.000049,0.000049
ACAGGTGGAGGTGAGG-1,0.00011,0.00033,0.057889,0.220759,0.00022,0.356284,0.364299,0.00011
ACAGTAATACAACTTG-1,0.27088,0.148607,0.114033,0.083456,0.036889,0.178764,0.07302,0.09435
ACAGTATACCGTGGGA-1,0.015537,0.145326,0.072518,0.58264,0.174865,0.000034,0.000034,0.009046
ACATAAGTCGTGGTGA-1,0.000032,0.000096,0.19357,0.000032,0.006441,0.680297,0.1195,0.000032
ACATAATAAGGCGGTG-1,0.000025,0.283733,0.070554,0.313727,0.284514,0.047398,0.000025,0.000025
ACATACAATCAAGCGG-1,0.002419,0.000087,0.000029,0.000029,0.000058,0.781023,0.216326,0.000029
ACATCAGCTGGGACGC-1,0.138105,0.85278,0.000005,0.000005,0.006088,0.000005,0.000005,0.003007
ACATCCCGGCCATACG-1,0.000053,0.000159,0.02463,0.14011,0.034481,0.80046,0.000053,0.000053
ACATCCTGGTAACTGT-1,0.102632,0.13875,0.100628,0.324224,0.134769,0.149682,0.02326,0.026056
ACATCGATCGTTTACC-1,0.173732,0.281972,0.116822,0.255217,0.163529,0.008656,0.000036,0.000036
ACATCGCAATATTCGG-1,0.000074,0.019712,0.034852,0.048188,0.000147,0.50096,0.395992,0.000074
ACATCGGTCAGCCGCG-1,0.050804,0.01988,0.237081,0.508995,0.168494,0.000042,0.014661,0.000042
ACATCGTATGCAATGG-1,0.00092,0.011405,0.548005,0.268911,0.02212,0.148267,0.000328,0.000044
ACATCGTTAACCTAGT-1,0.000057,0.267872,0.078899,0.000057,0.647386,0.000057,0.000057,0.005613
ACATCTCAACGCGTAA-1,0.125684,0.025514,0.000028,0.045719,0.745094,0.010196,0.000028,0.047737
ACATGCTTACGGCAGC-1,0.000018,0.000053,0.068675,0.000018,0.000036,0.702904,0.000657,0.22764
ACATGGCGCCAAAGTA-1,0.08936,0.129483,0.029749,0.4485,0.025214,0.126135,0.025245,0.126315
ACATGGCTCAATTTAG-1,0.000019,0.370409,0.000019,0.000019,0.629476,0.000019,0.000019,0.000019
ACATTAGTTTATATCC-1,0.00754,0.022625,0.107792,0.000029,0.112376,0.749581,0.000029,0.000029
ACATTCGCGCGGAATA-1,0.000034,0.000102,0.013765,0.019578,0.000068,0.592773,0.373646,0.000034
ACATTTGAAACCTAAC-1,0.024629,0.0304,0.000008,0.000008,0.000925,0.943859,0.000008,0.000163
ACCAAACACCCAGCGA-1,0.027196,0.808782,0.038093,0.029698,0.077904,0.00001,0.00001,0.018305
ACCAAACTAGAAATCC-1,0.02467,0.181031,0.007248,0.020248,0.744517,0.00002,0.00002,0.022245
ACCAACACCACACACT-1,0.000605,0.524153,0.077324,0.071142,0.273017,0.000012,0.000012,0.053735
ACCAACCGCACTCCAC-1,0.065677,0.000059,0.00002,0.071705,0.008217,0.664733,0.189571,0.00002
ACCAACGCTTATTTAT-1,0.000075,0.000226,0.106886,0.040436,0.00015,0.743779,0.108373,0.000075
ACCAAGAACGCGTGTC-1,0.001888,0.443642,0.054839,0.006329,0.449253,0.000019,0.000019,0.044011
ACCAAGTCATCGGCAG-1,0.071503,0.018881,0.000012,0.000138,0.024979,0.814863,0.039987,0.029636
ACCAATATGCAAGTTA-1,0.000079,0.000237,0.038458,0.000079,0.000158,0.626834,0.334075,0.000079
ACCACAACTCAGAACA-1,0.064282,0.00023,0.000068,0.27957,0.625406,0.010049,0.000068,0.020327
ACCACAAGTTTCTATC-1,0.037766,0.728627,0.005957,0.187899,0.006434,0.015136,0.018161,0.00002
ACCACACGGTTGATGG-1,0.18548,0.115611,0.00002,0.00002,0.043569,0.655261,0.00002,0.00002
ACCACCAATGTAACAA-1,0.211549,0.287447,0.068897,0.285821,0.110697,0.035558,0.000015,0.000015
ACCACCCTCTCTTCTA-1,0.097955,0.842632,0.000008,0.011599,0.017449,0.000008,0.021545,0.008803
ACCACGTGCAGCTATA-1,0.000128,0.257955,0.176887,0.269167,0.000256,0.144564,0.150915,0.000128
ACCACTGTTCAAGAAG-1,0.013062,0.450649,0.000011,0.002764,0.508474,0.004569,0.000011,0.020461
ACCAGCCCGGTCTTTG-1,0.000036,0.000108,0.010446,0.080863,0.893209,0.000036,0.000036,0.015266
ACCAGGAGTGTGATCT-1,0.025252,0.030178,0.00004,0.107254,0.837156,0.00004,0.00004,0.00004
ACCAGTGCCCGGTCAA-1,0.002728,0.308926,0.033751,0.24131,0.413152,0.000044,0.000044,0.000044
ACCAGTGCGGGAGACG-1,0.159042,0.044289,0.201469,0.217276,0.042096,0.315421,0.020358,0.000049
ACCATATCCGCAATAA-1,0.242367,0.287408,0.024111,0.307928,0.000046,0.000023,0.000023,0.138094
ACCATCCGCCAACTAG-1,0.000016,0.001373,0.501012,0.000016,0.102999,0.195155,0.000016,0.199412
ACCATCGTATATGGTA-1,0.003192,0.039885,0.316304,0.469762,0.000123,0.000061,0.020544,0.150128
ACCATTAAGGGTGTCA-1,0.000021,0.125774,0.006841,0.028769,0.838532,0.000021,0.000021,0.000021
ACCCAACGCCCGTGGC-1,0.01216,0.213271,0.217774,0.278225,0.241316,0.000017,0.000018,0.03722
ACCCACCTACATGCTC-1,0.115059,0.48218,0.009813,0.100966,0.283275,0.006736,0.001609,0.000363
ACCCATCTTGAGGGTA-1,0.102156,0.193136,0.04371,0.481993,0.176997,0.001938,0.000035,0.000035
ACCCATTTGTCCCTCT-1,0.008016,0.000144,0.000048,0.098495,0.002891,0.619565,0.270792,0.000048
ACCCGAGCGAAATTAC-1,0.2646,0.050695,0.156481,0.000021,0.055072,0.436897,0.000021,0.036213
ACCCGATTGGTTCCGA-1,0.000025,0.000075,0.058969,0.000025,0.004827,0.456307,0.469723,0.010049
ACCCGGAAACTCCCAG-1,0.000071,0.000212,0.022899,0.034979,0.000142,0.522185,0.419441,0.000071
ACCCGGAGCACCACAA-1,0.001806,0.000067,0.000022,0.042329,0.005009,0.944747,0.005997,0.000022
ACCCGGATGACGCATC-1,0.10185,0.044956,0.044975,0.52639,0.266333,0.015438,0.000029,0.000029
ACCCGGTTACACTTCC-1,0.375667,0.337893,0.002331,0.156965,0.025463,0.000018,0.018781,0.082882
ACCCGTAGCAGAGAAT-1,0.00003,0.00009,0.23298,0.00003,0.082308,0.637209,0.047319,0.000032
ACCCGTAGTCTAGTTG-1,0.000043,0.000129,0.000043,0.000043,0.000086,0.658429,0.341184,0.000043
ACCCGTGTCATCAGTA-1,0.00004,0.00012,0.119899,0.066307,0.04405,0.769503,0.00004,0.00004
ACCCTATAGGACTGAG-1,0.000039,0.205311,0.059017,0.000039,0.724962,0.000039,0.000039,0.010553
ACCCTATGCCATATCG-1,0.00006,0.00018,0.235226,0.125064,0.0021,0.616395,0.020914,0.00006
ACCCTCCCGTCAGGGC-1,0.00105,0.017982,0.000013,0.000013,0.021288,0.959629,0.000013,0.000013
ACCCTCCCTTGCTATT-1,0.000072,0.000216,0.018459,0.102257,0.000144,0.101134,0.777646,0.000072
ACCCTGGTAACGCCCT-1,0.039189,0.520619,0.055966,0.091746,0.20681,0.07806,0.000015,0.007594
ACCCTTCATCTGCGAA-1,0.002777,0.739522,0.000023,0.000023,0.22762,0.011098,0.000023,0.018915
ACCCTTGCCTGGGTCG-1,0.096032,0.24662,0.001226,0.168129,0.468326,0.019622,0.000023,0.000023
ACCCTTTAGTTCTCCA-1,0.000054,0.000212,0.000054,0.129856,0.598239,0.000054,0.000054,0.271477
ACCGAAAGGGCCCTGC-1,0.008398,0.302418,0.000019,0.015289,0.446262,0.052658,0.000019,0.174936
ACCGAAGAGTCTGGTT-1,0.000042,0.000127,0.000042,0.000042,0.000084,0.491375,0.508245,0.000042
ACCGACACATCTCCCA-1,0.164683,0.110756,0.00009,0.150444,0.151757,0.325509,0.096671,0.00009
ACCGACTGAGTCCCAC-1,0.128876,0.741964,0.000007,0.000007,0.000858,0.000007,0.000007,0.128272
ACCGAGTCTCCTTATT-1,0.000012,0.000036,0.000012,0.000012,0.000024,0.905709,0.070128,0.024068
ACCGATAGGCATAACC-1,0.000044,0.000131,0.000044,0.114092,0.007298,0.665066,0.213281,0.000044
ACCGATATTTAATCAT-1,0.146396,0.123497,0.037932,0.005375,0.087904,0.192013,0.004832,0.402052
ACCGATGGTAGCATCG-1,0.019038,0.147866,0.120449,0.468498,0.100818,0.000027,0.000027,0.143277
ACCGCAATAACTGCCT-1,0.538394,0.015934,0.000026,0.008077,0.047321,0.098746,0.266603,0.024899
ACCGCGGTGGAAGTCG-1,0.092445,0.212735,0.012912,0.145357,0.033352,0.022347,0.020647,0.460206
ACCGCTAGTCATTGGT-1,0.000015,0.007725,0.134628,0.000015,0.029518,0.656534,0.048526,0.123039
ACCGGGCCTTTGTTGA-1,0.281783,0.016168,0.142758,0.343466,0.000082,0.149902,0.065799,0.000041
ACCGGTCAGGTACACC-1,0.000032,0.000096,0.000032,0.000032,0.000064,0.804476,0.195236,0.000032
ACCGGTCTGAGTACGG-1,0.000045,0.004122,0.288727,0.000045,0.497587,0.000045,0.000045,0.209383
ACCGTGACCACGTGGG-1,0.000024,0.000072,0.108001,0.040357,0.005891,0.838808,0.006823,0.000024
ACCGTTCCCGCTCTGA-1,0.025176,0.300593,0.000019,0.006597,0.606007,0.000019,0.017301,0.044286
ACCTAAGTACCTTTCA-1,0.000023,0.000069,0.012118,0.112211,0.057018,0.816506,0.002031,0.000023
ACCTAATCGACTTCCT-1,0.015704,0.214854,0.100216,0.358539,0.246747,0.063863,0.000039,0.000039
ACCTACAGTATGTGGT-1,0.113675,0.361287,0.036533,0.098046,0.171599,0.000014,0.004297,0.214549
ACCTACTATAAATCTA-1,0.000022,0.000066,0.000022,0.000022,0.000044,0.810484,0.128802,0.060537
ACCTCAGCGAGGCGCA-1,0.000031,0.000092,0.029202,0.000031,0.000061,0.951562,0.018992,0.000031
ACCTCCGCCCTCGCTG-1,0.086639,0.037059,0.063685,0.000023,0.093076,0.502402,0.000023,0.217093
ACCTCCGTTATTCACC-1,0.003905,0.286571,0.245912,0.092918,0.287802,0.028866,0.000091,0.053935
ACCTCGAACTTATGCT-1,0.000017,0.000052,0.000017,0.000017,0.000035,0.795175,0.204668,0.000017
ACCTGCGTGTCATGTT-1,0.135908,0.102156,0.305821,0.000018,0.0837,0.155717,0.002293,0.214387
ACCTTTCCTTTAGAAG-1,0.005352,0.235581,0.055974,0.029749,0.624216,0.049063,0.000033,0.000033
ACGAAATGGGCGGCAC-1,0.000534,0.226199,0.215569,0.222625,0.334987,0.000029,0.000029,0.000029
ACGACCCATGAGTTGC-1,0.068591,0.016515,0.016698,0.000016,0.04596,0.815632,0.000016,0.036572
ACGACTCTAGGGCCGA-1,0.010869,0.000056,0.000019,0.026175,0.042098,0.920745,0.000019,0.000019
ACGACTGGTCATACTC-1,0.002835,0.000058,0.033843,0.05758,0.003564,0.730983,0.166891,0.004248
ACGAGAACCCATCACG-1,0.000052,0.000156,0.000052,0.22675,0.758587,0.000052,0.000052,0.014299
ACGAGATATTTGCTTA-1,0.013229,0.059048,0.005376,0.169484,0.690381,0.000075,0.000075,0.062331
ACGAGGATACCACTCT-1,0.000038,0.000115,0.147259,0.169548,0.054052,0.628911,0.000038,0.000038
ACGAGGTTTACAACGT-1,0.000103,0.140949,0.000103,0.000103,0.006432,0.607895,0.244314,0.000103
ACGAGTACGGATGCCC-1,0.02717,0.24597,0.006546,0.37617,0.30445,0.002023,0.000022,0.037649
ACGAGTCGCCGGCGTT-1,0.000022,0.021785,0.055698,0.246411,0.676018,0.000022,0.000022,0.000022
ACGATACATAGAACTA-1,0.039067,0.108672,0.000023,0.373425,0.341983,0.136785,0.000023,0.000023
ACGATCATACATAGAG-1,0.000073,0.177145,0.004384,0.706841,0.000146,0.000073,0.039408,0.071932
ACGATCATCTTGTAAA-1,0.00314,0.090046,0.34252,0.21231,0.272795,0.016974,0.000026,0.062189
ACGATGCATATGTTAT-1,0.10015,0.379324,0.188998,0.165145,0.166316,0.000023,0.000023,0.000023
ACGATGGATCCGATGC-1,0.001153,0.825623,0.000024,0.000024,0.173102,0.000024,0.000024,0.000024
ACGCAAACTAATAGAT-1,0.004637,0.050889,0.042764,0.149555,0.000453,0.319736,0.431892,0.000074
ACGCAATCACTACAGC-1,0.000023,0.282778,0.074909,0.503452,0.120278,0.017532,0.001006,0.000023
ACGCATAAATGACATG-1,0.000085,0.000255,0.023448,0.59286,0.383096,0.000085,0.000085,0.000085
ACGCATACGTTTACTA-1,0.000028,0.000085,0.280333,0.000028,0.022526,0.663209,0.007351,0.026439
ACGCATTCGTGAGTAC-1,0.000041,0.000122,0.248192,0.562192,0.189333,0.000041,0.000041,0.000041
ACGCCACTCGAAACAG-1,0.000019,0.000058,0.135994,0.000019,0.040982,0.796444,0.002975,0.023508
ACGCCAGATGATTTCT-1,0.007989,0.461331,0.0036,0.181329,0.345627,0.000041,0.000041,0.000041
ACGCCAGTGCGTTTGC-1,0.008879,0.000047,0.000016,0.000016,0.000032,0.91358,0.066847,0.010583
ACGCCCAGCTGTCGAT-1,0.046158,0.320343,0.000025,0.035935,0.532495,0.000025,0.000025,0.064995
ACGCCGCTAGACGACC-1,0.000062,0.000187,0.046042,0.509265,0.000125,0.0281,0.249524,0.166696
ACGCGAAGTCAGACGA-1,0.074856,0.000608,0.122393,0.072942,0.016883,0.692559,0.01391,0.005849
ACGCGCTACACAGGGT-1,0.000047,0.000141,0.178934,0.696125,0.055749,0.034072,0.034886,0.000047
ACGCGGGCCAAGGACA-1,0.000608,0.168131,0.239345,0.463988,0.069997,0.000865,0.03652,0.020546
ACGCGTTTCTTAAGAG-1,0.08373,0.280082,0.070535,0.166444,0.150484,0.157447,0.023572,0.067706
ACGCTACTGAATGGGC-1,0.000025,0.003888,0.01742,0.000025,0.141189,0.837401,0.000025,0.000025
ACGCTAGTGATACACT-1,0.015451,0.851789,0.000007,0.002182,0.008817,0.000007,0.000811,0.120936
ACGCTGTGAGGCGTAG-1,0.068246,0.334586,0.210337,0.058614,0.304018,0.000014,0.000014,0.02417
ACGCTTAGTGTCTCTC-1,0.000111,0.183924,0.046988,0.260392,0.432439,0.07584,0.000195,0.000111
ACGGAACACGAGTGCC-1,0.000017,0.000051,0.000017,0.000017,0.01454,0.813522,0.019961,0.151876
ACGGAATTTAGCAAAT-1,0.000059,0.000176,0.000059,0.285498,0.714033,0.000059,0.000059,0.000059
ACGGACGCAGCGACAA-1,0.00002,0.000059,0.00002,0.011835,0.000039,0.770466,0.204314,0.013248
ACGGACTCTCAAAGCG-1,0.000031,0.000092,0.246502,0.000031,0.049761,0.674102,0.000031,0.029452
ACGGAGCGCAAATTAC-1,0.017618,0.4456,0.0498,0.091861,0.377558,0.017528,0.000018,0.000018
ACGGATGGTGCGGATA-1,0.000063,0.000188,0.130828,0.051974,0.000125,0.715323,0.101436,0.000063
ACGGCACTTGCTTGGG-1,0.00003,0.000091,0.31001,0.00003,0.060092,0.587308,0.00003,0.042408
ACGGCCAACATGGACT-1,0.000062,0.000187,0.046753,0.139394,0.000125,0.550276,0.263141,0.000062
ACGGCGACGATGGGAA-1,0.000086,0.000257,0.08218,0.000086,0.000171,0.145701,0.771434,0.000086
ACGGCGGGTTGCCCTG-1,0.095274,0.242784,0.000026,0.000643,0.578312,0.000026,0.002764,0.080172
ACGGCTGGATGTAGAA-1,0.000842,0.000074,0.000025,0.068936,0.006348,0.674925,0.248826,0.000025
ACGGGAGTGTCGGCCC-1,0.00003,0.000089,0.176729,0.166936,0.110149,0.546007,0.00003,0.00003
ACGGGCGTATGCGACA-1,0.000016,0.327742,0.074904,0.281936,0.315353,0.000016,0.000016,0.000016
ACGGGTCATGTGACTT-1,0.000028,0.000085,0.000028,0.226225,0.773548,0.000028,0.000028,0.000028
ACGGGTTGTGACCTGT-1,0.00004,0.000121,0.185761,0.010724,0.035313,0.70742,0.060582,0.00004
ACGGTACAGTTCAATG-1,0.011275,0.002798,0.02106,0.008683,0.074659,0.869364,0.004523,0.007637
ACGGTCACCGAGAACA-1,0.000025,0.066165,0.114164,0.000025,0.039221,0.629459,0.123452,0.027489
ACGTACAGATTTCTCT-1,0.005916,0.58986,0.000046,0.060841,0.328844,0.014402,0.000046,0.000046
ACGTACTTTGGCACGG-1,0.000034,0.000101,0.000034,0.000034,0.000067,0.699851,0.299847,0.000034
ACGTAGATTGCTGATG-1,0.1407,0.567084,0.074146,0.153483,0.013595,0.00002,0.009394,0.041578
ACGTAGGAGAGTCGCT-1,0.192242,0.021794,0.0119,0.000012,0.028364,0.592381,0.051902,0.101404
ACGTATTACTCCGATC-1,0.067034,0.028286,0.09512,0.589204,0.101499,0.042401,0.050187,0.026271
ACGTCCTAAACGAGAT-1,0.044627,0.319806,0.006662,0.011387,0.556825,0.057827,0.000024,0.00284
ACGTCTCGTTCCGGGA-1,0.003695,0.040771,0.235906,0.253954,0.183527,0.216493,0.048166,0.017488
ACGTGCGCCTCGTGCA-1,0.00087,0.375372,0.076334,0.226147,0.303508,0.000035,0.000035,0.017698
ACGTGGTCGAATGTGC-1,0.000088,0.000263,0.49479,0.288053,0.216543,0.000088,0.000088,0.000088
ACGTTAATGTCGAAGA-1,0.084186,0.000136,0.18235,0.690304,0.029994,0.000045,0.012939,0.000045
ACGTTAGATTTGCCCG-1,0.131495,0.314498,0.172523,0.276912,0.104464,0.000036,0.000036,0.000036
ACGTTATTGGTCACTC-1,0.00563,0.205008,0.058349,0.011815,0.719096,0.000034,0.000034,0.000034
ACGTTCACTATGCCGC-1,0.000022,0.000066,0.009779,0.000022,0.000044,0.812812,0.096308,0.080947
ACGTTCCGCGCTCCGT-1,0.000034,0.035387,0.02022,0.035626,0.908631,0.000034,0.000034,0.000034
ACGTTCGCAATCAATT-1,0.125913,0.392145,0.001922,0.280844,0.175627,0.023519,0.000015,0.000015
ACGTTCGTTCAGGAAA-1,0.190339,0.039098,0.119386,0.071244,0.019956,0.450827,0.109121,0.000029
ACGTTCTGTACAAGTC-1,0.000027,0.00008,0.000027,0.045176,0.010738,0.913598,0.030328,0.000027
ACGTTGTCGTTGAAAG-1,0.000047,0.000141,0.037178,0.005437,0.085568,0.799919,0.071663,0.000047
ACGTTTAGTTGTGATC-1,0.000036,0.487638,0.000036,0.011601,0.500583,0.000036,0.000036,0.000036
ACGTTTCGGTGCACTT-1,0.006422,0.185398,0.007294,0.000033,0.010749,0.790039,0.000033,0.000033
ACTAAGGACGCACACC-1,0.019758,0.219681,0.024572,0.210505,0.486154,0.029644,0.000045,0.009641
ACTAATACGTCAGGCG-1,0.044942,0.213382,0.00004,0.059107,0.666108,0.01634,0.00004,0.00004
ACTACAAAGAGAGGTG-1,0.000026,0.000078,0.000026,0.000026,0.000052,0.645847,0.353918,0.000026
ACTACATCCCGACAAG-1,0.248351,0.034649,0.03928,0.000011,0.021993,0.357085,0.162272,0.136358
ACTACCAGCTCTCTGG-1,0.048898,0.423187,0.00003,0.293538,0.104779,0.00003,0.003455,0.126082
ACTACCATCCGAGGGC-1,0.000025,0.000076,0.220645,0.000025,0.023213,0.558077,0.197914,0.000025
ACTACGCGTTAGAATT-1,0.000035,0.000106,0.013078,0.102839,0.059077,0.822405,0.002425,0.000035
ACTAGTTGCGATCGTC-1,0.229243,0.033222,0.170455,0.045092,0.030474,0.206045,0.098541,0.18693
ACTATATGCTGTGTTC-1,0.029397,0.49037,0.227536,0.046564,0.199698,0.00631,0.000063,0.000063
ACTATCCAGGGCATGG-1,0.105557,0.198672,0.062327,0.593762,0.039602,0.000027,0.000027,0.000027
ACTATCTGCCCGCGTA-1,0.000035,0.000105,0.103749,0.246824,0.00007,0.649146,0.000035,0.000035
ACTATGTCCAGCTGCC-1,0.000023,0.000068,0.374913,0.000023,0.000045,0.412209,0.048195,0.164524
ACTATTCGTCCGTGGT-1,0.021591,0.41351,0.007792,0.03764,0.519372,0.000032,0.000032,0.000032
ACTATTTCCGGGCCCA-1,0.082851,0.056464,0.195531,0.009435,0.089359,0.526967,0.03812,0.001274
ACTCAACGAATGTATT-1,0.020042,0.70144,0.000016,0.000016,0.275115,0.000016,0.000016,0.00334
ACTCAAGTGCAAGGCT-1,0.015247,0.021449,0.015329,0.05694,0.057807,0.823528,0.007396,0.002304
ACTCAATAAAGGCACG-1,0.000027,0.045339,0.007966,0.914358,0.032229,0.000027,0.000027,0.000027
ACTCAGACCTGCTTCT-1,0.003764,0.053637,0.092742,0.127563,0.722139,0.000052,0.000052,0.000052
ACTCATGGCAGCCTTC-1,0.000401,0.000066,0.000022,0.000022,0.000044,0.948625,0.050797,0.000022
ACTCCAATATCATCAT-1,0.000031,0.000094,0.017236,0.000031,0.025131,0.71035,0.247094,0.000031
ACTCCCATTCCTAAAG-1,0.504994,0.107864,0.000017,0.011428,0.061588,0.000671,0.148027,0.165411
ACTCCCGAATTCGTTT-1,0.12927,0.374509,0.070365,0.214215,0.211582,0.00002,0.00002,0.00002
ACTCCCGTAGACTAGG-1,0.000023,0.040605,0.075418,0.5317,0.352184,0.000023,0.000023,0.000023
ACTCCCTAATGCTAAA-1,0.000034,0.000101,0.12723,0.000034,0.015129,0.521963,0.261596,0.073913
ACTCCCTAGAATAGTA-1,0.000114,0.121855,0.25453,0.273625,0.000227,0.219915,0.129621,0.000114
ACTCCGGCCGACCACT-1,0.0119,0.001297,0.081622,0.00002,0.062449,0.84267,0.00002,0.00002
ACTCGATGTATTTCAT-1,0.000025,0.108504,0.000052,0.060247,0.822824,0.008297,0.000025,0.000025
ACTCGCCGTTCGATAA-1,0.000018,0.001561,0.138325,0.000018,0.119519,0.62717,0.008899,0.10449
ACTCGCGATCTGACGC-1,0.400083,0.338972,0.011848,0.049395,0.140863,0.050567,0.001991,0.006281
ACTCGTAACCCGTCCT-1,0.000048,0.000145,0.076874,0.309903,0.059466,0.527334,0.026182,0.000048
ACTCGTCAGTAATCCC-1,0.146366,0.066348,0.150611,0.520257,0.087071,0.00003,0.0171,0.012216
ACTCTCTGACTTAGGT-1,0.155811,0.382726,0.090694,0.144303,0.082714,0.000025,0.000025,0.143702
ACTCTCTTATACACGA-1,0.040547,0.807253,0.000028,0.001291,0.098337,0.000028,0.000028,0.052486
ACTCTGACCTAATAGA-1,0.346337,0.042678,0.000015,0.000015,0.002571,0.532391,0.051944,0.02405
ACTCTTCAGCTCCCGC-1,0.053723,0.71827,0.000163,0.123468,0.043726,0.060633,0.000009,0.000009
ACTCTTGTATAGTAAC-1,0.112012,0.292554,0.091656,0.27413,0.029933,0.000024,0.017345,0.182346
ACTGAAACGCCGTTAG-1,0.019477,0.113672,0.078736,0.028731,0.000234,0.327449,0.431584,0.000117
ACTGAATGGCGAAAGT-1,0.000053,0.000159,0.324638,0.366572,0.000106,0.307191,0.001228,0.000053
ACTGATTTAGTGATTC-1,0.00007,0.178678,0.029134,0.107072,0.670737,0.00007,0.00007,0.014168
ACTGCCCGCCATTCTC-1,0.000045,0.000135,0.206074,0.000045,0.00009,0.493136,0.300431,0.000045
ACTGCCGTCGTAACTC-1,0.002667,0.684857,0.006414,0.096733,0.169493,0.00003,0.00003,0.039777
ACTGCGGACACACCGT-1,0.125472,0.422045,0.15369,0.22392,0.012285,0.007007,0.002823,0.052757
ACTGCTCGGAAGGATG-1,0.000065,0.000194,0.080939,0.164727,0.000129,0.525169,0.228713,0.000065
ACTGGCGAACCTGCGT-1,0.070321,0.279218,0.000026,0.216928,0.293509,0.000026,0.000026,0.139946
ACTGGGATGCCAGTGC-1,0.000025,0.000076,0.168096,0.000025,0.030319,0.541316,0.061499,0.198644
ACTGTACGATACACAT-1,0.115158,0.316476,0.001043,0.416256,0.134119,0.016904,0.000022,0.000022
ACTGTAGCACTTTGGA-1,0.000035,0.252758,0.000093,0.406089,0.34092,0.000035,0.000035,0.000035
ACTGTATACGCGAGCA-1,0.000051,0.000152,0.000051,0.119538,0.848184,0.000051,0.000051,0.031923
ACTGTCCAGGATTATA-1,0.176712,0.391466,0.183716,0.157987,0.084357,0.005715,0.000023,0.000023
ACTGTCTTCTTTAGAA-1,0.211639,0.599314,0.049069,0.003272,0.11909,0.000014,0.000014,0.017589
ACTGTGCTAGTAGATC-1,0.00009,0.009577,0.00009,0.319922,0.670052,0.00009,0.00009,0.00009
ACTGTTTAGTGTAGGC-1,0.000063,0.00019,0.001733,0.112553,0.885271,0.000063,0.000063,0.000063
ACTTACCGGGCGCGCA-1,0.021843,0.473721,0.105686,0.000022,0.367264,0.000022,0.000022,0.031421
ACTTACGCATCCACGC-1,0.000048,0.000144,0.024564,0.155092,0.000096,0.755575,0.064434,0.000048
ACTTAGTACGACAAGA-1,0.00181,0.652593,0.004599,0.000019,0.340924,0.000019,0.000019,0.000019
ACTTATACTTACCCGG-1,0.000031,0.000094,0.0611,0.87185,0.066818,0.000043,0.000031,0.000031
ACTTATCTGATCTATA-1,0.000096,0.018336,0.031178,0.240524,0.508646,0.201029,0.000096,0.000096
ACTTATTAGGATCGGT-1,0.119285,0.179551,0.000046,0.434084,0.222841,0.044101,0.000046,0.000046
ACTTATTTATGTGCCA-1,0.388078,0.177028,0.000013,0.001786,0.050601,0.000013,0.016735,0.365747
ACTTCAGGCTGATCCC-1,0.000054,0.000162,0.073089,0.134228,0.000404,0.60543,0.186579,0.000054
ACTTCCATGCGGGACA-1,0.000037,0.000112,0.266347,0.000037,0.151851,0.579739,0.001839,0.000037
ACTTCGCCATACGCAC-1,0.14743,0.65724,0.015448,0.010318,0.109825,0.026576,0.000013,0.03315
ACTTCGCTAGCGAGTG-1,0.248187,0.69264,0.000006,0.003979,0.055171,0.000006,0.000006,0.000006
ACTTGACTCCCTCTTT-1,0.30379,0.089816,0.007849,0.052969,0.027117,0.110283,0.008908,0.399269
ACTTGCCATATTGTAC-1,0.000199,0.511316,0.00002,0.00002,0.430735,0.00002,0.00002,0.057669
ACTTGGGACCCGGTGG-1,0.166734,0.364312,0.008888,0.410585,0.000062,0.002913,0.001094,0.045412
ACTTGGGCTTTCGCCA-1,0.005907,0.000081,0.046729,0.000027,0.092151,0.852321,0.000027,0.002756
ACTTGTAGTCCCTTCA-1,0.224167,0.420326,0.008507,0.096424,0.210178,0.035481,0.004902,0.000014
ACTTGTGGATGGAACG-1,0.00003,0.000091,0.346342,0.00003,0.075103,0.442182,0.007083,0.129139
ACTTGTTACCGGATCA-1,0.230214,0.046145,0.000021,0.000021,0.020981,0.559124,0.028842,0.114651
ACTTTACCCTCATGAA-1,0.241724,0.569112,0.000011,0.023067,0.042999,0.000011,0.056573,0.066502
ACTTTATACACCACTT-1,0.000037,0.00011,0.024114,0.000037,0.158907,0.789825,0.026934,0.000037
ACTTTCCTATAGCTTC-1,0.023173,0.165573,0.033129,0.491151,0.205375,0.000098,0.081404,0.000098
ACTTTGACTGCATCCT-1,0.232605,0.42286,0.113976,0.028358,0.124727,0.000011,0.000321,0.077141
ACTTTGGTCGTGCTCC-1,0.000067,0.000201,0.078236,0.024099,0.000134,0.628642,0.268554,0.000067
ACTTTGTCGACGCACT-1,0.000053,0.000158,0.297615,0.000053,0.027686,0.458155,0.153924,0.062357
AGAAATTATGACTCGC-1,0.095373,0.014676,0.240418,0.053094,0.108019,0.488372,0.000023,0.000023
AGAACACGGCGATGGT-1,0.000023,0.279739,0.171251,0.000023,0.082116,0.466801,0.000023,0.000023
AGAACCCAGCGTGACA-1,0.038309,0.05043,0.083248,0.352739,0.000074,0.013251,0.154738,0.30721
AGAACCCTCAATTGGG-1,0.17378,0.000253,0.000018,0.068353,0.008227,0.370293,0.379057,0.000018
AGAACGTGGTACATTC-1,0.146405,0.446343,0.000017,0.236798,0.109201,0.019314,0.009531,0.032391
AGAACTGTACTTTGTA-1,0.000039,0.000118,0.000039,0.000039,0.000079,0.877644,0.122003,0.000039
AGAAGAGCGCCGTTCC-1,0.203673,0.431446,0.000172,0.219692,0.09261,0.000172,0.000172,0.052064
AGAAGGTACACTTCAC-1,0.000096,0.145213,0.15316,0.142941,0.117688,0.246585,0.136255,0.058063
AGAAGGTTGCCGAATT-1,0.000059,0.000178,0.312074,0.484147,0.113018,0.020716,0.069747,0.000059
AGAAGGTTGTAGGTCG-1,0.000023,0.000068,0.043978,0.000023,0.044133,0.910028,0.001725,0.000023
AGAAGTGATTCGTGAT-1,0.192363,0.178668,0.301393,0.000016,0.043971,0.134021,0.00067,0.148899
AGAATAAATCTTCAGG-1,0.039505,0.022314,0.175217,0.477259,0.234346,0.035629,0.000015,0.015715
AGAATACAGGCTATCC-1,0.263281,0.00757,0.000016,0.000016,0.000084,0.715111,0.009607,0.004317
AGAATGCGGGTTCGGA-1,0.010205,0.330019,0.055699,0.070512,0.53349,0.000025,0.000025,0.000025
AGAATTATGGATTCGA-1,0.046401,0.187158,0.014079,0.626698,0.125594,0.000024,0.000024,0.000024
AGAATTGTTTGACATA-1,0.0012,0.339008,0.012115,0.151892,0.495683,0.000034,0.000034,0.000034
AGACAGCTCAGAATCC-1,0.000972,0.126574,0.000246,0.174122,0.662754,0.035297,0.000018,0.000018
AGACAGGCATCTCAGC-1,0.010273,0.000094,0.451651,0.034107,0.081834,0.420533,0.001476,0.000031
AGACATAGATCCTTCC-1,0.027387,0.613332,0.000019,0.000019,0.333759,0.000019,0.000019,0.025447
AGACCAAACCACACCT-1,0.019208,0.023862,0.026635,0.057409,0.021748,0.259549,0.591555,0.000033
AGACCATGGGATACAA-1,0.012921,0.502669,0.005654,0.093468,0.326818,0.032875,0.00004,0.025555
AGACCCACCGCTGATC-1,0.314734,0.038085,0.035904,0.004361,0.042472,0.227808,0.053325,0.283311
AGACCCGCCCTCCTCG-1,0.01547,0.52753,0.057063,0.357329,0.042558,0.000016,0.000018,0.000016
AGACCGCTCCGCGGTT-1,0.000024,0.000071,0.251657,0.000024,0.000048,0.457501,0.003845,0.28683
AGACCGGGAAACCCTG-1,0.027035,0.115126,0.286267,0.137391,0.316453,0.000019,0.000019,0.117691
AGACGAAGTGCCGGTC-1,0.02827,0.002222,0.559735,0.000031,0.114624,0.167357,0.003966,0.123795
AGACGACGATGCCGCT-1,0.00005,0.000149,0.021137,0.249836,0.000099,0.541911,0.186769,0.00005
AGACGCCCACTTCGCC-1,0.000051,0.000152,0.141583,0.000051,0.034817,0.554529,0.268768,0.000051
AGACGGGATTGGTATA-1,0.000113,0.071624,0.070566,0.463221,0.259324,0.134731,0.000307,0.000113
AGACGGGCCGATTTAA-1,0.019551,0.632029,0.000016,0.000016,0.244688,0.000016,0.000016,0.103667
AGACTAGCCTTCCAGA-1,0.120826,0.503881,0.000021,0.13578,0.18269,0.000021,0.017883,0.038898
AGACTGTTACCGGGTC-1,0.000052,0.000156,0.000052,0.000052,0.000104,0.325341,0.674191,0.000052
AGAGAAACACCAGAAA-1,0.0306,0.030728,0.06939,0.000029,0.000057,0.329436,0.490223,0.049536
AGAGAACCGTCTAGGA-1,0.021395,0.444739,0.108545,0.238472,0.178057,0.000014,0.000014,0.008765
AGAGAAGGAGTACAAT-1,0.000041,0.000124,0.027153,0.120643,0.000082,0.764367,0.087548,0.000041
AGAGATCTCTAAAGCG-1,0.034776,0.283006,0.141928,0.293033,0.042443,0.000026,0.000026,0.204761
AGAGCAGTTATGAGAC-1,0.023001,0.28421,0.01501,0.27903,0.398684,0.000022,0.000022,0.000022
AGAGCCGCCGAGATTT-1,0.097703,0.125119,0.148302,0.037933,0.026527,0.557062,0.007313,0.000043
AGAGCGCTTGTAACGG-1,0.067884,0.843673,0.000007,0.022036,0.033763,0.000007,0.000007,0.032624
AGAGCGGGCTAATCAT-1,0.000048,0.00176,0.005093,0.480893,0.512063,0.000048,0.000048,0.000048
AGAGCGTACAAGCTCG-1,0.01356,0.878064,0.002202,0.00001,0.031643,0.00001,0.00001,0.074501
AGAGCTACGAAAGCAT-1,0.000045,0.000136,0.000045,0.128535,0.871103,0.000045,0.000045,0.000045
AGAGGCTTCGGAAACC-1,0.150416,0.038107,0.16343,0.095524,0.062574,0.18101,0.144899,0.164041
AGAGGGACAATTGTCC-1,0.006267,0.013895,0.002216,0.34188,0.582452,0.000026,0.01422,0.039044
AGAGGTATCTCGGTCC-1,0.004552,0.09282,0.000034,0.02598,0.820123,0.056424,0.000034,0.000034
AGAGTAAACTTCACTA-1,0.000057,0.000172,0.151606,0.409935,0.030971,0.127169,0.280033,0.000057
AGAGTATAGTGTTACG-1,0.096493,0.317354,0.011279,0.260033,0.278133,0.036399,0.000289,0.000019
AGAGTCTTAATGAAAG-1,0.000043,0.00013,0.000043,0.126133,0.020756,0.852808,0.000043,0.000043
AGAGTTAGAGACCGAT-1,0.041127,0.066623,0.000035,0.073874,0.803683,0.000035,0.000035,0.014587
AGAGTTGCAGGCCTCC-1,0.000026,0.10242,0.026658,0.258133,0.33658,0.000026,0.014266,0.261892
AGATAACTTCAGGGCC-1,0.040939,0.626131,0.207733,0.065738,0.006567,0.036018,0.001522,0.015353
AGATAATCACACCTAT-1,0.278505,0.041746,0.032781,0.000021,0.045809,0.431734,0.158269,0.011134
AGATACCAATAGAACC-1,0.000025,0.000074,0.064,0.000025,0.000049,0.70756,0.098818,0.129448
AGATACCAGCACTTCA-1,0.016432,0.350228,0.006761,0.26346,0.359102,0.000024,0.003672,0.000319
AGATACCGGTGTTCAC-1,0.107507,0.119249,0.108163,0.514924,0.146645,0.000033,0.000262,0.003218
AGATACGACTTCATAT-1,0.071755,0.316572,0.000034,0.153135,0.391211,0.000119,0.000034,0.06714
AGATACTCAAGATCGA-1,0.346231,0.033924,0.229777,0.031526,0.050694,0.209289,0.007621,0.090939
AGATATAATACGACTA-1,0.000028,0.000084,0.143283,0.000028,0.000056,0.683952,0.013554,0.159015
AGATCGTGCATAAGAT-1,0.067849,0.433616,0.000013,0.213716,0.261606,0.022895,0.000292,0.000013
AGATCTCAGGTGTGAT-1,0.090954,0.371287,0.000027,0.473263,0.047157,0.000027,0.017258,0.000027
AGATCTGGAGAGGATA-1,0.061019,0.000079,0.055093,0.016198,0.07237,0.763185,0.032029,0.000026
AGATGACTCGCCCACG-1,0.076152,0.581784,0.032976,0.009774,0.276314,0.022955,0.000022,0.000022
AGATGAGGGTTGCGAT-1,0.117221,0.745603,0.000018,0.055038,0.073546,0.000018,0.000018,0.00854
AGATGATGGAGTCTGG-1,0.043048,0.195338,0.23396,0.415362,0.089693,0.000026,0.000026,0.022547
AGATGCAAGACGTGCA-1,0.000027,0.000082,0.215574,0.000027,0.003331,0.627547,0.073425,0.079987
AGATGCATCCTGTGTC-1,0.00003,0.001241,0.143511,0.17119,0.101684,0.453326,0.128989,0.00003
AGATGCTATAACGAGC-1,0.002219,0.453707,0.003884,0.003966,0.536173,0.000017,0.000017,0.000017
AGATTATAGGACGTTT-1,0.149029,0.144077,0.205634,0.252826,0.235583,0.000034,0.000034,0.012783
AGATTCAAGCGGGTCG-1,0.00006,0.000181,0.510091,0.00006,0.259358,0.00006,0.00006,0.23013
AGATTCACAACCGATA-1,0.000072,0.000217,0.000072,0.000072,0.000145,0.688791,0.310558,0.000072
AGCAAAGGCCGCTAGT-1,0.000032,0.000095,0.173766,0.000032,0.000063,0.585096,0.17414,0.066777
AGCAACATATCTTATT-1,0.061479,0.086441,0.001128,0.293968,0.000065,0.000033,0.078032,0.478854
AGCAACCGAAAGTAAT-1,0.00005,0.000151,0.00005,0.17755,0.000101,0.813007,0.00904,0.00005
AGCACACGTTTAGACT-1,0.000033,0.000099,0.035208,0.025146,0.052432,0.634012,0.252501,0.000569
AGCACCAGTACTCACG-1,0.156724,0.532925,0.00002,0.177643,0.122851,0.00002,0.009799,0.00002
AGCACTACCGGCCTGT-1,0.009741,0.601364,0.135869,0.045585,0.174519,0.020629,0.000019,0.012274
AGCACTACCTCACCAG-1,0.561265,0.016337,0.033213,0.024715,0.112463,0.154154,0.097824,0.00003
AGCACTTAAGGACGCC-1,0.04275,0.223546,0.000023,0.395638,0.102964,0.000023,0.011642,0.223415
AGCAGAAGGAGAAAGA-1,0.000027,0.000082,0.01369,0.070032,0.058371,0.849957,0.007813,0.000027
AGCAGCCAGATGAATA-1,0.06251,0.013823,0.039557,0.150717,0.082755,0.430643,0.219953,0.000042
AGCAGTCGAAGCATGC-1,0.000021,0.000064,0.000021,0.000021,0.000043,0.983591,0.016216,0.000021
AGCATATCAATATGCT-1,0.16187,0.011431,0.173187,0.116029,0.010396,0.526994,0.000047,0.000047
AGCATCATTTCGAAAG-1,0.072119,0.20132,0.090618,0.078638,0.273399,0.249837,0.033918,0.00015
AGCATCGTCGATAATT-1,0.000024,0.366684,0.030235,0.212026,0.390959,0.000024,0.000024,0.000024
AGCATTACGAGGCAAG-1,0.074459,0.046749,0.000025,0.000025,0.035131,0.747165,0.096421,0.000025
AGCCAAGCTTTGTGTC-1,0.000027,0.000082,0.223538,0.000027,0.015603,0.596897,0.025816,0.138009
AGCCACAGGTTACCCG-1,0.00004,0.00012,0.00004,0.073288,0.00008,0.708487,0.217905,0.00004
AGCCACTCCCGTGCTT-1,0.020894,0.612855,0.022547,0.041143,0.195767,0.006048,0.021329,0.079417
AGCCATATAGTATGTG-1,0.024801,0.000065,0.000022,0.005533,0.003119,0.698414,0.232825,0.035223
AGCCCATACATGTAAG-1,0.453944,0.282723,0.026901,0.101578,0.088863,0.00002,0.004183,0.041788
AGCCCGCAACAAGCAG-1,0.000018,0.000055,0.000018,0.000018,0.000037,0.711438,0.288395,0.000018
AGCCCGCACTACAATG-1,0.014001,0.009125,0.000014,0.000014,0.003389,0.973067,0.000014,0.000376
AGCCCGGCATTAGAGG-1,0.000045,0.000136,0.012188,0.061343,0.034196,0.884419,0.007627,0.000045
AGCCCGGTAGCCTGTA-1,0.000038,0.000114,0.112055,0.000038,0.021542,0.724103,0.054784,0.087326
AGCCCTAAGCGAAGTT-1,0.00105,0.337721,0.024256,0.057698,0.579197,0.000026,0.000026,0.000026
AGCCCTCCCTGGTGGC-1,0.000043,0.00013,0.004253,0.000043,0.000087,0.690297,0.305105,0.000043
AGCCCTGTCGCACCGT-1,0.264634,0.211996,0.016036,0.295776,0.097304,0.000017,0.032572,0.081665
AGCCCTTCTAATCCGA-1,0.047062,0.917245,0.00101,0.003809,0.030395,0.000009,0.000009,0.00046
AGCCCTTGGACATCCC-1,0.136142,0.012633,0.084254,0.000018,0.001077,0.516918,0.011959,0.236998
AGCCGTGGCTAAATGT-1,0.000037,0.000111,0.025151,0.251795,0.000074,0.720822,0.001974,0.000037
AGCCTAATACCCACGT-1,0.000051,0.000152,0.000486,0.14481,0.000102,0.765385,0.088964,0.000051
AGCCTTAAAGCGGAAG-1,0.00003,0.008931,0.00003,0.40658,0.575748,0.008622,0.00003,0.00003
AGCGACAGGAACGGTC-1,0.08256,0.04621,0.234492,0.222914,0.000227,0.223449,0.190034,0.000113
AGCGACATCCCATTCA-1,0.025528,0.706207,0.000016,0.044907,0.20809,0.001011,0.000016,0.014225
AGCGACCAACGATATT-1,0.013791,0.826652,0.000007,0.002509,0.009802,0.000007,0.000007,0.147226
AGCGACTTTGAAGACA-1,0.044686,0.079418,0.000019,0.000019,0.037754,0.809847,0.010276,0.017981
AGCGAGACGTGAAGGC-1,0.103441,0.01149,0.0639,0.00002,0.00263,0.320437,0.414479,0.083603
AGCGATGCGCCTAATA-1,0.000051,0.000154,0.000051,0.061606,0.000103,0.767775,0.170208,0.000051
AGCGCATAATGAATCG-1,0.000029,0.000087,0.301149,0.000029,0.048847,0.626157,0.023673,0.000029
AGCGCGGGTGCCAATG-1,0.000028,0.176083,0.057448,0.58074,0.178837,0.006808,0.000028,0.000028
AGCGCTAGAGCGATGT-1,0.221597,0.600624,0.009978,0.100538,0.035871,0.000012,0.015151,0.016229
AGCGCTTATGGGCAAG-1,0.024885,0.247589,0.025342,0.025105,0.643011,0.000038,0.000038,0.033993
AGCGGACACTTCGTAG-1,0.000058,0.000175,0.109367,0.089148,0.096577,0.70296,0.001657,0.000058
AGCGGCGGTTAGCGGT-1,0.00004,0.00012,0.132319,0.142178,0.003155,0.667606,0.054541,0.00004
AGCGGGAAGGGTCCAT-1,0.00054,0.5199,0.000028,0.006107,0.47334,0.000028,0.000028,0.000028
AGCGGGTCTGACACTC-1,0.000023,0.00007,0.090281,0.000023,0.03556,0.852387,0.000023,0.021631
AGCGGTTGAGATGTAC-1,0.034131,0.389061,0.053857,0.044242,0.412419,0.058551,0.000027,0.007712
AGCGGTTGCCGCTCTG-1,0.010313,0.400632,0.068898,0.159946,0.325082,0.035088,0.00002,0.00002
AGCGTACGAGAGCTAG-1,0.000029,0.149458,0.002738,0.000029,0.84766,0.000029,0.000029,0.000029
AGCGTAGCGCTAGACC-1,0.013738,0.003732,0.038112,0.043849,0.900356,0.000071,0.000071,0.000071
AGCGTCTGAACCCGCA-1,0.002185,0.551496,0.000016,0.000016,0.446238,0.000016,0.000016,0.000016
AGCGTGGTATTCTACT-1,0.000098,0.000293,0.201144,0.370167,0.000196,0.260382,0.167624,0.000098
AGCGTTCCGATTTAAA-1,0.000043,0.000128,0.291512,0.078516,0.629674,0.000043,0.000043,0.000043
AGCTAACAAGCAATGT-1,0.000034,0.000101,0.092567,0.028021,0.000067,0.572328,0.30685,0.000034
AGCTAAGCTCCGTCCG-1,0.000024,0.000073,0.173305,0.000024,0.05938,0.731473,0.000759,0.03496
AGCTAAGTACGCAGGC-1,0.000036,0.000108,0.000552,0.191153,0.020043,0.788035,0.000036,0.000036
AGCTACGAATGGTGGT-1,0.000051,0.000154,0.006119,0.155397,0.000103,0.837982,0.000141,0.000051
AGCTAGAAGCAGAAGT-1,0.013754,0.748298,0.03746,0.021031,0.179429,0.000009,0.000009,0.000009
AGCTATTTAATCCAAC-1,0.005471,0.669614,0.000019,0.06298,0.261858,0.000019,0.000019,0.000019
AGCTCCATATATGTTC-1,0.010987,0.024433,0.156881,0.000025,0.027565,0.495757,0.080582,0.20377
AGCTCCTTCGCACATC-1,0.171272,0.000118,0.01046,0.169817,0.051702,0.596552,0.000039,0.000039
AGCTCGTTGATGGAAA-1,0.026005,0.449079,0.012896,0.068445,0.426389,0.005825,0.000016,0.011344
AGCTCTAGACGTTCCA-1,0.161051,0.121654,0.18306,0.534007,0.000091,0.000046,0.000046,0.000046
AGCTCTTCCCAGTGCA-1,0.019797,0.749236,0.000013,0.024189,0.169503,0.000013,0.008187,0.029062
AGCTCTTCGTAACCTT-1,0.106716,0.018906,0.003596,0.628281,0.031432,0.055083,0.027048,0.128938
AGCTCTTTACTCAGTT-1,0.053085,0.044839,0.186167,0.646318,0.000114,0.027651,0.041768,0.000057
AGCTGAAGTAAACCAA-1,0.028247,0.794074,0.000008,0.008611,0.010321,0.000008,0.000008,0.158722
AGCTGTAACCTCAATC-1,0.000038,0.000113,0.16223,0.051212,0.069376,0.709823,0.000038,0.00717
AGCTTATAGAGACCTG-1,0.005417,0.20178,0.018048,0.100919,0.6656,0.008169,0.000033,0.000033
AGCTTCAATACTTTGA-1,0.019061,0.264744,0.004246,0.059271,0.577012,0.047479,0.014534,0.013652
AGCTTCTTCTCGAGCA-1,0.000016,0.000047,0.168832,0.000016,0.056103,0.762391,0.000016,0.012579
AGCTTGATCAGGGTAG-1,0.000027,0.000081,0.115596,0.000027,0.001862,0.698773,0.169413,0.014222
AGCTTGATCTTAACTT-1,0.223118,0.502895,0.065922,0.132422,0.011397,0.000019,0.048184,0.016042
AGGAAAGCCTCTGATG-1,0.054934,0.21382,0.000014,0.000014,0.731175,0.000014,0.000014,0.000014
AGGAACGAACGACTTC-1,0.000097,0.128019,0.045919,0.09623,0.067693,0.115702,0.524095,0.022246
AGGAAGCTGTCCGCCG-1,0.000071,0.000212,0.000071,0.063051,0.000141,0.35638,0.580003,0.000071
AGGACAGTCGAATCCC-1,0.191876,0.224462,0.038389,0.451864,0.09273,0.000029,0.00062,0.000029
AGGACATCGCACGTCG-1,0.000036,0.297057,0.000036,0.050021,0.652743,0.000036,0.000036,0.000036
AGGACATCGGCACACT-1,0.002831,0.000099,0.000033,0.000033,0.000066,0.991067,0.001643,0.00423
AGGACGACCCATTAGA-1,0.000057,0.000171,0.14619,0.709281,0.022871,0.121317,0.000057,0.000057
AGGACGCTCGATGTTG-1,0.035987,0.697232,0.024841,0.035494,0.202276,0.000016,0.000016,0.004139
AGGAGACATCCACAGT-1,0.020643,0.610572,0.054349,0.097269,0.19989,0.000011,0.000011,0.017256
AGGAGAGTCTGGCTAC-1,0.029339,0.690836,0.000008,0.135895,0.036568,0.000008,0.003339,0.104008
AGGAGCGTTTATTATC-1,0.000026,0.000078,0.021776,0.000026,0.000052,0.84965,0.000026,0.128366
AGGAGGCCTTCGCGCG-1,0.114772,0.083408,0.00002,0.024344,0.046931,0.322438,0.06458,0.343506
AGGATAAAGTCGGGAT-1,0.165008,0.096546,0.029805,0.067416,0.009814,0.470568,0.152581,0.008262
AGGATATAGGGATTTA-1,0.481154,0.230661,0.053473,0.145379,0.001804,0.000026,0.066282,0.021222
AGGATATCCGACTGCA-1,0.000014,0.014773,0.000014,0.000014,0.002935,0.89081,0.019947,0.071493
AGGATCACGCGATCTG-1,0.293836,0.013132,0.093224,0.000022,0.087523,0.352757,0.017855,0.141651
AGGATTGCTTACGACA-1,0.10353,0.383704,0.004122,0.095482,0.264772,0.144069,0.000013,0.004308
AGGCAAAGAGGAATCA-1,0.00004,0.000119,0.190302,0.00004,0.809381,0.00004,0.00004,0.00004
AGGCACGTGACTGTCC-1,0.417473,0.054403,0.002643,0.014854,0.004542,0.331305,0.09721,0.07757
AGGCAGATGCGTAAAC-1,0.056505,0.601965,0.035339,0.017385,0.226047,0.009224,0.00377,0.049764
AGGCAGGGAGCGTACT-1,0.000066,0.000199,0.257636,0.000435,0.010471,0.639077,0.092051,0.000066
AGGCATTGTCGTAGGG-1,0.184325,0.009243,0.200237,0.196033,0.007319,0.134747,0.183972,0.084123
AGGCCACATTGGTTAC-1,0.194017,0.050291,0.143125,0.413862,0.082339,0.000023,0.038827,0.077517
AGGCCACCCGTTATGA-1,0.033631,0.643989,0.001548,0.128524,0.192254,0.000018,0.000018,0.000018
AGGCCCAGTGACTGGT-1,0.005587,0.528937,0.001231,0.000018,0.464172,0.000018,0.000018,0.000018
AGGCCCATTGTACAGG-1,0.001572,0.635043,0.000022,0.049882,0.313413,0.000022,0.000022,0.000022
AGGCCCTAGAACGCCA-1,0.114807,0.262955,0.333834,0.000015,0.126415,0.016671,0.067925,0.077377
AGGCCTATCATACCAA-1,0.000027,0.00008,0.001865,0.000027,0.000054,0.933015,0.064906,0.000027
AGGCCTGAGAATCTCG-1,0.0084,0.006222,0.00003,0.098462,0.021401,0.865424,0.00003,0.00003
AGGCGATAACTGGCGT-1,0.002755,0.000067,0.003567,0.000022,0.000044,0.668411,0.104271,0.220863
AGGCGGTTTGTCCCGC-1,0.000029,0.000088,0.000029,0.000029,0.000058,0.909753,0.081396,0.008617
AGGCGTCTATGGACGG-1,0.03152,0.531681,0.040866,0.007027,0.388861,0.000015,0.000015,0.000015
AGGCTATGGTTAGCTT-1,0.012908,0.428524,0.000027,0.339402,0.191804,0.027282,0.000027,0.000027
AGGCTTAAGTTGCACA-1,0.000032,0.000095,0.000032,0.000032,0.000064,0.999682,0.000032,0.000032
AGGCTTCCCGAAGAAG-1,0.415366,0.052635,0.000025,0.060952,0.014601,0.455388,0.001008,0.000025
AGGCTTGCTAGACACC-1,0.018221,0.466603,0.004382,0.005544,0.3953,0.048554,0.000015,0.061382
AGGGAAACGAGGTACT-1,0.069087,0.572409,0.000021,0.050777,0.200401,0.000021,0.000021,0.107263
AGGGACAGCACGGCGG-1,0.137896,0.319599,0.008646,0.000028,0.491968,0.000028,0.000028,0.041809
AGGGACCGGCTGCGTT-1,0.274623,0.533812,0.00001,0.08671,0.051428,0.008846,0.019329,0.025242
AGGGACTCTACGCGAC-1,0.130108,0.083277,0.023705,0.073227,0.02807,0.558292,0.103292,0.000029
AGGGAGACATACTTCG-1,0.203393,0.324947,0.145076,0.173822,0.000064,0.032709,0.053926,0.066062
AGGGCAGCGGCGTGGT-1,0.000037,0.127222,0.000037,0.139521,0.56124,0.000037,0.000037,0.171869
AGGGCCCTAATGTTCT-1,0.155075,0.232087,0.081243,0.082873,0.000142,0.135575,0.289407,0.023599
AGGGCGAGCAGCTGAT-1,0.000098,0.000295,0.320449,0.183554,0.000197,0.06242,0.420025,0.012963
AGGGCGTGATCGGCTA-1,0.016699,0.324876,0.000038,0.343581,0.314693,0.000038,0.000038,0.000038
AGGGCTGCAGTTACAG-1,0.000032,0.040945,0.398352,0.351364,0.178651,0.000252,0.002483,0.02792
AGGGTCAGAGCACTCG-1,0.003944,0.000062,0.165344,0.000021,0.010726,0.605267,0.140265,0.074371
AGGGTCAGTAACCCTA-1,0.065871,0.677693,0.037431,0.013964,0.198831,0.000015,0.000015,0.006181
AGGGTCGATGCGAACT-1,0.041238,0.163094,0.198127,0.192189,0.359869,0.041063,0.000022,0.004398
AGGGTCTGGACGCAGT-1,0.000026,0.000078,0.000026,0.000026,0.000052,0.842141,0.143516,0.014136
AGGGTGCCGTTCTTTA-1,0.000027,0.000082,0.166227,0.000027,0.012094,0.568126,0.253389,0.000027
AGGGTGCTCTCGAGGG-1,0.170731,0.520907,0.002128,0.186818,0.037795,0.075391,0.001896,0.004334
AGGGTGGATAGTGCAT-1,0.041454,0.270324,0.051827,0.032631,0.598035,0.005703,0.000013,0.000013
AGGGTGTGCTACACGC-1,0.000054,0.000162,0.45196,0.253119,0.294544,0.000054,0.000054,0.000054
AGGGTTCAGACGGTCC-1,0.000062,0.000187,0.000062,0.000062,0.000125,0.296906,0.702532,0.000062
AGGGTTCCCTTTGGTT-1,0.122241,0.522131,0.000016,0.145797,0.18263,0.000016,0.018017,0.009152
AGGGTTTAGTTCGGGA-1,0.095442,0.197828,0.105886,0.503398,0.073631,0.009143,0.014629,0.000043
AGGTAACCTCCTATTC-1,0.000042,0.058937,0.055467,0.109094,0.776333,0.000042,0.000042,0.000042
AGGTACGATATTGCCA-1,0.00198,0.733952,0.000025,0.000025,0.263944,0.000025,0.000025,0.000025
AGGTAGATCGAGATAT-1,0.00003,0.000091,0.008107,0.109767,0.009244,0.849339,0.023392,0.00003
AGGTAGGTACAAAGCT-1,0.048377,0.085253,0.33784,0.165376,0.322814,0.000027,0.000027,0.040285
AGGTATAATTGATAGT-1,0.121801,0.586925,0.061282,0.116742,0.001493,0.000019,0.051967,0.05977
AGGTATGCGGACATTA-1,0.121716,0.209554,0.128738,0.292575,0.229649,0.014934,0.002811,0.000023
AGGTCAGGTGAGAGTG-1,0.000027,0.000081,0.439966,0.000685,0.051895,0.470152,0.002452,0.034742
AGGTCGCCACTTCGGT-1,0.000055,0.000164,0.000055,0.146219,0.853343,0.000055,0.000055,0.000055
AGGTCGCCTCCCAACA-1,0.000024,0.000072,0.000024,0.000024,0.000048,0.860372,0.081158,0.058278
AGGTCGCGGAGTTACT-1,0.17658,0.511542,0.000933,0.203768,0.00733,0.000014,0.012408,0.087425
AGGTGCACGTCCACAT-1,0.021798,0.014994,0.000014,0.001041,0.100576,0.861549,0.000014,0.000014
AGGTGGTGACCTTCGC-1,0.000027,0.031942,0.217558,0.000027,0.073862,0.664041,0.000027,0.012517
AGGTGTATCGCCATGA-1,0.204501,0.278074,0.033162,0.257105,0.171411,0.000029,0.000029,0.05569
AGGTGTTGCCGACCAC-1,0.000095,0.000286,0.000095,0.000095,0.000191,0.337518,0.661625,0.000095
AGGTTACACCATGCCG-1,0.068143,0.130467,0.400983,0.152437,0.032124,0.000021,0.018362,0.197463
AGGTTCTCCTTTCCGG-1,0.000025,0.000075,0.000025,0.000025,0.00005,0.197786,0.778415,0.023598
AGGTTGAGGCACGCTT-1,0.011421,0.470408,0.156504,0.000015,0.264757,0.019381,0.000015,0.077497
AGGTTTCACACACCTT-1,0.160342,0.089557,0.334041,0.195785,0.066217,0.017116,0.000043,0.136899
AGTAACGTTCATCCTG-1,0.000057,0.024968,0.000057,0.026371,0.923907,0.000057,0.000057,0.024524
AGTAACTATAGCAGCC-1,0.022445,0.013566,0.000013,0.000013,0.025781,0.926544,0.000123,0.011515
AGTAAGGGACAGAATC-1,0.320157,0.064669,0.000013,0.000013,0.00207,0.613051,0.000013,0.000013
AGTAATCTAAGGGTGG-1,0.03144,0.00747,0.032089,0.000016,0.030955,0.893598,0.000016,0.004418
AGTAATGTCTTGCCGC-1,0.009366,0.86585,0.000013,0.000013,0.107201,0.000013,0.000013,0.01753
AGTAATTTGCAAGCGT-1,0.000265,0.00006,0.212235,0.00002,0.035216,0.431542,0.176659,0.144004
AGTACAGAAGCTTATA-1,0.091467,0.012102,0.003234,0.057744,0.04929,0.68049,0.105653,0.000021
AGTACATCATTTATCA-1,0.074277,0.50037,0.000016,0.215522,0.191273,0.000016,0.018508,0.000016
AGTACCTTCGAGTGCT-1,0.010999,0.504355,0.0153,0.05045,0.418814,0.000027,0.000027,0.000027
AGTACGGCCCGTATCG-1,0.016657,0.395802,0.180061,0.075894,0.331553,0.000011,0.000011,0.000011
AGTACGGGCACCTGGC-1,0.008995,0.154676,0.034208,0.591863,0.210184,0.000025,0.000025,0.000025
AGTACGTGGCCTGTCT-1,0.063326,0.346286,0.000036,0.018345,0.5719,0.000036,0.000036,0.000036
AGTACTCTTATGCCCA-1,0.003322,0.000279,0.000093,0.126307,0.015105,0.641958,0.212843,0.000093
AGTAGAAGGCGCCTCA-1,0.00003,0.000091,0.129562,0.034308,0.000199,0.749145,0.086634,0.00003
AGTAGCGTGAACGAAC-1,0.000042,0.000126,0.11839,0.005776,0.846959,0.000042,0.000042,0.028622
AGTAGCTAGACGCCGA-1,0.124338,0.046226,0.170992,0.004401,0.653846,0.000066,0.000066,0.000066
AGTAGGAAGGAAGTTG-1,0.000024,0.345342,0.023594,0.174823,0.456143,0.000024,0.000024,0.000024
AGTAGGTAACATACAT-1,0.012221,0.579182,0.012589,0.004118,0.3522,0.000019,0.000019,0.039652
AGTATAATACTAGGCA-1,0.073561,0.514251,0.000173,0.241699,0.087896,0.030735,0.007193,0.044492
AGTATACACAGCGACA-1,0.000043,0.000128,0.000043,0.000043,0.000085,0.497421,0.502196,0.000043
AGTATCCATAATAACG-1,0.000052,0.26936,0.000052,0.000649,0.567822,0.000052,0.16196,0.000052
AGTATGCTGGAGACCA-1,0.082639,0.029121,0.10335,0.087783,0.020358,0.568842,0.107869,0.000038
AGTATTTGGCACGACC-1,0.000047,0.00014,0.117318,0.014564,0.092155,0.775684,0.000047,0.000047
AGTCAAATGATGTGAT-1,0.000035,0.000104,0.008814,0.000035,0.00072,0.664966,0.325291,0.000035
AGTCAACACCACCATC-1,0.236921,0.372262,0.121858,0.211148,0.021344,0.000027,0.009706,0.026735
AGTCAAGATGACACTT-1,0.009562,0.000158,0.209105,0.272819,0.153106,0.323438,0.03176,0.000053
AGTCACTAGCTCTCGA-1,0.000057,0.000171,0.000057,0.228954,0.071452,0.699195,0.000057,0.000057
AGTCACTCCGCCTCAT-1,0.091375,0.195527,0.005083,0.003882,0.633657,0.000035,0.000035,0.070407
AGTCAGCCACCGCCTG-1,0.000074,0.04827,0.010422,0.446591,0.44017,0.028361,0.026037,0.000074
AGTCCAGCGGGTACGT-1,0.004096,0.000139,0.018967,0.113587,0.863073,0.000046,0.000046,0.000046
AGTCCATTGGCTGATG-1,0.155389,0.373393,0.174295,0.145798,0.105273,0.012601,0.032807,0.000444
AGTCCCGCCTTTAATT-1,0.085803,0.716821,0.00013,0.04512,0.105118,0.022995,0.001324,0.02269
AGTCCCTCGCAGAAAG-1,0.021332,0.420931,0.01897,0.139107,0.259171,0.131521,0.00001,0.008957
AGTCGAATTAGCGTAA-1,0.094393,0.152806,0.045187,0.160098,0.009556,0.419474,0.08234,0.036145
AGTCGACGGTCTCAAG-1,0.0061,0.050165,0.000026,0.559146,0.000053,0.000026,0.017608,0.366875
AGTCGGCCCAAACGAC-1,0.017514,0.574285,0.096803,0.138766,0.172582,0.000017,0.000017,0.000017
AGTCGGCTCAACTTTA-1,0.431969,0.018204,0.219675,0.146633,0.059541,0.02568,0.095349,0.002949
AGTCGGTTGCGTGAGA-1,0.272461,0.275204,0.000015,0.255806,0.013256,0.000015,0.020895,0.162347
AGTCGTATAAAGCAGA-1,0.002266,0.008693,0.000412,0.000024,0.000049,0.687821,0.174285,0.126451
AGTCGTCGACCACCAA-1,0.080288,0.265707,0.08591,0.076186,0.232344,0.211253,0.044868,0.003444
AGTCGTGGGCATTACG-1,0.000036,0.000109,0.234075,0.000036,0.209248,0.556423,0.000036,0.000036
AGTCTAAAGTATACTC-1,0.174569,0.618499,0.000009,0.066908,0.139989,0.000009,0.000009,0.000009
AGTCTCACAAGACTAC-1,0.015667,0.044129,0.21832,0.000024,0.117208,0.470083,0.064993,0.069575
AGTCTGGACATCCTTG-1,0.000051,0.014556,0.000051,0.276883,0.674121,0.000051,0.034237,0.000051
AGTCTTCTCCTCAAAT-1,0.003374,0.308864,0.000025,0.426523,0.218328,0.000025,0.042836,0.000025
AGTCTTTAAAGTGTCC-1,0.00002,0.00006,0.006968,0.00002,0.067933,0.865232,0.00002,0.059747
AGTGAACAAACTTCTC-1,0.029032,0.01474,0.087596,0.304381,0.000056,0.000028,0.107471,0.456697
AGTGAAGATGGTGTCC-1,0.027985,0.595717,0.011918,0.290782,0.067826,0.000016,0.000016,0.00574
AGTGACCTACTTTACG-1,0.002133,0.000179,0.184886,0.580459,0.004582,0.078675,0.135337,0.013748
AGTGACTGTGACACAA-1,0.000025,0.000074,0.000025,0.051835,0.011541,0.934985,0.001493,0.000025
AGTGAGACTTCCAGTA-1,0.138397,0.477058,0.01827,0.171934,0.031189,0.003375,0.068043,0.091734
AGTGAGCCTCGCCGCC-1,0.094899,0.584049,0.044606,0.011715,0.239237,0.020808,0.000013,0.004672
AGTGAGGGTTTCTGAC-1,0.000078,0.000234,0.000078,0.223297,0.77608,0.000078,0.000078,0.000078
AGTGAGTCGAATTAAC-1,0.080831,0.039876,0.061595,0.016696,0.013723,0.692335,0.088469,0.006474
AGTGATAACCTGCGCG-1,0.00004,0.00012,0.00004,0.00004,0.00008,0.902959,0.096682,0.00004
AGTGATATGAGTAGTT-1,0.44496,0.040947,0.002228,0.184265,0.077454,0.059645,0.130078,0.060423
AGTGATTCAAGCAGGA-1,0.000028,0.121888,0.032939,0.597453,0.24761,0.000028,0.000028,0.000028
AGTGCACGCTTAAGAA-1,0.193899,0.036496,0.005129,0.106867,0.106101,0.551459,0.000025,0.000025
AGTGCGTAGCTCGTAA-1,0.292014,0.286834,0.146446,0.004857,0.052237,0.060104,0.000017,0.157491
AGTGCTAAACACAGCA-1,0.000024,0.000071,0.1724,0.000024,0.114765,0.67677,0.000149,0.035796
AGTGCTTGCACGAATA-1,0.062143,0.001072,0.241211,0.643507,0.000212,0.000054,0.051747,0.000054
AGTGGCCCGCAAATGG-1,0.000029,0.000087,0.000029,0.000029,0.000058,0.791314,0.208424,0.000029
AGTGGCGGCAATTTGA-1,0.002106,0.571281,0.127533,0.050325,0.208946,0.039786,0.000012,0.000012
AGTGGCGTCTGAAGGT-1,0.267794,0.05329,0.129389,0.003236,0.014865,0.246978,0.241446,0.043004
AGTGGCTCCGTCGGCC-1,0.01248,0.003613,0.164686,0.609299,0.20985,0.000024,0.000024,0.000024
AGTGGTGTTACCCGTG-1,0.000034,0.000102,0.137856,0.25538,0.111335,0.495225,0.000034,0.000034
AGTGGTTGCGTATAGG-1,0.096524,0.428875,0.002992,0.252494,0.200035,0.009344,0.000012,0.009724
AGTGTATTGCGCATTG-1,0.02954,0.911299,0.000008,0.003469,0.038138,0.000008,0.000008,0.017528
AGTGTGCTAAGATCGC-1,0.000023,0.000069,0.003453,0.051747,0.931323,0.013339,0.000023,0.000023
AGTGTGGTCTATTGTG-1,0.00004,0.268974,0.003908,0.171632,0.542954,0.012411,0.00004,0.00004
AGTTAAACACTTGCGA-1,0.166868,0.310447,0.162525,0.282274,0.002356,0.000027,0.02812,0.047383
AGTTAAGCGGTCCCGG-1,0.0151,0.650864,0.000016,0.143116,0.143666,0.000016,0.00174,0.045482
AGTTAAGTCAACCGCT-1,0.000038,0.000113,0.028678,0.135976,0.000075,0.826117,0.008967,0.000038
AGTTACCCTTAAGACT-1,0.000021,0.079193,0.00237,0.195193,0.668537,0.054646,0.000021,0.000021
AGTTACCGCACATGGT-1,0.01513,0.383583,0.000014,0.126969,0.412821,0.001101,0.03821,0.022172
AGTTACTCTATCGTGG-1,0.045852,0.407703,0.05923,0.128342,0.354493,0.004297,0.000022,0.000061
AGTTATTCAGACTGTG-1,0.078786,0.013477,0.000036,0.000036,0.06582,0.841774,0.000036,0.000036
AGTTATTGAAAGGTAA-1,0.000072,0.000216,0.09865,0.241812,0.6397,0.019405,0.000072,0.000072
AGTTCACCGGTTGGAC-1,0.000021,0.000064,0.030498,0.145382,0.82397,0.000021,0.000021,0.000021
AGTTCCTACAGAATTA-1,0.194451,0.279697,0.021734,0.370617,0.014747,0.118282,0.000026,0.000445
AGTTCCTATTTATGTT-1,0.000125,0.000374,0.270181,0.360749,0.000249,0.173452,0.194746,0.000125
AGTTCTGCGTTGTATC-1,0.000052,0.004656,0.000052,0.157418,0.837667,0.000052,0.000052,0.000052
AGTTGACATCGGCTGG-1,0.018283,0.284909,0.000028,0.000028,0.696669,0.000028,0.000028,0.000028
AGTTGACGGTCCTTGC-1,0.000038,0.000115,0.002409,0.039264,0.000076,0.904134,0.053925,0.000038
AGTTGCGGTCCTCAAC-1,0.000025,0.01761,0.103792,0.000025,0.038151,0.685836,0.146309,0.008253
AGTTGCTGACTGATAT-1,0.000053,0.000158,0.037103,0.416806,0.531136,0.005347,0.009345,0.000053
AGTTGGCAAGGCTAGA-1,0.000034,0.000101,0.010248,0.011453,0.013448,0.688514,0.27617,0.000034
AGTTTATGTAAAGACA-1,0.00566,0.368963,0.123241,0.142544,0.34876,0.002781,0.000012,0.008039
AGTTTCGCAGGTCGGA-1,0.000043,0.196179,0.034773,0.013365,0.714116,0.014793,0.000043,0.026689
AGTTTGCACCTGCCTC-1,0.000058,0.000175,0.105182,0.002003,0.000117,0.662533,0.229873,0.000058
AGTTTGGCACGGGTTG-1,0.820593,0.016132,0.027414,0.036568,0.000049,0.000024,0.046251,0.052968
AGTTTGGCCAGACCTA-1,0.098818,0.02076,0.392476,0.000021,0.222278,0.187618,0.000021,0.078008
ATAAACCATTGGACGG-1,0.000029,0.000087,0.000029,0.049784,0.917245,0.000029,0.000029,0.032767
ATAAACGGACCCGTAA-1,0.49137,0.041325,0.265502,0.000016,0.001841,0.114432,0.000016,0.085498
ATAAACGTTGCACCAC-1,0.115407,0.036497,0.001771,0.121228,0.017546,0.551666,0.15585,0.000036
ATAAAGGCTCGGTCGT-1,0.000045,0.000135,0.177016,0.810313,0.012357,0.000045,0.000045,0.000045
ATAAAGGTCAAGTACG-1,0.127412,0.073522,0.023631,0.076266,0.638387,0.000046,0.009818,0.050918
ATAAATATTAGCAGCT-1,0.0895,0.319852,0.000552,0.479054,0.076633,0.000025,0.008546,0.025837
ATAACGCCGGAGGGTC-1,0.170297,0.415444,0.033246,0.3057,0.060262,0.000015,0.015022,0.000015
ATAACGGAGTCCAACG-1,0.01341,0.336023,0.173844,0.147795,0.323614,0.005266,0.000023,0.000023
ATAACGTTACCTCCAC-1,0.1037,0.377042,0.00132,0.166363,0.06904,0.000028,0.000028,0.282479
ATAAGCAAACACCGAG-1,0.087922,0.579119,0.015006,0.113597,0.117809,0.000017,0.000017,0.086514
ATAAGGTGGAGAACAT-1,0.000071,0.000214,0.000071,0.060996,0.000143,0.711375,0.227059,0.000071
ATAAGTACCCGATTGT-1,0.084114,0.137932,0.000033,0.18293,0.485257,0.000033,0.006043,0.103657
ATAAGTAGGATTCAGA-1,0.010754,0.323648,0.236944,0.28426,0.100234,0.000021,0.000021,0.044119
ATAAGTAGGGCGACTC-1,0.113898,0.146174,0.067214,0.534817,0.134086,0.003763,0.000024,0.000024
ATAAGTTACCGCGACG-1,0.311444,0.046684,0.065512,0.25734,0.063463,0.095917,0.152258,0.007382
ATAATACCGTTAGCCG-1,0.000022,0.324805,0.000022,0.023189,0.437689,0.000604,0.017996,0.195673
ATAATAGCTGTTGAAT-1,0.000053,0.000159,0.196266,0.245735,0.00598,0.37112,0.180633,0.000053
ATAATAGTGTAGGGAC-1,0.013298,0.536188,0.000026,0.039487,0.353148,0.000026,0.000026,0.057801
ATAATCTTGGAGAACC-1,0.104023,0.024745,0.020038,0.000018,0.080946,0.770194,0.000018,0.000018
ATAATTAGCTAAGTAG-1,0.000052,0.000155,0.000052,0.133093,0.006408,0.754242,0.105947,0.000052
ATACAGGCCCTCCAAT-1,0.000036,0.000109,0.249723,0.000036,0.045124,0.699536,0.000036,0.005399
ATACCACGGGCAACTT-1,0.08583,0.306169,0.003084,0.290173,0.000065,0.000032,0.004109,0.310538
ATACCAGCAAATTGCT-1,0.00027,0.025621,0.001087,0.032582,0.908628,0.000034,0.000034,0.031743
ATACCAGGCTAATAGA-1,0.002024,0.19411,0.029632,0.003126,0.760199,0.00003,0.00003,0.01085
ATACCAGGTGAGCGAT-1,0.002086,0.168031,0.000033,0.042336,0.74076,0.028139,0.018582,0.000033
ATACCCTCCCGGCCAA-1,0.000038,0.000114,0.127372,0.078031,0.059872,0.428554,0.297107,0.008912
ATACCCTGGCTCAAAT-1,0.005718,0.421388,0.010681,0.005345,0.502772,0.049463,0.000025,0.004609
ATACCGTCATCCATAA-1,0.034733,0.722341,0.020446,0.000528,0.177778,0.000014,0.000014,0.044147
ATACCTAACCAAGAAA-1,0.000083,0.00025,0.086614,0.042359,0.000167,0.657564,0.212879,0.000083
ATACGAAGGCTTTCCA-1,0.155496,0.357518,0.09134,0.228058,0.095579,0.030293,0.023639,0.018078
ATACGAGGTTTGTAAG-1,0.00003,0.000091,0.00003,0.00003,0.010634,0.962594,0.026561,0.00003
ATACGCCGATCTACCG-1,0.00003,0.00009,0.328394,0.00003,0.558968,0.076044,0.00003,0.036414
ATACGCCGGCGAAACC-1,0.260964,0.386594,0.125528,0.132956,0.024298,0.000015,0.002176,0.067468
ATACGGAACGTCGTTT-1,0.000076,0.000229,0.000076,0.086719,0.000153,0.565289,0.347381,0.000076
ATACGGGTTTCGATTG-1,0.000101,0.33482,0.059443,0.252651,0.352923,0.000021,0.000021,0.000021
ATACGGTGAAGATGCA-1,0.000017,0.00954,0.174857,0.415224,0.367408,0.032919,0.000017,0.000017
ATACGTACTTAGCCAC-1,0.000152,0.000455,0.006432,0.372855,0.000303,0.394919,0.224733,0.000152
ATACGTCCACTCCTGT-1,0.000037,0.000111,0.005656,0.116253,0.014194,0.251122,0.229231,0.383395
ATACGTTATGCACGGA-1,0.144592,0.028294,0.000036,0.007416,0.004359,0.815232,0.000036,0.000036
ATACTACCCGTACCAC-1,0.000043,0.000129,0.000043,0.000043,0.000086,0.53721,0.462403,0.000043
ATACTAGCATGACCCT-1,0.007552,0.537016,0.0098,0.207312,0.2217,0.004324,0.007956,0.004341
ATACTCTCGCCACTCT-1,0.000062,0.000186,0.000062,0.037586,0.922819,0.039161,0.000062,0.000062
ATACTGCCTTACACCG-1,0.000036,0.020461,0.147454,0.000036,0.006819,0.619649,0.015422,0.190122
ATACTTGTTCTCGAGC-1,0.009441,0.393356,0.078584,0.143669,0.372324,0.000016,0.000016,0.002595
ATAGACAACGGGACCT-1,0.101004,0.506941,0.042985,0.124546,0.178707,0.042702,0.000012,0.003103
ATAGACGAAGAGAAAG-1,0.057409,0.250915,0.142376,0.520217,0.029013,0.000023,0.000023,0.000023
ATAGAGTACTGGGACA-1,0.096937,0.77593,0.000012,0.00127,0.125816,0.000012,0.000012,0.000012
ATAGAGTTATCAACTT-1,0.152284,0.807041,0.000008,0.000008,0.000998,0.000008,0.000008,0.039646
ATAGATTTGCAGTCGG-1,0.000061,0.000182,0.125378,0.162929,0.678371,0.000061,0.000061,0.032956
ATAGCAACTAGGGAAG-1,0.000026,0.000077,0.055749,0.060628,0.015373,0.806668,0.045569,0.015911
ATAGCCATAACAGTCA-1,0.069514,0.05516,0.000008,0.000008,0.003757,0.871537,0.000008,0.000008
ATAGCCTCAGTACCCA-1,0.000023,0.092739,0.001599,0.052516,0.793107,0.059967,0.000023,0.000023
ATAGCTGCTCTTGTTA-1,0.021235,0.567078,0.000019,0.000019,0.411593,0.000019,0.000019,0.000019
ATAGGAATCTAAGCTT-1,0.086425,0.325772,0.006536,0.112063,0.324414,0.000041,0.000041,0.144708
ATAGGCGGCTATAGAA-1,0.00005,0.012148,0.369524,0.319426,0.019277,0.026606,0.087652,0.165317
ATAGGCTAGCTTCGCA-1,0.001762,0.535321,0.008584,0.27291,0.138843,0.042546,0.000017,0.000017
ATAGGGATATCCTTGA-1,0.000032,0.328495,0.159899,0.136819,0.248283,0.000032,0.000032,0.126408
ATAGGTTGGGCAGATG-1,0.216744,0.269341,0.102298,0.172232,0.2393,0.000028,0.000028,0.000028
ATAGTCTTTGACGTGC-1,0.00004,0.143454,0.000038,0.099911,0.756441,0.000038,0.000038,0.000038
ATAGTGAAGCGTTCTC-1,0.010394,0.085356,0.56167,0.003012,0.078753,0.000033,0.000033,0.26075
ATAGTTCCACCCACTC-1,0.230448,0.297263,0.054964,0.297798,0.1009,0.012034,0.006574,0.000019
ATATAAAGCGCTCGTG-1,0.000058,0.081635,0.000058,0.053367,0.025277,0.620133,0.219413,0.000058
ATATAAATGTAGCTGC-1,0.191003,0.126389,0.059124,0.022211,0.027372,0.127453,0.409564,0.036885
ATATAACACGGGCGCA-1,0.000015,0.000045,0.059404,0.000015,0.03269,0.650646,0.000015,0.25717
ATATACGCTCGTGACG-1,0.113745,0.252172,0.024618,0.042245,0.212862,0.262763,0.07789,0.013705
ATATAGAGTATTGGTC-1,0.000053,0.050411,0.009341,0.154096,0.037759,0.32333,0.424957,0.000053
ATATCAACCTACAGAG-1,0.232466,0.263309,0.07487,0.274172,0.069798,0.011499,0.020418,0.053467
ATATCAATTCCAGCCT-1,0.000018,0.023309,0.000018,0.038464,0.003274,0.450538,0.473768,0.010611
ATATCGGTAGGGAGAT-1,0.118682,0.264788,0.076535,0.382816,0.09594,0.000018,0.000018,0.061203
ATATCGTGCCAGACCC-1,0.063926,0.007935,0.000703,0.137905,0.560822,0.103685,0.000059,0.124966
ATATCGTTCCTCGAAC-1,0.000071,0.394404,0.078532,0.090203,0.187496,0.246841,0.002383,0.000071
ATATCTCCCTCGTTAA-1,0.095528,0.640213,0.004131,0.074571,0.185513,0.000015,0.000015,0.000015
ATATCTTAGGGCCTTC-1,0.11558,0.695041,0.091299,0.033681,0.050007,0.00002,0.00002,0.014353
ATATGGGATAGCAACT-1,0.000042,0.000126,0.000042,0.040896,0.000097,0.584334,0.37442,0.000042
ATATGTCTAGAGCGTG-1,0.000033,0.000099,0.000033,0.007063,0.040977,0.95173,0.000033,0.000033
ATATGTCTCCCTAGCC-1,0.105074,0.487808,0.00046,0.058269,0.080767,0.008249,0.009081,0.250292
ATATGTGCACAAACCA-1,0.101278,0.570698,0.017511,0.151885,0.156244,0.000015,0.000015,0.002355
ATATTATCCCGTATTT-1,0.005072,0.572759,0.000017,0.000017,0.387896,0.03159,0.000017,0.002632
ATATTCAGTTAAACCT-1,0.143167,0.003237,0.144075,0.500583,0.048708,0.009027,0.151132,0.00007
ATATTCCACATAGTGA-1,0.208035,0.050711,0.038299,0.055822,0.004192,0.445932,0.196964,0.000045
ATATTCCCACAGGTCA-1,0.000064,0.01697,0.000064,0.239743,0.742969,0.000064,0.000064,0.000064
ATATTGCTGTCAAAGT-1,0.020561,0.55085,0.032543,0.00002,0.395966,0.00002,0.00002,0.00002
ATATTGGAGAGGCCTT-1,0.006363,0.013339,0.000046,0.145194,0.000093,0.534369,0.300549,0.000046
ATATTTAACCCTCAAG-1,0.103822,0.407184,0.010858,0.322807,0.106113,0.049174,0.000021,0.000021
ATCAAACACTGTTCCA-1,0.195725,0.052872,0.004195,0.450164,0.000069,0.000035,0.257867,0.039072
ATCAAACGAAGGTTTG-1,0.000043,0.000129,0.284028,0.064736,0.000086,0.476685,0.17425,0.000043
ATCAAAGAGCCGTGGT-1,0.000054,0.000163,0.103418,0.000054,0.031421,0.864781,0.000054,0.000054
ATCAAGATCCCAGGAC-1,0.000033,0.0001,0.000033,0.017698,0.000546,0.892984,0.088572,0.000033
ATCAATCTGGGCTGCA-1,0.000038,0.000318,0.138525,0.611701,0.108492,0.045333,0.079894,0.015701
ATCAATGCCGTGGCTG-1,0.000028,0.000085,0.379116,0.000028,0.000366,0.540313,0.017782,0.062281
ATCACATTAGAATATC-1,0.119285,0.644171,0.052917,0.00513,0.163806,0.00001,0.00001,0.014671
ATCACGTGCTAATTAA-1,0.192651,0.046081,0.364357,0.051446,0.013829,0.151039,0.023741,0.156857
ATCACTTCATCCTCGC-1,0.000041,0.000939,0.012552,0.541485,0.444861,0.000041,0.000041,0.000041
ATCAGAAGCTGGTTGC-1,0.000034,0.000101,0.007138,0.234372,0.019516,0.699732,0.039073,0.000034
ATCAGACGGCACGCCG-1,0.014833,0.004929,0.168388,0.504558,0.000122,0.059568,0.193035,0.054566
ATCAGCCTCATGCTGC-1,0.000089,0.000266,0.046173,0.000089,0.000177,0.144596,0.807884,0.000726
ATCAGCTCGTCCACTA-1,0.000032,0.000095,0.164867,0.020524,0.12101,0.666639,0.026802,0.000032
ATCAGGTAGCTGACAG-1,0.126112,0.360298,0.040701,0.324115,0.088336,0.060408,0.000015,0.000015
ATCAGGTCGCCATTGC-1,0.036963,0.045082,0.000066,0.227574,0.342477,0.000066,0.050051,0.29772
ATCAGTAGGCAGGGAT-1,0.018219,0.844794,0.000011,0.098953,0.004596,0.000011,0.000011,0.033403
ATCATAGATCGACGAG-1,0.000044,0.000131,0.006362,0.011856,0.004146,0.516894,0.460524,0.000044
ATCATAGCCCTATGTA-1,0.038447,0.148886,0.098452,0.01761,0.117103,0.341286,0.238176,0.00004
ATCATCCAATATTTGT-1,0.073396,0.157388,0.243319,0.372694,0.122833,0.030292,0.000039,0.000039
ATCATCTGCCCAGTGT-1,0.000071,0.000212,0.300445,0.000071,0.698989,0.000071,0.000071,0.000071
ATCATGGACTACCGAC-1,0.230684,0.184028,0.006037,0.315399,0.057848,0.000016,0.0389,0.167087
ATCCAACGCAGTCATA-1,0.019654,0.181126,0.046035,0.512214,0.181737,0.015268,0.01416,0.029806
ATCCAATGGAGGGTCC-1,0.000745,0.005977,0.519061,0.207041,0.194924,0.053613,0.018604,0.000035
ATCCAATGGTACCGAA-1,0.052233,0.260429,0.129604,0.242021,0.239662,0.013441,0.000494,0.062116
ATCCACATCGACAGAA-1,0.000037,0.00011,0.000037,0.000037,0.000073,0.744361,0.255309,0.000037
ATCCACGCTAAATGTT-1,0.00969,0.191271,0.103166,0.032315,0.654598,0.000042,0.000042,0.008875
ATCCACTTTCAGACTA-1,0.026192,0.348928,0.14912,0.000023,0.385475,0.000023,0.000023,0.090218
ATCCAGAGCAACAACC-1,0.030279,0.023257,0.212723,0.021941,0.023745,0.532547,0.117354,0.038153
ATCCAGGATTCGTGAA-1,0.026897,0.168626,0.405136,0.041913,0.199699,0.000025,0.010676,0.147026
ATCCCATCCACAGCGC-1,0.088792,0.00007,0.000023,0.00749,0.000047,0.422854,0.445702,0.035023
ATCCCATTTCCGTGGG-1,0.000033,0.000099,0.029807,0.015803,0.000066,0.670931,0.283229,0.000033
ATCCGGACCAGCCTGA-1,0.01232,0.017282,0.007385,0.008084,0.019399,0.930373,0.000017,0.005141
ATCCTACCTAAGCTCT-1,0.304786,0.059177,0.03465,0.474674,0.084635,0.040419,0.001612,0.000047
ATCCTGAATCGCTGCG-1,0.052317,0.248888,0.221569,0.342347,0.070187,0.000027,0.02973,0.034935
ATCCTGCGTGGAATGG-1,0.130764,0.047024,0.495177,0.000029,0.172836,0.104194,0.000029,0.049946
ATCCTGCTGCAGATAG-1,0.00003,0.051589,0.00003,0.00003,0.922132,0.00003,0.00003,0.026127
ATCCTTCTGAAAGAAC-1,0.205454,0.010738,0.088139,0.267647,0.000051,0.245376,0.160448,0.022148
ATCGACCCAATACAGA-1,0.08171,0.048766,0.212417,0.509718,0.025023,0.008001,0.114304,0.000061
ATCGACTCTTTCCGTT-1,0.047739,0.513587,0.088306,0.208303,0.092267,0.000027,0.000027,0.049745
ATCGCACGATTGTTCA-1,0.000045,0.000135,0.000045,0.060831,0.938809,0.000045,0.000045,0.000045
ATCGCACGCCGGGAGA-1,0.027273,0.692761,0.042107,0.077568,0.160255,0.000012,0.000012,0.000012
ATCGCCAGTCAACATT-1,0.067704,0.025314,0.416954,0.015469,0.152285,0.063701,0.025872,0.232702
ATCGCCGTGGTTCATG-1,0.025554,0.041431,0.000047,0.064165,0.001862,0.866846,0.000047,0.000047
ATCGCTGCGTGCAGCA-1,0.021753,0.290406,0.014227,0.34678,0.280602,0.041927,0.000048,0.004258
ATCGCTTTACGTCTCA-1,0.055016,0.28793,0.000012,0.18643,0.034113,0.000012,0.010494,0.425992
ATCGGAGACAGACGGC-1,0.000112,0.000335,0.244874,0.129123,0.000224,0.406617,0.218603,0.000112
ATCGGCAAGCAGTCCA-1,0.000043,0.43,0.1026,0.212177,0.255049,0.000043,0.000043,0.000043
ATCGGTTACCTAGTAA-1,0.02264,0.324914,0.213228,0.182947,0.241813,0.000019,0.000019,0.014421
ATCGTCCAATCGAGTC-1,0.02901,0.126486,0.000022,0.000735,0.817413,0.000022,0.000022,0.02629
ATCGTGGAAAGTCTGG-1,0.000045,0.000136,0.140661,0.008243,0.021493,0.63677,0.192606,0.000045
ATCGTTAGCTAGCGGA-1,0.000066,0.000197,0.000066,0.000066,0.000131,0.3501,0.649309,0.000066
ATCGTTCACTTTCGCC-1,0.080332,0.764085,0.000026,0.008541,0.107467,0.000026,0.000026,0.039496
ATCTAACGTCCCTATG-1,0.02066,0.590811,0.000014,0.000014,0.356116,0.023222,0.000014,0.009149
ATCTAATATCCTACGG-1,0.000039,0.000118,0.000039,0.079978,0.018237,0.901511,0.000039,0.000039
ATCTACCATCTGCTCC-1,0.049291,0.020007,0.000019,0.000019,0.028136,0.855189,0.007055,0.040284
ATCTAGCTTGTGAGGG-1,0.000036,0.000107,0.266303,0.000036,0.109364,0.624083,0.000036,0.000036
ATCTCCCACGGAATAT-1,0.000107,0.00032,0.006073,0.069319,0.000213,0.312218,0.611643,0.000107
ATCTCCCTGCAATCTA-1,0.006343,0.646858,0.02737,0.031826,0.287536,0.000022,0.000022,0.000022
ATCTCGTGAGCGAAAC-1,0.174626,0.001055,0.321554,0.280114,0.135621,0.080237,0.006765,0.000027
ATCTGACATGGAAGGA-1,0.000024,0.000073,0.129344,0.000024,0.00059,0.768059,0.077052,0.024832
ATCTGATAGTGTCTTA-1,0.000034,0.000103,0.000034,0.138192,0.780279,0.081289,0.000034,0.000034
ATCTGCACCTCTGCGA-1,0.25558,0.533319,0.000012,0.039411,0.062201,0.000012,0.000012,0.109453
ATCTGCTGTTATCGCC-1,0.129936,0.026946,0.009491,0.000028,0.000057,0.232264,0.505371,0.095908
ATCTGGGCTGTTCTTG-1,0.005745,0.084112,0.097989,0.127131,0.305023,0.237315,0.142623,0.000061
ATCTGGTTAAGACTGT-1,0.021071,0.388594,0.110636,0.270364,0.17996,0.029327,0.000024,0.000024
ATCTGTAATTGTACCC-1,0.000034,0.369439,0.007268,0.03807,0.385692,0.000034,0.000034,0.199428
ATCTTAGGGCATTAAT-1,0.000034,0.000101,0.125374,0.006543,0.02972,0.694901,0.143292,0.000034
ATCTTATCGCACACCC-1,0.205705,0.020006,0.000013,0.000013,0.000027,0.374081,0.022486,0.377668
ATCTTGACCTGCAACG-1,0.080707,0.747113,0.000015,0.011779,0.095908,0.000015,0.001689,0.062775
ATCTTGACTTGTCCAA-1,0.141519,0.768843,0.000005,0.000005,0.005862,0.000005,0.000702,0.08306
ATCTTTCGTATAACCA-1,0.070418,0.75527,0.071175,0.02137,0.060101,0.001954,0.000008,0.019704
ATGAAGCCAAGGAGCC-1,0.016008,0.183123,0.000025,0.375422,0.389898,0.035473,0.000025,0.000025
ATGAAGTGGACCCAGC-1,0.067848,0.503082,0.09312,0.067698,0.19856,0.059933,0.000011,0.009748
ATGACGCCGGCTCTAA-1,0.000038,0.182688,0.000654,0.365669,0.450837,0.000038,0.000038,0.000038
ATGACGCGTTCTATCC-1,0.000042,0.000127,0.374583,0.012874,0.03744,0.547237,0.027655,0.000042
ATGACTATCAGCTGTG-1,0.000026,0.000079,0.078754,0.000026,0.006722,0.80385,0.069277,0.041265
ATGACTATGCGACATT-1,0.004018,0.001276,0.076348,0.175927,0.133918,0.60845,0.000032,0.000032
ATGAGGAGTGTTAATC-1,0.00496,0.393614,0.053696,0.280617,0.164772,0.000026,0.000026,0.102288
ATGAGGGCAGCGGCTA-1,0.276737,0.081326,0.012583,0.549837,0.059569,0.016413,0.003516,0.00002
ATGATCGGGAATAGAC-1,0.003713,0.326347,0.000295,0.088058,0.529319,0.052205,0.000031,0.000031
ATGATGCAATGGTACA-1,0.400763,0.084192,0.145963,0.247458,0.00791,0.00003,0.01401,0.099674
ATGCACCTTCCTTAAT-1,0.000406,0.066939,0.000546,0.257228,0.5181,0.01689,0.03504,0.10485
ATGCACGCGCTGTTCA-1,0.000026,0.000077,0.254617,0.000026,0.000272,0.576717,0.075695,0.092572
ATGCACTACCGCATTG-1,0.038891,0.34785,0.001421,0.202287,0.373714,0.035792,0.000022,0.000022
ATGCATGATCCAGGAT-1,0.003538,0.34081,0.0131,0.504166,0.138306,0.000027,0.000027,0.000027
ATGCATTCCGTGATGG-1,0.000033,0.060043,0.000033,0.000084,0.851836,0.000033,0.000033,0.087903
ATGCCAATCGCTCTGC-1,0.058004,0.841344,0.000013,0.022492,0.077807,0.000013,0.000013,0.000314
ATGCCATTTGCGACCA-1,0.004095,0.055203,0.03999,0.505664,0.274235,0.006797,0.113978,0.000036
ATGCCGGTCTTGCATA-1,0.000273,0.083657,0.04085,0.747375,0.079185,0.000041,0.048578,0.000041
ATGCCGGTTGATGGGA-1,0.005155,0.401754,0.195644,0.040078,0.357278,0.000016,0.000016,0.000058
ATGCGACAATTGGTCC-1,0.000066,0.01396,0.000066,0.450478,0.535233,0.000066,0.000066,0.000066
ATGCGACAGTCCCATT-1,0.117587,0.398139,0.035428,0.331064,0.1177,0.000028,0.000028,0.000028
ATGCGAGTCCCACCAC-1,0.603573,0.000083,0.206845,0.081527,0.000055,0.020709,0.086979,0.000229
ATGCTCAGTGTTGCAT-1,0.024117,0.556132,0.001219,0.027669,0.331662,0.059154,0.000024,0.000024
ATGCTCTGGCGCGGTA-1,0.366622,0.021345,0.000019,0.000019,0.000038,0.509674,0.005634,0.096649
ATGCTTAGGAGTTGAT-1,0.310636,0.012527,0.115122,0.013829,0.082233,0.124246,0.281564,0.059844
ATGGAAATTTAAGGAG-1,0.228815,0.177126,0.000016,0.085404,0.021427,0.365277,0.110098,0.011838
ATGGAACAGAATAAAC-1,0.009604,0.250793,0.125562,0.030016,0.505894,0.008566,0.015687,0.053879
ATGGAACCTTTGCACA-1,0.09141,0.519955,0.175549,0.088332,0.12471,0.000013,0.000013,0.000018
ATGGACTGCTTAGTTG-1,0.141339,0.000132,0.000044,0.000044,0.000088,0.666458,0.191849,0.000044
ATGGAGCAGGCCGTGA-1,0.085368,0.158065,0.102032,0.406628,0.159514,0.084966,0.000809,0.002617
ATGGATCCGGCGTCCG-1,0.009179,0.907075,0.000009,0.008178,0.075532,0.000009,0.000009,0.000009
ATGGATTGACCAAACG-1,0.048915,0.356716,0.000051,0.20559,0.000102,0.000051,0.222268,0.166307
ATGGCAGCATTACGAT-1,0.000029,0.000088,0.000029,0.062919,0.000058,0.760397,0.17645,0.000029
ATGGCAGCCGAGAAAC-1,0.052943,0.191425,0.051278,0.47593,0.228385,0.000013,0.000013,0.000013
ATGGCCCGAAAGGTTA-1,0.007695,0.002339,0.000024,0.004517,0.042292,0.943085,0.000024,0.000024
ATGGCGGAATAGTCGC-1,0.236801,0.624497,0.000008,0.042414,0.086243,0.000008,0.000008,0.010021
ATGGCTGGAAATGGCC-1,0.094165,0.482683,0.000026,0.02021,0.392542,0.000026,0.001395,0.008952
ATGGGAACGGAAGCGG-1,0.026323,0.100058,0.089861,0.01336,0.73797,0.00005,0.00005,0.032327
ATGGGACCTGCTGAAC-1,0.000032,0.000097,0.055748,0.08972,0.000137,0.767889,0.086344,0.000032
ATGGGCCTCGGCCTCT-1,0.125623,0.000148,0.186176,0.536296,0.009202,0.121948,0.020556,0.000049
ATGGGTGTATACCTCC-1,0.031596,0.000191,0.000036,0.002923,0.000072,0.379519,0.515247,0.070415
ATGGTATTGGGAACCG-1,0.000023,0.000069,0.011084,0.000023,0.004934,0.870061,0.000023,0.113783
ATGGTATTTACTGATT-1,0.000034,0.000103,0.032735,0.000034,0.000069,0.680707,0.286282,0.000034
ATGGTCGCGTGGTTTC-1,0.019664,0.000177,0.271398,0.454335,0.000118,0.080377,0.173871,0.000059
ATGGTGCTCAAAGCCA-1,0.000049,0.000148,0.03098,0.047552,0.883552,0.037621,0.000049,0.000049
ATGGTTACGAAACATG-1,0.101331,0.135138,0.146128,0.13175,0.485477,0.000034,0.000034,0.000108
ATGTAAGGCTGCTCTT-1,0.11342,0.241473,0.024047,0.534042,0.086958,0.00002,0.00002,0.00002
ATGTACATGCGGTGAG-1,0.000021,0.000062,0.292053,0.000021,0.025051,0.660358,0.000021,0.022414
ATGTACGATGACGTCG-1,0.000049,0.000147,0.096407,0.000049,0.067616,0.759489,0.076193,0.000049
ATGTAGCGCGCGTAGG-1,0.000044,0.000132,0.174562,0.000044,0.000088,0.633488,0.170078,0.021564
ATGTCATAATAAACGA-1,0.000025,0.126063,0.000025,0.000025,0.000051,0.873758,0.000025,0.000025
ATGTCTTGTTTGACTC-1,0.000026,0.038623,0.151479,0.000026,0.036854,0.591968,0.097168,0.083857
ATGTGAAAGCCTAATG-1,0.000037,0.000111,0.250027,0.370785,0.032024,0.236414,0.110565,0.000037
ATGTGCATCCGACGCA-1,0.000031,0.232591,0.000031,0.507776,0.226605,0.000031,0.000031,0.032904
ATGTGGACATCTTGAT-1,0.151524,0.297426,0.073671,0.333553,0.000292,0.039881,0.103507,0.000146
ATGTGTAGTTTAGTCA-1,0.030296,0.022453,0.000041,0.127017,0.705351,0.000041,0.000041,0.114759
ATGTTACGAGCAATAC-1,0.037819,0.23055,0.000034,0.010488,0.453466,0.000034,0.005511,0.262098
ATGTTCCTGCCCACCT-1,0.000022,0.133239,0.000022,0.097067,0.769584,0.000022,0.000022,0.000022
ATGTTCGTCGACCCAC-1,0.081645,0.361041,0.036098,0.321452,0.120406,0.000016,0.012223,0.067119
ATGTTGATTAGAGACT-1,0.062591,0.01717,0.09412,0.005084,0.029779,0.767867,0.023354,0.000035
ATGTTGTAGTCTGTTT-1,0.000038,0.000113,0.000038,0.004054,0.000075,0.630156,0.365489,0.000038
ATGTTTCGGCCCGGAG-1,0.078409,0.225364,0.087874,0.425016,0.180523,0.00261,0.000187,0.000017
ATGTTTGTAAGATCAT-1,0.000097,0.151794,0.063306,0.218652,0.504518,0.061437,0.000097,0.000097
ATTAAACATGCGGACC-1,0.000057,0.00017,0.336435,0.309979,0.079068,0.274177,0.000057,0.000057
ATTAATACTACGCGGG-1,0.003698,0.360186,0.000033,0.431093,0.204889,0.000033,0.000033,0.000033
ATTAATGAACCAGTCG-1,0.000031,0.126631,0.011919,0.61508,0.172722,0.000031,0.05774,0.015845
ATTAATTCGGTCACTC-1,0.01066,0.222284,0.000035,0.085187,0.621649,0.000035,0.000035,0.060116
ATTACAACTACCGGCC-1,0.09197,0.404017,0.054141,0.051096,0.398685,0.00003,0.00003,0.00003
ATTACATGTCAGTCTT-1,0.236203,0.103914,0.013016,0.02497,0.095005,0.525573,0.000022,0.001297
ATTACCACACTGCCTG-1,0.102268,0.000098,0.036489,0.521233,0.027212,0.217442,0.095226,0.000033
ATTACGACTCCACAGT-1,0.012112,0.251502,0.000026,0.34628,0.387493,0.000026,0.000026,0.002533
ATTACGCGCTGGCAGG-1,0.156762,0.304358,0.001434,0.300348,0.043093,0.003154,0.000021,0.19083
ATTACGGGCTACGGTT-1,0.053456,0.258375,0.009124,0.082124,0.137179,0.390343,0.06887,0.00053
ATTACTAGCCTCTTGC-1,0.000068,0.000203,0.000068,0.298213,0.701247,0.000068,0.000068,0.000068
ATTACTTACTGGGCAT-1,0.000028,0.017155,0.000028,0.571291,0.411412,0.000028,0.000028,0.000028
ATTAGATTCCTCAGCA-1,0.000748,0.1555,0.035064,0.569822,0.177892,0.01491,0.012685,0.033377
ATTAGATTGATAGCGG-1,0.000062,0.115451,0.000063,0.351376,0.53286,0.000062,0.000062,0.000062
ATTAGGCGATGCTTTC-1,0.215457,0.177223,0.056487,0.397292,0.123505,0.000033,0.029969,0.000033
ATTATACTTTGCTCGT-1,0.000043,0.104625,0.053655,0.254339,0.587209,0.000043,0.000043,0.000043
ATTATAGCTACTTTAC-1,0.000037,0.118388,0.225358,0.403479,0.193086,0.008196,0.033673,0.017782
ATTATCGGAATGTACG-1,0.00003,0.000091,0.091463,0.00003,0.038885,0.749331,0.104,0.01617
ATTATCTCGACAGATC-1,0.000043,0.00013,0.024313,0.000043,0.900918,0.000043,0.000043,0.074466
ATTATGAGACCCAATT-1,0.000022,0.000065,0.000022,0.000022,0.000043,0.592538,0.264949,0.142339
ATTATGCCATAGGGAG-1,0.023427,0.715939,0.004504,0.011324,0.156429,0.063772,0.000025,0.024579
ATTATGCTCAGTATTG-1,0.042609,0.097119,0.111663,0.314574,0.39339,0.000056,0.040532,0.000056
ATTATTATGTCCGTCA-1,0.101201,0.00817,0.130303,0.020929,0.019151,0.707702,0.003939,0.008605
ATTATTCAGAGTCACT-1,0.011153,0.003408,0.003984,0.038537,0.008696,0.93131,0.002893,0.00002
ATTCAAAGTACCTGTT-1,0.00567,0.231267,0.000011,0.000201,0.742014,0.000011,0.000011,0.020816
ATTCAACCATTTAAGG-1,0.200438,0.086228,0.120378,0.00002,0.010432,0.43086,0.089924,0.06172
ATTCACTGATGTTGGA-1,0.000074,0.000222,0.000506,0.141656,0.016175,0.61315,0.228143,0.000074
ATTCAGGACCTATTTC-1,0.009645,0.181386,0.087193,0.12637,0.574747,0.000023,0.000023,0.020614
ATTCAGGATCGCCTCT-1,0.000066,0.000199,0.568494,0.000066,0.335027,0.046972,0.030611,0.018565
ATTCAGTAGCAGGGTC-1,0.130254,0.527884,0.002418,0.029675,0.292097,0.017624,0.000024,0.000024
ATTCATATACTGTCCA-1,0.071702,0.086477,0.466116,0.000045,0.058526,0.251542,0.000045,0.065546
ATTCATCGTTGAGGCA-1,0.10417,0.002455,0.000027,0.037927,0.023605,0.831762,0.000027,0.000027
ATTCCCACATAAACAA-1,0.071652,0.419215,0.004768,0.129657,0.326388,0.048287,0.000017,0.000017
ATTCCTAAGACGTGGA-1,0.047897,0.344531,0.000031,0.270011,0.335404,0.000031,0.000031,0.002062
ATTCCTCCGCCAGTGC-1,0.000031,0.280318,0.000031,0.445324,0.274203,0.000031,0.000031,0.000031
ATTCCTTCCAGGCGGT-1,0.000045,0.329092,0.000045,0.000045,0.65726,0.000045,0.000045,0.013423
ATTCGACGCCGGGCCT-1,0.033529,0.402321,0.109825,0.136115,0.289485,0.000018,0.000018,0.028691
ATTCGCAGAGGACACT-1,0.009472,0.76535,0.000012,0.004045,0.152436,0.000012,0.000012,0.068661
ATTCGCGCCTTGAGAG-1,0.000037,0.00011,0.000037,0.01689,0.000073,0.749168,0.233649,0.000037
ATTCGTCCCGAGGTTA-1,0.000073,0.000219,0.095636,0.132364,0.000146,0.58864,0.182848,0.000073
ATTCGTGCTATCTCTT-1,0.078084,0.032913,0.1314,0.518551,0.100339,0.000039,0.021601,0.117073
ATTCGTGTACCCATTC-1,0.195774,0.009251,0.000044,0.000044,0.000087,0.70948,0.066106,0.019214
ATTCGTTTATCGTATT-1,0.155746,0.000094,0.000031,0.000031,0.000063,0.843605,0.000031,0.0004
ATTCTCGTCTCTTTAG-1,0.000042,0.117463,0.000042,0.102373,0.644067,0.000042,0.000042,0.13593
ATTCTGAGTATGAACT-1,0.01894,0.387256,0.000026,0.000026,0.484388,0.000026,0.000026,0.109311
ATTCTTCGTACTTATG-1,0.000088,0.110075,0.050016,0.362769,0.409106,0.000088,0.067771,0.000088
ATTGAAGATCTTAGTG-1,0.000041,0.143787,0.181333,0.387159,0.235287,0.048573,0.003779,0.000041
ATTGAATTCCCTGTAG-1,0.000045,0.000135,0.114469,0.000045,0.00009,0.801368,0.000045,0.083804
ATTGACCGGCGATGAC-1,0.012083,0.770861,0.056879,0.00095,0.111526,0.00001,0.00001,0.047679
ATTGACGTAACTCGGT-1,0.000033,0.39311,0.024017,0.007308,0.575433,0.000033,0.000033,0.000033
ATTGATAGCAACGAGA-1,0.004794,0.822902,0.000021,0.000021,0.172201,0.000021,0.000021,0.000021
ATTGATCACCACATTT-1,0.000027,0.000081,0.137976,0.019085,0.033477,0.350298,0.40319,0.055866
ATTGATGAGTCCTAAC-1,0.112972,0.415869,0.000018,0.275997,0.148035,0.047073,0.000018,0.000018
ATTGCCTATTAGACCG-1,0.000046,0.000139,0.000046,0.005266,0.000093,0.57482,0.419543,0.000046
ATTGCCTTTATGTTTG-1,0.000111,0.000748,0.001121,0.000017,0.019654,0.912749,0.000017,0.065584
ATTGCGATCAGTAACT-1,0.165185,0.041254,0.058195,0.006261,0.051707,0.206137,0.362573,0.108688
ATTGCTGCTCCTCCAT-1,0.000046,0.000137,0.110155,0.752848,0.136677,0.000046,0.000046,0.000046
ATTGGATTACAGCGTA-1,0.025745,0.000122,0.204162,0.026021,0.05521,0.685893,0.002807,0.000041
ATTGGGAATATCTTGG-1,0.004944,0.602922,0.000028,0.000028,0.345489,0.000028,0.000028,0.046535
ATTGGGAGTTCTGTAA-1,0.096747,0.290789,0.007397,0.235947,0.293301,0.000037,0.000037,0.075746
ATTGGTTGTGCATTAC-1,0.000151,0.016614,0.000026,0.000026,0.000052,0.866176,0.116929,0.000026
ATTGTACAACTCGGCT-1,0.000026,0.047254,0.281221,0.461942,0.200018,0.009485,0.000026,0.000026
ATTGTCGCAATACCTT-1,0.038312,0.502423,0.036982,0.083133,0.318486,0.00002,0.00002,0.020624
ATTGTCTGTTTCATGT-1,0.000057,0.000171,0.000057,0.000057,0.000114,0.496281,0.503207,0.000057
ATTGTGACTTCGCTGC-1,0.00004,0.21952,0.00004,0.174116,0.575864,0.00004,0.00004,0.030339
ATTGTTCAACGATCCG-1,0.051505,0.215397,0.145188,0.022362,0.036721,0.336003,0.053428,0.139396
ATTTAACTCGTATTAC-1,0.006824,0.408713,0.047558,0.054693,0.460651,0.021039,0.00003,0.000492
ATTTACAGTTTACTGG-1,0.00004,0.151695,0.227107,0.399992,0.186237,0.029583,0.00004,0.005305
ATTTACTAAGTCCATT-1,0.130316,0.566951,0.000014,0.052496,0.183177,0.000014,0.031485,0.035547
ATTTATACTGGTAAAG-1,0.000026,0.002508,0.000026,0.000026,0.05779,0.93957,0.000026,0.000026
ATTTCATTATTTCGCG-1,0.009898,0.000265,0.0186,0.214283,0.75669,0.000088,0.000088,0.000088
ATTTCCGGGTTCTGCG-1,0.00005,0.00015,0.214363,0.146393,0.003067,0.626815,0.009111,0.00005
ATTTGCCTAGTTACGA-1,0.051721,0.126153,0.00004,0.013759,0.79241,0.015835,0.00004,0.00004
ATTTGCGCGAGTAGCT-1,0.00004,0.000121,0.273616,0.052348,0.014569,0.566248,0.093017,0.00004
ATTTGTCTTGGGAGCT-1,0.228485,0.218211,0.240438,0.071085,0.138556,0.026115,0.02944,0.04767
ATTTGTTCCAGGGCTC-1,0.000048,0.374597,0.077314,0.295725,0.252172,0.000048,0.000048,0.000048
CAAACCATAAGCGTAT-1,0.006047,0.012345,0.000026,0.000026,0.026028,0.955477,0.000026,0.000026
CAAACCCTCCGGCGGG-1,0.013108,0.008811,0.069078,0.000011,0.047598,0.849947,0.000011,0.011436
CAAACGAGTATCGCAG-1,0.595549,0.055011,0.13965,0.000015,0.000029,0.090957,0.013907,0.104883
CAAACGGTCGCACTTT-1,0.014505,0.396308,0.051209,0.408545,0.094322,0.000033,0.000033,0.035044
CAAACGTGGTCTTGCG-1,0.000078,0.000233,0.000078,0.37414,0.625239,0.000078,0.000078,0.000078
CAAACTACGATAGAGA-1,0.029624,0.266923,0.000047,0.311222,0.375335,0.000047,0.000047,0.016754
CAAACTATTGAGCTTC-1,0.000054,0.105445,0.000054,0.278826,0.544792,0.000054,0.000054,0.070722
CAAACTCGCGACGCCG-1,0.304884,0.344128,0.019504,0.121217,0.040048,0.031462,0.007476,0.131281
CAAAGATTATTGGGCC-1,0.404429,0.095448,0.030666,0.088424,0.027569,0.353425,0.00002,0.00002
CAAAGGTCATCTGAAA-1,0.243856,0.151692,0.00001,0.144504,0.008836,0.005329,0.030516,0.415257
CAAAGGTTAAATTCAG-1,0.100408,0.022524,0.000067,0.377099,0.499784,0.000039,0.000039,0.000039
CAAAGTCAGGTTAGCT-1,0.050697,0.429133,0.000019,0.008667,0.479517,0.000019,0.000019,0.03193
CAAATCTCTCACAAGG-1,0.450238,0.093562,0.058617,0.198935,0.060575,0.083673,0.031972,0.022427
CAAATGCGGAGTGTTC-1,0.012561,0.456524,0.000935,0.003279,0.480953,0.045707,0.00002,0.00002
CAAATGTCCTTCCGTG-1,0.000044,0.00599,0.683435,0.031382,0.207706,0.071354,0.000044,0.000044
CAAATTGGATTATGCC-1,0.040445,0.393012,0.057939,0.221844,0.286704,0.000019,0.000019,0.000019
CAAATTGTCAGCAAGC-1,0.00003,0.488477,0.00003,0.088009,0.28971,0.00003,0.00003,0.133686
CAACACATCTCCTGCC-1,0.278011,0.552374,0.000006,0.000788,0.003082,0.000006,0.000015,0.165718
CAACAGAATAACGCTA-1,0.000043,0.00013,0.48559,0.023,0.403276,0.009949,0.065922,0.012089
CAACAGTGCCAAACGG-1,0.036476,0.313197,0.029993,0.05607,0.498994,0.039272,0.000021,0.025978
CAACATGGCCTGATAA-1,0.021938,0.324128,0.000012,0.000012,0.653872,0.000012,0.000012,0.000012
CAACCAGTGGCCTACC-1,0.072183,0.020968,0.001477,0.028731,0.000037,0.876566,0.000019,0.000019
CAACCGCACCTAGACA-1,0.033095,0.455225,0.000207,0.013091,0.477576,0.010531,0.000015,0.010261
CAACCTACCGAGCAGT-1,0.035823,0.000097,0.049849,0.014356,0.000064,0.446359,0.43618,0.017272
CAACCTGAACCTGCCA-1,0.058621,0.371658,0.005809,0.372417,0.124589,0.066879,0.000013,0.000013
CAACGACCCGTTTACA-1,0.000033,0.312848,0.004197,0.345667,0.337156,0.000033,0.000033,0.000033
CAACGAGCTTATTATG-1,0.00015,0.000088,0.044461,0.117226,0.11633,0.639359,0.082358,0.000029
CAACGATCGATCCAAT-1,0.058635,0.04136,0.016864,0.042702,0.003378,0.831776,0.000882,0.004402
CAACGCGATGAGCCAA-1,0.000021,0.000063,0.022171,0.000021,0.002706,0.918769,0.025384,0.030865
CAACGGTTCTTGATAC-1,0.00007,0.00021,0.030184,0.553688,0.415638,0.00007,0.00007,0.00007
CAACGTGGTGGAGTCT-1,0.003945,0.000137,0.221602,0.000023,0.069598,0.704648,0.000023,0.000023
CAACTATATCGAATGC-1,0.000046,0.30627,0.115633,0.140916,0.436996,0.000046,0.000046,0.000046
CAACTCCAACGTTTAG-1,0.078594,0.391239,0.028934,0.000027,0.456808,0.018082,0.000027,0.026289
CAACTCCGTAACTTGC-1,0.000313,0.165266,0.083411,0.235321,0.515591,0.000033,0.000033,0.000033
CAACTCCTTGATCCCG-1,0.000045,0.030062,0.027263,0.188704,0.708923,0.044913,0.000045,0.000045
CAACTGAGGGTATGAC-1,0.103394,0.591549,0.000024,0.106279,0.000538,0.000024,0.006551,0.191641
CAACTGCTCATCCGAT-1,0.560358,0.016914,0.022282,0.021129,0.036943,0.323772,0.018573,0.000029
CAACTTGTAGTGGGCA-1,0.032065,0.365132,0.015015,0.022402,0.565287,0.000033,0.000033,0.000033
CAAGAAACCCTAAACT-1,0.10875,0.694584,0.025261,0.00001,0.145267,0.00001,0.00001,0.026108
CAAGACTCAGAAGCGC-1,0.21034,0.651074,0.002512,0.016409,0.069331,0.000029,0.010694,0.039611
CAAGAGGGCGGAGTAC-1,0.000139,0.000416,0.000139,0.551223,0.000277,0.377119,0.070549,0.000139
CAAGATATTATAACGT-1,0.107803,0.08177,0.002012,0.240966,0.033928,0.107064,0.001605,0.424852
CAAGCAACGTCGGAGT-1,0.075334,0.226151,0.030653,0.591529,0.076274,0.000019,0.000019,0.000019
CAAGCACCAAATGCCT-1,0.000037,0.016483,0.006582,0.579437,0.384541,0.012848,0.000037,0.000037
CAAGCGGCACATAATT-1,0.000025,0.000075,0.32177,0.000025,0.236684,0.431952,0.000025,0.009446
CAAGGATCGCATGTTC-1,0.129985,0.348118,0.000022,0.172904,0.005102,0.000022,0.00075,0.343097
CAAGGCCAGTGGTGCA-1,0.000017,0.00005,0.04757,0.000017,0.001252,0.782755,0.037314,0.131025
CAAGGGAGTGTATTTG-1,0.00006,0.12751,0.153039,0.044721,0.647526,0.00006,0.00006,0.027024
CAAGGTCCTATAGGCT-1,0.186652,0.339803,0.010182,0.364377,0.053197,0.045745,0.000022,0.000022
CAAGTAAGTGATAGAC-1,0.000015,0.000046,0.192318,0.000015,0.019114,0.715212,0.005604,0.067675
CAAGTCGTTGAAATCT-1,0.000039,0.000116,0.000039,0.000039,0.000077,0.61804,0.300614,0.081037
CAAGTGAACTTTGGTT-1,0.022154,0.17011,0.000025,0.000025,0.786561,0.000025,0.000025,0.021075
CAAGTGTGGTTGCAAA-1,0.139678,0.390407,0.040971,0.27743,0.009882,0.00002,0.009335,0.132277
CAATAAACCTTGGCCC-1,0.026076,0.228471,0.0846,0.417261,0.218939,0.021939,0.002695,0.00002
CAATACGAGAGTCTGA-1,0.35644,0.316753,0.000011,0.111725,0.07673,0.026937,0.042751,0.068653
CAATACGCTCTGAGGC-1,0.013779,0.103808,0.137535,0.325053,0.366801,0.005754,0.03718,0.010089
CAATATGTAGATTTAC-1,0.000116,0.000347,0.000116,0.486584,0.51249,0.000117,0.000116,0.000116
CAATATTCTTGACCTA-1,0.000073,0.000218,0.280449,0.006207,0.079219,0.595749,0.038013,0.000073
CAATATTGGACTAGTG-1,0.000041,0.002026,0.000041,0.070928,0.926838,0.000041,0.000041,0.000041
CAATCCCTATACCAGC-1,0.00049,0.29858,0.00171,0.201904,0.489005,0.00823,0.000041,0.000041
CAATCCTGCCGTGGAG-1,0.003536,0.576471,0.008542,0.000019,0.283392,0.000019,0.000019,0.128003
CAATGACCCTTAATTT-1,0.229979,0.00091,0.000021,0.000021,0.000043,0.251888,0.461465,0.055672
CAATGAGGTTCGACTA-1,0.12095,0.457767,0.000013,0.202269,0.200036,0.018939,0.000013,0.000013
CAATGCGAGAAGTATC-1,0.000043,0.00013,0.35863,0.000043,0.100438,0.540629,0.000043,0.000043
CAATGGAATCTACATA-1,0.020422,0.533911,0.000025,0.000459,0.322807,0.000025,0.000025,0.122324
CAATGGATCTCTACCA-1,0.175751,0.456767,0.079584,0.07508,0.183283,0.003388,0.006628,0.019519
CAATGGTCGGCCTGGG-1,0.000042,0.000127,0.003366,0.218154,0.778183,0.000042,0.000042,0.000042
CAATGTGCCAACCCTT-1,0.253598,0.244982,0.074453,0.178321,0.178887,0.054352,0.000014,0.015392
CAATTAAGGGTGATGA-1,0.056632,0.378471,0.00152,0.347978,0.199843,0.000027,0.012082,0.003446
CAATTGGGCCGCACTC-1,0.058486,0.419826,0.019627,0.093883,0.044764,0.284458,0.036259,0.042698
CAATTTCGTATAAGGG-1,0.135077,0.269459,0.173571,0.309307,0.026916,0.000023,0.000023,0.085622
CAATTTGACCGGGAAG-1,0.033329,0.237077,0.000019,0.000019,0.697007,0.000019,0.000019,0.032512
CACAAACCGCAGAACT-1,0.022473,0.000046,0.000015,0.000344,0.000031,0.938178,0.03808,0.000834
CACAAGAAAGATATTA-1,0.006761,0.423134,0.001034,0.181134,0.37854,0.000023,0.000023,0.009352
CACAAGCTAAGAAAGG-1,0.000018,0.069113,0.054186,0.000018,0.000901,0.513025,0.350904,0.011835
CACAATGAGCTGCTAT-1,0.00101,0.078179,0.144954,0.423336,0.000144,0.025658,0.171001,0.155718
CACACACGCTAACGAG-1,0.227766,0.072943,0.086009,0.00002,0.00961,0.252384,0.073856,0.277412
CACACAGCTTGCGCTC-1,0.28066,0.03353,0.35252,0.147229,0.113456,0.010416,0.062158,0.000029
CACACAGGGATAGATT-1,0.089436,0.722833,0.00001,0.00001,0.093342,0.012947,0.00001,0.081412
CACACGCGCTGTCTTA-1,0.001738,0.19602,0.103915,0.648279,0.005683,0.000047,0.044271,0.000047
CACACGTTTCAATGGG-1,0.047784,0.011318,0.00005,0.057906,0.864616,0.00005,0.018227,0.00005
CACACTTGTATTGCGA-1,0.078236,0.659289,0.025713,0.004207,0.114902,0.000022,0.000022,0.117609
CACAGAGACGAGGACG-1,0.000031,0.000094,0.162163,0.101575,0.021181,0.684289,0.030637,0.000031
CACAGCACCCACGGCA-1,0.212569,0.236907,0.11267,0.419537,0.000549,0.000032,0.000032,0.017702
CACAGCTAGGGAGTGA-1,0.007431,0.878478,0.017756,0.001932,0.010863,0.00001,0.00001,0.08352
CACAGGGCCATATAGT-1,0.000045,0.000136,0.000992,0.19289,0.000091,0.677712,0.128087,0.000045
CACAGGGCCGTTGTCA-1,0.000022,0.000067,0.21612,0.000022,0.054929,0.724215,0.000022,0.004602
CACAGTCCCGCTTCGC-1,0.069512,0.000081,0.000027,0.070381,0.000054,0.781516,0.073601,0.004828
CACAGTTCGCTTCCCA-1,0.003312,0.067199,0.317011,0.146425,0.002534,0.372065,0.091395,0.000059
CACATAAGGCGACCGT-1,0.156928,0.077422,0.098864,0.000023,0.63002,0.036696,0.000023,0.000023
CACATATTAGCAGGAT-1,0.076363,0.196095,0.040913,0.270166,0.205856,0.110747,0.003606,0.096254
CACATCGTGCACGCGC-1,0.118446,0.030622,0.06629,0.082878,0.028063,0.493037,0.155902,0.024762
CACATCTCACCGACGA-1,0.000042,0.007788,0.038302,0.115647,0.021947,0.816189,0.000042,0.000042
CACATGATTCAGCAAC-1,0.25269,0.422202,0.07352,0.074332,0.092025,0.000016,0.000016,0.085199
CACATGTTTGGACATG-1,0.015287,0.58589,0.000023,0.000023,0.358451,0.000023,0.000023,0.040279
CACATTCTTTCGATGG-1,0.038526,0.488835,0.010137,0.196302,0.266133,0.000022,0.000022,0.000022
CACATTTCTTGTCAGA-1,0.033738,0.139343,0.575587,0.128488,0.052098,0.005099,0.006908,0.058738
CACCACGCCACACAGA-1,0.115036,0.78308,0.000797,0.000561,0.005391,0.000005,0.000005,0.095124
CACCAGTCAGCATGCA-1,0.000037,0.00011,0.002518,0.067425,0.000073,0.798564,0.131236,0.000037
CACCATCGGAGGAGAC-1,0.004119,0.634563,0.010199,0.000049,0.350512,0.000023,0.000023,0.000511
CACCATGATCGCAAAG-1,0.074069,0.532944,0.000017,0.039586,0.353334,0.000017,0.000017,0.000017
CACCCAAATCTTATGT-1,0.023001,0.165971,0.048566,0.54118,0.171916,0.049317,0.000024,0.000024
CACCCACACGTCACCC-1,0.002159,0.683542,0.008122,0.00002,0.264017,0.005794,0.00002,0.036325
CACCCACGAGGCAATT-1,0.071786,0.506982,0.002623,0.301628,0.116939,0.000014,0.000014,0.000014
CACCCGCGTTTGACAC-1,0.013579,0.000065,0.001578,0.000022,0.021296,0.813753,0.029035,0.120672
CACCCGGTTTGTGACT-1,0.090727,0.000116,0.058009,0.154109,0.002055,0.537047,0.157898,0.000039
CACCCTAACAAGATCT-1,0.000034,0.000101,0.000034,0.000034,0.000067,0.538204,0.441704,0.019823
CACCCTTGGTGAGACC-1,0.000066,0.000198,0.16526,0.144731,0.041996,0.647618,0.000066,0.000066
CACCCTTTCCTCGCTC-1,0.18926,0.358685,0.000028,0.034154,0.366933,0.0378,0.000102,0.013038
CACCGATACACCGAGC-1,0.054226,0.17303,0.097076,0.102086,0.573441,0.000047,0.000047,0.000047
CACCGATGATGGGTAC-1,0.002824,0.000041,0.000014,0.000014,0.017981,0.972044,0.000014,0.007069
CACCGCCAGAAGGTTT-1,0.144608,0.671007,0.021112,0.016936,0.059817,0.000014,0.000123,0.086383
CACCGCCGACCAGCGA-1,0.000049,0.000146,0.000049,0.332971,0.652305,0.000049,0.014383,0.000049
CACCGCGTCCACTCTA-1,0.058053,0.34156,0.047992,0.072668,0.452134,0.027555,0.000019,0.000019
CACCGGAGATATCTCC-1,0.088333,0.198657,0.003318,0.057757,0.577386,0.000036,0.000036,0.074476
CACCGGGCATCACAAG-1,0.009429,0.000053,0.000018,0.000018,0.000036,0.873381,0.117046,0.00002
CACCGGTAGAGACATT-1,0.000018,0.000054,0.000018,0.000018,0.000036,0.819858,0.131115,0.048881
CACCGTATCCCATCCG-1,0.007912,0.010272,0.262392,0.000027,0.026485,0.487916,0.025104,0.179891
CACCGTTAGGGATCAC-1,0.000026,0.000078,0.013166,0.108595,0.111754,0.76633,0.000026,0.000026
CACCGTTGCGCGATAT-1,0.110379,0.029935,0.055358,0.248713,0.022926,0.495817,0.024086,0.012785
CACCTAATAGAGTCGT-1,0.006444,0.37368,0.000027,0.019315,0.568172,0.016956,0.000027,0.015379
CACCTAATCAGTTTAC-1,0.021205,0.678924,0.050014,0.037279,0.212524,0.000018,0.000018,0.000018
CACCTCGATGGTGGAC-1,0.000038,0.082444,0.000038,0.396948,0.520417,0.000038,0.000038,0.000038
CACCTTGCGAAACTCG-1,0.004965,0.36755,0.000016,0.402349,0.22507,0.000016,0.000016,0.000016
CACCTTGGCGCCTTTG-1,0.012575,0.052375,0.255404,0.623744,0.02714,0.020792,0.007932,0.000039
CACGAAAGTTAGTCCC-1,0.000038,0.064615,0.197622,0.512298,0.225313,0.000038,0.000038,0.000038
CACGACGTAATAGTAA-1,0.015645,0.140914,0.116329,0.000041,0.380351,0.033231,0.000041,0.313448
CACGACTAAAGTTCTG-1,0.000027,0.132232,0.038737,0.000027,0.824874,0.000027,0.000027,0.004049
CACGAGCAAACCAGAC-1,0.000013,0.000039,0.000013,0.000013,0.000026,0.57883,0.251196,0.16987
CACGATTGGTCGTTAA-1,0.045697,0.344227,0.006803,0.001533,0.534142,0.067555,0.000021,0.000021
CACGCACAGCGCAGCT-1,0.000036,0.320763,0.027543,0.633092,0.018459,0.000036,0.000036,0.000036
CACGCAGCGAGGCTTT-1,0.009756,0.653666,0.030852,0.187945,0.004524,0.016573,0.025302,0.071382
CACGCGGAACTGTTGC-1,0.220138,0.083826,0.158379,0.398337,0.052724,0.022983,0.015566,0.048047
CACGGACGTGGATGGC-1,0.018974,0.648209,0.000011,0.218354,0.043332,0.000011,0.003619,0.067491
CACGGCGCGCCAAAGG-1,0.000015,0.754522,0.021853,0.000015,0.223552,0.000015,0.000015,0.000015
CACGGGATTGAGGGTT-1,0.067661,0.4953,0.110559,0.061081,0.240813,0.000012,0.000012,0.024562
CACGTCAATCAATGGA-1,0.190503,0.000083,0.000028,0.046963,0.000055,0.61868,0.143662,0.000028
CACGTCGGCAACCTCT-1,0.177889,0.074969,0.184944,0.096171,0.029202,0.403209,0.033586,0.00003
CACGTCTATGATGTGG-1,0.000081,0.007471,0.132697,0.040297,0.473779,0.045496,0.034527,0.265653
CACGTTCGTGCTCTAG-1,0.070754,0.03724,0.006397,0.600573,0.114703,0.000035,0.041799,0.128498
CACGTTTCGTACACAC-1,0.000099,0.000296,0.204304,0.068676,0.000197,0.478686,0.247644,0.000099
CACTAAAGTTGCCTAT-1,0.001907,0.167602,0.241399,0.564233,0.024745,0.000038,0.000038,0.000038
CACTACGGGAGCTGCC-1,0.000052,0.000157,0.000052,0.000052,0.000105,0.540813,0.458716,0.000052
CACTACTCAGTTCTGT-1,0.14688,0.274821,0.00003,0.025942,0.453127,0.00003,0.00003,0.09914
CACTCAAGAGCTATGG-1,0.348224,0.381895,0.071031,0.105396,0.000051,0.000025,0.044418,0.04896
CACTCAGCTCTTGAGG-1,0.019679,0.456576,0.000047,0.124146,0.396904,0.000047,0.000047,0.002554
CACTCCTATGTAAGAT-1,0.000037,0.000111,0.05196,0.202925,0.000074,0.505693,0.239162,0.000037
CACTCCTCTCGGTCGG-1,0.000029,0.273689,0.000029,0.35542,0.370748,0.000029,0.000029,0.000029
CACTCGAGCTGAACAA-1,0.123029,0.246762,0.050356,0.090131,0.389172,0.100493,0.000028,0.000028
CACTCGGTTAGGAGGA-1,0.022091,0.491436,0.007073,0.205714,0.225952,0.004566,0.021169,0.021999
CACTCTCAAGCATCGA-1,0.000071,0.000214,0.000071,0.000071,0.000143,0.318288,0.681071,0.000071
CACTCTTCTGCTAGCC-1,0.047283,0.036671,0.184717,0.002554,0.037694,0.6333,0.056202,0.001578
CACTGACGATTGTGGA-1,0.000046,0.062972,0.109949,0.053665,0.165162,0.315585,0.292574,0.000046
CACTGTCCAAGTGAGA-1,0.005054,0.445497,0.000027,0.036058,0.513283,0.000027,0.000027,0.000027
CACTTAATCAGACGGA-1,0.067798,0.43308,0.077752,0.201683,0.01154,0.000021,0.000021,0.208104
CACTTCGCCACAGGCT-1,0.033381,0.414829,0.048898,0.039755,0.395683,0.000033,0.009943,0.057477
CACTTCGTCTTATCTC-1,0.000034,0.000101,0.020072,0.232503,0.74719,0.000034,0.000034,0.000034
CAGAACTTAGCCCTCT-1,0.000032,0.043406,0.102368,0.080788,0.002338,0.600744,0.170293,0.000032
CAGAATAACACACGGA-1,0.565508,0.124721,0.00001,0.00001,0.012668,0.297064,0.00001,0.00001
CAGAATATTCGTTATC-1,0.091095,0.007642,0.174895,0.172078,0.07284,0.481396,0.000027,0.000027
CAGACACCGATCGCTG-1,0.000045,0.000136,0.000045,0.062133,0.000091,0.728731,0.208772,0.000045
CAGACCTGTAAGTGTT-1,0.048531,0.377722,0.051811,0.410494,0.096992,0.000022,0.000022,0.014406
CAGACGAACCTGATAC-1,0.030672,0.090609,0.199001,0.000106,0.0878,0.261598,0.168683,0.161532
CAGAGACGGTCACCCA-1,0.000048,0.000143,0.350015,0.01195,0.056445,0.581304,0.000048,0.000048
CAGAGCATGAGCTTGC-1,0.180223,0.504821,0.000018,0.254683,0.059195,0.000018,0.001025,0.000018
CAGAGCGATGGATGCT-1,0.068045,0.000089,0.00003,0.020353,0.000281,0.911143,0.00003,0.00003
CAGAGGCGATGCATGA-1,0.000064,0.000191,0.160736,0.000064,0.000127,0.661331,0.150621,0.026866
CAGAGTGATTTAACGT-1,0.027148,0.087026,0.000032,0.068336,0.817363,0.000032,0.000032,0.000032
CAGATAATGGGCGGGT-1,0.124733,0.030979,0.000015,0.000015,0.00003,0.562831,0.007233,0.274165
CAGATACTAACATAGT-1,0.042422,0.503186,0.000021,0.190294,0.056244,0.000021,0.016618,0.191193
CAGATATGAAGATGAC-1,0.064065,0.000819,0.00003,0.015039,0.031166,0.747611,0.138994,0.002276
CAGATCATTTAAAGTC-1,0.001248,0.231186,0.04785,0.283979,0.357658,0.078039,0.00002,0.00002
CAGATCCTGGTTTGAA-1,0.000068,0.000203,0.000068,0.038865,0.000135,0.568531,0.392063,0.000068
CAGCAGCCCGTTCCTT-1,0.221976,0.457085,0.000236,0.045605,0.129731,0.036618,0.008942,0.099808
CAGCAGTCCAGACTAT-1,0.417895,0.11308,0.013208,0.000018,0.000036,0.0953,0.171612,0.18885
CAGCAGTCTGTGCTGC-1,0.106952,0.013543,0.000027,0.023095,0.000055,0.537187,0.292921,0.026219
CAGCCCTCACAGGCAG-1,0.0774,0.118096,0.001115,0.000025,0.791501,0.000025,0.000025,0.011813
CAGCCGGGCCCTCTAT-1,0.047054,0.136313,0.000045,0.425911,0.330816,0.059773,0.000045,0.000045
CAGCCTCCTGCAGAGG-1,0.000072,0.172594,0.152808,0.468238,0.188139,0.000033,0.000033,0.018083
CAGCCTCGATAGCGGT-1,0.009333,0.212456,0.094524,0.019995,0.057302,0.361729,0.244603,0.000059
CAGCCTCTCCTCAAGA-1,0.104369,0.347954,0.009325,0.160757,0.282637,0.094919,0.00002,0.00002
CAGCGATTCCCTTCAA-1,0.000072,0.000217,0.017731,0.30883,0.001712,0.620369,0.050996,0.000072
CAGCGCCAACACGATA-1,0.053265,0.330958,0.08292,0.198582,0.185722,0.099157,0.002697,0.0467
CAGCTCACTGAGACAT-1,0.000042,0.081434,0.121443,0.629984,0.142338,0.012352,0.012365,0.000042
CAGCTCGACAAGTTAA-1,0.076863,0.377966,0.004542,0.281123,0.238396,0.021078,0.000017,0.000017
CAGCTCGTGCTTGTGT-1,0.000026,0.237029,0.005671,0.049357,0.664383,0.023909,0.015099,0.004525
CAGCTCTGGGCTCACT-1,0.005071,0.00054,0.017967,0.000019,0.057368,0.652214,0.222321,0.044502
CAGCTGGCGTAACCGT-1,0.000028,0.000083,0.334342,0.000028,0.141725,0.52374,0.000028,0.000028
CAGCTTAGTAGGTAGC-1,0.000039,0.024808,0.000039,0.740246,0.234751,0.000039,0.000039,0.000039
CAGGAAGACTTTATAT-1,0.036701,0.214409,0.000034,0.158849,0.56353,0.004122,0.022322,0.000034
CAGGACAGCTGCCCTT-1,0.268045,0.300719,0.047752,0.25788,0.125056,0.000525,0.000011,0.000011
CAGGATATATCGTTGT-1,0.008731,0.016754,0.58816,0.000054,0.250343,0.027391,0.000054,0.108512
CAGGATCCGCCCGACC-1,0.016894,0.314061,0.00651,0.032904,0.555666,0.073915,0.000025,0.000025
CAGGCAGTCTTACCAG-1,0.046614,0.037423,0.064758,0.000029,0.017476,0.611288,0.129259,0.093154
CAGGCCAGTACCACCT-1,0.000037,0.000112,0.113905,0.000128,0.046916,0.732866,0.105997,0.000037
CAGGCCGTTTGGGTGT-1,0.423634,0.263237,0.167861,0.039306,0.0624,0.000014,0.000014,0.043534
CAGGCGCACGGTGGTC-1,0.081346,0.000094,0.067548,0.076835,0.043964,0.411948,0.318235,0.000031
CAGGCGCCATGCTAGG-1,0.00013,0.000391,0.00013,0.199072,0.000261,0.59245,0.207436,0.00013
CAGGGAGATAGGCCAG-1,0.000042,0.000127,0.000042,0.000042,0.000085,0.520014,0.479604,0.000042
CAGGGCTAACGAAACC-1,0.010105,0.590168,0.000013,0.000013,0.372508,0.027169,0.000013,0.000013
CAGGTTTAGTACTACA-1,0.000025,0.255803,0.017756,0.241811,0.484531,0.000025,0.000025,0.000025
CAGTAACTATTTATTG-1,0.071812,0.630107,0.026298,0.029678,0.216976,0.000958,0.000016,0.024156
CAGTAATCCCTCCCAG-1,0.000422,0.449511,0.00002,0.097143,0.270098,0.00002,0.004399,0.178387
CAGTACATTCTCTAAA-1,0.00002,0.18664,0.005028,0.550864,0.220112,0.021311,0.004296,0.011728
CAGTACCAGTTTACGT-1,0.000044,0.000131,0.194332,0.022206,0.227086,0.556114,0.000044,0.000044
CAGTAGATGATGTCCG-1,0.024033,0.364014,0.065344,0.155025,0.267054,0.088801,0.005813,0.029914
CAGTAGCCCACGCGGT-1,0.02242,0.435547,0.003,0.393123,0.14062,0.000015,0.001377,0.003899
CAGTAGCGAGGTAGTA-1,0.000043,0.000129,0.000043,0.023436,0.97622,0.000043,0.000043,0.000043
CAGTCCAACGCCTTCT-1,0.166403,0.199677,0.062651,0.162578,0.394742,0.00642,0.002083,0.005446
CAGTCGAGGATGCAAT-1,0.026718,0.488002,0.07554,0.160298,0.205218,0.033471,0.000015,0.01074
CAGTCTCTCGGCTAAT-1,0.00005,0.000151,0.00005,0.105455,0.894142,0.00005,0.00005,0.00005
CAGTCTGTATACTGGG-1,0.000092,0.000277,0.173757,0.651659,0.000185,0.089999,0.083939,0.000092
CAGTGAATAAATGACT-1,0.016143,0.844784,0.000008,0.004092,0.001119,0.000008,0.004265,0.12958
CAGTGGTTGCACATGA-1,0.001813,0.072606,0.005354,0.123298,0.796821,0.000036,0.000036,0.000036
CAGTGTCCGCAGAATG-1,0.000054,0.000988,0.000054,0.241003,0.741899,0.000054,0.015894,0.000054
CAGTGTCGGCTGGCCC-1,0.03578,0.013887,0.214074,0.000033,0.049097,0.608092,0.020131,0.058906
CAGTGTTAATCTCTCA-1,0.000027,0.000081,0.044822,0.000027,0.000054,0.777566,0.1245,0.052922
CAGTTCAAATTGACAC-1,0.064828,0.492373,0.000028,0.15555,0.000056,0.000028,0.003257,0.283881
CAGTTCCGCGGGTCGA-1,0.015049,0.465284,0.002691,0.266462,0.209457,0.000024,0.012014,0.029018
CAGTTCGAGGACCCGA-1,0.000067,0.000201,0.000067,0.000067,0.000134,0.569318,0.430081,0.000067
CATAACGGACAGTCGT-1,0.015276,0.225349,0.070395,0.457121,0.2318,0.00002,0.00002,0.00002
CATAAGAAGCTTGGCT-1,0.000049,0.012511,0.043849,0.174521,0.035079,0.692521,0.041421,0.000049
CATAAGCTCTCCGTCT-1,0.000055,0.000119,0.12114,0.532739,0.243323,0.102544,0.00004,0.00004
CATAATGAGCGGGCGA-1,0.007636,0.16606,0.000027,0.000027,0.826171,0.000027,0.000027,0.000027
CATACAAAGCCGAACC-1,0.014531,0.236924,0.000033,0.007778,0.727765,0.012904,0.000033,0.000033
CATACACGGTTCCCAC-1,0.000037,0.019221,0.083406,0.024634,0.001849,0.860614,0.010203,0.000037
CATACCCGTACCCAGT-1,0.121004,0.095732,0.029785,0.447953,0.241003,0.064467,0.000028,0.000028
CATACGAACTAGCTGG-1,0.000022,0.000067,0.064464,0.000022,0.002838,0.718095,0.131266,0.083224
CATACGGCGTCTGGGC-1,0.120423,0.002572,0.066574,0.685389,0.112053,0.002738,0.010217,0.000036
CATACGGGTGCATGAT-1,0.000038,0.004982,0.000038,0.000895,0.993934,0.000038,0.000038,0.000038
CATACTATGTAATTGT-1,0.186035,0.048371,0.00154,0.468787,0.238554,0.000033,0.020265,0.036416
CATACTTAGGCAATAC-1,0.220777,0.367725,0.005831,0.256272,0.118237,0.031126,0.000016,0.000016
CATACTTCTTTCTCCG-1,0.000015,0.000046,0.001335,0.000015,0.000031,0.892869,0.000015,0.105673
CATAGAGGAGATACTA-1,0.000021,0.000062,0.000021,0.000556,0.018645,0.958617,0.022058,0.000021
CATAGCCGCCCGGGAT-1,0.026171,0.559309,0.000019,0.094825,0.285521,0.00617,0.011067,0.016919
CATAGCGTTGCCCACC-1,0.000033,0.006292,0.08571,0.000033,0.237172,0.670694,0.000033,0.000033
CATAGGGACACTTGTG-1,0.000077,0.024691,0.000077,0.042259,0.000155,0.503399,0.390841,0.0385
CATAGTACATTGAGAG-1,0.027447,0.466881,0.000032,0.076358,0.414225,0.014993,0.000032,0.000032
CATAGTAGCATAGTAG-1,0.018118,0.302316,0.000037,0.16987,0.509546,0.000037,0.000037,0.000037
CATAGTCAAATACATA-1,0.010254,0.017296,0.001069,0.00042,0.076828,0.894108,0.000012,0.000012
CATAGTCCACAAGAAC-1,0.141674,0.141023,0.318458,0.049255,0.296267,0.042758,0.000517,0.01005
CATAGTGGGCACGCCT-1,0.096403,0.000144,0.125681,0.015864,0.000096,0.625823,0.135894,0.000095
CATATACTACTGATAA-1,0.012459,0.647723,0.000227,0.114819,0.206474,0.000015,0.000015,0.018266
CATATAGGTACAGTCA-1,0.000041,0.073257,0.616648,0.001036,0.195727,0.089853,0.000041,0.023397
CATATGTCAGGCTACG-1,0.299937,0.091118,0.216243,0.000654,0.208603,0.150817,0.021034,0.011594
CATATTATTTGCCCTA-1,0.000094,0.000746,0.014529,0.151026,0.833326,0.000094,0.000094,0.000094
CATCAAACTGGCGCCC-1,0.035513,0.521348,0.000014,0.136934,0.215231,0.000014,0.000014,0.090932
CATCAACACCTACTAA-1,0.007663,0.191554,0.004257,0.051305,0.745167,0.000018,0.000018,0.000018
CATCATCTACCCGGAC-1,0.051361,0.578879,0.024541,0.017548,0.194901,0.000025,0.000025,0.132719
CATCATTACCCTGAGG-1,0.000031,0.000092,0.013776,0.002105,0.050789,0.490671,0.104703,0.337833
CATCCAATATAGTTTG-1,0.000022,0.000065,0.000022,0.000022,0.000043,0.321752,0.606205,0.071869
CATCCCGAGATTCATA-1,0.035674,0.015126,0.003989,0.000013,0.048575,0.455413,0.016444,0.424765
CATCCGCAGGCCCGAA-1,0.000031,0.000094,0.000031,0.384321,0.583919,0.031541,0.000031,0.000031
CATCCTCTCAAAGATC-1,0.259411,0.029003,0.005248,0.055987,0.092023,0.434947,0.123348,0.000034
CATCGAATGGATCTCT-1,0.000097,0.000291,0.150487,0.000534,0.8483,0.000097,0.000097,0.000097
CATCGCCCGCGGCCAA-1,0.024714,0.706225,0.000013,0.001208,0.26352,0.000013,0.000013,0.004296
CATCGGACGGGTTAAT-1,0.354733,0.032921,0.017528,0.378462,0.000093,0.000047,0.02711,0.189105
CATCGTCCGGTTACTA-1,0.007624,0.376343,0.000011,0.020656,0.460371,0.073664,0.000011,0.061318
CATCTACCCGAGAACG-1,0.075691,0.187745,0.00264,0.17122,0.562591,0.000038,0.000038,0.000038
CATCTAGTGAAGGGAA-1,0.032419,0.011248,0.141998,0.675176,0.094004,0.024931,0.020195,0.00003
CATCTATCCCGTGTCT-1,0.06839,0.77244,0.000013,0.003624,0.034033,0.000013,0.004869,0.116617
CATCTGCAGGATCATT-1,0.068579,0.409353,0.003289,0.03811,0.457152,0.022921,0.000011,0.000583
CATCTTACACCACCTC-1,0.053402,0.150604,0.135859,0.587678,0.001096,0.000033,0.071295,0.000033
CATGAACCGACATTTG-1,0.000066,0.004017,0.00368,0.331739,0.656073,0.004293,0.000066,0.000066
CATGAACCTCTTATCA-1,0.000428,0.108599,0.000033,0.083586,0.767028,0.000033,0.000033,0.040262
CATGACTTCGCTGAAT-1,0.102481,0.216701,0.000029,0.464273,0.001667,0.000029,0.011238,0.203581
CATGAGATGCACTCTC-1,0.011595,0.000087,0.000029,0.000029,0.000058,0.541206,0.283098,0.163897
CATGAGTCCATCACGG-1,0.000041,0.000124,0.220379,0.000041,0.000083,0.676772,0.102518,0.000041
CATGATACGGTGAAAC-1,0.000024,0.000071,0.000024,0.007967,0.062657,0.92921,0.000024,0.000024
CATGATCGCTTTGAGA-1,0.000042,0.000125,0.044018,0.000042,0.000083,0.744913,0.175123,0.035654
CATGATGCACAATTCT-1,0.005134,0.657046,0.004178,0.149274,0.098579,0.000022,0.012355,0.073413
CATGATGGAAGTTAGC-1,0.174706,0.022099,0.237249,0.529168,0.004682,0.000055,0.031984,0.000055
CATGCACATGAGAGGC-1,0.000044,0.000131,0.000044,0.000044,0.000088,0.66269,0.332833,0.004127
CATGCACGTGTTACTG-1,0.181485,0.152045,0.000055,0.000055,0.666195,0.000055,0.000055,0.000055
CATGCATGGAGACCCT-1,0.034121,0.208553,0.000026,0.056653,0.666088,0.000026,0.000026,0.034506
CATGCCAACTCGCAAA-1,0.146369,0.019398,0.013929,0.253209,0.000077,0.13754,0.188597,0.240881
CATGCGACCAGTTTAA-1,0.005574,0.751755,0.00001,0.185781,0.056849,0.00001,0.00001,0.00001
CATGCGTTAGACAGAA-1,0.008988,0.586226,0.054192,0.001061,0.236653,0.000021,0.000021,0.11284
CATGCGTTGAGAGGAG-1,0.000079,0.000238,0.016718,0.000079,0.017055,0.483516,0.482235,0.000079
CATGCTGGCTCCAATT-1,0.011313,0.494575,0.000024,0.03288,0.409123,0.000024,0.000024,0.052038
CATGGAAATGGGACCA-1,0.046461,0.379124,0.243307,0.099528,0.196596,0.000054,0.000054,0.034876
CATGGATTGTCTTCCG-1,0.000026,0.000079,0.142309,0.000026,0.040148,0.580245,0.033463,0.203703
CATGGCAGGAAGATCG-1,0.000044,0.094005,0.018935,0.33963,0.547254,0.000044,0.000044,0.000044
CATGGGTATGCCTTAT-1,0.000061,0.000184,0.000061,0.119166,0.000123,0.630575,0.249768,0.000061
CATGGGTCGGGTGTGG-1,0.123539,0.569391,0.001562,0.171724,0.021648,0.031584,0.01138,0.069172
CATGGTAAGTAGCGTT-1,0.047912,0.02104,0.029116,0.036041,0.000062,0.865768,0.000031,0.000031
CATGGTATTAGTTTGT-1,0.000021,0.000063,0.101306,0.000776,0.014579,0.801087,0.082147,0.000021
CATGGTCTAGATACCG-1,0.05443,0.680848,0.113824,0.046808,0.104036,0.000018,0.000018,0.000018
CATGGTTTATTAATCA-1,0.377203,0.085633,0.008486,0.000009,0.024805,0.449503,0.003891,0.05047
CATGTAAGAGACATTT-1,0.00006,0.00018,0.181632,0.082892,0.001428,0.710463,0.023284,0.00006
CATGTAGGAGCGCCAA-1,0.034867,0.657464,0.000037,0.025612,0.235245,0.025911,0.000037,0.020826
CATGTCTCATTTATGG-1,0.087415,0.000216,0.062651,0.156351,0.000144,0.158053,0.305488,0.229682
CATGTGGGCTCATCAC-1,0.000042,0.000126,0.000042,0.000042,0.000084,0.734829,0.264791,0.000042
CATTACATAGATTGTG-1,0.100472,0.247675,0.000016,0.232487,0.36661,0.052707,0.000016,0.000016
CATTACGCAGGAAGGG-1,0.259559,0.036676,0.000013,0.000013,0.00539,0.696314,0.001209,0.000827
CATTACGTCGGCCCGT-1,0.002835,0.404893,0.035847,0.239006,0.317303,0.000039,0.000039,0.000039
CATTATAACAGGGTCC-1,0.000035,0.000106,0.077086,0.0147,0.857183,0.042961,0.007893,0.000035
CATTATCCCATTAACG-1,0.000037,0.000112,0.251032,0.000037,0.000074,0.605234,0.127119,0.016354
CATTATGCTTGTTGTG-1,0.028756,0.626245,0.008081,0.193765,0.091861,0.000024,0.016095,0.035174
CATTCACTGACAGCTA-1,0.000041,0.065531,0.002461,0.140584,0.791262,0.000041,0.000041,0.000041
CATTCAGGTCAGTGCG-1,0.000037,0.047653,0.000037,0.000037,0.952124,0.000037,0.000037,0.000037
CATTCCCATTCCGTCG-1,0.3084,0.534913,0.023451,0.00485,0.093215,0.000007,0.011054,0.024111
CATTCCCTAAGTACAA-1,0.000039,0.069651,0.000039,0.088563,0.74738,0.000039,0.000039,0.09425
CATTCGTCGTAGCGGT-1,0.000071,0.000214,0.000071,0.000071,0.000143,0.506699,0.492659,0.000071
CATTGATGAACACGCC-1,0.003167,0.230229,0.045916,0.296875,0.353945,0.002196,0.01448,0.053193
CATTGCAAAGCATAAT-1,0.000086,0.000257,0.22778,0.398502,0.321433,0.000086,0.051772,0.000086
CATTGCGAAATGGGCG-1,0.160141,0.419073,0.008135,0.251511,0.125627,0.000013,0.018521,0.016979
CATTGCGGGTCAATTC-1,0.048895,0.698014,0.025297,0.191944,0.035045,0.000019,0.000019,0.000766
CATTGTGTGCTAGATC-1,0.000068,0.02494,0.051187,0.251507,0.540173,0.035905,0.035105,0.061114
CATTTAGCGGACCATG-1,0.067694,0.57738,0.000501,0.245914,0.092161,0.014148,0.000014,0.002189
CATTTATCGTTCAAGA-1,0.000084,0.000253,0.000084,0.206043,0.793282,0.000084,0.000084,0.000084
CATTTCTAGCAGACTA-1,0.009463,0.584857,0.00003,0.00003,0.405529,0.00003,0.00003,0.00003
CATTTGAGTGGTACGT-1,0.00012,0.000359,0.193997,0.276823,0.061007,0.466123,0.001452,0.00012
CCAAACAGAACCCTCG-1,0.000021,0.127024,0.257183,0.000021,0.500529,0.000282,0.000021,0.114917
CCAAAGCAGTTGGTTG-1,0.000029,0.000086,0.000029,0.190821,0.770775,0.000029,0.028487,0.009744
CCAAAGTCCCGCTAAC-1,0.045437,0.153067,0.006683,0.003411,0.791345,0.000019,0.000019,0.000019
CCAAATAACAAGATTC-1,0.00042,0.000048,0.407272,0.000016,0.016205,0.49832,0.007074,0.070645
CCAAATCAAAGGGCAA-1,0.164636,0.000054,0.005733,0.000018,0.000036,0.284676,0.208534,0.336313
CCAACCTTATGTAACT-1,0.000033,0.000098,0.025518,0.000033,0.000065,0.650123,0.324098,0.000033
CCAACGATGCACTGAT-1,0.00003,0.126606,0.183977,0.55678,0.132516,0.00003,0.00003,0.00003
CCAACGCTTGCCAGGG-1,0.020086,0.914563,0.000013,0.000013,0.065288,0.000013,0.000013,0.000013
CCAACTTGATAGATCC-1,0.051973,0.030344,0.123532,0.253446,0.165169,0.375492,0.000022,0.000022
CCAAGAAAGTGGGCGA-1,0.000043,0.075355,0.132011,0.031945,0.000086,0.37633,0.382618,0.001612
CCAAGACTTCTGCGAA-1,0.011435,0.914085,0.000008,0.000008,0.000015,0.000008,0.000008,0.074434
CCAAGCGTAACTCGTA-1,0.00004,0.000121,0.077613,0.810192,0.091129,0.020824,0.00004,0.00004
CCAAGGAACAGAGAGG-1,0.000034,0.23105,0.080246,0.109815,0.546055,0.000034,0.000034,0.032732
CCAAGGTTGCCCTTTC-1,0.018952,0.000041,0.001065,0.000013,0.040501,0.939402,0.000013,0.000013
CCAAGTTTCTACAGAT-1,0.000027,0.064219,0.000027,0.067682,0.842778,0.025213,0.000027,0.000027
CCAATAGTGCCGTCGA-1,0.054463,0.21774,0.062692,0.544637,0.113115,0.000031,0.000031,0.007291
CCAATCGGTAGATCGA-1,0.00005,0.087946,0.097177,0.360893,0.453784,0.00005,0.00005,0.00005
CCAATGTCACAGCAAG-1,0.14463,0.165441,0.093605,0.508077,0.088171,0.000025,0.000025,0.000025
CCAATTACGGGTCGAG-1,0.038434,0.867034,0.000007,0.005395,0.003379,0.000007,0.001325,0.084419
CCAATTGAATGTTAAT-1,0.000028,0.151359,0.065296,0.190672,0.570603,0.021987,0.000028,0.000028
CCACAATGTACGTCTT-1,0.123143,0.442448,0.002014,0.263881,0.168475,0.000013,0.000013,0.000013
CCACACTGAGATATTA-1,0.245127,0.364769,0.146227,0.086462,0.054402,0.000023,0.000023,0.102969
CCACAGCTGAAATCAT-1,0.000048,0.062711,0.000048,0.12971,0.80734,0.000048,0.000048,0.000048
CCACAGTACCCATCCT-1,0.010194,0.000162,0.310017,0.152015,0.13294,0.320197,0.05052,0.023955
CCACATACTGCACCCA-1,0.229161,0.039238,0.077165,0.063569,0.102441,0.478542,0.008237,0.001647
CCACATGGCTCTTTAT-1,0.000023,0.031373,0.006163,0.121541,0.053431,0.416402,0.371043,0.000023
CCACCAACTTTACTGT-1,0.000049,0.000147,0.226763,0.000049,0.000129,0.738879,0.033936,0.000049
CCACCCAAGGAAAGTG-1,0.109168,0.324913,0.275085,0.142608,0.110358,0.000014,0.000014,0.037839
CCACCTGTATGGAATA-1,0.049038,0.000051,0.000017,0.000017,0.000034,0.191803,0.496789,0.262252
CCACGAATTTAACCTC-1,0.167537,0.216652,0.050597,0.380077,0.175174,0.001113,0.008834,0.000017
CCACGAGAAGAGAATC-1,0.045629,0.548759,0.012125,0.167831,0.211807,0.013787,0.000031,0.000031
CCACGGAGCCATAAGA-1,0.251383,0.127738,0.24373,0.036959,0.017767,0.312529,0.008116,0.001778
CCACGGCAGGTGTAGG-1,0.000023,0.00007,0.000023,0.000023,0.000047,0.781455,0.218334,0.000023
CCACGGTGCCCGGTAG-1,0.004503,0.48143,0.099718,0.288931,0.081183,0.044192,0.000021,0.000021
CCACGTAAATTAGACT-1,0.213889,0.416014,0.003631,0.255709,0.08311,0.009668,0.006296,0.011683
CCACTAAACTGAATCG-1,0.000064,0.000192,0.000064,0.257276,0.742212,0.000064,0.000064,0.000064
CCACTATCCGGGTCAC-1,0.065607,0.510744,0.058253,0.17284,0.127252,0.000012,0.003096,0.062196
CCACTCAGATCCGCAA-1,0.000015,0.000045,0.000015,0.005953,0.066621,0.92732,0.000015,0.000015
CCACTGGTGGCTGGTT-1,0.180077,0.166206,0.037865,0.51566,0.032531,0.007044,0.010095,0.050523
CCACTGTTTGGATTAA-1,0.000043,0.000129,0.000045,0.062672,0.000086,0.619715,0.317268,0.000043
CCACTTTCCTTCTAGG-1,0.010918,0.042991,0.000034,0.000034,0.027141,0.918813,0.000034,0.000034
CCAGAAACTGATGCGA-1,0.000021,0.000063,0.000021,0.000021,0.000042,0.730737,0.241318,0.027778
CCAGAAAGCAACTCAT-1,0.389511,0.060155,0.057494,0.002185,0.001482,0.22402,0.16917,0.095983
CCAGAGACAAAGCCGG-1,0.000031,0.000092,0.000031,0.345076,0.625443,0.029266,0.000031,0.000031
CCAGATAGTTGAGTGA-1,0.116529,0.708701,0.004373,0.045114,0.098482,0.000012,0.000012,0.026777
CCAGATGTAAATGGGT-1,0.046829,0.794354,0.000009,0.043121,0.067124,0.038426,0.000009,0.010128
CCAGCCTGGACCAATA-1,0.26379,0.392032,0.074691,0.102024,0.124919,0.041439,0.000016,0.00109
CCAGCGGGATCACCAG-1,0.204394,0.404837,0.002534,0.195981,0.085005,0.107226,0.000011,0.000011
CCAGCTACGCCTCATA-1,0.01295,0.316431,0.007426,0.001859,0.622815,0.000032,0.000032,0.038454
CCAGCTCGAACGCATT-1,0.000039,0.000117,0.000039,0.0589,0.029992,0.910834,0.000039,0.000039
CCAGCTGATGGTACTT-1,0.007014,0.056844,0.192237,0.630362,0.002301,0.000055,0.003467,0.10772
CCAGCTTCCGCCCGCA-1,0.04545,0.224912,0.073858,0.120061,0.532273,0.000023,0.001828,0.001595
CCAGGCGAGATGGTCT-1,0.250035,0.018925,0.000017,0.009181,0.033568,0.604988,0.083269,0.000017
CCAGGCTGGCGTCTGA-1,0.048483,0.000082,0.286132,0.000027,0.034253,0.503338,0.029073,0.098611
CCAGGGACGTGGCCTC-1,0.045818,0.148421,0.058933,0.644223,0.084114,0.000032,0.000032,0.018426
CCAGTAGTCTGATCCA-1,0.149622,0.413722,0.000032,0.150116,0.216018,0.070463,0.000014,0.000014
CCAGTCAAATCTCTTA-1,0.015818,0.193451,0.27192,0.19611,0.204786,0.000028,0.000095,0.117793
CCAGTCCATTATTCGA-1,0.000041,0.13861,0.000041,0.007126,0.854062,0.000041,0.000041,0.000041
CCAGTCTAGACGGCGC-1,0.008846,0.511127,0.043051,0.265837,0.12851,0.000015,0.000015,0.0426
CCAGTCTTGTCATAGA-1,0.387234,0.069582,0.000027,0.007876,0.037515,0.416049,0.08169,0.000027
CCAGTGTACAGACCGA-1,0.000054,0.000161,0.145769,0.0081,0.021381,0.677386,0.147096,0.000054
CCAGTTCGGTAACTCA-1,0.000025,0.000075,0.075352,0.000025,0.100775,0.823698,0.000025,0.000025
CCATAAACAACCCGAC-1,0.032861,0.771094,0.000012,0.011384,0.14922,0.000012,0.000012,0.035404
CCATAACCTGTGCAGT-1,0.006499,0.015843,0.101879,0.044149,0.083971,0.510323,0.232047,0.00529
CCATACCTTTACTTGT-1,0.12117,0.349577,0.043051,0.34979,0.005836,0.000402,0.076683,0.053491
CCATAGAGGCTGCCAG-1,0.038319,0.3452,0.067883,0.077621,0.089546,0.232063,0.072722,0.076646
CCATAGGTTGGCGTGG-1,0.000033,0.417015,0.000033,0.273787,0.296965,0.000033,0.000033,0.0121
CCATAGTCAGTAACCC-1,0.00779,0.153226,0.001185,0.161721,0.663223,0.012798,0.000028,0.000028
CCATATGGAAACTATA-1,0.010184,0.000089,0.00003,0.259911,0.006672,0.698055,0.025031,0.00003
CCATATTGGATCATGA-1,0.008057,0.411119,0.000017,0.000017,0.580738,0.000017,0.000017,0.000017
CCATCCATACCAAGTC-1,0.031353,0.328245,0.000032,0.072539,0.31027,0.051994,0.000032,0.205535
CCATCGCAGTTAAACT-1,0.123651,0.025096,0.070881,0.069689,0.067027,0.623219,0.000024,0.020414
CCATCTCACCAGTGAA-1,0.185092,0.113305,0.036135,0.620065,0.01184,0.022726,0.010803,0.000034
CCATCTTGTTCACAAT-1,0.007366,0.570474,0.00002,0.00002,0.422062,0.00002,0.00002,0.00002
CCATGCCCTAGATTTC-1,0.143603,0.014275,0.006544,0.055734,0.041893,0.418917,0.317363,0.001671
CCATGCCTGTTTAGTA-1,0.00236,0.000144,0.004213,0.91716,0.008095,0.066724,0.001255,0.000048
CCATGCTCTGCAGGAA-1,0.006509,0.989907,0.000011,0.000431,0.003111,0.000011,0.000011,0.000011
CCATGGCAAACGCTCA-1,0.000024,0.00201,0.028091,0.000024,0.005825,0.725592,0.229415,0.00902
CCATGGCCCTTGTACC-1,0.000613,0.665847,0.140017,0.12207,0.068056,0.003365,0.000015,0.000015
CCATGTTCATCTATAT-1,0.003034,0.000113,0.024339,0.036427,0.02815,0.577734,0.330166,0.000038
CCATTAGCGATAATCC-1,0.0949,0.187503,0.027558,0.475832,0.187663,0.000029,0.020094,0.006421
CCATTCCCTGCCCACA-1,0.102714,0.113501,0.029436,0.462674,0.241596,0.000033,0.045876,0.00417
CCATTGTTTCCTCCAT-1,0.084557,0.264108,0.000015,0.139119,0.321559,0.190611,0.000015,0.000015
CCATTTCTACCTATTA-1,0.067644,0.000182,0.201745,0.067282,0.094887,0.478491,0.083507,0.006262
CCCAAACATGCTGCTC-1,0.01829,0.746609,0.000007,0.01047,0.000015,0.000007,0.006581,0.21802
CCCAACATACGTCGCG-1,0.003405,0.06944,0.477006,0.15651,0.03577,0.045318,0.009473,0.203077
CCCAACCACACTAACA-1,0.082145,0.046665,0.000031,0.193623,0.584321,0.023579,0.02186,0.047776
CCCAAGAATGCACGGT-1,0.027404,0.016253,0.056167,0.094121,0.783517,0.000051,0.000051,0.022435
CCCAAGACAGAGTATG-1,0.00004,0.000121,0.00004,0.072483,0.927194,0.00004,0.00004,0.00004
CCCAAGTCATTACACT-1,0.000012,0.127117,0.000012,0.000012,0.000743,0.87208,0.000012,0.000012
CCCAATGAGATTTGCA-1,0.000029,0.000086,0.000029,0.055578,0.000356,0.88324,0.060654,0.000029
CCCAATTTCACAACTT-1,0.124322,0.544716,0.010188,0.0605,0.025704,0.000014,0.001049,0.233506
CCCAGAGGAGGGCGTA-1,0.000021,0.040676,0.022305,0.403944,0.48035,0.052662,0.000021,0.000021
CCCAGATTCCCGTGAC-1,0.000026,0.000077,0.006779,0.000026,0.042985,0.833702,0.040146,0.076259
CCCAGGAAGAATTCGA-1,0.00003,0.000091,0.00003,0.00003,0.056248,0.943508,0.00003,0.00003
CCCAGGTCTGAAGGCT-1,0.061753,0.000113,0.194724,0.117632,0.074795,0.532281,0.018665,0.000038
CCCAGTAAACTTGGGA-1,0.000123,0.00037,0.041462,0.371581,0.000246,0.381828,0.204266,0.000123
CCCAGTTAAGGCGCCG-1,0.332876,0.168077,0.042033,0.171664,0.058767,0.000021,0.010293,0.216269
CCCATATAGGTCGATT-1,0.015753,0.214394,0.034556,0.091669,0.126858,0.344851,0.171868,0.000051
CCCATTATTGTATCCT-1,0.000033,0.037287,0.013845,0.000033,0.050459,0.877259,0.001291,0.019793
CCCGAAGTTTCGCGAA-1,0.394276,0.116608,0.0401,0.20238,0.123548,0.057326,0.065742,0.000019
CCCGACCATAGTCCGC-1,0.015205,0.717996,0.006412,0.112957,0.085447,0.000017,0.014344,0.047622
CCCGAGTTTCTCCGTA-1,0.045234,0.00448,0.211186,0.076268,0.01791,0.166115,0.131582,0.347226
CCCGATAGCCTCGCCT-1,0.286268,0.337439,0.016788,0.195388,0.08559,0.062901,0.000822,0.014805
CCCGCAAATAATCATC-1,0.288558,0.00178,0.000019,0.000019,0.006629,0.520182,0.135838,0.046976
CCCGCAGCGCGAACTA-1,0.216434,0.068401,0.219757,0.004127,0.01587,0.248839,0.222248,0.004324
CCCGCAGGGCCCAAAG-1,0.000391,0.309543,0.000034,0.089093,0.600838,0.000034,0.000034,0.000034
CCCGCCATGCTCCCGT-1,0.056279,0.145289,0.008851,0.184316,0.46994,0.113902,0.000045,0.021378
CCCGCGCAATGCACCC-1,0.000037,0.000111,0.001215,0.432749,0.45707,0.096389,0.012392,0.000037
CCCGCTAGAGGGTTAA-1,0.000132,0.094959,0.109425,0.317083,0.334966,0.106538,0.036765,0.000132
CCCGCTTGCCCTCGTC-1,0.000045,0.000136,0.050841,0.016499,0.932343,0.000045,0.000045,0.000045
CCCGGCACGTGTCAGG-1,0.057595,0.000088,0.000029,0.000029,0.020382,0.921818,0.000029,0.000029
CCCGGCTAGGTGAGAA-1,0.039898,0.618712,0.000015,0.000015,0.322903,0.018427,0.000015,0.000015
CCCGGGTCGTTCAGGG-1,0.076893,0.031192,0.118234,0.012094,0.040795,0.654252,0.066136,0.000404
CCCGGTGGAAGAACCT-1,0.005856,0.383862,0.00002,0.116829,0.35415,0.00002,0.011714,0.127547
CCCGGTGTATCGGAAT-1,0.056606,0.179626,0.236665,0.097022,0.101323,0.228686,0.068277,0.031795
CCCGTAAGTCTAGGCC-1,0.10626,0.518353,0.129481,0.016306,0.096068,0.000015,0.000015,0.133502
CCCGTAGCTGGGAAGA-1,0.000026,0.000078,0.133379,0.007174,0.062936,0.796356,0.000026,0.000026
CCCGTCAGCGTCTGAC-1,0.10289,0.647159,0.000015,0.000737,0.166513,0.082656,0.000015,0.000015
CCCGTGACAGTGCCTT-1,0.037473,0.055279,0.000036,0.000036,0.000071,0.8983,0.00877,0.000036
CCCGTGAGGGCGGTGA-1,0.034422,0.055165,0.08419,0.232371,0.083847,0.326755,0.154689,0.02856
CCCGTGGGTTAATTGA-1,0.00181,0.529106,0.000021,0.000021,0.442501,0.014409,0.000021,0.012111
CCCGTTTCGCAGATGT-1,0.000054,0.000161,0.2843,0.10015,0.083565,0.280605,0.251111,0.000054
CCCTACCCACACCCAG-1,0.000013,0.000039,0.014022,0.000013,0.000026,0.732149,0.000013,0.253724
CCCTACTTGAACAATG-1,0.046647,0.020312,0.000016,0.000109,0.074039,0.855889,0.002973,0.000016
CCCTAGCTCTAAGGTC-1,0.000036,0.000108,0.038491,0.000036,0.062401,0.898856,0.000036,0.000036
CCCTAGTGTCAGGTGT-1,0.000173,0.074591,0.017242,0.043487,0.864357,0.00005,0.00005,0.00005
CCCTATGTAGAGCAGA-1,0.000032,0.000096,0.109672,0.000032,0.019196,0.440896,0.337952,0.092123
CCCTCAGATCGAGAAC-1,0.000031,0.000094,0.061848,0.000031,0.000063,0.710375,0.222583,0.004974
CCCTCATCACAGAGTA-1,0.000038,0.000113,0.027423,0.000038,0.000075,0.702699,0.128057,0.141558
CCCTCATTCTGGAATT-1,0.000034,0.469525,0.000034,0.115301,0.415002,0.000034,0.000034,0.000034
CCCTCCTCGCTCGTAT-1,0.333394,0.072057,0.12321,0.08507,0.000132,0.09739,0.288187,0.000561
CCCTCGATAATACACA-1,0.000025,0.006696,0.011518,0.000025,0.00005,0.719851,0.248081,0.013756
CCCTCGGGAGCCTTGT-1,0.000046,0.000138,0.028812,0.092284,0.859505,0.019123,0.000046,0.000046
CCCTGAAATGAGTTGA-1,0.108895,0.819004,0.001591,0.024536,0.004458,0.000011,0.000011,0.041494
CCCTGACTAACAAATT-1,0.443419,0.299961,0.070275,0.056303,0.083846,0.00393,0.003274,0.038992
CCCTGATGTAACTCGT-1,0.000041,0.034379,0.008262,0.253487,0.703706,0.000041,0.000041,0.000041
CCCTGCCCAATCCGCT-1,0.111628,0.166372,0.049728,0.395176,0.253383,0.02366,0.000027,0.000027
CCCTGCGCTACGCATA-1,0.08012,0.525199,0.067877,0.001957,0.152677,0.000014,0.000014,0.172143
CCCTGGCTGTTCCTTC-1,0.012072,0.093313,0.071607,0.165239,0.078632,0.34833,0.199858,0.030949
CCCTGGGAGGGATCCT-1,0.000027,0.00008,0.026263,0.000027,0.080948,0.892602,0.000027,0.000027
CCCTGGTATGGGCGGC-1,0.042047,0.124763,0.002419,0.156658,0.58506,0.000041,0.000041,0.088971
CCCTGTTGGCAAAGAC-1,0.000025,0.025318,0.000025,0.085812,0.698923,0.000025,0.020906,0.168967
CCCTTCTCGTACGCGA-1,0.000077,0.00023,0.044236,0.084102,0.871126,0.000077,0.000077,0.000077
CCCTTTAATGGAGTTC-1,0.000045,0.000136,0.000045,0.000045,0.000091,0.441495,0.558096,0.000045
CCCTTTGACAGGTCTT-1,0.031707,0.003216,0.029742,0.03592,0.176077,0.723262,0.000038,0.000038
CCGAAACACGACCTCT-1,0.031094,0.183297,0.098287,0.050794,0.188403,0.369368,0.078722,0.000035
CCGAAAGTGGTGAGCA-1,0.007138,0.283229,0.012113,0.212913,0.42652,0.000068,0.000068,0.057951
CCGAACACTGGGCCTC-1,0.310758,0.203725,0.205836,0.115092,0.039119,0.000585,0.124859,0.000027
CCGAACCTTCCCGGCC-1,0.00007,0.000209,0.34863,0.007131,0.000139,0.506038,0.137714,0.00007
CCGAAGCATTGACCAA-1,0.000035,0.000104,0.171175,0.000035,0.000069,0.390363,0.317718,0.120502
CCGAAGGGCGTACCGC-1,0.054143,0.309957,0.012871,0.296365,0.280159,0.046479,0.000013,0.000013
CCGAAGTATATTGTTC-1,0.000052,0.122945,0.039227,0.171961,0.642126,0.007161,0.016475,0.000052
CCGACAAACACATGAG-1,0.013129,0.328479,0.026281,0.10833,0.47427,0.00002,0.00002,0.049471
CCGACAAAGGGAGTGC-1,0.000021,0.07956,0.183044,0.454677,0.274114,0.00854,0.000021,0.000021
CCGACAATAGGCCGCC-1,0.158465,0.024866,0.197308,0.000019,0.0174,0.554334,0.001336,0.046272
CCGACGGGCATGAGGT-1,0.000044,0.000131,0.193412,0.000044,0.000087,0.667059,0.083081,0.056142
CCGACGTAAACACAAC-1,0.064003,0.301154,0.046245,0.096011,0.49251,0.000026,0.000026,0.000026
CCGACTCGCATAGTCT-1,0.052139,0.019507,0.000043,0.050711,0.855423,0.00556,0.013315,0.003303
CCGAGAAGTCGCATAA-1,0.150071,0.154562,0.394179,0.012173,0.04395,0.007456,0.002114,0.235495
CCGAGCTGTGCTTGTC-1,0.074653,0.543131,0.009599,0.157071,0.215495,0.000017,0.000017,0.000017
CCGAGGGATGTTAGGC-1,0.000048,0.000144,0.000048,0.21702,0.76733,0.000048,0.000048,0.015313
CCGATATGACGTAAGG-1,0.275148,0.014474,0.070646,0.068442,0.112563,0.458675,0.000025,0.000025
CCGATCTCAACCTTAT-1,0.277052,0.346529,0.021266,0.148815,0.152016,0.054294,0.000014,0.000014
CCGATCTTAAGAGGCT-1,0.065937,0.343643,0.017143,0.21223,0.351662,0.000035,0.004327,0.005023
CCGATTCGAGGGACCC-1,0.091242,0.553048,0.040481,0.154889,0.160293,0.000016,0.000016,0.000016
CCGATTGGTCAATGAA-1,0.011114,0.344153,0.070145,0.021102,0.518992,0.030677,0.000027,0.003789
CCGCACAAAGACCAAC-1,0.036164,0.008656,0.077855,0.670558,0.104952,0.086393,0.001399,0.014024
CCGCACACGAACGTGT-1,0.025867,0.064074,0.002621,0.1817,0.009013,0.000019,0.021767,0.694939
CCGCACGTGACCTCGG-1,0.208671,0.289522,0.022847,0.110897,0.260331,0.077103,0.000039,0.03059
CCGCACTTGCAATGAC-1,0.000023,0.000068,0.116043,0.000023,0.000046,0.691851,0.191923,0.000023
CCGCATGTGGTACGAT-1,0.000039,0.000117,0.384481,0.000039,0.039326,0.521971,0.053989,0.000039
CCGCCACCACAATCCA-1,0.01204,0.000614,0.0441,0.251299,0.691831,0.000039,0.000039,0.000039
CCGCCGGAACTTCTCG-1,0.000055,0.000165,0.067465,0.000055,0.00011,0.432833,0.499263,0.000055
CCGCCGGTCAACACAC-1,0.008979,0.40816,0.000024,0.013306,0.569461,0.000024,0.000024,0.000024
CCGCCGTTGAGGATAA-1,0.056611,0.087728,0.328002,0.218251,0.093102,0.036388,0.111808,0.068109
CCGCCTGCGAATTGGT-1,0.052559,0.759321,0.000013,0.038881,0.022629,0.000013,0.001844,0.12474
CCGCCTTGCGATGTCG-1,0.000043,0.003562,0.103465,0.51282,0.263821,0.097504,0.018741,0.000043
CCGCGATTTGGTAGGT-1,0.194293,0.34481,0.01925,0.271684,0.121392,0.007696,0.008906,0.031969
CCGCGGAATGCGTCAC-1,0.316279,0.055979,0.070519,0.032098,0.008343,0.194872,0.321869,0.00004
CCGCGGGTACGAAGAA-1,0.038955,0.30734,0.274204,0.136988,0.19268,0.000023,0.000023,0.049788
CCGCGTAGGTAAGGGC-1,0.215359,0.276998,0.000043,0.167903,0.316042,0.000043,0.011085,0.012526
CCGCTATCAGCACCAG-1,0.000066,0.000199,0.552151,0.23405,0.027384,0.0897,0.096385,0.000066
CCGCTCCAGGGCGATC-1,0.000026,0.000079,0.000185,0.029625,0.000052,0.877766,0.09224,0.000026
CCGCTCCGGATAAGCT-1,0.000025,0.000074,0.150647,0.000025,0.024489,0.676321,0.14008,0.00834
CCGCTCTTCCGAACTA-1,0.000023,0.000069,0.116265,0.000023,0.002622,0.759026,0.068356,0.053615
CCGCTGGTGCCATTCA-1,0.070129,0.153793,0.016288,0.064939,0.629684,0.000047,0.000047,0.065074
CCGCTTACCTCACTCT-1,0.000049,0.000148,0.56673,0.000049,0.073913,0.27722,0.081841,0.000049
CCGCTTCGCGGTTAAC-1,0.000041,0.001123,0.000041,0.141607,0.8422,0.014906,0.000041,0.000041
CCGCTTGCTGACATGG-1,0.250724,0.514708,0.006614,0.082637,0.10092,0.020811,0.009983,0.013603
CCGGAAGTGCAATATG-1,0.061782,0.018514,0.000012,0.000012,0.012825,0.906831,0.000012,0.000012
CCGGAAGTTATCAGTC-1,0.175556,0.047456,0.094493,0.099697,0.117911,0.459226,0.000019,0.005642
CCGGAATGGTTTCAGT-1,0.000033,0.232364,0.06611,0.236849,0.449102,0.015475,0.000033,0.000033
CCGGAGCGTACTTTCT-1,0.00005,0.000151,0.009023,0.123183,0.020011,0.833905,0.013626,0.00005
CCGGAGGTCTTATGGT-1,0.029683,0.649331,0.039001,0.144951,0.135133,0.001869,0.000015,0.000015
CCGGCACGACCGTTTC-1,0.074754,0.180631,0.02316,0.484001,0.092235,0.145177,0.000021,0.000021
CCGGCGCATATTGGAT-1,0.000039,0.197004,0.000039,0.186182,0.61662,0.000039,0.000039,0.000039
CCGGCGTGAGACTCTG-1,0.00003,0.00009,0.368126,0.046338,0.167436,0.417252,0.000699,0.00003
CCGGGACCCGCAGAGA-1,0.012153,0.608202,0.040099,0.024677,0.312239,0.000021,0.000021,0.00259
CCGGGCGGTCTCGTCA-1,0.021502,0.257113,0.279377,0.059785,0.280096,0.036265,0.000021,0.065841
CCGGGCTAAGAATTTC-1,0.000045,0.000135,0.249916,0.000045,0.076558,0.587803,0.085453,0.000045
CCGGGCTGCTCCATAC-1,0.016747,0.132531,0.242474,0.394169,0.062852,0.050698,0.001141,0.099387
CCGGGTTCGAGGTTAC-1,0.075708,0.610013,0.027491,0.012278,0.083877,0.000014,0.000014,0.190604
CCGGTAATGGCTAGTC-1,0.105242,0.502094,0.041567,0.072341,0.076741,0.000009,0.005253,0.196752
CCGGTATCTGGCGACT-1,0.170775,0.019876,0.061595,0.00002,0.042434,0.703454,0.00002,0.001827
CCGGTGCGAGTGATAG-1,0.011377,0.195333,0.000011,0.000011,0.793235,0.000011,0.000011,0.000011
CCGGTTTGTAATTGTG-1,0.00006,0.000181,0.358989,0.00006,0.093762,0.546828,0.00006,0.00006
CCGTAAGTTGGTCCCA-1,0.003834,0.15593,0.118871,0.444719,0.139846,0.04334,0.002114,0.091347
CCGTACCCAAGCGCCA-1,0.000046,0.029495,0.000046,0.090557,0.758779,0.120983,0.000046,0.000046
CCGTAGGAAATCCCTG-1,0.000066,0.000199,0.000066,0.000066,0.000132,0.071615,0.881344,0.046512
CCGTAGGGTTGTTTAC-1,0.000044,0.000133,0.000044,0.000044,0.000089,0.499689,0.499911,0.000044
CCGTATCTCGTCGTAG-1,0.000077,0.000231,0.008114,0.106125,0.000154,0.62055,0.264673,0.000077
CCGTATTAGCGCAGTT-1,0.076494,0.427477,0.082537,0.104022,0.249932,0.057368,0.000017,0.002153
CCGTCAACCTCTGGCG-1,0.00003,0.000091,0.00003,0.00003,0.000061,0.367195,0.632531,0.00003
CCGTGAGGCATTCATG-1,0.032003,0.47616,0.195327,0.014195,0.260928,0.007771,0.000015,0.013603
CCGTGCCCATGACGGC-1,0.000043,0.05727,0.000043,0.073557,0.812733,0.002663,0.017022,0.036669
CCGTGGAACGATCCAA-1,0.038431,0.661233,0.00001,0.189745,0.068704,0.006456,0.013652,0.021769
CCGTGTTAAATTCCAT-1,0.000052,0.000157,0.063861,0.172969,0.099683,0.663173,0.000052,0.000052
CCGTTACGTTAGAACA-1,0.001514,0.03444,0.003558,0.666786,0.293613,0.00003,0.00003,0.00003
CCGTTCCGAATCTCGG-1,0.084058,0.228586,0.140794,0.323941,0.222535,0.000028,0.000028,0.000028
CCGTTTCCTTTCCGTG-1,0.000018,0.000054,0.133211,0.000018,0.046162,0.695278,0.000018,0.125241
CCTAAACAGGGTCCGT-1,0.017751,0.427379,0.000019,0.006771,0.481536,0.066506,0.000019,0.000019
CCTAAAGGCTGACGCT-1,0.039938,0.241757,0.000048,0.23025,0.416203,0.071745,0.000029,0.000029
CCTAAATTAACGGTTC-1,0.135817,0.086513,0.243008,0.400526,0.063305,0.030935,0.037399,0.002498
CCTAAATTGTATCCTA-1,0.000018,0.000053,0.317898,0.000018,0.018902,0.473869,0.000136,0.189106
CCTAACCCAAACAAGT-1,0.257072,0.033572,0.076971,0.167195,0.043907,0.347665,0.016033,0.057586
CCTAACTAAGGCTCTA-1,0.026079,0.508885,0.004068,0.306493,0.124566,0.029879,0.000014,0.000014
CCTAAGTGTCTAACCG-1,0.000032,0.000096,0.302697,0.000032,0.564746,0.132333,0.000032,0.000032
CCTACAAGTCCGGAAT-1,0.000035,0.346426,0.000035,0.043448,0.60995,0.000035,0.000035,0.000035
CCTACAGTTGAGGGAG-1,0.007369,0.000143,0.026648,0.078668,0.031489,0.855588,0.000048,0.000048
CCTACATTCACAGACG-1,0.110489,0.061873,0.221662,0.000025,0.030292,0.344933,0.095455,0.13527
CCTACGCGACCTTACA-1,0.000087,0.00026,0.004659,0.401087,0.569093,0.000087,0.000087,0.024642
CCTACGGCTCAGTCGA-1,0.028061,0.530122,0.000031,0.011291,0.381226,0.049207,0.000031,0.000031
CCTACTCAACACGATT-1,0.037153,0.315029,0.064081,0.103975,0.154453,0.260221,0.048539,0.016548
CCTACTGCGGCGGCCA-1,0.000019,0.157165,0.063326,0.505769,0.267421,0.000019,0.006094,0.000188
CCTACTGCTTACACTT-1,0.005528,0.177166,0.010869,0.432145,0.35346,0.000041,0.02075,0.000041
CCTAGGCGTAGCGATC-1,0.187575,0.339402,0.003082,0.334144,0.000856,0.00002,0.048945,0.085975
CCTAGGTAAAGGTAGC-1,0.000063,0.000188,0.106967,0.333426,0.017178,0.160135,0.381981,0.000063
CCTAGTTAGTCGCATG-1,0.00008,0.348815,0.00008,0.172285,0.462988,0.01559,0.00008,0.00008
CCTATAATGAGTGCCC-1,0.051773,0.041193,0.29943,0.000032,0.040155,0.567353,0.000032,0.000032
CCTATACCGTCCTGTC-1,0.00005,0.000149,0.012625,0.058599,0.145249,0.783229,0.00005,0.00005
CCTATATCGTGTCACG-1,0.000046,0.000137,0.000046,0.019563,0.000091,0.524846,0.455226,0.000046
CCTATATTTGTCCTGG-1,0.000037,0.000112,0.210749,0.000037,0.000075,0.65295,0.136001,0.000037
CCTATCTATATCGGAA-1,0.000036,0.057029,0.0017,0.489062,0.452064,0.000036,0.000036,0.000036
CCTATGAAGTGGTGCC-1,0.090036,0.242851,0.057097,0.327004,0.269039,0.01394,0.000016,0.000016
CCTATGGCTCCTAGTG-1,0.000054,0.000163,0.044844,0.147498,0.000109,0.78579,0.021487,0.000054
CCTATGGGTTACCGTC-1,0.077969,0.182316,0.168489,0.249312,0.293318,0.009282,0.000032,0.019284
CCTATGGTCAAAGCTG-1,0.000049,0.000146,0.030617,0.120468,0.000098,0.826366,0.022207,0.000049
CCTATGTCCACTCCAC-1,0.000031,0.000094,0.18207,0.000031,0.000062,0.728893,0.088787,0.000031
CCTCACCAATCTTGAC-1,0.000047,0.043292,0.014694,0.326642,0.554763,0.060468,0.000047,0.000047
CCTCACCTGAGGGAGC-1,0.078147,0.560519,0.002497,0.231256,0.127306,0.000016,0.000242,0.000016
CCTCACCTTAGCATCG-1,0.047437,0.683969,0.00001,0.019599,0.09215,0.00001,0.000472,0.156351
CCTCACGTCAGCTAAT-1,0.016043,0.016926,0.000045,0.052292,0.00009,0.875344,0.039215,0.000045
CCTCATGCAGCTACGA-1,0.028843,0.047986,0.069905,0.091643,0.617795,0.000066,0.000066,0.143696
CCTCCCGACAATCCCT-1,0.000063,0.024732,0.000063,0.407047,0.567907,0.000063,0.000063,0.000063
CCTCCGACAATTCAAG-1,0.167667,0.750041,0.001675,0.001128,0.024135,0.008854,0.00001,0.046491
CCTCCTAGCTAGAGTC-1,0.000041,0.000123,0.041855,0.000041,0.000082,0.408024,0.549793,0.000041
CCTCCTGAGCCCACAT-1,0.067692,0.163659,0.200343,0.204666,0.331131,0.005953,0.005469,0.021088
CCTCCTGTTGTGTCGT-1,0.000046,0.000139,0.000046,0.000046,0.000092,0.260428,0.583922,0.15528
CCTCGAAGTGGACGGG-1,0.006794,0.438596,0.000267,0.430381,0.123756,0.000069,0.000069,0.000069
CCTCGACCCACTGCCT-1,0.047444,0.222562,0.000034,0.089505,0.61054,0.000034,0.000034,0.029847
CCTCGCCAGCAAATTA-1,0.015213,0.422823,0.002833,0.271904,0.287154,0.000024,0.000024,0.000024
CCTCGCGCGATATAGG-1,0.01534,0.22288,0.000023,0.453474,0.250439,0.057796,0.000023,0.000023
CCTCGCGCTGTGCGAT-1,0.000041,0.000123,0.031791,0.09184,0.023453,0.852669,0.000041,0.000041
CCTCGGACCGGGATAG-1,0.063628,0.172218,0.391853,0.235178,0.044313,0.065981,0.00005,0.026778
CCTCGGATGCTACCTG-1,0.030043,0.28782,0.133889,0.06592,0.401941,0.075067,0.000013,0.005307
CCTCGGTTTCCTTGCC-1,0.062656,0.000076,0.066358,0.000025,0.012353,0.636811,0.221695,0.000025
CCTCGTTACGCCTGTT-1,0.000099,0.000298,0.116696,0.438784,0.309511,0.027537,0.106976,0.000099
CCTCTAATCTGCCAAG-1,0.070933,0.659565,0.010932,0.215109,0.034878,0.000026,0.008532,0.000026
CCTCTACAAGGATTGG-1,0.28178,0.016517,0.000019,0.000019,0.000037,0.138649,0.361879,0.201101
CCTCTATCGATTAGCA-1,0.000048,0.000145,0.003304,0.174918,0.000097,0.71743,0.104011,0.000048
CCTCTCTCCCATCTAG-1,0.280174,0.327642,0.015971,0.178978,0.166923,0.000021,0.023428,0.006863
CCTCTGGCCTAGACGG-1,0.050093,0.419864,0.112628,0.01291,0.3885,0.000033,0.000033,0.01594
CCTCTGTACTATTCTA-1,0.150206,0.070561,0.112191,0.017647,0.072247,0.576674,0.000438,0.000035
CCTGAACGATATATTC-1,0.019622,0.06856,0.021103,0.802345,0.087617,0.000694,0.000029,0.000029
CCTGAATATTTACATA-1,0.042299,0.824411,0.024606,0.084957,0.000035,0.000018,0.001063,0.022612
CCTGACCACCGATGGT-1,0.423562,0.087318,0.235686,0.070875,0.000072,0.081131,0.10132,0.000036
CCTGACGCAACCTTTA-1,0.000106,0.000319,0.016497,0.250481,0.715506,0.000106,0.000106,0.016878
CCTGAGAATAAATGCA-1,0.000027,0.000081,0.096079,0.000027,0.000054,0.488096,0.264497,0.151139
CCTGATTCGCGAAGAA-1,0.000036,0.000108,0.002488,0.000036,0.000072,0.639977,0.357246,0.000036
CCTGCCCGTTGTCTAG-1,0.159847,0.425748,0.000571,0.110652,0.174639,0.000009,0.0147,0.113834
CCTGCGATAGAACTGT-1,0.000054,0.000162,0.000054,0.140838,0.85873,0.000054,0.000054,0.000054
CCTGCGTTCTACGCTT-1,0.042224,0.553236,0.004441,0.230836,0.16036,0.008182,0.000706,0.000015
CCTGCTACAACCATAC-1,0.033633,0.000085,0.000028,0.000028,0.000056,0.848042,0.113506,0.004621
CCTGCTATTTGAGAAG-1,0.037347,0.540203,0.108231,0.084502,0.226406,0.000023,0.000023,0.003264
CCTGGAAACGTTCTGC-1,0.310206,0.497238,0.005931,0.013424,0.052534,0.000007,0.004579,0.116082
CCTGGCTAGACCCGCC-1,0.055792,0.533414,0.084636,0.074393,0.168137,0.045797,0.000025,0.037807
CCTGGTCGAATGTGGG-1,0.000054,0.000163,0.001206,0.000054,0.000108,0.660855,0.337505,0.000054
CCTGTAAGACATGATA-1,0.150572,0.328876,0.027955,0.361049,0.001553,0.000035,0.022673,0.107287
CCTGTACTCACGCCCA-1,0.113037,0.741885,0.000013,0.049114,0.095913,0.000013,0.000013,0.000013
CCTGTCACCCGGGCTC-1,0.118292,0.52567,0.000017,0.243405,0.112565,0.000017,0.000017,0.000017
CCTGTCCCTCACGTTA-1,0.272793,0.379733,0.067826,0.041755,0.125095,0.059577,0.000014,0.053207
CCTGTCGCCCGTAAAT-1,0.130959,0.010358,0.065463,0.638086,0.000076,0.000038,0.089889,0.065131
CCTGTCGTGTATGAAG-1,0.000063,0.00019,0.090296,0.000063,0.025637,0.639164,0.244524,0.000063
CCTGTGCATAGGAGAC-1,0.03395,0.072948,0.000028,0.00826,0.884729,0.000028,0.000028,0.000028
CCTGTGCGGATTGTAA-1,0.000059,0.000177,0.265001,0.012032,0.614008,0.108605,0.000059,0.000059
CCTGTTCAACCTCGGG-1,0.000029,0.000086,0.000029,0.000029,0.000057,0.896545,0.103197,0.000029
CCTGTTTGAAGACACG-1,0.092728,0.234829,0.033682,0.040918,0.327384,0.194911,0.020092,0.055456
CCTTAAGTACGCAATT-1,0.042284,0.000061,0.00002,0.00002,0.046886,0.900643,0.010064,0.00002
CCTTCAGTTAAAGTGA-1,0.000043,0.000128,0.000043,0.000043,0.013808,0.343245,0.642648,0.000043
CCTTCCGCAACGCTGC-1,0.000025,0.000074,0.000432,0.000025,0.00005,0.642883,0.241799,0.114712
CCTTCGTATAGAATCC-1,0.000024,0.000072,0.000024,0.000024,0.000048,0.689988,0.309796,0.000024
CCTTCTCAGCGTTCCT-1,0.000049,0.000146,0.191716,0.345551,0.218649,0.243792,0.000049,0.000049
CCTTCTTGATCCAGTG-1,0.045952,0.394121,0.020323,0.253772,0.285737,0.000032,0.000032,0.000032
CCTTGACCACTTTATT-1,0.345281,0.031176,0.129972,0.00002,0.09137,0.328257,0.00002,0.073904
CCTTGTGAACGTGGTT-1,0.00003,0.000091,0.00003,0.00003,0.000061,0.888794,0.110932,0.00003
CCTTTAAGGGAGCACT-1,0.070702,0.034495,0.000885,0.130331,0.047927,0.411727,0.303884,0.000049
CCTTTCAATGAAGAAA-1,0.01007,0.632443,0.062653,0.12431,0.162054,0.008441,0.000015,0.000015
CCTTTGAATTATGGCT-1,0.000025,0.000075,0.131587,0.019342,0.018966,0.66505,0.164929,0.000025
CGAAACATAGATGGCA-1,0.003723,0.682962,0.012983,0.003723,0.287693,0.000028,0.000028,0.008861
CGAAACGCAATTCATG-1,0.078503,0.024991,0.071294,0.502729,0.0105,0.000038,0.069636,0.24231
CGAACAGTATGGGCGT-1,0.299078,0.066434,0.310041,0.075754,0.010632,0.174501,0.063506,0.000055
CGAACATAGTCAGAAA-1,0.091486,0.521228,0.099959,0.005735,0.258088,0.000017,0.000017,0.023472
CGAACCCGCATGCGTC-1,0.660844,0.058141,0.00002,0.00002,0.007328,0.201142,0.032531,0.039975
CGAACCTCTTTCCTAG-1,0.000043,0.000128,0.108991,0.000043,0.045549,0.461203,0.378749,0.005294
CGAACGCCCAGTGCCG-1,0.000047,0.269765,0.018543,0.265527,0.422826,0.000047,0.000047,0.023197
CGAACGGCCGGACAAC-1,0.148357,0.085059,0.236244,0.049334,0.063271,0.334567,0.025839,0.057328
CGAAGACTGCCCGGGA-1,0.028338,0.353572,0.008766,0.005297,0.526277,0.077712,0.000019,0.000019
CGAAGATCAGTTTCAT-1,0.000043,0.00013,0.009465,0.000043,0.032733,0.833996,0.123546,0.000043
CGAAGCCACAGCATGG-1,0.000027,0.000082,0.153367,0.000027,0.009208,0.592635,0.243762,0.00089
CGAAGCTATAAATTCA-1,0.045003,0.244347,0.043938,0.216054,0.337044,0.112022,0.00002,0.001572
CGAAGGGTTTCAGATT-1,0.000022,0.000067,0.206244,0.000022,0.005864,0.75382,0.033936,0.000022
CGAAGTTGCTCTGTGT-1,0.057058,0.476243,0.088968,0.160233,0.19661,0.01448,0.000025,0.006383
CGAATCTGCTCGACGC-1,0.032621,0.000109,0.13272,0.034028,0.000097,0.798827,0.001561,0.000036
CGAATGAAGTCATTGC-1,0.001251,0.000073,0.000024,0.000024,0.000049,0.76631,0.157735,0.074533
CGAATGACGCATAATG-1,0.162174,0.126595,0.055273,0.001451,0.087494,0.566004,0.000992,0.000016
CGAATGGTAGGTCGTC-1,0.000023,0.00007,0.092295,0.000023,0.000532,0.638241,0.203738,0.065078
CGAATTACATGGTGTT-1,0.026082,0.259095,0.023729,0.043732,0.609007,0.014148,0.000036,0.024172
CGAATTCCCGGTTCAA-1,0.032433,0.010904,0.002539,0.00002,0.000811,0.589669,0.192845,0.170779
CGACAATTTGATCTAA-1,0.001903,0.093562,0.205665,0.564863,0.005626,0.005899,0.122401,0.000081
CGACACCGCTTAAGGA-1,0.077242,0.273054,0.000029,0.184302,0.305805,0.000029,0.000029,0.15951
CGACACGCTCCGACAG-1,0.000073,0.000219,0.016597,0.653333,0.000146,0.224863,0.104697,0.000073
CGACACGGATGCCCAC-1,0.030406,0.150364,0.007339,0.230591,0.272614,0.00003,0.00003,0.308627
CGACAGTTCGCGTTAT-1,0.070994,0.294882,0.032075,0.373106,0.209338,0.019561,0.000022,0.000022
CGACATGCGATCTTCT-1,0.00005,0.000149,0.00005,0.251341,0.69515,0.00005,0.038048,0.015163
CGACCCTTAACGCCGG-1,0.000038,0.000114,0.034038,0.271696,0.027715,0.662644,0.003716,0.000038
CGACCGTTGGTATTCG-1,0.000081,0.000244,0.000081,0.000081,0.000163,0.466791,0.532477,0.000081
CGACGCATCCGTACCT-1,0.062048,0.036872,0.000025,0.066523,0.004207,0.566617,0.196729,0.06698
CGACTCAGGATGTTAT-1,0.005902,0.622512,0.000015,0.176467,0.08423,0.110842,0.000015,0.000015
CGACTCGGTACACGGT-1,0.00547,0.181766,0.007687,0.357708,0.430813,0.000034,0.000034,0.016488
CGACTTGCCGGGAAAT-1,0.30327,0.000732,0.000021,0.018553,0.000482,0.581875,0.09062,0.004447
CGACTTTGTATAGCCT-1,0.175147,0.390637,0.006529,0.279355,0.148283,0.000017,0.000017,0.000017
CGAGACCCTAGAGTGT-1,0.000077,0.00023,0.343463,0.429311,0.023474,0.038522,0.164847,0.000077
CGAGACTACTGCTGCT-1,0.000017,0.000051,0.022732,0.000017,0.049913,0.916729,0.002867,0.007673
CGAGAGATGTGAACCT-1,0.170793,0.660998,0.000015,0.119207,0.048944,0.000015,0.000015,0.000015
CGAGAGCGCGTAGATA-1,0.082158,0.024232,0.038093,0.525233,0.0904,0.041893,0.197964,0.000026
CGAGAGCTTTCACTAC-1,0.000036,0.000107,0.371804,0.000036,0.048114,0.539316,0.013886,0.026702
CGAGAGGGTAGCCGCG-1,0.045076,0.028275,0.000015,0.000015,0.00003,0.435408,0.047681,0.4435
CGAGATGTTGCCTATA-1,0.000054,0.000163,0.135548,0.167995,0.671107,0.000054,0.025025,0.000054
CGAGATTTCGCTCGGG-1,0.053022,0.212686,0.026266,0.435116,0.010343,0.000026,0.034903,0.22764
CGAGCACTTCAAGTTT-1,0.000035,0.009911,0.002084,0.340657,0.64721,0.000035,0.000035,0.000035
CGAGCGTTGATCAGCC-1,0.000061,0.140878,0.054333,0.000031,0.75738,0.000031,0.000031,0.047256
CGAGCTGGGCTTTAGG-1,0.008585,0.281354,0.033007,0.204336,0.472619,0.000033,0.000033,0.000033
CGAGGAGCTTCCATAT-1,0.000025,0.073671,0.023015,0.509242,0.374532,0.004939,0.014553,0.000025
CGAGGATCGGGAACGA-1,0.149866,0.367874,0.000011,0.178247,0.146635,0.15099,0.000011,0.006366
CGAGGCCAGGCATTGG-1,0.021583,0.34474,0.000022,0.016784,0.48071,0.000815,0.000022,0.135324
CGAGGCTAAATATGGC-1,0.004573,0.1854,0.046214,0.706818,0.056911,0.000028,0.000028,0.000028
CGAGGGACTGCGGTCG-1,0.036689,0.272905,0.034693,0.246353,0.023505,0.000015,0.000015,0.385824
CGAGGGTATCCAGGTG-1,0.000051,0.000153,0.189104,0.000051,0.000102,0.628722,0.181764,0.000051
CGAGTACTAAAGAGGA-1,0.1566,0.218207,0.119694,0.184302,0.155454,0.125297,0.019429,0.021018
CGAGTGAAGGTACCAG-1,0.000039,0.000117,0.107309,0.08213,0.081799,0.728528,0.000039,0.000039
CGAGTGCTATAGTTCG-1,0.000049,0.094228,0.000049,0.145586,0.75994,0.000049,0.000049,0.000049
CGAGTTCTGTCCCACC-1,0.229933,0.596315,0.00001,0.004848,0.052356,0.112907,0.00001,0.003621
CGAGTTTATCGGACTG-1,0.170595,0.292822,0.06745,0.31004,0.146802,0.000024,0.009787,0.002481
CGATAACCAATTTGAG-1,0.145548,0.285642,0.000851,0.143236,0.395986,0.000023,0.000023,0.02869
CGATAATACTCAGGTT-1,0.023284,0.232014,0.039505,0.375486,0.009809,0.030412,0.211529,0.077961
CGATACCTCGCGGACA-1,0.00058,0.012624,0.417601,0.282942,0.15536,0.099899,0.000036,0.030958
CGATAGCGATACAGTG-1,0.000022,0.000065,0.000022,0.000022,0.000044,0.139259,0.859993,0.000574
CGATAGTCGTACTGCA-1,0.196727,0.041352,0.000385,0.000016,0.011647,0.460061,0.074604,0.215209
CGATATTAGCCGCAGG-1,0.016251,0.177335,0.000028,0.015522,0.777054,0.000028,0.000028,0.013753
CGATCATTAGAGGCAC-1,0.046728,0.657471,0.000015,0.028439,0.2673,0.000015,0.000015,0.000015
CGATCCACCATTGTTG-1,0.000784,0.000056,0.000019,0.000019,0.000037,0.339544,0.354144,0.305396
CGATCCGACCCAGTGC-1,0.220131,0.11367,0.109117,0.383205,0.003309,0.000029,0.000815,0.169725
CGATCCTCGCAACATA-1,0.000027,0.000082,0.000027,0.000027,0.000055,0.715489,0.284266,0.000027
CGATCGAGAAGCACCA-1,0.01567,0.000079,0.000026,0.000026,0.000053,0.984093,0.000026,0.000026
CGATCTGTTGGAGGAC-1,0.006291,0.043945,0.660622,0.003524,0.057623,0.227928,0.000033,0.000033
CGATGGACCCTACGCC-1,0.036368,0.603453,0.107661,0.044688,0.207494,0.000018,0.000018,0.000299
CGATGTTGTTATCTAC-1,0.000054,0.000161,0.000054,0.000054,0.000107,0.58754,0.411978,0.000054
CGATTAAATATCTCCT-1,0.009851,0.020826,0.130336,0.000026,0.089091,0.70897,0.000026,0.040874
CGATTCGCCTGGCTGC-1,0.207052,0.14383,0.030296,0.000013,0.191626,0.300714,0.000013,0.126456
CGATTTGTCATTAATG-1,0.000076,0.000229,0.000076,0.000076,0.00454,0.303767,0.691158,0.000076
CGCAAACACGAGTTAC-1,0.038831,0.426776,0.135039,0.080187,0.292688,0.00002,0.00002,0.026439
CGCAATTACTTTCGGT-1,0.000031,0.592674,0.01318,0.000018,0.351682,0.042379,0.000018,0.000018
CGCAATTAGGGTAATA-1,0.033943,0.593224,0.000026,0.10862,0.251833,0.012304,0.000026,0.000026
CGCAATTCTACAATAA-1,0.006824,0.365384,0.003377,0.324362,0.167323,0.000023,0.005054,0.127654
CGCACATGTCCACTAC-1,0.235725,0.546635,0.001272,0.166083,0.050235,0.000017,0.000017,0.000017
CGCACGTCTGTTTATG-1,0.234551,0.000855,0.000034,0.000034,0.005899,0.299442,0.45915,0.000034
CGCACGTGCGCTATCA-1,0.044803,0.279305,0.321911,0.154814,0.078094,0.000026,0.030315,0.090732
CGCAGAAACATTTGCG-1,0.000036,0.000107,0.000036,0.114885,0.730502,0.000036,0.000036,0.154365
CGCAGATCTTCACCCG-1,0.039579,0.880564,0.000253,0.034675,0.030069,0.000009,0.006994,0.007857
CGCAGGCGATCCAAAC-1,0.002826,0.000062,0.302582,0.000021,0.163603,0.530866,0.000021,0.000021
CGCAGTTCTATCTTTC-1,0.254425,0.015629,0.000028,0.000028,0.008044,0.70768,0.000028,0.014139
CGCATCATGGCTTCAG-1,0.000068,0.104733,0.006303,0.254594,0.634098,0.000068,0.000068,0.000068
CGCATCCATCAGCCAG-1,0.114019,0.255194,0.000019,0.299061,0.246919,0.071331,0.000019,0.013439
CGCATGCCGAATGCGT-1,0.236903,0.037855,0.11417,0.000018,0.030047,0.56871,0.002786,0.00951
CGCATGGTGCGATGCT-1,0.12633,0.00412,0.177861,0.573439,0.017104,0.022631,0.020078,0.058437
CGCATTAGCTAATAGG-1,0.026322,0.120226,0.18184,0.338407,0.333115,0.00003,0.00003,0.00003
CGCCAAGAAGCCGAGT-1,0.055958,0.191117,0.163499,0.327828,0.133302,0.009027,0.000025,0.119244
CGCCAATTATTGCGTT-1,0.000091,0.443676,0.000019,0.000025,0.52415,0.021886,0.000019,0.010134
CGCCACAGGTCGCGAT-1,0.012312,0.004257,0.349331,0.000027,0.183551,0.450467,0.000027,0.000027
CGCCACCCGCATTAAC-1,0.05387,0.296994,0.000018,0.000018,0.630243,0.000018,0.000018,0.018822
CGCCAGTAGTACCTTG-1,0.000042,0.000126,0.020055,0.125837,0.027559,0.826297,0.000042,0.000042
CGCCATCCGATTATGA-1,0.011531,0.829549,0.002108,0.017688,0.062414,0.003839,0.003555,0.069317
CGCCCAGCACGCCTAG-1,0.000045,0.000135,0.007399,0.136813,0.013066,0.842452,0.000045,0.000045
CGCCCAGCGTTTCACG-1,0.000029,0.000087,0.154757,0.000029,0.021387,0.593529,0.039118,0.191064
CGCCCGCTTCCGTACA-1,0.014295,0.579052,0.099942,0.000015,0.28079,0.000015,0.000015,0.025877
CGCCCTAATTGTTCAA-1,0.000035,0.196174,0.016419,0.000035,0.010473,0.24693,0.511651,0.018284
CGCCCTTGAAGGCTGA-1,0.007571,0.609314,0.000024,0.083408,0.14743,0.000024,0.000024,0.152206
CGCCGACTATTCGCTA-1,0.040028,0.503627,0.03525,0.170039,0.167034,0.069281,0.002256,0.012485
CGCCGCCCATGCCTGT-1,0.301831,0.191771,0.016429,0.379104,0.091677,0.000021,0.019146,0.000021
CGCCGCGTTCTGAACG-1,0.046377,0.000094,0.128109,0.000031,0.014952,0.447614,0.308282,0.05454
CGCCGGTGTCGCAGTA-1,0.012927,0.038852,0.002477,0.259491,0.686165,0.000029,0.000029,0.000029
CGCCGTCTACCCATCG-1,0.04452,0.524285,0.124449,0.133733,0.106233,0.043454,0.01426,0.009065
CGCCGTTCAGCATAGT-1,0.247733,0.023992,0.000028,0.046465,0.065701,0.608445,0.007609,0.000028
CGCCTCCCTCCTCTAT-1,0.297756,0.088641,0.163757,0.22012,0.087593,0.021242,0.114476,0.006416
CGCCTGGCCTACGTAA-1,0.039,0.044827,0.200702,0.423833,0.066383,0.000032,0.015338,0.209885
CGCCTTTAGCATGCTC-1,0.147203,0.244544,0.03922,0.17978,0.271722,0.083868,0.024117,0.009546
CGCGAAGTGGCATACT-1,0.043588,0.014792,0.00003,0.055623,0.042693,0.843214,0.00003,0.00003
CGCGACACTGCGCAGC-1,0.028714,0.479573,0.002444,0.09589,0.370642,0.000015,0.017831,0.004892
CGCGACCGCGACAGAT-1,0.000024,0.000072,0.153364,0.000024,0.032939,0.686972,0.027775,0.09883
CGCGAGAGGGACTTGT-1,0.01503,0.863305,0.013352,0.018379,0.089894,0.000013,0.000013,0.000013
CGCGAGTCTGCCGGGT-1,0.06795,0.012733,0.1135,0.000026,0.000052,0.474872,0.252016,0.078852
CGCGCAAATGTCCAGA-1,0.000059,0.000176,0.389568,0.000059,0.000117,0.429156,0.180807,0.000059
CGCGCAAGGAACTACA-1,0.031867,0.454484,0.000015,0.000015,0.461372,0.000015,0.000015,0.052215
CGCGCATGTTTGATTG-1,0.073845,0.048218,0.203213,0.107439,0.056983,0.488211,0.022044,0.000047
CGCGCCCGACTTAATA-1,0.037627,0.324989,0.001945,0.322427,0.071151,0.218775,0.000992,0.022093
CGCGGCAGTATTACGG-1,0.000035,0.130482,0.016698,0.331873,0.478134,0.042709,0.000035,0.000035
CGCGGCTCAACTTGAA-1,0.373273,0.096607,0.019974,0.349922,0.143779,0.012903,0.003523,0.000018
CGCGGGAATTAGGCAG-1,0.064466,0.343427,0.023817,0.441991,0.121256,0.000018,0.005006,0.000018
CGCGGGAATTCCTTTC-1,0.010655,0.000074,0.003579,0.000014,0.021251,0.964399,0.000014,0.000014
CGCGGTAAGTCTAGCT-1,0.05861,0.205796,0.068226,0.386492,0.252665,0.000018,0.012584,0.015609
CGCGGTACGGTATACA-1,0.000054,0.000161,0.000054,0.000054,0.000107,0.457212,0.542306,0.000054
CGCGGTCACAAACCAA-1,0.001903,0.338649,0.003375,0.308497,0.325516,0.021848,0.000018,0.000194
CGCGTACATTCTGGAA-1,0.095682,0.320571,0.027952,0.002392,0.488907,0.00002,0.00002,0.064455
CGCGTCATATTAAACC-1,0.086444,0.04709,0.000033,0.040553,0.825784,0.000033,0.000033,0.000033
CGCGTGCTATCAACGA-1,0.000056,0.000168,0.486628,0.000056,0.486511,0.000056,0.026468,0.000056
CGCGTTCATGAAATAC-1,0.047659,0.2829,0.000025,0.430529,0.238813,0.000025,0.000025,0.000025
CGCTACCGCCCTATGA-1,0.00004,0.00012,0.00004,0.076878,0.889041,0.0338,0.00004,0.00004
CGCTACGGGACATTTA-1,0.294528,0.339271,0.073372,0.177638,0.097239,0.000025,0.000025,0.017902
CGCTAGAGACCGCTGC-1,0.258919,0.341987,0.037303,0.066736,0.105871,0.000013,0.000013,0.189159
CGCTATACCGCCCACT-1,0.061145,0.329811,0.000031,0.063087,0.514282,0.031582,0.000031,0.000031
CGCTATCGTGGCTTTA-1,0.000025,0.080432,0.353682,0.000025,0.418068,0.001389,0.000025,0.146356
CGCTATTCAATGTATG-1,0.000046,0.183422,0.000046,0.240313,0.532034,0.028607,0.000046,0.015487
CGCTATTCTTAGGCTC-1,0.152283,0.182901,0.102179,0.423199,0.102745,0.010939,0.009217,0.016538
CGCTCGACATAATGAT-1,0.077131,0.594789,0.000992,0.048907,0.146467,0.043841,0.000019,0.087855
CGCTCTCCGTAGATTA-1,0.037735,0.065939,0.031271,0.636323,0.090676,0.000038,0.028581,0.109437
CGCTGAGGACGTCCAA-1,0.054196,0.1799,0.000022,0.000078,0.682509,0.000022,0.000022,0.083253
CGCTGGTGACTACCCT-1,0.000051,0.000153,0.000051,0.232481,0.001332,0.000051,0.302878,0.463004
CGCTGTGACGCCGCAC-1,0.007122,0.348456,0.064308,0.291867,0.282147,0.000022,0.000022,0.006057
CGCTGTGTGGATGTTG-1,0.000035,0.000105,0.183438,0.033986,0.061369,0.720996,0.000035,0.000035
CGCTTAGTATTGATAC-1,0.000028,0.000083,0.000028,0.000028,0.000056,0.578611,0.324998,0.096169
CGCTTATTCCCGGTCG-1,0.041696,0.035004,0.499236,0.158321,0.147157,0.065253,0.00011,0.053223
CGCTTCCACTGAAATC-1,0.022046,0.410693,0.042162,0.063964,0.453323,0.003772,0.00003,0.00401
CGCTTCGGTCTAAGAC-1,0.095261,0.034819,0.00002,0.00002,0.000039,0.868084,0.00002,0.001738
CGCTTGGACGGATAGA-1,0.000074,0.000221,0.000074,0.061849,0.000148,0.371357,0.566204,0.000074
CGCTTTCATACCGGTG-1,0.015372,0.258583,0.011156,0.05251,0.662291,0.000029,0.000029,0.000029
CGCTTTCCGCCAAGGT-1,0.00002,0.000061,0.003991,0.00002,0.02358,0.969276,0.00303,0.00002
CGCTTTCTTGCATTCG-1,0.15077,0.66216,0.101431,0.001243,0.046594,0.000016,0.000016,0.037772
CGGAAAGAATCAAACG-1,0.000029,0.000087,0.16232,0.000029,0.066516,0.691255,0.0541,0.025665
CGGAAAGCAAATGTGC-1,0.000014,0.193491,0.007269,0.100235,0.67588,0.023083,0.000014,0.000014
CGGAAATTTCACATCC-1,0.000063,0.042869,0.140041,0.028839,0.730383,0.000063,0.000063,0.057677
CGGAACGTAAACATAG-1,0.164725,0.087158,0.418643,0.000021,0.042262,0.155155,0.002238,0.129798
CGGACCTCTGTAGTTA-1,0.00005,0.000149,0.076392,0.00005,0.035442,0.66405,0.223819,0.00005
CGGACCTTTACGTCCC-1,0.000014,0.019513,0.000014,0.000014,0.003219,0.96401,0.012976,0.00024
CGGACGTTACTTGAAG-1,0.043799,0.097167,0.142119,0.229405,0.237002,0.226415,0.002384,0.02171
CGGAGCAATTTAATCG-1,0.099768,0.062772,0.054751,0.000021,0.10475,0.436021,0.000021,0.241895
CGGAGCATGGCGATCC-1,0.000034,0.03449,0.164764,0.453463,0.347147,0.000034,0.000034,0.000034
CGGAGCTTATAACACC-1,0.015084,0.36034,0.000035,0.043462,0.580974,0.000035,0.000035,0.000035
CGGAGTTTGAGAGACA-1,0.057851,0.353248,0.043307,0.50474,0.039888,0.000037,0.000892,0.000037
CGGATAAGCGGACATG-1,0.008526,0.366818,0.071276,0.021424,0.52174,0.000031,0.000031,0.010154
CGGATCCTCAAGGACT-1,0.005467,0.002813,0.051102,0.069112,0.031422,0.808414,0.031638,0.000034
CGGATGAATGCTGTGA-1,0.070664,0.067534,0.022783,0.010679,0.01411,0.503206,0.277556,0.033469
CGGATTCTGCCTTATG-1,0.06516,0.033078,0.02431,0.124135,0.192548,0.39747,0.130487,0.032812
CGGCAAACATCGTGCG-1,0.027088,0.001643,0.25634,0.015884,0.032421,0.338282,0.319352,0.00899
CGGCAATAAGATCGCC-1,0.000053,0.000158,0.449274,0.075353,0.080679,0.298374,0.096056,0.000053
CGGCACCGTTAGCGCC-1,0.000051,0.054844,0.000051,0.227088,0.717812,0.000051,0.000051,0.000051
CGGCACTCAAGAAAGT-1,0.000069,0.000207,0.000069,0.366738,0.632709,0.000069,0.000069,0.000069
CGGCAGGGTCGGGTTG-1,0.165968,0.606863,0.04133,0.055926,0.085874,0.000011,0.001319,0.042709
CGGCCACGCACAAAGT-1,0.069826,0.169401,0.09426,0.523065,0.135029,0.008372,0.000023,0.000023
CGGCCAGAGCGACCAT-1,0.007778,0.006376,0.071819,0.000019,0.020545,0.763878,0.024512,0.105072
CGGCCCAACCTGTAGT-1,0.083385,0.570604,0.004376,0.171054,0.098441,0.046926,0.000012,0.025201
CGGCCCAGGTATATCC-1,0.018956,0.060043,0.527077,0.095171,0.089831,0.000029,0.001391,0.207503
CGGCGCCATCAATCCC-1,0.070161,0.369496,0.073398,0.008875,0.235899,0.166799,0.00361,0.071762
CGGCTCTAAAGCTGCA-1,0.086582,0.005774,0.105041,0.664864,0.021094,0.002555,0.114053,0.000037
CGGCTCTTCGTCGAAC-1,0.000081,0.03429,0.000081,0.136239,0.717253,0.004746,0.000081,0.107228
CGGCTGCAAGATTAAG-1,0.005797,0.164666,0.000477,0.000023,0.779873,0.000023,0.000023,0.049119
CGGCTTTGTATGATAA-1,0.000034,0.298752,0.004973,0.016528,0.679612,0.000034,0.000034,0.000034
CGGGAACGCCCTGCAT-1,0.000023,0.000068,0.000971,0.000023,0.000046,0.769666,0.229181,0.000023
CGGGAAGTACCGTGGC-1,0.000061,0.000182,0.149887,0.092321,0.001124,0.689152,0.067213,0.000061
CGGGAATATAGTATAC-1,0.089518,0.069939,0.047952,0.442144,0.000085,0.000043,0.228888,0.121432
CGGGAATTTATGTAAA-1,0.263915,0.085219,0.133344,0.370755,0.000105,0.000052,0.146557,0.000052
CGGGAGCTTCAGTGTA-1,0.044926,0.000123,0.234666,0.052109,0.154223,0.51387,0.000041,0.000041
CGGGAGTATACCGCCG-1,0.014909,0.749169,0.00001,0.00001,0.209257,0.006206,0.006065,0.014375
CGGGATCAATGTAAGA-1,0.028525,0.344291,0.039533,0.324517,0.263067,0.000022,0.000022,0.000022
CGGGCAGCTAAACCGC-1,0.031614,0.536778,0.000013,0.162908,0.025185,0.076229,0.000013,0.16726
CGGGCCATAGCCGCAC-1,0.037852,0.395648,0.013346,0.000704,0.552386,0.000021,0.000021,0.000021
CGGGCCTTCTTTGTAA-1,0.057394,0.192489,0.02397,0.511223,0.000081,0.00004,0.03101,0.183792
CGGGCGATGGATCACG-1,0.000019,0.000058,0.071752,0.000019,0.015991,0.793074,0.008028,0.111059
CGGGCTACTTAAATTG-1,0.00005,0.000149,0.173247,0.27481,0.551595,0.00005,0.00005,0.00005
CGGGTGTACCCATTTA-1,0.000014,0.229856,0.341758,0.000014,0.305633,0.000014,0.000014,0.122698
CGGGTTCGGCACGTAT-1,0.115553,0.129705,0.016869,0.049743,0.570581,0.000063,0.000063,0.117422
CGGGTTGTAGCTTTGG-1,0.000073,0.121658,0.005248,0.000149,0.872654,0.000073,0.000073,0.000073
CGGGTTTGTTAGGGCT-1,0.095504,0.005738,0.31766,0.021797,0.010029,0.425696,0.059133,0.064442
CGGTACTAGAATCAAA-1,0.434206,0.146976,0.154189,0.11945,0.144678,0.000458,0.000021,0.000021
CGGTAGAGGTGCAGGT-1,0.001455,0.513196,0.043951,0.136209,0.135679,0.000016,0.000016,0.169478
CGGTATAGGTATTAGC-1,0.102488,0.255881,0.010245,0.031639,0.591941,0.000029,0.000029,0.007748
CGGTATGGGCACTCTG-1,0.000031,0.000092,0.013948,0.000031,0.115338,0.870501,0.000031,0.000031
CGGTCAAGTGGGAACC-1,0.005588,0.591731,0.06191,0.099815,0.239153,0.000012,0.000012,0.001778
CGGTCAGTCCATATTT-1,0.121846,0.137983,0.082755,0.000014,0.020344,0.499912,0.003909,0.133237
CGGTCCATGAGACTCC-1,0.165562,0.343518,0.02504,0.262876,0.174474,0.028495,0.000017,0.000017
CGGTCCGTCGCAAGCC-1,0.000053,0.000158,0.000053,0.000053,0.000105,0.323941,0.675586,0.000053
CGGTCTATCAACCCGT-1,0.043648,0.728923,0.000014,0.046341,0.049774,0.000014,0.009781,0.121506
CGGTGAAGACTAAAGT-1,0.117223,0.384397,0.016376,0.248837,0.224816,0.000017,0.000017,0.008319
CGGTGCAGATAGAACG-1,0.418286,0.242115,0.027027,0.155118,0.014308,0.033356,0.023741,0.086049
CGGTGCGCGTTGGTCC-1,0.019791,0.000142,0.000047,0.335016,0.025483,0.619427,0.000047,0.000047
CGGTGGGCTCCAGCCT-1,0.000033,0.360563,0.250498,0.004566,0.312369,0.000033,0.000033,0.071906
CGGTGTACTTGATCCC-1,0.013635,0.207782,0.103885,0.041422,0.633165,0.000037,0.000037,0.000037
CGGTTATCCAACAGTG-1,0.302009,0.468413,0.00272,0.1352,0.074032,0.017287,0.000012,0.000327
CGGTTCAAGTAGGTGT-1,0.000019,0.393295,0.000019,0.342829,0.263782,0.000019,0.000019,0.000019
CGGTTCCGGCTTCTTG-1,0.031163,0.031018,0.03815,0.115113,0.784363,0.000064,0.000064,0.000064
CGGTTGACCTGGCATA-1,0.050808,0.491475,0.120471,0.079777,0.161493,0.000015,0.000015,0.095945
CGGTTGAGTATCCTTC-1,0.000052,0.000155,0.000726,0.058846,0.004055,0.801094,0.135021,0.000052
CGGTTGGGCAGGGTCC-1,0.019966,0.000052,0.000017,0.005614,0.02371,0.911192,0.039431,0.000017
CGGTTGGGTTCAAGTT-1,0.014545,0.561746,0.000023,0.001168,0.42245,0.000023,0.000023,0.000023
CGGTTTATGAAGGAAC-1,0.006178,0.451983,0.000029,0.004132,0.537593,0.000029,0.000029,0.000029
CGTAAACGCTTGAGTG-1,0.000048,0.000143,0.000048,0.064764,0.934854,0.000048,0.000048,0.000048
CGTAAAGCAAGAAATC-1,0.000025,0.000074,0.060087,0.000025,0.069899,0.61769,0.246269,0.005932
CGTAAATAACAAAGGG-1,0.160497,0.000106,0.000035,0.00357,0.00007,0.738666,0.097021,0.000035
CGTAACTTCGACACTT-1,0.000025,0.000076,0.000025,0.00347,0.000051,0.859885,0.136442,0.000025
CGTAATAATTACGAGT-1,0.01559,0.204459,0.000016,0.007949,0.71695,0.000016,0.000016,0.055002
CGTAATATGGCCCTTG-1,0.00535,0.011999,0.00023,0.064821,0.009783,0.90777,0.000023,0.000023
CGTACCGAAAGTCTAG-1,0.000022,0.063485,0.03195,0.0009,0.88976,0.000022,0.000022,0.013837
CGTACCTGATAGGCCT-1,0.011392,0.391825,0.066447,0.326374,0.172788,0.031098,0.000039,0.000039
CGTAGAGAGTAATTAT-1,0.172513,0.118373,0.001508,0.000012,0.018481,0.689088,0.000012,0.000012
CGTAGCGAATTGTCAG-1,0.022571,0.277877,0.000038,0.122805,0.576594,0.000038,0.000038,0.000038
CGTAGCGCCGACGTTG-1,0.000035,0.107637,0.000035,0.035188,0.857002,0.000035,0.000035,0.000035
CGTATCTAGAACTAAG-1,0.020825,0.768212,0.012636,0.00784,0.042517,0.122717,0.004652,0.020601
CGTATTAAGAGATCTA-1,0.103593,0.571525,0.029147,0.237775,0.036432,0.010737,0.010771,0.00002
CGTATTGTTTCCTAAT-1,0.131902,0.560944,0.031894,0.062109,0.182514,0.001269,0.00001,0.029357
CGTCAAATGGTCGCAG-1,0.005956,0.694888,0.016906,0.000007,0.099848,0.000007,0.000007,0.182382
CGTCAAGGCTATAAAT-1,0.051804,0.238274,0.113759,0.012312,0.472644,0.000631,0.004597,0.10598
CGTCAATCTTTAACAT-1,0.000022,0.16048,0.000022,0.015398,0.824013,0.000022,0.000022,0.000022
CGTCACGTCCATTGGT-1,0.000073,0.00022,0.187557,0.358207,0.003044,0.448973,0.001854,0.000073
CGTCAGCTATTTACTC-1,0.000022,0.315751,0.000022,0.059926,0.613523,0.000022,0.000022,0.010712
CGTCAGTGCGCACAAG-1,0.001156,0.40804,0.002996,0.053481,0.462144,0.00002,0.00002,0.072142
CGTCAGTTTATCGTCT-1,0.000067,0.000201,0.000067,0.121887,0.877578,0.000067,0.000067,0.000067
CGTCATACCATATCCA-1,0.012481,0.274297,0.004104,0.151903,0.526057,0.00003,0.00003,0.031098
CGTCCTCATCGCGTGC-1,0.000023,0.021626,0.042378,0.000023,0.022746,0.773215,0.139967,0.000023
CGTCGCATGTGAGCCA-1,0.000036,0.000109,0.091999,0.000036,0.079621,0.828125,0.000036,0.000036
CGTCGCGGCGGGATTT-1,0.000053,0.00016,0.023933,0.090034,0.627661,0.075296,0.093214,0.089648
CGTCGCTTGGTTATAC-1,0.000033,0.0001,0.157731,0.000033,0.000067,0.401956,0.256398,0.183681
CGTCGGATAGTGTTGA-1,0.001568,0.120345,0.08875,0.570688,0.190569,0.028013,0.000034,0.000034
CGTCGGGTCTAAGCGC-1,0.000149,0.000447,0.120062,0.016797,0.000298,0.117604,0.744494,0.000149
CGTCGTCCTTCGCGAA-1,0.000089,0.000266,0.60316,0.000089,0.000177,0.3911,0.005031,0.000089
CGTCTCTCGCCGAGGC-1,0.000046,0.025212,0.251201,0.365158,0.320775,0.000046,0.000046,0.037515
CGTCTGGAAGGGCCCG-1,0.000721,0.439692,0.008323,0.141652,0.409538,0.000025,0.000025,0.000025
CGTCTTGAGTGTGACG-1,0.454714,0.310241,0.000008,0.059091,0.039049,0.001001,0.003448,0.132448
CGTGAAGTTAATTCAC-1,0.001646,0.137623,0.293477,0.270241,0.129187,0.000048,0.000048,0.167729
CGTGACATTGGGTCGT-1,0.025013,0.548769,0.000021,0.14808,0.277587,0.000021,0.000021,0.000488
CGTGACCAGTCCTCTG-1,0.000023,0.00007,0.018469,0.082216,0.023967,0.854242,0.018317,0.002696
CGTGCACACCACTGTA-1,0.113276,0.074282,0.000013,0.000013,0.000487,0.626297,0.045206,0.140427
CGTGCAGACTGGGACA-1,0.024343,0.000259,0.116985,0.333157,0.113839,0.000086,0.125468,0.285862
CGTGCATTGTCGACGC-1,0.131581,0.800276,0.010612,0.052949,0.003769,0.000019,0.000019,0.000775
CGTGCCCGACATTTGT-1,0.000072,0.000217,0.038359,0.144966,0.816169,0.000072,0.000072,0.000072
CGTGCCCTCCCGAAGA-1,0.31095,0.071842,0.197665,0.200968,0.005343,0.000036,0.0617,0.151495
CGTGCTGGCCTAGTCG-1,0.017511,0.772254,0.000014,0.000014,0.210167,0.000014,0.000014,0.000014
CGTGCTTCTACCTAAA-1,0.00004,0.000119,0.041946,0.083861,0.000079,0.600461,0.273454,0.00004
CGTGGAAGCCTCGTAC-1,0.046793,0.000116,0.210846,0.494598,0.088153,0.07871,0.080745,0.000039
CGTGGCCGAATATCTA-1,0.048311,0.000142,0.39941,0.251424,0.164772,0.09403,0.041864,0.000047
CGTGGTACCCAAAGGC-1,0.000038,0.000115,0.015261,0.034148,0.000077,0.723058,0.227265,0.000038
CGTGTATGGGAGCTGA-1,0.000117,0.00035,0.283047,0.000117,0.000233,0.560884,0.155135,0.000117
CGTGTCCCATTCGCGA-1,0.171436,0.546466,0.000025,0.15565,0.112859,0.000025,0.000025,0.013514
CGTGTCTCGTTACGAC-1,0.17227,0.158702,0.007675,0.001871,0.047593,0.597071,0.011162,0.003656
CGTGTGTTAAACCCTG-1,0.057416,0.482542,0.014079,0.256991,0.157035,0.020484,0.011437,0.000018
CGTTAAACTAGTTAGG-1,0.236854,0.00009,0.119658,0.280734,0.028873,0.29096,0.042802,0.00003
CGTTAAATACGACCAG-1,0.048556,0.019725,0.004711,0.025731,0.038861,0.86237,0.000023,0.000023
CGTTAATGTCCCGACG-1,0.000066,0.000197,0.042321,0.000068,0.095445,0.713439,0.148399,0.000066
CGTTAGCTCACAACTG-1,0.027153,0.760461,0.007796,0.037513,0.14776,0.000019,0.00115,0.018148
CGTTCAAGGAAACGGA-1,0.000042,0.000127,0.018544,0.074104,0.000084,0.731035,0.176022,0.000042
CGTTCAGACCCGCGAA-1,0.000029,0.000088,0.000759,0.044464,0.113049,0.841552,0.000029,0.000029
CGTTCATGGTGCGCGT-1,0.000052,0.000155,0.48362,0.000052,0.129273,0.246362,0.13261,0.007876
CGTTCTTCGCACACCT-1,0.01272,0.224047,0.053887,0.390455,0.297205,0.00569,0.000035,0.015961
CGTTGAATACCGCGCT-1,0.035188,0.000162,0.038514,0.0394,0.000108,0.861871,0.024703,0.000054
CGTTGAGCGACCGTCG-1,0.000079,0.000236,0.334082,0.394338,0.000158,0.261963,0.009065,0.000079
CGTTGAGTAATTGCGT-1,0.029381,0.573679,0.034013,0.011379,0.333647,0.000028,0.000028,0.017845
CGTTGCCCGCGTGGGA-1,0.000028,0.000084,0.001781,0.000028,0.000056,0.618485,0.353711,0.025828
CGTTGTAAACGTCAGG-1,0.004548,0.566482,0.007919,0.000115,0.403383,0.000011,0.000011,0.017531
CGTTGTAAGATTGATT-1,0.016897,0.913534,0.00001,0.007041,0.062489,0.00001,0.00001,0.00001
CGTTGTCGGCAATTGA-1,0.000057,0.00017,0.000057,0.000057,0.000113,0.604893,0.394596,0.000057
CGTTGTTTCAATTCCC-1,0.000055,0.090099,0.024846,0.828049,0.056767,0.000055,0.000072,0.000055
CGTTTAAGCGGAGCAC-1,0.001615,0.565733,0.000026,0.005234,0.427314,0.000026,0.000026,0.000026
CGTTTACAAGGCAGCT-1,0.017987,0.686585,0.045976,0.072422,0.116583,0.006102,0.000013,0.054332
CGTTTCACTTCGGGCG-1,0.000046,0.025726,0.128193,0.070991,0.548853,0.06375,0.00886,0.153581
CGTTTCGCTCATTACA-1,0.018193,0.018771,0.065498,0.751924,0.078265,0.000041,0.024378,0.04293
CGTTTCGGTTATATGC-1,0.000023,0.00007,0.16291,0.000023,0.060956,0.773586,0.000023,0.002407
CGTTTGGTGTTGTGGG-1,0.000116,0.000349,0.046583,0.407202,0.000233,0.406572,0.13883,0.000116
CGTTTGTGTAGAGGGT-1,0.000057,0.00017,0.005717,0.086807,0.078655,0.82848,0.000057,0.000057
CTAAACGGGTGTAATC-1,0.047608,0.124918,0.000028,0.025825,0.752001,0.000028,0.000028,0.049565
CTAAAGAATGCCTACT-1,0.302694,0.34806,0.006092,0.24001,0.062355,0.000019,0.003451,0.037319
CTAAAGGATGAGATAC-1,0.000045,0.000136,0.005941,0.057641,0.000091,0.936056,0.000045,0.000045
CTAAAGGGAAATAGGA-1,0.148886,0.004494,0.223307,0.560471,0.02736,0.035377,0.000052,0.000052
CTAAAGTCCGAAGCTA-1,0.000063,0.002294,0.008023,0.000063,0.966684,0.000063,0.000063,0.022747
CTAAATCCGGTGTACA-1,0.026414,0.042266,0.147901,0.024562,0.055315,0.624065,0.061785,0.017692
CTAAATCCTATTCCGG-1,0.024369,0.686763,0.048333,0.136763,0.051115,0.000013,0.000836,0.051808
CTAACCGCGCGCCCGT-1,0.18317,0.25764,0.107349,0.299483,0.15229,0.000023,0.000023,0.000023
CTAACGAAACTTGCTG-1,0.103341,0.728574,0.00001,0.071216,0.070121,0.00001,0.021936,0.004792
CTAACTGATAATCGCC-1,0.000025,0.000074,0.408512,0.000025,0.013492,0.40261,0.029692,0.14557
CTAACTGGTCCGGTTC-1,0.000058,0.000173,0.05332,0.25346,0.000115,0.59926,0.093556,0.000058
CTAAGGGAATGATTGG-1,0.004923,0.000184,0.3552,0.460759,0.029322,0.149488,0.000061,0.000061
CTAAGTACAGGGCTAC-1,0.085699,0.381038,0.000031,0.037446,0.335547,0.000031,0.000031,0.160177
CTAATTATGAAGCGTA-1,0.067083,0.708036,0.000891,0.017863,0.178736,0.003026,0.000014,0.02435
CTAATTCGCACGCGCT-1,0.017712,0.399209,0.000025,0.228992,0.329626,0.014381,0.000025,0.01003
CTAATTCTCAGATATT-1,0.021783,0.32556,0.034681,0.335167,0.278308,0.004459,0.000021,0.000021
CTAATTTCAACAACAC-1,0.000033,0.201292,0.068335,0.085258,0.644984,0.000033,0.000033,0.000033
CTACAAGAAATAACCC-1,0.067699,0.00232,0.00735,0.060016,0.053248,0.802297,0.002454,0.004615
CTACACTAGCTTGTTC-1,0.000033,0.000782,0.019846,0.000033,0.890219,0.000033,0.000033,0.089021
CTACACTCGCAGATGG-1,0.00004,0.00012,0.23523,0.00004,0.13064,0.633849,0.00004,0.00004
CTACATATCGCGGGAC-1,0.000067,0.000202,0.000067,0.000067,0.000135,0.492695,0.506698,0.000067
CTACCCTAAGGTCATA-1,0.036517,0.117183,0.083516,0.525822,0.225248,0.000028,0.011658,0.000028
CTACGAACTAGGTCGA-1,0.001353,0.060754,0.017596,0.069097,0.825503,0.000037,0.000037,0.025624
CTACGACTAGCTATAA-1,0.422664,0.189957,0.00002,0.264121,0.008491,0.00002,0.00002,0.114708
CTACGATCCTATCCTA-1,0.000042,0.000125,0.083793,0.017048,0.003566,0.667216,0.228168,0.000042
CTACGCACGGAGTACC-1,0.171698,0.647576,0.030309,0.091291,0.003942,0.000018,0.000018,0.055147
CTACGCCATTTCCGAT-1,0.032668,0.276956,0.079631,0.01235,0.595473,0.000057,0.000057,0.002807
CTACGTGTTGCCACCA-1,0.00767,0.189274,0.000028,0.000028,0.802919,0.000028,0.000028,0.000028
CTACTATCATAGGTTT-1,0.000046,0.000139,0.18151,0.000046,0.015683,0.146912,0.408332,0.24733
CTACTATCTTTCAGAG-1,0.120934,0.292451,0.031545,0.429114,0.000083,0.000042,0.026119,0.099711
CTACTCAAGGTATAGT-1,0.18534,0.023278,0.147882,0.042506,0.032277,0.530206,0.03847,0.000041
CTACTCTAGGCCCGGC-1,0.097015,0.336898,0.054961,0.156081,0.238235,0.015674,0.017082,0.084054
CTACTGCCACCTGACC-1,0.000048,0.217044,0.241705,0.470785,0.041656,0.000048,0.028664,0.000048
CTAGACATATATGTAG-1,0.114792,0.571413,0.000028,0.000028,0.122436,0.000028,0.000028,0.191246
CTAGACTGCATTTCGT-1,0.000069,0.199126,0.136338,0.190496,0.473764,0.000069,0.000069,0.000069
CTAGATAAACTCCTCG-1,0.00751,0.728261,0.001005,0.000017,0.214083,0.000017,0.000017,0.049091
CTAGATGTGAGTGTAA-1,0.164337,0.657832,0.011438,0.105766,0.060585,0.000014,0.000014,0.000014
CTAGATTTACGACGGC-1,0.321066,0.018071,0.003281,0.393436,0.000104,0.000164,0.161416,0.102461
CTAGCAACTAATTTAC-1,0.000037,0.057732,0.024022,0.017918,0.900181,0.000037,0.000037,0.000037
CTAGCATAGTATAATG-1,0.000039,0.02874,0.188727,0.588881,0.152827,0.024928,0.015818,0.000039
CTAGCCACAGGCGAGC-1,0.036425,0.033996,0.026577,0.143783,0.01997,0.464843,0.27437,0.000036
CTAGCCCGGGAGACGA-1,0.000023,0.00007,0.000023,0.000023,0.000047,0.924325,0.043652,0.031837
CTAGCCGATGTTATGA-1,0.031177,0.501049,0.017062,0.086382,0.242342,0.044626,0.00115,0.076211
CTAGCTTAATGGTCCC-1,0.054514,0.102018,0.343557,0.121013,0.126821,0.030867,0.029832,0.191379
CTAGGCGCCCTATCAG-1,0.000063,0.000189,0.317191,0.148948,0.068456,0.465027,0.000063,0.000063
CTAGGCGGCAGAGAAT-1,0.000397,0.000131,0.000044,0.055775,0.943523,0.000044,0.000044,0.000044
CTAGGGATAGGGACAA-1,0.000031,0.000094,0.042087,0.000031,0.000063,0.675012,0.282651,0.000031
CTAGGTCTGAAGGAAT-1,0.198986,0.133512,0.001786,0.560959,0.069544,0.000021,0.032368,0.002826
CTAGGTTCGGACGTGA-1,0.007802,0.000129,0.000043,0.038033,0.037247,0.916659,0.000043,0.000043
CTAGTAGAAAGGGATT-1,0.000033,0.046379,0.000033,0.088948,0.000066,0.797385,0.067124,0.000033
CTAGTATTCGGAATTA-1,0.02389,0.756641,0.000023,0.003396,0.215979,0.000023,0.000023,0.000023
CTAGTCACGTCTTAAG-1,0.000055,0.001066,0.058583,0.785745,0.154388,0.000055,0.000055,0.000055
CTAGTGAAGGACAGGA-1,0.000043,0.000129,0.277916,0.650635,0.068288,0.002904,0.000043,0.000043
CTAGTTACAACCCGGT-1,0.000033,0.000099,0.046016,0.002607,0.105325,0.68872,0.155527,0.001674
CTAGTTGGGCCCGGTA-1,0.196671,0.501812,0.014547,0.237984,0.004493,0.000021,0.004215,0.040258
CTATAAGAGCCAATCG-1,0.002965,0.181858,0.01177,0.605467,0.197879,0.000029,0.000016,0.000016
CTATAAGTAGGGTTTG-1,0.000029,0.000086,0.173553,0.016266,0.027408,0.37624,0.376611,0.029808
CTATACTTAAAGCGAG-1,0.055107,0.47916,0.003751,0.033643,0.158539,0.174558,0.055026,0.040216
CTATAGGCGTTGATGT-1,0.000044,0.000132,0.056041,0.066422,0.000088,0.680662,0.196566,0.000044
CTATATCCAGCCTGGC-1,0.000021,0.000062,0.09301,0.000021,0.021868,0.736158,0.016937,0.131925
CTATCACAACGCTGGA-1,0.00002,0.00918,0.00002,0.00002,0.007204,0.966832,0.016092,0.000633
CTATCGACGAAATACA-1,0.000061,0.051367,0.073938,0.213318,0.000123,0.50496,0.156172,0.000061
CTATCGCGTAGAGAAC-1,0.098236,0.015691,0.019079,0.015795,0.000065,0.844803,0.000033,0.006298
CTATCGGGTCTCAACA-1,0.060892,0.269745,0.205604,0.356323,0.107344,0.000031,0.000031,0.000031
CTATGAACACCTTGCC-1,0.000026,0.000077,0.000026,0.000026,0.000051,0.548085,0.420456,0.031255
CTATGCCCGAATGCAA-1,0.000045,0.000135,0.000045,0.095281,0.01545,0.888955,0.000045,0.000045
CTATGGGAAGCGGAAT-1,0.000063,0.000189,0.513545,0.020268,0.017342,0.339565,0.108965,0.000063
CTATGTCACTAGCCCA-1,0.030706,0.246324,0.239528,0.13661,0.297115,0.023973,0.000027,0.025716
CTATGTCTATTGAAAC-1,0.013216,0.491646,0.000024,0.019054,0.434793,0.000024,0.000024,0.041218
CTATGTGAGTCACGGC-1,0.300767,0.412204,0.244059,0.018097,0.010258,0.000015,0.003613,0.010987
CTATTCATGTGTCCCA-1,0.000046,0.000138,0.000046,0.056531,0.065809,0.850138,0.026129,0.001163
CTATTGTGTTTGGTCA-1,0.017136,0.485558,0.026849,0.003904,0.38355,0.021714,0.003782,0.057506
CTATTTGCTTGGAGGA-1,0.000017,0.00005,0.185157,0.000017,0.074446,0.715429,0.000017,0.024867
CTATTTGGTTACGGAT-1,0.273325,0.549082,0.004941,0.100524,0.064504,0.000018,0.000018,0.007588
CTCAAACCACTGCCCG-1,0.000019,0.000056,0.000019,0.000019,0.000037,0.864114,0.135718,0.000019
CTCAACTAACCCGGAT-1,0.000026,0.000079,0.102808,0.074882,0.162031,0.66012,0.000026,0.000026
CTCAAGACATTAGCGC-1,0.026855,0.495333,0.013797,0.014565,0.411125,0.000023,0.000023,0.038278
CTCACACGCAAGCCTA-1,0.038141,0.097156,0.000025,0.414377,0.450227,0.000025,0.000025,0.000025
CTCACATTTACTAAAT-1,0.00005,0.000149,0.00005,0.00005,0.0001,0.634601,0.364951,0.00005
CTCACCAGTACAAGTG-1,0.047809,0.515265,0.043941,0.095799,0.188769,0.10387,0.000017,0.004531
CTCACCGATCCAAACT-1,0.052096,0.296584,0.012802,0.083504,0.418483,0.000016,0.000033,0.136483
CTCACTGTGATACTTA-1,0.000034,0.000103,0.000034,0.033319,0.079412,0.887029,0.000034,0.000034
CTCACTTGGCTGGTAA-1,0.15988,0.317811,0.26338,0.030164,0.206143,0.022585,0.000018,0.000018
CTCAGAGCTAATGTCG-1,0.000036,0.000108,0.000036,0.000036,0.000072,0.805865,0.19381,0.000036
CTCAGATTGTGATAAG-1,0.02886,0.145752,0.120894,0.178799,0.175757,0.342425,0.007466,0.000046
CTCAGCAGACTGCCGA-1,0.020681,0.287828,0.118429,0.028793,0.48565,0.019898,0.000029,0.038692
CTCAGGACTCACCTGT-1,0.010729,0.330739,0.000048,0.073777,0.458485,0.000048,0.000048,0.126128
CTCAGTCACGACAAAT-1,0.015151,0.820761,0.000008,0.079123,0.031203,0.002263,0.008602,0.042889
CTCATAAATGTGTATA-1,0.085001,0.020501,0.005903,0.000012,0.020915,0.58434,0.004069,0.279259
CTCATCACTTAGTGAT-1,0.014891,0.241057,0.00888,0.315339,0.389897,0.02989,0.000023,0.000023
CTCATGGCTCACAATC-1,0.003703,0.682978,0.018662,0.00002,0.294578,0.00002,0.00002,0.00002
CTCATGGTAATTTGCG-1,0.101482,0.068089,0.078114,0.094468,0.166299,0.469781,0.021736,0.000031
CTCATTAACGTTGCCC-1,0.087076,0.36344,0.01165,0.277918,0.182534,0.028427,0.01636,0.032594
CTCATTGCTCTAACAA-1,0.083817,0.000145,0.000048,0.000048,0.000097,0.705258,0.210539,0.000048
CTCATTTGATGGGCGG-1,0.000041,0.574573,0.191113,0.130242,0.103907,0.000041,0.000041,0.000041
CTCCCAATGAGTCGCG-1,0.139512,0.038758,0.114577,0.202884,0.041097,0.448156,0.01499,0.000025
CTCCCTCCTTTCGATC-1,0.000077,0.000231,0.036212,0.269505,0.000154,0.618637,0.075107,0.000077
CTCCCTTGTATCAAGG-1,0.20078,0.000099,0.032566,0.094029,0.108741,0.526222,0.037529,0.000033
CTCCGCCCACATGAGG-1,0.177374,0.121617,0.055697,0.552622,0.029152,0.005959,0.05754,0.000041
CTCCGGCCTAATATGC-1,0.005491,0.59684,0.00556,0.076594,0.315449,0.000022,0.000022,0.000022
CTCCGGCTTGTAGACA-1,0.00739,0.564136,0.000018,0.000018,0.315118,0.00545,0.000018,0.107852
CTCCTAAGTTATGTCT-1,0.000096,0.000287,0.000096,0.151287,0.810544,0.037498,0.000096,0.000096
CTCCTAGTAATCGTGA-1,0.010677,0.079811,0.103467,0.018095,0.217814,0.362668,0.207426,0.000042
CTCCTCCAGCTCACAC-1,0.027207,0.055708,0.083406,0.000692,0.000085,0.160953,0.658459,0.013489
CTCCTGTTCAAGGCAG-1,0.165884,0.002713,0.053403,0.085934,0.019066,0.672926,0.000036,0.000036
CTCCTTTACGCAAGTC-1,0.020007,0.550015,0.00095,0.263981,0.093094,0.071918,0.000017,0.000017
CTCGAATGGAACGTAT-1,0.064916,0.625726,0.039854,0.000025,0.228536,0.000025,0.000025,0.040894
CTCGAGACATACGATA-1,0.000052,0.000155,0.000052,0.000052,0.000104,0.285489,0.714045,0.000052
CTCGAGATCCAAAGCA-1,0.011245,0.092905,0.000028,0.08681,0.808928,0.000028,0.000028,0.000028
CTCGAGGCAAGTTTCA-1,0.000027,0.000081,0.115832,0.000027,0.005556,0.738739,0.139712,0.000027
CTCGAGGTCGAACAGT-1,0.19407,0.529763,0.025788,0.244998,0.005303,0.000026,0.000026,0.000026
CTCGATATTTGCGAGC-1,0.000026,0.362876,0.04456,0.340282,0.240079,0.000026,0.012125,0.000026
CTCGCACCTATATAGT-1,0.020403,0.45597,0.015752,0.313247,0.126731,0.000026,0.028434,0.039437
CTCGCATTGCATAGCC-1,0.00007,0.00021,0.048753,0.115879,0.00014,0.587335,0.247544,0.00007
CTCGCCGAATGTAGGG-1,0.15427,0.000208,0.000069,0.000069,0.044908,0.232293,0.568114,0.000069
CTCGCTAGGTAAGCGA-1,0.059478,0.025639,0.000013,0.000013,0.000412,0.900234,0.014197,0.000013
CTCGGGATAACACCTA-1,0.055501,0.77562,0.014625,0.088168,0.066058,0.000009,0.000009,0.000009
CTCGGGCATCGTCGGG-1,0.000075,0.056479,0.063623,0.339171,0.473073,0.063263,0.004242,0.000075
CTCGGGTTCTCTGGCC-1,0.000032,0.000095,0.024216,0.053428,0.002068,0.783359,0.13677,0.000032
CTCGGTACCACTGCTC-1,0.541325,0.194942,0.000739,0.236532,0.026175,0.000249,0.000019,0.000019
CTCGGTCCGTAGCCTG-1,0.00004,0.44816,0.03877,0.042676,0.470233,0.00004,0.00004,0.00004
CTCGGTTGTCGGCCCT-1,0.000044,0.000133,0.003373,0.12813,0.00245,0.589124,0.276701,0.000044
CTCGTCGAGGGCTCAT-1,0.00005,0.000149,0.00005,0.00005,0.000099,0.677939,0.321613,0.00005
CTCGTCTGTGCCTTCG-1,0.000019,0.000058,0.002128,0.033396,0.074712,0.867989,0.021678,0.000019
CTCGTGGCACTGAAAG-1,0.00002,0.049017,0.00002,0.00002,0.00004,0.950842,0.00002,0.00002
CTCGTTACGGCTACCA-1,0.000024,0.000071,0.108476,0.000024,0.005087,0.555563,0.260627,0.07013
CTCGTTTCTAATGTTT-1,0.000024,0.584558,0.062708,0.10427,0.215188,0.033204,0.000024,0.000024
CTCTAACACCGGCAGC-1,0.045835,0.000071,0.000024,0.000024,0.000047,0.953953,0.000024,0.000024
CTCTAATGCATTGATC-1,0.051368,0.349577,0.000021,0.285175,0.00307,0.000021,0.000021,0.310746
CTCTACACTGGCGATT-1,0.000069,0.000208,0.065892,0.818132,0.055188,0.044486,0.015957,0.000069
CTCTACATCCTGCGTG-1,0.000024,0.000073,0.001614,0.000024,0.000049,0.656113,0.342079,0.000024
CTCTAGCCCTCGGAAA-1,0.000028,0.000084,0.150923,0.000028,0.018915,0.710987,0.119006,0.000028
CTCTATTTGGCTGCAG-1,0.163868,0.001416,0.077767,0.054245,0.000038,0.365672,0.278279,0.058715
CTCTCACAATCGATGA-1,0.25362,0.167418,0.012049,0.530256,0.027194,0.000024,0.009416,0.000024
CTCTCGATGTGCGCCT-1,0.000045,0.000135,0.000193,0.095314,0.855081,0.000045,0.000045,0.049142
CTCTCGCTGTACTATG-1,0.01746,0.112722,0.042779,0.31416,0.350831,0.149763,0.006471,0.005813
CTCTCTAACTGCCTAG-1,0.000051,0.000152,0.000051,0.064196,0.000101,0.448084,0.480136,0.007231
CTCTGCAGGCATTCTT-1,0.000025,0.000074,0.237055,0.000025,0.000049,0.577603,0.009016,0.176153
CTCTGCGAAGCAAGCA-1,0.000535,0.356661,0.037383,0.055178,0.550139,0.000035,0.000035,0.000035
CTCTGGACGCCTGGTG-1,0.001285,0.261359,0.21572,0.407315,0.034128,0.005127,0.010118,0.064948
CTCTGTCCATGCACCA-1,0.000017,0.000052,0.000017,0.000017,0.000035,0.931243,0.004455,0.064164
CTCTGTGCCTGCTATG-1,0.014515,0.074999,0.000026,0.000026,0.892654,0.017727,0.000026,0.000026
CTCTGTTTGAGGATTC-1,0.000072,0.202432,0.000072,0.282228,0.492135,0.022915,0.000072,0.000072
CTCTTCTATTGACTGG-1,0.012167,0.000136,0.430384,0.082489,0.000091,0.042878,0.140618,0.291238
CTCTTCTGGAAGTTAG-1,0.000044,0.000131,0.000044,0.109554,0.000087,0.889715,0.000382,0.000044
CTCTTGTCCCGCTTGG-1,0.000042,0.000126,0.284435,0.000042,0.132451,0.58282,0.000042,0.000042
CTGAAACGGCCCTCAG-1,0.000026,0.107603,0.184781,0.065811,0.611621,0.000026,0.000026,0.030105
CTGAAAGAGATCCGAC-1,0.000037,0.36223,0.082712,0.242335,0.227779,0.000037,0.000037,0.084833
CTGAATCCGAGACCTC-1,0.330261,0.229303,0.256031,0.00194,0.045756,0.056234,0.022901,0.057573
CTGAATTTATTGCCAG-1,0.013033,0.336992,0.127911,0.21009,0.293414,0.018524,0.000018,0.000018
CTGACATAGAAATAGA-1,0.154477,0.000069,0.111901,0.146269,0.092838,0.4944,0.000023,0.000023
CTGACTGCGCAGCTCG-1,0.046366,0.150133,0.066968,0.618699,0.111166,0.00662,0.000024,0.000024
CTGAGAAAGTTCGGCG-1,0.222858,0.000093,0.091387,0.50163,0.037785,0.077818,0.068399,0.000031
CTGAGAGTAGAAATAC-1,0.000036,0.000107,0.000036,0.000036,0.000071,0.355136,0.610837,0.033742
CTGAGCAAGTAACAAG-1,0.013459,0.061541,0.000034,0.158809,0.746331,0.019757,0.000034,0.000034
CTGAGCGAGACTTATT-1,0.034138,0.91846,0.000007,0.013169,0.034204,0.000007,0.000007,0.000007
CTGATAGTGTATCTCA-1,0.019234,0.623262,0.000904,0.127225,0.209539,0.019815,0.000011,0.000011
CTGATCCCTTTATGCA-1,0.000039,0.000117,0.000039,0.000039,0.000078,0.706949,0.292699,0.000039
CTGCAAATGGGCTCCA-1,0.02727,0.232625,0.107721,0.054481,0.52803,0.037116,0.000019,0.012738
CTGCAAGCACGTTCCG-1,0.00329,0.001248,0.08466,0.000027,0.000054,0.501017,0.281756,0.127948
CTGCACAACTACATAT-1,0.000157,0.000472,0.104601,0.3079,0.000315,0.222488,0.363909,0.000157
CTGCACCTAGTCCACA-1,0.13525,0.523368,0.008885,0.079974,0.155683,0.025559,0.000129,0.071152
CTGCACCTGGAACCGC-1,0.050319,0.491735,0.000023,0.067905,0.38995,0.000023,0.000023,0.000023
CTGCACTCCAGTACAG-1,0.512281,0.104179,0.052375,0.000301,0.043966,0.183232,0.019229,0.084437
CTGCAGAGAATCAGAG-1,0.000052,0.000155,0.071635,0.238658,0.000103,0.533152,0.156194,0.000052
CTGCAGGGTGACGCTC-1,0.013968,0.083658,0.000031,0.000031,0.000062,0.892289,0.00868,0.00128
CTGCAGGTGCTCGGCC-1,0.045231,0.241048,0.008357,0.030524,0.661411,0.004373,0.000012,0.009045
CTGCCAAGGTTGGAAG-1,0.000031,0.117692,0.008504,0.423694,0.449988,0.000031,0.000031,0.000031
CTGCCATGCATCACAT-1,0.113506,0.040811,0.234562,0.409309,0.153218,0.000033,0.019444,0.029117
CTGCCCACGAAGCGTT-1,0.038645,0.421112,0.089353,0.154356,0.229819,0.053724,0.00001,0.01298
CTGCCTAGCCACCAAG-1,0.000067,0.081274,0.000067,0.210393,0.478297,0.000067,0.006439,0.223396
CTGCCTCATATGCAAC-1,0.218834,0.422397,0.01158,0.182042,0.126881,0.032148,0.00543,0.000687
CTGCCTTTAATACCTT-1,0.000044,0.000133,0.040453,0.000044,0.020809,0.635283,0.303188,0.000044
CTGCCTTTCTAGTAAA-1,0.045342,0.052592,0.035479,0.034204,0.035749,0.742615,0.029877,0.024144
CTGCGACCTCGCCGAA-1,0.000025,0.000076,0.000025,0.000025,0.00005,0.537787,0.46192,0.000091
CTGCGATTTCGAGATT-1,0.000044,0.000132,0.000044,0.000044,0.000088,0.535838,0.463765,0.000044
CTGCGGGTGAAATGTT-1,0.00003,0.150211,0.00187,0.594732,0.253065,0.00003,0.00003,0.00003
CTGCGGTAGTCACGTG-1,0.000057,0.10882,0.006635,0.243851,0.600436,0.000057,0.017021,0.023125
CTGCGTTACGATATAA-1,0.014723,0.352187,0.087772,0.041863,0.503399,0.000018,0.000018,0.000018
CTGCTCTCAACACACC-1,0.012169,0.035968,0.000023,0.000023,0.0051,0.946673,0.000023,0.000023
CTGCTCTGACGGCAAA-1,0.000029,0.000086,0.054897,0.000029,0.000057,0.836896,0.084084,0.023922
CTGCTGAGGCCACGAA-1,0.312578,0.100745,0.05612,0.045837,0.01159,0.294243,0.163174,0.015712
CTGCTGTCTAACGAGC-1,0.278492,0.035096,0.318984,0.000016,0.095656,0.003657,0.006355,0.261744
CTGCTTGGCGATAGCT-1,0.033176,0.000141,0.030992,0.054974,0.133168,0.747455,0.000047,0.000047
CTGCTTTATGTCCGCG-1,0.005311,0.406518,0.00002,0.379158,0.206994,0.00002,0.00002,0.001958
CTGGAAATGGATGCTT-1,0.097082,0.530875,0.017987,0.170873,0.139233,0.000023,0.029637,0.014289
CTGGAAGACACGGTGG-1,0.000024,0.011115,0.356146,0.000024,0.087187,0.491403,0.000024,0.054076
CTGGACGCAGTCCGGC-1,0.000095,0.000286,0.052847,0.260839,0.00019,0.562279,0.123369,0.000095
CTGGATTTACACTTGA-1,0.072011,0.016253,0.257203,0.000042,0.117784,0.411303,0.05397,0.071433
CTGGCATCCGAATGAG-1,0.482499,0.265331,0.092677,0.001144,0.041777,0.085235,0.015109,0.016228
CTGGCGACATAAGTCC-1,0.004009,0.183485,0.09886,0.36069,0.321665,0.000025,0.012818,0.018449
CTGGCGATTTACATGT-1,0.012343,0.000074,0.030274,0.000021,0.023311,0.886623,0.000021,0.047333
CTGGCGCACAGGTCTG-1,0.349899,0.223928,0.010227,0.306402,0.021083,0.000018,0.016792,0.071651
CTGGCGGGAATAAGTA-1,0.00003,0.045144,0.00003,0.333166,0.62154,0.00003,0.00003,0.00003
CTGGCTCCTGCGGGAT-1,0.00319,0.000737,0.00004,0.009703,0.986209,0.00004,0.00004,0.00004
CTGGCTGATTCATCCT-1,0.526706,0.077761,0.000032,0.127803,0.021535,0.030029,0.15258,0.063554
CTGGCTGCTAACGTAA-1,0.086164,0.046733,0.000032,0.000032,0.866945,0.000032,0.000032,0.000032
CTGGCTGGTTGTCAGT-1,0.013355,0.035086,0.003208,0.043182,0.015389,0.884434,0.002416,0.00293
CTGGGATAAATAATGG-1,0.237739,0.327966,0.046846,0.294925,0.042357,0.006821,0.004513,0.038833
CTGGGATACGCTACCC-1,0.192194,0.598324,0.00001,0.090509,0.111178,0.007765,0.00001,0.00001
CTGGGATCGCCCAGAT-1,0.000035,0.000104,0.129864,0.000035,0.820761,0.049132,0.000035,0.000035
CTGGGCCTGCTATATC-1,0.000082,0.057076,0.249549,0.48215,0.000165,0.000082,0.177585,0.033312
CTGGGCGGCCAAATGT-1,0.000043,0.024357,0.134076,0.198848,0.632625,0.009966,0.000043,0.000043
CTGGGCTACTGGAGAG-1,0.053508,0.031064,0.00002,0.00002,0.006747,0.9086,0.00002,0.00002
CTGGGCTATCCTTTGG-1,0.028413,0.02489,0.187111,0.407866,0.35147,0.000083,0.000083,0.000083
CTGGGTAGGCAGTTAA-1,0.025991,0.03602,0.424814,0.21454,0.060914,0.004709,0.008595,0.224417
CTGGGTTGAGTTAAAG-1,0.000079,0.000236,0.03926,0.184479,0.000158,0.407052,0.368658,0.000079
CTGGTAAAGACTTACA-1,0.146324,0.000054,0.000018,0.000018,0.000036,0.738307,0.115224,0.000018
CTGGTAAAGTGTGGGC-1,0.000026,0.000078,0.431204,0.000026,0.000052,0.540101,0.017603,0.010911
CTGGTAACACATAGAA-1,0.000038,0.002988,0.171359,0.625144,0.160582,0.01827,0.02158,0.000038
CTGGTAACGAGCTCTT-1,0.096528,0.287498,0.007371,0.269278,0.211973,0.127318,0.000017,0.000017
CTGGTCATTCCAATCC-1,0.001741,0.007271,0.00004,0.361799,0.559171,0.037667,0.023316,0.008996
CTGGTCCTAACTTGGC-1,0.000049,0.000148,0.002672,0.162264,0.834719,0.000049,0.000049,0.000049
CTGGTGAATGGGCCTA-1,0.000038,0.000113,0.099551,0.037417,0.000075,0.580614,0.282154,0.000038
CTGGTTCAACGCATCA-1,0.00004,0.042343,0.00004,0.086728,0.671697,0.00004,0.00004,0.199072
CTGGTTCGCGAGCTAC-1,0.041371,0.026375,0.003969,0.417183,0.133188,0.084834,0.036774,0.256305
CTGGTTTCGAGCAAGA-1,0.000043,0.00013,0.070447,0.497024,0.006422,0.40784,0.01805,0.000043
CTGTACTTCTTAGCAT-1,0.114808,0.118304,0.139143,0.501387,0.125903,0.000357,0.000049,0.000049
CTGTAGCCATCTCACT-1,0.000026,0.000077,0.189558,0.01255,0.069499,0.728239,0.000026,0.000026
CTGTAGTGAGGATCGA-1,0.000037,0.00011,0.000037,0.064354,0.000073,0.862516,0.072836,0.000037
CTGTATGGTGTAGAAA-1,0.000563,0.172482,0.074204,0.160063,0.557085,0.026726,0.000031,0.008845
CTGTCAAATGGCTCGG-1,0.000024,0.110605,0.237383,0.234705,0.405129,0.000024,0.000024,0.012105
CTGTCACGCCAGGCGC-1,0.022656,0.506546,0.001863,0.003299,0.166771,0.000021,0.000021,0.298821
CTGTCTGTGGCTGGCT-1,0.010982,0.550071,0.000021,0.000021,0.438844,0.000021,0.000021,0.000021
CTGTGCAGGGTAGGTC-1,0.330619,0.263008,0.039261,0.237113,0.02878,0.000021,0.001401,0.099797
CTGTGGTCGGGAGATA-1,0.079526,0.000168,0.000056,0.067375,0.000112,0.390367,0.426841,0.035554
CTGTTACCCAATCTAG-1,0.000066,0.000197,0.531756,0.000066,0.077595,0.390189,0.000066,0.000066
CTGTTCACTGCCTGTG-1,0.000031,0.185762,0.224295,0.137248,0.452572,0.000031,0.000031,0.000031
CTGTTCATCTCACGGG-1,0.015249,0.480078,0.025317,0.114753,0.152111,0.003688,0.022866,0.185937
CTGTTGTTCAGTCGTA-1,0.056172,0.02514,0.000034,0.019224,0.034507,0.400513,0.464376,0.000034
CTTAAATAAGACCCAT-1,0.051191,0.335746,0.000012,0.149492,0.358,0.032482,0.00225,0.070826
CTTAACTTACAGTATA-1,0.000021,0.000064,0.0569,0.000021,0.051158,0.888385,0.002455,0.000996
CTTAACTTCGAAGTAC-1,0.000043,0.069077,0.00649,0.23497,0.689293,0.000043,0.000043,0.000043
CTTAATCGACTTAGTA-1,0.254399,0.006661,0.000028,0.000028,0.000055,0.481878,0.130844,0.126107
CTTACACGGTATTCCA-1,0.000061,0.113388,0.047955,0.759049,0.000121,0.000061,0.070393,0.008972
CTTACACTGGGAAATA-1,0.000041,0.03662,0.012516,0.238394,0.661814,0.000041,0.000041,0.050535
CTTACATAGATTTCTT-1,0.000024,0.000073,0.000024,0.010562,0.005194,0.980258,0.00384,0.000024
CTTACTGACTCCTCTG-1,0.162432,0.009779,0.000014,0.000014,0.002178,0.692446,0.035944,0.097193
CTTAGATGTTTCATCC-1,0.016625,0.000092,0.000031,0.000031,0.000061,0.924389,0.058741,0.000031
CTTAGCCCGGATAGTG-1,0.033107,0.17716,0.018546,0.217615,0.520516,0.033017,0.000019,0.000019
CTTAGCCTTCCACATG-1,0.000031,0.106462,0.015657,0.486013,0.350359,0.003484,0.035673,0.002321
CTTAGGTATAGACCAG-1,0.000031,0.000092,0.012734,0.000031,0.000062,0.519145,0.467876,0.000031
CTTAGGTCCCAATCGT-1,0.018026,0.82245,0.009453,0.103651,0.012613,0.000008,0.005813,0.027987
CTTAGTAGGCCTACAG-1,0.093547,0.361558,0.000159,0.469141,0.057124,0.000016,0.018439,0.000016
CTTAGTGTAGTAGCAT-1,0.000032,0.000096,0.000032,0.000737,0.162894,0.836146,0.000032,0.000032
CTTAGTTGAGGAATCG-1,0.000039,0.000118,0.000039,0.000039,0.000079,0.673598,0.326047,0.000039
CTTATAGATGGCTGTT-1,0.000038,0.000114,0.000038,0.000038,0.000076,0.880886,0.118771,0.000038
CTTATGCGCTCAGGGC-1,0.000053,0.00016,0.000592,0.645874,0.134872,0.218343,0.000053,0.000053
CTTATGTTGACTACCA-1,0.000129,0.126248,0.000129,0.027896,0.730247,0.115094,0.000129,0.000129
CTTCAACTCCACTTGG-1,0.155356,0.00105,0.000025,0.000025,0.000049,0.61197,0.18884,0.042685
CTTCACGCCCTGGTAC-1,0.039878,0.034596,0.005468,0.000026,0.001453,0.455383,0.341055,0.122142
CTTCAGTGGTCGCCTA-1,0.000034,0.000101,0.000034,0.000034,0.000067,0.708085,0.291612,0.000034
CTTCAGTTGGACAACG-1,0.000014,0.000043,0.073347,0.000014,0.031056,0.848203,0.000014,0.047307
CTTCATAGCTCAAGAA-1,0.00434,0.431638,0.014698,0.100073,0.357596,0.000031,0.000031,0.091592
CTTCATCACCAGGGCT-1,0.000025,0.000074,0.147271,0.000025,0.026729,0.822312,0.000491,0.003074
CTTCATTGTCAGTGGA-1,0.112353,0.477526,0.193096,0.143938,0.073005,0.000027,0.000027,0.000027
CTTCCGCTCCGTGAAG-1,0.000044,0.056415,0.331546,0.056283,0.037945,0.499347,0.018377,0.000044
CTTCCTGCATATTTAC-1,0.142859,0.17261,0.000064,0.029263,0.616725,0.03695,0.000064,0.001464
CTTCGATTGCGCAAGC-1,0.001986,0.032414,0.129058,0.000052,0.000103,0.409862,0.401409,0.025117
CTTCGGCCAATTGTTT-1,0.216916,0.054852,0.153533,0.173093,0.098827,0.302716,0.000031,0.000031
CTTCGTAGATAGGTGA-1,0.000046,0.000139,0.118685,0.752513,0.112341,0.000046,0.016183,0.000046
CTTCGTGCCCGCATCG-1,0.026936,0.283279,0.021518,0.000919,0.596724,0.070521,0.000051,0.000051
CTTCTATGTTGAAGTA-1,0.104494,0.055705,0.267456,0.002535,0.086551,0.455129,0.000021,0.028109
CTTCTATTAATGCTAG-1,0.000064,0.000192,0.33556,0.000064,0.000128,0.33573,0.328198,0.000064
CTTCTGGGCGTACCTA-1,0.000026,0.000913,0.040272,0.020436,0.027607,0.724301,0.186419,0.000026
CTTCTTACGTCGTATA-1,0.00007,0.028421,0.003818,0.389019,0.538662,0.002295,0.00007,0.037645
CTTGACCCGAAAGATA-1,0.004627,0.646288,0.000022,0.000022,0.235118,0.000022,0.000022,0.113879
CTTGAGGTTATCCCGA-1,0.010337,0.330794,0.010138,0.000043,0.442875,0.000043,0.000043,0.205728
CTTGAGTTAGGGTAAT-1,0.143876,0.139835,0.115741,0.40309,0.197384,0.000025,0.000025,0.000025
CTTGATGACCATCCAG-1,0.018595,0.006608,0.000013,0.000013,0.000025,0.811503,0.135007,0.028237
CTTGCAACCGCCTCCT-1,0.000054,0.000163,0.340429,0.466103,0.093812,0.054884,0.042273,0.002281
CTTGCCCACCCACGCA-1,0.000022,0.000066,0.060895,0.000022,0.003305,0.71402,0.143212,0.078458
CTTGCCCAGGCTCTAC-1,0.1573,0.014189,0.021268,0.178443,0.000076,0.013352,0.286369,0.329002
CTTGGCCAAGCTGGGA-1,0.000049,0.000146,0.00555,0.06688,0.000097,0.698388,0.228842,0.000049
CTTGTACTTGTTGACT-1,0.065516,0.6365,0.000021,0.001866,0.238044,0.056531,0.000021,0.001502
CTTGTCAACATTCGAG-1,0.200721,0.009195,0.00025,0.158612,0.000071,0.582504,0.048611,0.000036
CTTGTCGTACGTGTCA-1,0.000045,0.000134,0.105226,0.000045,0.894418,0.000045,0.000045,0.000045
CTTGTGAGGACAGCGG-1,0.058812,0.315346,0.000014,0.000014,0.622504,0.000014,0.000014,0.003284
CTTGTGAGTCTTTGAC-1,0.000036,0.43942,0.000036,0.000036,0.560365,0.000036,0.000036,0.000036
CTTGTGCTCACCGATT-1,0.022366,0.3348,0.013488,0.368922,0.249397,0.000022,0.008353,0.002654
CTTGTTGCTGAGTCAA-1,0.083403,0.069885,0.087205,0.547905,0.181572,0.020446,0.009554,0.00003
CTTGTTTATGTAGCCA-1,0.004385,0.73599,0.000028,0.014232,0.167708,0.000028,0.000028,0.0776
CTTTAACTTTCAAAGG-1,0.035868,0.813688,0.021216,0.063885,0.04612,0.015655,0.003552,0.000017
CTTTAATATTGGTCGA-1,0.000099,0.000296,0.000099,0.242705,0.000197,0.634447,0.122059,0.000099
CTTTACCGAATAGTAG-1,0.017869,0.000096,0.097444,0.000032,0.074696,0.168416,0.240207,0.40124
CTTTAGGAACACTGTT-1,0.051928,0.000167,0.164001,0.737279,0.020433,0.000056,0.02608,0.000056
CTTTAGTGCTATTATT-1,0.015863,0.000165,0.424864,0.393578,0.051654,0.04627,0.067551,0.000055
CTTTATCCGACGCATG-1,0.055508,0.03585,0.000026,0.000026,0.006825,0.901712,0.000026,0.000026
CTTTCTGTGCGGGCTT-1,0.000079,0.000238,0.008126,0.253792,0.000159,0.677689,0.059838,0.000079
CTTTGCATCGCTCTTG-1,0.056981,0.210051,0.012325,0.028545,0.419405,0.2162,0.035777,0.020716
CTTTGCTGTCATGGAT-1,0.439541,0.170389,0.148681,0.132606,0.033878,0.042878,0.008103,0.023925
CTTTGGCAGACAGAGT-1,0.000046,0.0002,0.225571,0.000046,0.681556,0.000046,0.000046,0.092489
CTTTGGCGCTTTATAC-1,0.058433,0.204652,0.012455,0.394039,0.289234,0.036637,0.000673,0.003877
CTTTGGCTTTAGTAAA-1,0.019893,0.236848,0.029267,0.461223,0.147216,0.003113,0.02278,0.07966
CTTTGGGATTGTTGCA-1,0.000351,0.000102,0.013952,0.000034,0.000068,0.425683,0.498926,0.060884
CTTTGTCGAATGCTCC-1,0.000029,0.000086,0.000029,0.088239,0.000057,0.619482,0.292051,0.000029
GAAACAGATGACCACC-1,0.041104,0.030859,0.133289,0.549095,0.000063,0.000031,0.110723,0.134837
GAAACAGCCATGCAGT-1,0.003934,0.53821,0.00359,0.141371,0.312801,0.000031,0.000031,0.000031
GAAACATAGGAAACAG-1,0.15479,0.041735,0.068355,0.000017,0.000034,0.360148,0.114238,0.260683
GAAACCATGGTGCGCT-1,0.019978,0.269904,0.0332,0.431232,0.229348,0.016301,0.000018,0.000018
GAAACCGAATTACCTT-1,0.000046,0.000137,0.085762,0.528566,0.071585,0.290736,0.023122,0.000046
GAAACCTATACAAATG-1,0.000028,0.016068,0.17767,0.000028,0.023015,0.619892,0.163273,0.000028
GAAACTCGTGCGATGC-1,0.000032,0.068217,0.001957,0.403007,0.493455,0.000032,0.000032,0.033269
GAAACTCTAATGAAGG-1,0.000041,0.104187,0.019038,0.264147,0.602443,0.010064,0.000041,0.000041
GAAAGAACAGCGTTAT-1,0.091761,0.263325,0.260845,0.207882,0.119405,0.010835,0.000019,0.045929
GAAAGCAGTGCACTTT-1,0.000034,0.000102,0.156737,0.048453,0.120386,0.660556,0.013698,0.000034
GAAAGCCCTTTGGACC-1,0.229678,0.37938,0.067852,0.026148,0.185673,0.097665,0.000014,0.013589
GAAAGTGACTAACTGC-1,0.019811,0.199263,0.010312,0.543618,0.136745,0.06201,0.00003,0.028211
GAAATACCTGCTGGCT-1,0.077517,0.079224,0.000041,0.11863,0.724466,0.000041,0.000041,0.000041
GAAATACTAAACGTTT-1,0.000037,0.00011,0.000037,0.347648,0.652058,0.000037,0.000037,0.000037
GAAATATCACCATCAG-1,0.130098,0.385741,0.071384,0.00055,0.253063,0.120429,0.000013,0.038721
GAAATATGCTTGAATG-1,0.000756,0.192529,0.011351,0.474022,0.222837,0.000031,0.030624,0.06785
GAAATCGCGCGCAACT-1,0.01806,0.705217,0.020273,0.04695,0.201412,0.000015,0.000015,0.008057
GAAATGGCGGTGTTAG-1,0.157805,0.607423,0.005538,0.182404,0.037642,0.003741,0.000981,0.004466
GAAATGGGATGTAAAC-1,0.000038,0.000114,0.000038,0.295001,0.645481,0.032094,0.023208,0.004026
GAAATTAGCACGGATA-1,0.000033,0.741015,0.035423,0.096192,0.072758,0.000033,0.054512,0.000033
GAAATTCACATCGCTG-1,0.000048,0.002577,0.057149,0.181475,0.758608,0.000048,0.000048,0.000048
GAAATTGTCTCTATAA-1,0.05585,0.044771,0.389222,0.208088,0.246177,0.055826,0.000033,0.000033
GAACAACTGGGATGAA-1,0.006118,0.000059,0.07137,0.00002,0.000039,0.708554,0.191811,0.022029
GAACACACATCAACCA-1,0.000027,0.187616,0.01716,0.474756,0.32036,0.000027,0.000027,0.000027
GAACAGATTACTAAAT-1,0.000049,0.000147,0.153179,0.072842,0.045222,0.683928,0.044585,0.000049
GAACATTAGTATGTTA-1,0.000039,0.044733,0.05215,0.459896,0.443065,0.000039,0.000039,0.000039
GAACCATCTGGGAGAC-1,0.025466,0.285684,0.000022,0.000628,0.688136,0.000022,0.000022,0.000022
GAACCCTCTGTGTTCT-1,0.000102,0.000306,0.001027,0.140298,0.000204,0.274211,0.58375,0.000102
GAACCTCGACCTACAC-1,0.010097,0.064199,0.281735,0.310347,0.208182,0.00833,0.006092,0.111018
GAACCTTTAACGATCC-1,0.023941,0.058299,0.052006,0.001445,0.148923,0.662678,0.052682,0.000027
GAACGACCGAATGATA-1,0.009055,0.573059,0.140804,0.027638,0.219066,0.000018,0.000018,0.030343
GAACGATAAGTTAAAG-1,0.000767,0.477243,0.000013,0.320928,0.195509,0.005513,0.000013,0.000013
GAACGCGGGTCACACG-1,0.003569,0.057448,0.516751,0.000024,0.152648,0.059381,0.042908,0.167273
GAACGGTGTAAAGCAG-1,0.000062,0.000187,0.309332,0.242072,0.44816,0.000062,0.000062,0.000062
GAACGTCTCATGGTCG-1,0.093863,0.651379,0.098191,0.01649,0.131998,0.000012,0.000012,0.008057
GAACGTTAGGAAGACG-1,0.00002,0.008907,0.287863,0.291978,0.354824,0.054084,0.00002,0.002303
GAACGTTTGTATCCAC-1,0.010319,0.017516,0.000032,0.068771,0.051973,0.851325,0.000032,0.000032
GAACTGTGGAGAGACA-1,0.000028,0.000085,0.000028,0.044166,0.053589,0.899974,0.002102,0.000028
GAACTTAGCGCCCGGT-1,0.07257,0.101659,0.123504,0.276825,0.425284,0.000053,0.000053,0.000053
GAACTTGTGCACGGGA-1,0.006057,0.620089,0.005608,0.11518,0.253017,0.000017,0.000017,0.000017
GAAGAAACGATATTGT-1,0.03705,0.042593,0.03696,0.039197,0.00638,0.382835,0.410818,0.044166
GAAGAACGGTGCAGGT-1,0.008678,0.636921,0.000016,0.045006,0.309332,0.000016,0.000016,0.000016
GAAGACTTCAATGCCG-1,0.008216,0.037016,0.001459,0.037042,0.866207,0.000025,0.000025,0.050009
GAAGCAAGGCAATGTT-1,0.011959,0.003824,0.000026,0.012585,0.931664,0.039892,0.000026,0.000026
GAAGCCACTGATTATG-1,0.133931,0.105892,0.000018,0.000018,0.041878,0.210517,0.200591,0.307154
GAAGCCTGCACATTCC-1,0.000058,0.000174,0.000688,0.180432,0.000116,0.729376,0.089096,0.000058
GAAGCGTGAGGAATTT-1,0.003799,0.14919,0.26283,0.372699,0.151631,0.009993,0.004077,0.045781
GAAGCTCGGACCCGTC-1,0.093505,0.000143,0.000048,0.042553,0.000096,0.636546,0.227062,0.000048
GAAGCTCTTTGCTTAG-1,0.027386,0.449986,0.000027,0.000027,0.499461,0.00543,0.000027,0.017655
GAAGCTTGCTGACCGC-1,0.031391,0.305341,0.043794,0.332324,0.250158,0.036937,0.000028,0.000028
GAAGGACTAAATTGAA-1,0.000047,0.000142,0.000047,0.083386,0.916236,0.000047,0.000047,0.000047
GAAGGAGTCGAGTGCG-1,0.266398,0.020663,0.023138,0.004481,0.091916,0.579753,0.000018,0.013633
GAAGGCTACCATTGTT-1,0.009032,0.679716,0.000012,0.195984,0.006053,0.009799,0.015669,0.083734
GAAGGGCATAACCATG-1,0.021648,0.07005,0.000017,0.000872,0.851888,0.000017,0.000017,0.055493
GAAGGGTCATTAAGAC-1,0.000022,0.000066,0.000022,0.012098,0.032207,0.95554,0.000022,0.000022
GAAGTCAGTTGCACTA-1,0.029161,0.000133,0.025606,0.038132,0.141975,0.764905,0.000044,0.000044
GAAGTCTCCCTAGCGA-1,0.453946,0.332617,0.006715,0.073253,0.084918,0.00001,0.001441,0.0471
GAAGTGATTTATCGTG-1,0.022572,0.022204,0.050676,0.700652,0.168247,0.035542,0.000054,0.000054
GAAGTGCTGGATAGCT-1,0.000031,0.295623,0.112973,0.026704,0.562677,0.000031,0.000031,0.00193
GAAGTTTCCACTCAAT-1,0.05384,0.022772,0.065811,0.612675,0.062277,0.182526,0.000049,0.000049
GAATAGACGCGACCCA-1,0.092289,0.13156,0.390076,0.138307,0.001372,0.000025,0.015704,0.230668
GAATAGCATTTAGGGT-1,0.279525,0.081127,0.000015,0.190264,0.000619,0.006816,0.099429,0.342205
GAATAGCCCTGCGGTC-1,0.117418,0.829592,0.00001,0.035183,0.017765,0.00001,0.00001,0.00001
GAATAGTGCTCGATTA-1,0.000025,0.000076,0.004033,0.150137,0.007696,0.762135,0.075872,0.000025
GAATATTCGGAGTCCC-1,0.071669,0.794163,0.000015,0.000015,0.060809,0.000015,0.000015,0.0733
GAATCGACATGGTCAC-1,0.192634,0.595435,0.000013,0.042103,0.156126,0.013663,0.000013,0.000013
GAATCGCCGGACACGG-1,0.076591,0.000186,0.029552,0.270134,0.62335,0.000062,0.000062,0.000062
GAATCTATACTCGGAC-1,0.00006,0.000181,0.111438,0.064179,0.823961,0.00006,0.00006,0.00006
GAATCTGAACATTCTC-1,0.114784,0.079767,0.072784,0.345954,0.000085,0.000042,0.107749,0.278835
GAATGAAGGTCTTCAG-1,0.111569,0.86927,0.008774,0.000008,0.010353,0.000008,0.000008,0.000008
GAATGCCGAAATGACC-1,0.00003,0.000393,0.00003,0.373127,0.626329,0.00003,0.00003,0.00003
GAATGCGAATCGGTTC-1,0.000026,0.000078,0.181432,0.000026,0.012517,0.805868,0.000026,0.000026
GAATGGGCTTATCGAC-1,0.0541,0.145288,0.01367,0.494347,0.179253,0.015993,0.039412,0.057937
GAATGTATGGCAGGTC-1,0.000036,0.000107,0.000635,0.567741,0.431374,0.000036,0.000036,0.000036
GAATGTGGTCCGGATT-1,0.43065,0.036595,0.005286,0.356005,0.029526,0.00003,0.055813,0.086097
GAATGTTGGGTAATCT-1,0.002176,0.790677,0.00002,0.173576,0.03349,0.00002,0.00002,0.00002
GAATTATAGTGAAAGG-1,0.076844,0.350045,0.155696,0.256693,0.117742,0.042942,0.000019,0.000019
GAATTCACCCGGGTGT-1,0.000042,0.066275,0.570096,0.032742,0.030642,0.282401,0.0048,0.013001
GAATTTCTCGCTGCAG-1,0.000042,0.00277,0.045648,0.707192,0.244223,0.000042,0.000042,0.000042
GACAAACATATGCAGG-1,0.338963,0.092117,0.039454,0.468769,0.009083,0.010029,0.038806,0.002778
GACAACGACCATTGAA-1,0.049417,0.741161,0.048208,0.084765,0.054599,0.01822,0.000705,0.002925
GACAACGCAGCTTACG-1,0.000035,0.179057,0.012675,0.408051,0.234376,0.081938,0.010164,0.073704
GACAAGACGCCCGTGC-1,0.00003,0.00009,0.157342,0.00003,0.00482,0.748125,0.043354,0.046207
GACAAGAGATGAGATT-1,0.000027,0.009047,0.292161,0.000027,0.002338,0.519462,0.082715,0.094223
GACACAAGGGAAGAAA-1,0.068059,0.62869,0.021748,0.137231,0.059174,0.00001,0.002861,0.082225
GACACAGCCGGGACTG-1,0.000026,0.000079,0.000026,0.080723,0.036352,0.881933,0.000835,0.000026
GACACCCAAAGACGCG-1,0.243006,0.002047,0.000015,0.000015,0.00003,0.588301,0.118535,0.048051
GACACGAGTTAGAGGA-1,0.000031,0.275883,0.005021,0.164244,0.477974,0.000031,0.015193,0.061623
GACACTGAGTTCAGTG-1,0.066395,0.000139,0.399932,0.349918,0.118298,0.055848,0.009426,0.000044
GACACTGGAACCCGAT-1,0.013501,0.000076,0.052879,0.147053,0.030016,0.756425,0.000025,0.000025
GACACTTCCAATTACC-1,0.000018,0.000055,0.007549,0.000018,0.103191,0.867903,0.014595,0.006669
GACAGAGGTCTTCAGT-1,0.000051,0.000152,0.000051,0.050739,0.000101,0.948805,0.000051,0.000051
GACAGATTTCTGGCTC-1,0.235639,0.113541,0.052093,0.109259,0.135832,0.052214,0.068859,0.232563
GACAGCCAGACCTGAC-1,0.204497,0.245366,0.195402,0.073828,0.089887,0.000017,0.012836,0.178165
GACAGGCACACACTAT-1,0.117555,0.469811,0.084709,0.207874,0.119982,0.000023,0.000023,0.000023
GACAGGTAATCCGTGT-1,0.023064,0.006068,0.000027,0.000027,0.018882,0.830559,0.112561,0.008811
GACATACTGTCGCAGA-1,0.000017,0.209968,0.000764,0.055044,0.684896,0.049276,0.000017,0.000017
GACATCCGTCGAACTG-1,0.000037,0.00011,0.138853,0.000037,0.000467,0.623555,0.236904,0.000037
GACATCGATTTATAAC-1,0.000053,0.103436,0.220911,0.03739,0.016996,0.342091,0.279069,0.000053
GACATTTCGCCCAGCC-1,0.090364,0.001943,0.009553,0.000024,0.034396,0.510473,0.125256,0.227992
GACCAAACGTTGACTG-1,0.295221,0.166963,0.021215,0.040178,0.000472,0.184428,0.291499,0.000024
GACCACACTTCCCTTT-1,0.000016,0.000047,0.000016,0.003312,0.027634,0.913328,0.051873,0.003775
GACCAGAGCCCTGTAG-1,0.107678,0.311099,0.111472,0.300046,0.149702,0.004131,0.000023,0.01585
GACCAGGTCATTCATA-1,0.000026,0.141655,0.015959,0.000026,0.829716,0.000026,0.000026,0.012567
GACCCAATTATGATAC-1,0.000052,0.077593,0.021817,0.181239,0.020579,0.670131,0.028537,0.000052
GACCCGTCGCCGGCTA-1,0.000032,0.239625,0.000032,0.074152,0.677189,0.000032,0.000032,0.008908
GACCGACCGCTAATAT-1,0.028361,0.575225,0.000019,0.000019,0.354923,0.041415,0.000019,0.000019
GACCGACGTGAAAGCA-1,0.15662,0.40983,0.057873,0.122882,0.130381,0.06779,0.000433,0.054192
GACCGACTGAAGCGTC-1,0.088978,0.45337,0.078611,0.271665,0.050547,0.007887,0.000024,0.048918
GACCGATTAAATATGT-1,0.000021,0.000063,0.000021,0.000021,0.000042,0.779474,0.215754,0.004604
GACCGCGTCTGACGTG-1,0.0031,0.000079,0.056926,0.075833,0.027597,0.271157,0.380531,0.184776
GACCGGTGATACTCTC-1,0.050803,0.146915,0.029671,0.126793,0.050628,0.384976,0.190543,0.019672
GACCGTCAGGTCGTGA-1,0.008708,0.335646,0.000043,0.13578,0.446765,0.07297,0.000043,0.000043
GACCGTGCTGACGGTG-1,0.00004,0.00012,0.247024,0.42491,0.249032,0.035429,0.005653,0.037792
GACCGTTACATGCGAC-1,0.042783,0.092485,0.054481,0.310203,0.218639,0.256523,0.017845,0.007042
GACCTTCCACGTCTAC-1,0.000101,0.000303,0.000101,0.000101,0.000202,0.719776,0.279314,0.000101
GACGACGATCCGCGTT-1,0.000045,0.000135,0.191002,0.016748,0.00009,0.68979,0.102146,0.000045
GACGACTTTCCAAGAA-1,0.023216,0.443363,0.025116,0.029851,0.419963,0.053972,0.000021,0.004498
GACGAGGCTAATAAAC-1,0.419368,0.029922,0.011216,0.000011,0.018261,0.218787,0.055107,0.247329
GACGATATCACTGGGT-1,0.000023,0.000069,0.049951,0.000023,0.000046,0.670615,0.221124,0.058149
GACGCCGTAAAGGCTA-1,0.000044,0.000131,0.039168,0.068487,0.000087,0.666505,0.225535,0.000044
GACGCCTGTTGCAGGG-1,0.000068,0.178655,0.0868,0.038233,0.646527,0.000068,0.000068,0.049581
GACGCTTGCTTCTAAA-1,0.053517,0.22873,0.000029,0.377816,0.011021,0.000029,0.002219,0.32664
GACGGACCGCGTTCCT-1,0.000045,0.001385,0.000045,0.11801,0.83826,0.008845,0.022953,0.010458
GACGGGATGTCTTATG-1,0.000086,0.08229,0.237754,0.117095,0.446641,0.115961,0.000086,0.000086
GACGGGCATCGAATTT-1,0.014161,0.001287,0.008441,0.000017,0.027601,0.948458,0.000017,0.000017
GACGGGTTGGCCCGTA-1,0.000042,0.000127,0.12253,0.049309,0.000085,0.805358,0.022506,0.000042
GACGGTCAATAGAAGC-1,0.077163,0.498415,0.040354,0.209338,0.082335,0.068793,0.000011,0.023591
GACGGTCCTAGGGTGT-1,0.126281,0.190778,0.140588,0.426732,0.003525,0.000025,0.077469,0.034601
GACGTGAGACTCCATG-1,0.009094,0.163776,0.000033,0.000033,0.826966,0.000033,0.000033,0.000033
GACGTGTAGGGATTAT-1,0.000159,0.000477,0.000159,0.483105,0.474458,0.000159,0.041325,0.000159
GACGTTCGTAAATACA-1,0.044895,0.829461,0.000019,0.056251,0.022627,0.000009,0.003792,0.042946
GACGTTGCTCGGCGGC-1,0.000017,0.000052,0.16024,0.000017,0.020244,0.637869,0.020401,0.161159
GACTAACACAGCACCT-1,0.115236,0.282323,0.002386,0.043474,0.556466,0.000039,0.000039,0.000039
GACTAAGATCATGCAC-1,0.004311,0.43983,0.084388,0.118587,0.343589,0.000026,0.000026,0.009241
GACTAAGTAGGCTCAC-1,0.032326,0.360031,0.062368,0.178029,0.354293,0.011822,0.000025,0.001104
GACTACAAAGCGGTGG-1,0.000037,0.00011,0.351648,0.002812,0.10437,0.32939,0.211597,0.000037
GACTACAATTGCTCGT-1,0.000059,0.008518,0.017761,0.17854,0.777007,0.000059,0.000059,0.017998
GACTAGGCCGTTAGGT-1,0.000033,0.000099,0.004099,0.000033,0.169689,0.825981,0.000033,0.000033
GACTCACCCACGTGAG-1,0.058133,0.02125,0.031183,0.740199,0.138778,0.010402,0.000027,0.000027
GACTCCCAGAATAAGG-1,0.065183,0.776678,0.001997,0.10965,0.014141,0.005909,0.007056,0.019386
GACTCCTTCCAATTGA-1,0.000114,0.227255,0.013451,0.190707,0.089487,0.272605,0.203701,0.002678
GACTCGCGGGAATGAC-1,0.018014,0.445442,0.008442,0.353547,0.174503,0.000017,0.000017,0.000017
GACTCGGTCGGCGGAT-1,0.084844,0.55316,0.011793,0.010096,0.337766,0.000026,0.000026,0.002289
GACTCTAGAGTTCCAA-1,0.00003,0.00009,0.00003,0.00003,0.00006,0.774021,0.225708,0.00003
GACTGATTGGTCACAA-1,0.04427,0.634881,0.000018,0.000018,0.230211,0.000018,0.000018,0.090565
GACTGCAAATCGAGCT-1,0.000038,0.019726,0.024838,0.072163,0.000076,0.832918,0.050204,0.000038
GACTGCACCAGCCCAG-1,0.209296,0.080383,0.010409,0.262423,0.049636,0.107247,0.09656,0.184047
GACTGCGGCACGTGTA-1,0.012164,0.771068,0.000005,0.000005,0.089618,0.000005,0.000005,0.127128
GACTGCTGGTGAGAAA-1,0.000029,0.000088,0.020091,0.0151,0.04039,0.66975,0.254523,0.000029
GACTGGGCGCCGCAAC-1,0.088077,0.450901,0.000024,0.016409,0.406177,0.000024,0.000024,0.038365
GACTTCAACGCATCAA-1,0.000064,0.168008,0.000064,0.024462,0.000128,0.437289,0.311427,0.058558
GACTTTCGAGCGGTTC-1,0.000045,0.000135,0.000045,0.000045,0.019463,0.980177,0.000045,0.000045
GAGAAACTGGATCCCA-1,0.000036,0.000107,0.000036,0.000036,0.000071,0.585339,0.41434,0.000036
GAGAACGGTTCTGACT-1,0.040429,0.013089,0.013646,0.00721,0.076217,0.849375,0.000017,0.000017
GAGAATCTCACGATCA-1,0.081739,0.114876,0.061795,0.296995,0.150077,0.224087,0.014749,0.055683
GAGACCCTGCAACGCC-1,0.070761,0.566915,0.000015,0.063467,0.298795,0.000015,0.000015,0.000015
GAGACTGATGGGTAGA-1,0.057282,0.72215,0.000017,0.060206,0.12533,0.000017,0.000017,0.034982
GAGACTTCGCGACCGA-1,0.000029,0.000086,0.043694,0.009,0.096157,0.850976,0.000029,0.000029
GAGAGCGCAGTCCCTG-1,0.105321,0.235246,0.100675,0.210023,0.117754,0.161274,0.028573,0.041133
GAGAGGCCTATGTGTA-1,0.014372,0.300352,0.013756,0.161179,0.122535,0.279177,0.108571,0.000058
GAGAGGGCGCGAGGTT-1,0.222811,0.434353,0.065631,0.200886,0.062109,0.003397,0.001567,0.009246
GAGAGGTGCATTCTGG-1,0.000045,0.000135,0.202881,0.415777,0.07821,0.302537,0.00037,0.000045
GAGAGTCTCGGGAGAG-1,0.000034,0.000103,0.037141,0.000034,0.047726,0.911973,0.002953,0.000034
GAGATCTGCTTGGCAT-1,0.007858,0.07361,0.250416,0.321774,0.321028,0.000031,0.000031,0.025251
GAGATCTGTCACTCCG-1,0.077642,0.20514,0.016878,0.452816,0.07683,0.055525,0.000209,0.11496
GAGATCTTCCATGACA-1,0.069693,0.00013,0.149548,0.29559,0.060951,0.419587,0.000043,0.004458
GAGATGACAATCCTTA-1,0.014543,0.80154,0.000011,0.013446,0.106663,0.000011,0.001784,0.062001
GAGATGGCTTTAATCA-1,0.000198,0.007308,0.008862,0.00001,0.030353,0.930649,0.000311,0.022309
GAGATGGGAGTCGACA-1,0.000058,0.000173,0.215651,0.000058,0.000116,0.67696,0.106927,0.000058
GAGCACCTGTGTCCAG-1,0.000058,0.000174,0.099371,0.064674,0.027369,0.808236,0.000059,0.000058
GAGCACGGCGCCTCTT-1,0.319061,0.112444,0.067261,0.336341,0.01125,0.000021,0.031582,0.122039
GAGCATCAACAACTTG-1,0.00003,0.000089,0.070563,0.042954,0.01023,0.704364,0.171741,0.00003
GAGCATCATCCCTGGG-1,0.004243,0.682462,0.000017,0.000017,0.287614,0.000017,0.000017,0.025615
GAGCCACGGTAGTAGG-1,0.006758,0.121325,0.089383,0.042215,0.700744,0.039504,0.000036,0.000036
GAGCCAGCTACCTGTG-1,0.206758,0.031682,0.000144,0.078461,0.037376,0.612523,0.032003,0.001054
GAGCCGAGCGTTTATT-1,0.004454,0.374561,0.080485,0.091845,0.377162,0.000029,0.000029,0.071435
GAGCGAGGGAGTACCG-1,0.000029,0.148495,0.040176,0.062974,0.69537,0.000029,0.000029,0.0529
GAGCGCAAATACTCCG-1,0.000024,0.000071,0.321902,0.000024,0.000926,0.392105,0.026618,0.25833
GAGCGCGCACGAGTAG-1,0.277676,0.012103,0.073049,0.23799,0.034315,0.360213,0.004613,0.000041
GAGCGCTGTTAGGTAA-1,0.000043,0.00013,0.000702,0.075281,0.003805,0.886362,0.033635,0.000043
GAGCGGAATGCGGTGT-1,0.000025,0.000075,0.000025,0.000025,0.00005,0.746944,0.252831,0.000025
GAGCTAAGGGCATATC-1,0.106961,0.552781,0.033523,0.194889,0.086641,0.000016,0.014764,0.010426
GAGCTCAACATGAGCG-1,0.000024,0.004115,0.084003,0.000024,0.15142,0.725458,0.029222,0.005734
GAGCTCTCGGACCTAA-1,0.000043,0.110471,0.014666,0.171183,0.703507,0.000043,0.000043,0.000043
GAGCTGTCGTCTCGGA-1,0.005504,0.371626,0.00802,0.230796,0.384008,0.000015,0.000015,0.000015
GAGGAATATCTCTTTG-1,0.000038,0.000115,0.105213,0.000038,0.000077,0.7061,0.18838,0.000038
GAGGAATGGAGAGGTT-1,0.01362,0.280847,0.042562,0.446558,0.216303,0.000037,0.000037,0.000037
GAGGAGATCCTCATGC-1,0.060742,0.172608,0.000991,0.000016,0.700955,0.000016,0.000016,0.064655
GAGGAGTAATTCCTAC-1,0.00003,0.120651,0.017699,0.04967,0.772162,0.039729,0.00003,0.00003
GAGGATAAACAGTGCT-1,0.165901,0.269108,0.118472,0.223069,0.166591,0.056832,0.000014,0.000014
GAGGCATTTGCAGCAG-1,0.05136,0.330539,0.002721,0.15276,0.365032,0.000019,0.000019,0.097551
GAGGCCCGACTCCGCA-1,0.000079,0.000236,0.140028,0.003584,0.000157,0.091642,0.764195,0.000079
GAGGCCTGTTGATACA-1,0.00004,0.000121,0.00004,0.046906,0.00008,0.709114,0.243658,0.00004
GAGGCTATCAAAGTCG-1,0.239081,0.399549,0.014342,0.205146,0.086248,0.003235,0.000024,0.052374
GAGGGAGTCAGATCGC-1,0.000027,0.000081,0.003559,0.013556,0.018643,0.891433,0.072674,0.000027
GAGGGCATCGCGTATC-1,0.000047,0.025085,0.000047,0.153789,0.820892,0.000047,0.000047,0.000047
GAGGGCCATAATATTA-1,0.000018,0.165564,0.005264,0.467783,0.361316,0.000018,0.000018,0.000018
GAGGGCCGGCAGAGTC-1,0.050355,0.297034,0.068638,0.003161,0.397805,0.000018,0.000018,0.182971
GAGGGCGCAGCTCTGC-1,0.13102,0.507955,0.038433,0.077418,0.209849,0.000015,0.000015,0.035295
GAGGGTAGTAACAAAG-1,0.000021,0.000063,0.064958,0.043132,0.022003,0.816886,0.052916,0.000021
GAGGTACATCCATCTT-1,0.012298,0.18248,0.000038,0.088666,0.716403,0.000038,0.000038,0.000038
GAGGTACGCGTGTCCC-1,0.000025,0.000075,0.124678,0.000025,0.155335,0.718332,0.000025,0.001505
GAGGTCCCAAAGATCT-1,0.018669,0.246382,0.043726,0.312286,0.37727,0.000047,0.001573,0.000047
GAGGTCCGTTCGCTGT-1,0.000029,0.000088,0.000029,0.000029,0.000058,0.801397,0.19834,0.000029
GAGGTCTTAGTGGGTC-1,0.013769,0.204011,0.0158,0.104654,0.646756,0.014896,0.000056,0.000056
GAGTAAACCGGAAAGT-1,0.033244,0.000087,0.230919,0.287004,0.070796,0.377893,0.000029,0.000029
GAGTAAATTAAGAACC-1,0.18436,0.026634,0.000026,0.000026,0.00225,0.786562,0.000117,0.000026
GAGTAAGGCCACGGGA-1,0.014787,0.009484,0.02888,0.134362,0.153912,0.651237,0.000024,0.007313
GAGTACGGGTATACAA-1,0.000028,0.274417,0.002201,0.056077,0.667195,0.000028,0.000028,0.000028
GAGTAGATACTAGTTG-1,0.000086,0.000257,0.000086,0.200965,0.000171,0.705349,0.093001,0.000086
GAGTATACCCTAATCA-1,0.044312,0.014084,0.000028,0.000028,0.008339,0.526241,0.396515,0.010451
GAGTATCAAAGTTACA-1,0.438123,0.005368,0.000011,0.000011,0.000022,0.073473,0.099843,0.383148
GAGTATGCCCGCCTTG-1,0.113701,0.00016,0.485975,0.049412,0.092942,0.257704,0.000053,0.000053
GAGTATGCGCGTGCAT-1,0.000048,0.000143,0.031581,0.086776,0.000095,0.722182,0.159128,0.000048
GAGTCAGACCAGAATC-1,0.000039,0.005714,0.000028,0.044098,0.039183,0.875445,0.035464,0.000028
GAGTCCACCAGGTTTA-1,0.000042,0.000126,0.000042,0.000042,0.015711,0.971182,0.012814,0.000042
GAGTCCGCTTACCGGA-1,0.00045,0.000196,0.336147,0.147274,0.07665,0.240031,0.199187,0.000065
GAGTCGACAGACCCTC-1,0.049586,0.482869,0.000011,0.050108,0.366856,0.000011,0.000011,0.050549
GAGTGCACGGACAACA-1,0.001172,0.264116,0.07104,0.339315,0.309746,0.000933,0.000013,0.013665
GAGTGTCAACCAGAAA-1,0.000035,0.000106,0.000035,0.131981,0.021239,0.702547,0.144022,0.000035
GAGTGTGCGGTACCCA-1,0.01807,0.218307,0.159709,0.102489,0.105276,0.000016,0.000016,0.396118
GAGTTGATGGCAATTT-1,0.000049,0.02537,0.101471,0.131427,0.007796,0.422543,0.311296,0.000049
GAGTTGTCACCAGTCT-1,0.000025,0.000076,0.067092,0.087318,0.053216,0.600988,0.191259,0.000025
GATAAATCGGTGGATG-1,0.015708,0.941553,0.000012,0.000012,0.042679,0.000012,0.000012,0.000012
GATAACTCGCACTGTG-1,0.236016,0.606761,0.045195,0.066051,0.045945,0.00001,0.00001,0.00001
GATAAGGCAGATGCAA-1,0.000085,0.000256,0.000085,0.479579,0.519738,0.000085,0.000085,0.000085
GATACCGTGTCGGAGT-1,0.445928,0.410402,0.000008,0.062575,0.005906,0.000008,0.024774,0.050399
GATACGATGGGAGTCA-1,0.097208,0.081016,0.572864,0.029446,0.116031,0.021367,0.066185,0.015882
GATAGAACCCGCTAGG-1,0.000024,0.000071,0.278371,0.000024,0.024136,0.697328,0.000024,0.000024
GATAGATAGTACAGTC-1,0.021473,0.011302,0.000014,0.000014,0.000645,0.96613,0.000014,0.000409
GATAGGATTAATTACA-1,0.118406,0.470686,0.132767,0.17518,0.075138,0.021721,0.00609,0.000013
GATAGGTAACGTTGAC-1,0.104722,0.077907,0.400137,0.005461,0.036325,0.218058,0.111787,0.045604
GATAGGTGTCCCGGGC-1,0.380159,0.458824,0.040048,0.075896,0.009299,0.000008,0.000718,0.035047
GATAGTGCGAGTAAGT-1,0.000025,0.000075,0.021307,0.002182,0.00005,0.758336,0.217999,0.000025
GATATCAGTATGTATC-1,0.000053,0.041408,0.000053,0.157289,0.801037,0.000053,0.000053,0.000053
GATATCTCATGCAATA-1,0.001232,0.272786,0.026844,0.089683,0.446641,0.000033,0.000033,0.162748
GATATGAGACACTAAC-1,0.00003,0.000089,0.056738,0.812223,0.081031,0.045005,0.004854,0.00003
GATATGCGGTAGCCAA-1,0.000042,0.733389,0.006761,0.013268,0.223734,0.022721,0.000042,0.000042
GATATGGATTACGCGG-1,0.050714,0.377523,0.023072,0.172437,0.358994,0.017189,0.000035,0.000035
GATATTGAGATTGGCG-1,0.047437,0.24315,0.093319,0.436491,0.179436,0.000122,0.000023,0.000023
GATATTTCCTACATGG-1,0.000209,0.119267,0.029447,0.480292,0.350658,0.000024,0.017005,0.003099
GATCAACATAAAGGGA-1,0.000025,0.000074,0.041739,0.000025,0.000049,0.576052,0.369444,0.012593
GATCATTCCAAACATT-1,0.011576,0.650204,0.000285,0.137924,0.017198,0.000013,0.004455,0.178345
GATCCAACCTTTAAAC-1,0.006698,0.000075,0.19791,0.114544,0.060044,0.581295,0.03941,0.000025
GATCCCTTTATACTGC-1,0.028135,0.196802,0.24408,0.409941,0.000127,0.019351,0.059727,0.041838
GATCCGAATATAAGTG-1,0.096513,0.278028,0.002614,0.449174,0.036365,0.023741,0.047887,0.065678
GATCCGGGAATTAACA-1,0.221222,0.479159,0.001941,0.184821,0.032829,0.012204,0.009798,0.058026
GATCCTAAATCGGGAC-1,0.045203,0.686216,0.040211,0.017996,0.184148,0.002871,0.003227,0.020129
GATCCTCGACACTGGC-1,0.161402,0.098065,0.156113,0.015961,0.09597,0.296183,0.093558,0.082749
GATCCTCTTGCGCTTA-1,0.0017,0.125981,0.053749,0.082051,0.736373,0.000049,0.000049,0.000049
GATCGACACTATCTGA-1,0.035019,0.725987,0.049045,0.019262,0.161391,0.000016,0.000016,0.009265
GATCGCGGGCTCTCCA-1,0.241358,0.296056,0.214987,0.113762,0.100501,0.00002,0.00002,0.033296
GATCGCTACCCGATTT-1,0.000067,0.000202,0.090692,0.336158,0.000134,0.068382,0.497842,0.006522
GATCGCTATATCTCAG-1,0.025207,0.000125,0.012597,0.132469,0.004597,0.673348,0.151615,0.000042
GATCGCTGTGGTGCGT-1,0.000052,0.000156,0.267787,0.000052,0.000104,0.609435,0.12236,0.000052
GATCGGATAGAACCAT-1,0.206572,0.176055,0.17352,0.206971,0.152808,0.049416,0.014077,0.020581
GATCGGCGATAAGTCG-1,0.00002,0.027685,0.00002,0.210452,0.761762,0.00002,0.00002,0.00002
GATCGGTGGCCATAAC-1,0.04901,0.518089,0.100515,0.095512,0.222089,0.000016,0.000016,0.014754
GATCGTGACTGATATC-1,0.32389,0.310986,0.005207,0.302502,0.035946,0.018346,0.000015,0.003108
GATCTAACCGTATTCA-1,0.067191,0.009412,0.028258,0.103258,0.080082,0.40847,0.28912,0.01421
GATCTCGACGCTGTGG-1,0.032791,0.000808,0.27956,0.47487,0.043299,0.068489,0.100148,0.000034
GATCTGCTATCTAAGG-1,0.086894,0.081397,0.000024,0.047465,0.001932,0.630161,0.1081,0.044027
GATCTTAGTGAACGTG-1,0.000056,0.168348,0.44731,0.166679,0.094764,0.000056,0.103378,0.019409
GATCTTCATTGTCCTC-1,0.000025,0.013303,0.081259,0.000025,0.905311,0.000025,0.000025,0.000025
GATCTTGGAGGGCATA-1,0.046101,0.061001,0.508195,0.035885,0.001226,0.10275,0.034119,0.210721
GATCTTTGCAGGGTAT-1,0.051494,0.265819,0.114897,0.219638,0.348085,0.000023,0.000023,0.000023
GATCTTTGCTCAAAGA-1,0.038347,0.676658,0.000014,0.072702,0.212237,0.000014,0.000014,0.000014
GATGACAAGTAGGGCA-1,0.000031,0.000092,0.002259,0.116439,0.000062,0.837478,0.043608,0.000031
GATGACGATGATCGCG-1,0.033739,0.280838,0.007648,0.303314,0.29694,0.00002,0.00002,0.077481
GATGAGGAACCTTCGG-1,0.000798,0.000076,0.000025,0.038526,0.035605,0.924919,0.000025,0.000025
GATGATTTGAAACTGG-1,0.000036,0.145384,0.300065,0.000412,0.456646,0.033018,0.000036,0.064403
GATGCCACACTACAGC-1,0.022242,0.135793,0.064197,0.071516,0.618424,0.087774,0.000026,0.000026
GATGCCAGCAGAAGGC-1,0.000243,0.444982,0.044396,0.000399,0.463084,0.000015,0.003543,0.04334
GATGCCTTCTGCGGCA-1,0.000044,0.000132,0.000044,0.000044,0.000088,0.625831,0.373771,0.000044
GATGCGAATGGTATTA-1,0.000018,0.226647,0.035312,0.239412,0.488512,0.0003,0.000018,0.009781
GATGCGTCCTGCATTC-1,0.099532,0.008791,0.000037,0.546544,0.101296,0.000037,0.027713,0.21605
GATGCTACAAGCGCCT-1,0.000045,0.079735,0.000045,0.274725,0.621778,0.000045,0.000045,0.023583
GATGCTACCTTCGATG-1,0.000021,0.000062,0.006516,0.014239,0.057371,0.921751,0.000021,0.000021
GATGCTGTATTTCATC-1,0.064776,0.053505,0.000055,0.527037,0.007608,0.000055,0.091555,0.25541
GATGGCGCACACATTA-1,0.008567,0.111984,0.000047,0.235499,0.632757,0.000047,0.011053,0.000047
GATGGTGAAATAACCC-1,0.15865,0.267267,0.019294,0.049996,0.45902,0.008319,0.000009,0.037444
GATGGTGCCCTAGGCA-1,0.000047,0.151688,0.000047,0.113605,0.652331,0.000047,0.000047,0.082187
GATGTAACGAACCACC-1,0.036054,0.003555,0.01633,0.207898,0.045019,0.691091,0.000026,0.000026
GATGTCCGGATCACAT-1,0.000039,0.000118,0.000039,0.139388,0.814627,0.04571,0.000039,0.000039
GATGTCGGTCAACTGC-1,0.01404,0.35622,0.005768,0.086906,0.501866,0.000038,0.000038,0.035125
GATGTGTTGTCACAAG-1,0.02405,0.057314,0.005927,0.105711,0.799009,0.00005,0.00005,0.007888
GATGTTCAATCCACGA-1,0.225755,0.550131,0.079751,0.085134,0.035136,0.000019,0.000019,0.024054
GATGTTTGTGCGAGAT-1,0.000244,0.396205,0.033271,0.026504,0.537921,0.000024,0.000024,0.005806
GATTAACCGAAAGCCC-1,0.00008,0.000241,0.00266,0.20499,0.000161,0.496434,0.295354,0.00008
GATTAATCCTGGCTCA-1,0.024018,0.208396,0.000943,0.000026,0.745481,0.000026,0.000026,0.021086
GATTACTGAATTTGGG-1,0.045607,0.024801,0.324749,0.475616,0.095018,0.002657,0.000062,0.031491
GATTAGAAACAAGCGT-1,0.397058,0.005002,0.000022,0.000022,0.000044,0.185846,0.396306,0.015699
GATTATCTTGCATTAT-1,0.000033,0.000099,0.000033,0.000033,0.000066,0.772644,0.140395,0.086697
GATTCCCTTGTCGCAG-1,0.176273,0.600121,0.000014,0.069361,0.004513,0.006722,0.004496,0.1385
GATTCCGCGTTTCCGT-1,0.001692,0.24312,0.099978,0.20176,0.444712,0.000041,0.000041,0.008655
GATTCCTATACGGCGC-1,0.000037,0.024141,0.000037,0.612821,0.339631,0.000037,0.023258,0.000037
GATTCGACGGTTCACG-1,0.198336,0.291179,0.03949,0.379547,0.000078,0.073381,0.003376,0.014614
GATTCTGTTAATGAGT-1,0.00006,0.000179,0.208098,0.00006,0.000119,0.729104,0.062321,0.00006
GATTGACACTCTGCTC-1,0.006415,0.074164,0.001996,0.024561,0.677267,0.013188,0.004278,0.198131
GATTGCTCCAGTTGCA-1,0.000039,0.000116,0.129534,0.001107,0.031768,0.635127,0.20227,0.000039
GATTGGGAAAGGTTGT-1,0.000034,0.000103,0.07913,0.089598,0.116478,0.661823,0.052799,0.000034
GATTTAGTGCGTACTG-1,0.013721,0.179357,0.149827,0.136581,0.501986,0.014559,0.000025,0.003944
GATTTGCGCTAACACC-1,0.000023,0.00007,0.000023,0.000023,0.000099,0.985955,0.013781,0.000023
GCAAACCCTACATTAT-1,0.076655,0.000144,0.080725,0.372635,0.006197,0.446964,0.016631,0.000048
GCAAACCTTGGCCATA-1,0.000053,0.000158,0.000053,0.000053,0.017772,0.520266,0.461593,0.000053
GCAAACGTAAGCGACC-1,0.000015,0.000045,0.066618,0.025758,0.067128,0.710355,0.130066,0.000015
GCAAACGTCGCCAGGT-1,0.121598,0.01673,0.30076,0.24136,0.013527,0.057605,0.077507,0.170915
GCAAAGGGCGTTAGCC-1,0.066153,0.013986,0.000021,0.001336,0.00062,0.449993,0.462282,0.005609
GCAAATATTACGCTTT-1,0.23405,0.574284,0.035457,0.013692,0.082632,0.000284,0.000012,0.059588
GCAAATGAGGACACTT-1,0.095367,0.13792,0.103501,0.151718,0.196647,0.240112,0.065793,0.008942
GCAACACACTAGAACT-1,0.000028,0.000083,0.24988,0.174238,0.102264,0.459875,0.013604,0.000028
GCAACAGCAGTATGCG-1,0.027491,0.023992,0.00003,0.205456,0.000061,0.044025,0.160149,0.538796
GCAACCACCAGACCGG-1,0.067346,0.312447,0.000021,0.189174,0.401622,0.008457,0.013078,0.007855
GCAACCACGGCCGCGT-1,0.000048,0.000143,0.59271,0.339272,0.006145,0.061587,0.000048,0.000048
GCAACCCAAGTTGTTT-1,0.061863,0.479086,0.130269,0.099593,0.131216,0.079593,0.000014,0.018366
GCAACGGCTAGTTATG-1,0.034243,0.084552,0.069691,0.685415,0.077593,0.003063,0.032485,0.012957
GCAAGAATTCCTTGGC-1,0.281522,0.094575,0.17453,0.365025,0.005538,0.015016,0.038937,0.024856
GCAAGATGTGTTCGCG-1,0.042439,0.452932,0.000029,0.084883,0.419628,0.000029,0.000029,0.000029
GCAAGTGCACAGAGAA-1,0.000031,0.081992,0.071574,0.624923,0.221385,0.000031,0.000031,0.000031
GCAAGTGTAAAGCATG-1,0.000017,0.00005,0.277461,0.000017,0.008628,0.576723,0.019148,0.117956
GCAATTAGTCGCACCG-1,0.101402,0.521679,0.182556,0.024867,0.137118,0.009799,0.000012,0.022567
GCACAAACCCTAGATG-1,0.010978,0.000055,0.005504,0.041499,0.004071,0.5833,0.25567,0.098922
GCACAAACGAGGCGTG-1,0.157523,0.029832,0.234748,0.403352,0.014547,0.007861,0.14679,0.005347
GCACAACCTCGGGCGT-1,0.000025,0.000074,0.07448,0.01684,0.00005,0.703786,0.204721,0.000025
GCACAAGTGGATCATA-1,0.004288,0.474935,0.001574,0.001357,0.517811,0.000012,0.000012,0.000012
GCACAAGTGTCGGAAG-1,0.000059,0.056241,0.000059,0.24086,0.702602,0.000059,0.000059,0.000059
GCACACACTGGTAGCC-1,0.023471,0.000089,0.00003,0.00003,0.000059,0.628195,0.290497,0.057628
GCACACAGCTATTACC-1,0.00003,0.00009,0.00003,0.00003,0.00006,0.606429,0.3933,0.00003
GCACACGCCCATGGTC-1,0.165238,0.684454,0.000006,0.067093,0.031869,0.000006,0.002725,0.048608
GCACAGCACGGGCCGA-1,0.000025,0.000076,0.134206,0.000025,0.004533,0.733537,0.127571,0.000025
GCACCTAGGCGAGTCC-1,0.00369,0.000045,0.000015,0.000015,0.015111,0.981094,0.000015,0.000015
GCACCTTCCCGAAGGT-1,0.000063,0.000189,0.000063,0.000063,0.000126,0.611701,0.387733,0.000063
GCACGCCGATTCCCGC-1,0.000665,0.120948,0.000038,0.021645,0.000076,0.606577,0.250014,0.000038
GCACGCCTACTTAGAT-1,0.000041,0.000123,0.150794,0.037964,0.08853,0.69571,0.026797,0.000041
GCACGTGGTTTACTTA-1,0.000052,0.000155,0.019888,0.04698,0.012058,0.65969,0.261126,0.000052
GCACTAGTCGCGCTAT-1,0.010781,0.413165,0.03462,0.035151,0.496926,0.009306,0.000025,0.000025
GCACTCCCACAGTCCC-1,0.000035,0.276127,0.01639,0.000035,0.466544,0.000926,0.211085,0.028859
GCACTGCCTACCTTTA-1,0.000025,0.004967,0.000025,0.05445,0.048371,0.881666,0.010471,0.000025
GCACTGTGCAAATGTA-1,0.000043,0.006872,0.005988,0.101093,0.821215,0.000043,0.000043,0.064704
GCAGAAACGTAATCCA-1,0.045911,0.68979,0.000009,0.002264,0.055971,0.000009,0.000009,0.206036
GCAGAAGGTAATCTCC-1,0.454681,0.107194,0.000008,0.000008,0.007446,0.081203,0.019077,0.330382
GCAGACCCAGCACGTA-1,0.019573,0.057842,0.04707,0.721174,0.110955,0.029512,0.013844,0.000029
GCAGATCCATAAGACT-1,0.1327,0.000102,0.272672,0.094363,0.095555,0.31032,0.094254,0.000034
GCAGATCCTCGCAAAT-1,0.001498,0.808422,0.000007,0.000623,0.189429,0.000007,0.000007,0.000007
GCAGATTAGGGATATC-1,0.202915,0.23691,0.326171,0.027982,0.010222,0.000026,0.000026,0.195749
GCAGCACACAGCCCAG-1,0.076974,0.043888,0.121919,0.632859,0.089944,0.000024,0.00184,0.032552
GCAGCCTATATCACAT-1,0.216206,0.4649,0.105269,0.065048,0.147475,0.00108,0.000011,0.000011
GCAGCGGTGGGCATTA-1,0.000039,0.131928,0.000039,0.01247,0.855406,0.000039,0.000039,0.000039
GCAGCTATGGACAGGT-1,0.045658,0.376536,0.010948,0.136107,0.416215,0.000022,0.000022,0.014493
GCAGCTGTCAACGCAT-1,0.294317,0.002285,0.00001,0.00001,0.00002,0.409085,0.197245,0.097027
GCAGGAACTTAGATCT-1,0.000089,0.000266,0.04194,0.194253,0.115686,0.512656,0.135022,0.000089
GCAGGACTATAGAATA-1,0.013652,0.183379,0.297602,0.262873,0.167293,0.000024,0.001142,0.074035
GCAGGTAGAGTATGGT-1,0.000023,0.283819,0.278986,0.097251,0.114879,0.000023,0.000023,0.224996
GCAGTGCGGGCGGATG-1,0.182274,0.043599,0.000021,0.000021,0.000052,0.221378,0.387071,0.165584
GCAGTGTGGCTATAGG-1,0.000026,0.000079,0.246656,0.000026,0.029842,0.66272,0.037245,0.023406
GCAGTTCGATCCGAGC-1,0.478357,0.212657,0.01071,0.077233,0.013019,0.187285,0.020722,0.000017
GCATAAATTGAACGCC-1,0.108724,0.44971,0.002423,0.246596,0.132076,0.000026,0.000026,0.060418
GCATACGAGGTCTTTA-1,0.016741,0.228958,0.157178,0.241494,0.29886,0.001178,0.000016,0.055575
GCATAGAGCACTCAGG-1,0.061436,0.222425,0.186592,0.116814,0.041477,0.035337,0.000024,0.335896
GCATCCCTAACTTTGA-1,0.02919,0.32036,0.011744,0.086575,0.519609,0.032454,0.000034,0.000034
GCATCGGCCGTGTAGG-1,0.000827,0.00248,0.580819,0.000827,0.001653,0.000827,0.411742,0.000827
GCATGACACAAAGGAA-1,0.052116,0.024572,0.000043,0.086876,0.000087,0.629028,0.193016,0.014262
GCATGAGGGACGCGGC-1,0.038253,0.55868,0.055756,0.044984,0.246175,0.000013,0.000013,0.056124
GCATGCTAATAACGAT-1,0.026112,0.004701,0.000014,0.015583,0.012359,0.941204,0.000014,0.000014
GCATGGGTACTGACGC-1,0.053187,0.211309,0.101434,0.153861,0.110663,0.266025,0.098547,0.004974
GCATTCAAGGCAACGC-1,0.00002,0.140337,0.028272,0.472852,0.314178,0.0443,0.00002,0.00002
GCATTCGAAATGAACA-1,0.017888,0.489537,0.004562,0.006044,0.426087,0.008231,0.001986,0.045665
GCATTGACTTGCGGAA-1,0.053726,0.255886,0.119857,0.098404,0.13645,0.3151,0.012227,0.008349
GCATTGTAATTCATAT-1,0.076012,0.612228,0.081707,0.032755,0.091372,0.08033,0.000023,0.025575
GCATTTCCAAGGCTCC-1,0.185358,0.707543,0.008147,0.017886,0.032854,0.03487,0.001675,0.011667
GCCAACCATTTCCGGA-1,0.000024,0.137485,0.008134,0.662868,0.168458,0.022982,0.000024,0.000024
GCCAAGAATACTTCTG-1,0.25154,0.135044,0.199958,0.017455,0.160544,0.155757,0.000014,0.079688
GCCAATAGGGCATCTC-1,0.018021,0.29199,0.000019,0.367975,0.002929,0.000019,0.027782,0.291264
GCCACAATTTAAGGAC-1,0.113333,0.116471,0.387862,0.020182,0.177503,0.136404,0.000023,0.048221
GCCACCTTATTCGCGA-1,0.006823,0.000089,0.053143,0.212567,0.107589,0.489763,0.129997,0.00003
GCCACTCAGAGCGCGA-1,0.000096,0.103544,0.000096,0.220167,0.138044,0.407045,0.130912,0.000096
GCCACTCCTTACGGTA-1,0.068898,0.01452,0.295844,0.000025,0.096324,0.411386,0.00329,0.109715
GCCAGGAAAGAACACT-1,0.089835,0.012839,0.002458,0.000016,0.000031,0.242071,0.373526,0.279224
GCCAGGAGTAACCGAT-1,0.127619,0.489442,0.015982,0.044415,0.242936,0.046913,0.004537,0.028157
GCCAGGCGTTCGCATG-1,0.007143,0.394769,0.023168,0.057845,0.498129,0.00005,0.018847,0.00005
GCCAGGCTTAGTGGTA-1,0.000015,0.116271,0.000581,0.168009,0.69136,0.023734,0.000015,0.000015
GCCATATTGCACACAG-1,0.008695,0.555452,0.05742,0.163613,0.161924,0.051156,0.000014,0.001725
GCCATCGAGCTGCGTG-1,0.000131,0.000394,0.002103,0.305759,0.000262,0.47281,0.21841,0.000131
GCCATCGATGCTGCAT-1,0.167605,0.26672,0.046443,0.28537,0.193848,0.017628,0.009746,0.012641
GCCATTAGCCTCAAAC-1,0.000048,0.000145,0.000048,0.000048,0.000096,0.513762,0.485804,0.000048
GCCCACCAAGGCTGTC-1,0.026808,0.306567,0.032094,0.000032,0.626013,0.000032,0.000032,0.008424
GCCCACTGGTCCACAA-1,0.039727,0.305209,0.001343,0.184532,0.376623,0.000022,0.008941,0.083603
GCCCAGATGCTGGAGA-1,0.145609,0.334191,0.002258,0.247399,0.131904,0.138613,0.000013,0.000013
GCCCAGTTGGTATGCC-1,0.000055,0.006397,0.009779,0.554336,0.388592,0.000055,0.04073,0.000055
GCCCATGGGTGCAATG-1,0.044878,0.370146,0.032553,0.040821,0.424181,0.041548,0.000025,0.045849
GCCCGACTTCTTCCCG-1,0.019557,0.024907,0.254739,0.000029,0.159565,0.290946,0.135406,0.11485
GCCCGAGAGTCTAAAT-1,0.000022,0.000066,0.007629,0.000022,0.000286,0.639056,0.352896,0.000022
GCCCGATCTGTGGTCG-1,0.000054,0.000163,0.021233,0.212104,0.000108,0.746858,0.019425,0.000054
GCCCGATGCCCAGTTC-1,0.000032,0.000095,0.187932,0.000032,0.076206,0.679697,0.055974,0.000032
GCCCGCGCGTAAACGG-1,0.013013,0.000128,0.000043,0.27309,0.066893,0.646749,0.000043,0.000043
GCCCGCGCGTTTGACA-1,0.012129,0.443602,0.069475,0.046332,0.315672,0.029611,0.008432,0.074747
GCCCGTAATACCTTCT-1,0.183506,0.26899,0.016506,0.338673,0.125913,0.003309,0.050712,0.012391
GCCCGTCAAGCCCAAT-1,0.000029,0.023295,0.146979,0.000029,0.033229,0.757007,0.000029,0.039404
GCCCGTTCACACAATT-1,0.022032,0.000081,0.000027,0.07656,0.000055,0.901191,0.000027,0.000027
GCCCTAAGTGCAGGAT-1,0.032598,0.028905,0.000034,0.000034,0.020678,0.914174,0.003544,0.000034
GCCCTAGCCGTCGCGA-1,0.000033,0.0001,0.000033,0.000033,0.000067,0.635779,0.36392,0.000033
GCCCTGAGGATGGGCT-1,0.017151,0.000085,0.000028,0.046163,0.058494,0.874108,0.003944,0.000028
GCCGAAATTCCTACGT-1,0.00003,0.092749,0.543685,0.171592,0.153975,0.00003,0.00003,0.03791
GCCGACCCACGACTGC-1,0.000033,0.000098,0.13282,0.092845,0.035008,0.656373,0.082791,0.000033
GCCGATTGGCCAAGCT-1,0.230113,0.148251,0.085981,0.416901,0.039509,0.000028,0.000028,0.07919
GCCGCACTCCGTTTCA-1,0.219801,0.205237,0.294596,0.153326,0.001009,0.000423,0.04291,0.0827
GCCGCATTAGTCCGGC-1,0.020206,0.450876,0.072241,0.073504,0.383129,0.000015,0.000015,0.000015
GCCGCTAGATACGCAG-1,0.022329,0.408106,0.064587,0.006059,0.468101,0.022481,0.000026,0.008312
GCCGCTTGTGAGAAAC-1,0.075466,0.592784,0.076719,0.164405,0.084611,0.000014,0.000014,0.005988
GCCGGAAACACATCTT-1,0.008054,0.220985,0.00002,0.025078,0.68725,0.00002,0.00002,0.058572
GCCGGGTTAGGGTCGC-1,0.000038,0.042532,0.550596,0.308483,0.098238,0.000038,0.000038,0.000038
GCCGGTCGTATCTCTC-1,0.000022,0.000066,0.163173,0.000022,0.014998,0.76192,0.059776,0.000022
GCCGGTTTGGGCGGAT-1,0.000045,0.000135,0.186736,0.000045,0.812902,0.000045,0.000045,0.000045
GCCGTCGGTTTCGGGC-1,0.000032,0.000096,0.091,0.000032,0.000502,0.698408,0.209898,0.000032
GCCGTGGAAGAAATGT-1,0.24508,0.367856,0.019985,0.200452,0.02413,0.058894,0.023435,0.060168
GCCTACGTTCTGTGCA-1,0.000029,0.000086,0.052289,0.000029,0.000057,0.848839,0.081756,0.016915
GCCTAGCGATCTGACC-1,0.017882,0.540042,0.017127,0.011894,0.38558,0.02743,0.000023,0.000023
GCCTATAGTGTCAGGG-1,0.22701,0.574157,0.007547,0.092899,0.022524,0.002062,0.000013,0.073788
GCCTATCAGGTAAGAT-1,0.400482,0.017622,0.130229,0.000015,0.016194,0.323729,0.008573,0.103157
GCCTATGCTGGGCCTT-1,0.085308,0.232163,0.049643,0.308129,0.27642,0.03254,0.000025,0.015771
GCCTATTCCGATATAG-1,0.000033,0.085169,0.000033,0.267746,0.615568,0.015635,0.015784,0.000033
GCCTATTTGCTACACA-1,0.000042,0.042985,0.000042,0.128505,0.828302,0.000042,0.000042,0.000042
GCCTCAGGTACCGGTC-1,0.137166,0.029392,0.062327,0.017081,0.017136,0.666172,0.046523,0.024202
GCCTCATCTGGAAATA-1,0.150545,0.276191,0.086894,0.357999,0.128306,0.000022,0.000022,0.000022
GCCTCCGACAATTCAC-1,0.000044,0.000132,0.000044,0.007677,0.025158,0.557412,0.409488,0.000044
GCCTCTATACATAGCA-1,0.000097,0.000292,0.017622,0.24932,0.000195,0.45387,0.278506,0.000097
GCCTGCTACACTGAGA-1,0.119435,0.121592,0.000046,0.147923,0.547169,0.000046,0.000046,0.063743
GCCTGTCCCGGTGCAT-1,0.000019,0.000056,0.11457,0.000019,0.003885,0.829239,0.001292,0.050922
GCCTTCAGCCCTACCG-1,0.009113,0.499968,0.026723,0.106639,0.357446,0.000037,0.000037,0.000037
GCCTTGTATATGCAGT-1,0.000035,0.000105,0.000035,0.309471,0.69025,0.000035,0.000035,0.000035
GCCTTTGTCAGTGGAC-1,0.000029,0.000087,0.000029,0.000029,0.000058,0.246673,0.74429,0.008804
GCGAAACGATCGGGAG-1,0.000028,0.000085,0.474848,0.000028,0.020809,0.40382,0.000028,0.100352
GCGAAACTTAACTGGA-1,0.000037,0.000111,0.040529,0.778401,0.079819,0.041878,0.059189,0.000037
GCGAAGAATCTGACGG-1,0.006186,0.005484,0.11362,0.00002,0.063087,0.803769,0.000421,0.007413
GCGAAGCCATACCCGT-1,0.074286,0.394662,0.013077,0.487319,0.000072,0.000036,0.000036,0.030511
GCGAATGGACTAGCGA-1,0.000022,0.000067,0.00769,0.000022,0.079249,0.912904,0.000022,0.000022
GCGACATGTAAACATC-1,0.105297,0.131547,0.046991,0.526373,0.125544,0.054367,0.009864,0.000018
GCGACCCAACCATCTG-1,0.00004,0.000121,0.194791,0.010772,0.01309,0.664327,0.116817,0.00004
GCGACGATAGTTGTAC-1,0.000039,0.000118,0.52198,0.000039,0.145956,0.251743,0.000039,0.080086
GCGACGGTAGTCTCCT-1,0.000034,0.000101,0.031323,0.000034,0.009261,0.711326,0.247888,0.000034
GCGAGAAACGGGAGTT-1,0.000047,0.000142,0.000047,0.323221,0.676401,0.000047,0.000047,0.000047
GCGAGAGGCCATGTAA-1,0.033557,0.733772,0.037074,0.046577,0.139904,0.000012,0.006565,0.002539
GCGAGAGTTGCGTCCA-1,0.036427,0.558593,0.006896,0.204993,0.17569,0.017377,0.000012,0.000012
GCGAGCGCATGCTCCC-1,0.006711,0.038279,0.070203,0.73823,0.146505,0.000024,0.000024,0.000024
GCGAGGCCCGAGCAGA-1,0.012476,0.17568,0.331175,0.373634,0.043577,0.000025,0.000025,0.063408
GCGAGGGACTGCTAGA-1,0.017391,0.591282,0.000017,0.000017,0.358294,0.032966,0.000017,0.000017
GCGAGTTCTGCAAAGA-1,0.000036,0.14046,0.264524,0.482023,0.112848,0.000036,0.000036,0.000036
GCGATTCTGGAAGCAG-1,0.000075,0.133517,0.136888,0.123668,0.605628,0.000075,0.000075,0.000075
GCGATTGTTAACGTTA-1,0.000048,0.024138,0.350787,0.568633,0.000097,0.000048,0.055617,0.000631
GCGCAAATATATTCAA-1,0.309942,0.061845,0.000016,0.010367,0.030284,0.411459,0.099779,0.076308
GCGCAAGAGCGCGCTG-1,0.197728,0.22882,0.033691,0.331858,0.154119,0.004669,0.002887,0.046228
GCGCATCCAGTCAGCA-1,0.045827,0.34331,0.001892,0.461967,0.146944,0.00002,0.00002,0.00002
GCGCCGTTCCACGATA-1,0.371465,0.065335,0.135307,0.410292,0.008117,0.000039,0.009405,0.000039
GCGCCTCCCACTCCGA-1,0.007445,0.000091,0.015044,0.202948,0.001424,0.00003,0.216752,0.556267
GCGCGATGGGTCAAGT-1,0.009843,0.188679,0.007155,0.000024,0.768829,0.000024,0.000024,0.025423
GCGCGGTCTAGTAACT-1,0.000049,0.000148,0.034588,0.084974,0.000098,0.716634,0.163459,0.000049
GCGCGTCATTGGTACA-1,0.000047,0.00014,0.000474,0.05557,0.000094,0.686217,0.257411,0.000047
GCGCGTTTAAATCGTA-1,0.016565,0.593739,0.000016,0.000016,0.368878,0.020755,0.000016,0.000016
GCGCTAAGTATGCATG-1,0.000078,0.009564,0.058199,0.315742,0.529293,0.000078,0.032437,0.05461
GCGCTAATTGAATAGA-1,0.000029,0.017335,0.334528,0.469426,0.097494,0.000029,0.002615,0.078544
GCGCTATGCCGAGGCA-1,0.000169,0.000167,0.032589,0.691386,0.017609,0.190897,0.021546,0.045637
GCGCTCGATCACCTGT-1,0.260542,0.135428,0.217278,0.210755,0.119055,0.049794,0.00713,0.00002
GCGCTGATCCAGACTC-1,0.118053,0.77301,0.000011,0.075998,0.032893,0.000011,0.000011,0.000011
GCGCTGCTTTGCATTT-1,0.029393,0.27111,0.018805,0.47631,0.128726,0.003883,0.030052,0.041722
GCGCTGGCGGAAAGTC-1,0.006711,0.633831,0.000011,0.000011,0.3292,0.030214,0.000011,0.000011
GCGCTTAAATAATTGG-1,0.075633,0.200549,0.123538,0.203498,0.012944,0.250461,0.133301,0.000076
GCGGACCGCGTTGTGG-1,0.124317,0.008223,0.160287,0.150014,0.077687,0.479353,0.000059,0.000059
GCGGAGAAACTTCGCA-1,0.000031,0.000094,0.630393,0.000031,0.045696,0.323691,0.000031,0.000031
GCGGAGAGGGAGAACG-1,0.262299,0.041233,0.012644,0.137137,0.014068,0.356892,0.007681,0.168046
GCGGATTACTTGTTCT-1,0.017564,0.027954,0.000017,0.000017,0.014071,0.940344,0.000017,0.000017
GCGGCAAAGTATTGCC-1,0.053684,0.007263,0.000025,0.043288,0.00005,0.895642,0.000025,0.000025
GCGGCTCTGACGTACC-1,0.020434,0.109941,0.259309,0.265925,0.154052,0.00003,0.00003,0.190278
GCGGCTTTAGCAAGTT-1,0.000026,0.000079,0.232321,0.000026,0.013938,0.698785,0.018184,0.03664
GCGGGAACCAGGCCCT-1,0.001474,0.440263,0.000027,0.229504,0.328649,0.000027,0.000027,0.000027
GCGGGCAGACGGGTGA-1,0.013568,0.026765,0.000017,0.000017,0.013144,0.945597,0.000017,0.000873
GCGGGCATTACGATGC-1,0.109774,0.37625,0.049427,0.266575,0.182371,0.006333,0.009254,0.000014
GCGGGCGAGCCTTACC-1,0.000037,0.000111,0.020629,0.115726,0.000074,0.755365,0.108021,0.000037
GCGGTAACCCAAATGA-1,0.002545,0.031128,0.000036,0.000036,0.966147,0.000036,0.000036,0.000036
GCGGTCCCGGTGAAGG-1,0.010998,0.160091,0.017034,0.432371,0.35915,0.01322,0.007116,0.000021
GCGGTCCCTAGACGCA-1,0.000052,0.000156,0.000052,0.24371,0.738029,0.009231,0.000052,0.008716
GCGGTCTTGCTTTCAC-1,0.000012,0.000036,0.02446,0.000012,0.10397,0.871485,0.000012,0.000012
GCGGTGAACTGCGCTC-1,0.007161,0.130868,0.015589,0.736865,0.109443,0.000025,0.000025,0.000025
GCGGTGCGGAGCATCG-1,0.003675,0.502306,0.013273,0.053788,0.386636,0.039975,0.000015,0.000332
GCGGTTCCCTATCATG-1,0.000056,0.050498,0.465634,0.000056,0.167166,0.274063,0.0223,0.020228
GCGTAAATGGCCATAA-1,0.319146,0.597523,0.000009,0.045716,0.026691,0.000009,0.003611,0.007296
GCGTCCAGCTCGTGGC-1,0.060229,0.033904,0.000035,0.017734,0.787446,0.000035,0.000035,0.100583
GCGTCCCTAAGACATA-1,0.000025,0.000076,0.207546,0.000025,0.052898,0.566796,0.172607,0.000025
GCGTCGAAATGTCGGT-1,0.000048,0.000145,0.000048,0.630731,0.368883,0.000048,0.000048,0.000048
GCGTCGCCAGGGTGAT-1,0.000061,0.000182,0.001365,0.136124,0.005701,0.718001,0.138505,0.000061
GCGTCGTAACATGGTC-1,0.000026,0.000077,0.000026,0.000026,0.054624,0.94517,0.000026,0.000026
GCGTCTAACCTCCTAA-1,0.186393,0.360298,0.000688,0.184096,0.211557,0.056949,0.00001,0.00001
GCGTCTCTGCATTGGG-1,0.000044,0.000132,0.363523,0.48857,0.11815,0.000044,0.026875,0.002662
GCGTGGTACTGGGTTA-1,0.12462,0.230042,0.104245,0.376823,0.094322,0.035121,0.004041,0.030786
GCGTGTATGTCGTATT-1,0.002961,0.012173,0.017253,0.007282,0.91848,0.00004,0.00004,0.041771
GCGTTATATTTGGAAC-1,0.146656,0.264353,0.000022,0.1575,0.35309,0.031796,0.023878,0.022705
GCGTTCGGAGACCGGG-1,0.039376,0.502358,0.020011,0.143778,0.269694,0.000017,0.006419,0.018348
GCGTTCTGACTAAGCG-1,0.518977,0.079159,0.000011,0.000011,0.000021,0.19546,0.094978,0.111382
GCTAAACCTGAGGTGA-1,0.000136,0.454871,0.00002,0.091264,0.321372,0.016642,0.012324,0.10337
GCTAACTGAAGTCTGA-1,0.000069,0.000208,0.000069,0.000069,0.000139,0.385704,0.613672,0.000069
GCTAAGCCCAGTATGC-1,0.237373,0.10813,0.00001,0.00001,0.000923,0.46637,0.002412,0.184772
GCTAAGTAAAGGCGAT-1,0.000015,0.10692,0.034679,0.201358,0.635711,0.000238,0.001297,0.019781
GCTAAGTAGTTTCTCT-1,0.016087,0.186819,0.190945,0.338472,0.205296,0.00003,0.00003,0.062319
GCTAATACCGAATGCC-1,0.000026,0.27899,0.027289,0.381378,0.312241,0.000026,0.000026,0.000026
GCTACAATCGAGGATA-1,0.064384,0.000105,0.045871,0.088577,0.00007,0.368542,0.432417,0.000035
GCTACACTGTCCGAAC-1,0.000063,0.000189,0.117793,0.076667,0.805099,0.000063,0.000063,0.000063
GCTACAGTACGGACCG-1,0.000022,0.000067,0.032695,0.755059,0.182585,0.008687,0.020861,0.000022
GCTACGACTTATTGGG-1,0.357129,0.142512,0.225597,0.151532,0.038808,0.035264,0.001179,0.04798
GCTACTATAGTAGAGT-1,0.458664,0.035175,0.187563,0.004621,0.021314,0.106244,0.094966,0.091453
GCTACTCGGACGCAGA-1,0.000056,0.000167,0.023291,0.188657,0.000111,0.678177,0.109485,0.000056
GCTAGACCGTCTACTG-1,0.070839,0.303513,0.453841,0.0759,0.081346,0.000025,0.007335,0.007201
GCTAGAGTAGAGATGT-1,0.048799,0.010182,0.022306,0.121891,0.000091,0.422168,0.374518,0.000046
GCTAGCAACGCACCTA-1,0.053292,0.017933,0.000017,0.000017,0.001828,0.926878,0.000017,0.000017
GCTAGCACCTGGGCCA-1,0.236149,0.232484,0.02152,0.418745,0.087806,0.003268,0.000014,0.000014
GCTAGCAGGGAGTGGG-1,0.014444,0.3498,0.104124,0.169541,0.362016,0.000025,0.000025,0.000025
GCTAGCGATAGGTCTT-1,0.024548,0.00014,0.066459,0.000022,0.005496,0.398644,0.186472,0.318221
GCTAGCTTGAATAGCT-1,0.000071,0.015123,0.000458,0.233056,0.005837,0.677632,0.067752,0.000071
GCTAGGCACCACGGAG-1,0.000059,0.000177,0.321416,0.045031,0.004834,0.562234,0.066191,0.000059
GCTAGTAGAGCTTGTA-1,0.295119,0.302466,0.000034,0.170201,0.031393,0.000029,0.041836,0.158921
GCTAGTTTCATTGAGG-1,0.00004,0.04144,0.097417,0.052708,0.808273,0.00004,0.00004,0.00004
GCTATAAGGGCCAGGA-1,0.107846,0.000064,0.000021,0.000021,0.000043,0.68642,0.079807,0.125779
GCTATACGTCTCGGAC-1,0.000051,0.000154,0.171682,0.108499,0.110921,0.572967,0.035674,0.000051
GCTATCATACTCATGG-1,0.000066,0.000197,0.094096,0.000066,0.100135,0.471546,0.332775,0.00112
GCTATCGCGGCGCAAC-1,0.000682,0.388985,0.003062,0.049448,0.444901,0.00102,0.009459,0.102443
GCTCAACCTCTTAGAG-1,0.001072,0.256819,0.061167,0.005116,0.67577,0.000019,0.000019,0.000019
GCTCAATCCGTTTATT-1,0.102888,0.02881,0.034011,0.042402,0.060806,0.53386,0.040924,0.1563
GCTCAATGTAATACCG-1,0.000046,0.000138,0.016215,0.169292,0.000092,0.725903,0.088268,0.000046
GCTCATTACTGCATGT-1,0.00004,0.085485,0.00004,0.374769,0.539545,0.00004,0.00004,0.00004
GCTCATTGATCATATC-1,0.083052,0.00628,0.000034,0.000034,0.000069,0.564467,0.324495,0.021569
GCTCCATGAGTGCAGA-1,0.060993,0.007125,0.28244,0.000027,0.033339,0.515733,0.098926,0.001418
GCTCCATGCAAAGCAA-1,0.000024,0.000072,0.137834,0.000039,0.091126,0.759322,0.01156,0.000024
GCTCCCAGTCGGTCCA-1,0.269538,0.074084,0.000029,0.374196,0.007907,0.000029,0.02847,0.245747
GCTCCGCTCGCTTCAG-1,0.152287,0.202754,0.079076,0.295788,0.199649,0.000023,0.041583,0.02884
GCTCCGGACGTTGATA-1,0.047447,0.000188,0.073101,0.246738,0.518026,0.114375,0.000063,0.000063
GCTCCTGACATACTGG-1,0.112395,0.000347,0.044447,0.088783,0.138392,0.463779,0.151835,0.000023
GCTCGCGGTTCCGCTC-1,0.001983,0.700016,0.005659,0.033642,0.246654,0.002635,0.008541,0.000869
GCTCGCTCATGTCCAA-1,0.272603,0.484183,0.090222,0.055589,0.032728,0.000013,0.001642,0.06302
GCTCGGAATTTAAAGC-1,0.121112,0.601677,0.031875,0.06659,0.178705,0.000014,0.000014,0.000014
GCTCTAAACCCTGACG-1,0.048752,0.74363,0.000012,0.094281,0.035364,0.000012,0.000012,0.077938
GCTCTATGTTACGTGC-1,0.030514,0.358325,0.030455,0.32668,0.24889,0.005087,0.000025,0.000025
GCTCTCGGGTACCGAA-1,0.012415,0.216302,0.100252,0.381958,0.235782,0.053236,0.000027,0.000027
GCTCTTTCCGCTAGTG-1,0.000043,0.000128,0.086728,0.000043,0.000085,0.582174,0.330757,0.000043
GCTGAACTCTCCAGGG-1,0.292334,0.250124,0.001368,0.134568,0.078933,0.023806,0.012156,0.206711
GCTGAAGGGTTCTTGG-1,0.083782,0.25421,0.139472,0.05705,0.113122,0.321202,0.031137,0.000024
GCTGAATCTTCCAATC-1,0.00005,0.000149,0.041375,0.121579,0.000099,0.682481,0.154219,0.00005
GCTGAGCAACGGTTCT-1,0.000015,0.077867,0.038683,0.038731,0.774679,0.000015,0.00072,0.06929
GCTGAGGCGTGAGTAT-1,0.077366,0.00238,0.131711,0.581756,0.009089,0.090546,0.107103,0.000049
GCTGCACGGTTTCTTA-1,0.157812,0.02017,0.361453,0.36979,0.003008,0.000043,0.008305,0.079419
GCTGCGAAGAATTATT-1,0.000025,0.000075,0.000025,0.063084,0.001355,0.893764,0.041647,0.000025
GCTGCTAAGTAGTCGA-1,0.00003,0.00009,0.367448,0.00003,0.043071,0.523029,0.00003,0.066271
GCTGCTACTGCGTAGC-1,0.000085,0.000256,0.000085,0.04286,0.000171,0.431359,0.525098,0.000085
GCTGCTCTCCGGACAC-1,0.096972,0.264062,0.103937,0.392342,0.113204,0.00003,0.029423,0.00003
GCTGGACCCAAAGTGG-1,0.115992,0.380891,0.039209,0.320933,0.059283,0.000035,0.00317,0.080489
GCTGGCATATTCACCT-1,0.000051,0.000152,0.176387,0.463288,0.293356,0.003593,0.058482,0.004691
GCTGGCGGCGCATGCT-1,0.006044,0.000139,0.000046,0.136975,0.000093,0.378415,0.425943,0.052344
GCTGGGAGCGCGTCAA-1,0.000017,0.000051,0.027003,0.000017,0.008941,0.471832,0.214622,0.277516
GCTGGGTCCGCTGTTA-1,0.000045,0.000136,0.092557,0.08517,0.821955,0.000045,0.000045,0.000045
GCTGGTGACTCGTAGT-1,0.007119,0.421834,0.11012,0.053892,0.40697,0.000022,0.000022,0.000022
GCTGGTTTAGGCCATA-1,0.00005,0.00015,0.001681,0.102305,0.007904,0.605383,0.282477,0.00005
GCTGTATTACTGGCCC-1,0.000028,0.000622,0.429504,0.000028,0.151416,0.342284,0.000028,0.07609
GCTGTCTGTGATCGAC-1,0.005911,0.142146,0.130312,0.053046,0.593606,0.051373,0.000285,0.023321
GCTGTTGCTACCGAAC-1,0.11391,0.090767,0.084485,0.549988,0.120657,0.000026,0.034573,0.005594
GCTTAATGTAACTAAC-1,0.138896,0.191644,0.367748,0.13934,0.110056,0.000023,0.000023,0.052271
GCTTACGTAGTTAGTA-1,0.000035,0.000104,0.066835,0.667804,0.219983,0.04517,0.000035,0.000035
GCTTAGGGAAGCGGTA-1,0.005482,0.738264,0.000014,0.036415,0.219785,0.000014,0.000014,0.000014
GCTTATGAAGCAGGAA-1,0.250167,0.134922,0.014649,0.455015,0.027066,0.053641,0.035787,0.028752
GCTTCAGTGGGATTAC-1,0.000041,0.039176,0.004836,0.261737,0.58992,0.000041,0.02377,0.080478
GCTTCCAGCTTAGATT-1,0.000127,0.246567,0.003304,0.000025,0.749902,0.000025,0.000025,0.000025
GCTTCCATGTAACCGC-1,0.003942,0.001342,0.014027,0.000015,0.033617,0.788674,0.001213,0.157168
GCTTCCCGTAAGCTCC-1,0.00005,0.000151,0.00005,0.00005,0.0001,0.728374,0.271174,0.00005
GCTTCCGTCCCTAGAC-1,0.279039,0.433527,0.017653,0.135932,0.081924,0.015283,0.016119,0.020523
GCTTCGACGTTCAATC-1,0.000031,0.000092,0.000031,0.000031,0.000061,0.755076,0.244647,0.000031
GCTTGAGTGACCTCTG-1,0.005438,0.020212,0.002373,0.050487,0.083741,0.822833,0.014894,0.000021
GCTTGATGATAATCAG-1,0.000051,0.000154,0.069489,0.445527,0.443166,0.04135,0.000211,0.000051
GCTTGCAGCACAATTG-1,0.099928,0.440699,0.000029,0.390578,0.025259,0.043449,0.000029,0.000029
GCTTGGATCGATTAGG-1,0.118743,0.490005,0.000023,0.300095,0.091073,0.00002,0.00002,0.00002
GCTTTACACAACTGGG-1,0.037356,0.034893,0.000014,0.000014,0.008793,0.918901,0.000014,0.000014
GCTTTATTAAGTTACC-1,0.000026,0.047036,0.000026,0.000026,0.000053,0.950393,0.001432,0.001007
GCTTTCAGAGGAGGTG-1,0.075512,0.52246,0.104003,0.024743,0.253087,0.000019,0.000019,0.020157
GCTTTCTATCTCAACT-1,0.022429,0.126786,0.22142,0.227635,0.3734,0.000044,0.000044,0.028241
GGAAACAGAGCTTGGG-1,0.000056,0.147638,0.0475,0.000056,0.055594,0.305035,0.327841,0.116281
GGAAACCTTGTTGAAT-1,0.034102,0.590079,0.043716,0.115933,0.216131,0.000013,0.000013,0.000013
GGAAACTAAATGGGCC-1,0.143192,0.030078,0.00003,0.146832,0.00008,0.47784,0.201917,0.00003
GGAAAGGGAATTGAGC-1,0.234579,0.016208,0.00001,0.00001,0.00002,0.375584,0.252481,0.121106
GGAAAGTCTTGATTGT-1,0.000034,0.000103,0.000034,0.000034,0.000069,0.849208,0.150483,0.000034
GGAAAGTGCCCATGCC-1,0.079201,0.560819,0.070864,0.081449,0.189373,0.005242,0.000014,0.013037
GGAACCCGAACAAGAA-1,0.004153,0.461826,0.000655,0.045777,0.364208,0.122872,0.000011,0.000499
GGAACCGTGTAAATTG-1,0.0891,0.000156,0.13804,0.150885,0.061293,0.385079,0.175396,0.000052
GGAACCTTGACTCTGC-1,0.000043,0.000129,0.000043,0.000043,0.000086,0.48157,0.518044,0.000043
GGAACGGCCTGCAGCC-1,0.030212,0.619234,0.000682,0.030817,0.231439,0.046007,0.001796,0.039813
GGAACTCGTGAATACG-1,0.000035,0.000104,0.000035,0.000035,0.000069,0.871517,0.128171,0.000035
GGAACTTTGGCGATTA-1,0.000027,0.000081,0.000027,0.000027,0.000054,0.403373,0.596385,0.000027
GGAAGATAAGACTGTA-1,0.144541,0.572885,0.012307,0.024797,0.17677,0.000013,0.000013,0.068674
GGAAGCTCGCTTACAG-1,0.047382,0.564851,0.008318,0.010081,0.369275,0.000031,0.000031,0.000031
GGAAGGACACCGTATA-1,0.00002,0.008936,0.00002,0.00002,0.075564,0.915399,0.00002,0.00002
GGAATAACCTCAAGAA-1,0.000032,0.011653,0.044336,0.011105,0.932778,0.000032,0.000032,0.000032
GGAATGCGCTAGCGTG-1,0.170822,0.567513,0.039216,0.130545,0.084175,0.000012,0.003568,0.004149
GGACAACCATGAAGCC-1,0.114101,0.015681,0.051741,0.000008,0.018786,0.697818,0.019554,0.08231
GGACAAGTTGCAGTGA-1,0.054797,0.312765,0.035449,0.253606,0.342243,0.001118,0.000011,0.000011
GGACACAAGTTTACAC-1,0.104998,0.000121,0.496977,0.315346,0.00008,0.019906,0.062532,0.00004
GGACACCTCGGTGTTG-1,0.113367,0.005833,0.005245,0.000032,0.054813,0.820415,0.000262,0.000032
GGACCAACAGGATAAC-1,0.058343,0.000092,0.000056,0.132573,0.000061,0.403111,0.405137,0.000628
GGACCTACGGTAACGT-1,0.063327,0.595559,0.021685,0.116096,0.167302,0.036004,0.000013,0.000013
GGACCTCTAGGCCGCC-1,0.000029,0.000086,0.177321,0.017756,0.004838,0.581848,0.218094,0.000029
GGACGGCTTGCGCAAC-1,0.053588,0.617291,0.000022,0.012768,0.310106,0.000022,0.000022,0.006182
GGACGGGCGACCAACC-1,0.000034,0.000103,0.000034,0.000034,0.000069,0.62,0.379691,0.000034
GGACGTCCATAGTTGG-1,0.072276,0.616407,0.000016,0.099001,0.212251,0.000016,0.000016,0.000016
GGACTAAGTCAGGAGT-1,0.065853,0.358296,0.094616,0.136414,0.206646,0.130687,0.001335,0.006153
GGACTCACAAATTAGG-1,0.061306,0.000074,0.045653,0.332915,0.100723,0.45928,0.000025,0.000025
GGACTCGAAGCTTTCA-1,0.000022,0.000067,0.010996,0.000022,0.000045,0.62529,0.091274,0.272283
GGACTCGACAGCGCAT-1,0.000018,0.000054,0.002494,0.000018,0.000036,0.848197,0.13019,0.018992
GGACTCGTGAGTGGTC-1,0.000014,0.000042,0.154117,0.000014,0.010216,0.818985,0.002593,0.014018
GGACTCTTCCGGTTGA-1,0.344425,0.041815,0.000012,0.000012,0.013979,0.235299,0.090992,0.273467
GGACTCTTTGACTAAG-1,0.00002,0.000061,0.008179,0.00002,0.073278,0.9184,0.00002,0.00002
GGAGAAGTCATTGGCA-1,0.000043,0.00013,0.061766,0.635966,0.288547,0.013461,0.000043,0.000043
GGAGACATTCACGGGC-1,0.015428,0.514446,0.000015,0.005839,0.443624,0.018458,0.000015,0.002176
GGAGACCAATGTGCTT-1,0.005016,0.423143,0.033548,0.204351,0.322675,0.011228,0.000019,0.000019
GGAGACCATCTACATA-1,0.157417,0.070061,0.000029,0.058184,0.042823,0.301323,0.34023,0.029934
GGAGACGACACCTTTG-1,0.000076,0.000228,0.181103,0.601914,0.000152,0.01131,0.205141,0.000076
GGAGCAACATTTCAAG-1,0.000028,0.000083,0.000028,0.042323,0.000056,0.887893,0.067116,0.002473
GGAGCACCAAGAACTA-1,0.038606,0.514344,0.00204,0.334706,0.110268,0.000012,0.000012,0.000012
GGAGCGAGGCCTACTT-1,0.03939,0.085303,0.000029,0.069909,0.000062,0.715618,0.055215,0.034474
GGAGGAGTGTGTTTAT-1,0.017746,0.723075,0.001099,0.000014,0.234468,0.023569,0.000014,0.000014
GGAGGATTGAAAGGAG-1,0.001987,0.620067,0.012785,0.000025,0.340827,0.000025,0.000025,0.02426
GGAGGCCGAAGTCGTC-1,0.181679,0.129895,0.001426,0.518879,0.000047,0.000024,0.090254,0.077795
GGAGGCGAAGAACCGC-1,0.166567,0.274704,0.000587,0.000912,0.455036,0.094717,0.000022,0.007455
GGAGGGCTTGGTTGGC-1,0.050012,0.15903,0.200058,0.366809,0.056056,0.000024,0.000712,0.167298
GGAGGGTCAAGTAAGA-1,0.00298,0.019992,0.061193,0.000659,0.027371,0.887767,0.000019,0.000019
GGAGTGCCGCCCTGGA-1,0.000037,0.059158,0.000397,0.255234,0.618455,0.066645,0.000037,0.000037
GGAGTTGATTCTGTGT-1,0.144255,0.010734,0.100859,0.021631,0.054312,0.493259,0.174932,0.000018
GGATACTCATGAATTG-1,0.000044,0.168002,0.047519,0.000044,0.535367,0.139203,0.005649,0.104174
GGATCAAAGGACGAGG-1,0.007424,0.191728,0.008187,0.000025,0.757225,0.000025,0.000025,0.035362
GGATCATCCCGTACGC-1,0.000241,0.194359,0.060677,0.296144,0.448503,0.000025,0.000025,0.000025
GGATCCCTACCAGCTA-1,0.01666,0.369559,0.000016,0.000016,0.543385,0.000016,0.000016,0.070331
GGATCCGGAATATACT-1,0.02764,0.319387,0.162573,0.342311,0.148013,0.000026,0.000026,0.000026
GGATCTACCGTTCGTC-1,0.000082,0.000245,0.000082,0.000082,0.000163,0.496709,0.500594,0.002045
GGATCTTACTGCCCTT-1,0.330087,0.039086,0.000014,0.000014,0.000028,0.299931,0.296282,0.034558
GGATCTTGACTCAACC-1,0.000031,0.000094,0.177711,0.000031,0.000062,0.607796,0.213803,0.000472
GGATGAAGATCGCTGA-1,0.224654,0.156333,0.089215,0.352679,0.137196,0.039873,0.000025,0.000025
GGATGACGCGAGTTTA-1,0.054634,0.129854,0.465533,0.229644,0.027538,0.000039,0.022482,0.070275
GGATGCTGGCGTTCCT-1,0.180409,0.273646,0.03321,0.265708,0.224176,0.00117,0.018994,0.002687
GGATGGCTTGAAGTAT-1,0.011597,0.000056,0.067203,0.000019,0.014833,0.906255,0.000019,0.000019
GGATGTCCTTACCGCA-1,0.006079,0.373873,0.00002,0.165359,0.003324,0.023514,0.058624,0.369207
GGATTAAGCTAAGGTC-1,0.058003,0.35469,0.017356,0.031226,0.538594,0.000044,0.000044,0.000044
GGATTAATCATGGACC-1,0.000017,0.000051,0.000017,0.000017,0.000034,0.649018,0.348125,0.002722
GGATTCAGTACGGTGG-1,0.000059,0.032835,0.000062,0.563131,0.403736,0.000059,0.000059,0.000059
GGATTCCGCTATACCC-1,0.033956,0.382415,0.01457,0.112587,0.416054,0.040364,0.000027,0.000027
GGATTGAAGTAGCCTC-1,0.026976,0.000064,0.000021,0.000021,0.000043,0.972831,0.000021,0.000021
GGATTGCTGTGACTCC-1,0.092842,0.000117,0.000039,0.146561,0.057133,0.691215,0.012055,0.000039
GGATTTCACTTCTATA-1,0.234009,0.409566,0.000023,0.161702,0.010357,0.000022,0.06199,0.122332
GGCAAAGGCGCCAATA-1,0.000022,0.000065,0.012623,0.133702,0.015814,0.803801,0.033951,0.000022
GGCAAATTACTTTACT-1,0.347704,0.175034,0.000018,0.190954,0.044906,0.085146,0.000019,0.156219
GGCAAGCCAGGGATAG-1,0.007192,0.820177,0.0283,0.037285,0.107001,0.000015,0.000015,0.000015
GGCAAGCCCATAGTGG-1,0.000022,0.000065,0.194755,0.000022,0.000043,0.613237,0.02655,0.165305
GGCAAGGCGAAATAGC-1,0.067645,0.000157,0.178565,0.370319,0.000105,0.339011,0.044147,0.000052
GGCAATAGTCAATGAG-1,0.043777,0.228908,0.033402,0.643342,0.050498,0.000024,0.000024,0.000024
GGCACGCTGCTACAGT-1,0.034347,0.000585,0.000014,0.000014,0.001444,0.963569,0.000014,0.000014
GGCACTCAGCCGACCC-1,0.276045,0.056362,0.043194,0.01184,0.128653,0.48387,0.000018,0.000018
GGCACTCCACTGGGCA-1,0.00004,0.000121,0.073844,0.742335,0.119455,0.05994,0.004225,0.00004
GGCACTGCGGTGGTTT-1,0.000014,0.000042,0.026121,0.006063,0.03993,0.927802,0.000014,0.000014
GGCAGCAAACCTATGC-1,0.000021,0.000064,0.420056,0.000021,0.032672,0.303524,0.006166,0.237476
GGCAGCGGTAATCCTA-1,0.01713,0.639843,0.055589,0.001467,0.27809,0.000018,0.000018,0.007847
GGCATACAGGTAGCGG-1,0.000034,0.045454,0.055632,0.728413,0.170365,0.000034,0.000034,0.000034
GGCATATCGGTTCTGC-1,0.013705,0.784745,0.037168,0.013728,0.042401,0.000016,0.000016,0.10822
GGCATCAACGAGCACG-1,0.044634,0.534644,0.000016,0.000016,0.416549,0.000016,0.000016,0.004107
GGCATTCCCTCCCTCG-1,0.083441,0.000099,0.000033,0.000033,0.000066,0.916261,0.000033,0.000033
GGCATTGAACATCTCA-1,0.000048,0.000145,0.000071,0.000048,0.000097,0.801656,0.197887,0.000048
GGCCAATTGTATAGAC-1,0.000016,0.018409,0.000016,0.000016,0.007933,0.973581,0.000016,0.000016
GGCCACAAGCGATGGC-1,0.000031,0.000093,0.036441,0.055181,0.90816,0.000031,0.000031,0.000031
GGCCCAATCTAGAGGG-1,0.134883,0.517798,0.015533,0.033348,0.175999,0.000016,0.000016,0.122407
GGCCCAGCTGGTTTGC-1,0.040678,0.000053,0.002048,0.027242,0.000061,0.922784,0.007115,0.000018
GGCCCAGTTATCAGCA-1,0.059452,0.303298,0.02125,0.146669,0.469252,0.000026,0.000026,0.000026
GGCCCGGAGCATGTCT-1,0.071944,0.271561,0.000012,0.433037,0.115504,0.107919,0.000012,0.000012
GGCCCGTATACCATGC-1,0.011635,0.189757,0.000021,0.660677,0.129823,0.008046,0.000021,0.000021
GGCCCTCACCCACTTA-1,0.023024,0.059628,0.05783,0.782473,0.050428,0.016823,0.009746,0.000046
GGCCGAGACTCTGGTG-1,0.000018,0.000055,0.193599,0.000018,0.058029,0.681259,0.042038,0.024984
GGCCGCAGGAACCGCA-1,0.015044,0.000058,0.000019,0.000019,0.000038,0.37072,0.423024,0.191077
GGCCGGCGTCTGCTAT-1,0.000032,0.000096,0.024128,0.067142,0.000064,0.907417,0.001091,0.000032
GGCCGTTTGGGTTTCA-1,0.000061,0.000184,0.000061,0.198387,0.000122,0.714953,0.08617,0.000061
GGCCTGCTCTGATGTT-1,0.030069,0.000065,0.000022,0.000022,0.000043,0.590305,0.330975,0.048499
GGCCTGCTTCTCCCGA-1,0.000035,0.000105,0.000035,0.174957,0.003431,0.797636,0.023766,0.000035
GGCCTTTGCAACTGGC-1,0.123691,0.361809,0.085963,0.252567,0.139148,0.015383,0.004419,0.017021
GGCGAAATCTAACTTG-1,0.136033,0.208912,0.204098,0.23908,0.187625,0.000025,0.004758,0.01947
GGCGAACCGTTCTGAT-1,0.015703,0.440348,0.004763,0.195647,0.3435,0.000013,0.000013,0.000013
GGCGAGCATCGAGGAC-1,0.049532,0.323688,0.04542,0.007418,0.481594,0.080995,0.000032,0.011321
GGCGAGCGAAACGGCA-1,0.000026,0.000078,0.104918,0.068527,0.007453,0.346615,0.461388,0.010995
GGCGCACAGTTTACCT-1,0.000027,0.000082,0.000027,0.000027,0.000055,0.944776,0.054978,0.000027
GGCGCAGGACATCTTC-1,0.007337,0.155022,0.277742,0.34884,0.167839,0.000034,0.000034,0.043153
GGCGCATGAATTGATG-1,0.094763,0.130718,0.184235,0.324078,0.11181,0.10552,0.006202,0.042675
GGCGCGGAGATCTTTC-1,0.087917,0.069714,0.000036,0.000036,0.000071,0.354953,0.388428,0.098846
GGCGCGTTCGAGTTTA-1,0.277466,0.178602,0.337233,0.000026,0.009757,0.075186,0.059143,0.062587
GGCGCTCCTCATCAAT-1,0.00003,0.016791,0.00003,0.239882,0.730505,0.00003,0.012703,0.00003
GGCGCTTCATTCCCTG-1,0.022356,0.04114,0.03497,0.001757,0.032368,0.867328,0.00004,0.00004
GGCGGAGTAATATTAG-1,0.060124,0.258052,0.057701,0.444366,0.069995,0.019422,0.02348,0.066862
GGCGGGCTCTAAGAGT-1,0.108792,0.02144,0.294577,0.112539,0.010143,0.331685,0.103811,0.017013
GGCGGTAGGATCATTG-1,0.048916,0.386667,0.171317,0.268342,0.075198,0.000021,0.000021,0.049519
GGCGGTTTGCCGGTGC-1,0.003672,0.145231,0.000786,0.067151,0.783106,0.000018,0.000018,0.000018
GGCGTACCCTATATAA-1,0.003261,0.06985,0.000035,0.127152,0.76621,0.033421,0.000035,0.000035
GGCGTAGGGAAAGCTG-1,0.00004,0.000121,0.00004,0.131185,0.000081,0.688846,0.179647,0.00004
GGCGTCCTATCCGCTG-1,0.000036,0.000107,0.101141,0.644123,0.249015,0.005506,0.000036,0.000036
GGCTAAAGGGCGGGTC-1,0.028111,0.389763,0.007907,0.285169,0.283651,0.005358,0.000021,0.000021
GGCTAATGATTGAAAT-1,0.011607,0.282901,0.00184,0.136244,0.516418,0.00002,0.00002,0.05095
GGCTACTATACACTCC-1,0.000023,0.000069,0.152562,0.000023,0.006724,0.683613,0.136791,0.020195
GGCTATTAAGTTGTAT-1,0.147504,0.286643,0.024921,0.299562,0.191152,0.050159,0.000029,0.000029
GGCTCCTCCACCTGTT-1,0.000043,0.127911,0.219919,0.002789,0.028874,0.472388,0.148032,0.000043
GGCTCGCGTTGAGGTA-1,0.04452,0.230259,0.010832,0.36484,0.122422,0.190204,0.000018,0.036903
GGCTCGTGCCACCAGC-1,0.00004,0.032337,0.048116,0.389136,0.509825,0.0085,0.012006,0.00004
GGCTCTGCTCCAACGC-1,0.035347,0.40899,0.021655,0.311977,0.122297,0.005805,0.028202,0.065726
GGCTGAAATAGCAAAG-1,0.000074,0.000223,0.279496,0.262137,0.000149,0.199835,0.25801,0.000074
GGCTGAGCATCGTAAG-1,0.013795,0.61129,0.062021,0.017792,0.293184,0.000032,0.000032,0.001855
GGCTGGCAATCCCACG-1,0.021167,0.000106,0.000035,0.000035,0.000071,0.903877,0.074673,0.000035
GGCTGGCTAGCTTAAA-1,0.00008,0.031142,0.010307,0.325544,0.587007,0.045761,0.00008,0.00008
GGCTGTCCTACTGCGG-1,0.000038,0.000115,0.005172,0.000038,0.000077,0.801838,0.192684,0.000038
GGCTTCTCGTGGGTGG-1,0.000027,0.000081,0.27741,0.000027,0.000701,0.702404,0.001142,0.018208
GGCTTTCAATAAGGGT-1,0.000046,0.000138,0.004869,0.012496,0.000092,0.670608,0.311705,0.000046
GGGAAAGAATGCCAAC-1,0.095462,0.037282,0.001373,0.000008,0.033665,0.792948,0.000008,0.039255
GGGAACCACCTGTTTC-1,0.00003,0.00009,0.08751,0.00003,0.832077,0.080204,0.00003,0.00003
GGGAACGGGAGGTTAG-1,0.059318,0.065542,0.140052,0.693258,0.003012,0.000045,0.034977,0.003798
GGGAACGGTTTCAGAT-1,0.023296,0.010988,0.111928,0.01622,0.054952,0.64978,0.075814,0.057022
GGGAAGACGGTCTGTC-1,0.000038,0.000115,0.000038,0.073657,0.021279,0.904796,0.000038,0.000038
GGGAAGGGCTTTCTCA-1,0.000048,0.000145,0.000048,0.139881,0.000097,0.702054,0.157676,0.000048
GGGAATGAGCCCTCAC-1,0.006936,0.62553,0.06304,0.042977,0.223249,0.000015,0.000015,0.038239
GGGAATTCTGTCCAGT-1,0.033207,0.558099,0.038315,0.057735,0.238062,0.074553,0.000015,0.000015
GGGACAGAGTTACTCC-1,0.00009,0.00027,0.00009,0.00009,0.00018,0.673718,0.325474,0.00009
GGGACCCGTATATCTT-1,0.000049,0.000146,0.102725,0.091353,0.106365,0.699266,0.000049,0.000049
GGGACTGCATAGATAG-1,0.091655,0.593313,0.031049,0.22801,0.019284,0.036654,0.000018,0.000018
GGGAGAACTCACAGTA-1,0.206155,0.675825,0.003773,0.068356,0.017176,0.000012,0.027198,0.001504
GGGAGCGACCGTAGTG-1,0.002208,0.00081,0.134861,0.000017,0.001624,0.837024,0.013324,0.010132
GGGAGGATGCCCGAAA-1,0.185332,0.270139,0.191092,0.172105,0.065,0.000019,0.000019,0.116294
GGGAGTAATGGCTGGC-1,0.02171,0.711785,0.000019,0.000019,0.210624,0.000019,0.000019,0.055805
GGGAGTTAATGAGGCG-1,0.000036,0.000107,0.074473,0.686246,0.231336,0.00773,0.000036,0.000036
GGGATACGGTAATAAT-1,0.000018,0.037275,0.002403,0.236121,0.695826,0.021047,0.006528,0.000781
GGGATATTGATCGCCA-1,0.000089,0.000267,0.000089,0.000089,0.000178,0.293893,0.705306,0.000089
GGGATCCCAATACAAA-1,0.058228,0.593199,0.00077,0.057451,0.246735,0.043599,0.000009,0.000009
GGGATGGTCGTAACCG-1,0.191941,0.016788,0.209359,0.125242,0.165438,0.144416,0.146779,0.000037
GGGATTATCTCACAAC-1,0.013684,0.460246,0.005786,0.000246,0.488862,0.031153,0.000012,0.000012
GGGATTTACCGCACCT-1,0.2317,0.413603,0.266143,0.002179,0.041494,0.000023,0.000023,0.044835
GGGCAACCGCACGTGC-1,0.000079,0.000238,0.000079,0.171005,0.000159,0.619106,0.209254,0.000079
GGGCACGTAGTACTGT-1,0.000059,0.029278,0.016495,0.000059,0.000118,0.552805,0.401126,0.000059
GGGCAGACGTCACTGC-1,0.068804,0.352114,0.077151,0.152488,0.067269,0.262933,0.013819,0.005423
GGGCAGAGCAATCGTT-1,0.000051,0.000152,0.000051,0.166204,0.000101,0.830152,0.003239,0.000051
GGGCAGGATTTCTGTG-1,0.000025,0.000075,0.000025,0.001242,0.00005,0.604349,0.394208,0.000025
GGGCAGTCAACGCCAA-1,0.000035,0.000106,0.23979,0.000035,0.058402,0.672664,0.028932,0.000035
GGGCATGCATGTCGAG-1,0.003508,0.000057,0.000019,0.000019,0.000038,0.649158,0.238102,0.1091
GGGCCATTCGTGCTGG-1,0.00002,0.000061,0.28775,0.00002,0.014348,0.604668,0.093111,0.00002
GGGCCCGTCTTAAACA-1,0.226423,0.490016,0.000016,0.063578,0.003277,0.000016,0.05125,0.165423
GGGCCCTACGAAAGGG-1,0.000025,0.000076,0.04674,0.593611,0.299146,0.06035,0.000025,0.000025
GGGCCCTTATCTATAC-1,0.097628,0.484189,0.0404,0.060121,0.242291,0.063466,0.000009,0.011896
GGGCCGGCCGAAGTAC-1,0.236054,0.243911,0.095716,0.297082,0.08407,0.008587,0.008481,0.0261
GGGCCTAAATGGGCTA-1,0.000027,0.000082,0.305888,0.349546,0.271544,0.072857,0.000027,0.000027
GGGCCTATACAACCGG-1,0.000036,0.008035,0.478526,0.000036,0.395586,0.008309,0.000036,0.109434
GGGCCTATTTAAGTAT-1,0.048751,0.325048,0.023046,0.161277,0.326216,0.009,0.043447,0.063215
GGGCGAATTTCTCCAC-1,0.000027,0.000081,0.000027,0.354086,0.645697,0.000027,0.000027,0.000027
GGGCGATATGTGTGAA-1,0.028633,0.614024,0.067377,0.137859,0.093841,0.000024,0.000024,0.058217
GGGCGCAGCGTTACTC-1,0.167708,0.458248,0.028227,0.213175,0.089525,0.043092,0.000013,0.000013
GGGCGGCAAATGAATT-1,0.052653,0.076701,0.290456,0.000033,0.011405,0.504666,0.012416,0.051669
GGGCGGGTTCCCTACG-1,0.014779,0.032147,0.282344,0.421472,0.050211,0.095543,0.103446,0.000058
GGGCGGTCCTATTGTC-1,0.000046,0.01588,0.000046,0.275995,0.685824,0.022118,0.000046,0.000046
GGGCGTACATTTATAT-1,0.019072,0.387394,0.088111,0.181106,0.220829,0.000632,0.000026,0.102829
GGGCGTCACCACGTAA-1,0.410339,0.068336,0.170011,0.000018,0.10076,0.244972,0.000018,0.005545
GGGCGTCCACTGGCTC-1,0.000053,0.225672,0.046238,0.482319,0.24564,0.000026,0.000026,0.000026
GGGCGTGGTTTCCCAG-1,0.000029,0.016919,0.012715,0.0392,0.075531,0.80551,0.039478,0.010618
GGGCGTTTACATTCAT-1,0.000026,0.000078,0.155159,0.000026,0.000052,0.662663,0.132615,0.049382
GGGCTACTATTTCGTG-1,0.000023,0.000069,0.228021,0.024513,0.094546,0.407691,0.243725,0.001411
GGGCTATGATCGATGG-1,0.208866,0.172264,0.108468,0.036767,0.010149,0.390501,0.072962,0.000024
GGGCTCATCGAACCCA-1,0.091085,0.600955,0.039071,0.090532,0.13496,0.0053,0.010827,0.027271
GGGCTGCCTAGGGCGA-1,0.000034,0.000214,0.078342,0.81988,0.018433,0.05671,0.026353,0.000034
GGGCTGGTTAGTCGCG-1,0.00753,0.094222,0.027288,0.635577,0.042212,0.033632,0.00073,0.158809
GGGTAATGCTGTGTTT-1,0.000044,0.000912,0.000044,0.128981,0.869887,0.000044,0.000044,0.000044
GGGTACACTCTGGAGG-1,0.054562,0.573177,0.00001,0.00001,0.37221,0.00001,0.00001,0.00001
GGGTACCCACGGTCCT-1,0.004218,0.596054,0.003956,0.000017,0.342859,0.000017,0.000017,0.052861
GGGTACTTCATGAACT-1,0.043333,0.292932,0.098164,0.466231,0.099244,0.000032,0.000032,0.000032
GGGTATGTATGCACTT-1,0.105788,0.437077,0.003718,0.075386,0.283933,0.012346,0.000029,0.081722
GGGTATTCTAGCAAAC-1,0.000064,0.000193,0.000064,0.000064,0.000129,0.501923,0.497496,0.000064
GGGTCACCGTGACGGT-1,0.000481,0.027257,0.184566,0.654939,0.099112,0.000033,0.007527,0.026085
GGGTCACGTGCTTATG-1,0.037331,0.354885,0.067611,0.034857,0.46334,0.04136,0.000028,0.000588
GGGTCACTGAGTAGTG-1,0.000066,0.041233,0.593473,0.222666,0.081432,0.00077,0.060294,0.000066
GGGTCAGGAGCTAGAT-1,0.000036,0.000107,0.21449,0.000036,0.006707,0.411415,0.36409,0.003119
GGGTCATGCGTACCAT-1,0.000026,0.043193,0.000026,0.298874,0.657802,0.000026,0.000026,0.000026
GGGTCCTTGGAAGAAG-1,0.000037,0.000111,0.00272,0.000037,0.000074,0.707481,0.289503,0.000037
GGGTCGTGGCAAGTGT-1,0.000951,0.85833,0.010646,0.101162,0.028878,0.000011,0.000011,0.000011
GGGTCTATCGCTTTCC-1,0.000016,0.000049,0.000016,0.000016,0.000033,0.731728,0.128888,0.139253
GGGTGACACCTTAACT-1,0.214417,0.015401,0.19157,0.192478,0.0105,0.205876,0.155533,0.014225
GGGTGCATATGAAAGC-1,0.234333,0.453821,0.005251,0.221517,0.008579,0.010316,0.007553,0.058631
GGGTGGTCCAGCCTGT-1,0.020648,0.370382,0.00002,0.001926,0.579621,0.00002,0.00002,0.027362
GGGTGTTTCAGCTATG-1,0.000063,0.000188,0.000063,0.466175,0.533324,0.000063,0.000063,0.000063
GGGTTAACATTTGAGT-1,0.0001,0.000301,0.0001,0.104577,0.000201,0.553953,0.340667,0.0001
GGGTTCAGACGAACAA-1,0.002312,0.970932,0.000016,0.000016,0.026678,0.000016,0.000016,0.000016
GGGTTTAGGATAGGAT-1,0.353687,0.312451,0.157216,0.056234,0.088437,0.000018,0.000018,0.031939
GGTAAACTCTGCGCTG-1,0.000024,0.002649,0.07355,0.000024,0.00087,0.836018,0.086841,0.000024
GGTAAATGTGCGTTAC-1,0.025329,0.234067,0.000041,0.168121,0.572318,0.000041,0.000041,0.000041
GGTAACCGGCAAAGGT-1,0.017411,0.551055,0.000011,0.000011,0.413636,0.017856,0.000011,0.000011
GGTAACCGGGAGGATA-1,0.000029,0.011576,0.108899,0.048669,0.049195,0.738911,0.030787,0.011934
GGTAACTATGTATCTG-1,0.073215,0.240541,0.000028,0.006782,0.679352,0.000028,0.000028,0.000028
GGTACAAACATGCTAT-1,0.000031,0.000092,0.0386,0.481948,0.213534,0.265735,0.000031,0.000031
GGTACACCAGATTTAT-1,0.117962,0.66084,0.018801,0.069252,0.054438,0.078686,0.00001,0.00001
GGTACATCTGGGACGA-1,0.371358,0.174803,0.005698,0.21607,0.037125,0.000018,0.014703,0.180225
GGTACCATTAAGACGG-1,0.175068,0.384819,0.000368,0.108738,0.206778,0.124207,0.000011,0.000011
GGTACGTTGCGGCCGG-1,0.00002,0.000061,0.171352,0.00002,0.046372,0.629287,0.005399,0.147488
GGTACTAAGTGCTTTG-1,0.298853,0.037136,0.007971,0.102641,0.052457,0.027433,0.205963,0.267546
GGTAGAAGACCGCCTG-1,0.081455,0.009898,0.005701,0.192605,0.011648,0.641242,0.057407,0.000044
GGTAGACCGTTGGGCG-1,0.000058,0.000175,0.000058,0.070927,0.000117,0.496311,0.432294,0.000058
GGTAGGCCAATATCAC-1,0.164318,0.011081,0.007623,0.000009,0.027114,0.162517,0.016721,0.610619
GGTAGTGCTCGCACCA-1,0.008263,0.19656,0.161826,0.399994,0.210597,0.022705,0.000027,0.000027
GGTATAGTGACACATA-1,0.023549,0.08033,0.070824,0.393324,0.228158,0.203771,0.000021,0.000021
GGTATCAAGCATAGAA-1,0.000026,0.231555,0.144191,0.012263,0.563424,0.033026,0.011893,0.003623
GGTATTGCCGAGTTTA-1,0.018997,0.096359,0.068796,0.553487,0.171107,0.091195,0.000029,0.000029
GGTCAAGACTACTTCG-1,0.000024,0.000071,0.066431,0.000024,0.000669,0.726965,0.005216,0.200601
GGTCACGTTAGATTCA-1,0.135062,0.04048,0.000041,0.063034,0.744767,0.000041,0.000041,0.016533
GGTCAGTGGGTCCCAC-1,0.000038,0.000113,0.373962,0.000038,0.009871,0.443055,0.018311,0.154614
GGTCATTGTAGTCATA-1,0.000035,0.057138,0.013928,0.256408,0.672387,0.000035,0.000035,0.000035
GGTCCACGTCTATTTG-1,0.000018,0.000053,0.01408,0.000018,0.002454,0.607238,0.155788,0.220352
GGTCCTTCATACGACT-1,0.000072,0.305786,0.000019,0.021745,0.672322,0.000019,0.000019,0.000019
GGTCGGATAAACGGCG-1,0.001049,0.220063,0.095533,0.373928,0.307743,0.00165,0.000018,0.000018
GGTCGGCCAGGAGCTT-1,0.407016,0.498686,0.000008,0.001355,0.001771,0.033513,0.000008,0.057642
GGTCGGTAATTAGACA-1,0.000047,0.271211,0.07828,0.000047,0.633698,0.000047,0.000047,0.016623
GGTCGGTCGTCCACAG-1,0.038915,0.020709,0.283204,0.000029,0.018526,0.599392,0.016978,0.022247
GGTCGTAAGCTCGCAC-1,0.000039,0.000118,0.089311,0.112952,0.159158,0.638343,0.000039,0.000039
GGTCTCCAAGTAGTGC-1,0.012301,0.021433,0.218052,0.337885,0.000128,0.2274,0.16502,0.017781
GGTCTCCGTCCAGGTT-1,0.000038,0.000115,0.066926,0.023548,0.000077,0.629832,0.279426,0.000038
GGTCTCTGAATGGACT-1,0.014843,0.028215,0.07979,0.050061,0.066148,0.513952,0.103486,0.143506
GGTCTGAGAATCTGGA-1,0.030196,0.292163,0.210816,0.18746,0.256466,0.018805,0.000018,0.004076
GGTCTTGAGCGCTCTT-1,0.000044,0.000131,0.000044,0.115287,0.000087,0.884322,0.000044,0.000044
GGTCTTGGTGTTAACT-1,0.00902,0.724386,0.000015,0.000015,0.259877,0.006657,0.000015,0.000015
GGTGAAACCGGGAATG-1,0.002022,0.140771,0.004015,0.000019,0.768848,0.000019,0.000019,0.084285
GGTGAACGGGCTAGCC-1,0.00004,0.003868,0.00004,0.006421,0.98951,0.00004,0.00004,0.00004
GGTGAAGTACAGGGAT-1,0.00005,0.009343,0.275056,0.411548,0.029487,0.274415,0.00005,0.00005
GGTGACTGATAGAGAG-1,0.198661,0.035086,0.005143,0.023929,0.018058,0.633223,0.056302,0.029597
GGTGAGATGCAGATAA-1,0.013656,0.198132,0.004405,0.335258,0.346493,0.000034,0.016349,0.085672
GGTGATAAGGAGCAGT-1,0.017731,0.186468,0.186144,0.451559,0.133945,0.000029,0.012661,0.011463
GGTGATTTCATCTTGT-1,0.052549,0.268022,0.002119,0.000279,0.676942,0.00003,0.00003,0.00003
GGTGCAGAGCCTATCG-1,0.023823,0.928786,0.000011,0.000011,0.047337,0.000011,0.000011,0.000011
GGTGCATAAATGATTA-1,0.001994,0.000204,0.09787,0.01094,0.04393,0.82068,0.00672,0.017662
GGTGCGGATAAGTGGC-1,0.000043,0.01494,0.000043,0.381817,0.603029,0.000043,0.000043,0.000043
GGTGCTGATCACAAAG-1,0.04086,0.495888,0.00491,0.175795,0.21119,0.004273,0.012333,0.054751
GGTGCTGGTACACATT-1,0.009022,0.001837,0.26599,0.533631,0.102203,0.087224,0.000046,0.000046
GGTGGACCACGTGTTA-1,0.073616,0.140084,0.072035,0.021136,0.516234,0.000048,0.000048,0.176798
GGTGGACTGCTCTGGC-1,0.169814,0.060075,0.065999,0.055529,0.018109,0.630099,0.000352,0.000023
GGTGGAGGTTGATACG-1,0.459548,0.081743,0.089625,0.22946,0.019675,0.007669,0.040692,0.071588
GGTGGGATTAGGTCCC-1,0.000032,0.000095,0.098598,0.000032,0.002543,0.866173,0.032495,0.000032
GGTGTAAATCGATTGT-1,0.000025,0.000076,0.000025,0.031023,0.063861,0.803338,0.101624,0.000025
GGTGTAGGTAAGTAAA-1,0.000051,0.000153,0.009132,0.000051,0.000102,0.479007,0.511454,0.000051
GGTGTTCTGTTTCTAC-1,0.000092,0.002644,0.01532,0.236773,0.725953,0.000092,0.019033,0.000092
GGTGTTGGGCGTCTTA-1,0.169642,0.010103,0.354697,0.202663,0.093852,0.078665,0.086266,0.004112
GGTTACCACCCTCGGG-1,0.027448,0.007466,0.362377,0.234226,0.29646,0.071921,0.000051,0.000051
GGTTACCCGACACTTT-1,0.114771,0.181541,0.047396,0.364633,0.212454,0.077762,0.001428,0.000015
GGTTACCGCTCCCTAC-1,0.00003,0.00009,0.00003,0.00003,0.00006,0.765257,0.209073,0.02543
GGTTAGCTATATGTCT-1,0.00004,0.00012,0.099441,0.399076,0.111863,0.389379,0.00004,0.00004
GGTTAGGCTTGGAGAA-1,0.031866,0.198792,0.121735,0.309377,0.338135,0.000032,0.000032,0.000032
GGTTAGGGATGCTAAT-1,0.000147,0.000062,0.000079,0.00386,0.088432,0.872772,0.034627,0.000021
GGTTAGTTACGGCGCC-1,0.028324,0.298909,0.00002,0.063046,0.220758,0.219731,0.00002,0.169192
GGTTCCACCCGCTTCT-1,0.000078,0.000234,0.368337,0.000078,0.592287,0.000078,0.000078,0.038831
GGTTCCCTAGTGTCTC-1,0.064931,0.263134,0.022502,0.250429,0.319927,0.000031,0.000031,0.079016
GGTTCCGTACGACTAA-1,0.00003,0.002228,0.114782,0.00003,0.093167,0.671839,0.117894,0.00003
GGTTCGATGCTGAGTT-1,0.00042,0.000732,0.298893,0.274299,0.42543,0.000075,0.000075,0.000075
GGTTCGCATTTGCCGT-1,0.000014,0.000041,0.005994,0.000014,0.048369,0.945204,0.000014,0.000351
GGTTCGGATTATACTA-1,0.000032,0.000095,0.107671,0.343911,0.488223,0.060005,0.000032,0.000032
GGTTCTACTCGTCTGA-1,0.118314,0.093251,0.02742,0.577677,0.089418,0.000029,0.020274,0.073616
GGTTGTATCGTGAAAT-1,0.01486,0.316858,0.00234,0.000178,0.614127,0.051595,0.000021,0.000021
GGTTGTGCTCTTGTCC-1,0.012922,0.263053,0.051728,0.116063,0.528019,0.027173,0.000016,0.001025
GGTTGTGTAGCCTGGC-1,0.000037,0.055869,0.052441,0.631691,0.259852,0.000037,0.000037,0.000037
GGTTTAATTACCATCG-1,0.000023,0.000068,0.171596,0.000023,0.011102,0.620433,0.130124,0.066632
GGTTTAATTGAGCAGG-1,0.00003,0.116096,0.031052,0.676582,0.176151,0.00003,0.00003,0.00003
GGTTTACAATCTCAAT-1,0.110593,0.570394,0.02997,0.122956,0.106422,0.000014,0.007453,0.0522
GGTTTAGCCTTTCTTG-1,0.083519,0.056256,0.051555,0.149043,0.000095,0.000048,0.335504,0.323979
GGTTTCAATCGGTCAG-1,0.040167,0.225009,0.078616,0.239216,0.274169,0.095455,0.007123,0.040246
GGTTTGACAAGAAGCT-1,0.001226,0.381203,0.080379,0.054347,0.482764,0.000027,0.000027,0.000027
GGTTTGAGTGCTGGAA-1,0.013585,0.243501,0.006283,0.000025,0.736534,0.000025,0.000025,0.000025
GGTTTGCGAACACGTA-1,0.033795,0.275162,0.027616,0.249104,0.414248,0.000025,0.000025,0.000025
GGTTTGTGACCTGAGG-1,0.000046,0.000138,0.000046,0.000046,0.000092,0.423985,0.566166,0.00948
GTAACAACTGACCTTG-1,0.000019,0.478937,0.000019,0.086893,0.434077,0.000019,0.000019,0.000019
GTAACAGGTTAACGGC-1,0.000036,0.000108,0.133596,0.000036,0.042735,0.74215,0.008351,0.072986
GTAACATCAGCTCATC-1,0.000062,0.000186,0.322592,0.153692,0.419332,0.004678,0.076973,0.022486
GTAACATCTAAGATAA-1,0.141311,0.047448,0.142474,0.001535,0.06201,0.530616,0.018696,0.055909
GTAACTACGTAGACCT-1,0.0185,0.000113,0.038261,0.014178,0.025587,0.66021,0.243113,0.000038
GTAACTGCCCAAGGAG-1,0.000024,0.000073,0.007841,0.054669,0.000048,0.718425,0.204161,0.014759
GTAACTTGCGGCAGTC-1,0.006179,0.252034,0.000042,0.1094,0.581131,0.00247,0.030976,0.017768
GTAAGCGGGCAGTCAG-1,0.054991,0.500573,0.063942,0.321469,0.013877,0.035492,0.000043,0.009613
GTAAGGATTTGTCGGA-1,0.004827,0.493677,0.000023,0.000025,0.501378,0.000023,0.000023,0.000023
GTAAGTAACAGTCTGG-1,0.190609,0.076384,0.092681,0.443897,0.188948,0.004106,0.000847,0.002527
GTAAGTAGGGTATACC-1,0.081348,0.660291,0.000013,0.10675,0.126492,0.000013,0.002465,0.022628
GTAAGTCCACACTCTA-1,0.313813,0.318262,0.000006,0.000006,0.000309,0.026528,0.000073,0.341003
GTAATAAAGGGCTCCC-1,0.047256,0.517224,0.138775,0.161705,0.120404,0.014609,0.000014,0.000014
GTAATCTGATTCTTCG-1,0.023785,0.065745,0.153242,0.074569,0.133499,0.425373,0.123727,0.000059
GTACACTTACCTGAAG-1,0.008728,0.056296,0.027188,0.738397,0.000128,0.000064,0.033054,0.136145
GTACAGAGGCAAGGGT-1,0.014636,0.050541,0.059778,0.746932,0.128037,0.000025,0.000025,0.000025
GTACGACGGCGCTGCG-1,0.00004,0.095007,0.00004,0.095262,0.770744,0.00004,0.014804,0.024063
GTACGAGATTGCGACA-1,0.000024,0.424197,0.02306,0.244484,0.308164,0.000024,0.000024,0.000024
GTACGCTTCATTGCAC-1,0.026466,0.121153,0.288367,0.323541,0.000336,0.061078,0.178891,0.000168
GTACGTCACGTATTAA-1,0.023353,0.486886,0.028143,0.034575,0.426955,0.000029,0.000029,0.000029
GTACGTTTGCCCGTCA-1,0.000052,0.000157,0.638514,0.050756,0.226878,0.080766,0.002825,0.000052
GTACTAAGATTTGGAG-1,0.000028,0.258779,0.059316,0.260313,0.42148,0.000028,0.000028,0.000028
GTACTACGGCCTCGTT-1,0.000026,0.000077,0.097686,0.000026,0.095632,0.806503,0.000026,0.000026
GTACTCCCTTATCGCT-1,0.000049,0.138948,0.37682,0.26371,0.000098,0.000049,0.049838,0.170487
GTACTCCTGGGTATGC-1,0.198523,0.47742,0.001086,0.21446,0.098898,0.000012,0.006419,0.003182
GTACTGAGGTCGTAAC-1,0.000754,0.367159,0.000372,0.000025,0.621935,0.000025,0.000025,0.009705
GTACTGCATGAAGCGT-1,0.011939,0.515589,0.000025,0.013082,0.45929,0.000025,0.000025,0.000025
GTACTGGAGTTAGACC-1,0.041675,0.166622,0.000026,0.563355,0.093831,0.000026,0.029211,0.105254
GTACTTGGGCACTTCT-1,0.000028,0.021503,0.017863,0.000028,0.881921,0.042246,0.000028,0.036385
GTAGAAACGGGTGGAG-1,0.010244,0.307658,0.000016,0.177279,0.496311,0.008461,0.000016,0.000016
GTAGACAACCGATGAA-1,0.000032,0.010184,0.000032,0.173733,0.783931,0.000032,0.000032,0.032023
GTAGACACGCCTGACT-1,0.000031,0.000094,0.029317,0.040015,0.005705,0.731529,0.193277,0.000031
GTAGACGTCGTTACAT-1,0.012347,0.4806,0.014471,0.020327,0.472178,0.000026,0.000026,0.000026
GTAGAGGGAGACAAGT-1,0.483583,0.051245,0.02987,0.000014,0.165169,0.24576,0.000095,0.024264
GTAGCCAAACATGGGA-1,0.000062,0.000186,0.017382,0.225766,0.000124,0.583303,0.173116,0.000062
GTAGCGCTGTTGTAGT-1,0.000042,0.000127,0.000042,0.030498,0.969162,0.000042,0.000042,0.000042
GTAGCGGCTATACACT-1,0.011551,0.013484,0.140362,0.581175,0.231281,0.001245,0.00008,0.020822
GTAGCTAGTAAGCGCG-1,0.000045,0.290094,0.010747,0.000045,0.378796,0.017983,0.202461,0.09983
GTAGCTCCGGGAGGCT-1,0.000017,0.000051,0.172397,0.000017,0.008753,0.799049,0.008224,0.011491
GTAGCTTCCTCTTGTT-1,0.252969,0.345464,0.001529,0.206213,0.080514,0.000713,0.005718,0.106881
GTAGGTGATCCGTGTA-1,0.000036,0.000109,0.052292,0.318375,0.533493,0.073477,0.000036,0.022182
GTAGTCGCGGGAATCA-1,0.00006,0.00018,0.316104,0.033135,0.00012,0.380643,0.269698,0.00006
GTAGTCTACGATATTG-1,0.000049,0.000147,0.095223,0.056463,0.069591,0.77843,0.000049,0.000049
GTAGTGAGCAACCTCA-1,0.318272,0.002746,0.000014,0.000014,0.000028,0.637705,0.031053,0.010168
GTAGTTAGACAATATA-1,0.017671,0.198347,0.18818,0.217149,0.316937,0.050146,0.003531,0.00804
GTAGTTCGAAGGCGAA-1,0.00002,0.00006,0.118727,0.00002,0.002674,0.811698,0.066781,0.00002
GTAGTTTAAGCACACG-1,0.000029,0.000087,0.053699,0.000029,0.000413,0.69267,0.142166,0.110907
GTATAATCTCCCGGAT-1,0.079406,0.343328,0.016106,0.008116,0.50919,0.039483,0.000019,0.004353
GTATAGGACTCAGTAG-1,0.011927,0.619403,0.026349,0.029702,0.312556,0.000021,0.000021,0.000021
GTATAGTGGCCCATGT-1,0.000067,0.0002,0.000067,0.177144,0.822321,0.000067,0.000067,0.000067
GTATATGTTACGGCGG-1,0.000043,0.000128,0.000043,0.041337,0.958321,0.000043,0.000043,0.000043
GTATCAAACGTTAGCT-1,0.000059,0.000176,0.125529,0.009285,0.000117,0.28236,0.582416,0.000059
GTATCAAGGTACTTCC-1,0.000013,0.00072,0.039157,0.000013,0.011515,0.77472,0.007393,0.166471
GTATCAGCTTGGGTTC-1,0.042349,0.514689,0.000026,0.100255,0.319776,0.022855,0.000026,0.000026
GTATCCTTTGGTAACC-1,0.000022,0.000066,0.178811,0.000022,0.052013,0.742984,0.000022,0.026062
GTATCGGGACGAGCTG-1,0.000032,0.000096,0.000032,0.04876,0.950984,0.000032,0.000032,0.000032
GTATCTCAGTCTTGAC-1,0.000036,0.059257,0.033086,0.026353,0.084786,0.541731,0.212427,0.042323
GTATCTCCCTAACTGT-1,0.000024,0.298112,0.000024,0.000024,0.652093,0.039042,0.000024,0.010656
GTATCTCGGGCGCTTT-1,0.301505,0.03045,0.000022,0.000022,0.000044,0.370641,0.214201,0.083115
GTATCTTGTTGCTCAC-1,0.015067,0.366248,0.000022,0.000053,0.561936,0.056631,0.000022,0.000022
GTATCTTTCATAACCA-1,0.268167,0.060717,0.259825,0.12506,0.021297,0.078088,0.107648,0.0792
GTATGAAATTTCACTC-1,0.000028,0.000083,0.079055,0.061161,0.026167,0.575001,0.215724,0.042782
GTATGACGTGGGAAAC-1,0.012644,0.194245,0.00003,0.00003,0.792961,0.00003,0.00003,0.00003
GTATGTGGGTCTAGTT-1,0.000028,0.004424,0.316995,0.359,0.319471,0.000028,0.000028,0.000028
GTATTAAGGCGTCTAA-1,0.001219,0.620925,0.000019,0.024571,0.353207,0.000019,0.000019,0.000019
GTATTAGGGTTCGCGT-1,0.069459,0.326353,0.061175,0.088039,0.423665,0.000044,0.000044,0.031221
GTATTCTGAGAAACGA-1,0.301158,0.040173,0.135754,0.229722,0.131174,0.122829,0.039152,0.000039
GTATTCTTACCGTGCT-1,0.004112,0.080609,0.000045,0.000037,0.870116,0.000037,0.000037,0.045007
GTATTTAATGGCATAA-1,0.312368,0.057197,0.000011,0.000011,0.047771,0.582621,0.000011,0.000011
GTCAAAGAAGTGGTGT-1,0.000085,0.000256,0.000085,0.089742,0.000171,0.653304,0.256271,0.000085
GTCAAAGTTTACATAG-1,0.029235,0.31247,0.084818,0.023766,0.509632,0.000051,0.000051,0.039977
GTCAACCAGGCCTATA-1,0.001711,0.015477,0.152153,0.000018,0.037246,0.705557,0.006124,0.081713
GTCAAGCGGACTCGGG-1,0.038875,0.081446,0.04478,0.574851,0.016055,0.076294,0.12053,0.047169
GTCAATGCTATAATTT-1,0.062013,0.734927,0.00027,0.087462,0.038325,0.014109,0.013675,0.04922
GTCAATTGTACTGAAG-1,0.000039,0.000117,0.000039,0.059464,0.878403,0.000039,0.000039,0.06186
GTCACAAAGTTTCCAA-1,0.000047,0.00014,0.000047,0.2025,0.707984,0.000047,0.000047,0.089191
GTCACCTGTCTATGTC-1,0.000063,0.009246,0.103544,0.000063,0.860549,0.000063,0.000063,0.02641
GTCACTCTCCAAATCT-1,0.035121,0.767664,0.059868,0.000011,0.134282,0.000011,0.000011,0.003031
GTCAGAATAGTCTATG-1,0.000036,0.035034,0.068304,0.802732,0.08393,0.000036,0.009893,0.000036
GTCAGACAGCGTTGGA-1,0.032368,0.491024,0.000012,0.000012,0.458794,0.016972,0.000012,0.000806
GTCAGTTGTGCTCGTT-1,0.000156,0.148183,0.017544,0.060858,0.773137,0.00004,0.00004,0.00004
GTCAGTTTGGTAGTCG-1,0.000133,0.097805,0.064853,0.216392,0.62076,0.000019,0.000019,0.000019
GTCATCCCAAACTCAC-1,0.000024,0.000071,0.177482,0.000024,0.011586,0.768552,0.000024,0.042237
GTCATCTCCTACAGCT-1,0.017466,0.447363,0.000014,0.000014,0.472771,0.000014,0.000014,0.062345
GTCATGCACCTCCGTT-1,0.035095,0.370904,0.009087,0.502304,0.016208,0.026777,0.039559,0.000066
GTCATGCGCGAGGGCT-1,0.290733,0.215018,0.000013,0.000013,0.001976,0.488287,0.003946,0.000013
GTCATGGACATGACTA-1,0.000081,0.089936,0.000081,0.355002,0.000163,0.000081,0.152569,0.402086
GTCATTAGAGCGAACG-1,0.098365,0.197252,0.206663,0.370997,0.078115,0.000035,0.001381,0.047191
GTCATTGCATTGACCC-1,0.017208,0.236867,0.025586,0.329753,0.368569,0.021974,0.000022,0.000022
GTCCAATATTTAGCCT-1,0.049291,0.236319,0.031664,0.031011,0.225044,0.325944,0.094998,0.005729
GTCCACGTCGCATTCG-1,0.183835,0.150117,0.011364,0.117775,0.186528,0.33191,0.018431,0.000039
GTCCAGGCACGTGTGC-1,0.000028,0.000084,0.044337,0.000028,0.000056,0.658617,0.296823,0.000028
GTCCATTACTGCTACG-1,0.227489,0.295698,0.090269,0.122434,0.125467,0.105588,0.000018,0.033038
GTCCCAACGTAAAGTA-1,0.046802,0.157191,0.121254,0.425824,0.230238,0.001255,0.000027,0.017409
GTCCCGCGACGTTATG-1,0.00003,0.000089,0.062294,0.012875,0.040054,0.8846,0.00003,0.00003
GTCCGAGAGCAATCAT-1,0.114372,0.749557,0.014907,0.005106,0.031007,0.000007,0.000007,0.085038
GTCCGGACCTGAAATT-1,0.000044,0.000133,0.30636,0.016845,0.028101,0.429235,0.20113,0.018152
GTCCGGCTGAATTGCG-1,0.04114,0.199175,0.001947,0.598463,0.067394,0.000047,0.015614,0.07622
GTCCGGGTTCACATTA-1,0.000017,0.000051,0.375409,0.000017,0.040764,0.581409,0.000017,0.002317
GTCCGTTAGAGGGCCT-1,0.026609,0.001706,0.025105,0.000031,0.025207,0.869993,0.015645,0.035704
GTCCTACAGGCGGCTC-1,0.045459,0.636335,0.045457,0.045461,0.09092,0.045456,0.045456,0.045456
GTCCTACGAATAGTCT-1,0.007124,0.000117,0.063349,0.108629,0.100147,0.720556,0.000039,0.000039
GTCCTACTCTACGGGC-1,0.000023,0.000068,0.063978,0.071006,0.000345,0.752909,0.111649,0.000023
GTCCTAGGATACCTTA-1,0.000022,0.00013,0.000022,0.000022,0.000044,0.398055,0.442917,0.158788
GTCCTATTGTTGTGGT-1,0.054698,0.380006,0.004064,0.236472,0.274464,0.05027,0.000013,0.000013
GTCCTTCTACAACCCA-1,0.025785,0.302807,0.075786,0.184716,0.241859,0.148085,0.004848,0.016114
GTCCTTCTAGTGGGTT-1,0.05308,0.265682,0.00005,0.206846,0.428795,0.00005,0.045447,0.00005
GTCCTTTAATGACTTC-1,0.022732,0.412437,0.063458,0.000036,0.448212,0.043579,0.000036,0.009509
GTCGAATTTGGGCGCT-1,0.000048,0.000143,0.09227,0.082148,0.001094,0.763438,0.06081,0.000048
GTCGATAGGTGACTTT-1,0.000048,0.000144,0.163343,0.47505,0.044045,0.317274,0.000048,0.000048
GTCGCCGTTGTGTGTT-1,0.079855,0.070626,0.217787,0.000942,0.086899,0.543818,0.000036,0.000036
GTCGCGTAACCCGTTG-1,0.076714,0.106926,0.171759,0.493525,0.119707,0.015768,0.015561,0.00004
GTCGGAAGGATACCAG-1,0.018928,0.681553,0.150166,0.003702,0.124843,0.000019,0.000019,0.02077
GTCGGATATCTCAGAC-1,0.005243,0.585347,0.032421,0.258184,0.118751,0.000018,0.000018,0.000018
GTCGGATGTAGCGCGC-1,0.021676,0.830413,0.000015,0.065776,0.082076,0.000015,0.000015,0.000015
GTCGGGAACATGGTAG-1,0.071628,0.163156,0.120327,0.210512,0.144658,0.24243,0.02233,0.024958
GTCGGGAAGCAGAAAC-1,0.009123,0.110184,0.105797,0.086554,0.159071,0.213607,0.223976,0.091688
GTCGGGTGAAGTACCG-1,0.026948,0.036539,0.000073,0.000019,0.009879,0.874886,0.015683,0.035972
GTCGTACCATCTCGGG-1,0.300198,0.131086,0.156248,0.093954,0.054769,0.263681,0.00003,0.000035
GTCGTACCTACGATTG-1,0.022754,0.090827,0.246192,0.302694,0.337122,0.000364,0.000023,0.000023
GTCGTATTGGCGTACA-1,0.000048,0.738135,0.116817,0.000048,0.000096,0.032498,0.112295,0.000064
GTCGTCAATTATAAGG-1,0.000085,0.078118,0.000085,0.226646,0.664331,0.030566,0.000085,0.000085
GTCGTCTGGTTGGCTA-1,0.174826,0.429909,0.000012,0.166753,0.193001,0.035475,0.000012,0.000012
GTCGTGTCTGGTCATC-1,0.000066,0.000199,0.000066,0.577176,0.323461,0.018842,0.000066,0.080123
GTCGTTATTCGCTTAT-1,0.014743,0.000189,0.068959,0.424349,0.008726,0.39317,0.089801,0.000063
GTCTAAGATGCCCAGC-1,0.000045,0.181429,0.254359,0.024898,0.466189,0.000045,0.000045,0.07299
GTCTACTCAATTACAA-1,0.128916,0.066569,0.036078,0.497448,0.225096,0.022145,0.023729,0.000019
GTCTAGTGAGCCGCTT-1,0.170346,0.102456,0.000363,0.000705,0.032617,0.616381,0.010695,0.066438
GTCTATACACGCATGG-1,0.000029,0.000086,0.016345,0.000029,0.031109,0.920517,0.031857,0.000029
GTCTATCTGAGTTTCT-1,0.015813,0.22021,0.294893,0.246927,0.107208,0.114856,0.000046,0.000046
GTCTATTGCATGCTCG-1,0.268492,0.05704,0.000015,0.000015,0.007506,0.652254,0.000262,0.014417
GTCTATTGGTTCCGGT-1,0.464579,0.045334,0.159451,0.003084,0.004003,0.30493,0.009987,0.008632
GTCTCAAGGCCCGGCT-1,0.06662,0.255284,0.013714,0.100325,0.238849,0.243767,0.047836,0.033606
GTCTCCCGAGTCCCGT-1,0.037448,0.050728,0.00001,0.00001,0.000317,0.911279,0.00001,0.000198
GTCTCCGCCTCAATAC-1,0.018038,0.000805,0.010261,0.000019,0.020514,0.927506,0.013811,0.009046
GTCTCCTGCCAGTATG-1,0.000029,0.000086,0.000029,0.009343,0.000057,0.718041,0.272388,0.000029
GTCTCGACTAAGTTTG-1,0.010006,0.76073,0.000007,0.064668,0.000262,0.001652,0.006483,0.156192
GTCTCGATCTGCTTTC-1,0.10782,0.727951,0.048453,0.008953,0.105935,0.000016,0.000016,0.000855
GTCTCGCCAACACGCC-1,0.000061,0.000184,0.367201,0.284357,0.298051,0.000988,0.043252,0.005907
GTCTGCCGACTCGACG-1,0.000018,0.000053,0.011508,0.000018,0.02889,0.868651,0.00128,0.089584
GTCTGGGCGGTCGAGA-1,0.058866,0.047853,0.401174,0.020415,0.003363,0.255738,0.049294,0.163296
GTCTGTAGGTTGAACA-1,0.000028,0.000085,0.000028,0.000028,0.000057,0.777934,0.221811,0.000028
GTCTTACCACGCCAAG-1,0.015007,0.000065,0.118426,0.000022,0.086528,0.779908,0.000022,0.000022
GTCTTAGTACAGCCGG-1,0.000082,0.000246,0.000082,0.421451,0.577892,0.000082,0.000082,0.000082
GTCTTGAGGAGCAGTG-1,0.035829,0.060326,0.068613,0.505516,0.115037,0.214176,0.000023,0.000479
GTCTTGTAGCTATTCA-1,0.035025,0.000262,0.097685,0.592328,0.000174,0.000087,0.160613,0.113826
GTGAAACGGCGCCACC-1,0.00796,0.429547,0.010823,0.299315,0.160647,0.000301,0.000304,0.091102
GTGAAACGTGCTCCAC-1,0.015015,0.355943,0.000035,0.117216,0.511685,0.000035,0.000035,0.000035
GTGAACTCCCATTCGA-1,0.119955,0.330473,0.065382,0.273925,0.189171,0.021051,0.000021,0.000021
GTGAAGATTTCAAGTG-1,0.010957,0.403322,0.0598,0.030767,0.398591,0.023666,0.059997,0.012901
GTGAAGCCGTATAGTC-1,0.037598,0.63633,0.077962,0.045679,0.202386,0.000015,0.000015,0.000015
GTGAAGTCACGACTCG-1,0.000028,0.000083,0.105148,0.184809,0.073929,0.633538,0.002436,0.000028
GTGACAGCTTCCCACT-1,0.000029,0.000087,0.092175,0.000029,0.109805,0.771705,0.000029,0.026141
GTGACCGCACACTACG-1,0.215513,0.116168,0.176047,0.373223,0.107889,0.000026,0.009315,0.001819
GTGACCTAAAGAATAA-1,0.113975,0.407267,0.003323,0.236349,0.16208,0.076985,0.00001,0.00001
GTGACGAGGGTGACCC-1,0.243656,0.624266,0.004377,0.044728,0.059104,0.019563,0.000008,0.004299
GTGACGCAGGTTTCAT-1,0.000025,0.000075,0.000025,0.000025,0.00005,0.933622,0.066152,0.000025
GTGACTTCAGTAGTGC-1,0.30354,0.106263,0.22206,0.031895,0.041745,0.14259,0.074762,0.077144
GTGAGATAACCTTATA-1,0.00002,0.00006,0.077739,0.00002,0.006654,0.589262,0.166996,0.15925
GTGAGCGTGCTGCACT-1,0.088018,0.721422,0.000013,0.015877,0.125228,0.020402,0.000013,0.029026
GTGAGGACACTTAAGG-1,0.000048,0.000144,0.189202,0.754716,0.002934,0.000048,0.052859,0.000048
GTGAGGAGCGGTTGAG-1,0.073729,0.398884,0.000525,0.210687,0.316076,0.000033,0.000033,0.000033
GTGAGTCGACTAATAG-1,0.049915,0.007715,0.000009,0.000009,0.000514,0.65655,0.000376,0.284912
GTGAGTCTAAGACGGA-1,0.038627,0.150162,0.001075,0.223128,0.49363,0.09319,0.000019,0.000169
GTGAGTGGTACAACGC-1,0.074755,0.031876,0.041148,0.155125,0.000082,0.690032,0.00694,0.000041
GTGATCAAGCGTGCAC-1,0.000029,0.000088,0.028281,0.000029,0.004182,0.727447,0.121166,0.118777
GTGATCACTAACGCCT-1,0.223013,0.169935,0.323179,0.040062,0.020786,0.1312,0.015661,0.076164
GTGATCATAGATCTGC-1,0.000098,0.000294,0.576336,0.305346,0.000196,0.000098,0.117533,0.000098
GTGATCCTTGTCATGA-1,0.000024,0.000073,0.076245,0.000024,0.059098,0.849244,0.001367,0.013924
GTGATGCACAACATCT-1,0.030457,0.18984,0.01256,0.165868,0.589682,0.000043,0.000043,0.011507
GTGATTCGCCGCTCAA-1,0.000045,0.034929,0.603328,0.010779,0.081657,0.269171,0.000045,0.000045
GTGCAACAAATGTGGC-1,0.000814,0.44851,0.000026,0.054122,0.496452,0.000025,0.000025,0.000025
GTGCACCAGCTTCAAC-1,0.000033,0.000099,0.000033,0.000033,0.000066,0.389155,0.610548,0.000033
GTGCACGAAAGTGACT-1,0.056183,0.412374,0.144478,0.000014,0.308509,0.050437,0.000014,0.027991
GTGCAGCGTAGAGTAG-1,0.00111,0.037855,0.481207,0.002451,0.023985,0.280781,0.037406,0.135206
GTGCCAAACGTTTCGA-1,0.018271,0.000086,0.002236,0.119987,0.027785,0.786559,0.045048,0.000029
GTGCCATCACACGGTG-1,0.000046,0.083246,0.676257,0.059269,0.130436,0.000046,0.000046,0.050654
GTGCCCGTTCGGATTC-1,0.08737,0.269106,0.234412,0.094748,0.100565,0.000022,0.000021,0.213757
GTGCCGCTTCAAAGGT-1,0.000044,0.000133,0.585841,0.09815,0.202143,0.068508,0.045136,0.000044
GTGCCTAGCTATGCTT-1,0.000022,0.000065,0.037713,0.000022,0.962114,0.000022,0.000022,0.000022
GTGCCTCAGTGTACGG-1,0.002294,0.353217,0.002378,0.112595,0.474246,0.000032,0.000032,0.055206
GTGCCTGAGACCAAAC-1,0.000012,0.001455,0.000012,0.000012,0.017824,0.98066,0.000012,0.000012
GTGCGAAATCGAACAC-1,0.084986,0.215484,0.382444,0.038282,0.128431,0.112022,0.000019,0.038332
GTGCGACAGGGAGTGT-1,0.001895,0.073952,0.044691,0.668539,0.175522,0.035343,0.000029,0.000029
GTGCGCAGCTTGCTCC-1,0.086713,0.252912,0.000034,0.000044,0.621996,0.000034,0.000034,0.038235
GTGCGCTTACAAATGA-1,0.012932,0.195032,0.034171,0.038112,0.652022,0.067194,0.000024,0.000513
GTGCGGGACCATCGGC-1,0.032734,0.307653,0.000025,0.000025,0.639608,0.000025,0.000025,0.019906
GTGCGGGTCTCCAAAT-1,0.000032,0.284939,0.097336,0.280151,0.336975,0.000032,0.000032,0.000503
GTGCGTGTATATGAGC-1,0.108,0.029353,0.445179,0.181464,0.095956,0.1084,0.015337,0.016312
GTGCTATCCAGCTGGA-1,0.024931,0.000165,0.000055,0.000055,0.00011,0.974573,0.000055,0.000055
GTGCTCAAGTACTGTC-1,0.122868,0.126278,0.247851,0.281371,0.13696,0.084616,0.000028,0.000028
GTGCTGCAGATAAGGA-1,0.007556,0.058743,0.292817,0.270667,0.324333,0.000013,0.000262,0.045608
GTGCTGTTAGAACATA-1,0.010941,0.000085,0.087533,0.000028,0.106159,0.795198,0.000028,0.000028
GTGCTTACATCAGCGC-1,0.099654,0.079795,0.000025,0.182591,0.000049,0.147901,0.08988,0.400105
GTGGAACCTACATGCG-1,0.008266,0.459504,0.01956,0.117913,0.394682,0.000025,0.000025,0.000025
GTGGACCAACCCGATT-1,0.136395,0.001342,0.233629,0.150776,0.107919,0.36852,0.000036,0.001384
GTGGACGCATTTGTCC-1,0.213244,0.090017,0.000029,0.000029,0.094635,0.450919,0.14506,0.006067
GTGGACGTGCTGAGAC-1,0.013712,0.379684,0.007139,0.131407,0.467974,0.000028,0.000028,0.000028
GTGGAGCATGTCGGCC-1,0.151914,0.347637,0.000015,0.392811,0.050719,0.052937,0.003953,0.000015
GTGGAGCGTTTACCGA-1,0.0002,0.000599,0.060767,0.140837,0.0004,0.484555,0.312442,0.0002
GTGGAGTCGGCGGTTG-1,0.011393,0.000111,0.075671,0.132177,0.084836,0.695737,0.000037,0.000037
GTGGCAAACAGCGGCA-1,0.614238,0.05265,0.010943,0.056774,0.018275,0.183838,0.060741,0.002542
GTGGCCGGTTTCTCGG-1,0.028768,0.001768,0.130666,0.000015,0.000031,0.213075,0.461179,0.164498
GTGGCGGGCCGTAGCT-1,0.000048,0.000144,0.028883,0.482277,0.463988,0.004998,0.019615,0.000048
GTGGCGGTCCCAGCGT-1,0.112194,0.578092,0.066391,0.154851,0.072255,0.000017,0.000017,0.016183
GTGGCTGTTTCTGTTC-1,0.179307,0.016522,0.000021,0.021693,0.00471,0.777705,0.000021,0.000021
GTGGGAACAAACCGGG-1,0.000021,0.000062,0.000021,0.000021,0.000041,0.812172,0.187643,0.000021
GTGGGAAGACTGAATC-1,0.000033,0.0001,0.19826,0.311239,0.124529,0.365773,0.000033,0.000033
GTGGGCTTAGACACAC-1,0.000028,0.081654,0.042886,0.58961,0.285737,0.000028,0.000028,0.000028
GTGGGTCTTCTTTGCG-1,0.000057,0.00017,0.460675,0.000057,0.525177,0.01375,0.000057,0.000057
GTGGTATAGTCTGCCG-1,0.000059,0.000176,0.02169,0.173483,0.000117,0.752286,0.05213,0.000059
GTGGTCAGCGAAGTAT-1,0.094622,0.610786,0.006536,0.036097,0.193795,0.000037,0.000037,0.058091
GTGGTGATGGTTTGTG-1,0.193903,0.013018,0.195061,0.236193,0.028005,0.132689,0.201101,0.000029
GTGGTGGCCAAGTGAA-1,0.00003,0.000091,0.588488,0.00003,0.151523,0.151985,0.033108,0.074744
GTGGTTACTTCTTTCG-1,0.087831,0.238615,0.030018,0.333475,0.280162,0.029849,0.000025,0.000025
GTGGTTTCCGCCTTTC-1,0.075898,0.305744,0.074491,0.052284,0.118893,0.000021,0.000904,0.371765
GTGTACCTTGGCTACG-1,0.086978,0.807694,0.016898,0.010552,0.058175,0.000011,0.000011,0.01968
GTGTACGAACCGTTCC-1,0.30903,0.331851,0.220273,0.015582,0.042733,0.000011,0.005521,0.074999
GTGTATATCAGCGGGC-1,0.000052,0.0335,0.183621,0.040928,0.049102,0.692693,0.000052,0.000052
GTGTATGACTTTAAAG-1,0.023856,0.520682,0.000036,0.000016,0.44025,0.000016,0.000016,0.015128
GTGTCAGTGTACGTGG-1,0.000034,0.000101,0.056519,0.040547,0.000067,0.813276,0.089423,0.000034
GTGTCCGATAAGGCAT-1,0.000044,0.135491,0.017738,0.000044,0.846553,0.000044,0.000044,0.000044
GTGTCGTATAGCGTTC-1,0.000146,0.000439,0.13327,0.239635,0.000292,0.625926,0.000146,0.000146
GTGTCGTATTCACCTT-1,0.089743,0.547849,0.031684,0.020466,0.270001,0.000019,0.003054,0.037183
GTGTGAATAACTTAGG-1,0.14906,0.45556,0.005409,0.261287,0.097427,0.000601,0.016149,0.014508
GTGTGAGCCGAGGTGC-1,0.000042,0.000126,0.426937,0.000042,0.499517,0.005651,0.010197,0.057488
GTGTTACTATGCGTCC-1,0.445239,0.059849,0.017541,0.274512,0.000068,0.000034,0.136171,0.066587
GTTAAAGTAGGACTGG-1,0.000098,0.000295,0.003884,0.273382,0.000196,0.253609,0.468438,0.000098
GTTAACATCACTTAAA-1,0.213117,0.06378,0.05884,0.062956,0.093055,0.440407,0.018174,0.049671
GTTAACTATGTTGTCA-1,0.12903,0.210301,0.081907,0.45426,0.088625,0.00003,0.020391,0.015456
GTTAAGGGTGCGATGT-1,0.000062,0.000186,0.06131,0.000062,0.000124,0.422949,0.515245,0.000062
GTTAAGTTAGAGTGGG-1,0.22817,0.309888,0.221107,0.038044,0.184876,0.011234,0.000013,0.006668
GTTAATAGCGTCATTA-1,0.215124,0.030085,0.006048,0.000028,0.08327,0.511295,0.011023,0.143127
GTTAATGTCTATCTTA-1,0.047722,0.406316,0.008837,0.059116,0.466175,0.009023,0.000014,0.002797
GTTACAATTGGTGACG-1,0.014187,0.205008,0.391711,0.116667,0.264023,0.000029,0.000029,0.008345
GTTACCAAGGCGTACG-1,0.000028,0.000084,0.000028,0.000028,0.015178,0.816236,0.155639,0.012779
GTTACCTACAACTTGC-1,0.111216,0.000156,0.106531,0.34058,0.053957,0.289617,0.067648,0.030295
GTTACGAAATCCACGC-1,0.076929,0.418567,0.002548,0.000019,0.50188,0.000019,0.000019,0.000019
GTTACGGCCCGACTGC-1,0.01066,0.345509,0.000017,0.000017,0.577676,0.000017,0.000017,0.066088
GTTACTTTGGGCCTAG-1,0.087917,0.000188,0.072109,0.446192,0.000125,0.254188,0.083435,0.055846
GTTAGAGTGTGCCGCT-1,0.003933,0.389309,0.012036,0.000024,0.568249,0.000024,0.000024,0.026401
GTTAGCCCATGACATC-1,0.000039,0.023317,0.000039,0.000039,0.08197,0.804656,0.089899,0.000039
GTTAGCCGTAAATCAA-1,0.051226,0.416891,0.013594,0.367721,0.142966,0.007569,0.000016,0.000016
GTTAGGCTACCCGTTT-1,0.000054,0.000161,0.000054,0.000054,0.000108,0.499728,0.499787,0.000054
GTTATAATACGGTGAA-1,0.053089,0.013599,0.162545,0.02201,0.010664,0.647058,0.035154,0.055881
GTTATATCAGGAGCCA-1,0.000349,0.159189,0.000057,0.52876,0.306356,0.00003,0.00003,0.005229
GTTATATTATCTCCCT-1,0.190014,0.000333,0.015112,0.332122,0.017669,0.34708,0.097604,0.000066
GTTATCAAGCTATCGA-1,0.000112,0.009766,0.000016,0.000016,0.008288,0.87467,0.072222,0.03491
GTTATCACCTTCTGAA-1,0.00004,0.007506,0.00004,0.030888,0.928731,0.00004,0.00004,0.032715
GTTATTAAATACGACC-1,0.00011,0.000329,0.012005,0.216968,0.770258,0.00011,0.00011,0.00011
GTTATTAACGTGGGAG-1,0.000035,0.000105,0.12218,0.000035,0.852404,0.025172,0.000035,0.000035
GTTCAATCTATGTCAA-1,0.032735,0.127798,0.000061,0.007187,0.787844,0.000043,0.000043,0.044288
GTTCACAGGAGTCTAG-1,0.02117,0.172033,0.108437,0.66861,0.029547,0.000133,0.000035,0.000035
GTTCAGTCGCCAAATG-1,0.000018,0.000054,0.000018,0.038402,0.003647,0.940542,0.0173,0.000018
GTTCATCGTTTGGCTG-1,0.108502,0.568901,0.000021,0.150736,0.109431,0.013928,0.012949,0.035532
GTTCCAAGACAGCGAC-1,0.000034,0.016249,0.000034,0.001454,0.982126,0.000034,0.000034,0.000034
GTTCCAGTCTGACCAT-1,0.005773,0.326579,0.004886,0.29756,0.365083,0.00004,0.00004,0.00004
GTTCCCGTAAACATAT-1,0.058952,0.146546,0.000019,0.000019,0.000039,0.274008,0.16037,0.360047
GTTCCGTCCGCCTGCA-1,0.007472,0.000056,0.046998,0.000019,0.029793,0.914856,0.000019,0.000788
GTTCGACAATTGTATA-1,0.094302,0.027862,0.003652,0.000018,0.007272,0.478821,0.203624,0.184448
GTTCGCCATAAGTGCC-1,0.097847,0.31161,0.034309,0.484479,0.010154,0.000034,0.000034,0.061532
GTTCGCTGAGACGTCT-1,0.017963,0.000129,0.203844,0.20879,0.055743,0.513447,0.000043,0.000043
GTTCGGAGCACTCAAC-1,0.000023,0.000069,0.000048,0.000023,0.000046,0.870371,0.07644,0.052981
GTTCGGATCGGGAACA-1,0.130907,0.176538,0.010373,0.449116,0.101636,0.000021,0.026668,0.104739
GTTCGGGCGTACCATT-1,0.050898,0.573665,0.001612,0.092928,0.16391,0.000016,0.005063,0.111908
GTTCGTCTAAAGAACT-1,0.065962,0.007751,0.200108,0.02252,0.188659,0.514931,0.000035,0.000035
GTTCGTCTGGGTCCCT-1,0.050148,0.380952,0.000017,0.258446,0.310387,0.000017,0.000017,0.000017
GTTCGTTGCGGACCAG-1,0.047663,0.202937,0.019679,0.01044,0.618077,0.101146,0.000029,0.000029
GTTCTTCCCTCGATGT-1,0.000036,0.233097,0.022899,0.002892,0.689545,0.000036,0.000036,0.051459
GTTCTTGTAACTCAAT-1,0.003648,0.005301,0.00004,0.00004,0.056554,0.934335,0.00004,0.00004
GTTGAACCGGTTCCAT-1,0.024458,0.058281,0.42931,0.267009,0.195385,0.000033,0.011461,0.014063
GTTGAGTCCCGCCGGT-1,0.037657,0.053104,0.026473,0.142375,0.000141,0.245099,0.495081,0.000071
GTTGCACGGAGTTTCG-1,0.035411,0.637347,0.0096,0.095546,0.207731,0.002746,0.000016,0.011602
GTTGCAGTCGACAACA-1,0.000023,0.00007,0.000023,0.000023,0.000047,0.80859,0.156073,0.035151
GTTGCCCTAACGGGTG-1,0.000031,0.000092,0.000216,0.000031,0.000062,0.583972,0.415196,0.000401
GTTGCGCTAACATTAC-1,0.235198,0.24881,0.066474,0.134635,0.181332,0.023574,0.004098,0.105878
GTTGCGGACGGTCAGG-1,0.173062,0.000087,0.194618,0.309224,0.057311,0.263004,0.002664,0.000029
GTTGGACCGCATCAGG-1,0.005374,0.135751,0.034666,0.469197,0.333223,0.021739,0.000025,0.000025
GTTGGATTCAGTGGCT-1,0.017702,0.238651,0.012857,0.407947,0.322774,0.000023,0.000023,0.000023
GTTGGATTGAGAACAC-1,0.105491,0.422001,0.013607,0.128555,0.123444,0.043153,0.000013,0.163735
GTTGGATTTGCGTTGG-1,0.074659,0.471351,0.02415,0.189239,0.111018,0.00002,0.006429,0.123134
GTTGGTCATGCTATCC-1,0.423348,0.101978,0.000026,0.000026,0.013476,0.411524,0.020027,0.029595
GTTGTAGATTTATGAG-1,0.000028,0.00042,0.006974,0.06349,0.02,0.898204,0.010857,0.000028
GTTGTCGTGTTAGTTG-1,0.044006,0.461162,0.003564,0.058259,0.432896,0.000038,0.000038,0.000038
GTTGTTACATTGCGCT-1,0.039248,0.45242,0.000023,0.074496,0.429662,0.000023,0.000023,0.004106
GTTGTTGCAAGATGGC-1,0.080493,0.293481,0.074421,0.055339,0.141244,0.234673,0.057674,0.062674
GTTTACGTTCCATCTG-1,0.00007,0.000211,0.43315,0.125745,0.047407,0.316084,0.077263,0.00007
GTTTATGGGATTTAGA-1,0.010083,0.220216,0.120008,0.000012,0.649032,0.000012,0.000012,0.000624
GTTTCAAACGAGTTGT-1,0.00005,0.000149,0.00005,0.00005,0.000099,0.29983,0.699723,0.00005
GTTTCATATCGTCGCT-1,0.090704,0.376276,0.217304,0.035561,0.23324,0.000024,0.000024,0.046867
GTTTCCTGGAGGGTGA-1,0.054305,0.469434,0.000022,0.339791,0.136382,0.000022,0.000022,0.000022
GTTTCTAGAGGCGCGG-1,0.012159,0.05467,0.163192,0.000017,0.065383,0.61431,0.001623,0.088646
GTTTCTGCAGTCTCCC-1,0.000048,0.000144,0.053881,0.788452,0.041537,0.115843,0.000048,0.000048
GTTTGACCAAATCCTA-1,0.25642,0.674535,0.000013,0.034676,0.016205,0.018125,0.000013,0.000013
GTTTGAGCGGTTATGT-1,0.005821,0.150995,0.078657,0.008186,0.680267,0.075992,0.00004,0.00004
GTTTGGCCCAAGTTAT-1,0.067142,0.027099,0.104622,0.749015,0.031037,0.000045,0.020995,0.000045
GTTTGGCCGCTCAGCG-1,0.000051,0.04933,0.039887,0.080784,0.699628,0.000051,0.016718,0.11355
GTTTGGCGTCAGGCAC-1,0.088683,0.102588,0.01503,0.247096,0.546418,0.000062,0.000062,0.000062
GTTTGGGCTTGTGAGC-1,0.000051,0.000153,0.2563,0.132628,0.000102,0.465297,0.145418,0.000051
GTTTGGGTTTCGCCCG-1,0.000045,0.000135,0.076443,0.013833,0.00009,0.616487,0.292921,0.000045
GTTTGGTAGGGTCAAC-1,0.00004,0.000119,0.427605,0.00004,0.072847,0.497426,0.001885,0.00004
GTTTGGTGATCGGTGC-1,0.000022,0.000065,0.071138,0.000022,0.057282,0.832643,0.002902,0.035928
TAAACCCAGGAGGGCA-1,0.000016,0.00317,0.087119,0.000016,0.10182,0.803249,0.000016,0.004596
TAAACGTCGTCAATGA-1,0.000027,0.03058,0.000027,0.203517,0.752901,0.012897,0.000027,0.000027
TAAAGACAACCCTTTA-1,0.409558,0.39933,0.000007,0.03302,0.045252,0.067954,0.001037,0.043842
TAAAGAGCCCGAAACC-1,0.000057,0.00017,0.046477,0.230073,0.723053,0.000057,0.000057,0.000057
TAAAGCGGTATTTCCA-1,0.000074,0.18835,0.000074,0.10138,0.003216,0.291269,0.415564,0.000074
TAAAGCGTTAGGAGAA-1,0.074045,0.401263,0.049998,0.250502,0.202983,0.005841,0.000015,0.015353
TAAAGCTGCAATAGGG-1,0.080512,0.630256,0.033937,0.082526,0.124442,0.043296,0.000013,0.005018
TAAAGGAGAAACTAGT-1,0.073316,0.213831,0.00498,0.071933,0.534902,0.067497,0.000021,0.033521
TAAAGTGCACGTCTCG-1,0.000023,0.000069,0.000023,0.000023,0.000046,0.700103,0.175683,0.12403
TAAATCTTTACACCTC-1,0.019595,0.601925,0.041101,0.089472,0.22239,0.000015,0.000215,0.025288
TAAATGAATCCGTTTC-1,0.001397,0.411072,0.000022,0.15743,0.430012,0.000022,0.000022,0.000022
TAAATGCCGTCTCATG-1,0.013736,0.142821,0.00725,0.173041,0.647303,0.01578,0.000035,0.000035
TAAATGGGCTACTGAG-1,0.30053,0.077179,0.041724,0.002021,0.028508,0.52588,0.002295,0.021865
TAAATTGTGGGTAAAG-1,0.000012,0.000037,0.289222,0.000012,0.05518,0.524609,0.000012,0.130915
TAAATTTAGTAACACC-1,0.003065,0.000054,0.000018,0.000018,0.000036,0.353298,0.44302,0.200491
TAACAAAGGGAGAAGC-1,0.081381,0.831884,0.000299,0.00001,0.052297,0.00001,0.00001,0.034108
TAACAATATTTGTTGC-1,0.061417,0.405314,0.033432,0.006209,0.459603,0.01191,0.000017,0.022097
TAACAGCGTTTGTGCT-1,0.000027,0.00008,0.000027,0.000027,0.000053,0.584552,0.415207,0.000027
TAACAGGTTCCCTTAG-1,0.00003,0.000089,0.00003,0.00003,0.000059,0.829669,0.163483,0.006612
TAACATACAATGTGGG-1,0.120461,0.225832,0.161971,0.292373,0.12023,0.000022,0.000022,0.079089
TAACATACACGCGATC-1,0.074199,0.023569,0.000868,0.08365,0.000099,0.020875,0.652983,0.143758
TAACCGCCCGCAGTGC-1,0.028463,0.331198,0.000024,0.001991,0.578478,0.000024,0.002545,0.057278
TAACCGTCCAGTTCAT-1,0.000038,0.221829,0.046447,0.00004,0.694584,0.036986,0.000038,0.000038
TAACCTACCGTCCGAG-1,0.212182,0.294766,0.0219,0.317861,0.153236,0.000018,0.000018,0.000018
TAACCTAGGGAGTCCA-1,0.000115,0.000344,0.000115,0.194615,0.000229,0.504546,0.299923,0.000115
TAACGCTTTGAGAGCG-1,0.053528,0.409335,0.036522,0.308756,0.191771,0.00003,0.00003,0.00003
TAACTATCGAAGGTCC-1,0.000024,0.181559,0.301962,0.000718,0.482768,0.000024,0.000024,0.032922
TAACTATTACGCCAAA-1,0.175966,0.607536,0.003533,0.027616,0.173362,0.000521,0.000009,0.011457
TAACTCATCCGCGCGG-1,0.077649,0.004315,0.230519,0.479186,0.000116,0.208098,0.000058,0.000058
TAACTCCATGGAGGCT-1,0.000018,0.433473,0.030301,0.000018,0.252882,0.000018,0.000018,0.283272
TAACTGAAATACGCCT-1,0.000019,0.000058,0.10816,0.000019,0.01784,0.754612,0.119272,0.000019
TAAGAGGGACAGGGAC-1,0.000031,0.000092,0.120941,0.134316,0.056094,0.610334,0.078162,0.000031
TAAGATTTAGCGGGAG-1,0.062937,0.141087,0.000024,0.000024,0.728064,0.000024,0.000024,0.067815
TAAGCAGGCGACACGC-1,0.012907,0.415236,0.003717,0.236551,0.132993,0.000021,0.000021,0.198553
TAAGCCCTTACGACCA-1,0.014156,0.508872,0.011268,0.123608,0.342028,0.000023,0.000023,0.000023
TAAGCGCGAATCAAAT-1,0.000019,0.000056,0.167729,0.000019,0.001986,0.709533,0.013834,0.106826
TAAGGAACTTGTGGGA-1,0.000038,0.18814,0.036171,0.069666,0.705869,0.000038,0.000038,0.000038
TAAGGCAACATAAGAT-1,0.035823,0.867783,0.000014,0.028171,0.015291,0.015677,0.003801,0.03344
TAAGGCATAACATCAA-1,0.19355,0.202709,0.100158,0.000023,0.014369,0.361258,0.109711,0.018222
TAAGGCCCGTCACCCT-1,0.000057,0.00017,0.04055,0.000057,0.000114,0.490647,0.468349,0.000057
TAAGGCTGAATCCCTC-1,0.219341,0.060323,0.086121,0.231857,0.00544,0.000022,0.097383,0.299513
TAAGGGCCTGTCCGAT-1,0.000085,0.000254,0.000085,0.048867,0.000169,0.433622,0.516833,0.000085
TAAGGGCTGGGAGAGG-1,0.137729,0.336704,0.069492,0.189195,0.167165,0.000018,0.000018,0.099678
TAAGTAAATGTGCCGC-1,0.000268,0.06126,0.115424,0.171633,0.651224,0.000064,0.000064,0.000064
TAAGTAACATCTTGAC-1,0.553423,0.042869,0.006835,0.129089,0.078924,0.188824,0.000019,0.000019
TAAGTCGCCGAGTATC-1,0.039687,0.013603,0.070404,0.198353,0.024649,0.343378,0.309888,0.000038
TAAGTCGGTGAGCTAG-1,0.045212,0.000109,0.036821,0.036384,0.035043,0.84636,0.000036,0.000036
TAAGTGAATAGTCTAC-1,0.000028,0.045206,0.17306,0.000028,0.011011,0.739174,0.006195,0.025299
TAAGTTGCGACGTAGG-1,0.133939,0.049669,0.013809,0.271386,0.000101,0.397783,0.133263,0.000051
TAATAAACAAGGAGAT-1,0.072553,0.610332,0.003038,0.10192,0.159665,0.026338,0.004932,0.021221
TAATACACAGTAGTAT-1,0.013973,0.51734,0.048402,0.079367,0.232419,0.036495,0.000022,0.071982
TAATACTAGAACAGAC-1,0.000021,0.000064,0.00682,0.000021,0.027547,0.825931,0.064372,0.075223
TAATAGAACAGAGTTA-1,0.000047,0.000141,0.046267,0.141999,0.000094,0.484503,0.326901,0.000047
TAATAGCTAAATGATG-1,0.018479,0.269385,0.023336,0.539947,0.148811,0.000014,0.000014,0.000014
TAATAGGTCACCAGAA-1,0.000044,0.000132,0.035217,0.108343,0.01605,0.832665,0.007505,0.000044
TAATAGTGACGACCAG-1,0.105125,0.563593,0.000017,0.227736,0.085434,0.000017,0.00962,0.008458
TAATATTGAAATTCGC-1,0.000046,0.000139,0.019816,0.247495,0.732364,0.000046,0.000046,0.000046
TAATCAACCAAATGGG-1,0.015821,0.021054,0.000011,0.006517,0.005441,0.032775,0.0272,0.891182
TAATCGATCCGTACGT-1,0.002529,0.520619,0.057399,0.166167,0.225774,0.027483,0.000015,0.000015
TAATGAAAGACCCTTG-1,0.012613,0.395118,0.075267,0.001493,0.403381,0.024366,0.000011,0.08775
TAATGTCGGTTCATGG-1,0.000038,0.000114,0.025172,0.000038,0.000076,0.488138,0.486385,0.000038
TAATTACGTCAGTAGA-1,0.000048,0.000144,0.003502,0.133515,0.001342,0.489431,0.37197,0.000048
TAATTAGATGGATATG-1,0.026683,0.550173,0.016699,0.000033,0.406313,0.000033,0.000033,0.000033
TAATTAGGACATCCGT-1,0.242059,0.341577,0.003218,0.249541,0.000319,0.019826,0.046948,0.096512
TAATTCCAATGCTTCA-1,0.0012,0.255105,0.020202,0.097817,0.110827,0.202086,0.144551,0.168213
TAATTGCGCTGATTAC-1,0.000029,0.000087,0.012241,0.091987,0.041481,0.602736,0.251409,0.000029
TAATTGGAATCGGGAA-1,0.031546,0.453564,0.017291,0.000015,0.392074,0.054813,0.000015,0.050682
TACAAATTGCGGAGGT-1,0.000096,0.088544,0.138918,0.338375,0.254528,0.02559,0.153855,0.000096
TACAACAGCGCATACA-1,0.035431,0.026928,0.060694,0.000023,0.102693,0.774183,0.000023,0.000023
TACAACGCACAACTCA-1,0.000046,0.000139,0.210686,0.762405,0.000093,0.026539,0.000046,0.000046
TACAAGCTGTTCACTG-1,0.014856,0.329287,0.000023,0.002396,0.609039,0.044347,0.000023,0.00003
TACAAGGGCTTCTTTA-1,0.000019,0.000056,0.028068,0.000019,0.004661,0.826119,0.108223,0.032834
TACAAGTCTCGTGCAT-1,0.002749,0.251275,0.008083,0.548338,0.182537,0.000039,0.000039,0.00694
TACAATGAAACCAGCA-1,0.000039,0.000116,0.078264,0.046635,0.874831,0.000039,0.000039,0.000039
TACACAGCCGTGGTGC-1,0.029165,0.008107,0.00001,0.00001,0.000019,0.759025,0.089946,0.113718
TACACCGTCGTTAGTC-1,0.000018,0.262788,0.085185,0.284351,0.310767,0.050708,0.000018,0.006164
TACACCTCTTCGAATC-1,0.00003,0.000089,0.01709,0.049163,0.0901,0.812866,0.030633,0.00003
TACAGAAACGGTGGGC-1,0.000047,0.000141,0.253684,0.031425,0.042393,0.452657,0.219606,0.000047
TACATAGGCATACACC-1,0.000169,0.001708,0.064844,0.737926,0.091054,0.034237,0.070017,0.000045
TACATCCCTATCCCTG-1,0.054431,0.310523,0.064356,0.079952,0.129692,0.030322,0.030032,0.300692
TACATCTTGTTTCTTG-1,0.037144,0.5476,0.012425,0.061893,0.238125,0.047991,0.000012,0.05481
TACATGACCTTATCCG-1,0.012557,0.452777,0.043133,0.064494,0.346284,0.079045,0.000016,0.001693
TACATGCCGGAATTGT-1,0.156575,0.066229,0.2644,0.000024,0.019972,0.219117,0.008649,0.265034
TACATTTCTAACGTGC-1,0.076381,0.356102,0.046132,0.355674,0.130043,0.00003,0.00003,0.035608
TACCAAATAGCCCAGA-1,0.000047,0.015991,0.050323,0.128802,0.000093,0.612633,0.192064,0.000047
TACCAATAAAGTACCA-1,0.000027,0.000081,0.21574,0.000027,0.158545,0.625527,0.000027,0.000027
TACCAGAAGTAGGTTC-1,0.000069,0.015991,0.121048,0.253865,0.166508,0.379492,0.062959,0.000069
TACCAGCTAGGTTTAA-1,0.000037,0.05677,0.000037,0.163631,0.779413,0.000037,0.000037,0.000037
TACCAGGAATCCCGTC-1,0.000031,0.000094,0.104921,0.000031,0.000063,0.662218,0.232609,0.000031
TACCATGTATTGATTT-1,0.216557,0.276629,0.204004,0.000011,0.121992,0.090109,0.000011,0.090686
TACCCTCGGTAACCCT-1,0.008794,0.002224,0.079339,0.000021,0.012034,0.819205,0.019465,0.058918
TACCGAATAATTGTAA-1,0.000017,0.000051,0.222283,0.000017,0.011907,0.704998,0.010342,0.050385
TACCGCGGACTTGCAG-1,0.24297,0.566569,0.000076,0.111558,0.064944,0.0134,0.000469,0.000014
TACCGGCTCACTGCCC-1,0.293115,0.107499,0.000033,0.140105,0.045004,0.226496,0.150331,0.037418
TACCGGTCGTTTCCAT-1,0.258506,0.088319,0.009857,0.149773,0.416427,0.000153,0.040207,0.036756
TACCGTAGGTTAACTA-1,0.195425,0.075387,0.000029,0.012799,0.01295,0.512365,0.177946,0.013098
TACCGTGCCTCGGACC-1,0.000077,0.00023,0.225637,0.081469,0.000153,0.589949,0.102408,0.000077
TACCTACTCCCAGTAT-1,0.000121,0.000364,0.000121,0.176781,0.000242,0.694424,0.127825,0.000121
TACCTCACCAATTGTA-1,0.049986,0.15528,0.064064,0.038885,0.112813,0.519975,0.011229,0.047768
TACCTCACGCTTGTAC-1,0.000047,0.012488,0.000047,0.434549,0.525922,0.026853,0.000047,0.000047
TACCTCAGTTGTCTGT-1,0.00006,0.000181,0.1841,0.00006,0.074731,0.702268,0.038539,0.00006
TACCTCCACACCAATG-1,0.009918,0.001265,0.002396,0.00002,0.000041,0.949723,0.022608,0.014028
TACCTCTTTACCATCC-1,0.000077,0.072063,0.028349,0.081396,0.000154,0.387616,0.430268,0.000077
TACCTGCTGCACTGTG-1,0.028198,0.200764,0.000033,0.495213,0.232271,0.014569,0.016108,0.012843
TACCTTAAGATTTCCC-1,0.421225,0.022025,0.132907,0.025996,0.144524,0.227132,0.026165,0.000026
TACGAACACGACTTCA-1,0.283488,0.094224,0.086478,0.481533,0.007161,0.039914,0.00717,0.000032
TACGACGCTTGCTGCG-1,0.000047,0.000141,0.580114,0.010699,0.05067,0.259505,0.000047,0.098777
TACGACTGCCTCTTAG-1,0.000061,0.000184,0.519865,0.036789,0.000123,0.092155,0.274933,0.07589
TACGAGAACTTCACGT-1,0.041566,0.470711,0.034973,0.215314,0.195502,0.041894,0.00002,0.00002
TACGATCCAAGCCACT-1,0.000081,0.000244,0.332746,0.055149,0.611536,0.000081,0.000081,0.000081
TACGATGTTGATCATC-1,0.105873,0.206315,0.003409,0.472295,0.126216,0.018467,0.037725,0.0297
TACGCAGTTCTTTCCT-1,0.078234,0.514448,0.000023,0.093305,0.06875,0.000023,0.014272,0.230945
TACGCCATATTCTAAT-1,0.009677,0.065644,0.127361,0.542032,0.202054,0.01161,0.000046,0.041577
TACGCCGAGGGTACCC-1,0.000014,0.003545,0.404215,0.000014,0.058709,0.412187,0.000107,0.121209
TACGCCGCCTCAGAAG-1,0.145245,0.020864,0.013135,0.549909,0.129078,0.141733,0.000018,0.000018
TACGCCTCCATTCCGA-1,0.000051,0.0205,0.062817,0.045328,0.071792,0.799409,0.000051,0.000051
TACGCTATAGAAACCT-1,0.012736,0.209632,0.034267,0.602941,0.006485,0.074556,0.02511,0.034274
TACGCTCCTAGAACTG-1,0.000026,0.000078,0.000026,0.000026,0.000052,0.803446,0.196321,0.000026
TACGCTCGGTATTGGA-1,0.027608,0.000092,0.042207,0.070365,0.000061,0.838221,0.021415,0.000031
TACGCTGATAGTTGTA-1,0.00004,0.000119,0.00004,0.00004,0.000079,0.789168,0.210476,0.00004
TACGCTGCACGGTCGT-1,0.000026,0.000079,0.008699,0.044994,0.045229,0.900921,0.000026,0.000026
TACGCTGCTGTGTTAA-1,0.000031,0.000092,0.006445,0.000031,0.000061,0.781597,0.183127,0.028616
TACGGAAGCCAAACCA-1,0.248165,0.033182,0.000654,0.000016,0.004235,0.552227,0.123518,0.038003
TACGGCATGGACGCTA-1,0.000054,0.000161,0.000054,0.147202,0.001089,0.77046,0.080928,0.000054
TACGGGATGCTAGCAG-1,0.002694,0.197597,0.139986,0.236605,0.368978,0.000025,0.000262,0.053853
TACGGGTAATAACATA-1,0.000015,0.002301,0.052736,0.000015,0.068235,0.757764,0.033947,0.084987
TACGTAAAGCGGAGTG-1,0.329877,0.053508,0.017277,0.002547,0.020593,0.572866,0.000546,0.002786
TACGTACTAGTGCTGA-1,0.000019,0.000056,0.156113,0.000019,0.007806,0.594505,0.045267,0.196215
TACGTGCAAGGTTCCT-1,0.385243,0.520766,0.000009,0.070612,0.023343,0.000009,0.000009,0.000009
TACGTGCACTATGCTG-1,0.000033,0.020606,0.039913,0.309047,0.630303,0.000033,0.000033,0.000033
TACGTGGGCCCAGGGC-1,0.000025,0.000075,0.172629,0.000025,0.00005,0.614455,0.164142,0.048599
TACGTTTACCGGCAAT-1,0.000051,0.000153,0.031857,0.716175,0.211141,0.015452,0.02512,0.000051
TACTACGTGCAATGCG-1,0.006022,0.000056,0.136771,0.000019,0.080112,0.698319,0.029982,0.048719
TACTATGGTTCCTCAG-1,0.260284,0.10227,0.071594,0.000022,0.068137,0.471199,0.009463,0.017031
TACTCATTGACGCATC-1,0.000066,0.000199,0.020929,0.030697,0.021623,0.609935,0.287622,0.028928
TACTCCTCTAGTTGAC-1,0.043674,0.03839,0.000012,0.004817,0.000024,0.78223,0.018246,0.112607
TACTCGGCACGCCGGG-1,0.130109,0.801782,0.000008,0.0344,0.033678,0.000008,0.000008,0.000008
TACTCGTTTGAATCAA-1,0.000018,0.000192,0.000018,0.008744,0.032503,0.886979,0.070614,0.00093
TACTCTCCGAACAAAT-1,0.074425,0.75544,0.003216,0.019187,0.046449,0.020826,0.000012,0.080444
TACTCTTACTTTACTG-1,0.00004,0.000119,0.229271,0.00004,0.000079,0.359182,0.39562,0.015649
TACTCTTTCGTCTTCA-1,0.00008,0.00024,0.193737,0.00008,0.096475,0.671552,0.037756,0.00008
TACTGAACAGATTTAG-1,0.000051,0.021092,0.345763,0.016013,0.064394,0.385731,0.166904,0.000051
TACTGAGGGAAGAAAG-1,0.000025,0.000075,0.053736,0.088199,0.043593,0.650457,0.16389,0.000025
TACTGCAATCAATTAC-1,0.030154,0.73931,0.00426,0.000395,0.10416,0.029363,0.000009,0.092347
TACTGCATGATTAAAT-1,0.000041,0.000123,0.000041,0.000041,0.000082,0.794361,0.141415,0.063896
TACTGGACAGCTCGGC-1,0.026968,0.054868,0.000042,0.599617,0.318379,0.000042,0.000042,0.000042
TACTGTTTCTCTGGTA-1,0.222116,0.077839,0.063932,0.420574,0.128197,0.040553,0.046769,0.00002
TACTTAAACATGTACA-1,0.000034,0.000102,0.148032,0.000034,0.023749,0.721538,0.106477,0.000034
TACTTGTTAGTAGTCC-1,0.07506,0.135854,0.152192,0.424708,0.131976,0.05981,0.006725,0.013675
TACTTTACTGAGCCGG-1,0.061919,0.515252,0.008879,0.188677,0.12951,0.000017,0.000017,0.095729
TACTTTCCGCACGCCA-1,0.000044,0.000133,0.207367,0.346686,0.126367,0.30122,0.018137,0.000044
TAGAAACCACTAAGTA-1,0.045526,0.099678,0.000876,0.090056,0.680309,0.000045,0.000045,0.083466
TAGAAAGGTGGCGCTA-1,0.145301,0.548943,0.051811,0.208157,0.003535,0.000018,0.000018,0.042217
TAGAAATTCACGTATA-1,0.033409,0.165273,0.2724,0.147188,0.290451,0.032275,0.000014,0.058991
TAGAACGCCAGTAACG-1,0.078346,0.283577,0.080623,0.062592,0.402879,0.009325,0.001175,0.081483
TAGAAGAAGGGTTACA-1,0.000037,0.000112,0.01389,0.000037,0.000075,0.621983,0.363829,0.000037
TAGAATAGCCGATGAA-1,0.000023,0.000068,0.000023,0.000023,0.000045,0.589592,0.314554,0.095672
TAGAATTAAGGGCAAC-1,0.006908,0.185686,0.000037,0.060327,0.568857,0.000037,0.000037,0.178113
TAGACGAAACGCCAAT-1,0.005803,0.007243,0.017633,0.000023,0.033204,0.936046,0.000023,0.000023
TAGACGCCCGTACCGG-1,0.025301,0.109608,0.015061,0.677683,0.114133,0.021484,0.036706,0.000023
TAGACTACCTAGCGTT-1,0.200975,0.382027,0.063177,0.265977,0.065423,0.000018,0.013916,0.008487
TAGACTCAGTTGGCCT-1,0.000046,0.000137,0.024046,0.072483,0.017727,0.824267,0.061247,0.000046
TAGAGATCATGCAACT-1,0.354051,0.091656,0.268261,0.000017,0.162913,0.087845,0.000017,0.035239
TAGAGCTACGAAGAAC-1,0.000044,0.006519,0.01213,0.267113,0.67452,0.039588,0.000044,0.000044
TAGAGGGAGTTTATCT-1,0.025525,0.000079,0.000026,0.006679,0.00549,0.962148,0.000026,0.000026
TAGAGGTTCTACTTGT-1,0.000071,0.000214,0.172965,0.000071,0.004665,0.389783,0.432159,0.000071
TAGAGTCTAAGCGAAC-1,0.092071,0.58678,0.087544,0.182657,0.05089,0.000019,0.000019,0.000019
TAGAGTGTTCCGGGTA-1,0.00002,0.000059,0.031449,0.00002,0.152735,0.815678,0.00002,0.00002
TAGATATGGACTGGAA-1,0.000035,0.000106,0.357535,0.000035,0.115276,0.504017,0.000035,0.02296
TAGATCCGAAGTCGCA-1,0.009575,0.338148,0.000034,0.000034,0.362279,0.000034,0.000034,0.289862
TAGATGGTTCCTTACT-1,0.00006,0.00018,0.00006,0.00006,0.00012,0.406059,0.5934,0.00006
TAGATTCAAAGTGCGG-1,0.235499,0.022415,0.03557,0.000016,0.044847,0.351161,0.233066,0.077425
TAGATTCCTGGTTATT-1,0.000027,0.120981,0.405102,0.1854,0.288409,0.000027,0.000027,0.000027
TAGATTCTCTAGCAAA-1,0.402065,0.000071,0.003033,0.000024,0.00076,0.593219,0.000805,0.000024
TAGCAACCTGTCACAA-1,0.038644,0.693208,0.002919,0.012513,0.213186,0.039505,0.000013,0.000013
TAGCAGATACTTAGGG-1,0.000028,0.000083,0.00012,0.000028,0.000055,0.652911,0.253888,0.092888
TAGCAGTAAATACGCG-1,0.000054,0.000161,0.216409,0.237553,0.519069,0.000054,0.026648,0.000054
TAGCAGTATGACTAAA-1,0.010397,0.017297,0.000018,0.016205,0.027767,0.830098,0.094488,0.003731
TAGCCAGAGGGTCCGG-1,0.011323,0.44979,0.000015,0.000015,0.538815,0.000015,0.000015,0.000015
TAGCCATGATTGCCTA-1,0.00005,0.00015,0.024706,0.123517,0.078685,0.714489,0.058353,0.00005
TAGCCATTTCAAAGTC-1,0.006817,0.000125,0.004697,0.775568,0.042043,0.170666,0.000042,0.000042
TAGCCGGCGGTCAGCG-1,0.257804,0.608873,0.000008,0.020198,0.024909,0.033164,0.000293,0.054751
TAGCGTCCCTCGATTG-1,0.086262,0.030327,0.083675,0.594921,0.177059,0.027697,0.00003,0.00003
TAGCGTCCGGTGTGGT-1,0.02894,0.076389,0.042459,0.000019,0.026482,0.551559,0.000019,0.274133
TAGCGTTGGGTCTTAC-1,0.000065,0.000195,0.050469,0.736821,0.178656,0.033664,0.000065,0.000065
TAGCTAAGTCCGGGAG-1,0.120039,0.857272,0.008961,0.000011,0.013619,0.000011,0.000011,0.000075
TAGCTAGAAGGCATGA-1,0.000047,0.000142,0.318394,0.115148,0.044742,0.465119,0.05636,0.000047
TAGCTAGTGATGATGG-1,0.000049,0.000148,0.041105,0.091816,0.005109,0.861674,0.000049,0.000049
TAGCTCACTGTGTTTG-1,0.023637,0.028567,0.000037,0.070888,0.003797,0.797232,0.075804,0.000037
TAGCTCAGATCCTAGT-1,0.114483,0.562029,0.000019,0.012337,0.304829,0.000019,0.000019,0.006264
TAGCTCGCCTGATAAC-1,0.000041,0.000123,0.164951,0.113732,0.114074,0.606861,0.000177,0.000041
TAGCTGATGTGAAGCG-1,0.014252,0.004033,0.015009,0.522018,0.301052,0.143579,0.000029,0.000029
TAGGAACAGCCTCCAG-1,0.047679,0.039188,0.000046,0.234105,0.579672,0.000046,0.000046,0.099219
TAGGAGGCTCGAGAAC-1,0.06238,0.023111,0.0683,0.001794,0.03051,0.688295,0.001225,0.124385
TAGGATCTTAACCGCA-1,0.000026,0.000079,0.096404,0.000026,0.02449,0.851516,0.000026,0.027431
TAGGCATGTTACGCCA-1,0.010141,0.308741,0.000022,0.500841,0.180191,0.000022,0.000022,0.000022
TAGGCCTATATAGTCT-1,0.324714,0.020007,0.000029,0.016398,0.033411,0.581087,0.024326,0.000029
TAGGCGATGAGGTCTC-1,0.000141,0.000424,0.000141,0.151479,0.000283,0.521317,0.326073,0.000141
TAGGCGGCTGCAAAGA-1,0.00002,0.000059,0.00002,0.00002,0.000039,0.587632,0.412192,0.00002
TAGGCTAAAGTGGCAC-1,0.000026,0.02526,0.0572,0.001071,0.010492,0.80802,0.097906,0.000026
TAGGGAGCTTGGGATG-1,0.04282,0.375342,0.076834,0.37031,0.099097,0.000019,0.003033,0.032545
TAGGGTGTTTCAAGAG-1,0.020405,0.604291,0.000018,0.082208,0.282936,0.010106,0.000018,0.000018
TAGGTCCAAGTAAGGA-1,0.052809,0.421215,0.014068,0.134537,0.167886,0.000021,0.000021,0.209443
TAGGTCGCCGGAACTG-1,0.142708,0.6736,0.005639,0.027434,0.019071,0.020588,0.000009,0.110951
TAGGTGACGATAACCT-1,0.000028,0.000083,0.204671,0.000028,0.014317,0.583517,0.025497,0.171859
TAGGTGAGCCCTACTC-1,0.076173,0.353846,0.03395,0.30004,0.235919,0.000024,0.000024,0.000024
TAGGTGCTCGCCTAGC-1,0.192009,0.450633,0.001806,0.282515,0.05693,0.00002,0.010655,0.005432
TAGGTGTTCCACAGAT-1,0.000067,0.000202,0.000067,0.106152,0.000134,0.684841,0.208469,0.000067
TAGGTTCGAGTTCGTC-1,0.021432,0.299873,0.353282,0.025808,0.260885,0.000025,0.000025,0.03867
TAGGTTCTGCTGAGAA-1,0.043191,0.014989,0.041053,0.002457,0.021376,0.804677,0.070581,0.001676
TAGTACCACAACTTTC-1,0.000024,0.000072,0.058994,0.000024,0.000048,0.388633,0.534742,0.017463
TAGTACCTTAGTGGTC-1,0.000041,0.012192,0.008074,0.162562,0.785013,0.000041,0.032036,0.000041
TAGTAGCTTATACCAG-1,0.000039,0.012496,0.107946,0.045098,0.002131,0.544997,0.274035,0.013259
TAGTAGTTGCCGGACA-1,0.005037,0.002904,0.000034,0.000034,0.012086,0.97984,0.000034,0.000034
TAGTCCCGGAGACCAC-1,0.153579,0.00887,0.000012,0.000012,0.000025,0.606605,0.047076,0.183821
TAGTCCGCAGAGAATG-1,0.061198,0.270096,0.129661,0.180557,0.135317,0.000025,0.000025,0.223121
TAGTCCGTATGCATAA-1,0.027631,0.151334,0.000025,0.110404,0.609322,0.000025,0.009371,0.091887
TAGTCCTGCACTAAGC-1,0.000022,0.000066,0.000022,0.000022,0.000044,0.626747,0.37281,0.000266
TAGTCGATCACGGGTT-1,0.225819,0.017293,0.153036,0.215256,0.170794,0.104252,0.113506,0.000044
TAGTCGGGATTCTTCG-1,0.007146,0.473812,0.000021,0.000021,0.489399,0.028171,0.000021,0.001408
TAGTCTAACAACGAGA-1,0.098947,0.252249,0.138117,0.271842,0.133658,0.008214,0.032966,0.064007
TAGTCTGCGGCACATT-1,0.00002,0.000061,0.00002,0.00002,0.000041,0.784209,0.138955,0.076672
TAGTCTGTGACGTTGC-1,0.053059,0.821503,0.034311,0.000008,0.080728,0.005962,0.000008,0.00442
TAGTCTTTCCGAATTG-1,0.649234,0.112044,0.000017,0.038135,0.091265,0.000017,0.09107,0.018219
TAGTGACAAGCTCTAC-1,0.066134,0.025337,0.039581,0.000032,0.098365,0.770484,0.000032,0.000032
TAGTGAGAAGTGGTTG-1,0.07446,0.13258,0.000028,0.00926,0.783589,0.000028,0.000028,0.000028
TAGTGCCCTCCAGAGT-1,0.1389,0.475751,0.106233,0.125619,0.101298,0.049268,0.000017,0.002914
TAGTGCTTGAATCCTT-1,0.01534,0.153134,0.005133,0.113803,0.626254,0.000023,0.016179,0.070135
TAGTGGAACTCATACA-1,0.000107,0.000322,0.000107,0.455774,0.488437,0.000107,0.028954,0.026193
TAGTGTCAGAAACGGC-1,0.000029,0.143824,0.007337,0.000029,0.829335,0.01939,0.000029,0.000029
TAGTTAAGATAGGATA-1,0.00007,0.000209,0.022332,0.311521,0.51323,0.00007,0.003236,0.149333
TAGTTTATTCTTGCTT-1,0.001709,0.308462,0.016757,0.156795,0.479174,0.035748,0.000046,0.001309
TATAAATCCACAAGCT-1,0.005578,0.909814,0.000013,0.002687,0.081869,0.000013,0.000013,0.000013
TATAAGTGAGGATAGC-1,0.000063,0.000189,0.039931,0.487244,0.472385,0.000063,0.000063,0.000063
TATACACAGACGCCTT-1,0.000031,0.000093,0.127986,0.000031,0.065652,0.806146,0.000031,0.000031
TATACACGCAAAGTAT-1,0.097845,0.366742,0.145219,0.07781,0.225635,0.000058,0.020425,0.066265
TATACCGAGTGCCACA-1,0.00003,0.089278,0.256086,0.148595,0.122709,0.383243,0.00003,0.00003
TATACGCGTCATCACT-1,0.05275,0.113725,0.057618,0.174259,0.171305,0.3248,0.105472,0.000071
TATACTCATGCGGCAA-1,0.000025,0.396089,0.003721,0.030937,0.569153,0.000025,0.000025,0.000025
TATAGAGTCGCTTGAA-1,0.000368,0.001104,0.000368,0.117115,0.000736,0.360053,0.519888,0.000368
TATAGATGGTCGCAGT-1,0.157676,0.328447,0.214754,0.021946,0.004198,0.000019,0.000019,0.272942
TATAGCGCACGTTATC-1,0.000042,0.000125,0.070088,0.54672,0.004373,0.358173,0.020439,0.000042
TATAGGGTACTCATGA-1,0.05286,0.097639,0.047661,0.491985,0.291653,0.00004,0.004825,0.013338
TATAGTTAGGTGTACT-1,0.000041,0.000122,0.048138,0.096484,0.017654,0.731149,0.106372,0.000041
TATATAGGGCTTTACG-1,0.027647,0.043212,0.008293,0.116652,0.009724,0.701201,0.093254,0.000018
TATATATCGAGAAATG-1,0.000029,0.000087,0.061914,0.12891,0.000058,0.694944,0.11403,0.000029
TATATCAAAGTGATCT-1,0.000026,0.000077,0.000026,0.000026,0.000051,0.575263,0.364567,0.059966
TATATCATTGATCAGT-1,0.054586,0.732691,0.019144,0.01003,0.151857,0.000009,0.000009,0.031674
TATATCCCTGGGAGGA-1,0.106207,0.262989,0.189673,0.218634,0.164404,0.000024,0.000024,0.058046
TATATGCTGGGTTGCC-1,0.021861,0.682075,0.011813,0.002101,0.24887,0.03326,0.00001,0.00001
TATATTACAAATGTCG-1,0.092927,0.572962,0.001377,0.050098,0.277031,0.005573,0.000017,0.000017
TATATTCGCGTCGATA-1,0.066965,0.062357,0.000036,0.003264,0.840834,0.00488,0.000036,0.021627
TATCAAAGGTCTGTAA-1,0.047379,0.239361,0.067492,0.172061,0.266066,0.166685,0.014641,0.026315
TATCACAGCACGGGCA-1,0.000028,0.008443,0.00006,0.068761,0.847912,0.000028,0.000028,0.074742
TATCACCATGTAAAGT-1,0.000162,0.193994,0.046006,0.038832,0.720767,0.000154,0.000042,0.000042
TATCACCCAACCGACC-1,0.021324,0.9218,0.000008,0.032811,0.024032,0.000008,0.000008,0.000008
TATCACTTCGAGTAAC-1,0.002361,0.1488,0.00072,0.363426,0.484617,0.000025,0.000025,0.000025
TATCAGTGGCGTAGTC-1,0.000048,0.000143,0.043421,0.11693,0.020889,0.515949,0.302573,0.000048
TATCCAATTGGTTATC-1,0.000076,0.105184,0.055066,0.041954,0.005632,0.536858,0.225091,0.030139
TATCCATATCATGCGA-1,0.000049,0.060787,0.04609,0.104518,0.788409,0.000049,0.000049,0.000049
TATCCATCTCGGTTAG-1,0.000038,0.000114,0.198437,0.000038,0.018652,0.723071,0.05586,0.003791
TATCCCTCGATCTGCA-1,0.000034,0.000103,0.000034,0.000034,0.000068,0.991817,0.007876,0.000034
TATCCGCACCGTCGGG-1,0.000034,0.000102,0.035183,0.101147,0.055241,0.798277,0.009982,0.000034
TATCCTATCAACTGGT-1,0.000023,0.000069,0.041551,0.008989,0.000046,0.765463,0.183836,0.000023
TATCCTGCATGGGAAT-1,0.000038,0.20344,0.027013,0.151195,0.618199,0.000038,0.000038,0.000038
TATCGATCTATGCATA-1,0.000025,0.083635,0.096128,0.573865,0.24627,0.000025,0.000025,0.000025
TATCGATGATTAAACG-1,0.033512,0.543513,0.028697,0.076505,0.299074,0.010332,0.000022,0.008345
TATCTACAGAGGTAAT-1,0.076648,0.345869,0.000036,0.372001,0.205337,0.000036,0.000036,0.000036
TATCTACCACAGCGGG-1,0.136976,0.376081,0.127727,0.253916,0.055063,0.000038,0.040198,0.010001
TATCTAGCCTAAAGGA-1,0.048784,0.202671,0.067573,0.447248,0.221871,0.011819,0.000016,0.000016
TATCTGAGCCGATATT-1,0.000024,0.038704,0.000024,0.000024,0.057449,0.304217,0.592568,0.00699
TATCTTGCAATACAAC-1,0.000033,0.0001,0.000033,0.000033,0.000067,0.387425,0.612275,0.000033
TATGAAGAATTAAGGT-1,0.000022,0.000067,0.007869,0.068994,0.020814,0.893959,0.008252,0.000022
TATGAAGACAGGTGCG-1,0.059569,0.309486,0.000026,0.374623,0.217121,0.034826,0.000026,0.004322
TATGATAAATCTAACG-1,0.000049,0.120038,0.016506,0.157168,0.692356,0.000049,0.000049,0.013784
TATGATCCGGCACGCC-1,0.000541,0.303335,0.001605,0.402377,0.278344,0.011486,0.002296,0.000016
TATGATCTTCTCTTTA-1,0.06026,0.19865,0.102443,0.077739,0.000331,0.151152,0.175715,0.23371
TATGATTCTGCTTGGT-1,0.000034,0.20389,0.000544,0.000034,0.795398,0.000034,0.000034,0.000034
TATGCTCCCTACTTAC-1,0.037948,0.401111,0.000031,0.116884,0.000062,0.000031,0.001073,0.442861
TATGGAGTTTCTCGTT-1,0.000055,0.000717,0.000055,0.081561,0.897296,0.000055,0.020206,0.000055
TATGGATGTGCTACGC-1,0.000967,0.106327,0.100481,0.478458,0.27933,0.03438,0.000029,0.000029
TATGGCAGACTTTCGA-1,0.033502,0.258647,0.076058,0.000056,0.602533,0.028308,0.000839,0.000056
TATGGCCCGGCCTCGC-1,0.000037,0.000255,0.012823,0.751706,0.139293,0.095813,0.000037,0.000037
TATGGCTAGGCTAATT-1,0.019705,0.581851,0.069266,0.190243,0.126297,0.000015,0.000015,0.012608
TATGGGACCGAGCAGG-1,0.008253,0.150966,0.001857,0.466948,0.018799,0.000024,0.000024,0.353129
TATGGGTACGTATCGT-1,0.001258,0.475562,0.157737,0.27908,0.086282,0.000027,0.000027,0.000027
TATGGTCTGAGTAACA-1,0.065713,0.273959,0.235586,0.24421,0.17135,0.005756,0.000025,0.003401
TATGGTTAGTGGGAGA-1,0.06719,0.121601,0.016792,0.603188,0.182846,0.000026,0.008332,0.000026
TATGTAAAGTGCTTAA-1,0.003141,0.062202,0.022644,0.047349,0.00764,0.626575,0.230418,0.000031
TATGTAGAAACCCGGC-1,0.00002,0.00006,0.007247,0.00002,0.005241,0.529591,0.451069,0.006752
TATGTCAAGACCGACT-1,0.00003,0.224412,0.166599,0.402621,0.206249,0.00003,0.00003,0.00003
TATGTCTCATTGTGCC-1,0.116524,0.341914,0.018939,0.221866,0.139933,0.08147,0.000019,0.079336
TATTAACACCAAAGCA-1,0.000033,0.000098,0.000033,0.000033,0.000066,0.3447,0.560645,0.094393
TATTAACCTGACCGCG-1,0.048002,0.000156,0.246977,0.000052,0.031837,0.654759,0.018166,0.000052
TATTACCATCCTGCTT-1,0.000026,0.041296,0.433646,0.196608,0.263994,0.000026,0.006796,0.057607
TATTATGTTTGCCTGC-1,0.059143,0.201727,0.098963,0.090846,0.146023,0.212601,0.190618,0.000078
TATTCAATTCTAATCC-1,0.000047,0.00586,0.067587,0.665499,0.233184,0.027729,0.000047,0.000047
TATTCCACTCAGCTCG-1,0.469579,0.008342,0.135476,0.000031,0.093271,0.266927,0.020934,0.005439
TATTCCGAGCTGTTAT-1,0.000056,0.000169,0.121115,0.094713,0.000113,0.650609,0.133167,0.000056
TATTCCGGCAGTCCTA-1,0.000056,0.000167,0.000056,0.24744,0.719484,0.000056,0.024486,0.008257
TATTCCTCCGCCCACT-1,0.021216,0.042067,0.343011,0.000025,0.110431,0.154295,0.010115,0.31884
TATTCGTGCCAGAATA-1,0.02982,0.021393,0.39035,0.451186,0.035077,0.072078,0.000048,0.000048
TATTGACATTTCTGCC-1,0.020007,0.06591,0.03789,0.614711,0.253022,0.008412,0.000023,0.000023
TATTGCCGGGCTTGTA-1,0.007957,0.006652,0.000015,0.000015,0.015121,0.963108,0.000015,0.007116
TATTTAGTCTAGATCG-1,0.001642,0.408834,0.017029,0.101294,0.471098,0.000034,0.000034,0.000034
TATTTATACCGAGTAG-1,0.003805,0.746361,0.000026,0.034469,0.191504,0.000026,0.000026,0.023782
TATTTGATTTGCACAG-1,0.000052,0.000155,0.334225,0.023235,0.044179,0.226835,0.371268,0.000052
TATTTGTTACCCTTTA-1,0.003918,0.783354,0.000012,0.009129,0.028995,0.000012,0.000015,0.174565
TCAAACAACCGCGTCG-1,0.008102,0.639972,0.09149,0.065766,0.160927,0.000016,0.000016,0.033713
TCAAACAATTAGGACA-1,0.049298,0.27394,0.069662,0.087424,0.449915,0.03026,0.000022,0.039479
TCAAACTTAGATTGTT-1,0.039773,0.722009,0.008264,0.098178,0.066399,0.000015,0.019085,0.046277
TCAAAGAGCTATCTGT-1,0.004993,0.028172,0.118914,0.149247,0.072512,0.458905,0.159067,0.008191
TCAAAGTCACGGCGTC-1,0.000015,0.007965,0.113429,0.000015,0.016472,0.391551,0.005211,0.465341
TCAAATTATGTTCGAC-1,0.050095,0.032659,0.019295,0.083317,0.02093,0.79165,0.000028,0.002026
TCAAATTGTTGTGCCG-1,0.000028,0.015985,0.001259,0.033589,0.053861,0.835812,0.059439,0.000028
TCAAATTTGAGACTCA-1,0.000058,0.000173,0.000058,0.000058,0.000115,0.63398,0.365501,0.000058
TCAACAAAGATAATTC-1,0.00331,0.000084,0.336897,0.000028,0.000733,0.489406,0.168908,0.000634
TCAACACATTGGGTAA-1,0.000034,0.228974,0.000034,0.031285,0.739571,0.000034,0.000034,0.000034
TCAACATAGCGCCCTA-1,0.218153,0.057547,0.012595,0.065059,0.016051,0.249015,0.274818,0.106762
TCAACATCGACCGAGA-1,0.000033,0.0001,0.102929,0.447222,0.278381,0.171269,0.000033,0.000033
TCAACCATGTTCGGGC-1,0.095474,0.850835,0.000012,0.000012,0.016222,0.000012,0.000012,0.037422
TCAACGAGGAGACAAA-1,0.013199,0.000119,0.217181,0.591559,0.00987,0.167576,0.000456,0.00004
TCAACGCAGGAAATAA-1,0.054276,0.031106,0.336318,0.049205,0.096221,0.323264,0.062938,0.046672
TCAACGCGACCGGCAG-1,0.257379,0.556762,0.033824,0.055753,0.063067,0.000014,0.000014,0.033188
TCAACTAACGTATAAC-1,0.068603,0.242194,0.073861,0.439515,0.113757,0.000469,0.027241,0.034359
TCAACTGCAGAGTCAG-1,0.082239,0.029943,0.289288,0.000259,0.105552,0.329716,0.160656,0.002345
TCAAGAAATACTAGCT-1,0.109884,0.584945,0.000012,0.15866,0.102077,0.03709,0.005185,0.002148
TCAAGCGCGGACGGTA-1,0.000025,0.000075,0.048673,0.002641,0.091293,0.855214,0.002054,0.000025
TCAAGCTGCCTTGAAA-1,0.182687,0.179753,0.005562,0.348435,0.222463,0.034908,0.019984,0.006209
TCAAGGTTACTACACC-1,0.140653,0.004482,0.226889,0.440967,0.000132,0.002486,0.184325,0.000066
TCAATACGCCGTCATG-1,0.054794,0.04864,0.00004,0.03586,0.125404,0.447587,0.2776,0.010074
TCAATATACAGGAGGC-1,0.021336,0.00007,0.004853,0.002353,0.042811,0.92853,0.000023,0.000023
TCAATCCCGCGCCAAA-1,0.034447,0.015972,0.000024,0.000024,0.005206,0.94428,0.000024,0.000024
TCAATCCGGGAAGTTT-1,0.036515,0.000066,0.03152,0.000022,0.03062,0.846471,0.021264,0.033522
TCACAAACCGAGGTAC-1,0.000049,0.000147,0.000049,0.000049,0.000098,0.391042,0.5982,0.010367
TCACAGATCCTCAAAC-1,0.004576,0.07317,0.002108,0.030866,0.878784,0.010438,0.000029,0.000029
TCACAGCAAACTCGAA-1,0.000069,0.004068,0.000282,0.219165,0.000138,0.68255,0.09366,0.000069
TCACAGGAGAATAAGA-1,0.451281,0.027564,0.001306,0.074452,0.004708,0.358896,0.081761,0.000031
TCACAGGGAATCGCAA-1,0.0086,0.039479,0.576025,0.000036,0.029194,0.318761,0.020887,0.007019
TCACAGGTTATTGGGC-1,0.230227,0.433865,0.00002,0.26372,0.004827,0.00002,0.012804,0.054516
TCACATCTTATCTGAT-1,0.026001,0.23885,0.003942,0.30374,0.417734,0.009675,0.000029,0.000029
TCACCCTCTTAAGATT-1,0.050547,0.0002,0.110284,0.362391,0.000133,0.476312,0.000067,0.000067
TCACCGCTCGGCACTC-1,0.13404,0.784488,0.000011,0.020809,0.054594,0.000011,0.000011,0.006036
TCACGATGTCCGTGGA-1,0.000032,0.000096,0.319653,0.000032,0.000247,0.474505,0.146523,0.058911
TCACGCATTGTAGATC-1,0.245715,0.275775,0.03417,0.220773,0.207816,0.000026,0.000026,0.0157
TCACGGCCCAAGAGAG-1,0.001917,0.019953,0.00003,0.104728,0.009862,0.764686,0.098793,0.00003
TCACGGTCATCGCACA-1,0.028839,0.68967,0.043171,0.036676,0.17157,0.000019,0.000019,0.030037
TCACGTGCCCGATTCA-1,0.151815,0.240762,0.224977,0.067904,0.090419,0.160422,0.000016,0.063685
TCACTACGACCAATGC-1,0.078076,0.461773,0.01194,0.078348,0.369797,0.000022,0.000022,0.000022
TCACTATCCCTTCGGT-1,0.026527,0.000033,0.027198,0.000011,0.01747,0.919567,0.000011,0.009183
TCACTATCGTGCAATC-1,0.003062,0.203364,0.000036,0.000036,0.700201,0.000036,0.002352,0.090912
TCACTCAGCGCATTAG-1,0.000055,0.000164,0.236689,0.003672,0.759255,0.000055,0.000055,0.000055
TCACTCGTGCAACGGC-1,0.099822,0.407892,0.024183,0.055436,0.372662,0.039959,0.000023,0.000023
TCACTCTTCGTCTGTC-1,0.020727,0.130826,0.000025,0.077169,0.724357,0.046847,0.000025,0.000025
TCAGAACCTCCACAGG-1,0.187934,0.476031,0.006677,0.152542,0.150532,0.026259,0.000012,0.000012
TCAGAACGGCGGTAAT-1,0.022342,0.001122,0.013373,0.000019,0.017496,0.941451,0.004177,0.000019
TCAGACGCTATAGAAG-1,0.17222,0.218831,0.093289,0.058576,0.377598,0.074677,0.000029,0.004779
TCAGAGCATGTCAACG-1,0.011279,0.037612,0.037207,0.124994,0.10376,0.629873,0.055248,0.000027
TCAGAGGACGCGTTAG-1,0.003162,0.000048,0.101556,0.000016,0.084768,0.719255,0.000016,0.091179
TCAGAGTGTGAGCATG-1,0.165883,0.0822,0.000022,0.000022,0.01904,0.526648,0.088497,0.117689
TCAGATGGAGACGTAG-1,0.028663,0.695458,0.000014,0.016644,0.259179,0.000014,0.000014,0.000014
TCAGCAAATGCATCTC-1,0.122658,0.379338,0.066597,0.25027,0.161341,0.015044,0.004733,0.000018
TCAGCAGTAGGCCCTG-1,0.000043,0.00013,0.063902,0.110949,0.008913,0.81088,0.005141,0.000043
TCAGCCAATCCGTAAA-1,0.09572,0.009907,0.085471,0.000523,0.040082,0.703514,0.064759,0.000023
TCAGCGCACGCCGTTT-1,0.000027,0.00008,0.000027,0.000027,0.000053,0.926947,0.068994,0.003845
TCAGGGCGCAAACTCG-1,0.02118,0.446822,0.000016,0.041673,0.466183,0.024093,0.000016,0.000016
TCAGGGTGCACGAAAC-1,0.008812,0.273102,0.042976,0.07782,0.597171,0.000039,0.000039,0.000039
TCAGGGTGTAACGTAA-1,0.177152,0.446529,0.00002,0.299339,0.042201,0.00002,0.008575,0.026165
TCAGGTTCTTTGAGAA-1,0.000029,0.262772,0.087077,0.196695,0.326323,0.0315,0.008633,0.086971
TCAGTACTGACCCGCG-1,0.014208,0.342564,0.157689,0.072137,0.405613,0.000021,0.000021,0.007747
TCAGTAGGGACTATAA-1,0.00005,0.00015,0.396738,0.111074,0.119798,0.37209,0.00005,0.00005
TCAGTGTATACGTCAT-1,0.000048,0.000144,0.347619,0.000048,0.01575,0.575598,0.005173,0.05562
TCAGTTACGGAATGAT-1,0.000064,0.000191,0.005574,0.10955,0.88443,0.000064,0.000064,0.000064
TCATAAGTCCAAGAAG-1,0.000032,0.000095,0.000032,0.000032,0.000063,0.375935,0.593994,0.029818
TCATACTTACAGATCC-1,0.007526,0.652416,0.007394,0.000508,0.303883,0.000015,0.000015,0.028243
TCATATGAGCTTTGTT-1,0.000062,0.000187,0.032299,0.111705,0.0409,0.814354,0.00043,0.000062
TCATCACTCGAGCTCG-1,0.05223,0.402274,0.000038,0.154001,0.349077,0.000038,0.014898,0.027443
TCATCCATCTGATCAC-1,0.000025,0.000075,0.172666,0.000025,0.08234,0.594237,0.131891,0.018741
TCATCCCAGAGGGTGG-1,0.000088,0.525725,0.078554,0.149039,0.241197,0.000088,0.000088,0.00522
TCATCCTCAGCTGCTT-1,0.018111,0.025621,0.095702,0.000021,0.036601,0.823903,0.000021,0.000021
TCATCGACGACCGTCG-1,0.000027,0.000082,0.000028,0.011404,0.057019,0.915563,0.01585,0.000027
TCATCGATGGTCCCAA-1,0.000044,0.000132,0.237304,0.03773,0.096868,0.605997,0.021879,0.000044
TCATGAAGCGCTGCAT-1,0.000027,0.000081,0.000027,0.106538,0.011196,0.805117,0.076987,0.000027
TCATGCAGGTTCTCAT-1,0.042778,0.659011,0.036878,0.000014,0.204103,0.000014,0.000014,0.057187
TCATGGAGGCCTTTGT-1,0.01542,0.001346,0.000034,0.040166,0.038126,0.90484,0.000034,0.000034
TCATTCGTATAATTTG-1,0.068353,0.120535,0.057541,0.180262,0.546424,0.000063,0.000063,0.026759
TCATTTAAGTCTCCGA-1,0.020382,0.217942,0.228553,0.197879,0.267172,0.015201,0.000024,0.052848
TCATTTAGAAGTGTGA-1,0.000045,0.000135,0.013313,0.196926,0.085147,0.667501,0.036889,0.000045
TCCAACTCAGCTATCT-1,0.00002,0.000061,0.004619,0.072334,0.001242,0.858205,0.061699,0.001821
TCCAACTTTAAATTCT-1,0.007384,0.002755,0.047189,0.726434,0.202457,0.00004,0.013701,0.00004
TCCAAGCCTAGACACA-1,0.000032,0.000097,0.310459,0.000032,0.009989,0.529697,0.081753,0.067939
TCCAATAAAGGCTACC-1,0.000029,0.003653,0.139464,0.000029,0.000057,0.662411,0.165755,0.028602
TCCACAATGGTTTACG-1,0.016284,0.230656,0.266675,0.338603,0.095035,0.000036,0.004901,0.04781
TCCACATCGTATATTG-1,0.000025,0.000698,0.105879,0.000025,0.060725,0.832596,0.000025,0.000025
TCCACCAAGACATAGG-1,0.009918,0.002213,0.013024,0.000013,0.012635,0.806648,0.018097,0.137453
TCCACCTCTAGCCTTT-1,0.00005,0.000149,0.252626,0.00005,0.000099,0.570778,0.176199,0.00005
TCCACTTTATCTAGGT-1,0.114978,0.696864,0.030602,0.019087,0.087181,0.000015,0.010512,0.040761
TCCAGAGCACCGGTTC-1,0.000052,0.000157,0.030802,0.733152,0.000783,0.011101,0.034077,0.189874
TCCAGATGTACGCCAA-1,0.008971,0.310596,0.059837,0.38715,0.225377,0.000021,0.008027,0.000021
TCCAGCGCTATAAGCG-1,0.274706,0.066196,0.019882,0.035835,0.008698,0.435456,0.001321,0.157906
TCCAGGCAGGACGATC-1,0.000015,0.000045,0.072258,0.000015,0.000514,0.600198,0.001055,0.3259
TCCAGGCGAGTACGGT-1,0.021363,0.343414,0.001145,0.488003,0.000928,0.000045,0.067051,0.07805
TCCAGGGTATATACGA-1,0.075539,0.000113,0.000038,0.000038,0.000075,0.354607,0.510323,0.059267
TCCATCAATACTAATC-1,0.000026,0.000079,0.000026,0.007841,0.000053,0.516946,0.475002,0.000026
TCCATTAGTTGGATAG-1,0.000059,0.001383,0.000059,0.029201,0.969122,0.000059,0.000059,0.000059
TCCATTCCCACTAGAG-1,0.086227,0.44696,0.000011,0.067771,0.238975,0.000011,0.004614,0.15543
TCCATTGTGACCTCGT-1,0.000076,0.000228,0.000076,0.239845,0.759547,0.000076,0.000076,0.000076
TCCCAAACAGACAACG-1,0.007359,0.472715,0.199919,0.000013,0.287653,0.000974,0.000013,0.031356
TCCCAAACATCCTCTA-1,0.000017,0.00005,0.000017,0.000017,0.000033,0.838773,0.064398,0.096696
TCCCAAAGACGAAGGA-1,0.185846,0.42728,0.000016,0.176104,0.00129,0.000016,0.028399,0.18105
TCCCAAAGCCCTAAAT-1,0.028868,0.164421,0.24078,0.214042,0.050911,0.017724,0.000654,0.2826
TCCCAATATCGACGAC-1,0.000142,0.033374,0.000031,0.015967,0.000062,0.950361,0.000031,0.000031
TCCCACGGAGGGAGCT-1,0.000054,0.000162,0.206636,0.270992,0.279601,0.242447,0.000054,0.000054
TCCCACTCTCTTCCGG-1,0.400159,0.373482,0.00204,0.126413,0.046342,0.030815,0.012644,0.008106
TCCCAGCACACGACAT-1,0.284079,0.011549,0.00101,0.110091,0.094563,0.323148,0.175533,0.000027
TCCCAGCTTTAGTCTG-1,0.000051,0.000152,0.079819,0.644772,0.137777,0.000051,0.041347,0.096032
TCCCAGGCTTAGCTAA-1,0.000921,0.253074,0.401268,0.222673,0.066722,0.000035,0.000035,0.055272
TCCCGCCTATGTGCGT-1,0.157286,0.374013,0.000014,0.283683,0.184963,0.000014,0.000014,0.000014
TCCCGCGTACTCCTGG-1,0.011049,0.246272,0.011852,0.479642,0.219119,0.000029,0.032008,0.000029
TCCCGGGTGTGCTGCT-1,0.0006,0.004492,0.003761,0.929584,0.061457,0.000035,0.000035,0.000035
TCCCGGTCAGGAATTT-1,0.000045,0.071374,0.000045,0.102579,0.806712,0.000045,0.019155,0.000045
TCCCGTCAGTCCCGCA-1,0.000025,0.241608,0.029181,0.606006,0.123105,0.000025,0.000025,0.000025
TCCCGTCGCGTCATAG-1,0.272617,0.407845,0.038405,0.012619,0.146204,0.080738,0.000011,0.041562
TCCCGTGTGCAATTTG-1,0.056655,0.126469,0.001077,0.340365,0.010989,0.059177,0.231907,0.173361
TCCCTAGATCAATAGG-1,0.000472,0.088064,0.012263,0.702249,0.128848,0.068047,0.000029,0.000029
TCCCTCCGAAATCGTT-1,0.000038,0.128347,0.038519,0.000038,0.709867,0.000038,0.049681,0.073474
TCCCTCTTCTCAAGGG-1,0.000051,0.000152,0.003193,0.000051,0.000102,0.591943,0.404457,0.000051
TCCCTGGCGTATTAAC-1,0.001365,0.101599,0.001088,0.194278,0.221598,0.358282,0.064426,0.057363
TCCCTGGCTCGCTGGA-1,0.000067,0.035046,0.113224,0.792311,0.000133,0.059085,0.000067,0.000067
TCCCTTAGATTACTCG-1,0.020509,0.606886,0.02381,0.030139,0.261092,0.000023,0.021829,0.035713
TCCCTTGTCTGAAACT-1,0.000032,0.000097,0.000032,0.000032,0.000065,0.499337,0.406843,0.093561
TCCGAACGTTGCCGCT-1,0.118757,0.010044,0.233018,0.000018,0.050255,0.131251,0.007109,0.449549
TCCGAACTTGGCTTAC-1,0.000051,0.000363,0.042272,0.681434,0.194017,0.000051,0.081761,0.000051
TCCGAAGTAGTCACCA-1,0.018686,0.403699,0.00003,0.160381,0.417115,0.00003,0.00003,0.00003
TCCGAATGGTCCTGAG-1,0.000694,0.159897,0.377867,0.240309,0.020879,0.000023,0.013642,0.186689
TCCGACCGCTAATCAA-1,0.000022,0.000067,0.000022,0.000022,0.00886,0.619554,0.343375,0.028077
TCCGAGAAGGCTAAGC-1,0.000022,0.269303,0.000022,0.000022,0.719541,0.000022,0.000022,0.011046
TCCGATAATTGCCATA-1,0.000022,0.529714,0.030359,0.091447,0.257895,0.000022,0.000022,0.090518
TCCGATGACTGAGCTC-1,0.055299,0.4448,0.081826,0.197336,0.0644,0.011944,0.035589,0.108806
TCCGATGGTGCGACAT-1,0.050965,0.42001,0.05274,0.25077,0.214215,0.000028,0.000028,0.011244
TCCGATTACATTGCCG-1,0.028632,0.41933,0.061247,0.41634,0.001741,0.000045,0.002904,0.069761
TCCGCAGCCACCTAGC-1,0.00003,0.005996,0.005351,0.157467,0.791084,0.007378,0.032597,0.000097
TCCGCCTGTCTACAAG-1,0.044798,0.005642,0.000041,0.044915,0.136013,0.768508,0.000041,0.000041
TCCGCGGCAGCATCTG-1,0.224634,0.468144,0.022492,0.09464,0.117053,0.054079,0.017101,0.001857
TCCGCGGCCCAATGAA-1,0.00003,0.00009,0.152257,0.097153,0.008418,0.604072,0.13795,0.00003
TCCGCTGTCATCCCGG-1,0.08508,0.000096,0.267571,0.019694,0.050821,0.456467,0.015146,0.105126
TCCGCTTATCCCATTA-1,0.000075,0.000226,0.053353,0.161739,0.000151,0.569725,0.214654,0.000075
TCCGGAGGAAGGGCTG-1,0.116364,0.324115,0.003622,0.079311,0.476525,0.000022,0.000022,0.000022
TCCGGCCTAGCGTACA-1,0.061663,0.610538,0.042123,0.049493,0.236148,0.000012,0.000012,0.000012
TCCGGCCTGCATCGAT-1,0.000092,0.000276,0.310528,0.247828,0.294498,0.000092,0.146595,0.000092
TCCGGCTGTCGGGTCG-1,0.474376,0.031672,0.009237,0.07776,0.046862,0.140089,0.21998,0.000024
TCCGGGCCACTAACGG-1,0.0484,0.000066,0.000022,0.000022,0.000044,0.951403,0.000022,0.000022
TCCGGGCTTGACGGGA-1,0.009443,0.006172,0.031013,0.000016,0.014229,0.789182,0.017006,0.132939
TCCGGTTCGTCCGGTC-1,0.000043,0.000128,0.110354,0.007797,0.127334,0.754259,0.000043,0.000043
TCCGTAACCACAATCC-1,0.047302,0.536411,0.070683,0.02231,0.299578,0.014238,0.000014,0.009464
TCCGTTAAGCTAATAT-1,0.164538,0.024824,0.000017,0.002554,0.000035,0.800942,0.000017,0.007073
TCCGTTTAGCCTTGAA-1,0.232078,0.511503,0.000011,0.027886,0.097322,0.033616,0.053105,0.044478
TCCTAAAGATTCAGAC-1,0.00003,0.00009,0.00003,0.039218,0.00006,0.785615,0.174928,0.00003
TCCTAAATTGGGAAGC-1,0.000047,0.00014,0.22196,0.000727,0.023889,0.574276,0.178915,0.000047
TCCTAACCGTCGGGCA-1,0.000049,0.000148,0.000049,0.000049,0.000098,0.294353,0.705204,0.000049
TCCTACATCCACGGCC-1,0.557054,0.211131,0.088024,0.034498,0.018845,0.001982,0.065364,0.023103
TCCTAGCAAAGAAGCT-1,0.095719,0.020386,0.000035,0.664337,0.00708,0.000035,0.092758,0.119651
TCCTATCATAGGTAAC-1,0.150597,0.213906,0.036183,0.003409,0.104368,0.004851,0.029953,0.456733
TCCTCCTAAGACATTC-1,0.079719,0.055885,0.290961,0.000025,0.092301,0.243847,0.117563,0.1197
TCCTCGGGCTGGGCTT-1,0.064782,0.053404,0.00005,0.43259,0.000101,0.00005,0.155001,0.294022
TCCTCTACGAGATGGC-1,0.058047,0.745142,0.000658,0.122115,0.035092,0.00002,0.038906,0.00002
TCCTCTCCAGTTGTCC-1,0.000038,0.019818,0.001201,0.490789,0.388115,0.019805,0.080196,0.000038
TCCTCTGGCCCATTAG-1,0.000059,0.231172,0.000059,0.164798,0.554673,0.000059,0.008956,0.040225
TCCTGCAGCCGCCAAT-1,0.015039,0.000084,0.000028,0.000028,0.000056,0.984709,0.000028,0.000028
TCCTGCCAACTGGAGA-1,0.010524,0.718346,0.000025,0.007647,0.24264,0.000025,0.000025,0.020768
TCCTGCGTTGATACTC-1,0.020545,0.171131,0.097891,0.32758,0.30325,0.0758,0.000023,0.003781
TCCTGGCGCTGCCTGG-1,0.057482,0.649992,0.00002,0.005754,0.24603,0.00002,0.004213,0.036489
TCCTTACGACGGTCCG-1,0.173579,0.04174,0.179202,0.155389,0.212616,0.237395,0.000039,0.000039
TCCTTCAATCCCTACG-1,0.015218,0.572453,0.091878,0.118946,0.088432,0.110653,0.001511,0.000909
TCCTTCAGTGGTCGAA-1,0.042157,0.377959,0.000033,0.127084,0.452667,0.000033,0.000033,0.000033
TCCTTGTCCTTTAATT-1,0.113968,0.010567,0.00024,0.000036,0.013695,0.861462,0.000016,0.000016
TCCTTTAAATCCGCTT-1,0.000066,0.000199,0.000066,0.000066,0.000133,0.792529,0.206874,0.000066
TCCTTTCTTACGCTTA-1,0.029517,0.136926,0.013922,0.630259,0.130526,0.000045,0.021883,0.036922
TCGAAATTTAGGACCA-1,0.119804,0.745131,0.042981,0.000011,0.06189,0.000011,0.000011,0.030162
TCGAAGAACCGAGCAC-1,0.030147,0.074677,0.317119,0.185171,0.000075,0.132138,0.077271,0.183401
TCGAATATCCCGCAGG-1,0.00002,0.001237,0.254551,0.00002,0.029638,0.667765,0.00002,0.046749
TCGAATCGCAGGGTAG-1,0.000054,0.000162,0.105232,0.000054,0.037501,0.688087,0.168856,0.000054
TCGACAACTGAACCCG-1,0.000133,0.254175,0.111423,0.105716,0.000265,0.255053,0.147551,0.125683
TCGACATAGCGTAGCG-1,0.00003,0.000089,0.00003,0.00003,0.000059,0.771608,0.228125,0.00003
TCGACTGACGATGGCT-1,0.000024,0.000073,0.000024,0.000024,0.040323,0.959482,0.000024,0.000024
TCGAGACCAACACCGT-1,0.034599,0.156344,0.066084,0.526862,0.176168,0.039695,0.000218,0.00003
TCGAGCCAGGCAGGCC-1,0.048454,0.027677,0.310228,0.000745,0.000847,0.400418,0.211603,0.000028
TCGAGGGCAACAGACG-1,0.449716,0.019502,0.11287,0.000024,0.045209,0.372632,0.000024,0.000024
TCGATAGGCTAGTCGC-1,0.000039,0.000116,0.000039,0.05678,0.823159,0.000039,0.000039,0.119792
TCGATTTACGAAACGA-1,0.00002,0.00006,0.106686,0.00002,0.085585,0.73995,0.00002,0.067659
TCGCAAAGATGCATTT-1,0.000116,0.039083,0.096822,0.437062,0.000233,0.282911,0.143656,0.000116
TCGCACCAGGAGGCAG-1,0.091185,0.019814,0.126317,0.146114,0.10013,0.294376,0.222019,0.000046
TCGCATAAAGGGCGCA-1,0.000023,0.00007,0.000023,0.000023,0.000047,0.372466,0.234701,0.392647
TCGCATCCCTAAGTGT-1,0.000056,0.106246,0.012557,0.002874,0.768214,0.000056,0.000056,0.10994
TCGCATTCAATGACTT-1,0.000045,0.008678,0.000045,0.048437,0.942659,0.000045,0.000045,0.000045
TCGCCACCCGGATTAC-1,0.000039,0.000117,0.000039,0.000039,0.000078,0.797789,0.201861,0.000039
TCGCCCAACTGACTCC-1,0.07198,0.090437,0.049802,0.176418,0.593683,0.000045,0.000045,0.01759
TCGCCGAAGTTGCGTC-1,0.282548,0.217059,0.176957,0.040434,0.110997,0.101386,0.000023,0.070598
TCGCCGACATATTCGC-1,0.287916,0.07488,0.006753,0.000012,0.022268,0.544697,0.000931,0.062543
TCGCCGCACCGCGTGA-1,0.001451,0.020879,0.157017,0.163219,0.166757,0.296008,0.169802,0.024866
TCGCCGGATGGGCAAG-1,0.027949,0.506623,0.050734,0.06509,0.248093,0.078597,0.000014,0.022899
TCGCCGGTCGATCCGT-1,0.003349,0.60209,0.000931,0.203654,0.189906,0.000023,0.000023,0.000023
TCGCCTCCTTCGGCTC-1,0.047626,0.000077,0.000026,0.000026,0.000051,0.911209,0.038833,0.002152
TCGCCTCGACCTGTTG-1,0.0148,0.093595,0.006109,0.014219,0.871217,0.00002,0.00002,0.00002
TCGCGCGTTTACATGA-1,0.000022,0.000065,0.291204,0.000022,0.011187,0.522312,0.139041,0.036147
TCGCGTAGCAGTGTCC-1,0.002457,0.007372,0.002457,0.002457,0.430792,0.54955,0.002457,0.002457
TCGCGTCCAGAAGGTC-1,0.078657,0.31505,0.062694,0.206737,0.33677,0.000031,0.000031,0.000031
TCGCTAAACCGCTATC-1,0.000028,0.073966,0.000028,0.569473,0.356422,0.000028,0.000028,0.000028
TCGCTACTGGCTTTGA-1,0.000059,0.000178,0.000059,0.000059,0.000119,0.658078,0.341387,0.000059
TCGCTCGATATATTCC-1,0.023784,0.151544,0.261681,0.347582,0.149444,0.065863,0.000051,0.000051
TCGCTCGGCACCAGCG-1,0.00003,0.172058,0.002778,0.684221,0.140822,0.00003,0.00003,0.00003
TCGCTGCCAATGCTGT-1,0.000034,0.000101,0.000034,0.073947,0.000067,0.9198,0.005985,0.000034
TCGCTGGGCGGATTGT-1,0.018447,0.181368,0.017161,0.491168,0.291751,0.000035,0.000035,0.000035
TCGCTGTGCGTAAATC-1,0.000049,0.021904,0.000049,0.311006,0.666847,0.000049,0.000049,0.000049
TCGCTTAATTACGAAG-1,0.021818,0.556711,0.000016,0.056629,0.36478,0.000016,0.000016,0.000016
TCGCTTTAAACGTTTG-1,0.000022,0.151519,0.007452,0.595525,0.245415,0.000022,0.000022,0.000022
TCGGAATGACCATCAA-1,0.015119,0.111458,0.018576,0.050686,0.804031,0.000043,0.000043,0.000043
TCGGAATGCGCTCTGA-1,0.158769,0.518897,0.005092,0.145678,0.114386,0.034767,0.000026,0.022384
TCGGACGCCCAGCCCA-1,0.065984,0.375384,0.016184,0.367068,0.002595,0.00003,0.074627,0.098127
TCGGAGAGTATCGGGA-1,0.136116,0.157757,0.050843,0.099107,0.000046,0.024427,0.173746,0.357958
TCGGAGTACATGAGTA-1,0.025964,0.247931,0.008203,0.631041,0.086753,0.000036,0.000036,0.000036
TCGGAGTCCTGGTTGC-1,0.017407,0.252687,0.021479,0.054634,0.114211,0.521556,0.014618,0.003408
TCGGATCTGGATGACC-1,0.000028,0.000084,0.221188,0.010459,0.009219,0.624118,0.134875,0.000028
TCGGCAGGGTTAAGGG-1,0.011419,0.020322,0.000028,0.033059,0.000057,0.929075,0.006011,0.000028
TCGGCGAACCCAAACC-1,0.073928,0.00013,0.389211,0.093572,0.00956,0.104432,0.329123,0.000043
TCGGCGGTATTAGATT-1,0.259887,0.180965,0.112248,0.056196,0.231324,0.121953,0.002344,0.035084
TCGGCGTACTGCACAA-1,0.00004,0.000119,0.050948,0.246454,0.022986,0.677335,0.002079,0.00004
TCGGCTAACTTCCCTT-1,0.000087,0.00026,0.000087,0.455424,0.543882,0.000087,0.000087,0.000087
TCGGCTTGTATCGACG-1,0.00008,0.000239,0.00008,0.00008,0.000159,0.265365,0.733919,0.00008
TCGGGAACGTGCCTAG-1,0.09218,0.311733,0.003573,0.428348,0.13626,0.000019,0.027867,0.000019
TCGGGAGACAGCGTAC-1,0.000069,0.000206,0.014043,0.09682,0.000137,0.806627,0.08203,0.000069
TCGGGATTCAAACATA-1,0.157734,0.191902,0.012327,0.520627,0.066496,0.000019,0.011491,0.039403
TCGGGCACTTCTGGAT-1,0.000029,0.000088,0.061908,0.009981,0.927906,0.000029,0.000029,0.000029
TCGGGCCGTCGTGGTA-1,0.093951,0.306041,0.019816,0.475267,0.060969,0.000032,0.00543,0.038495
TCGGGTGAAACTGCTA-1,0.001397,0.06902,0.00005,0.163884,0.562787,0.00005,0.00005,0.202761
TCGGTCCCGACAATAG-1,0.232344,0.010857,0.001498,0.183768,0.000075,0.287908,0.283511,0.000038
TCGGTCCCTGACTCCA-1,0.002011,0.180485,0.00006,0.23876,0.578503,0.00006,0.00006,0.00006
TCGGTGACCGCTCCGG-1,0.01643,0.802786,0.028973,0.002152,0.149621,0.000013,0.000013,0.000013
TCGGTTAGCCATGTAG-1,0.000054,0.010065,0.017548,0.167764,0.804409,0.000054,0.000054,0.000054
TCGTAACTCCCAAGAC-1,0.00755,0.00014,0.000047,0.000047,0.000093,0.854705,0.137372,0.000047
TCGTAAGACGACATTG-1,0.147853,0.739053,0.000011,0.004147,0.054356,0.000011,0.007611,0.046959
TCGTAAGCTCCGAGGA-1,0.005707,0.315932,0.000031,0.280639,0.397598,0.000031,0.000031,0.000031
TCGTACCGACGTCAAG-1,0.000031,0.000092,0.059218,0.05124,0.001179,0.812163,0.076046,0.000031
TCGTATAGTGCAATTA-1,0.037117,0.355816,0.049483,0.000078,0.552673,0.004678,0.000078,0.000078
TCGTATTACCCATTGC-1,0.008648,0.107227,0.091185,0.715344,0.070694,0.000054,0.006794,0.000054
TCGTATTTCGTCCGGA-1,0.076823,0.263663,0.065773,0.000053,0.505815,0.000053,0.000053,0.087766
TCGTCAAGTACGCGCA-1,0.000051,0.000154,0.026534,0.270225,0.000102,0.702831,0.000051,0.000051
TCGTCACACTGTTAGC-1,0.006247,0.349815,0.025057,0.223956,0.394859,0.000022,0.000022,0.000022
TCGTCCGCTGGCGTCT-1,0.001705,0.178254,0.036455,0.402818,0.380655,0.000038,0.000038,0.000038
TCGTCCGGGTACACTC-1,0.217449,0.354888,0.000623,0.099903,0.298035,0.000023,0.008913,0.020166
TCGTCTTAGGCGTTAA-1,0.307178,0.092732,0.000013,0.003449,0.080176,0.505746,0.000013,0.010694
TCGTGTACTATGGATG-1,0.000891,0.002674,0.000891,0.000891,0.451414,0.541455,0.000891,0.000891
TCGTGTATTGGTCACG-1,0.000331,0.000992,0.262269,0.174441,0.000661,0.256912,0.304063,0.000331
TCGTGTCACGCTGACA-1,0.199495,0.177426,0.282318,0.270417,0.069898,0.000149,0.000149,0.000149
TCGTGTTCGACCACAA-1,0.000094,0.000281,0.076977,0.144393,0.057234,0.588597,0.13233,0.000094
TCGTTAGGAGTCCCTA-1,0.021993,0.027599,0.131534,0.043054,0.000082,0.522482,0.253216,0.000041
TCGTTCGTTATTATGT-1,0.000065,0.000196,0.000065,0.132949,0.866527,0.000065,0.000065,0.000065
TCGTTGCTATCCGGTC-1,0.000073,0.011337,0.207668,0.034027,0.000145,0.706114,0.040562,0.000073
TCGTTGGCTCGTCAAT-1,0.000048,0.090571,0.000048,0.000048,0.770653,0.000048,0.000048,0.138536
TCGTTTACGCGACCCT-1,0.002608,0.027229,0.000021,0.000021,0.000041,0.969317,0.000742,0.000021
TCTAAAGAACAGTCTC-1,0.000056,0.000167,0.045876,0.029845,0.000112,0.467647,0.456241,0.000056
TCTAACCTAGCCTGCG-1,0.020311,0.000063,0.000021,0.000021,0.01105,0.968492,0.000021,0.000021
TCTAACTGTATGTAAA-1,0.00462,0.879788,0.000012,0.02347,0.03261,0.017917,0.003936,0.037647
TCTAATACTGCCTCAG-1,0.000023,0.008843,0.127825,0.019302,0.018687,0.811233,0.014065,0.000023
TCTACACGTTCATGCA-1,0.003985,0.343356,0.000031,0.000031,0.500222,0.000031,0.000031,0.152315
TCTACCCAATAGAGAG-1,0.057956,0.017297,0.00895,0.228469,0.075144,0.612097,0.000044,0.000044
TCTACCCGCATCATTT-1,0.006957,0.024474,0.010226,0.000026,0.052501,0.905764,0.000026,0.000026
TCTACCGTCCACAAGC-1,0.083306,0.394445,0.056306,0.194207,0.143595,0.007851,0.001111,0.119181
TCTACGCACGATCTCC-1,0.000051,0.000152,0.000051,0.000051,0.000102,0.672234,0.312252,0.015107
TCTACGGGCTCAGTTG-1,0.024951,0.593219,0.097162,0.00073,0.161676,0.000015,0.000015,0.122232
TCTAGCAATCTCCGCC-1,0.028622,0.006711,0.066378,0.246931,0.014886,0.343993,0.034989,0.25749
TCTAGCATCTTCGATG-1,0.001731,0.5207,0.146827,0.030816,0.299854,0.000024,0.000024,0.000024
TCTAGCATGCCCAGAA-1,0.287381,0.073268,0.391228,0.000034,0.037653,0.11279,0.009414,0.088231
TCTAGGTGGCGACGCT-1,0.092934,0.333019,0.005198,0.396534,0.1544,0.014008,0.003891,0.000017
TCTAGTGATATCGTGG-1,0.086541,0.02315,0.000024,0.206338,0.010968,0.002046,0.056096,0.614837
TCTAGTTATCAGAAGA-1,0.054267,0.019706,0.048497,0.709648,0.167749,0.000044,0.000044,0.000044
TCTATAGGTGGGTAAT-1,0.000026,0.000077,0.000026,0.000026,0.000051,0.70739,0.226095,0.066309
TCTATCATGCAGTTAC-1,0.00681,0.832183,0.013573,0.000109,0.089046,0.000017,0.000017,0.058243
TCTATCCGATTGCACA-1,0.000027,0.000081,0.000027,0.02567,0.017475,0.956667,0.000027,0.000027
TCTATCGGTCGCAACA-1,0.000123,0.434021,0.048612,0.235895,0.180908,0.050757,0.00003,0.049654
TCTATGCTATAACGAC-1,0.29976,0.011944,0.000017,0.000017,0.002136,0.528486,0.109835,0.047807
TCTATTACGCTGGCGA-1,0.000058,0.000517,0.001331,0.15358,0.844341,0.000058,0.000058,0.000058
TCTATTACTAGAGGAT-1,0.067578,0.279837,0.018332,0.184741,0.215651,0.000016,0.00233,0.231515
TCTCAAATCAATCGGG-1,0.000012,0.000078,0.055922,0.000012,0.074513,0.86944,0.000012,0.000012
TCTCAGGCTACTCGCT-1,0.000024,0.000073,0.001232,0.000024,0.000049,0.860155,0.050758,0.087685
TCTCATGAGATAGGGT-1,0.00657,0.000118,0.181062,0.176473,0.073641,0.562057,0.000039,0.000039
TCTCCAACGTAGGTTA-1,0.078221,0.441071,0.036744,0.233757,0.160112,0.05006,0.000018,0.000018
TCTCCACAAGTTGAAT-1,0.000029,0.000086,0.000029,0.000029,0.000057,0.884597,0.068586,0.046588
TCTCCCTGGGCAGCGT-1,0.000037,0.00011,0.008202,0.153271,0.017316,0.82099,0.000037,0.000037
TCTCGAACGAGGTCAC-1,0.000048,0.004285,0.000048,0.302813,0.692662,0.000048,0.000048,0.000048
TCTCGACGTATCGCCG-1,0.334236,0.040125,0.123685,0.304719,0.055915,0.000028,0.128165,0.013127
TCTCGAGGAGGTTCGC-1,0.000029,0.000087,0.000029,0.176902,0.006536,0.808485,0.007903,0.000029
TCTCGGCTCCAGGACT-1,0.014983,0.553749,0.000027,0.002953,0.420543,0.000027,0.000027,0.00769
TCTCGTGTTACGAGGA-1,0.055657,0.153394,0.090275,0.177296,0.204276,0.292399,0.012212,0.014491
TCTCTAATAGCTGGTA-1,0.000049,0.078865,0.040392,0.393383,0.487163,0.000049,0.000049,0.000049
TCTCTCGCCGCACATA-1,0.057488,0.000232,0.263513,0.111233,0.000154,0.206301,0.361002,0.000077
TCTCTTACCGCGAACC-1,0.000012,0.000035,0.035702,0.005363,0.011779,0.900919,0.039552,0.006639
TCTGAACCGGTCGGCT-1,0.000054,0.000161,0.000054,0.55819,0.441381,0.000054,0.000054,0.000054
TCTGAACTCGTACCCG-1,0.118298,0.02347,0.659224,0.024968,0.018457,0.066419,0.08803,0.001134
TCTGAAGCACGTGGTC-1,0.000052,0.000156,0.011784,0.159693,0.00194,0.826271,0.000052,0.000052
TCTGAATTCCGTACAA-1,0.025109,0.375483,0.088174,0.367246,0.131016,0.012925,0.000024,0.000024
TCTGACGGGCTAACCC-1,0.033658,0.410435,0.000014,0.318313,0.165047,0.072482,0.000036,0.000014
TCTGACTGTAATGGTT-1,0.005151,0.138591,0.000559,0.000017,0.851143,0.000017,0.000017,0.004505
TCTGAGCAATTGACTG-1,0.12054,0.032171,0.181227,0.000016,0.020043,0.458164,0.001798,0.18604
TCTGATCGGGTGCTAG-1,0.030501,0.154559,0.002368,0.461441,0.294856,0.056234,0.000021,0.000021
TCTGATGTATTCTGTC-1,0.006604,0.000138,0.253572,0.127925,0.092413,0.518772,0.000529,0.000046
TCTGATTGGAAATGGA-1,0.022979,0.194107,0.124982,0.295561,0.317118,0.039675,0.000335,0.005243
TCTGCACCATTAGTAA-1,0.038638,0.274814,0.07952,0.271341,0.28367,0.046707,0.000015,0.005295
TCTGCAGATTCGAGTC-1,0.032425,0.452316,0.040226,0.067511,0.328378,0.079118,0.000013,0.000013
TCTGCATACCTTGCTT-1,0.000044,0.000132,0.057556,0.078334,0.00394,0.75081,0.109141,0.000044
TCTGCCAGAAACTGCA-1,0.000047,0.003592,0.103065,0.788753,0.032626,0.027786,0.044085,0.000047
TCTGCGAATCGTTCGC-1,0.056613,0.534682,0.068096,0.073007,0.210742,0.000017,0.000017,0.056825
TCTGCGTCCGGTTTCT-1,0.00272,0.661137,0.0146,0.00002,0.321462,0.00002,0.00002,0.00002
TCTGCTTAGAACAAGC-1,0.088228,0.120982,0.122519,0.076299,0.004534,0.11106,0.272694,0.203684
TCTGGAGCGTAAGAGT-1,0.200126,0.733842,0.000007,0.00848,0.019903,0.000007,0.001179,0.036454
TCTGGCCGTTCAAGTT-1,0.143797,0.440178,0.000433,0.304127,0.058213,0.052054,0.000013,0.001186
TCTGGCGCAAGCCGGG-1,0.142995,0.49417,0.000354,0.18915,0.169352,0.003962,0.000009,0.000009
TCTGGGAACCTTTGAA-1,0.000057,0.003566,0.000057,0.47914,0.000114,0.000057,0.189975,0.327034
TCTGGGTAGCGCTCAT-1,0.007001,0.056295,0.333024,0.340819,0.09612,0.004874,0.024193,0.137674
TCTGTCATACAAGAGC-1,0.000074,0.185408,0.000074,0.098416,0.699775,0.000074,0.000074,0.016106
TCTGTGACTGACCGTT-1,0.000073,0.015113,0.000073,0.15951,0.825012,0.000073,0.000073,0.000073
TCTGTGATGGAGGTTG-1,0.060876,0.300748,0.099809,0.047878,0.464426,0.000031,0.000031,0.026201
TCTGTGCCATCATAGT-1,0.001422,0.097766,0.001326,0.77973,0.114314,0.000035,0.005372,0.000035
TCTGTGGCTACATTTC-1,0.03171,0.094492,0.002387,0.000025,0.871312,0.000025,0.000025,0.000025
TCTGTTACCCAGCATA-1,0.145184,0.034289,0.149643,0.000036,0.001662,0.613634,0.054406,0.001146
TCTGTTTAGATTGTTC-1,0.000082,0.000246,0.105085,0.078335,0.052597,0.655246,0.108326,0.000082
TCTTACAGAGGTACCG-1,0.000255,0.548026,0.011887,0.110716,0.329028,0.000029,0.000029,0.000029
TCTTACCGGAACTCGT-1,0.052128,0.491379,0.002992,0.153828,0.203309,0.009974,0.008396,0.077995
TCTTACGGCATCCGAC-1,0.000541,0.214078,0.000026,0.428691,0.356586,0.000026,0.000026,0.000026
TCTTACTTATGCCTCT-1,0.000085,0.000256,0.006533,0.584918,0.000171,0.111026,0.296925,0.000085
TCTTAGAGCTCCAATT-1,0.333571,0.362353,0.065204,0.117365,0.048104,0.000016,0.000016,0.073372
TCTTAGAGTGAACTCT-1,0.265228,0.434165,0.047071,0.046676,0.061555,0.009491,0.000016,0.135799
TCTTATGGGTAGTACC-1,0.009008,0.361524,0.000023,0.000522,0.559223,0.069657,0.000023,0.000023
TCTTCCCATGGGCACA-1,0.000715,0.216337,0.340542,0.07593,0.318891,0.000021,0.000021,0.047545
TCTTCGAATAGACGTT-1,0.088902,0.100141,0.097885,0.469323,0.079601,0.000038,0.064437,0.099675
TCTTCGATACCAATAA-1,0.15779,0.535798,0.013657,0.23981,0.0408,0.01211,0.000017,0.000017
TCTTCGCGGTGAGAGG-1,0.000023,0.000068,0.400087,0.000023,0.000045,0.426551,0.000023,0.173181
TCTTCTATAACCCGCC-1,0.169339,0.014627,0.021365,0.43211,0.000058,0.00008,0.184938,0.177482
TCTTGATGCGTAGCGA-1,0.158031,0.496855,0.159008,0.048457,0.070963,0.000015,0.000015,0.066656
TCTTGCTCCCGATACT-1,0.000047,0.000142,0.051888,0.125807,0.023437,0.612103,0.186529,0.000047
TCTTGGTAACACCAAA-1,0.007016,0.595761,0.097834,0.000014,0.152045,0.000014,0.000014,0.147303
TCTTGGTCAATGATAC-1,0.000057,0.00017,0.000057,0.000057,0.000113,0.475972,0.523518,0.000057
TCTTTAAGACTATGAA-1,0.04698,0.660804,0.000009,0.000556,0.000403,0.000009,0.000009,0.29123
TCTTTAGAGTCTAACA-1,0.198429,0.053248,0.439641,0.03156,0.055226,0.194729,0.027138,0.000031
TCTTTAGCAGGCGAAC-1,0.045163,0.254172,0.162253,0.311152,0.224254,0.00002,0.001044,0.001942
TCTTTCCTTCGAGATA-1,0.000053,0.000159,0.163061,0.115578,0.014157,0.690441,0.016498,0.000053
TCTTTCTCTTAAGGAG-1,0.056979,0.071835,0.000402,0.018758,0.851841,0.000062,0.000062,0.000062
TGAAACCTCAACTCAC-1,0.000524,0.190319,0.17995,0.05392,0.49816,0.077036,0.000045,0.000045
TGAAACTTATGCAAGC-1,0.000057,0.526223,0.065117,0.007104,0.361049,0.036674,0.000057,0.003718
TGAAAGGACCTGACTC-1,0.067846,0.052424,0.095025,0.561585,0.110489,0.054485,0.038512,0.019633
TGAACAAGCAGGGACT-1,0.034582,0.044203,0.001059,0.022103,0.014825,0.880388,0.000895,0.001945
TGAACACCCGAAGCAG-1,0.000032,0.000096,0.324613,0.000032,0.675131,0.000032,0.000032,0.000032
TGAACCTGAATGTGAG-1,0.000044,0.000131,0.406166,0.000044,0.017087,0.479733,0.096753,0.000044
TGAAGAGCGGTCCTAG-1,0.000025,0.068351,0.060589,0.061504,0.782249,0.000025,0.000025,0.027231
TGAAGTAGCTTACGGA-1,0.011182,0.27383,0.000148,0.139257,0.563094,0.012457,0.000016,0.000016
TGAATACCGACGCGTA-1,0.191695,0.038627,0.047846,0.000019,0.021405,0.244679,0.249794,0.205935
TGAATATGCTATAAAC-1,0.158656,0.690372,0.000013,0.119002,0.026752,0.005179,0.000013,0.000013
TGAATGAGATACAGCA-1,0.004787,0.139712,0.001968,0.221146,0.423965,0.000017,0.020699,0.187705
TGAATGAGTGTTTCCC-1,0.000043,0.000129,0.229438,0.000043,0.000086,0.61422,0.155997,0.000043
TGAATGTCAGCCGGCC-1,0.495339,0.23235,0.000011,0.007684,0.011082,0.000011,0.099283,0.15424
TGAATTTCACTTGCCT-1,0.050495,0.403917,0.098207,0.139432,0.135402,0.115939,0.035506,0.021102
TGACAACGCATGTCGC-1,0.347647,0.399449,0.042827,0.098305,0.068468,0.033582,0.00025,0.009472
TGACAACTTAAAGGTG-1,0.000039,0.000116,0.000039,0.000039,0.000078,0.474041,0.52561,0.000039
TGACACTTCTCTTTGC-1,0.009265,0.55369,0.016086,0.00002,0.391763,0.000948,0.026342,0.001885
TGACAGAAATCTTGCT-1,0.068392,0.000071,0.033593,0.038886,0.067942,0.520321,0.24276,0.028035
TGACAGGACAAGTCCA-1,0.000077,0.000231,0.000077,0.123424,0.000154,0.610585,0.265376,0.000077
TGACATCGAGCGGACC-1,0.004523,0.23506,0.243738,0.248363,0.217159,0.034164,0.000804,0.01619
TGACATGTAACGTGAC-1,0.000017,0.079816,0.000017,0.000017,0.000034,0.8155,0.101473,0.003127
TGACCAAATCTTAAAC-1,0.000024,0.000072,0.056517,0.000436,0.039279,0.894643,0.004722,0.004308
TGACCAGCTTCAAAGT-1,0.17255,0.385388,0.002439,0.074129,0.341313,0.000037,0.000037,0.024107
TGACCCAACTCACATT-1,0.002193,0.247875,0.127361,0.000045,0.524263,0.096077,0.002141,0.000045
TGACCCACGTTAGACA-1,0.12091,0.206205,0.001209,0.544204,0.127399,0.000024,0.000024,0.000024
TGACCCAGCATTCCCG-1,0.000094,0.000281,0.246064,0.358757,0.394522,0.000094,0.000094,0.000094
TGACGAATATTTCCCT-1,0.000135,0.000405,0.135661,0.625634,0.00027,0.089073,0.148686,0.000135
TGACGATGCACTAGAA-1,0.104392,0.527818,0.078397,0.002403,0.11416,0.001824,0.000009,0.170998
TGACTATAATCCTTTC-1,0.000082,0.000245,0.235253,0.356799,0.000164,0.286177,0.121199,0.000082
TGACTCCGAATCATAC-1,0.000028,0.000083,0.095402,0.000028,0.000055,0.618318,0.167198,0.118888
TGACTCTAACTGGTAA-1,0.000066,0.000197,0.000066,0.129331,0.000131,0.584764,0.285381,0.000066
TGAGAATGCTTTACCG-1,0.014844,0.451391,0.046452,0.02178,0.405198,0.000329,0.000021,0.059986
TGAGACGTACCTCTCA-1,0.04561,0.215957,0.153228,0.194214,0.173393,0.168686,0.033145,0.015767
TGAGAGATTTACCACG-1,0.192503,0.176043,0.005232,0.604883,0.006695,0.000046,0.014552,0.000046
TGAGATCAAATACTCA-1,0.000042,0.012349,0.00333,0.147733,0.643979,0.000042,0.000042,0.192482
TGAGATTAGGCCCTAA-1,0.038581,0.652641,0.000015,0.060742,0.231146,0.000015,0.000015,0.016845
TGAGCAGTCGTGAAGT-1,0.000043,0.00406,0.000043,0.070576,0.895083,0.000043,0.013081,0.017071
TGAGCCATACAGTCTC-1,0.256154,0.243049,0.05716,0.248024,0.128391,0.066761,0.000097,0.000364
TGAGCGGAAAGTGTTC-1,0.105355,0.000322,0.00177,0.120981,0.076728,0.614517,0.080286,0.00004
TGAGCTCAACTGTATA-1,0.042469,0.00212,0.201969,0.03076,0.075701,0.63859,0.00836,0.00003
TGAGCTTTAATGACGC-1,0.010487,0.262174,0.010624,0.347314,0.353785,0.015576,0.000021,0.000021
TGAGGAGTGCCAGCTT-1,0.015634,0.000114,0.107519,0.009191,0.012026,0.842025,0.013452,0.000038
TGAGGCATGTACTGTG-1,0.000058,0.000175,0.000058,0.000058,0.000117,0.341748,0.657727,0.000058
TGAGGTGTGTGGCGGA-1,0.000026,0.000077,0.083883,0.000026,0.000051,0.543568,0.262633,0.109736
TGAGGTTGATCCCAAG-1,0.011877,0.006037,0.040601,0.002903,0.696463,0.196616,0.000035,0.045468
TGAGTAAATTAGCGTA-1,0.301995,0.076454,0.258222,0.002929,0.066924,0.149591,0.048902,0.094982
TGAGTGCCTCTTAAAT-1,0.158844,0.321961,0.061988,0.001744,0.1046,0.018231,0.008944,0.323688
TGAGTGGTCCGTGACG-1,0.023104,0.438501,0.040219,0.440454,0.057657,0.000022,0.000022,0.000022
TGAGTGTAACAACGGG-1,0.033802,0.008452,0.011446,0.000014,0.05334,0.890328,0.000014,0.002605
TGAGTTAAAGACATTC-1,0.133514,0.069001,0.073555,0.033245,0.041829,0.120059,0.096177,0.43262
TGATACATTTAGCCGT-1,0.00005,0.00015,0.324344,0.00005,0.200016,0.437562,0.00005,0.037778
TGATAGCGGGATTCTA-1,0.000015,0.497657,0.027047,0.020445,0.45479,0.000015,0.000015,0.000015
TGATCACCACACTGAC-1,0.000031,0.000093,0.040546,0.000031,0.000062,0.582828,0.370312,0.006098
TGATCAGGGAACTGCT-1,0.248341,0.166091,0.055241,0.370017,0.094902,0.065342,0.000033,0.000033
TGATCCCAGCATTAGT-1,0.03389,0.911511,0.000008,0.01242,0.026298,0.000008,0.004423,0.011441
TGATCGGTTTGACCCT-1,0.11413,0.58407,0.000028,0.162553,0.114208,0.000028,0.000148,0.024836
TGATCTACGCTGATCT-1,0.000037,0.188778,0.001265,0.31454,0.402097,0.000037,0.06441,0.028835
TGATCTATCACACTCT-1,0.200518,0.127408,0.000014,0.000014,0.000592,0.631829,0.00962,0.030005
TGATCTCCGGCGCCAG-1,0.082104,0.574929,0.000021,0.12159,0.046785,0.000021,0.000021,0.17453
TGATGCTCACGTAGTC-1,0.000071,0.000214,0.045459,0.365969,0.588074,0.000071,0.000071,0.000071
TGATGGCTGTTTCTGA-1,0.209359,0.580629,0.026312,0.118827,0.000036,0.000018,0.046881,0.017939
TGATGGGACTAAGTCA-1,0.021901,0.331051,0.010949,0.018481,0.565756,0.050509,0.000017,0.001336
TGATGTCAATTAAGTG-1,0.00005,0.000149,0.011855,0.115293,0.003194,0.668,0.20141,0.00005
TGATTATGGCACGCAG-1,0.000453,0.331217,0.073534,0.108019,0.452958,0.000023,0.001584,0.032211
TGATTCAGGTCCCGCG-1,0.00003,0.00009,0.094565,0.247852,0.181817,0.472803,0.002812,0.00003
TGATTCCCGGTTACCT-1,0.036325,0.284985,0.013665,0.034574,0.1592,0.203821,0.199273,0.068156
TGATTCGTCTATCACT-1,0.183342,0.6433,0.016505,0.082028,0.058209,0.00002,0.007837,0.00876
TGATTCTGTCGCCGGT-1,0.434141,0.135454,0.032881,0.0016,0.100615,0.268669,0.00002,0.02662
TGATTTATTAGCTGTG-1,0.154618,0.200825,0.092436,0.319191,0.154039,0.077806,0.000032,0.001052
TGATTTCCTCCTGACG-1,0.079367,0.188757,0.01107,0.074359,0.64009,0.000035,0.000035,0.006287
TGCAAACCCACATCAA-1,0.000764,0.340303,0.038816,0.00003,0.524937,0.095088,0.00003,0.00003
TGCAAACGTACTAGTT-1,0.000051,0.000152,0.000051,0.000051,0.000101,0.762661,0.236883,0.000051
TGCAAAGTTCGTCTGT-1,0.305852,0.018641,0.000009,0.000009,0.000019,0.58163,0.01194,0.081899
TGCAACCCATCTGCGG-1,0.01016,0.000079,0.000026,0.000026,0.050963,0.907803,0.011388,0.019555
TGCAACTACTGGTTGA-1,0.005704,0.000091,0.066289,0.066799,0.055978,0.80508,0.00003,0.00003
TGCAAGAATGACGTAA-1,0.050627,0.366432,0.022364,0.550644,0.009836,0.000032,0.000032,0.000032
TGCAATCTAACACGGT-1,0.000047,0.00014,0.000047,0.115092,0.000093,0.729868,0.154666,0.000047
TGCAATTTGGGCACGG-1,0.015364,0.342924,0.020634,0.12018,0.500811,0.000029,0.000029,0.000029
TGCACAGTGAAGTTAT-1,0.061699,0.55391,0.0016,0.037185,0.345542,0.000021,0.000021,0.000021
TGCACGAGTCGGCAGC-1,0.000037,0.080868,0.017167,0.016789,0.885026,0.000037,0.000037,0.000037
TGCACTATGTGAGTGC-1,0.025877,0.367676,0.00203,0.039298,0.565055,0.000021,0.000021,0.000021
TGCAGAACTATATCGT-1,0.016154,0.035659,0.219897,0.60075,0.083913,0.033446,0.010141,0.000041
TGCAGAGTACCGAGCA-1,0.117122,0.354404,0.103409,0.364788,0.056253,0.00002,0.00002,0.003983
TGCAGATCGTCCTAGG-1,0.000039,0.012645,0.311017,0.359139,0.315522,0.001559,0.000039,0.000039
TGCAGCTACGTACTTC-1,0.083484,0.060881,0.185193,0.401797,0.046629,0.049275,0.106371,0.06637
TGCAGGATCGGCAAAG-1,0.013178,0.937234,0.00387,0.025522,0.004198,0.01282,0.003057,0.000122
TGCAGTGAGGCTCGGG-1,0.099382,0.47618,0.005511,0.154043,0.262485,0.00236,0.00002,0.00002
TGCAGTGGTAGGGAAC-1,0.000034,0.000102,0.000034,0.131047,0.000068,0.741505,0.127178,0.000034
TGCAGTTTCCTCCCAT-1,0.251407,0.190231,0.026096,0.242697,0.093717,0.000025,0.002565,0.193262
TGCATATGTCTGTCAC-1,0.306082,0.319292,0.0367,0.171374,0.109773,0.015142,0.021594,0.020043
TGCATCTCCGGATCTT-1,0.000074,0.000223,0.090572,0.384749,0.524159,0.000074,0.000074,0.000074
TGCATGAGTAGATTCG-1,0.003117,0.140761,0.195314,0.002133,0.642268,0.016117,0.000031,0.000259
TGCATGGATCGGATCT-1,0.000037,0.30372,0.027647,0.209487,0.431346,0.015025,0.000037,0.012701
TGCATGTGACCCATAG-1,0.000018,0.000055,0.000018,0.000018,0.000037,0.790818,0.18629,0.022744
TGCATGTGGTAATCTA-1,0.036881,0.402852,0.120062,0.208328,0.23182,0.000019,0.000019,0.000019
TGCCAAAGTCAGACTT-1,0.0001,0.062499,0.2808,0.28201,0.000115,0.000058,0.189832,0.184586
TGCCAATGGGTACTCT-1,0.000048,0.03929,0.000048,0.037865,0.000095,0.575169,0.347438,0.000048
TGCCACCTGGCGAAAC-1,0.000027,0.037642,0.007272,0.624579,0.330401,0.000027,0.000027,0.000027
TGCCAGTACGTGGAGA-1,0.000085,0.000254,0.132061,0.185307,0.00017,0.52087,0.161168,0.000085
TGCCATGGCTTATAAG-1,0.000057,0.000171,0.062026,0.000057,0.873371,0.000057,0.000057,0.064204
TGCCATTACTAAAGAA-1,0.009601,0.239987,0.00546,0.393038,0.327296,0.02458,0.000018,0.000018
TGCCCGATAGTTAGAA-1,0.000008,0.000025,0.036815,0.000008,0.028613,0.776967,0.038546,0.119018
TGCCCGTACCGTTAAA-1,0.010076,0.056676,0.603666,0.005551,0.011244,0.233983,0.037691,0.041113
TGCCGAAAGCGTATTC-1,0.071705,0.36775,0.030862,0.31147,0.180953,0.037229,0.000015,0.000015
TGCCGATGTCATCAAT-1,0.000041,0.000123,0.166442,0.000041,0.742502,0.090769,0.000041,0.000041
TGCCGGATGTACGAGC-1,0.000023,0.00007,0.149611,0.000023,0.091555,0.758671,0.000023,0.000023
TGCCGTGGATCGTCCT-1,0.032358,0.000197,0.044981,0.212483,0.066179,0.496855,0.146882,0.000066
TGCCGTGGGACCCAAT-1,0.122021,0.025551,0.02513,0.010897,0.019353,0.747985,0.048591,0.000472
TGCCTAAATTTAATAG-1,0.227814,0.101457,0.124025,0.307059,0.181018,0.058602,0.000013,0.000013
TGCCTAATTGAAGATT-1,0.009864,0.009688,0.001507,0.017627,0.104495,0.856764,0.000028,0.000028
TGCCTGACATCGGTCA-1,0.00003,0.228799,0.053085,0.068231,0.607195,0.00003,0.00003,0.042599
TGCCTGATCAAACGAT-1,0.000031,0.151227,0.037559,0.481687,0.329405,0.000031,0.000031,0.000031
TGCCTTGGCCAGGCAA-1,0.000038,0.000114,0.107627,0.06622,0.002678,0.709152,0.114133,0.000038
TGCGAATATGGGATTT-1,0.000044,0.000133,0.159312,0.407499,0.008585,0.21367,0.210713,0.000044
TGCGACACCCTAGTGC-1,0.000529,0.000123,0.110299,0.276653,0.20757,0.404744,0.000041,0.000041
TGCGACGGCCGAACGT-1,0.000061,0.020063,0.008994,0.194457,0.000122,0.577179,0.199063,0.000061
TGCGAGAAACGTTACG-1,0.048727,0.020362,0.061165,0.050208,0.800148,0.019358,0.000016,0.000016
TGCGAGAATATTACCC-1,0.000044,0.000133,0.446053,0.000044,0.009271,0.532049,0.012361,0.000044
TGCGAGATGGCGGCCA-1,0.080577,0.360012,0.078439,0.057367,0.417093,0.00002,0.00002,0.006474
TGCGAGCCCTTCCGCG-1,0.135912,0.380951,0.022169,0.000022,0.459613,0.000022,0.000022,0.001288
TGCGATGCTAATGGCT-1,0.002438,0.161441,0.00002,0.125034,0.47257,0.068515,0.006539,0.163444
TGCGCAAAGCATTTGG-1,0.028888,0.345264,0.06684,0.480109,0.071902,0.006953,0.000022,0.000022
TGCGCCGTTAATAACG-1,0.203127,0.178619,0.00427,0.46251,0.092446,0.013792,0.045216,0.00002
TGCGCGATTAACGGAG-1,0.03341,0.696713,0.000013,0.02945,0.229246,0.000013,0.011141,0.000013
TGCGGACTTGACTCCG-1,0.000016,0.000048,0.149258,0.000016,0.084496,0.763557,0.000016,0.002593
TGCGGAGTAAAGGTGC-1,0.040457,0.498463,0.153885,0.22475,0.060298,0.000027,0.000027,0.022093
TGCGGCATAGTTCAAC-1,0.011166,0.752418,0.000016,0.000016,0.236334,0.000016,0.000016,0.000016
TGCGGGTATTGGGATC-1,0.15745,0.136648,0.000027,0.028165,0.677631,0.000027,0.000027,0.000027
TGCGGTCTACGAGTAA-1,0.005203,0.229102,0.027562,0.154025,0.501966,0.044341,0.000031,0.03777
TGCGGTGAAATTTCAT-1,0.000065,0.000196,0.000065,0.364739,0.613309,0.021494,0.000065,0.000065
TGCGTAAGAACCTGAT-1,0.000602,0.000153,0.081209,0.5456,0.057218,0.054546,0.208076,0.052597
TGCGTACGGCTAATTG-1,0.000026,0.000079,0.030786,0.048883,0.028383,0.891791,0.000026,0.000026
TGCGTCATGACTGAGC-1,0.000076,0.000229,0.063093,0.063483,0.000153,0.300547,0.572341,0.000076
TGCGTGATTGGGTGTC-1,0.000027,0.239742,0.000027,0.031377,0.728745,0.000027,0.000027,0.000027
TGCGTTTGTTGACACT-1,0.000063,0.000189,0.134803,0.760013,0.039136,0.06567,0.000063,0.000063
TGCTAAGTGTCTATTT-1,0.000055,0.000165,0.393726,0.136561,0.080992,0.388389,0.000056,0.000055
TGCTATACAAACGGAC-1,0.051443,0.48663,0.000017,0.000017,0.435763,0.000017,0.000017,0.026096
TGCTATGGCAAAGGGA-1,0.25091,0.020845,0.014376,0.000013,0.025666,0.242266,0.114742,0.331183
TGCTCAAAGGATGCAC-1,0.000026,0.000078,0.021274,0.038222,0.002958,0.892596,0.044819,0.000026
TGCTCACACAACAACC-1,0.012278,0.143537,0.220178,0.199003,0.423255,0.001616,0.000067,0.000067
TGCTCCACAGTTCTTA-1,0.000059,0.017743,0.541413,0.055879,0.103653,0.000059,0.187055,0.094139
TGCTCGGCGAAACCCA-1,0.004015,0.003225,0.008726,0.070546,0.028084,0.808619,0.000034,0.076752
TGCTCGGTGGGTCACC-1,0.000049,0.000146,0.018765,0.000049,0.000097,0.711625,0.269221,0.000049
TGCTCTGCCGGTTCAC-1,0.002861,0.241189,0.104365,0.451911,0.192042,0.007497,0.000116,0.000018
TGCTCTTGAGAGTTTG-1,0.000047,0.000141,0.003587,0.130289,0.000094,0.816644,0.04915,0.000047
TGCTGCGTCAGAGTTA-1,0.084533,0.298625,0.000024,0.18837,0.383022,0.022388,0.000024,0.023015
TGCTGGTTGGACAATT-1,0.000035,0.000106,0.168117,0.301402,0.503419,0.02685,0.000035,0.000035
TGCTGTTGAAGAACTC-1,0.227089,0.498562,0.000013,0.126978,0.1405,0.000013,0.006833,0.000013
TGCTTAGAGAGAATGC-1,0.000025,0.000075,0.158274,0.000025,0.000475,0.731266,0.109697,0.000162
TGCTTCCCAAGCAGTA-1,0.00003,0.00009,0.030394,0.00003,0.00006,0.736164,0.120669,0.112562
TGCTTGAAACCATGCA-1,0.09635,0.422799,0.00002,0.00002,0.45544,0.00002,0.00002,0.025329
TGGAAACGGAGTGAAC-1,0.000567,0.001731,0.000023,0.045535,0.952075,0.000023,0.000023,0.000023
TGGAACCACTGACACA-1,0.00101,0.401992,0.074469,0.32379,0.198691,0.000016,0.000016,0.000016
TGGAAGAAGGGAACGT-1,0.055525,0.088492,0.03912,0.655328,0.12747,0.000036,0.033994,0.000036
TGGAAGACGAACACCA-1,0.02104,0.679233,0.021666,0.000012,0.248148,0.000012,0.000012,0.029878
TGGAAGGATAAAGATG-1,0.00003,0.270012,0.040903,0.329323,0.342692,0.00003,0.00003,0.01698
TGGAATATCCTTGACC-1,0.024247,0.350634,0.101561,0.222404,0.234444,0.066666,0.000018,0.000025
TGGAATTAGACGCTTT-1,0.017555,0.651554,0.000014,0.060388,0.229455,0.041006,0.000014,0.000014
TGGACACCGTTGCTTG-1,0.000025,0.000074,0.000025,0.297826,0.69282,0.009182,0.000025,0.000025
TGGACCAATCTAAGAT-1,0.267316,0.071502,0.004414,0.003482,0.089627,0.563621,0.000018,0.000018
TGGACCACGGCGTTGA-1,0.045153,0.501577,0.000021,0.000021,0.446436,0.000021,0.000021,0.006749
TGGACGCAATCCAGCC-1,0.000106,0.000319,0.091364,0.154161,0.000213,0.269199,0.48453,0.000106
TGGACGTAGGCGAATC-1,0.012582,0.442279,0.00001,0.00001,0.545088,0.00001,0.00001,0.00001
TGGACTGTTCGCTCAA-1,0.087848,0.107274,0.14098,0.32068,0.185992,0.074423,0.000467,0.082337
TGGAGAATAATCGTCC-1,0.000048,0.000143,0.065177,0.000048,0.000095,0.658508,0.275934,0.000048
TGGAGCTAAAGTTCCC-1,0.000034,0.018919,0.000034,0.119618,0.861295,0.000034,0.000034,0.000034
TGGAGGGAAACACCTC-1,0.00806,0.291185,0.042566,0.328464,0.329686,0.000013,0.000013,0.000013
TGGAGTGATGCGATGA-1,0.040479,0.498738,0.034475,0.085034,0.33187,0.000024,0.000024,0.009358
TGGATAGAGTAACAGA-1,0.015679,0.484397,0.000017,0.000017,0.39847,0.000017,0.000017,0.101385
TGGATGGCATCTTGGA-1,0.000024,0.000071,0.000024,0.000024,0.00388,0.962062,0.001951,0.031966
TGGCAAACTAAATTAC-1,0.000032,0.000095,0.000032,0.000032,0.000063,0.477836,0.521878,0.000032
TGGCAACTCGCGCGCC-1,0.044947,0.531537,0.013416,0.249466,0.12537,0.035237,0.000014,0.000014
TGGCAAGCACAAGTCG-1,0.000041,0.000122,0.000041,0.000041,0.000082,0.321359,0.678273,0.000041
TGGCAATGGGACGGCG-1,0.249603,0.029569,0.265284,0.000022,0.160107,0.295371,0.000022,0.000022
TGGCACGAGCTCGAGT-1,0.161299,0.383637,0.000025,0.000025,0.453796,0.000025,0.000025,0.001169
TGGCAGATTACGATCA-1,0.255729,0.208115,0.050221,0.218656,0.064476,0.07853,0.070631,0.053643
TGGCAGCAGTAATAGT-1,0.003072,0.000102,0.072345,0.589546,0.310377,0.024491,0.000034,0.000034
TGGCATGAAGTTTGGG-1,0.022288,0.328653,0.017666,0.166787,0.097295,0.202984,0.151413,0.012914
TGGCCAAACTGAAGTA-1,0.058196,0.47926,0.112862,0.174993,0.165268,0.003985,0.000022,0.005415
TGGCCAATTTGGTACT-1,0.000045,0.000135,0.338144,0.000045,0.070709,0.571596,0.019281,0.000045
TGGCCGTATATTGACC-1,0.008745,0.480713,0.140142,0.028575,0.312665,0.000021,0.000021,0.029118
TGGCGACTGCTCCAAA-1,0.000078,0.000234,0.222592,0.144262,0.008931,0.45895,0.164875,0.000078
TGGCGATCAAGTTATG-1,0.000027,0.000081,0.171586,0.000027,0.098891,0.729333,0.000027,0.000027
TGGCGGTGTGCGATTG-1,0.000747,0.685405,0.000017,0.000017,0.313762,0.000017,0.000017,0.000017
TGGCTACACTCTACCT-1,0.00002,0.000059,0.144857,0.00002,0.012456,0.754913,0.000465,0.087211
TGGCTATGTGACATAC-1,0.000027,0.008361,0.000027,0.032286,0.014507,0.897708,0.047059,0.000027
TGGCTCTTGTCGCGTA-1,0.030511,0.071849,0.284402,0.306046,0.145156,0.001797,0.015435,0.144804
TGGCTTGTACAAGCTT-1,0.004082,0.218756,0.011933,0.341806,0.407246,0.016128,0.000024,0.000024
TGGCTTTGGGTAGACA-1,0.000574,0.797065,0.000023,0.025381,0.092047,0.000023,0.000023,0.084863
TGGGAAATGCCTTTCC-1,0.000039,0.000116,0.002249,0.373967,0.567819,0.000039,0.046955,0.008816
TGGGACCATTGGGAGT-1,0.003562,0.035721,0.000015,0.038617,0.910395,0.000015,0.000015,0.011662
TGGGATGCACTCATTC-1,0.00005,0.000786,0.00005,0.219276,0.779689,0.00005,0.00005,0.00005
TGGGCAATAGTTGGGT-1,0.000047,0.000142,0.308724,0.62353,0.000095,0.026851,0.040564,0.000047
TGGGCACAAACAGAAC-1,0.000044,0.031503,0.016529,0.232298,0.719493,0.000044,0.000044,0.000044
TGGGCACGTTCTATGG-1,0.026919,0.519955,0.019898,0.126676,0.306468,0.000028,0.000028,0.000028
TGGGCAGGCCACCGCA-1,0.000038,0.000113,0.093423,0.293368,0.012157,0.468975,0.131888,0.000038
TGGGCCACAAGAGCGC-1,0.013136,0.586502,0.023199,0.05666,0.216758,0.000016,0.000016,0.103713
TGGGCCCATACTAATT-1,0.155549,0.153707,0.135088,0.082851,0.195832,0.276924,0.000025,0.000025
TGGGCCTTGCCTGCAT-1,0.00858,0.161788,0.009326,0.04674,0.773436,0.000043,0.000043,0.000043
TGGGCGATACAATAAG-1,0.339281,0.018225,0.00001,0.00001,0.00002,0.311256,0.123887,0.20731
TGGGTAAGGTTCCCGC-1,0.000052,0.090531,0.000839,0.289874,0.618549,0.000052,0.000052,0.000052
TGGGTGCACAAGCCAT-1,0.021369,0.05065,0.014263,0.000015,0.023864,0.816358,0.000957,0.072524
TGGGTGGGATGTCATT-1,0.168787,0.217101,0.147157,0.296143,0.160755,0.000049,0.000049,0.009958
TGGGTGTAATAGATTT-1,0.000019,0.000057,0.000019,0.041957,0.000038,0.927733,0.030157,0.000019
TGGGTGTTAAGTAGAA-1,0.047706,0.001521,0.000015,0.000015,0.000031,0.384224,0.323081,0.243408
TGGGTTTCGGGCGTAC-1,0.000028,0.000084,0.321187,0.000028,0.023887,0.459192,0.04343,0.152164
TGGTAAGCAGGATTGA-1,0.000578,0.013421,0.421423,0.387856,0.152249,0.009676,0.007859,0.006937
TGGTAGAATATATGGG-1,0.487645,0.090464,0.240764,0.022061,0.043076,0.003288,0.111072,0.001631
TGGTATCGCATCCCAA-1,0.000062,0.015765,0.000062,0.36383,0.579006,0.000062,0.000082,0.04113
TGGTATCGGTCTGTAT-1,0.000056,0.000167,0.000056,0.130826,0.84515,0.000056,0.023633,0.000056
TGGTCCCACGCTACGG-1,0.0001,0.000301,0.0001,0.154156,0.0002,0.465185,0.379857,0.0001
TGGTCGATATACCTCT-1,0.000031,0.000092,0.000031,0.000031,0.000062,0.577764,0.41962,0.00237
TGGTCGGGTACAGGGC-1,0.000041,0.000122,0.005862,0.15333,0.054247,0.713133,0.073225,0.000041
TGGTCGTGCAAGGCAA-1,0.113082,0.289364,0.00002,0.290655,0.011589,0.00002,0.021155,0.274116
TGGTCGTTTGATAGAT-1,0.000089,0.078421,0.13227,0.364629,0.419209,0.005204,0.000089,0.000089
TGGTCTAGCTTACATG-1,0.008197,0.479291,0.028295,0.047729,0.372534,0.063923,0.000016,0.000016
TGGTCTGTTGGGCGTA-1,0.035675,0.148341,0.292446,0.210768,0.17191,0.000028,0.000028,0.140803
TGGTGATCGTATTTGT-1,0.043114,0.712351,0.000014,0.002662,0.241818,0.000014,0.000014,0.000014
TGGTGCCCTGCCTTAC-1,0.000026,0.000078,0.000337,0.000026,0.000052,0.925486,0.07397,0.000026
TGGTTAACTTACATTT-1,0.000995,0.002769,0.000032,0.169628,0.04048,0.509206,0.276858,0.000032
TGGTTAAGGGCGCTGG-1,0.021667,0.825398,0.000008,0.075577,0.009073,0.000008,0.01637,0.051897
TGGTTCAACGGGTAAT-1,0.000141,0.000422,0.043613,0.198528,0.000281,0.449499,0.307376,0.000141
TGGTTCGTAGCAAAGG-1,0.000027,0.386778,0.000496,0.366124,0.246495,0.000027,0.000027,0.000027
TGGTTGGAGGATCCTG-1,0.071733,0.678158,0.000023,0.022896,0.221464,0.000023,0.000023,0.00568
TGGTTTAAACGTGGGT-1,0.013925,0.83589,0.004637,0.092593,0.026813,0.010249,0.004993,0.010901
TGTAACTTGTCAACCT-1,0.055535,0.021057,0.022077,0.027028,0.87417,0.000044,0.000044,0.000044
TGTAATGACCACAATA-1,0.072593,0.27596,0.143556,0.267636,0.164518,0.020371,0.000013,0.055353
TGTAATGCCTTCGGAC-1,0.000086,0.000259,0.384104,0.000086,0.585492,0.029802,0.000086,0.000086
TGTACCCGACCCTAAT-1,0.000019,0.000056,0.000019,0.000019,0.000037,0.497927,0.501906,0.000019
TGTACCTACACGAGGG-1,0.164611,0.183628,0.046991,0.075872,0.312532,0.182004,0.022471,0.011891
TGTACGAACAAATCCG-1,0.000045,0.000134,0.215003,0.767238,0.017447,0.000045,0.000045,0.000045
TGTACGCTATCAGCTT-1,0.032469,0.093311,0.267473,0.136547,0.322175,0.058223,0.089693,0.000108
TGTACTACTCTCACGG-1,0.035523,0.724777,0.00833,0.019296,0.172573,0.000011,0.005198,0.034293
TGTACTATCGCTCGTT-1,0.000047,0.000141,0.000047,0.000047,0.000094,0.663873,0.335704,0.000047
TGTACTGTGCCAAAGT-1,0.000032,0.001035,0.000339,0.002476,0.948515,0.000032,0.000032,0.047539
TGTACTTCCGGGCATG-1,0.564947,0.060835,0.000289,0.000013,0.014285,0.336926,0.022693,0.000013
TGTAGCCAATTCCGTT-1,0.000012,0.000037,0.079311,0.000012,0.126229,0.768533,0.000012,0.025853
TGTAGCCATCCCATTC-1,0.000028,0.000085,0.132359,0.000028,0.008939,0.758087,0.088122,0.012352
TGTAGGAGAAATTTCC-1,0.000323,0.287319,0.147971,0.212017,0.344246,0.008087,0.000018,0.000018
TGTAGTGATCTATAAT-1,0.001921,0.351549,0.274582,0.033145,0.28853,0.024992,0.000025,0.025255
TGTATAACAGATCCTG-1,0.087165,0.579969,0.02648,0.010303,0.146191,0.000014,0.000014,0.149863
TGTATACGGATGATGA-1,0.003752,0.311078,0.001056,0.389182,0.29488,0.000017,0.000017,0.000017
TGTATCAGACTGAAGC-1,0.001464,0.498037,0.000024,0.089443,0.410961,0.000024,0.000024,0.000024
TGTATCCTTATTCCAT-1,0.009203,0.102608,0.000055,0.025239,0.761404,0.057897,0.000055,0.043539
TGTATGGCGCAGACAG-1,0.006037,0.064243,0.528344,0.144063,0.001684,0.00067,0.073801,0.181159
TGTATTTACCTAATGC-1,0.022693,0.39029,0.000031,0.007641,0.379867,0.026563,0.000031,0.172883
TGTCATTTGTTGGGAA-1,0.000024,0.178524,0.018734,0.44265,0.330501,0.004234,0.025309,0.000024
TGTCCACGGCTCAACT-1,0.030788,0.06362,0.000017,0.000017,0.001149,0.904375,0.000017,0.000017
TGTCCCGACATAGCAC-1,0.052176,0.135541,0.065948,0.48194,0.26412,0.000092,0.000092,0.000092
TGTCCGCAAACAATTC-1,0.000027,0.000082,0.000027,0.000027,0.000054,0.167435,0.664733,0.167614
TGTCCGTGGCGCCTTT-1,0.021018,0.404466,0.000017,0.138725,0.148638,0.000017,0.002514,0.284605
TGTCCTAAGTCACCGC-1,0.079866,0.170939,0.257194,0.001466,0.405298,0.000426,0.000024,0.084786
TGTCGGCATGGTGGAA-1,0.015537,0.085781,0.000039,0.005896,0.819355,0.000039,0.000039,0.073313
TGTCGTGGGTATAGGC-1,0.000045,0.075798,0.000045,0.000045,0.000091,0.923884,0.000045,0.000045
TGTCGTTATCACATAT-1,0.000051,0.000152,0.000051,0.000051,0.000102,0.574558,0.424985,0.000051
TGTCTACAGTTTCTGT-1,0.00007,0.003192,0.00007,0.246411,0.750046,0.00007,0.00007,0.00007
TGTGACTACGCCAGTC-1,0.000126,0.359338,0.018904,0.320329,0.301217,0.000029,0.000029,0.000029
TGTGACTAGAGTTTGC-1,0.000017,0.000052,0.040936,0.025368,0.062991,0.84549,0.025129,0.000017
TGTGAGACTAGCCCAA-1,0.000107,0.029073,0.103358,0.047941,0.000214,0.332012,0.487187,0.000107
TGTGATTCCAGCGCTT-1,0.006427,0.214284,0.213852,0.035098,0.39814,0.019699,0.01678,0.095719
TGTGCCGGTGCCGGAA-1,0.334986,0.026673,0.000015,0.000015,0.000029,0.200832,0.053632,0.383818
TGTGCTTTACGTAAGA-1,0.025589,0.257888,0.046242,0.188043,0.318951,0.041028,0.034145,0.088114
TGTGGACTATCTACGT-1,0.088295,0.007776,0.352431,0.021306,0.243158,0.286967,0.000033,0.000033
TGTGGAGGAAGCTTAA-1,0.000032,0.022698,0.000032,0.001645,0.975497,0.000032,0.000032,0.000032
TGTGGCAAAGCGTATG-1,0.046779,0.166465,0.172118,0.484389,0.028931,0.000891,0.023159,0.077268
TGTGGCGGGCTTCTGG-1,0.000046,0.000139,0.338476,0.000046,0.040338,0.594419,0.026488,0.000046
TGTGGCTCCCACCAAC-1,0.15906,0.125018,0.217309,0.325459,0.000059,0.025301,0.137489,0.010306
TGTGGTAGGGTGCCTT-1,0.002817,0.061267,0.348788,0.048462,0.047459,0.483204,0.000785,0.007218
TGTGGTTGCTAAAGCT-1,0.000037,0.000111,0.000037,0.000037,0.000074,0.531707,0.467959,0.000037
TGTGTAGTAGCACGTG-1,0.057162,0.000202,0.014853,0.216476,0.028874,0.675593,0.006771,0.000067
TGTGTCGCGAGTTGCA-1,0.002814,0.546446,0.020806,0.166413,0.144818,0.000022,0.005326,0.113355
TGTGTTCGTATCCAAG-1,0.000034,0.000103,0.000034,0.830946,0.168779,0.000034,0.000034,0.000034
TGTTAACAAAGTGACT-1,0.012139,0.000201,0.009189,0.000037,0.000074,0.712393,0.261718,0.004248
TGTTATTGTATGTGGC-1,0.000052,0.005297,0.13402,0.576618,0.060821,0.064298,0.114526,0.044368
TGTTCATAAATGTGCT-1,0.080058,0.221968,0.024792,0.148907,0.392393,0.023011,0.00028,0.10859
TGTTCCGCTTCCATGA-1,0.01059,0.011247,0.084832,0.766973,0.126208,0.00005,0.00005,0.00005
TGTTCCGGCCTGAGCT-1,0.006039,0.000043,0.000014,0.000014,0.030442,0.963419,0.000014,0.000014
TGTTCGTATTGCGGTG-1,0.000073,0.000219,0.287018,0.306734,0.000146,0.405664,0.000073,0.000073
TGTTCTCATACTATAG-1,0.031216,0.00016,0.000053,0.055091,0.028485,0.875674,0.009267,0.000053
TGTTCTCTACTCCCTA-1,0.070968,0.200635,0.000024,0.107559,0.612423,0.000024,0.006813,0.001554
TGTTCTTCCATTGACT-1,0.188025,0.416195,0.005068,0.271537,0.119096,0.000026,0.000026,0.000026
TGTTGATCACTGTTTA-1,0.011701,0.217854,0.061952,0.125073,0.548874,0.002577,0.000035,0.031935
TGTTGCCGTCGTCCCA-1,0.044108,0.027919,0.387711,0.284241,0.166971,0.088987,0.000031,0.000031
TGTTGTCAAGAAGTCT-1,0.066651,0.583641,0.000011,0.120027,0.018989,0.006945,0.041176,0.16256
TGTTTAATACTTCATC-1,0.000108,0.399533,0.000108,0.196399,0.394476,0.009161,0.000108,0.000108
TGTTTCGGTACTTCTC-1,0.013059,0.491919,0.0008,0.046215,0.416067,0.000031,0.000031,0.031878
TGTTTGAGATCGTCAG-1,0.462247,0.408818,0.000009,0.000009,0.039869,0.003168,0.022783,0.063096
TTAAACAGAGTCCCGC-1,0.057874,0.10994,0.000041,0.133275,0.649001,0.034763,0.000041,0.015064
TTAAACCGGTAGCGAC-1,0.003586,0.409511,0.000018,0.001668,0.558404,0.000018,0.000018,0.026778
TTAAACCTGGTTCCTT-1,0.003231,0.384617,0.000012,0.174145,0.344646,0.093325,0.000012,0.000012
TTAAACTCGAATTCAT-1,0.043544,0.342408,0.0168,0.390208,0.20698,0.00002,0.00002,0.00002
TTAAAGGCGATGCTCG-1,0.000029,0.000087,0.007361,0.000029,0.014074,0.788558,0.158984,0.030879
TTAAAGTAAGTCGCCA-1,0.015379,0.004071,0.002147,0.017364,0.042594,0.918413,0.000016,0.000016
TTAACACCTCGAACAT-1,0.016378,0.697351,0.006153,0.034613,0.216641,0.004869,0.015593,0.008402
TTAACCAACCCTCCCT-1,0.000563,0.424459,0.066855,0.000266,0.398941,0.000023,0.000023,0.108871
TTAACCCGAGGCGTGT-1,0.056624,0.006828,0.000031,0.072317,0.028101,0.7848,0.023448,0.027851
TTAACGAACAAGCAGT-1,0.062172,0.669436,0.001571,0.124028,0.09545,0.046839,0.000011,0.000493
TTAACGTCGCAAGACC-1,0.03879,0.124926,0.036267,0.097975,0.653467,0.000037,0.000037,0.048501
TTAACTCACGCGTGGA-1,0.042655,0.153504,0.000017,0.294978,0.451171,0.042961,0.000864,0.013849
TTAACTGATCGTTTGG-1,0.277049,0.015913,0.000023,0.003551,0.021596,0.648277,0.026955,0.006635
TTAACTTCAGGTAGGA-1,0.003724,0.025965,0.542967,0.001935,0.276563,0.132569,0.016249,0.000028
TTAAGACGAACGAACC-1,0.051054,0.324296,0.002529,0.018504,0.59181,0.000529,0.000029,0.011249
TTAAGATACCCAGAGA-1,0.00002,0.000059,0.101527,0.00002,0.000039,0.604709,0.084499,0.209128
TTAAGATAGGATTGAC-1,0.068769,0.003807,0.064635,0.53125,0.168213,0.163259,0.000033,0.000033
TTAAGCCGACAACTTC-1,0.000067,0.140184,0.037205,0.276192,0.526144,0.000067,0.020073,0.000067
TTAAGCGCCTGACCCA-1,0.035752,0.347289,0.079574,0.369783,0.154352,0.013205,0.000022,0.000022
TTAAGGATACGGAGGT-1,0.026577,0.393458,0.000118,0.000025,0.579748,0.000025,0.000025,0.000025
TTAAGGCCCGTACTTT-1,0.014985,0.031873,0.000022,0.004674,0.003004,0.945399,0.000022,0.000022
TTAAGTATTGTTATCC-1,0.000045,0.000135,0.021714,0.000045,0.00009,0.503987,0.473938,0.000045
TTAATCAGTACGTCAG-1,0.00004,0.183586,0.033274,0.329704,0.41874,0.011436,0.00004,0.023182
TTAATGCGAGGTAACT-1,0.000033,0.001123,0.000033,0.069551,0.861152,0.000033,0.000033,0.068041
TTAATGTAGACCAGGT-1,0.178891,0.425809,0.032135,0.16882,0.152926,0.000021,0.000021,0.041376
TTAATGTGTTTGCAGG-1,0.002914,0.101153,0.000018,0.068007,0.769613,0.000018,0.000018,0.05826
TTAATTGCTTTGGGTG-1,0.000059,0.000176,0.166996,0.166672,0.000117,0.608304,0.057618,0.000059
TTAATTTCAGACGCGG-1,0.000717,0.771872,0.00002,0.02538,0.145825,0.00002,0.000049,0.056117
TTACAACTACGCATCC-1,0.02978,0.516988,0.01493,0.146756,0.13004,0.050738,0.008142,0.102628
TTACACGATCTGCGAC-1,0.000046,0.000138,0.000046,0.000046,0.000092,0.507661,0.491925,0.000046
TTACAGACCTAAATGA-1,0.039614,0.548829,0.038663,0.193061,0.124662,0.055145,0.000013,0.000013
TTACATCGTGGCCTGG-1,0.000055,0.005783,0.008856,0.427902,0.532723,0.02457,0.000055,0.000055
TTACATGCCACAACTA-1,0.344667,0.15025,0.047365,0.293622,0.063712,0.000487,0.024659,0.075239
TTACCATTGATTACCC-1,0.025889,0.136572,0.027101,0.462603,0.306184,0.028208,0.000034,0.013409
TTACCCATTGCCGGGT-1,0.014458,0.135152,0.05248,0.58941,0.085326,0.000046,0.011984,0.111144
TTACCCTAACAGTCCT-1,0.00002,0.508128,0.009358,0.05166,0.226639,0.00002,0.00002,0.204155
TTACCCTAGGGATTGG-1,0.000031,0.000092,0.061215,0.000031,0.117008,0.820583,0.000031,0.00101
TTACCGCCTTAGGGAA-1,0.000067,0.011252,0.004278,0.171651,0.740891,0.071726,0.000067,0.000067
TTACGGATGGTTCGAG-1,0.000033,0.127608,0.046274,0.47476,0.269416,0.081845,0.000033,0.000033
TTACGGTGTCACCGAG-1,0.000034,0.011378,0.000034,0.122728,0.848713,0.017045,0.000034,0.000034
TTACGTAGCGCGTGCT-1,0.038009,0.397773,0.029767,0.00432,0.487256,0.042824,0.000026,0.000026
TTACGTATCTATGACA-1,0.000036,0.000109,0.000036,0.000036,0.000073,0.546618,0.453055,0.000036
TTACTAAAGGACTTTA-1,0.189211,0.058607,0.067312,0.166247,0.000117,0.141795,0.370698,0.006013
TTACTATCGGCTTCTC-1,0.141597,0.222944,0.102696,0.156529,0.376184,0.000017,0.000017,0.000017
TTACTCCGGCCGGGAA-1,0.000037,0.005519,0.075674,0.621827,0.296831,0.000037,0.000037,0.000037
TTACTCTGGTACGTAC-1,0.04818,0.157519,0.208403,0.254963,0.035054,0.080825,0.064015,0.15104
TTACTGGGATATTTCA-1,0.000073,0.012045,0.463419,0.286327,0.039304,0.154686,0.041248,0.002897
TTACTGTCTAGAGCTC-1,0.060567,0.597329,0.008295,0.150769,0.15072,0.027757,0.000022,0.004541
TTACTGTTTCTCTACG-1,0.000063,0.000189,0.000063,0.275311,0.724185,0.000063,0.000063,0.000063
TTAGAAGAACATGACT-1,0.000069,0.000206,0.034761,0.173508,0.000137,0.51413,0.277121,0.000069
TTAGAATAAGGGTCGG-1,0.000043,0.000128,0.008971,0.058006,0.000085,0.560913,0.371813,0.000043
TTAGACACGATCGTTG-1,0.07279,0.36366,0.000025,0.250795,0.302259,0.010423,0.000025,0.000025
TTAGACGAGTCACCTC-1,0.000031,0.000093,0.233868,0.000031,0.0924,0.606696,0.000031,0.066851
TTAGAGTATTGTCGAG-1,0.00004,0.00012,0.055119,0.00004,0.012736,0.712365,0.187885,0.031695
TTAGAGTTTAGAAGGA-1,0.071537,0.010029,0.302763,0.28591,0.130305,0.199384,0.000036,0.000036
TTAGATAGGTCGATAC-1,0.000086,0.018959,0.000086,0.17432,0.714375,0.000086,0.000086,0.092004
TTAGCAACATGGATGT-1,0.001854,0.7488,0.000016,0.002709,0.143088,0.000016,0.000016,0.1035
TTAGCCATAGGGCTCG-1,0.000088,0.000265,0.000088,0.000088,0.000177,0.512013,0.487191,0.000088
TTAGCGAATAGATAGG-1,0.000032,0.000097,0.076504,0.000032,0.019612,0.83172,0.000732,0.07127
TTAGCTAATACGATCT-1,0.112497,0.257623,0.000024,0.200719,0.386325,0.042763,0.000024,0.000024
TTAGCTCTGTAATCCG-1,0.036241,0.204951,0.014116,0.310467,0.376967,0.01243,0.015478,0.029351
TTAGCTGATTTGCCGT-1,0.006072,0.077877,0.246041,0.448803,0.208855,0.000028,0.000028,0.012294
TTAGGATGGGAGGGTA-1,0.244219,0.257964,0.060646,0.024806,0.111227,0.057287,0.016474,0.227378
TTAGGTCATAACCGAC-1,0.00004,0.00012,0.24222,0.00004,0.1273,0.6302,0.00004,0.00004
TTAGGTGTGACTGGTC-1,0.013401,0.476441,0.001345,0.000184,0.485064,0.023518,0.000023,0.000023
TTAGTAAACCTGCTCT-1,0.000036,0.000108,0.000036,0.000036,0.000072,0.716904,0.282771,0.000036
TTAGTAGGGCGGCGGG-1,0.046182,0.078773,0.008943,0.361755,0.330632,0.171307,0.000035,0.002373
TTAGTTATTCGTGGCA-1,0.220413,0.053512,0.002319,0.178694,0.099988,0.189971,0.056035,0.199068
TTAGTTCAAGTGTTCG-1,0.000031,0.231444,0.000138,0.523209,0.245087,0.000031,0.000031,0.000031
TTATAGATGCACATTA-1,0.002974,0.09495,0.000041,0.000023,0.852789,0.005922,0.000023,0.043279
TTATAGGTAATTGTCT-1,0.000084,0.000251,0.015166,0.143867,0.000167,0.578776,0.261604,0.000084
TTATAGTCCAAGGTGC-1,0.000109,0.000326,0.138095,0.330132,0.531011,0.000109,0.000109,0.000109
TTATATACGCTGTCAC-1,0.437041,0.446052,0.000009,0.003436,0.034632,0.001033,0.000008,0.077789
TTATATTTGGCAATCC-1,0.064694,0.524862,0.006372,0.181014,0.160126,0.004123,0.000033,0.058776
TTATCATACTCGCAAA-1,0.000078,0.000234,0.282229,0.020773,0.696451,0.000078,0.000078,0.000078
TTATCCAATCGAACTC-1,0.037712,0.645334,0.000017,0.000017,0.316872,0.000017,0.000017,0.000017
TTATCCGGGATCTATA-1,0.005272,0.001065,0.163413,0.00003,0.224313,0.605846,0.00003,0.00003
TTATCCTCAAGGAATA-1,0.000064,0.000191,0.000064,0.101416,0.005995,0.397443,0.494765,0.000064
TTATCGCCTGCGAAGC-1,0.057433,0.280558,0.000029,0.421699,0.143766,0.000029,0.032643,0.063843
TTATCTGACATTAGGA-1,0.011239,0.066286,0.191458,0.020948,0.261325,0.18621,0.004686,0.257848
TTATCTGTATCATAAC-1,0.020442,0.818213,0.000012,0.042423,0.006677,0.000012,0.001737,0.110485
TTATGAATGAAAGGGA-1,0.199877,0.111548,0.046126,0.393426,0.00035,0.000039,0.121658,0.126975
TTATGACAAACTGGAT-1,0.000033,0.240297,0.000033,0.435467,0.324073,0.000033,0.000033,0.000033
TTATGATCTTAACGAA-1,0.104005,0.173352,0.174105,0.243618,0.243858,0.000022,0.005879,0.055161
TTATGCGTCCCGGTCC-1,0.003753,0.426687,0.000018,0.000018,0.569469,0.000018,0.000018,0.000018
TTATGTTTGCGATAGA-1,0.020721,0.390614,0.027827,0.216287,0.287044,0.000027,0.008198,0.049282
TTATTAGAGCGTGTTC-1,0.000152,0.000455,0.173689,0.286326,0.000303,0.104632,0.434293,0.000152
TTATTAGGGAAGCATC-1,0.000036,0.259962,0.039069,0.124982,0.501734,0.000036,0.000036,0.074144
TTATTATCTGGAAGGC-1,0.098715,0.08712,0.076197,0.000033,0.214069,0.5238,0.000033,0.000033
TTATTTAGGTTCCTTA-1,0.000046,0.000139,0.29774,0.000046,0.001337,0.618926,0.081718,0.000046
TTATTTCATCCCAAAC-1,0.000132,0.000395,0.116117,0.285876,0.558645,0.000132,0.038572,0.000132
TTCAAAGTCTCTAGCC-1,0.096931,0.357833,0.15319,0.081956,0.206846,0.00002,0.00002,0.103204
TTCAACGACCCGACCG-1,0.000064,0.005738,0.02198,0.727275,0.153203,0.000064,0.016894,0.074782
TTCAAGCCGAGCTGAG-1,0.014797,0.038289,0.000048,0.179346,0.661554,0.040704,0.000201,0.065061
TTCAATACTCTGAATC-1,0.273363,0.414343,0.049266,0.15529,0.107697,0.000014,0.000014,0.000014
TTCAATTAGCCATAAT-1,0.009724,0.356823,0.000034,0.000034,0.576806,0.000034,0.000034,0.056511
TTCACGAAAGGATCAC-1,0.025848,0.032544,0.251843,0.459562,0.206597,0.000031,0.000031,0.023544
TTCACGGTCGTCACGT-1,0.000026,0.040411,0.000026,0.000026,0.010132,0.783555,0.165797,0.000026
TTCACTCGAGCACCTA-1,0.000036,0.000107,0.094819,0.000036,0.117445,0.7604,0.016328,0.010831
TTCACTTCCTAGAACG-1,0.000017,0.00005,0.000017,0.000017,0.000034,0.856506,0.036408,0.106952
TTCAGAGTAACCTGAC-1,0.018174,0.279023,0.022847,0.000027,0.679849,0.000027,0.000027,0.000027
TTCAGCCCTGGTCCAC-1,0.184052,0.014307,0.347343,0.27844,0.016252,0.115899,0.043663,0.000043
TTCAGCTGGCGTGCCC-1,0.00008,0.000241,0.093931,0.137572,0.012605,0.559889,0.195601,0.00008
TTCAGGCGTCAAAGCC-1,0.002843,0.01205,0.247241,0.398932,0.303428,0.000024,0.009438,0.026044
TTCAGTTCAAGAGGAG-1,0.00004,0.000119,0.041711,0.00004,0.074896,0.46734,0.415815,0.00004
TTCAGTTTGTGGCAGC-1,0.064848,0.590436,0.011801,0.074498,0.197472,0.050322,0.004735,0.005888
TTCATAGCCTTGTAAC-1,0.013866,0.144994,0.000741,0.000022,0.823003,0.000022,0.000022,0.017329
TTCATAGGGTGTCCAT-1,0.004482,0.446027,0.020121,0.029834,0.441306,0.054528,0.000022,0.00368
TTCATGGCGCAACAGG-1,0.013031,0.397964,0.000023,0.311704,0.197965,0.000023,0.001286,0.078005
TTCCAATCAGAGCTAG-1,0.000014,0.312483,0.182766,0.000014,0.414743,0.013104,0.000014,0.076861
TTCCAATCTGGCTATC-1,0.104492,0.072158,0.282865,0.004589,0.000138,0.525025,0.001365,0.009368
TTCCACACAGATTTGA-1,0.174813,0.014548,0.141571,0.031695,0.046596,0.556156,0.016047,0.018575
TTCCACATTTCTCGTC-1,0.000075,0.000226,0.487865,0.176344,0.292379,0.042959,0.000075,0.000075
TTCCAGACGAGATTTA-1,0.034629,0.387727,0.230179,0.082834,0.178069,0.025783,0.00171,0.059071
TTCCAGTGGGTTTCGT-1,0.038724,0.000121,0.03446,0.00004,0.00008,0.561016,0.322827,0.042731
TTCCATCATGCGGTGA-1,0.043541,0.732545,0.000021,0.086756,0.127722,0.000021,0.00637,0.003024
TTCCATCGACAGCGTG-1,0.000086,0.000257,0.000086,0.000086,0.000171,0.784597,0.214633,0.000086
TTCCCAAAGTACTGAT-1,0.121805,0.014379,0.000032,0.045741,0.028129,0.77916,0.010722,0.000032
TTCCCGACGCTTCACT-1,0.000077,0.033383,0.145332,0.117605,0.570566,0.037888,0.041931,0.053217
TTCCCGGCGCCAATAG-1,0.000029,0.000087,0.511525,0.067915,0.126407,0.233001,0.051114,0.009923
TTCCGCAGAGAAATAT-1,0.000017,0.182752,0.001329,0.413768,0.383285,0.018813,0.000017,0.000017
TTCCGCGTGAGGCGAT-1,0.288924,0.110793,0.256654,0.070474,0.025581,0.000038,0.102068,0.145469
TTCCGGCCTTGAGGCT-1,0.00005,0.000151,0.00005,0.164499,0.0395,0.759112,0.036587,0.00005
TTCCGGCTCGACTTCT-1,0.030689,0.839785,0.000012,0.000012,0.129464,0.000012,0.000012,0.000012
TTCCGGTATCTGTGTC-1,0.071538,0.119769,0.040285,0.508744,0.184783,0.000025,0.02397,0.050885
TTCCGGTTACCCACTT-1,0.007788,0.063521,0.47862,0.241814,0.192746,0.01543,0.00004,0.00004
TTCCTCGAGGGTGTCT-1,0.004297,0.790117,0.011814,0.000012,0.050895,0.015308,0.000012,0.127545
TTCCTCGGACTAACCA-1,0.119509,0.136393,0.093955,0.000017,0.070544,0.192206,0.000017,0.387359
TTCCTCTGCCCGAATA-1,0.038357,0.206651,0.00002,0.510485,0.112254,0.00002,0.047288,0.084924
TTCCTTTCTGTGTTGC-1,0.0479,0.292278,0.000031,0.006233,0.579913,0.000031,0.000031,0.073584
TTCGAACGAAACATGC-1,0.000027,0.000081,0.00587,0.000027,0.061238,0.790597,0.142134,0.000027
TTCGACAGAGCCCGTG-1,0.114173,0.013548,0.000038,0.123301,0.004888,0.740602,0.003412,0.000038
TTCGACGGGAAGGGCG-1,0.021772,0.831444,0.030119,0.008829,0.053799,0.000015,0.000015,0.054007
TTCGAGCCGGCGCTAC-1,0.004761,0.50839,0.019877,0.010281,0.130097,0.000019,0.000019,0.326556
TTCGCACTCGCGTGCT-1,0.079537,0.396853,0.004284,0.143296,0.309199,0.056477,0.003135,0.007217
TTCGCACTGTACGACA-1,0.00527,0.02594,0.087811,0.005799,0.058649,0.816457,0.000037,0.000037
TTCGCATCCGGAAGCA-1,0.03141,0.308015,0.000038,0.010069,0.511,0.000038,0.000038,0.139392
TTCGCCGCTCGCGCTA-1,0.000041,0.000123,0.000041,0.000041,0.000082,0.598152,0.401478,0.000041
TTCGCGCGCCATACGA-1,0.032901,0.000114,0.00378,0.03538,0.083695,0.84264,0.001452,0.000038
TTCGCTAGGAAGTTGT-1,0.141563,0.375527,0.102061,0.006968,0.085307,0.000008,0.000008,0.288556
TTCGCTATCTGACGTG-1,0.062508,0.595681,0.006094,0.090154,0.114455,0.018508,0.000014,0.112587
TTCGGACTGATGCCTT-1,0.0744,0.035829,0.000078,0.217717,0.671744,0.000078,0.000078,0.000078
TTCGGACTGGGCATGG-1,0.00002,0.00006,0.163954,0.026146,0.016419,0.766601,0.026781,0.00002
TTCGGCAACCCGCTGA-1,0.154403,0.703958,0.00001,0.000414,0.023404,0.029462,0.000428,0.08792
TTCGGCTAGAGATGGT-1,0.002389,0.312161,0.123412,0.000017,0.451118,0.001497,0.000017,0.109388
TTCGGGACTAATCGCG-1,0.013441,0.11833,0.365941,0.283041,0.202516,0.000025,0.000025,0.016681
TTCGGGCGCTAGTCTT-1,0.307328,0.060083,0.056394,0.023839,0.058688,0.355008,0.135509,0.00315
TTCGGGTTGCCACGGG-1,0.158562,0.010367,0.036032,0.007548,0.000075,0.510562,0.257045,0.019809
TTCGGTACTGTAGAGG-1,0.000032,0.000096,0.000032,0.000032,0.039358,0.954351,0.000032,0.006068
TTCGGTGGAGACGCCC-1,0.048788,0.004963,0.233803,0.56588,0.082991,0.045815,0.017731,0.000029
TTCGTAATCCCAGCGG-1,0.013835,0.441706,0.000042,0.132504,0.379148,0.000042,0.000042,0.032681
TTCGTACTCCAGAACG-1,0.000063,0.00019,0.092218,0.840725,0.066612,0.000063,0.000063,0.000063
TTCGTGCATGTTATAG-1,0.000068,0.000205,0.098467,0.000068,0.014496,0.880747,0.005879,0.000068
TTCGTGGGCTGGAAGC-1,0.000075,0.000225,0.001379,0.364897,0.597075,0.000075,0.000075,0.036198
TTCGTTCAACGAAGTT-1,0.022843,0.427646,0.091737,0.270417,0.187299,0.000019,0.000019,0.000019
TTCTAACCGAAGCTTA-1,0.182451,0.507692,0.000014,0.146757,0.107178,0.05588,0.000014,0.000014
TTCTACCTCAATCGGT-1,0.000031,0.000092,0.034789,0.000031,0.000061,0.543477,0.421124,0.000395
TTCTACCTTTATGTTG-1,0.000083,0.000249,0.000083,0.169172,0.679373,0.000083,0.000083,0.150874
TTCTACTTGCGAGGGC-1,0.057615,0.216712,0.000026,0.168448,0.371063,0.027887,0.025186,0.133062
TTCTAGAAAGTCTTAT-1,0.000024,0.037351,0.045206,0.006639,0.0426,0.86813,0.000024,0.000024
TTCTAGGCCAATTGTG-1,0.014972,0.302199,0.000031,0.313401,0.346982,0.022352,0.000031,0.000031
TTCTATGCCTTTCGCA-1,0.006652,0.686056,0.000005,0.000005,0.00001,0.000005,0.001694,0.305573
TTCTATTAAACGCAGC-1,0.000031,0.000092,0.000031,0.000031,0.000061,0.610892,0.388833,0.000031
TTCTCAATTGCTACAA-1,0.000035,0.003196,0.037792,0.049952,0.103137,0.755139,0.050713,0.000035
TTCTCTTACAGGTGAT-1,0.000081,0.142709,0.004561,0.000081,0.118816,0.193113,0.540556,0.000081
TTCTGACCGGGCTCAA-1,0.000046,0.000138,0.125212,0.169239,0.042747,0.661605,0.000967,0.000046
TTCTGCCGCGCCTAGA-1,0.00006,0.000181,0.009621,0.170713,0.000121,0.646079,0.173164,0.00006
TTCTGCGAGCGCCCTT-1,0.000027,0.089058,0.289847,0.082955,0.372275,0.000027,0.000027,0.165784
TTCTGCGGGTTAGCGG-1,0.319311,0.236296,0.037523,0.345147,0.061656,0.000022,0.000023,0.000022
TTCTGCTAGACTCCAA-1,0.02331,0.067583,0.000028,0.454221,0.286422,0.16838,0.000028,0.000028
TTCTGTTTCCTGTCGC-1,0.000033,0.050688,0.000033,0.20236,0.689923,0.056897,0.000033,0.000033
TTCTTAGTGAACGGTG-1,0.065229,0.621638,0.000033,0.003128,0.170572,0.02764,0.001,0.110761
TTCTTAGTGGCTCAGA-1,0.02093,0.721035,0.000021,0.106204,0.151746,0.000021,0.000021,0.000021
TTCTTATCCGCTGGGT-1,0.159129,0.030449,0.289122,0.176794,0.011625,0.06213,0.140514,0.130238
TTCTTCCCTTTGATAT-1,0.000045,0.001577,0.004081,0.093415,0.875926,0.000045,0.000045,0.024866
TTCTTCGCAATAGAGC-1,0.157782,0.235161,0.000058,0.026719,0.470245,0.10992,0.000058,0.000058
TTCTTGAGCCGCGCTA-1,0.052522,0.000209,0.045876,0.463549,0.03094,0.398213,0.008622,0.00007
TTCTTGCTAGCATCTC-1,0.372794,0.284479,0.017374,0.145904,0.044165,0.003126,0.004376,0.127784
TTCTTGGACGATCTGC-1,0.000033,0.000099,0.287585,0.000033,0.119083,0.593101,0.000033,0.000033
TTCTTGGAGTAATGAG-1,0.014906,0.140275,0.060626,0.539495,0.233609,0.000039,0.000039,0.01101
TTCTTGTAACCTAATG-1,0.00004,0.119145,0.026121,0.429565,0.40198,0.016579,0.006531,0.00004
TTCTTGTGTCCATCAG-1,0.048352,0.356453,0.06179,0.174234,0.341834,0.000017,0.000017,0.017303
TTCTTTGGTCGCGACG-1,0.001751,0.605262,0.096742,0.067111,0.197919,0.000016,0.000016,0.031182
TTGAAACCCTCATTCC-1,0.000033,0.000098,0.046097,0.000033,0.000298,0.830249,0.059691,0.063502
TTGAAAGGTGTAAAGG-1,0.05951,0.354926,0.112964,0.003646,0.299651,0.000037,0.000037,0.16923
TTGAACGAATCCTTTG-1,0.103905,0.592051,0.000996,0.006647,0.261355,0.009716,0.001804,0.023525
TTGAACGACGTGCTGA-1,0.00003,0.000091,0.241722,0.00003,0.000061,0.356177,0.091699,0.310189
TTGAAGAATTCCCAGG-1,0.078999,0.422613,0.039851,0.444156,0.014299,0.000028,0.000028,0.000028
TTGAAGGATGGGCGCC-1,0.000031,0.001963,0.000031,0.013797,0.040654,0.513004,0.430489,0.000031
TTGAAGTGCATCTACA-1,0.108108,0.277922,0.069675,0.07601,0.166445,0.3016,0.000015,0.000225
TTGAATATGGACTTTC-1,0.084332,0.097782,0.034684,0.484829,0.207601,0.0907,0.000036,0.000036
TTGAATCGTTGTATAA-1,0.000028,0.000083,0.329282,0.000028,0.210454,0.460071,0.000028,0.000028
TTGAATTCACGTGAGG-1,0.014666,0.159972,0.393842,0.113338,0.16488,0.000025,0.000025,0.153251
TTGACAGGAGCTCCCG-1,0.004883,0.000157,0.353919,0.109511,0.074974,0.305825,0.028148,0.122584
TTGACATGAACGTGGA-1,0.176681,0.054442,0.311006,0.18083,0.225295,0.001982,0.019127,0.030638
TTGACCAGGAACAACT-1,0.290087,0.035618,0.000015,0.000015,0.00355,0.457784,0.126481,0.086452
TTGACCATGTTCTCCG-1,0.00003,0.09243,0.179065,0.426713,0.301672,0.00003,0.00003,0.00003
TTGACCGTGTTAATGA-1,0.514231,0.091183,0.069871,0.000015,0.032445,0.207407,0.000745,0.084103
TTGACGATTCAGCACG-1,0.005137,0.392811,0.006713,0.000024,0.595244,0.000024,0.000024,0.000024
TTGACGCTCCATGAGC-1,0.127806,0.215507,0.156936,0.265943,0.221425,0.012338,0.000022,0.000022
TTGACTACCATATGGT-1,0.019739,0.000196,0.189212,0.637259,0.032508,0.03263,0.08839,0.000065
TTGACTATTGTCCGGC-1,0.260363,0.163014,0.215277,0.059365,0.000059,0.000029,0.062685,0.239209
TTGAGAAGTTTAGCAT-1,0.163066,0.047616,0.050532,0.055982,0.000126,0.479361,0.203254,0.000063
TTGAGAGTACTGCTAA-1,0.107465,0.18926,0.231491,0.231026,0.003867,0.000047,0.191562,0.045281
TTGAGCAGCCCACGGT-1,0.042844,0.129693,0.121458,0.308267,0.077122,0.069574,0.059351,0.191691
TTGAGCGCCACGTGAT-1,0.169254,0.125901,0.113693,0.49053,0.100552,0.000023,0.000023,0.000023
TTGAGGCATTTAACTC-1,0.01685,0.342255,0.022394,0.127605,0.39513,0.000052,0.000052,0.095662
TTGAGGGTCGAACGCG-1,0.000071,0.000214,0.172351,0.452175,0.374975,0.000071,0.000071,0.000071
TTGAGTCCCGCTGCTG-1,0.175356,0.512688,0.013895,0.002194,0.026131,0.001439,0.000078,0.268219
TTGATAGTCAATACAT-1,0.000026,0.148892,0.009396,0.588156,0.253451,0.000026,0.000026,0.000026
TTGATCTAACTTTGTC-1,0.102459,0.706591,0.000022,0.031193,0.026415,0.000022,0.000022,0.133274
TTGATGCCGCTCGTCG-1,0.000033,0.000098,0.000033,0.000033,0.000066,0.673798,0.325908,0.000033
TTGATGTGTAGTCCCG-1,0.031762,0.785209,0.041013,0.002348,0.138491,0.000009,0.000009,0.001159
TTGATTAGCTGTTTCT-1,0.000058,0.000173,0.332373,0.000058,0.091188,0.193992,0.37782,0.004338
TTGATTATGCAGATGA-1,0.021115,0.287356,0.03775,0.301794,0.250246,0.039232,0.000028,0.062479
TTGCAAGAAGACTCCT-1,0.00002,0.000059,0.027706,0.010556,0.032705,0.745178,0.180085,0.003691
TTGCACAATTCAGAAA-1,0.00004,0.053736,0.592712,0.089358,0.169838,0.035672,0.01179,0.046854
TTGCACGGAGCAGCAC-1,0.022372,0.91983,0.000011,0.001223,0.012794,0.000011,0.000011,0.043747
TTGCATGCTGATCACG-1,0.000052,0.008401,0.453824,0.289784,0.127168,0.060007,0.031306,0.029457
TTGCCAAGCAGAACCC-1,0.24176,0.113974,0.000606,0.376904,0.105241,0.028682,0.082652,0.050179
TTGCCATAGCCCGCTC-1,0.000084,0.000251,0.131296,0.045515,0.000168,0.192403,0.517331,0.112953
TTGCCCTGATCACGGG-1,0.000031,0.060899,0.102308,0.296799,0.177081,0.000031,0.000031,0.362821
TTGCCGCAGACCTACA-1,0.06596,0.0057,0.245445,0.000031,0.017695,0.57122,0.093917,0.000031
TTGCCGCTTTCTAGTA-1,0.056096,0.08138,0.000017,0.000017,0.075163,0.787292,0.000017,0.000017
TTGCCGGTGATCCCTC-1,0.001468,0.43355,0.000034,0.074985,0.470591,0.000034,0.000034,0.019303
TTGCCTAATCCAAAGT-1,0.039241,0.000068,0.085279,0.002003,0.051475,0.766031,0.053744,0.002158
TTGCCTTCTCGCCGGG-1,0.024535,0.01036,0.127595,0.000019,0.043302,0.61288,0.016445,0.164863
TTGCGCACAACCACGT-1,0.11249,0.008414,0.000018,0.000018,0.000035,0.694721,0.024308,0.159997
TTGCGCTTGATCAATA-1,0.148075,0.038067,0.000019,0.002064,0.025347,0.741364,0.045045,0.000019
TTGCGGAAAGCTGCCC-1,0.000027,0.00008,0.080285,0.000027,0.035893,0.875923,0.00335,0.004417
TTGCGGCATCAGAAAG-1,0.330307,0.029317,0.000036,0.104859,0.000072,0.329622,0.205752,0.000036
TTGCGGCGACTCATGC-1,0.000044,0.006458,0.008386,0.140736,0.844245,0.000044,0.000044,0.000044
TTGCGTAGTTTGAGGA-1,0.102363,0.362326,0.000024,0.11554,0.419676,0.000024,0.000024,0.000024
TTGCGTCGGCCAACCG-1,0.207174,0.021669,0.050853,0.131163,0.023735,0.399316,0.166044,0.000047
TTGCGTGAACGCTTAG-1,0.063963,0.484693,0.000024,0.010566,0.422452,0.000024,0.000024,0.018255
TTGCGTGTGTAGGCAT-1,0.000029,0.000087,0.015431,0.000029,0.107248,0.82918,0.000029,0.047967
TTGCTAGCTACCAATC-1,0.000044,0.000131,0.000044,0.105428,0.854899,0.039367,0.000044,0.000044
TTGCTCATAGTACGTG-1,0.006406,0.032597,0.000017,0.000017,0.014251,0.946678,0.000017,0.000017
TTGCTCCCATACCGGA-1,0.000041,0.200279,0.097334,0.462572,0.213946,0.025745,0.000041,0.000041
TTGCTGAAGGAACCAC-1,0.004449,0.139654,0.003196,0.341052,0.511524,0.000042,0.000042,0.000042
TTGCTGATCATGTTCG-1,0.000061,0.000183,0.259292,0.473756,0.222905,0.013235,0.030508,0.000061
TTGCTGCACCTATCCA-1,0.000034,0.053513,0.002135,0.194079,0.72987,0.020301,0.000034,0.000034
TTGCTGGCCGGGCTTC-1,0.000055,0.044816,0.001542,0.246011,0.663138,0.044328,0.000055,0.000055
TTGGAAGAATACAGTC-1,0.000026,0.000079,0.263975,0.000026,0.068207,0.667633,0.000026,0.000026
TTGGACATGTGGCTTA-1,0.01932,0.001012,0.039903,0.626681,0.000111,0.000055,0.086989,0.225928
TTGGACCATCTGGCAA-1,0.206256,0.092211,0.177118,0.000014,0.070951,0.296885,0.000384,0.156179
TTGGACCTATAACAGT-1,0.000041,0.000122,0.061454,0.045658,0.000081,0.710503,0.1821,0.000041
TTGGAGTCTCCCTTCT-1,0.001945,0.059601,0.000058,0.152799,0.785423,0.000058,0.000058,0.000058
TTGGATATCGTCTACG-1,0.000075,0.000226,0.54423,0.091056,0.055923,0.308339,0.000075,0.000075
TTGGATCGACTTCTGG-1,0.000061,0.000182,0.000061,0.199203,0.80031,0.000061,0.000061,0.000061
TTGGATTGGGTACCAC-1,0.000038,0.039416,0.062326,0.308525,0.589583,0.000038,0.000038,0.000038
TTGGCCAAATTGTATC-1,0.006415,0.000066,0.000022,0.000022,0.193959,0.799472,0.000022,0.000022
TTGGCCATCTTGCGCT-1,0.002814,0.076836,0.000032,0.17918,0.392927,0.070589,0.000032,0.27759
TTGGCCTAGAATTTCG-1,0.043809,0.280147,0.021924,0.334219,0.31982,0.000027,0.000027,0.000027
TTGGCGATCCGAATAT-1,0.120637,0.514912,0.000012,0.144053,0.072997,0.000012,0.006714,0.140662
TTGGCTCAATATGTGT-1,0.000045,0.000135,0.18067,0.044842,0.044297,0.513795,0.216172,0.000045
TTGGCTCGCATGAGAC-1,0.016572,0.168132,0.000923,0.337959,0.318118,0.145768,0.000032,0.012495
TTGGGAAGACGAGCCG-1,0.063762,0.004836,0.118542,0.000019,0.050145,0.514875,0.069979,0.177842
TTGGGACACTGCCCGC-1,0.066099,0.372403,0.026839,0.385989,0.002878,0.000043,0.014129,0.131619
TTGGGACGTAAGAGTT-1,0.038791,0.000181,0.161044,0.192856,0.004415,0.310533,0.29212,0.00006
TTGGGCGGCGGTTGCC-1,0.101088,0.80305,0.011229,0.053684,0.008958,0.000012,0.000012,0.021967
TTGGGTTTATTCAGCG-1,0.015225,0.261032,0.013697,0.234745,0.475216,0.000028,0.000028,0.000028
TTGGTATGGCTTGTGT-1,0.17846,0.614102,0.009017,0.140232,0.053384,0.000012,0.004781,0.000012
TTGGTCACACTCGTAA-1,0.135998,0.118686,0.040054,0.144538,0.003631,0.48969,0.067357,0.000046
TTGGTGCGGTGTTGAA-1,0.000036,0.076434,0.091086,0.264515,0.451071,0.000036,0.000036,0.116786
TTGGTTCGCTCAAAGG-1,0.342671,0.400232,0.023057,0.000121,0.155149,0.000007,0.000007,0.078757
TTGGTTGCGGTGCGCG-1,0.000068,0.000204,0.100213,0.000068,0.000136,0.262123,0.637121,0.000068
TTGTAACTTCATAGCG-1,0.005255,0.243987,0.043979,0.00866,0.525198,0.008007,0.054413,0.110501
TTGTAAGGACCTAAGT-1,0.163871,0.010725,0.315447,0.126375,0.177973,0.183307,0.022266,0.000037
TTGTAAGGCCAGTTGG-1,0.000273,0.424819,0.000015,0.150982,0.000029,0.000015,0.039302,0.384565
TTGTAATCCGTACTCG-1,0.003607,0.027638,0.006122,0.581434,0.356529,0.024592,0.000039,0.000039
TTGTATCACACAGAAT-1,0.00007,0.077303,0.053868,0.072511,0.774221,0.00007,0.00007,0.021885
TTGTCACCGCGGTATC-1,0.025019,0.033383,0.037212,0.096208,0.040114,0.537345,0.180239,0.05048
TTGTCGTTCAGTTACC-1,0.000058,0.000175,0.048684,0.55896,0.391948,0.000058,0.000058,0.000058
TTGTCTCGGCAAGATG-1,0.000035,0.000105,0.01839,0.037284,0.008383,0.78098,0.154788,0.000035
TTGTGAACCTAATCCG-1,0.000121,0.000364,0.000121,0.145353,0.056456,0.499796,0.297668,0.000121
TTGTGAGGCATGACGC-1,0.301712,0.274117,0.042245,0.152087,0.141701,0.000015,0.004431,0.083691
TTGTGATCTGTTCAGT-1,0.029233,0.003022,0.109016,0.003969,0.030106,0.814647,0.003121,0.006886
TTGTGCAGCCACGTCA-1,0.00006,0.000181,0.155125,0.00006,0.049109,0.742286,0.053118,0.00006
TTGTGGAGACAGCCGG-1,0.021536,0.000085,0.075408,0.025456,0.058649,0.782109,0.036728,0.000028
TTGTGGCCCTGACAGT-1,0.001787,0.795693,0.000013,0.012006,0.076718,0.000013,0.000561,0.11321
TTGTGGTAGGAGGGAT-1,0.000026,0.000079,0.367236,0.000026,0.160399,0.47218,0.000026,0.000026
TTGTGGTATAGGTATG-1,0.000017,0.3076,0.16629,0.238856,0.246762,0.000017,0.000285,0.040172
TTGTGGTGGTACTAAG-1,0.000064,0.000192,0.062855,0.148689,0.000128,0.68525,0.102757,0.000064
TTGTGTATGCCACCAA-1,0.000047,0.00014,0.150312,0.000047,0.107173,0.680393,0.061842,0.000047
TTGTGTTTCCCGAAAG-1,0.000019,0.000058,0.085402,0.000019,0.170731,0.743449,0.000019,0.000302
TTGTTAGCAAATTCGA-1,0.000043,0.00013,0.000043,0.659136,0.340516,0.000043,0.000043,0.000043
TTGTTCAGTGTGCTAC-1,0.069598,0.641263,0.046206,0.106331,0.02916,0.022347,0.001649,0.083446
TTGTTGGCAATGACTG-1,0.000053,0.000159,0.017884,0.000053,0.02825,0.764901,0.188646,0.000054
TTGTTGTGTGTCAAGA-1,0.012766,0.394466,0.038227,0.364665,0.149719,0.000028,0.008367,0.031762
TTGTTTCACATCCAGG-1,0.204781,0.018216,0.051757,0.069582,0.052802,0.601456,0.000027,0.001378
TTGTTTCATTAGTCTA-1,0.000088,0.000263,0.050744,0.188491,0.000175,0.49282,0.267331,0.000088
TTGTTTCCATACAACT-1,0.000071,0.000213,0.223045,0.441342,0.092739,0.066728,0.17579,0.000071
TTGTTTGTATTACACG-1,0.000019,0.000057,0.000019,0.000019,0.000038,0.711161,0.107069,0.18162
TTGTTTGTGTAAATTC-1,0.003773,0.380289,0.000025,0.000025,0.615812,0.000025,0.000025,0.000025
