Barcode,Topic 1,Topic 2,Topic 3to8,Topic 9,Topic 10
AAACAAGTATCTCCCA-1,0.460915,0.068565,0.40977,0.001579,0.059172
AAACACCAATAACTGC-1,0.014814,0.215699,0.54224,0.015463,0.211785
AAACAGAGCGACTCCT-1,0.046206,0.000037,0.950303,0.000037,0.003416
AAACAGCTTTCAGAAG-1,0.022729,0.236102,0.609317,0.131781,0.000072
AAACAGGGTCTATATT-1,0.000066,0.159479,0.644887,0.094672,0.100896
AAACAGTGTTCCTGGG-1,0.000026,0.000026,0.404215,0.000026,0.595709
AAACATGGTGAGAGGA-1,0.000032,0.105756,0.000189,0.893991,0.000032
AAACATTTCCCGGATT-1,0.766645,0.005596,0.226857,0.000025,0.000877
AAACCACTACACAGAT-1,0.000018,0.000018,0.583781,0.214743,0.201439
AAACCCGAACGAAATC-1,0.836846,0.056941,0.01507,0.08689,0.004253
AAACCGGAAATGTTAA-1,0.775712,0.013738,0.117078,0.000029,0.093442
AAACCGGGTAGGTACC-1,0.000018,0.000018,0.950241,0.034874,0.014849
AAACCGTTCGTCCAGG-1,0.000064,0.001456,0.849452,0.000064,0.148965
AAACCTAAGCAGCCGG-1,0.03348,0.003537,0.764397,0.012968,0.185618
AAACCTCATGAAGTTG-1,0.000032,0.039315,0.741032,0.143508,0.076113
AAACGAAGAACATACC-1,0.000069,0.263995,0.735797,0.000069,0.000069
AAACGAAGATGGAGTA-1,0.0001,0.881327,0.118257,0.0001,0.000216
AAACGACAGTCTTGCC-1,0.000052,0.27096,0.588752,0.000052,0.140185
AAACGAGACGGTTGAT-1,0.00003,0.001881,0.94738,0.00003,0.050679
AAACGCCCGAGATCGG-1,0.000035,0.000035,0.771741,0.044687,0.183503
AAACGCTGGGCACGAC-1,0.521161,0.000016,0.359797,0.04827,0.070756
AAACGGGCGTACGGGT-1,0.491118,0.071236,0.293591,0.037081,0.106974
AAACGGTTGCGAACTG-1,0.030237,0.000023,0.600243,0.021238,0.348258
AAACGTGTTCGCCCTA-1,0.000022,0.000022,0.871183,0.000022,0.128751
AAACTAACGTGGCGAC-1,0.025358,0.017795,0.880904,0.001634,0.074309
AAACTCGGTTCGCAAT-1,0.000032,0.036312,0.550765,0.036384,0.376507
AAACTCGTGATATAAG-1,0.047315,0.000016,0.950616,0.000016,0.002037
AAACTGCTGGCTCCAA-1,0.055629,0.000991,0.883602,0.016396,0.043382
AAACTTAATTGCACGC-1,0.000067,0.774081,0.037747,0.000067,0.188038
AAACTTGCAAACGTAT-1,0.000014,0.000014,0.902199,0.077809,0.019964
AAAGAATGACCTTAGA-1,0.002781,0.472827,0.000255,0.524095,0.000043
AAAGAATGTGGACTAA-1,0.764716,0.000016,0.121022,0.000016,0.11423
AAAGACATGAAGTTTA-1,0.162701,0.380286,0.231151,0.217648,0.008215
AAAGACCCAAGTCGCG-1,0.000081,0.43995,0.559807,0.000081,0.000081
AAAGACTGGGCGCTTT-1,0.000032,0.050843,0.714114,0.208143,0.026869
AAAGCTTGCCTACATA-1,0.148998,0.000016,0.566126,0.03684,0.24802
AAAGGCCCTATAATAC-1,0.017654,0.284938,0.329378,0.07089,0.297139
AAAGGCTACGGACCAT-1,0.000029,0.044146,0.699073,0.000029,0.256723
AAAGGCTCTCGCGCCG-1,0.000031,0.0049,0.840137,0.000031,0.154902
AAAGGGATGTAGCAAG-1,0.000022,0.000022,0.99279,0.000022,0.007144
AAAGGGCAGCTTGAAT-1,0.000037,0.022864,0.745732,0.100072,0.131295
AAAGGTAAGCTGTACC-1,0.000073,0.000073,0.977017,0.000073,0.022764
AAAGGTCAACGACATG-1,0.00007,0.538252,0.382722,0.00007,0.078886
AAAGTAGCATTGCTCA-1,0.016602,0.019712,0.822675,0.000066,0.140944
AAAGTCACTGATGTAA-1,0.030116,0.120689,0.764535,0.084631,0.000029
AAAGTCGACCCTCAGT-1,0.000022,0.000022,0.805301,0.116845,0.077811
AAAGTGCCATCAATTA-1,0.796845,0.089903,0.02078,0.000034,0.092438
AAAGTGTGATTTATCT-1,0.665586,0.017362,0.316959,0.000047,0.000047
AAAGTTGACTCCCGTA-1,0.4814,0.139451,0.37518,0.003923,0.000046
AAATAACCATACGGGA-1,0.032798,0.001469,0.960611,0.002197,0.002924
AAATAAGGTAGTGCCC-1,0.070372,0.051965,0.658796,0.043012,0.175856
AAATACCTATAAGCAT-1,0.043886,0.007228,0.931491,0.011946,0.005448
AAATAGCTTAGACTTT-1,0.346196,0.088443,0.551872,0.003014,0.010476
AAATAGGGTGCTATTG-1,0.095545,0.020489,0.861552,0.004556,0.017858
AAATCACTCCTAAACG-1,0.147558,0.275375,0.547118,0.00005,0.029899
AAATCCGATACACGCC-1,0.011863,0.000012,0.788396,0.006959,0.192771
AAATCGCGGAAGGAGT-1,0.000101,0.88281,0.116888,0.000101,0.000101
AAATCGTGTACCACAA-1,0.000013,0.000013,0.967295,0.031988,0.00069
AAATCTAGCCCTGCTA-1,0.924115,0.055953,0.019877,0.000028,0.000028
AAATCTGCCCGCGTCC-1,0.032873,0.232989,0.000112,0.734008,0.000019
AAATGACTGATCAAAC-1,0.000013,0.000013,0.567818,0.10033,0.331826
AAATGATTCGATCAGC-1,0.000049,0.000049,0.845215,0.086631,0.068056
AAATGCTCGTTACGTT-1,0.000049,0.555656,0.323872,0.120373,0.000049
AAATGGCATGTCTTGT-1,0.000047,0.000047,0.999812,0.000047,0.000047
AAATGGCCCGTGCCCT-1,0.000061,0.076969,0.734331,0.060878,0.127761
AAATGGTCAATGTGCC-1,0.062138,0.000027,0.884382,0.027873,0.02558
AAATTAACGGGTAGCT-1,0.000029,0.03555,0.90031,0.011405,0.052706
AAATTAATAAGCGCGA-1,0.000099,0.870944,0.128758,0.000099,0.000099
AAATTACACGACTCTG-1,0.015968,0.000027,0.983201,0.000027,0.000778
AAATTACCTATCGATG-1,0.00002,0.007286,0.992221,0.000452,0.00002
AAATTCCAGGTCCAAA-1,0.344061,0.007011,0.506527,0.141349,0.001052
AAATTGATAGTCCTTT-1,0.000103,0.219085,0.520801,0.04946,0.210551
AAATTGGTGAGAAGCA-1,0.000033,0.055107,0.626452,0.040934,0.277475
AAATTTACCGAAATCC-1,0.000054,0.045627,0.86757,0.045452,0.041297
AAATTTGCGGGTGTGG-1,0.000016,0.000019,0.909321,0.000016,0.090627
AACAACTGGTAGTTGC-1,0.000032,0.026982,0.919163,0.000032,0.053791
AACAATACATTGTCGA-1,0.000021,0.000021,0.803962,0.000351,0.195645
AACAATTACTCTACGC-1,0.000023,0.000023,0.934383,0.050415,0.015155
AACACACGCTCGCCGC-1,0.606674,0.072772,0.320461,0.000046,0.000046
AACACGACTGTACTGA-1,0.000046,0.000046,0.963703,0.03616,0.000046
AACACGAGACGCGGCC-1,0.00005,0.00005,0.901102,0.030895,0.067904
AACAGCTGTGTGGCAA-1,0.004278,0.012971,0.86366,0.000029,0.119062
AACAGGAAATCGAATA-1,0.000016,0.000016,0.987575,0.010879,0.001514
AACAGGATGGGCCGCG-1,0.000019,0.000019,0.965476,0.016231,0.018255
AACAGGTAGTATGGAT-1,0.415074,0.000024,0.458919,0.000024,0.125958
AACATAGCGTGTATCG-1,0.000011,0.000011,0.621734,0.144699,0.233545
AACATATCAACTGGTG-1,0.051852,0.002526,0.900574,0.000616,0.044433
AACATCGATACGTCTA-1,0.002033,0.000038,0.969167,0.000038,0.028724
AACATTGAAGTTGATC-1,0.070373,0.537892,0.1534,0.063765,0.174569
AACATTGTGACTCGAG-1,0.000035,0.044054,0.528797,0.028197,0.398917
AACCAAGACTTCTCTG-1,0.00002,0.00002,0.885784,0.023062,0.091114
AACCAGTATCACTCTT-1,0.040041,0.170026,0.533075,0.189075,0.067784
AACCATAGGGTTGAAC-1,0.000039,0.544415,0.214502,0.15548,0.085563
AACCATGGGATCGCTA-1,0.000085,0.940599,0.059147,0.000085,0.000085
AACCCAGAGACGGAGA-1,0.000082,0.150823,0.848927,0.000086,0.000082
AACCCATCCCATGATC-1,0.040142,0.378682,0.454431,0.000104,0.126641
AACCCGACAACCCGTG-1,0.000033,0.010595,0.589702,0.005646,0.394024
AACCCGAGCAGAATCG-1,0.65184,0.049261,0.108621,0.100078,0.090201
AACCCGATAGGGCTTC-1,0.00003,0.00003,0.544906,0.085695,0.369339
AACCCGCTGTATTCCA-1,0.000021,0.000021,0.346085,0.145107,0.508767
AACCCTACTGTCAATA-1,0.526089,0.127704,0.265049,0.08113,0.000028
AACCCTGGTGGAACCA-1,0.000018,0.000018,0.895998,0.088676,0.015291
AACCGAGCTTGGTCAT-1,0.012923,0.045543,0.8033,0.086579,0.051655
AACCGCTAAGGGATGC-1,0.372363,0.011905,0.615666,0.000032,0.000032
AACCGTTGTGTTTGCT-1,0.000052,0.111926,0.870624,0.017345,0.000052
AACCTAAAGCCGTCCG-1,0.000133,0.653504,0.297674,0.048556,0.000133
AACCTCGCTTTAGCCC-1,0.017267,0.013812,0.791395,0.040215,0.137311
AACCTGTCACGGAATT-1,0.012831,0.00002,0.711295,0.109963,0.165891
AACCTTTAAATACGGT-1,0.000015,0.016492,0.972901,0.001928,0.008664
AACCTTTACGACGTCT-1,0.000031,0.000031,0.994103,0.000031,0.005804
AACGAAAGTCGTCCCA-1,0.031711,0.745857,0.038314,0.184053,0.000065
AACGACCTCCTAGCCG-1,0.887134,0.038349,0.006117,0.062505,0.005896
AACGATAATGCCGTAG-1,0.030932,0.000022,0.863662,0.076698,0.028686
AACGATAGAAGGGCCG-1,0.000035,0.057529,0.922188,0.016515,0.003732
AACGATATGTCAACTG-1,0.061363,0.029653,0.9064,0.00004,0.002545
AACGCATGATCTGGGT-1,0.00003,0.00003,0.90394,0.009966,0.086033
AACGCGACCTTGGGCG-1,0.000032,0.015562,0.607649,0.000032,0.376724
AACGCGGTCTCCAGCC-1,0.000076,0.057714,0.942057,0.000076,0.000076
AACGCTGTTGCTGAAA-1,0.536517,0.236321,0.226933,0.000115,0.000115
AACGGACGTACGTATA-1,0.783518,0.000023,0.208148,0.008288,0.000023
AACGGCCATCTCCGGT-1,0.000013,0.000013,0.999948,0.000013,0.000013
AACGTACTGTGGGTAC-1,0.021691,0.048449,0.764104,0.007374,0.158382
AACGTCAGACTAGTGG-1,0.00006,0.047813,0.940948,0.001391,0.009788
AACGTCATCCGGCTTG-1,0.043566,0.01841,0.341099,0.075405,0.52152
AACGTCGCTGCACTTC-1,0.986201,0.000017,0.000104,0.013661,0.000017
AACGTGATGAAGGACA-1,0.000034,0.000034,0.99549,0.004409,0.000034
AACGTGCGAAAGTCTC-1,0.002538,0.000024,0.934907,0.014065,0.048465
AACGTTATCAGCACCT-1,0.056935,0.540065,0.402792,0.000104,0.000104
AACGTTCTACCATTGT-1,0.99983,0.000019,0.000113,0.000019,0.000019
AACTACCCGTTTGTCA-1,0.515675,0.266009,0.038542,0.053404,0.12637
AACTAGGCTTGGGTGT-1,0.009569,0.005793,0.738254,0.000043,0.24634
AACTCAAGTTAATTGC-1,0.000015,0.000015,0.999018,0.000938,0.000015
AACTCCAGAGCGTGTT-1,0.500575,0.275836,0.153954,0.037071,0.032564
AACTCCTAATCCCATG-1,0.000097,0.18108,0.717935,0.034082,0.066806
AACTCTCAATAGAGCG-1,0.039756,0.037173,0.923035,0.000018,0.000018
AACTCTCAGTGTGCTC-1,0.000031,0.000031,0.837228,0.000031,0.162678
AACTGAGGTCAGCGTC-1,0.000033,0.000033,0.999868,0.000033,0.000033
AACTGAGTTATACTGA-1,0.331981,0.074272,0.28545,0.000045,0.308251
AACTGATATTAGGCCT-1,0.000066,0.164741,0.798013,0.023764,0.013415
AACTGGGTCCCGACGT-1,0.00001,0.00001,0.994312,0.005657,0.00001
AACTGGGTTCGAGCCG-1,0.000083,0.555901,0.381632,0.0623,0.000083
AACTGGTGTGGGCCTT-1,0.009786,0.874973,0.115073,0.000084,0.000084
AACTTCTGCGTCTATC-1,0.160098,0.734761,0.024803,0.080276,0.000061
AACTTGCCCGTATGCA-1,0.000026,0.000026,0.972037,0.027885,0.000026
AACTTTACGGGAGCTT-1,0.03337,0.294277,0.324117,0.310999,0.037238
AACTTTCTCGATCATG-1,0.000029,0.000029,0.727478,0.000029,0.272434
AAGAAAGTTTGATGGG-1,0.000054,0.69755,0.076399,0.000054,0.225943
AAGAAATCACCAGATT-1,0.070656,0.003862,0.626226,0.000027,0.29923
AAGACATACGTGGTTT-1,0.888183,0.020975,0.000131,0.000022,0.090689
AAGACCAAATAACTCA-1,0.000067,0.695106,0.176089,0.025844,0.102894
AAGACCCAACTGAACA-1,0.046108,0.004778,0.758023,0.023229,0.167862
AAGACTCACGCCCACT-1,0.032069,0.591295,0.326856,0.000068,0.049712
AAGACTGCAAGCTACT-1,0.022158,0.000015,0.974965,0.000015,0.002847
AAGAGATGAATCGGTA-1,0.000046,0.038783,0.86905,0.039661,0.052459
AAGAGCTCTTTATCGG-1,0.033836,0.055692,0.803795,0.077497,0.02918
AAGAGGATGTACGCGA-1,0.000049,0.000049,0.984894,0.014776,0.000233
AAGAGGCATGGATCGC-1,0.000017,0.000017,0.996898,0.000017,0.003051
AAGAGGCCCTTTGGAA-1,0.687278,0.000021,0.192322,0.055923,0.064456
AAGATGGCACCGGACC-1,0.000035,0.022829,0.70415,0.000035,0.272951
AAGATTGGCGGAACGT-1,0.29316,0.086837,0.527398,0.092575,0.00003
AAGCACCCTGCGTATC-1,0.116714,0.000017,0.816721,0.030238,0.03631
AAGCATACTCTCCTGA-1,0.141124,0.000019,0.765768,0.042121,0.050968
AAGCCACTTGCAGGTA-1,0.043692,0.000015,0.207956,0.247621,0.500717
AAGCCGAAGCGGTTTA-1,0.779737,0.125536,0.094643,0.000042,0.000042
AAGCCGCCGTGAAATC-1,0.000052,0.220055,0.449717,0.01746,0.312716
AAGCCGCTTTACCTTG-1,0.06105,0.00002,0.685177,0.000408,0.253345
AAGCCGGAGAGCAGGA-1,0.759899,0.01644,0.121312,0.000028,0.102321
AAGCGCAGGGCTTTGA-1,0.047439,0.008018,0.581082,0.000031,0.36343
AAGCGGAGTGCGCGCA-1,0.00002,0.00002,0.822661,0.00002,0.177279
AAGCGGCGTCATGGGT-1,0.000064,0.000064,0.910081,0.089726,0.000064
AAGCGTCCCTCATCGA-1,0.000028,0.000028,0.873481,0.067304,0.059159
AAGCTAGATCGAGTAA-1,0.032405,0.079649,0.870855,0.000025,0.017066
AAGCTATGGATTGACC-1,0.047372,0.575596,0.08107,0.117094,0.178868
AAGCTCGTGCCAAGTC-1,0.000041,0.044459,0.913223,0.000041,0.042236
AAGCTCTTTCATGGTG-1,0.162142,0.022515,0.681026,0.080534,0.053783
AAGGAGAACTTATAAG-1,0.068674,0.340815,0.590275,0.000118,0.000118
AAGGAGCGGTTGGTGC-1,0.000061,0.000061,0.934457,0.000061,0.065359
AAGGATCGATCGCTTG-1,0.444292,0.033721,0.510228,0.007094,0.004664
AAGGATGAGGGACCTC-1,0.061641,0.001403,0.926514,0.000044,0.010398
AAGGCAGGCTGTCTCC-1,0.289543,0.166536,0.261925,0.005882,0.276114
AAGGCGCGTAAAGCTT-1,0.000051,0.00934,0.912378,0.031105,0.047125
AAGGCTGTGCTCATCG-1,0.000013,0.000013,0.99995,0.000013,0.000013
AAGGGAACGACTGGCT-1,0.000076,0.295683,0.438103,0.000076,0.266061
AAGGGACAGATTCTGT-1,0.154556,0.000036,0.843738,0.000036,0.001634
AAGGGACTATGCATTC-1,0.000069,0.0255,0.659858,0.000069,0.314504
AAGGGTTAGCCATGCG-1,0.940838,0.03448,0.024625,0.000029,0.000029
AAGGGTTTGATTTCAG-1,0.000078,0.62509,0.102867,0.271888,0.000078
AAGGTATCCTAATATA-1,0.000031,0.000031,0.96807,0.031837,0.000031
AAGGTGATAAACCAGC-1,0.441613,0.06075,0.497556,0.00004,0.00004
AAGTAGAAGACCGGGT-1,0.000034,0.000034,0.959855,0.040043,0.000034
AAGTAGTGACGCGAGG-1,0.000041,0.052764,0.895911,0.047865,0.003419
AAGTCAATTGTCGTCA-1,0.354143,0.000035,0.6317,0.000035,0.014086
AAGTCTAGTAGCTGCC-1,0.000028,0.000028,0.64377,0.000028,0.356145
AAGTCTTCTGTGGCCT-1,0.002963,0.743681,0.136209,0.107673,0.009474
AAGTGACGACCGAATT-1,0.00007,0.035449,0.879334,0.00007,0.085076
AAGTGAGTCGGGTTTA-1,0.000031,0.000031,0.699365,0.000031,0.300542
AAGTGCAAAGGTAGAC-1,0.00009,0.537335,0.462396,0.00009,0.00009
AAGTGCCTTGACTGTA-1,0.705938,0.002355,0.230726,0.060954,0.000026
AAGTGCGTTAGAATCT-1,0.000039,0.04482,0.751343,0.131337,0.072461
AAGTGCTTCTCTATTG-1,0.000021,0.000021,0.355818,0.141837,0.502304
AAGTGTTTGGAGACGG-1,0.160273,0.000048,0.779095,0.057614,0.00297
AAGTTCACTCCAAGCT-1,0.078191,0.11971,0.72494,0.008668,0.068492
AAGTTCAGTCTGCGTA-1,0.06113,0.121279,0.722539,0.000065,0.094986
AAGTTCGGCCAACAGG-1,0.01711,0.002414,0.880954,0.048513,0.051008
AAGTTGTGATGTTATA-1,0.927785,0.000017,0.033907,0.008781,0.02951
AAGTTTACTAATGGCA-1,0.000071,0.61616,0.383626,0.000071,0.000071
AAGTTTATGGGCCCAA-1,0.016771,0.093712,0.391904,0.108561,0.389053
AATAACAACGCTCGGC-1,0.000023,0.000023,0.968247,0.015125,0.016583
AATAACACTAGAACAA-1,0.015449,0.000046,0.904328,0.000046,0.08013
AATAACGTCGCGCCCA-1,0.996371,0.000013,0.00008,0.003523,0.000013
AATAAGTCCTCGAGAC-1,0.000041,0.002737,0.960866,0.036315,0.000041
AATAATCTTCGTATCG-1,0.70808,0.000017,0.168209,0.000017,0.123676
AATACAATGTTTCAGG-1,0.000035,0.056119,0.717018,0.223973,0.002855
AATACCGGAGGGCTGT-1,0.000023,0.000023,0.628474,0.040191,0.33129
AATACCTGATGTGAAC-1,0.829589,0.000017,0.04971,0.02062,0.100064
AATAGAACAGAGTGGC-1,0.00004,0.093824,0.779868,0.026306,0.099962
AATAGAATCTGTTTCA-1,0.207338,0.232603,0.441716,0.118299,0.000044
AATAGCAAGCCTCCTG-1,0.000054,0.000054,0.828977,0.073843,0.097072
AATAGCTACCGCGTGC-1,0.000028,0.000028,0.834095,0.048124,0.117725
AATAGGCACGACCCTT-1,0.000021,0.000021,0.385286,0.175532,0.439139
AATAGTCCGTCCCGAC-1,0.207325,0.095354,0.540662,0.022584,0.134075
AATAGTCGCGAGTCGG-1,0.000108,0.65817,0.341508,0.000108,0.000108
AATATCAAGGTCGGAT-1,0.000092,0.940641,0.059083,0.000092,0.000092
AATATCCTAGCAAACT-1,0.000085,0.77651,0.145102,0.038868,0.039435
AATATCGAATCAATGC-1,0.714758,0.023119,0.262051,0.000036,0.000036
AATATCGAGGGTTCTC-1,0.000033,0.047876,0.8563,0.000033,0.095758
AATATTGGAGTATTGA-1,0.00002,0.00002,0.929535,0.068201,0.002224
AATCAGGTTTCATTTA-1,0.000038,0.000038,0.497617,0.016502,0.485804
AATCATGTAAAGACTC-1,0.806333,0.048653,0.14493,0.000042,0.000042
AATCCAAGGGCCTGAG-1,0.013176,0.000031,0.88661,0.094734,0.005449
AATCCCGCTCAGAGCC-1,0.007559,0.000013,0.638217,0.023718,0.330494
AATCGAGGTCTCAAGG-1,0.076589,0.092634,0.266114,0.000023,0.56464
AATCGCCTCAGCGCCA-1,0.027217,0.006194,0.953911,0.000045,0.012632
AATCGCGCAGAGGACT-1,0.293829,0.208458,0.228423,0.219969,0.04932
AATCGGGACACTACGA-1,0.000033,0.001971,0.81434,0.174898,0.008759
AATCGGTATAGCCCTC-1,0.785848,0.000016,0.191452,0.000081,0.022604
AATCGTGAGCCGAGCA-1,0.132628,0.000014,0.758482,0.061262,0.047614
AATCTAGGTTTACTTG-1,0.00005,0.069738,0.652592,0.06619,0.21143
AATCTATGCCGGAGCC-1,0.009751,0.046258,0.861705,0.003104,0.079182
AATCTCTACTGTGGTT-1,0.000056,0.002533,0.750436,0.098455,0.14852
AATCTGCGTTGGGACG-1,0.084,0.005057,0.910893,0.000025,0.000025
AATCTGGCTTTCTAGT-1,0.000076,0.187475,0.508123,0.122734,0.181593
AATCTGGGTAGACCCT-1,0.000071,0.0052,0.935838,0.051295,0.007595
AATGACAGCAATGTCT-1,0.000025,0.000025,0.976013,0.000025,0.023914
AATGACGTAGGATGTC-1,0.007599,0.03749,0.952567,0.000027,0.002318
AATGACTGTCAGCCGG-1,0.000054,0.000054,0.963405,0.027121,0.009366
AATGATGATACGCTAT-1,0.000018,0.000018,0.999928,0.000018,0.000018
AATGATGCGACTCCTG-1,0.000021,0.000021,0.999916,0.000021,0.000021
AATGCAACCGGGTACC-1,0.000062,0.058475,0.894899,0.000062,0.046503
AATGCACCAAGCAATG-1,0.079897,0.000024,0.860133,0.059922,0.000024
AATGGCCGCCAATGCG-1,0.000053,0.038569,0.745181,0.000053,0.216143
AATGGTCCACCGTTCA-1,0.000026,0.029626,0.793239,0.089918,0.08719
AATGGTTCTCACAAGC-1,0.000032,0.00759,0.869749,0.08235,0.040279
AATGTATGGCACTGTA-1,0.000109,0.671283,0.195097,0.000109,0.133401
AATGTGCCCGAGGTGT-1,0.000061,0.002123,0.670229,0.139866,0.187722
AATGTGCTAATCTGAG-1,0.000018,0.000018,0.706515,0.029701,0.263747
AATGTTAAGACCCTGA-1,0.175262,0.000615,0.394411,0.00002,0.429693
AATGTTGTCGTGAGAC-1,0.99906,0.000738,0.000152,0.000025,0.000025
AATTAAAGGTCGGCGT-1,0.008145,0.001197,0.92475,0.016479,0.049429
AATTAACGGATTTCCA-1,0.069283,0.027312,0.767344,0.00003,0.13603
AATTACGAGACCCATC-1,0.23494,0.65565,0.109251,0.000079,0.000079
AATTAGCGCTGCAGCG-1,0.000013,0.000013,0.999946,0.000013,0.000013
AATTATACCCAGCAAG-1,0.017515,0.000015,0.48843,0.000015,0.494025
AATTCATAAGGGATCT-1,0.346755,0.067807,0.534068,0.051322,0.000048
AATTCATTGTCATGCA-1,0.000108,0.680868,0.243131,0.000108,0.075785
AATTCCAAGCATGTAC-1,0.007256,0.003452,0.647015,0.004372,0.337906
AATTCGATTCGAGGAT-1,0.000016,0.000016,0.844728,0.000016,0.155224
AATTCTAGAGTTAGGC-1,0.00005,0.027941,0.841975,0.00005,0.129985
AATTGAACGCTCTGGT-1,0.230697,0.001466,0.744456,0.000018,0.023362
AATTGCAGCAATCGAC-1,0.74691,0.122807,0.043994,0.036761,0.049528
AATTGCGTGGATTACA-1,0.000081,0.845499,0.000488,0.000081,0.15385
AATTGTGGTTGCCAAA-1,0.877295,0.039369,0.000123,0.039212,0.044002
AATTTGGGACATAGTA-1,0.00004,0.00004,0.989604,0.00004,0.010275
AATTTGGTTCCAAAGA-1,0.000047,0.000047,0.999814,0.000047,0.000047
ACAAACCATGCGTCCT-1,0.000045,0.673444,0.009653,0.152586,0.164272
ACAAACCGACAAGGCG-1,0.053169,0.387172,0.382683,0.176845,0.000132
ACAAACTCCATCAGAG-1,0.000016,0.000016,0.363578,0.313657,0.322733
ACAAAGAAGGTAGGCC-1,0.000089,0.79001,0.209724,0.000089,0.000089
ACAAAGCATGACCTAG-1,0.920516,0.000013,0.063724,0.015734,0.000013
ACAAATCGCACCGAAT-1,0.228993,0.107797,0.639309,0.023214,0.000687
ACAAATGGTAGTGTTT-1,0.135435,0.214292,0.649378,0.000067,0.000828
ACAAATTCAGATCTGA-1,0.000052,0.060656,0.789587,0.104664,0.045042
ACAACAGCATGAGCTA-1,0.000024,0.02579,0.863174,0.02926,0.081751
ACAACGGTCCCTGCGA-1,0.000045,0.006784,0.86811,0.106322,0.018739
ACAAGCAGTGCCTAGC-1,0.000038,0.000038,0.896432,0.069633,0.033859
ACAAGCTATATGGAAG-1,0.000097,0.820499,0.179209,0.000097,0.000097
ACAAGGAAATCCGCCC-1,0.00001,0.00001,0.996269,0.002272,0.001438
ACAAGGACAAGAGGTT-1,0.000037,0.017883,0.973297,0.000037,0.008746
ACAAGGATGCTTTAGG-1,0.238312,0.023139,0.601899,0.059027,0.077623
ACAAGGCCTACCAGCC-1,0.020962,0.000063,0.865072,0.017343,0.09656
ACAAGGGCAGGCTCTG-1,0.022834,0.029334,0.857191,0.000029,0.090612
ACAAGTAATTGTAAGG-1,0.000937,0.220026,0.280955,0.000035,0.498046
ACAATAGTCGTACGTT-1,0.000029,0.000029,0.877097,0.054236,0.068609
ACAATCCATTTAAACC-1,0.013406,0.029309,0.91805,0.030317,0.008918
ACAATCGATCTTTATA-1,0.088725,0.455868,0.208217,0.247081,0.000109
ACAATGAATACGGAGA-1,0.000036,0.043009,0.741157,0.061007,0.154792
ACAATGATTCTTCTAC-1,0.000066,0.040415,0.705364,0.082379,0.171775
ACAATTGTGTCTCTTT-1,0.742171,0.124144,0.132371,0.001262,0.000053
ACAATTTAGGAGGCTC-1,0.000072,0.48363,0.325906,0.176591,0.013801
ACAATTTGAGCAGTGG-1,0.000029,0.039955,0.95906,0.000029,0.000926
ACAATTTGGCCATATT-1,0.162095,0.079889,0.444964,0.026904,0.286148
ACACAAAGACGGGTGG-1,0.000027,0.008554,0.973505,0.000027,0.017888
ACACAAATATTCCTAG-1,0.054631,0.00004,0.655403,0.00004,0.289885
ACACACCAGGACCAGT-1,0.333359,0.034579,0.631995,0.000034,0.000034
ACACACTTTCTACACG-1,0.000021,0.000021,0.953204,0.046731,0.000021
ACACATGATCAAATCT-1,0.000077,0.537792,0.211011,0.079589,0.171532
ACACATTTCCGTAGAC-1,0.000021,0.000021,0.605121,0.000021,0.394815
ACACCACATAATTAGC-1,0.004686,0.000021,0.862553,0.002645,0.130095
ACACCCAGCATGCAGC-1,0.000029,0.000029,0.994754,0.001001,0.004187
ACACCCGAGAAATCCG-1,0.000026,0.006311,0.889034,0.088978,0.01565
ACACCCGTAAATCTGT-1,0.00007,0.503698,0.398792,0.00007,0.09737
ACACCGGTCTGACCGC-1,0.379065,0.419485,0.120125,0.00004,0.081285
ACACCTTAAGTAGGGC-1,0.000058,0.09446,0.884223,0.000058,0.0212
ACACCTTACTACTTGC-1,0.275639,0.000018,0.658585,0.033125,0.032632
ACACGAGACTCCTTCT-1,0.13799,0.002716,0.859246,0.000024,0.000024
ACACGGCACTATGCAT-1,0.000053,0.004737,0.983707,0.011449,0.000053
ACACGGGAACTTAGGG-1,0.000032,0.000032,0.998757,0.000032,0.001148
ACACGTAGGCCACAAG-1,0.844878,0.036101,0.09066,0.000037,0.028325
ACACTCCAATGTCACT-1,0.000079,0.959158,0.000473,0.040211,0.000079
ACACTGATCAAGGTGT-1,0.000057,0.000057,0.832507,0.000057,0.167322
ACACTGGGACAGTCGT-1,0.999812,0.000021,0.000125,0.000021,0.000021
ACAGAACTGAGAACAA-1,0.000049,0.011074,0.843713,0.000049,0.145114
ACAGATTAGGTTAGTG-1,0.000038,0.170857,0.737593,0.091474,0.000038
ACAGCATAGAGCCAGT-1,0.00003,0.000266,0.899602,0.094868,0.005233
ACAGCGACATTCTCAT-1,0.620805,0.07965,0.000295,0.298313,0.000937
ACAGCGCACCCGCAGC-1,0.000093,0.000093,0.93077,0.000093,0.068952
ACAGGCACGGATCCTT-1,0.739303,0.115545,0.000166,0.056442,0.088544
ACAGGCTTGCCCGACT-1,0.258298,0.028708,0.697139,0.006956,0.008899
ACAGGTGGAGGTGAGG-1,0.000025,0.00904,0.931892,0.041426,0.017616
ACAGGTGTGTTGTTGC-1,0.031284,0.958356,0.008921,0.000086,0.001353
ACAGTAATACAACTTG-1,0.000041,0.001648,0.775254,0.139421,0.083636
ACAGTATACCGTGGGA-1,0.000042,0.003272,0.749554,0.000299,0.246833
ACAGTGCAGCGCATTT-1,0.000052,0.588205,0.257411,0.009648,0.144684
ACATAAGTCGTGGTGA-1,0.000102,0.839882,0.159813,0.000102,0.000102
ACATAATAAGGCGGTG-1,0.000022,0.000022,0.880121,0.117429,0.002405
ACATACAATCAAGCGG-1,0.619423,0.064924,0.11407,0.000023,0.201561
ACATCAGCTGGGACGC-1,0.000036,0.02648,0.734668,0.210212,0.028604
ACATCCCGGCCATACG-1,0.072198,0.019658,0.652897,0.002821,0.252427
ACATCCTGGTAACTGT-1,0.374738,0.111805,0.466189,0.000045,0.047222
ACATCGATCGTTTACC-1,0.000061,0.102643,0.883706,0.000061,0.013529
ACATCGCAATATTCGG-1,0.00872,0.122442,0.281498,0.07655,0.510791
ACATCGGTCAGCCGCG-1,0.073237,0.009522,0.869102,0.000063,0.048075
ACATCGTATGCAATGG-1,0.054818,0.135262,0.74401,0.064031,0.00188
ACATCGTTAACCTAGT-1,0.000064,0.012745,0.987063,0.000064,0.000064
ACATCTCAACGCGTAA-1,0.000109,0.463291,0.536381,0.000109,0.000109
ACATGCTTACGGCAGC-1,0.000039,0.386796,0.038176,0.094648,0.48034
ACATGGCGCCAAAGTA-1,0.514684,0.001035,0.474952,0.000036,0.009292
ACATTAGTTTATATCC-1,0.176542,0.085037,0.630911,0.073613,0.033897
ACATTCGCGCGGAATA-1,0.000046,0.181725,0.300042,0.000046,0.51814
ACATTTGAAACCTAAC-1,0.903635,0.000019,0.005511,0.006161,0.084674
ACCAAACACCCAGCGA-1,0.000023,0.009315,0.869572,0.000023,0.121068
ACCAAACTAGAAATCC-1,0.000045,0.861827,0.03733,0.100753,0.000045
ACCAACACCACACACT-1,0.147745,0.002003,0.816255,0.016215,0.017782
ACCAACCGCACTCCAC-1,0.678751,0.117654,0.022778,0.069357,0.11146
ACCAACGCTTATTTAT-1,0.000034,0.03294,0.823418,0.000034,0.143574
ACCAAGAACGCGTGTC-1,0.00005,0.095225,0.89411,0.010565,0.00005
ACCAAGTCATCGGCAG-1,0.991008,0.000016,0.008944,0.000016,0.000016
ACCAATATGCAAGTTA-1,0.003255,0.012892,0.856038,0.000033,0.127782
ACCACAACTCAGAACA-1,0.00004,0.00004,0.827745,0.068844,0.10333
ACCACAAGTTTCTATC-1,0.185448,0.000031,0.799114,0.003704,0.011703
ACCACACGGTTGATGG-1,0.2214,0.017403,0.261956,0.014129,0.485112
ACCACCAATGTAACAA-1,0.191351,0.039857,0.697146,0.000035,0.071611
ACCACCCTCTCTTCTA-1,0.000041,0.014248,0.562962,0.000041,0.422707
ACCACGTGCAGCTATA-1,0.140404,0.034876,0.729398,0.092064,0.003259
ACCAGACCATAACAAC-1,0.00006,0.798833,0.200988,0.00006,0.00006
ACCAGCCCGGTCTTTG-1,0.000056,0.201682,0.685513,0.112692,0.000056
ACCAGTGCCCGGTCAA-1,0.000051,0.000051,0.999795,0.000051,0.000051
ACCAGTGCGGGAGACG-1,0.734168,0.00627,0.259469,0.000046,0.000046
ACCATATCCGCAATAA-1,0.01635,0.000014,0.983608,0.000014,0.000014
ACCATCCGCCAACTAG-1,0.022091,0.21078,0.616882,0.114177,0.036071
ACCATCGTATATGGTA-1,0.000041,0.001322,0.984259,0.014336,0.000041
ACCCAACGCCCGTGGC-1,0.092167,0.023594,0.824419,0.05908,0.00074
ACCCACCTACATGCTC-1,0.000037,0.059197,0.869164,0.000037,0.071564
ACCCATCTTGAGGGTA-1,0.000029,0.000029,0.924439,0.023836,0.051666
ACCCATTTGTCCCTCT-1,0.992571,0.007196,0.000175,0.000029,0.000029
ACCCGAGCGAAATTAC-1,0.000025,0.016022,0.767631,0.051083,0.165239
ACCCGATTGGTTCCGA-1,0.00003,0.010041,0.464319,0.001924,0.523685
ACCCGGAAACTCCCAG-1,0.005542,0.000015,0.878013,0.052542,0.063887
ACCCGGAGCACCACAA-1,0.736026,0.130901,0.013124,0.006944,0.113005
ACCCGGATGACGCATC-1,0.38199,0.000024,0.615552,0.002411,0.000024
ACCCGGTTACACTTCC-1,0.000043,0.000043,0.926807,0.007347,0.06576
ACCCGTAGCAGAGAAT-1,0.315685,0.594354,0.003914,0.045868,0.040178
ACCCGTAGTCTAGTTG-1,0.976917,0.000019,0.000117,0.022927,0.000019
ACCCGTGTCATCAGTA-1,0.142239,0.000066,0.766075,0.000033,0.091588
ACCCTATGCCATATCG-1,0.000101,0.000101,0.753555,0.000101,0.246141
ACCCTCCCGTCAGGGC-1,0.858702,0.02486,0.088098,0.000028,0.028311
ACCCTCCCTTGCTATT-1,0.329593,0.114435,0.541725,0.000045,0.014202
ACCCTGGTAACGCCCT-1,0.014347,0.000021,0.909479,0.000021,0.076133
ACCCTTCATCTGCGAA-1,0.000027,0.031759,0.92848,0.039707,0.000027
ACCCTTGCCTGGGTCG-1,0.00002,0.00002,0.936217,0.00002,0.063722
ACCCTTTAGTTCTCCA-1,0.000048,0.000048,0.886472,0.017756,0.095677
ACCGAAAGGGCCCTGC-1,0.000033,0.16712,0.745087,0.087728,0.000033
ACCGAAGAGTCTGGTT-1,0.000079,0.846676,0.10084,0.000079,0.052327
ACCGACACATCTCCCA-1,0.007778,0.002446,0.718319,0.014422,0.257034
ACCGACTGAGTCCCAC-1,0.066316,0.013198,0.879532,0.000038,0.040917
ACCGAGTCTCCTTATT-1,0.005054,0.000011,0.682451,0.057323,0.255161
ACCGATAGGCATAACC-1,0.912307,0.018313,0.006872,0.012011,0.050497
ACCGATATTTAATCAT-1,0.766128,0.000024,0.052861,0.040733,0.140253
ACCGATGGTAGCATCG-1,0.073031,0.001184,0.92574,0.000023,0.000023
ACCGCAATAACTGCCT-1,0.003465,0.059474,0.814784,0.046739,0.075539
ACCGCGGTGGAAGTCG-1,0.683674,0.000026,0.316248,0.000026,0.000026
ACCGCTAGTCATTGGT-1,0.00002,0.00002,0.197005,0.328302,0.474653
ACCGGGCCTTTGTTGA-1,0.547,0.108535,0.344321,0.000072,0.000072
ACCGGTCAGGTACACC-1,0.000066,0.625317,0.188882,0.103164,0.082571
ACCGGTCTGAGTACGG-1,0.000071,0.03924,0.95737,0.000071,0.003249
ACCGTCCACTGGGCCC-1,0.000059,0.681643,0.098113,0.178467,0.041717
ACCGTGACCACGTGGG-1,0.000889,0.035412,0.5964,0.168946,0.198353
ACCGTTCCCGCTCTGA-1,0.000108,0.691405,0.285966,0.000108,0.022412
ACCTAAGTACCTTTCA-1,0.00002,0.00002,0.991202,0.00002,0.00874
ACCTAATCGACTTCCT-1,0.000057,0.018047,0.872492,0.000057,0.109347
ACCTACAGTATGTGGT-1,0.348776,0.009085,0.584396,0.000041,0.057702
ACCTACTATAAATCTA-1,0.00017,0.001746,0.712883,0.083839,0.201362
ACCTCAGCGAGGCGCA-1,0.620242,0.095151,0.156232,0.000025,0.128349
ACCTCCGCCCTCGCTG-1,0.176804,0.000014,0.543102,0.216116,0.063963
ACCTCCGTTATTCACC-1,0.015287,0.000028,0.815467,0.000028,0.16919
ACCTCGAACTTATGCT-1,0.02292,0.735425,0.00029,0.000048,0.241317
ACCTGCGTGTCATGTT-1,0.000028,0.000028,0.900315,0.049041,0.050588
ACGAAATGGGCGGCAC-1,0.000033,0.024213,0.842746,0.075305,0.057703
ACGACCCATGAGTTGC-1,0.61939,0.000017,0.17505,0.149229,0.056314
ACGACTCTAGGGCCGA-1,0.59384,0.006213,0.114701,0.020776,0.26447
ACGACTGGTCATACTC-1,0.000031,0.007587,0.554526,0.015041,0.422815
ACGAGATATTTGCTTA-1,0.000088,0.021762,0.93213,0.000088,0.045931
ACGAGGATACCACTCT-1,0.000033,0.000033,0.749813,0.116105,0.134016
ACGAGGTTTACAACGT-1,0.029226,0.838946,0.00034,0.11548,0.016008
ACGAGTACGGATGCCC-1,0.008098,0.000024,0.975887,0.000024,0.015966
ACGATACATAGAACTA-1,0.000021,0.000021,0.999917,0.000021,0.000021
ACGATACCTATCCTGA-1,0.006405,0.843337,0.150039,0.000109,0.000109
ACGATCATACATAGAG-1,0.110566,0.050497,0.712677,0.042147,0.084113
ACGATCATCTTGTAAA-1,0.10761,0.146398,0.712676,0.000041,0.033275
ACGATGCATATGTTAT-1,0.000041,0.015544,0.917676,0.000041,0.066698
ACGATGGATCCGATGC-1,0.000045,0.010599,0.966402,0.009494,0.013459
ACGCAAACTAATAGAT-1,0.000018,0.000018,0.846627,0.000018,0.15332
ACGCAATCACTACAGC-1,0.044569,0.000024,0.86481,0.033343,0.057255
ACGCATAAATGACATG-1,0.029641,0.001099,0.713958,0.115832,0.13947
ACGCATACGTTTACTA-1,0.934005,0.000026,0.065916,0.000026,0.000026
ACGCATTCGTGAGTAC-1,0.00002,0.00002,0.999919,0.00002,0.00002
ACGCCACTCGAAACAG-1,0.000063,0.027701,0.338965,0.000027,0.633244
ACGCCAGATGATTTCT-1,0.00003,0.002078,0.997832,0.00003,0.00003
ACGCCAGTGCGTTTGC-1,0.380355,0.000013,0.526254,0.019186,0.074192
ACGCCCAGCTGTCGAT-1,0.000097,0.757087,0.242623,0.000097,0.000097
ACGCCGCTAGACGACC-1,0.000025,0.000025,0.963857,0.000025,0.036067
ACGCGAAGTCAGACGA-1,0.017588,0.000036,0.871134,0.000036,0.111207
ACGCGCTACACAGGGT-1,0.000046,0.02429,0.72303,0.080676,0.171958
ACGCGGGCCAAGGACA-1,0.0806,0.008329,0.911036,0.000017,0.000017
ACGCGTTTCTTAAGAG-1,0.000096,0.955372,0.044341,0.000096,0.000096
ACGCTACTGAATGGGC-1,0.960076,0.000028,0.03984,0.000028,0.000028
ACGCTAGTATCAGTGC-1,0.006864,0.470459,0.383018,0.045146,0.094512
ACGCTAGTGATACACT-1,0.000037,0.000037,0.932487,0.000037,0.067404
ACGCTGTGAGGCGTAG-1,0.000062,0.098501,0.739466,0.086322,0.075649
ACGCTTAGTGTCTCTC-1,0.000199,0.417291,0.582111,0.000199,0.000199
ACGGAACACGAGTGCC-1,0.667463,0.039478,0.052292,0.009192,0.231575
ACGGAATTTAGCAAAT-1,0.00007,0.942425,0.057365,0.00007,0.00007
ACGGACGCAGCGACAA-1,0.000037,0.737562,0.001839,0.005313,0.255249
ACGGACTCTCAAAGCG-1,0.03701,0.079734,0.683125,0.000025,0.200106
ACGGAGCGCAAATTAC-1,0.00003,0.00288,0.916198,0.021297,0.059595
ACGGATGGTGCGGATA-1,0.004543,0.026756,0.877366,0.00003,0.091304
ACGGCACTTGCTTGGG-1,0.008229,0.106638,0.792949,0.050252,0.041932
ACGGCCAACATGGACT-1,0.012438,0.000015,0.984474,0.000015,0.003057
ACGGCGACGATGGGAA-1,0.203917,0.004172,0.79185,0.00003,0.00003
ACGGCTGGATGTAGAA-1,0.020371,0.707675,0.181599,0.010348,0.080007
ACGGGAGTGTCGGCCC-1,0.000031,0.000031,0.941734,0.019885,0.038319
ACGGGCGTATGCGACA-1,0.011235,0.050042,0.876341,0.000915,0.061468
ACGGGTTGTGACCTGT-1,0.051606,0.50783,0.212681,0.102586,0.125299
ACGGTACAGTTCAATG-1,0.685523,0.055423,0.001403,0.049114,0.208537
ACGGTCACCGAGAACA-1,0.023199,0.648878,0.067781,0.002686,0.257457
ACGTACAGATTTCTCT-1,0.000019,0.000019,0.961175,0.038768,0.000019
ACGTACTTTGGCACGG-1,0.000024,0.00313,0.445561,0.075454,0.47583
ACGTAGATTGCTGATG-1,0.000073,0.083742,0.91604,0.000073,0.000073
ACGTAGGAGAGTCGCT-1,0.009983,0.052756,0.416177,0.230057,0.291027
ACGTATTACTCCGATC-1,0.673619,0.157043,0.07417,0.095121,0.000047
ACGTCGGGCAACTCGG-1,0.037617,0.536502,0.035329,0.30895,0.081602
ACGTCTCGTTCCGGGA-1,0.000078,0.854984,0.144781,0.000078,0.000078
ACGTGACAAAGTAAGT-1,0.000089,0.924132,0.075601,0.000089,0.000089
ACGTGCGCCTCGTGCA-1,0.000059,0.017309,0.982508,0.000059,0.000065
ACGTGGTCGAATGTGC-1,0.000136,0.42932,0.570272,0.000136,0.000136
ACGTTAATGTCGAAGA-1,0.000018,0.000018,0.999927,0.000018,0.000018
ACGTTAGATTTGCCCG-1,0.000067,0.03392,0.897603,0.068343,0.000067
ACGTTATTGGTCACTC-1,0.000116,0.654523,0.34513,0.000116,0.000116
ACGTTCACTATGCCGC-1,0.000021,0.000021,0.22477,0.204372,0.570816
ACGTTCCGCGCTCCGT-1,0.000084,0.346421,0.576545,0.076866,0.000084
ACGTTCGCAATCAATT-1,0.205554,0.033116,0.736716,0.000039,0.024575
ACGTTCGTTCAGGAAA-1,0.000034,0.000044,0.806421,0.020632,0.172868
ACGTTCTGTACAAGTC-1,0.463478,0.133395,0.225011,0.002013,0.176104
ACGTTGTCGTTGAAAG-1,0.000027,0.000027,0.243535,0.385395,0.371016
ACGTTTAGTTGTGATC-1,0.03841,0.044347,0.917106,0.000068,0.000068
ACGTTTCGGTGCACTT-1,0.999811,0.000021,0.000126,0.000021,0.000021
ACTAAGGACGCACACC-1,0.000026,0.000026,0.731899,0.050207,0.217843
ACTAATACGTCAGGCG-1,0.000083,0.000083,0.999667,0.000083,0.000083
ACTACAAAGAGAGGTG-1,0.012598,0.000021,0.621756,0.000021,0.365604
ACTACATCCCGACAAG-1,0.201978,0.539168,0.099464,0.028737,0.130654
ACTACCAGCTCTCTGG-1,0.000041,0.036462,0.944133,0.019323,0.000041
ACTACCATCCGAGGGC-1,0.000024,0.000024,0.371193,0.11244,0.51632
ACTACGCGTTAGAATT-1,0.005573,0.041141,0.635741,0.080751,0.236794
ACTAGTTGCGATCGTC-1,0.784834,0.095595,0.119465,0.000053,0.000053
ACTATATGCTGTGTTC-1,0.000121,0.008297,0.94117,0.000121,0.05029
ACTATCCAGGGCATGG-1,0.524971,0.025378,0.447885,0.000038,0.001728
ACTATCTGCCCGCGTA-1,0.739986,0.057362,0.138553,0.000039,0.06406
ACTATGTCCAGCTGCC-1,0.000049,0.492638,0.110528,0.112244,0.284541
ACTATTCGTCCGTGGT-1,0.000032,0.003394,0.996509,0.000032,0.000032
ACTATTTCCGGGCCCA-1,0.000025,0.000624,0.780076,0.023536,0.19574
ACTCAAGTGCAAGGCT-1,0.11111,0.12204,0.55531,0.079237,0.132303
ACTCAATAAAGGCACG-1,0.008098,0.000051,0.991749,0.000051,0.000051
ACTCAGACCTGCTTCT-1,0.000069,0.998494,0.0013,0.000069,0.000069
ACTCATGGCAGCCTTC-1,0.007331,0.684235,0.053375,0.00007,0.254989
ACTCCAATATCATCAT-1,0.000023,0.000023,0.623487,0.131253,0.245213
ACTCCCATTCCTAAAG-1,0.029267,0.000029,0.783813,0.088246,0.098645
ACTCCCGAATTCGTTT-1,0.246395,0.008198,0.745342,0.000033,0.000033
ACTCCCGTAGACTAGG-1,0.035499,0.000734,0.725039,0.000027,0.238701
ACTCCCTAATGCTAAA-1,0.094797,0.000014,0.878957,0.011554,0.014677
ACTCCCTAGAATAGTA-1,0.074848,0.038463,0.78191,0.007956,0.096822
ACTCCGGCCGACCACT-1,0.70518,0.023255,0.103719,0.016829,0.151016
ACTCGCCGTTCGATAA-1,0.868876,0.000022,0.049215,0.038391,0.043496
ACTCGCGATCTGACGC-1,0.119576,0.000018,0.62642,0.009603,0.244383
ACTCGTAACCCGTCCT-1,0.000063,0.000091,0.850299,0.014359,0.135188
ACTCGTCAGTAATCCC-1,0.067734,0.008075,0.921304,0.000025,0.002863
ACTCTAAACCTGGGAT-1,0.030068,0.804681,0.048406,0.11676,0.000086
ACTCTCTGACTTAGGT-1,0.000057,0.010824,0.914735,0.000057,0.074328
ACTCTCTTATACACGA-1,0.000062,0.000062,0.811271,0.036017,0.152587
ACTCTGACCTAATAGA-1,0.638747,0.034509,0.116128,0.00003,0.210586
ACTCTTCAGCTCCCGC-1,0.001903,0.000025,0.626112,0.048768,0.323192
ACTCTTGTATAGTAAC-1,0.06593,0.000043,0.883597,0.030188,0.020242
ACTGAAACGCCGTTAG-1,0.872138,0.060635,0.067153,0.000037,0.000037
ACTGAATGGCGAAAGT-1,0.40176,0.061528,0.536637,0.000037,0.000037
ACTGATTTAGTGATTC-1,0.000094,0.000094,0.726612,0.273105,0.000094
ACTGCCCGCCATTCTC-1,0.000029,0.008962,0.279314,0.21234,0.499354
ACTGCCGTCGTAACTC-1,0.000045,0.008327,0.991537,0.000045,0.000045
ACTGCGGACACACCGT-1,0.129277,0.02151,0.696686,0.000041,0.152487
ACTGCTCGGAAGGATG-1,0.000078,0.845608,0.136571,0.000078,0.017665
ACTGGCGAACCTGCGT-1,0.05758,0.001581,0.713674,0.000064,0.2271
ACTGGGATGCCAGTGC-1,0.003271,0.000356,0.329204,0.000037,0.667131
ACTGTACGATACACAT-1,0.019504,0.009456,0.886934,0.084079,0.000027
ACTGTAGCACTTTGGA-1,0.000024,0.001248,0.981629,0.017076,0.000024
ACTGTATACGCGAGCA-1,0.000073,0.502173,0.260442,0.23724,0.000073
ACTGTCCAGGATTATA-1,0.013296,0.008869,0.947014,0.020566,0.010256
ACTGTCTTCTTTAGAA-1,0.000026,0.000026,0.999896,0.000026,0.000026
ACTGTGCTAGTAGATC-1,0.000134,0.823628,0.175969,0.000134,0.000134
ACTGTTTAGTGTAGGC-1,0.000093,0.929158,0.070564,0.000093,0.000093
ACTTACCGGGCGCGCA-1,0.000142,0.000142,0.926942,0.000142,0.072632
ACTTACGCATCCACGC-1,0.001971,0.000022,0.871416,0.046066,0.080525
ACTTAGTACGACAAGA-1,0.038177,0.708723,0.252934,0.000083,0.000083
ACTTATACTTACCCGG-1,0.009978,0.038763,0.919228,0.000024,0.032007
ACTTATTAGGATCGGT-1,0.075089,0.000503,0.881398,0.000042,0.042968
ACTTATTTATGTGCCA-1,0.311561,0.228761,0.4595,0.000089,0.000089
ACTTCAGGCTGATCCC-1,0.390086,0.075262,0.50268,0.029293,0.002679
ACTTCCAGTGGAAGCT-1,0.000116,0.815196,0.184455,0.000116,0.000116
ACTTCCATGCGGGACA-1,0.056887,0.060048,0.713903,0.005069,0.164093
ACTTCCTGTCGTGCGA-1,0.029775,0.561005,0.228116,0.000065,0.181039
ACTTCGCCATACGCAC-1,0.000061,0.041809,0.872836,0.085233,0.000061
ACTTCGCTAGCGAGTG-1,0.010161,0.000048,0.66364,0.000048,0.326103
ACTTGACTCCCTCTTT-1,0.028699,0.004284,0.838471,0.000978,0.127568
ACTTGCCATATTGTAC-1,0.026393,0.485801,0.487599,0.000104,0.000104
ACTTGCTCTATCTACC-1,0.082239,0.598399,0.016997,0.260891,0.041474
ACTTGGGACCCGGTGG-1,0.000054,0.006523,0.940506,0.000054,0.052864
ACTTGGGCTTTCGCCA-1,0.027644,0.020418,0.229403,0.052095,0.67044
ACTTGTAGTCCCTTCA-1,0.000098,0.2612,0.704789,0.000098,0.033815
ACTTGTGGATGGAACG-1,0.602143,0.078028,0.267784,0.0002,0.051845
ACTTGTTACCGGATCA-1,0.00006,0.004313,0.276597,0.00006,0.718971
ACTTTACCCTCATGAA-1,0.02924,0.00896,0.841677,0.006311,0.113812
ACTTTATACACCACTT-1,0.011535,0.669365,0.006541,0.000065,0.312494
ACTTTCCTATAGCTTC-1,0.000058,0.014259,0.792974,0.128404,0.064305
ACTTTGACTGCATCCT-1,0.000042,0.00078,0.688488,0.256881,0.053809
ACTTTGGTCGTGCTCC-1,0.003003,0.832005,0.079909,0.000065,0.085017
ACTTTGTCGACGCACT-1,0.509398,0.000017,0.345368,0.051059,0.094158
AGAAATTATGACTCGC-1,0.920354,0.000018,0.075624,0.002983,0.001022
AGAACACGGCGATGGT-1,0.013778,0.606461,0.022745,0.000039,0.356977
AGAACCCAGCGTGACA-1,0.123935,0.133102,0.244892,0.4106,0.08747
AGAACCCTCAATTGGG-1,0.000073,0.871806,0.111237,0.000073,0.016811
AGAACGTGGTACATTC-1,0.000026,0.000026,0.985017,0.000026,0.014905
AGAACTGTACTTTGTA-1,0.45035,0.000019,0.188741,0.077284,0.283606
AGAAGAGCGCCGTTCC-1,0.038953,0.150546,0.809309,0.000595,0.000595
AGAAGGTACACTTCAC-1,0.000104,0.410453,0.532845,0.056493,0.000104
AGAAGGTTGCCGAATT-1,0.005498,0.000037,0.884564,0.017731,0.092171
AGAAGGTTGTAGGTCG-1,0.090377,0.001957,0.850307,0.041583,0.015776
AGAAGTGATTCGTGAT-1,0.000024,0.000024,0.98246,0.017465,0.000026
AGAATAAATCTTCAGG-1,0.000063,0.130333,0.765742,0.005465,0.098398
AGAATACAGGCTATCC-1,0.874824,0.021389,0.053361,0.000021,0.050405
AGAATGCGGGTTCGGA-1,0.00009,0.00009,0.976682,0.00009,0.023047
AGAATTATGGATTCGA-1,0.033388,0.003997,0.95293,0.000033,0.009651
AGAATTGTTTGACATA-1,0.007145,0.801171,0.191554,0.000065,0.000065
AGACAGCTCAGAATCC-1,0.010091,0.844336,0.053014,0.092494,0.000064
AGACAGGCATCTCAGC-1,0.756037,0.018131,0.025169,0.000031,0.200632
AGACATAGATCCTTCC-1,0.020694,0.899503,0.007249,0.07246,0.000094
AGACCAAACCACACCT-1,0.000092,0.576136,0.41913,0.000092,0.004551
AGACCATGGGATACAA-1,0.000047,0.031243,0.826588,0.133638,0.008484
AGACCCACCGCTGATC-1,0.000038,0.031327,0.844017,0.058538,0.06608
AGACCCGCCCTCCTCG-1,0.000028,0.000028,0.99989,0.000028,0.000028
AGACCGCTCCGCGGTT-1,0.897814,0.035709,0.066388,0.000044,0.000044
AGACCGGGAAACCCTG-1,0.000026,0.015253,0.845369,0.105184,0.034168
AGACGAAGTGCCGGTC-1,0.747782,0.009072,0.243051,0.000047,0.000047
AGACGACGATGCCGCT-1,0.0163,0.036071,0.847433,0.000031,0.100165
AGACGCCCACTTCGCC-1,0.679262,0.083354,0.055895,0.000041,0.181449
AGACGGGATTGGTATA-1,0.039401,0.794757,0.165601,0.00012,0.00012
AGACGGGCCGATTTAA-1,0.000067,0.000067,0.939144,0.060654,0.000067
AGACTAGCCTTCCAGA-1,0.035884,0.005007,0.909039,0.012904,0.037165
AGACTGTTACCGGGTC-1,0.000029,0.000029,0.601788,0.129656,0.268498
AGAGAAACACCAGAAA-1,0.000018,0.000018,0.628406,0.04008,0.331477
AGAGAACCGTCTAGGA-1,0.25168,0.098977,0.649269,0.000037,0.000037
AGAGAAGGAGTACAAT-1,0.000059,0.002935,0.664287,0.000059,0.332661
AGAGATCTCTAAAGCG-1,0.054765,0.055078,0.70803,0.08591,0.096216
AGAGCAGTTATGAGAC-1,0.000057,0.138781,0.835236,0.000057,0.025868
AGAGCCGCCGAGATTT-1,0.690108,0.112886,0.08881,0.045513,0.062684
AGAGCGCTTGTAACGG-1,0.045715,0.000027,0.666142,0.000027,0.288089
AGAGCGGGCTAATCAT-1,0.03758,0.062178,0.900141,0.00005,0.00005
AGAGCGTACAAGCTCG-1,0.000036,0.000036,0.918837,0.065524,0.015568
AGAGGCTTCGGAAACC-1,0.865605,0.031813,0.102532,0.000025,0.000025
AGAGGGACAATTGTCC-1,0.000017,0.000017,0.851131,0.040142,0.108694
AGAGGTATCTCGGTCC-1,0.087919,0.052713,0.806888,0.052337,0.000142
AGAGTAAACTTCACTA-1,0.654676,0.200098,0.142185,0.00298,0.000061
AGAGTATAGTGTTACG-1,0.000014,0.000014,0.934765,0.000014,0.065193
AGAGTCTTAATGAAAG-1,0.923804,0.024817,0.049985,0.001367,0.000027
AGAGTGAACAGACACC-1,0.043028,0.359139,0.387017,0.122134,0.088683
AGAGTTAGAGACCGAT-1,0.000047,0.062553,0.932152,0.000047,0.005201
AGAGTTGCAGGCCTCC-1,0.000032,0.000032,0.731661,0.000032,0.268245
AGATAACTTCAGGGCC-1,0.020576,0.004134,0.965633,0.000024,0.009634
AGATAATCACACCTAT-1,0.06174,0.20589,0.346168,0.004332,0.381869
AGATACCAATAGAACC-1,0.794952,0.086406,0.000227,0.000038,0.118376
AGATACCAGCACTTCA-1,0.006569,0.009975,0.680134,0.038995,0.264327
AGATACCGGTGTTCAC-1,0.015735,0.000021,0.984202,0.000021,0.000022
AGATACGACTTCATAT-1,0.00005,0.136735,0.676402,0.102809,0.084004
AGATACTCAAGATCGA-1,0.232499,0.036963,0.730444,0.000047,0.000047
