Barcode,Topic 1,Topic 2,Topic 3,Topic 4to5,Topic 6,Topic 7,Topic 8to9
AAACAAGTATCTCCCA-1,0.191589,0.400094,0.000079,0.206829,0.201174,0.000079,0.000157
AAACACCAATAACTGC-1,0.005976,0.290942,0.064644,0.000108,0.071893,0.000054,0.566382
AAACAGAGCGACTCCT-1,0.05539,0.093769,0.351897,0.240323,0.219467,0.018761,0.020392
AAACAGCTTTCAGAAG-1,0.000036,0.054611,0.012938,0.267557,0.075954,0.23555,0.353354
AAACAGGGTCTATATT-1,0.000031,0.047738,0.002945,0.311445,0.067079,0.342249,0.228513
AAACATGGTGAGAGGA-1,0.000021,0.271622,0.06385,0.194206,0.060827,0.024133,0.385341
AAACATTTCCCGGATT-1,0.027268,0.360804,0.000047,0.121923,0.282709,0.195039,0.01221
AAACCACTACACAGAT-1,0.036397,0.000026,0.026065,0.001072,0.040577,0.187415,0.708447
AAACCCGAACGAAATC-1,0.512353,0.032559,0.003568,0.154654,0.017551,0.219,0.060316
AAACCGGGTAGGTACC-1,0.033696,0.965323,0.00014,0.00028,0.00014,0.00014,0.00028
AAACCGTTCGTCCAGG-1,0.026762,0.972597,0.000092,0.000183,0.000092,0.000092,0.000183
AAACCTAAGCAGCCGG-1,0.000053,0.292761,0.004124,0.155634,0.463862,0.083458,0.000107
AAACCTCATGAAGTTG-1,0.000073,0.105451,0.006652,0.481495,0.099262,0.008865,0.298201
AAACGAAGAACATACC-1,0.031764,0.209782,0.257554,0.090967,0.007351,0.000037,0.402546
AAACGAAGATGGAGTA-1,0.016524,0.103016,0.419807,0.049524,0.248217,0.003383,0.159529
AAACGACAGTCTTGCC-1,0.000044,0.191124,0.182527,0.020912,0.445003,0.039606,0.120784
AAACGAGACGGTTGAT-1,0.092504,0.366569,0.05896,0.462761,0.018868,0.000244,0.000094
AAACGCCCGAGATCGG-1,0.002427,0.005822,0.015269,0.023438,0.151804,0.269851,0.531389
AAACGCTGGGCACGAC-1,0.999334,0.000083,0.000083,0.000166,0.000083,0.000083,0.000166
AAACGGGCGTACGGGT-1,0.115912,0.006933,0.000244,0.05472,0.344284,0.312792,0.165115
AAACGGTTGCGAACTG-1,0.000047,0.245629,0.177658,0.08013,0.203694,0.052733,0.24011
AAACGTGTTCGCCCTA-1,0.000078,0.22966,0.000079,0.137825,0.496346,0.070735,0.065277
AAACTAACGTGGCGAC-1,0.000069,0.248796,0.020648,0.224905,0.20577,0.135535,0.164275
AAACTCGGTTCGCAAT-1,0.000034,0.056151,0.054603,0.170202,0.122251,0.297292,0.299467
AAACTCGTGATATAAG-1,0.174163,0.128808,0.000075,0.113154,0.457879,0.000075,0.125845
AAACTGCTGGCTCCAA-1,0.015521,0.230757,0.136834,0.294134,0.212969,0.022843,0.086942
AAACTTAATTGCACGC-1,0.000016,0.00855,0.044882,0.094775,0.011495,0.550909,0.289374
AAACTTGCAAACGTAT-1,0.000021,0.000021,0.156116,0.273286,0.020378,0.162259,0.387918
AAAGAATGACCTTAGA-1,0.000026,0.285709,0.014482,0.214172,0.254075,0.068563,0.162973
AAAGAATGTGGACTAA-1,0.052714,0.061741,0.000043,0.000087,0.58391,0.061836,0.23967
AAAGACATGAAGTTTA-1,0.015334,0.000024,0.029726,0.071405,0.000024,0.266942,0.616545
AAAGACTGGGCGCTTT-1,0.000046,0.001433,0.000046,0.685095,0.127079,0.012002,0.174299
AAAGCTTGCCTACATA-1,0.091431,0.000022,0.000022,0.008359,0.373796,0.04929,0.477082
AAAGGCCCTATAATAC-1,0.007091,0.184453,0.113333,0.110698,0.154855,0.003844,0.425726
AAAGGCTACGGACCAT-1,0.000096,0.342278,0.000096,0.165102,0.233217,0.020406,0.238805
AAAGGCTCTCGCGCCG-1,0.004304,0.050287,0.132178,0.357037,0.004336,0.139981,0.311876
AAAGGGATGTAGCAAG-1,0.000043,0.049755,0.392373,0.418626,0.060641,0.070169,0.008394
AAAGGTAAGCTGTACC-1,0.018499,0.276029,0.031018,0.338432,0.277724,0.018738,0.039559
AAAGGTCAACGACATG-1,0.000034,0.023372,0.00073,0.080813,0.297084,0.19875,0.399217
AAAGTAGCATTGCTCA-1,0.015333,0.460976,0.000954,0.43875,0.002209,0.00007,0.081709
AAAGTCACTGATGTAA-1,0.119357,0.491076,0.110805,0.249814,0.020987,0.000119,0.007842
AAAGTCGACCCTCAGT-1,0.00008,0.438077,0.121876,0.369215,0.00008,0.00008,0.070593
AAAGTGCCATCAATTA-1,0.999483,0.000065,0.000065,0.000129,0.000065,0.000065,0.000129
AAAGTGTGATTTATCT-1,0.063309,0.749921,0.001453,0.185023,0.000073,0.000073,0.000147
AAAGTTGACTCCCGTA-1,0.237988,0.17618,0.071901,0.268632,0.177588,0.018795,0.048916
AAATAACCATACGGGA-1,0.015799,0.043963,0.041104,0.480369,0.161026,0.099386,0.158353
AAATAAGGTAGTGCCC-1,0.17681,0.352096,0.000055,0.379222,0.068686,0.02227,0.000861
AAATACCTATAAGCAT-1,0.045482,0.079089,0.273533,0.375374,0.047678,0.049529,0.129315
AAATAGCTTAGACTTT-1,0.275693,0.183432,0.000061,0.486333,0.041566,0.012793,0.000122
AAATAGGGTGCTATTG-1,0.000051,0.231862,0.002123,0.445032,0.239965,0.071801,0.009167
AAATCACTCCTAAACG-1,0.000028,0.022242,0.000028,0.000056,0.249717,0.190608,0.537322
AAATCCGATACACGCC-1,0.007614,0.316979,0.000047,0.034349,0.638815,0.0021,0.000095
AAATCGCGGAAGGAGT-1,0.033444,0.147004,0.364958,0.315946,0.000025,0.021211,0.117412
AAATCGTGTACCACAA-1,0.000033,0.037316,0.241932,0.398328,0.000033,0.188656,0.133704
AAATCTAGCCCTGCTA-1,0.311702,0.124693,0.007038,0.357365,0.122042,0.073124,0.004037
AAATCTGCCCGCGTCC-1,0.034688,0.140215,0.167056,0.442023,0.009234,0.102717,0.104067
AAATGACTGATCAAAC-1,0.000007,0.014376,0.000937,0.093219,0.113162,0.432481,0.345819
AAATGATTCGATCAGC-1,0.051358,0.439625,0.164264,0.218151,0.109297,0.004867,0.012439
AAATGGCATGTCTTGT-1,0.000038,0.148174,0.053962,0.539693,0.02532,0.102435,0.130378
AAATGGCCCGTGCCCT-1,0.007795,0.167443,0.079172,0.31896,0.168327,0.00503,0.253273
AAATGGTCAATGTGCC-1,0.000096,0.110709,0.370895,0.345241,0.127504,0.036336,0.009218
AAATGTATCTTATCCC-1,0.035243,0.243943,0.224444,0.155985,0.064306,0.003069,0.27301
AAATTAACGGGTAGCT-1,0.000052,0.012203,0.489909,0.275401,0.131952,0.079411,0.011071
AAATTAATAAGCGCGA-1,0.014843,0.00002,0.095186,0.201388,0.003775,0.356575,0.328212
AAATTACACGACTCTG-1,0.205563,0.381704,0.16917,0.216774,0.000072,0.000072,0.026644
AAATTACCTATCGATG-1,0.077042,0.068029,0.100766,0.299493,0.133363,0.248359,0.072947
AAATTCCAGGTCCAAA-1,0.188173,0.524108,0.000065,0.273463,0.013997,0.000065,0.000129
AAATTGATAGTCCTTT-1,0.000142,0.998867,0.000142,0.000283,0.000142,0.000142,0.000283
AAATTGGTGAGAAGCA-1,0.119196,0.03174,0.109761,0.03299,0.426604,0.013847,0.265862
AAATTTACCGAAATCC-1,0.000066,0.20175,0.006314,0.364951,0.208456,0.140155,0.078309
AACAACTGGTAGTTGC-1,0.028184,0.295959,0.670171,0.000141,0.000071,0.000071,0.005403
AACAATACATTGTCGA-1,0.128903,0.791149,0.000145,0.000291,0.079076,0.000145,0.000291
AACACACGCTCGCCGC-1,0.051396,0.152859,0.048784,0.299291,0.053033,0.185564,0.209073
AACACGACTGTACTGA-1,0.000066,0.247544,0.042828,0.62028,0.00817,0.001641,0.079471
AACACGAGACGCGGCC-1,0.00004,0.196202,0.260531,0.299822,0.048744,0.002503,0.192159
AACAGCTGTGTGGCAA-1,0.270828,0.252363,0.24733,0.000107,0.022862,0.000054,0.206457
AACAGGAAATCGAATA-1,0.000042,0.107545,0.063991,0.62033,0.012007,0.128425,0.067659
AACAGGATGGGCCGCG-1,0.054684,0.168473,0.233348,0.53684,0.000075,0.006432,0.000149
AACAGGTAGTATGGAT-1,0.507721,0.421549,0.07011,0.000207,0.000103,0.000103,0.000207
AACATAGCGTGTATCG-1,0.011558,0.274533,0.017214,0.414247,0.107439,0.0217,0.153308
AACATATCAACTGGTG-1,0.000029,0.010832,0.001784,0.57958,0.155295,0.203646,0.048835
AACATCGATACGTCTA-1,0.05037,0.000016,0.005554,0.095159,0.057975,0.6508,0.140127
AACATTGAAGTTGATC-1,0.009056,0.139246,0.119383,0.149201,0.002336,0.008665,0.572114
AACATTGTGACTCGAG-1,0.01118,0.120086,0.078062,0.038757,0.068044,0.003747,0.680123
AACCAAGACTTCTCTG-1,0.033913,0.954754,0.000103,0.000205,0.010718,0.000103,0.000205
AACCAGTATCACTCTT-1,0.000076,0.354275,0.120316,0.115446,0.194014,0.014594,0.201281
AACCATAGGGTTGAAC-1,0.000025,0.150401,0.102174,0.208945,0.069582,0.101049,0.367825
AACCCATCCCATGATC-1,0.026558,0.07833,0.180427,0.000092,0.009331,0.008389,0.696874
AACCCGAGCAGAATCG-1,0.593712,0.278128,0.0001,0.002895,0.124864,0.0001,0.000201
AACCCGATAGGGCTTC-1,0.000053,0.118631,0.000053,0.000107,0.461569,0.130321,0.289266
AACCCGCTGTATTCCA-1,0.016652,0.043061,0.003221,0.217546,0.174562,0.110879,0.43408
AACCCTACTGTCAATA-1,0.042964,0.04838,0.000567,0.504647,0.139348,0.194525,0.069569
AACCCTGGTGGAACCA-1,0.000026,0.013392,0.209837,0.367088,0.046391,0.098997,0.264269
AACCGAGCTTGGTCAT-1,0.001149,0.112629,0.146871,0.4646,0.008,0.030043,0.236707
AACCGCTAAGGGATGC-1,0.112813,0.000033,0.000445,0.334204,0.246252,0.124717,0.181535
AACCGTTGTGTTTGCT-1,0.077693,0.729762,0.000159,0.191752,0.000159,0.000159,0.000317
AACCTAAAGCCGTCCG-1,0.000351,0.007094,0.097263,0.204052,0.001385,0.018773,0.671082
AACCTCGCTTTAGCCC-1,0.000055,0.192707,0.001908,0.663215,0.115187,0.009209,0.017718
AACCTGTCACGGAATT-1,0.127207,0.303346,0.099236,0.347113,0.122953,0.000048,0.000097
AACCTTTAAATACGGT-1,0.03019,0.476255,0.006665,0.260855,0.208806,0.000091,0.017137
AACCTTTACGACGTCT-1,0.033228,0.000036,0.050806,0.58497,0.090444,0.191344,0.049171
AACGAAAGTCGTCCCA-1,0.009097,0.015492,0.037662,0.112812,0.013551,0.102046,0.709341
AACGACCTCCTAGCCG-1,0.99968,0.00004,0.00004,0.00008,0.00004,0.00004,0.00008
AACGATAATGCCGTAG-1,0.018413,0.16473,0.02622,0.634886,0.101314,0.012365,0.042072
AACGATAGAAGGGCCG-1,0.000039,0.061527,0.018565,0.634002,0.042974,0.034155,0.208737
AACGATATGTCAACTG-1,0.019391,0.018792,0.298435,0.437016,0.132136,0.058431,0.035798
AACGCATGATCTGGGT-1,0.000072,0.269047,0.000072,0.551009,0.179584,0.000072,0.000144
AACGCGACCTTGGGCG-1,0.000017,0.000017,0.055361,0.3819,0.011981,0.076138,0.474586
AACGCGGTCTCCAGCC-1,0.00007,0.426526,0.160678,0.331497,0.00007,0.00007,0.081089
AACGCTGTTGCTGAAA-1,0.000086,0.32568,0.000086,0.434938,0.162846,0.002053,0.074312
AACGGACGTACGTATA-1,0.115338,0.215603,0.000076,0.29038,0.329802,0.000076,0.048725
AACGGCCATCTCCGGT-1,0.028721,0.861162,0.030112,0.078774,0.000935,0.000099,0.000198
AACGTACTGTGGGTAC-1,0.000092,0.999264,0.000092,0.000184,0.000092,0.000092,0.000184
AACGTCAGACTAGTGG-1,0.000192,0.998461,0.000192,0.000385,0.000192,0.000192,0.000385
AACGTCATCCGGCTTG-1,0.000016,0.218252,0.000309,0.054317,0.275485,0.013684,0.437936
AACGTCGCTGCACTTC-1,0.054373,0.250004,0.00007,0.062227,0.543056,0.018942,0.071329
AACGTGATGAAGGACA-1,0.000014,0.000014,0.007286,0.257777,0.000715,0.680419,0.053775
AACGTGCGAAAGTCTC-1,0.000025,0.049948,0.161048,0.707691,0.01913,0.042948,0.019211
AACGTTATCAGCACCT-1,0.000097,0.498718,0.117993,0.382804,0.000097,0.000097,0.000194
AACGTTCTACCATTGT-1,0.300373,0.08317,0.233288,0.262898,0.008819,0.040306,0.071146
AACTACCCGTTTGTCA-1,0.378683,0.411912,0.000092,0.208945,0.000092,0.000092,0.000184
AACTAGGCTTGGGTGT-1,0.004479,0.015789,0.030334,0.439025,0.032129,0.19788,0.280365
AACTCAAGTTAATTGC-1,0.000059,0.313685,0.034828,0.484626,0.009299,0.000059,0.157445
AACTCCAGAGCGTGTT-1,0.048649,0.000033,0.020056,0.324476,0.27133,0.189471,0.145985
AACTCCTAATCCCATG-1,0.019343,0.071867,0.089606,0.149425,0.132114,0.217712,0.319934
AACTCTCAATAGAGCG-1,0.000023,0.007396,0.000027,0.515366,0.071691,0.390237,0.015261
AACTCTCAGTGTGCTC-1,0.027199,0.272096,0.272127,0.427995,0.000042,0.000098,0.000444
AACTGAGGTCAGCGTC-1,0.000098,0.165827,0.058835,0.283322,0.206403,0.050063,0.235451
AACTGATATTAGGCCT-1,0.000096,0.443227,0.000096,0.556196,0.000096,0.000096,0.000192
AACTGGGTCCCGACGT-1,0.000105,0.132587,0.168479,0.58119,0.000051,0.036161,0.081427
AACTGGGTTCGAGCCG-1,0.014908,0.160222,0.011045,0.150618,0.08104,0.342555,0.239611
AACTTTACGGGAGCTT-1,0.000071,0.131158,0.125087,0.596472,0.000152,0.005727,0.141333
AACTTTCTCGATCATG-1,0.010807,0.422459,0.000257,0.24006,0.325644,0.000257,0.000515
AAGAAAGTTTGATGGG-1,0.00003,0.241889,0.081472,0.084904,0.068018,0.012014,0.511674
AAGAAATCACCAGATT-1,0.039095,0.150939,0.077881,0.428781,0.166083,0.1121,0.025121
AAGACATACGTGGTTT-1,0.303227,0.563007,0.000148,0.000296,0.132879,0.000148,0.000296
AAGACCAAATAACTCA-1,0.00394,0.062626,0.048212,0.324455,0.111041,0.128668,0.321058
AAGACCCAACTGAACA-1,0.000053,0.302501,0.046543,0.199029,0.039347,0.007249,0.405277
AAGACTCACGCCCACT-1,0.000018,0.000018,0.107201,0.003185,0.059859,0.549701,0.280017
AAGACTGCAAGCTACT-1,0.036605,0.024541,0.069939,0.693106,0.034677,0.038326,0.102806
AAGAGCTCTTTATCGG-1,0.000032,0.224809,0.312456,0.375256,0.000032,0.009477,0.077937
AAGAGGATGTACGCGA-1,0.003564,0.995241,0.000171,0.000342,0.000171,0.000171,0.000342
AAGAGGCATGGATCGC-1,0.056312,0.045071,0.071235,0.654993,0.046633,0.117507,0.00825
AAGAGGCCCTTTGGAA-1,0.554186,0.000053,0.000053,0.000105,0.236148,0.003329,0.206127
AAGATGGCACCGGACC-1,0.323114,0.201214,0.017657,0.000407,0.04698,0.000203,0.410425
AAGATTGGCGGAACGT-1,0.062283,0.114684,0.001777,0.575638,0.126429,0.105274,0.013916
AAGCACCCTGCGTATC-1,0.036787,0.237472,0.416242,0.139283,0.162968,0.000072,0.007177
AAGCATACTCTCCTGA-1,0.019995,0.224328,0.20741,0.340823,0.047235,0.095812,0.064398
AAGCCACTTGCAGGTA-1,0.003707,0.064474,0.003908,0.166718,0.022013,0.05415,0.68503
AAGCCGAAGCGGTTTA-1,0.621314,0.330155,0.000101,0.048027,0.000101,0.000101,0.000202
AAGCCGCCGTGAAATC-1,0.000018,0.000343,0.012831,0.28525,0.022753,0.297938,0.380867
AAGCCGCTTTACCTTG-1,0.11048,0.001768,0.130266,0.179593,0.543491,0.033671,0.000731
AAGCCGGAGAGCAGGA-1,0.819141,0.180191,0.000095,0.000191,0.000095,0.000095,0.000191
AAGCGCAGGGCTTTGA-1,0.120551,0.006181,0.118232,0.120372,0.208295,0.076164,0.350205
AAGCGGAGTGCGCGCA-1,0.003037,0.012613,0.263539,0.063213,0.477508,0.123538,0.056552
AAGCGGCGTCATGGGT-1,0.000056,0.272883,0.067132,0.197987,0.059686,0.071344,0.330912
AAGCGTCCCTCATCGA-1,0.051822,0.946682,0.000214,0.000428,0.000214,0.000214,0.000428
AAGCTAGATCGAGTAA-1,0.100558,0.000026,0.03863,0.613688,0.020221,0.111581,0.115296
AAGCTATGGATTGACC-1,0.000163,0.030082,0.000163,0.000326,0.062205,0.002018,0.905043
AAGCTCGTGCCAAGTC-1,0.007161,0.161257,0.10956,0.716269,0.005639,0.000038,0.000076
AAGCTCTTTCATGGTG-1,0.094707,0.001611,0.207927,0.16724,0.194748,0.260845,0.072922
AAGGAGCGGTTGGTGC-1,0.000101,0.341859,0.08902,0.568615,0.000101,0.000101,0.000203
AAGGATCGATCGCTTG-1,0.385608,0.327941,0.000121,0.285848,0.000121,0.000121,0.000241
AAGGATGAGGGACCTC-1,0.039501,0.000017,0.209476,0.28977,0.006108,0.337049,0.118079
AAGGCAGGCTGTCTCC-1,0.721956,0.047924,0.077383,0.152564,0.000043,0.000043,0.000087
AAGGCGCGTAAAGCTT-1,0.208087,0.267613,0.44407,0.07911,0.000065,0.000065,0.000989
AAGGCTGTGCTCATCG-1,0.000046,0.194996,0.180661,0.559901,0.000046,0.000046,0.064304
AAGGGAACGACTGGCT-1,0.000055,0.332595,0.002624,0.219816,0.160361,0.005461,0.279088
AAGGGACAGATTCTGT-1,0.034935,0.05444,0.083748,0.512861,0.23428,0.023621,0.056115
AAGGGACTATGCATTC-1,0.000052,0.193884,0.045111,0.392308,0.059346,0.01349,0.29581
AAGGGTTAGCCATGCG-1,0.676721,0.322692,0.000084,0.000168,0.000084,0.000084,0.000168
AAGGGTTTGATTTCAG-1,0.002055,0.169209,0.169879,0.159612,0.018649,0.045195,0.435401
AAGGTATCCTAATATA-1,0.000039,0.07985,0.104904,0.661659,0.013155,0.096917,0.043477
AAGGTGATAAACCAGC-1,0.177971,0.183371,0.024939,0.496775,0.050683,0.062739,0.003522
AAGTAGAAGACCGGGT-1,0.02676,0.969052,0.0035,0.000229,0.000115,0.000115,0.000229
AAGTCAATTGTCGTCA-1,0.230857,0.012725,0.333551,0.162546,0.196722,0.042926,0.020672
AAGTCTAGTAGCTGCC-1,0.014831,0.160548,0.079435,0.568087,0.072199,0.05803,0.046869
AAGTCTTCTGTGGCCT-1,0.06028,0.422616,0.261214,0.000091,0.000046,0.000046,0.255707
AAGTGACGACCGAATT-1,0.000093,0.914396,0.084956,0.000185,0.000093,0.000093,0.000185
AAGTGAGTCGGGTTTA-1,0.000132,0.689722,0.000132,0.012247,0.297368,0.000132,0.000265
AAGTGCAAAGGTAGAC-1,0.000417,0.45935,0.009713,0.530262,0.000065,0.000065,0.000129
AAGTGCCTTGACTGTA-1,0.242965,0.396853,0.070973,0.193299,0.085174,0.005441,0.005294
AAGTGCGTTAGAATCT-1,0.000173,0.673694,0.000173,0.120663,0.139118,0.000173,0.066006
AAGTGCTTCTCTATTG-1,0.030916,0.872956,0.000098,0.000196,0.000098,0.000098,0.095638
AAGTGTTTGGAGACGG-1,0.089377,0.064906,0.153363,0.154517,0.276708,0.208771,0.052357
AAGTTCACTCCAAGCT-1,0.000077,0.63611,0.020486,0.268598,0.04569,0.000077,0.028964
AAGTTCAGTCTGCGTA-1,0.001558,0.000027,0.008301,0.437516,0.033057,0.490115,0.029426
AAGTTGTGATGTTATA-1,0.175169,0.326676,0.000205,0.00041,0.496927,0.000205,0.00041
AAGTTTACTAATGGCA-1,0.054897,0.943643,0.000209,0.000417,0.000209,0.000209,0.000417
AAGTTTATGGGCCCAA-1,0.00003,0.082447,0.247636,0.087199,0.294375,0.047983,0.240331
AATAACAACGCTCGGC-1,0.042688,0.36841,0.204697,0.373659,0.000099,0.000099,0.010347
AATAACGTCGCGCCCA-1,0.610552,0.249626,0.086624,0.000146,0.000073,0.000073,0.052906
AATAAGTCCTCGAGAC-1,0.000075,0.221507,0.000075,0.399489,0.046746,0.124149,0.207959
AATAATCTTCGTATCG-1,0.999182,0.000102,0.000102,0.000205,0.000102,0.000102,0.000205
AATACAATGTTTCAGG-1,0.109309,0.054887,0.27291,0.557097,0.000147,0.000135,0.005514
AATACCGGAGGGCTGT-1,0.000112,0.814189,0.000112,0.000224,0.124387,0.000112,0.060865
AATACCTGATGTGAAC-1,0.013404,0.074177,0.000063,0.08772,0.631859,0.010641,0.182135
AATAGAACAGAGTGGC-1,0.000042,0.532959,0.321833,0.140533,0.000042,0.000042,0.004548
AATAGAATCTGTTTCA-1,0.000058,0.162534,0.000058,0.616553,0.175558,0.023425,0.021814
AATAGCAAGCCTCCTG-1,0.000058,0.085664,0.114179,0.127205,0.281094,0.216239,0.175561
AATAGCTACCGCGTGC-1,0.000045,0.170056,0.021173,0.481714,0.179502,0.107346,0.040165
AATAGGCACGACCCTT-1,0.051889,0.533372,0.042244,0.000096,0.026491,0.000048,0.345861
AATAGTCCGTCCCGAC-1,0.053103,0.055647,0.870251,0.000067,0.009567,0.000033,0.011331
AATAGTCGCGAGTCGG-1,0.000083,0.109252,0.046302,0.545728,0.111136,0.031009,0.156491
AATATCCTAGCAAACT-1,0.002726,0.05471,0.04191,0.132775,0.212332,0.161816,0.393731
AATATCGAATCAATGC-1,0.465826,0.397112,0.000077,0.136678,0.000077,0.000077,0.000154
AATATCGAGGGTTCTC-1,0.098686,0.083309,0.066886,0.454484,0.296455,0.00006,0.000119
AATATTGGAGTATTGA-1,0.000215,0.830373,0.046689,0.00043,0.121647,0.000215,0.00043
AATCAGGTTTCATTTA-1,0.000042,0.158701,0.040072,0.168363,0.054618,0.000107,0.578097
AATCATGTAAAGACTC-1,0.028479,0.000028,0.000028,0.240556,0.236258,0.326276,0.168375
AATCCAAGGGCCTGAG-1,0.054567,0.145091,0.300582,0.499523,0.000059,0.000059,0.000119
AATCCCGCTCAGAGCC-1,0.000019,0.320099,0.114084,0.100611,0.214534,0.001782,0.24887
AATCGAGGTCTCAAGG-1,0.045227,0.055939,0.1074,0.147877,0.265153,0.017466,0.360939
AATCGCCTCAGCGCCA-1,0.031904,0.000067,0.003452,0.628727,0.093781,0.237942,0.004126
AATCGCGCAGAGGACT-1,0.585435,0.259708,0.006595,0.147923,0.000085,0.000085,0.00017
AATCGGGACACTACGA-1,0.000081,0.54443,0.2337,0.20219,0.006233,0.000081,0.013285
AATCGGTATAGCCCTC-1,0.075199,0.338598,0.000132,0.000264,0.515585,0.000132,0.07009
AATCGTGAGCCGAGCA-1,0.000079,0.195084,0.000079,0.254757,0.504634,0.045208,0.000159
AATCTAGGTTTACTTG-1,0.000049,0.08843,0.069092,0.187575,0.170915,0.217427,0.266512
AATCTATGCCGGAGCC-1,0.000067,0.101536,0.000067,0.513795,0.169567,0.214441,0.000525
AATCTCTACTGTGGTT-1,0.016387,0.161009,0.011601,0.164146,0.038953,0.166236,0.44167
AATCTGCGTTGGGACG-1,0.009544,0.562888,0.032046,0.309512,0.048923,0.009478,0.027609
AATCTGGCTTTCTAGT-1,0.000065,0.370865,0.03394,0.274227,0.038583,0.000065,0.282253
AATCTGGGTAGACCCT-1,0.127795,0.289077,0.269491,0.000098,0.035094,0.000049,0.278396
AATGACAGCAATGTCT-1,0.056286,0.942712,0.000143,0.000286,0.000143,0.000143,0.000286
AATGACGTAGGATGTC-1,0.000837,0.233266,0.000056,0.528736,0.236938,0.000056,0.000112
AATGACTGTCAGCCGG-1,0.000035,0.162386,0.53551,0.214576,0.000341,0.000035,0.087117
AATGATGATACGCTAT-1,0.00002,0.00002,0.063159,0.359715,0.018677,0.553001,0.005408
AATGATGCGACTCCTG-1,0.000051,0.082736,0.1109,0.586383,0.213561,0.006266,0.000103
AATGCAACCGGGTACC-1,0.000035,0.050556,0.044113,0.464634,0.000153,0.129732,0.310777
AATGCACCAAGCAATG-1,0.000036,0.000036,0.000036,0.500965,0.093819,0.403394,0.001714
AATGGCCGCCAATGCG-1,0.094909,0.225192,0.00712,0.000077,0.23873,0.000683,0.433289
AATGGTCCACCGTTCA-1,0.056571,0.213639,0.265779,0.333894,0.00005,0.00005,0.130017
AATGTATGGCACTGTA-1,0.000031,0.299748,0.261316,0.198353,0.000288,0.012658,0.227606
AATGTGCCCGAGGTGT-1,0.006544,0.204679,0.288581,0.101101,0.012078,0.000042,0.386975
AATGTGCTAATCTGAG-1,0.00033,0.055364,0.001066,0.200878,0.037616,0.004859,0.699886
AATGTTAAGACCCTGA-1,0.020456,0.000012,0.187897,0.111167,0.059489,0.257258,0.363721
AATGTTGTCGTGAGAC-1,0.401142,0.149419,0.000103,0.000205,0.448823,0.000103,0.000205
AATTAAAGGTCGGCGT-1,0.027337,0.077557,0.179498,0.421474,0.017683,0.125975,0.150476
AATTAACGGATTTCCA-1,0.000049,0.174665,0.167282,0.349263,0.066957,0.022486,0.219299
AATTACGAGACCCATC-1,0.01767,0.367349,0.016245,0.314359,0.021363,0.000049,0.262966
AATTAGCGCTGCAGCG-1,0.000033,0.179066,0.092017,0.404724,0.00993,0.124701,0.18953
AATTATACCCAGCAAG-1,0.033881,0.010315,0.123853,0.17346,0.240381,0.079457,0.338652
AATTCATAAGGGATCT-1,0.046207,0.387344,0.025012,0.488797,0.052391,0.000083,0.000166
AATTCATTGTCATGCA-1,0.014692,0.313154,0.040956,0.275711,0.020658,0.085663,0.249167
AATTCCAAGCATGTAC-1,0.000015,0.000015,0.017145,0.173137,0.000567,0.488717,0.320403
AATTCGATTCGAGGAT-1,0.105432,0.000022,0.148257,0.053009,0.131723,0.151999,0.409558
AATTCTAGAGTTAGGC-1,0.000035,0.0233,0.082777,0.631153,0.013273,0.195253,0.05421
AATTGAACGCTCTGGT-1,0.048339,0.042669,0.006678,0.557263,0.23193,0.067854,0.045267
AATTGCAGCAATCGAC-1,0.016256,0.0965,0.007976,0.07936,0.732278,0.042787,0.024843
AATTGCGTGGATTACA-1,0.000036,0.191483,0.026105,0.304093,0.060845,0.183771,0.233668
AATTGTGGTTGCCAAA-1,0.970447,0.028949,0.000086,0.000173,0.000086,0.000086,0.000173
AATTTGGGACATAGTA-1,0.00006,0.207111,0.031123,0.686591,0.003573,0.056017,0.015524
AATTTGGTTCCAAAGA-1,0.000048,0.274457,0.044795,0.5328,0.000048,0.000048,0.147804
ACAAACCATGCGTCCT-1,0.089733,0.094098,0.106185,0.245267,0.026583,0.024065,0.414069
ACAAACCGACAAGGCG-1,0.000049,0.234154,0.003336,0.340344,0.116582,0.011005,0.29453
ACAAACTCCATCAGAG-1,0.19596,0.734432,0.062302,0.000074,0.002738,0.000037,0.004456
ACAAAGAAGGTAGGCC-1,0.001047,0.25007,0.005181,0.000071,0.27563,0.01242,0.455581
ACAAAGCATGACCTAG-1,0.300278,0.000023,0.000023,0.000046,0.246152,0.070143,0.383336
ACAAATCGCACCGAAT-1,0.009669,0.055313,0.031024,0.675906,0.193428,0.027641,0.007018
ACAAATGGTAGTGTTT-1,0.040676,0.031617,0.089386,0.307272,0.109071,0.388869,0.033109
ACAAATTCAGATCTGA-1,0.027342,0.066863,0.111842,0.031606,0.101866,0.129249,0.531231
ACAACAGCATGAGCTA-1,0.005483,0.006645,0.092201,0.730644,0.009478,0.108058,0.047491
ACAAGCAGTGCCTAGC-1,0.04677,0.173613,0.387649,0.374793,0.000092,0.016899,0.000183
ACAAGCTATATGGAAG-1,0.009958,0.081832,0.022945,0.122715,0.144586,0.122221,0.495743
ACAAGGAAATCCGCCC-1,0.020025,0.146301,0.006896,0.595279,0.084613,0.084717,0.06217
ACAAGGACAAGAGGTT-1,0.00003,0.355632,0.28033,0.363887,0.00003,0.00003,0.000061
ACAAGGATGCTTTAGG-1,0.024037,0.385018,0.003588,0.345931,0.241243,0.000061,0.000122
ACAAGGCCTACCAGCC-1,0.054042,0.000036,0.012039,0.055191,0.139492,0.492929,0.246271
ACAAGGGCAGGCTCTG-1,0.01521,0.305555,0.111365,0.525128,0.018518,0.023977,0.000248
ACAAGTAATTGTAAGG-1,0.00003,0.095193,0.010126,0.242944,0.148538,0.096994,0.406174
ACAATAGTCGTACGTT-1,0.000064,0.111629,0.06665,0.626434,0.024098,0.036392,0.134732
ACAATCGATCTTTATA-1,0.050396,0.520896,0.071754,0.193719,0.000083,0.000083,0.163068
ACAATGAATACGGAGA-1,0.000115,0.518675,0.352956,0.000229,0.127681,0.000115,0.000229
ACAATGATTCTTCTAC-1,0.000097,0.31458,0.040047,0.000408,0.33125,0.048312,0.265306
ACAATTGTGTCTCTTT-1,0.132968,0.070785,0.210349,0.181185,0.337625,0.059173,0.007914
ACAATTTAGGAGGCTC-1,0.004001,0.048802,0.118133,0.334308,0.000042,0.100915,0.3938
ACAATTTGAGCAGTGG-1,0.039973,0.268752,0.067487,0.436536,0.012764,0.170195,0.004292
ACAATTTGGCCATATT-1,0.383538,0.548751,0.000146,0.023636,0.04349,0.000146,0.000292
ACACAAAGACGGGTGG-1,0.014678,0.000023,0.084551,0.42687,0.003261,0.24569,0.224928
ACACAAATATTCCTAG-1,0.129089,0.045314,0.147075,0.056816,0.459709,0.10352,0.058477
ACACACCAGGACCAGT-1,0.041367,0.196864,0.000063,0.448535,0.224474,0.070119,0.018579
ACACACTTTCTACACG-1,0.029542,0.192405,0.222105,0.412636,0.009442,0.017858,0.116012
ACACATGATCAAATCT-1,0.000028,0.023012,0.372643,0.058843,0.190962,0.057139,0.297373
ACACATTTCCGTAGAC-1,0.000029,0.03181,0.00063,0.138064,0.225631,0.159745,0.44409
ACACCACATAATTAGC-1,0.037932,0.603281,0.038389,0.195564,0.072749,0.00103,0.051055
ACACCCAGCATGCAGC-1,0.000036,0.001743,0.177873,0.597958,0.000036,0.053383,0.16897
ACACCCGAGAAATCCG-1,0.006567,0.242669,0.202609,0.536803,0.000063,0.008973,0.002316
ACACCCGTAAATCTGT-1,0.000077,0.000022,0.11706,0.000044,0.2821,0.092928,0.507768
ACACCGAGCGCTCTTT-1,0.000093,0.375421,0.311888,0.018436,0.121582,0.000093,0.172486
ACACCGGTCTGACCGC-1,0.105788,0.000017,0.053058,0.226526,0.000017,0.162068,0.452525
ACACCTTAAGTAGGGC-1,0.063265,0.811235,0.12466,0.00028,0.00014,0.00014,0.00028
ACACCTTACTACTTGC-1,0.722889,0.219614,0.056947,0.000183,0.000092,0.000092,0.000183
ACACGAGACTCCTTCT-1,0.000032,0.046376,0.249496,0.608658,0.061873,0.025589,0.007976
ACACGGCACTATGCAT-1,0.000023,0.000023,0.072582,0.385755,0.000023,0.419987,0.121606
ACACGGGAACTTAGGG-1,0.011436,0.423638,0.090341,0.474331,0.000064,0.000064,0.000127
ACACGTAGGCCACAAG-1,0.665671,0.333624,0.000101,0.000201,0.000101,0.000101,0.000201
ACACTGATCAAGGTGT-1,0.000035,0.002598,0.019648,0.755421,0.024605,0.042045,0.155649
ACACTGGGACAGTCGT-1,0.571843,0.198835,0.000128,0.022739,0.206071,0.000128,0.000256
ACAGAACTGAGAACAA-1,0.00003,0.000186,0.109103,0.215963,0.003677,0.048154,0.622887
ACAGATTAGGTTAGTG-1,0.057109,0.941856,0.000148,0.000296,0.000148,0.000148,0.000296
ACAGCATAGAGCCAGT-1,0.000159,0.601875,0.000159,0.157763,0.202297,0.037429,0.000318
ACAGCGACATTCTCAT-1,0.123198,0.406621,0.00017,0.108518,0.360983,0.00017,0.00034
ACAGCGCACCCGCAGC-1,0.000086,0.297456,0.03355,0.611968,0.038268,0.018499,0.000172
ACAGGCACGGATCCTT-1,0.000045,0.118112,0.000045,0.157415,0.417752,0.154761,0.151869
ACAGGCTTGCCCGACT-1,0.064433,0.282109,0.012137,0.485427,0.1436,0.000606,0.011687
ACAGGTGTGTTGTTGC-1,0.000043,0.172791,0.031679,0.001411,0.321465,0.039973,0.432638
ACAGTAATACAACTTG-1,0.000035,0.078628,0.019612,0.398897,0.030793,0.192249,0.279786
ACAGTATACCGTGGGA-1,0.076069,0.45242,0.02386,0.036645,0.264847,0.040185,0.105973
ACAGTGCAGCGCATTT-1,0.006788,0.00867,0.037289,0.007578,0.238418,0.084013,0.617244
ACATAAGTCGTGGTGA-1,0.000051,0.178011,0.000051,0.387977,0.094322,0.060229,0.27936
ACATAATAAGGCGGTG-1,0.000061,0.419248,0.420415,0.127805,0.000061,0.000061,0.032351
ACATACAATCAAGCGG-1,0.027035,0.025223,0.000038,0.369135,0.151841,0.113649,0.31308
ACATCAGCTGGGACGC-1,0.123574,0.261536,0.211756,0.318283,0.01091,0.00128,0.072662
ACATCCCGGCCATACG-1,0.000061,0.180021,0.046438,0.482569,0.000061,0.003987,0.286864
ACATCCTGGTAACTGT-1,0.403708,0.435321,0.146961,0.000151,0.000076,0.000076,0.013707
ACATCGATCGTTTACC-1,0.000076,0.198055,0.062373,0.739189,0.000076,0.000076,0.000153
ACATCGCAATATTCGG-1,0.000036,0.209226,0.000036,0.105355,0.201728,0.016414,0.467205
ACATCGGTCAGCCGCG-1,0.611475,0.282299,0.000141,0.000281,0.000141,0.000141,0.105523
ACATCGTATGCAATGG-1,0.030734,0.357431,0.113725,0.393792,0.090667,0.009577,0.004076
ACATCGTTAACCTAGT-1,0.000179,0.532035,0.000179,0.054531,0.162904,0.234651,0.015522
ACATCTCAACGCGTAA-1,0.034371,0.000023,0.332448,0.033306,0.000023,0.107955,0.491875
ACATGCTTACGGCAGC-1,0.003368,0.000018,0.008434,0.17147,0.017991,0.201667,0.597051
ACATGGCGCCAAAGTA-1,0.256371,0.14395,0.00006,0.30254,0.214773,0.078788,0.003517
ACATTAGTTTATATCC-1,0.000056,0.066722,0.03481,0.555603,0.014194,0.137022,0.191594
ACATTCGCGCGGAATA-1,0.002489,0.00001,0.152024,0.105937,0.000013,0.033272,0.706256
ACATTTGAAACCTAAC-1,0.137904,0.057178,0.001979,0.001155,0.361392,0.043751,0.39664
ACCAAACACCCAGCGA-1,0.000037,0.066784,0.009296,0.381817,0.450231,0.048852,0.042984
ACCAAACTAGAAATCC-1,0.000169,0.670141,0.000169,0.04238,0.192617,0.000169,0.094355
ACCAACACCACACACT-1,0.000038,0.299644,0.020897,0.487009,0.168477,0.02151,0.002425
ACCAACCGCACTCCAC-1,0.176504,0.042792,0.000034,0.000069,0.375376,0.008368,0.396858
ACCAACGCTTATTTAT-1,0.000066,0.298621,0.07764,0.35372,0.025191,0.000066,0.244695
ACCAAGAACGCGTGTC-1,0.000044,0.184058,0.224838,0.530334,0.021554,0.000044,0.039128
ACCAAGTCATCGGCAG-1,0.206146,0.49488,0.000089,0.000177,0.288454,0.000089,0.010166
ACCAATATGCAAGTTA-1,0.0217,0.008055,0.044047,0.431425,0.027824,0.43304,0.033909
ACCACAACTCAGAACA-1,0.000051,0.038923,0.103107,0.321529,0.006721,0.268919,0.260749
ACCACAAGTTTCTATC-1,0.000105,0.373701,0.025155,0.569933,0.007531,0.000105,0.023468
ACCACACGGTTGATGG-1,0.034862,0.053806,0.084462,0.292916,0.286025,0.063533,0.184397
ACCACCAATGTAACAA-1,0.229196,0.512517,0.000082,0.257875,0.000082,0.000082,0.000165
ACCACCCTCTCTTCTA-1,0.000047,0.003218,0.000047,0.120899,0.422473,0.401281,0.052035
ACCACGTGCAGCTATA-1,0.014637,0.017364,0.123396,0.477674,0.018185,0.271546,0.077198
ACCAGACCATAACAAC-1,0.00004,0.230885,0.103643,0.1912,0.018967,0.051994,0.403271
ACCAGCCCGGTCTTTG-1,0.000067,0.045896,0.107983,0.398657,0.190467,0.02121,0.23572
ACCAGTGCCCGGTCAA-1,0.124662,0.000037,0.02821,0.051383,0.109784,0.423812,0.262114
ACCAGTGCGGGAGACG-1,0.036052,0.087559,0.131833,0.340342,0.404071,0.000048,0.000095
ACCATATCCGCAATAA-1,0.035496,0.412225,0.237358,0.129496,0.000049,0.000049,0.185328
ACCATCCGCCAACTAG-1,0.000082,0.505605,0.253911,0.041745,0.00243,0.000082,0.196144
ACCATCGTATATGGTA-1,0.029837,0.564858,0.107413,0.274935,0.022666,0.000096,0.000193
ACCATTAAGGGTGTCA-1,0.038445,0.960487,0.000153,0.000305,0.000153,0.000153,0.000305
ACCCAACGCCCGTGGC-1,0.000055,0.390753,0.000055,0.44047,0.132607,0.000792,0.035267
ACCCATCTTGAGGGTA-1,0.026316,0.486257,0.123704,0.363388,0.000084,0.000084,0.000168
ACCCATTTGTCCCTCT-1,0.280918,0.244915,0.00988,0.319428,0.142954,0.000054,0.001851
ACCCGAGCGAAATTAC-1,0.000058,0.41359,0.008027,0.208722,0.046884,0.000058,0.322662
ACCCGATTGGTTCCGA-1,0.175144,0.514915,0.223937,0.040654,0.000063,0.000063,0.045224
ACCCGGAAACTCCCAG-1,0.000063,0.24157,0.082901,0.471674,0.035741,0.014792,0.153258
ACCCGGAGCACCACAA-1,0.999586,0.000052,0.000052,0.000103,0.000052,0.000052,0.000103
ACCCGGATGACGCATC-1,0.080544,0.095075,0.00006,0.524062,0.292249,0.00789,0.00012
ACCCGGTTACACTTCC-1,0.000025,0.000025,0.197194,0.447317,0.006381,0.31124,0.037817
ACCCGTAGCAGAGAAT-1,0.000039,0.206967,0.06414,0.372372,0.070175,0.033543,0.252765
ACCCGTAGTCTAGTTG-1,0.865448,0.053611,0.000068,0.000137,0.019413,0.000068,0.061255
ACCCGTGTCATCAGTA-1,0.000096,0.300017,0.021101,0.591618,0.025224,0.005468,0.056477
ACCCTCCCGTCAGGGC-1,0.008247,0.139684,0.000058,0.081746,0.735043,0.013884,0.021338
ACCCTCCCTTGCTATT-1,0.026637,0.028363,0.057644,0.300335,0.408761,0.116592,0.061669
ACCCTGGTAACGCCCT-1,0.052101,0.000035,0.000035,0.052234,0.214413,0.57167,0.109512
ACCCTTCATCTGCGAA-1,0.031183,0.292532,0.146202,0.265693,0.002152,0.024014,0.238223
ACCCTTGCCTGGGTCG-1,0.031419,0.024856,0.000046,0.331568,0.396289,0.205377,0.010445
ACCCTTTAGTTCTCCA-1,0.000032,0.000032,0.161686,0.139477,0.003271,0.394086,0.301416
ACCGAAAGGGCCCTGC-1,0.038765,0.410876,0.105776,0.44255,0.000084,0.000084,0.001865
ACCGAAGAGTCTGGTT-1,0.03293,0.127906,0.235962,0.013797,0.239896,0.012688,0.336821
ACCGACACATCTCCCA-1,0.000024,0.000024,0.005559,0.089731,0.000024,0.797205,0.107432
ACCGACTGAGTCCCAC-1,0.000081,0.417791,0.003604,0.578201,0.000081,0.000081,0.000162
ACCGAGTCTCCTTATT-1,0.084813,0.000057,0.000057,0.00215,0.568462,0.103809,0.240652
ACCGATAGGCATAACC-1,0.769611,0.062157,0.000091,0.000181,0.16769,0.000091,0.000181
ACCGATATTTAATCAT-1,0.951325,0.000103,0.047957,0.000205,0.000103,0.000103,0.000205
ACCGATGGTAGCATCG-1,0.01949,0.009709,0.001338,0.355702,0.066351,0.525818,0.021592
ACCGCAATAACTGCCT-1,0.107622,0.099651,0.006305,0.396657,0.218849,0.10257,0.068346
ACCGCGGTGGAAGTCG-1,0.637931,0.20277,0.000091,0.158845,0.000091,0.000091,0.000182
ACCGCTAGTCATTGGT-1,0.00003,0.157016,0.052104,0.049278,0.079422,0.006138,0.656011
ACCGGGCCTTTGTTGA-1,0.09367,0.605111,0.0001,0.289888,0.010928,0.0001,0.000201
ACCGGTCAGGTACACC-1,0.029128,0.17686,0.131689,0.194057,0.069223,0.02608,0.372962
ACCGGTCTGAGTACGG-1,0.00003,0.031384,0.006839,0.111279,0.031434,0.69423,0.124805
ACCGTCCACTGGGCCC-1,0.000016,0.046094,0.057073,0.333743,0.058441,0.26419,0.240443
ACCGTTCCCGCTCTGA-1,0.048906,0.113502,0.279536,0.106911,0.050252,0.000065,0.400829
ACCTAAGTACCTTTCA-1,0.339099,0.656201,0.004196,0.000168,0.000084,0.000084,0.000168
ACCTAATCGACTTCCT-1,0.024857,0.23039,0.394985,0.312569,0.00013,0.00013,0.036938
ACCTACAGTATGTGGT-1,0.436783,0.517026,0.000151,0.045437,0.000151,0.000151,0.000301
ACCTACTATAAATCTA-1,0.00001,0.00001,0.029089,0.120691,0.00001,0.340035,0.510156
ACCTCAGCGAGGCGCA-1,0.063397,0.112359,0.000038,0.138204,0.354911,0.172781,0.15831
ACCTCCGCCCTCGCTG-1,0.473792,0.513576,0.0001,0.000199,0.0001,0.0001,0.012134
ACCTCCGTTATTCACC-1,0.264238,0.735021,0.000106,0.000212,0.000106,0.000106,0.000212
ACCTCGAACTTATGCT-1,0.00022,0.042094,0.036324,0.147433,0.018714,0.062851,0.692364
ACCTGCGTGTCATGTT-1,0.000076,0.191769,0.287498,0.192554,0.18712,0.008844,0.132138
ACCTTTCCTTTAGAAG-1,0.07728,0.538541,0.256578,0.009335,0.000062,0.000062,0.118141
ACGAAATGGGCGGCAC-1,0.000112,0.999103,0.000112,0.000224,0.000112,0.000112,0.000224
ACGACCCATGAGTTGC-1,0.910963,0.08863,0.000058,0.000116,0.000058,0.000058,0.000116
ACGACTCTAGGGCCGA-1,0.036202,0.347792,0.000081,0.017264,0.598419,0.000081,0.000161
ACGACTGGTCATACTC-1,0.000107,0.833426,0.000107,0.000215,0.062535,0.000107,0.103502
ACGAGATATTTGCTTA-1,0.038979,0.186764,0.187036,0.359054,0.055531,0.044557,0.12808
ACGAGGATACCACTCT-1,0.000045,0.160867,0.021057,0.418762,0.013464,0.030266,0.355539
ACGAGGTTTACAACGT-1,0.014788,0.010492,0.078009,0.011688,0.078764,0.064619,0.74164
ACGAGTACGGATGCCC-1,0.074056,0.052093,0.03277,0.656072,0.05716,0.070738,0.057111
ACGATACATAGAACTA-1,0.000058,0.245373,0.21272,0.471224,0.070426,0.000058,0.000141
ACGATACCTATCCTGA-1,0.000046,0.187364,0.006541,0.166219,0.109169,0.239746,0.290915
ACGATCATACATAGAG-1,0.00004,0.050783,0.265012,0.492426,0.001404,0.055816,0.134518
ACGATCATCTTGTAAA-1,0.103279,0.509655,0.000073,0.374259,0.012517,0.000073,0.000145
ACGATGCATATGTTAT-1,0.000112,0.513882,0.000112,0.449779,0.010443,0.000112,0.025557
ACGATGGATCCGATGC-1,0.00005,0.108769,0.038887,0.69246,0.01785,0.002725,0.13926
ACGCAAACTAATAGAT-1,0.053518,0.941324,0.00011,0.000219,0.004501,0.00011,0.000219
ACGCAATCACTACAGC-1,0.000033,0.002145,0.016708,0.49034,0.051834,0.415047,0.023893
ACGCATAAATGACATG-1,0.079384,0.082784,0.008878,0.005894,0.105321,0.394549,0.32319
ACGCATACGTTTACTA-1,0.115992,0.109551,0.000075,0.188456,0.425883,0.007628,0.152415
ACGCATTCGTGAGTAC-1,0.000037,0.049293,0.120318,0.608633,0.000037,0.112322,0.10936
ACGCCACTCGAAACAG-1,0.020391,0.023706,0.01217,0.085322,0.157908,0.30414,0.396364
ACGCCAGATGATTTCT-1,0.050718,0.003344,0.066473,0.571408,0.01457,0.144993,0.148494
ACGCCAGTGCGTTTGC-1,0.472067,0.000046,0.000046,0.000091,0.12015,0.010356,0.397245
ACGCCCAGCTGTCGAT-1,0.000046,0.000046,0.00321,0.379842,0.078906,0.073967,0.463982
ACGCCGCTAGACGACC-1,0.003623,0.06844,0.096581,0.560501,0.081107,0.04912,0.140626
ACGCGAAGTCAGACGA-1,0.000026,0.000026,0.691134,0.090721,0.058124,0.1599,0.000068
ACGCGCTACACAGGGT-1,0.039361,0.81695,0.020699,0.122572,0.000105,0.000105,0.000209
ACGCGGGCCAAGGACA-1,0.000027,0.070723,0.2078,0.490978,0.002669,0.024779,0.203024
ACGCGTTTCTTAAGAG-1,0.00003,0.061544,0.187266,0.295813,0.000115,0.07127,0.383962
ACGCTACTGAATGGGC-1,0.621911,0.377407,0.000097,0.000195,0.000097,0.000097,0.000195
ACGCTAGTATCAGTGC-1,0.052692,0.00004,0.00004,0.000079,0.194288,0.274514,0.478346
ACGCTAGTGATACACT-1,0.026657,0.048466,0.000039,0.547519,0.239334,0.004259,0.133725
ACGCTGTGAGGCGTAG-1,0.000122,0.333553,0.000122,0.561572,0.000122,0.000122,0.104387
ACGCTTAGTGTCTCTC-1,0.00007,0.181959,0.164791,0.161942,0.010082,0.014727,0.46643
ACGGAACACGAGTGCC-1,0.000022,0.000022,0.000022,0.024588,0.134563,0.749124,0.091657
ACGGAATTTAGCAAAT-1,0.05297,0.246014,0.047412,0.641255,0.000158,0.011873,0.000317
ACGGACGCAGCGACAA-1,0.000053,0.37144,0.15047,0.071119,0.040723,0.006033,0.360161
ACGGACTCTCAAAGCG-1,0.064958,0.155407,0.450012,0.084776,0.113229,0.02129,0.110327
ACGGAGCGCAAATTAC-1,0.000049,0.2126,0.02826,0.643982,0.114231,0.000782,0.000097
ACGGATGGTGCGGATA-1,0.021805,0.259795,0.218304,0.277976,0.012921,0.154241,0.054959
ACGGCACTTGCTTGGG-1,0.000055,0.464511,0.080237,0.362923,0.000055,0.000055,0.092163
ACGGCCAACATGGACT-1,0.014747,0.000018,0.007349,0.23576,0.000018,0.614078,0.12803
ACGGCGACGATGGGAA-1,0.006386,0.082163,0.082889,0.264985,0.266176,0.184159,0.113242
ACGGCTGGATGTAGAA-1,0.000024,0.009565,0.023715,0.165525,0.119028,0.24437,0.437773
ACGGGAGTGTCGGCCC-1,0.000132,0.730634,0.000132,0.186583,0.000132,0.000132,0.082257
ACGGGCGTATGCGACA-1,0.008898,0.105534,0.000049,0.122032,0.410549,0.0699,0.283038
ACGGGTCATGTGACTT-1,0.179217,0.81957,0.000173,0.000346,0.000173,0.000173,0.000346
ACGGGTTGTGACCTGT-1,0.000035,0.198433,0.135703,0.359868,0.022825,0.05965,0.223485
ACGGTACAGTTCAATG-1,0.010727,0.00228,0.000039,0.182866,0.383665,0.374404,0.046019
ACGGTCACCGAGAACA-1,0.000021,0.048591,0.034331,0.318248,0.01693,0.137971,0.443908
ACGTACAGATTTCTCT-1,0.018604,0.009793,0.264827,0.389844,0.00354,0.074155,0.239235
ACGTACTTTGGCACGG-1,0.00002,0.067643,0.012021,0.209774,0.00717,0.000515,0.702856
ACGTAGATTGCTGATG-1,0.000042,0.096454,0.138812,0.47798,0.026624,0.052855,0.207233
ACGTAGGAGAGTCGCT-1,0.044492,0.000013,0.019465,0.031188,0.035652,0.316054,0.553136
ACGTATTACTCCGATC-1,0.185396,0.73003,0.000149,0.083828,0.000149,0.000149,0.000298
ACGTCCTAAACGAGAT-1,0.090359,0.265388,0.17493,0.13919,0.017042,0.00004,0.313052
ACGTCGGGCAACTCGG-1,0.005067,0.411124,0.052095,0.208909,0.094428,0.009266,0.219111
ACGTCTCGTTCCGGGA-1,0.050581,0.000018,0.00893,0.00714,0.00387,0.440172,0.489288
ACGTGACAAAGTAAGT-1,0.000017,0.008072,0.016152,0.017817,0.083618,0.401868,0.472456
ACGTGCGCCTCGTGCA-1,0.000079,0.194143,0.544944,0.165937,0.03248,0.00766,0.054757
ACGTGGTCGAATGTGC-1,0.000028,0.000028,0.062951,0.426215,0.003211,0.052744,0.454824
ACGTTAATGTCGAAGA-1,0.000048,0.394552,0.121166,0.454911,0.02571,0.000048,0.003565
ACGTTAGATTTGCCCG-1,0.000164,0.991567,0.000164,0.007452,0.000164,0.000164,0.000327
ACGTTATTGGTCACTC-1,0.167217,0.831666,0.00016,0.000319,0.00016,0.00016,0.000319
ACGTTCACTATGCCGC-1,0.088546,0.726938,0.022297,0.000112,0.000056,0.000056,0.161996
ACGTTCCGCGCTCCGT-1,0.053132,0.375721,0.2756,0.266509,0.000094,0.000454,0.02849
ACGTTCGCAATCAATT-1,0.335003,0.414789,0.001013,0.241752,0.00728,0.000054,0.000109
ACGTTCGTTCAGGAAA-1,0.038289,0.330818,0.292304,0.3154,0.000039,0.02145,0.0017
ACGTTCTGTACAAGTC-1,0.004318,0.037866,0.000044,0.064923,0.356161,0.219227,0.317461
ACGTTGTCGTTGAAAG-1,0.000041,0.3838,0.035067,0.175683,0.040384,0.040711,0.324314
ACGTTTAGTTGTGATC-1,0.000063,0.26593,0.416321,0.168622,0.000063,0.000063,0.148937
ACGTTTCGGTGCACTT-1,0.790757,0.140365,0.000077,0.068493,0.000077,0.000077,0.000154
ACTAAGGACGCACACC-1,0.000037,0.145192,0.017311,0.038284,0.55477,0.156661,0.087745
ACTAATACGTCAGGCG-1,0.077377,0.001669,0.067851,0.248016,0.049187,0.44057,0.115331
ACTACAAAGAGAGGTG-1,0.046229,0.856962,0.010207,0.000095,0.037886,0.008194,0.040426
ACTACATCCCGACAAG-1,0.014682,0.00001,0.208099,0.004395,0.00186,0.191251,0.579703
ACTACCAGCTCTCTGG-1,0.367608,0.222034,0.316418,0.093657,0.000071,0.000071,0.000142
ACTACCATCCGAGGGC-1,0.000015,0.001299,0.000741,0.100975,0.018544,0.12941,0.749015
ACTACGCGTTAGAATT-1,0.000112,0.599589,0.000112,0.222926,0.122802,0.000112,0.054349
ACTAGTTGCGATCGTC-1,0.506261,0.493169,0.000081,0.000163,0.000081,0.000081,0.000163
ACTATATGCTGTGTTC-1,0.140231,0.031018,0.231769,0.116021,0.240273,0.121264,0.119424
ACTATCCAGGGCATGG-1,0.171393,0.004703,0.000042,0.255349,0.426308,0.092491,0.049715
ACTATCGCCGGCTAAA-1,0.158034,0.840998,0.000138,0.000277,0.000138,0.000138,0.000277
ACTATCTGCCCGCGTA-1,0.56053,0.316759,0.01722,0.10518,0.000078,0.000078,0.000156
ACTATGTCCAGCTGCC-1,0.004195,0.524897,0.110213,0.000101,0.000051,0.000051,0.360493
ACTATTCGTCCGTGGT-1,0.00838,0.118789,0.743799,0.109417,0.00004,0.002332,0.017244
ACTATTTCCGGGCCCA-1,0.012803,0.251629,0.400198,0.277045,0.000038,0.025684,0.032604
ACTCAAGTGCAAGGCT-1,0.059728,0.082298,0.284081,0.024878,0.443298,0.101182,0.004535
ACTCAATAAAGGCACG-1,0.040234,0.035612,0.103332,0.727531,0.00652,0.035655,0.051116
ACTCATGGCAGCCTTC-1,0.000149,0.183229,0.075413,0.351654,0.004592,0.018972,0.36599
ACTCCAATATCATCAT-1,0.004033,0.0143,0.011584,0.386604,0.002555,0.045919,0.535004
ACTCCCATTCCTAAAG-1,0.106866,0.171592,0.172888,0.331461,0.024961,0.028241,0.163991
ACTCCCGAATTCGTTT-1,0.024638,0.234199,0.000077,0.5278,0.205382,0.007751,0.000153
