Barcode,Topic 1,Topic 2,Topic 3,Topic 4,Topic 5,Topic 6,Topic 7,Topic 8,Topic 9,Topic 10to12
AAACAACGAATAGTTC-1,0.000033,0.605915,0.035566,0.035226,0.000033,0.000033,0.000033,0.287553,0.035505,0.0001
AAACAAGTATCTCCCA-1,0.000013,0.000013,0.004593,0.054263,0.020387,0.108828,0.021985,0.099178,0.12567,0.565071
AAACAATCTACTAGCA-1,0.000017,0.000017,0.000017,0.000017,0.000017,0.000017,0.133036,0.061122,0.066715,0.739025
AAACACCAATAACTGC-1,0.000233,0.134337,0.404002,0.000233,0.146947,0.218034,0.095046,0.000233,0.000233,0.0007
AAACAGAGCGACTCCT-1,0.000033,0.049847,0.007586,0.081065,0.309356,0.025065,0.006847,0.211487,0.281858,0.026857
AAACAGCTTTCAGAAG-1,0.000044,0.000044,0.096345,0.129388,0.363547,0.038495,0.294213,0.053557,0.000044,0.024322
AAACAGGGTCTATATT-1,0.000031,0.041938,0.000031,0.000031,0.936589,0.021197,0.000031,0.000031,0.000031,0.000092
AAACAGTGTTCCTGGG-1,0.000025,0.016436,0.453322,0.022946,0.014421,0.067554,0.00731,0.100988,0.004497,0.312499
AAACATGGTGAGAGGA-1,0.000058,0.052166,0.736833,0.000058,0.000058,0.000058,0.006003,0.120496,0.000058,0.084213
AAACATTTCCCGGATT-1,0.000044,0.034365,0.108863,0.570559,0.197118,0.000044,0.055786,0.02267,0.000044,0.010506
AAACCACTACACAGAT-1,0.000014,0.000014,0.027678,0.000987,0.010649,0.327835,0.000014,0.314953,0.26468,0.053177
AAACCCGAACGAAATC-1,0.000013,0.010804,0.002559,0.092554,0.000013,0.053132,0.26612,0.071524,0.075146,0.428136
AAACCGGAAATGTTAA-1,0.000038,0.276355,0.163217,0.035727,0.037158,0.316843,0.066488,0.069281,0.011213,0.023679
AAACCGGGTAGGTACC-1,0.000049,0.07514,0.048061,0.524828,0.321538,0.022441,0.007699,0.000049,0.000049,0.000147
AAACCGTTCGTCCAGG-1,0.000144,0.109991,0.250141,0.382855,0.119301,0.000144,0.000144,0.000144,0.000144,0.136994
AAACCTAAGCAGCCGG-1,0.000092,0.085766,0.344334,0.393723,0.175444,0.000092,0.000092,0.000092,0.000092,0.000275
AAACCTCATGAAGTTG-1,0.000012,0.000012,0.000012,0.034423,0.000012,0.000012,0.134446,0.069513,0.148086,0.613472
AAACGAAGAACATACC-1,0.000058,0.084069,0.079666,0.215378,0.043973,0.173142,0.080532,0.000058,0.13671,0.186414
AAACGAAGATGGAGTA-1,0.000044,0.000044,0.177919,0.000055,0.486071,0.079285,0.018345,0.03165,0.000044,0.206544
AAACGACAGTCTTGCC-1,0.000016,0.000016,0.094403,0.000016,0.000204,0.313708,0.000016,0.176303,0.26042,0.1549
AAACGAGACGGTTGAT-1,0.000058,0.000058,0.00723,0.5397,0.450471,0.000058,0.000058,0.000058,0.002138,0.000173
AAACGCCCGAGATCGG-1,0.000017,0.007763,0.042874,0.000017,0.000764,0.352018,0.000017,0.246873,0.34332,0.006338
AAACGCTGGGCACGAC-1,0.000017,0.012074,0.196303,0.031813,0.000017,0.003534,0.233149,0.400992,0.003392,0.118707
AAACGGGCGTACGGGT-1,0.000025,0.000025,0.052975,0.146118,0.13242,0.345369,0.000025,0.000025,0.32103,0.001988
AAACGGGTTGGTATCC-1,0.000015,0.153235,0.000332,0.000015,0.006095,0.631379,0.000016,0.14386,0.021775,0.043279
AAACGGTTGCGAACTG-1,0.000044,0.06876,0.002076,0.608366,0.241468,0.063275,0.000044,0.003689,0.012145,0.000133
AAACGTGTTCGCCCTA-1,0.00002,0.009855,0.046319,0.00002,0.062507,0.262465,0.009955,0.130662,0.121746,0.356449
AAACTAACGTGGCGAC-1,0.000043,0.104314,0.241066,0.041904,0.001418,0.01955,0.005282,0.016321,0.272787,0.297315
AAACTCGGTTCGCAAT-1,0.000035,0.015513,0.110791,0.119362,0.091764,0.081742,0.007077,0.006564,0.553529,0.013622
AAACTCGTGATATAAG-1,0.000012,0.000012,0.000012,0.024237,0.053367,0.000012,0.022484,0.013207,0.0637,0.822958
AAACTTAATTGCACGC-1,0.000068,0.00584,0.495425,0.404583,0.059652,0.034026,0.000068,0.000068,0.000068,0.000203
AAACTTGCAAACGTAT-1,0.000051,0.000051,0.163836,0.489344,0.245289,0.000051,0.090523,0.000051,0.000051,0.010755
AAAGAATGACCTTAGA-1,0.000021,0.000021,0.317636,0.000194,0.000021,0.176515,0.007076,0.052104,0.115545,0.330865
AAAGAATGTGGACTAA-1,0.000012,0.099866,0.000431,0.065268,0.030551,0.683425,0.000012,0.004515,0.029254,0.086665
AAAGACATGAAGTTTA-1,0.000029,0.000029,0.098085,0.004836,0.004344,0.449434,0.000029,0.014373,0.423541,0.005303
AAAGACCCAAGTCGCG-1,0.000071,0.000071,0.1175,0.247889,0.231978,0.031477,0.285545,0.000071,0.002169,0.083227
AAAGACTGGGCGCTTT-1,0.00002,0.022154,0.00002,0.306347,0.050613,0.00002,0.058912,0.267366,0.042979,0.25157
AAAGCTTGCCTACATA-1,0.000021,0.067739,0.05787,0.000021,0.000021,0.280192,0.064321,0.196751,0.000021,0.333044
AAAGGCCCTATAATAC-1,0.000021,0.000021,0.12016,0.13587,0.01441,0.467768,0.000021,0.01496,0.24547,0.001297
AAAGGCTACGGACCAT-1,0.000064,0.000064,0.197811,0.675497,0.124656,0.000064,0.001521,0.000064,0.000064,0.000193
AAAGGCTCTCGCGCCG-1,0.000089,0.000089,0.021651,0.601864,0.375682,0.000089,0.000089,0.000089,0.000089,0.000268
AAAGGGATGTAGCAAG-1,0.000046,0.003027,0.044717,0.625339,0.031752,0.03535,0.004006,0.001609,0.168754,0.085399
AAAGGGCAGCTTGAAT-1,0.000019,0.00295,0.019696,0.064679,0.000019,0.080801,0.288572,0.090021,0.149303,0.303941
AAAGGTAAGCTGTACC-1,0.000077,0.000077,0.189079,0.485025,0.113722,0.000077,0.000077,0.000077,0.188425,0.023364
AAAGGTCAACGACATG-1,0.000035,0.061123,0.334962,0.055355,0.087197,0.012928,0.000035,0.303786,0.144475,0.000105
AAAGTAGCATTGCTCA-1,0.000061,0.000061,0.160718,0.42308,0.385262,0.023372,0.000061,0.000061,0.007141,0.000183
AAAGTCACTGATGTAA-1,0.000046,0.000046,0.010765,0.191022,0.294862,0.059202,0.185167,0.000046,0.060247,0.198596
AAAGTCGACCCTCAGT-1,0.000042,0.081655,0.035621,0.440876,0.198317,0.000072,0.073753,0.090451,0.038675,0.040537
AAAGTGCCATCAATTA-1,0.00002,0.000022,0.116031,0.014981,0.013193,0.300291,0.190185,0.17713,0.007819,0.180328
AAAGTGTGATTTATCT-1,0.000035,0.000035,0.016574,0.414363,0.04332,0.016722,0.000035,0.26364,0.243183,0.002093
AAAGTTGACTCCCGTA-1,0.000054,0.017633,0.190498,0.045002,0.355714,0.000054,0.226624,0.000054,0.07797,0.086398
AAATAACCATACGGGA-1,0.000076,0.1039,0.051912,0.426308,0.294216,0.000076,0.000076,0.088613,0.034593,0.000229
AAATAAGGTAGTGCCC-1,0.000014,0.000014,0.000014,0.078181,0.001011,0.007403,0.114506,0.169176,0.139822,0.489861
AAATAGCTTAGACTTT-1,0.000038,0.00464,0.133758,0.224852,0.17342,0.000038,0.11105,0.243694,0.043011,0.0655
AAATAGGGTGCTATTG-1,0.000098,0.000098,0.280399,0.543268,0.161283,0.000098,0.000098,0.000098,0.014269,0.000293
AAATCACTCCTAAACG-1,0.000017,0.000017,0.142755,0.000017,0.000017,0.105376,0.000017,0.229016,0.366492,0.156276
AAATCCGATACACGCC-1,0.000067,0.027376,0.235918,0.641082,0.06535,0.000067,0.029486,0.000067,0.000067,0.000518
AAATCGCGGAAGGAGT-1,0.000045,0.000045,0.276249,0.176753,0.0816,0.063665,0.007898,0.009449,0.005941,0.378355
AAATCGTGTACCACAA-1,0.000068,0.071117,0.000068,0.697594,0.230675,0.000068,0.000068,0.000068,0.000068,0.000205
AAATCTAGCCCTGCTA-1,0.000041,0.000041,0.131498,0.234969,0.105839,0.001352,0.188946,0.000041,0.037956,0.299319
AAATCTGCCCGCGTCC-1,0.000057,0.000057,0.50152,0.000057,0.000057,0.199336,0.000057,0.227671,0.000057,0.071134
AAATGACTGATCAAAC-1,0.000039,0.000039,0.31568,0.172794,0.296266,0.000039,0.060842,0.004752,0.008412,0.141139
AAATGATTCGATCAGC-1,0.000019,0.000019,0.000019,0.116195,0.06299,0.008703,0.016393,0.000019,0.132714,0.66293
AAATGCTCGTTACGTT-1,0.000065,0.057044,0.04808,0.000065,0.000065,0.202404,0.455483,0.000065,0.060242,0.176489
AAATGGCATGTCTTGT-1,0.000039,0.000039,0.029704,0.139987,0.337876,0.069412,0.002512,0.000039,0.420277,0.000116
AAATGGCCCGTGCCCT-1,0.000039,0.003116,0.124978,0.301206,0.000039,0.06571,0.074287,0.000039,0.049962,0.380622
AAATGGTCAATGTGCC-1,0.000056,0.000056,0.192274,0.466936,0.091227,0.045116,0.000056,0.000056,0.19797,0.006254
AAATGTATCTTATCCC-1,0.000053,0.334917,0.076185,0.000053,0.346575,0.051808,0.180203,0.009992,0.000053,0.00016
AAATGTGGGTGCTCCT-1,0.000087,0.033891,0.467099,0.043526,0.147056,0.140491,0.035548,0.000087,0.131953,0.000262
AAATTAACGGGTAGCT-1,0.000078,0.000078,0.203104,0.000174,0.059185,0.241896,0.000078,0.000078,0.370766,0.124562
AAATTAATAAGCGCGA-1,0.000025,0.021201,0.013778,0.028918,0.239374,0.000983,0.305741,0.000025,0.089297,0.300658
AAATTACACGACTCTG-1,0.000121,0.154697,0.18902,0.367973,0.287343,0.000121,0.000121,0.000121,0.000121,0.000363
AAATTACCTATCGATG-1,0.000039,0.000039,0.014531,0.630489,0.002697,0.076508,0.014916,0.000039,0.046154,0.214587
AAATTCCAGGTCCAAA-1,0.000016,0.000016,0.006691,0.045686,0.044345,0.000016,0.356873,0.031103,0.056419,0.458835
AAATTGATAGTCCTTT-1,0.000232,0.000232,0.000232,0.626327,0.07214,0.281603,0.000232,0.000232,0.018073,0.000696
AAATTGCGGCGGTTCT-1,0.000017,0.076388,0.000391,0.003317,0.00649,0.382797,0.017902,0.030602,0.216358,0.265738
AAATTGGTGAGAAGCA-1,0.000026,0.045181,0.085574,0.026832,0.155387,0.127678,0.004321,0.051514,0.055509,0.447979
AAATTTACCGAAATCC-1,0.000131,0.010696,0.335003,0.19626,0.274993,0.032763,0.12247,0.000131,0.027162,0.000392
AAATTTGCGGGTGTGG-1,0.000055,0.011489,0.243734,0.569071,0.175262,0.000055,0.000055,0.000055,0.000055,0.000166
AACAACTGGTAGTTGC-1,0.000048,0.000048,0.027194,0.166522,0.329523,0.025238,0.20807,0.017456,0.018716,0.207185
AACAATACATTGTCGA-1,0.000026,0.000026,0.010786,0.356082,0.062143,0.000026,0.001584,0.243524,0.325332,0.000472
AACAATTACTCTACGC-1,0.000065,0.04208,0.218479,0.383764,0.003622,0.00082,0.350845,0.000065,0.000065,0.000195
AACACACGCTCGCCGC-1,0.000039,0.005088,0.097564,0.342991,0.022461,0.000039,0.009983,0.000039,0.148774,0.373023
AACACGACTGTACTGA-1,0.000054,0.000054,0.118317,0.170409,0.062048,0.089406,0.036711,0.000054,0.444611,0.078337
AACACGAGACGCGGCC-1,0.000026,0.000026,0.03066,0.395914,0.053854,0.000026,0.055542,0.019686,0.1082,0.336065
AACACGCGGCCGCGAA-1,0.000037,0.062775,0.010547,0.007976,0.095469,0.000037,0.473602,0.054464,0.101162,0.193932
AACAGCTGTGTGGCAA-1,0.000039,0.000039,0.000039,0.000039,0.871102,0.025612,0.000039,0.022051,0.080923,0.000117
AACAGGAAATCGAATA-1,0.000036,0.000036,0.042583,0.087788,0.510195,0.004357,0.004035,0.000036,0.277014,0.073921
AACAGGATGGGCCGCG-1,0.000027,0.000027,0.004467,0.111206,0.041596,0.09356,0.043084,0.014483,0.295261,0.396287
AACAGGTAGTATGGAT-1,0.000016,0.028252,0.000016,0.033708,0.000016,0.000016,0.173841,0.036671,0.150715,0.57675
AACATAGCGTGTATCG-1,0.000037,0.029386,0.043721,0.002207,0.913075,0.011349,0.000037,0.000037,0.000037,0.000112
AACATATCAACTGGTG-1,0.000021,0.000021,0.007221,0.053236,0.14596,0.010087,0.015029,0.007841,0.301202,0.459383
AACATCGATACGTCTA-1,0.00002,0.00002,0.018186,0.084262,0.002074,0.00002,0.077612,0.054653,0.211095,0.552058
AACATTGAAGTTGATC-1,0.000069,0.054755,0.202912,0.326482,0.243066,0.101096,0.000069,0.071275,0.000069,0.000207
AACATTGGTCAGCCGT-1,0.000045,0.709217,0.164314,0.000852,0.000045,0.000045,0.059976,0.000045,0.000045,0.065418
AACATTGTGACTCGAG-1,0.000022,0.000022,0.038647,0.062408,0.216416,0.000022,0.069326,0.011723,0.339762,0.261652
AACCAAGACTTCTCTG-1,0.000013,0.000013,0.000013,0.070286,0.000013,0.006794,0.033875,0.014153,0.119738,0.755102
AACCAGTATCACTCTT-1,0.000185,0.000185,0.129529,0.072068,0.194247,0.454598,0.000415,0.000185,0.000185,0.148402
AACCATAGGGTTGAAC-1,0.000029,0.000029,0.236701,0.069591,0.048681,0.161997,0.000254,0.076416,0.335783,0.070519
AACCATGGGATCGCTA-1,0.000017,0.03774,0.000017,0.002226,0.165147,0.000017,0.179133,0.033531,0.006042,0.576129
AACCCAGAGACGGAGA-1,0.000036,0.041317,0.000036,0.117204,0.311838,0.000036,0.23128,0.064122,0.173252,0.060879
AACCCATCCCATGATC-1,0.000061,0.000061,0.082946,0.372476,0.057187,0.252094,0.000061,0.112119,0.122811,0.000183
AACCCGACAACCCGTG-1,0.000104,0.000104,0.437529,0.383125,0.178409,0.000104,0.000104,0.000104,0.000104,0.000313
AACCCGAGCAGAATCG-1,0.000051,0.023022,0.218007,0.065926,0.000051,0.455518,0.185691,0.000051,0.000051,0.05163
AACCCGATAGGGCTTC-1,0.000028,0.012651,0.203314,0.000028,0.064136,0.020303,0.000028,0.102286,0.102956,0.49427
AACCCGCTGTATTCCA-1,0.000042,0.02715,0.417676,0.342131,0.009335,0.081243,0.057464,0.003346,0.009646,0.051967
AACCCTACTGTCAATA-1,0.000023,0.000023,0.010078,0.099888,0.2141,0.00047,0.053737,0.003364,0.078321,0.539998
AACCCTGGTGGAACCA-1,0.000034,0.000034,0.078387,0.228118,0.240807,0.016553,0.031994,0.000376,0.381545,0.022152
AACCGAGCTTGGTCAT-1,0.000085,0.053973,0.000085,0.115707,0.795223,0.034414,0.000085,0.000085,0.000085,0.000256
AACCGCTAAGGGATGC-1,0.000023,0.000023,0.022435,0.226138,0.006996,0.000023,0.023905,0.009256,0.184712,0.52649
AACCGTTGTGTTTGCT-1,0.000032,0.000032,0.025114,0.247175,0.009742,0.000032,0.020687,0.000032,0.510207,0.186946
AACCTAAAGCCGTCCG-1,0.000013,0.000013,0.000062,0.000013,0.141728,0.225593,0.000013,0.102774,0.065427,0.464363
AACCTCGCTTTAGCCC-1,0.000131,0.078494,0.203764,0.217148,0.173842,0.096834,0.000131,0.000131,0.106055,0.123471
AACCTGTCACGGAATT-1,0.000017,0.000017,0.001295,0.028909,0.021757,0.000017,0.146051,0.437026,0.015175,0.349736
AACCTTTAAATACGGT-1,0.000083,0.137135,0.063661,0.395979,0.399397,0.003248,0.000083,0.000083,0.000083,0.000248
AACCTTTACGACGTCT-1,0.000058,0.000058,0.13391,0.239094,0.077505,0.092176,0.039287,0.017859,0.337251,0.062801
AACGAAAGTCGTCCCA-1,0.00003,0.005314,0.088825,0.429588,0.061977,0.153916,0.00003,0.208333,0.051894,0.000091
AACGACCTCCTAGCCG-1,0.000027,0.018281,0.337168,0.034405,0.230299,0.000027,0.177492,0.016067,0.000145,0.186088
AACGATAATGCCGTAG-1,0.000129,0.043746,0.231746,0.515681,0.009282,0.000129,0.198643,0.000129,0.000129,0.000386
AACGATAGAAGGGCCG-1,0.000063,0.024427,0.048543,0.598484,0.072055,0.06195,0.129562,0.000063,0.004014,0.06084
AACGATATGTCAACTG-1,0.000042,0.02636,0.000042,0.347153,0.114045,0.008609,0.014851,0.000042,0.288175,0.200679
AACGCATGATCTGGGT-1,0.000036,0.000036,0.0711,0.195037,0.390396,0.000036,0.056519,0.00614,0.077794,0.202907
AACGCGAACGGCAACA-1,0.000012,0.11102,0.000012,0.055396,0.004785,0.066502,0.048926,0.021265,0.103797,0.588285
AACGCGACCTTGGGCG-1,0.000061,0.000402,0.160133,0.078844,0.234158,0.357712,0.077961,0.000061,0.043345,0.047322
AACGCGGTCTCCAGCC-1,0.000032,0.00849,0.011932,0.301869,0.129847,0.06304,0.000032,0.000032,0.481793,0.002933
AACGCTGTTGCTGAAA-1,0.000015,0.000015,0.006227,0.023425,0.000015,0.000015,0.009535,0.049122,0.324281,0.587348
AACGGACGTACGTATA-1,0.000052,0.000052,0.008326,0.136035,0.681699,0.000052,0.112686,0.000052,0.027831,0.033215
AACGGCCATCTCCGGT-1,0.000033,0.000033,0.044108,0.274724,0.179359,0.006687,0.003137,0.000033,0.315694,0.176191
AACGTACTGTGGGTAC-1,0.000042,0.03036,0.000042,0.248775,0.386224,0.081715,0.000042,0.080571,0.172103,0.000126
AACGTAGTCTACCCAT-1,0.000115,0.000115,0.11167,0.031315,0.019044,0.026928,0.81024,0.000115,0.000115,0.000344
AACGTCAGACTAGTGG-1,0.000052,0.000052,0.060807,0.119026,0.04416,0.000052,0.412543,0.000052,0.214483,0.148774
AACGTCATCCGGCTTG-1,0.000009,0.000009,0.0024,0.073312,0.030073,0.126133,0.004495,0.072567,0.183906,0.507096
AACGTCGCTGCACTTC-1,0.000037,0.047155,0.278425,0.229477,0.227754,0.122869,0.05482,0.000072,0.000037,0.039355
AACGTGATGAAGGACA-1,0.00005,0.071424,0.00005,0.572268,0.072179,0.014384,0.00005,0.167095,0.102349,0.00015
AACGTGCGAAAGTCTC-1,0.000106,0.035588,0.223686,0.336014,0.083291,0.000106,0.000106,0.000106,0.139693,0.181304
AACGTTATCAGCACCT-1,0.000021,0.035897,0.000021,0.008387,0.0612,0.149629,0.12481,0.066929,0.296503,0.256604
AACGTTCTACCATTGT-1,0.000017,0.009495,0.043785,0.059689,0.146073,0.035697,0.227188,0.146043,0.016991,0.315021
AACTACCCGTTTGTCA-1,0.000008,0.000008,0.000008,0.007097,0.000008,0.00522,0.047367,0.04791,0.020488,0.871886
AACTAGCGTATCGCAC-1,0.000055,0.173681,0.027049,0.073493,0.079522,0.168296,0.078039,0.054018,0.101326,0.24452
AACTAGGCTTGGGTGT-1,0.000087,0.006132,0.127914,0.563673,0.301587,0.000087,0.000087,0.000087,0.000087,0.00026
AACTCAAGTTAATTGC-1,0.000055,0.000055,0.176847,0.69291,0.074307,0.000055,0.026681,0.000055,0.028874,0.000164
AACTCCAGAGCGTGTT-1,0.000026,0.000026,0.000026,0.374182,0.023482,0.000026,0.012041,0.427143,0.161346,0.001703
AACTCCTAATCCCATG-1,0.000098,0.000098,0.140498,0.183693,0.637193,0.000098,0.000098,0.000098,0.03783,0.000295
AACTCGATAAACACGT-1,0.000031,0.633908,0.123819,0.001485,0.062747,0.000031,0.06309,0.018781,0.000031,0.096079
AACTCGATGGCGCAGT-1,0.000046,0.076395,0.000047,0.093833,0.386004,0.000046,0.425902,0.00221,0.000046,0.015471
AACTCTCAATAGAGCG-1,0.000044,0.090271,0.013028,0.619842,0.244177,0.000044,0.000044,0.000044,0.032375,0.000132
AACTCTCAGTGTGCTC-1,0.000159,0.067996,0.37124,0.36616,0.117712,0.075781,0.000159,0.000159,0.000159,0.000476
AACTGAGGTCAGCGTC-1,0.00003,0.00003,0.023734,0.00003,0.033448,0.06103,0.00003,0.144504,0.189855,0.547308
AACTGAGTTATACTGA-1,0.000019,0.033765,0.000019,0.000019,0.000019,0.878821,0.007439,0.00188,0.002167,0.075851
AACTGATATTAGGCCT-1,0.000046,0.000046,0.094396,0.001825,0.753962,0.00972,0.001984,0.000046,0.061037,0.076936
AACTGGGTCCCGACGT-1,0.00006,0.00006,0.052213,0.603588,0.187349,0.00006,0.004475,0.00006,0.151956,0.00018
AACTGGGTTCGAGCCG-1,0.000078,0.031317,0.254933,0.31562,0.195218,0.000078,0.000078,0.012155,0.190287,0.000235
AACTGGTGTGGGCCTT-1,0.000026,0.000026,0.002295,0.084108,0.008404,0.041746,0.136977,0.018574,0.09764,0.610203
AACTTCTGCGTCTATC-1,0.000082,0.151098,0.206939,0.317676,0.185663,0.000082,0.138047,0.000082,0.000082,0.000247
AACTTGCCCGTATGCA-1,0.000066,0.065939,0.004843,0.533975,0.000066,0.000066,0.369872,0.000066,0.012135,0.012972
AACTTGCGTTCTCGCG-1,0.000074,0.02209,0.262567,0.318083,0.000074,0.065312,0.319127,0.000074,0.000074,0.012526
AACTTTACGGGAGCTT-1,0.00004,0.00004,0.040914,0.292524,0.007073,0.00004,0.295593,0.038887,0.024256,0.300633
AACTTTAGCTGCTGAG-1,0.000057,0.000057,0.028793,0.227987,0.009725,0.205499,0.307334,0.049207,0.024114,0.147226
AACTTTCTCGATCATG-1,0.000024,0.000024,0.170677,0.000024,0.000024,0.000024,0.026105,0.265491,0.022132,0.515477
AAGAAAGTTTGATGGG-1,0.000038,0.125173,0.572536,0.000038,0.034259,0.267731,0.000038,0.000038,0.000038,0.000113
AAGAAATCACCAGATT-1,0.000031,0.011806,0.19612,0.000031,0.238048,0.229034,0.138571,0.153675,0.000031,0.032654
AAGAAGGATCAGTTAG-1,0.000015,0.063817,0.000015,0.010564,0.120356,0.029403,0.17772,0.083144,0.008112,0.506856
AAGACATACGTGGTTT-1,0.000017,0.005673,0.246934,0.011697,0.02439,0.38797,0.065783,0.234478,0.000502,0.022557
AAGACCAAATAACTCA-1,0.000018,0.000018,0.10481,0.214005,0.024742,0.053352,0.003848,0.588071,0.004173,0.006962
AAGACCCAACTGAACA-1,0.000052,0.005347,0.181003,0.272352,0.12197,0.087852,0.004649,0.000052,0.312425,0.014299
AAGACTAACCCGTTGT-1,0.000021,0.002104,0.000021,0.022848,0.000021,0.212302,0.102312,0.007477,0.141422,0.511472
AAGACTCACGCCCACT-1,0.000093,0.026975,0.354358,0.000093,0.000093,0.46541,0.000093,0.000093,0.152509,0.00028
AAGACTGCAAGCTACT-1,0.000021,0.0491,0.000021,0.270399,0.202894,0.011552,0.015401,0.01096,0.285479,0.154172
AAGAGATGAATCGGTA-1,0.000038,0.000038,0.00288,0.203716,0.12409,0.000038,0.380631,0.030311,0.002059,0.2562
AAGAGCTCTTTATCGG-1,0.000175,0.010237,0.423185,0.524222,0.01869,0.000175,0.000175,0.000175,0.022443,0.000524
AAGAGGATGTACGCGA-1,0.000062,0.004226,0.015701,0.420984,0.303356,0.000062,0.24576,0.000062,0.000062,0.009724
AAGAGGCATGGATCGC-1,0.000019,0.000019,0.000019,0.000855,0.255345,0.081961,0.000019,0.014952,0.624386,0.022424
AAGAGGCCCTTTGGAA-1,0.000051,0.061089,0.139508,0.213849,0.124306,0.244221,0.134518,0.018418,0.007226,0.056814
AAGATGGCACCGGACC-1,0.000071,0.000071,0.16353,0.597787,0.033807,0.032093,0.000071,0.000071,0.172288,0.000212
AAGATTGGCGGAACGT-1,0.000016,0.000016,0.004701,0.0657,0.000016,0.000016,0.009257,0.000496,0.509325,0.410456
AAGCACCCTGCGTATC-1,0.000124,0.0518,0.055946,0.638469,0.252795,0.000124,0.000124,0.000124,0.000124,0.000371
AAGCATACTCTCCTGA-1,0.000153,0.10105,0.090195,0.538933,0.127513,0.000153,0.000153,0.000153,0.000153,0.141543
AAGCCACTTGCAGGTA-1,0.000035,0.000035,0.098736,0.000035,0.419282,0.481672,0.000035,0.000035,0.000035,0.000104
AAGCCGAAGCGGTTTA-1,0.00006,0.050836,0.15078,0.185693,0.00006,0.00006,0.207221,0.021177,0.133818,0.250294
AAGCCGCCGTGAAATC-1,0.000013,0.000013,0.062205,0.01578,0.000014,0.1506,0.000013,0.006459,0.73833,0.026573
AAGCCGCTTTACCTTG-1,0.000016,0.014214,0.026521,0.000016,0.020902,0.390703,0.028318,0.293055,0.000016,0.22624
AAGCCGGAGAGCAGGA-1,0.000042,0.052025,0.239541,0.026357,0.035713,0.082008,0.251572,0.020371,0.026705,0.265667
AAGCGCAGGGCTTTGA-1,0.000029,0.001716,0.065323,0.341479,0.007739,0.0159,0.000029,0.060995,0.452325,0.054467
AAGCGGAGTGCGCGCA-1,0.000029,0.050812,0.253989,0.05983,0.178236,0.223104,0.056207,0.012207,0.036104,0.129482
AAGCGGCGTCATGGGT-1,0.000036,0.000036,0.001937,0.067446,0.165695,0.038657,0.000036,0.027031,0.675061,0.024066
AAGCGTCCCTCATCGA-1,0.000115,0.256253,0.000115,0.008586,0.581232,0.153005,0.000115,0.000115,0.000115,0.000346
AAGCTATGGATTGACC-1,0.000024,0.006832,0.099795,0.000024,0.170183,0.723001,0.000024,0.000024,0.000024,0.000071
AAGCTCGTGCCAAGTC-1,0.000029,0.00698,0.000029,0.267486,0.169949,0.019305,0.031225,0.011688,0.157173,0.336137
AAGCTCTTTCATGGTG-1,0.000118,0.000118,0.180654,0.451682,0.366601,0.000118,0.000118,0.000118,0.000118,0.000354
AAGGAGAACTTATAAG-1,0.000031,0.104482,0.014855,0.000031,0.119799,0.027183,0.034343,0.078793,0.143414,0.477069
AAGGAGCGGTTGGTGC-1,0.000051,0.000051,0.073974,0.407276,0.098324,0.000051,0.133166,0.034545,0.069557,0.183004
AAGGATCGATCGCTTG-1,0.000019,0.000019,0.000019,0.159878,0.020294,0.013876,0.095154,0.346096,0.113447,0.251199
AAGGATGAGGGACCTC-1,0.000036,0.000036,0.034018,0.519657,0.086607,0.000036,0.006374,0.06801,0.210454,0.074771
AAGGCAGGCTGTCTCC-1,0.000022,0.000022,0.038024,0.000022,0.134009,0.000022,0.370345,0.085234,0.012205,0.360094
AAGGCGCGTAAAGCTT-1,0.00003,0.00003,0.077744,0.118877,0.113412,0.00003,0.194337,0.002762,0.026569,0.466207
AAGGCTGTGCTCATCG-1,0.000049,0.025602,0.032037,0.161028,0.360518,0.133104,0.148262,0.000483,0.092004,0.046911
AAGGGAACGACTGGCT-1,0.00005,0.110869,0.00005,0.00005,0.791271,0.097408,0.00005,0.00005,0.00005,0.000151
AAGGGACAGATTCTGT-1,0.000055,0.041999,0.002099,0.282156,0.433149,0.078839,0.007132,0.000055,0.065421,0.089096
AAGGGACTATGCATTC-1,0.000101,0.039482,0.082218,0.115241,0.728569,0.033787,0.000101,0.000101,0.000101,0.000302
AAGGGTTAGCCATGCG-1,0.000015,0.000015,0.101217,0.099289,0.014026,0.000015,0.063645,0.095509,0.004572,0.621698
AAGGGTTTGATTTCAG-1,0.00004,0.00004,0.59193,0.00004,0.010611,0.00004,0.081166,0.039098,0.00004,0.276994
AAGGTATCCTAATATA-1,0.000051,0.013389,0.000051,0.689609,0.241871,0.000051,0.02107,0.000051,0.033705,0.000152
AAGGTGATAAACCAGC-1,0.000044,0.055579,0.012597,0.097504,0.256738,0.066235,0.047248,0.101266,0.314062,0.048729
AAGTAAGCTTCCAAAC-1,0.000046,0.044292,0.089643,0.027355,0.000046,0.07696,0.34101,0.297447,0.025505,0.097695
AAGTAGAAGACCGGGT-1,0.000049,0.010284,0.191459,0.059085,0.329026,0.017042,0.196912,0.003503,0.138488,0.054152
AAGTAGTGACGCGAGG-1,0.000044,0.051283,0.000044,0.000044,0.72581,0.031824,0.042084,0.000044,0.075416,0.073407
AAGTCAATTGTCGTCA-1,0.00003,0.00003,0.007704,0.121851,0.233178,0.00003,0.074042,0.014537,0.00003,0.548567
AAGTCTAGTAGCTGCC-1,0.000036,0.01355,0.273125,0.000036,0.000036,0.10106,0.090166,0.270093,0.000036,0.251862
AAGTCTTCTGTGGCCT-1,0.000085,0.064693,0.321818,0.032875,0.223127,0.000085,0.356892,0.000085,0.000085,0.000255
AAGTGACGACCGAATT-1,0.000063,0.000063,0.127451,0.098396,0.476184,0.22864,0.068889,0.000063,0.000063,0.000189
AAGTGAGTCGGGTTTA-1,0.000071,0.000071,0.218974,0.637818,0.016267,0.126374,0.000071,0.000071,0.000071,0.000213
AAGTGCAAAGGTAGAC-1,0.000028,0.000028,0.000028,0.039274,0.163841,0.007465,0.388788,0.032996,0.192643,0.17491
AAGTGCCTTGACTGTA-1,0.000039,0.000039,0.032588,0.189403,0.018871,0.076417,0.121605,0.036632,0.190633,0.333774
AAGTGCGTTAGAATCT-1,0.000069,0.002884,0.038985,0.38452,0.228722,0.154561,0.130586,0.000069,0.053639,0.005965
AAGTGCTTCTCTATTG-1,0.000098,0.122136,0.563871,0.076503,0.141857,0.094945,0.000098,0.000098,0.000098,0.000295
AAGTGTTTGGAGACGG-1,0.000075,0.000075,0.055766,0.661597,0.281965,0.000075,0.000075,0.000075,0.000075,0.000224
AAGTTCACTCCAAGCT-1,0.000026,0.000026,0.031048,0.044134,0.025745,0.075446,0.009624,0.034412,0.77452,0.005018
AAGTTCAGTCTGCGTA-1,0.000047,0.005333,0.019217,0.190653,0.352646,0.000047,0.148816,0.000047,0.118527,0.164666
AAGTTCGGCCAACAGG-1,0.000045,0.011318,0.037698,0.45944,0.207217,0.245504,0.013239,0.000045,0.02536,0.000134
AAGTTGTGATGTTATA-1,0.000053,0.000053,0.517537,0.000053,0.239949,0.000053,0.002673,0.046665,0.000053,0.192911
AAGTTTACTAATGGCA-1,0.000074,0.027143,0.06034,0.038103,0.382529,0.000074,0.286427,0.057723,0.137349,0.010238
AAGTTTATGGGCCCAA-1,0.000023,0.000077,0.121982,0.161449,0.088761,0.000023,0.004074,0.067704,0.400229,0.155677
AATAACAACGCTCGGC-1,0.000049,0.000049,0.084153,0.363511,0.260236,0.000049,0.287537,0.000049,0.000049,0.004316
AATAACACTAGAACAA-1,0.00006,0.062425,0.008668,0.245714,0.124792,0.378656,0.007825,0.079136,0.087888,0.004835
AATAACGTCGCGCCCA-1,0.000017,0.019027,0.060312,0.15326,0.01099,0.524515,0.068028,0.031108,0.012707,0.120036
AATAAGTCCTCGAGAC-1,0.00005,0.00005,0.145846,0.167056,0.046051,0.188265,0.020023,0.00005,0.23059,0.20202
AATAATCTTCGTATCG-1,0.000015,0.207535,0.014412,0.000015,0.070307,0.323319,0.005937,0.243304,0.013197,0.121959
AATACAATGTTTCAGG-1,0.000038,0.010964,0.036207,0.087349,0.026857,0.000038,0.478861,0.091014,0.096279,0.172394
AATACCGGAGGGCTGT-1,0.00006,0.029145,0.363458,0.237626,0.333674,0.00006,0.000367,0.00006,0.00006,0.035488
AATACCTGATGTGAAC-1,0.000043,0.015049,0.28924,0.06126,0.563604,0.000043,0.000043,0.031467,0.006649,0.032602
AATAGAACAGAGTGGC-1,0.00012,0.071669,0.36395,0.358462,0.204963,0.00012,0.00012,0.00012,0.00012,0.000359
AATAGAATCTGTTTCA-1,0.00002,0.00002,0.011131,0.025696,0.081791,0.000357,0.007837,0.004289,0.587198,0.281661
AATAGCAAGCCTCCTG-1,0.000048,0.022354,0.294715,0.000048,0.376362,0.058126,0.000048,0.063937,0.151737,0.032625
AATAGCTACCGCGTGC-1,0.000024,0.000024,0.004255,0.215996,0.11836,0.008279,0.036299,0.243706,0.169185,0.203875
AATAGGCACGACCCTT-1,0.000029,0.012962,0.413952,0.017917,0.270052,0.066532,0.10432,0.029116,0.000029,0.085091
AATAGTCCGTCCCGAC-1,0.000033,0.000529,0.005929,0.134025,0.180451,0.124786,0.000033,0.00618,0.547849,0.000187
AATAGTCGCGAGTCGG-1,0.000036,0.065234,0.091658,0.147571,0.123785,0.000036,0.252006,0.010394,0.0942,0.215079
AATATCAAGGTCGGAT-1,0.000049,0.07327,0.000049,0.302193,0.063667,0.000049,0.3554,0.174173,0.023215,0.007935
AATATCCTAGCAAACT-1,0.000041,0.000041,0.112331,0.024354,0.210341,0.090243,0.170176,0.344896,0.039535,0.008042
AATATCGAATCAATGC-1,0.00003,0.00003,0.000501,0.23402,0.0173,0.076696,0.21866,0.027344,0.040943,0.384477
AATATCGAGGGTTCTC-1,0.000015,0.000015,0.000015,0.124818,0.000015,0.000015,0.026348,0.029833,0.307536,0.511388
AATATTGGAGTATTGA-1,0.000067,0.003744,0.094472,0.254599,0.000067,0.090496,0.172405,0.047124,0.100524,0.236502
AATCAGACTGCAGGAC-1,0.000105,0.202577,0.042663,0.049652,0.000105,0.126181,0.013966,0.000105,0.019193,0.545453
AATCAGGTTTCATTTA-1,0.000086,0.000086,0.663793,0.033162,0.07057,0.231784,0.000086,0.000086,0.000086,0.000259
AATCATGTAAAGACTC-1,0.000046,0.000046,0.114579,0.389247,0.101933,0.000046,0.1541,0.000046,0.037828,0.202129
AATCCAAGGGCCTGAG-1,0.000017,0.000017,0.000017,0.000069,0.33101,0.021875,0.005559,0.036917,0.192671,0.411848
AATCCATGCAAGGGTG-1,0.000019,0.000019,0.000019,0.056957,0.000019,0.000019,0.310051,0.022544,0.05084,0.559512
AATCCCGCTCAGAGCC-1,0.000037,0.000037,0.278084,0.014945,0.490327,0.028641,0.017237,0.00609,0.008256,0.156346
AATCGAGGTCTCAAGG-1,0.000023,0.0277,0.195617,0.287505,0.085281,0.108519,0.000023,0.125426,0.159901,0.010005
AATCGCCTCAGCGCCA-1,0.000068,0.000068,0.063024,0.628245,0.284684,0.000068,0.000068,0.000068,0.023505,0.000204
AATCGCGCAGAGGACT-1,0.000019,0.027932,0.003817,0.031079,0.187705,0.000019,0.181845,0.150513,0.098197,0.318874
AATCGGGACACTACGA-1,0.000042,0.000042,0.006945,0.264142,0.030203,0.000042,0.165098,0.252546,0.120299,0.160641
AATCGGTATAGCCCTC-1,0.000046,0.008707,0.487192,0.067711,0.178608,0.000046,0.208422,0.003941,0.000046,0.04528
AATCGTGAGCCGAGCA-1,0.000256,0.000256,0.45302,0.272922,0.061258,0.082997,0.000256,0.000256,0.000256,0.128525
AATCTAGGTTTACTTG-1,0.000123,0.000123,0.35628,0.401664,0.198676,0.042397,0.000123,0.000123,0.000123,0.000369
AATCTATGCCGGAGCC-1,0.000034,0.000034,0.043577,0.246125,0.000034,0.000034,0.130167,0.022711,0.047019,0.510263
AATCTCTACTGTGGTT-1,0.000067,0.000067,0.072796,0.133198,0.0031,0.159789,0.581952,0.000067,0.000067,0.048896
AATCTGCGTTGGGACG-1,0.000059,0.000059,0.04473,0.608668,0.107522,0.000059,0.086867,0.000059,0.080964,0.071012
AATCTGGCTTTCTAGT-1,0.000132,0.000132,0.330186,0.142371,0.121951,0.249886,0.000132,0.000132,0.11672,0.038359
AATCTGGGTAGACCCT-1,0.000264,0.03649,0.529015,0.023853,0.000264,0.408534,0.000264,0.000264,0.000264,0.000791
AATGACAGCAATGTCT-1,0.000048,0.004202,0.082761,0.289831,0.49751,0.000048,0.06915,0.000048,0.056257,0.000145
AATGACGTAGGATGTC-1,0.000055,0.000055,0.072968,0.2198,0.602377,0.012861,0.037293,0.000055,0.054373,0.000164
AATGACTGTCAGCCGG-1,0.000015,0.000015,0.024801,0.025359,0.000015,0.015703,0.007008,0.004161,0.534617,0.388306
AATGAGTTCGCATATG-1,0.000026,0.000026,0.00179,0.020027,0.026285,0.000026,0.133144,0.007829,0.134569,0.67628
AATGATGATACGCTAT-1,0.00005,0.00005,0.155351,0.389752,0.227598,0.00005,0.010853,0.00005,0.190958,0.02529
AATGATGCGACTCCTG-1,0.000024,0.012587,0.011052,0.237875,0.0257,0.025416,0.047863,0.08859,0.28769,0.263203
AATGCAACCGGGTACC-1,0.000047,0.000047,0.134053,0.551079,0.102711,0.000047,0.000047,0.000047,0.210601,0.001323
AATGCACCAAGCAATG-1,0.000018,0.000018,0.000018,0.075255,0.044446,0.016126,0.036978,0.001448,0.459115,0.366576
AATGGCCGCCAATGCG-1,0.000034,0.000034,0.264323,0.000034,0.000034,0.000034,0.000512,0.11349,0.219976,0.401529
AATGGTCCACCGTTCA-1,0.000046,0.000046,0.019586,0.155589,0.351612,0.000046,0.302838,0.000091,0.003077,0.16707
AATGGTTCTCACAAGC-1,0.000038,0.000038,0.051588,0.43784,0.038693,0.108271,0.265818,0.005254,0.000038,0.092422
AATGTATGGCACTGTA-1,0.000033,0.000033,0.225034,0.179558,0.015875,0.380981,0.000033,0.163576,0.03478,0.000098
AATGTGCCCGAGGTGT-1,0.000178,0.069205,0.446512,0.312672,0.04143,0.030841,0.000178,0.000178,0.098271,0.000534
AATGTGCTAATCTGAG-1,0.00007,0.02125,0.256389,0.641491,0.059147,0.00007,0.021234,0.00007,0.00007,0.00021
AATGTTAAGACCCTGA-1,0.000016,0.006188,0.061942,0.092805,0.011423,0.225685,0.000173,0.042879,0.478629,0.08026
AATGTTGTCGTGAGAC-1,0.000013,0.000013,0.07317,0.009487,0.000395,0.000013,0.003646,0.07838,0.011912,0.82297
AATTAAAGGTCGGCGT-1,0.00005,0.00005,0.069978,0.463258,0.001528,0.015755,0.000301,0.021512,0.35783,0.06974
AATTAACGGATTTCCA-1,0.000062,0.000062,0.132817,0.578793,0.181426,0.000062,0.000062,0.000062,0.106467,0.000186
AATTACGAGACCCATC-1,0.00007,0.00007,0.474762,0.025535,0.232879,0.112284,0.00007,0.154052,0.00007,0.000209
AATTACTCGTACGCTC-1,0.000035,0.325061,0.000035,0.156218,0.016274,0.000035,0.023519,0.288633,0.079433,0.110758
AATTAGCGCTGCAGCG-1,0.000126,0.125273,0.110494,0.56892,0.194301,0.000126,0.000126,0.000126,0.000126,0.000379
AATTATACCCAGCAAG-1,0.000088,0.145257,0.477309,0.285765,0.070603,0.020449,0.000088,0.000088,0.000088,0.000265
AATTCATAAGGGATCT-1,0.000051,0.000051,0.005432,0.252673,0.532513,0.000051,0.058842,0.000051,0.150182,0.000153
AATTCATTGTCATGCA-1,0.000073,0.004661,0.442084,0.003949,0.139691,0.386442,0.000073,0.000073,0.010674,0.012282
AATTCCAACTTGGTGA-1,0.00006,0.864517,0.110443,0.00006,0.00006,0.00006,0.00006,0.024503,0.00006,0.000179
AATTCCAAGCATGTAC-1,0.00004,0.011275,0.032921,0.133199,0.336943,0.028048,0.015456,0.00004,0.170164,0.271914
AATTCGATTCGAGGAT-1,0.000046,0.016762,0.016943,0.282846,0.373179,0.000046,0.000046,0.192048,0.117946,0.000138
AATTCTAGAGTTAGGC-1,0.000184,0.000184,0.2485,0.628172,0.000184,0.096858,0.024999,0.000184,0.000184,0.000552
AATTGAACGCTCTGGT-1,0.000033,0.000033,0.024868,0.330612,0.073062,0.088394,0.010797,0.096944,0.362454,0.012804
AATTGCAGCAATCGAC-1,0.000023,0.000023,0.058788,0.041816,0.327413,0.0268,0.012801,0.264335,0.147044,0.120957
AATTGCGTGGATTACA-1,0.000026,0.000026,0.330466,0.000026,0.000026,0.058202,0.004497,0.089594,0.166028,0.351107
AATTGTGGTTGCCAAA-1,0.00001,0.011671,0.099095,0.015949,0.051518,0.09241,0.052198,0.402993,0.024333,0.249822
AATTTGGGACATAGTA-1,0.00013,0.019904,0.249417,0.529977,0.059868,0.00013,0.074032,0.00013,0.066022,0.00039
AATTTGGTTCCAAAGA-1,0.00002,0.03922,0.00002,0.035059,0.055489,0.136092,0.002459,0.0066,0.637781,0.087259
ACAAACCATGCGTCCT-1,0.000073,0.038467,0.24763,0.009148,0.631488,0.072753,0.000073,0.000073,0.000073,0.00022
ACAAACCGACAAGGCG-1,0.000061,0.021103,0.358029,0.093073,0.176202,0.227509,0.010673,0.000623,0.081379,0.031349
ACAAACTCCATCAGAG-1,0.000012,0.000012,0.040337,0.004356,0.000012,0.356816,0.000612,0.033974,0.090577,0.473293
ACAAAGAAGGTAGGCC-1,0.000035,0.002221,0.041051,0.099913,0.075993,0.321639,0.217841,0.05084,0.13146,0.059007
ACAAAGCATGACCTAG-1,0.000038,0.000038,0.36207,0.290494,0.291501,0.000038,0.017859,0.008027,0.029822,0.000113
ACAAATCGCACCGAAT-1,0.000033,0.000033,0.060644,0.308044,0.088447,0.000033,0.033085,0.000033,0.44739,0.062257
ACAAATGGTAGTGTTT-1,0.000014,0.000014,0.000014,0.018082,0.258982,0.011216,0.002112,0.296286,0.362389,0.05089
ACAAATTCAGATCTGA-1,0.000032,0.000032,0.035389,0.000032,0.013271,0.288646,0.000032,0.003793,0.620183,0.038589
ACAACAGCATGAGCTA-1,0.000026,0.042633,0.000096,0.291453,0.155463,0.000305,0.038745,0.000026,0.294868,0.176385
ACAACGGTCCCTGCGA-1,0.000077,0.046189,0.082387,0.187354,0.000077,0.176947,0.360994,0.000961,0.000077,0.144937
ACAAGCAGTGCCTAGC-1,0.000051,0.000341,0.021819,0.220096,0.3095,0.000051,0.301649,0.038079,0.051026,0.057386
ACAAGCTATATGGAAG-1,0.000026,0.000026,0.08182,0.008608,0.000026,0.000026,0.23804,0.073687,0.060013,0.537729
ACAAGGAAATCCGCCC-1,0.000071,0.02227,0.103525,0.52233,0.351307,0.000071,0.000071,0.000071,0.000071,0.000213
ACAAGGACAAGAGGTT-1,0.000011,0.000011,0.000011,0.102442,0.013607,0.105596,0.007751,0.153292,0.230403,0.386874
ACAAGGATGCTTTAGG-1,0.000031,0.000031,0.140256,0.145352,0.018584,0.028623,0.015783,0.005408,0.605827,0.040106
ACAAGGCCTACCAGCC-1,0.000026,0.000026,0.143181,0.000026,0.033615,0.320342,0.000026,0.138773,0.362501,0.001485
ACAAGGGCAGGCTCTG-1,0.000032,0.037629,0.000032,0.114894,0.623606,0.000032,0.000032,0.145941,0.077705,0.000096
ACAAGTAATTGTAAGG-1,0.000024,0.05316,0.339261,0.034701,0.000024,0.104634,0.04393,0.314728,0.000027,0.109511
ACAATAGTCGTACGTT-1,0.000046,0.033524,0.000046,0.227492,0.553584,0.069052,0.0751,0.000046,0.00007,0.041039
ACAATCCATTTAAACC-1,0.000041,0.080179,0.081618,0.229487,0.192484,0.038743,0.160666,0.000041,0.094867,0.121875
ACAATCGATCTTTATA-1,0.000025,0.000025,0.000025,0.018813,0.000025,0.212119,0.05075,0.087754,0.067376,0.563088
ACAATGAATACGGAGA-1,0.00004,0.092661,0.00004,0.239297,0.138952,0.095595,0.00004,0.162067,0.271187,0.000121
ACAATGATTCTTCTAC-1,0.000051,0.000051,0.423025,0.000051,0.018113,0.014329,0.002778,0.163615,0.136023,0.241964
ACAATTGTGTCTCTTT-1,0.000083,0.000083,0.214775,0.432704,0.001827,0.000083,0.161712,0.000083,0.088559,0.100093
ACAATTTAGGAGGCTC-1,0.000039,0.030065,0.025245,0.272404,0.031414,0.094135,0.217893,0.061498,0.044083,0.223225
ACAATTTGAGCAGTGG-1,0.000031,0.000031,0.020674,0.069668,0.100978,0.219389,0.000031,0.000031,0.589073,0.000094
ACAATTTGGCCATATT-1,0.000012,0.005328,0.002007,0.002386,0.000161,0.191621,0.016961,0.077045,0.050171,0.65431
ACACAAAGACGGGTGG-1,0.000018,0.000018,0.028857,0.059308,0.000018,0.020027,0.010874,0.000018,0.495382,0.385479
ACACAAATATTCCTAG-1,0.000025,0.004746,0.415658,0.001566,0.000025,0.000025,0.056087,0.07457,0.026503,0.420795
ACACACCAGGACCAGT-1,0.000046,0.000046,0.095737,0.334285,0.23418,0.000046,0.101889,0.000046,0.037203,0.196521
ACACACTTTCTACACG-1,0.000059,0.000059,0.000059,0.366153,0.233831,0.279204,0.000059,0.000059,0.12034,0.000177
ACACATGATCAAATCT-1,0.000154,0.120816,0.543111,0.300396,0.034447,0.000154,0.000154,0.000154,0.000154,0.000461
ACACATTGACGCAACA-1,0.000077,0.780211,0.000077,0.081639,0.000077,0.023619,0.035965,0.000077,0.078028,0.00023
ACACATTTCCGTAGAC-1,0.000037,0.027436,0.150172,0.162875,0.331955,0.000037,0.062031,0.080959,0.063714,0.120784
ACACCACATAATTAGC-1,0.00003,0.00003,0.014042,0.043701,0.116202,0.006694,0.346568,0.213868,0.097168,0.161699
ACACCCAGCATGCAGC-1,0.000037,0.000037,0.022227,0.29772,0.000037,0.000037,0.015444,0.012002,0.282022,0.370436
ACACCCGAGAAATCCG-1,0.000054,0.000054,0.025313,0.320509,0.135648,0.0765,0.359394,0.000054,0.009662,0.072812
ACACCCGTAAATCTGT-1,0.000036,0.047984,0.133914,0.000037,0.064546,0.74311,0.000036,0.000036,0.010195,0.000107
ACACCGAGCGCTCTTT-1,0.000072,0.749285,0.000072,0.148158,0.074607,0.000072,0.027373,0.000072,0.000072,0.000216
ACACCGGTCTGACCGC-1,0.000073,0.11002,0.134127,0.000073,0.755194,0.000073,0.000073,0.000073,0.000073,0.00022
ACACCTTAAGTAGGGC-1,0.000034,0.003885,0.000034,0.063672,0.57741,0.000034,0.021145,0.131662,0.066074,0.136051
ACACCTTACTACTTGC-1,0.000023,0.000023,0.000023,0.101214,0.137085,0.003306,0.153152,0.37378,0.046406,0.184986
ACACGAGACTCCTTCT-1,0.000045,0.015532,0.008913,0.45184,0.140607,0.082861,0.064477,0.000415,0.130283,0.105028
ACACGGCACTATGCAT-1,0.000027,0.000027,0.002043,0.046331,0.073789,0.112809,0.000027,0.001239,0.520701,0.243006
ACACGGGAACTTAGGG-1,0.000104,0.061372,0.000104,0.176401,0.691696,0.069703,0.000104,0.000104,0.000104,0.000311
ACACGTAGGCCACAAG-1,0.000036,0.001716,0.099167,0.25659,0.038783,0.000036,0.410616,0.067532,0.037064,0.088459
ACACTCCAATGTCACT-1,0.000035,0.000035,0.000035,0.197283,0.000035,0.000035,0.551809,0.008504,0.011885,0.230342
ACACTGATCAAGGTGT-1,0.000139,0.000139,0.225008,0.357562,0.416178,0.000139,0.000139,0.000139,0.000139,0.000417
ACACTGGGACAGTCGT-1,0.000022,0.024601,0.141741,0.175196,0.017237,0.024207,0.14114,0.2662,0.00589,0.203767
ACAGAACTGAGAACAA-1,0.00005,0.040174,0.139104,0.419752,0.22369,0.138021,0.00005,0.00005,0.038957,0.000151
ACAGATTAGGTTAGTG-1,0.00003,0.013108,0.059134,0.048095,0.025844,0.01597,0.120464,0.00223,0.356854,0.358273
ACAGCATAGAGCCAGT-1,0.00003,0.00003,0.00003,0.052668,0.009286,0.10332,0.042224,0.000055,0.434467,0.35789
ACAGCGACATTCTCAT-1,0.000046,0.000046,0.038194,0.514747,0.064107,0.000046,0.078235,0.280068,0.024375,0.000137
ACAGCGCACCCGCAGC-1,0.000055,0.01863,0.003743,0.422386,0.515955,0.0389,0.000055,0.000055,0.000055,0.000165
ACAGGCACGGATCCTT-1,0.000039,0.024906,0.254023,0.231285,0.267534,0.013045,0.000039,0.175564,0.020023,0.013542
ACAGGCTTGCCCGACT-1,0.000056,0.036504,0.011146,0.004968,0.927634,0.000056,0.000056,0.000056,0.019357,0.000168
ACAGGTGGAGGTGAGG-1,0.000088,0.081325,0.01293,0.368843,0.536197,0.000088,0.000088,0.000088,0.000088,0.000264
ACAGGTGTGTTGTTGC-1,0.000055,0.053313,0.325592,0.136087,0.026334,0.000055,0.338818,0.000055,0.000055,0.119635
ACAGTAATACAACTTG-1,0.000029,0.000029,0.009043,0.112217,0.415367,0.17843,0.093644,0.000029,0.006837,0.184375
ACAGTATACCGTGGGA-1,0.000064,0.027583,0.21866,0.094274,0.105445,0.000064,0.24967,0.099834,0.000064,0.204341
ACAGTGCAGCGCATTT-1,0.000029,0.000029,0.049253,0.000029,0.117474,0.69935,0.000029,0.000029,0.133692,0.000086
ACATAAGTCGTGGTGA-1,0.000104,0.000104,0.368645,0.453981,0.176438,0.000104,0.000104,0.000104,0.000104,0.000312
ACATAATAAGGCGGTG-1,0.000049,0.000049,0.165578,0.428666,0.128047,0.000049,0.011152,0.016872,0.165632,0.083905
ACATACAATCAAGCGG-1,0.000022,0.003928,0.151584,0.284414,0.213299,0.014185,0.000022,0.065909,0.152575,0.114061
ACATCAGCTGGGACGC-1,0.000017,0.000017,0.000017,0.093281,0.046164,0.000017,0.17309,0.035194,0.038658,0.613546
ACATCCCGGCCATACG-1,0.000061,0.106167,0.000061,0.541244,0.352042,0.000061,0.000061,0.000061,0.000061,0.000182
ACATCCTGGTAACTGT-1,0.000028,0.006347,0.00795,0.244761,0.010822,0.006477,0.071432,0.284075,0.034429,0.333678
ACATCGATCGTTTACC-1,0.000085,0.022328,0.000085,0.000085,0.97682,0.000085,0.000085,0.000085,0.000085,0.000256
ACATCGCAATATTCGG-1,0.000016,0.005365,0.153692,0.000548,0.143108,0.095644,0.00126,0.125699,0.118884,0.355785
ACATCGGTCAGCCGCG-1,0.000057,0.014334,0.107115,0.529437,0.055843,0.109747,0.010191,0.000057,0.17305,0.00017
ACATCGTATGCAATGG-1,0.000043,0.000043,0.061671,0.073986,0.346461,0.030746,0.000043,0.000043,0.47844,0.008521
ACATCGTTAACCTAGT-1,0.000043,0.000043,0.039782,0.278554,0.058541,0.053168,0.000043,0.000043,0.569654,0.000129
