Barcode,Topic 1,Topic 2to3,Topic 4,Topic 5,Topic 6,Topic 7,Topic 8,Topic 9to12
AAACAACGAATAGTTC-1,0.000005,0.001283,0.074536,0.424853,0.073837,0.015452,0.08913,0.320905
AAACAAGTATCTCCCA-1,0.087681,0.567222,0.065378,0.081268,0.057647,0.000022,0.096049,0.044732
AAACAATCTACTAGCA-1,0.166795,0.820642,0.000043,0.012221,0.000043,0.000043,0.000043,0.000171
AAACACCAATAACTGC-1,0.099588,0.611262,0.000024,0.068747,0.005925,0.127655,0.006524,0.080275
AAACAGAGCGACTCCT-1,0.005324,0.179695,0.000019,0.000674,0.000019,0.003807,0.031578,0.778885
AAACAGCTTTCAGAAG-1,0.000406,0.004642,0.00096,0.010609,0.001781,0.35733,0.034223,0.59005
AAACAGGGTCTATATT-1,0.026137,0.224063,0.177844,0.033186,0.019388,0.194985,0.048984,0.275413
AAACAGTGTTCCTGGG-1,0.039676,0.317409,0.000014,0.067839,0.367428,0.000014,0.046007,0.161613
AAACATGGTGAGAGGA-1,0.19183,0.000034,0.225952,0.000017,0.420831,0.131679,0.000017,0.02964
AAACATTTCCCGGATT-1,0.039626,0.828183,0.00003,0.005611,0.104703,0.00003,0.005659,0.016158
AAACCACTACACAGAT-1,0.010071,0.309347,0.064522,0.064853,0.387066,0.000011,0.069624,0.094506
AAACCCGAACGAAATC-1,0.004769,0.172755,0.000009,0.293247,0.076533,0.095555,0.129261,0.22787
AAACCGGAAATGTTAA-1,0.083608,0.505835,0.031329,0.1771,0.098516,0.031812,0.027579,0.044221
AAACCGGGTAGGTACC-1,0.030499,0.330631,0.008515,0.031573,0.004071,0.238861,0.001118,0.354732
AAACCGTTCGTCCAGG-1,0.000245,0.251854,0.043068,0.075488,0.039982,0.012275,0.156124,0.420965
AAACCTAAGCAGCCGG-1,0.00001,0.051364,0.000316,0.006453,0.116244,0.001758,0.004759,0.819095
AAACCTCATGAAGTTG-1,0.011099,0.442519,0.015323,0.000209,0.000021,0.18983,0.000021,0.340978
AAACGAAGAACATACC-1,0.000015,0.071212,0.003841,0.002812,0.009067,0.000459,0.081414,0.831179
AAACGAAGATGGAGTA-1,0.804558,0.000095,0.004229,0.000047,0.032314,0.158519,0.000047,0.00019
AAACGACAGTCTTGCC-1,0.127304,0.479284,0.030907,0.03139,0.085688,0.009749,0.062877,0.1728
AAACGAGACGGTTGAT-1,0.00544,0.771261,0.144894,0.000052,0.000052,0.000052,0.000052,0.078195
AAACGCCCGAGATCGG-1,0.023955,0.653547,0.000032,0.264002,0.036581,0.000032,0.020798,0.001053
AAACGCTGGGCACGAC-1,0.00001,0.102081,0.029086,0.32084,0.087888,0.140094,0.143498,0.176503
AAACGGGCGTACGGGT-1,0.009467,0.562428,0.014391,0.003095,0.10675,0.000028,0.0147,0.289142
AAACGGGTTGGTATCC-1,0.048613,0.566523,0.000026,0.091677,0.110428,0.16028,0.002212,0.020241
AAACGGTTGCGAACTG-1,0.009669,0.678752,0.000024,0.219822,0.022473,0.003829,0.000024,0.065407
AAACGTGTTCGCCCTA-1,0.00002,0.339624,0.00002,0.252284,0.008882,0.104339,0.010757,0.284074
AAACTAACGTGGCGAC-1,0.00002,0.166277,0.00002,0.010502,0.001817,0.021885,0.228464,0.571015
AAACTCGGTTCGCAAT-1,0.364881,0.58135,0.052648,0.00014,0.00014,0.00014,0.00014,0.00056
AAACTCGTGATATAAG-1,0.000025,0.390859,0.000025,0.073687,0.000025,0.084116,0.070745,0.380519
AAACTGCTGGCTCCAA-1,0.370861,0.482431,0.146454,0.000032,0.000032,0.000032,0.000032,0.000127
AAACTTAATTGCACGC-1,0.084857,0.05166,0.335441,0.009878,0.409461,0.025008,0.063067,0.020627
AAACTTGCAAACGTAT-1,0.022416,0.353368,0.000013,0.005655,0.000013,0.163458,0.029109,0.42597
AAAGAATGACCTTAGA-1,0.622327,0.00005,0.342364,0.000025,0.035083,0.000025,0.000025,0.0001
AAAGAATGTGGACTAA-1,0.039768,0.618449,0.000095,0.028,0.254521,0.000026,0.005361,0.05378
AAAGACATGAAGTTTA-1,0.289343,0.213832,0.026748,0.022229,0.011489,0.063417,0.006079,0.366862
AAAGACCCAAGTCGCG-1,0.231183,0.50169,0.000031,0.000031,0.000031,0.053517,0.000031,0.213487
AAAGACTGGGCGCTTT-1,0.125142,0.401343,0.000026,0.000026,0.000026,0.288041,0.000026,0.185372
AAAGCTTGCCTACATA-1,0.00001,0.003879,0.00001,0.342872,0.00001,0.001136,0.522445,0.12964
AAAGGCCCTATAATAC-1,0.02291,0.272674,0.000018,0.3396,0.073348,0.09754,0.089014,0.104894
AAAGGCTACGGACCAT-1,0.161452,0.64461,0.075894,0.000046,0.116951,0.000046,0.000046,0.000957
AAAGGCTCTCGCGCCG-1,0.137493,0.769076,0.000048,0.000048,0.000048,0.000048,0.000048,0.093192
AAAGGGATGTAGCAAG-1,0.000023,0.337865,0.052185,0.000196,0.011681,0.00483,0.001068,0.592152
AAAGGGCAGCTTGAAT-1,0.000015,0.116133,0.000015,0.123649,0.000015,0.283866,0.041671,0.434635
AAAGGTAAGCTGTACC-1,0.070135,0.162319,0.033116,0.020937,0.045557,0.000026,0.058486,0.609425
AAAGTAGCATTGCTCA-1,0.005054,0.112376,0.093353,0.119814,0.038289,0.063265,0.065426,0.502423
AAAGTCACTGATGTAA-1,0.032108,0.282983,0.007465,0.029107,0.002631,0.004538,0.033751,0.607417
AAAGTCGACCCTCAGT-1,0.271706,0.333361,0.012053,0.000027,0.011495,0.219113,0.000027,0.15222
AAAGTGCCATCAATTA-1,0.020845,0.267753,0.076336,0.43138,0.043489,0.037919,0.026162,0.096116
AAAGTGTGATTTATCT-1,0.018213,0.14897,0.000017,0.011317,0.008177,0.018265,0.195743,0.599299
AAAGTTGACTCCCGTA-1,0.00436,0.962028,0.000055,0.000055,0.000055,0.000055,0.000055,0.033337
AAATAACCATACGGGA-1,0.000015,0.100182,0.065506,0.000868,0.002091,0.000019,0.003228,0.82809
AAATAAGGTAGTGCCC-1,0.000011,0.209771,0.000011,0.089394,0.00177,0.110273,0.130023,0.458749
AAATACCTATAAGCAT-1,0.32956,0.076519,0.593265,0.000082,0.000082,0.000082,0.000082,0.000328
AAATAGCTTAGACTTT-1,0.036988,0.405085,0.000031,0.112807,0.003348,0.012749,0.007954,0.421039
AAATAGGGTGCTATTG-1,0.013578,0.218076,0.003588,0.00845,0.031116,0.000299,0.000021,0.724872
AAATCCGATACACGCC-1,0.009124,0.440643,0.015741,0.289361,0.130379,0.000681,0.000025,0.114047
AAATCGCGGAAGGAGT-1,0.48449,0.022041,0.241425,0.074729,0.143194,0.02483,0.00383,0.005461
AAATCGTGTACCACAA-1,0.000029,0.640238,0.029591,0.000029,0.000029,0.000029,0.000029,0.330026
AAATCTAGCCCTGCTA-1,0.000012,0.220421,0.000012,0.079181,0.02421,0.013908,0.203991,0.458265
AAATCTGCCCGCGTCC-1,0.852752,0.000059,0.00003,0.00003,0.123365,0.023618,0.00003,0.000118
AAATGACTGATCAAAC-1,0.00001,0.038226,0.240947,0.000042,0.477175,0.00001,0.00001,0.243579
AAATGATTCGATCAGC-1,0.001535,0.284905,0.000018,0.095964,0.000018,0.116183,0.000018,0.501357
AAATGCTCGTTACGTT-1,0.105532,0.526599,0.124427,0.00004,0.019867,0.129958,0.00004,0.093536
AAATGGCATGTCTTGT-1,0.074832,0.315813,0.028004,0.000046,0.000046,0.000184,0.000046,0.581032
AAATGGCCCGTGCCCT-1,0.019364,0.25571,0.001044,0.002407,0.005583,0.197174,0.034973,0.483744
AAATGGTCAATGTGCC-1,0.000013,0.091769,0.000013,0.01907,0.000255,0.000131,0.19123,0.697518
AAATGTATCTTATCCC-1,0.530035,0.000063,0.272963,0.000032,0.000032,0.180782,0.009941,0.006151
AAATGTGGGTGCTCCT-1,0.075227,0.924206,0.000063,0.000063,0.000063,0.000063,0.000063,0.000252
AAATTAACGGGTAGCT-1,0.000042,0.777294,0.030124,0.000042,0.000042,0.000042,0.000042,0.192374
AAATTAATAAGCGCGA-1,0.519734,0.000035,0.108856,0.000018,0.000018,0.370184,0.000591,0.000564
AAATTACACGACTCTG-1,0.006334,0.35098,0.040993,0.005559,0.024482,0.014798,0.000023,0.556831
AAATTACCTATCGATG-1,0.000011,0.013101,0.000011,0.00202,0.001136,0.000011,0.300706,0.683003
AAATTCCAGGTCCAAA-1,0.098842,0.586726,0.000028,0.130686,0.000028,0.098527,0.000028,0.085135
AAATTGATAGTCCTTT-1,0.000009,0.072451,0.000009,0.000009,0.000009,0.001511,0.765028,0.160972
AAATTGCGGCGGTTCT-1,0.172202,0.702673,0.000032,0.000032,0.000032,0.068482,0.000032,0.056513
AAATTGGTGAGAAGCA-1,0.031402,0.135828,0.000017,0.454774,0.00483,0.066477,0.066419,0.240254
AAATTTACCGAAATCC-1,0.00661,0.471426,0.037733,0.020264,0.040615,0.000038,0.000038,0.423274
AAATTTGCGGGTGTGG-1,0.034437,0.136602,0.037405,0.042741,0.002067,0.026553,0.4252,0.294993
AACAACTGGTAGTTGC-1,0.022136,0.330261,0.113339,0.00832,0.007022,0.01946,0.043734,0.455727
AACAATACATTGTCGA-1,0.101968,0.516044,0.000021,0.115401,0.000021,0.042223,0.001607,0.222716
AACAATTACTCTACGC-1,0.006009,0.048172,0.125453,0.029543,0.068515,0.317995,0.03065,0.373664
AACACACGCTCGCCGC-1,0.070957,0.731741,0.000037,0.009692,0.054095,0.000037,0.065708,0.067735
AACACGACTGTACTGA-1,0.003455,0.430144,0.041891,0.000028,0.000028,0.008723,0.000028,0.515702
AACACGAGACGCGGCC-1,0.006699,0.289838,0.13502,0.001206,0.022709,0.172133,0.032846,0.339549
AACACGCGGCCGCGAA-1,0.011212,0.016182,0.068092,0.29711,0.006436,0.212151,0.064665,0.324153
AACAGCTGTGTGGCAA-1,0.045641,0.30109,0.006376,0.202554,0.0356,0.089724,0.017987,0.301029
AACAGGAAATCGAATA-1,0.006943,0.258903,0.050667,0.010352,0.003835,0.018982,0.004222,0.646095
AACAGGATGGGCCGCG-1,0.011601,0.141718,0.027233,0.019221,0.025294,0.114414,0.062435,0.598085
AACAGGTAGTATGGAT-1,0.003418,0.179688,0.00452,0.367641,0.055573,0.04296,0.009986,0.336214
AACATAGCGTGTATCG-1,0.001692,0.274237,0.000017,0.059783,0.229436,0.003009,0.000017,0.431809
AACATATCAACTGGTG-1,0.11983,0.852216,0.00005,0.00005,0.00005,0.00005,0.00005,0.027703
AACATCGATACGTCTA-1,0.073974,0.575956,0.000027,0.02406,0.000027,0.042001,0.014273,0.269681
AACATTGAAGTTGATC-1,0.00001,0.026687,0.512792,0.058563,0.217621,0.00057,0.154756,0.029001
AACATTGGTCAGCCGT-1,0.281048,0.249724,0.238675,0.042878,0.055961,0.078021,0.005532,0.04816
AACATTGTGACTCGAG-1,0.03498,0.522178,0.000022,0.361085,0.007809,0.000022,0.030506,0.043398
AACCAAGACTTCTCTG-1,0.016927,0.218515,0.034864,0.190283,0.013122,0.152554,0.017089,0.356646
AACCAGTATCACTCTT-1,0.000021,0.237329,0.260747,0.0133,0.085112,0.000021,0.007806,0.395666
AACCATAGGGTTGAAC-1,0.020507,0.148044,0.000013,0.140797,0.143708,0.285745,0.031586,0.2296
AACCATGGGATCGCTA-1,0.019084,0.255107,0.12023,0.00392,0.006206,0.302323,0.00002,0.293109
AACCCAGAGACGGAGA-1,0.148325,0.423369,0.107305,0.042101,0.000027,0.038308,0.015452,0.225114
AACCCATCCCATGATC-1,0.074741,0.429752,0.000021,0.006501,0.004867,0.135926,0.029396,0.318796
AACCCGACAACCCGTG-1,0.049407,0.571016,0.000025,0.019612,0.06544,0.012476,0.064275,0.217748
AACCCGAGCAGAATCG-1,0.124365,0.384046,0.026113,0.133289,0.291002,0.020509,0.010504,0.010172
AACCCGATAGGGCTTC-1,0.020276,0.250925,0.004898,0.048733,0.044498,0.004372,0.363494,0.262805
AACCCGCTGTATTCCA-1,0.013793,0.148047,0.000016,0.372134,0.228309,0.000016,0.000031,0.237655
AACCCTACTGTCAATA-1,0.007219,0.120929,0.033384,0.067564,0.039439,0.0044,0.153481,0.573585
AACCCTGGTGGAACCA-1,0.027789,0.084571,0.055914,0.027958,0.019743,0.011015,0.000014,0.772996
AACCGAGCTTGGTCAT-1,0.349646,0.564955,0.084938,0.000058,0.000058,0.000058,0.000058,0.000231
AACCGCTAAGGGATGC-1,0.085017,0.383951,0.000025,0.006996,0.000025,0.00807,0.004702,0.511213
AACCGTTGTGTTTGCT-1,0.000037,0.344919,0.06916,0.000037,0.030558,0.000037,0.000037,0.555217
AACCTAAAGCCGTCCG-1,0.209856,0.017334,0.033161,0.041693,0.007735,0.100756,0.067803,0.521662
AACCTCGCTTTAGCCC-1,0.010708,0.318997,0.063879,0.000776,0.112746,0.00003,0.00003,0.492834
AACCTGTCACGGAATT-1,0.021616,0.306875,0.01666,0.271931,0.108061,0.092562,0.123894,0.058401
AACCTTTAAATACGGT-1,0.348852,0.53052,0.104664,0.000065,0.000065,0.000065,0.000065,0.015705
AACCTTTACGACGTCT-1,0.000024,0.198542,0.000024,0.052883,0.000233,0.014489,0.053937,0.679867
AACGAAAGTCGTCCCA-1,0.240202,0.477388,0.000033,0.000033,0.000033,0.08889,0.000033,0.193388
AACGACCTCCTAGCCG-1,0.000008,0.055887,0.000008,0.477392,0.144314,0.140318,0.039247,0.142827
AACGATAATGCCGTAG-1,0.545133,0.454449,0.000046,0.000046,0.000046,0.000046,0.000046,0.000186
AACGATAGAAGGGCCG-1,0.050437,0.604061,0.000041,0.026938,0.000041,0.000041,0.035543,0.282896
AACGATATGTCAACTG-1,0.262295,0.737084,0.000069,0.000069,0.000069,0.000069,0.000069,0.000276
AACGCATGATCTGGGT-1,0.076616,0.84131,0.000045,0.000045,0.000045,0.000045,0.000045,0.08185
AACGCGAACGGCAACA-1,0.013716,0.193216,0.000017,0.000226,0.000017,0.168875,0.004402,0.619531
AACGCGACCTTGGGCG-1,0.035201,0.819182,0.000035,0.028082,0.052273,0.000035,0.000035,0.065158
AACGCGGTCTCCAGCC-1,0.000033,0.499357,0.029031,0.000033,0.000033,0.000033,0.000033,0.471449
AACGCTGTTGCTGAAA-1,0.087737,0.553573,0.000045,0.021548,0.032477,0.000045,0.039348,0.265226
AACGGACGTACGTATA-1,0.066423,0.923338,0.000053,0.001976,0.000053,0.000053,0.000053,0.00805
AACGGCCATCTCCGGT-1,0.004099,0.398479,0.00399,0.024751,0.010179,0.003052,0.107529,0.44792
AACGTACTGTGGGTAC-1,0.016642,0.457852,0.069888,0.04678,0.012369,0.01116,0.077269,0.30804
AACGTAGTCTACCCAT-1,0.474975,0.07915,0.28215,0.015329,0.1481,0.000049,0.000049,0.000197
AACGTCAGACTAGTGG-1,0.005134,0.496419,0.048626,0.00943,0.00004,0.16844,0.008415,0.263497
AACGTCATCCGGCTTG-1,0.000018,0.134297,0.172519,0.000631,0.427012,0.000018,0.043487,0.222018
AACGTCGCTGCACTTC-1,0.043962,0.162949,0.000016,0.143652,0.322527,0.008275,0.104789,0.21383
AACGTGATGAAGGACA-1,0.301325,0.698089,0.000065,0.000065,0.000065,0.000065,0.000065,0.00026
AACGTGCGAAAGTCTC-1,0.536257,0.463215,0.000052,0.000052,0.000052,0.000052,0.000052,0.00027
AACGTTATCAGCACCT-1,0.027195,0.031214,0.002443,0.005593,0.031021,0.582527,0.018846,0.30116
AACGTTCTACCATTGT-1,0.000011,0.171989,0.252683,0.094234,0.251182,0.017202,0.082711,0.12999
AACTACCCGTTTGTCA-1,0.005167,0.371834,0.000022,0.284802,0.00905,0.20869,0.004469,0.115966
AACTAGCGTATCGCAC-1,0.124898,0.745773,0.000052,0.000052,0.000052,0.000052,0.000052,0.12907
AACTAGGCTTGGGTGT-1,0.01386,0.259546,0.016573,0.000026,0.001652,0.000026,0.000026,0.708292
AACTCAAGTTAATTGC-1,0.000012,0.151032,0.038617,0.014496,0.019076,0.004636,0.091529,0.680602
AACTCCAGAGCGTGTT-1,0.000031,0.302125,0.041936,0.000031,0.164624,0.000031,0.023584,0.467636
AACTCCTAATCCCATG-1,0.00093,0.070462,0.069123,0.105729,0.062489,0.005178,0.013539,0.672549
AACTCGATAAACACGT-1,0.211261,0.312295,0.000023,0.005912,0.000531,0.377087,0.000023,0.09287
AACTCGATGGCGCAGT-1,0.152218,0.660841,0.000061,0.000061,0.000061,0.177457,0.000061,0.00924
AACTCTCAATAGAGCG-1,0.068372,0.233436,0.047542,0.004775,0.003212,0.008961,0.033619,0.600084
AACTCTCAGTGTGCTC-1,0.000022,0.146707,0.033083,0.162207,0.005763,0.001056,0.021673,0.629489
AACTGAGGTCAGCGTC-1,0.154653,0.628898,0.0001,0.0001,0.142398,0.0001,0.0001,0.073652
AACTGAGTTATACTGA-1,0.209151,0.564741,0.003951,0.075254,0.041298,0.097391,0.006391,0.001824
AACTGATATTAGGCCT-1,0.000019,0.075367,0.013158,0.000019,0.004252,0.001806,0.008426,0.896952
AACTGGGTCCCGACGT-1,0.000024,0.297914,0.0277,0.000024,0.000024,0.006725,0.000024,0.667564
AACTGGGTTCGAGCCG-1,0.761966,0.237495,0.00006,0.00006,0.00006,0.00006,0.00006,0.00024
AACTGGTGTGGGCCTT-1,0.034912,0.484242,0.000029,0.000029,0.000029,0.000203,0.200218,0.280338
AACTTCTGCGTCTATC-1,0.41005,0.33061,0.043127,0.000044,0.000044,0.215414,0.000044,0.000668
AACTTGCCCGTATGCA-1,0.232462,0.515166,0.086053,0.100604,0.000029,0.008542,0.000029,0.057114
AACTTGCGTTCTCGCG-1,0.000011,0.017601,0.000011,0.002767,0.000011,0.129444,0.063041,0.787113
AACTTTACGGGAGCTT-1,0.395925,0.000053,0.000026,0.000026,0.000026,0.504684,0.000026,0.099233
AACTTTAGCTGCTGAG-1,0.168295,0.625326,0.000055,0.000055,0.000055,0.0179,0.000055,0.188258
AACTTTCTCGATCATG-1,0.000015,0.04018,0.163258,0.135315,0.27241,0.04604,0.219899,0.122883
AAGAAAGTTTGATGGG-1,0.37101,0.038898,0.388005,0.000015,0.20198,0.000015,0.000015,0.000062
AAGAAATCACCAGATT-1,0.096069,0.280077,0.016451,0.406391,0.143593,0.005601,0.034941,0.016876
AAGAAGGATCAGTTAG-1,0.152939,0.466047,0.000032,0.000032,0.000032,0.206709,0.000032,0.174178
AAGACATACGTGGTTT-1,0.0251,0.201403,0.017425,0.21354,0.415491,0.008405,0.039409,0.079228
AAGACCAAATAACTCA-1,0.130279,0.006232,0.463847,0.000011,0.311462,0.044074,0.015056,0.029039
AAGACCCAACTGAACA-1,0.445157,0.032061,0.503606,0.00004,0.018897,0.00004,0.00004,0.00016
AAGACTAACCCGTTGT-1,0.273762,0.39379,0.000038,0.008689,0.000038,0.114933,0.000038,0.208711
AAGACTCACGCCCACT-1,0.181524,0.750122,0.000043,0.000976,0.016861,0.000043,0.000043,0.05039
AAGACTGCAAGCTACT-1,0.242708,0.756897,0.000044,0.000044,0.000044,0.000044,0.000044,0.000176
AAGAGATGAATCGGTA-1,0.000011,0.035113,0.455109,0.02224,0.03609,0.013186,0.077063,0.361188
AAGAGCTCTTTATCGG-1,0.107285,0.891946,0.000085,0.000085,0.000085,0.000085,0.000085,0.000342
AAGAGGATGTACGCGA-1,0.000009,0.055942,0.058122,0.050168,0.009253,0.186869,0.086424,0.553213
AAGAGGCATGGATCGC-1,0.00002,0.214642,0.00002,0.00248,0.00002,0.009527,0.00002,0.773272
AAGAGGCCCTTTGGAA-1,0.034135,0.219218,0.02266,0.280887,0.021115,0.00942,0.228488,0.184076
AAGATGGCACCGGACC-1,0.003324,0.376457,0.013005,0.006024,0.050831,0.000021,0.157765,0.392574
AAGATTGGCGGAACGT-1,0.002143,0.385669,0.023966,0.000717,0.000022,0.000022,0.102977,0.484485
AAGCACCCTGCGTATC-1,0.46906,0.5059,0.024579,0.000058,0.000058,0.000058,0.000058,0.000231
AAGCATACTCTCCTGA-1,0.214708,0.155658,0.283697,0.035076,0.027634,0.000046,0.000046,0.283133
AAGCCACTTGCAGGTA-1,0.000006,0.010557,0.037439,0.013758,0.39052,0.002213,0.527398,0.018108
AAGCCGAAGCGGTTTA-1,0.000008,0.041405,0.139801,0.000128,0.00212,0.000612,0.629756,0.18617
AAGCCGCCGTGAAATC-1,0.125762,0.651828,0.000023,0.091549,0.01572,0.092308,0.004512,0.018298
AAGCCGCTTTACCTTG-1,0.028441,0.296246,0.000017,0.317497,0.038948,0.079406,0.103699,0.135746
AAGCCGGAGAGCAGGA-1,0.032956,0.295101,0.030067,0.156477,0.07768,0.141515,0.039055,0.227148
AAGCGCAGGGCTTTGA-1,0.466433,0.420172,0.000077,0.000077,0.112781,0.000077,0.000077,0.000307
AAGCGGAGTGCGCGCA-1,0.121353,0.286192,0.007767,0.312902,0.020537,0.034786,0.012223,0.20424
AAGCGGCGTCATGGGT-1,0.042315,0.95709,0.000066,0.000066,0.000066,0.000066,0.000066,0.000264
AAGCGTCCCTCATCGA-1,0.044598,0.542347,0.084685,0.002576,0.023366,0.036237,0.165616,0.100574
AAGCTAGATCGAGTAA-1,0.316764,0.394998,0.078307,0.024006,0.00008,0.00008,0.00008,0.185685
AAGCTATGGATTGACC-1,0.655217,0.000053,0.147394,0.000027,0.195972,0.001203,0.000027,0.000106
AAGCTCGTGCCAAGTC-1,0.372585,0.626962,0.00005,0.00005,0.00005,0.00005,0.00005,0.000201
AAGCTCTTTCATGGTG-1,0.000025,0.131977,0.024234,0.006883,0.145116,0.000025,0.000025,0.691715
AAGGAGAACTTATAAG-1,0.012759,0.265772,0.083914,0.11899,0.025549,0.003574,0.003108,0.486335
AAGGAGCGGTTGGTGC-1,0.006226,0.719028,0.030622,0.000044,0.000044,0.000044,0.000044,0.243949
AAGGATCGATCGCTTG-1,0.003106,0.130725,0.000013,0.033733,0.000013,0.020361,0.330348,0.4817
AAGGATGAGGGACCTC-1,0.008123,0.323564,0.000021,0.004221,0.006436,0.011101,0.026328,0.620207
AAGGCAGGCTGTCTCC-1,0.113725,0.421262,0.000018,0.189418,0.057751,0.048803,0.163544,0.005479
AAGGCGCGTAAAGCTT-1,0.000011,0.021727,0.082925,0.090044,0.012841,0.041293,0.059744,0.691415
AAGGCTGTGCTCATCG-1,0.000008,0.001413,0.052068,0.000008,0.000008,0.002615,0.197194,0.746687
AAGGGAACGACTGGCT-1,0.060868,0.403905,0.030488,0.007377,0.071312,0.203698,0.185715,0.036638
AAGGGACAGATTCTGT-1,0.064952,0.657985,0.000043,0.010645,0.000043,0.000043,0.022534,0.243753
AAGGGACTATGCATTC-1,0.015668,0.240998,0.230582,0.214917,0.08804,0.061263,0.023495,0.125036
AAGGGTTAGCCATGCG-1,0.036282,0.247203,0.000013,0.327745,0.178078,0.070678,0.026185,0.113814
AAGGGTTTGATTTCAG-1,0.999299,0.000127,0.000064,0.000064,0.000064,0.000064,0.000064,0.000255
AAGGTATCCTAATATA-1,0.03558,0.756603,0.000062,0.000062,0.000062,0.000062,0.000062,0.207509
AAGGTGATAAACCAGC-1,0.037803,0.809599,0.000043,0.001538,0.000043,0.002349,0.012212,0.136414
AAGTAAGCTTCCAAAC-1,0.115799,0.640148,0.000022,0.171274,0.064052,0.004487,0.000022,0.004196
AAGTAGAAGACCGGGT-1,0.000014,0.043017,0.019183,0.007626,0.001322,0.004785,0.288417,0.635638
AAGTAGTGACGCGAGG-1,0.010762,0.316708,0.000025,0.021391,0.000025,0.265361,0.026282,0.359446
AAGTCAATTGTCGTCA-1,0.000014,0.026107,0.000014,0.150274,0.001847,0.001247,0.288902,0.531595
AAGTCTAGTAGCTGCC-1,0.000012,0.085769,0.090526,0.092091,0.245112,0.076036,0.228782,0.181673
AAGTCTTCTGTGGCCT-1,0.81499,0.0001,0.037093,0.00005,0.00005,0.147469,0.00005,0.000199
AAGTGACGACCGAATT-1,0.028566,0.131488,0.038241,0.02894,0.004758,0.242041,0.099465,0.426501
AAGTGAGTCGGGTTTA-1,0.148527,0.824247,0.000052,0.000052,0.026809,0.000052,0.000052,0.000208
AAGTGCAAAGGTAGAC-1,0.522385,0.072052,0.000037,0.000037,0.000037,0.355936,0.000037,0.049481
AAGTGCCTTGACTGTA-1,0.033162,0.297882,0.001273,0.121347,0.003547,0.000026,0.0201,0.522662
AAGTGCGTTAGAATCT-1,0.026431,0.558367,0.031643,0.028003,0.026314,0.066727,0.029893,0.232623
AAGTGCTTCTCTATTG-1,0.042293,0.517765,0.000028,0.048092,0.230983,0.004048,0.13754,0.019252
AAGTGTTTGGAGACGG-1,0.000018,0.040455,0.000018,0.000532,0.000018,0.000018,0.000018,0.958924
AAGTTCACTCCAAGCT-1,0.011495,0.641275,0.000037,0.019392,0.033227,0.000037,0.000037,0.294502
AAGTTCAGTCTGCGTA-1,0.00002,0.101207,0.00002,0.007509,0.00002,0.009159,0.273342,0.608723
AAGTTCGGCCAACAGG-1,0.0991,0.566149,0.092653,0.063651,0.000885,0.007768,0.000221,0.169573
AAGTTGTGATGTTATA-1,0.001228,0.165245,0.000017,0.018186,0.259147,0.000845,0.266696,0.288637
AAGTTTACTAATGGCA-1,0.031884,0.791069,0.000069,0.000069,0.000069,0.001206,0.000069,0.175565
AAGTTTATGGGCCCAA-1,0.555273,0.109335,0.302242,0.000053,0.032781,0.000053,0.000053,0.000211
AATAACAACGCTCGGC-1,0.002244,0.016195,0.063625,0.353546,0.000159,0.021923,0.041351,0.500956
AATAACACTAGAACAA-1,0.000007,0.01801,0.056658,0.00157,0.004287,0.000007,0.3857,0.533762
AATAACGTCGCGCCCA-1,0.054224,0.032109,0.005898,0.64933,0.133963,0.005491,0.085248,0.033738
AATAAGTCCTCGAGAC-1,0.00049,0.125351,0.023593,0.018306,0.043885,0.001616,0.000566,0.786193
AATAATCTTCGTATCG-1,0.000557,0.199605,0.025262,0.156601,0.128112,0.06275,0.29052,0.136592
AATACAATGTTTCAGG-1,0.284829,0.593057,0.000051,0.000051,0.000051,0.114312,0.000051,0.007598
AATACCGGAGGGCTGT-1,0.057333,0.447041,0.000025,0.039213,0.128515,0.000025,0.198908,0.128941
AATACCTGATGTGAAC-1,0.015728,0.121177,0.000011,0.067156,0.485369,0.009105,0.122159,0.179294
AATAGAACAGAGTGGC-1,0.05509,0.859803,0.048543,0.000046,0.019702,0.000046,0.000046,0.016725
AATAGAATCTGTTTCA-1,0.00245,0.090047,0.000021,0.275454,0.000021,0.000021,0.053558,0.578428
AATAGCAAGCCTCCTG-1,0.024173,0.197517,0.004348,0.080196,0.115517,0.003738,0.127493,0.447018
AATAGCTACCGCGTGC-1,0.182486,0.417449,0.00009,0.000067,0.000034,0.005378,0.000034,0.394462
AATAGGCACGACCCTT-1,0.00493,0.036897,0.000006,0.003875,0.25554,0.000006,0.683487,0.015259
AATAGTCCGTCCCGAC-1,0.000017,0.05389,0.014455,0.003024,0.029752,0.000366,0.026166,0.872329
AATAGTCGCGAGTCGG-1,0.833566,0.095097,0.000038,0.000038,0.000038,0.021815,0.000038,0.04937
AATATCAAGGTCGGAT-1,0.009105,0.222415,0.001626,0.078438,0.000027,0.179005,0.000027,0.509356
AATATCCTAGCAAACT-1,0.939328,0.000066,0.060341,0.000033,0.000033,0.000033,0.000033,0.000132
AATATCGAATCAATGC-1,0.063379,0.457786,0.000021,0.203953,0.032855,0.028263,0.011431,0.202312
AATATCGAGGGTTCTC-1,0.208217,0.663855,0.000063,0.010195,0.000063,0.000063,0.000063,0.117482
AATATTGGAGTATTGA-1,0.213661,0.628711,0.000045,0.000045,0.000045,0.102054,0.000045,0.055392
AATCAGACTGCAGGAC-1,0.001359,0.052265,0.025628,0.023937,0.012348,0.166727,0.056122,0.661615
AATCAGGTTTCATTTA-1,0.073831,0.684226,0.000034,0.061368,0.179454,0.000034,0.000918,0.000135
AATCATGTAAAGACTC-1,0.058181,0.039904,0.158888,0.002088,0.014705,0.02927,0.290726,0.406238
AATCCAAGGGCCTGAG-1,0.052032,0.470291,0.00003,0.115236,0.00003,0.093643,0.022782,0.245958
AATCCATGCAAGGGTG-1,0.001281,0.497681,0.000027,0.000027,0.000027,0.226682,0.000027,0.274249
AATCCCGCTCAGAGCC-1,0.013761,0.699836,0.000025,0.01391,0.083399,0.003133,0.000025,0.185912
AATCGAGGTCTCAAGG-1,0.253572,0.505845,0.000042,0.047346,0.192945,0.000042,0.000042,0.000167
AATCGCCTCAGCGCCA-1,0.012569,0.083358,0.038314,0.000023,0.000023,0.002148,0.000023,0.863542
AATCGCGCAGAGGACT-1,0.000009,0.102429,0.132667,0.197914,0.136078,0.046748,0.047434,0.336721
AATCGGGACACTACGA-1,0.029774,0.218092,0.000032,0.007966,0.005721,0.000032,0.100365,0.638016
AATCGGTATAGCCCTC-1,0.079569,0.079187,0.006784,0.089807,0.297194,0.036718,0.347917,0.062825
AATCGTGAGCCGAGCA-1,0.020882,0.328988,0.000628,0.072376,0.079329,0.004558,0.000026,0.493213
AATCTAGGTTTACTTG-1,0.115545,0.659876,0.000028,0.000028,0.000028,0.177043,0.000028,0.047424
AATCTATGCCGGAGCC-1,0.004509,0.114091,0.000019,0.24941,0.001008,0.121098,0.001085,0.508779
AATCTCTACTGTGGTT-1,0.691938,0.172652,0.000051,0.000051,0.000051,0.05238,0.000051,0.082828
AATCTGCGTTGGGACG-1,0.000037,0.608675,0.000037,0.04412,0.000037,0.001069,0.000037,0.345988
AATCTGGCTTTCTAGT-1,0.207598,0.487462,0.094456,0.012878,0.086154,0.020901,0.012576,0.077976
AATCTGGGTAGACCCT-1,0.000011,0.025038,0.044051,0.029532,0.098683,0.000011,0.003387,0.799287
AATGACAGCAATGTCT-1,0.000007,0.002618,0.0885,0.034305,0.008351,0.02809,0.111913,0.726216
AATGACGTAGGATGTC-1,0.000041,0.625419,0.007315,0.03627,0.000041,0.005327,0.000041,0.325547
AATGACTGTCAGCCGG-1,0.070868,0.748883,0.031053,0.000042,0.000042,0.017757,0.000042,0.131313
AATGAGTTCGCATATG-1,0.497392,0.451824,0.000061,0.000061,0.000061,0.044114,0.000061,0.006428
AATGATGATACGCTAT-1,0.06688,0.887385,0.00005,0.002024,0.000325,0.00005,0.00005,0.043237
AATGATGCGACTCCTG-1,0.142676,0.750465,0.000041,0.000041,0.000041,0.003745,0.014808,0.088185
AATGCAACCGGGTACC-1,0.006444,0.353109,0.049574,0.000489,0.020353,0.009062,0.005463,0.555507
AATGCACCAAGCAATG-1,0.046773,0.643409,0.000037,0.019738,0.000037,0.000606,0.000037,0.289363
AATGGCCGCCAATGCG-1,0.031879,0.545008,0.000016,0.292863,0.000966,0.001651,0.043013,0.084604
AATGGTCCACCGTTCA-1,0.020852,0.108062,0.221981,0.010214,0.050824,0.280717,0.023949,0.283401
AATGGTTCTCACAAGC-1,0.061253,0.024996,0.059724,0.018502,0.017482,0.248221,0.059344,0.510478
AATGTATGGCACTGTA-1,0.054012,0.28283,0.000018,0.004784,0.39788,0.239633,0.006363,0.014482
AATGTGCCCGAGGTGT-1,0.000014,0.038368,0.004942,0.168129,0.007129,0.082223,0.066253,0.632941
AATGTGCTAATCTGAG-1,0.049944,0.191964,0.145054,0.001996,0.296752,0.000019,0.245851,0.068419
AATGTTAAGACCCTGA-1,0.224944,0.643837,0.000035,0.000035,0.130937,0.000035,0.000035,0.000141
AATGTTGTCGTGAGAC-1,0.009877,0.101077,0.059841,0.005863,0.23506,0.000012,0.561227,0.027045
AATTAAAGGTCGGCGT-1,0.000015,0.148198,0.082531,0.130576,0.00407,0.000015,0.0919,0.542695
AATTAACGGATTTCCA-1,0.357474,0.631852,0.00005,0.010275,0.00005,0.00005,0.00005,0.0002
AATTACGAGACCCATC-1,0.464511,0.060299,0.000043,0.000043,0.118789,0.352977,0.000043,0.003297
AATTACTCGTACGCTC-1,0.390042,0.076917,0.207185,0.000042,0.000042,0.086982,0.060297,0.178492
AATTAGCGCTGCAGCG-1,0.058648,0.940901,0.00005,0.00005,0.00005,0.00005,0.00005,0.0002
AATTATACCCAGCAAG-1,0.194741,0.371909,0.00008,0.00008,0.418295,0.00008,0.00008,0.014736
AATTCATAAGGGATCT-1,0.05869,0.743846,0.000061,0.000061,0.000061,0.000061,0.000061,0.197157
AATTCATTGTCATGCA-1,0.205714,0.014365,0.360921,0.004103,0.308258,0.034786,0.031694,0.040159
AATTCCAACTTGGTGA-1,0.004302,0.043209,0.007348,0.046371,0.191325,0.240447,0.09526,0.371738
AATTCCAAGCATGTAC-1,0.04249,0.72729,0.000038,0.000038,0.018164,0.000038,0.000038,0.211902
AATTCGATTCGAGGAT-1,0.404779,0.560741,0.000079,0.000079,0.033848,0.000079,0.000079,0.000316
AATTCTAGAGTTAGGC-1,0.153406,0.845875,0.00008,0.00008,0.00008,0.00008,0.00008,0.000319
AATTGAACGCTCTGGT-1,0.002181,0.369867,0.00002,0.002743,0.001636,0.000524,0.006841,0.616189
AATTGCAGCAATCGAC-1,0.01011,0.307485,0.105176,0.263827,0.059473,0.000017,0.06176,0.192153
AATTGCGTGGATTACA-1,0.000007,0.000015,0.003346,0.027935,0.306578,0.148202,0.111464,0.402452
AATTGTGGTTGCCAAA-1,0.008049,0.315503,0.000012,0.148371,0.244692,0.054397,0.095417,0.133557
AATTTGGGACATAGTA-1,0.000016,0.043194,0.008783,0.000016,0.000016,0.000151,0.012113,0.935711
AATTTGGTTCCAAAGA-1,0.000016,0.081764,0.000016,0.144352,0.000016,0.000016,0.003782,0.77004
ACAAACCATGCGTCCT-1,0.010234,0.178383,0.011295,0.024559,0.212099,0.068707,0.169936,0.324787
ACAAACCGACAAGGCG-1,0.223187,0.019793,0.016643,0.006697,0.000032,0.124338,0.20679,0.402521
ACAAACTCCATCAGAG-1,0.000006,0.00047,0.00995,0.001214,0.293449,0.000006,0.555515,0.13939
ACAAAGAAGGTAGGCC-1,0.869782,0.00845,0.000039,0.000039,0.000039,0.121453,0.000039,0.000157
ACAAAGCATGACCTAG-1,0.185635,0.110191,0.053184,0.318605,0.053642,0.008325,0.016311,0.254106
ACAAATCGCACCGAAT-1,0.018178,0.564689,0.04183,0.004592,0.049418,0.003515,0.03335,0.284427
ACAAATGGTAGTGTTT-1,0.023351,0.386164,0.010949,0.006096,0.0406,0.001086,0.005551,0.526203
ACAAATTCAGATCTGA-1,0.017035,0.64157,0.000038,0.04311,0.019753,0.000038,0.049713,0.228743
ACAACAGCATGAGCTA-1,0.295775,0.690088,0.000077,0.000077,0.000077,0.000077,0.000077,0.01375
ACAACGGTCCCTGCGA-1,0.097786,0.219448,0.001095,0.178962,0.017848,0.116763,0.004657,0.363441
ACAAGCAGTGCCTAGC-1,0.000015,0.141259,0.000015,0.083394,0.001359,0.216195,0.145702,0.412061
ACAAGCTATATGGAAG-1,0.99951,0.000089,0.000045,0.000045,0.000045,0.000045,0.000045,0.000178
ACAAGGAAATCCGCCC-1,0.086843,0.899953,0.000054,0.000054,0.000054,0.000054,0.000054,0.012934
ACAAGGACAAGAGGTT-1,0.094746,0.38375,0.00002,0.023522,0.00002,0.274334,0.013977,0.209631
ACAAGGATGCTTTAGG-1,0.02312,0.533371,0.000028,0.00946,0.046597,0.000029,0.000028,0.387366
ACAAGGCCTACCAGCC-1,0.000013,0.0329,0.000013,0.158791,0.018066,0.002633,0.039207,0.748376
ACAAGGGCAGGCTCTG-1,0.055416,0.944105,0.000053,0.000053,0.000053,0.000053,0.000053,0.000213
ACAAGTAATTGTAAGG-1,0.000006,0.002587,0.264934,0.000259,0.519567,0.005334,0.169401,0.037912
ACAATAGTCGTACGTT-1,0.001981,0.052113,0.070467,0.002779,0.003076,0.034323,0.088994,0.746268
ACAATCCATTTAAACC-1,0.003094,0.257238,0.071588,0.186064,0.014728,0.179918,0.013526,0.273843
ACAATCGATCTTTATA-1,0.006493,0.837623,0.000059,0.000059,0.000059,0.000059,0.000059,0.155588
ACAATGAATACGGAGA-1,0.000008,0.006414,0.000008,0.000008,0.000008,0.000008,0.632697,0.360851
ACAATGATTCTTCTAC-1,0.091892,0.727254,0.015473,0.000061,0.142127,0.000061,0.022885,0.000246
ACAATTGTGTCTCTTT-1,0.101836,0.891424,0.000053,0.000053,0.000053,0.000053,0.006315,0.000213
ACAATTTAGGAGGCTC-1,0.358288,0.040428,0.330035,0.000026,0.002803,0.062577,0.003858,0.201985
ACAATTTGAGCAGTGG-1,0.000037,0.656112,0.027503,0.000037,0.000037,0.000037,0.000037,0.316197
ACAATTTGGCCATATT-1,0.00001,0.02276,0.00001,0.212461,0.12597,0.10396,0.179053,0.355776
ACACAAAGACGGGTGG-1,0.009705,0.484607,0.012661,0.000075,0.013084,0.000023,0.009238,0.470607
ACACAAATATTCCTAG-1,0.000012,0.11158,0.033524,0.324921,0.233085,0.060043,0.167064,0.06977
ACACACCAGGACCAGT-1,0.008592,0.48022,0.143909,0.000029,0.013321,0.002312,0.01335,0.338268
ACACACTTTCTACACG-1,0.000022,0.021503,0.153694,0.028986,0.015929,0.000022,0.016813,0.763032
ACACATGATCAAATCT-1,0.070952,0.035134,0.111214,0.083401,0.212461,0.191964,0.038967,0.255907
ACACATTGACGCAACA-1,0.215959,0.1729,0.000025,0.003851,0.000025,0.427728,0.000025,0.179486
ACACATTTCCGTAGAC-1,0.363324,0.636239,0.000049,0.000049,0.000049,0.000049,0.000049,0.000194
ACACCACATAATTAGC-1,0.010218,0.302436,0.000017,0.29589,0.015599,0.169488,0.053419,0.152933
ACACCCAGCATGCAGC-1,0.015804,0.450455,0.113446,0.000997,0.000037,0.042225,0.000037,0.377
ACACCCGAGAAATCCG-1,0.000015,0.012328,0.091511,0.153698,0.008875,0.087013,0.057118,0.589443
ACACCCGTAAATCTGT-1,0.16938,0.535281,0.003144,0.058504,0.040669,0.016734,0.034601,0.141687
ACACCGAGCGCTCTTT-1,0.634007,0.11906,0.246697,0.00003,0.00003,0.00003,0.00003,0.000118
ACACCGGTCTGACCGC-1,0.052983,0.240571,0.177059,0.276218,0.106242,0.029376,0.088287,0.029264
ACACCTTAAGTAGGGC-1,0.016818,0.392484,0.066565,0.161133,0.020116,0.052225,0.004599,0.28606
ACACCTTACTACTTGC-1,0.007444,0.302487,0.00002,0.309463,0.020555,0.058625,0.060168,0.241237
ACACGAGACTCCTTCT-1,0.206884,0.358147,0.416861,0.000057,0.004159,0.000057,0.000057,0.013779
ACACGGCACTATGCAT-1,0.001148,0.670402,0.061409,0.000043,0.000043,0.000043,0.000043,0.266868
ACACGGGAACTTAGGG-1,0.326121,0.598959,0.000085,0.000085,0.000085,0.000085,0.000085,0.074494
ACACGTAGGCCACAAG-1,0.049788,0.399978,0.000018,0.224795,0.002145,0.028276,0.178991,0.11601
ACACTCCAATGTCACT-1,0.004039,0.03932,0.037184,0.009786,0.02087,0.50407,0.01771,0.367021
ACACTGATCAAGGTGT-1,0.058052,0.731691,0.000048,0.000048,0.000048,0.003082,0.000048,0.206985
ACACTGGGACAGTCGT-1,0.000012,0.046176,0.001554,0.182505,0.339012,0.037753,0.129241,0.263747
ACAGAACTGAGAACAA-1,0.00689,0.240328,0.000012,0.033045,0.000928,0.067513,0.164112,0.487172
ACAGATTAGGTTAGTG-1,0.026505,0.298536,0.022595,0.000042,0.000042,0.000042,0.192853,0.459384
ACAGCATAGAGCCAGT-1,0.010691,0.352945,0.00004,0.004138,0.00004,0.00004,0.025074,0.607032
ACAGCGACATTCTCAT-1,0.001068,0.266234,0.000027,0.065869,0.154653,0.024612,0.101311,0.386227
ACAGCGCACCCGCAGC-1,0.305174,0.462031,0.157532,0.000084,0.000084,0.012097,0.000084,0.062914
ACAGGAGGCGCAGCCG-1,0.134098,0.418229,0.000013,0.102555,0.082903,0.146634,0.000029,0.115539
ACAGGCACGGATCCTT-1,0.014222,0.347049,0.000022,0.321029,0.098994,0.000022,0.054347,0.164315
ACAGGCTTGCCCGACT-1,0.04156,0.776869,0.015861,0.007838,0.098702,0.000036,0.000036,0.059097
ACAGGTGGAGGTGAGG-1,0.012866,0.229829,0.190001,0.000018,0.015981,0.000018,0.229051,0.322236
ACAGGTGTGTTGTTGC-1,0.95782,0.000085,0.000042,0.000042,0.000042,0.041756,0.000042,0.000169
ACAGTAATACAACTTG-1,0.124235,0.490657,0.000253,0.000021,0.000021,0.256904,0.000021,0.127887
ACAGTATACCGTGGGA-1,0.033526,0.670178,0.000038,0.170372,0.009611,0.077026,0.000038,0.039212
ACATAAGTCGTGGTGA-1,0.023346,0.108379,0.328563,0.001273,0.237857,0.0203,0.051463,0.228819
ACATAATAAGGCGGTG-1,0.000039,0.576017,0.054081,0.000492,0.000039,0.000039,0.000039,0.369252
ACATACAATCAAGCGG-1,0.014559,0.584881,0.000021,0.044369,0.12615,0.003708,0.004596,0.221716
ACATCAGCTGGGACGC-1,0.154754,0.138231,0.124301,0.024557,0.013869,0.308045,0.007819,0.228423
ACATCCCGGCCATACG-1,0.000033,0.341223,0.000033,0.257841,0.000033,0.015437,0.000033,0.385366
ACATCCTGGTAACTGT-1,0.165314,0.590091,0.00004,0.017794,0.00004,0.00004,0.044864,0.181819
ACATCGATCGTTTACC-1,0.002649,0.705594,0.043728,0.000044,0.011071,0.006935,0.000044,0.229935
ACATCGCAATATTCGG-1,0.063396,0.220607,0.00584,0.161006,0.413902,0.000014,0.133248,0.001988
ACATCGGTCAGCCGCG-1,0.275388,0.346574,0.152254,0.021937,0.001638,0.017079,0.05771,0.12742
ACATCGTATGCAATGG-1,0.016505,0.573522,0.049867,0.006303,0.000041,0.022317,0.000041,0.331404
ACATCGTTAACCTAGT-1,0.451797,0.523445,0.024063,0.000087,0.000087,0.000087,0.000087,0.000347
ACATCTCAACGCGTAA-1,0.572424,0.415613,0.011458,0.000063,0.000063,0.000063,0.000063,0.000252
ACATGCTTACGGCAGC-1,0.000005,0.000011,0.018818,0.007047,0.291587,0.119353,0.39701,0.166171
ACATGGCGCCAAAGTA-1,0.008245,0.309306,0.05206,0.002536,0.000018,0.000018,0.414137,0.213679
ACATGGCTCAATTTAG-1,0.000023,0.210098,0.000023,0.001739,0.000023,0.403746,0.000023,0.384327
ACATTAGTTTATATCC-1,0.000024,0.547342,0.142706,0.005102,0.000024,0.000024,0.000024,0.304753
ACATTCGCGCGGAATA-1,0.168345,0.529761,0.000027,0.028719,0.272982,0.000027,0.000027,0.000109
ACATTTGAAACCTAAC-1,0.004338,0.045578,0.00841,0.134316,0.33405,0.004755,0.065454,0.4031
ACCAAACACCCAGCGA-1,0.113053,0.773431,0.000026,0.019651,0.001892,0.005398,0.000026,0.086523
ACCAAACTAGAAATCC-1,0.014898,0.579582,0.034567,0.044227,0.058951,0.003949,0.003388,0.260438
ACCAACACCACACACT-1,0.236241,0.659346,0.032023,0.010324,0.000035,0.000035,0.000035,0.061962
ACCAACCGCACTCCAC-1,0.05025,0.585342,0.025467,0.0544,0.183004,0.000025,0.007825,0.093688
ACCAACGCTTATTTAT-1,0.01391,0.578181,0.086991,0.215582,0.005121,0.000025,0.055483,0.044707
ACCAAGAACGCGTGTC-1,0.055339,0.57361,0.030546,0.006888,0.000031,0.028916,0.007461,0.297209
ACCAAGTCATCGGCAG-1,0.148788,0.267841,0.000022,0.102958,0.029613,0.034751,0.166366,0.249661
ACCAATATGCAAGTTA-1,0.186835,0.701956,0.056508,0.000052,0.05434,0.000052,0.000052,0.000206
ACCACAACTCAGAACA-1,0.14307,0.298681,0.262255,0.000084,0.000084,0.000084,0.000084,0.295658
ACCACAAGTTTCTATC-1,0.032258,0.780145,0.076871,0.001264,0.000043,0.001036,0.000043,0.10834
ACCACACGGTTGATGG-1,0.359003,0.5025,0.040942,0.00005,0.097206,0.00005,0.00005,0.000199
ACCACCAATGTAACAA-1,0.084498,0.230267,0.278336,0.310106,0.030767,0.002282,0.000015,0.063728
ACCACCCTCTCTTCTA-1,0.002769,0.003656,0.168651,0.506283,0.080782,0.005074,0.145936,0.086848
ACCACGTGCAGCTATA-1,0.000054,0.949653,0.000054,0.000054,0.000054,0.027866,0.000054,0.022208
ACCACTGTTCAAGAAG-1,0.131041,0.050124,0.123977,0.000026,0.128033,0.338743,0.001713,0.226341
ACCAGACCATAACAAC-1,0.814759,0.001298,0.183795,0.000019,0.000019,0.000019,0.000019,0.000074
ACCAGCCCGGTCTTTG-1,0.272346,0.625607,0.000057,0.011711,0.000057,0.000057,0.000057,0.090107
ACCAGGAGTGTGATCT-1,0.000028,0.073321,0.104699,0.000028,0.08173,0.000028,0.179691,0.560474
ACCAGTGCCCGGTCAA-1,0.009383,0.47301,0.000041,0.325912,0.000041,0.000041,0.000041,0.19153
ACCAGTGCGGGAGACG-1,0.008641,0.385061,0.000033,0.017134,0.000033,0.003512,0.041787,0.5438
ACCATATCCGCAATAA-1,0.014548,0.599309,0.030832,0.057172,0.020921,0.019746,0.000029,0.257443
ACCATCCGCCAACTAG-1,0.426118,0.431852,0.000041,0.000041,0.000041,0.108255,0.000041,0.033611
ACCATCGTATATGGTA-1,0.042789,0.329619,0.04356,0.007314,0.009986,0.013613,0.084206,0.468913
ACCATTAAGGGTGTCA-1,0.843152,0.008255,0.000076,0.000076,0.000076,0.147983,0.000076,0.000305
ACCCAACGCCCGTGGC-1,0.026507,0.099098,0.004621,0.040713,0.002436,0.000018,0.082464,0.744144
ACCCACCTACATGCTC-1,0.00001,0.002865,0.010384,0.001886,0.009581,0.135054,0.018467,0.821753
ACCCATCTTGAGGGTA-1,0.028809,0.386671,0.003191,0.111033,0.000022,0.010684,0.062079,0.39751
ACCCATTTGTCCCTCT-1,0.008612,0.635852,0.026368,0.016026,0.222742,0.000029,0.053943,0.036429
ACCCGAGCGAAATTAC-1,0.058298,0.490058,0.07066,0.053016,0.137295,0.085809,0.006534,0.098329
ACCCGATTGGTTCCGA-1,0.144467,0.657717,0.07731,0.000056,0.106915,0.000056,0.000056,0.013422
ACCCGGAAACTCCCAG-1,0.357268,0.642161,0.000063,0.000063,0.000063,0.000063,0.000063,0.000254
ACCCGGAGCACCACAA-1,0.140769,0.277616,0.049957,0.15831,0.106589,0.104436,0.040183,0.12214
ACCCGGATGACGCATC-1,0.002811,0.695153,0.000035,0.000035,0.000035,0.000035,0.01838,0.283514
ACCCGGTTACACTTCC-1,0.068596,0.492839,0.013505,0.000039,0.002527,0.01679,0.173456,0.232248
ACCCGTAGCAGAGAAT-1,0.069626,0.123684,0.000013,0.006443,0.337512,0.196294,0.10327,0.163158
ACCCGTAGTCTAGTTG-1,0.000007,0.030239,0.017754,0.091976,0.138358,0.04903,0.231129,0.441507
ACCCGTGTCATCAGTA-1,0.002103,0.330359,0.12181,0.031348,0.051724,0.001115,0.001058,0.460484
ACCCTATAGGACTGAG-1,0.07611,0.687662,0.000044,0.000044,0.000044,0.234242,0.000044,0.00181
ACCCTATGCCATATCG-1,0.029239,0.487764,0.000042,0.007563,0.000042,0.041613,0.035831,0.397906
ACCCTCCCGTCAGGGC-1,0.052565,0.492279,0.000028,0.083763,0.355234,0.000028,0.00203,0.014072
ACCCTCCCTTGCTATT-1,0.004785,0.313139,0.011836,0.001563,0.000011,0.016509,0.003544,0.648614
ACCCTGGTAACGCCCT-1,0.083315,0.508246,0.039786,0.230114,0.06473,0.007273,0.006007,0.060529
ACCCTTCATCTGCGAA-1,0.004548,0.35499,0.141451,0.000037,0.000037,0.009882,0.000037,0.489018
ACCCTTGCCTGGGTCG-1,0.005071,0.004278,0.040487,0.655806,0.057405,0.011183,0.154602,0.071168
ACCCTTTAGTTCTCCA-1,0.218662,0.107636,0.376122,0.000096,0.000096,0.000096,0.000096,0.297195
ACCGAAAGGGCCCTGC-1,0.060334,0.8192,0.000054,0.000054,0.000054,0.040135,0.000054,0.080113
ACCGAAGAGTCTGGTT-1,0.052685,0.664492,0.000033,0.000033,0.000033,0.24978,0.000033,0.032911
ACCGACACATCTCCCA-1,0.636216,0.363346,0.000049,0.000049,0.000049,0.000049,0.000049,0.000194
ACCGACTGAGTCCCAC-1,0.292583,0.339006,0.141106,0.00007,0.000051,0.000051,0.013345,0.213788
ACCGAGTCTCCTTATT-1,0.306172,0.507511,0.000033,0.000033,0.186049,0.000033,0.000033,0.000134
ACCGATAGGCATAACC-1,0.00069,0.140759,0.000009,0.504338,0.07436,0.054527,0.091621,0.133695
ACCGATATTTAATCAT-1,0.062014,0.229202,0.014755,0.118211,0.250112,0.111788,0.137327,0.076591
ACCGATGGTAGCATCG-1,0.028118,0.643861,0.000063,0.000063,0.000063,0.000063,0.000063,0.327706
ACCGCAATAACTGCCT-1,0.000013,0.029839,0.039857,0.038581,0.083621,0.001345,0.00393,0.802815
ACCGCGGTGGAAGTCG-1,0.089679,0.822589,0.00004,0.020876,0.00004,0.00387,0.00004,0.062867
ACCGCTAGTCATTGGT-1,0.024844,0.035471,0.00001,0.50444,0.0101,0.00001,0.42476,0.000364
ACCGGGCCTTTGTTGA-1,0.000193,0.129087,0.021788,0.014064,0.004088,0.000862,0.261013,0.568906
ACCGGTCAGGTACACC-1,0.152656,0.38549,0.000023,0.033886,0.129911,0.274693,0.000023,0.023318
ACCGGTCTGAGTACGG-1,0.040004,0.464,0.023208,0.031477,0.069836,0.016283,0.006465,0.348728
ACCGTCCACTGGGCCC-1,0.179361,0.00003,0.17209,0.045743,0.423442,0.17926,0.000015,0.00006
ACCGTGACCACGTGGG-1,0.102098,0.739446,0.000035,0.009981,0.021394,0.001024,0.030836,0.095186
ACCGTTCCCGCTCTGA-1,0.000016,0.02165,0.000016,0.00675,0.000016,0.000016,0.031252,0.940285
ACCTAAGTACCTTTCA-1,0.000009,0.000017,0.042751,0.043106,0.005545,0.034116,0.041754,0.832702
ACCTAATCGACTTCCT-1,0.000006,0.000296,0.052348,0.007885,0.001613,0.050919,0.159292,0.727642
