Barcode,Topic 1,Topic 2,Topic 3to4,Topic 5to12
AAACAACGAATAGTTC-1,0.000061,0.483093,0.516359,0.000487
AAACAAGTATCTCCCA-1,0.011343,0.045635,0.276089,0.666934
AAACAATCTACTAGCA-1,0.000095,0.02979,0.969353,0.000762
AAACACCAATAACTGC-1,0.121766,0.160098,0.004644,0.713493
AAACAGCTTTCAGAAG-1,0.36477,0.000014,0.000776,0.63444
AAACAGGGTCTATATT-1,0.007495,0.076414,0.005965,0.910126
AAACAGTGTTCCTGGG-1,0.009758,0.088182,0.16932,0.73274
AAACATGGTGAGAGGA-1,0.488227,0.026123,0.000092,0.485558
AAACATTTCCCGGATT-1,0.000036,0.092113,0.690898,0.216952
AAACCACTACACAGAT-1,0.00016,0.545264,0.184776,0.269799
AAACCCGAACGAAATC-1,0.000025,0.073038,0.360955,0.565982
AAACCGGAAATGTTAA-1,0.067455,0.026353,0.369166,0.537026
AAACCGGGTAGGTACC-1,0.09949,0.027878,0.080824,0.791808
AAACCGTTCGTCCAGG-1,0.001398,0.000007,0.016897,0.981698
AAACCTAAGCAGCCGG-1,0.012415,0.017474,0.558525,0.411586
AAACCTCATGAAGTTG-1,0.000746,0.058586,0.518536,0.422131
AAACGAAGAACATACC-1,0.012676,0.197315,0.671725,0.118284
AAACGAAGATGGAGTA-1,0.442182,0.049844,0.183417,0.324557
AAACGACAGTCTTGCC-1,0.00017,0.411171,0.512827,0.075831
AAACGAGACGGTTGAT-1,0.000027,0.002185,0.569953,0.427835
AAACGCTGGGCACGAC-1,0.042318,0.000059,0.202802,0.754821
AAACGGGCGTACGGGT-1,0.000962,0.00434,0.281616,0.713082
AAACGGGTTGGTATCC-1,0.000065,0.167735,0.831678,0.000522
AAACGGTTGCGAACTG-1,0.011645,0.014329,0.032971,0.941054
AAACGTGTTCGCCCTA-1,0.000025,0.000025,0.086818,0.913133
AAACTCGGTTCGCAAT-1,0.000008,0.001719,0.089786,0.908487
AAACTCGTGATATAAG-1,0.000031,0.151111,0.366572,0.482286
AAACTGCTGGCTCCAA-1,0.063746,0.000042,0.097981,0.838231
AAACTTAATTGCACGC-1,0.497422,0.501777,0.00016,0.00064
AAACTTGCAAACGTAT-1,0.530159,0.002285,0.042071,0.425486
AAAGAATGACCTTAGA-1,0.548557,0.007576,0.004358,0.439509
AAAGAATGTGGACTAA-1,0.000045,0.270718,0.338638,0.390599
AAAGACCCAAGTCGCG-1,0.000054,0.000054,0.572787,0.427105
AAAGACTGGGCGCTTT-1,0.042346,0.00002,0.280615,0.67702
AAAGCTTGCCTACATA-1,0.00001,0.006291,0.002527,0.991172
AAAGGCCCTATAATAC-1,0.652783,0.16439,0.171438,0.011389
AAAGGCTACGGACCAT-1,0.098215,0.000006,0.004187,0.897591
AAAGGCTCTCGCGCCG-1,0.022015,0.099655,0.155797,0.722533
AAAGGGATGTAGCAAG-1,0.024598,0.000031,0.489706,0.485665
AAAGGGCAGCTTGAAT-1,0.00002,0.006912,0.250456,0.742612
AAAGTAGCATTGCTCA-1,0.07111,0.297395,0.545202,0.086293
AAAGTCACTGATGTAA-1,0.000076,0.064851,0.898192,0.036881
AAAGTCGACCCTCAGT-1,0.040721,0.025058,0.069504,0.864717
AAAGTGCCATCAATTA-1,0.000044,0.024765,0.188597,0.786593
AAAGTGTGATTTATCT-1,0.000024,0.13555,0.163827,0.7006
AAAGTTGACTCCCGTA-1,0.000036,0.217124,0.465382,0.317458
AAATAACCATACGGGA-1,0.00012,0.633647,0.221033,0.1452
AAATAAGGTAGTGCCC-1,0.000047,0.000048,0.323095,0.676811
AAATACCTATAAGCAT-1,0.000024,0.028415,0.602148,0.369414
AAATAGCTTAGACTTT-1,0.000065,0.151689,0.120551,0.727695
AAATAGGGTGCTATTG-1,0.000028,0.044699,0.576965,0.378308
AAATCACTCCTAAACG-1,0.143294,0.57769,0.278356,0.00066
AAATCCGATACACGCC-1,0.000014,0.001358,0.163267,0.835362
AAATCGCGGAAGGAGT-1,0.348975,0.445246,0.205251,0.000527
AAATCGTGTACCACAA-1,0.000014,0.003739,0.086851,0.909396
AAATCTAGCCCTGCTA-1,0.000043,0.177158,0.3674,0.455399
AAATCTGCCCGCGTCC-1,0.53863,0.460909,0.000092,0.000369
AAATGACTGATCAAAC-1,0.000329,0.001842,0.066669,0.931161
AAATGATTCGATCAGC-1,0.019072,0.000061,0.255325,0.725541
AAATGCTCGTTACGTT-1,0.006001,0.003892,0.727507,0.2626
AAATGGCATGTCTTGT-1,0.000061,0.000061,0.503336,0.496543
AAATGGCCCGTGCCCT-1,0.091955,0.548139,0.095039,0.264867
AAATGGTCAATGTGCC-1,0.00003,0.001027,0.543946,0.454998
AAATGTATCTTATCCC-1,0.047047,0.050088,0.022827,0.880038
AAATGTGGGTGCTCCT-1,0.000076,0.518509,0.480806,0.000609
AAATTAACGGGTAGCT-1,0.025053,0.16642,0.373197,0.43533
AAATTAATAAGCGCGA-1,0.000007,0.004477,0.016135,0.979381
AAATTACACGACTCTG-1,0.000103,0.576016,0.331151,0.09273
AAATTACCTATCGATG-1,0.000051,0.252241,0.573074,0.174634
AAATTCCAGGTCCAAA-1,0.000017,0.042233,0.012362,0.945388
AAATTGATAGTCCTTT-1,0.189181,0.001304,0.185084,0.624431
AAATTGCGGCGGTTCT-1,0.000038,0.014803,0.614335,0.370824
AAATTGGTGAGAAGCA-1,0.000043,0.021848,0.805029,0.17308
AAATTTGCGGGTGTGG-1,0.006171,0.042672,0.018029,0.933128
AACAACTGGTAGTTGC-1,0.000043,0.000043,0.785085,0.214828
AACAATACATTGTCGA-1,0.007246,0.00268,0.005341,0.984733
AACAATTACTCTACGC-1,0.070912,0.000038,0.546044,0.383006
AACACACGCTCGCCGC-1,0.000028,0.008256,0.511753,0.479963
AACACGACTGTACTGA-1,0.000049,0.394776,0.000098,0.605076
AACACGAGACGCGGCC-1,0.087123,0.092358,0.209994,0.610525
AACACGCGGCCGCGAA-1,0.000049,0.004386,0.586447,0.409119
AACAGCTGTGTGGCAA-1,0.147684,0.060234,0.017737,0.774344
AACAGGAAATCGAATA-1,0.000027,0.000027,0.253475,0.746472
AACAGGATGGGCCGCG-1,0.104285,0.000072,0.711049,0.184594
AACAGGTAGTATGGAT-1,0.000031,0.021296,0.128449,0.850224
AACATAGCGTGTATCG-1,0.000019,0.008189,0.47278,0.519012
AACATATCAACTGGTG-1,0.000152,0.132668,0.438073,0.429107
AACATCGATACGTCTA-1,0.000096,0.133429,0.86571,0.000765
AACATTGAAGTTGATC-1,0.180985,0.05977,0.118542,0.640703
AACATTGGTCAGCCGT-1,0.000023,0.021952,0.256481,0.721544
AACATTGTGACTCGAG-1,0.012137,0.019971,0.271849,0.696043
AACCAAGACTTCTCTG-1,0.052257,0.007158,0.328412,0.612173
AACCATAGGGTTGAAC-1,0.733205,0.265258,0.000308,0.00123
AACCATGGGATCGCTA-1,0.015147,0.028504,0.601774,0.354575
AACCCAGAGACGGAGA-1,0.000012,0.000012,0.027004,0.972972
AACCCATCCCATGATC-1,0.560219,0.311868,0.000069,0.127844
AACCCGACAACCCGTG-1,0.001503,0.000993,0.008251,0.989252
AACCCGAGCAGAATCG-1,0.000057,0.021161,0.264523,0.714259
AACCCGATAGGGCTTC-1,0.000057,0.062804,0.516771,0.420368
AACCCGCTGTATTCCA-1,0.158672,0.02074,0.121375,0.699213
AACCCTACTGTCAATA-1,0.000027,0.111531,0.403978,0.484463
AACCCTGGTGGAACCA-1,0.000082,0.025672,0.742885,0.231361
AACCGAGCTTGGTCAT-1,0.065051,0.000042,0.336272,0.598635
AACCGCTAAGGGATGC-1,0.000023,0.033899,0.501457,0.464621
AACCGTTGTGTTTGCT-1,0.000038,0.000038,0.08175,0.918174
AACCTCGCTTTAGCCC-1,0.000018,0.117388,0.150627,0.731967
AACCTGTCACGGAATT-1,0.001755,0.007847,0.343091,0.647306
AACCTTTAAATACGGT-1,0.000012,0.000012,0.200571,0.799406
AACCTTTACGACGTCT-1,0.000249,0.342233,0.000498,0.657021
AACGAAAGTCGTCCCA-1,0.96068,0.039014,0.000061,0.000245
AACGACCTCCTAGCCG-1,0.021882,0.033245,0.237838,0.707034
AACGATAATGCCGTAG-1,0.035722,0.000229,0.244636,0.719413
AACGATAGAAGGGCCG-1,0.000018,0.103843,0.003424,0.892716
AACGATATGTCAACTG-1,0.000037,0.000037,0.308596,0.691329
AACGCATGATCTGGGT-1,0.071417,0.095695,0.348333,0.484555
AACGCGAACGGCAACA-1,0.000032,0.002938,0.505407,0.491623
AACGCGACCTTGGGCG-1,0.000008,0.000008,0.021041,0.978943
AACGCGGTCTCCAGCC-1,0.000044,0.01163,0.618711,0.369614
AACGCTGTTGCTGAAA-1,0.000024,0.06663,0.212636,0.720711
AACGGACGTACGTATA-1,0.000009,0.031636,0.013864,0.95449
AACGGCCATCTCCGGT-1,0.001959,0.006456,0.035268,0.956316
AACGTACTGTGGGTAC-1,0.00001,0.00001,0.019455,0.980526
AACGTAGTCTACCCAT-1,0.000077,0.180574,0.713624,0.105725
AACGTCAGACTAGTGG-1,0.036551,0.000441,0.061626,0.901383
AACGTCATCCGGCTTG-1,0.02007,0.006106,0.171043,0.80278
AACGTCGCTGCACTTC-1,0.021775,0.130426,0.28174,0.566059
AACGTGCGAAAGTCTC-1,0.013109,0.000269,0.387786,0.598837
AACGTTATCAGCACCT-1,0.040179,0.012327,0.339352,0.608143
AACGTTCTACCATTGT-1,0.014471,0.000099,0.114918,0.870513
AACTACCCGTTTGTCA-1,0.000052,0.088102,0.466251,0.445595
AACTAGCGTATCGCAC-1,0.103318,0.027258,0.810752,0.058673
AACTAGGCTTGGGTGT-1,0.125718,0.000013,0.093402,0.780866
AACTCAAGTTAATTGC-1,0.017442,0.000009,0.00552,0.977029
AACTCCAGAGCGTGTT-1,0.000017,0.015358,0.20695,0.777675
AACTCGATAAACACGT-1,0.000029,0.005174,0.63026,0.364537
AACTCGATGGCGCAGT-1,0.000057,0.250425,0.352267,0.397251
AACTCTCAATAGAGCG-1,0.000023,0.024525,0.261053,0.7144
AACTCTCAGTGTGCTC-1,0.014363,0.015579,0.724001,0.246057
AACTGAGGTCAGCGTC-1,0.000142,0.227317,0.351099,0.421442
AACTGAGTTATACTGA-1,0.000049,0.080501,0.816112,0.103339
AACTGATATTAGGCCT-1,0.063169,0.002263,0.155382,0.779186
AACTGGGTCCCGACGT-1,0.000033,0.001485,0.482371,0.516111
AACTGGTGTGGGCCTT-1,0.000036,0.000036,0.137359,0.862568
AACTTCTGCGTCTATC-1,0.043917,0.029984,0.905645,0.020454
AACTTGCCCGTATGCA-1,0.274145,0.000036,0.47314,0.252679
AACTTGCGTTCTCGCG-1,0.067072,0.000035,0.403193,0.5297
AACTTTACGGGAGCTT-1,0.000019,0.080695,0.279263,0.640024
AACTTTAGCTGCTGAG-1,0.00006,0.00006,0.570378,0.429501
AACTTTCTCGATCATG-1,0.000046,0.000046,0.607456,0.392452
AAGAAAGTTTGATGGG-1,0.457177,0.499225,0.043125,0.000472
AAGAAATCACCAGATT-1,0.024728,0.24248,0.269425,0.463368
AAGAAGGATCAGTTAG-1,0.000038,0.000038,0.607455,0.392469
AAGACATACGTGGTTT-1,0.005887,0.07563,0.42158,0.496903
AAGACCAAATAACTCA-1,0.748173,0.161257,0.030226,0.060344
AAGACCCAACTGAACA-1,0.000007,0.000007,0.024685,0.975301
AAGACTAACCCGTTGT-1,0.000078,0.000078,0.996128,0.003715
AAGACTGCAAGCTACT-1,0.000025,0.000025,0.481724,0.518227
AAGAGATGAATCGGTA-1,0.06076,0.081675,0.767621,0.089944
AAGAGCTCTTTATCGG-1,0.000013,0.000013,0.02029,0.979685
AAGAGGATGTACGCGA-1,0.000009,0.000009,0.002785,0.997197
AAGAGGCATGGATCGC-1,0.000027,0.055631,0.452101,0.492242
AAGAGGCCCTTTGGAA-1,0.001378,0.057659,0.382647,0.558315
AAGATGGCACCGGACC-1,0.011285,0.036555,0.330831,0.621328
AAGATTGGCGGAACGT-1,0.176283,0.039396,0.563183,0.221138
AAGCACCCTGCGTATC-1,0.000032,0.000032,0.818427,0.181508
AAGCATACTCTCCTGA-1,0.055889,0.025482,0.576808,0.341821
AAGCCACTTGCAGGTA-1,0.047766,0.023955,0.239844,0.688435
AAGCCGAAGCGGTTTA-1,0.000053,0.02012,0.250418,0.729409
AAGCCGCCGTGAAATC-1,0.217685,0.592215,0.158865,0.031236
AAGCCGCTTTACCTTG-1,0.028936,0.003686,0.304977,0.662402
AAGCCGGAGAGCAGGA-1,0.025854,0.029672,0.256817,0.687658
AAGCGCAGGGCTTTGA-1,0.00001,0.004448,0.093981,0.901561
AAGCGGAGTGCGCGCA-1,0.000033,0.00782,0.169151,0.822996
AAGCGTCCCTCATCGA-1,0.000035,0.241917,0.505582,0.252465
AAGCTAGATCGAGTAA-1,0.000007,0.000007,0.046009,0.953977
AAGCTATGGATTGACC-1,0.944278,0.055149,0.000114,0.000458
AAGCTCGTGCCAAGTC-1,0.000038,0.000038,0.773536,0.226387
AAGCTCTTTCATGGTG-1,0.000015,0.000015,0.13414,0.86583
AAGGAGAACTTATAAG-1,0.000088,0.641565,0.357645,0.000703
AAGGAGCGGTTGGTGC-1,0.000022,0.000022,0.245415,0.754541
AAGGATCGATCGCTTG-1,0.000091,0.153091,0.84609,0.000728
AAGGATGAGGGACCTC-1,0.010783,0.006992,0.3437,0.638526
AAGGCAGGCTGTCTCC-1,0.00003,0.002885,0.535004,0.462081
AAGGCGCGTAAAGCTT-1,0.141946,0.000039,0.734894,0.123121
AAGGCTGTGCTCATCG-1,0.003982,0.004316,0.206295,0.785406
AAGGGAACGACTGGCT-1,0.795814,0.173643,0.030221,0.000323
AAGGGACAGATTCTGT-1,0.000085,0.224182,0.70358,0.072153
AAGGGACTATGCATTC-1,0.129865,0.380773,0.008632,0.480731
AAGGGTTAGCCATGCG-1,0.000082,0.022911,0.297672,0.679335
AAGGGTTTGATTTCAG-1,0.928713,0.05233,0.018512,0.000445
AAGGTATCCTAATATA-1,0.000028,0.013293,0.498793,0.487886
AAGGTGATAAACCAGC-1,0.000016,0.012103,0.125599,0.862282
AAGTAAGCTTCCAAAC-1,0.054921,0.390811,0.553646,0.000622
AAGTAGAAGACCGGGT-1,0.000026,0.000026,0.443617,0.556331
AAGTAGTGACGCGAGG-1,0.000028,0.000028,0.187427,0.812517
AAGTCAATTGTCGTCA-1,0.015062,0.049303,0.347,0.588635
AAGTCTAGTAGCTGCC-1,0.007271,0.000017,0.063384,0.929327
AAGTCTTCTGTGGCCT-1,0.102526,0.00648,0.017506,0.873488
AAGTGACGACCGAATT-1,0.033219,0.003363,0.039486,0.923932
AAGTGAGTCGGGTTTA-1,0.000025,0.053965,0.20445,0.741561
AAGTGCAAAGGTAGAC-1,0.05626,0.004971,0.264287,0.674482
AAGTGCCTTGACTGTA-1,0.000075,0.022721,0.399667,0.577537
AAGTGCGTTAGAATCT-1,0.166343,0.207136,0.38071,0.245811
AAGTGCTTCTCTATTG-1,0.000015,0.079667,0.002939,0.917379
AAGTGTTTGGAGACGG-1,0.000017,0.000017,0.193202,0.806765
AAGTTCACTCCAAGCT-1,0.000026,0.000028,0.33791,0.662036
AAGTTCAGTCTGCGTA-1,0.000189,0.630411,0.224664,0.144736
AAGTTCGGCCAACAGG-1,0.000016,0.095092,0.236404,0.668487
AAGTTGTGATGTTATA-1,0.006086,0.153152,0.319169,0.521594
AAGTTTACTAATGGCA-1,0.244259,0.196515,0.558379,0.000847
AAGTTTATGGGCCCAA-1,0.001349,0.000006,0.066156,0.932488
AATAACAACGCTCGGC-1,0.000009,0.00136,0.138832,0.859799
AATAACACTAGAACAA-1,0.005358,0.197502,0.225876,0.571263
AATAACGTCGCGCCCA-1,0.026991,0.090275,0.287044,0.595689
AATAAGTCCTCGAGAC-1,0.020632,0.701181,0.277174,0.001013
AATAATCTTCGTATCG-1,0.000025,0.005713,0.232035,0.762227
AATACAATGTTTCAGG-1,0.061835,0.000041,0.468576,0.469548
AATACCGGAGGGCTGT-1,0.001882,0.051899,0.376138,0.570081
AATACCTGATGTGAAC-1,0.000022,0.840059,0.046106,0.113813
AATAGAACAGAGTGGC-1,0.000011,0.017536,0.079039,0.903413
AATAGAATCTGTTTCA-1,0.000018,0.000018,0.147425,0.852539
AATAGCTACCGCGTGC-1,0.000071,0.122981,0.373207,0.503741
AATAGGCACGACCCTT-1,0.014443,0.108511,0.152629,0.724417
AATAGTCCGTCCCGAC-1,0.027734,0.002022,0.153297,0.816947
AATAGTCGCGAGTCGG-1,0.290997,0.033094,0.375066,0.300842
AATATCAAGGTCGGAT-1,0.000022,0.000022,0.068806,0.931149
AATATCCTAGCAAACT-1,0.656874,0.14054,0.177755,0.02483
AATATCGAATCAATGC-1,0.000062,0.031098,0.286287,0.682553
AATATCGAGGGTTCTC-1,0.000176,0.268772,0.551016,0.180037
AATATTGGAGTATTGA-1,0.090384,0.00003,0.114102,0.795484
AATCAGACTGCAGGAC-1,0.000026,0.000026,0.053113,0.946835
AATCAGGTTTCATTTA-1,0.00385,0.076515,0.085673,0.833962
AATCATGTAAAGACTC-1,0.000045,0.279279,0.610369,0.110307
AATCCAAGGGCCTGAG-1,0.000025,0.010183,0.14032,0.849472
AATCCATGCAAGGGTG-1,0.000033,0.02726,0.428559,0.544147
AATCCCGCTCAGAGCC-1,0.005366,0.000005,0.017787,0.976842
AATCGAGGTCTCAAGG-1,0.000015,0.040958,0.081172,0.877854
AATCGCCTCAGCGCCA-1,0.014686,0.054906,0.507526,0.422882
AATCGCGCAGAGGACT-1,0.000219,0.096513,0.438273,0.464995
AATCGGGACACTACGA-1,0.001776,0.004668,0.578121,0.415435
AATCGGTATAGCCCTC-1,0.011846,0.131823,0.250363,0.605968
AATCGTGAGCCGAGCA-1,0.000024,0.000024,0.52175,0.478201
AATCTAGGTTTACTTG-1,0.372371,0.265866,0.140516,0.221247
AATCTATGCCGGAGCC-1,0.000108,0.007771,0.426676,0.565445
AATCTCTACTGTGGTT-1,0.040159,0.063484,0.510845,0.385512
AATCTGCGTTGGGACG-1,0.000036,0.000036,0.586826,0.413101
AATCTGGCTTTCTAGT-1,0.798091,0.033723,0.167787,0.000398
AATGACAGCAATGTCT-1,0.032975,0.063405,0.099403,0.804217
AATGACGTAGGATGTC-1,0.060014,0.000027,0.484477,0.455482
AATGACTGTCAGCCGG-1,0.063455,0.000014,0.117027,0.819504
AATGAGTTCGCATATG-1,0.000046,0.000046,0.766037,0.233872
AATGATGATACGCTAT-1,0.000053,0.764741,0.166964,0.068242
AATGATGCGACTCCTG-1,0.000146,0.175089,0.41754,0.407225
AATGCAACCGGGTACC-1,0.000029,0.000029,0.535764,0.464179
AATGGCCGCCAATGCG-1,0.033942,0.203425,0.655694,0.106939
AATGGTCCACCGTTCA-1,0.096006,0.006031,0.474022,0.423941
AATGGTTCTCACAAGC-1,0.157234,0.000056,0.683999,0.158711
AATGTATGGCACTGTA-1,0.370386,0.543923,0.084933,0.000758
AATGTGCCCGAGGTGT-1,0.440005,0.3563,0.088969,0.114726
AATGTGCTAATCTGAG-1,0.023101,0.207582,0.560331,0.208986
AATGTTAAGACCCTGA-1,0.067624,0.139931,0.058442,0.734003
AATGTTGTCGTGAGAC-1,0.023674,0.142868,0.370087,0.463371
AATTAAAGGTCGGCGT-1,0.000042,0.000042,0.881662,0.118255
AATTAACGGATTTCCA-1,0.002945,0.000018,0.375938,0.6211
AATTACGAGACCCATC-1,0.922284,0.077324,0.000078,0.000314
AATTACTCGTACGCTC-1,0.029396,0.000011,0.061875,0.908718
AATTAGCGCTGCAGCG-1,0.009668,0.001328,0.088556,0.900448
AATTATACCCAGCAAG-1,0.022714,0.000016,0.268995,0.708275
AATTCATAAGGGATCT-1,0.258914,0.401233,0.339421,0.000432
AATTCATTGTCATGCA-1,0.730216,0.260996,0.000086,0.008702
AATTCCAACTTGGTGA-1,0.000022,0.012203,0.414086,0.573689
AATTCCAAGCATGTAC-1,0.000847,0.007861,0.233217,0.758075
AATTCGATTCGAGGAT-1,0.095021,0.005794,0.088715,0.810469
AATTCTAGAGTTAGGC-1,0.000013,0.000013,0.115998,0.883975
AATTGAACGCTCTGGT-1,0.000012,0.013106,0.106635,0.880247
AATTGCAGCAATCGAC-1,0.000048,0.63411,0.290155,0.075687
AATTGCGTGGATTACA-1,0.956117,0.043587,0.000059,0.000237
AATTGTGGTTGCCAAA-1,0.028293,0.077809,0.344996,0.548902
AATTTGGTTCCAAAGA-1,0.000061,0.000061,0.576052,0.423826
ACAAACCATGCGTCCT-1,0.185109,0.000125,0.000034,0.814732
ACAAACTCCATCAGAG-1,0.010203,0.028439,0.222958,0.7384
ACAAAGAAGGTAGGCC-1,0.125808,0.191268,0.348294,0.33463
ACAAAGCATGACCTAG-1,0.000028,0.17175,0.675412,0.152809
ACAAATCGCACCGAAT-1,0.000015,0.049873,0.028132,0.92198
ACAAATGGTAGTGTTT-1,0.000021,0.018389,0.261897,0.719693
ACAACAGCATGAGCTA-1,0.092405,0.012498,0.460191,0.434906
ACAACGGTCCCTGCGA-1,0.006518,0.016405,0.202856,0.774221
ACAAGCAGTGCCTAGC-1,0.013507,0.000009,0.00159,0.984894
ACAAGCTATATGGAAG-1,0.000464,0.001983,0.009474,0.988079
ACAAGGAAATCCGCCC-1,0.000027,0.021509,0.571731,0.406733
ACAAGGACAAGAGGTT-1,0.077708,0.003032,0.163732,0.755528
ACAAGGATGCTTTAGG-1,0.000029,0.000029,0.60801,0.391931
ACAAGGGCAGGCTCTG-1,0.000023,0.000023,0.642555,0.357398
ACAAGTAATTGTAAGG-1,0.21026,0.206931,0.07321,0.509599
ACAATAGTCGTACGTT-1,0.372983,0.000033,0.328664,0.29832
ACAATCCATTTAAACC-1,0.013445,0.018469,0.097226,0.870859
ACAATCGATCTTTATA-1,0.000069,0.092223,0.647745,0.259963
ACAATGAATACGGAGA-1,0.122624,0.493182,0.153546,0.230648
ACAATTGTGTCTCTTT-1,0.000041,0.223521,0.41751,0.358928
ACAATTTAGGAGGCTC-1,0.08647,0.050425,0.189545,0.673561
ACAATTTGAGCAGTGG-1,0.000035,0.009137,0.628803,0.362026
ACAATTTGGCCATATT-1,0.003001,0.00819,0.144697,0.844113
ACACAAAGACGGGTGG-1,0.000034,0.000034,0.818782,0.181151
ACACAAATATTCCTAG-1,0.000028,0.000721,0.238238,0.761013
ACACACCAGGACCAGT-1,0.000023,0.002925,0.500284,0.496768
ACACACTTTCTACACG-1,0.000022,0.000022,0.028196,0.97176
ACACATGATCAAATCT-1,0.437121,0.334202,0.227876,0.000801
ACACATTGACGCAACA-1,0.000023,0.000023,0.477403,0.52255
ACACATTTCCGTAGAC-1,0.001342,0.047742,0.657488,0.293428
ACACCACATAATTAGC-1,0.000021,0.035035,0.120906,0.844038
ACACCCAGCATGCAGC-1,0.157146,0.000023,0.391663,0.451168
ACACCCGAGAAATCCG-1,0.102041,0.000033,0.595037,0.302889
ACACCCGTAAATCTGT-1,0.011467,0.411416,0.352655,0.224463
ACACCGAGCGCTCTTT-1,0.018911,0.057736,0.866084,0.057268
ACACCGGTCTGACCGC-1,0.545953,0.438928,0.000101,0.015018
ACACCTTAAGTAGGGC-1,0.000019,0.000019,0.119595,0.880366
ACACCTTACTACTTGC-1,0.000041,0.279819,0.421064,0.299076
ACACGAGACTCCTTCT-1,0.000012,0.000012,0.010873,0.989104
ACACGGCACTATGCAT-1,0.000142,0.59359,0.40513,0.001138
ACACGGGAACTTAGGG-1,0.016599,0.049895,0.564186,0.36932
ACACGTAGGCCACAAG-1,0.00005,0.051828,0.34139,0.606732
ACACTCCAATGTCACT-1,0.000037,0.028003,0.723978,0.247982
ACACTGATCAAGGTGT-1,0.158388,0.003314,0.487384,0.350915
ACACTGGGACAGTCGT-1,0.020567,0.000087,0.385941,0.593405
ACAGAACTGAGAACAA-1,0.030789,0.280119,0.11587,0.573222
ACAGATTAGGTTAGTG-1,0.000061,0.000061,0.397334,0.602544
ACAGCATAGAGCCAGT-1,0.000075,0.000075,0.694375,0.305476
ACAGCGACATTCTCAT-1,0.005484,0.684846,0.181797,0.127872
ACAGCGCACCCGCAGC-1,0.000201,0.759979,0.237806,0.002013
ACAGGAGGCGCAGCCG-1,0.000037,0.281685,0.472044,0.246235
ACAGGCACGGATCCTT-1,0.039065,0.033059,0.055505,0.872371
ACAGGCTTGCCCGACT-1,0.000027,0.040304,0.407224,0.552445
ACAGGTGGAGGTGAGG-1,0.000013,0.009182,0.029826,0.960979
ACAGGTGTGTTGTTGC-1,0.0355,0.055052,0.022775,0.886673
ACAGTAATACAACTTG-1,0.303398,0.187771,0.31317,0.195661
ACAGTATACCGTGGGA-1,0.000029,0.099779,0.126916,0.773276
ACATAAGTCGTGGTGA-1,0.588216,0.39679,0.014603,0.000391
ACATAATAAGGCGGTG-1,0.009924,0.000057,0.748742,0.241277
ACATACAATCAAGCGG-1,0.000019,0.102945,0.215538,0.681498
ACATCAGCTGGGACGC-1,0.000012,0.000012,0.124083,0.875893
ACATCCCGGCCATACG-1,0.00001,0.00001,0.011263,0.988717
ACATCCTGGTAACTGT-1,0.018941,0.063093,0.356889,0.561077
ACATCGATCGTTTACC-1,0.094893,0.000489,0.431732,0.472886
ACATCGCAATATTCGG-1,0.138854,0.305987,0.371547,0.183612
ACATCGGTCAGCCGCG-1,0.062178,0.061963,0.200376,0.675482
ACATCGTATGCAATGG-1,0.006536,0.018824,0.354822,0.619817
ACATCGTTAACCTAGT-1,0.011227,0.354327,0.544146,0.090299
ACATGCTTACGGCAGC-1,0.178111,0.466253,0.000096,0.35554
ACATGGCGCCAAAGTA-1,0.000055,0.114057,0.307448,0.578439
ACATGGCTCAATTTAG-1,0.000058,0.000058,0.858652,0.141233
ACATTAGTTTATATCC-1,0.000022,0.006723,0.166065,0.82719
ACATTCGCGCGGAATA-1,0.429213,0.151815,0.340439,0.078533
ACATTTGAAACCTAAC-1,0.000025,0.311759,0.648037,0.040179
ACCAAACACCCAGCGA-1,0.0497,0.112923,0.12223,0.715146
ACCAAACTAGAAATCC-1,0.085197,0.48626,0.349163,0.07938
ACCAACACCACACACT-1,0.046738,0.041862,0.291687,0.619713
ACCAACCGCACTCCAC-1,0.000033,0.353945,0.484588,0.161435
ACCAACGCTTATTTAT-1,0.009259,0.000011,0.04347,0.94726
ACCAAGAACGCGTGTC-1,0.000023,0.000023,0.390167,0.609787
ACCAAGTCATCGGCAG-1,0.017647,0.145551,0.319008,0.517794
ACCAATATGCAAGTTA-1,0.000037,0.146528,0.632057,0.221377
ACCACAAGTTTCTATC-1,0.018304,0.000008,0.000083,0.981605
ACCACACGGTTGATGG-1,0.000013,0.059308,0.27422,0.666459
ACCACCAATGTAACAA-1,0.000067,0.459093,0.537266,0.003574
ACCACCCTCTCTTCTA-1,0.000028,0.209837,0.187947,0.602189
ACCACGTGCAGCTATA-1,0.000014,0.000014,0.108087,0.891885
ACCACTGTTCAAGAAG-1,0.00003,0.00003,0.762048,0.237892
ACCAGACCATAACAAC-1,0.097634,0.03507,0.178109,0.689187
ACCAGCCCGGTCTTTG-1,0.0001,0.32565,0.618756,0.055493
ACCAGGAGTGTGATCT-1,0.000139,0.492137,0.506611,0.001113
ACCAGTGCGGGAGACG-1,0.000024,0.012124,0.298422,0.68943
ACCATATCCGCAATAA-1,0.000012,0.000012,0.055604,0.944373
ACCATCCGCCAACTAG-1,0.439515,0.000096,0.038052,0.522337
ACCATCGTATATGGTA-1,0.26855,0.004745,0.51282,0.213885
ACCATTAAGGGTGTCA-1,0.000018,0.001285,0.422401,0.576295
ACCCAACGCCCGTGGC-1,0.000019,0.026833,0.102634,0.870514
ACCCACCTACATGCTC-1,0.044343,0.00554,0.469139,0.480978
ACCCATCTTGAGGGTA-1,0.003478,0.021659,0.118282,0.856581
ACCCATTTGTCCCTCT-1,0.000052,0.687406,0.257809,0.054733
ACCCGAGCGAAATTAC-1,0.00141,0.131016,0.048375,0.819199
ACCCGATTGGTTCCGA-1,0.019804,0.095004,0.177721,0.707471
ACCCGGAAACTCCCAG-1,0.08052,0.002512,0.068311,0.848658
ACCCGGAGCACCACAA-1,0.017356,0.03442,0.20594,0.742284
ACCCGGATGACGCATC-1,0.000047,0.174922,0.38172,0.443311
ACCCGGTTACACTTCC-1,0.026232,0.000007,0.000018,0.973742
ACCCGTAGCAGAGAAT-1,0.987815,0.011916,0.000054,0.000215
ACCCGTAGTCTAGTTG-1,0.038842,0.024333,0.422145,0.51468
ACCCGTGTCATCAGTA-1,0.000011,0.000011,0.038078,0.961901
ACCCTATAGGACTGAG-1,0.053571,0.009502,0.797232,0.139695
ACCCTATGCCATATCG-1,0.000038,0.399706,0.321356,0.278901
ACCCTCCCGTCAGGGC-1,0.138316,0.165891,0.307734,0.38806
ACCCTCCCTTGCTATT-1,0.000037,0.092043,0.598631,0.309289
ACCCTGGTAACGCCCT-1,0.000041,0.019531,0.360092,0.620336
ACCCTTCATCTGCGAA-1,0.000022,0.000022,0.006864,0.993093
ACCCTTGCCTGGGTCG-1,0.000043,0.010714,0.498317,0.490926
ACCGAAAGGGCCCTGC-1,0.023779,0.000045,0.426292,0.549883
ACCGAAGAGTCTGGTT-1,0.368458,0.261715,0.347781,0.022046
ACCGACACATCTCCCA-1,0.000022,0.000034,0.538844,0.461101
ACCGACTGAGTCCCAC-1,0.000033,0.000033,0.456477,0.543457
ACCGAGTCTCCTTATT-1,0.002761,0.000011,0.10399,0.893238
ACCGATAGGCATAACC-1,0.000086,0.082915,0.27357,0.643428
ACCGATATTTAATCAT-1,0.000042,0.000042,0.251479,0.748436
ACCGATGGTAGCATCG-1,0.000021,0.005581,0.254409,0.739989
ACCGCAATAACTGCCT-1,0.003307,0.040007,0.362575,0.59411
ACCGCGGTGGAAGTCG-1,0.008101,0.07187,0.428112,0.491917
ACCGCTAGTCATTGGT-1,0.146341,0.023977,0.018124,0.811558
ACCGGGCCTTTGTTGA-1,0.068344,0.108463,0.402726,0.420467
ACCGGTCAGGTACACC-1,0.07498,0.916782,0.000076,0.008163
ACCGTCCACTGGGCCC-1,0.549005,0.000011,0.000209,0.450775
ACCGTGACCACGTGGG-1,0.05203,0.014098,0.027086,0.906786
ACCGTTCCCGCTCTGA-1,0.000149,0.089869,0.908787,0.001195
ACCTAAGTACCTTTCA-1,0.091061,0.048239,0.391178,0.469522
ACCTAATCGACTTCCT-1,0.005963,0.00001,0.00268,0.991347
ACCTACAGTATGTGGT-1,0.000016,0.021607,0.023592,0.954786
ACCTACTATAAATCTA-1,0.000022,0.099224,0.407741,0.493013
ACCTCAGCGAGGCGCA-1,0.000052,0.121422,0.552829,0.325697
ACCTCCGCCCTCGCTG-1,0.000043,0.055626,0.309551,0.63478
ACCTCCGTTATTCACC-1,0.000124,0.026801,0.112983,0.860092
ACCTCGAACTTATGCT-1,0.699722,0.063301,0.000187,0.236789
ACCTGCGTGTCATGTT-1,0.321702,0.407941,0.259511,0.010846
ACGAAATGGGCGGCAC-1,0.008476,0.000013,0.041489,0.950021
ACGACCCATGAGTTGC-1,0.06407,0.010339,0.359399,0.566192
ACGACTCTAGGGCCGA-1,0.00001,0.003407,0.115102,0.881481
ACGACTGGTCATACTC-1,0.092581,0.121916,0.45053,0.334973
ACGAGAACCCATCACG-1,0.00004,0.005,0.884352,0.110608
ACGAGATATTTGCTTA-1,0.000349,0.430932,0.56593,0.00279
ACGAGGATACCACTCT-1,0.288969,0.044659,0.375392,0.29098
ACGAGGTTTACAACGT-1,0.311142,0.159579,0.06372,0.465559
ACGAGTACGGATGCCC-1,0.000112,0.327761,0.532345,0.139782
ACGAGTCGCCGGCGTT-1,0.000023,0.006252,0.503833,0.489892
ACGATACATAGAACTA-1,0.000029,0.044379,0.373316,0.582276
ACGATACCTATCCTGA-1,0.134201,0.000011,0.137506,0.728283
ACGATCATACATAGAG-1,0.000018,0.002424,0.170697,0.826861
ACGATCATCTTGTAAA-1,0.037624,0.108336,0.169291,0.684749
ACGATGCATATGTTAT-1,0.018537,0.008022,0.546757,0.426683
ACGATGGATCCGATGC-1,0.000077,0.096965,0.3094,0.593557
ACGCAAACTAATAGAT-1,0.002155,0.004827,0.062292,0.930726
ACGCAATCACTACAGC-1,0.000109,0.064086,0.218083,0.717722
ACGCATACGTTTACTA-1,0.164473,0.222332,0.255688,0.357507
ACGCATTCGTGAGTAC-1,0.010935,0.002701,0.543387,0.442977
ACGCCACTCGAAACAG-1,0.000011,0.001538,0.403009,0.595442
ACGCCAGATGATTTCT-1,0.000095,0.172442,0.371107,0.456357
ACGCCAGTGCGTTTGC-1,0.000032,0.569293,0.430111,0.000563
ACGCCGCTAGACGACC-1,0.000022,0.000022,0.30693,0.693026
ACGCCTGACACGCGCT-1,0.027586,0.170101,0.396122,0.406191
ACGCGAAGTCAGACGA-1,0.000013,0.034079,0.138238,0.827669
ACGCGCTACACAGGGT-1,0.014819,0.000329,0.631201,0.353652
ACGCGGGCCAAGGACA-1,0.000039,0.000019,0.249385,0.750558
ACGCGTTTCTTAAGAG-1,0.051167,0.007496,0.462028,0.479309
ACGCTACTGAATGGGC-1,0.000059,0.061517,0.255312,0.683111
ACGCTAGTATCAGTGC-1,0.0752,0.18434,0.56681,0.17365
ACGCTAGTGATACACT-1,0.062316,0.167852,0.218032,0.5518
ACGCTGTGAGGCGTAG-1,0.172589,0.088942,0.072295,0.666174
ACGGAACACGAGTGCC-1,0.000016,0.779737,0.106652,0.113594
ACGGAATTTAGCAAAT-1,0.166365,0.000037,0.621172,0.212427
ACGGACGCAGCGACAA-1,0.490228,0.000555,0.000037,0.50918
ACGGACTCTCAAAGCG-1,0.001944,0.002177,0.146977,0.848902
ACGGAGCGCAAATTAC-1,0.032177,0.006558,0.289685,0.67158
ACGGATGGTGCGGATA-1,0.000045,0.000045,0.792252,0.207659
ACGGCACTTGCTTGGG-1,0.032973,0.000007,0.005743,0.961277
ACGGCCAACATGGACT-1,0.115654,0.000011,0.167865,0.716471
ACGGCGACGATGGGAA-1,0.007235,0.006164,0.103017,0.883584
ACGGCGGGTTGCCCTG-1,0.000022,0.000022,0.047342,0.952613
ACGGCTGGATGTAGAA-1,0.45927,0.022116,0.030465,0.488149
ACGGGAGTGTCGGCCC-1,0.028222,0.023016,0.012512,0.93625
ACGGGCGTATGCGACA-1,0.000032,0.000032,0.436024,0.563913
ACGGGTCATGTGACTT-1,0.000009,0.000715,0.123637,0.875639
ACGGGTTGTGACCTGT-1,0.572818,0.426666,0.000103,0.000413
ACGGTACAGTTCAATG-1,0.000023,0.089453,0.428206,0.482318
ACGGTCACCGAGAACA-1,0.970518,0.029302,0.000036,0.000144
ACGTACAGATTTCTCT-1,0.000047,0.043282,0.069461,0.88721
ACGTACTTTGGCACGG-1,0.041689,0.028249,0.057294,0.872768
ACGTAGATTGCTGATG-1,0.064236,0.000036,0.795034,0.140694
ACGTAGGAGAGTCGCT-1,0.000047,0.133537,0.129281,0.737135
ACGTATTACTCCGATC-1,0.000035,0.056753,0.385668,0.557544
ACGTCGGGCAACTCGG-1,0.477564,0.090959,0.079092,0.352385
ACGTCTCGTTCCGGGA-1,0.224213,0.433611,0.161017,0.18116
ACGTGACAAAGTAAGT-1,0.1468,0.362413,0.351939,0.138848
ACGTGCGCCTCGTGCA-1,0.000042,0.000042,0.495091,0.504825
ACGTTAATGTCGAAGA-1,0.017285,0.000022,0.357016,0.625677
ACGTTAGATTTGCCCG-1,0.006496,0.00004,0.457006,0.536458
ACGTTATTGGTCACTC-1,0.049475,0.007888,0.176701,0.765937
ACGTTCACTATGCCGC-1,0.011421,0.000005,0.000009,0.988565
ACGTTCCGCGCTCCGT-1,0.000085,0.000085,0.905811,0.094018
ACGTTCGCAATCAATT-1,0.000103,0.000103,0.335173,0.664621
ACGTTCGTTCAGGAAA-1,0.049215,0.025751,0.527113,0.397921
ACGTTCTGTACAAGTC-1,0.00003,0.00003,0.414631,0.585308
ACGTTGTCGTTGAAAG-1,0.008562,0.11597,0.173049,0.70242
ACGTTTAGTTGTGATC-1,0.000107,0.000107,0.718857,0.28093
ACGTTTCGGTGCACTT-1,0.000044,0.10544,0.169701,0.724815
ACTAAGGACGCACACC-1,0.000053,0.000053,0.513297,0.486597
ACTACAAAGAGAGGTG-1,0.001572,0.000005,0.037871,0.960552
ACTACATCCCGACAAG-1,0.51497,0.410951,0.073743,0.000336
ACTACCAGCTCTCTGG-1,0.000033,0.030015,0.396064,0.573888
ACTACCATCCGAGGGC-1,0.061026,0.1886,0.082232,0.668142
ACTACGCGTTAGAATT-1,0.000015,0.012412,0.314011,0.673562
ACTAGTTGCGATCGTC-1,0.039031,0.003063,0.288425,0.669481
ACTATCCAGGGCATGG-1,0.000078,0.158104,0.723311,0.118507
ACTATCGCCGGCTAAA-1,0.000011,0.000011,0.251998,0.74798
ACTATCTGCCCGCGTA-1,0.000067,0.031704,0.385158,0.583071
ACTATGTCCAGCTGCC-1,0.744775,0.150139,0.104646,0.000439
ACTATTCGTCCGTGGT-1,0.083222,0.011154,0.483979,0.421645
ACTATTTCCGGGCCCA-1,0.003566,0.084779,0.010739,0.900917
ACTCAACGAATGTATT-1,0.000047,0.000047,0.389293,0.610613
ACTCAAGTGCAAGGCT-1,0.000029,0.000029,0.442743,0.557199
ACTCAATAAAGGCACG-1,0.031644,0.000016,0.002709,0.965631
ACTCAGACCTGCTTCT-1,0.066643,0.08835,0.388123,0.456884
ACTCATGGCAGCCTTC-1,0.353681,0.616463,0.000262,0.029594
ACTCCAATATCATCAT-1,0.086976,0.120806,0.497133,0.295084
ACTCCCATTCCTAAAG-1,0.092835,0.175094,0.113407,0.618664
ACTCCCGAATTCGTTT-1,0.000089,0.603864,0.262359,0.133688
ACTCCCGTAGACTAGG-1,0.000051,0.000051,0.671605,0.328293
ACTCCCTAATGCTAAA-1,0.005282,0.003825,0.236985,0.753908
ACTCCCTAGAATAGTA-1,0.000005,0.000005,0.031086,0.968903
ACTCCGGCCGACCACT-1,0.000006,0.000006,0.002539,0.997449
ACTCGATGTATTTCAT-1,0.064131,0.000017,0.197142,0.738711
ACTCGCCGTTCGATAA-1,0.019465,0.043872,0.338905,0.597758
ACTCGCGATCTGACGC-1,0.021945,0.007509,0.076125,0.894422
ACTCGTAACCCGTCCT-1,0.284602,0.116823,0.356702,0.241873
ACTCGTCAGTAATCCC-1,0.029804,0.00001,0.009202,0.960984
ACTCTAAACCTGGGAT-1,0.02335,0.05347,0.330188,0.592992
ACTCTCTGACTTAGGT-1,0.005614,0.00002,0.183627,0.810739
ACTCTGACCTAATAGA-1,0.000029,0.593099,0.000058,0.406814
ACTCTTCAGCTCCCGC-1,0.000016,0.003149,0.021418,0.975416
ACTCTTGTATAGTAAC-1,0.000038,0.000038,0.927962,0.071962
ACTGAAACGCCGTTAG-1,0.000026,0.029349,0.478721,0.491905
ACTGAATGGCGAAAGT-1,0.003749,0.000837,0.496385,0.49903
ACTGCCCGCCATTCTC-1,0.131096,0.318364,0.318178,0.232362
ACTGCCGTCGTAACTC-1,0.000074,0.000074,0.63391,0.365943
ACTGCGGACACACCGT-1,0.056627,0.00004,0.483288,0.460044
ACTGCTCGGAAGGATG-1,0.453966,0.243883,0.168322,0.133829
ACTGGCGAACCTGCGT-1,0.000077,0.000077,0.798726,0.20112
ACTGGGATGCCAGTGC-1,0.014788,0.235288,0.284782,0.465143
ACTGTACGATACACAT-1,0.000026,0.006996,0.101424,0.891554
ACTGTAGCACTTTGGA-1,0.006564,0.068283,0.282498,0.642655
ACTGTATACGCGAGCA-1,0.043083,0.000028,0.240474,0.716415
ACTGTCCAGGATTATA-1,0.003956,0.000019,0.107218,0.888808
ACTGTCTTCTTTAGAA-1,0.214036,0.016594,0.198338,0.571031
ACTGTGCTAGTAGATC-1,0.000069,0.000069,0.908942,0.09092
ACTGTTTAGTGTAGGC-1,0.000146,0.50206,0.496626,0.001168
ACTTACGCATCCACGC-1,0.00003,0.021092,0.350788,0.62809
ACTTAGTACGACAAGA-1,0.004161,0.235109,0.630143,0.130587
ACTTATACTTACCCGG-1,0.000023,0.247263,0.047412,0.705302
ACTTATCTGATCTATA-1,0.0001,0.455617,0.543479,0.000803
ACTTATTAGGATCGGT-1,0.085397,0.060371,0.67616,0.178072
ACTTATTTATGTGCCA-1,0.000039,0.071967,0.608668,0.319325
ACTTCAGGCTGATCCC-1,0.00693,0.000022,0.269528,0.723521
ACTTCCAGTGGAAGCT-1,0.987573,0.012141,0.000057,0.000228
ACTTCCATGCGGGACA-1,0.000014,0.055313,0.047965,0.896709
ACTTCCTGTCGTGCGA-1,0.131592,0.397652,0.469643,0.001113
ACTTCGCCATACGCAC-1,0.000014,0.018151,0.00014,0.981695
ACTTCGCTAGCGAGTG-1,0.092246,0.003463,0.205914,0.698377
ACTTGACTCCCTCTTT-1,0.01203,0.00001,0.010582,0.977378
ACTTGCCATATTGTAC-1,0.062415,0.239567,0.524305,0.173713
ACTTGCTCTATCTACC-1,0.620673,0.009232,0.000039,0.370056
ACTTGGGACCCGGTGG-1,0.000026,0.011851,0.337267,0.650856
ACTTGGGCTTTCGCCA-1,0.000026,0.000026,0.427341,0.572607
ACTTGTAGTCCCTTCA-1,0.309625,0.00003,0.32414,0.366205
ACTTGTGGATGGAACG-1,0.000058,0.000058,0.353704,0.64618
ACTTGTTACCGGATCA-1,0.091566,0.00001,0.268802,0.639622
ACTTTACCCTCATGAA-1,0.00005,0.257104,0.190734,0.552111
ACTTTATACACCACTT-1,0.822648,0.141285,0.024743,0.011323
ACTTTCCTATAGCTTC-1,0.000037,0.000914,0.401443,0.597606
ACTTTGACTGCATCCT-1,0.24346,0.025313,0.495566,0.235661
ACTTTGGTCGTGCTCC-1,0.723112,0.264631,0.000153,0.012103
ACTTTGTCGACGCACT-1,0.000104,0.000104,0.27237,0.727422
AGAAATTATGACTCGC-1,0.018507,0.000062,0.274941,0.70649
AGAACACGGCGATGGT-1,0.415034,0.58463,0.000067,0.000269
AGAACCCAGCGTGACA-1,0.000018,0.00443,0.110362,0.88519
AGAACCCTCAATTGGG-1,0.427653,0.528699,0.000059,0.043589
AGAACGTGGTACATTC-1,0.000024,0.006188,0.172283,0.821506
AGAACTGTACTTTGTA-1,0.000026,0.133383,0.491685,0.374906
AGAAGAGCGCCGTTCC-1,0.000211,0.000211,0.304933,0.694645
AGAAGGTACACTTCAC-1,0.167088,0.000013,0.000025,0.832875
AGAAGGTTGCCGAATT-1,0.000037,0.074158,0.421003,0.504802
AGAAGGTTGTAGGTCG-1,0.000043,0.02913,0.8297,0.141127
AGAAGTGATTCGTGAT-1,0.059875,0.083016,0.332998,0.524111
AGAATAAATCTTCAGG-1,0.000735,0.040052,0.780394,0.178819
AGAATACAGGCTATCC-1,0.000017,0.70174,0.021639,0.276604
AGAATTATGGATTCGA-1,0.000124,0.484778,0.221414,0.293684
AGAATTGTTTGACATA-1,0.066623,0.082466,0.809193,0.041718
AGACAGCTCAGAATCC-1,0.000033,0.000824,0.796181,0.202962
AGACAGGCATCTCAGC-1,0.000027,0.000033,0.266888,0.733052
AGACATAGATCCTTCC-1,0.000053,0.000053,0.281939,0.717954
AGACCAAACCACACCT-1,0.598719,0.08304,0.14398,0.174261
AGACCATGGGATACAA-1,0.084383,0.000014,0.154341,0.761261
AGACCCACCGCTGATC-1,0.000015,0.000015,0.266995,0.732975
AGACCCGCCCTCCTCG-1,0.012144,0.021549,0.676207,0.2901
AGACCGCTCCGCGGTT-1,0.000082,0.094182,0.202373,0.703363
AGACCGGGAAACCCTG-1,0.134787,0.102378,0.196343,0.566492
AGACGAAGTGCCGGTC-1,0.000038,0.055196,0.544659,0.400107
AGACGACGATGCCGCT-1,0.000183,0.019892,0.042752,0.937173
AGACGCCCACTTCGCC-1,0.000092,0.017646,0.200397,0.781865
AGACTAGCCTTCCAGA-1,0.000016,0.012507,0.027886,0.959591
AGACTGTTACCGGGTC-1,0.038159,0.009849,0.040152,0.911841
AGAGAAACACCAGAAA-1,0.001684,0.062987,0.016902,0.918428
AGAGAACCGTCTAGGA-1,0.000018,0.000018,0.240681,0.759282
AGAGAAGGAGTACAAT-1,0.001993,0.326891,0.320721,0.350395
AGAGATCTCTAAAGCG-1,0.129694,0.002559,0.001204,0.866543
AGAGCAGTTATGAGAC-1,0.000013,0.000013,0.023791,0.976184
AGAGCCGCCGAGATTT-1,0.030832,0.000071,0.4624,0.506698
AGAGCGCTTGTAACGG-1,0.000017,0.014646,0.104054,0.881283
AGAGCGGGCTAATCAT-1,0.042685,0.016575,0.163652,0.777088
AGAGCGTACAAGCTCG-1,0.002199,0.038836,0.169698,0.789267
AGAGCTACGAAAGCAT-1,0.016628,0.102483,0.612096,0.268793
AGAGGCTTCGGAAACC-1,0.017232,0.05287,0.255608,0.674289
AGAGGGACAATTGTCC-1,0.000142,0.193881,0.804839,0.001138
AGAGGTATCTCGGTCC-1,0.040264,0.173251,0.697709,0.088775
AGAGTAAACTTCACTA-1,0.00005,0.041736,0.341846,0.616369
AGAGTATAGTGTTACG-1,0.000035,0.08605,0.127235,0.78668
AGAGTCTTAATGAAAG-1,0.033353,0.026674,0.296908,0.643065
AGAGTGAACAGACACC-1,0.070134,0.219945,0.384124,0.325798
AGAGTTGCAGGCCTCC-1,0.000051,0.000051,0.564239,0.435659
AGATAACTTCAGGGCC-1,0.03053,0.00002,0.216044,0.753406
AGATAATCACACCTAT-1,0.372753,0.563118,0.01882,0.045309
AGATACCAATAGAACC-1,0.019875,0.096034,0.296343,0.587747
AGATACCAGCACTTCA-1,0.000058,0.010154,0.828771,0.161016
AGATACCGGTGTTCAC-1,0.063368,0.002405,0.013088,0.921139
AGATACGACTTCATAT-1,0.000019,0.000019,0.057456,0.942505
AGATACTCAAGATCGA-1,0.000015,0.001524,0.160268,0.838193
AGATATAATACGACTA-1,0.000016,0.021261,0.300661,0.678061
AGATCGTGCATAAGAT-1,0.000137,0.282385,0.322579,0.394899
AGATCTCAGGTGTGAT-1,0.00005,0.032743,0.74198,0.225227
AGATCTGGAGAGGATA-1,0.183665,0.00001,0.000021,0.816303
AGATGACTCGCCCACG-1,0.000028,0.015427,0.178342,0.806203
AGATGATGGAGTCTGG-1,0.000073,0.205549,0.34394,0.450438
AGATGCAAGACGTGCA-1,0.234643,0.052789,0.377911,0.334658
AGATGCATCCTGTGTC-1,0.565429,0.270439,0.085491,0.078641
AGATGCTATAACGAGC-1,0.000017,0.000017,0.218473,0.781494
AGATTATAGGACGTTT-1,0.024528,0.005366,0.003188,0.966918
AGATTCACAACCGATA-1,0.914374,0.000032,0.085342,0.000253
AGCAAAGGCCGCTAGT-1,0.02597,0.006367,0.153601,0.814062
AGCAACATATCTTATT-1,0.002975,0.01038,0.234213,0.752433
AGCAACCGAAAGTAAT-1,0.668687,0.04828,0.086571,0.196463
AGCACACGTTTAGACT-1,0.070549,0.121314,0.000403,0.807734
AGCACCAGTACTCACG-1,0.113103,0.000042,0.483261,0.403593
AGCACTACCGGCCTGT-1,0.000023,0.033173,0.17119,0.795615
AGCACTACCTCACCAG-1,0.000022,0.000022,0.276913,0.723043
AGCACTTAAGGACGCC-1,0.109455,0.000015,0.086317,0.804214
AGCAGAAGGAGAAAGA-1,0.063823,0.000006,0.087359,0.848812
AGCAGCCAGATGAATA-1,0.009321,0.020496,0.508484,0.461699
AGCAGTCGAAGCATGC-1,0.000009,0.000009,0.0763,0.923683
AGCATATCAATATGCT-1,0.00004,0.122408,0.441813,0.435738
AGCATCATTTCGAAAG-1,0.102921,0.498649,0.003094,0.395336
AGCATCGTCGATAATT-1,0.000031,0.000031,0.48475,0.515189
AGCATTACGAGGCAAG-1,0.083203,0.243978,0.378097,0.294722
AGCCAAGCTTTGTGTC-1,0.000011,0.000011,0.130163,0.869815
AGCCACAGGTTACCCG-1,0.000029,0.000029,0.580077,0.419864
AGCCACTCCCGTGCTT-1,0.000027,0.000027,0.139292,0.860655
AGCCATATAGTATGTG-1,0.012872,0.002385,0.506748,0.477994
AGCCCATACATGTAAG-1,0.03869,0.069919,0.724868,0.166522
AGCCCGCAACAAGCAG-1,0.000008,0.01682,0.020008,0.963165
AGCCCGCACTACAATG-1,0.012535,0.095326,0.232143,0.659996
AGCCCGGCATTAGAGG-1,0.106784,0.00002,0.012271,0.880925
AGCCCGGTAGCCTGTA-1,0.08292,0.044737,0.056143,0.8162
AGCCCTAAGCGAAGTT-1,0.044897,0.000054,0.368684,0.586366
AGCCCTCCCTGGTGGC-1,0.152692,0.460007,0.300203,0.087098
AGCCCTGTCGCACCGT-1,0.000035,0.066277,0.472621,0.461068
AGCCCTTCTAATCCGA-1,0.000141,0.282506,0.240418,0.476935
AGCCCTTGGACATCCC-1,0.00009,0.000362,0.258764,0.740783
AGCCGCAAATTCAAAT-1,0.065368,0.029057,0.300864,0.604711
AGCCGCTTGATTAGCG-1,0.000008,0.000008,0.077292,0.922692
AGCCGTGGCTAAATGT-1,0.097893,0.074177,0.019227,0.808703
AGCCTAATACCCACGT-1,0.268858,0.168787,0.325149,0.237206
AGCCTTAAAGCGGAAG-1,0.029069,0.000792,0.054795,0.915344
AGCCTTGTCACTGATA-1,0.664581,0.334949,0.000094,0.000376
AGCGACAGGAACGGTC-1,0.000025,0.094489,0.383635,0.521851
AGCGACATCCCATTCA-1,0.000025,0.000025,0.008104,0.991847
AGCGACCAACGATATT-1,0.000007,0.000007,0.001032,0.998954
AGCGACTTTGAAGACA-1,0.014029,0.158378,0.240857,0.586736
AGCGAGACGTGAAGGC-1,0.317759,0.152716,0.29354,0.235984
AGCGATGCGCCTAATA-1,0.005847,0.126623,0.403308,0.464222
AGCGCATAATGAATCG-1,0.011519,0.000018,0.318789,0.669673
AGCGCGGGTGCCAATG-1,0.000057,0.469131,0.530361,0.000452
AGCGCTAGAGCGATGT-1,0.025762,0.04102,0.099653,0.833565
AGCGGACACTTCGTAG-1,0.000017,0.000017,0.291506,0.708459
AGCGGCGGTTAGCGGT-1,0.203662,0.503517,0.290119,0.002702
AGCGGGAAGGGTCCAT-1,0.005615,0.000056,0.713103,0.281226
AGCGGGTCTGACACTC-1,0.007751,0.004532,0.540106,0.447611
AGCGGTTGCCGCTCTG-1,0.00005,0.00246,0.653935,0.343556
AGCGTACGAGAGCTAG-1,0.016393,0.00003,0.213704,0.769873
AGCGTAGCGCTAGACC-1,0.000024,0.000024,0.117784,0.882169
AGCGTCTGAACCCGCA-1,0.000026,0.000026,0.139822,0.860125
AGCGTGGTATTCTACT-1,0.000012,0.000012,0.139058,0.860917
AGCTAACAAGCAATGT-1,0.116757,0.068232,0.719197,0.095813
AGCTAAGCTCCGTCCG-1,0.01699,0.005174,0.005178,0.972657
AGCTAAGTACGCAGGC-1,0.032471,0.040498,0.492265,0.434766
AGCTACGAATGGTGGT-1,0.000059,0.185292,0.265364,0.549285
AGCTAGAAGCAGAAGT-1,0.012002,0.069557,0.268259,0.650181
AGCTATTTAATCCAAC-1,0.000059,0.000059,0.152341,0.84754
AGCTCCATATATGTTC-1,0.000052,0.084139,0.262537,0.653272
AGCTCCTTCGCACATC-1,0.000035,0.36938,0.174494,0.45609
AGCTCGTTGATGGAAA-1,0.064386,0.000034,0.514664,0.420915
AGCTCTAGACGTTCCA-1,0.013531,0.066104,0.436033,0.484333
AGCTCTTCCCAGTGCA-1,0.000109,0.437517,0.561501,0.000873
AGCTCTTCGTAACCTT-1,0.000057,0.664918,0.195026,0.139999
AGCTCTTTACTCAGTT-1,0.103581,0.060853,0.652681,0.182885
AGCTGAAGTAAACCAA-1,0.000043,0.244537,0.651401,0.104018
AGCTGTAACCTCAATC-1,0.348913,0.011358,0.012474,0.627254
AGCTTATAGAGACCTG-1,0.000029,0.000029,0.078587,0.921356
AGCTTCTTCTCGAGCA-1,0.00004,0.751004,0.230774,0.018182
AGCTTGATCAGGGTAG-1,0.647688,0.351813,0.0001,0.0004
AGCTTGATCTTAACTT-1,0.000025,0.038783,0.150898,0.810293
AGGAAAGCCTCTGATG-1,0.000034,0.000034,0.495526,0.504406
AGGAACGAACGACTTC-1,0.00873,0.000098,0.39971,0.591462
AGGAAGCTGTCCGCCG-1,0.008828,0.001964,0.317361,0.671848
AGGACAGTCGAATCCC-1,0.000042,0.000917,0.753883,0.245158
AGGACATCGCACGTCG-1,0.000052,0.176425,0.663141,0.160382
AGGACATCGGCACACT-1,0.023615,0.048806,0.111615,0.815965
AGGACGACCCATTAGA-1,0.012041,0.032584,0.283825,0.67155
AGGACTTATAGGAGAA-1,0.063371,0.012453,0.385238,0.538938
AGGAGACATCCACAGT-1,0.000049,0.035929,0.844234,0.119788
AGGAGAGTCTGGCTAC-1,0.024482,0.000672,0.005865,0.96898
AGGAGCGTTTATTATC-1,0.0199,0.106318,0.198196,0.675586
AGGAGGCCTTCGCGCG-1,0.000045,0.389351,0.561405,0.049199
AGGATAAAGTCGGGAT-1,0.000013,0.000013,0.288907,0.711067
AGGATATAGGGATTTA-1,0.086648,0.192412,0.520993,0.199946
AGGATATCCGACTGCA-1,0.000012,0.024475,0.287678,0.687836
