Barcode,Topic 1,Topic 2to3,Topic 4to10
AAACAAGTATCTCCCA-1,0.293327,0.005452,0.701221
AAACAATCTACTAGCA-1,0.000039,0.455609,0.544352
AAACACCAATAACTGC-1,0.000015,0.008178,0.991806
AAACAGAGCGACTCCT-1,0.169231,0.696593,0.134176
AAACAGCTTTCAGAAG-1,0.024904,0.58871,0.386386
AAACAGGGTCTATATT-1,0.000021,0.08589,0.914089
AAACAGTGTTCCTGGG-1,0.038723,0.001141,0.960136
AAACATGGTGAGAGGA-1,0.08296,0.275346,0.641694
AAACATTTCCCGGATT-1,0.351163,0.000085,0.648752
AAACCACTACACAGAT-1,0.176136,0.373692,0.450172
AAACCCGAACGAAATC-1,0.118656,0.138763,0.74258
AAACCGGAAATGTTAA-1,0.130201,0.06758,0.802219
AAACCGGGTAGGTACC-1,0.023303,0.345524,0.631173
AAACCGTTCGTCCAGG-1,0.009172,0.000019,0.990808
AAACCTAAGCAGCCGG-1,0.522712,0.476971,0.000317
AAACCTCATGAAGTTG-1,0.000038,0.469056,0.530905
AAACGAAGAACATACC-1,0.007724,0.474223,0.518053
AAACGAAGATGGAGTA-1,0.013905,0.861423,0.124671
AAACGACAGTCTTGCC-1,0.283424,0.435897,0.280679
AAACGAGACGGTTGAT-1,0.00003,0.547831,0.452139
AAACGCCCGAGATCGG-1,0.095304,0.728273,0.176422
AAACGCTGGGCACGAC-1,0.136152,0.02121,0.842638
AAACGGGCGTACGGGT-1,0.808135,0.191423,0.000442
AAACGGTTGCGAACTG-1,0.150767,0.515491,0.333742
AAACGTGTTCGCCCTA-1,0.24294,0.292171,0.464889
AAACTAACGTGGCGAC-1,0.033851,0.180294,0.785855
AAACTCGGTTCGCAAT-1,0.375575,0.115262,0.509163
AAACTCGTGATATAAG-1,0.151229,0.582976,0.265795
AAACTGCTGGCTCCAA-1,0.082615,0.253731,0.663654
AAACTTAATTGCACGC-1,0.000023,0.151847,0.84813
AAACTTGCAAACGTAT-1,0.000011,0.000022,0.999967
AAAGAATGACCTTAGA-1,0.094092,0.905547,0.000362
AAAGAATGTGGACTAA-1,0.173639,0.163719,0.662642
AAAGACATGAAGTTTA-1,0.381845,0.044102,0.574053
AAAGACCCAAGTCGCG-1,0.001299,0.043743,0.954957
AAAGACTGGGCGCTTT-1,0.096906,0.879693,0.023401
AAAGCTTGCCTACATA-1,0.456447,0.335355,0.208198
AAAGGCCCTATAATAC-1,0.06901,0.656349,0.274641
AAAGGCTACGGACCAT-1,0.090572,0.390588,0.51884
AAAGGCTCTCGCGCCG-1,0.001248,0.041152,0.957599
AAAGGGATGTAGCAAG-1,0.040438,0.677162,0.2824
AAAGGGCAGCTTGAAT-1,0.000057,0.753046,0.246896
AAAGGTAAGCTGTACC-1,0.033655,0.505204,0.461141
AAAGGTCAACGACATG-1,0.143327,0.16361,0.693063
AAAGTAGCATTGCTCA-1,0.003109,0.036822,0.960069
AAAGTCACTGATGTAA-1,0.00005,0.599731,0.40022
AAAGTCGACCCTCAGT-1,0.083978,0.642504,0.273517
AAAGTGCCATCAATTA-1,0.127837,0.178483,0.69368
AAAGTGTGATTTATCT-1,0.093925,0.057681,0.848394
AAAGTTGACTCCCGTA-1,0.053568,0.685419,0.261013
AAATAACCATACGGGA-1,0.340835,0.347965,0.3112
AAATAAGGTAGTGCCC-1,0.181309,0.277668,0.541023
AAATACCTATAAGCAT-1,0.034911,0.266596,0.698493
AAATAGCTTAGACTTT-1,0.054534,0.144876,0.80059
AAATAGGGTGCTATTG-1,0.408156,0.591492,0.000353
AAATCACTCCTAAACG-1,0.225537,0.230874,0.543589
AAATCCGATACACGCC-1,0.792169,0.061645,0.146187
AAATCGCGGAAGGAGT-1,0.000066,0.872342,0.127592
AAATCGTGTACCACAA-1,0.00594,0.410847,0.583213
AAATCTAGCCCTGCTA-1,0.337343,0.049027,0.61363
AAATCTGCCCGCGTCC-1,0.275141,0.12036,0.604499
AAATGACTGATCAAAC-1,0.80633,0.000073,0.193597
AAATGATTCGATCAGC-1,0.260805,0.225014,0.51418
AAATGCTCGTTACGTT-1,0.00003,0.067615,0.932355
AAATGGCATGTCTTGT-1,0.009401,0.024863,0.965736
AAATGGCCCGTGCCCT-1,0.000039,0.19648,0.803481
AAATGGTCAATGTGCC-1,0.010448,0.239464,0.750088
AAATGTGGGTGCTCCT-1,0.008921,0.225016,0.766063
AAATTAACGGGTAGCT-1,0.000012,0.001379,0.998608
AAATTACACGACTCTG-1,0.000013,0.001635,0.998352
AAATTACCTATCGATG-1,0.057413,0.331526,0.611061
AAATTCCAGGTCCAAA-1,0.405046,0.351435,0.24352
AAATTGATAGTCCTTT-1,0.000026,0.177314,0.82266
AAATTGGTGAGAAGCA-1,0.028865,0.212163,0.758972
AAATTTACCGAAATCC-1,0.056098,0.198779,0.745123
AAATTTGCGGGTGTGG-1,0.000017,0.14421,0.855773
AACAACTGGTAGTTGC-1,0.000014,0.00965,0.990335
AACAATTACTCTACGC-1,0.000025,0.067448,0.932527
AACACACGCTCGCCGC-1,0.33437,0.277183,0.388447
AACACGACTGTACTGA-1,0.024646,0.091109,0.884245
AACACGAGACGCGGCC-1,0.100139,0.269415,0.630446
AACACGCGGCCGCGAA-1,0.000011,0.000022,0.999967
AACAGCTGTGTGGCAA-1,0.029993,0.218094,0.751913
AACAGGAAATCGAATA-1,0.2167,0.200791,0.582509
AACAGGATGGGCCGCG-1,0.011727,0.317759,0.670514
AACAGGTAGTATGGAT-1,0.182501,0.05986,0.757639
AACATAGCGTGTATCG-1,0.786634,0.014801,0.198565
AACATATCAACTGGTG-1,0.006553,0.447484,0.545962
AACATCGATACGTCTA-1,0.000038,0.778135,0.221827
AACATTGAAGTTGATC-1,0.036082,0.105099,0.858819
AACATTGTGACTCGAG-1,0.45044,0.088258,0.461302
AACCAAGACTTCTCTG-1,0.000035,0.206373,0.793592
AACCAGTATCACTCTT-1,0.000032,0.12921,0.870757
AACCATAGGGTTGAAC-1,0.052969,0.015147,0.931884
AACCATGGGATCGCTA-1,0.000045,0.15956,0.840395
AACCCAGAGACGGAGA-1,0.003781,0.212503,0.783716
AACCCATCCCATGATC-1,0.012969,0.108121,0.878909
AACCCGACAACCCGTG-1,0.000011,0.125657,0.874332
AACCCGAGCAGAATCG-1,0.076024,0.247578,0.676398
AACCCGATAGGGCTTC-1,0.028742,0.151614,0.819644
AACCCGCTGTATTCCA-1,0.157438,0.008047,0.834515
AACCCTACTGTCAATA-1,0.115189,0.371741,0.51307
AACCCTGGTGGAACCA-1,0.46935,0.000256,0.530394
AACCGAGCTTGGTCAT-1,0.000022,0.094082,0.905896
AACCGCTAAGGGATGC-1,0.057864,0.177178,0.764958
AACCGTTGTGTTTGCT-1,0.051098,0.132343,0.816559
AACCTAAAGCCGTCCG-1,0.163643,0.185263,0.651095
AACCTCGCTTTAGCCC-1,0.781554,0.208535,0.009912
AACCTGTCACGGAATT-1,0.063901,0.329165,0.606934
AACCTTTAAATACGGT-1,0.520436,0.319276,0.160287
AACCTTTACGACGTCT-1,0.14373,0.509073,0.347196
AACGAAAGTCGTCCCA-1,0.000015,0.00003,0.999956
AACGACCTCCTAGCCG-1,0.422599,0.000049,0.577352
AACGATAATGCCGTAG-1,0.276586,0.70975,0.013664
AACGATAGAAGGGCCG-1,0.000013,0.002009,0.997979
AACGATATGTCAACTG-1,0.000027,0.312979,0.686993
AACGCATGATCTGGGT-1,0.049866,0.313062,0.637072
AACGCGACCTTGGGCG-1,0.04653,0.949348,0.004122
AACGCGGTCTCCAGCC-1,0.000023,0.063507,0.93647
AACGCTGTTGCTGAAA-1,0.401917,0.039119,0.558964
AACGGACGTACGTATA-1,0.324181,0.06794,0.607879
AACGGCCATCTCCGGT-1,0.154911,0.70983,0.135258
AACGTACTGTGGGTAC-1,0.035029,0.049596,0.915374
AACGTAGTCTACCCAT-1,0.102995,0.443466,0.45354
AACGTCAGACTAGTGG-1,0.036511,0.186005,0.777484
AACGTCGCTGCACTTC-1,0.290586,0.012309,0.697106
AACGTGATGAAGGACA-1,0.066655,0.900768,0.032577
AACGTGCGAAAGTCTC-1,0.004215,0.2901,0.705684
AACGTTCTACCATTGT-1,0.000039,0.003391,0.99657
AACTACCCGTTTGTCA-1,0.322642,0.325341,0.352017
AACTAGCGTATCGCAC-1,0.016506,0.058026,0.925468
AACTAGGCTTGGGTGT-1,0.055762,0.082739,0.8615
AACTCAAGTTAATTGC-1,0.030563,0.644644,0.324793
AACTCCAGAGCGTGTT-1,0.467332,0.199288,0.33338
AACTCCTAATCCCATG-1,0.000043,0.71363,0.286327
AACTCGATGGCGCAGT-1,0.002643,0.346235,0.651122
AACTCTCAATAGAGCG-1,0.10793,0.241862,0.650208
AACTCTCAGTGTGCTC-1,0.170761,0.306079,0.52316
AACTGAGGTCAGCGTC-1,0.192395,0.332023,0.475582
AACTGAGTTATACTGA-1,0.141683,0.147412,0.710906
AACTGATATTAGGCCT-1,0.010225,0.441126,0.548649
AACTGGGTCCCGACGT-1,0.003628,0.021454,0.974918
AACTGGGTTCGAGCCG-1,0.194705,0.059961,0.745334
AACTGGTGTGGGCCTT-1,0.000021,0.000042,0.999938
AACTTCTGCGTCTATC-1,0.021515,0.291527,0.686958
AACTTGCCCGTATGCA-1,0.03179,0.273554,0.694655
AACTTGCGTTCTCGCG-1,0.013958,0.269948,0.716093
AACTTTAGCTGCTGAG-1,0.001071,0.179411,0.819518
AACTTTCTCGATCATG-1,0.461807,0.096416,0.441777
AAGAAAGTTTGATGGG-1,0.140295,0.021281,0.838424
AAGAAATCACCAGATT-1,0.480799,0.428931,0.090271
AAGAAGGATCAGTTAG-1,0.000018,0.144678,0.855305
AAGACATACGTGGTTT-1,0.07472,0.103384,0.821896
AAGACCAAATAACTCA-1,0.000025,0.312434,0.68754
AAGACCCAACTGAACA-1,0.124803,0.137992,0.737205
AAGACTCACGCCCACT-1,0.178903,0.111014,0.710083
AAGACTGCAAGCTACT-1,0.000027,0.324424,0.675549
AAGAGATGAATCGGTA-1,0.000584,0.597441,0.401976
AAGAGCTCTTTATCGG-1,0.007317,0.099524,0.893159
AAGAGGATGTACGCGA-1,0.000014,0.008005,0.991982
AAGAGGCATGGATCGC-1,0.009626,0.505029,0.485345
AAGAGGCCCTTTGGAA-1,0.288399,0.480987,0.230614
AAGATGGCACCGGACC-1,0.077019,0.200929,0.722052
AAGATTGGCGGAACGT-1,0.006777,0.087864,0.905359
AAGCACCCTGCGTATC-1,0.706697,0.286239,0.007064
AAGCATACTCTCCTGA-1,0.235628,0.512844,0.251528
AAGCCACTTGCAGGTA-1,0.109034,0.117795,0.773171
AAGCCGAAGCGGTTTA-1,0.001754,0.195419,0.802827
AAGCCGCCGTGAAATC-1,0.081127,0.51643,0.402444
AAGCCGCTTTACCTTG-1,0.488568,0.421304,0.090128
AAGCCGGAGAGCAGGA-1,0.307608,0.18819,0.504202
AAGCGCAGGGCTTTGA-1,0.339046,0.000131,0.660823
AAGCGGAGTGCGCGCA-1,0.071784,0.65325,0.274965
AAGCGGCGTCATGGGT-1,0.075649,0.64097,0.283381
AAGCGTCCCTCATCGA-1,0.000047,0.592537,0.407416
AAGCTAGATCGAGTAA-1,0.072577,0.682263,0.24516
AAGCTATGGATTGACC-1,0.149422,0.039984,0.810594
AAGCTCGTGCCAAGTC-1,0.00353,0.194725,0.801745
AAGCTCTTTCATGGTG-1,0.473522,0.417082,0.109396
AAGGAGAACTTATAAG-1,0.000017,0.002443,0.99754
AAGGAGCGGTTGGTGC-1,0.000026,0.05307,0.946905
AAGGATCGATCGCTTG-1,0.000027,0.123473,0.8765
AAGGATGAGGGACCTC-1,0.006834,0.147604,0.845563
AAGGCAGGCTGTCTCC-1,0.126903,0.084584,0.788513
AAGGCGCGTAAAGCTT-1,0.306229,0.316143,0.377628
AAGGCTGTGCTCATCG-1,0.000555,0.249164,0.750281
AAGGGAACGACTGGCT-1,0.000018,0.054355,0.945627
AAGGGACAGATTCTGT-1,0.015957,0.106539,0.877504
AAGGGACTATGCATTC-1,0.000013,0.04862,0.951367
AAGGGTTAGCCATGCG-1,0.449562,0.000134,0.550304
AAGGGTTTGATTTCAG-1,0.285589,0.713936,0.000474
AAGGTATCCTAATATA-1,0.093493,0.22807,0.678437
AAGGTGATAAACCAGC-1,0.143629,0.348586,0.507785
AAGTAGAAGACCGGGT-1,0.000046,0.518995,0.48096
AAGTAGTGACGCGAGG-1,0.066937,0.015169,0.917894
AAGTCAATTGTCGTCA-1,0.135973,0.659877,0.20415
AAGTCTAGTAGCTGCC-1,0.267385,0.33571,0.396906
AAGTCTTCTGTGGCCT-1,0.135115,0.429962,0.434923
AAGTGACGACCGAATT-1,0.000037,0.159174,0.84079
AAGTGAGTCGGGTTTA-1,0.000036,0.495099,0.504864
AAGTGCCTTGACTGTA-1,0.040962,0.276497,0.682542
AAGTGCGTTAGAATCT-1,0.031697,0.572289,0.396014
AAGTGCTTCTCTATTG-1,0.042836,0.270764,0.686401
AAGTGTTTGGAGACGG-1,0.639661,0.19359,0.166749
AAGTTCACTCCAAGCT-1,0.567165,0.088074,0.344762
AAGTTCAGTCTGCGTA-1,0.003187,0.325299,0.671513
AAGTTCGGCCAACAGG-1,0.021816,0.111607,0.866577
AAGTTGTGATGTTATA-1,0.536416,0.104107,0.359477
AAGTTTACTAATGGCA-1,0.000019,0.028048,0.971933
AAGTTTATGGGCCCAA-1,0.606754,0.392416,0.00083
AATAACAACGCTCGGC-1,0.000016,0.059989,0.939995
AATAACACTAGAACAA-1,0.09853,0.745118,0.156353
AATAACGTCGCGCCCA-1,0.19678,0.186248,0.616972
AATAAGTCCTCGAGAC-1,0.000043,0.464511,0.535447
AATAATCTTCGTATCG-1,0.24815,0.181318,0.570532
AATACAATGTTTCAGG-1,0.006282,0.14799,0.845728
AATACCGGAGGGCTGT-1,0.048671,0.35876,0.592569
AATACCTGATGTGAAC-1,0.358991,0.000036,0.640973
AATAGAACAGAGTGGC-1,0.000038,0.82828,0.171682
AATAGAATCTGTTTCA-1,0.356748,0.346602,0.296651
AATAGCAAGCCTCCTG-1,0.489362,0.344381,0.166257
AATAGCTACCGCGTGC-1,0.085217,0.058946,0.855837
AATAGTCCGTCCCGAC-1,0.001646,0.496989,0.501365
AATATCAAGGTCGGAT-1,0.00004,0.4228,0.57716
AATATCCTAGCAAACT-1,0.149719,0.849694,0.000586
AATATCGAATCAATGC-1,0.039885,0.47983,0.480285
AATATCGAGGGTTCTC-1,0.247924,0.057384,0.694692
AATATTGGAGTATTGA-1,0.000052,0.400461,0.599486
AATCAGGTTTCATTTA-1,0.058969,0.131038,0.809994
AATCATGTAAAGACTC-1,0.391424,0.444725,0.163851
AATCCAAGGGCCTGAG-1,0.07142,0.284053,0.644527
AATCCCGCTCAGAGCC-1,0.243132,0.46462,0.292247
AATCGAGGTCTCAAGG-1,0.99963,0.000082,0.000288
AATCGCCTCAGCGCCA-1,0.00892,0.295559,0.695521
AATCGCGCAGAGGACT-1,0.095952,0.078627,0.82542
AATCGGGACACTACGA-1,0.023759,0.0199,0.956341
AATCGGTATAGCCCTC-1,0.435035,0.025318,0.539647
AATCGTGAGCCGAGCA-1,0.602508,0.09356,0.303932
AATCTAGGTTTACTTG-1,0.000034,0.237521,0.762445
AATCTATGCCGGAGCC-1,0.01302,0.103293,0.883687
AATCTCTACTGTGGTT-1,0.264812,0.647865,0.087323
AATCTGCGTTGGGACG-1,0.004683,0.138018,0.857298
AATCTGGCTTTCTAGT-1,0.00006,0.59903,0.40091
AATCTGGGTAGACCCT-1,0.068502,0.273858,0.65764
AATGACAGCAATGTCT-1,0.009555,0.039375,0.95107
AATGACGTAGGATGTC-1,0.037667,0.336102,0.626231
AATGACTGTCAGCCGG-1,0.003308,0.420735,0.575957
AATGAGTTCGCATATG-1,0.012971,0.135826,0.851203
AATGATGATACGCTAT-1,0.0095,0.351628,0.638872
AATGATGCGACTCCTG-1,0.124644,0.003237,0.872119
AATGCAACCGGGTACC-1,0.029163,0.289634,0.681202
AATGCACCAAGCAATG-1,0.02166,0.13058,0.84776
AATGGCCGCCAATGCG-1,0.247813,0.069822,0.682365
AATGGTCCACCGTTCA-1,0.000036,0.231555,0.76841
AATGGTTCTCACAAGC-1,0.048511,0.565221,0.386268
AATGTATGGCACTGTA-1,0.001177,0.332511,0.666312
AATGTGCCCGAGGTGT-1,0.000566,0.111682,0.887752
AATGTGCTAATCTGAG-1,0.000046,0.887534,0.11242
AATGTTAAGACCCTGA-1,0.992561,0.000053,0.007386
AATGTTGTCGTGAGAC-1,0.393478,0.378749,0.227773
AATTAAAGGTCGGCGT-1,0.196056,0.554782,0.249162
AATTAACGGATTTCCA-1,0.334098,0.665468,0.000434
AATTACGAGACCCATC-1,0.00005,0.344385,0.655564
AATTAGCGCTGCAGCG-1,0.171576,0.046577,0.781848
AATTATACCCAGCAAG-1,0.984617,0.004433,0.01095
AATTCATAAGGGATCT-1,0.027266,0.077082,0.895652
AATTCATTGTCATGCA-1,0.100827,0.450812,0.44836
AATTCCAAGCATGTAC-1,0.09075,0.541861,0.367389
AATTCGATTCGAGGAT-1,0.388149,0.61048,0.00137
AATTCTAGAGTTAGGC-1,0.000309,0.938469,0.061222
AATTGAACGCTCTGGT-1,0.157571,0.670551,0.171878
AATTGCAGCAATCGAC-1,0.246531,0.140708,0.612762
AATTGCGTGGATTACA-1,0.020851,0.337211,0.641938
AATTGTGGTTGCCAAA-1,0.37409,0.270372,0.355538
AATTTGGGACATAGTA-1,0.067133,0.225747,0.70712
AATTTGGTTCCAAAGA-1,0.015819,0.154963,0.829218
ACAAACCATGCGTCCT-1,0.227945,0.418392,0.353663
ACAAACCGACAAGGCG-1,0.028818,0.250016,0.721165
ACAAACTCCATCAGAG-1,0.000016,0.024116,0.975868
ACAAAGAAGGTAGGCC-1,0.100152,0.899472,0.000377
ACAAAGCATGACCTAG-1,0.469745,0.188317,0.341938
ACAAATCGCACCGAAT-1,0.21583,0.031316,0.752854
ACAAATGGTAGTGTTT-1,0.04787,0.128688,0.823442
ACAAATTCAGATCTGA-1,0.371501,0.274336,0.354163
ACAACAGCATGAGCTA-1,0.000028,0.288922,0.71105
ACAACGGTCCCTGCGA-1,0.000046,0.498471,0.501483
ACAAGCAGTGCCTAGC-1,0.030674,0.315015,0.65431
ACAAGGAAATCCGCCC-1,0.214752,0.734092,0.051156
ACAAGGACAAGAGGTT-1,0.000024,0.195778,0.804199
ACAAGGATGCTTTAGG-1,0.29251,0.288011,0.419479
ACAAGGCCTACCAGCC-1,0.156819,0.133355,0.709827
ACAAGGGCAGGCTCTG-1,0.48311,0.229848,0.287042
ACAATAGTCGTACGTT-1,0.000036,0.018578,0.981386
ACAATCCATTTAAACC-1,0.000011,0.005847,0.994142
ACAATCGATCTTTATA-1,0.263629,0.319779,0.416592
ACAATGAATACGGAGA-1,0.05791,0.213648,0.728441
ACAATGATTCTTCTAC-1,0.104194,0.313113,0.582694
ACAATTGTGTCTCTTT-1,0.007993,0.212322,0.779685
ACAATTTGAGCAGTGG-1,0.104049,0.140783,0.755168
ACAATTTGGCCATATT-1,0.322302,0.108172,0.569525
ACACAAAGACGGGTGG-1,0.001713,0.189604,0.808683
ACACAAATATTCCTAG-1,0.085407,0.4909,0.423693
ACACACCAGGACCAGT-1,0.127882,0.158565,0.713554
ACACACTTTCTACACG-1,0.000062,0.676552,0.323385
ACACATGATCAAATCT-1,0.000022,0.070665,0.929313
ACACATTTCCGTAGAC-1,0.83009,0.003189,0.16672
ACACCACATAATTAGC-1,0.058715,0.344652,0.596633
ACACCCAGCATGCAGC-1,0.000035,0.277191,0.722774
ACACCCGAGAAATCCG-1,0.039034,0.210876,0.75009
ACACCCGTAAATCTGT-1,0.462237,0.196297,0.341465
ACACCGGTCTGACCGC-1,0.000014,0.007726,0.99226
ACACCTTAAGTAGGGC-1,0.009352,0.052407,0.938241
ACACCTTACTACTTGC-1,0.33259,0.143944,0.523467
ACACGAGACTCCTTCT-1,0.00003,0.577815,0.422155
ACACGGCACTATGCAT-1,0.137831,0.467754,0.394415
ACACGGGAACTTAGGG-1,0.000051,0.85427,0.145678
ACACGTAGGCCACAAG-1,0.139589,0.337096,0.523315
ACACTCCAATGTCACT-1,0.033673,0.785157,0.181169
ACACTGATCAAGGTGT-1,0.006157,0.21043,0.783413
ACACTGGGACAGTCGT-1,0.31115,0.016313,0.672536
ACAGAACTGAGAACAA-1,0.225653,0.493573,0.280774
ACAGATTAGGTTAGTG-1,0.000026,0.017253,0.98272
ACAGCATAGAGCCAGT-1,0.031549,0.061784,0.906667
ACAGCGACATTCTCAT-1,0.32644,0.008587,0.664972
ACAGCGCACCCGCAGC-1,0.051122,0.827708,0.12117
ACAGGCACGGATCCTT-1,0.768909,0.230814,0.000277
ACAGGCTTGCCCGACT-1,0.058958,0.28922,0.651822
ACAGGTGGAGGTGAGG-1,0.002101,0.278972,0.718927
ACAGTAATACAACTTG-1,0.000025,0.174692,0.825283
ACAGTATACCGTGGGA-1,0.285111,0.170778,0.544112
ACAGTGCAGCGCATTT-1,0.093275,0.283255,0.62347
ACATAAGTCGTGGTGA-1,0.000037,0.497395,0.502569
ACATAATAAGGCGGTG-1,0.028809,0.140356,0.830835
ACATACAATCAAGCGG-1,0.93111,0.002172,0.066718
ACATCAGCTGGGACGC-1,0.066734,0.905683,0.027583
ACATCCCGGCCATACG-1,0.068503,0.617018,0.314479
ACATCCTGGTAACTGT-1,0.04417,0.350267,0.605563
ACATCGATCGTTTACC-1,0.000048,0.924764,0.075188
ACATCGGTCAGCCGCG-1,0.009225,0.215436,0.775339
ACATCGTATGCAATGG-1,0.03213,0.743988,0.223882
ACATCGTTAACCTAGT-1,0.000031,0.169512,0.830456
ACATCTCAACGCGTAA-1,0.085752,0.133062,0.781185
ACATGCTTACGGCAGC-1,0.162062,0.016834,0.821104
ACATGGCGCCAAAGTA-1,0.031729,0.227549,0.740722
ACATTAGTTTATATCC-1,0.057466,0.233635,0.708899
ACATTCGCGCGGAATA-1,0.014534,0.006243,0.979223
ACATTTGAAACCTAAC-1,0.408905,0.000075,0.59102
ACCAAACACCCAGCGA-1,0.127765,0.098543,0.773692
ACCAAACTAGAAATCC-1,0.015754,0.288441,0.695805
ACCAACACCACACACT-1,0.05143,0.190534,0.758036
ACCAACCGCACTCCAC-1,0.73799,0.027273,0.234738
ACCAACGCTTATTTAT-1,0.053446,0.119127,0.827428
ACCAAGAACGCGTGTC-1,0.028957,0.322984,0.648059
ACCAAGTCATCGGCAG-1,0.180017,0.236007,0.583977
ACCAATATGCAAGTTA-1,0.282142,0.395915,0.321943
ACCACAACTCAGAACA-1,0.021712,0.313617,0.664672
ACCACAAGTTTCTATC-1,0.000051,0.508415,0.491533
ACCACACGGTTGATGG-1,0.847014,0.152551,0.000435
ACCACCAATGTAACAA-1,0.066944,0.041291,0.891765
ACCACCCTCTCTTCTA-1,0.059426,0.412175,0.528399
ACCACGTGCAGCTATA-1,0.759453,0.171895,0.068652
ACCAGACCATAACAAC-1,0.170089,0.731687,0.098223
ACCAGCCCGGTCTTTG-1,0.000019,0.000038,0.999943
ACCAGGAGTGTGATCT-1,0.017606,0.012751,0.969644
ACCAGTGCCCGGTCAA-1,0.079815,0.068356,0.851829
ACCAGTGCGGGAGACG-1,0.123181,0.168572,0.708246
ACCATATCCGCAATAA-1,0.200256,0.127186,0.672558
ACCATCCGCCAACTAG-1,0.000019,0.000038,0.999943
ACCATCGTATATGGTA-1,0.112954,0.372312,0.514734
ACCCAACGCCCGTGGC-1,0.000026,0.453087,0.546887
ACCCACCTACATGCTC-1,0.049506,0.416197,0.534297
ACCCATCTTGAGGGTA-1,0.000041,0.324776,0.675183
ACCCATTTGTCCCTCT-1,0.268662,0.517237,0.214101
ACCCGAGCGAAATTAC-1,0.004327,0.110157,0.885516
ACCCGATTGGTTCCGA-1,0.118016,0.250352,0.631632
ACCCGGAAACTCCCAG-1,0.440484,0.410176,0.149339
ACCCGGAGCACCACAA-1,0.00258,0.129046,0.868374
ACCCGGATGACGCATC-1,0.000022,0.129107,0.870872
ACCCGGTTACACTTCC-1,0.017963,0.606664,0.375373
ACCCGTAGCAGAGAAT-1,0.124981,0.339377,0.535642
ACCCGTAGTCTAGTTG-1,0.166486,0.112014,0.721499
ACCCGTGTCATCAGTA-1,0.013229,0.945331,0.04144
ACCCTATGCCATATCG-1,0.013459,0.055413,0.931128
ACCCTCCCGTCAGGGC-1,0.67549,0.10989,0.21462
ACCCTCCCTTGCTATT-1,0.167957,0.614081,0.217962
ACCCTGGTAACGCCCT-1,0.165043,0.345971,0.488986
ACCCTTCATCTGCGAA-1,0.000017,0.000033,0.99995
ACCCTTGCCTGGGTCG-1,0.007556,0.286884,0.70556
ACCCTTTAGTTCTCCA-1,0.023648,0.00712,0.969232
ACCGAAAGGGCCCTGC-1,0.002082,0.147326,0.850593
ACCGAAGAGTCTGGTT-1,0.000063,0.807083,0.192853
ACCGACACATCTCCCA-1,0.728966,0.270484,0.00055
ACCGACTGAGTCCCAC-1,0.003719,0.305045,0.691237
ACCGAGTCTCCTTATT-1,0.951056,0.000099,0.048845
ACCGATAGGCATAACC-1,0.391835,0.299151,0.309014
ACCGATATTTAATCAT-1,0.305301,0.20497,0.489729
ACCGATGGTAGCATCG-1,0.029798,0.104525,0.865677
ACCGCAATAACTGCCT-1,0.1886,0.085629,0.725771
ACCGCGGTGGAAGTCG-1,0.253662,0.639805,0.106533
ACCGCTAGTCATTGGT-1,0.297207,0.17704,0.525753
ACCGGGCCTTTGTTGA-1,0.211919,0.192051,0.59603
ACCGGTCAGGTACACC-1,0.000014,0.000028,0.999958
ACCGGTCTGAGTACGG-1,0.028732,0.163214,0.808054
ACCGTCCACTGGGCCC-1,0.033649,0.099578,0.866773
ACCGTTCCCGCTCTGA-1,0.040715,0.055788,0.903498
ACCTAAGTACCTTTCA-1,0.057077,0.764546,0.178377
ACCTAATCGACTTCCT-1,0.082795,0.852064,0.065141
ACCTACAGTATGTGGT-1,0.277244,0.081139,0.641617
ACCTACTATAAATCTA-1,0.209952,0.155804,0.634244
ACCTCAGCGAGGCGCA-1,0.804235,0.143279,0.052486
ACCTCCGCCCTCGCTG-1,0.148753,0.076029,0.775218
ACCTCCGTTATTCACC-1,0.238614,0.123296,0.63809
ACCTCGAACTTATGCT-1,0.000018,0.027919,0.972063
ACCTGCGTGTCATGTT-1,0.067784,0.568633,0.363583
ACCTTTCCTTTAGAAG-1,0.004733,0.597824,0.397444
ACGAAATGGGCGGCAC-1,0.000028,0.003219,0.996754
ACGACCCATGAGTTGC-1,0.156626,0.175346,0.668028
ACGACTCTAGGGCCGA-1,0.609489,0.00535,0.385161
ACGACTGGTCATACTC-1,0.059728,0.100716,0.839556
ACGAGAACCCATCACG-1,0.000776,0.716302,0.282922
ACGAGATATTTGCTTA-1,0.046315,0.512393,0.441293
ACGAGGATACCACTCT-1,0.000021,0.020475,0.979504
ACGAGGTTTACAACGT-1,0.000038,0.391872,0.60809
ACGAGTACGGATGCCC-1,0.04553,0.348931,0.605538
ACGATACATAGAACTA-1,0.000023,0.182522,0.817456
ACGATCATACATAGAG-1,0.000037,0.368588,0.631374
ACGATCATCTTGTAAA-1,0.095024,0.303548,0.601428
ACGATGCATATGTTAT-1,0.000039,0.496258,0.503702
ACGATGGATCCGATGC-1,0.000015,0.007666,0.992319
ACGCAAACTAATAGAT-1,0.003092,0.417462,0.579447
ACGCAATCACTACAGC-1,0.015792,0.661443,0.322765
ACGCATAAATGACATG-1,0.178397,0.390834,0.430769
ACGCATACGTTTACTA-1,0.34679,0.488422,0.164788
ACGCATTCGTGAGTAC-1,0.000018,0.006686,0.993296
ACGCCACTCGAAACAG-1,0.998758,0.000052,0.00119
ACGCCAGATGATTTCT-1,0.042481,0.296927,0.660591
ACGCCAGTGCGTTTGC-1,0.498494,0.010525,0.490982
ACGCCCAGCTGTCGAT-1,0.183539,0.136417,0.680044
ACGCCGCTAGACGACC-1,0.384493,0.00025,0.615257
ACGCGAAGTCAGACGA-1,0.000023,0.304905,0.695072
ACGCGCTACACAGGGT-1,0.083939,0.180338,0.735723
ACGCGGGCCAAGGACA-1,0.002191,0.383071,0.614738
ACGCTACTGAATGGGC-1,0.000891,0.000033,0.999076
ACGCTAGTATCAGTGC-1,0.087476,0.065578,0.846946
ACGCTAGTGATACACT-1,0.164729,0.111578,0.723693
ACGCTGTGAGGCGTAG-1,0.00053,0.132613,0.866857
ACGCTTAGTGTCTCTC-1,0.000015,0.000594,0.999391
ACGGAACACGAGTGCC-1,0.969676,0.000071,0.030253
ACGGAATTTAGCAAAT-1,0.00116,0.526447,0.472393
ACGGACGCAGCGACAA-1,0.000186,0.000019,0.999794
ACGGACTCTCAAAGCG-1,0.234167,0.210102,0.55573
ACGGAGCGCAAATTAC-1,0.004084,0.456737,0.539179
ACGGATGGTGCGGATA-1,0.191729,0.260054,0.548217
ACGGCACTTGCTTGGG-1,0.126848,0.45993,0.413222
ACGGCCAACATGGACT-1,0.039136,0.77142,0.189444
ACGGCGACGATGGGAA-1,0.139421,0.161529,0.699049
ACGGCTGGATGTAGAA-1,0.000018,0.008842,0.99114
ACGGGAGTGTCGGCCC-1,0.000017,0.003977,0.996006
ACGGGCGTATGCGACA-1,0.103348,0.34961,0.547042
ACGGGTTGTGACCTGT-1,0.085265,0.074801,0.839934
ACGGTACAGTTCAATG-1,0.246228,0.127782,0.625991
ACGGTCACCGAGAACA-1,0.127172,0.574427,0.298401
ACGTACAGATTTCTCT-1,0.0924,0.175318,0.732283
ACGTACTTTGGCACGG-1,0.000022,0.042778,0.9572
ACGTAGATTGCTGATG-1,0.000028,0.121589,0.878384
ACGTAGGAGAGTCGCT-1,0.614366,0.303011,0.082623
ACGTATTACTCCGATC-1,0.000039,0.596084,0.403877
ACGTCCTAAACGAGAT-1,0.086937,0.610468,0.302595
ACGTCGGGCAACTCGG-1,0.165343,0.830985,0.003672
ACGTCTCGTTCCGGGA-1,0.062711,0.881813,0.055476
ACGTGACAAAGTAAGT-1,0.223714,0.44584,0.330447
ACGTGCGCCTCGTGCA-1,0.000075,0.662721,0.337204
ACGTGGTCGAATGTGC-1,0.096973,0.425306,0.47772
ACGTTAATGTCGAAGA-1,0.10798,0.542177,0.349844
ACGTTAGATTTGCCCG-1,0.085017,0.315097,0.599885
ACGTTCACTATGCCGC-1,0.025128,0.044784,0.930088
ACGTTCCGCGCTCCGT-1,0.000013,0.000025,0.999962
ACGTTCGCAATCAATT-1,0.131898,0.278557,0.589545
ACGTTCGTTCAGGAAA-1,0.071098,0.313799,0.615103
ACGTTCTGTACAAGTC-1,0.699621,0.000062,0.300317
ACGTTGTCGTTGAAAG-1,0.18835,0.087749,0.723901
ACGTTTAGTTGTGATC-1,0.000046,0.234352,0.765601
ACGTTTCGGTGCACTT-1,0.154812,0.251943,0.593245
ACTAAGGACGCACACC-1,0.087951,0.042272,0.869777
ACTAATACGTCAGGCG-1,0.150549,0.720168,0.129283
ACTACAAAGAGAGGTG-1,0.037118,0.22201,0.740872
ACTACATCCCGACAAG-1,0.000047,0.675835,0.324118
ACTACCAGCTCTCTGG-1,0.000015,0.00003,0.999955
ACTACCATCCGAGGGC-1,0.03145,0.238936,0.729614
ACTACGCGTTAGAATT-1,0.08387,0.232313,0.683817
ACTAGTTGCGATCGTC-1,0.100294,0.743683,0.156023
ACTATATGCTGTGTTC-1,0.095634,0.37285,0.531517
ACTATCCAGGGCATGG-1,0.058203,0.022474,0.919323
ACTATCTGCCCGCGTA-1,0.254218,0.388727,0.357056
ACTATGTCCAGCTGCC-1,0.04257,0.211247,0.746184
ACTATTCGTCCGTGGT-1,0.000035,0.157043,0.842922
ACTATTTCCGGGCCCA-1,0.103578,0.506899,0.389523
ACTCAACGAATGTATT-1,0.099324,0.756547,0.144129
ACTCAAGTGCAAGGCT-1,0.161425,0.283158,0.555416
ACTCAATAAAGGCACG-1,0.000038,0.578783,0.421178
ACTCAGACCTGCTTCT-1,0.006279,0.003658,0.990063
ACTCATGGCAGCCTTC-1,0.076709,0.17103,0.752261
ACTCCAATATCATCAT-1,0.02177,0.16773,0.810499
ACTCCCATTCCTAAAG-1,0.000023,0.04664,0.953338
ACTCCCGAATTCGTTT-1,0.047117,0.337758,0.615125
ACTCCCGTAGACTAGG-1,0.042496,0.279441,0.678063
ACTCCCTAATGCTAAA-1,0.55285,0.314114,0.133037
ACTCCCTAGAATAGTA-1,0.35187,0.492038,0.156092
ACTCCGGCCGACCACT-1,0.98884,0.010965,0.000195
ACTCGCCGTTCGATAA-1,0.178259,0.667606,0.154135
ACTCGCGATCTGACGC-1,0.063676,0.628369,0.307955
ACTCGTAACCCGTCCT-1,0.000023,0.0323,0.967677
ACTCGTCAGTAATCCC-1,0.000026,0.287152,0.712822
ACTCTCTGACTTAGGT-1,0.071308,0.699054,0.229638
ACTCTCTTATACACGA-1,0.022582,0.503586,0.473833
ACTCTGACCTAATAGA-1,0.783449,0.213087,0.003464
ACTCTTCAGCTCCCGC-1,0.395898,0.403152,0.20095
ACTCTTGTATAGTAAC-1,0.036081,0.089111,0.874808
ACTGAAACGCCGTTAG-1,0.177234,0.337877,0.484888
ACTGAATGGCGAAAGT-1,0.129067,0.430286,0.440647
ACTGATTTAGTGATTC-1,0.144494,0.218219,0.637288
ACTGCCCGCCATTCTC-1,0.018644,0.10636,0.874996
ACTGCCGTCGTAACTC-1,0.037975,0.110524,0.851501
ACTGCGGACACACCGT-1,0.162083,0.408533,0.429384
ACTGCTCGGAAGGATG-1,0.00002,0.01747,0.98251
ACTGGCGAACCTGCGT-1,0.069945,0.347363,0.582692
ACTGGGATGCCAGTGC-1,0.210559,0.187617,0.601824
ACTGTACGATACACAT-1,0.080707,0.122704,0.796589
ACTGTAGCACTTTGGA-1,0.000032,0.209688,0.79028
ACTGTATACGCGAGCA-1,0.000031,0.03484,0.965129
ACTGTCCAGGATTATA-1,0.08897,0.06268,0.84835
ACTGTCTTCTTTAGAA-1,0.000043,0.574185,0.425772
ACTGTGCTAGTAGATC-1,0.000046,0.154233,0.845721
ACTGTTTAGTGTAGGC-1,0.000058,0.434661,0.565281
ACTTACCGGGCGCGCA-1,0.078874,0.235956,0.685171
ACTTACGCATCCACGC-1,0.634204,0.131993,0.233803
ACTTAGTACGACAAGA-1,0.000047,0.382721,0.617231
ACTTATACTTACCCGG-1,0.109317,0.145213,0.74547
ACTTATTAGGATCGGT-1,0.22438,0.485214,0.290406
ACTTATTTATGTGCCA-1,0.214222,0.042954,0.742825
ACTTCAGGCTGATCCC-1,0.071685,0.926919,0.001396
ACTTCCAGTGGAAGCT-1,0.137904,0.861597,0.000499
ACTTCCATGCGGGACA-1,0.786318,0.086824,0.126858
ACTTCCTGTCGTGCGA-1,0.124953,0.187592,0.687455
ACTTCGCCATACGCAC-1,0.007397,0.010414,0.982188
ACTTCGCTAGCGAGTG-1,0.039024,0.352893,0.608084
ACTTGACTCCCTCTTT-1,0.207456,0.105404,0.68714
ACTTGCCATATTGTAC-1,0.000049,0.307388,0.692563
ACTTGCTCTATCTACC-1,0.375773,0.468249,0.155978
ACTTGGGACCCGGTGG-1,0.055988,0.386384,0.557628
ACTTGGGCTTTCGCCA-1,0.687157,0.02671,0.286133
ACTTGTAGTCCCTTCA-1,0.000018,0.000428,0.999554
ACTTGTGGATGGAACG-1,0.158119,0.0927,0.749181
ACTTGTTACCGGATCA-1,0.105209,0.0076,0.887191
ACTTTACCCTCATGAA-1,0.133101,0.096076,0.770823
ACTTTATACACCACTT-1,0.201702,0.008337,0.789961
ACTTTCCTATAGCTTC-1,0.048321,0.452193,0.499486
ACTTTGACTGCATCCT-1,0.030384,0.017815,0.951801
ACTTTGGTCGTGCTCC-1,0.000057,0.783217,0.216726
ACTTTGTCGACGCACT-1,0.399574,0.291515,0.30891
AGAAATTATGACTCGC-1,0.480914,0.150663,0.368423
AGAACACGGCGATGGT-1,0.010111,0.001479,0.98841
AGAACCCAGCGTGACA-1,0.250298,0.448631,0.301071
AGAACCCTCAATTGGG-1,0.008798,0.201977,0.789225
AGAACGTGGTACATTC-1,0.001744,0.044084,0.954172
AGAACTGTACTTTGTA-1,0.999701,0.000066,0.000232
AGAAGAGCGCCGTTCC-1,0.000368,0.481938,0.517695
AGAAGGTACACTTCAC-1,0.000016,0.000032,0.999951
AGAAGGTTGCCGAATT-1,0.000026,0.16761,0.832363
AGAAGGTTGTAGGTCG-1,0.517039,0.045689,0.437273
AGAAGTGATTCGTGAT-1,0.004785,0.86153,0.133685
AGAATAAATCTTCAGG-1,0.175962,0.808599,0.015439
AGAATACAGGCTATCC-1,0.810559,0.072724,0.116717
AGAATGCGGGTTCGGA-1,0.050637,0.501942,0.447421
AGAATTATGGATTCGA-1,0.072798,0.371228,0.555974
AGAATTGTTTGACATA-1,0.026027,0.011516,0.962457
AGACAGGCATCTCAGC-1,0.291159,0.328563,0.380278
AGACATAGATCCTTCC-1,0.000057,0.431839,0.568104
AGACCAAACCACACCT-1,0.000023,0.039148,0.960829
AGACCATGGGATACAA-1,0.034231,0.248786,0.716983
AGACCCACCGCTGATC-1,0.062354,0.551236,0.38641
AGACCCGCCCTCCTCG-1,0.112533,0.240427,0.64704
AGACCGCTCCGCGGTT-1,0.19344,0.124602,0.681958
AGACCGGGAAACCCTG-1,0.000038,0.500246,0.499716
AGACGAAGTGCCGGTC-1,0.162172,0.108322,0.729506
AGACGACGATGCCGCT-1,0.014499,0.170264,0.815238
AGACGCCCACTTCGCC-1,0.351171,0.020039,0.62879
AGACGGGATTGGTATA-1,0.003437,0.644418,0.352146
AGACGGGCCGATTTAA-1,0.097912,0.467139,0.434949
AGACTAGCCTTCCAGA-1,0.000047,0.41621,0.583744
AGACTGTTACCGGGTC-1,0.091671,0.684589,0.223741
AGAGAAACACCAGAAA-1,0.07621,0.214671,0.70912
AGAGAACCGTCTAGGA-1,0.00002,0.119719,0.880261
AGAGAAGGAGTACAAT-1,0.02598,0.024084,0.949935
AGAGATCTCTAAAGCG-1,0.045541,0.362748,0.591711
AGAGCAGTTATGAGAC-1,0.00003,0.142832,0.857137
AGAGCCGCCGAGATTT-1,0.118229,0.422333,0.459438
AGAGCGCTTGTAACGG-1,0.215878,0.170697,0.613425
AGAGCGGGCTAATCAT-1,0.000013,0.000026,0.999961
AGAGCGTACAAGCTCG-1,0.000064,0.589735,0.410202
AGAGGCTTCGGAAACC-1,0.112758,0.634381,0.252861
AGAGGGACAATTGTCC-1,0.115634,0.175191,0.709175
AGAGGTATCTCGGTCC-1,0.000027,0.013915,0.986058
AGAGTAAACTTCACTA-1,0.084263,0.182071,0.733666
AGAGTATAGTGTTACG-1,0.353296,0.358596,0.288108
AGAGTCTTAATGAAAG-1,0.306592,0.126713,0.566695
AGAGTGAACAGACACC-1,0.07359,0.002886,0.923524
AGAGTTAGAGACCGAT-1,0.413094,0.310034,0.276871
AGAGTTGCAGGCCTCC-1,0.12101,0.230002,0.648988
AGATAACTTCAGGGCC-1,0.000015,0.021508,0.978477
AGATACCAATAGAACC-1,0.03253,0.051406,0.916063
AGATACCAGCACTTCA-1,0.106875,0.225443,0.667682
AGATACCGGTGTTCAC-1,0.000047,0.674731,0.325223
AGATACGACTTCATAT-1,0.002037,0.162339,0.835624
AGATACTCAAGATCGA-1,0.091071,0.059133,0.849796
AGATATAATACGACTA-1,0.205037,0.527526,0.267436
AGATCGTGCATAAGAT-1,0.004415,0.33404,0.661545
AGATCTCAGGTGTGAT-1,0.000042,0.308574,0.691384
AGATCTGGAGAGGATA-1,0.000011,0.000023,0.999966
AGATGACTCGCCCACG-1,0.00004,0.213731,0.786229
AGATGAGGGTTGCGAT-1,0.000041,0.695294,0.304665
AGATGATGGAGTCTGG-1,0.000031,0.463137,0.536832
AGATGCAAGACGTGCA-1,0.006621,0.207379,0.786
AGATGCATCCTGTGTC-1,0.044971,0.7031,0.25193
AGATTATAGGACGTTT-1,0.000023,0.138447,0.86153
AGATTCAAGCGGGTCG-1,0.072474,0.281753,0.645774
AGATTCACAACCGATA-1,0.000012,0.00056,0.999428
AGCAAAGGCCGCTAGT-1,0.284823,0.714588,0.000589
AGCAACATATCTTATT-1,0.048403,0.501607,0.44999
AGCAACCGAAAGTAAT-1,0.002374,0.20863,0.788996
AGCACACGTTTAGACT-1,0.172565,0.549775,0.27766
AGCACCAGTACTCACG-1,0.126867,0.224944,0.648189
AGCACTACCGGCCTGT-1,0.076261,0.330018,0.593721
AGCACTACCTCACCAG-1,0.242965,0.672659,0.084376
AGCACTTAAGGACGCC-1,0.000037,0.286098,0.713865
AGCAGAAGGAGAAAGA-1,0.349964,0.515132,0.134904
AGCAGCCAGATGAATA-1,0.102355,0.066397,0.831248
AGCAGTCGAAGCATGC-1,0.45028,0.000051,0.549669
AGCATATCAATATGCT-1,0.134565,0.391646,0.473788
AGCATCATTTCGAAAG-1,0.007468,0.019047,0.973485
AGCATCGTCGATAATT-1,0.000018,0.002568,0.997414
AGCATTACGAGGCAAG-1,0.521448,0.100075,0.378478
AGCCAAGCTTTGTGTC-1,0.045761,0.925021,0.029218
AGCCACAGGTTACCCG-1,0.568542,0.369464,0.061993
AGCCACTCCCGTGCTT-1,0.000027,0.124628,0.875345
AGCCATATAGTATGTG-1,0.259778,0.214587,0.525635
AGCCCATACATGTAAG-1,0.000051,0.422513,0.577436
AGCCCGCAACAAGCAG-1,0.317285,0.264647,0.418068
AGCCCGCACTACAATG-1,0.270985,0.119763,0.609252
AGCCCGGCATTAGAGG-1,0.000009,0.001044,0.998948
AGCCCGGTAGCCTGTA-1,0.030681,0.906532,0.062787
AGCCCTAAGCGAAGTT-1,0.018573,0.105794,0.875633
AGCCCTCCCTGGTGGC-1,0.050149,0.11141,0.838441
AGCCCTGTCGCACCGT-1,0.097177,0.15418,0.748644
AGCCCTTCTAATCCGA-1,0.042666,0.166096,0.791238
AGCCCTTGGACATCCC-1,0.064732,0.013562,0.921707
AGCCGTGGCTAAATGT-1,0.005662,0.449099,0.545239
AGCCTAATACCCACGT-1,0.001726,0.070006,0.928268
AGCCTTAAAGCGGAAG-1,0.027695,0.971789,0.000516
AGCCTTGTCACTGATA-1,0.026483,0.035627,0.93789
AGCGACAGGAACGGTC-1,0.018345,0.232498,0.749157
AGCGACATCCCATTCA-1,0.028323,0.085513,0.886164
AGCGACCAACGATATT-1,0.048348,0.16824,0.783412
AGCGATGCGCCTAATA-1,0.315174,0.064063,0.620763
AGCGCATAATGAATCG-1,0.060346,0.486584,0.453071
AGCGCGGGTGCCAATG-1,0.000028,0.356757,0.643215
AGCGCTAGAGCGATGT-1,0.059493,0.440438,0.500069
AGCGCTTATGGGCAAG-1,0.029965,0.266693,0.703342
AGCGGACACTTCGTAG-1,0.416484,0.580067,0.003449
AGCGGCGGTTAGCGGT-1,0.000017,0.006638,0.993345
AGCGGGAAGGGTCCAT-1,0.000034,0.299682,0.700284
AGCGGGTCTGACACTC-1,0.572328,0.041519,0.386153
AGCGGTTGAGATGTAC-1,0.069731,0.15279,0.777479
AGCGGTTGCCGCTCTG-1,0.095833,0.250177,0.65399
AGCGTCTGAACCCGCA-1,0.000019,0.009432,0.990548
AGCGTGGTATTCTACT-1,0.200025,0.492349,0.307626
AGCGTTCCGATTTAAA-1,0.023722,0.257551,0.718727
AGCTAACAAGCAATGT-1,0.000011,0.025913,0.974076
AGCTAAGCTCCGTCCG-1,0.156922,0.208338,0.63474
AGCTAAGTACGCAGGC-1,0.786114,0.213597,0.000289
AGCTACGAATGGTGGT-1,0.453935,0.347794,0.198271
AGCTAGAAGCAGAAGT-1,0.021541,0.229778,0.748682
AGCTATTTAATCCAAC-1,0.050574,0.516422,0.433004
AGCTCCATATATGTTC-1,0.306215,0.26771,0.426075
AGCTCCTTCGCACATC-1,0.545697,0.429117,0.025185
AGCTCGTTGATGGAAA-1,0.230242,0.536755,0.233002
AGCTCTAGACGTTCCA-1,0.188392,0.508059,0.30355
AGCTCTTCCCAGTGCA-1,0.140542,0.649635,0.209823
AGCTCTTCGTAACCTT-1,0.000022,0.107824,0.892153
AGCTCTTTACTCAGTT-1,0.159724,0.150971,0.689305
AGCTGAAGTAAACCAA-1,0.000027,0.371182,0.628792
AGCTGCATTTGAGGTG-1,0.120208,0.468162,0.411629
AGCTGCTGTGCCGAAT-1,0.242525,0.371772,0.385703
AGCTGTAACCTCAATC-1,0.043768,0.222898,0.733335
AGCTTATAGAGACCTG-1,0.022521,0.620843,0.356636
AGCTTCAATACTTTGA-1,0.002072,0.176354,0.821574
AGCTTCTTCTCGAGCA-1,0.637322,0.018344,0.344334
AGCTTGATCAGGGTAG-1,0.232093,0.028981,0.738926
AGCTTGATCTTAACTT-1,0.000018,0.000035,0.999947
AGGAACGAACGACTTC-1,0.449021,0.201183,0.349796
AGGAAGCTGTCCGCCG-1,0.2663,0.039102,0.694598
AGGACAGTCGAATCCC-1,0.252475,0.283332,0.464193
AGGACATCGCACGTCG-1,0.001707,0.472231,0.526062
AGGACATCGGCACACT-1,0.394188,0.131898,0.473914
AGGACGACCCATTAGA-1,0.000022,0.091664,0.908315
AGGACGCTCGATGTTG-1,0.063263,0.133042,0.803695
AGGAGACATCCACAGT-1,0.178551,0.173693,0.647757
AGGAGAGTCTGGCTAC-1,0.073658,0.012855,0.913487
AGGAGCGTTTATTATC-1,0.252006,0.34323,0.404763
AGGAGGCCTTCGCGCG-1,0.106772,0.039421,0.853806
AGGATAAAGTCGGGAT-1,0.192287,0.721151,0.086562
AGGATATAGGGATTTA-1,0.323012,0.445084,0.231904
AGGATATCCGACTGCA-1,0.612925,0.327613,0.059462
AGGATCACGCGATCTG-1,0.000038,0.266553,0.733409
AGGATTGCTTACGACA-1,0.070857,0.269168,0.659975
AGGCACGTGACTGTCC-1,0.44965,0.245739,0.304611
AGGCAGATGCGTAAAC-1,0.001177,0.535702,0.463121
AGGCAGGGAGCGTACT-1,0.013141,0.500776,0.486084
AGGCATTGTCGTAGGG-1,0.046911,0.211707,0.741381
AGGCCACATTGGTTAC-1,0.206575,0.427322,0.366103
AGGCCACCCGTTATGA-1,0.030761,0.550469,0.41877
AGGCCCATTGTACAGG-1,0.000013,0.001512,0.998475
AGGCCCTAGAACGCCA-1,0.026908,0.009288,0.963803
AGGCCTATCATACCAA-1,0.079881,0.825695,0.094423
AGGCCTGAGAATCTCG-1,0.46374,0.308923,0.227337
AGGCGATAACTGGCGT-1,0.469499,0.105572,0.424929
AGGCGGTTTGTCCCGC-1,0.000014,0.003092,0.996895
AGGCGTCTATGGACGG-1,0.101669,0.862244,0.036088
AGGCTATGGTTAGCTT-1,0.000039,0.042015,0.957946
AGGCTTCCCGAAGAAG-1,0.065695,0.792035,0.14227
AGGCTTGCTAGACACC-1,0.000033,0.116728,0.883239
AGGGAAACGAGGTACT-1,0.192294,0.480201,0.327505
AGGGACAGCACGGCGG-1,0.000048,0.514929,0.485023
AGGGACCGGCTGCGTT-1,0.044586,0.28077,0.674644
AGGGACTCTACGCGAC-1,0.058415,0.832013,0.109571
AGGGAGACATACTTCG-1,0.000026,0.28504,0.714934
AGGGCAGCGGCGTGGT-1,0.317994,0.360423,0.321583
AGGGCCCTAATGTTCT-1,0.355946,0.056439,0.587614
AGGGCGAGCAGCTGAT-1,0.000019,0.000038,0.999943
AGGGCGTGATCGGCTA-1,0.000055,0.51839,0.481555
AGGGCTGCAGTTACAG-1,0.14265,0.178125,0.679226
AGGGTCAGAGCACTCG-1,0.070867,0.395917,0.533217
AGGGTCAGTAACCCTA-1,0.043734,0.748696,0.20757
AGGGTCGATGCGAACT-1,0.003455,0.948796,0.047749
AGGGTCTGGACGCAGT-1,0.365264,0.044765,0.58997
AGGGTGCCGTTCTTTA-1,0.068501,0.33831,0.593188
AGGGTGCTCTCGAGGG-1,0.089493,0.172952,0.737555
AGGGTGGATAGTGCAT-1,0.286925,0.640672,0.072402
AGGGTGTGCTACACGC-1,0.089317,0.402489,0.508194
AGGGTTCAGACGGTCC-1,0.005726,0.398686,0.595588
AGGGTTCCCTTTGGTT-1,0.000035,0.416159,0.583806
AGGGTTTAGTTCGGGA-1,0.003911,0.267124,0.728966
AGGTAACCTCCTATTC-1,0.106572,0.802277,0.09115
AGGTACGATATTGCCA-1,0.00359,0.100282,0.896128
AGGTAGATCGAGATAT-1,0.060017,0.224802,0.715181
AGGTAGGTACAAAGCT-1,0.000022,0.056323,0.943656
AGGTATAATTGATAGT-1,0.008626,0.210381,0.780993
AGGTATGCGGACATTA-1,0.150323,0.548846,0.300831
AGGTCAGGTGAGAGTG-1,0.000053,0.671573,0.328374
AGGTCGCCTCCCAACA-1,0.721108,0.077038,0.201854
AGGTCGCGGAGTTACT-1,0.042775,0.194301,0.762925
AGGTGCACGTCCACAT-1,0.828215,0.071366,0.100419
AGGTGGTGACCTTCGC-1,0.11643,0.501357,0.382213
AGGTGTATCGCCATGA-1,0.000027,0.004468,0.995505
AGGTGTTGCCGACCAC-1,0.104295,0.544462,0.351243
AGGTTACACCATGCCG-1,0.195981,0.175697,0.628322
AGGTTCTCCTTTCCGG-1,0.000021,0.000339,0.99964
AGGTTGAGGCACGCTT-1,0.062068,0.185168,0.752764
AGGTTTCACACACCTT-1,0.055879,0.500585,0.443536
AGTAACGTTCATCCTG-1,0.025151,0.260007,0.714842
AGTAACTATAGCAGCC-1,0.609816,0.321785,0.0684
AGTAAGGGACAGAATC-1,0.323404,0.429863,0.246732
AGTAATCTAAGGGTGG-1,0.999631,0.000082,0.000287
AGTAATGTCTTGCCGC-1,0.00068,0.013207,0.986113
AGTAATTTGCAAGCGT-1,0.000022,0.126066,0.873912
AGTACAGAAGCTTATA-1,0.655183,0.344059,0.000759
AGTACATCATTTATCA-1,0.039852,0.692349,0.2678
AGTACCTTCGAGTGCT-1,0.074939,0.381186,0.543875
AGTACGGCCCGTATCG-1,0.092921,0.888623,0.018456
AGTACGGGCACCTGGC-1,0.000028,0.155957,0.844015
AGTACGTGGCCTGTCT-1,0.000024,0.014335,0.985641
AGTACTCTTATGCCCA-1,0.210254,0.488708,0.301039
AGTAGAAGGCGCCTCA-1,0.490548,0.090035,0.419417
AGTAGCGTGAACGAAC-1,0.157272,0.296238,0.54649
AGTAGCTAGACGCCGA-1,0.110627,0.151895,0.737478
AGTAGGAAGGAAGTTG-1,0.000035,0.30669,0.693275
AGTAGGTAACATACAT-1,0.000037,0.332092,0.667871
AGTATAATACTAGGCA-1,0.327873,0.578582,0.093545
AGTATACACAGCGACA-1,0.094348,0.083234,0.822418
AGTATGCTGGAGACCA-1,0.000267,0.13471,0.865023
AGTATTTGGCACGACC-1,0.202714,0.201667,0.595618
AGTCAACACCACCATC-1,0.024963,0.88437,0.090668
AGTCAAGATGACACTT-1,0.182719,0.574949,0.242333
AGTCACTAGCTCTCGA-1,0.080492,0.053802,0.865706
AGTCAGCCACCGCCTG-1,0.000051,0.173383,0.826567
AGTCCATTGGCTGATG-1,0.014437,0.302946,0.682618
AGTCCCGCCTTTAATT-1,0.012391,0.512723,0.474885
AGTCCCTCGCAGAAAG-1,0.392672,0.035251,0.572077
AGTCGAAACGATTCAG-1,0.384085,0.391964,0.223951
AGTCGAATTAGCGTAA-1,0.291918,0.00112,0.706962
AGTCGACGGTCTCAAG-1,0.003643,0.346791,0.649566
AGTCGGCCCAAACGAC-1,0.106425,0.254767,0.638807
AGTCGGCTCAACTTTA-1,0.029534,0.244792,0.725675
AGTCGGTTGCGTGAGA-1,0.135942,0.241399,0.622659
AGTCGTATAAAGCAGA-1,0.287204,0.039051,0.673745
AGTCGTCGACCACCAA-1,0.40121,0.002371,0.59642
AGTCGTGGGCATTACG-1,0.059944,0.447941,0.492114
AGTCTAAAGTATACTC-1,0.016367,0.228727,0.754906
AGTCTCACAAGACTAC-1,0.035413,0.491382,0.473204
AGTCTGGACATCCTTG-1,0.058766,0.506677,0.434557
AGTCTTCTCCTCAAAT-1,0.019416,0.109724,0.87086
AGTCTTTAAAGTGTCC-1,0.865653,0.000227,0.13412
AGTGAACAAACTTCTC-1,0.142215,0.136585,0.7212
AGTGAAGATGGTGTCC-1,0.304725,0.557957,0.137317
AGTGACCTACTTTACG-1,0.000023,0.089294,0.910683
AGTGACTGTGACACAA-1,0.076834,0.496316,0.42685
AGTGAGACTTCCAGTA-1,0.000047,0.898583,0.101371
AGTGAGCCTCGCCGCC-1,0.001265,0.394208,0.604527
AGTGAGGGTTTCTGAC-1,0.104262,0.375875,0.519863
AGTGAGTCGAATTAAC-1,0.119,0.262541,0.618459
AGTGATAACCTGCGCG-1,0.33738,0.003767,0.658853
AGTGATATGAGTAGTT-1,0.04605,0.686579,0.267371
AGTGATTCAAGCAGGA-1,0.045241,0.782502,0.172257
AGTGCACGCTTAAGAA-1,0.142692,0.331712,0.525596
AGTGCGTAGCTCGTAA-1,0.000052,0.898382,0.101565
AGTGCTAAACACAGCA-1,0.229145,0.286099,0.484756
AGTGCTTGCACGAATA-1,0.399671,0.141338,0.458991
AGTGGCCCGCAAATGG-1,0.999725,0.000061,0.000214
AGTGGCGGCAATTTGA-1,0.002439,0.193114,0.804447
AGTGGCGTCTGAAGGT-1,0.261243,0.193333,0.545424
AGTGGCTCCGTCGGCC-1,0.002817,0.002242,0.994941
AGTGGTGTTACCCGTG-1,0.000045,0.341863,0.658092
AGTGGTTGCGTATAGG-1,0.172295,0.815827,0.011878
AGTGTATTGCGCATTG-1,0.09389,0.541581,0.364529
AGTGTGGTCTATTGTG-1,0.000052,0.207917,0.792031
AGTTAAACACTTGCGA-1,0.008952,0.975452,0.015596
AGTTAAGCGGTCCCGG-1,0.047307,0.728891,0.223802
AGTTAAGTCAACCGCT-1,0.000043,0.436524,0.563434
AGTTACCGCACATGGT-1,0.165885,0.810974,0.023141
AGTTACTCTATCGTGG-1,0.000067,0.673744,0.326189
AGTTATTCAGACTGTG-1,0.304162,0.191215,0.504623
AGTTATTGAAAGGTAA-1,0.066787,0.568696,0.364517
AGTTCCTACAGAATTA-1,0.000016,0.000632,0.999352
AGTTCCTATTTATGTT-1,0.030462,0.969116,0.000422
AGTTGACATCGGCTGG-1,0.000028,0.000056,0.999917
AGTTGACGGTCCTTGC-1,0.23464,0.541302,0.224058
AGTTGCGGTCCTCAAC-1,0.005043,0.021721,0.973236
AGTTGCTGACTGATAT-1,0.000075,0.916715,0.08321
AGTTGGCAAGGCTAGA-1,0.33174,0.035905,0.632355
AGTTTATGTAAAGACA-1,0.090467,0.074789,0.834744
AGTTTCGCAGGTCGGA-1,0.014496,0.125613,0.859891
AGTTTGCACCTGCCTC-1,0.418999,0.572752,0.008249
AGTTTGGCACGGGTTG-1,0.321441,0.204251,0.474308
AGTTTGGCCAGACCTA-1,0.057031,0.601184,0.341786
ATAAACCATTGGACGG-1,0.000031,0.157418,0.842551
ATAAACGGACCCGTAA-1,0.00183,0.000023,0.998146
