Barcode,Topic 1,Topic 2to5,Topic 6to10
AAACAACGAATAGTTC-1,0.112375,0.385466,0.502159
AAACAAGTATCTCCCA-1,0.332397,0.16959,0.498014
AAACAATCTACTAGCA-1,0.000038,0.115466,0.884495
AAACACCAATAACTGC-1,0.000015,0.15466,0.845325
AAACAGAGCGACTCCT-1,0.168568,0.053246,0.778186
AAACAGCTTTCAGAAG-1,0.000966,0.072071,0.926963
AAACAGGGTCTATATT-1,0.000021,0.245752,0.754227
AAACAGTGTTCCTGGG-1,0.000016,0.573269,0.426714
AAACATGGTGAGAGGA-1,0.000239,0.196542,0.803219
AAACATTTCCCGGATT-1,0.267576,0.347945,0.384479
AAACCACTACACAGAT-1,0.068769,0.44958,0.481651
AAACCCGAACGAAATC-1,0.036582,0.749916,0.213502
AAACCGGAAATGTTAA-1,0.079123,0.538327,0.38255
AAACCGGGTAGGTACC-1,0.099469,0.049587,0.850944
AAACCGTTCGTCCAGG-1,0.007724,0.109839,0.882437
AAACCTAAGCAGCCGG-1,0.456055,0.000179,0.543766
AAACCTCATGAAGTTG-1,0.000038,0.10154,0.898422
AAACGAAGAACATACC-1,0.000037,0.085968,0.913995
AAACGAAGATGGAGTA-1,0.000057,0.001599,0.998344
AAACGACAGTCTTGCC-1,0.056764,0.568679,0.374557
AAACGAGACGGTTGAT-1,0.045575,0.071014,0.883411
AAACGCCCGAGATCGG-1,0.013075,0.398128,0.588797
AAACGCTGGGCACGAC-1,0.034139,0.878241,0.087619
AAACGGGCGTACGGGT-1,0.795904,0.000251,0.203845
AAACGGGTTGGTATCC-1,0.089879,0.122938,0.787183
AAACGGTTGCGAACTG-1,0.116356,0.159489,0.724155
AAACGTGTTCGCCCTA-1,0.068321,0.537108,0.39457
AAACTAACGTGGCGAC-1,0.000796,0.550176,0.449028
AAACTCGGTTCGCAAT-1,0.294694,0.054892,0.650414
AAACTCGTGATATAAG-1,0.107135,0.40046,0.492405
AAACTGCTGGCTCCAA-1,0.083652,0.141791,0.774557
AAACTTAATTGCACGC-1,0.000023,0.197564,0.802412
AAACTTGCAAACGTAT-1,0.000011,0.259807,0.740182
AAAGAATGACCTTAGA-1,0.01277,0.018999,0.968231
AAAGAATGTGGACTAA-1,0.066147,0.854396,0.079458
AAAGACATGAAGTTTA-1,0.266198,0.470465,0.263336
AAAGACCCAAGTCGCG-1,0.000021,0.149393,0.850585
AAAGACTGGGCGCTTT-1,0.000038,0.028461,0.971501
AAAGCTTGCCTACATA-1,0.46052,0.224506,0.314974
AAAGGCCCTATAATAC-1,0.003579,0.29603,0.700391
AAAGGCTACGGACCAT-1,0.177238,0.120443,0.702319
AAAGGCTCTCGCGCCG-1,0.000014,0.204256,0.79573
AAAGGGATGTAGCAAG-1,0.080849,0.105764,0.813387
AAAGGGCAGCTTGAAT-1,0.000057,0.014942,0.985002
AAAGGTAAGCTGTACC-1,0.058909,0.199628,0.741463
AAAGGTCAACGACATG-1,0.082566,0.612032,0.305402
AAAGTAGCATTGCTCA-1,0.002544,0.169156,0.8283
AAAGTCACTGATGTAA-1,0.000049,0.035596,0.964355
AAAGTCGACCCTCAGT-1,0.000029,0.141604,0.858367
AAAGTGCCATCAATTA-1,0.027937,0.562896,0.409167
AAAGTGTGATTTATCT-1,0.025633,0.160204,0.814163
AAAGTTGACTCCCGTA-1,0.064125,0.129484,0.806391
AAATAACCATACGGGA-1,0.21068,0.071172,0.718149
AAATAAGGTAGTGCCC-1,0.04312,0.615744,0.341136
AAATACCTATAAGCAT-1,0.017333,0.170728,0.811939
AAATAGCTTAGACTTT-1,0.008292,0.387462,0.604246
AAATAGGGTGCTATTG-1,0.425009,0.000199,0.574792
AAATCACTCCTAAACG-1,0.049894,0.703445,0.246661
AAATCCGATACACGCC-1,0.690664,0.170732,0.138603
AAATCGCGGAAGGAGT-1,0.000065,0.000857,0.999078
AAATCGTGTACCACAA-1,0.023803,0.067469,0.908728
AAATCTAGCCCTGCTA-1,0.257228,0.250279,0.492493
AAATCTGCCCGCGTCC-1,0.00034,0.853901,0.14576
AAATGACTGATCAAAC-1,0.560665,0.439155,0.00018
AAATGATTCGATCAGC-1,0.187891,0.301446,0.510663
AAATGCTCGTTACGTT-1,0.00003,0.077891,0.922079
AAATGGCATGTCTTGT-1,0.026663,0.110266,0.863071
AAATGGCCCGTGCCCT-1,0.000039,0.167245,0.832716
AAATGGTCAATGTGCC-1,0.009317,0.115506,0.875177
AAATGTATCTTATCCC-1,0.00009,0.188222,0.811688
AAATGTGGGTGCTCCT-1,0.000032,0.315443,0.684525
AAATTAACGGGTAGCT-1,0.000012,0.197319,0.802669
AAATTAATAAGCGCGA-1,0.004582,0.149165,0.846254
AAATTACACGACTCTG-1,0.000013,0.143404,0.856583
AAATTACCTATCGATG-1,0.001061,0.22421,0.774729
AAATTCCAGGTCCAAA-1,0.102188,0.543363,0.354449
AAATTGATAGTCCTTT-1,0.000026,0.088433,0.911541
AAATTGCGGCGGTTCT-1,0.102889,0.088331,0.80878
AAATTGGTGAGAAGCA-1,0.015048,0.600188,0.384764
AAATTTACCGAAATCC-1,0.091736,0.359238,0.549026
AAATTTGCGGGTGTGG-1,0.000017,0.033232,0.966751
AACAACTGGTAGTTGC-1,0.000014,0.106496,0.893489
AACAATACATTGTCGA-1,0.069164,0.022392,0.908445
AACAATTACTCTACGC-1,0.000025,0.326714,0.673261
AACACACGCTCGCCGC-1,0.203894,0.116962,0.679145
AACACGACTGTACTGA-1,0.039827,0.151332,0.808842
AACACGAGACGCGGCC-1,0.011318,0.213588,0.775094
AACACGCGGCCGCGAA-1,0.000011,0.362801,0.637188
AACAGCTGTGTGGCAA-1,0.052371,0.140815,0.806814
AACAGGAAATCGAATA-1,0.191181,0.097375,0.711444
AACAGGATGGGCCGCG-1,0.000027,0.129624,0.870349
AACAGGTAGTATGGAT-1,0.055229,0.663734,0.281037
AACATAGCGTGTATCG-1,0.73032,0.241122,0.028558
AACATATCAACTGGTG-1,0.000034,0.237927,0.762039
AACATCGATACGTCTA-1,0.009517,0.355944,0.63454
AACATTGAAGTTGATC-1,0.005939,0.34663,0.647431
AACATTGTGACTCGAG-1,0.308305,0.057464,0.634231
AACCAAGACTTCTCTG-1,0.000034,0.033982,0.965983
AACCAGTATCACTCTT-1,0.000032,0.441546,0.558422
AACCATAGGGTTGAAC-1,0.029018,0.323559,0.647423
AACCATGGGATCGCTA-1,0.000045,0.063095,0.93686
AACCCAGAGACGGAGA-1,0.029198,0.033404,0.937398
AACCCATCCCATGATC-1,0.011132,0.14477,0.844097
AACCCGACAACCCGTG-1,0.000011,0.30516,0.694829
AACCCGAGCAGAATCG-1,0.002032,0.933128,0.06484
AACCCGATAGGGCTTC-1,0.027117,0.670284,0.3026
AACCCGCTGTATTCCA-1,0.022563,0.763955,0.213482
AACCCTACTGTCAATA-1,0.031094,0.161989,0.806917
AACCCTGGTGGAACCA-1,0.033862,0.854295,0.111843
AACCGAGCTTGGTCAT-1,0.000022,0.163068,0.83691
AACCGCTAAGGGATGC-1,0.005625,0.222619,0.771756
AACCGTTGTGTTTGCT-1,0.033169,0.17534,0.791491
AACCTAAAGCCGTCCG-1,0.071106,0.523684,0.40521
AACCTCGCTTTAGCCC-1,0.812016,0.000162,0.187821
AACCTGTCACGGAATT-1,0.031933,0.604077,0.363989
AACCTTTAAATACGGT-1,0.463849,0.00013,0.536022
AACCTTTACGACGTCT-1,0.011439,0.171284,0.817276
AACGAAAGTCGTCCCA-1,0.000015,0.355893,0.644092
AACGACCTCCTAGCCG-1,0.114786,0.878232,0.006983
AACGATAATGCCGTAG-1,0.226308,0.020893,0.752799
AACGATAGAAGGGCCG-1,0.000013,0.134417,0.86557
AACGATATGTCAACTG-1,0.000027,0.181014,0.818959
AACGCATGATCTGGGT-1,0.005047,0.407415,0.587538
AACGCGAACGGCAACA-1,0.029033,0.177199,0.793769
AACGCGACCTTGGGCG-1,0.061358,0.037345,0.901298
AACGCGGTCTCCAGCC-1,0.000023,0.214815,0.785162
AACGCTGTTGCTGAAA-1,0.264565,0.352265,0.38317
AACGGACGTACGTATA-1,0.140542,0.264073,0.595385
AACGGCCATCTCCGGT-1,0.082006,0.02067,0.897324
AACGTACTGTGGGTAC-1,0.045847,0.108011,0.846142
AACGTCAGACTAGTGG-1,0.005861,0.144298,0.849841
AACGTCATCCGGCTTG-1,0.264668,0.36971,0.365622
AACGTCGCTGCACTTC-1,0.055558,0.944312,0.000131
AACGTGATGAAGGACA-1,0.082841,0.012805,0.904355
AACGTGCGAAAGTCTC-1,0.00002,0.176924,0.823056
AACGTTATCAGCACCT-1,0.087575,0.146197,0.766228
AACGTTCTACCATTGT-1,0.000038,0.668229,0.331733
AACTACCCGTTTGTCA-1,0.088023,0.633732,0.278245
AACTAGCGTATCGCAC-1,0.000027,0.195752,0.804221
AACTAGGCTTGGGTGT-1,0.052038,0.21707,0.730892
AACTCAAGTTAATTGC-1,0.055665,0.041732,0.902604
AACTCCAGAGCGTGTT-1,0.372754,0.05736,0.569886
AACTCCTAATCCCATG-1,0.006857,0.132618,0.860525
AACTCGATAAACACGT-1,0.065749,0.188101,0.746149
AACTCGATGGCGCAGT-1,0.000032,0.143707,0.85626
AACTCTCAATAGAGCG-1,0.042776,0.178901,0.778323
AACTCTCAGTGTGCTC-1,0.099433,0.057246,0.84332
AACTGAGGTCAGCGTC-1,0.066807,0.415822,0.517371
AACTGAGTTATACTGA-1,0.084626,0.568563,0.34681
AACTGATATTAGGCCT-1,0.000043,0.142143,0.857814
AACTGGGTCCCGACGT-1,0.068051,0.007371,0.924578
AACTGGGTTCGAGCCG-1,0.060612,0.54735,0.392037
AACTGGTGTGGGCCTT-1,0.000021,0.224834,0.775146
AACTTCTGCGTCTATC-1,0.000058,0.247454,0.752488
AACTTGCCCGTATGCA-1,0.03413,0.037414,0.928457
AACTTGCGTTCTCGCG-1,0.000047,0.105602,0.894352
AACTTTACGGGAGCTT-1,0.144031,0.00357,0.852399
AACTTTAGCTGCTGAG-1,0.000043,0.29407,0.705887
AACTTTCTCGATCATG-1,0.268977,0.548163,0.182859
AAGAAAGTTTGATGGG-1,0.003871,0.895532,0.100597
AAGAAATCACCAGATT-1,0.397789,0.274021,0.32819
AAGAAGGATCAGTTAG-1,0.000018,0.256379,0.743603
AAGACATACGTGGTTT-1,0.034825,0.855142,0.110034
AAGACCAAATAACTCA-1,0.000025,0.184073,0.815902
AAGACCCAACTGAACA-1,0.073052,0.155488,0.77146
AAGACTAACCCGTTGT-1,0.089122,0.143479,0.767399
AAGACTCACGCCCACT-1,0.115907,0.609398,0.274695
AAGACTGCAAGCTACT-1,0.000027,0.071463,0.92851
AAGAGATGAATCGGTA-1,0.000063,0.038588,0.961349
AAGAGCTCTTTATCGG-1,0.000027,0.169549,0.830424
AAGAGGATGTACGCGA-1,0.000014,0.040196,0.95979
AAGAGGCATGGATCGC-1,0.035563,0.087087,0.87735
AAGAGGCCCTTTGGAA-1,0.116718,0.566872,0.31641
AAGATGGCACCGGACC-1,0.080676,0.070219,0.849106
AAGATTGGCGGAACGT-1,0.001369,0.179978,0.818653
AAGCACCCTGCGTATC-1,0.624773,0.00027,0.374957
AAGCATACTCTCCTGA-1,0.307175,0.034558,0.658266
AAGCCACTTGCAGGTA-1,0.011751,0.627956,0.360293
AAGCCGAAGCGGTTTA-1,0.000018,0.445985,0.553997
AAGCCGCCGTGAAATC-1,0.097574,0.092456,0.809969
AAGCCGCTTTACCTTG-1,0.382442,0.339213,0.278345
AAGCCGGAGAGCAGGA-1,0.061772,0.644544,0.293684
AAGCGCAGGGCTTTGA-1,0.287161,0.135518,0.577321
AAGCGGAGTGCGCGCA-1,0.009453,0.526303,0.464244
AAGCGGCGTCATGGGT-1,0.056408,0.147424,0.796167
AAGCGTCCCTCATCGA-1,0.048546,0.065909,0.885545
AAGCTAGATCGAGTAA-1,0.129178,0.065972,0.80485
AAGCTATGGATTGACC-1,0.034785,0.592876,0.37234
AAGCTCGTGCCAAGTC-1,0.00003,0.045385,0.954585
AAGCTCTTTCATGGTG-1,0.42822,0.025045,0.546735
AAGGAGAACTTATAAG-1,0.000017,0.176131,0.823852
AAGGAGCGGTTGGTGC-1,0.000026,0.149002,0.850972
AAGGATCGATCGCTTG-1,0.00002,0.474682,0.525298
AAGGATGAGGGACCTC-1,0.002523,0.18591,0.811567
AAGGCAGGCTGTCTCC-1,0.024787,0.860312,0.114901
AAGGCGCGTAAAGCTT-1,0.256932,0.051269,0.691799
AAGGCTGTGCTCATCG-1,0.000028,0.148851,0.85112
AAGGGAACGACTGGCT-1,0.000018,0.351135,0.648847
AAGGGACAGATTCTGT-1,0.016734,0.147277,0.835989
AAGGGACTATGCATTC-1,0.000013,0.11339,0.886597
AAGGGTTAGCCATGCG-1,0.17875,0.756969,0.064281
AAGGGTTTGATTTCAG-1,0.084147,0.000287,0.915566
AAGGTATCCTAATATA-1,0.153466,0.042304,0.80423
AAGGTGATAAACCAGC-1,0.042564,0.200662,0.756774
AAGTAGAAGACCGGGT-1,0.002994,0.081144,0.915863
AAGTAGTGACGCGAGG-1,0.093333,0.071777,0.834889
AAGTCAATTGTCGTCA-1,0.156758,0.096579,0.746663
AAGTCTAGTAGCTGCC-1,0.080254,0.5921,0.327646
AAGTCTTCTGTGGCCT-1,0.077283,0.061582,0.861135
AAGTGACGACCGAATT-1,0.000037,0.057803,0.942161
AAGTGAGTCGGGTTTA-1,0.000036,0.042788,0.957176
AAGTGCAAAGGTAGAC-1,0.004691,0.030504,0.964804
AAGTGCCTTGACTGTA-1,0.028227,0.328023,0.643751
AAGTGCGTTAGAATCT-1,0.011103,0.104673,0.884224
AAGTGCTTCTCTATTG-1,0.036149,0.268419,0.695432
AAGTGTTTGGAGACGG-1,0.689194,0.000123,0.310682
AAGTTCACTCCAAGCT-1,0.415721,0.049212,0.535066
AAGTTCAGTCTGCGTA-1,0.007655,0.278489,0.713855
AAGTTCGGCCAACAGG-1,0.014295,0.066958,0.918747
AAGTTGTGATGTTATA-1,0.216126,0.606792,0.177082
AAGTTTACTAATGGCA-1,0.000019,0.32584,0.674141
AAGTTTATGGGCCCAA-1,0.568104,0.00047,0.431426
AATAACAACGCTCGGC-1,0.000016,0.04831,0.951674
AATAACACTAGAACAA-1,0.001275,0.045857,0.952868
AATAACGTCGCGCCCA-1,0.103962,0.848736,0.047302
AATAAGTCCTCGAGAC-1,0.013595,0.167288,0.819118
AATAATCTTCGTATCG-1,0.083963,0.617907,0.298129
AATACAATGTTTCAGG-1,0.000028,0.282593,0.717379
AATACCGGAGGGCTGT-1,0.082495,0.10224,0.815266
AATACCTGATGTGAAC-1,0.195457,0.804453,0.00009
AATAGAACAGAGTGGC-1,0.000037,0.020797,0.979166
AATAGAATCTGTTTCA-1,0.246312,0.100191,0.653497
AATAGCAAGCCTCCTG-1,0.344907,0.37519,0.279903
AATAGCTACCGCGTGC-1,0.013907,0.51759,0.468504
AATAGGCACGACCCTT-1,0.079912,0.420226,0.499861
AATAGTCCGTCCCGAC-1,0.04633,0.150165,0.803505
AATAGTCGCGAGTCGG-1,0.000088,0.083657,0.916255
AATATCAAGGTCGGAT-1,0.00004,0.125893,0.874068
AATATCCTAGCAAACT-1,0.040645,0.000328,0.959027
AATATCGAATCAATGC-1,0.000669,0.542958,0.456373
AATATCGAGGGTTCTC-1,0.074859,0.18073,0.744411
AATATTGGAGTATTGA-1,0.000052,0.125062,0.874886
AATCAGACTGCAGGAC-1,0.001499,0.215653,0.782848
AATCAGGTTTCATTTA-1,0.017842,0.301254,0.680904
AATCATGTAAAGACTC-1,0.428767,0.071462,0.499771
AATCCAAGGGCCTGAG-1,0.14354,0.016544,0.839916
AATCCATGCAAGGGTG-1,0.004723,0.080286,0.914991
AATCCCGCTCAGAGCC-1,0.144556,0.511869,0.343575
AATCGAGGTCTCAAGG-1,0.878515,0.121281,0.000204
AATCGCCTCAGCGCCA-1,0.049504,0.069475,0.881022
AATCGCGCAGAGGACT-1,0.033368,0.760646,0.205986
AATCGGGACACTACGA-1,0.032511,0.03339,0.934099
AATCGGTATAGCCCTC-1,0.190921,0.792421,0.016657
AATCGTGAGCCGAGCA-1,0.589219,0.030181,0.3806
AATCTAGGTTTACTTG-1,0.000034,0.224347,0.775619
AATCTATGCCGGAGCC-1,0.012554,0.317574,0.669872
AATCTCTACTGTGGTT-1,0.071047,0.062679,0.866274
AATCTGCGTTGGGACG-1,0.000021,0.268041,0.731939
AATCTGGCTTTCTAGT-1,0.000059,0.059338,0.940603
AATCTGGGTAGACCCT-1,0.022898,0.510745,0.466357
AATGACAGCAATGTCT-1,0.033323,0.086984,0.879693
AATGACGTAGGATGTC-1,0.038284,0.118525,0.843191
AATGACTGTCAGCCGG-1,0.000037,0.041346,0.958617
AATGAGTTCGCATATG-1,0.000037,0.260701,0.739262
AATGATGATACGCTAT-1,0.008838,0.173311,0.81785
AATGATGCGACTCCTG-1,0.050467,0.362476,0.587057
AATGCAACCGGGTACC-1,0.028792,0.065602,0.905606
AATGCACCAAGCAATG-1,0.001815,0.289406,0.708779
AATGGCCGCCAATGCG-1,0.151078,0.487636,0.361287
AATGGTCCACCGTTCA-1,0.000035,0.223397,0.776568
AATGGTTCTCACAAGC-1,0.000053,0.107021,0.892926
AATGTATGGCACTGTA-1,0.000288,0.179392,0.82032
AATGTGCCCGAGGTGT-1,0.021037,0.031827,0.947136
AATGTGCTAATCTGAG-1,0.000045,0.130437,0.869518
AATGTTAAGACCCTGA-1,0.919853,0.080015,0.000132
AATGTTGTCGTGAGAC-1,0.152834,0.844704,0.002462
AATTAAAGGTCGGCGT-1,0.125206,0.000578,0.874216
AATTAACGGATTTCCA-1,0.307984,0.000244,0.691771
AATTACGAGACCCATC-1,0.000046,0.218351,0.781603
AATTACTCGTACGCTC-1,0.051246,0.004671,0.944083
AATTAGCGCTGCAGCG-1,0.006095,0.226751,0.767154
AATTATACCCAGCAAG-1,0.978964,0.016931,0.004105
AATTCATAAGGGATCT-1,0.008751,0.137511,0.853738
AATTCATTGTCATGCA-1,0.217502,0.005409,0.777089
AATTCCAACTTGGTGA-1,0.013207,0.120349,0.866444
AATTCCAAGCATGTAC-1,0.066062,0.130362,0.803576
AATTCGATTCGAGGAT-1,0.478587,0.000771,0.520642
AATTCTAGAGTTAGGC-1,0.072823,0.034568,0.892609
AATTGAACGCTCTGGT-1,0.171939,0.017485,0.810576
AATTGCAGCAATCGAC-1,0.166459,0.561389,0.272151
AATTGCGTGGATTACA-1,0.004503,0.292384,0.703113
AATTGTGGTTGCCAAA-1,0.170654,0.570724,0.258622
AATTTGGGACATAGTA-1,0.084063,0.149825,0.766112
AATTTGGTTCCAAAGA-1,0.008434,0.15204,0.839526
ACAAACCATGCGTCCT-1,0.090076,0.206567,0.703357
ACAAACCGACAAGGCG-1,0.050098,0.41115,0.538752
ACAAACTCCATCAGAG-1,0.000015,0.573028,0.426957
ACAAAGAAGGTAGGCC-1,0.000053,0.000212,0.999735
ACAAAGCATGACCTAG-1,0.4922,0.281503,0.226297
ACAAATCGCACCGAAT-1,0.07151,0.20344,0.72505
ACAAATGGTAGTGTTT-1,0.010912,0.146775,0.842313
ACAAATTCAGATCTGA-1,0.386123,0.175121,0.438757
ACAACAGCATGAGCTA-1,0.000027,0.088314,0.911658
ACAACGGTCCCTGCGA-1,0.000045,0.047928,0.952026
ACAAGCAGTGCCTAGC-1,0.000047,0.11648,0.883472
ACAAGCTATATGGAAG-1,0.005482,0.149785,0.844733
ACAAGGAAATCCGCCC-1,0.188039,0.090415,0.721546
ACAAGGACAAGAGGTT-1,0.000044,0.176413,0.823544
ACAAGGATGCTTTAGG-1,0.146088,0.432753,0.42116
ACAAGGCCTACCAGCC-1,0.101613,0.544723,0.353664
ACAAGGGCAGGCTCTG-1,0.351975,0.02634,0.621685
ACAAGTAATTGTAAGG-1,0.015367,0.261345,0.723288
ACAATAGTCGTACGTT-1,0.000036,0.192771,0.807194
ACAATCCATTTAAACC-1,0.000011,0.077733,0.922256
ACAATCGATCTTTATA-1,0.206943,0.193623,0.599434
ACAATGAATACGGAGA-1,0.01352,0.212236,0.774244
ACAATGATTCTTCTAC-1,0.05459,0.575173,0.370238
ACAATTGTGTCTCTTT-1,0.007374,0.341622,0.651004
ACAATTTAGGAGGCTC-1,0.005622,0.063116,0.931262
ACAATTTGAGCAGTGG-1,0.001154,0.177915,0.820931
ACAATTTGGCCATATT-1,0.251388,0.51229,0.236323
ACACAAAGACGGGTGG-1,0.000628,0.053603,0.945769
ACACAAATATTCCTAG-1,0.054995,0.617746,0.327259
ACACACCAGGACCAGT-1,0.039226,0.212514,0.74826
ACACACTTTCTACACG-1,0.06163,0.006558,0.931812
ACACATGATCAAATCT-1,0.000022,0.194541,0.805437
ACACATTGACGCAACA-1,0.044928,0.213582,0.741491
ACACATTTCCGTAGAC-1,0.751687,0.085038,0.163275
ACACCACATAATTAGC-1,0.044384,0.679736,0.27588
ACACCCAGCATGCAGC-1,0.000035,0.178843,0.821122
ACACCCGAGAAATCCG-1,0.001929,0.196083,0.801988
ACACCCGTAAATCTGT-1,0.061404,0.678114,0.260483
ACACCGAGCGCTCTTT-1,0.034826,0.065231,0.899942
ACACCGGTCTGACCGC-1,0.000014,0.253553,0.746434
ACACCTTAAGTAGGGC-1,0.000022,0.171528,0.828449
ACACCTTACTACTTGC-1,0.100199,0.597929,0.301872
ACACGAGACTCCTTCT-1,0.00003,0.131416,0.868554
ACACGGCACTATGCAT-1,0.127926,0.075791,0.796284
ACACGGGAACTTAGGG-1,0.04232,0.000203,0.957477
ACACGTAGGCCACAAG-1,0.120469,0.579008,0.300523
ACACTCCAATGTCACT-1,0.000067,0.0171,0.982833
ACACTGATCAAGGTGT-1,0.00072,0.027645,0.971636
ACACTGGGACAGTCGT-1,0.24723,0.586741,0.166029
ACAGAACTGAGAACAA-1,0.031332,0.208749,0.759919
ACAGATTAGGTTAGTG-1,0.004246,0.27615,0.719603
ACAGCATAGAGCCAGT-1,0.123193,0.070793,0.806015
ACAGCGACATTCTCAT-1,0.285986,0.268238,0.445776
ACAGCGCACCCGCAGC-1,0.000877,0.21393,0.785193
ACAGGAGGCGCAGCCG-1,0.068599,0.471217,0.460185
ACAGGCACGGATCCTT-1,0.674469,0.032706,0.292826
ACAGGCTTGCCCGACT-1,0.064521,0.23674,0.698739
ACAGGTGGAGGTGAGG-1,0.000021,0.061021,0.938958
ACAGGTGTGTTGTTGC-1,0.064514,0.142133,0.793353
ACAGTAATACAACTTG-1,0.000025,0.167335,0.83264
ACAGTATACCGTGGGA-1,0.204635,0.416032,0.379333
ACAGTGCAGCGCATTT-1,0.028141,0.510662,0.461197
ACATAAGTCGTGGTGA-1,0.000036,0.090944,0.90902
ACATAATAAGGCGGTG-1,0.053259,0.091542,0.855199
ACATACAATCAAGCGG-1,0.955696,0.036072,0.008231
ACATCAGCTGGGACGC-1,0.008224,0.000236,0.99154
ACATCCCGGCCATACG-1,0.112237,0.052564,0.835198
ACATCCTGGTAACTGT-1,0.027548,0.248924,0.723528
ACATCGATCGTTTACC-1,0.019602,0.022747,0.957651
ACATCGCAATATTCGG-1,0.044042,0.359592,0.596366
ACATCGGTCAGCCGCG-1,0.00002,0.115159,0.884821
ACATCGTATGCAATGG-1,0.141549,0.0457,0.812751
ACATCGTTAACCTAGT-1,0.000031,0.091407,0.908561
ACATCTCAACGCGTAA-1,0.045369,0.30528,0.649351
ACATGCTTACGGCAGC-1,0.001102,0.834776,0.164122
ACATGGCGCCAAAGTA-1,0.024016,0.271857,0.704127
ACATGGCTCAATTTAG-1,0.031774,0.092384,0.875842
ACATTAGTTTATATCC-1,0.058681,0.124223,0.817096
ACATTCGCGCGGAATA-1,0.000023,0.671175,0.328802
ACATTTGAAACCTAAC-1,0.189483,0.810332,0.000186
ACCAAACACCCAGCGA-1,0.125618,0.479879,0.394503
ACCAAACTAGAAATCC-1,0.00678,0.284449,0.708771
ACCAACACCACACACT-1,0.001022,0.41279,0.586188
ACCAACCGCACTCCAC-1,0.521648,0.372416,0.105936
ACCAACGCTTATTTAT-1,0.072816,0.195873,0.731311
ACCAAGAACGCGTGTC-1,0.051126,0.11006,0.838814
ACCAAGTCATCGGCAG-1,0.089463,0.679994,0.230543
ACCAATATGCAAGTTA-1,0.283733,0.127174,0.589093
ACCACAACTCAGAACA-1,0.003086,0.23115,0.765765
ACCACAAGTTTCTATC-1,0.021991,0.052767,0.925242
ACCACACGGTTGATGG-1,0.817832,0.11182,0.070348
ACCACCAATGTAACAA-1,0.00172,0.544393,0.453887
ACCACCCTCTCTTCTA-1,0.00985,0.76982,0.22033
ACCACGTGCAGCTATA-1,0.402057,0.311632,0.286311
ACCACTGTTCAAGAAG-1,0.000115,0.177409,0.822477
ACCAGACCATAACAAC-1,0.063752,0.010321,0.925927
ACCAGCCCGGTCTTTG-1,0.000102,0.220296,0.779601
ACCAGGAGTGTGATCT-1,0.012254,0.159491,0.828255
ACCAGTGCCCGGTCAA-1,0.018732,0.44571,0.535558
ACCAGTGCGGGAGACG-1,0.023128,0.23823,0.738642
ACCATATCCGCAATAA-1,0.063183,0.267568,0.669249
ACCATCCGCCAACTAG-1,0.000019,0.330383,0.669598
ACCATCGTATATGGTA-1,0.205063,0.000212,0.794725
ACCATTAAGGGTGTCA-1,0.00014,0.109813,0.890047
ACCCAACGCCCGTGGC-1,0.000026,0.147235,0.852739
ACCCACCTACATGCTC-1,0.000646,0.12942,0.869934
ACCCATCTTGAGGGTA-1,0.000041,0.097769,0.902191
ACCCATTTGTCCCTCT-1,0.184911,0.455157,0.359932
ACCCGAGCGAAATTAC-1,0.041872,0.11289,0.845238
ACCCGATTGGTTCCGA-1,0.12177,0.238289,0.639942
ACCCGGAAACTCCCAG-1,0.474542,0.000164,0.525294
ACCCGGAGCACCACAA-1,0.000015,0.606099,0.393886
ACCCGGATGACGCATC-1,0.000021,0.235761,0.764217
ACCCGGTTACACTTCC-1,0.003232,0.05235,0.944418
ACCCGTAGCAGAGAAT-1,0.00003,0.818384,0.181585
ACCCGTAGTCTAGTTG-1,0.031124,0.794131,0.174744
ACCCGTGTCATCAGTA-1,0.09461,0.010936,0.894453
ACCCTATAGGACTGAG-1,0.020432,0.107657,0.871912
ACCCTATGCCATATCG-1,0.045236,0.071767,0.882998
ACCCTCCCGTCAGGGC-1,0.703359,0.16846,0.128181
ACCCTCCCTTGCTATT-1,0.204167,0.075968,0.719865
ACCCTGGTAACGCCCT-1,0.006251,0.72316,0.270589
ACCCTTCATCTGCGAA-1,0.000017,0.149635,0.850349
ACCCTTGCCTGGGTCG-1,0.014118,0.534749,0.451133
ACCCTTTAGTTCTCCA-1,0.042451,0.264405,0.693144
ACCGAAAGGGCCCTGC-1,0.000029,0.20004,0.799931
ACCGAAGAGTCTGGTT-1,0.000063,0.000251,0.999686
ACCGACACATCTCCCA-1,0.660974,0.000313,0.338712
ACCGACTGAGTCCCAC-1,0.000033,0.10422,0.895747
ACCGAGTCTCCTTATT-1,0.991327,0.000197,0.008476
ACCGATAGGCATAACC-1,0.230399,0.569713,0.199888
ACCGATATTTAATCAT-1,0.058438,0.78416,0.157403
ACCGATGGTAGCATCG-1,0.000015,0.099459,0.900526
ACCGCAATAACTGCCT-1,0.159581,0.191259,0.64916
ACCGCGGTGGAAGTCG-1,0.206421,0.170833,0.622745
ACCGCTAGTCATTGGT-1,0.073351,0.713145,0.213505
ACCGGGCCTTTGTTGA-1,0.104218,0.287968,0.607814
ACCGGTCAGGTACACC-1,0.000014,0.343401,0.656585
ACCGGTCTGAGTACGG-1,0.002718,0.524981,0.472301
ACCGTCCACTGGGCCC-1,0.002167,0.333721,0.664112
ACCGTGACCACGTGGG-1,0.060259,0.071696,0.868045
ACCGTTCCCGCTCTGA-1,0.034737,0.329148,0.636115
ACCTAAGTACCTTTCA-1,0.046267,0.007703,0.94603
ACCTAATCGACTTCCT-1,0.000071,0.026408,0.973521
ACCTACAGTATGTGGT-1,0.138328,0.560543,0.301129
ACCTACTATAAATCTA-1,0.084919,0.174403,0.740678
ACCTCAGCGAGGCGCA-1,0.730574,0.174594,0.094832
ACCTCCGCCCTCGCTG-1,0.048687,0.734844,0.216469
ACCTCCGTTATTCACC-1,0.051565,0.590286,0.358149
ACCTCGAACTTATGCT-1,0.000018,0.330514,0.669468
ACCTGCGTGTCATGTT-1,0.031705,0.103411,0.864884
ACCTTTCCTTTAGAAG-1,0.000058,0.211394,0.788548
ACGAAATGGGCGGCAC-1,0.000027,0.043812,0.956161
ACGACCCATGAGTTGC-1,0.021542,0.710696,0.267761
ACGACTCTAGGGCCGA-1,0.509971,0.33702,0.153009
ACGACTGGTCATACTC-1,0.055747,0.103519,0.840734
ACGAGAACCCATCACG-1,0.000034,0.063212,0.936755
ACGAGATATTTGCTTA-1,0.015302,0.203572,0.781126
ACGAGGATACCACTCT-1,0.000021,0.390028,0.609951
ACGAGGTTTACAACGT-1,0.000038,0.054669,0.945293
ACGAGTACGGATGCCC-1,0.043407,0.252706,0.703888
ACGAGTCGCCGGCGTT-1,0.000068,0.15823,0.841702
ACGATACATAGAACTA-1,0.000022,0.172593,0.827385
ACGATACCTATCCTGA-1,0.0344,0.155847,0.809753
ACGATCATACATAGAG-1,0.000037,0.09764,0.902323
ACGATCATCTTGTAAA-1,0.00158,0.283149,0.715271
ACGATGCATATGTTAT-1,0.000396,0.115567,0.884037
ACGATGGATCCGATGC-1,0.000015,0.079318,0.920666
ACGCAAACTAATAGAT-1,0.024532,0.142247,0.833221
ACGCAATCACTACAGC-1,0.065758,0.295383,0.638859
ACGCATAAATGACATG-1,0.04904,0.546404,0.404556
ACGCATACGTTTACTA-1,0.332546,0.144292,0.523161
ACGCATTCGTGAGTAC-1,0.000018,0.07135,0.928632
ACGCCACTCGAAACAG-1,0.728335,0.271536,0.000129
ACGCCAGATGATTTCT-1,0.001134,0.084646,0.914219
ACGCCAGTGCGTTTGC-1,0.383683,0.527075,0.089242
ACGCCCAGCTGTCGAT-1,0.225,0.168569,0.606431
ACGCCGCTAGACGACC-1,0.153879,0.490439,0.355683
ACGCCTGACACGCGCT-1,0.179787,0.467404,0.352809
ACGCGAAGTCAGACGA-1,0.000023,0.107343,0.892634
ACGCGCTACACAGGGT-1,0.206658,0.00345,0.789892
ACGCGGGCCAAGGACA-1,0.012603,0.021734,0.965663
ACGCGTTTCTTAAGAG-1,0.021004,0.117541,0.861454
ACGCTACTGAATGGGC-1,0.000016,0.99793,0.002053
ACGCTAGTATCAGTGC-1,0.017677,0.743529,0.238794
ACGCTAGTGATACACT-1,0.027693,0.270284,0.702023
ACGCTGTGAGGCGTAG-1,0.000033,0.164491,0.835476
ACGCTTAGTGTCTCTC-1,0.000015,0.588083,0.411902
ACGGAACACGAGTGCC-1,0.793408,0.206416,0.000176
ACGGAATTTAGCAAAT-1,0.000041,0.046481,0.953478
ACGGACGCAGCGACAA-1,0.00001,0.751944,0.248047
ACGGACTCTCAAAGCG-1,0.16988,0.161886,0.668233
ACGGAGCGCAAATTAC-1,0.007372,0.242814,0.749813
ACGGATGGTGCGGATA-1,0.109894,0.265305,0.624801
ACGGCACTTGCTTGGG-1,0.032608,0.143677,0.823716
ACGGCCAACATGGACT-1,0.138422,0.000435,0.861142
ACGGCGACGATGGGAA-1,0.048155,0.186176,0.765669
ACGGCGGGTTGCCCTG-1,0.000034,0.115176,0.88479
ACGGCTGGATGTAGAA-1,0.000018,0.152033,0.847949
ACGGGAGTGTCGGCCC-1,0.000017,0.088141,0.911842
ACGGGCGTATGCGACA-1,0.022103,0.588567,0.38933
ACGGGTCATGTGACTT-1,0.000115,0.239716,0.760169
ACGGGTTGTGACCTGT-1,0.000023,0.930729,0.069248
ACGGTACAGTTCAATG-1,0.16894,0.646417,0.184643
ACGGTCACCGAGAACA-1,0.000028,0.419025,0.580948
ACGTACAGATTTCTCT-1,0.219144,0.075097,0.705759
ACGTACTTTGGCACGG-1,0.000022,0.23833,0.761648
ACGTAGATTGCTGATG-1,0.000028,0.251139,0.748833
ACGTAGGAGAGTCGCT-1,0.662144,0.000451,0.337405
ACGTATTACTCCGATC-1,0.002124,0.156064,0.841812
ACGTCCTAAACGAGAT-1,0.061649,0.178532,0.759819
ACGTCGGGCAACTCGG-1,0.018077,0.109955,0.871969
ACGTCTCGTTCCGGGA-1,0.00005,0.000201,0.999749
ACGTGACAAAGTAAGT-1,0.160946,0.123992,0.715062
ACGTGCGCCTCGTGCA-1,0.000075,0.028889,0.971036
ACGTGGTCGAATGTGC-1,0.051432,0.379511,0.569056
ACGTTAATGTCGAAGA-1,0.001213,0.149241,0.849546
ACGTTAGATTTGCCCG-1,0.125457,0.030448,0.844094
ACGTTATTGGTCACTC-1,0.012738,0.034387,0.952875
ACGTTCACTATGCCGC-1,0.00002,0.61028,0.3897
ACGTTCCGCGCTCCGT-1,0.000013,0.058365,0.941622
ACGTTCGCAATCAATT-1,0.054801,0.5973,0.3479
ACGTTCGTTCAGGAAA-1,0.008804,0.073891,0.917305
ACGTTCTGTACAAGTC-1,0.582863,0.355864,0.061273
ACGTTGTCGTTGAAAG-1,0.116112,0.498345,0.385542
ACGTTTAGTTGTGATC-1,0.000046,0.008415,0.991539
ACGTTTCGGTGCACTT-1,0.000084,0.83845,0.161466
ACTAAGGACGCACACC-1,0.099459,0.523961,0.376579
ACTAATACGTCAGGCG-1,0.103219,0.140096,0.756685
ACTACAAAGAGAGGTG-1,0.016391,0.191042,0.792567
ACTACATCCCGACAAG-1,0.000046,0.04528,0.954674
ACTACCAGCTCTCTGG-1,0.000015,0.104742,0.895243
ACTACCATCCGAGGGC-1,0.00174,0.72409,0.27417
ACTACGCGTTAGAATT-1,0.078582,0.16269,0.758728
ACTAGTTGCGATCGTC-1,0.079981,0.229357,0.690662
ACTATATGCTGTGTTC-1,0.01203,0.377366,0.610605
ACTATCCAGGGCATGG-1,0.004757,0.449791,0.545452
ACTATCGCCGGCTAAA-1,0.00014,0.121292,0.878568
ACTATCTGCCCGCGTA-1,0.080003,0.717825,0.202172
ACTATGTCCAGCTGCC-1,0.006301,0.303914,0.689784
ACTATTCGTCCGTGGT-1,0.000035,0.168085,0.83188
ACTATTTCCGGGCCCA-1,0.097342,0.052262,0.850396
ACTCAACGAATGTATT-1,0.005486,0.074354,0.920161
ACTCAAGTGCAAGGCT-1,0.116007,0.192839,0.691153
ACTCAATAAAGGCACG-1,0.000038,0.0651,0.934862
ACTCAGACCTGCTTCT-1,0.029906,0.143683,0.826411
ACTCATGGCAGCCTTC-1,0.009425,0.512552,0.478023
ACTCCAATATCATCAT-1,0.035454,0.272793,0.691753
ACTCCCATTCCTAAAG-1,0.000023,0.245006,0.754972
ACTCCCGAATTCGTTT-1,0.00358,0.262509,0.733911
ACTCCCGTAGACTAGG-1,0.045336,0.700761,0.253904
ACTCCCTAATGCTAAA-1,0.513477,0.000177,0.486345
ACTCCCTAGAATAGTA-1,0.348127,0.000936,0.650937
ACTCCGGCCGACCACT-1,0.974889,0.000111,0.025
ACTCGATGTATTTCAT-1,0.000098,0.146455,0.853447
ACTCGCCGTTCGATAA-1,0.041127,0.577428,0.381445
ACTCGCGATCTGACGC-1,0.041581,0.463154,0.495265
ACTCGTAACCCGTCCT-1,0.000023,0.198789,0.801188
ACTCGTCAGTAATCCC-1,0.000026,0.169384,0.83059
ACTCTAAACCTGGGAT-1,0.000077,0.2378,0.762122
ACTCTCTGACTTAGGT-1,0.067358,0.116666,0.815976
ACTCTCTTATACACGA-1,0.079617,0.09467,0.825713
ACTCTGACCTAATAGA-1,0.699864,0.060257,0.239879
ACTCTTCAGCTCCCGC-1,0.222464,0.506131,0.271405
ACTCTTGTATAGTAAC-1,0.00043,0.204493,0.795077
ACTGAAACGCCGTTAG-1,0.177564,0.160206,0.66223
ACTGAATGGCGAAAGT-1,0.119159,0.060093,0.820748
ACTGATTTAGTGATTC-1,0.028535,0.430328,0.541137
ACTGCCCGCCATTCTC-1,0.000593,0.363739,0.635667
ACTGCCGTCGTAACTC-1,0.073029,0.012892,0.914079
ACTGCGGACACACCGT-1,0.085227,0.607903,0.30687
ACTGCTCGGAAGGATG-1,0.00002,0.181971,0.818009
ACTGGCGAACCTGCGT-1,0.000027,0.56619,0.433783
ACTGGGATGCCAGTGC-1,0.115182,0.312465,0.572353
ACTGTACGATACACAT-1,0.038,0.140735,0.821265
ACTGTAGCACTTTGGA-1,0.003377,0.086024,0.910599
ACTGTATACGCGAGCA-1,0.00003,0.066281,0.933688
ACTGTCCAGGATTATA-1,0.019211,0.135721,0.845069
ACTGTCTTCTTTAGAA-1,0.000043,0.000171,0.999787
ACTGTGCTAGTAGATC-1,0.000046,0.070413,0.92954
ACTGTTTAGTGTAGGC-1,0.000057,0.149102,0.850841
ACTTACCGGGCGCGCA-1,0.06281,0.125198,0.811992
ACTTACGCATCCACGC-1,0.616932,0.293194,0.089874
ACTTAGTACGACAAGA-1,0.000047,0.044603,0.95535
ACTTATACTTACCCGG-1,0.028859,0.115107,0.856034
ACTTATTAGGATCGGT-1,0.127823,0.040174,0.832003
ACTTATTTATGTGCCA-1,0.060264,0.239826,0.69991
ACTTCAGGCTGATCCC-1,0.105477,0.068666,0.825857
ACTTCCAGTGGAAGCT-1,0.013129,0.000282,0.98659
ACTTCCATGCGGGACA-1,0.771065,0.044677,0.184257
ACTTCCTGTCGTGCGA-1,0.046174,0.541827,0.411999
ACTTCGCCATACGCAC-1,0.000021,0.322636,0.677343
ACTTCGCTAGCGAGTG-1,0.015797,0.51869,0.465513
ACTTGACTCCCTCTTT-1,0.046598,0.278413,0.674988
ACTTGCCATATTGTAC-1,0.000049,0.034243,0.965708
ACTTGCTCTATCTACC-1,0.01192,0.506471,0.481609
ACTTGGGACCCGGTGG-1,0.056848,0.045652,0.897501
ACTTGGGCTTTCGCCA-1,0.568835,0.349344,0.081822
ACTTGTAGTCCCTTCA-1,0.000017,0.285439,0.714544
ACTTGTGGATGGAACG-1,0.049775,0.507981,0.442244
ACTTGTTACCGGATCA-1,0.000046,0.652537,0.347417
ACTTTACCCTCATGAA-1,0.010671,0.386432,0.602896
ACTTTATACACCACTT-1,0.004978,0.891423,0.103599
ACTTTCCTATAGCTTC-1,0.001995,0.110002,0.888002
ACTTTGACTGCATCCT-1,0.00002,0.373004,0.626975
ACTTTGGTCGTGCTCC-1,0.000057,0.025496,0.974447
ACTTTGTCGACGCACT-1,0.157692,0.678079,0.16423
AGAAATTATGACTCGC-1,0.206194,0.591133,0.202674
AGAACACGGCGATGGT-1,0.000013,0.653022,0.346966
AGAACCCAGCGTGACA-1,0.123158,0.606256,0.270587
AGAACCCTCAATTGGG-1,0.000021,0.268841,0.731138
AGAACGTGGTACATTC-1,0.000024,0.106369,0.893606
AGAACTGTACTTTGTA-1,0.962712,0.037123,0.000165
AGAAGAGCGCCGTTCC-1,0.000368,0.001471,0.998161
AGAAGGTACACTTCAC-1,0.000016,0.221515,0.778469
AGAAGGTTGCCGAATT-1,0.000026,0.084081,0.915892
AGAAGGTTGTAGGTCG-1,0.405756,0.086343,0.5079
AGAAGTGATTCGTGAT-1,0.015443,0.003212,0.981345
AGAATAAATCTTCAGG-1,0.06735,0.011288,0.921362
AGAATACAGGCTATCC-1,0.60104,0.381497,0.017463
AGAATGCGGGTTCGGA-1,0.003166,0.338844,0.65799
AGAATTATGGATTCGA-1,0.085949,0.112371,0.80168
AGAATTGTTTGACATA-1,0.002352,0.273545,0.724102
AGACAGCTCAGAATCC-1,0.012201,0.113556,0.874243
AGACAGGCATCTCAGC-1,0.07482,0.61985,0.30533
AGACATAGATCCTTCC-1,0.000057,0.141353,0.85859
AGACCAAACCACACCT-1,0.000023,0.367749,0.632227
AGACCATGGGATACAA-1,0.00004,0.192771,0.80719
AGACCCACCGCTGATC-1,0.157785,0.014233,0.827982
AGACCCGCCCTCCTCG-1,0.042207,0.187998,0.769795
AGACCGCTCCGCGGTT-1,0.071045,0.770396,0.158559
AGACCGGGAAACCCTG-1,0.000038,0.055375,0.944587
AGACGAAGTGCCGGTC-1,0.053455,0.329755,0.616789
AGACGACGATGCCGCT-1,0.000017,0.139922,0.860061
AGACGCCCACTTCGCC-1,0.156625,0.752274,0.091101
AGACGGGATTGGTATA-1,0.000054,0.358072,0.641873
AGACGGGCCGATTTAA-1,0.089064,0.332292,0.578643
AGACTAGCCTTCCAGA-1,0.000046,0.053393,0.946561
AGACTGTTACCGGGTC-1,0.065398,0.105514,0.829089
AGAGAAACACCAGAAA-1,0.068344,0.131922,0.799734
AGAGAACCGTCTAGGA-1,0.00002,0.127166,0.872814
AGAGAAGGAGTACAAT-1,0.004058,0.137269,0.858672
AGAGATCTCTAAAGCG-1,0.020125,0.071682,0.908194
AGAGCAGTTATGAGAC-1,0.00003,0.107491,0.892479
AGAGCCGCCGAGATTT-1,0.090586,0.619676,0.289737
AGAGCGCTTGTAACGG-1,0.134921,0.804688,0.06039
AGAGCGGGCTAATCAT-1,0.000013,0.047531,0.952456
AGAGCGTACAAGCTCG-1,0.000063,0.063613,0.936324
AGAGCTACGAAAGCAT-1,0.037102,0.137065,0.825833
AGAGGCTTCGGAAACC-1,0.106015,0.275533,0.618452
AGAGGGACAATTGTCC-1,0.061208,0.715641,0.223151
AGAGGTATCTCGGTCC-1,0.000027,0.232636,0.767338
AGAGTAAACTTCACTA-1,0.047249,0.390498,0.562254
AGAGTATAGTGTTACG-1,0.1975,0.303658,0.498842
AGAGTCTTAATGAAAG-1,0.051467,0.821452,0.127081
AGAGTGAACAGACACC-1,0.000021,0.899815,0.100165
AGAGTTAGAGACCGAT-1,0.269175,0.23496,0.495866
AGAGTTGCAGGCCTCC-1,0.025445,0.72675,0.247805
AGATAACTTCAGGGCC-1,0.000015,0.072983,0.927001
AGATAATCACACCTAT-1,0.045793,0.504918,0.44929
AGATACCAATAGAACC-1,0.001791,0.870917,0.127291
AGATACCAGCACTTCA-1,0.016588,0.576139,0.407273
AGATACCGGTGTTCAC-1,0.037153,0.023721,0.939126
AGATACGACTTCATAT-1,0.001696,0.08498,0.913325
AGATACTCAAGATCGA-1,0.00512,0.135196,0.859684
AGATATAATACGACTA-1,0.303593,0.000481,0.695926
AGATCGTGCATAAGAT-1,0.000035,0.307616,0.692349
AGATCTCAGGTGTGAT-1,0.007922,0.117303,0.874775
AGATCTGGAGAGGATA-1,0.000011,0.746911,0.253078
AGATGACTCGCCCACG-1,0.00004,0.061397,0.938563
AGATGAGGGTTGCGAT-1,0.0451,0.089843,0.865057
AGATGATGGAGTCTGG-1,0.019194,0.218606,0.7622
AGATGCAAGACGTGCA-1,0.006497,0.106869,0.886634
AGATGCATCCTGTGTC-1,0.000041,0.10758,0.892378
AGATGCTATAACGAGC-1,0.000109,0.167105,0.832786
AGATTATAGGACGTTT-1,0.000023,0.219002,0.780975
AGATTCAAGCGGGTCG-1,0.000031,0.712514,0.287455
AGATTCACAACCGATA-1,0.000012,0.246927,0.75306
AGCAAAGGCCGCTAGT-1,0.289916,0.027259,0.682825
AGCAACATATCTTATT-1,0.045596,0.205987,0.748417
AGCAACCGAAAGTAAT-1,0.000218,0.157757,0.842025
AGCACACGTTTAGACT-1,0.04719,0.270006,0.682804
AGCACCAGTACTCACG-1,0.044234,0.150515,0.805251
AGCACTACCGGCCTGT-1,0.120115,0.081646,0.798239
AGCACTACCTCACCAG-1,0.297257,0.021212,0.681531
AGCACTTAAGGACGCC-1,0.000036,0.039379,0.960585
AGCAGAAGGAGAAAGA-1,0.313137,0.028043,0.65882
AGCAGCCAGATGAATA-1,0.093082,0.081341,0.825577
AGCAGTCGAAGCATGC-1,0.287912,0.657901,0.054187
AGCATATCAATATGCT-1,0.236977,0.0966,0.666423
AGCATCATTTCGAAAG-1,0.001315,0.383516,0.61517
AGCATCGTCGATAATT-1,0.000018,0.170226,0.829756
AGCATTACGAGGCAAG-1,0.438471,0.396249,0.16528
AGCCAAGCTTTGTGTC-1,0.056186,0.119161,0.824653
AGCCACAGGTTACCCG-1,0.337991,0.147705,0.514304
AGCCACTCCCGTGCTT-1,0.000027,0.206015,0.793958
AGCCATATAGTATGTG-1,0.201422,0.032947,0.765631
AGCCCATACATGTAAG-1,0.021714,0.049616,0.92867
AGCCCGCAACAAGCAG-1,0.155114,0.248761,0.596125
AGCCCGCACTACAATG-1,0.112244,0.864405,0.023351
AGCCCGGCATTAGAGG-1,0.000844,0.155172,0.843983
AGCCCGGTAGCCTGTA-1,0.054584,0.017074,0.928342
AGCCCTAAGCGAAGTT-1,0.035846,0.091283,0.872871
AGCCCTCCCTGGTGGC-1,0.0447,0.322577,0.632723
AGCCCTGTCGCACCGT-1,0.036609,0.7058,0.257591
AGCCCTTCTAATCCGA-1,0.014447,0.110743,0.87481
AGCCCTTGGACATCCC-1,0.017224,0.881914,0.100862
AGCCGCAAATTCAAAT-1,0.004776,0.104025,0.891199
AGCCGCTTGATTAGCG-1,0.19895,0.102035,0.699015
AGCCGTGGCTAAATGT-1,0.000032,0.133741,0.866227
AGCCTAATACCCACGT-1,0.000026,0.45018,0.549794
AGCCTTAAAGCGGAAG-1,0.000073,0.000292,0.999634
AGCCTTGTCACTGATA-1,0.000027,0.703407,0.296566
AGCGACAGGAACGGTC-1,0.008752,0.069951,0.921297
AGCGACATCCCATTCA-1,0.030709,0.167628,0.801663
AGCGACCAACGATATT-1,0.000748,0.157297,0.841954
AGCGACTTTGAAGACA-1,0.095713,0.424872,0.479414
AGCGAGACGTGAAGGC-1,0.045609,0.037112,0.917278
AGCGATGCGCCTAATA-1,0.241097,0.648708,0.110194
AGCGCATAATGAATCG-1,0.133082,0.024823,0.842095
AGCGCGGGTGCCAATG-1,0.000027,0.159819,0.840153
AGCGCTAGAGCGATGT-1,0.000033,0.628769,0.371198
AGCGCTTATGGGCAAG-1,0.019076,0.213044,0.76788
AGCGGACACTTCGTAG-1,0.38625,0.000336,0.613414
AGCGGCGGTTAGCGGT-1,0.000017,0.363062,0.636921
AGCGGGAAGGGTCCAT-1,0.000034,0.064887,0.935079
AGCGGGTCTGACACTC-1,0.455659,0.00025,0.544091
AGCGGTTGAGATGTAC-1,0.030489,0.447828,0.521682
AGCGGTTGCCGCTCTG-1,0.050133,0.514459,0.435408
AGCGTACGAGAGCTAG-1,0.039566,0.201317,0.759117
AGCGTCTGAACCCGCA-1,0.000019,0.321251,0.678729
AGCGTGGTATTCTACT-1,0.211819,0.009413,0.778767
AGCGTTCCGATTTAAA-1,0.004476,0.48876,0.506765
AGCTAACAAGCAATGT-1,0.000011,0.192938,0.807051
AGCTAAGCTCCGTCCG-1,0.09415,0.447189,0.458661
AGCTAAGTACGCAGGC-1,0.722493,0.000163,0.277345
AGCTACGAATGGTGGT-1,0.253605,0.483384,0.263011
AGCTAGAAGCAGAAGT-1,0.014882,0.296322,0.688797
AGCTATTTAATCCAAC-1,0.120097,0.006545,0.873358
AGCTCCATATATGTTC-1,0.098573,0.682084,0.219343
AGCTCCTTCGCACATC-1,0.547571,0.007043,0.445386
AGCTCGTTGATGGAAA-1,0.177317,0.38333,0.439353
AGCTCTAGACGTTCCA-1,0.027473,0.204989,0.767538
AGCTCTTCCCAGTGCA-1,0.164031,0.094008,0.741961
AGCTCTTCGTAACCTT-1,0.000022,0.445974,0.554003
AGCTCTTTACTCAGTT-1,0.10764,0.073509,0.818851
AGCTGAAGTAAACCAA-1,0.000027,0.122614,0.87736
AGCTGCATTTGAGGTG-1,0.010879,0.529476,0.459645
AGCTGCTGTGCCGAAT-1,0.094876,0.556276,0.348849
AGCTGTAACCTCAATC-1,0.101181,0.08698,0.811839
AGCTTATAGAGACCTG-1,0.012022,0.084047,0.903932
AGCTTCAATACTTTGA-1,0.000036,0.342461,0.657502
AGCTTCTTCTCGAGCA-1,0.588212,0.313737,0.098051
AGCTTGATCAGGGTAG-1,0.034261,0.828978,0.136761
AGCTTGATCTTAACTT-1,0.000018,0.097165,0.902817
AGGAAAGCCTCTGATG-1,0.04855,0.245915,0.705535
AGGAACGAACGACTTC-1,0.214565,0.637099,0.148336
AGGAAGCTGTCCGCCG-1,0.132677,0.178715,0.688608
AGGACAGTCGAATCCC-1,0.244117,0.023869,0.732014
AGGACATCGCACGTCG-1,0.01945,0.000219,0.980331
AGGACATCGGCACACT-1,0.156157,0.787727,0.056116
AGGACGACCCATTAGA-1,0.000021,0.039483,0.960495
AGGACGCTCGATGTTG-1,0.00461,0.217447,0.777943
AGGACTTATAGGAGAA-1,0.051605,0.188894,0.759501
AGGAGACATCCACAGT-1,0.071913,0.776946,0.151141
AGGAGAGTCTGGCTAC-1,0.020864,0.451009,0.528127
AGGAGCGTTTATTATC-1,0.090059,0.729355,0.180586
AGGAGGCCTTCGCGCG-1,0.097376,0.220938,0.681686
AGGATAAAGTCGGGAT-1,0.23224,0.000161,0.767599
AGGATATAGGGATTTA-1,0.160412,0.205699,0.633889
AGGATATCCGACTGCA-1,0.397335,0.472199,0.130467
AGGATCACGCGATCTG-1,0.000038,0.199713,0.800249
AGGATTGCTTACGACA-1,0.048646,0.680178,0.271176
AGGCAATACGGAGGAC-1,0.047503,0.240969,0.711527
AGGCACGTGACTGTCC-1,0.225043,0.690014,0.084943
AGGCAGATGCGTAAAC-1,0.000031,0.056793,0.943177
AGGCAGGGAGCGTACT-1,0.000027,0.124894,0.875078
AGGCATTGTCGTAGGG-1,0.000023,0.208296,0.791681
AGGCCACATTGGTTAC-1,0.035431,0.589439,0.37513
AGGCCACCCGTTATGA-1,0.087338,0.132438,0.780224
AGGCCCAGTGACTGGT-1,0.07517,0.100054,0.824775
AGGCCCATTGTACAGG-1,0.000473,0.120909,0.878619
AGGCCCTAGAACGCCA-1,0.017893,0.140447,0.84166
AGGCCTATCATACCAA-1,0.067166,0.062508,0.870326
AGGCCTGAGAATCTCG-1,0.172849,0.654893,0.172258
AGGCGATAACTGGCGT-1,0.193584,0.652471,0.153945
AGGCGGTTTGTCCCGC-1,0.000013,0.136397,0.86359
AGGCGTCTATGGACGG-1,0.017058,0.326147,0.656794
AGGCTATGGTTAGCTT-1,0.000038,0.150693,0.849268
AGGCTTAAGTTGCACA-1,0.489692,0.168837,0.341471
AGGCTTCCCGAAGAAG-1,0.151797,0.020824,0.827379
AGGCTTGCTAGACACC-1,0.000033,0.109552,0.890415
AGGGAAACGAGGTACT-1,0.077441,0.145632,0.776927
AGGGACAGCACGGCGG-1,0.000048,0.110486,0.889467
AGGGACCGGCTGCGTT-1,0.018888,0.346258,0.634853
AGGGACTCTACGCGAC-1,0.114834,0.000187,0.884979
AGGGAGACATACTTCG-1,0.000026,0.349012,0.650962
AGGGCAGCGGCGTGGT-1,0.269858,0.067149,0.662993
AGGGCCCTAATGTTCT-1,0.235743,0.599467,0.16479
AGGGCGAGCAGCTGAT-1,0.000019,0.309199,0.690782
AGGGCGTGATCGGCTA-1,0.000054,0.000216,0.99973
AGGGCTGCAGTTACAG-1,0.047815,0.054773,0.897412
AGGGTCAGAGCACTCG-1,0.096257,0.104876,0.798866
AGGGTCAGTAACCCTA-1,0.020417,0.275696,0.703887
AGGGTCGATGCGAACT-1,0.017641,0.045685,0.936675
AGGGTCTGGACGCAGT-1,0.074206,0.90602,0.019774
AGGGTGCCGTTCTTTA-1,0.069444,0.191829,0.738727
AGGGTGCTCTCGAGGG-1,0.021686,0.167132,0.811182
AGGGTGGATAGTGCAT-1,0.046077,0.090812,0.863111
AGGGTGTGCTACACGC-1,0.006887,0.504351,0.488762
AGGGTTCAGACGGTCC-1,0.008158,0.14324,0.848602
AGGGTTCCCTTTGGTT-1,0.013994,0.254052,0.731954
AGGGTTTAGTTCGGGA-1,0.018965,0.02524,0.955795
AGGTAACCTCCTATTC-1,0.000065,0.080983,0.918953
AGGTACGATATTGCCA-1,0.000853,0.208753,0.790394
AGGTAGATCGAGATAT-1,0.044687,0.109003,0.84631
AGGTAGGTACAAAGCT-1,0.002597,0.031514,0.965889
AGGTATAATTGATAGT-1,0.005728,0.321907,0.672365
AGGTATGCGGACATTA-1,0.055503,0.607992,0.336505
AGGTCAGGTGAGAGTG-1,0.000052,0.031728,0.96822
AGGTCGCCACTTCGGT-1,0.129563,0.02178,0.848657
AGGTCGCCTCCCAACA-1,0.493112,0.427315,0.079573
AGGTCGCGGAGTTACT-1,0.104388,0.146147,0.749466
AGGTGCACGTCCACAT-1,0.621132,0.278311,0.100557
AGGTGGTGACCTTCGC-1,0.124307,0.095549,0.780144
AGGTGTATCGCCATGA-1,0.000027,0.265846,0.734127
AGGTGTTGCCGACCAC-1,0.025155,0.602883,0.371962
AGGTTACACCATGCCG-1,0.040169,0.563817,0.396015
AGGTTCTCCTTTCCGG-1,0.000021,0.497795,0.502184
AGGTTGAGGCACGCTT-1,0.068386,0.062558,0.869056
AGGTTTCACACACCTT-1,0.021399,0.026427,0.952173
AGTAACGTTCATCCTG-1,0.004223,0.40151,0.594267
AGTAACTATAGCAGCC-1,0.285828,0.451772,0.262401
AGTAAGGGACAGAATC-1,0.31139,0.377098,0.311512
AGTAATCTAAGGGTGG-1,0.999628,0.000168,0.000204
AGTAATGTCTTGCCGC-1,0.006777,0.168347,0.824876
AGTAATTTGCAAGCGT-1,0.000022,0.441609,0.558369
AGTACAGAAGCTTATA-1,0.69237,0.000428,0.307202
AGTACATCATTTATCA-1,0.040971,0.297122,0.661907
AGTACCTTCGAGTGCT-1,0.00432,0.470273,0.525407
AGTACGGCCCGTATCG-1,0.006487,0.000185,0.993328
AGTACGGGCACCTGGC-1,0.000027,0.126536,0.873437
AGTACGTGGCCTGTCT-1,0.000024,0.501919,0.498057
AGTACTCTTATGCCCA-1,0.188575,0.074307,0.737118
AGTAGAAGGCGCCTCA-1,0.329863,0.128566,0.541571
AGTAGCGTGAACGAAC-1,0.081798,0.260205,0.657996
AGTAGCTAGACGCCGA-1,0.034768,0.573565,0.391668
AGTAGGAAGGAAGTTG-1,0.009842,0.259692,0.730465
AGTAGGTAACATACAT-1,0.004425,0.089599,0.905975
AGTATAATACTAGGCA-1,0.028891,0.340027,0.631082
AGTATACACAGCGACA-1,0.000016,0.532085,0.4679
AGTATGCTGGAGACCA-1,0.000024,0.145743,0.854234
AGTATTTGGCACGACC-1,0.166576,0.019811,0.813614
AGTCAAATGATGTGAT-1,0.079505,0.091681,0.828814
AGTCAACACCACCATC-1,0.01567,0.02607,0.958259
AGTCAAGATGACACTT-1,0.077876,0.199319,0.722805
AGTCACTAGCTCTCGA-1,0.008701,0.436582,0.554717
AGTCACTCCGCCTCAT-1,0.001581,0.189424,0.808995
AGTCAGCCACCGCCTG-1,0.00005,0.152803,0.847147
AGTCCAGCGGGTACGT-1,0.027539,0.086653,0.885808
AGTCCATTGGCTGATG-1,0.029521,0.13679,0.833689
AGTCCCGCCTTTAATT-1,0.065519,0.214195,0.720286
