Barcode,Topic 1to7,Topic 8,Topic 9
AAACAACGAATAGTTC-1,0.276172,0.087675,0.636153
AAACAAGTATCTCCCA-1,0.808342,0.065627,0.126031
AAACAATCTACTAGCA-1,0.994707,0.000067,0.005226
AAACACCAATAACTGC-1,0.999812,0.000094,0.000094
AAACAGAGCGACTCCT-1,0.992226,0.007741,0.000032
AAACAGCTTTCAGAAG-1,0.94827,0.051685,0.000045
AAACAGGGTCTATATT-1,0.985536,0.000072,0.014392
AAACAGTGTTCCTGGG-1,0.515501,0.000119,0.48438
AAACATGGTGAGAGGA-1,0.999864,0.000068,0.000068
AAACATTTCCCGGATT-1,0.925339,0.000036,0.074625
AAACCACTACACAGAT-1,0.000505,0.950143,0.049352
AAACCCGAACGAAATC-1,0.495775,0.405526,0.0987
AAACCGGAAATGTTAA-1,0.0453,0.840614,0.114086
AAACCGGGTAGGTACC-1,0.168986,0.000144,0.830869
AAACCGTTCGTCCAGG-1,0.180261,0.000131,0.819608
AAACCTAAGCAGCCGG-1,0.939735,0.026014,0.03425
AAACCTCATGAAGTTG-1,0.999857,0.000072,0.000072
AAACGAAGAACATACC-1,0.803319,0.026957,0.169725
AAACGAAGATGGAGTA-1,0.999831,0.000084,0.000084
AAACGACAGTCTTGCC-1,0.000681,0.924418,0.074901
AAACGAGACGGTTGAT-1,0.999944,0.000028,0.000028
AAACGCCCGAGATCGG-1,0.209004,0.675898,0.115098
AAACGCTGGGCACGAC-1,0.277005,0.476296,0.246698
AAACGGGCGTACGGGT-1,0.921225,0.059085,0.019689
AAACGGGTTGGTATCC-1,0.547795,0.060144,0.392061
AAACGGTTGCGAACTG-1,0.99992,0.00004,0.00004
AAACGTGTTCGCCCTA-1,0.026928,0.973014,0.000058
AAACTAACGTGGCGAC-1,0.167234,0.816399,0.016368
AAACTCGGTTCGCAAT-1,0.894559,0.00049,0.104951
AAACTCGTGATATAAG-1,0.436189,0.563772,0.000039
AAACTGCTGGCTCCAA-1,0.970297,0.000074,0.029629
AAACTTAATTGCACGC-1,0.924941,0.000072,0.074987
AAACTTGCAAACGTAT-1,0.999876,0.000062,0.000062
AAAGAATGACCTTAGA-1,0.999836,0.000082,0.000082
AAAGAATGTGGACTAA-1,0.779402,0.064949,0.155649
AAAGACATGAAGTTTA-1,0.886638,0.049243,0.064119
AAAGACCCAAGTCGCG-1,0.907898,0.028683,0.063419
AAAGACTGGGCGCTTT-1,0.933529,0.000125,0.066347
AAAGCTTGCCTACATA-1,0.057796,0.939146,0.003058
AAAGGCCCTATAATAC-1,0.239218,0.092848,0.667934
AAAGGCTACGGACCAT-1,0.99562,0.000089,0.004291
AAAGGCTCTCGCGCCG-1,0.973827,0.00012,0.026053
AAAGGGATGTAGCAAG-1,0.941901,0.057968,0.000131
AAAGGGCAGCTTGAAT-1,0.170644,0.000176,0.82918
AAAGGTAAGCTGTACC-1,0.185007,0.26756,0.547433
AAAGGTCAACGACATG-1,0.394208,0.508049,0.097743
AAAGTAGCATTGCTCA-1,0.504132,0.000161,0.495707
AAAGTCACTGATGTAA-1,0.999791,0.000104,0.000104
AAAGTCGACCCTCAGT-1,0.999823,0.000089,0.000089
AAAGTGCCATCAATTA-1,0.412699,0.587214,0.000087
AAAGTGTGATTTATCT-1,0.707999,0.074382,0.217619
AAAGTTGACTCCCGTA-1,0.914755,0.055578,0.029667
AAATAACCATACGGGA-1,0.746694,0.07659,0.176715
AAATAAGGTAGTGCCC-1,0.123893,0.857107,0.018999
AAATACCTATAAGCAT-1,0.850784,0.079046,0.07017
AAATAGCTTAGACTTT-1,0.424192,0.211316,0.364492
AAATAGGGTGCTATTG-1,0.95529,0.030594,0.014117
AAATCACTCCTAAACG-1,0.055109,0.944826,0.000064
AAATCCGATACACGCC-1,0.809436,0.184655,0.005909
AAATCGCGGAAGGAGT-1,0.999883,0.000058,0.000058
AAATCGTGTACCACAA-1,0.880808,0.000088,0.119103
AAATCTAGCCCTGCTA-1,0.94403,0.055923,0.000047
AAATCTGCCCGCGTCC-1,0.9999,0.00005,0.00005
AAATGACTGATCAAAC-1,0.99201,0.000091,0.007899
AAATGATTCGATCAGC-1,0.162888,0.735627,0.101485
AAATGCTCGTTACGTT-1,0.601543,0.000138,0.398319
AAATGGCATGTCTTGT-1,0.945107,0.000058,0.054835
AAATGGCCCGTGCCCT-1,0.949102,0.050848,0.000049
AAATGGTCAATGTGCC-1,0.985259,0.000113,0.014628
AAATGTATCTTATCCC-1,0.98541,0.007908,0.006682
AAATGTGGGTGCTCCT-1,0.854795,0.000085,0.14512
AAATTAACGGGTAGCT-1,0.894751,0.000125,0.105124
AAATTAATAAGCGCGA-1,0.988118,0.011858,0.000023
AAATTACACGACTCTG-1,0.746327,0.000066,0.253607
AAATTACCTATCGATG-1,0.781487,0.015572,0.202941
AAATTCCAGGTCCAAA-1,0.536691,0.463257,0.000052
AAATTGATAGTCCTTT-1,0.680971,0.000305,0.318723
AAATTGCGGCGGTTCT-1,0.233186,0.000207,0.766607
AAATTGGTGAGAAGCA-1,0.09694,0.771048,0.132012
AAATTTACCGAAATCC-1,0.949337,0.04078,0.009883
AAATTTGCGGGTGTGG-1,0.28966,0.055345,0.654995
AACAACTGGTAGTTGC-1,0.822422,0.000154,0.177424
AACAATACATTGTCGA-1,0.393498,0.000204,0.606298
AACAATTACTCTACGC-1,0.908959,0.000215,0.090826
AACACACGCTCGCCGC-1,0.825626,0.123738,0.050636
AACACGACTGTACTGA-1,0.980498,0.019451,0.000052
AACACGAGACGCGGCC-1,0.99992,0.00004,0.00004
AACACGCGGCCGCGAA-1,0.526565,0.000125,0.473311
AACAGCTGTGTGGCAA-1,0.770349,0.000155,0.229496
AACAGGAAATCGAATA-1,0.966702,0.033255,0.000043
AACAGGATGGGCCGCG-1,0.549306,0.000646,0.450047
AACAGGTAGTATGGAT-1,0.301732,0.386801,0.311466
AACATAGCGTGTATCG-1,0.925622,0.054386,0.019991
AACATATCAACTGGTG-1,0.708562,0.049675,0.241763
AACATCGATACGTCTA-1,0.213912,0.733575,0.052513
AACATTGAAGTTGATC-1,0.022902,0.000208,0.97689
AACATTGGTCAGCCGT-1,0.538133,0.000259,0.461608
AACATTGTGACTCGAG-1,0.86451,0.000121,0.135369
AACCAAGACTTCTCTG-1,0.999856,0.000072,0.000072
AACCAGTATCACTCTT-1,0.907001,0.001559,0.09144
AACCATAGGGTTGAAC-1,0.999923,0.000038,0.000038
AACCATGGGATCGCTA-1,0.761999,0.043018,0.194983
AACCCAGAGACGGAGA-1,0.527671,0.000214,0.472115
AACCCATCCCATGATC-1,0.999891,0.000054,0.000054
AACCCGACAACCCGTG-1,0.436346,0.00024,0.563415
AACCCGAGCAGAATCG-1,0.824116,0.175769,0.000115
AACCCGATAGGGCTTC-1,0.109774,0.890191,0.000035
AACCCGCTGTATTCCA-1,0.971843,0.000069,0.028088
AACCCTACTGTCAATA-1,0.808227,0.001056,0.190718
AACCCTGGTGGAACCA-1,0.993169,0.003586,0.003245
AACCGAGCTTGGTCAT-1,0.916817,0.015831,0.067352
AACCGCTAAGGGATGC-1,0.965965,0.000031,0.034003
AACCGTTGTGTTTGCT-1,0.999827,0.000086,0.000086
AACCTAAAGCCGTCCG-1,0.786362,0.012246,0.201392
AACCTCGCTTTAGCCC-1,0.970488,0.029469,0.000043
AACCTGTCACGGAATT-1,0.281169,0.718752,0.000079
AACCTTTAAATACGGT-1,0.999945,0.000027,0.000027
AACCTTTACGACGTCT-1,0.990653,0.009309,0.000038
AACGAAAGTCGTCCCA-1,0.963022,0.036912,0.000066
AACGACCTCCTAGCCG-1,0.331176,0.63195,0.036874
AACGATAATGCCGTAG-1,0.88719,0.04365,0.06916
AACGATAGAAGGGCCG-1,0.98592,0.000086,0.013995
AACGATATGTCAACTG-1,0.928674,0.000065,0.071261
AACGCATGATCTGGGT-1,0.89764,0.063701,0.038659
AACGCGAACGGCAACA-1,0.551172,0.019691,0.429137
AACGCGACCTTGGGCG-1,0.999884,0.000058,0.000058
AACGCGGTCTCCAGCC-1,0.99984,0.00008,0.00008
AACGCTGTTGCTGAAA-1,0.9999,0.00005,0.00005
AACGGACGTACGTATA-1,0.965241,0.034711,0.000048
AACGGCCATCTCCGGT-1,0.211649,0.000116,0.788235
AACGTACTGTGGGTAC-1,0.548556,0.000227,0.451217
AACGTAGTCTACCCAT-1,0.738427,0.000167,0.261406
AACGTCAGACTAGTGG-1,0.493811,0.003439,0.502749
AACGTCGCTGCACTTC-1,0.833361,0.085013,0.081627
AACGTGATGAAGGACA-1,0.982113,0.000042,0.017844
AACGTGCGAAAGTCTC-1,0.893966,0.059807,0.046228
AACGTTATCAGCACCT-1,0.870323,0.000151,0.129526
AACGTTCTACCATTGT-1,0.384492,0.615263,0.000244
AACTACCCGTTTGTCA-1,0.231446,0.389699,0.378855
AACTAGCGTATCGCAC-1,0.999713,0.000143,0.000143
AACTAGGCTTGGGTGT-1,0.999899,0.00005,0.00005
AACTCAAGTTAATTGC-1,0.793004,0.000184,0.206812
AACTCCAGAGCGTGTT-1,0.911493,0.030997,0.05751
AACTCCTAATCCCATG-1,0.97535,0.024615,0.000034
AACTCGATAAACACGT-1,0.999913,0.000043,0.000043
AACTCGATGGCGCAGT-1,0.559502,0.000322,0.440176
AACTCTCAATAGAGCG-1,0.726034,0.015925,0.258041
AACTCTCAGTGTGCTC-1,0.283921,0.000205,0.715874
AACTGAGGTCAGCGTC-1,0.254957,0.298909,0.446134
AACTGAGTTATACTGA-1,0.116251,0.830633,0.053116
AACTGATATTAGGCCT-1,0.914845,0.021202,0.063953
AACTGGGTCCCGACGT-1,0.9124,0.000045,0.087555
AACTGGGTTCGAGCCG-1,0.944588,0.032762,0.02265
AACTGGTGTGGGCCTT-1,0.487903,0.000143,0.511954
AACTTCTGCGTCTATC-1,0.999766,0.000117,0.000117
AACTTGCCCGTATGCA-1,0.285624,0.000202,0.714174
AACTTGCGTTCTCGCG-1,0.786248,0.030334,0.183418
AACTTTACGGGAGCTT-1,0.999891,0.000055,0.000055
AACTTTAGCTGCTGAG-1,0.999827,0.000087,0.000087
AACTTTCTCGATCATG-1,0.019923,0.897332,0.082745
AAGAAAGTTTGATGGG-1,0.879906,0.000213,0.119881
AAGAAATCACCAGATT-1,0.000272,0.999689,0.000039
AAGAAGGATCAGTTAG-1,0.486301,0.000307,0.513392
AAGACATACGTGGTTT-1,0.771118,0.106215,0.122667
AAGACCAAATAACTCA-1,0.913426,0.000058,0.086516
AAGACCCAACTGAACA-1,0.96612,0.000077,0.033804
AAGACTAACCCGTTGT-1,0.750572,0.000545,0.248883
AAGACTCACGCCCACT-1,0.848662,0.102178,0.04916
AAGACTGCAAGCTACT-1,0.97646,0.000086,0.023454
AAGAGATGAATCGGTA-1,0.249659,0.033018,0.717323
AAGAGCTCTTTATCGG-1,0.96936,0.000053,0.030588
AAGAGGATGTACGCGA-1,0.001622,0.000232,0.998147
AAGAGGCATGGATCGC-1,0.774902,0.000052,0.225046
AAGAGGCCCTTTGGAA-1,0.279644,0.145556,0.5748
AAGATGGCACCGGACC-1,0.246611,0.056685,0.696703
AAGATTGGCGGAACGT-1,0.881291,0.000063,0.118646
AAGCACCCTGCGTATC-1,0.989841,0.010086,0.000074
AAGCATACTCTCCTGA-1,0.981881,0.018065,0.000054
AAGCCACTTGCAGGTA-1,0.291451,0.000178,0.708371
AAGCCGAAGCGGTTTA-1,0.867719,0.086912,0.04537
AAGCCGCCGTGAAATC-1,0.340261,0.000086,0.659652
AAGCCGCTTTACCTTG-1,0.121574,0.87838,0.000047
AAGCCGGAGAGCAGGA-1,0.095253,0.867465,0.037282
AAGCGCAGGGCTTTGA-1,0.992407,0.00757,0.000023
AAGCGGAGTGCGCGCA-1,0.034415,0.864788,0.100797
AAGCGGCGTCATGGGT-1,0.999868,0.000066,0.000066
AAGCGTCCCTCATCGA-1,0.831887,0.000211,0.167902
AAGCTAGATCGAGTAA-1,0.999938,0.000031,0.000031
AAGCTATGGATTGACC-1,0.977403,0.000082,0.022515
AAGCTCGTGCCAAGTC-1,0.908481,0.050646,0.040872
AAGCTCTTTCATGGTG-1,0.900134,0.00012,0.099745
AAGGAGAACTTATAAG-1,0.998569,0.000067,0.001364
AAGGAGCGGTTGGTGC-1,0.967797,0.00009,0.032113
AAGGATCGATCGCTTG-1,0.289732,0.268517,0.441751
AAGGATGAGGGACCTC-1,0.757997,0.038493,0.20351
AAGGCAGGCTGTCTCC-1,0.265987,0.666293,0.06772
AAGGCGCGTAAAGCTT-1,0.222192,0.134554,0.643254
AAGGCTGTGCTCATCG-1,0.999721,0.00014,0.00014
AAGGGAACGACTGGCT-1,0.506702,0.000196,0.493102
AAGGGACAGATTCTGT-1,0.908287,0.047267,0.044446
AAGGGACTATGCATTC-1,0.388823,0.000188,0.610989
AAGGGTTAGCCATGCG-1,0.335646,0.436209,0.228145
AAGGGTTTGATTTCAG-1,0.987389,0.000117,0.012494
AAGGTATCCTAATATA-1,0.922533,0.013377,0.064091
AAGGTGATAAACCAGC-1,0.92381,0.076126,0.000064
AAGTAAGCTTCCAAAC-1,0.802832,0.000128,0.19704
AAGTAGAAGACCGGGT-1,0.999827,0.000087,0.000087
AAGTAGTGACGCGAGG-1,0.568507,0.004822,0.426671
AAGTCAATTGTCGTCA-1,0.901167,0.042407,0.056425
AAGTCTAGTAGCTGCC-1,0.000356,0.999593,0.000051
AAGTCTTCTGTGGCCT-1,0.996894,0.003077,0.000028
AAGTGACGACCGAATT-1,0.969516,0.000138,0.030346
AAGTGAGTCGGGTTTA-1,0.936216,0.000089,0.063695
AAGTGCAAAGGTAGAC-1,0.95906,0.003631,0.037309
AAGTGCCTTGACTGTA-1,0.614252,0.206445,0.179303
AAGTGCGTTAGAATCT-1,0.307535,0.000262,0.692202
AAGTGCTTCTCTATTG-1,0.290669,0.000438,0.708894
AAGTGTTTGGAGACGG-1,0.992244,0.007701,0.000055
AAGTTCACTCCAAGCT-1,0.791979,0.206182,0.001839
AAGTTCAGTCTGCGTA-1,0.404253,0.08748,0.508267
AAGTTCGGCCAACAGG-1,0.757747,0.000261,0.241992
AAGTTGTGATGTTATA-1,0.539563,0.197347,0.26309
AAGTTTACTAATGGCA-1,0.968764,0.031197,0.000039
AAGTTTATGGGCCCAA-1,0.983617,0.000595,0.015788
AATAACAACGCTCGGC-1,0.557036,0.000312,0.442652
AATAACACTAGAACAA-1,0.135561,0.000106,0.864332
AATAACGTCGCGCCCA-1,0.309348,0.584389,0.106263
AATAAGTCCTCGAGAC-1,0.804473,0.107487,0.08804
AATAATCTTCGTATCG-1,0.524367,0.452511,0.023122
AATACAATGTTTCAGG-1,0.987924,0.000137,0.011939
AATACCGGAGGGCTGT-1,0.519284,0.000284,0.480431
AATACCTGATGTGAAC-1,0.879493,0.103838,0.016669
AATAGAACAGAGTGGC-1,0.811753,0.000114,0.188132
AATAGAATCTGTTTCA-1,0.971908,0.028035,0.000057
AATAGCAAGCCTCCTG-1,0.194451,0.5205,0.285048
AATAGCTACCGCGTGC-1,0.160256,0.740072,0.099672
AATAGTCCGTCCCGAC-1,0.999895,0.000052,0.000052
AATAGTCGCGAGTCGG-1,0.99988,0.00006,0.00006
AATATCAAGGTCGGAT-1,0.933797,0.00008,0.066123
AATATCCTAGCAAACT-1,0.983122,0.00003,0.016848
AATATCGAATCAATGC-1,0.609297,0.301627,0.089076
AATATCGAGGGTTCTC-1,0.766965,0.14292,0.090114
AATATTGGAGTATTGA-1,0.954398,0.000067,0.045535
AATCAGACTGCAGGAC-1,0.640764,0.000132,0.359104
AATCAGGTTTCATTTA-1,0.894776,0.000426,0.104798
AATCATGTAAAGACTC-1,0.835841,0.053147,0.111012
AATCCAAGGGCCTGAG-1,0.963375,0.009501,0.027124
AATCCATGCAAGGGTG-1,0.284943,0.000238,0.71482
AATCCCGCTCAGAGCC-1,0.947683,0.010565,0.041752
AATCGAGGTCTCAAGG-1,0.969703,0.030232,0.000064
AATCGCCTCAGCGCCA-1,0.928944,0.043601,0.027456
AATCGCGCAGAGGACT-1,0.535464,0.457766,0.00677
AATCGGGACACTACGA-1,0.75414,0.000104,0.245756
AATCGGTATAGCCCTC-1,0.859009,0.035098,0.105893
AATCGTGAGCCGAGCA-1,0.950357,0.000038,0.049606
AATCTAGGTTTACTTG-1,0.983315,0.000095,0.01659
AATCTATGCCGGAGCC-1,0.446454,0.414394,0.139152
AATCTCTACTGTGGTT-1,0.999919,0.000041,0.000041
AATCTGCGTTGGGACG-1,0.718599,0.037496,0.243904
AATCTGGCTTTCTAGT-1,0.999847,0.000077,0.000077
AATCTGGGTAGACCCT-1,0.985177,0.01478,0.000043
AATGACAGCAATGTCT-1,0.247512,0.000152,0.752336
AATGACGTAGGATGTC-1,0.958039,0.008565,0.033397
AATGACTGTCAGCCGG-1,0.985877,0.000089,0.014034
AATGAGTTCGCATATG-1,0.998068,0.000107,0.001824
AATGATGATACGCTAT-1,0.832877,0.068015,0.099108
AATGATGCGACTCCTG-1,0.802506,0.058441,0.139053
AATGCAACCGGGTACC-1,0.940168,0.029835,0.029997
AATGCACCAAGCAATG-1,0.98486,0.000049,0.015091
AATGGCCGCCAATGCG-1,0.154348,0.845582,0.00007
AATGGTCCACCGTTCA-1,0.956199,0.018126,0.025675
AATGGTTCTCACAAGC-1,0.21216,0.000205,0.787635
AATGTATGGCACTGTA-1,0.909287,0.000124,0.090589
AATGTGCCCGAGGTGT-1,0.267058,0.00024,0.732702
AATGTGCTAATCTGAG-1,0.794335,0.01772,0.187945
AATGTTAAGACCCTGA-1,0.98961,0.010352,0.000038
AATGTTGTCGTGAGAC-1,0.448975,0.286711,0.264314
AATTAAAGGTCGGCGT-1,0.930742,0.000136,0.069122
AATTAACGGATTTCCA-1,0.987137,0.007922,0.004941
AATTACGAGACCCATC-1,0.999902,0.000049,0.000049
AATTACTCGTACGCTC-1,0.999792,0.000104,0.000104
AATTAGCGCTGCAGCG-1,0.879023,0.026122,0.094855
AATTATACCCAGCAAG-1,0.896308,0.047248,0.056444
AATTCATAAGGGATCT-1,0.975115,0.024805,0.00008
AATTCATTGTCATGCA-1,0.999768,0.000116,0.000116
AATTCCAACTTGGTGA-1,0.999781,0.000109,0.000109
AATTCCAAGCATGTAC-1,0.965422,0.000112,0.034466
AATTCGATTCGAGGAT-1,0.923449,0.076469,0.000082
AATTCTAGAGTTAGGC-1,0.973752,0.02613,0.000118
AATTGAACGCTCTGGT-1,0.818356,0.060063,0.121581
AATTGCAGCAATCGAC-1,0.969162,0.030818,0.000021
AATTGCGTGGATTACA-1,0.999853,0.000074,0.000074
AATTGTGGTTGCCAAA-1,0.231964,0.486671,0.281365
AATTTGGGACATAGTA-1,0.797446,0.027802,0.174753
AATTTGGTTCCAAAGA-1,0.897489,0.082658,0.019853
ACAAACCATGCGTCCT-1,0.708451,0.000082,0.291468
ACAAACCGACAAGGCG-1,0.868482,0.000046,0.131472
ACAAACTCCATCAGAG-1,0.602726,0.00014,0.397135
ACAAAGAAGGTAGGCC-1,0.977686,0.016649,0.005664
ACAAAGCATGACCTAG-1,0.944273,0.055692,0.000036
ACAAATCGCACCGAAT-1,0.962035,0.031444,0.00652
ACAAATGGTAGTGTTT-1,0.862448,0.020964,0.116588
ACAAATTCAGATCTGA-1,0.64926,0.260221,0.090518
ACAACAGCATGAGCTA-1,0.941333,0.013953,0.044714
ACAACGGTCCCTGCGA-1,0.447452,0.000242,0.552307
ACAAGCAGTGCCTAGC-1,0.667276,0.000293,0.332431
ACAAGCTATATGGAAG-1,0.985476,0.000029,0.014495
ACAAGGAAATCCGCCC-1,0.772974,0.0021,0.224926
ACAAGGACAAGAGGTT-1,0.516344,0.000265,0.48339
ACAAGGATGCTTTAGG-1,0.946436,0.000041,0.053523
ACAAGGCCTACCAGCC-1,0.333163,0.408243,0.258594
ACAAGGGCAGGCTCTG-1,0.998994,0.000064,0.000943
ACAAGTAATTGTAAGG-1,0.880959,0.000078,0.118964
ACAATAGTCGTACGTT-1,0.90996,0.000085,0.089955
ACAATCCATTTAAACC-1,0.294467,0.041168,0.664365
ACAATCGATCTTTATA-1,0.935442,0.059812,0.004747
ACAATGAATACGGAGA-1,0.862731,0.000268,0.137001
ACAATGATTCTTCTAC-1,0.376392,0.534542,0.089065
ACAATTGTGTCTCTTT-1,0.952845,0.047122,0.000033
ACAATTTAGGAGGCTC-1,0.980247,0.019682,0.000071
ACAATTTGAGCAGTGG-1,0.928452,0.000029,0.071519
ACAATTTGGCCATATT-1,0.167145,0.832735,0.00012
ACACAAAGACGGGTGG-1,0.940984,0.000062,0.058954
ACACAAATATTCCTAG-1,0.039599,0.888945,0.071456
ACACACCAGGACCAGT-1,0.59454,0.000216,0.405244
ACACACTTTCTACACG-1,0.886482,0.000099,0.113419
ACACATGATCAAATCT-1,0.99993,0.000035,0.000035
ACACATTGACGCAACA-1,0.941296,0.000107,0.058597
ACACATTTCCGTAGAC-1,0.999845,0.000077,0.000077
ACACCACATAATTAGC-1,0.057978,0.863869,0.078153
ACACCCAGCATGCAGC-1,0.966207,0.033699,0.000093
ACACCCGAGAAATCCG-1,0.466931,0.000161,0.532908
ACACCCGTAAATCTGT-1,0.05051,0.949019,0.000471
ACACCGAGCGCTCTTT-1,0.983427,0.016458,0.000115
ACACCGGTCTGACCGC-1,0.766754,0.000115,0.233131
ACACCTTAAGTAGGGC-1,0.999799,0.0001,0.0001
ACACCTTACTACTTGC-1,0.139658,0.336113,0.524229
ACACGAGACTCCTTCT-1,0.855195,0.110868,0.033937
ACACGGCACTATGCAT-1,0.96569,0.03426,0.00005
ACACGGGAACTTAGGG-1,0.847045,0.00009,0.152865
ACACGTAGGCCACAAG-1,0.622991,0.364572,0.012437
ACACTCCAATGTCACT-1,0.87533,0.06283,0.06184
ACACTGATCAAGGTGT-1,0.855535,0.016455,0.12801
ACACTGGGACAGTCGT-1,0.268179,0.711547,0.020274
ACAGAACTGAGAACAA-1,0.844782,0.012922,0.142296
ACAGATTAGGTTAGTG-1,0.894946,0.000175,0.104879
ACAGCATAGAGCCAGT-1,0.454853,0.000195,0.544951
ACAGCGACATTCTCAT-1,0.933631,0.030176,0.036193
ACAGCGCACCCGCAGC-1,0.999922,0.000039,0.000039
ACAGGAGGCGCAGCCG-1,0.999932,0.000034,0.000034
ACAGGCACGGATCCTT-1,0.723725,0.056041,0.220235
ACAGGCTTGCCCGACT-1,0.828173,0.07485,0.096977
ACAGGTGGAGGTGAGG-1,0.319518,0.000222,0.68026
ACAGGTGTGTTGTTGC-1,0.908569,0.041875,0.049556
ACAGTAATACAACTTG-1,0.901005,0.017288,0.081707
ACAGTATACCGTGGGA-1,0.271517,0.72841,0.000072
ACAGTGCAGCGCATTT-1,0.11703,0.882906,0.000063
ACATAAGTCGTGGTGA-1,0.99993,0.000035,0.000035
ACATAATAAGGCGGTG-1,0.917092,0.000099,0.082809
ACATACAATCAAGCGG-1,0.803936,0.064675,0.131389
ACATCAGCTGGGACGC-1,0.990239,0.000091,0.009671
ACATCCCGGCCATACG-1,0.889686,0.000099,0.110215
ACATCCTGGTAACTGT-1,0.724543,0.193541,0.081915
ACATCGATCGTTTACC-1,0.931947,0.000092,0.067961
ACATCGCAATATTCGG-1,0.732256,0.024521,0.243223
ACATCGGTCAGCCGCG-1,0.618223,0.000382,0.381395
ACATCGTATGCAATGG-1,0.746983,0.076274,0.176743
ACATCGTTAACCTAGT-1,0.964995,0.03496,0.000045
ACATCTCAACGCGTAA-1,0.896878,0.05667,0.046451
ACATGCTTACGGCAGC-1,0.908588,0.000181,0.091231
ACATGGCGCCAAAGTA-1,0.896184,0.089137,0.014679
ACATGGCTCAATTTAG-1,0.999883,0.000058,0.000058
ACATTAGTTTATATCC-1,0.999674,0.000163,0.000163
ACATTCGCGCGGAATA-1,0.331392,0.00018,0.668428
ACATTTGAAACCTAAC-1,0.974862,0.02179,0.003348
ACCAAACACCCAGCGA-1,0.047542,0.818692,0.133766
ACCAAACTAGAAATCC-1,0.868044,0.006959,0.124997
ACCAACACCACACACT-1,0.630668,0.369281,0.000051
ACCAACCGCACTCCAC-1,0.977966,0.021267,0.000768
ACCAACGCTTATTTAT-1,0.999853,0.000073,0.000073
ACCAAGAACGCGTGTC-1,0.985963,0.000108,0.01393
ACCAAGTCATCGGCAG-1,0.959754,0.040192,0.000055
ACCAATATGCAAGTTA-1,0.819388,0.015876,0.164736
ACCACAACTCAGAACA-1,0.880467,0.043176,0.076356
ACCACAAGTTTCTATC-1,0.939598,0.060324,0.000078
ACCACACGGTTGATGG-1,0.999905,0.000047,0.000047
ACCACCAATGTAACAA-1,0.825024,0.120101,0.054875
ACCACCCTCTCTTCTA-1,0.171783,0.810239,0.017978
ACCACGTGCAGCTATA-1,0.910519,0.031381,0.058101
ACCACTGTTCAAGAAG-1,0.951681,0.048238,0.000081
ACCAGACCATAACAAC-1,0.821251,0.056111,0.122638
ACCAGCCCGGTCTTTG-1,0.983935,0.000115,0.015951
ACCAGGAGTGTGATCT-1,0.928911,0.064577,0.006512
ACCAGTGCCCGGTCAA-1,0.574062,0.10975,0.316188
ACCAGTGCGGGAGACG-1,0.958874,0.000038,0.041089
ACCATATCCGCAATAA-1,0.98935,0.000074,0.010576
ACCATCCGCCAACTAG-1,0.996198,0.000094,0.003709
ACCATCGTATATGGTA-1,0.701093,0.000162,0.298745
ACCATTAAGGGTGTCA-1,0.898331,0.000165,0.101504
ACCCAACGCCCGTGGC-1,0.949537,0.038949,0.011514
ACCCACCTACATGCTC-1,0.484624,0.000281,0.515095
ACCCATCTTGAGGGTA-1,0.622435,0.000363,0.377202
ACCCATTTGTCCCTCT-1,0.834363,0.0698,0.095837
ACCCGAGCGAAATTAC-1,0.609379,0.000238,0.390383
ACCCGATTGGTTCCGA-1,0.84923,0.000401,0.150369
ACCCGGAAACTCCCAG-1,0.97534,0.000086,0.024573
ACCCGGAGCACCACAA-1,0.271812,0.67855,0.049639
ACCCGGATGACGCATC-1,0.896932,0.10175,0.001317
ACCCGGTTACACTTCC-1,0.999826,0.000087,0.000087
ACCCGTAGCAGAGAAT-1,0.998377,0.000812,0.000812
ACCCGTGTCATCAGTA-1,0.950821,0.000113,0.049066
ACCCTATAGGACTGAG-1,0.736478,0.000212,0.26331
ACCCTATGCCATATCG-1,0.32246,0.000337,0.677204
ACCCTCCCGTCAGGGC-1,0.997883,0.002093,0.000024
ACCCTCCCTTGCTATT-1,0.864517,0.02985,0.105633
ACCCTGGTAACGCCCT-1,0.191138,0.796166,0.012696
ACCCTTCATCTGCGAA-1,0.985521,0.00006,0.014419
ACCCTTGCCTGGGTCG-1,0.06143,0.938507,0.000063
ACCCTTTAGTTCTCCA-1,0.940493,0.003077,0.056429
ACCGAAAGGGCCCTGC-1,0.764545,0.206152,0.029302
ACCGAAGAGTCTGGTT-1,0.999875,0.000062,0.000062
ACCGACACATCTCCCA-1,0.959782,0.031643,0.008576
ACCGACTGAGTCCCAC-1,0.991997,0.000077,0.007927
ACCGAGTCTCCTTATT-1,0.91161,0.087719,0.000671
ACCGATAGGCATAACC-1,0.199951,0.658277,0.141772
ACCGATATTTAATCAT-1,0.324838,0.622807,0.052354
ACCGATGGTAGCATCG-1,0.950575,0.027139,0.022285
ACCGCAATAACTGCCT-1,0.733013,0.050281,0.216706
ACCGCGGTGGAAGTCG-1,0.575038,0.142322,0.28264
ACCGCTAGTCATTGGT-1,0.134501,0.112782,0.752717
ACCGGGCCTTTGTTGA-1,0.825236,0.074571,0.100193
ACCGGTCAGGTACACC-1,0.770095,0.000105,0.2298
ACCGGTCTGAGTACGG-1,0.762857,0.069541,0.167603
ACCGTCCACTGGGCCC-1,0.600659,0.032467,0.366874
ACCGTGACCACGTGGG-1,0.488782,0.000147,0.511071
ACCGTTCCCGCTCTGA-1,0.961914,0.002834,0.035253
ACCTAAGTACCTTTCA-1,0.131402,0.068674,0.799924
ACCTAATCGACTTCCT-1,0.42024,0.000371,0.57939
ACCTACAGTATGTGGT-1,0.378376,0.52027,0.101354
ACCTACTATAAATCTA-1,0.999875,0.000062,0.000062
ACCTCCGCCCTCGCTG-1,0.561539,0.131527,0.306934
ACCTCCGTTATTCACC-1,0.276376,0.438773,0.284851
ACCTCGAACTTATGCT-1,0.999894,0.000053,0.000053
ACCTGCGTGTCATGTT-1,0.999847,0.000076,0.000076
ACCTTTCCTTTAGAAG-1,0.880362,0.000085,0.119553
ACGAAATGGGCGGCAC-1,0.986564,0.000069,0.013367
ACGACCCATGAGTTGC-1,0.252197,0.670617,0.077186
ACGACTCTAGGGCCGA-1,0.954653,0.030817,0.01453
ACGACTGGTCATACTC-1,0.807955,0.000101,0.191944
ACGAGAACCCATCACG-1,0.471452,0.033031,0.495517
ACGAGATATTTGCTTA-1,0.878602,0.086365,0.035033
ACGAGGATACCACTCT-1,0.862844,0.000117,0.137039
ACGAGGTTTACAACGT-1,0.999766,0.000117,0.000117
ACGAGTACGGATGCCC-1,0.461165,0.191047,0.347789
ACGAGTCGCCGGCGTT-1,0.999764,0.000118,0.000118
ACGATACATAGAACTA-1,0.995772,0.000052,0.004176
ACGATACCTATCCTGA-1,0.999962,0.000019,0.000019
ACGATCATACATAGAG-1,0.999811,0.000094,0.000094
ACGATCATCTTGTAAA-1,0.760966,0.037721,0.201314
ACGATGCATATGTTAT-1,0.778911,0.000226,0.220863
ACGATGGATCCGATGC-1,0.8802,0.015575,0.104224
ACGCAAACTAATAGAT-1,0.99987,0.000065,0.000065
ACGCAATCACTACAGC-1,0.23331,0.699522,0.067168
ACGCATAAATGACATG-1,0.459704,0.488242,0.052054
ACGCATACGTTTACTA-1,0.58776,0.055001,0.357239
ACGCATTCGTGAGTAC-1,0.962288,0.00011,0.037602
ACGCCACTCGAAACAG-1,0.999827,0.000087,0.000087
ACGCCAGATGATTTCT-1,0.96844,0.016075,0.015485
ACGCCAGTGCGTTTGC-1,0.968029,0.031925,0.000046
ACGCCCAGCTGTCGAT-1,0.843419,0.103758,0.052824
ACGCCGCTAGACGACC-1,0.928737,0.033972,0.03729
ACGCCTGACACGCGCT-1,0.99042,0.000116,0.009464
ACGCGAAGTCAGACGA-1,0.728749,0.000116,0.271135
ACGCGCTACACAGGGT-1,0.376607,0.00044,0.622953
ACGCGGGCCAAGGACA-1,0.941576,0.046184,0.01224
ACGCGTTTCTTAAGAG-1,0.968687,0.030926,0.000388
ACGCTACTGAATGGGC-1,0.856666,0.140696,0.002638
ACGCTAGTATCAGTGC-1,0.002527,0.997112,0.000361
ACGCTAGTGATACACT-1,0.454612,0.00007,0.545318
ACGCTGTGAGGCGTAG-1,0.96722,0.032663,0.000117
ACGCTTAGTGTCTCTC-1,0.99996,0.00002,0.00002
ACGGAACACGAGTGCC-1,0.975309,0.024613,0.000078
ACGGAATTTAGCAAAT-1,0.437075,0.000331,0.562594
ACGGACGCAGCGACAA-1,0.979285,0.000111,0.020604
ACGGACTCTCAAAGCG-1,0.94279,0.057178,0.000032
ACGGAGCGCAAATTAC-1,0.75811,0.152721,0.089168
ACGGATGGTGCGGATA-1,0.971049,0.018159,0.010791
ACGGCACTTGCTTGGG-1,0.908133,0.000162,0.091705
ACGGCCAACATGGACT-1,0.957629,0.000094,0.042277
ACGGCGACGATGGGAA-1,0.888771,0.027879,0.08335
ACGGCGGGTTGCCCTG-1,0.638366,0.00019,0.361444
ACGGCTGGATGTAGAA-1,0.984947,0.000086,0.014967
ACGGGAGTGTCGGCCC-1,0.631337,0.000224,0.368439
ACGGGCGTATGCGACA-1,0.080708,0.625638,0.293654
ACGGGTCATGTGACTT-1,0.889403,0.000148,0.110449
ACGGGTTGTGACCTGT-1,0.999524,0.000238,0.000238
ACGGTACAGTTCAATG-1,0.978563,0.008618,0.012818
ACGGTCACCGAGAACA-1,0.599306,0.000101,0.400593
ACGTACAGATTTCTCT-1,0.865096,0.000118,0.134786
ACGTACTTTGGCACGG-1,0.725996,0.034027,0.239978
ACGTAGATTGCTGATG-1,0.981504,0.017199,0.001297
ACGTAGGAGAGTCGCT-1,0.999889,0.000055,0.000055
ACGTATTACTCCGATC-1,0.897427,0.021421,0.081152
ACGTCCTAAACGAGAT-1,0.899628,0.016534,0.083838
ACGTCGGGCAACTCGG-1,0.999921,0.000039,0.000039
ACGTCTCGTTCCGGGA-1,0.99995,0.000025,0.000025
ACGTGACAAAGTAAGT-1,0.923574,0.053741,0.022685
ACGTGCGCCTCGTGCA-1,0.899109,0.000291,0.1006
ACGTGGTCGAATGTGC-1,0.991078,0.008884,0.000038
ACGTTAATGTCGAAGA-1,0.903778,0.075808,0.020413
ACGTTAGATTTGCCCG-1,0.426031,0.000262,0.573707
ACGTTATTGGTCACTC-1,0.884824,0.115038,0.000138
ACGTTCACTATGCCGC-1,0.612205,0.000216,0.387579
ACGTTCCGCGCTCCGT-1,0.999802,0.000099,0.000099
ACGTTCGCAATCAATT-1,0.298546,0.699655,0.001798
ACGTTCGTTCAGGAAA-1,0.945154,0.000087,0.054758
ACGTTCTGTACAAGTC-1,0.832631,0.085806,0.081562
ACGTTGTCGTTGAAAG-1,0.577136,0.000153,0.422712
ACGTTTAGTTGTGATC-1,0.890685,0.000153,0.109162
ACGTTTCGGTGCACTT-1,0.068063,0.931897,0.00004
ACTAAGGACGCACACC-1,0.00177,0.953372,0.044859
ACTAATACGTCAGGCG-1,0.903717,0.060004,0.036279
ACTACAAAGAGAGGTG-1,0.999906,0.000047,0.000047
ACTACATCCCGACAAG-1,0.959185,0.000065,0.04075
ACTACCAGCTCTCTGG-1,0.327001,0.000216,0.672784
ACTACCATCCGAGGGC-1,0.270805,0.000198,0.728996
ACTACGCGTTAGAATT-1,0.919825,0.000114,0.080061
ACTAGTTGCGATCGTC-1,0.771261,0.062913,0.165826
ACTATATGCTGTGTTC-1,0.760689,0.131754,0.107558
ACTATCCAGGGCATGG-1,0.346489,0.187622,0.465889
ACTATCGCCGGCTAAA-1,0.999897,0.000052,0.000052
ACTATCTGCCCGCGTA-1,0.321413,0.545016,0.133571
ACTATGTCCAGCTGCC-1,0.35818,0.000182,0.641638
ACTATTCGTCCGTGGT-1,0.878172,0.0001,0.121728
ACTATTTCCGGGCCCA-1,0.317204,0.00014,0.682655
ACTCAACGAATGTATT-1,0.371586,0.000202,0.628211
ACTCAAGTGCAAGGCT-1,0.820513,0.154699,0.024788
ACTCAATAAAGGCACG-1,0.919832,0.017078,0.063089
ACTCAGACCTGCTTCT-1,0.99974,0.00013,0.00013
ACTCATGGCAGCCTTC-1,0.533602,0.000177,0.466221
ACTCCAATATCATCAT-1,0.620204,0.000305,0.37949
ACTCCCATTCCTAAAG-1,0.999946,0.000027,0.000027
ACTCCCGAATTCGTTT-1,0.167249,0.720339,0.112411
ACTCCCGTAGACTAGG-1,0.131312,0.834933,0.033755
ACTCCCTAATGCTAAA-1,0.967213,0.032019,0.000768
ACTCCCTAGAATAGTA-1,0.909578,0.085235,0.005188
ACTCCGGCCGACCACT-1,0.953245,0.000067,0.046688
ACTCGATGTATTTCAT-1,0.999908,0.000046,0.000046
ACTCGCCGTTCGATAA-1,0.848311,0.102125,0.049564
ACTCGCGATCTGACGC-1,0.162083,0.837836,0.000081
ACTCGTAACCCGTCCT-1,0.999866,0.000067,0.000067
ACTCGTCAGTAATCCC-1,0.981493,0.018465,0.000043
ACTCTAAACCTGGGAT-1,0.995247,0.000038,0.004715
ACTCTCTGACTTAGGT-1,0.961044,0.038828,0.000128
ACTCTCTTATACACGA-1,0.859871,0.067296,0.072833
ACTCTGACCTAATAGA-1,0.979754,0.020207,0.000039
ACTCTTCAGCTCCCGC-1,0.031844,0.741197,0.226959
ACTCTTGTATAGTAAC-1,0.8606,0.101168,0.038232
ACTGAAACGCCGTTAG-1,0.869184,0.120416,0.0104
ACTGAATGGCGAAAGT-1,0.996886,0.000043,0.003072
ACTGATTTAGTGATTC-1,0.992316,0.0076,0.000084
ACTGCCCGCCATTCTC-1,0.570058,0.000349,0.429594
ACTGCCGTCGTAACTC-1,0.861498,0.035641,0.102861
ACTGCGGACACACCGT-1,0.043546,0.82723,0.129224
ACTGCTCGGAAGGATG-1,0.999827,0.000087,0.000087
ACTGGCGAACCTGCGT-1,0.030799,0.969139,0.000062
ACTGGGATGCCAGTGC-1,0.995824,0.000112,0.004064
ACTGTACGATACACAT-1,0.999923,0.000039,0.000039
ACTGTAGCACTTTGGA-1,0.576604,0.0002,0.423196
ACTGTATACGCGAGCA-1,0.621549,0.000254,0.378198
ACTGTCCAGGATTATA-1,0.999126,0.000099,0.000774
ACTGTCTTCTTTAGAA-1,0.88436,0.056878,0.058762
ACTGTGCTAGTAGATC-1,0.785538,0.066534,0.147927
ACTGTTTAGTGTAGGC-1,0.8757,0.000156,0.124144
ACTTACCGGGCGCGCA-1,0.962482,0.022895,0.014623
ACTTACGCATCCACGC-1,0.993888,0.006072,0.00004
ACTTAGTACGACAAGA-1,0.877368,0.029429,0.093203
ACTTATACTTACCCGG-1,0.944891,0.055046,0.000063
ACTTATCTGATCTATA-1,0.494951,0.000368,0.504681
ACTTATTAGGATCGGT-1,0.833586,0.000196,0.166218
ACTTATTTATGTGCCA-1,0.642856,0.099273,0.25787
ACTTCAGGCTGATCCC-1,0.969746,0.009847,0.020407
ACTTCCAGTGGAAGCT-1,0.999722,0.000139,0.000139
ACTTCCATGCGGGACA-1,0.969887,0.03006,0.000053
ACTTCCTGTCGTGCGA-1,0.076058,0.915815,0.008127
ACTTCGCCATACGCAC-1,0.964231,0.035725,0.000044
ACTTCGCTAGCGAGTG-1,0.078294,0.854286,0.06742
ACTTGACTCCCTCTTT-1,0.981574,0.01837,0.000056
ACTTGCCATATTGTAC-1,0.999802,0.000099,0.000099
ACTTGCTCTATCTACC-1,0.913799,0.000181,0.08602
ACTTGGGACCCGGTGG-1,0.986286,0.000119,0.013595
ACTTGTAGTCCCTTCA-1,0.926024,0.000122,0.073854
ACTTGTGGATGGAACG-1,0.786513,0.063363,0.150124
ACTTGTTACCGGATCA-1,0.786488,0.000145,0.213367
ACTTTACCCTCATGAA-1,0.377773,0.479712,0.142515
ACTTTATACACCACTT-1,0.994298,0.002851,0.002851
ACTTTCCTATAGCTTC-1,0.999851,0.000075,0.000075
ACTTTGACTGCATCCT-1,0.796999,0.000161,0.20284
ACTTTGGTCGTGCTCC-1,0.999866,0.000067,0.000067
ACTTTGTCGACGCACT-1,0.078989,0.635923,0.285088
AGAAATTATGACTCGC-1,0.063919,0.768317,0.167764
AGAACACGGCGATGGT-1,0.876996,0.000185,0.122819
AGAACCCAGCGTGACA-1,0.170903,0.723981,0.105115
AGAACCCTCAATTGGG-1,0.999899,0.000051,0.000051
AGAACGTGGTACATTC-1,0.999915,0.000042,0.000042
AGAACTGTACTTTGTA-1,0.962565,0.000096,0.037339
AGAAGAGCGCCGTTCC-1,0.910669,0.079047,0.010283
AGAAGGTACACTTCAC-1,0.968898,0.000064,0.031037
AGAAGGTTGCCGAATT-1,0.85345,0.000188,0.146362
AGAAGGTTGTAGGTCG-1,0.950792,0.049142,0.000066
AGAAGTGATTCGTGAT-1,0.256473,0.000243,0.743284
AGAATAAATCTTCAGG-1,0.999908,0.000046,0.000046
AGAATACAGGCTATCC-1,0.951572,0.048369,0.000059
AGAATGCGGGTTCGGA-1,0.177382,0.568852,0.253766
AGAATTATGGATTCGA-1,0.842982,0.038655,0.118363
AGAATTGTTTGACATA-1,0.398378,0.000219,0.601403
AGACAGCTCAGAATCC-1,0.913783,0.000091,0.086127
AGACAGGCATCTCAGC-1,0.076967,0.74041,0.182623
AGACATAGATCCTTCC-1,0.92214,0.027878,0.049981
AGACCAAACCACACCT-1,0.981586,0.005859,0.012555
AGACCATGGGATACAA-1,0.60871,0.000204,0.391086
AGACCCACCGCTGATC-1,0.988373,0.011589,0.000038
AGACCCGCCCTCCTCG-1,0.857373,0.029456,0.11317
AGACCGCTCCGCGGTT-1,0.678282,0.230985,0.090733
AGACCGGGAAACCCTG-1,0.976576,0.000095,0.023329
AGACGAAGTGCCGGTC-1,0.966188,0.030827,0.002984
AGACGACGATGCCGCT-1,0.711602,0.000353,0.288045
AGACGCCCACTTCGCC-1,0.069076,0.929573,0.001351
AGACGGGATTGGTATA-1,0.959483,0.017972,0.022545
AGACGGGCCGATTTAA-1,0.517848,0.112857,0.369296
AGACTAGCCTTCCAGA-1,0.794487,0.000153,0.20536
AGACTGTTACCGGGTC-1,0.963434,0.000116,0.03645
AGAGAAACACCAGAAA-1,0.764885,0.00013,0.234986
AGAGAACCGTCTAGGA-1,0.906099,0.015708,0.078193
AGAGAAGGAGTACAAT-1,0.859935,0.014027,0.126039
AGAGATCTCTAAAGCG-1,0.910874,0.000084,0.089042
AGAGCAGTTATGAGAC-1,0.999861,0.000069,0.000069
AGAGCCGCCGAGATTT-1,0.419598,0.326152,0.25425
AGAGCGCTTGTAACGG-1,0.00064,0.650225,0.349135
AGAGCGGGCTAATCAT-1,0.573032,0.025016,0.401952
AGAGCGTACAAGCTCG-1,0.475793,0.031039,0.493169
AGAGCTACGAAAGCAT-1,0.94958,0.011182,0.039237
AGAGGCTTCGGAAACC-1,0.896113,0.074446,0.029441
AGAGGGACAATTGTCC-1,0.074107,0.869814,0.056079
AGAGGTATCTCGGTCC-1,0.999771,0.000114,0.000114
AGAGTAAACTTCACTA-1,0.628742,0.369019,0.002239
AGAGTATAGTGTTACG-1,0.05461,0.945318,0.000072
AGAGTCTTAATGAAAG-1,0.210534,0.712314,0.077152
AGAGTGAACAGACACC-1,0.060755,0.908036,0.031209
AGAGTTAGAGACCGAT-1,0.897007,0.03888,0.064112
AGAGTTGCAGGCCTCC-1,0.000444,0.999493,0.000063
AGATAACTTCAGGGCC-1,0.929826,0.000085,0.070089
AGATAATCACACCTAT-1,0.829818,0.000059,0.170123
AGATACCAATAGAACC-1,0.390506,0.178998,0.430497
AGATACCAGCACTTCA-1,0.054903,0.886169,0.058928
AGATACCGGTGTTCAC-1,0.417754,0.000465,0.581781
AGATACGACTTCATAT-1,0.755353,0.041302,0.203345
AGATACTCAAGATCGA-1,0.868858,0.038923,0.092219
AGATATAATACGACTA-1,0.977789,0.022189,0.000022
AGATCGTGCATAAGAT-1,0.883408,0.014995,0.101597
AGATCTCAGGTGTGAT-1,0.76097,0.000247,0.238783
AGATCTGGAGAGGATA-1,0.998946,0.000527,0.000527
AGATGACTCGCCCACG-1,0.999792,0.000104,0.000104
AGATGAGGGTTGCGAT-1,0.978955,0.016731,0.004314
AGATGATGGAGTCTGG-1,0.334626,0.559085,0.106289
AGATGCAAGACGTGCA-1,0.140188,0.000121,0.859691
AGATGCATCCTGTGTC-1,0.828786,0.000112,0.171102
AGATGCTATAACGAGC-1,0.999756,0.000122,0.000122
AGATTATAGGACGTTT-1,0.999844,0.000078,0.000078
AGATTCAAGCGGGTCG-1,0.746865,0.235428,0.017707
AGATTCACAACCGATA-1,0.967937,0.000054,0.03201
AGCAAAGGCCGCTAGT-1,0.975661,0.024312,0.000028
AGCAACATATCTTATT-1,0.76706,0.092674,0.140266
AGCAACCGAAAGTAAT-1,0.999915,0.000042,0.000042
AGCACACGTTTAGACT-1,0.179273,0.065857,0.75487
AGCACCAGTACTCACG-1,0.882009,0.046727,0.071263
AGCACTACCGGCCTGT-1,0.952664,0.047223,0.000113
AGCACTACCTCACCAG-1,0.995108,0.000039,0.004853
AGCACTTAAGGACGCC-1,0.711676,0.000183,0.288141
AGCAGAAGGAGAAAGA-1,0.987481,0.012189,0.00033
AGCAGCCAGATGAATA-1,0.979154,0.000102,0.020744
AGCAGTCGAAGCATGC-1,0.999921,0.00004,0.00004
AGCATATCAATATGCT-1,0.831948,0.03497,0.133082
AGCATCATTTCGAAAG-1,0.999921,0.000039,0.000039
AGCATCGTCGATAATT-1,0.87181,0.000145,0.128045
AGCATTACGAGGCAAG-1,0.793178,0.040483,0.166339
AGCCAAGCTTTGTGTC-1,0.999792,0.000104,0.000104
AGCCACAGGTTACCCG-1,0.924527,0.075417,0.000056
AGCCACTCCCGTGCTT-1,0.999824,0.000088,0.000088
AGCCATATAGTATGTG-1,0.999785,0.000108,0.000108
AGCCCATACATGTAAG-1,0.819025,0.000233,0.180742
AGCCCGCAACAAGCAG-1,0.999849,0.000076,0.000076
AGCCCGCACTACAATG-1,0.60943,0.173443,0.217127
AGCCCGGCATTAGAGG-1,0.35485,0.000261,0.644889
AGCCCGGTAGCCTGTA-1,0.953278,0.000123,0.046599
AGCCCTAAGCGAAGTT-1,0.999862,0.000069,0.000069
AGCCCTCCCTGGTGGC-1,0.291697,0.000271,0.708032
AGCCCTGTCGCACCGT-1,0.263072,0.736857,0.000071
AGCCCTTCTAATCCGA-1,0.593958,0.072918,0.333123
AGCCCTTGGACATCCC-1,0.25797,0.484944,0.257086
AGCCGCAAATTCAAAT-1,0.962559,0.000132,0.037308
AGCCGCTTGATTAGCG-1,0.999761,0.000119,0.000119
AGCCGTGGCTAAATGT-1,0.780918,0.00009,0.218991
AGCCTAATACCCACGT-1,0.786398,0.000108,0.213495
AGCCTTAAAGCGGAAG-1,0.999844,0.000078,0.000078
AGCCTTGTCACTGATA-1,0.999634,0.000183,0.000183
AGCGACAGGAACGGTC-1,0.519554,0.00024,0.480206
AGCGACATCCCATTCA-1,0.963227,0.000096,0.036677
AGCGACCAACGATATT-1,0.999899,0.000051,0.000051
AGCGAGACGTGAAGGC-1,0.08527,0.000106,0.914623
AGCGATGCGCCTAATA-1,0.211749,0.045991,0.74226
AGCGCATAATGAATCG-1,0.983372,0.000088,0.01654
AGCGCGGGTGCCAATG-1,0.737613,0.072622,0.189766
AGCGCTAGAGCGATGT-1,0.007837,0.824208,0.167954
AGCGCTTATGGGCAAG-1,0.878077,0.121854,0.000069
AGCGGACACTTCGTAG-1,0.949487,0.018136,0.032377
AGCGGCGGTTAGCGGT-1,0.999928,0.000036,0.000036
AGCGGGAAGGGTCCAT-1,0.722443,0.000296,0.277261
AGCGGGTCTGACACTC-1,0.884375,0.036319,0.079306
AGCGGTTGAGATGTAC-1,0.979613,0.020342,0.000045
AGCGGTTGCCGCTCTG-1,0.041618,0.958315,0.000068
AGCGTACGAGAGCTAG-1,0.230178,0.000201,0.769622
AGCGTAGCGCTAGACC-1,0.603572,0.000343,0.396084
AGCGTCTGAACCCGCA-1,0.644892,0.000159,0.354949
AGCGTGGTATTCTACT-1,0.999777,0.000111,0.000111
AGCGTTCCGATTTAAA-1,0.899648,0.100315,0.000037
AGCTAACAAGCAATGT-1,0.893146,0.000131,0.106723
AGCTAAGCTCCGTCCG-1,0.791554,0.000223,0.208223
AGCTAAGTACGCAGGC-1,0.971037,0.02895,0.000013
AGCTAGAAGCAGAAGT-1,0.907565,0.092373,0.000062
AGCTATTTAATCCAAC-1,0.989498,0.010451,0.000051
AGCTCCATATATGTTC-1,0.545137,0.177981,0.276882
AGCTCCTTCGCACATC-1,0.808817,0.1593,0.031882
AGCTCGTTGATGGAAA-1,0.000287,0.999672,0.000041
AGCTCTAGACGTTCCA-1,0.991411,0.008548,0.000042
AGCTCTTCCCAGTGCA-1,0.817149,0.068153,0.114698
AGCTCTTCGTAACCTT-1,0.371755,0.294321,0.333923
AGCTCTTTACTCAGTT-1,0.99983,0.000085,0.000085
AGCTGAAGTAAACCAA-1,0.603754,0.001265,0.394981
AGCTGCATTTGAGGTG-1,0.71206,0.222922,0.065017
AGCTGCTGTGCCGAAT-1,0.346068,0.653881,0.000051
AGCTGTAACCTCAATC-1,0.419737,0.173553,0.406709
AGCTTATAGAGACCTG-1,0.999912,0.000044,0.000044
AGCTTCAATACTTTGA-1,0.949155,0.04116,0.009684
AGCTTCTTCTCGAGCA-1,0.925243,0.034188,0.040569
AGCTTGATCAGGGTAG-1,0.983142,0.000199,0.016659
AGCTTGATCTTAACTT-1,0.791072,0.000121,0.208807
AGGAAAGCCTCTGATG-1,0.916417,0.000168,0.083415
AGGAACGAACGACTTC-1,0.667789,0.324251,0.00796
AGGAAGCTGTCCGCCG-1,0.911799,0.000095,0.088106
AGGACAGTCGAATCCC-1,0.936789,0.030977,0.032235
AGGACATCGCACGTCG-1,0.650332,0.033821,0.315847
AGGACATCGGCACACT-1,0.205434,0.648217,0.146349
AGGACGACCCATTAGA-1,0.862508,0.000151,0.137341
AGGACGCTCGATGTTG-1,0.981158,0.016478,0.002364
AGGACTTATAGGAGAA-1,0.999829,0.000085,0.000085
AGGAGACATCCACAGT-1,0.085269,0.858462,0.056269
AGGAGAGTCTGGCTAC-1,0.000439,0.954081,0.045479
AGGAGCGTTTATTATC-1,0.525449,0.291024,0.183528
AGGAGGCCTTCGCGCG-1,0.932304,0.027966,0.039731
AGGATAAAGTCGGGAT-1,0.976106,0.000059,0.023835
AGGATATAGGGATTTA-1,0.97793,0.02203,0.000039
AGGATATCCGACTGCA-1,0.952908,0.044883,0.002209
AGGATCACGCGATCTG-1,0.999876,0.000062,0.000062
AGGATTGCTTACGACA-1,0.24172,0.758231,0.000049
AGGCAAAGAGGAATCA-1,0.606417,0.000141,0.393442
AGGCAATACGGAGGAC-1,0.999732,0.000134,0.000134
AGGCACGTGACTGTCC-1,0.213236,0.482433,0.304331
AGGCAGATGCGTAAAC-1,0.919886,0.050588,0.029526
AGGCAGGGAGCGTACT-1,0.949153,0.050652,0.000195
AGGCATTGTCGTAGGG-1,0.975699,0.022041,0.00226
AGGCCACATTGGTTAC-1,0.000644,0.768922,0.230434
AGGCCACCCGTTATGA-1,0.531367,0.000234,0.468399
AGGCCCAGTGACTGGT-1,0.999783,0.000109,0.000109
AGGCCCATTGTACAGG-1,0.932834,0.000151,0.067015
AGGCCCTAGAACGCCA-1,0.783418,0.000052,0.21653
AGGCCTATCATACCAA-1,0.926147,0.031864,0.041989
AGGCCTGAGAATCTCG-1,0.904188,0.032106,0.063706
AGGCGATAACTGGCGT-1,0.080892,0.901514,0.017594
AGGCGGTTTGTCCCGC-1,0.965884,0.000128,0.033988
AGGCGTCTATGGACGG-1,0.326726,0.583547,0.089727
AGGCTATGGTTAGCTT-1,0.684837,0.000326,0.314837
AGGCTTCCCGAAGAAG-1,0.680725,0.000185,0.31909
AGGCTTGCTAGACACC-1,0.999742,0.000129,0.000129
AGGGAAACGAGGTACT-1,0.788705,0.026287,0.185007
AGGGACAGCACGGCGG-1,0.999847,0.000077,0.000077
AGGGACCGGCTGCGTT-1,0.089023,0.382162,0.528814
AGGGACTCTACGCGAC-1,0.946897,0.007382,0.045721
AGGGAGACATACTTCG-1,0.141587,0.664052,0.194361
AGGGCAGCGGCGTGGT-1,0.999905,0.000047,0.000047
AGGGCCCTAATGTTCT-1,0.474313,0.381211,0.144476
AGGGCGAGCAGCTGAT-1,0.999875,0.000062,0.000062
AGGGCGTGATCGGCTA-1,0.694218,0.000161,0.305622
AGGGCTGCAGTTACAG-1,0.804006,0.040219,0.155775
AGGGTCAGAGCACTCG-1,0.305352,0.000145,0.694503
AGGGTCAGTAACCCTA-1,0.084667,0.845664,0.069669
AGGGTCGATGCGAACT-1,0.753152,0.084185,0.162664
AGGGTCTGGACGCAGT-1,0.59877,0.141568,0.259662
AGGGTGCCGTTCTTTA-1,0.722049,0.000075,0.277876
AGGGTGCTCTCGAGGG-1,0.87886,0.008099,0.113041
AGGGTGGATAGTGCAT-1,0.999935,0.000033,0.000033
AGGGTGTGCTACACGC-1,0.179175,0.744224,0.076602
AGGGTTCAGACGGTCC-1,0.92596,0.000172,0.073868
AGGGTTCCCTTTGGTT-1,0.917287,0.082604,0.00011
AGGGTTTAGTTCGGGA-1,0.900017,0.000258,0.099725
AGGTAACCTCCTATTC-1,0.316393,0.00022,0.683387
AGGTACGATATTGCCA-1,0.99987,0.000065,0.000065
AGGTAGATCGAGATAT-1,0.942986,0.000172,0.056843
AGGTAGGTACAAAGCT-1,0.452275,0.000386,0.547339
AGGTATAATTGATAGT-1,0.61496,0.293397,0.091643
AGGTATGCGGACATTA-1,0.00048,0.999451,0.000069
AGGTCAGGTGAGAGTG-1,0.97226,0.00008,0.02766
AGGTCGCCACTTCGGT-1,0.77532,0.058917,0.165762
AGGTCGCCTCCCAACA-1,0.172925,0.6009,0.226176
AGGTCGCGGAGTTACT-1,0.275508,0.206312,0.51818
AGGTGCACGTCCACAT-1,0.999923,0.000038,0.000038
AGGTGGTGACCTTCGC-1,0.999832,0.000084,0.000084
AGGTGTATCGCCATGA-1,0.91775,0.000293,0.081957
AGGTGTTGCCGACCAC-1,0.616452,0.383481,0.000067
AGGTTACACCATGCCG-1,0.067461,0.76867,0.163869
AGGTTCTCCTTTCCGG-1,0.837514,0.000077,0.162408
AGGTTGAGGCACGCTT-1,0.966282,0.009868,0.023851
AGGTTTCACACACCTT-1,0.993004,0.000094,0.006902
AGTAACGTTCATCCTG-1,0.905996,0.076724,0.01728
AGTAACTATAGCAGCC-1,0.887317,0.066421,0.046262
AGTAATCTAAGGGTGG-1,0.973131,0.02676,0.000109
AGTAATGTCTTGCCGC-1,0.985372,0.014517,0.000111
AGTAATTTGCAAGCGT-1,0.861919,0.000121,0.13796
AGTACAGAAGCTTATA-1,0.97994,0.020005,0.000055
AGTACATCATTTATCA-1,0.196527,0.636224,0.167249
AGTACCTTCGAGTGCT-1,0.11847,0.435449,0.446081
AGTACGGCCCGTATCG-1,0.979511,0.00609,0.014399
AGTACGGGCACCTGGC-1,0.935108,0.025529,0.039363
AGTACGTGGCCTGTCT-1,0.864039,0.071676,0.064285
AGTACTCTTATGCCCA-1,0.956704,0.037506,0.00579
AGTAGAAGGCGCCTCA-1,0.999877,0.000061,0.000061
AGTAGCGTGAACGAAC-1,0.901963,0.005238,0.092799
AGTAGCTAGACGCCGA-1,0.840902,0.033501,0.125597
AGTAGGAAGGAAGTTG-1,0.889391,0.075488,0.035121
AGTAGGTAACATACAT-1,0.956409,0.007319,0.036272
AGTATAATACTAGGCA-1,0.721709,0.000204,0.278086
AGTATACACAGCGACA-1,0.940882,0.000116,0.059002
AGTATCCATAATAACG-1,0.584224,0.019224,0.396553
AGTATGCTGGAGACCA-1,0.43494,0.000118,0.564942
AGTATTTGGCACGACC-1,0.999576,0.000212,0.000212
AGTCAAATGATGTGAT-1,0.854894,0.032646,0.112459
AGTCAACACCACCATC-1,0.916743,0.000089,0.083168
AGTCAAGATGACACTT-1,0.922462,0.071449,0.006089
AGTCACTAGCTCTCGA-1,0.850916,0.065391,0.083694
AGTCACTCCGCCTCAT-1,0.782704,0.029506,0.18779
AGTCAGCCACCGCCTG-1,0.587347,0.000297,0.412356
AGTCCAGCGGGTACGT-1,0.399133,0.000223,0.600644
AGTCCATTGGCTGATG-1,0.960459,0.025503,0.014038
AGTCCCGCCTTTAATT-1,0.769689,0.04418,0.186131
AGTCCCTCGCAGAAAG-1,0.070885,0.91331,0.015805
AGTCGAAACGATTCAG-1,0.999915,0.000042,0.000042
