Barcode,Topic 1,Topic 2to7,Topic 8to9
AAACAAGTATCTCCCA-1,0.000023,0.99993,0.000046
AAACATTTCCCGGATT-1,0.000038,0.953521,0.046441
AAACCCGAACGAAATC-1,0.000025,0.98249,0.017485
AAACCGGGTAGGTACC-1,0.000031,0.045648,0.954321
AAACCGTTCGTCCAGG-1,0.000065,0.91817,0.081765
AAACCTAAGCAGCCGG-1,0.000047,0.52415,0.475803
AAACGAGACGGTTGAT-1,0.000072,0.761123,0.238805
AAACGGGCGTACGGGT-1,0.000018,0.967488,0.032494
AAACGGTTGCGAACTG-1,0.000023,0.975931,0.024046
AAACTCGGTTCGCAAT-1,0.000049,0.714613,0.285338
AAACTGCTGGCTCCAA-1,0.00002,0.938036,0.061944
AAAGAATGTGGACTAA-1,0.000021,0.999938,0.000041
AAAGGCTACGGACCAT-1,0.000022,0.997642,0.002336
AAAGGCTCTCGCGCCG-1,0.000052,0.959972,0.039975
AAAGGGATGTAGCAAG-1,0.000035,0.800506,0.199459
AAAGTGTGATTTATCT-1,0.000061,0.736737,0.263202
AAAGTTGACTCCCGTA-1,0.000028,0.992697,0.007275
AAATAAGGTAGTGCCC-1,0.000032,0.978736,0.021232
AAATACCTATAAGCAT-1,0.000023,0.977014,0.022962
AAATAGCTTAGACTTT-1,0.000037,0.818528,0.181435
AAATAGGGTGCTATTG-1,0.000103,0.189487,0.810411
AAATCCGATACACGCC-1,0.000023,0.91756,0.082417
AAATCGTGTACCACAA-1,0.000058,0.97851,0.021432
AAATCTAGCCCTGCTA-1,0.000033,0.938856,0.061111
AAATGGTCAATGTGCC-1,0.000023,0.961643,0.038334
AAATTAACGGGTAGCT-1,0.000026,0.933889,0.066085
AAATTACCTATCGATG-1,0.000149,0.273062,0.726789
AAATTCCAGGTCCAAA-1,0.000027,0.881778,0.118195
AAATTGATAGTCCTTT-1,0.000039,0.185018,0.814943
AAATTTGCGGGTGTGG-1,0.000106,0.542918,0.456976
AACAACTGGTAGTTGC-1,0.000034,0.858667,0.141299
AACAATACATTGTCGA-1,0.000021,0.451702,0.548278
AACACACGCTCGCCGC-1,0.000031,0.924325,0.075644
AACAGCTGTGTGGCAA-1,0.000017,0.597606,0.402377
AACAGGATGGGCCGCG-1,0.000038,0.3583,0.641662
AACAGGTAGTATGGAT-1,0.000039,0.95316,0.0468
AACATAGCGTGTATCG-1,0.000046,0.20958,0.790374
AACATATCAACTGGTG-1,0.000044,0.661565,0.338392
AACATTGTGACTCGAG-1,0.000029,0.960003,0.039968
AACCCAGAGACGGAGA-1,0.000043,0.735747,0.26421
AACCCGAGCAGAATCG-1,0.000022,0.950659,0.049319
AACCCTACTGTCAATA-1,0.00003,0.941419,0.058551
AACCGAGCTTGGTCAT-1,0.000023,0.99993,0.000046
AACCGCTAAGGGATGC-1,0.000056,0.487845,0.512099
AACCTCGCTTTAGCCC-1,0.000109,0.260346,0.739545
AACCTGTCACGGAATT-1,0.000022,0.999933,0.000045
AACCTTTAAATACGGT-1,0.000166,0.590016,0.409818
AACGATAATGCCGTAG-1,0.000106,0.772753,0.227141
AACGATATGTCAACTG-1,0.000066,0.967838,0.032095
AACGCGACCTTGGGCG-1,0.000022,0.797335,0.202643
AACGCGGTCTCCAGCC-1,0.000028,0.886393,0.113579
AACGCTGTTGCTGAAA-1,0.000115,0.618259,0.381626
AACGGACGTACGTATA-1,0.00008,0.579963,0.419957
AACGGCCATCTCCGGT-1,0.000031,0.92264,0.077328
AACGTACTGTGGGTAC-1,0.000051,0.862926,0.137023
AACGTCAGACTAGTGG-1,0.000063,0.124339,0.875598
AACGTCGCTGCACTTC-1,0.000026,0.577217,0.422757
AACGTGCGAAAGTCTC-1,0.000014,0.999957,0.000029
AACTACCCGTTTGTCA-1,0.000033,0.987245,0.012722
AACTAGGCTTGGGTGT-1,0.000091,0.999726,0.000183
AACTCAAGTTAATTGC-1,0.000029,0.696884,0.303087
AACTCCAGAGCGTGTT-1,0.000056,0.965928,0.034016
AACTCTCAATAGAGCG-1,0.00008,0.333541,0.666379
AACTCTCAGTGTGCTC-1,0.000092,0.775124,0.224784
AACTGATATTAGGCCT-1,0.000017,0.971425,0.028557
AACTGGGTCCCGACGT-1,0.000039,0.827794,0.172168
AAGACATACGTGGTTT-1,0.000022,0.382688,0.61729
AAGACCCAACTGAACA-1,0.000021,0.99384,0.006138
AAGACTGCAAGCTACT-1,0.000045,0.935217,0.064737
AAGAGCTCTTTATCGG-1,0.000028,0.999916,0.000056
AAGAGGATGTACGCGA-1,0.000023,0.25459,0.745387
AAGAGGCATGGATCGC-1,0.000076,0.323664,0.676261
AAGAGGCCCTTTGGAA-1,0.000021,0.879984,0.119995
AAGATGGCACCGGACC-1,0.000021,0.973376,0.026603
AAGATTGGCGGAACGT-1,0.000083,0.058928,0.940989
AAGCACCCTGCGTATC-1,0.000074,0.458968,0.540958
AAGCATACTCTCCTGA-1,0.000053,0.979497,0.020451
AAGCCGAAGCGGTTTA-1,0.000027,0.943728,0.056245
AAGCGCAGGGCTTTGA-1,0.000022,0.601122,0.398856
AAGCGTCCCTCATCGA-1,0.00004,0.898108,0.101852
AAGCTAGATCGAGTAA-1,0.000075,0.911657,0.088268
AAGCTCGTGCCAAGTC-1,0.000041,0.965414,0.034545
AAGCTCTTTCATGGTG-1,0.000336,0.461599,0.538065
AAGGAGCGGTTGGTGC-1,0.000059,0.819967,0.179975
AAGGATCGATCGCTTG-1,0.000051,0.945244,0.054705
AAGGATGAGGGACCTC-1,0.000064,0.499397,0.500538
AAGGCAGGCTGTCTCC-1,0.000014,0.976851,0.023134
AAGGCGCGTAAAGCTT-1,0.00006,0.00036,0.99958
AAGGCTGTGCTCATCG-1,0.000018,0.970562,0.02942
AAGGGACAGATTCTGT-1,0.000177,0.449583,0.550241
AAGGTATCCTAATATA-1,0.000032,0.912946,0.087022
AAGGTGATAAACCAGC-1,0.00011,0.435738,0.564152
AAGTAGAAGACCGGGT-1,0.000038,0.660492,0.33947
AAGTAGTGACGCGAGG-1,0.000041,0.307876,0.692083
AAGTCAATTGTCGTCA-1,0.000065,0.982653,0.017283
AAGTGAGTCGGGTTTA-1,0.000015,0.988591,0.011394
AAGTGCCTTGACTGTA-1,0.000138,0.733388,0.266474
AAGTGCGTTAGAATCT-1,0.000035,0.389575,0.61039
AAGTGTTTGGAGACGG-1,0.000194,0.366504,0.633303
AAGTTCACTCCAAGCT-1,0.000139,0.34208,0.657781
AAGTTCGGCCAACAGG-1,0.000024,0.851787,0.148188
AAGTTGTGATGTTATA-1,0.000021,0.999938,0.000042
AAGTTTATGGGCCCAA-1,0.000027,0.412428,0.587545
AATAACAACGCTCGGC-1,0.000018,0.299065,0.700917
AATAACACTAGAACAA-1,0.000029,0.94593,0.054041
AATACCTGATGTGAAC-1,0.00004,0.909138,0.090822
AATAGAACAGAGTGGC-1,0.000034,0.940733,0.059234
AATAGAATCTGTTTCA-1,0.000196,0.18613,0.813675
AATAGTCCGTCCCGAC-1,0.000034,0.992525,0.007441
AATATCGAATCAATGC-1,0.000058,0.914884,0.085057
AATATCGAGGGTTCTC-1,0.000023,0.996762,0.003215
AATCATGTAAAGACTC-1,0.000062,0.939432,0.060506
AATCGAGGTCTCAAGG-1,0.000184,0.867654,0.132162
AATCGCCTCAGCGCCA-1,0.00007,0.556953,0.442977
AATCGCGCAGAGGACT-1,0.000059,0.889318,0.110623
AATCGGTATAGCCCTC-1,0.000024,0.962733,0.037243
AATCGTGAGCCGAGCA-1,0.000035,0.399068,0.600897
AATCTATGCCGGAGCC-1,0.000044,0.889701,0.110255
AATCTGCGTTGGGACG-1,0.000138,0.197139,0.802724
AATGACAGCAATGTCT-1,0.000047,0.186586,0.813367
AATGACGTAGGATGTC-1,0.000106,0.147717,0.852177
AATGACTGTCAGCCGG-1,0.000026,0.749093,0.250881
AATGATGATACGCTAT-1,0.000171,0.266627,0.733202
AATGATGCGACTCCTG-1,0.000045,0.76434,0.235615
AATGCAACCGGGTACC-1,0.000015,0.999954,0.000031
AATGGTTCTCACAAGC-1,0.000055,0.000329,0.999616
AATGTGCCCGAGGTGT-1,0.000037,0.484898,0.515065
AATGTTAAGACCCTGA-1,0.000045,0.559687,0.440268
AATGTTGTCGTGAGAC-1,0.000014,0.983159,0.016827
AATTAAAGGTCGGCGT-1,0.00005,0.917825,0.082125
AATTAACGGATTTCCA-1,0.000081,0.91332,0.086599
AATTAGCGCTGCAGCG-1,0.000041,0.947315,0.052644
AATTATACCCAGCAAG-1,0.000037,0.901737,0.098226
AATTCATAAGGGATCT-1,0.000092,0.063924,0.935983
AATTCCAAGCATGTAC-1,0.000046,0.833225,0.166729
AATTCGATTCGAGGAT-1,0.000081,0.275106,0.724814
AATTCTAGAGTTAGGC-1,0.000032,0.999905,0.000063
AATTGAACGCTCTGGT-1,0.000226,0.296218,0.703556
AATTGCAGCAATCGAC-1,0.000028,0.971661,0.028311
ACAAAGCATGACCTAG-1,0.00002,0.950478,0.049502
ACAAATCGCACCGAAT-1,0.000173,0.231789,0.768038
ACAAATGGTAGTGTTT-1,0.00025,0.491297,0.508453
ACAACAGCATGAGCTA-1,0.000044,0.953493,0.046462
ACAAGGAAATCCGCCC-1,0.000067,0.700571,0.299363
ACAAGGACAAGAGGTT-1,0.000041,0.073959,0.926
ACAAGGATGCTTTAGG-1,0.000059,0.762636,0.237305
ACAAGGGCAGGCTCTG-1,0.000096,0.329518,0.670386
ACAATCCATTTAAACC-1,0.000031,0.232083,0.767886
ACAATGAATACGGAGA-1,0.000031,0.093584,0.906385
ACAATTGTGTCTCTTT-1,0.000118,0.764116,0.235766
ACAATTTGAGCAGTGG-1,0.00005,0.98431,0.01564
ACACAAAGACGGGTGG-1,0.00004,0.933734,0.066226
ACACACCAGGACCAGT-1,0.00008,0.289802,0.710117
ACACATTTCCGTAGAC-1,0.000039,0.80081,0.199151
ACACCACATAATTAGC-1,0.000017,0.904041,0.095942
ACACCCAGCATGCAGC-1,0.000048,0.695517,0.304435
ACACCCGAGAAATCCG-1,0.000038,0.001184,0.998779
ACACCTTAAGTAGGGC-1,0.000024,0.854977,0.144999
ACACCTTACTACTTGC-1,0.000031,0.999908,0.000061
ACACGAGACTCCTTCT-1,0.000142,0.670192,0.329665
ACACGGGAACTTAGGG-1,0.000091,0.969878,0.030031
ACACGTAGGCCACAAG-1,0.000029,0.918199,0.081773
ACACTGATCAAGGTGT-1,0.000056,0.949888,0.050056
ACACTGGGACAGTCGT-1,0.00003,0.862781,0.137189
ACAGCGACATTCTCAT-1,0.00004,0.995263,0.004697
ACAGGCACGGATCCTT-1,0.000023,0.998141,0.001836
ACAGGCTTGCCCGACT-1,0.000097,0.207228,0.792675
ACAGGTGGAGGTGAGG-1,0.00004,0.950649,0.049311
ACATAATAAGGCGGTG-1,0.000046,0.878869,0.121086
ACATCCCGGCCATACG-1,0.000057,0.976534,0.023409
ACATCCTGGTAACTGT-1,0.000087,0.516785,0.483127
ACATCGATCGTTTACC-1,0.000022,0.999935,0.000043
ACATCGGTCAGCCGCG-1,0.000051,0.646451,0.353498
ACATCGTATGCAATGG-1,0.000075,0.259085,0.74084
ACATGGCGCCAAAGTA-1,0.000034,0.933392,0.066574
ACATTAGTTTATATCC-1,0.000065,0.83788,0.162056
ACATTTGAAACCTAAC-1,0.000044,0.940619,0.059336
ACCAACCGCACTCCAC-1,0.000021,0.965132,0.034848
ACCAACGCTTATTTAT-1,0.000044,0.997317,0.002639
ACCAAGAACGCGTGTC-1,0.000031,0.778077,0.221892
ACCAAGTCATCGGCAG-1,0.000012,0.999882,0.000106
ACCAATATGCAAGTTA-1,0.000115,0.224538,0.775348
ACCACAAGTTTCTATC-1,0.000052,0.743652,0.256296
ACCACACGGTTGATGG-1,0.000065,0.766895,0.233039
ACCACCAATGTAACAA-1,0.000064,0.711173,0.288762
ACCACGTGCAGCTATA-1,0.000104,0.212422,0.787474
ACCAGTGCGGGAGACG-1,0.000095,0.729275,0.27063
ACCATATCCGCAATAA-1,0.000055,0.81092,0.189025
ACCATCGTATATGGTA-1,0.00005,0.75452,0.245431
ACCCAACGCCCGTGGC-1,0.000061,0.228469,0.77147
ACCCATCTTGAGGGTA-1,0.000036,0.805693,0.194271
ACCCATTTGTCCCTCT-1,0.000034,0.999878,0.000088
ACCCGGAAACTCCCAG-1,0.000059,0.9565,0.043442
ACCCGGATGACGCATC-1,0.000067,0.766674,0.233259
ACCCGGTTACACTTCC-1,0.000036,0.94538,0.054584
ACCCGTGTCATCAGTA-1,0.000084,0.914623,0.085294
ACCCTATGCCATATCG-1,0.000063,0.730334,0.269603
ACCCTCCCGTCAGGGC-1,0.000027,0.810258,0.189715
ACCCTCCCTTGCTATT-1,0.000311,0.485053,0.514636
ACCGACACATCTCCCA-1,0.000059,0.910182,0.089759
ACCGACTGAGTCCCAC-1,0.000074,0.744418,0.255508
ACCGAGTCTCCTTATT-1,0.000098,0.295023,0.704879
ACCGATAGGCATAACC-1,0.000027,0.589639,0.410333
ACCGATGGTAGCATCG-1,0.000093,0.25553,0.744377
ACCGCAATAACTGCCT-1,0.000095,0.160796,0.839109
ACCGCGGTGGAAGTCG-1,0.00005,0.977251,0.022699
ACCGGGCCTTTGTTGA-1,0.000065,0.856999,0.142936
ACCGTGACCACGTGGG-1,0.000019,0.921223,0.078758
ACCTAAGTACCTTTCA-1,0.000073,0.096864,0.903063
ACCTACAGTATGTGGT-1,0.00003,0.930063,0.069907
ACCTACTATAAATCTA-1,0.000035,0.842809,0.157156
ACCTCCGCCCTCGCTG-1,0.000062,0.967444,0.032494
ACCTCCGTTATTCACC-1,0.000063,0.790048,0.209889
ACGACTCTAGGGCCGA-1,0.000039,0.984113,0.015848
ACGAGTACGGATGCCC-1,0.00002,0.999941,0.000039
ACGATACATAGAACTA-1,0.000033,0.988619,0.011349
ACGATCATACATAGAG-1,0.000033,0.981476,0.018491
ACGATCATCTTGTAAA-1,0.000026,0.999923,0.000051
ACGATGCATATGTTAT-1,0.000022,0.907876,0.092102
ACGCAAACTAATAGAT-1,0.000015,0.963293,0.036691
ACGCAATCACTACAGC-1,0.000022,0.999934,0.000044
ACGCATACGTTTACTA-1,0.000048,0.894812,0.105139
ACGCATTCGTGAGTAC-1,0.000027,0.975058,0.024915
ACGCCACTCGAAACAG-1,0.000036,0.797473,0.202491
ACGCCAGATGATTTCT-1,0.00003,0.976442,0.023528
ACGCCAGTGCGTTTGC-1,0.000031,0.931141,0.068828
ACGCCGCTAGACGACC-1,0.000051,0.973833,0.026116
ACGCGAAGTCAGACGA-1,0.000027,0.976115,0.023858
ACGCGCTACACAGGGT-1,0.000055,0.182197,0.817749
ACGCGGGCCAAGGACA-1,0.000037,0.854141,0.145823
ACGCTAGTGATACACT-1,0.000042,0.866191,0.133767
ACGGAACACGAGTGCC-1,0.000041,0.954232,0.045726
ACGGACTCTCAAAGCG-1,0.000075,0.41794,0.581984
ACGGATGGTGCGGATA-1,0.00009,0.137436,0.862473
ACGGCACTTGCTTGGG-1,0.000064,0.891387,0.108549
ACGGCCAACATGGACT-1,0.000065,0.955,0.044935
ACGGCGACGATGGGAA-1,0.000122,0.402737,0.597141
ACGGTACAGTTCAATG-1,0.000023,0.999133,0.000844
ACGTAGATTGCTGATG-1,0.000096,0.842805,0.157099
ACGTAGGAGAGTCGCT-1,0.000049,0.28666,0.713291
ACGTATTACTCCGATC-1,0.000061,0.787836,0.212104
ACGTGCGCCTCGTGCA-1,0.000062,0.655774,0.344164
ACGTTAATGTCGAAGA-1,0.000038,0.931957,0.068006
ACGTTAGATTTGCCCG-1,0.000036,0.835508,0.164455
ACGTTCGCAATCAATT-1,0.000027,0.980385,0.019588
ACGTTCGTTCAGGAAA-1,0.000042,0.954427,0.045531
ACGTTCTGTACAAGTC-1,0.000051,0.988073,0.011876
ACTACCAGCTCTCTGG-1,0.000094,0.10121,0.898696
ACTACGCGTTAGAATT-1,0.000059,0.871456,0.128486
ACTAGTTGCGATCGTC-1,0.000079,0.836612,0.163308
ACTATCCAGGGCATGG-1,0.000057,0.884367,0.115576
ACTATCTGCCCGCGTA-1,0.000048,0.954953,0.044999
ACTATTTCCGGGCCCA-1,0.000019,0.973204,0.026778
ACTCAAGTGCAAGGCT-1,0.000132,0.433593,0.566275
ACTCAATAAAGGCACG-1,0.000032,0.947844,0.052124
ACTCCCGAATTCGTTT-1,0.00004,0.997052,0.002908
ACTCCCTAATGCTAAA-1,0.000078,0.829153,0.170769
ACTCCCTAGAATAGTA-1,0.00006,0.899515,0.100425
ACTCCGGCCGACCACT-1,0.000014,0.96062,0.039366
ACTCGCCGTTCGATAA-1,0.000015,0.964491,0.035494
ACTCGTCAGTAATCCC-1,0.000039,0.891591,0.10837
ACTCTCTGACTTAGGT-1,0.000141,0.131745,0.868115
ACTCTGACCTAATAGA-1,0.00004,0.836269,0.163691
ACTCTTGTATAGTAAC-1,0.000071,0.803653,0.196276
ACTGAAACGCCGTTAG-1,0.000041,0.976959,0.023
ACTGAATGGCGAAAGT-1,0.000215,0.274795,0.72499
ACTGCCGTCGTAACTC-1,0.000018,0.989015,0.010968
ACTGCGGACACACCGT-1,0.000022,0.977547,0.022431
ACTGTACGATACACAT-1,0.000033,0.952221,0.047746
ACTGTAGCACTTTGGA-1,0.000069,0.189144,0.810787
ACTGTCCAGGATTATA-1,0.000023,0.962502,0.037475
ACTGTCTTCTTTAGAA-1,0.000069,0.859816,0.140115
ACTTACGCATCCACGC-1,0.000145,0.226495,0.77336
ACTTATACTTACCCGG-1,0.000097,0.102844,0.897058
ACTTATTAGGATCGGT-1,0.000019,0.999942,0.000039
ACTTATTTATGTGCCA-1,0.000146,0.081534,0.91832
ACTTCAGGCTGATCCC-1,0.000182,0.215028,0.78479
ACTTCCATGCGGGACA-1,0.000095,0.621589,0.378315
ACTTCGCCATACGCAC-1,0.000048,0.842572,0.15738
ACTTGACTCCCTCTTT-1,0.000044,0.927755,0.0722
ACTTGGGACCCGGTGG-1,0.000025,0.95114,0.048834
ACTTGGGCTTTCGCCA-1,0.002469,0.842884,0.154647
ACTTGTGGATGGAACG-1,0.000042,0.988704,0.011254
ACTTTACCCTCATGAA-1,0.000033,0.982327,0.01764
ACTTTCCTATAGCTTC-1,0.00016,0.846609,0.15323
AGAAATTATGACTCGC-1,0.000015,0.999955,0.00003
AGAACGTGGTACATTC-1,0.00004,0.969458,0.030502
AGAACTGTACTTTGTA-1,0.000045,0.931265,0.068689
AGAAGAGCGCCGTTCC-1,0.001277,0.251014,0.747709
AGAAGGTTGCCGAATT-1,0.000025,0.914401,0.085574
AGAAGGTTGTAGGTCG-1,0.000117,0.237026,0.762857
AGAAGTGATTCGTGAT-1,0.000029,0.225679,0.774292
AGAATACAGGCTATCC-1,0.000043,0.933159,0.066799
AGAATTATGGATTCGA-1,0.000048,0.779076,0.220875
AGACCCACCGCTGATC-1,0.000083,0.936989,0.062928
AGACCCGCCCTCCTCG-1,0.000049,0.779886,0.220065
AGACCGCTCCGCGGTT-1,0.00003,0.995268,0.004702
AGACGAAGTGCCGGTC-1,0.00007,0.84083,0.1591
AGACGACGATGCCGCT-1,0.000055,0.31942,0.680525
AGACTAGCCTTCCAGA-1,0.000061,0.939946,0.059994
AGACTGTTACCGGGTC-1,0.000022,0.946781,0.053197
AGAGAACCGTCTAGGA-1,0.000057,0.284932,0.715011
AGAGAAGGAGTACAAT-1,0.000017,0.918147,0.081836
AGAGCCGCCGAGATTT-1,0.000024,0.987295,0.012681
AGAGCGGGCTAATCAT-1,0.000027,0.867704,0.132269
AGAGGCTTCGGAAACC-1,0.000048,0.981234,0.018718
AGAGTAAACTTCACTA-1,0.000078,0.855453,0.144469
AGATAACTTCAGGGCC-1,0.000054,0.69127,0.308676
AGATACCAATAGAACC-1,0.000012,0.94735,0.052639
AGATACCGGTGTTCAC-1,0.000021,0.853073,0.146906
AGATACGACTTCATAT-1,0.00011,0.603921,0.39597
AGATACTCAAGATCGA-1,0.00014,0.063215,0.936645
AGATATAATACGACTA-1,0.000054,0.586269,0.413677
AGATCGTGCATAAGAT-1,0.000139,0.506327,0.493534
AGATCTCAGGTGTGAT-1,0.000024,0.999928,0.000048
AGATGACTCGCCCACG-1,0.00004,0.966394,0.033566
AGATGATGGAGTCTGG-1,0.000053,0.840203,0.159744
AGATTATAGGACGTTT-1,0.000042,0.932528,0.06743
AGCAAAGGCCGCTAGT-1,0.000066,0.660802,0.339132
AGCAACATATCTTATT-1,0.00008,0.603563,0.396357
AGCACCAGTACTCACG-1,0.00002,0.998537,0.001443
AGCACTACCTCACCAG-1,0.000225,0.162986,0.836789
AGCACTTAAGGACGCC-1,0.000065,0.136918,0.863017
AGCAGAAGGAGAAAGA-1,0.00004,0.855815,0.144145
AGCAGCCAGATGAATA-1,0.000054,0.999837,0.000109
AGCAGTCGAAGCATGC-1,0.000037,0.688001,0.311962
AGCATATCAATATGCT-1,0.0001,0.786649,0.213251
AGCATCGTCGATAATT-1,0.00003,0.817477,0.182493
AGCATTACGAGGCAAG-1,0.00003,0.973924,0.026046
AGCCAAGCTTTGTGTC-1,0.000059,0.935138,0.064803
AGCCACAGGTTACCCG-1,0.000033,0.997462,0.002505
AGCCACTCCCGTGCTT-1,0.000033,0.982294,0.017673
AGCCATATAGTATGTG-1,0.00002,0.806114,0.193867
AGCCCGCAACAAGCAG-1,0.000023,0.856247,0.14373
AGCCCGCACTACAATG-1,0.000029,0.349467,0.650503
AGCCCGGTAGCCTGTA-1,0.000027,0.999918,0.000055
AGCCCTGTCGCACCGT-1,0.000022,0.78437,0.215608
AGCCCTTGGACATCCC-1,0.000017,0.747844,0.25214
AGCGACAGGAACGGTC-1,0.000024,0.956188,0.043788
AGCGACATCCCATTCA-1,0.000044,0.898292,0.101663
AGCGACCAACGATATT-1,0.000021,0.999938,0.000042
AGCGATGCGCCTAATA-1,0.000011,0.977354,0.022635
AGCGCATAATGAATCG-1,0.000075,0.985743,0.014182
AGCGCGGGTGCCAATG-1,0.000098,0.21637,0.783532
AGCGGACACTTCGTAG-1,0.000089,0.908179,0.091731
AGCGGGTCTGACACTC-1,0.000034,0.829839,0.170127
AGCGTGGTATTCTACT-1,0.000029,0.996999,0.002972
AGCTAAGTACGCAGGC-1,0.000056,0.578328,0.421616
AGCTATTTAATCCAAC-1,0.000038,0.971926,0.028036
AGCTCCATATATGTTC-1,0.000023,0.993611,0.006366
AGCTCCTTCGCACATC-1,0.000081,0.319127,0.680792
AGCTCTAGACGTTCCA-1,0.00006,0.971995,0.027945
AGCTCTTCCCAGTGCA-1,0.00005,0.41927,0.58068
AGCTCTTCGTAACCTT-1,0.000053,0.967862,0.032085
AGCTCTTTACTCAGTT-1,0.000029,0.843457,0.156514
AGCTGAAGTAAACCAA-1,0.00003,0.988464,0.011506
AGCTGTAACCTCAATC-1,0.000039,0.430643,0.569318
AGCTTCTTCTCGAGCA-1,0.000023,0.891361,0.108616
AGGAAGCTGTCCGCCG-1,0.000063,0.999809,0.000127
AGGACAGTCGAATCCC-1,0.000119,0.201636,0.798245
AGGACATCGCACGTCG-1,0.000093,0.526851,0.473056
AGGACGACCCATTAGA-1,0.000038,0.660683,0.339278
AGGAGGCCTTCGCGCG-1,0.000027,0.90637,0.093603
AGGATAAAGTCGGGAT-1,0.000122,0.667954,0.331924
AGGATATAGGGATTTA-1,0.000088,0.962801,0.037111
AGGATATCCGACTGCA-1,0.000036,0.896729,0.103235
AGGCACGTGACTGTCC-1,0.000011,0.994291,0.005698
AGGCAGATGCGTAAAC-1,0.000068,0.582417,0.417515
AGGCAGGGAGCGTACT-1,0.000025,0.988189,0.011786
AGGCATTGTCGTAGGG-1,0.000067,0.90998,0.089953
AGGCCACCCGTTATGA-1,0.000028,0.247898,0.752074
AGGCCTGAGAATCTCG-1,0.000033,0.90806,0.091907
AGGCTTCCCGAAGAAG-1,0.000029,0.910188,0.089783
AGGGACCGGCTGCGTT-1,0.00006,0.860616,0.139324
AGGGACTCTACGCGAC-1,0.000055,0.861351,0.138594
AGGGAGACATACTTCG-1,0.000038,0.863478,0.136484
AGGGCGTGATCGGCTA-1,0.000018,0.881054,0.118928
AGGGCTGCAGTTACAG-1,0.000034,0.986778,0.013188
AGGGTCGATGCGAACT-1,0.000115,0.565304,0.434581
AGGGTGCTCTCGAGGG-1,0.000086,0.456191,0.543723
AGGGTTCCCTTTGGTT-1,0.000139,0.266168,0.733694
AGGGTTTAGTTCGGGA-1,0.000108,0.859046,0.140846
AGGTAACCTCCTATTC-1,0.000056,0.051091,0.948854
AGGTAGGTACAAAGCT-1,0.000016,0.044152,0.955831
AGGTATAATTGATAGT-1,0.000065,0.98416,0.015775
AGGTCGCGGAGTTACT-1,0.000065,0.995816,0.004119
AGGTGCACGTCCACAT-1,0.000039,0.930195,0.069766
AGGTGGTGACCTTCGC-1,0.000039,0.97596,0.024001
AGGTTACACCATGCCG-1,0.000037,0.999889,0.000074
AGGTTGAGGCACGCTT-1,0.000119,0.865933,0.133948
AGGTTTCACACACCTT-1,0.000131,0.684375,0.315494
AGTAACTATAGCAGCC-1,0.000021,0.989962,0.010017
AGTAATCTAAGGGTGG-1,0.000028,0.874617,0.125356
AGTAATGTCTTGCCGC-1,0.00004,0.951738,0.048222
AGTACAGAAGCTTATA-1,0.000114,0.605954,0.393931
AGTACATCATTTATCA-1,0.000061,0.695507,0.304432
AGTACGGGCACCTGGC-1,0.000034,0.943267,0.056699
AGTACTCTTATGCCCA-1,0.000162,0.511762,0.488075
AGTAGAAGGCGCCTCA-1,0.000018,0.852548,0.147434
AGTATAATACTAGGCA-1,0.000047,0.373675,0.626278
AGTATACACAGCGACA-1,0.000013,0.996133,0.003854
AGTATTTGGCACGACC-1,0.00007,0.943762,0.056168
AGTCAACACCACCATC-1,0.000015,0.91612,0.083865
AGTCAAGATGACACTT-1,0.000166,0.223891,0.775943
AGTCACTAGCTCTCGA-1,0.000085,0.777003,0.222912
AGTCCATTGGCTGATG-1,0.000034,0.988969,0.010997
AGTCGACGGTCTCAAG-1,0.000077,0.36095,0.638973
AGTCGGCCCAAACGAC-1,0.00004,0.196433,0.803527
AGTCGGTTGCGTGAGA-1,0.000046,0.902679,0.097275
AGTCGTATAAAGCAGA-1,0.000051,0.364905,0.635044
AGTCGTCGACCACCAA-1,0.000072,0.685573,0.314355
AGTCGTGGGCATTACG-1,0.000033,0.207946,0.792021
AGTCTAAAGTATACTC-1,0.000048,0.849656,0.150296
AGTCTCACAAGACTAC-1,0.000032,0.133729,0.866239
AGTCTTCTCCTCAAAT-1,0.000052,0.959493,0.040455
AGTCTTTAAAGTGTCC-1,0.000062,0.515792,0.484146
AGTGAACAAACTTCTC-1,0.000093,0.73492,0.264988
AGTGACCTACTTTACG-1,0.000067,0.867084,0.132849
AGTGAGACTTCCAGTA-1,0.000167,0.585486,0.414347
AGTGAGCCTCGCCGCC-1,0.000066,0.834543,0.165391
AGTGAGTCGAATTAAC-1,0.00002,0.92956,0.070421
AGTGATAACCTGCGCG-1,0.00004,0.990682,0.009278
AGTGATATGAGTAGTT-1,0.000079,0.981728,0.018193
AGTGATTCAAGCAGGA-1,0.000162,0.052756,0.947082
AGTGCACGCTTAAGAA-1,0.000035,0.888913,0.111052
AGTGCGTAGCTCGTAA-1,0.000072,0.864609,0.13532
AGTGCTAAACACAGCA-1,0.000058,0.951947,0.047995
AGTGCTTGCACGAATA-1,0.000104,0.167103,0.832793
AGTGGCCCGCAAATGG-1,0.000023,0.986403,0.013574
AGTGGCGGCAATTTGA-1,0.00017,0.322518,0.677312
AGTGGCGTCTGAAGGT-1,0.000065,0.340994,0.658941
AGTTAAACACTTGCGA-1,0.000035,0.926859,0.073107
AGTTAAGCGGTCCCGG-1,0.000024,0.96269,0.037286
AGTTACTCTATCGTGG-1,0.000031,0.741946,0.258023
AGTTCCTACAGAATTA-1,0.000042,0.92446,0.075499
AGTTCCTATTTATGTT-1,0.000052,0.999844,0.000104
AGTTGACGGTCCTTGC-1,0.000035,0.934877,0.065087
AGTTGGCAAGGCTAGA-1,0.000009,0.928777,0.071215
AGTTTGCACCTGCCTC-1,0.000135,0.265914,0.733951
AGTTTGGCACGGGTTG-1,0.000031,0.85791,0.142059
AGTTTGGCCAGACCTA-1,0.000046,0.127537,0.872417
ATAAACGGACCCGTAA-1,0.000026,0.983351,0.016623
ATAAACGTTGCACCAC-1,0.000014,0.986032,0.013954
ATAAAGGCTCGGTCGT-1,0.000028,0.997763,0.002209
ATAACGCCGGAGGGTC-1,0.00005,0.282384,0.717566
ATAACGGAGTCCAACG-1,0.000028,0.999917,0.000055
ATAAGGTGGAGAACAT-1,0.000067,0.944898,0.055035
ATAAGTAGGATTCAGA-1,0.000036,0.870629,0.129335
ATAAGTAGGGCGACTC-1,0.00007,0.674906,0.325024
ATAAGTTACCGCGACG-1,0.000028,0.914276,0.085697
ATAATAGCTGTTGAAT-1,0.00003,0.984361,0.015609
ATAATCTTGGAGAACC-1,0.00017,0.273158,0.726672
ATAATTAGCTAAGTAG-1,0.000038,0.966648,0.033314
ATACAGGCCCTCCAAT-1,0.000076,0.588178,0.411745
ATACCACGGGCAACTT-1,0.000024,0.328997,0.670979
ATACCTAACCAAGAAA-1,0.000094,0.964174,0.035732
ATACGCCGGCGAAACC-1,0.000062,0.247431,0.752507
ATACGGGTTTCGATTG-1,0.00003,0.99991,0.00006
ATACGTACTTAGCCAC-1,0.000217,0.277152,0.722631
ATACGTCCACTCCTGT-1,0.000105,0.275391,0.724504
ATACGTTATGCACGGA-1,0.000033,0.999902,0.000065
ATACTACCCGTACCAC-1,0.000021,0.96697,0.033009
ATACTAGCATGACCCT-1,0.000025,0.981088,0.018886
ATACTGCCTTACACCG-1,0.000079,0.248342,0.751579
ATAGACAACGGGACCT-1,0.000126,0.270476,0.729398
ATAGACGAAGAGAAAG-1,0.000022,0.857449,0.142529
ATAGAGTACTGGGACA-1,0.00004,0.924832,0.075128
ATAGAGTTATCAACTT-1,0.000234,0.404547,0.595219
ATAGCAACTAGGGAAG-1,0.000027,0.963959,0.036014
ATAGGCGGCTATAGAA-1,0.00009,0.333826,0.666084
ATAGGCTAGCTTCGCA-1,0.000085,0.327966,0.671949
ATAGGGATATCCTTGA-1,0.00011,0.632945,0.366945
ATAGGTTGGGCAGATG-1,0.000044,0.988679,0.011276
ATAGTGAAGCGTTCTC-1,0.000059,0.999822,0.000119
ATAGTTCCACCCACTC-1,0.00006,0.993023,0.006917
ATATAAAGCGCTCGTG-1,0.000065,0.973772,0.026164
ATATAAATGTAGCTGC-1,0.00013,0.426223,0.573647
ATATAACACGGGCGCA-1,0.000024,0.999928,0.000048
ATATACGCTCGTGACG-1,0.000026,0.93168,0.068294
ATATCAACCTACAGAG-1,0.000078,0.846059,0.153863
ATATCGGTAGGGAGAT-1,0.000059,0.715435,0.284505
ATATCGTTCCTCGAAC-1,0.000068,0.899714,0.100218
ATATCTCCCTCGTTAA-1,0.000038,0.934904,0.065057
ATATCTTAGGGCCTTC-1,0.00005,0.829816,0.170134
ATATGGGATAGCAACT-1,0.000015,0.670323,0.329662
ATATGTCTAGAGCGTG-1,0.000028,0.61975,0.380222
ATATGTCTCCCTAGCC-1,0.000056,0.798093,0.201851
ATATTCAGTTAAACCT-1,0.000052,0.860247,0.139701
ATATTCCACATAGTGA-1,0.00022,0.197659,0.802121
ATATTTAACCCTCAAG-1,0.000044,0.907485,0.092471
ATCAAACACTGTTCCA-1,0.000037,0.987495,0.012468
ATCAAACGAAGGTTTG-1,0.00006,0.479784,0.520155
ATCAAGATCCCAGGAC-1,0.000027,0.767728,0.232246
ATCAATCTGGGCTGCA-1,0.000049,0.964454,0.035497
ATCACATTAGAATATC-1,0.000022,0.999932,0.000045
ATCACGTGCTAATTAA-1,0.000064,0.554876,0.445061
ATCACTTCATCCTCGC-1,0.000063,0.794398,0.205539
ATCAGACGGCACGCCG-1,0.000043,0.93094,0.069018
ATCAGCCTCATGCTGC-1,0.000163,0.442218,0.557619
ATCAGTAGGCAGGGAT-1,0.000075,0.301174,0.698751
ATCATAGCCCTATGTA-1,0.000023,0.899363,0.100615
ATCATCCAATATTTGT-1,0.000085,0.819351,0.180564
ATCCAACGCAGTCATA-1,0.000037,0.051361,0.948601
ATCCACATCGACAGAA-1,0.000086,0.490003,0.509911
ATCCAGAGCAACAACC-1,0.000022,0.999934,0.000044
ATCCAGGATTCGTGAA-1,0.000041,0.827992,0.171967
ATCCCATTTCCGTGGG-1,0.000015,0.636488,0.363497
ATCCTACCTAAGCTCT-1,0.000042,0.704264,0.295694
ATCCTGCGTGGAATGG-1,0.000037,0.971179,0.028784
ATCGACCCAATACAGA-1,0.000079,0.937483,0.062438
ATCGACTCTTTCCGTT-1,0.000044,0.952287,0.047669
ATCGCACGCCGGGAGA-1,0.000019,0.92903,0.070952
ATCGCCAGTCAACATT-1,0.000093,0.617129,0.382778
ATCGGAGACAGACGGC-1,0.000137,0.314025,0.685838
ATCGTTAGCTAGCGGA-1,0.000056,0.802586,0.197359
ATCTAATATCCTACGG-1,0.000068,0.943505,0.056427
ATCTACCATCTGCTCC-1,0.000014,0.909565,0.090421
ATCTAGCTTGTGAGGG-1,0.000023,0.961327,0.038649
ATCTCCCACGGAATAT-1,0.000035,0.996377,0.003588
ATCTCCCTGCAATCTA-1,0.000068,0.799317,0.200615
ATCTCGTGAGCGAAAC-1,0.000034,0.797681,0.202285
ATCTGACATGGAAGGA-1,0.000013,0.433073,0.566914
ATCTGCACCTCTGCGA-1,0.000058,0.730709,0.269233
ATCTGCTGTTATCGCC-1,0.00004,0.99988,0.00008
ATCTGGGCTGTTCTTG-1,0.000065,0.862853,0.137082
ATCTGGTTAAGACTGT-1,0.000049,0.961562,0.038389
ATCTTATCGCACACCC-1,0.000025,0.966604,0.033371
ATCTTGACCTGCAACG-1,0.000028,0.957739,0.042233
ATCTTGACTTGTCCAA-1,0.00003,0.944872,0.055099
ATGAAGCCAAGGAGCC-1,0.000032,0.826983,0.172986
ATGACGCCGGCTCTAA-1,0.000043,0.803342,0.196615
ATGACGCGTTCTATCC-1,0.000086,0.335138,0.664776
ATGACTATCAGCTGTG-1,0.000017,0.875988,0.123995
ATGACTATGCGACATT-1,0.000169,0.181482,0.81835
ATGAGGAGTGTTAATC-1,0.000074,0.000444,0.999482
ATGAGGGCAGCGGCTA-1,0.000035,0.727194,0.272771
ATGATCGGGAATAGAC-1,0.000069,0.831882,0.168049
ATGATGCAATGGTACA-1,0.000039,0.901148,0.098813
ATGCACTACCGCATTG-1,0.000024,0.99174,0.008236
ATGCATGATCCAGGAT-1,0.000097,0.867451,0.132452
ATGCCATTTGCGACCA-1,0.000135,0.442766,0.557099
ATGCCGGTCTTGCATA-1,0.000043,0.868786,0.131171
ATGCCGGTTGATGGGA-1,0.000049,0.865599,0.134352
ATGCGACAGTCCCATT-1,0.00004,0.804755,0.195205
ATGCGAGTCCCACCAC-1,0.000058,0.908584,0.091358
ATGCTCTGGCGCGGTA-1,0.00017,0.295023,0.704807
ATGCTTAGGAGTTGAT-1,0.000024,0.999928,0.000048
ATGGAACCTTTGCACA-1,0.000019,0.726582,0.273398
ATGGAGCAGGCCGTGA-1,0.000071,0.804323,0.195606
ATGGATCCGGCGTCCG-1,0.000045,0.956758,0.043197
ATGGATTGACCAAACG-1,0.000038,0.999885,0.000076
ATGGGCCTCGGCCTCT-1,0.000075,0.391361,0.608564
ATGGTCGCGTGGTTTC-1,0.000238,0.141416,0.858346
ATGTAAGGCTGCTCTT-1,0.000066,0.915903,0.084032
ATGTACATGCGGTGAG-1,0.000008,0.996503,0.003489
ATGTACGATGACGTCG-1,0.000026,0.801977,0.197998
ATGTAGCGCGCGTAGG-1,0.000062,0.271619,0.72832
ATGTGCATCCGACGCA-1,0.000027,0.98184,0.018133
ATGTGGACATCTTGAT-1,0.000037,0.997951,0.002012
ATGTTGATTAGAGACT-1,0.000018,0.967161,0.032821
ATGTTGTAGTCTGTTT-1,0.00002,0.612883,0.387097
ATTAAACATGCGGACC-1,0.000078,0.829628,0.170294
ATTAATACTACGCGGG-1,0.000037,0.924923,0.07504
ATTAATGAACCAGTCG-1,0.000086,0.710999,0.288915
ATTACATGTCAGTCTT-1,0.000057,0.971546,0.028397
ATTACCACACTGCCTG-1,0.000033,0.797224,0.202742
ATTACGCGCTGGCAGG-1,0.000028,0.205524,0.794448
ATTACTAGCCTCTTGC-1,0.000047,0.550574,0.44938
ATTACTTACTGGGCAT-1,0.000098,0.340208,0.659694
ATTAGATTCCTCAGCA-1,0.000041,0.845878,0.154081
ATTAGATTGATAGCGG-1,0.00018,0.596994,0.402826
ATTAGGCGATGCTTTC-1,0.000059,0.876147,0.123794
ATTATACTTTGCTCGT-1,0.000042,0.879666,0.120292
ATTATAGCTACTTTAC-1,0.000059,0.938656,0.061285
ATTATCGGAATGTACG-1,0.000017,0.806995,0.192988
ATTATGCCATAGGGAG-1,0.000025,0.975316,0.024658
ATTATTATGTCCGTCA-1,0.000056,0.894181,0.105763
ATTATTCAGAGTCACT-1,0.000024,0.976594,0.023382
ATTCAACCATTTAAGG-1,0.000058,0.951361,0.048581
ATTCACTGATGTTGGA-1,0.000127,0.972938,0.026936
ATTCATATACTGTCCA-1,0.00005,0.997218,0.002732
ATTCATCGTTGAGGCA-1,0.000057,0.917863,0.08208
ATTCCTCCGCCAGTGC-1,0.000053,0.180177,0.81977
ATTCGCGCCTTGAGAG-1,0.000007,0.996516,0.003476
ATTCGTGCTATCTCTT-1,0.000062,0.933618,0.06632
ATTGAAGATCTTAGTG-1,0.000109,0.726284,0.273607
ATTGATGAGTCCTAAC-1,0.000032,0.999903,0.000065
ATTGCCTTTATGTTTG-1,0.000083,0.256929,0.742988
ATTGCGATCAGTAACT-1,0.00005,0.96486,0.03509
ATTGCTGCTCCTCCAT-1,0.00002,0.945884,0.054096
ATTGGATTACAGCGTA-1,0.000096,0.818129,0.181775
ATTGGTTGTGCATTAC-1,0.000021,0.993083,0.006896
ATTGTACAACTCGGCT-1,0.00008,0.686064,0.313856
ATTGTCGCAATACCTT-1,0.000023,0.987946,0.012031
ATTTACAGTTTACTGG-1,0.000125,0.524423,0.475452
ATTTACTAAGTCCATT-1,0.000034,0.989499,0.010467
ATTTATACTGGTAAAG-1,0.000088,0.835651,0.16426
ATTTCATTATTTCGCG-1,0.00007,0.821675,0.178255
ATTTCCGGGTTCTGCG-1,0.000044,0.800962,0.198994
ATTTGCGCGAGTAGCT-1,0.000105,0.217238,0.782657
ATTTGTCTTGGGAGCT-1,0.000198,0.277162,0.72264
ATTTGTTCCAGGGCTC-1,0.000104,0.432724,0.567171
CAAACCCTCCGGCGGG-1,0.000026,0.490185,0.509789
CAAACGAGTATCGCAG-1,0.000035,0.932799,0.067166
CAAACGGTCGCACTTT-1,0.000024,0.814902,0.185074
CAAACTCGCGACGCCG-1,0.000054,0.847589,0.152357
CAAAGATTATTGGGCC-1,0.000025,0.18607,0.813905
CAAATGTCCTTCCGTG-1,0.000058,0.652557,0.347385
CAACCAGTGGCCTACC-1,0.000017,0.918434,0.081548
CAACCTACCGAGCAGT-1,0.000044,0.941665,0.058292
CAACGACCCGTTTACA-1,0.000045,0.781027,0.218928
CAACGGTTCTTGATAC-1,0.000046,0.036672,0.963282
CAACGTGGTGGAGTCT-1,0.000024,0.94891,0.051066
CAACTATATCGAATGC-1,0.000038,0.887601,0.112361
CAACTCCTTGATCCCG-1,0.000051,0.584968,0.414981
CAACTGCTCATCCGAT-1,0.000036,0.977978,0.021986
CAAGAGGGCGGAGTAC-1,0.000084,0.63757,0.362346
CAAGATATTATAACGT-1,0.000123,0.136538,0.86334
CAAGCAACGTCGGAGT-1,0.000023,0.578238,0.421739
CAAGCACCAAATGCCT-1,0.000022,0.952987,0.046991
CAAGCGGCACATAATT-1,0.00012,0.675574,0.324306
CAAGGATCGCATGTTC-1,0.000022,0.999933,0.000045
CAAGGCCAGTGGTGCA-1,0.000024,0.931493,0.068484
CAAGGTCCTATAGGCT-1,0.000047,0.883095,0.116858
CAAGTAAGTGATAGAC-1,0.000015,0.571132,0.428853
CAAGTGTGGTTGCAAA-1,0.000037,0.961928,0.038035
CAATAAACCTTGGCCC-1,0.000022,0.95667,0.043308
CAATACGAGAGTCTGA-1,0.000025,0.803233,0.196742
CAATATTCTTGACCTA-1,0.000129,0.658432,0.341439
CAATGCGAGAAGTATC-1,0.000338,0.46553,0.534133
CAATGGATCTCTACCA-1,0.00006,0.317863,0.682077
CAATGTGCCAACCCTT-1,0.00004,0.940858,0.059101
CAATTAAGGGTGATGA-1,0.000035,0.981054,0.018912
CAATTTCGTATAAGGG-1,0.000047,0.870272,0.129681
CACAATGAGCTGCTAT-1,0.00003,0.959199,0.040771
CACACACGCTAACGAG-1,0.000031,0.993394,0.006575
CACACAGCTTGCGCTC-1,0.000021,0.984629,0.01535
CACACGCGCTGTCTTA-1,0.000196,0.394525,0.605279
CACAGCACCCACGGCA-1,0.000064,0.947439,0.052496
CACAGCTAGGGAGTGA-1,0.000048,0.776814,0.223138
CACAGGGCCATATAGT-1,0.000042,0.933839,0.066119
CACAGGGCCGTTGTCA-1,0.000045,0.971677,0.028279
CACAGTCCCGCTTCGC-1,0.000023,0.962211,0.037766
CACAGTTCGCTTCCCA-1,0.000019,0.938528,0.061453
CACATATTAGCAGGAT-1,0.000036,0.99203,0.007934
CACATCGTGCACGCGC-1,0.000033,0.936915,0.063052
CACATCTCACCGACGA-1,0.000089,0.291547,0.708363
CACATGATTCAGCAAC-1,0.000097,0.59729,0.402614
CACATTCTTTCGATGG-1,0.000047,0.66468,0.335273
CACATTTCTTGTCAGA-1,0.000044,0.982423,0.017533
CACCCAAATCTTATGT-1,0.000056,0.895827,0.104117
CACCCACACGTCACCC-1,0.000035,0.395706,0.604259
CACCCACGAGGCAATT-1,0.000014,0.999957,0.000029
CACCCGGTTTGTGACT-1,0.000058,0.849746,0.150195
CACCCTAACAAGATCT-1,0.000168,0.213497,0.786335
CACCGCCAGAAGGTTT-1,0.000061,0.855278,0.144661
CACCGGGCATCACAAG-1,0.000033,0.829187,0.17078
CACCGTATCCCATCCG-1,0.000034,0.967994,0.031972
CACCGTTAGGGATCAC-1,0.000044,0.91662,0.083336
CACCGTTGCGCGATAT-1,0.00003,0.302362,0.697608
CACCTAATCAGTTTAC-1,0.000106,0.663685,0.336209
CACCTCGATGGTGGAC-1,0.000073,0.804902,0.195025
CACCTTGCGAAACTCG-1,0.000025,0.638804,0.361171
CACCTTGGCGCCTTTG-1,0.000103,0.782629,0.217268
CACGCACAGCGCAGCT-1,0.000053,0.88222,0.117727
CACGCAGCGAGGCTTT-1,0.000037,0.805093,0.19487
CACGCGGAACTGTTGC-1,0.000091,0.948092,0.051817
CACGTCAATCAATGGA-1,0.000016,0.741185,0.258799
CACGTCGGCAACCTCT-1,0.000029,0.974457,0.025514
CACGTTCGTGCTCTAG-1,0.000083,0.428525,0.571392
CACGTTTCGTACACAC-1,0.00013,0.822836,0.177034
CACTAAAGTTGCCTAT-1,0.000056,0.773598,0.226346
CACTACGGGAGCTGCC-1,0.000017,0.98004,0.019943
CACTCAAGAGCTATGG-1,0.00003,0.977557,0.022414
CACTCCTATGTAAGAT-1,0.000032,0.933104,0.066864
CACTCCTCTCGGTCGG-1,0.000025,0.84102,0.158954
CACTCGAGCTGAACAA-1,0.000046,0.783704,0.21625
CACTCTTCTGCTAGCC-1,0.000047,0.897985,0.101968
CACTGACGATTGTGGA-1,0.000011,0.999967,0.000022
CACTGTCCAAGTGAGA-1,0.000081,0.350237,0.649682
CACTTAATCAGACGGA-1,0.000055,0.727856,0.272089
CAGAACTTAGCCCTCT-1,0.000109,0.056893,0.942998
CAGAATAACACACGGA-1,0.000047,0.958781,0.041172
CAGACACCGATCGCTG-1,0.000027,0.94887,0.051103
CAGACCTGTAAGTGTT-1,0.000051,0.871017,0.128932
CAGACGAACCTGATAC-1,0.000037,0.976391,0.023571
CAGAGACGGTCACCCA-1,0.000094,0.869255,0.130651
CAGAGCATGAGCTTGC-1,0.000074,0.800454,0.199471
CAGAGGCGATGCATGA-1,0.00003,0.967479,0.032492
CAGATAATGGGCGGGT-1,0.000012,0.999964,0.000024
CAGATACTAACATAGT-1,0.00004,0.906488,0.093471
CAGCAGCCCGTTCCTT-1,0.000039,0.971182,0.028779
CAGCAGTCCAGACTAT-1,0.000069,0.762152,0.237778
CAGCAGTCTGTGCTGC-1,0.000148,0.33329,0.666562
CAGCCTCCTGCAGAGG-1,0.000077,0.54248,0.457444
CAGCGATTCCCTTCAA-1,0.000044,0.938601,0.061355
CAGCTCACTGAGACAT-1,0.000069,0.840284,0.159647
CAGCTCGACAAGTTAA-1,0.000097,0.063923,0.935979
CAGCTCGTGCTTGTGT-1,0.000045,0.184297,0.815658
CAGGATATATCGTTGT-1,0.000063,0.973532,0.026405
CAGGCAGTCTTACCAG-1,0.000035,0.606244,0.393721
CAGGCCGTTTGGGTGT-1,0.000037,0.885012,0.114951
CAGGCGCCATGCTAGG-1,0.000057,0.807584,0.192359
CAGTAGCCCACGCGGT-1,0.000143,0.296335,0.703522
CAGTCGAGGATGCAAT-1,0.00009,0.517577,0.482333
CAGTCTGTATACTGGG-1,0.000058,0.796931,0.203012
CAGTGAATAAATGACT-1,0.000053,0.824726,0.17522
CAGTGTCCGCAGAATG-1,0.000115,0.60833,0.391555
CAGTGTCGGCTGGCCC-1,0.000052,0.983308,0.01664
CAGTTCAAATTGACAC-1,0.000031,0.981302,0.018667
CAGTTCGAGGACCCGA-1,0.00001,0.703707,0.296283
CATAACGGACAGTCGT-1,0.000072,0.322636,0.677292
CATAAGAAGCTTGGCT-1,0.000079,0.783932,0.215988
CATACACGGTTCCCAC-1,0.000047,0.939736,0.060217
CATACCCGTACCCAGT-1,0.00003,0.04538,0.95459
CATACGGCGTCTGGGC-1,0.000083,0.51926,0.480657
CATACTATGTAATTGT-1,0.000043,0.995819,0.004137
CATACTTAGGCAATAC-1,0.000018,0.999945,0.000036
CATACTTCTTTCTCCG-1,0.000023,0.809345,0.190632
CATAGAGGAGATACTA-1,0.000014,0.970965,0.029021
CATAGCGTTGCCCACC-1,0.000071,0.744774,0.255155
CATAGTACATTGAGAG-1,0.000027,0.882181,0.117791
CATAGTAGCATAGTAG-1,0.000062,0.303742,0.696196
CATAGTCAAATACATA-1,0.000028,0.999915,0.000057
CATAGTCCACAAGAAC-1,0.000043,0.186037,0.813921
CATATAGGTACAGTCA-1,0.000045,0.918258,0.081696
CATCATTACCCTGAGG-1,0.000059,0.911974,0.087967
CATCCTCTCAAAGATC-1,0.00006,0.99982,0.00012
CATCGCCCGCGGCCAA-1,0.000055,0.361565,0.63838
CATCGGACGGGTTAAT-1,0.000034,0.944112,0.055853
CATCTTACACCACCTC-1,0.000052,0.703393,0.296555
CATGACTTCGCTGAAT-1,0.000043,0.958196,0.041761
CATGAGATGCACTCTC-1,0.000106,0.118719,0.881176
CATGATACGGTGAAAC-1,0.000242,0.92724,0.072518
CATGATGCACAATTCT-1,0.000032,0.956277,0.04369
CATGATGGAAGTTAGC-1,0.000089,0.819443,0.180468
CATGCGACCAGTTTAA-1,0.00006,0.643993,0.355946
CATGCGTTAGACAGAA-1,0.000062,0.763137,0.236801
CATGGATTGTCTTCCG-1,0.000034,0.987708,0.012259
CATGGCAGGAAGATCG-1,0.000019,0.981637,0.018344
CATGGGTATGCCTTAT-1,0.000206,0.182639,0.817155
CATGGGTCGGGTGTGG-1,0.000058,0.829568,0.170374
CATGGTAAGTAGCGTT-1,0.000044,0.964117,0.035839
CATGGTCTAGATACCG-1,0.000036,0.999892,0.000072
CATGGTTTATTAATCA-1,0.000021,0.973218,0.026761
CATGTAAGAGACATTT-1,0.000092,0.549172,0.450737
CATGTCTCATTTATGG-1,0.000209,0.223331,0.77646
CATTACATAGATTGTG-1,0.000026,0.913599,0.086375
CATTACGCAGGAAGGG-1,0.000041,0.851669,0.14829
CATTACGTCGGCCCGT-1,0.000035,0.991125,0.00884
CATTATGCTTGTTGTG-1,0.000056,0.727221,0.272722
CATTCCCATTCCGTCG-1,0.000019,0.795144,0.204837
CATTTAGCGGACCATG-1,0.000093,0.474267,0.52564
CATTTGAGTGGTACGT-1,0.000062,0.873859,0.126079
CCAAACAGAACCCTCG-1,0.000039,0.70904,0.290921
CCAAATAACAAGATTC-1,0.000025,0.947548,0.052427
CCAACGATGCACTGAT-1,0.000063,0.134677,0.86526
CCAAGAAAGTGGGCGA-1,0.000021,0.987776,0.012203
CCAAGACTTCTGCGAA-1,0.000033,0.993222,0.006745
CCAAGCGTAACTCGTA-1,0.000039,0.938801,0.06116
CCAAGGAACAGAGAGG-1,0.000041,0.667636,0.332323
CCAAGGTTGCCCTTTC-1,0.000013,0.990397,0.00959
CCAATAGTGCCGTCGA-1,0.000053,0.677671,0.322276
CCAATGTCACAGCAAG-1,0.000024,0.948144,0.051832
CCAATTACGGGTCGAG-1,0.000074,0.095621,0.904305
CCAATTGAATGTTAAT-1,0.000025,0.96418,0.035795
CCACAATGTACGTCTT-1,0.000055,0.538896,0.461049
CCACACTGAGATATTA-1,0.000035,0.896115,0.10385
CCACAGTACCCATCCT-1,0.000096,0.26465,0.735255
CCACATACTGCACCCA-1,0.000016,0.960849,0.039135
CCACCAACTTTACTGT-1,0.000033,0.918491,0.081475
CCACCCAAGGAAAGTG-1,0.000029,0.923225,0.076746
CCACGAATTTAACCTC-1,0.000034,0.90957,0.090396
CCACGAGAAGAGAATC-1,0.000038,0.893016,0.106946
CCACGGAGCCATAAGA-1,0.00003,0.192729,0.80724
CCACGGTGCCCGGTAG-1,0.000041,0.92522,0.074739
CCACTATCCGGGTCAC-1,0.000028,0.963355,0.036617
CCACTCAGATCCGCAA-1,0.000044,0.3611,0.638856
CCACTGTTTGGATTAA-1,0.00002,0.99994,0.00004
CCAGAAAGCAACTCAT-1,0.000021,0.908772,0.091207
CCAGATAGTTGAGTGA-1,0.000051,0.517988,0.481961
CCAGCCTGGACCAATA-1,0.000031,0.998034,0.001935
CCAGCTCGAACGCATT-1,0.000024,0.992103,0.007872
CCAGGGACGTGGCCTC-1,0.00002,0.938098,0.061882
CCAGTAGTCTGATCCA-1,0.00018,0.25589,0.74393
CCAGTCTAGACGGCGC-1,0.000066,0.568761,0.431173
CCAGTCTTGTCATAGA-1,0.000057,0.955979,0.043964
CCAGTTCGGTAACTCA-1,0.000063,0.860494,0.139443
CCATACCTTTACTTGT-1,0.000047,0.999776,0.000176
CCATAGGTTGGCGTGG-1,0.000041,0.922002,0.077957
CCATATGGAAACTATA-1,0.000029,0.96793,0.032042
CCATCCATACCAAGTC-1,0.000087,0.632884,0.367029
CCATCGCAGTTAAACT-1,0.000043,0.939047,0.06091
CCATCTCACCAGTGAA-1,0.00004,0.971734,0.028226
CCATGCCCTAGATTTC-1,0.000041,0.942368,0.057592
CCATGCCTGTTTAGTA-1,0.000017,0.962741,0.037243
CCATGCTCTGCAGGAA-1,0.000029,0.410116,0.589856
CCATTAGCGATAATCC-1,0.000042,0.881713,0.118245
CCATTCCCTGCCCACA-1,0.000029,0.851082,0.148889
CCATTTCTACCTATTA-1,0.00015,0.653017,0.346833
CCCAAACATGCTGCTC-1,0.000146,0.368719,0.631135
CCCAACATACGTCGCG-1,0.000041,0.530516,0.469443
CCCAAGTCATTACACT-1,0.00003,0.916247,0.083722
CCCAATGAGATTTGCA-1,0.000042,0.938323,0.061635
CCCAATTTCACAACTT-1,0.000021,0.327797,0.672182
CCCAGGAAGAATTCGA-1,0.000021,0.764499,0.23548
CCCAGGTCTGAAGGCT-1,0.000059,0.8153,0.184641
CCCAGTTAAGGCGCCG-1,0.000147,0.15476,0.845092
CCCGACCATAGTCCGC-1,0.000033,0.908884,0.091083
CCCGAGTTTCTCCGTA-1,0.000076,0.564471,0.435452
CCCGCAGCGCGAACTA-1,0.000072,0.883368,0.11656
CCCGCCATGCTCCCGT-1,0.000043,0.335913,0.664045
CCCGGCACGTGTCAGG-1,0.00011,0.885343,0.114546
CCCGGGTCGTTCAGGG-1,0.000021,0.999937,0.000042
CCCGTAAGTCTAGGCC-1,0.000025,0.514354,0.485622
CCCGTAGCTGGGAAGA-1,0.00003,0.948508,0.051461
CCCGTCAGCGTCTGAC-1,0.000031,0.999617,0.000352
CCCGTTTCGCAGATGT-1,0.000079,0.944973,0.054948
CCCTACCCACACCCAG-1,0.000037,0.85725,0.142713
CCCTACTTGAACAATG-1,0.000012,0.973105,0.026883
CCCTCATTCTGGAATT-1,0.000038,0.598566,0.401396
CCCTCCTCGCTCGTAT-1,0.000053,0.909133,0.090814
CCCTGAAATGAGTTGA-1,0.000022,0.54523,0.454748
CCCTGGGAGGGATCCT-1,0.000061,0.76952,0.23042
CCCTTTAATGGAGTTC-1,0.000046,0.797048,0.202907
CCCTTTGACAGGTCTT-1,0.000067,0.927249,0.072684
CCGAACCTTCCCGGCC-1,0.000071,0.916198,0.083732
CCGACAATAGGCCGCC-1,0.000014,0.971229,0.028756
CCGAGAAGTCGCATAA-1,0.000015,0.999955,0.00003
CCGATCTCAACCTTAT-1,0.000029,0.996677,0.003293
CCGCACAAAGACCAAC-1,0.000031,0.986114,0.013855
CCGCACTTGCAATGAC-1,0.000017,0.890076,0.109906
CCGCATGTGGTACGAT-1,0.00006,0.855515,0.144425
CCGCCGTTGAGGATAA-1,0.000016,0.996671,0.003313
CCGCGGAATGCGTCAC-1,0.000029,0.990081,0.009891
CCGCTATCAGCACCAG-1,0.000062,0.999814,0.000124
CCGCTCCAGGGCGATC-1,0.000053,0.596793,0.403154
CCGCTCTTCCGAACTA-1,0.000018,0.998574,0.001408
CCGCTTACCTCACTCT-1,0.000042,0.656155,0.343804
CCGCTTGCTGACATGG-1,0.000024,0.915467,0.084509
CCGGAAGTGCAATATG-1,0.000065,0.968622,0.031313
CCGGAATGGTTTCAGT-1,0.000045,0.371473,0.628483
CCGGAGCGTACTTTCT-1,0.000074,0.919181,0.080744
CCGGCACGACCGTTTC-1,0.000043,0.903877,0.09608
CCGGGACCCGCAGAGA-1,0.000048,0.702282,0.29767
CCGGGCGGTCTCGTCA-1,0.000045,0.916716,0.083239
CCGGGCTGCTCCATAC-1,0.000167,0.392629,0.607204
CCGGGTTCGAGGTTAC-1,0.000044,0.000263,0.999693
CCGGTAATGGCTAGTC-1,0.000034,0.913577,0.08639
CCGGTTTGTAATTGTG-1,0.000029,0.899395,0.100576
CCGTAAGTTGGTCCCA-1,0.000043,0.95856,0.041397
CCGTAGGAAATCCCTG-1,0.000056,0.862372,0.137572
CCGTAGGGTTGTTTAC-1,0.000023,0.999932,0.000045
CCGTGAGGCATTCATG-1,0.000027,0.821218,0.178756
CCGTGGAACGATCCAA-1,0.000062,0.760517,0.239421
CCGTGTTAAATTCCAT-1,0.000042,0.928938,0.071021
