Barcode,Topic 1to3,Topic 4,Topic 5,Topic 6to10,Topic 11,Topic 12to13
AAACAAGTATCTCCCA-1,0.108598,0.342953,0.232607,0.178113,0.136935,0.000795
AAACACCAATAACTGC-1,0.407472,0.005913,0.001863,0.524247,0.000007,0.060498
AAACAGAGCGACTCCT-1,0.654045,0.014348,0.003276,0.301325,0.000008,0.026998
AAACAGCTTTCAGAAG-1,0.183571,0.114109,0.019503,0.470068,0.003425,0.209324
AAACAGGGTCTATATT-1,0.730706,0.019229,0.000496,0.249554,0.000005,0.00001
AAACAGTGTTCCTGGG-1,0.000102,0.114917,0.17026,0.000169,0.714484,0.000068
AAACATGGTGAGAGGA-1,0.152954,0.151279,0.000286,0.47475,0.01158,0.209151
AAACATTTCCCGGATT-1,0.079489,0.814062,0.001168,0.057647,0.008112,0.039522
AAACCACTACACAGAT-1,0.214641,0.155647,0.083106,0.213839,0.003408,0.329359
AAACCCGAACGAAATC-1,0.040115,0.184578,0.254892,0.297786,0.021913,0.200716
AAACCGGAAATGTTAA-1,0.082343,0.003562,0.379786,0.23605,0.112268,0.185991
AAACCGGGTAGGTACC-1,0.639272,0.133812,0.010722,0.215448,0.000006,0.00074
AAACCGTTCGTCCAGG-1,0.000297,0.000099,0.000099,0.000496,0.57389,0.425119
AAACCTAAGCAGCCGG-1,0.100535,0.095741,0.015268,0.219733,0.009594,0.559128
AAACCTCATGAAGTTG-1,0.395986,0.030852,0.033844,0.463,0.072887,0.003431
AAACGAAGAACATACC-1,0.659449,0.102093,0.000015,0.004716,0.001489,0.232238
AAACGAAGATGGAGTA-1,0.082591,0.145968,0.010036,0.518089,0.010602,0.232714
AAACGACAGTCTTGCC-1,0.019052,0.000016,0.011526,0.340476,0.105091,0.523839
AAACGAGACGGTTGAT-1,0.413897,0.148237,0.000013,0.205956,0.000013,0.231884
AAACGCCCGAGATCGG-1,0.497726,0.00001,0.00001,0.438294,0.00001,0.063951
AAACGCTGGGCACGAC-1,0.089238,0.117054,0.108692,0.539302,0.124717,0.020998
AAACGGGCGTACGGGT-1,0.055621,0.007306,0.144749,0.530198,0.035186,0.226941
AAACGGTTGCGAACTG-1,0.489582,0.013584,0.040546,0.315083,0.050306,0.090899
AAACGTGTTCGCCCTA-1,0.122621,0.120967,0.01606,0.707918,0.006744,0.02569
AAACTAACGTGGCGAC-1,0.411716,0.100666,0.00543,0.292324,0.000014,0.18985
AAACTCGGTTCGCAAT-1,0.268575,0.002894,0.185009,0.22631,0.0502,0.267012
AAACTCGTGATATAAG-1,0.530312,0.183228,0.017391,0.267158,0.000007,0.001905
AAACTGCTGGCTCCAA-1,0.789102,0.116999,0.000974,0.057092,0.014557,0.021276
AAACTTAATTGCACGC-1,0.821071,0.055333,0.000003,0.123582,0.000003,0.000007
AAACTTGCAAACGTAT-1,0.448783,0.00001,0.000705,0.535552,0.00001,0.01494
AAAGAATGACCTTAGA-1,0.016311,0.000015,0.003173,0.224083,0.071702,0.684717
AAAGAATGTGGACTAA-1,0.067324,0.067976,0.053049,0.717574,0.051992,0.042085
AAAGACATGAAGTTTA-1,0.833899,0.049921,0.003333,0.007727,0.009593,0.095526
AAAGACCCAAGTCGCG-1,0.000165,0.000055,0.000055,0.000276,0.576087,0.423361
AAAGACTGGGCGCTTT-1,0.478522,0.009901,0.19131,0.156999,0.001362,0.161907
AAAGCTTGCCTACATA-1,0.149741,0.10159,0.31719,0.353362,0.006296,0.07182
AAAGGCCCTATAATAC-1,0.317108,0.022116,0.089252,0.33361,0.011695,0.226219
AAAGGCTACGGACCAT-1,0.490213,0.165799,0.041451,0.112831,0.000538,0.189169
AAAGGCTCTCGCGCCG-1,0.715784,0.00024,0.000019,0.043699,0.000019,0.240239
AAAGGGATGTAGCAAG-1,0.188305,0.000031,0.000031,0.048228,0.000031,0.763372
AAAGGGCAGCTTGAAT-1,0.052084,0.00002,0.00002,0.032214,0.541457,0.374204
AAAGGTAAGCTGTACC-1,0.718647,0.000188,0.000009,0.25512,0.000009,0.026026
AAAGGTCAACGACATG-1,0.13945,0.006046,0.087814,0.358547,0.046122,0.362021
AAAGTAGCATTGCTCA-1,0.342861,0.007983,0.016002,0.618722,0.001426,0.013005
AAAGTCACTGATGTAA-1,0.000153,0.000051,0.000051,0.000254,0.267446,0.732046
AAAGTCGACCCTCAGT-1,0.161286,0.096062,0.000353,0.584201,0.00298,0.155118
AAAGTGCCATCAATTA-1,0.03868,0.008986,0.248391,0.554343,0.058018,0.091581
AAAGTGTGATTTATCT-1,0.517505,0.000012,0.000012,0.435835,0.000012,0.046622
AAAGTTGACTCCCGTA-1,0.332289,0.002317,0.030752,0.411712,0.050394,0.172536
AAATAACCATACGGGA-1,0.259746,0.064298,0.037765,0.111193,0.030907,0.496091
AAATAAGGTAGTGCCC-1,0.371384,0.037913,0.01512,0.509867,0.045628,0.020088
AAATACCTATAAGCAT-1,0.368557,0.237373,0.049018,0.011225,0.143689,0.190138
AAATAGCTTAGACTTT-1,0.14028,0.338786,0.03738,0.249085,0.00484,0.229629
AAATAGGGTGCTATTG-1,0.48204,0.000015,0.000015,0.094076,0.000015,0.423838
AAATCACTCCTAAACG-1,0.376691,0.161321,0.010797,0.385449,0.000658,0.065083
AAATCCGATACACGCC-1,0.038713,0.06698,0.062604,0.349378,0.035793,0.446532
AAATCGCGGAAGGAGT-1,0.327215,0.341722,0.055778,0.261356,0.010514,0.003414
AAATCGTGTACCACAA-1,0.640733,0.180544,0.000017,0.005492,0.000017,0.173196
AAATCTAGCCCTGCTA-1,0.18325,0.268992,0.036431,0.418212,0.034164,0.058951
AAATCTGCCCGCGTCC-1,0.367459,0.000256,0.000256,0.631263,0.000256,0.000511
AAATGACTGATCAAAC-1,0.472195,0.000021,0.014712,0.325304,0.006352,0.181416
AAATGATTCGATCAGC-1,0.456017,0.126197,0.01559,0.286015,0.003553,0.112628
AAATGGCATGTCTTGT-1,0.834517,0.05583,0.000015,0.089498,0.005316,0.014823
AAATGGCCCGTGCCCT-1,0.409891,0.045508,0.039395,0.505187,0.000006,0.000013
AAATGGTCAATGTGCC-1,0.753166,0.008281,0.043634,0.015474,0.004321,0.175124
AAATGTATCTTATCCC-1,0.061897,0.366583,0.035512,0.462654,0.00639,0.066964
AAATGTGGGTGCTCCT-1,0.000167,0.000056,0.000056,0.000278,0.632208,0.367235
AAATTAACGGGTAGCT-1,0.50567,0.00003,0.00003,0.025489,0.00134,0.467441
AAATTAATAAGCGCGA-1,0.00005,0.000017,0.083272,0.042826,0.168972,0.704863
AAATTACACGACTCTG-1,0.575759,0.016205,0.013797,0.161677,0.002188,0.230375
AAATTACCTATCGATG-1,0.796759,0.023451,0.005532,0.108641,0.005449,0.060167
AAATTCCAGGTCCAAA-1,0.044753,0.03335,0.040439,0.234311,0.200878,0.446269
AAATTGATAGTCCTTT-1,0.344421,0.392257,0.028287,0.175293,0.000012,0.05973
AAATTGGTGAGAAGCA-1,0.755693,0.000006,0.00111,0.221668,0.000006,0.021516
AAATTTACCGAAATCC-1,0.381351,0.110793,0.00003,0.000152,0.00003,0.507643
AAATTTGCGGGTGTGG-1,0.06446,0.000025,0.177986,0.068507,0.086755,0.602266
AACAACTGGTAGTTGC-1,0.000109,0.086492,0.000036,0.000182,0.759403,0.153777
AACAATACATTGTCGA-1,0.028496,0.000019,0.012517,0.089483,0.567975,0.301509
AACAATTACTCTACGC-1,0.475174,0.128022,0.032214,0.041631,0.009642,0.313317
AACACACGCTCGCCGC-1,0.450062,0.00001,0.045831,0.353101,0.054955,0.096041
AACACGACTGTACTGA-1,0.787394,0.006417,0.00002,0.013616,0.014959,0.177594
AACACGAGACGCGGCC-1,0.244858,0.004239,0.004028,0.45728,0.056386,0.233209
AACAGCTGTGTGGCAA-1,0.253435,0.000009,0.026874,0.545583,0.004845,0.169255
AACAGGAAATCGAATA-1,0.91356,0.000013,0.000013,0.072697,0.000013,0.013704
AACAGGATGGGCCGCG-1,0.01739,0.000042,0.000042,0.000211,0.923756,0.058559
AACAGGTAGTATGGAT-1,0.110026,0.000051,0.021809,0.770766,0.008678,0.08867
AACATAGCGTGTATCG-1,0.785796,0.000015,0.000015,0.056861,0.000015,0.157297
AACATATCAACTGGTG-1,0.687594,0.000013,0.000013,0.017606,0.005305,0.289468
AACATCGATACGTCTA-1,0.342749,0.339306,0.023725,0.266083,0.014424,0.013714
AACATTGAAGTTGATC-1,0.353578,0.000022,0.000022,0.47427,0.000022,0.172087
AACATTGTGACTCGAG-1,0.264288,0.000031,0.012601,0.097748,0.071349,0.553983
AACCAAGACTTCTCTG-1,0.585693,0.033527,0.043486,0.312779,0.008551,0.015964
AACCAGTATCACTCTT-1,0.481007,0.000024,0.05208,0.21085,0.101303,0.154737
AACCATAGGGTTGAAC-1,0.244356,0.041229,0.005313,0.600813,0.003904,0.104384
AACCCAGAGACGGAGA-1,0.625512,0.125716,0.000059,0.000293,0.100934,0.147487
AACCCATCCCATGATC-1,0.236401,0.436697,0.085973,0.205359,0.000389,0.035181
AACCCGACAACCCGTG-1,0.000262,0.012747,0.069136,0.018566,0.833008,0.06628
AACCCGAGCAGAATCG-1,0.049283,0.004323,0.152182,0.535369,0.047276,0.211567
AACCCGATAGGGCTTC-1,0.278882,0.389172,0.01923,0.288919,0.000043,0.023753
AACCCGCTGTATTCCA-1,0.38128,0.156116,0.022516,0.366123,0.01049,0.063474
AACCCTACTGTCAATA-1,0.195636,0.000696,0.005535,0.350243,0.038219,0.40967
AACCCTGGTGGAACCA-1,0.808698,0.092071,0.008639,0.034412,0.003094,0.053086
AACCGAGCTTGGTCAT-1,0.22868,0.011118,0.000029,0.03221,0.078157,0.649806
AACCGCTAAGGGATGC-1,0.136343,0.000017,0.000017,0.107669,0.000017,0.755936
AACCGTTGTGTTTGCT-1,0.559338,0.04742,0.000028,0.021432,0.000028,0.371753
AACCTAAAGCCGTCCG-1,0.564335,0.103374,0.000017,0.008918,0.000017,0.323338
AACCTCGCTTTAGCCC-1,0.1424,0.168397,0.001611,0.161939,0.007059,0.518593
AACCTGTCACGGAATT-1,0.250528,0.000007,0.004289,0.705041,0.000007,0.040128
AACCTTTAAATACGGT-1,0.3055,0.058992,0.020114,0.034143,0.268856,0.312395
AACCTTTACGACGTCT-1,0.339331,0.115319,0.099993,0.148327,0.006996,0.290034
AACGAAAGTCGTCCCA-1,0.128944,0.018859,0.009843,0.807792,0.000005,0.034558
AACGACCTCCTAGCCG-1,0.000351,0.033968,0.195919,0.550208,0.042599,0.176954
AACGATAATGCCGTAG-1,0.457362,0.000017,0.000017,0.130675,0.00607,0.405859
AACGATAGAAGGGCCG-1,0.27721,0.01986,0.000022,0.000582,0.01225,0.690075
AACGATATGTCAACTG-1,0.872072,0.000761,0.003508,0.082117,0.029019,0.012522
AACGCATGATCTGGGT-1,0.39826,0.133012,0.015112,0.224053,0.010576,0.218987
AACGCGACCTTGGGCG-1,0.20782,0.001631,0.094167,0.214949,0.0004,0.481033
AACGCGGTCTCCAGCC-1,0.422325,0.000026,0.000026,0.166012,0.000026,0.411584
AACGCTGTTGCTGAAA-1,0.328154,0.485825,0.000009,0.173064,0.000896,0.012052
AACGGACGTACGTATA-1,0.32103,0.00444,0.000013,0.404846,0.044878,0.224793
AACGGCCATCTCCGGT-1,0.000148,0.000049,0.000049,0.000247,0.910675,0.08883
AACGTACTGTGGGTAC-1,0.000379,0.000126,0.000126,0.000632,0.772836,0.225901
AACGTCAGACTAGTGG-1,0.533443,0.000058,0.000058,0.000288,0.255463,0.210691
AACGTCATCCGGCTTG-1,0.015795,0.000045,0.014058,0.111242,0.000045,0.858816
AACGTCGCTGCACTTC-1,0.000063,0.396603,0.239247,0.193305,0.007221,0.16356
AACGTGATGAAGGACA-1,0.595018,0.000042,0.119224,0.137503,0.026629,0.121584
AACGTGCGAAAGTCTC-1,0.735885,0.263098,0.000005,0.000058,0.000005,0.000948
AACGTTATCAGCACCT-1,0.055229,0.000022,0.000022,0.113118,0.549849,0.281761
AACGTTCTACCATTGT-1,0.000122,0.09925,0.182838,0.281193,0.316265,0.120331
AACTACCCGTTTGTCA-1,0.006648,0.06277,0.497226,0.196795,0.000351,0.236211
AACTAGCGTATCGCAC-1,0.454931,0.000057,0.000057,0.000286,0.082727,0.461942
AACTAGGCTTGGGTGT-1,0.746834,0.076057,0.000018,0.030064,0.009703,0.137325
AACTCAAGTTAATTGC-1,0.047017,0.000038,0.000038,0.034021,0.476606,0.442279
AACTCCAGAGCGTGTT-1,0.215717,0.169788,0.115381,0.487418,0.004592,0.007104
AACTCCTAATCCCATG-1,0.33233,0.00002,0.015975,0.112782,0.00002,0.538874
AACTCTCAATAGAGCG-1,0.224082,0.00002,0.00002,0.261917,0.052851,0.461111
AACTCTCAGTGTGCTC-1,0.000351,0.000117,0.000117,0.022171,0.708241,0.269002
AACTGAGGTCAGCGTC-1,0.28921,0.042902,0.033428,0.431389,0.000017,0.203053
AACTGAGTTATACTGA-1,0.15859,0.601197,0.00699,0.228572,0.003535,0.001116
AACTGATATTAGGCCT-1,0.465578,0.00003,0.014512,0.07391,0.048541,0.397429
AACTGGGTCCCGACGT-1,0.859133,0.039435,0.008553,0.05154,0.003955,0.037384
AACTGGGTTCGAGCCG-1,0.429801,0.000042,0.000042,0.00021,0.000042,0.569863
AACTGGTGTGGGCCTT-1,0.000213,0.000071,0.000071,0.000355,0.602039,0.39725
AACTTCTGCGTCTATC-1,0.061124,0.000038,0.000038,0.000191,0.485164,0.453444
AACTTGCCCGTATGCA-1,0.042333,0.00004,0.00004,0.015986,0.00045,0.94115
AACTTTACGGGAGCTT-1,0.023555,0.000021,0.213281,0.110447,0.18278,0.469917
AACTTTAGCTGCTGAG-1,0.346792,0.045687,0.000064,0.000318,0.095809,0.51133
AACTTTCTCGATCATG-1,0.194887,0.000009,0.104586,0.636839,0.000009,0.06367
AAGAAAGTTTGATGGG-1,0.035235,0.404876,0.005107,0.554754,0.00001,0.000019
AAGAAATCACCAGATT-1,0.020582,0.006286,0.042385,0.547376,0.00001,0.383359
AAGACATACGTGGTTT-1,0.154268,0.193581,0.191001,0.423053,0.03794,0.000157
AAGACCAAATAACTCA-1,0.186706,0.081843,0.015071,0.516463,0.00533,0.194587
AAGACCCAACTGAACA-1,0.689373,0.000012,0.002532,0.130287,0.000012,0.177785
AAGACTCACGCCCACT-1,0.557339,0.00002,0.00002,0.091389,0.00002,0.351211
AAGACTGCAAGCTACT-1,0.76037,0.000016,0.000016,0.050055,0.01916,0.170383
AAGAGATGAATCGGTA-1,0.193489,0.07029,0.000039,0.077223,0.131084,0.527875
AAGAGCTCTTTATCGG-1,0.66754,0.067675,0.005539,0.036238,0.005692,0.217315
AAGAGGATGTACGCGA-1,0.665345,0.145467,0.067093,0.025596,0.025596,0.070904
AAGAGGCATGGATCGC-1,0.507744,0.017463,0.000013,0.080189,0.002103,0.392489
AAGAGGCCCTTTGGAA-1,0.233396,0.227871,0.016911,0.519257,0.000525,0.00204
AAGATGGCACCGGACC-1,0.000064,0.000153,0.004745,0.039776,0.955218,0.000043
AAGATTGGCGGAACGT-1,0.267863,0.000018,0.000018,0.250576,0.000298,0.481226
AAGCACCCTGCGTATC-1,0.817575,0.032466,0.001704,0.096995,0.042324,0.008935
AAGCATACTCTCCTGA-1,0.663457,0.001513,0.007089,0.164132,0.022873,0.140936
AAGCCACTTGCAGGTA-1,0.0107,0.000024,0.393274,0.143373,0.087706,0.364923
AAGCCGAAGCGGTTTA-1,0.24874,0.47477,0.0322,0.171777,0.032273,0.04024
AAGCCGCCGTGAAATC-1,0.549826,0.004015,0.001876,0.293562,0.027643,0.123078
AAGCCGCTTTACCTTG-1,0.117799,0.049053,0.225719,0.532813,0.011478,0.063138
AAGCCGGAGAGCAGGA-1,0.120257,0.288649,0.133589,0.419524,0.017631,0.020351
AAGCGCAGGGCTTTGA-1,0.538023,0.003639,0.001217,0.4522,0.000006,0.004915
AAGCGGAGTGCGCGCA-1,0.191376,0.055404,0.167146,0.585539,0.000322,0.000214
AAGCGGCGTCATGGGT-1,0.529771,0.130744,0.000016,0.144684,0.016261,0.178523
AAGCGTCCCTCATCGA-1,0.635395,0.147877,0.061303,0.055325,0.00076,0.09934
AAGCTAGATCGAGTAA-1,0.502772,0.157107,0.061512,0.035118,0.130214,0.113277
AAGCTATGGATTGACC-1,0.168578,0.000024,0.000024,0.589139,0.012114,0.23012
AAGCTCGTGCCAAGTC-1,0.068894,0.000032,0.000032,0.015302,0.015398,0.900341
AAGCTCTTTCATGGTG-1,0.695505,0.068056,0.002744,0.142903,0.020802,0.06999
AAGGAGAACTTATAAG-1,0.165424,0.000025,0.000025,0.035367,0.162254,0.636905
AAGGAGCGGTTGGTGC-1,0.838513,0.04839,0.000011,0.011396,0.000011,0.10168
AAGGATCGATCGCTTG-1,0.322482,0.182811,0.0005,0.366588,0.009165,0.118454
AAGGATGAGGGACCTC-1,0.420164,0.257666,0.000015,0.163426,0.039339,0.119391
AAGGCAGGCTGTCTCC-1,0.090771,0.055224,0.485072,0.230402,0.126572,0.011958
AAGGCGCGTAAAGCTT-1,0.478841,0.040777,0.000038,0.000188,0.14326,0.336895
AAGGCTGTGCTCATCG-1,0.345072,0.000031,0.000031,0.034541,0.22315,0.397175
AAGGGAACGACTGGCT-1,0.248113,0.042091,0.046456,0.38285,0.047289,0.233202
AAGGGACAGATTCTGT-1,0.048666,0.000026,0.100855,0.084181,0.192099,0.574173
AAGGGACTATGCATTC-1,0.168679,0.048718,0.100666,0.229407,0.094857,0.357672
AAGGGTTAGCCATGCG-1,0.065963,0.292906,0.00585,0.406617,0.009289,0.219375
AAGGGTTTGATTTCAG-1,0.233563,0.145832,0.281105,0.252476,0.000013,0.087011
AAGGTATCCTAATATA-1,0.647044,0.041875,0.014944,0.136075,0.088393,0.071669
AAGGTGATAAACCAGC-1,0.376642,0.194705,0.000013,0.076756,0.021242,0.330642
AAGTAGAAGACCGGGT-1,0.097174,0.000024,0.000024,0.018767,0.266991,0.61702
AAGTAGTGACGCGAGG-1,0.00086,0.108114,0.008845,0.000177,0.808051,0.073952
AAGTCAATTGTCGTCA-1,0.395223,0.184049,0.093822,0.26968,0.016929,0.040297
AAGTCTAGTAGCTGCC-1,0.162698,0.02853,0.132538,0.651448,0.010723,0.014062
AAGTCTTCTGTGGCCT-1,0.151894,0.214215,0.009348,0.624529,0.000004,0.000009
AAGTGACGACCGAATT-1,0.448255,0.000021,0.000021,0.350121,0.000021,0.201561
AAGTGAGTCGGGTTTA-1,0.011604,0.085164,0.029671,0.175158,0.121995,0.57641
AAGTGCAAAGGTAGAC-1,0.359274,0.231097,0.113932,0.040084,0.08818,0.167433
AAGTGCCTTGACTGTA-1,0.318209,0.326202,0.036511,0.141112,0.000013,0.177952
AAGTGCGTTAGAATCT-1,0.334831,0.000015,0.000015,0.385008,0.000015,0.280118
AAGTGCTTCTCTATTG-1,0.484439,0.099718,0.179099,0.094533,0.087551,0.05466
AAGTGTTTGGAGACGG-1,0.000097,0.000032,0.000032,0.000162,0.000032,0.999643
AAGTTCACTCCAAGCT-1,0.473283,0.070415,0.110916,0.275289,0.005175,0.064921
AAGTTCAGTCTGCGTA-1,0.489191,0.311792,0.000008,0.197713,0.000821,0.000475
AAGTTCGGCCAACAGG-1,0.160507,0.000025,0.007448,0.127154,0.153013,0.551853
AAGTTGTGATGTTATA-1,0.041621,0.017125,0.645354,0.090414,0.132967,0.072519
AAGTTTACTAATGGCA-1,0.200752,0.000046,0.000046,0.00023,0.02233,0.776596
AAGTTTATGGGCCCAA-1,0.327716,0.000011,0.000875,0.410644,0.000011,0.260744
AATAACAACGCTCGGC-1,0.15767,0.000021,0.000021,0.108287,0.083252,0.650748
AATAACACTAGAACAA-1,0.000068,0.000023,0.000023,0.023721,0.663105,0.31306
AATAACGTCGCGCCCA-1,0.000123,0.025774,0.300741,0.133646,0.222709,0.317008
AATAAGTCCTCGAGAC-1,0.800183,0.000021,0.000021,0.004324,0.000021,0.19543
AATAATCTTCGTATCG-1,0.129201,0.040284,0.34391,0.441762,0.043182,0.001661
AATACAATGTTTCAGG-1,0.827541,0.000007,0.000007,0.123654,0.000007,0.048785
AATACCGGAGGGCTGT-1,0.000072,0.000024,0.063801,0.045868,0.599912,0.290323
AATACCTGATGTGAAC-1,0.02041,0.016165,0.036506,0.640065,0.104641,0.182213
AATAGAACAGAGTGGC-1,0.000134,0.000045,0.000045,0.000224,0.642226,0.357326
AATAGAATCTGTTTCA-1,0.466149,0.074209,0.002705,0.205006,0.007511,0.244419
AATAGCAAGCCTCCTG-1,0.104888,0.00406,0.039062,0.55015,0.00653,0.295309
AATAGCTACCGCGTGC-1,0.138994,0.08344,0.000021,0.172248,0.074036,0.531262
AATAGGCACGACCCTT-1,0.525996,0.002429,0.096383,0.235115,0.019115,0.120963
AATAGTCCGTCCCGAC-1,0.793636,0.093916,0.00001,0.0611,0.001018,0.050319
AATAGTCGCGAGTCGG-1,0.651375,0.195486,0.002105,0.06575,0.007984,0.0773
AATATCCTAGCAAACT-1,0.026216,0.000015,0.003994,0.347039,0.066506,0.556231
AATATCGAATCAATGC-1,0.064755,0.483515,0.094653,0.240927,0.001813,0.114336
AATATCGAGGGTTCTC-1,0.303732,0.464214,0.0168,0.119926,0.004175,0.091153
AATATTGGAGTATTGA-1,0.007448,0.000043,0.000044,0.129625,0.000045,0.862794
AATCAGGTTTCATTTA-1,0.375345,0.130078,0.093337,0.337699,0.005268,0.058273
AATCATGTAAAGACTC-1,0.235371,0.023034,0.179262,0.370192,0.091612,0.100528
AATCCAAGGGCCTGAG-1,0.00015,0.00005,0.00005,0.00025,0.764834,0.234666
AATCCCGCTCAGAGCC-1,0.279428,0.03998,0.011143,0.20058,0.062045,0.406824
AATCGAGGTCTCAAGG-1,0.647536,0.000016,0.000016,0.133373,0.009364,0.209696
AATCGCCTCAGCGCCA-1,0.485667,0.09848,0.130214,0.049978,0.066086,0.169574
AATCGCGCAGAGGACT-1,0.045489,0.499482,0.095646,0.183565,0.013485,0.162334
AATCGGGACACTACGA-1,0.620493,0.028566,0.000027,0.000135,0.000027,0.350753
AATCGGTATAGCCCTC-1,0.249291,0.003737,0.112465,0.577775,0.056696,0.000036
AATCGTGAGCCGAGCA-1,0.62717,0.001713,0.106401,0.055051,0.045645,0.16402
AATCTAGGTTTACTTG-1,0.677562,0.000007,0.001743,0.300543,0.000624,0.019521
AATCTATGCCGGAGCC-1,0.23054,0.2186,0.136292,0.170199,0.197656,0.046713
AATCTCTACTGTGGTT-1,0.000071,0.000024,0.000024,0.275274,0.000024,0.724584
AATCTGCGTTGGGACG-1,0.410586,0.500316,0.000009,0.065942,0.000009,0.023138
AATCTGGCTTTCTAGT-1,0.413528,0.226146,0.003761,0.323465,0.000011,0.033089
AATCTGGGTAGACCCT-1,0.614183,0.000024,0.024259,0.11132,0.000024,0.250189
AATGACAGCAATGTCT-1,0.237892,0.327287,0.021844,0.159339,0.006852,0.246784
AATGACGTAGGATGTC-1,0.063774,0.00003,0.00003,0.00426,0.058015,0.873891
AATGACTGTCAGCCGG-1,0.152056,0.000023,0.000023,0.045087,0.035648,0.767163
AATGATGATACGCTAT-1,0.130843,0.000029,0.000029,0.123874,0.035116,0.710108
AATGATGCGACTCCTG-1,0.329368,0.190914,0.008983,0.191652,0.059818,0.219265
AATGCAACCGGGTACC-1,0.562224,0.000018,0.064812,0.064964,0.027504,0.280478
AATGCACCAAGCAATG-1,0.177345,0.047368,0.000017,0.308913,0.046057,0.4203
AATGGCCGCCAATGCG-1,0.368762,0.103824,0.084806,0.259777,0.000963,0.181868
AATGGTCCACCGTTCA-1,0.562873,0.005025,0.096377,0.197015,0.006886,0.131825
AATGGTTCTCACAAGC-1,0.682749,0.025128,0.000064,0.000319,0.138978,0.152763
AATGTATGGCACTGTA-1,0.128455,0.26033,0.019098,0.331607,0.016053,0.244458
AATGTGCCCGAGGTGT-1,0.374278,0.000016,0.000016,0.46588,0.000016,0.159796
AATGTGCTAATCTGAG-1,0.361321,0.017392,0.011215,0.582552,0.005101,0.02242
AATGTTAAGACCCTGA-1,0.583778,0.067586,0.109456,0.222996,0.009977,0.006206
AATGTTGTCGTGAGAC-1,0.107413,0.078086,0.419175,0.178235,0.104449,0.112642
AATTAAAGGTCGGCGT-1,0.692489,0.092965,0.000012,0.03244,0.000012,0.182082
AATTAACGGATTTCCA-1,0.469491,0.310909,0.008229,0.025351,0.016764,0.169256
AATTACGAGACCCATC-1,0.100026,0.000996,0.050799,0.77254,0.000007,0.075632
AATTAGCGCTGCAGCG-1,0.547523,0.000031,0.000031,0.086908,0.101012,0.264494
AATTATACCCAGCAAG-1,0.214743,0.103245,0.003533,0.655939,0.000011,0.022529
AATTCATAAGGGATCT-1,0.559302,0.1929,0.000011,0.233507,0.004033,0.010248
AATTCATTGTCATGCA-1,0.134319,0.134461,0.10107,0.44782,0.015484,0.166845
AATTCCAAGCATGTAC-1,0.510808,0.000014,0.000175,0.383018,0.000113,0.105871
AATTCGATTCGAGGAT-1,0.443986,0.272029,0.002373,0.243902,0.013273,0.024436
AATTCTAGAGTTAGGC-1,0.754198,0.134531,0.000018,0.021094,0.017421,0.072739
AATTGAACGCTCTGGT-1,0.192971,0.000019,0.000019,0.036019,0.025581,0.745392
AATTGCAGCAATCGAC-1,0.144326,0.005497,0.037612,0.656144,0.065876,0.090545
AATTGCGTGGATTACA-1,0.048938,0.295624,0.102223,0.234122,0.064418,0.254674
AATTGTGGTTGCCAAA-1,0.225009,0.11119,0.366217,0.288052,0.005749,0.003783
AATTTGGGACATAGTA-1,0.561211,0.028897,0.000019,0.176105,0.000019,0.23375
AATTTGGTTCCAAAGA-1,0.624292,0.000022,0.000022,0.021448,0.000022,0.354193
ACAAACCATGCGTCCT-1,0.176412,0.140277,0.02193,0.502171,0.005801,0.15341
ACAAACCGACAAGGCG-1,0.95165,0.000009,0.000009,0.011738,0.000009,0.036585
ACAAACTCCATCAGAG-1,0.000072,0.000024,0.00166,0.14232,0.855688,0.000235
ACAAAGAAGGTAGGCC-1,0.039777,0.000013,0.004419,0.407999,0.02511,0.522682
ACAAAGCATGACCTAG-1,0.059441,0.348067,0.089355,0.356137,0.069641,0.077359
ACAAATCGCACCGAAT-1,0.348639,0.000015,0.000015,0.033984,0.014062,0.603286
ACAAATGGTAGTGTTT-1,0.248722,0.150931,0.01735,0.023406,0.04436,0.515231
ACAAATTCAGATCTGA-1,0.272882,0.000023,0.077153,0.05873,0.002871,0.58834
ACAACAGCATGAGCTA-1,0.658402,0.000018,0.052804,0.043179,0.064397,0.181199
ACAACGGTCCCTGCGA-1,0.347016,0.00008,0.00008,0.000398,0.258606,0.393821
ACAAGCAGTGCCTAGC-1,0.800275,0.005175,0.003987,0.002739,0.000013,0.18781
ACAAGCTATATGGAAG-1,0.040938,0.003127,0.050295,0.677718,0.018837,0.209086
ACAAGGAAATCCGCCC-1,0.525953,0.000014,0.067346,0.078019,0.007368,0.3213
ACAAGGACAAGAGGTT-1,0.243468,0.050037,0.000064,0.021899,0.157036,0.527496
ACAAGGATGCTTTAGG-1,0.095073,0.006245,0.203991,0.329385,0.044633,0.320673
ACAAGGCCTACCAGCC-1,0.63523,0.005637,0.003205,0.274264,0.000011,0.081652
ACAAGGGCAGGCTCTG-1,0.842763,0.014843,0.00001,0.068959,0.00001,0.073415
ACAAGTAATTGTAAGG-1,0.26795,0.024546,0.00003,0.106222,0.125722,0.47553
ACAATAGTCGTACGTT-1,0.04678,0.019242,0.106345,0.540514,0.074433,0.212686
ACAATCCATTTAAACC-1,0.000104,0.000035,0.000035,0.01001,0.929673,0.060144
ACAATCGATCTTTATA-1,0.000193,0.000064,0.000064,0.000322,0.107042,0.892314
ACAATGAATACGGAGA-1,0.617781,0.001675,0.046767,0.313931,0.000012,0.019834
ACAATGATTCTTCTAC-1,0.260629,0.100892,0.205951,0.396611,0.021149,0.014769
ACAATTGTGTCTCTTT-1,0.200699,0.000014,0.062589,0.404515,0.129764,0.202419
ACAATTTAGGAGGCTC-1,0.499708,0.078023,0.010527,0.229628,0.014014,0.168101
ACAATTTGAGCAGTGG-1,0.414618,0.043,0.04758,0.197439,0.010773,0.286591
ACAATTTGGCCATATT-1,0.238098,0.003543,0.45949,0.298844,0.000008,0.000017
ACACAAAGACGGGTGG-1,0.373943,0.000024,0.000024,0.007867,0.000024,0.618119
ACACAAATATTCCTAG-1,0.028027,0.02403,0.114327,0.750122,0.006887,0.076608
ACACACCAGGACCAGT-1,0.250619,0.060665,0.046086,0.178911,0.038111,0.425609
ACACACTTTCTACACG-1,0.819539,0.052016,0.000021,0.000104,0.055879,0.072442
ACACATGATCAAATCT-1,0.161148,0.002582,0.000276,0.250295,0.013034,0.572665
ACACATTTCCGTAGAC-1,0.228738,0.5706,0.002707,0.113753,0.000215,0.083987
ACACCACATAATTAGC-1,0.02584,0.000013,0.356885,0.18638,0.003023,0.427859
ACACCCAGCATGCAGC-1,0.733806,0.133565,0.000775,0.000757,0.008466,0.122631
ACACCCGAGAAATCCG-1,0.575885,0.14984,0.000039,0.000195,0.151463,0.122578
ACACCCGTAAATCTGT-1,0.360139,0.051717,0.04079,0.29737,0.000017,0.249967
ACACCGAGCGCTCTTT-1,0.855685,0.000006,0.000006,0.133972,0.000006,0.010324
ACACCGGTCTGACCGC-1,0.153336,0.322755,0.106319,0.080725,0.039402,0.297463
ACACCTTAAGTAGGGC-1,0.00019,0.000063,0.000063,0.000317,0.646273,0.353094
ACACCTTACTACTTGC-1,0.039768,0.437077,0.418357,0.030175,0.007288,0.067335
ACACGAGACTCCTTCT-1,0.392204,0.423473,0.037521,0.009804,0.015755,0.121243
ACACGGCACTATGCAT-1,0.507015,0.000044,0.002538,0.043129,0.012829,0.434446
ACACGGGAACTTAGGG-1,0.629026,0.146147,0.000044,0.032812,0.000041,0.191931
ACACGTAGGCCACAAG-1,0.225998,0.307001,0.153172,0.308577,0.005241,0.000012
ACACTCCAATGTCACT-1,0.000144,0.000048,0.000048,0.00024,0.612059,0.387461
ACACTGATCAAGGTGT-1,0.000157,0.000052,0.000052,0.000261,0.174266,0.825212
ACACTGGGACAGTCGT-1,0.018346,0.548934,0.376201,0.051412,0.002909,0.002198
ACAGAACTGAGAACAA-1,0.126786,0.000015,0.017918,0.453401,0.046145,0.355734
ACAGATTAGGTTAGTG-1,0.47002,0.000024,0.000024,0.035521,0.006169,0.488242
ACAGCATAGAGCCAGT-1,0.718806,0.00002,0.00002,0.003188,0.00002,0.277946
ACAGCGACATTCTCAT-1,0.100299,0.377141,0.007915,0.4285,0.002742,0.083403
ACAGCGCACCCGCAGC-1,0.422003,0.054437,0.000026,0.139469,0.020092,0.363974
ACAGGCACGGATCCTT-1,0.14294,0.039334,0.042248,0.72066,0.001386,0.053432
ACAGGCTTGCCCGACT-1,0.452566,0.000259,0.001165,0.41051,0.000013,0.135486
ACAGGTGGAGGTGAGG-1,0.000314,0.000105,0.000105,0.000523,0.729993,0.26896
ACAGGTGTGTTGTTGC-1,0.313874,0.203122,0.001499,0.481491,0.000005,0.000009
ACAGTAATACAACTTG-1,0.040701,0.073547,0.18422,0.132786,0.102341,0.466405
ACAGTATACCGTGGGA-1,0.172878,0.180872,0.205355,0.371808,0.011483,0.057603
ACAGTGCAGCGCATTT-1,0.027112,0.009026,0.067565,0.3705,0.002348,0.523448
ACATAAGTCGTGGTGA-1,0.120048,0.534195,0.002668,0.304396,0.001449,0.037243
ACATAATAAGGCGGTG-1,0.346526,0.000028,0.000028,0.105641,0.005054,0.542723
ACATACAATCAAGCGG-1,0.081859,0.122468,0.028088,0.470538,0.166308,0.13074
ACATCAGCTGGGACGC-1,0.146503,0.000025,0.000025,0.237537,0.006962,0.608949
ACATCCCGGCCATACG-1,0.887999,0.000013,0.000013,0.090211,0.000013,0.021751
ACATCCTGGTAACTGT-1,0.000091,0.00003,0.00003,0.003257,0.058545,0.938047
ACATCGATCGTTTACC-1,0.871764,0.00002,0.00002,0.029746,0.040181,0.05827
ACATCGCAATATTCGG-1,0.522012,0.000031,0.000031,0.126586,0.00293,0.34841
ACATCGGTCAGCCGCG-1,0.021968,0.029022,0.000087,0.000434,0.804026,0.144462
ACATCGTATGCAATGG-1,0.268666,0.000018,0.000018,0.083216,0.000018,0.648064
ACATCGTTAACCTAGT-1,0.682227,0.009251,0.000039,0.03304,0.000039,0.275403
ACATCTCAACGCGTAA-1,0.137383,0.000039,0.051996,0.000197,0.28133,0.529054
ACATGCTTACGGCAGC-1,0.316792,0.004151,0.000024,0.468703,0.01879,0.191539
ACATGGCGCCAAAGTA-1,0.245779,0.041315,0.001943,0.430428,0.000941,0.279594
ACATTAGTTTATATCC-1,0.626807,0.000038,0.000038,0.059041,0.000038,0.314037
ACATTCGCGCGGAATA-1,0.084838,0.015636,0.015777,0.13758,0.003807,0.742362
ACATTTGAAACCTAAC-1,0.01192,0.311814,0.061242,0.424001,0.047064,0.143958
ACCAAACACCCAGCGA-1,0.260352,0.03576,0.014923,0.523093,0.020105,0.145767
ACCAAACTAGAAATCC-1,0.706606,0.110833,0.000066,0.015408,0.005798,0.161289
ACCAACACCACACACT-1,0.403906,0.028595,0.04173,0.404747,0.020587,0.100435
ACCAACCGCACTCCAC-1,0.046854,0.063434,0.282497,0.394159,0.020745,0.192311
ACCAACGCTTATTTAT-1,0.215103,0.000024,0.000024,0.107648,0.398566,0.278635
ACCAAGAACGCGTGTC-1,0.00178,0.000042,0.000042,0.00021,0.234877,0.76305
ACCAAGTCATCGGCAG-1,0.008016,0.019277,0.040063,0.380221,0.159907,0.392516
ACCAATATGCAAGTTA-1,0.669373,0.251944,0.000009,0.000974,0.000009,0.077691
ACCACAACTCAGAACA-1,0.593017,0.165638,0.00209,0.186802,0.000047,0.052406
ACCACAAGTTTCTATC-1,0.558885,0.16524,0.00357,0.003765,0.027361,0.241179
ACCACACGGTTGATGG-1,0.346619,0.143379,0.00511,0.213727,0.051042,0.240124
ACCACCAATGTAACAA-1,0.235793,0.051956,0.001146,0.393513,0.048969,0.268623
ACCACCCTCTCTTCTA-1,0.065753,0.019888,0.305005,0.585391,0.000007,0.023956
ACCACGTGCAGCTATA-1,0.414924,0.008366,0.025396,0.048183,0.184009,0.319122
ACCAGACCATAACAAC-1,0.434037,0.004704,0.003254,0.469169,0.000006,0.088831
ACCAGCCCGGTCTTTG-1,0.403416,0.000041,0.000041,0.000207,0.000041,0.596252
ACCAGGAGTGTGATCT-1,0.000242,0.000081,0.000081,0.000403,0.352173,0.647021
ACCAGTGCCCGGTCAA-1,0.191022,0.127529,0.000021,0.079415,0.008348,0.593666
ACCAGTGCGGGAGACG-1,0.312135,0.000016,0.000016,0.364559,0.129113,0.194162
ACCATATCCGCAATAA-1,0.346481,0.000029,0.000029,0.000477,0.005136,0.647846
ACCATCCGCCAACTAG-1,0.034027,0.241709,0.021581,0.300291,0.007374,0.395017
ACCATCGTATATGGTA-1,0.000408,0.000136,0.000136,0.000681,0.831741,0.166897
ACCATTAAGGGTGTCA-1,0.675671,0.000016,0.000016,0.186147,0.000016,0.138135
ACCCAACGCCCGTGGC-1,0.519192,0.048355,0.000009,0.394595,0.004552,0.033297
ACCCACCTACATGCTC-1,0.000092,0.006509,0.000031,0.000154,0.608834,0.384381
ACCCATCTTGAGGGTA-1,0.301241,0.128655,0.000153,0.000765,0.2986,0.270586
ACCCATTTGTCCCTCT-1,0.19485,0.433585,0.059845,0.308857,0.002854,0.00001
ACCCGAGCGAAATTAC-1,0.245008,0.104363,0.029684,0.330831,0.005578,0.284535
ACCCGATTGGTTCCGA-1,0.246782,0.000021,0.196254,0.196938,0.000021,0.359982
ACCCGGAAACTCCCAG-1,0.620205,0.020349,0.137919,0.053161,0.097567,0.070801
ACCCGGAGCACCACAA-1,0.1871,0.425005,0.055204,0.332679,0.000004,0.000009
ACCCGGATGACGCATC-1,0.089874,0.000026,0.000026,0.210879,0.005664,0.69353
ACCCGGTTACACTTCC-1,0.271825,0.001653,0.000047,0.005788,0.000047,0.720641
ACCCGTAGCAGAGAAT-1,0.095538,0.122598,0.005852,0.544608,0.024739,0.206664
ACCCGTAGTCTAGTTG-1,0.239985,0.057948,0.040961,0.574133,0.020164,0.066808
ACCCGTGTCATCAGTA-1,0.577848,0.091712,0.002576,0.095442,0.000021,0.232401
ACCCTATGCCATATCG-1,0.000122,0.000041,0.000041,0.000204,0.98546,0.014132
ACCCTCCCGTCAGGGC-1,0.107142,0.033402,0.087537,0.599302,0.013227,0.159391
ACCCTCCCTTGCTATT-1,0.312349,0.05585,0.045181,0.316053,0.011014,0.259552
ACCCTGGTAACGCCCT-1,0.254821,0.000013,0.00755,0.627639,0.000013,0.109963
ACCCTTCATCTGCGAA-1,0.935076,0.000016,0.000016,0.003238,0.000016,0.061637
ACCCTTGCCTGGGTCG-1,0.050104,0.056839,0.028419,0.800065,0.011973,0.052599
ACCCTTTAGTTCTCCA-1,0.753527,0.000025,0.01021,0.068368,0.019843,0.148028
ACCGAAAGGGCCCTGC-1,0.23625,0.011338,0.000021,0.006513,0.301395,0.444483
ACCGAAGAGTCTGGTT-1,0.077405,0.157407,0.095439,0.486063,0.003211,0.180474
ACCGACACATCTCCCA-1,0.09929,0.004108,0.162325,0.069258,0.154424,0.510594
ACCGACTGAGTCCCAC-1,0.29955,0.000034,0.000034,0.144334,0.002976,0.553073
ACCGAGTCTCCTTATT-1,0.240314,0.110709,0.012289,0.555225,0.007714,0.07375
ACCGATAGGCATAACC-1,0.000641,0.012934,0.192123,0.420382,0.000146,0.373775
ACCGATATTTAATCAT-1,0.106478,0.001039,0.220293,0.514217,0.004083,0.153889
ACCGATGGTAGCATCG-1,0.242022,0.066488,0.000017,0.240032,0.06912,0.382321
ACCGCAATAACTGCCT-1,0.227731,0.000018,0.114732,0.08221,0.059191,0.516117
ACCGCGGTGGAAGTCG-1,0.347042,0.000016,0.008001,0.29958,0.000016,0.345346
ACCGCTAGTCATTGGT-1,0.039585,0.14324,0.069782,0.523416,0.000017,0.22396
ACCGGGCCTTTGTTGA-1,0.107547,0.031035,0.213453,0.084337,0.124649,0.438979
ACCGGTCAGGTACACC-1,0.269845,0.207672,0.01741,0.296914,0.000006,0.208153
ACCGGTCTGAGTACGG-1,0.742637,0.046466,0.000017,0.044553,0.003594,0.162733
ACCGTCCACTGGGCCC-1,0.15621,0.136294,0.025522,0.528749,0.002003,0.151222
ACCGTGACCACGTGGG-1,0.000112,0.000037,0.000037,0.032469,0.518175,0.44917
ACCGTTCCCGCTCTGA-1,0.676392,0.000024,0.000024,0.000121,0.000024,0.323414
ACCTAAGTACCTTTCA-1,0.565885,0.17472,0.041742,0.204957,0.00001,0.012687
ACCTAATCGACTTCCT-1,0.000146,0.000049,0.000049,0.000244,0.219854,0.779659
ACCTACAGTATGTGGT-1,0.183193,0.000012,0.041623,0.692485,0.009511,0.073176
ACCTACTATAAATCTA-1,0.246032,0.494821,0.007915,0.163453,0.019804,0.067975
ACCTCAGCGAGGCGCA-1,0.586374,0.183791,0.000027,0.229727,0.000027,0.000054
ACCTCCGCCCTCGCTG-1,0.1134,0.221079,0.0558,0.576403,0.000012,0.033307
ACCTCCGTTATTCACC-1,0.049816,0.03501,0.055413,0.317028,0.03535,0.507383
ACCTCGAACTTATGCT-1,0.118116,0.00373,0.243411,0.393295,0.00998,0.231468
ACCTGCGTGTCATGTT-1,0.135612,0.417129,0.081049,0.278447,0.015028,0.072735
ACCTTTCCTTTAGAAG-1,0.423365,0.000026,0.000026,0.033411,0.06893,0.474242
ACGAAATGGGCGGCAC-1,0.443359,0.04908,0.000031,0.140167,0.001042,0.366321
ACGACCCATGAGTTGC-1,0.137008,0.065343,0.278047,0.417058,0.096136,0.006408
ACGACTCTAGGGCCGA-1,0.123016,0.027016,0.020375,0.775403,0.044916,0.009273
ACGACTGGTCATACTC-1,0.187552,0.140183,0.447879,0.086858,0.10375,0.033778
ACGAGATATTTGCTTA-1,0.750053,0.048048,0.000017,0.15716,0.002572,0.042149
ACGAGGATACCACTCT-1,0.255632,0.000015,0.000015,0.430257,0.000015,0.314067
ACGAGGTTTACAACGT-1,0.250166,0.070298,0.049011,0.382067,0.020486,0.227972
ACGAGTACGGATGCCC-1,0.33616,0.367105,0.025693,0.017095,0.092064,0.161883
ACGATACATAGAACTA-1,0.636796,0.020383,0.000015,0.124397,0.140033,0.078376
ACGATACCTATCCTGA-1,0.06966,0.000013,0.01137,0.777755,0.000013,0.141189
ACGATCATACATAGAG-1,0.400722,0.000022,0.153084,0.024798,0.052163,0.369211
ACGATCATCTTGTAAA-1,0.000081,0.000027,0.000027,0.009737,0.050341,0.939787
ACGATGCATATGTTAT-1,0.000122,0.000041,0.000041,0.000203,0.858542,0.141052
ACGATGGATCCGATGC-1,0.728383,0.000019,0.045642,0.013166,0.009695,0.203095
ACGCAAACTAATAGAT-1,0.000141,0.000047,0.000047,0.000234,0.842776,0.156755
ACGCAATCACTACAGC-1,0.000139,0.000046,0.000046,0.040554,0.139782,0.819432
ACGCATAAATGACATG-1,0.365368,0.012468,0.125108,0.318954,0.054661,0.123441
ACGCATACGTTTACTA-1,0.21672,0.300598,0.249904,0.231893,0.000316,0.000568
ACGCATTCGTGAGTAC-1,0.55706,0.000027,0.080631,0.019599,0.046936,0.295747
ACGCCACTCGAAACAG-1,0.369259,0.278093,0.01075,0.28986,0.000585,0.051453
ACGCCAGATGATTTCT-1,0.582174,0.102421,0.00002,0.029786,0.004439,0.281159
ACGCCAGTGCGTTTGC-1,0.203593,0.333096,0.23169,0.229501,0.002103,0.000017
ACGCCCAGCTGTCGAT-1,0.299473,0.000037,0.108794,0.000184,0.015882,0.575631
ACGCCGCTAGACGACC-1,0.583849,0.139419,0.000016,0.036482,0.000016,0.240218
ACGCGAAGTCAGACGA-1,0.841869,0.057213,0.000014,0.039222,0.000014,0.061667
ACGCGCTACACAGGGT-1,0.309688,0.000028,0.203433,0.115897,0.083262,0.287692
ACGCGGGCCAAGGACA-1,0.677277,0.087888,0.002271,0.058607,0.009089,0.164869
ACGCGTTTCTTAAGAG-1,0.264299,0.485508,0.006748,0.064883,0.006744,0.171817
ACGCTACTGAATGGGC-1,0.057809,0.317193,0.276151,0.307172,0.001667,0.040008
ACGCTAGTATCAGTGC-1,0.231335,0.214955,0.0819,0.308625,0.039911,0.123275
ACGCTAGTGATACACT-1,0.055694,0.000035,0.000035,0.100941,0.071646,0.771648
ACGCTGTGAGGCGTAG-1,0.337071,0.008304,0.000555,0.49663,0.000012,0.157429
ACGCTTAGTGTCTCTC-1,0.490031,0.00004,0.00004,0.03822,0.023116,0.448553
ACGGAACACGAGTGCC-1,0.232841,0.025827,0.001455,0.739854,0.000008,0.000015
ACGGACGCAGCGACAA-1,0.578819,0.242301,0.000012,0.047894,0.000012,0.130961
ACGGACTCTCAAAGCG-1,0.432865,0.285196,0.000012,0.130031,0.00283,0.149066
ACGGAGCGCAAATTAC-1,0.483574,0.027357,0.051257,0.256817,0.018081,0.162915
ACGGATGGTGCGGATA-1,0.584361,0.121965,0.000013,0.038862,0.000375,0.254424
ACGGCACTTGCTTGGG-1,0.383266,0.000035,0.000035,0.037836,0.004394,0.574435
ACGGCCAACATGGACT-1,0.629274,0.001096,0.004831,0.056012,0.164124,0.144663
ACGGCGACGATGGGAA-1,0.753209,0.055578,0.000009,0.025065,0.00424,0.161899
ACGGCTGGATGTAGAA-1,0.156448,0.158663,0.044019,0.547589,0.006861,0.086421
ACGGGAGTGTCGGCCC-1,0.183567,0.013184,0.037774,0.462515,0.018356,0.284604
ACGGGCGTATGCGACA-1,0.286667,0.000977,0.038353,0.647026,0.000329,0.026649
ACGGGTCATGTGACTT-1,0.590772,0.135828,0.000011,0.004158,0.000731,0.2685
ACGGGTTGTGACCTGT-1,0.000129,0.070576,0.252576,0.396351,0.022701,0.257668
ACGGTACAGTTCAATG-1,0.109975,0.122545,0.232547,0.481261,0.038641,0.015031
ACGGTCACCGAGAACA-1,0.099769,0.000019,0.000019,0.531546,0.000019,0.368629
ACGTACAGATTTCTCT-1,0.866967,0.000019,0.000019,0.006896,0.000019,0.12608
ACGTACTTTGGCACGG-1,0.492307,0.078686,0.013494,0.345752,0.00001,0.069751
ACGTAGATTGCTGATG-1,0.824691,0.015672,0.000021,0.000727,0.000021,0.158868
ACGTAGGAGAGTCGCT-1,0.01519,0.070327,0.062613,0.101734,0.152314,0.597823
ACGTATTACTCCGATC-1,0.429717,0.000023,0.000023,0.27837,0.005523,0.286344
ACGTCCTAAACGAGAT-1,0.000173,0.000058,0.000058,0.000289,0.504186,0.495236
ACGTCGGGCAACTCGG-1,0.258478,0.453142,0.000009,0.288071,0.000009,0.00029
ACGTCTCGTTCCGGGA-1,0.277064,0.228482,0.003411,0.453774,0.000007,0.037262
ACGTGACAAAGTAAGT-1,0.083872,0.036518,0.013401,0.698549,0.016255,0.151405
ACGTGCGCCTCGTGCA-1,0.800964,0.000021,0.000021,0.050586,0.000021,0.148387
ACGTGGTCGAATGTGC-1,0.684068,0.000022,0.012205,0.048886,0.003535,0.251284
ACGTTAATGTCGAAGA-1,0.32516,0.054267,0.015714,0.049829,0.017107,0.537923
ACGTTAGATTTGCCCG-1,0.049396,0.044609,0.000144,0.085477,0.332883,0.487491
ACGTTATTGGTCACTC-1,0.809142,0.002278,0.002314,0.05892,0.008423,0.118923
ACGTTCACTATGCCGC-1,0.000125,0.000042,0.06205,0.024887,0.121455,0.791442
ACGTTCCGCGCTCCGT-1,0.000117,0.000039,0.000039,0.000195,0.499546,0.500065
ACGTTCGCAATCAATT-1,0.293073,0.038438,0.03434,0.446496,0.001587,0.186066
ACGTTCGTTCAGGAAA-1,0.00021,0.181883,0.219163,0.00035,0.598253,0.00014
ACGTTCTGTACAAGTC-1,0.015316,0.153386,0.036147,0.455378,0.037221,0.302552
ACGTTGTCGTTGAAAG-1,0.434208,0.020762,0.0646,0.385009,0.001108,0.094313
ACGTTTAGTTGTGATC-1,0.99086,0.000021,0.000021,0.000105,0.000021,0.008972
ACGTTTCGGTGCACTT-1,0.003349,0.325087,0.205513,0.258851,0.071984,0.135216
ACTAAGGACGCACACC-1,0.177651,0.34573,0.006319,0.405137,0.000006,0.065157
ACTAATACGTCAGGCG-1,0.751298,0.000013,0.000013,0.118433,0.000156,0.130087
ACTACAAAGAGAGGTG-1,0.000082,0.000027,0.000027,0.312365,0.285451,0.402047
ACTACATCCCGACAAG-1,0.378795,0.037067,0.001835,0.397183,0.00218,0.18294
ACTACCAGCTCTCTGG-1,0.182094,0.000162,0.000162,0.000808,0.444863,0.371912
ACTACCATCCGAGGGC-1,0.313876,0.570887,0.001738,0.056075,0.055046,0.002378
ACTACGCGTTAGAATT-1,0.716818,0.132444,0.000115,0.018734,0.000015,0.131873
ACTAGTTGCGATCGTC-1,0.209172,0.245377,0.174143,0.272251,0.007838,0.09122
ACTATATGCTGTGTTC-1,0.360684,0.005896,0.0099,0.365741,0.006126,0.251652
ACTATCCAGGGCATGG-1,0.114966,0.025679,0.10951,0.258141,0.074345,0.417361
ACTATCGCCGGCTAAA-1,0.435044,0.000008,0.003164,0.372464,0.012004,0.177316
ACTATCTGCCCGCGTA-1,0.199928,0.37547,0.097721,0.326865,0.000005,0.000011
ACTATGTCCAGCTGCC-1,0.516962,0.000191,0.040548,0.436595,0.005638,0.000066
ACTATTCGTCCGTGGT-1,0.689353,0.000025,0.031331,0.00745,0.057878,0.213963
ACTATTTCCGGGCCCA-1,0.000134,0.000045,0.152396,0.000223,0.758508,0.088695
ACTCAAGTGCAAGGCT-1,0.106161,0.279501,0.046533,0.258046,0.031815,0.277944
ACTCAATAAAGGCACG-1,0.681393,0.266705,0.015456,0.009489,0.007785,0.019171
ACTCAGACCTGCTTCT-1,0.418726,0.05705,0.000072,0.000358,0.031128,0.492666
ACTCATGGCAGCCTTC-1,0.268341,0.673297,0.0058,0.009978,0.000099,0.042484
ACTCCAATATCATCAT-1,0.361166,0.227073,0.010762,0.38882,0.009177,0.003001
ACTCCCATTCCTAAAG-1,0.268484,0.277188,0.006624,0.438841,0.001942,0.006921
ACTCCCGAATTCGTTT-1,0.143778,0.032905,0.251069,0.1044,0.183893,0.283956
ACTCCCGTAGACTAGG-1,0.185553,0.000009,0.285179,0.429947,0.003882,0.095431
ACTCCCTAATGCTAAA-1,0.597894,0.000056,0.000435,0.175983,0.042756,0.182877
ACTCCCTAGAATAGTA-1,0.814975,0.153406,0.000008,0.030188,0.000008,0.001414
ACTCCGGCCGACCACT-1,0.063767,0.359584,0.031655,0.483307,0.056316,0.00537
ACTCGATGTATTTCAT-1,0.631592,0.000016,0.000016,0.090136,0.000016,0.278225
ACTCGCCGTTCGATAA-1,0.000843,0.729104,0.18492,0.05844,0.021696,0.004997
ACTCGCGATCTGACGC-1,0.001294,0.174869,0.633879,0.019029,0.170909,0.000019
ACTCGTAACCCGTCCT-1,0.170472,0.000021,0.10982,0.446882,0.061714,0.211092
ACTCGTCAGTAATCCC-1,0.700245,0.000015,0.000015,0.115437,0.000015,0.184271
ACTCTAAACCTGGGAT-1,0.664358,0.000505,0.005402,0.312104,0.000005,0.017627
ACTCTCTGACTTAGGT-1,0.884329,0.020716,0.000981,0.056598,0.013138,0.024239
ACTCTCTTATACACGA-1,0.623549,0.002707,0.030236,0.0737,0.065261,0.204548
ACTCTGACCTAATAGA-1,0.257716,0.109983,0.00564,0.620933,0.000008,0.005719
ACTCTTCAGCTCCCGC-1,0.043501,0.005071,0.776326,0.153131,0.007204,0.014767
ACTCTTGTATAGTAAC-1,0.691403,0.079892,0.028899,0.11396,0.038343,0.047504
ACTGAAACGCCGTTAG-1,0.264858,0.021391,0.104212,0.36958,0.122925,0.117033
ACTGAATGGCGAAAGT-1,0.841406,0.000972,0.000007,0.011165,0.096001,0.050449
ACTGATTTAGTGATTC-1,0.404136,0.000053,0.000053,0.000265,0.000053,0.595439
ACTGCCCGCCATTCTC-1,0.051136,0.000016,0.022714,0.585863,0.020655,0.319616
ACTGCCGTCGTAACTC-1,0.525348,0.001793,0.00003,0.09037,0.039682,0.342776
ACTGCGGACACACCGT-1,0.241547,0.232928,0.073903,0.379483,0.013943,0.058195
ACTGCTCGGAAGGATG-1,0.231171,0.030635,0.063372,0.45616,0.046323,0.172339
ACTGGCGAACCTGCGT-1,0.017658,0.102459,0.103211,0.482611,0.006036,0.288025
ACTGGGATGCCAGTGC-1,0.577503,0.24245,0.056296,0.115811,0.000008,0.007933
ACTGTACGATACACAT-1,0.355426,0.012138,0.040246,0.151747,0.086113,0.354329
ACTGTAGCACTTTGGA-1,0.443538,0.000108,0.000108,0.000542,0.291859,0.263844
ACTGTCCAGGATTATA-1,0.431414,0.00004,0.00004,0.011201,0.068453,0.488851
ACTGTCTTCTTTAGAA-1,0.782821,0.050251,0.02569,0.047699,0.045956,0.047582
ACTGTTTAGTGTAGGC-1,0.000251,0.000084,0.000084,0.000419,0.526428,0.472735
ACTTACCGGGCGCGCA-1,0.745317,0.093036,0.00001,0.063592,0.00001,0.098034
