Barcode,Topic 1,Topic 2to3,Topic 4to10,Topic 11,Topic 12
AAACAACGAATAGTTC-1,0.00002,0.343551,0.642365,0.00002,0.014045
AAACAAGTATCTCCCA-1,0.065017,0.361012,0.494494,0.0047,0.074778
AAACAATCTACTAGCA-1,0.023169,0.074826,0.823468,0.000015,0.078523
AAACACCAATAACTGC-1,0.065705,0.294835,0.525355,0.041053,0.073052
AAACAGAGCGACTCCT-1,0.006815,0.001022,0.992126,0.000018,0.000018
AAACAGCTTTCAGAAG-1,0.0001,0.046513,0.948956,0.00143,0.003
AAACAGGGTCTATATT-1,0.005674,0.436203,0.499286,0.041941,0.016896
AAACAGTGTTCCTGGG-1,0.03525,0.037151,0.015045,0.572615,0.339939
AAACATGGTGAGAGGA-1,0.14989,0.057899,0.66354,0.049049,0.079623
AAACATTTCCCGGATT-1,0.096205,0.281031,0.278607,0.165032,0.179126
AAACCACTACACAGAT-1,0.000015,0.046236,0.953718,0.000015,0.000015
AAACCCGAACGAAATC-1,0.011502,0.076829,0.855786,0.050913,0.00497
AAACCGGAAATGTTAA-1,0.013709,0.449287,0.488137,0.003645,0.045221
AAACCGGGTAGGTACC-1,0.000606,0.486352,0.451127,0.057649,0.004266
AAACCGTTCGTCCAGG-1,0.013899,0.383451,0.4692,0.016008,0.117441
AAACCTAAGCAGCCGG-1,0.000022,0.280117,0.008976,0.431769,0.279115
AAACCTCATGAAGTTG-1,0.000025,0.397184,0.592757,0.000025,0.01001
AAACGAAGAACATACC-1,0.019866,0.415661,0.564403,0.000034,0.000034
AAACGAAGATGGAGTA-1,0.010759,0.299473,0.576082,0.088583,0.025102
AAACGACAGTCTTGCC-1,0.019721,0.203754,0.776489,0.000018,0.000018
AAACGAGACGGTTGAT-1,0.000026,0.159476,0.840446,0.000026,0.000026
AAACGCCCGAGATCGG-1,0.000028,0.221295,0.745655,0.000028,0.032992
AAACGCTGGGCACGAC-1,0.068514,0.172986,0.258822,0.175935,0.323743
AAACGGGCGTACGGGT-1,0.019732,0.24433,0.039142,0.0469,0.649897
AAACGGGTTGGTATCC-1,0.000046,0.558161,0.436673,0.000046,0.005074
AAACGGTTGCGAACTG-1,0.004166,0.211395,0.000173,0.036966,0.747301
AAACGTGTTCGCCCTA-1,0.000042,0.71877,0.281102,0.000042,0.000042
AAACTAACGTGGCGAC-1,0.000031,0.40206,0.595327,0.002552,0.000031
AAACTCGGTTCGCAAT-1,0.119299,0.040757,0.02526,0.23469,0.579994
AAACTCGTGATATAAG-1,0.003682,0.458361,0.528298,0.009625,0.000034
AAACTGCTGGCTCCAA-1,0.011994,0.053585,0.808278,0.000013,0.126129
AAACTTAATTGCACGC-1,0.047883,0.322642,0.488114,0.045631,0.09573
AAACTTGCAAACGTAT-1,0.000793,0.329573,0.43078,0.238841,0.000013
AAAGAATGACCTTAGA-1,0.344691,0.01524,0.346985,0.003863,0.289221
AAAGAATGTGGACTAA-1,0.000032,0.1032,0.000224,0.53977,0.356774
AAAGACATGAAGTTTA-1,0.000043,0.756806,0.243066,0.000043,0.000043
AAAGACCCAAGTCGCG-1,0.000035,0.311842,0.682476,0.000035,0.005613
AAAGACTGGGCGCTTT-1,0.265842,0.57898,0.046454,0.108683,0.00004
AAAGCTTGCCTACATA-1,0.010253,0.299851,0.689851,0.000023,0.000023
AAAGGCCCTATAATAC-1,0.009858,0.071751,0.113819,0.667411,0.137161
AAAGGCTACGGACCAT-1,0.231946,0.003628,0.395656,0.134464,0.234306
AAAGGCTCTCGCGCCG-1,0.061853,0.537583,0.354905,0.000477,0.045182
AAAGGGATGTAGCAAG-1,0.000104,0.713382,0.098149,0.18826,0.000104
AAAGGGCAGCTTGAAT-1,0.000026,0.059773,0.779843,0.160333,0.000026
AAAGGTAAGCTGTACC-1,0.022127,0.059085,0.918734,0.000027,0.000027
AAAGGTCAACGACATG-1,0.000018,0.194396,0.805551,0.000018,0.000018
AAAGTAGCATTGCTCA-1,0.001993,0.065613,0.759564,0.170643,0.002187
AAAGTCACTGATGTAA-1,0.000031,0.253626,0.746282,0.000031,0.000031
AAAGTCGACCCTCAGT-1,0.013171,0.246286,0.70879,0.031735,0.000018
AAAGTGCCATCAATTA-1,0.000018,0.488198,0.029361,0.259911,0.222512
AAAGTGTGATTTATCT-1,0.068332,0.079762,0.821508,0.022714,0.007683
AAAGTTGACTCCCGTA-1,0.000026,0.364645,0.534397,0.000026,0.100906
AAATAACCATACGGGA-1,0.000038,0.274934,0.724953,0.000038,0.000038
AAATAAGGTAGTGCCC-1,0.000023,0.613015,0.386915,0.000023,0.000023
AAATACCTATAAGCAT-1,0.001886,0.247001,0.70166,0.035238,0.014214
AAATAGCTTAGACTTT-1,0.001381,0.275888,0.714303,0.000016,0.008413
AAATAGGGTGCTATTG-1,0.035245,0.231877,0.72091,0.001342,0.010626
AAATCACTCCTAAACG-1,0.103091,0.07724,0.819015,0.000642,0.000013
AAATCCGATACACGCC-1,0.597914,0.099366,0.236092,0.014787,0.051841
AAATCGCGGAAGGAGT-1,0.063683,0.056111,0.833409,0.003626,0.043171
AAATCGTGTACCACAA-1,0.001937,0.302469,0.670739,0.012758,0.012098
AAATCTAGCCCTGCTA-1,0.204369,0.07991,0.451356,0.242072,0.022293
AAATCTGCCCGCGTCC-1,0.000027,0.086092,0.000188,0.000027,0.913667
AAATGACTGATCAAAC-1,0.401928,0.000033,0.000117,0.000017,0.597906
AAATGATTCGATCAGC-1,0.000191,0.780097,0.001335,0.218186,0.000191
AAATGCTCGTTACGTT-1,0.000054,0.92931,0.061307,0.009276,0.000054
AAATGGCATGTCTTGT-1,0.002121,0.199545,0.728481,0.06982,0.000034
AAATGGCCCGTGCCCT-1,0.000013,0.523996,0.444085,0.005571,0.026335
AAATGGTCAATGTGCC-1,0.121989,0.283778,0.588237,0.005969,0.000027
AAATGTATCTTATCCC-1,0.176756,0.038865,0.733164,0.051204,0.000011
AAATGTGGGTGCTCCT-1,0.00002,0.150993,0.848947,0.00002,0.00002
AAATTAACGGGTAGCT-1,0.000024,0.242353,0.752165,0.005434,0.000024
AAATTAATAAGCGCGA-1,0.073934,0.469989,0.167549,0.282767,0.005761
AAATTACACGACTCTG-1,0.081775,0.111181,0.807006,0.000019,0.000019
AAATTACCTATCGATG-1,0.049951,0.065554,0.884467,0.000013,0.000013
AAATTCCAGGTCCAAA-1,0.000014,0.217241,0.782716,0.000014,0.000014
AAATTGATAGTCCTTT-1,0.036533,0.065825,0.796712,0.012457,0.088473
AAATTGCGGCGGTTCT-1,0.000026,0.145147,0.854775,0.000026,0.000026
AAATTGGTGAGAAGCA-1,0.000076,0.631543,0.053966,0.314339,0.000076
AAATTTACCGAAATCC-1,0.081318,0.099384,0.819246,0.000026,0.000026
AAATTTGCGGGTGTGG-1,0.003651,0.443455,0.405734,0.002365,0.144795
AACAACTGGTAGTTGC-1,0.000095,0.873689,0.102692,0.000095,0.023429
AACAATACATTGTCGA-1,0.456707,0.001758,0.541526,0.000004,0.000004
AACAATTACTCTACGC-1,0.000104,0.92065,0.000726,0.022061,0.056459
AACACACGCTCGCCGC-1,0.100654,0.417371,0.428081,0.039811,0.014084
AACACGACTGTACTGA-1,0.000055,0.559743,0.440092,0.000055,0.000055
AACACGAGACGCGGCC-1,0.021771,0.009861,0.904941,0.063414,0.000014
AACACGCGGCCGCGAA-1,0.000043,0.306952,0.659828,0.000043,0.033134
AACAGCTGTGTGGCAA-1,0.208174,0.181077,0.590486,0.001222,0.019041
AACAGGAAATCGAATA-1,0.000024,0.119346,0.880583,0.000024,0.000024
AACAGGATGGGCCGCG-1,0.000063,0.786065,0.07877,0.135039,0.000063
AACAGGTAGTATGGAT-1,0.00002,0.174208,0.081975,0.743777,0.00002
AACATAGCGTGTATCG-1,0.000047,0.104405,0.000329,0.069417,0.825802
AACATATCAACTGGTG-1,0.001125,0.244845,0.753978,0.000026,0.000026
AACATCGATACGTCTA-1,0.000108,0.815846,0.000758,0.18318,0.000108
AACATTGAAGTTGATC-1,0.064567,0.015236,0.265691,0.190831,0.463675
AACATTGGTCAGCCGT-1,0.00003,0.201593,0.709162,0.000081,0.089134
AACATTGTGACTCGAG-1,0.006563,0.261418,0.327585,0.24651,0.157924
AACCAAGACTTCTCTG-1,0.120636,0.278208,0.471546,0.049054,0.080556
AACCAGTATCACTCTT-1,0.000068,0.367657,0.564566,0.067641,0.000068
AACCATAGGGTTGAAC-1,0.043858,0.546863,0.095179,0.148391,0.165709
AACCATGGGATCGCTA-1,0.00004,0.423411,0.549814,0.026694,0.00004
AACCCAGAGACGGAGA-1,0.000045,0.347719,0.652147,0.000045,0.000045
AACCCATCCCATGATC-1,0.000983,0.390463,0.585485,0.002733,0.020336
AACCCGACAACCCGTG-1,0.002273,0.148737,0.037272,0.017482,0.794235
AACCCGAGCAGAATCG-1,0.342983,0.141958,0.424033,0.006332,0.084694
AACCCGATAGGGCTTC-1,0.011806,0.250758,0.692232,0.045184,0.000019
AACCCGCTGTATTCCA-1,0.000034,0.000068,0.000238,0.239762,0.759898
AACCCTACTGTCAATA-1,0.044147,0.193784,0.74229,0.000023,0.019757
AACCCTGGTGGAACCA-1,0.000034,0.344455,0.655159,0.000318,0.000034
AACCGAGCTTGGTCAT-1,0.000124,0.536319,0.189879,0.273554,0.000124
AACCGCTAAGGGATGC-1,0.000025,0.460429,0.513617,0.000039,0.025891
AACCGTTGTGTTTGCT-1,0.014869,0.779062,0.205948,0.00006,0.00006
AACCTAAAGCCGTCCG-1,0.000028,0.468138,0.517958,0.013848,0.000028
AACCTCGCTTTAGCCC-1,0.000029,0.633704,0.058934,0.125127,0.182206
AACCTGTCACGGAATT-1,0.000016,0.243497,0.587915,0.056065,0.112506
AACCTTTAAATACGGT-1,0.125271,0.208352,0.50009,0.004262,0.162024
AACCTTTACGACGTCT-1,0.012262,0.079788,0.886781,0.02114,0.000029
AACGAAAGTCGTCCCA-1,0.01976,0.328311,0.592537,0.020941,0.038451
AACGACCTCCTAGCCG-1,0.075868,0.048802,0.255316,0.057708,0.562306
AACGATAATGCCGTAG-1,0.06684,0.04497,0.852059,0.024725,0.011406
AACGATAGAAGGGCCG-1,0.000053,0.534913,0.464927,0.000053,0.000053
AACGATATGTCAACTG-1,0.000091,0.494968,0.179718,0.325132,0.000091
AACGCATGATCTGGGT-1,0.000166,0.907014,0.00116,0.091495,0.000166
AACGCGAACGGCAACA-1,0.033712,0.109962,0.830681,0.000028,0.025617
AACGCGACCTTGGGCG-1,0.132012,0.156376,0.097174,0.033979,0.580459
AACGCGGTCTCCAGCC-1,0.000117,0.704467,0.105629,0.141364,0.048423
AACGCTGTTGCTGAAA-1,0.03756,0.247155,0.656876,0.053273,0.005136
AACGGACGTACGTATA-1,0.065188,0.299433,0.627554,0.001963,0.005862
AACGGCCATCTCCGGT-1,0.013224,0.00371,0.983054,0.000006,0.000006
AACGTACTGTGGGTAC-1,0.071831,0.359343,0.492334,0.004892,0.0716
AACGTAGTCTACCCAT-1,0.001055,0.254087,0.744814,0.000022,0.000022
AACGTCAGACTAGTGG-1,0.000075,0.74207,0.040159,0.217621,0.000075
AACGTCATCCGGCTTG-1,0.00003,0.000061,0.000212,0.00003,0.999667
AACGTCGCTGCACTTC-1,0.005076,0.056338,0.000216,0.069863,0.868507
AACGTGATGAAGGACA-1,0.011429,0.345332,0.64317,0.000035,0.000035
AACGTGCGAAAGTCTC-1,0.004014,0.540172,0.444954,0.000025,0.010835
AACGTTATCAGCACCT-1,0.000031,0.206396,0.725914,0.067628,0.000031
AACGTTCTACCATTGT-1,0.000051,0.17445,0.056436,0.008171,0.760893
AACTACCCGTTTGTCA-1,0.000026,0.829048,0.096703,0.005638,0.068586
AACTAGCGTATCGCAC-1,0.002022,0.000809,0.99714,0.000015,0.000015
AACTAGGCTTGGGTGT-1,0.020497,0.171668,0.78357,0.000011,0.024255
AACTCAAGTTAATTGC-1,0.000034,0.708613,0.261132,0.02416,0.006061
AACTCCAGAGCGTGTT-1,0.038266,0.641698,0.045474,0.042417,0.232144
AACTCCTAATCCCATG-1,0.000053,0.470113,0.444879,0.084902,0.000053
AACTCGATAAACACGT-1,0.000122,0.301639,0.692839,0.000016,0.005384
AACTCGATGGCGCAGT-1,0.000056,0.584947,0.393408,0.000056,0.021533
AACTCTCAATAGAGCG-1,0.000021,0.191367,0.80857,0.000021,0.000021
AACTCTCAGTGTGCTC-1,0.074105,0.276549,0.466109,0.03361,0.149627
AACTGAGGTCAGCGTC-1,0.000018,0.005683,0.994264,0.000018,0.000018
AACTGAGTTATACTGA-1,0.009192,0.188941,0.76659,0.035268,0.00001
AACTGATATTAGGCCT-1,0.000047,0.276039,0.68327,0.040597,0.000047
AACTGGGTCCCGACGT-1,0.000059,0.562351,0.38968,0.047851,0.000059
AACTGGGTTCGAGCCG-1,0.000052,0.820544,0.165138,0.014215,0.000052
AACTGGTGTGGGCCTT-1,0.010668,0.157723,0.831551,0.000029,0.000029
AACTTCTGCGTCTATC-1,0.00006,0.606828,0.297714,0.095338,0.00006
AACTTGCCCGTATGCA-1,0.004535,0.710807,0.000659,0.283905,0.000094
AACTTGCGTTCTCGCG-1,0.000046,0.736725,0.263136,0.000046,0.000046
AACTTTACGGGAGCTT-1,0.000078,0.536129,0.000543,0.463172,0.000078
AACTTTAGCTGCTGAG-1,0.00004,0.364448,0.635434,0.00004,0.00004
AACTTTCTCGATCATG-1,0.000066,0.672612,0.132566,0.194689,0.000066
AAGAAAGTTTGATGGG-1,0.000039,0.057022,0.000272,0.302319,0.640348
AAGAAATCACCAGATT-1,0.000041,0.705969,0.239095,0.054856,0.000041
AAGAAGGATCAGTTAG-1,0.000059,0.867417,0.107369,0.025096,0.000059
AAGACATACGTGGTTT-1,0.383691,0.03314,0.14424,0.139955,0.298975
AAGACCAAATAACTCA-1,0.081514,0.019239,0.886363,0.002815,0.010069
AAGACCCAACTGAACA-1,0.042497,0.188035,0.535956,0.228073,0.005439
AAGACTAACCCGTTGT-1,0.000037,0.363278,0.636612,0.000037,0.000037
AAGACTCACGCCCACT-1,0.015268,0.013458,0.971247,0.000013,0.000013
AAGACTGCAAGCTACT-1,0.000052,0.812996,0.186849,0.000052,0.000052
AAGAGATGAATCGGTA-1,0.000072,0.620436,0.000506,0.378913,0.000072
AAGAGCTCTTTATCGG-1,0.011633,0.211277,0.773751,0.000024,0.003316
AAGAGGATGTACGCGA-1,0.023345,0.00209,0.974544,0.000011,0.000011
AAGAGGCATGGATCGC-1,0.000027,0.350285,0.636176,0.000027,0.013484
AAGAGGCCCTTTGGAA-1,0.006336,0.685863,0.181318,0.049593,0.07689
AAGATGGCACCGGACC-1,0.010204,0.234643,0.475151,0.255114,0.024888
AAGATTGGCGGAACGT-1,0.057785,0.547051,0.362622,0.032497,0.000045
AAGCACCCTGCGTATC-1,0.038729,0.371157,0.278575,0.264939,0.0466
AAGCATACTCTCCTGA-1,0.007947,0.380035,0.479332,0.030399,0.102287
AAGCCACTTGCAGGTA-1,0.000027,0.000054,0.000188,0.000027,0.999705
AAGCCGAAGCGGTTTA-1,0.082633,0.015216,0.902133,0.000009,0.000009
AAGCCGCCGTGAAATC-1,0.047233,0.178315,0.227719,0.042424,0.504309
AAGCCGCTTTACCTTG-1,0.00011,0.83154,0.000767,0.167474,0.00011
AAGCCGGAGAGCAGGA-1,0.007377,0.528387,0.363509,0.028566,0.072161
AAGCGCAGGGCTTTGA-1,0.333357,0.0032,0.059723,0.01433,0.589391
AAGCGGAGTGCGCGCA-1,0.03427,0.635276,0.246049,0.084371,0.000033
AAGCGGCGTCATGGGT-1,0.006369,0.034878,0.924422,0.03431,0.000021
AAGCGTCCCTCATCGA-1,0.185247,0.001017,0.802975,0.000005,0.010756
AAGCTAGATCGAGTAA-1,0.003306,0.327114,0.62779,0.000017,0.041774
AAGCTATGGATTGACC-1,0.00006,0.000121,0.000422,0.00006,0.999337
AAGCTCGTGCCAAGTC-1,0.000036,0.257759,0.742135,0.000036,0.000036
AAGCTCTTTCATGGTG-1,0.007879,0.583795,0.35478,0.016955,0.036592
AAGGAGAACTTATAAG-1,0.000032,0.5246,0.465239,0.000032,0.010097
AAGGAGCGGTTGGTGC-1,0.000131,0.574856,0.224952,0.193978,0.006083
AAGGATCGATCGCTTG-1,0.06283,0.216711,0.709675,0.000018,0.010766
AAGGATGAGGGACCTC-1,0.000035,0.248447,0.751447,0.000035,0.000035
AAGGCAGGCTGTCTCC-1,0.044649,0.092388,0.834787,0.019852,0.008324
AAGGCGCGTAAAGCTT-1,0.000072,0.849636,0.063317,0.079451,0.007524
AAGGCTGTGCTCATCG-1,0.000093,0.71675,0.015768,0.267297,0.000093
AAGGGAACGACTGGCT-1,0.040841,0.207139,0.350701,0.029143,0.372176
AAGGGACAGATTCTGT-1,0.032767,0.065239,0.892537,0.009441,0.000017
AAGGGACTATGCATTC-1,0.105618,0.362727,0.366228,0.163733,0.001695
AAGGGTTAGCCATGCG-1,0.000034,0.059476,0.055994,0.033737,0.850759
AAGGGTTTGATTTCAG-1,0.080099,0.214045,0.569396,0.043079,0.093381
AAGGTATCCTAATATA-1,0.000109,0.944553,0.055122,0.000109,0.000109
AAGGTGATAAACCAGC-1,0.034992,0.026801,0.881383,0.003029,0.053795
AAGTAAGCTTCCAAAC-1,0.010892,0.246836,0.720593,0.002725,0.018954
AAGTAGAAGACCGGGT-1,0.000038,0.392564,0.524493,0.082867,0.000038
AAGTAGTGACGCGAGG-1,0.084656,0.023088,0.863258,0.028979,0.000019
AAGTCAATTGTCGTCA-1,0.018166,0.228548,0.663928,0.040613,0.048744
AAGTCTAGTAGCTGCC-1,0.000058,0.684652,0.029203,0.28603,0.000058
AAGTCTTCTGTGGCCT-1,0.001233,0.17764,0.692345,0.12876,0.000023
AAGTGACGACCGAATT-1,0.00214,0.390138,0.55007,0.057624,0.000029
AAGTGAGTCGGGTTTA-1,0.058077,0.328795,0.494521,0.034745,0.083862
AAGTGCAAAGGTAGAC-1,0.000041,0.710383,0.000285,0.28925,0.000041
AAGTGCCTTGACTGTA-1,0.006968,0.266672,0.518587,0.001733,0.206041
AAGTGCGTTAGAATCT-1,0.003085,0.273907,0.13782,0.585179,0.000009
AAGTGCTTCTCTATTG-1,0.000025,0.18281,0.00529,0.038505,0.77337
AAGTGTTTGGAGACGG-1,0.000029,0.653774,0.29977,0.000029,0.046397
AAGTTCACTCCAAGCT-1,0.437433,0.052305,0.468238,0.038425,0.0036
AAGTTCAGTCTGCGTA-1,0.000122,0.337332,0.000855,0.661568,0.000122
AAGTTCGGCCAACAGG-1,0.000011,0.190241,0.779185,0.030552,0.000011
AAGTTGTGATGTTATA-1,0.015285,0.272841,0.077586,0.065362,0.568926
AAGTTTACTAATGGCA-1,0.000043,0.485591,0.51428,0.000043,0.000043
AAGTTTATGGGCCCAA-1,0.031209,0.068337,0.058184,0.091539,0.750731
AATAACAACGCTCGGC-1,0.05645,0.015584,0.797634,0.13032,0.000012
AATAACACTAGAACAA-1,0.11718,0.015491,0.785274,0.045989,0.036066
AATAACGTCGCGCCCA-1,0.194757,0.113604,0.046556,0.138821,0.506262
AATAAGTCCTCGAGAC-1,0.000043,0.770915,0.217947,0.011051,0.000043
AATAATCTTCGTATCG-1,0.164667,0.141091,0.694222,0.00001,0.00001
AATACAATGTTTCAGG-1,0.03474,0.117839,0.837417,0.00998,0.000023
AATACCGGAGGGCTGT-1,0.039516,0.274797,0.092272,0.124581,0.468834
AATACCTGATGTGAAC-1,0.022391,0.082231,0.277879,0.039204,0.578294
AATAGAACAGAGTGGC-1,0.183152,0.019346,0.766221,0.008517,0.022763
AATAGAATCTGTTTCA-1,0.014221,0.024778,0.924377,0.006296,0.030327
AATAGCAAGCCTCCTG-1,0.000043,0.410361,0.589511,0.000043,0.000043
AATAGCTACCGCGTGC-1,0.000218,0.919297,0.001523,0.078744,0.000218
AATAGGCACGACCCTT-1,0.000036,0.000071,0.00025,0.154455,0.845188
AATAGTCCGTCCCGAC-1,0.006643,0.035572,0.641516,0.290367,0.025901
AATAGTCGCGAGTCGG-1,0.071765,0.087848,0.803089,0.037281,0.000017
AATATCAAGGTCGGAT-1,0.000056,0.648399,0.330639,0.000056,0.02085
AATATCCTAGCAAACT-1,0.006008,0.160843,0.810587,0.013214,0.009348
AATATCGAATCAATGC-1,0.018517,0.430511,0.525106,0.019888,0.005977
AATATCGAGGGTTCTC-1,0.000053,0.558192,0.441648,0.000053,0.000053
AATATTGGAGTATTGA-1,0.048985,0.075579,0.872772,0.000021,0.002643
AATCAGACTGCAGGAC-1,0.000045,0.406876,0.415224,0.139817,0.038038
AATCAGGTTTCATTTA-1,0.02496,0.05627,0.035164,0.000993,0.882614
AATCATGTAAAGACTC-1,0.404023,0.036318,0.470705,0.002622,0.086333
AATCCAAGGGCCTGAG-1,0.000038,0.434421,0.475128,0.090375,0.000038
AATCCATGCAAGGGTG-1,0.00005,0.330758,0.611742,0.033238,0.024212
AATCCCGCTCAGAGCC-1,0.000039,0.000078,0.000272,0.000039,0.999572
AATCGAGGTCTCAAGG-1,0.00004,0.00008,0.000278,0.113215,0.886387
AATCGCCTCAGCGCCA-1,0.000031,0.307757,0.65269,0.000031,0.039492
AATCGCGCAGAGGACT-1,0.00564,0.002271,0.992074,0.000007,0.000007
AATCGGGACACTACGA-1,0.000023,0.135285,0.820694,0.043974,0.000023
AATCGGTATAGCCCTC-1,0.000043,0.16222,0.000298,0.01255,0.824889
AATCGTGAGCCGAGCA-1,0.000031,0.188337,0.020747,0.455825,0.33506
AATCTAGGTTTACTTG-1,0.066787,0.107465,0.825727,0.000011,0.000011
AATCTATGCCGGAGCC-1,0.000028,0.1899,0.772869,0.037175,0.000028
AATCTCTACTGTGGTT-1,0.050501,0.094652,0.840123,0.014711,0.000012
AATCTGCGTTGGGACG-1,0.000054,0.595621,0.404217,0.000054,0.000054
AATCTGGCTTTCTAGT-1,0.015771,0.435843,0.524501,0.000156,0.023729
AATCTGGGTAGACCCT-1,0.013093,0.143983,0.821951,0.020949,0.000024
AATGACAGCAATGTCT-1,0.033901,0.392543,0.560602,0.002161,0.010793
AATGACGTAGGATGTC-1,0.072734,0.033531,0.887489,0.006062,0.000184
AATGACTGTCAGCCGG-1,0.000055,0.575992,0.091412,0.332487,0.000055
AATGAGTTCGCATATG-1,0.000037,0.183723,0.816166,0.000037,0.000037
AATGATGATACGCTAT-1,0.000083,0.534765,0.149273,0.234696,0.081184
AATGATGCGACTCCTG-1,0.005927,0.276734,0.691704,0.025596,0.000039
AATGCAACCGGGTACC-1,0.000115,0.552231,0.220616,0.200069,0.026968
AATGCACCAAGCAATG-1,0.000092,0.583594,0.000646,0.415575,0.000092
AATGGCCGCCAATGCG-1,0.00305,0.253005,0.727515,0.016409,0.000021
AATGGTCCACCGTTCA-1,0.000099,0.734561,0.00069,0.264552,0.000099
AATGGTTCTCACAAGC-1,0.014683,0.054457,0.930817,0.000022,0.000022
AATGTATGGCACTGTA-1,0.060232,0.333959,0.261699,0.258145,0.085964
AATGTGCCCGAGGTGT-1,0.184455,0.138509,0.617697,0.040329,0.01901
AATGTGCTAATCTGAG-1,0.005256,0.47861,0.006835,0.217872,0.291427
AATGTTAAGACCCTGA-1,0.00002,0.000041,0.000142,0.00002,0.999777
AATGTTGTCGTGAGAC-1,0.78587,0.000012,0.214106,0.000006,0.000006
AATTAAAGGTCGGCGT-1,0.000034,0.47454,0.506405,0.000034,0.018986
AATTAACGGATTTCCA-1,0.365723,0.041183,0.431809,0.005418,0.155867
AATTACGAGACCCATC-1,0.023857,0.057012,0.854982,0.038205,0.025944
AATTACTCGTACGCTC-1,0.000047,0.65784,0.003404,0.338661,0.000047
AATTAGCGCTGCAGCG-1,0.005187,0.265696,0.665572,0.000021,0.063524
AATTATACCCAGCAAG-1,0.000024,0.000048,0.000167,0.000097,0.999665
AATTCATAAGGGATCT-1,0.000122,0.861531,0.031809,0.106417,0.000122
AATTCATTGTCATGCA-1,0.03851,0.135136,0.593335,0.090123,0.142895
AATTCCAACTTGGTGA-1,0.000027,0.457792,0.490185,0.045423,0.006573
AATTCCAAGCATGTAC-1,0.064015,0.039054,0.072637,0.02315,0.801145
AATTCGATTCGAGGAT-1,0.864369,0.007799,0.028691,0.09154,0.007601
AATTCTAGAGTTAGGC-1,0.037684,0.027716,0.93447,0.000016,0.000115
AATTGAACGCTCTGGT-1,0.145463,0.136959,0.717551,0.000013,0.000013
AATTGCAGCAATCGAC-1,0.087976,0.029631,0.122658,0.004949,0.754786
AATTGCGTGGATTACA-1,0.059398,0.503227,0.023049,0.193984,0.220342
AATTGTGGTTGCCAAA-1,0.002476,0.453414,0.001555,0.15437,0.388185
AATTTGGGACATAGTA-1,0.000041,0.082914,0.916962,0.000041,0.000041
AATTTGGTTCCAAAGA-1,0.000045,0.551541,0.448325,0.000045,0.000045
ACAAACCATGCGTCCT-1,0.135473,0.319986,0.408134,0.093869,0.042538
ACAAACCGACAAGGCG-1,0.000027,0.469804,0.530114,0.000027,0.000027
ACAAACTCCATCAGAG-1,0.000054,0.049855,0.000381,0.021259,0.928451
ACAAAGAAGGTAGGCC-1,0.006614,0.07512,0.918251,0.000008,0.000008
ACAAAGCATGACCTAG-1,0.459953,0.214761,0.2015,0.041205,0.082582
ACAAATCGCACCGAAT-1,0.000022,0.487536,0.438543,0.000022,0.073878
ACAAATGGTAGTGTTT-1,0.016716,0.08856,0.87402,0.020689,0.000014
ACAAATTCAGATCTGA-1,0.005283,0.28233,0.712314,0.000037,0.000037
ACAACAGCATGAGCTA-1,0.008313,0.058121,0.898466,0.035079,0.000022
ACAACGGTCCCTGCGA-1,0.050515,0.051158,0.864642,0.033656,0.000029
ACAAGCAGTGCCTAGC-1,0.000108,0.728921,0.000755,0.270108,0.000108
ACAAGCTATATGGAAG-1,0.00002,0.305482,0.612488,0.08199,0.00002
ACAAGGAAATCCGCCC-1,0.020409,0.061226,0.902093,0.006165,0.010107
ACAAGGACAAGAGGTT-1,0.000089,0.62825,0.095581,0.27599,0.000089
ACAAGGATGCTTTAGG-1,0.205263,0.242463,0.288236,0.154368,0.109671
ACAAGGCCTACCAGCC-1,0.00308,0.134157,0.814686,0.048056,0.000023
ACAAGGGCAGGCTCTG-1,0.03527,0.006096,0.928075,0.000005,0.030555
ACAAGTAATTGTAAGG-1,0.000019,0.000038,0.000132,0.081362,0.91845
ACAATAGTCGTACGTT-1,0.011511,0.084644,0.843552,0.060283,0.00001
ACAATCCATTTAAACC-1,0.096603,0.008594,0.87444,0.020351,0.000013
ACAATCGATCTTTATA-1,0.001034,0.005992,0.992945,0.000014,0.000014
ACAATGAATACGGAGA-1,0.013123,0.433256,0.430463,0.082938,0.04022
ACAATGATTCTTCTAC-1,0.000052,0.402472,0.597371,0.000052,0.000052
ACAATTGTGTCTCTTT-1,0.004103,0.488979,0.266578,0.240313,0.000027
ACAATTTAGGAGGCTC-1,0.000087,0.613832,0.000609,0.365322,0.02015
ACAATTTGAGCAGTGG-1,0.016169,0.302749,0.622575,0.058476,0.000031
ACAATTTGGCCATATT-1,0.008699,0.247619,0.689877,0.034507,0.019298
ACACAAAGACGGGTGG-1,0.010955,0.721402,0.008874,0.23024,0.028527
ACACAAATATTCCTAG-1,0.000063,0.768043,0.128758,0.103074,0.000063
ACACACCAGGACCAGT-1,0.023526,0.012908,0.953305,0.010257,0.000005
ACACACTTTCTACACG-1,0.000051,0.50262,0.440167,0.057111,0.000051
ACACATGATCAAATCT-1,0.029093,0.26177,0.630949,0.029764,0.048424
ACACATTGACGCAACA-1,0.003786,0.460364,0.351922,0.155177,0.028751
ACACATTTCCGTAGAC-1,0.000046,0.000091,0.000319,0.000046,0.999498
ACACCACATAATTAGC-1,0.000023,0.414105,0.585825,0.000023,0.000023
ACACCCAGCATGCAGC-1,0.000096,0.579791,0.000675,0.419341,0.000096
ACACCCGAGAAATCCG-1,0.000801,0.257266,0.741878,0.000028,0.000028
ACACCCGTAAATCTGT-1,0.000053,0.128389,0.854985,0.016554,0.000019
ACACCGAGCGCTCTTT-1,0.000024,0.332374,0.535581,0.104294,0.027728
ACACCGGTCTGACCGC-1,0.037699,0.17777,0.332946,0.154422,0.297162
ACACCTTAAGTAGGGC-1,0.000079,0.354417,0.00055,0.644876,0.000079
ACACCTTACTACTTGC-1,0.037912,0.258339,0.686624,0.000026,0.017099
ACACGAGACTCCTTCT-1,0.00004,0.217476,0.782405,0.00004,0.00004
ACACGGCACTATGCAT-1,0.000028,0.139946,0.859971,0.000028,0.000028
ACACGGGAACTTAGGG-1,0.000086,0.820904,0.135293,0.04363,0.000086
ACACGTAGGCCACAAG-1,0.055432,0.394511,0.473775,0.036137,0.040145
ACACTCCAATGTCACT-1,0.000031,0.231679,0.726348,0.041912,0.000031
ACACTGATCAAGGTGT-1,0.004612,0.342428,0.586278,0.053066,0.013616
ACACTGGGACAGTCGT-1,0.068251,0.230736,0.531126,0.048192,0.121694
ACAGAACTGAGAACAA-1,0.077778,0.010903,0.911308,0.000006,0.000006
ACAGATTAGGTTAGTG-1,0.000075,0.564963,0.434813,0.000075,0.000075
ACAGCATAGAGCCAGT-1,0.010896,0.473201,0.369639,0.11969,0.026575
ACAGCGACATTCTCAT-1,0.000023,0.388677,0.097614,0.464256,0.04943
ACAGCGCACCCGCAGC-1,0.000046,0.636865,0.362996,0.000046,0.000046
ACAGGAGGCGCAGCCG-1,0.000014,0.193262,0.806121,0.000014,0.000588
ACAGGCACGGATCCTT-1,0.092342,0.059588,0.009874,0.341788,0.496408
ACAGGCTTGCCCGACT-1,0.19632,0.025752,0.777904,0.000012,0.000012
ACAGGTGGAGGTGAGG-1,0.06424,0.131101,0.797737,0.003142,0.00378
ACAGGTGTGTTGTTGC-1,0.000017,0.27994,0.561934,0.158092,0.000017
ACAGTAATACAACTTG-1,0.051014,0.316079,0.509594,0.123299,0.000014
ACAGTATACCGTGGGA-1,0.000101,0.870558,0.076082,0.053158,0.000101
ACAGTGCAGCGCATTT-1,0.000032,0.469102,0.530803,0.000032,0.000032
ACATAAGTCGTGGTGA-1,0.133697,0.047839,0.800103,0.004087,0.014273
ACATAATAAGGCGGTG-1,0.000078,0.647404,0.251092,0.101347,0.000078
ACATACAATCAAGCGG-1,0.030269,0.06914,0.232347,0.075202,0.593043
ACATCAGCTGGGACGC-1,0.000046,0.56171,0.321156,0.117042,0.000046
ACATCCCGGCCATACG-1,0.007103,0.410687,0.528235,0.033081,0.020895
ACATCCTGGTAACTGT-1,0.004573,0.168126,0.717893,0.109392,0.000016
ACATCGATCGTTTACC-1,0.01062,0.548359,0.44099,0.000016,0.000016
ACATCGCAATATTCGG-1,0.000034,0.000068,0.000236,0.675749,0.323913
ACATCGGTCAGCCGCG-1,0.000026,0.332964,0.641944,0.000026,0.025041
ACATCGTATGCAATGG-1,0.008851,0.003531,0.9876,0.000009,0.000009
ACATCGTTAACCTAGT-1,0.000043,0.321006,0.588737,0.09017,0.000043
ACATCTCAACGCGTAA-1,0.00002,0.104059,0.89588,0.00002,0.00002
ACATGCTTACGGCAGC-1,0.000031,0.017591,0.000216,0.140471,0.841692
ACATGGCGCCAAAGTA-1,0.019549,0.27836,0.673165,0.009776,0.01915
ACATGGCTCAATTTAG-1,0.000054,0.746306,0.232863,0.000054,0.020724
ACATTAGTTTATATCC-1,0.050758,0.056927,0.827425,0.042091,0.022799
ACATTCGCGCGGAATA-1,0.000015,0.00003,0.000106,0.000015,0.999833
ACATTTGAAACCTAAC-1,0.033233,0.000052,0.00011,0.000016,0.966589
ACCAAACACCCAGCGA-1,0.000045,0.619035,0.117133,0.263742,0.000045
ACCAAACTAGAAATCC-1,0.000024,0.272781,0.727148,0.000024,0.000024
ACCAACACCACACACT-1,0.00008,0.561309,0.291346,0.147185,0.00008
ACCAACCGCACTCCAC-1,0.039626,0.017107,0.03943,0.088898,0.814939
ACCAACGCTTATTTAT-1,0.016832,0.607485,0.33525,0.024741,0.015691
ACCAAGAACGCGTGTC-1,0.000035,0.405003,0.594891,0.000035,0.000035
ACCAAGTCATCGGCAG-1,0.403337,0.054351,0.073397,0.179283,0.289632
ACCAATATGCAAGTTA-1,0.1787,0.04284,0.671206,0.081677,0.025577
ACCACAACTCAGAACA-1,0.000044,0.598834,0.401036,0.000044,0.000044
ACCACAAGTTTCTATC-1,0.000066,0.323072,0.388823,0.287974,0.000066
ACCACACGGTTGATGG-1,0.000025,0.00005,0.000176,0.093664,0.906085
ACCACCAATGTAACAA-1,0.005918,0.198842,0.756733,0.030979,0.007528
ACCACCCTCTCTTCTA-1,0.028717,0.402439,0.523652,0.045138,0.000054
ACCACGTGCAGCTATA-1,0.006484,0.456967,0.482946,0.003144,0.050459
ACCACTGTTCAAGAAG-1,0.013902,0.099774,0.833774,0.000015,0.052535
ACCAGACCATAACAAC-1,0.009351,0.080216,0.871813,0.038605,0.000015
ACCAGCCCGGTCTTTG-1,0.0147,0.450007,0.535189,0.000052,0.000052
ACCAGGAGTGTGATCT-1,0.000029,0.218874,0.781039,0.000029,0.000029
ACCAGTGCCCGGTCAA-1,0.000033,0.258761,0.741138,0.000033,0.000033
ACCAGTGCGGGAGACG-1,0.006434,0.190894,0.770355,0.000018,0.032298
ACCATATCCGCAATAA-1,0.000041,0.615015,0.384863,0.000041,0.000041
ACCATCCGCCAACTAG-1,0.012352,0.298707,0.626024,0.054553,0.008364
ACCATCGTATATGGTA-1,0.015821,0.492367,0.478232,0.002135,0.011445
ACCATTAAGGGTGTCA-1,0.001345,0.538452,0.441387,0.018793,0.000024
ACCCAACGCCCGTGGC-1,0.000028,0.220932,0.778984,0.000028,0.000028
ACCCACCTACATGCTC-1,0.029577,0.536302,0.422282,0.011789,0.00005
ACCCATCTTGAGGGTA-1,0.017236,0.601685,0.380967,0.000056,0.000056
ACCCATTTGTCCCTCT-1,0.000026,0.663751,0.104332,0.150257,0.081634
ACCCGAGCGAAATTAC-1,0.063963,0.275774,0.573013,0.0728,0.01445
ACCCGATTGGTTCCGA-1,0.004825,0.049938,0.0659,0.000904,0.878433
ACCCGGAAACTCCCAG-1,0.031714,0.200761,0.356199,0.285696,0.12563
ACCCGGAGCACCACAA-1,0.043118,0.480547,0.345296,0.029303,0.101736
ACCCGGATGACGCATC-1,0.00004,0.569163,0.430718,0.00004,0.00004
ACCCGGTTACACTTCC-1,0.017685,0.189163,0.752686,0.013297,0.02717
ACCCGTAGCAGAGAAT-1,0.000024,0.000049,0.000171,0.000024,0.999732
ACCCGTAGTCTAGTTG-1,0.338741,0.132939,0.274752,0.080699,0.172869
ACCCGTGTCATCAGTA-1,0.182084,0.113085,0.470693,0.000398,0.23374
ACCCTATAGGACTGAG-1,0.000039,0.392951,0.606931,0.000039,0.000039
ACCCTATGCCATATCG-1,0.105914,0.094793,0.629715,0.091019,0.078559
ACCCTCCCGTCAGGGC-1,0.200589,0.010963,0.263219,0.066004,0.459224
ACCCTCCCTTGCTATT-1,0.04457,0.133455,0.740236,0.077424,0.004315
ACCCTGGTAACGCCCT-1,0.000055,0.641307,0.257081,0.101501,0.000055
ACCCTTCATCTGCGAA-1,0.016789,0.003814,0.946002,0.03337,0.000025
ACCCTTGCCTGGGTCG-1,0.000055,0.431536,0.000384,0.56797,0.000055
ACCCTTTAGTTCTCCA-1,0.00009,0.553771,0.44596,0.00009,0.00009
ACCGAAAGGGCCCTGC-1,0.000026,0.397016,0.466983,0.000026,0.135948
ACCGAAGAGTCTGGTT-1,0.061609,0.191042,0.669138,0.009027,0.069184
ACCGACACATCTCCCA-1,0.466191,0.065117,0.439401,0.028361,0.00093
ACCGACTGAGTCCCAC-1,0.000091,0.682568,0.172428,0.144821,0.000091
ACCGAGTCTCCTTATT-1,0.000028,0.056869,0.004052,0.03567,0.903382
ACCGATAGGCATAACC-1,0.070314,0.493385,0.309881,0.080902,0.045519
ACCGATATTTAATCAT-1,0.036699,0.043906,0.641779,0.277608,0.000008
ACCGATGGTAGCATCG-1,0.000019,0.153014,0.842803,0.000019,0.004145
ACCGCAATAACTGCCT-1,0.435624,0.05372,0.495313,0.001452,0.01389
ACCGCGGTGGAAGTCG-1,0.000285,0.538319,0.336294,0.000872,0.124231
ACCGCTAGTCATTGGT-1,0.000019,0.000037,0.000131,0.000714,0.999099
ACCGGGCCTTTGTTGA-1,0.003876,0.20597,0.790124,0.000015,0.000015
ACCGGTCAGGTACACC-1,0.16557,0.087336,0.583231,0.082437,0.081426
ACCGGTCTGAGTACGG-1,0.021343,0.181595,0.792561,0.004476,0.000026
ACCGTCCACTGGGCCC-1,0.408719,0.081423,0.382541,0.105447,0.02187
ACCGTGACCACGTGGG-1,0.122993,0.197055,0.589197,0.011659,0.079095
ACCGTTCCCGCTCTGA-1,0.000024,0.138451,0.851054,0.010447,0.000024
ACCTAAGTACCTTTCA-1,0.120652,0.040014,0.83932,0.000007,0.000007
ACCTAATCGACTTCCT-1,0.000082,0.536804,0.453009,0.010022,0.000082
ACCTACAGTATGTGGT-1,0.026634,0.107879,0.861333,0.000015,0.004139
ACCTACTATAAATCTA-1,0.00583,0.042144,0.002863,0.127401,0.821762
ACCTCAGCGAGGCGCA-1,0.000021,0.0458,0.000767,0.014651,0.93876
ACCTCCGCCCTCGCTG-1,0.451308,0.088817,0.415619,0.028751,0.015505
ACCTCCGTTATTCACC-1,0.000026,0.213486,0.786435,0.000026,0.000026
ACCTCGAACTTATGCT-1,0.029308,0.307906,0.25726,0.079673,0.325853
ACCTGCGTGTCATGTT-1,0.00607,0.146805,0.831976,0.00196,0.013189
ACCTTTCCTTTAGAAG-1,0.000333,0.043555,0.956069,0.000022,0.000022
ACGAAATGGGCGGCAC-1,0.000062,0.633295,0.199999,0.166582,0.000062
ACGACCCATGAGTTGC-1,0.053696,0.297361,0.59293,0.030286,0.025728
ACGACTCTAGGGCCGA-1,0.002553,0.003946,0.05942,0.264535,0.669545
ACGACTGGTCATACTC-1,0.007698,0.501785,0.309155,0.108565,0.072797
ACGAGAACCCATCACG-1,0.000032,0.474027,0.525878,0.000032,0.000032
ACGAGATATTTGCTTA-1,0.005154,0.107662,0.887114,0.000035,0.000035
ACGAGGATACCACTCT-1,0.121947,0.026508,0.823378,0.023912,0.004255
ACGAGGTTTACAACGT-1,0.02525,0.125837,0.692268,0.141466,0.01518
ACGAGTACGGATGCCC-1,0.001873,0.015707,0.982391,0.000015,0.000015
ACGAGTCGCCGGCGTT-1,0.000015,0.217605,0.78235,0.000015,0.000015
ACGATACATAGAACTA-1,0.00012,0.745423,0.13865,0.115686,0.00012
ACGATACCTATCCTGA-1,0.000036,0.683856,0.05739,0.258681,0.000036
ACGATCATACATAGAG-1,0.000133,0.763647,0.235953,0.000133,0.000133
ACGATCATCTTGTAAA-1,0.06586,0.022869,0.826487,0.084314,0.000469
ACGATGCATATGTTAT-1,0.000039,0.541519,0.439732,0.01867,0.000039
ACGATGGATCCGATGC-1,0.000047,0.382952,0.464146,0.152809,0.000047
ACGCAAACTAATAGAT-1,0.089132,0.399989,0.26188,0.139256,0.109743
ACGCAATCACTACAGC-1,0.000641,0.101503,0.897799,0.000028,0.000028
ACGCATAAATGACATG-1,0.000025,0.122054,0.877872,0.000025,0.000025
ACGCATACGTTTACTA-1,0.116407,0.095669,0.722588,0.038493,0.026843
ACGCATTCGTGAGTAC-1,0.005407,0.046566,0.912407,0.000025,0.035595
ACGCCACTCGAAACAG-1,0.00002,0.00004,0.00014,0.00002,0.99978
ACGCCAGATGATTTCT-1,0.00008,0.231421,0.768417,0.000041,0.000041
ACGCCAGTGCGTTTGC-1,0.00002,0.00004,0.000139,0.000315,0.999487
ACGCCCAGCTGTCGAT-1,0.000049,0.468099,0.519092,0.012711,0.000049
ACGCCGCTAGACGACC-1,0.006494,0.232563,0.680239,0.000024,0.08068
ACGCCTGACACGCGCT-1,0.000123,0.277177,0.687399,0.001951,0.03335
ACGCGAAGTCAGACGA-1,0.000028,0.551915,0.437121,0.000028,0.010909
ACGCGCTACACAGGGT-1,0.000019,0.38713,0.578106,0.000019,0.034726
ACGCGGGCCAAGGACA-1,0.000028,0.264055,0.686174,0.049716,0.000028
ACGCGTTTCTTAAGAG-1,0.00005,0.473303,0.000351,0.526246,0.00005
ACGCTACTGAATGGGC-1,0.012182,0.087379,0.001669,0.10345,0.79532
ACGCTAGTATCAGTGC-1,0.012046,0.006627,0.981297,0.000016,0.000016
ACGCTAGTGATACACT-1,0.005137,0.317603,0.677177,0.000042,0.000042
ACGCTGTGAGGCGTAG-1,0.000021,0.229521,0.747072,0.016759,0.006627
ACGCTTAGTGTCTCTC-1,0.000066,0.78686,0.010441,0.202568,0.000066
ACGGAACACGAGTGCC-1,0.128305,0.098479,0.409796,0.183562,0.179858
ACGGAATTTAGCAAAT-1,0.000032,0.452444,0.547462,0.000032,0.000032
ACGGACGCAGCGACAA-1,0.001528,0.173701,0.000284,0.12846,0.696028
ACGGACTCTCAAAGCG-1,0.422682,0.172252,0.241267,0.010429,0.153371
ACGGAGCGCAAATTAC-1,0.000052,0.486885,0.12519,0.38782,0.000052
ACGGATGGTGCGGATA-1,0.009727,0.508564,0.444771,0.008232,0.028706
ACGGCACTTGCTTGGG-1,0.003268,0.376745,0.47837,0.141362,0.000254
ACGGCCAACATGGACT-1,0.096052,0.116125,0.708373,0.069655,0.009795
ACGGCGACGATGGGAA-1,0.041921,0.244719,0.701297,0.01027,0.001792
ACGGCGGGTTGCCCTG-1,0.00005,0.805567,0.194284,0.00005,0.00005
ACGGCTGGATGTAGAA-1,0.060162,0.284961,0.561987,0.063916,0.028975
ACGGGAGTGTCGGCCC-1,0.02253,0.00237,0.882409,0.01001,0.082682
ACGGGCGTATGCGACA-1,0.001464,0.240635,0.743309,0.014566,0.000026
ACGGGTCATGTGACTT-1,0.000035,0.402424,0.596358,0.000035,0.001147
ACGGGTTGTGACCTGT-1,0.000021,0.030609,0.024043,0.14837,0.796957
ACGGTACAGTTCAATG-1,0.000028,0.05529,0.000198,0.000028,0.944455
ACGGTCACCGAGAACA-1,0.015187,0.132357,0.018494,0.32414,0.509822
ACGTACAGATTTCTCT-1,0.000062,0.358615,0.641199,0.000062,0.000062
ACGTACTTTGGCACGG-1,0.000029,0.016521,0.000329,0.42384,0.559281
ACGTAGATTGCTGATG-1,0.000022,0.053327,0.946608,0.000022,0.000022
ACGTAGGAGAGTCGCT-1,0.000032,0.03484,0.000226,0.246072,0.71883
ACGTATTACTCCGATC-1,0.008083,0.107702,0.859708,0.000021,0.024486
ACGTCCTAAACGAGAT-1,0.007138,0.246,0.746815,0.000024,0.000024
ACGTCGGGCAACTCGG-1,0.54429,0.001935,0.426568,0.001833,0.025374
ACGTCTCGTTCCGGGA-1,0.015011,0.193884,0.781579,0.009512,0.000013
ACGTGACAAAGTAAGT-1,0.018906,0.196709,0.738177,0.017899,0.028308
ACGTGCGCCTCGTGCA-1,0.000035,0.251152,0.674521,0.074257,0.000035
ACGTGGTCGAATGTGC-1,0.022464,0.243532,0.733949,0.000028,0.000028
ACGTTAATGTCGAAGA-1,0.000045,0.397836,0.543362,0.048925,0.009832
ACGTTAGATTTGCCCG-1,0.000071,0.834768,0.142246,0.000071,0.022844
ACGTTATTGGTCACTC-1,0.000046,0.665959,0.284978,0.048972,0.000046
ACGTTCACTATGCCGC-1,0.109219,0.005638,0.287188,0.307466,0.290489
ACGTTCCGCGCTCCGT-1,0.0255,0.197251,0.741923,0.016956,0.01837
ACGTTCGCAATCAATT-1,0.000022,0.376658,0.610758,0.000022,0.01254
ACGTTCGTTCAGGAAA-1,0.132746,0.298276,0.447118,0.035411,0.086448
ACGTTCTGTACAAGTC-1,0.050703,0.21015,0.079554,0.45901,0.200583
ACGTTGTCGTTGAAAG-1,0.045344,0.00199,0.117429,0.141554,0.693683
ACGTTTAGTTGTGATC-1,0.000066,0.274732,0.72507,0.000066,0.000066
ACGTTTCGGTGCACTT-1,0.000027,0.097704,0.000187,0.083117,0.818965
ACTAAGGACGCACACC-1,0.013027,0.17244,0.784647,0.029864,0.000022
ACTAATACGTCAGGCG-1,0.008329,0.000042,0.991587,0.000021,0.000021
ACTACAAAGAGAGGTG-1,0.017047,0.113224,0.01895,0.239257,0.611522
ACTACATCCCGACAAG-1,0.458991,0.007372,0.513043,0.001013,0.01958
ACTACCAGCTCTCTGG-1,0.000119,0.712412,0.00703,0.280319,0.000119
ACTACCATCCGAGGGC-1,0.000026,0.002018,0.000179,0.102418,0.89536
ACTACGCGTTAGAATT-1,0.297651,0.213095,0.409934,0.020371,0.05895
ACTAGTTGCGATCGTC-1,0.043337,0.341592,0.557477,0.000023,0.057571
ACTATATGCTGTGTTC-1,0.000065,0.452998,0.546807,0.000065,0.000065
ACTATCCAGGGCATGG-1,0.00495,0.171621,0.722789,0.000022,0.100619
ACTATCGCCGGCTAAA-1,0.001572,0.173261,0.825144,0.000012,0.000012
ACTATCTGCCCGCGTA-1,0.022694,0.206875,0.762208,0.007708,0.000515
ACTATGTCCAGCTGCC-1,0.015679,0.295739,0.22262,0.456908,0.009053
ACTATTCGTCCGTGGT-1,0.001289,0.014893,0.983779,0.000019,0.000019
ACTATTTCCGGGCCCA-1,0.228104,0.061537,0.669444,0.006406,0.03451
ACTCAACGAATGTATT-1,0.000044,0.546339,0.431842,0.018183,0.003592
ACTCAAGTGCAAGGCT-1,0.065083,0.165158,0.288598,0.170417,0.310743
ACTCAATAAAGGCACG-1,0.000099,0.407459,0.156033,0.43631,0.000099
ACTCAGACCTGCTTCT-1,0.020502,0.549259,0.410385,0.000058,0.019797
ACTCATGGCAGCCTTC-1,0.207191,0.006674,0.410998,0.005158,0.369979
ACTCCAATATCATCAT-1,0.14532,0.217755,0.5089,0.043756,0.084269
ACTCCCATTCCTAAAG-1,0.021733,0.029478,0.829111,0.119671,0.000007
ACTCCCGAATTCGTTT-1,0.00003,0.239293,0.753649,0.00003,0.006998
ACTCCCGTAGACTAGG-1,0.000085,0.625355,0.122795,0.251679,0.000085
ACTCCCTAATGCTAAA-1,0.080324,0.269753,0.626002,0.010794,0.013126
ACTCCCTAGAATAGTA-1,0.033533,0.00257,0.963875,0.000011,0.000011
ACTCCGGCCGACCACT-1,0.000026,0.116866,0.006392,0.11078,0.765936
ACTCGATGTATTTCAT-1,0.00004,0.325409,0.666641,0.007871,0.00004
ACTCGCCGTTCGATAA-1,0.03388,0.312901,0.019342,0.059131,0.574745
ACTCGCGATCTGACGC-1,0.031673,0.076113,0.883618,0.008557,0.00004
ACTCGTAACCCGTCCT-1,0.019244,0.000084,0.980664,0.000004,0.000004
ACTCGTCAGTAATCCC-1,0.004856,0.168274,0.826811,0.000029,0.000029
ACTCTAAACCTGGGAT-1,0.039279,0.743112,0.181514,0.036061,0.000035
ACTCTCTGACTTAGGT-1,0.000005,0.00319,0.996794,0.000005,0.000005
ACTCTCTTATACACGA-1,0.016439,0.031923,0.95159,0.000024,0.000024
ACTCTGACCTAATAGA-1,0.000019,0.000956,0.005189,0.131515,0.86232
ACTCTTCAGCTCCCGC-1,0.047146,0.289176,0.568309,0.000018,0.095352
ACTCTTGTATAGTAAC-1,0.001473,0.207442,0.675368,0.115688,0.000028
ACTGAAACGCCGTTAG-1,0.000019,0.624687,0.211271,0.127404,0.036618
ACTGAATGGCGAAAGT-1,0.032214,0.03602,0.919794,0.010047,0.001925
ACTGATTTAGTGATTC-1,0.001231,0.011587,0.987135,0.000023,0.000023
ACTGCCCGCCATTCTC-1,0.644333,0.000018,0.027207,0.178524,0.149918
ACTGCCGTCGTAACTC-1,0.000047,0.413859,0.585999,0.000047,0.000047
ACTGCGGACACACCGT-1,0.00206,0.536186,0.44608,0.005355,0.010319
ACTGCTCGGAAGGATG-1,0.049718,0.040097,0.829239,0.034104,0.046841
ACTGGCGAACCTGCGT-1,0.007748,0.073018,0.884206,0.03501,0.000018
ACTGGGATGCCAGTGC-1,0.016464,0.000079,0.040986,0.00004,0.94243
ACTGTACGATACACAT-1,0.000051,0.562493,0.437355,0.000051,0.000051
ACTGTAGCACTTTGGA-1,0.000194,0.640818,0.00136,0.357433,0.000194
ACTGTATACGCGAGCA-1,0.00005,0.525935,0.473914,0.00005,0.00005
ACTGTCCAGGATTATA-1,0.000024,0.018284,0.944075,0.037592,0.000024
ACTGTCTTCTTTAGAA-1,0.028554,0.273249,0.687061,0.011103,0.000032
ACTGTGCTAGTAGATC-1,0.000033,0.082884,0.900196,0.016854,0.000033
ACTGTTTAGTGTAGGC-1,0.000055,0.572917,0.426917,0.000055,0.000055
ACTTACCGGGCGCGCA-1,0.019519,0.005134,0.975314,0.000017,0.000017
ACTTACGCATCCACGC-1,0.212422,0.026894,0.637151,0.028322,0.095211
ACTTAGTACGACAAGA-1,0.000069,0.074311,0.925576,0.000022,0.000022
ACTTATACTTACCCGG-1,0.000759,0.044406,0.954804,0.000015,0.000015
ACTTATCTGATCTATA-1,0.000035,0.341737,0.559778,0.000035,0.098415
ACTTATTAGGATCGGT-1,0.000064,0.535855,0.463954,0.000064,0.000064
ACTTATTTATGTGCCA-1,0.009381,0.114312,0.868396,0.004017,0.003894
ACTTCAGGCTGATCCC-1,0.037141,0.178364,0.593216,0.003377,0.187901
ACTTCCAGTGGAAGCT-1,0.052114,0.273381,0.620199,0.009859,0.044447
ACTTCCATGCGGGACA-1,0.429165,0.212849,0.268693,0.0099,0.079392
ACTTCCTGTCGTGCGA-1,0.013555,0.180004,0.806402,0.000019,0.000019
ACTTCGCCATACGCAC-1,0.000065,0.602489,0.316357,0.081024,0.000065
ACTTCGCTAGCGAGTG-1,0.000039,0.626126,0.373757,0.000039,0.000039
ACTTGACTCCCTCTTT-1,0.021193,0.017811,0.918894,0.000008,0.042094
ACTTGCCATATTGTAC-1,0.001154,0.013423,0.985389,0.000017,0.000017
ACTTGCTCTATCTACC-1,0.048486,0.196049,0.000276,0.289294,0.465895
ACTTGGGACCCGGTGG-1,0.000074,0.500398,0.040749,0.458705,0.000074
ACTTGGGCTTTCGCCA-1,0.000018,0.000037,0.000129,0.00023,0.999587
ACTTGTAGTCCCTTCA-1,0.000016,0.252792,0.415664,0.331513,0.000016
ACTTGTGGATGGAACG-1,0.00493,0.139957,0.846048,0.005658,0.003408
ACTTGTTACCGGATCA-1,0.000033,0.000066,0.000231,0.228843,0.770827
ACTTTACCCTCATGAA-1,0.000022,0.093327,0.89677,0.000022,0.009858
ACTTTATACACCACTT-1,0.000029,0.000059,0.000206,0.126447,0.873259
ACTTTCCTATAGCTTC-1,0.000082,0.748646,0.099653,0.151539,0.000082
ACTTTGACTGCATCCT-1,0.012539,0.105216,0.851918,0.018586,0.011741
ACTTTGGTCGTGCTCC-1,0.109045,0.31351,0.525196,0.032581,0.019669
ACTTTGTCGACGCACT-1,0.053015,0.279256,0.412032,0.010025,0.245672
AGAAATTATGACTCGC-1,0.000888,0.455435,0.419881,0.117903,0.005892
AGAACACGGCGATGGT-1,0.000015,0.00003,0.000107,0.000015,0.999832
AGAACCCAGCGTGACA-1,0.001263,0.468961,0.508596,0.0046,0.01658
AGAACCCTCAATTGGG-1,0.011117,0.359819,0.419912,0.089526,0.119627
AGAACGTGGTACATTC-1,0.000053,0.677193,0.193231,0.129469,0.000053
AGAACTGTACTTTGTA-1,0.000018,0.000037,0.000129,0.667731,0.332084
AGAAGAGCGCCGTTCC-1,0.071426,0.090087,0.838106,0.00019,0.00019
AGAAGGTACACTTCAC-1,0.041117,0.196082,0.746592,0.016199,0.00001
AGAAGGTTGCCGAATT-1,0.00001,0.431742,0.552454,0.00001,0.015784
AGAAGGTTGTAGGTCG-1,0.355863,0.266284,0.000174,0.128898,0.248782
AGAAGTGATTCGTGAT-1,0.042103,0.092582,0.44667,0.418634,0.00001
AGAATAAATCTTCAGG-1,0.006946,0.607212,0.33916,0.046663,0.000019
AGAATACAGGCTATCC-1,0.00003,0.057207,0.007463,0.00003,0.93527
AGAATGCGGGTTCGGA-1,0.049274,0.397083,0.55354,0.000052,0.000052
AGAATTATGGATTCGA-1,0.00793,0.120706,0.81622,0.000017,0.055127
