Barcode,Topic 1to2,Topic 3to7,Topic 8to11
AAACAAGTATCTCCCA-1,0.23274,0.276301,0.490959
AAACAATCTACTAGCA-1,0.089907,0.017019,0.893075
AAACACCAATAACTGC-1,0.103483,0.562581,0.333936
AAACAGAGCGACTCCT-1,0.000131,0.016509,0.98336
AAACAGCTTTCAGAAG-1,0.07166,0.911441,0.016899
AAACAGGGTCTATATT-1,0.065627,0.725614,0.208759
AAACAGTGTTCCTGGG-1,0.240578,0.000417,0.759005
AAACATGGTGAGAGGA-1,0.450099,0.331073,0.218829
AAACATTTCCCGGATT-1,0.168573,0.616097,0.21533
AAACCCGAACGAAATC-1,0.289609,0.418165,0.292226
AAACCGGAAATGTTAA-1,0.593296,0.229993,0.176711
AAACCGGGTAGGTACC-1,0.192977,0.508931,0.298092
AAACCGTTCGTCCAGG-1,0.07267,0.232764,0.694567
AAACCTAAGCAGCCGG-1,0.046249,0.652664,0.301087
AAACCTCATGAAGTTG-1,0.084799,0.293795,0.621406
AAACGAAGAACATACC-1,0.000202,0.000505,0.999294
AAACGAAGATGGAGTA-1,0.262319,0.559789,0.177892
AAACGAGACGGTTGAT-1,0.000103,0.017482,0.982415
AAACGCTGGGCACGAC-1,0.833671,0.050357,0.115972
AAACGGGCGTACGGGT-1,0.008175,0.141414,0.850411
AAACGGTTGCGAACTG-1,0.124747,0.098351,0.776902
AAACGTGTTCGCCCTA-1,0.155229,0.028766,0.816006
AAACTAACGTGGCGAC-1,0.000136,0.000341,0.999523
AAACTCGGTTCGCAAT-1,0.019442,0.29539,0.685167
AAACTCGTGATATAAG-1,0.113322,0.43686,0.449819
AAACTGCTGGCTCCAA-1,0.0734,0.601944,0.324656
AAACTTAATTGCACGC-1,0.256401,0.512158,0.231441
AAACTTGCAAACGTAT-1,0.038246,0.30623,0.655524
AAAGAATGACCTTAGA-1,0.492524,0.507454,0.000022
AAAGAATGTGGACTAA-1,0.326116,0.148307,0.525577
AAAGACCCAAGTCGCG-1,0.015484,0.368642,0.615874
AAAGACTGGGCGCTTT-1,0.176666,0.169267,0.654067
AAAGCTTGCCTACATA-1,0.276213,0.278144,0.445643
AAAGGCCCTATAATAC-1,0.359547,0.438834,0.201619
AAAGGCTACGGACCAT-1,0.039494,0.273934,0.686572
AAAGGCTCTCGCGCCG-1,0.088013,0.669082,0.242904
AAAGGGATGTAGCAAG-1,0.000107,0.1031,0.896793
AAAGGGCAGCTTGAAT-1,0.062065,0.874033,0.063902
AAAGGTAAGCTGTACC-1,0.326297,0.177456,0.496247
AAAGTAGCATTGCTCA-1,0.049973,0.766396,0.183631
AAAGTCACTGATGTAA-1,0.024857,0.199351,0.775792
AAAGTCGACCCTCAGT-1,0.082618,0.896209,0.021172
AAAGTGCCATCAATTA-1,0.565043,0.201259,0.233698
AAAGTGTGATTTATCT-1,0.018372,0.564716,0.416912
AAAGTTGACTCCCGTA-1,0.000074,0.159067,0.840859
AAATAACCATACGGGA-1,0.000101,0.000251,0.999648
AAATAAGGTAGTGCCC-1,0.006529,0.123283,0.870188
AAATACCTATAAGCAT-1,0.020026,0.38036,0.599615
AAATAGCTTAGACTTT-1,0.000121,0.047374,0.952506
AAATAGGGTGCTATTG-1,0.172024,0.440392,0.387584
AAATCCGATACACGCC-1,0.261863,0.559995,0.178142
AAATCGCGGAAGGAGT-1,0.139697,0.756424,0.103879
AAATCGTGTACCACAA-1,0.041061,0.678636,0.280302
AAATCTAGCCCTGCTA-1,0.114367,0.850308,0.035325
AAATCTGCCCGCGTCC-1,0.583051,0.416924,0.000025
AAATGACTGATCAAAC-1,0.156782,0.000159,0.843059
AAATGATTCGATCAGC-1,0.106091,0.368453,0.525457
AAATGCTCGTTACGTT-1,0.129909,0.591272,0.278818
AAATGGCATGTCTTGT-1,0.063766,0.623275,0.312959
AAATGGCCCGTGCCCT-1,0.123503,0.783946,0.092551
AAATGGTCAATGTGCC-1,0.00006,0.458134,0.541806
AAATGTATCTTATCCC-1,0.085486,0.284585,0.629928
AAATGTGGGTGCTCCT-1,0.000166,0.000414,0.99942
AAATTAACGGGTAGCT-1,0.141289,0.729432,0.129278
AAATTAATAAGCGCGA-1,0.037547,0.529376,0.433077
AAATTACACGACTCTG-1,0.076671,0.602406,0.320923
AAATTACCTATCGATG-1,0.114411,0.392498,0.493091
AAATTCCAGGTCCAAA-1,0.13387,0.455342,0.410788
AAATTGATAGTCCTTT-1,0.03349,0.079294,0.887216
AAATTGGTGAGAAGCA-1,0.178071,0.070082,0.751846
AAATTTACCGAAATCC-1,0.729163,0.000481,0.270357
AAATTTGCGGGTGTGG-1,0.137828,0.434031,0.428141
AACAACTGGTAGTTGC-1,0.009238,0.809413,0.181349
AACAATACATTGTCGA-1,0.034336,0.329779,0.635884
AACAATTACTCTACGC-1,0.188337,0.261915,0.549747
AACACACGCTCGCCGC-1,0.141598,0.466587,0.391815
AACACGACTGTACTGA-1,0.169542,0.51961,0.310848
AACACGAGACGCGGCC-1,0.077735,0.745031,0.177234
AACACGCGGCCGCGAA-1,0.000125,0.000314,0.999561
AACAGCTGTGTGGCAA-1,0.124289,0.390552,0.485158
AACAGGAAATCGAATA-1,0.000108,0.00027,0.999623
AACAGGATGGGCCGCG-1,0.055215,0.673732,0.271053
AACAGGTAGTATGGAT-1,0.136634,0.312113,0.551253
AACATAGCGTGTATCG-1,0.699036,0.160837,0.140127
AACATATCAACTGGTG-1,0.158283,0.558975,0.282742
AACATCGATACGTCTA-1,0.000123,0.242019,0.757857
AACATTGAAGTTGATC-1,0.05558,0.581124,0.363296
AACATTGTGACTCGAG-1,0.17302,0.493416,0.333564
AACCAAGACTTCTCTG-1,0.089754,0.191374,0.718871
AACCAGTATCACTCTT-1,0.518889,0.013058,0.468052
AACCATAGGGTTGAAC-1,0.14785,0.541143,0.311007
AACCATGGGATCGCTA-1,0.091004,0.746433,0.162563
AACCCAGAGACGGAGA-1,0.000096,0.066883,0.933021
AACCCATCCCATGATC-1,0.004724,0.008523,0.986753
AACCCGACAACCCGTG-1,0.026126,0.239189,0.734685
AACCCGAGCAGAATCG-1,0.082007,0.38096,0.537033
AACCCGCTGTATTCCA-1,0.163536,0.000167,0.836297
AACCCTACTGTCAATA-1,0.096697,0.433408,0.469895
AACCCTGGTGGAACCA-1,0.000143,0.000358,0.999499
AACCGAGCTTGGTCAT-1,0.035958,0.790947,0.173095
AACCGCTAAGGGATGC-1,0.150558,0.639833,0.20961
AACCGTTGTGTTTGCT-1,0.000159,0.000397,0.999444
AACCTAAAGCCGTCCG-1,0.550047,0.00025,0.449703
AACCTCGCTTTAGCCC-1,0.285015,0.553399,0.161586
AACCTGTCACGGAATT-1,0.334152,0.509345,0.156503
AACCTTTAAATACGGT-1,0.038755,0.446275,0.51497
AACCTTTACGACGTCT-1,0.003226,0.577958,0.418816
AACGAAAGTCGTCCCA-1,0.118418,0.757867,0.123716
AACGACCTCCTAGCCG-1,0.916827,0.001972,0.081201
AACGATAATGCCGTAG-1,0.026534,0.585394,0.388072
AACGATAGAAGGGCCG-1,0.000137,0.024677,0.975186
AACGATATGTCAACTG-1,0.109006,0.08531,0.805685
AACGCATGATCTGGGT-1,0.000099,0.000247,0.999654
AACGCGAACGGCAACA-1,0.084899,0.000305,0.914796
AACGCGACCTTGGGCG-1,0.235959,0.378842,0.385198
AACGCGGTCTCCAGCC-1,0.057377,0.41589,0.526732
AACGCTGTTGCTGAAA-1,0.10505,0.222299,0.672651
AACGGACGTACGTATA-1,0.11838,0.576882,0.304737
AACGGCCATCTCCGGT-1,0.224706,0.700445,0.074849
AACGTACTGTGGGTAC-1,0.158195,0.51374,0.328065
AACGTAGTCTACCCAT-1,0.108116,0.276982,0.614902
AACGTCAGACTAGTGG-1,0.00015,0.000376,0.999474
AACGTCATCCGGCTTG-1,0.061459,0.000231,0.93831
AACGTCGCTGCACTTC-1,0.629416,0.000257,0.370326
AACGTGATGAAGGACA-1,0.000136,0.000341,0.999523
AACGTGCGAAAGTCTC-1,0.063881,0.355502,0.580617
AACGTTATCAGCACCT-1,0.024054,0.364382,0.611564
AACGTTCTACCATTGT-1,0.542632,0.0357,0.421668
AACTACCCGTTTGTCA-1,0.560558,0.200377,0.239065
AACTAGCGTATCGCAC-1,0.000136,0.109448,0.890417
AACTAGGCTTGGGTGT-1,0.013677,0.223164,0.763158
AACTCAAGTTAATTGC-1,0.07094,0.68681,0.242251
AACTCCAGAGCGTGTT-1,0.093711,0.230829,0.67546
AACTCCTAATCCCATG-1,0.00016,0.0004,0.99944
AACTCGATGGCGCAGT-1,0.176536,0.352563,0.470901
AACTCTCAATAGAGCG-1,0.105728,0.651706,0.242566
AACTCTCAGTGTGCTC-1,0.18692,0.287382,0.525699
AACTGAGGTCAGCGTC-1,0.04283,0.000527,0.956643
AACTGAGTTATACTGA-1,0.697288,0.302666,0.000046
AACTGATATTAGGCCT-1,0.000157,0.000393,0.99945
AACTGGGTCCCGACGT-1,0.023376,0.024036,0.952588
AACTGGGTTCGAGCCG-1,0.093941,0.257327,0.648732
AACTGGTGTGGGCCTT-1,0.400496,0.302722,0.296782
AACTTCTGCGTCTATC-1,0.150931,0.3212,0.527868
AACTTGCCCGTATGCA-1,0.178128,0.539323,0.282549
AACTTGCGTTCTCGCG-1,0.244069,0.266526,0.489405
AACTTTACGGGAGCTT-1,0.010722,0.091797,0.897481
AACTTTAGCTGCTGAG-1,0.000202,0.000506,0.999292
AACTTTCTCGATCATG-1,0.000163,0.000407,0.999431
AAGAAAGTTTGATGGG-1,0.505326,0.169792,0.324882
AAGAAATCACCAGATT-1,0.197895,0.000366,0.801739
AAGAAGGATCAGTTAG-1,0.107871,0.542129,0.35
AAGACATACGTGGTTT-1,0.662254,0.236021,0.101725
AAGACCAAATAACTCA-1,0.190886,0.404567,0.404548
AAGACCCAACTGAACA-1,0.334203,0.462867,0.20293
AAGACTAACCCGTTGT-1,0.145399,0.309437,0.545164
AAGACTGCAAGCTACT-1,0.000076,0.264251,0.735673
AAGAGATGAATCGGTA-1,0.257846,0.4107,0.331454
AAGAGCTCTTTATCGG-1,0.00417,0.597236,0.398594
AAGAGGATGTACGCGA-1,0.023941,0.975958,0.000101
AAGAGGCATGGATCGC-1,0.015803,0.554156,0.430041
AAGAGGCCCTTTGGAA-1,0.149063,0.05065,0.800287
AAGATGGCACCGGACC-1,0.001457,0.303451,0.695093
AAGATTGGCGGAACGT-1,0.019318,0.487541,0.493141
AAGCACCCTGCGTATC-1,0.061209,0.399406,0.539384
AAGCATACTCTCCTGA-1,0.088789,0.148438,0.762773
AAGCCACTTGCAGGTA-1,0.520811,0.000143,0.479046
AAGCCGAAGCGGTTTA-1,0.155671,0.551655,0.292674
AAGCCGCCGTGAAATC-1,0.310698,0.517779,0.171523
AAGCCGCTTTACCTTG-1,0.076533,0.000321,0.923146
AAGCCGGAGAGCAGGA-1,0.647972,0.143132,0.208897
AAGCGCAGGGCTTTGA-1,0.103262,0.778051,0.118687
AAGCGGCGTCATGGGT-1,0.226984,0.00053,0.772485
AAGCGTCCCTCATCGA-1,0.065376,0.766194,0.16843
AAGCTAGATCGAGTAA-1,0.059526,0.520325,0.420149
AAGCTATGGATTGACC-1,0.343616,0.656359,0.000025
AAGCTCGTGCCAAGTC-1,0.00009,0.33315,0.666761
AAGCTCTTTCATGGTG-1,0.129079,0.735686,0.135235
AAGGAGAACTTATAAG-1,0.000131,0.101846,0.898023
AAGGAGCGGTTGGTGC-1,0.000097,0.341146,0.658757
AAGGATCGATCGCTTG-1,0.133622,0.305776,0.560602
AAGGATGAGGGACCTC-1,0.091326,0.700759,0.207916
AAGGCAGGCTGTCTCC-1,0.506364,0.426868,0.066767
AAGGCGCGTAAAGCTT-1,0.293564,0.705989,0.000446
AAGGCTGTGCTCATCG-1,0.115574,0.44092,0.443506
AAGGGAACGACTGGCT-1,0.010892,0.373106,0.616002
AAGGGACAGATTCTGT-1,0.000074,0.537856,0.46207
AAGGGACTATGCATTC-1,0.081978,0.419774,0.498248
AAGGGTTAGCCATGCG-1,0.536421,0.004283,0.459296
AAGGGTTTGATTTCAG-1,0.711565,0.28839,0.000045
AAGGTATCCTAATATA-1,0.00009,0.142225,0.857686
AAGGTGATAAACCAGC-1,0.058393,0.675185,0.266422
AAGTAAGCTTCCAAAC-1,0.273931,0.131986,0.594083
AAGTAGAAGACCGGGT-1,0.000099,0.208314,0.791587
AAGTAGTGACGCGAGG-1,0.166893,0.405747,0.42736
AAGTCAATTGTCGTCA-1,0.239605,0.368334,0.392061
AAGTCTAGTAGCTGCC-1,0.000152,0.00038,0.999467
AAGTCTTCTGTGGCCT-1,0.21489,0.604045,0.181065
AAGTGACGACCGAATT-1,0.008513,0.524319,0.467168
AAGTGAGTCGGGTTTA-1,0.075633,0.738954,0.185412
AAGTGCAAAGGTAGAC-1,0.112603,0.518037,0.36936
AAGTGCCTTGACTGTA-1,0.066093,0.074529,0.859377
AAGTGCGTTAGAATCT-1,0.000122,0.20996,0.789918
AAGTGCTTCTCTATTG-1,0.030895,0.347557,0.621548
AAGTGTTTGGAGACGG-1,0.001957,0.68995,0.308093
AAGTTCACTCCAAGCT-1,0.048705,0.759338,0.191956
AAGTTCAGTCTGCGTA-1,0.000094,0.098866,0.901039
AAGTTCGGCCAACAGG-1,0.071664,0.815451,0.112886
AAGTTGTGATGTTATA-1,0.194012,0.301662,0.504326
AAGTTTACTAATGGCA-1,0.008512,0.042313,0.949176
AAGTTTATGGGCCCAA-1,0.069926,0.248567,0.681507
AATAACAACGCTCGGC-1,0.073507,0.485941,0.440552
AATAACACTAGAACAA-1,0.077478,0.767065,0.155457
AATAACGTCGCGCCCA-1,0.560789,0.330918,0.108293
AATAAGTCCTCGAGAC-1,0.000157,0.000392,0.999451
AATAATCTTCGTATCG-1,0.339493,0.439637,0.22087
AATACAATGTTTCAGG-1,0.057345,0.324585,0.61807
AATACCGGAGGGCTGT-1,0.212941,0.548568,0.238491
AATACCTGATGTGAAC-1,0.563063,0.177999,0.258938
AATAGAACAGAGTGGC-1,0.000083,0.141127,0.858789
AATAGAATCTGTTTCA-1,0.093268,0.413276,0.493456
AATAGCAAGCCTCCTG-1,0.161519,0.000194,0.838288
AATAGCTACCGCGTGC-1,0.000066,0.141451,0.858483
AATAGGCACGACCCTT-1,0.502644,0.049322,0.448034
AATAGTCCGTCCCGAC-1,0.063176,0.566631,0.370193
AATAGTCGCGAGTCGG-1,0.005362,0.598204,0.396434
AATATCAAGGTCGGAT-1,0.000068,0.670316,0.329616
AATATCCTAGCAAACT-1,0.003299,0.168184,0.828516
AATATCGAATCAATGC-1,0.109871,0.587509,0.302619
AATATCGAGGGTTCTC-1,0.000091,0.02817,0.971739
AATATTGGAGTATTGA-1,0.085631,0.688272,0.226098
AATCAGGTTTCATTTA-1,0.000111,0.028358,0.971531
AATCATGTAAAGACTC-1,0.082343,0.317483,0.600174
AATCCAAGGGCCTGAG-1,0.145935,0.608634,0.245431
AATCCATGCAAGGGTG-1,0.084577,0.240944,0.674479
AATCCCGCTCAGAGCC-1,0.118764,0.000279,0.880957
AATCGAGGTCTCAAGG-1,0.379774,0.070429,0.549797
AATCGCCTCAGCGCCA-1,0.044378,0.955554,0.000068
AATCGCGCAGAGGACT-1,0.039395,0.075621,0.884984
AATCGGGACACTACGA-1,0.239557,0.46927,0.291173
AATCGGTATAGCCCTC-1,0.871577,0.052696,0.075726
AATCGTGAGCCGAGCA-1,0.128469,0.694855,0.176676
AATCTAGGTTTACTTG-1,0.150022,0.757956,0.092022
AATCTATGCCGGAGCC-1,0.017872,0.787521,0.194608
AATCTCTACTGTGGTT-1,0.065155,0.055529,0.879316
AATCTGCGTTGGGACG-1,0.002269,0.708716,0.289015
AATCTGGCTTTCTAGT-1,0.13745,0.623872,0.238678
AATCTGGGTAGACCCT-1,0.330005,0.064362,0.605633
AATGACAGCAATGTCT-1,0.000137,0.022394,0.97747
AATGACGTAGGATGTC-1,0.006994,0.731877,0.26113
AATGACTGTCAGCCGG-1,0.016462,0.124727,0.858811
AATGAGTTCGCATATG-1,0.130256,0.690532,0.179212
AATGATGATACGCTAT-1,0.000136,0.000341,0.999523
AATGATGCGACTCCTG-1,0.088227,0.582226,0.329547
AATGCAACCGGGTACC-1,0.08079,0.8276,0.09161
AATGCACCAAGCAATG-1,0.019859,0.603452,0.376689
AATGGTCCACCGTTCA-1,0.059716,0.48747,0.452814
AATGGTTCTCACAAGC-1,0.115034,0.728907,0.156059
AATGTATGGCACTGTA-1,0.188915,0.164706,0.64638
AATGTGCCCGAGGTGT-1,0.007393,0.074434,0.918174
AATGTGCTAATCTGAG-1,0.300947,0.224206,0.474847
AATGTTAAGACCCTGA-1,0.885259,0.070334,0.044407
AATGTTGTCGTGAGAC-1,0.327794,0.566291,0.105915
AATTAAAGGTCGGCGT-1,0.005725,0.144722,0.849553
AATTAACGGATTTCCA-1,0.084006,0.579212,0.336782
AATTACGAGACCCATC-1,0.223898,0.71367,0.062432
AATTACTCGTACGCTC-1,0.231087,0.145104,0.623809
AATTAGCGCTGCAGCG-1,0.098167,0.625835,0.275999
AATTATACCCAGCAAG-1,0.815004,0.012207,0.172789
AATTCATAAGGGATCT-1,0.00012,0.140761,0.85912
AATTCATTGTCATGCA-1,0.201411,0.769612,0.028976
AATTCCAAGCATGTAC-1,0.080978,0.627818,0.291204
AATTCGATTCGAGGAT-1,0.022403,0.503511,0.474086
AATTCTAGAGTTAGGC-1,0.000114,0.327745,0.672141
AATTGAACGCTCTGGT-1,0.129777,0.683948,0.186274
AATTGCAGCAATCGAC-1,0.154967,0.208515,0.636517
AATTGCGTGGATTACA-1,0.292895,0.483624,0.223481
AATTGTGGTTGCCAAA-1,0.524555,0.028321,0.447125
AATTTGGGACATAGTA-1,0.000256,0.00064,0.999104
AATTTGGTTCCAAAGA-1,0.104886,0.608591,0.286523
ACAAACCATGCGTCCT-1,0.176912,0.822497,0.00059
ACAAACCGACAAGGCG-1,0.111963,0.224411,0.663627
ACAAACTCCATCAGAG-1,0.355773,0.000125,0.644103
ACAAAGAAGGTAGGCC-1,0.129243,0.768876,0.101881
ACAAAGCATGACCTAG-1,0.129424,0.415522,0.455054
ACAAATCGCACCGAAT-1,0.000086,0.102264,0.89765
ACAAATGGTAGTGTTT-1,0.020299,0.801385,0.178315
ACAAATTCAGATCTGA-1,0.178642,0.000671,0.820687
ACAACAGCATGAGCTA-1,0.141859,0.324751,0.533391
ACAACGGTCCCTGCGA-1,0.092206,0.596129,0.311666
ACAAGCAGTGCCTAGC-1,0.233975,0.451821,0.314204
ACAAGCTATATGGAAG-1,0.213622,0.644835,0.141543
ACAAGGAAATCCGCCC-1,0.198153,0.644363,0.157484
ACAAGGACAAGAGGTT-1,0.06431,0.338893,0.596797
ACAAGGATGCTTTAGG-1,0.038674,0.391748,0.569578
ACAAGGGCAGGCTCTG-1,0.018035,0.522627,0.459338
ACAAGTAATTGTAAGG-1,0.198523,0.296777,0.5047
ACAATAGTCGTACGTT-1,0.000116,0.378249,0.621635
ACAATCCATTTAAACC-1,0.041262,0.347528,0.61121
ACAATCGATCTTTATA-1,0.052926,0.081859,0.865214
ACAATGAATACGGAGA-1,0.004283,0.240625,0.755091
ACAATGATTCTTCTAC-1,0.034513,0.000306,0.965181
ACAATTGTGTCTCTTT-1,0.113092,0.383952,0.502956
ACAATTTAGGAGGCTC-1,0.129729,0.83303,0.037241
ACAATTTGAGCAGTGG-1,0.044229,0.260393,0.695378
ACAATTTGGCCATATT-1,0.673279,0.255422,0.071299
ACACAAAGACGGGTGG-1,0.061859,0.877668,0.060472
ACACACCAGGACCAGT-1,0.029431,0.930958,0.039611
ACACACTTTCTACACG-1,0.041518,0.071896,0.886586
ACACATGATCAAATCT-1,0.000105,0.000263,0.999632
ACACATTTCCGTAGAC-1,0.403967,0.244554,0.351479
ACACCACATAATTAGC-1,0.277748,0.346192,0.37606
ACACCCAGCATGCAGC-1,0.031565,0.516535,0.4519
ACACCCGAGAAATCCG-1,0.000104,0.175398,0.824499
ACACCGAGCGCTCTTT-1,0.052368,0.000379,0.947254
ACACCGGTCTGACCGC-1,0.137989,0.81939,0.042621
ACACCTTAAGTAGGGC-1,0.071829,0.641921,0.28625
ACACCTTACTACTTGC-1,0.393491,0.571848,0.034661
ACACGAGACTCCTTCT-1,0.022852,0.385107,0.592041
ACACGGCACTATGCAT-1,0.000141,0.000352,0.999507
ACACGGGAACTTAGGG-1,0.021087,0.747499,0.231414
ACACGTAGGCCACAAG-1,0.012837,0.182008,0.805155
ACACTCCAATGTCACT-1,0.092351,0.274125,0.633524
ACACTGATCAAGGTGT-1,0.024247,0.421654,0.5541
ACACTGGGACAGTCGT-1,0.501624,0.165,0.333376
ACAGAACTGAGAACAA-1,0.077093,0.130007,0.7929
ACAGATTAGGTTAGTG-1,0.000222,0.000554,0.999224
ACAGCATAGAGCCAGT-1,0.116856,0.535947,0.347197
ACAGCGACATTCTCAT-1,0.177792,0.024025,0.798183
ACAGCGCACCCGCAGC-1,0.000172,0.000431,0.999397
ACAGGCACGGATCCTT-1,0.382243,0.535312,0.082445
ACAGGCTTGCCCGACT-1,0.003393,0.187807,0.8088
ACAGGTGGAGGTGAGG-1,0.000082,0.334336,0.665582
ACAGGTGTGTTGTTGC-1,0.302537,0.493139,0.204323
ACAGTAATACAACTTG-1,0.053559,0.718895,0.227546
ACAGTATACCGTGGGA-1,0.089595,0.000218,0.910187
ACATAAGTCGTGGTGA-1,0.066916,0.857956,0.075127
ACATAATAAGGCGGTG-1,0.000165,0.017302,0.982533
ACATACAATCAAGCGG-1,0.694068,0.300498,0.005434
ACATCAGCTGGGACGC-1,0.039331,0.108599,0.85207
ACATCCCGGCCATACG-1,0.031591,0.910756,0.057653
ACATCCTGGTAACTGT-1,0.2637,0.255244,0.481056
ACATCGATCGTTTACC-1,0.00019,0.180714,0.819096
ACATCGCAATATTCGG-1,0.907481,0.01767,0.074849
ACATCGGTCAGCCGCG-1,0.000104,0.251134,0.748763
ACATCGTATGCAATGG-1,0.000078,0.482315,0.517607
ACATCGTTAACCTAGT-1,0.000276,0.00069,0.999034
ACATCTCAACGCGTAA-1,0.00447,0.228986,0.766544
ACATGCTTACGGCAGC-1,0.61936,0.37941,0.001231
ACATGGCGCCAAAGTA-1,0.114522,0.620288,0.26519
ACATGGCTCAATTTAG-1,0.136653,0.291359,0.571989
ACATTAGTTTATATCC-1,0.0239,0.776707,0.199393
ACATTCGCGCGGAATA-1,0.611594,0.062047,0.326358
ACATTTGAAACCTAAC-1,0.797542,0.20128,0.001178
ACCAAACACCCAGCGA-1,0.009313,0.005785,0.984902
ACCAAACTAGAAATCC-1,0.000223,0.005974,0.993803
ACCAACACCACACACT-1,0.077714,0.613838,0.308448
ACCAACCGCACTCCAC-1,0.231233,0.09464,0.674126
ACCAACGCTTATTTAT-1,0.014764,0.367298,0.617939
ACCAAGAACGCGTGTC-1,0.115682,0.454193,0.430125
ACCAAGTCATCGGCAG-1,0.627046,0.372908,0.000047
ACCAATATGCAAGTTA-1,0.003148,0.045694,0.951158
ACCACAACTCAGAACA-1,0.000153,0.000381,0.999466
ACCACAAGTTTCTATC-1,0.070119,0.276317,0.653564
ACCACACGGTTGATGG-1,0.70191,0.262993,0.035096
ACCACCAATGTAACAA-1,0.121539,0.356599,0.521862
ACCACCCTCTCTTCTA-1,0.118692,0.002004,0.879304
ACCACGTGCAGCTATA-1,0.044969,0.334039,0.620992
ACCAGACCATAACAAC-1,0.148625,0.676761,0.174614
ACCAGCCCGGTCTTTG-1,0.002768,0.071681,0.92555
ACCAGGAGTGTGATCT-1,0.000341,0.000851,0.998808
ACCAGTGCCCGGTCAA-1,0.230883,0.15043,0.618687
ACCAGTGCGGGAGACG-1,0.026178,0.961072,0.01275
ACCATATCCGCAATAA-1,0.000074,0.342813,0.657113
ACCATCCGCCAACTAG-1,0.255484,0.570108,0.174408
ACCATCGTATATGGTA-1,0.06461,0.656203,0.279187
ACCATTAAGGGTGTCA-1,0.066338,0.000362,0.933301
ACCCAACGCCCGTGGC-1,0.000267,0.277871,0.721863
ACCCACCTACATGCTC-1,0.591831,0.300398,0.107771
ACCCATCTTGAGGGTA-1,0.034254,0.591044,0.374702
ACCCATTTGTCCCTCT-1,0.089735,0.032648,0.877617
ACCCGAGCGAAATTAC-1,0.002837,0.289319,0.707844
ACCCGATTGGTTCCGA-1,0.008176,0.159336,0.832488
ACCCGGAAACTCCCAG-1,0.20287,0.527605,0.269525
ACCCGGAGCACCACAA-1,0.724058,0.275905,0.000037
ACCCGGATGACGCATC-1,0.023597,0.52274,0.453663
ACCCGGTTACACTTCC-1,0.132285,0.199523,0.668192
ACCCGTAGCAGAGAAT-1,0.267441,0.27081,0.461749
ACCCGTAGTCTAGTTG-1,0.579761,0.004876,0.415363
ACCCGTGTCATCAGTA-1,0.105938,0.613091,0.280971
ACCCTATAGGACTGAG-1,0.000129,0.000322,0.999549
ACCCTATGCCATATCG-1,0.067127,0.670562,0.26231
ACCCTCCCGTCAGGGC-1,0.299069,0.486472,0.214459
ACCCTCCCTTGCTATT-1,0.053029,0.379621,0.56735
ACCCTGGTAACGCCCT-1,0.079069,0.000132,0.920799
ACCCTTCATCTGCGAA-1,0.000154,0.017295,0.98255
ACCCTTTAGTTCTCCA-1,0.093995,0.000626,0.905379
ACCGAAAGGGCCCTGC-1,0.309574,0.233805,0.45662
ACCGAAGAGTCTGGTT-1,0.218282,0.686623,0.095095
ACCGACACATCTCCCA-1,0.211245,0.5217,0.267056
ACCGACTGAGTCCCAC-1,0.075189,0.606078,0.318733
ACCGAGTCTCCTTATT-1,0.365205,0.419394,0.2154
ACCGATAGGCATAACC-1,0.388862,0.232513,0.378625
ACCGATATTTAATCAT-1,0.418864,0.427903,0.153233
ACCGATGGTAGCATCG-1,0.047047,0.770248,0.182705
ACCGCAATAACTGCCT-1,0.029781,0.344192,0.626027
ACCGCGGTGGAAGTCG-1,0.000963,0.221234,0.777803
ACCGCTAGTCATTGGT-1,0.68698,0.247979,0.065041
ACCGGGCCTTTGTTGA-1,0.175734,0.697327,0.126938
ACCGGTCAGGTACACC-1,0.052518,0.473966,0.473516
ACCGGTCTGAGTACGG-1,0.278407,0.000267,0.721326
ACCGTCCACTGGGCCC-1,0.364459,0.491634,0.143907
ACCGTGACCACGTGGG-1,0.000096,0.265017,0.734887
ACCGTTCCCGCTCTGA-1,0.03571,0.000544,0.963746
ACCTAAGTACCTTTCA-1,0.011441,0.1478,0.840759
ACCTAATCGACTTCCT-1,0.14919,0.648611,0.202199
ACCTACAGTATGTGGT-1,0.273478,0.626491,0.100031
ACCTACTATAAATCTA-1,0.034262,0.086246,0.879492
ACCTCAGCGAGGCGCA-1,0.545631,0.447461,0.006909
ACCTCCGCCCTCGCTG-1,0.182264,0.425898,0.391838
ACCTCCGTTATTCACC-1,0.112928,0.829431,0.05764
ACCTCGAACTTATGCT-1,0.305773,0.665806,0.028421
ACCTGCGTGTCATGTT-1,0.126102,0.586983,0.286914
ACGAAATGGGCGGCAC-1,0.103223,0.748459,0.148318
ACGACCCATGAGTTGC-1,0.568032,0.212067,0.219901
ACGACTCTAGGGCCGA-1,0.45627,0.542516,0.001215
ACGACTGGTCATACTC-1,0.085784,0.478768,0.435448
ACGAGAACCCATCACG-1,0.085828,0.16381,0.750362
ACGAGATATTTGCTTA-1,0.000163,0.000408,0.999428
ACGAGGATACCACTCT-1,0.328852,0.63019,0.040958
ACGAGGTTTACAACGT-1,0.285787,0.432125,0.282088
ACGAGTACGGATGCCC-1,0.000789,0.109237,0.889974
ACGATACATAGAACTA-1,0.081371,0.438987,0.479641
ACGATACCTATCCTGA-1,0.196496,0.581808,0.221696
ACGATCATACATAGAG-1,0.018511,0.58055,0.400939
ACGATCATCTTGTAAA-1,0.020307,0.35361,0.626082
ACGATGCATATGTTAT-1,0.000093,0.241745,0.758161
ACGATGGATCCGATGC-1,0.045185,0.315408,0.639406
ACGCAAACTAATAGAT-1,0.263597,0.215493,0.52091
ACGCAATCACTACAGC-1,0.011485,0.519984,0.468532
ACGCATAAATGACATG-1,0.413068,0.000146,0.586786
ACGCATACGTTTACTA-1,0.189504,0.116027,0.694469
ACGCATTCGTGAGTAC-1,0.008445,0.801219,0.190336
ACGCCACTCGAAACAG-1,0.592393,0.000115,0.407492
ACGCCAGATGATTTCT-1,0.000097,0.42389,0.576013
ACGCCAGTGCGTTTGC-1,0.806358,0.193608,0.000034
ACGCCCAGCTGTCGAT-1,0.000064,0.269263,0.730673
ACGCCGCTAGACGACC-1,0.084847,0.912485,0.002668
ACGCGAAGTCAGACGA-1,0.172604,0.587897,0.239499
ACGCGCTACACAGGGT-1,0.133443,0.858203,0.008354
ACGCGGGCCAAGGACA-1,0.003232,0.336008,0.66076
ACGCGTTTCTTAAGAG-1,0.05243,0.738732,0.208838
ACGCTACTGAATGGGC-1,0.746723,0.003272,0.250006
ACGCTAGTGATACACT-1,0.000138,0.117974,0.881888
ACGCTGTGAGGCGTAG-1,0.000147,0.404852,0.595
ACGCTTAGTGTCTCTC-1,0.033502,0.269067,0.697431
ACGGAACACGAGTGCC-1,0.744704,0.242412,0.012884
ACGGAATTTAGCAAAT-1,0.052686,0.602129,0.345185
ACGGACGCAGCGACAA-1,0.62097,0.163068,0.215962
ACGGACTCTCAAAGCG-1,0.03143,0.434492,0.534078
ACGGAGCGCAAATTAC-1,0.000132,0.00033,0.999538
ACGGATGGTGCGGATA-1,0.00014,0.171881,0.827979
ACGGCACTTGCTTGGG-1,0.013089,0.810828,0.176083
ACGGCCAACATGGACT-1,0.100012,0.613734,0.286253
ACGGCGACGATGGGAA-1,0.131505,0.358117,0.510378
ACGGCGGGTTGCCCTG-1,0.080456,0.000274,0.91927
ACGGCTGGATGTAGAA-1,0.028536,0.299821,0.671643
ACGGGAGTGTCGGCCC-1,0.171745,0.818628,0.009628
ACGGGCGTATGCGACA-1,0.249285,0.589634,0.161081
ACGGGTCATGTGACTT-1,0.004851,0.007653,0.987496
ACGGGTTGTGACCTGT-1,0.516846,0.324406,0.158748
ACGGTACAGTTCAATG-1,0.45732,0.401175,0.141505
ACGGTCACCGAGAACA-1,0.482285,0.000134,0.51758
ACGTACAGATTTCTCT-1,0.213481,0.628029,0.15849
ACGTACTTTGGCACGG-1,0.000113,0.020945,0.978942
ACGTAGATTGCTGATG-1,0.032435,0.648818,0.318747
ACGTAGGAGAGTCGCT-1,0.188673,0.413922,0.397405
ACGTATTACTCCGATC-1,0.000078,0.234292,0.76563
ACGTCGGGCAACTCGG-1,0.548983,0.428663,0.022353
ACGTCTCGTTCCGGGA-1,0.077674,0.680563,0.241763
ACGTGACAAAGTAAGT-1,0.357,0.642951,0.00005
ACGTGCGCCTCGTGCA-1,0.000177,0.027023,0.9728
ACGTGGTCGAATGTGC-1,0.036253,0.277263,0.686484
ACGTTAATGTCGAAGA-1,0.029519,0.946369,0.024112
ACGTTAGATTTGCCCG-1,0.011361,0.773056,0.215582
ACGTTATTGGTCACTC-1,0.093514,0.418977,0.487509
ACGTTCACTATGCCGC-1,0.3202,0.094785,0.585015
ACGTTCCGCGCTCCGT-1,0.065925,0.095281,0.838794
ACGTTCGCAATCAATT-1,0.000107,0.131953,0.86794
ACGTTCGTTCAGGAAA-1,0.141999,0.569382,0.288619
ACGTTCTGTACAAGTC-1,0.129013,0.457446,0.413541
ACGTTGTCGTTGAAAG-1,0.435898,0.02175,0.542352
ACGTTTAGTTGTGATC-1,0.000205,0.000514,0.999281
ACGTTTCGGTGCACTT-1,0.80939,0.123953,0.066657
ACTAATACGTCAGGCG-1,0.871827,0.000611,0.127562
ACTACAAAGAGAGGTG-1,0.267514,0.073346,0.65914
ACTACATCCCGACAAG-1,0.129814,0.778842,0.091344
ACTACCAGCTCTCTGG-1,0.101514,0.752326,0.14616
ACTACCATCCGAGGGC-1,0.644717,0.116174,0.239108
ACTACGCGTTAGAATT-1,0.180953,0.562185,0.256861
ACTAGTTGCGATCGTC-1,0.01139,0.315116,0.673494
ACTATATGCTGTGTTC-1,0.000252,0.000631,0.999117
ACTATCCAGGGCATGG-1,0.108229,0.217967,0.673804
ACTATCTGCCCGCGTA-1,0.164833,0.795619,0.039549
ACTATGTCCAGCTGCC-1,0.160024,0.493475,0.346502
ACTATTCGTCCGTGGT-1,0.035802,0.194378,0.769821
ACTATTTCCGGGCCCA-1,0.077453,0.767814,0.154734
ACTCAACGAATGTATT-1,0.118469,0.152774,0.728757
ACTCAAGTGCAAGGCT-1,0.217087,0.68031,0.102603
ACTCAATAAAGGCACG-1,0.092636,0.681738,0.225626
ACTCAGACCTGCTTCT-1,0.238363,0.429829,0.331808
ACTCATGGCAGCCTTC-1,0.284787,0.33334,0.381873
ACTCCAATATCATCAT-1,0.141649,0.454676,0.403676
ACTCCCATTCCTAAAG-1,0.137889,0.748841,0.11327
ACTCCCGAATTCGTTT-1,0.00015,0.003149,0.996702
ACTCCCGTAGACTAGG-1,0.000368,0.00092,0.998712
ACTCCCTAATGCTAAA-1,0.149558,0.413082,0.43736
ACTCCCTAGAATAGTA-1,0.032326,0.156546,0.811128
ACTCCGGCCGACCACT-1,0.353242,0.517577,0.129182
ACTCGATGTATTTCAT-1,0.127872,0.63603,0.236098
ACTCGCCGTTCGATAA-1,0.508647,0.449635,0.041718
ACTCGCGATCTGACGC-1,0.400705,0.027905,0.57139
ACTCGTAACCCGTCCT-1,0.071504,0.253214,0.675282
ACTCGTCAGTAATCCC-1,0.012981,0.387857,0.599162
ACTCTAAACCTGGGAT-1,0.151013,0.358621,0.490366
ACTCTCTGACTTAGGT-1,0.006518,0.361219,0.632263
ACTCTCTTATACACGA-1,0.000241,0.000601,0.999158
ACTCTGACCTAATAGA-1,0.183051,0.543085,0.273864
ACTCTTCAGCTCCCGC-1,0.903584,0.096246,0.00017
ACTCTTGTATAGTAAC-1,0.006208,0.595962,0.39783
ACTGAAACGCCGTTAG-1,0.136575,0.131465,0.73196
ACTGAATGGCGAAAGT-1,0.000035,0.768935,0.23103
ACTGATTTAGTGATTC-1,0.010011,0.230599,0.75939
ACTGCCCGCCATTCTC-1,0.173602,0.227025,0.599373
ACTGCCGTCGTAACTC-1,0.000166,0.000414,0.99942
ACTGCGGACACACCGT-1,0.394184,0.04656,0.559255
ACTGCTCGGAAGGATG-1,0.054229,0.71639,0.229381
ACTGGGATGCCAGTGC-1,0.399224,0.000201,0.600575
ACTGTACGATACACAT-1,0.017873,0.607495,0.374633
ACTGTAGCACTTTGGA-1,0.291968,0.546275,0.161757
ACTGTATACGCGAGCA-1,0.144178,0.563432,0.292391
ACTGTCCAGGATTATA-1,0.014377,0.728502,0.257121
ACTGTCTTCTTTAGAA-1,0.017648,0.221454,0.760898
ACTGTGCTAGTAGATC-1,0.197108,0.529074,0.273817
ACTGTTTAGTGTAGGC-1,0.000316,0.000789,0.998895
ACTTACCGGGCGCGCA-1,0.000122,0.000305,0.999573
ACTTACGCATCCACGC-1,0.149602,0.507321,0.343077
ACTTAGTACGACAAGA-1,0.102266,0.532375,0.365358
ACTTATACTTACCCGG-1,0.000134,0.178834,0.821032
ACTTATCTGATCTATA-1,0.176386,0.161096,0.662518
ACTTATTAGGATCGGT-1,0.000103,0.201375,0.798522
ACTTATTTATGTGCCA-1,0.040324,0.882748,0.076927
ACTTCAGGCTGATCCC-1,0.002634,0.224297,0.773068
ACTTCCAGTGGAAGCT-1,0.185557,0.52893,0.285512
ACTTCCATGCGGGACA-1,0.236258,0.151565,0.612176
ACTTCGCCATACGCAC-1,0.000139,0.192986,0.806875
ACTTCGCTAGCGAGTG-1,0.24302,0.475056,0.281924
ACTTGACTCCCTCTTT-1,0.084606,0.587289,0.328105
ACTTGCCATATTGTAC-1,0.000282,0.000706,0.999012
ACTTGCTCTATCTACC-1,0.760911,0.237354,0.001735
ACTTGGGACCCGGTGG-1,0.00012,0.135995,0.863885
ACTTGGGCTTTCGCCA-1,0.363286,0.179014,0.4577
ACTTGTAGTCCCTTCA-1,0.202472,0.462997,0.334531
ACTTGTGGATGGAACG-1,0.282532,0.460913,0.256555
ACTTGTTACCGGATCA-1,0.512057,0.187878,0.300065
ACTTTACCCTCATGAA-1,0.188405,0.714791,0.096803
ACTTTATACACCACTT-1,0.693321,0.127885,0.178793
ACTTTCCTATAGCTTC-1,0.003054,0.352699,0.644247
ACTTTGACTGCATCCT-1,0.12256,0.473813,0.403628
ACTTTGGTCGTGCTCC-1,0.141961,0.472441,0.385598
ACTTTGTCGACGCACT-1,0.238417,0.15048,0.611103
AGAAATTATGACTCGC-1,0.201062,0.527528,0.271409
AGAACACGGCGATGGT-1,0.566016,0.126952,0.307032
AGAACCCAGCGTGACA-1,0.243457,0.213687,0.542856
AGAACCCTCAATTGGG-1,0.218873,0.43253,0.348598
AGAACGTGGTACATTC-1,0.039699,0.954981,0.00532
AGAACTGTACTTTGTA-1,0.791844,0.054429,0.153728
AGAAGAGCGCCGTTCC-1,0.16129,0.830217,0.008492
AGAAGGTACACTTCAC-1,0.099865,0.375262,0.524873
AGAAGGTTGCCGAATT-1,0.119234,0.545758,0.335008
AGAAGGTTGTAGGTCG-1,0.090608,0.594623,0.314768
AGAAGTGATTCGTGAT-1,0.00012,0.330851,0.669029
AGAATAAATCTTCAGG-1,0.064982,0.142882,0.792136
AGAATACAGGCTATCC-1,0.788777,0.069297,0.141926
AGAATGCGGGTTCGGA-1,0.473338,0.00084,0.525821
AGAATTATGGATTCGA-1,0.012841,0.330744,0.656415
AGAATTGTTTGACATA-1,0.078205,0.725855,0.19594
AGACAGCTCAGAATCC-1,0.001485,0.164235,0.834279
AGACAGGCATCTCAGC-1,0.626746,0.372439,0.000815
AGACATAGATCCTTCC-1,0.03064,0.000387,0.968973
AGACCAAACCACACCT-1,0.210123,0.62356,0.166317
AGACCATGGGATACAA-1,0.141604,0.773925,0.084471
AGACCCACCGCTGATC-1,0.024665,0.741379,0.233955
AGACCCGCCCTCCTCG-1,0.140784,0.779347,0.079868
AGACCGCTCCGCGGTT-1,0.221018,0.638812,0.140171
AGACCGGGAAACCCTG-1,0.122909,0.693129,0.183961
AGACGAAGTGCCGGTC-1,0.141331,0.434452,0.424217
AGACGACGATGCCGCT-1,0.191534,0.324775,0.483692
AGACGCCCACTTCGCC-1,0.413905,0.483513,0.102582
AGACGGGATTGGTATA-1,0.399631,0.000656,0.599713
AGACGGGCCGATTTAA-1,0.325615,0.000566,0.673819
AGACTAGCCTTCCAGA-1,0.000161,0.004006,0.995833
AGACTGTTACCGGGTC-1,0.180539,0.595927,0.223534
AGAGAAACACCAGAAA-1,0.015471,0.180813,0.803717
AGAGAACCGTCTAGGA-1,0.077804,0.224321,0.697876
AGAGAAGGAGTACAAT-1,0.179085,0.307428,0.513487
AGAGATCTCTAAAGCG-1,0.14416,0.762922,0.092918
AGAGCAGTTATGAGAC-1,0.119772,0.339547,0.540681
AGAGCCGCCGAGATTT-1,0.215128,0.718784,0.066088
AGAGCGCTTGTAACGG-1,0.093322,0.150378,0.7563
AGAGCGGGCTAATCAT-1,0.000175,0.005382,0.994443
AGAGCGTACAAGCTCG-1,0.056804,0.895055,0.048142
AGAGCTACGAAAGCAT-1,0.033708,0.000313,0.965979
AGAGGCTTCGGAAACC-1,0.103697,0.750919,0.145383
AGAGGTATCTCGGTCC-1,0.052576,0.000397,0.947027
AGAGTAAACTTCACTA-1,0.075182,0.221962,0.702857
AGAGTATAGTGTTACG-1,0.230947,0.541045,0.228008
AGAGTCTTAATGAAAG-1,0.632949,0.097208,0.269843
AGAGTTAGAGACCGAT-1,0.255391,0.125106,0.619502
AGATAACTTCAGGGCC-1,0.033633,0.635335,0.331032
AGATAATCACACCTAT-1,0.168137,0.000216,0.831647
AGATACCAATAGAACC-1,0.2994,0.396605,0.303996
AGATACCAGCACTTCA-1,0.142157,0.000496,0.857347
AGATACCGGTGTTCAC-1,0.011159,0.450921,0.53792
AGATACGACTTCATAT-1,0.103134,0.867154,0.029713
AGATACTCAAGATCGA-1,0.00084,0.937657,0.061503
AGATATAATACGACTA-1,0.008842,0.412568,0.57859
AGATCGTGCATAAGAT-1,0.000074,0.268222,0.731704
AGATCTCAGGTGTGAT-1,0.21479,0.281081,0.504128
AGATCTGGAGAGGATA-1,0.453027,0.399287,0.147686
AGATGACTCGCCCACG-1,0.081763,0.455859,0.462378
AGATGAGGGTTGCGAT-1,0.000205,0.000511,0.999284
AGATGATGGAGTCTGG-1,0.000178,0.146518,0.853304
AGATGCAAGACGTGCA-1,0.153721,0.748353,0.097926
AGATGCATCCTGTGTC-1,0.011563,0.551977,0.43646
AGATGCTATAACGAGC-1,0.325883,0.00809,0.666026
AGATTATAGGACGTTT-1,0.119076,0.8052,0.075724
AGATTCACAACCGATA-1,0.050852,0.843165,0.105983
AGCAAAGGCCGCTAGT-1,0.059863,0.445234,0.494904
AGCAACATATCTTATT-1,0.113632,0.553381,0.332986
AGCAACCGAAAGTAAT-1,0.098833,0.335007,0.56616
AGCACACGTTTAGACT-1,0.079861,0.189503,0.730636
AGCACCAGTACTCACG-1,0.029948,0.574597,0.395455
AGCACTACCGGCCTGT-1,0.149034,0.616349,0.234617
AGCACTACCTCACCAG-1,0.15543,0.699544,0.145026
AGCACTTAAGGACGCC-1,0.010227,0.320374,0.669398
AGCAGAAGGAGAAAGA-1,0.13332,0.305456,0.561224
AGCAGCCAGATGAATA-1,0.000074,0.455358,0.544568
AGCAGTCGAAGCATGC-1,0.785018,0.204164,0.010818
AGCATATCAATATGCT-1,0.108006,0.612196,0.279798
AGCATCATTTCGAAAG-1,0.064727,0.828699,0.106574
AGCATCGTCGATAATT-1,0.078891,0.06083,0.860279
AGCATTACGAGGCAAG-1,0.345274,0.425613,0.229113
AGCCAAGCTTTGTGTC-1,0.00009,0.480709,0.5192
AGCCACAGGTTACCCG-1,0.123364,0.673336,0.2033
AGCCACTCCCGTGCTT-1,0.125335,0.493095,0.38157
AGCCATATAGTATGTG-1,0.168082,0.077893,0.754025
AGCCCATACATGTAAG-1,0.132128,0.856881,0.01099
AGCCCGCAACAAGCAG-1,0.36991,0.44209,0.188
AGCCCGCACTACAATG-1,0.786146,0.194399,0.019455
AGCCCGGCATTAGAGG-1,0.119393,0.769522,0.111085
AGCCCGGTAGCCTGTA-1,0.27459,0.632144,0.093265
AGCCCTAAGCGAAGTT-1,0.006232,0.662123,0.331645
AGCCCTCCCTGGTGGC-1,0.017928,0.072325,0.909747
AGCCCTGTCGCACCGT-1,0.489096,0.018992,0.491912
AGCCCTTCTAATCCGA-1,0.000066,0.163679,0.836255
AGCCCTTGGACATCCC-1,0.536463,0.167868,0.295668
AGCCGCAAATTCAAAT-1,0.009546,0.317582,0.672872
AGCCGTGGCTAAATGT-1,0.088013,0.736428,0.175559
AGCCTAATACCCACGT-1,0.111379,0.620815,0.267806
AGCCTTAAAGCGGAAG-1,0.036217,0.891044,0.07274
AGCCTTGTCACTGATA-1,0.333983,0.238126,0.427891
AGCGACAGGAACGGTC-1,0.047044,0.632637,0.320319
AGCGACATCCCATTCA-1,0.000174,0.005692,0.994135
AGCGACCAACGATATT-1,0.000084,0.584233,0.415683
AGCGACTTTGAAGACA-1,0.67478,0.001043,0.324177
AGCGAGACGTGAAGGC-1,0.216534,0.628843,0.154624
AGCGATGCGCCTAATA-1,0.176532,0.554522,0.268946
AGCGCATAATGAATCG-1,0.000082,0.361529,0.638388
AGCGCGGGTGCCAATG-1,0.032686,0.242914,0.7244
AGCGCTAGAGCGATGT-1,0.319853,0.26288,0.417266
AGCGCTTATGGGCAAG-1,0.214398,0.150737,0.634864
AGCGGACACTTCGTAG-1,0.092389,0.172509,0.735102
AGCGGCGGTTAGCGGT-1,0.049452,0.50438,0.446168
AGCGGGAAGGGTCCAT-1,0.048313,0.618681,0.333006
AGCGGGTCTGACACTC-1,0.152199,0.589694,0.258107
AGCGGTTGCCGCTCTG-1,0.007435,0.046348,0.946216
AGCGTACGAGAGCTAG-1,0.061622,0.02918,0.909198
AGCGTCTGAACCCGCA-1,0.072012,0.005038,0.92295
AGCGTGGTATTCTACT-1,0.061894,0.385235,0.552871
AGCGTTCCGATTTAAA-1,0.141328,0.194148,0.664523
AGCTAACAAGCAATGT-1,0.099392,0.585208,0.315401
AGCTAAGCTCCGTCCG-1,0.256581,0.000243,0.743176
AGCTAAGTACGCAGGC-1,0.113976,0.754562,0.131462
AGCTACGAATGGTGGT-1,0.566393,0.010084,0.423522
AGCTAGAAGCAGAAGT-1,0.064965,0.183711,0.751325
AGCTATTTAATCCAAC-1,0.066037,0.831063,0.1029
AGCTCCATATATGTTC-1,0.201323,0.366695,0.431982
AGCTCCTTCGCACATC-1,0.185382,0.177481,0.637137
AGCTCTAGACGTTCCA-1,0.057528,0.414917,0.527555
AGCTCTTCCCAGTGCA-1,0.000147,0.000368,0.999485
AGCTCTTCGTAACCTT-1,0.346292,0.241563,0.412145
AGCTCTTTACTCAGTT-1,0.000141,0.024572,0.975287
AGCTGAAGTAAACCAA-1,0.011507,0.338228,0.650265
AGCTGTAACCTCAATC-1,0.121437,0.565496,0.313066
AGCTTATAGAGACCTG-1,0.001966,0.125811,0.872224
AGCTTCTTCTCGAGCA-1,0.003353,0.323865,0.672782
AGCTTGATCAGGGTAG-1,0.509928,0.178549,0.311523
AGCTTGATCTTAACTT-1,0.185932,0.600166,0.213902
AGGAACGAACGACTTC-1,0.828002,0.022996,0.149001
AGGAAGCTGTCCGCCG-1,0.070333,0.74531,0.184357
AGGACAGTCGAATCCC-1,0.007948,0.723442,0.26861
AGGACATCGCACGTCG-1,0.000169,0.000424,0.999407
AGGACATCGGCACACT-1,0.666908,0.000094,0.332997
AGGACGACCCATTAGA-1,0.046918,0.024534,0.928548
AGGACGCTCGATGTTG-1,0.010859,0.521088,0.468053
AGGACTTATAGGAGAA-1,0.176228,0.246191,0.57758
AGGAGACATCCACAGT-1,0.008642,0.000211,0.991147
AGGAGAGTCTGGCTAC-1,0.017589,0.286417,0.695994
AGGAGCGTTTATTATC-1,0.554179,0.108182,0.337639
AGGAGGCCTTCGCGCG-1,0.148337,0.479748,0.371915
AGGATAAAGTCGGGAT-1,0.000194,0.35212,0.647686
AGGATATAGGGATTTA-1,0.137864,0.290285,0.571851
AGGATATCCGACTGCA-1,0.364138,0.329176,0.306686
AGGATCACGCGATCTG-1,0.049958,0.312251,0.63779
AGGATTGCTTACGACA-1,0.164453,0.523951,0.311596
AGGCAAAGAGGAATCA-1,0.196744,0.170246,0.633009
AGGCACGTGACTGTCC-1,0.18798,0.219273,0.592747
AGGCAGATGCGTAAAC-1,0.026779,0.921856,0.051365
AGGCAGGGAGCGTACT-1,0.092548,0.504763,0.402689
AGGCATTGTCGTAGGG-1,0.259284,0.618186,0.122531
AGGCCACATTGGTTAC-1,0.753387,0.246578,0.000035
AGGCCACCCGTTATGA-1,0.134704,0.808335,0.056962
AGGCCCAGTGACTGGT-1,0.108359,0.000382,0.891259
AGGCCCATTGTACAGG-1,0.050365,0.242951,0.706683
AGGCCCTAGAACGCCA-1,0.060348,0.846417,0.093235
AGGCCTATCATACCAA-1,0.757179,0.057417,0.185404
AGGCCTGAGAATCTCG-1,0.098362,0.798409,0.103229
AGGCGATAACTGGCGT-1,0.236636,0.120923,0.64244
AGGCGGTTTGTCCCGC-1,0.146134,0.515919,0.337946
AGGCGTCTATGGACGG-1,0.026776,0.422304,0.55092
AGGCTATGGTTAGCTT-1,0.048365,0.095451,0.856183
AGGCTTAAGTTGCACA-1,0.217015,0.000214,0.782771
AGGCTTCCCGAAGAAG-1,0.107024,0.701875,0.191101
AGGCTTGCTAGACACC-1,0.000191,0.000477,0.999333
AGGGAAACGAGGTACT-1,0.000112,0.000279,0.99961
AGGGACAGCACGGCGG-1,0.000135,0.000339,0.999526
AGGGACCGGCTGCGTT-1,0.134803,0.392068,0.473128
AGGGACTCTACGCGAC-1,0.16923,0.607169,0.223601
AGGGAGACATACTTCG-1,0.007946,0.584707,0.407347
AGGGCAGCGGCGTGGT-1,0.000346,0.000864,0.99879
AGGGCCCTAATGTTCT-1,0.829937,0.130191,0.039872
AGGGCGAGCAGCTGAT-1,0.114934,0.386427,0.498639
AGGGCGTGATCGGCTA-1,0.000153,0.290539,0.709308
AGGGCTGCAGTTACAG-1,0.037236,0.409219,0.553545
AGGGTCAGAGCACTCG-1,0.018331,0.228175,0.753494
AGGGTCAGTAACCCTA-1,0.057562,0.000204,0.942234
AGGGTCGATGCGAACT-1,0.000134,0.058811,0.941055
AGGGTCTGGACGCAGT-1,0.941817,0.002112,0.056071
AGGGTGCCGTTCTTTA-1,0.071979,0.336022,0.591999
AGGGTGCTCTCGAGGG-1,0.050858,0.685934,0.263208
AGGGTGGATAGTGCAT-1,0.046124,0.160875,0.793
AGGGTTCAGACGGTCC-1,0.317609,0.007879,0.674512
AGGGTTCCCTTTGGTT-1,0.000131,0.090018,0.909851
AGGGTTTAGTTCGGGA-1,0.000091,0.35148,0.648429
AGGTAACCTCCTATTC-1,0.059412,0.005374,0.935214
AGGTACGATATTGCCA-1,0.000069,0.265251,0.73468
AGGTAGATCGAGATAT-1,0.123461,0.290055,0.586484
AGGTAGGTACAAAGCT-1,0.112767,0.754703,0.13253
AGGTATAATTGATAGT-1,0.11942,0.19294,0.68764
AGGTATGCGGACATTA-1,0.704444,0.166403,0.129153
AGGTCAGGTGAGAGTG-1,0.008099,0.688528,0.303372
AGGTCGCCTCCCAACA-1,0.441039,0.146352,0.412609
AGGTCGCGGAGTTACT-1,0.000237,0.000593,0.999169
AGGTGCACGTCCACAT-1,0.541459,0.338474,0.120068
AGGTGGTGACCTTCGC-1,0.081093,0.909883,0.009024
AGGTGTATCGCCATGA-1,0.101548,0.775519,0.122933
AGGTGTTGCCGACCAC-1,0.647827,0.135095,0.217078
AGGTTACACCATGCCG-1,0.220312,0.637315,0.142373
AGGTTCTCCTTTCCGG-1,0.247884,0.167203,0.584912
AGGTTGAGGCACGCTT-1,0.029967,0.076133,0.8939
AGGTTTCACACACCTT-1,0.000152,0.093967,0.905882
AGTAACGTTCATCCTG-1,0.711284,0.000539,0.288177
AGTAACTATAGCAGCC-1,0.857127,0.126138,0.016736
AGTAAGGGACAGAATC-1,0.581392,0.260126,0.158482
AGTAATCTAAGGGTGG-1,0.670817,0.188981,0.140202
AGTAATGTCTTGCCGC-1,0.122737,0.159261,0.718002
AGTAATTTGCAAGCGT-1,0.786803,0.213153,0.000044
AGTACAGAAGCTTATA-1,0.042859,0.371753,0.585388
AGTACATCATTTATCA-1,0.034452,0.859462,0.106087
AGTACCTTCGAGTGCT-1,0.100019,0.220732,0.679249
AGTACGGCCCGTATCG-1,0.000096,0.06022,0.939684
AGTACGGGCACCTGGC-1,0.000152,0.013213,0.986635
AGTACGTGGCCTGTCT-1,0.17209,0.123132,0.704777
AGTACTCTTATGCCCA-1,0.112658,0.556996,0.330346
AGTAGAAGGCGCCTCA-1,0.022357,0.460611,0.517032
AGTAGCTAGACGCCGA-1,0.093696,0.215887,0.690417
AGTAGGAAGGAAGTTG-1,0.087243,0.344606,0.56815
AGTAGGTAACATACAT-1,0.070528,0.754828,0.174645
AGTATAATACTAGGCA-1,0.000138,0.044446,0.955416
AGTATACACAGCGACA-1,0.06016,0.417742,0.522099
AGTATGCTGGAGACCA-1,0.100566,0.567505,0.331928
AGTATTTGGCACGACC-1,0.142605,0.685677,0.171718
AGTCAAATGATGTGAT-1,0.055887,0.068122,0.87599
AGTCAACACCACCATC-1,0.009657,0.162169,0.828173
AGTCAAGATGACACTT-1,0.000067,0.636479,0.363455
AGTCACTAGCTCTCGA-1,0.142295,0.857651,0.000054
AGTCACTCCGCCTCAT-1,0.098206,0.01136,0.890434
AGTCAGCCACCGCCTG-1,0.026529,0.277198,0.696273
AGTCCATTGGCTGATG-1,0.033711,0.511613,0.454676
AGTCCCGCCTTTAATT-1,0.022995,0.541182,0.435824
AGTCCCTCGCAGAAAG-1,0.00665,0.114776,0.878573
AGTCGAAACGATTCAG-1,0.490151,0.506471,0.003379
AGTCGAATTAGCGTAA-1,0.431192,0.118587,0.450221
AGTCGACGGTCTCAAG-1,0.274102,0.703864,0.022034
AGTCGGCCCAAACGAC-1,0.08929,0.707264,0.203446
AGTCGGCTCAACTTTA-1,0.05549,0.426194,0.518316
AGTCGGTTGCGTGAGA-1,0.138306,0.373874,0.48782
AGTCGTATAAAGCAGA-1,0.068615,0.549435,0.38195
AGTCGTCGACCACCAA-1,0.070385,0.043775,0.88584
AGTCGTGGGCATTACG-1,0.090194,0.344699,0.565107
AGTCTAAAGTATACTC-1,0.120203,0.24501,0.634787
AGTCTCACAAGACTAC-1,0.107105,0.398479,0.494416
AGTCTGGACATCCTTG-1,0.027438,0.36834,0.604222
AGTCTTCTCCTCAAAT-1,0.059255,0.375149,0.565597
AGTCTTTAAAGTGTCC-1,0.115118,0.518176,0.366706
AGTGAACAAACTTCTC-1,0.254823,0.475421,0.269756
AGTGAAGATGGTGTCC-1,0.000278,0.179845,0.819878
AGTGACCTACTTTACG-1,0.000114,0.225468,0.774418
AGTGACTGTGACACAA-1,0.193288,0.750914,0.055798
AGTGAGACTTCCAGTA-1,0.205594,0.536807,0.257599
AGTGAGCCTCGCCGCC-1,0.071615,0.840765,0.087619
AGTGAGGGTTTCTGAC-1,0.000173,0.000433,0.999394
AGTGAGTCGAATTAAC-1,0.353372,0.164599,0.482029
AGTGATAACCTGCGCG-1,0.049376,0.637281,0.313343
AGTGATATGAGTAGTT-1,0.122929,0.809866,0.067206
AGTGATTCAAGCAGGA-1,0.178001,0.570729,0.25127
AGTGCACGCTTAAGAA-1,0.207811,0.330057,0.462132
AGTGCGTAGCTCGTAA-1,0.000115,0.011329,0.988557
AGTGCTAAACACAGCA-1,0.077825,0.178177,0.743999
AGTGCTTGCACGAATA-1,0.004702,0.715003,0.280295
AGTGGCCCGCAAATGG-1,0.665863,0.291868,0.04227
AGTGGCGGCAATTTGA-1,0.027835,0.678147,0.294018
AGTGGCGTCTGAAGGT-1,0.178907,0.673576,0.147517
AGTGGCTCCGTCGGCC-1,0.032406,0.24476,0.722834
AGTGGTGTTACCCGTG-1,0.160244,0.775692,0.064064
AGTGGTTGCGTATAGG-1,0.065306,0.487828,0.446866
AGTGTATTGCGCATTG-1,0.016662,0.172898,0.81044
AGTGTGCTAAGATCGC-1,0.095373,0.00039,0.904236
AGTGTGGTCTATTGTG-1,0.000256,0.000641,0.999102
AGTTAAACACTTGCGA-1,0.10111,0.676678,0.222212
AGTTAAGCGGTCCCGG-1,0.25143,0.311053,0.437517
AGTTAAGTCAACCGCT-1,0.161731,0.115806,0.722463
AGTTACCCTTAAGACT-1,0.016701,0.433792,0.549507
AGTTACCGCACATGGT-1,0.009152,0.108234,0.882614
AGTTACTCTATCGTGG-1,0.000052,0.239141,0.760807
