Barcode,Topic 1,Topic 2to4,Topic 5to7,Topic 8,Topic 9to10
AAACAACGAATAGTTC-1,0.000018,0.095464,0.690684,0.000018,0.213815
AAACAAGTATCTCCCA-1,0.000031,0.441745,0.22388,0.085696,0.248649
AAACAATCTACTAGCA-1,0.024375,0.251989,0.482417,0.000107,0.241112
AAACACCAATAACTGC-1,0.120261,0.177821,0.241785,0.01606,0.444073
AAACAGAGCGACTCCT-1,0.091008,0.184201,0.359155,0.028659,0.336977
AAACAGCTTTCAGAAG-1,0.279143,0.000125,0.265859,0.333722,0.121152
AAACAGGGTCTATATT-1,0.03475,0.017539,0.434831,0.312336,0.200545
AAACAGTGTTCCTGGG-1,0.000015,0.387366,0.143352,0.139786,0.329481
AAACATGGTGAGAGGA-1,0.284804,0.42685,0.091268,0.196912,0.000167
AAACATTTCCCGGATT-1,0.000044,0.246477,0.449945,0.251766,0.051769
AAACCACTACACAGAT-1,0.780073,0.045797,0.16724,0.00064,0.006249
AAACCCGAACGAAATC-1,0.058104,0.481974,0.236757,0.138735,0.084431
AAACCGGAAATGTTAA-1,0.51284,0.220559,0.122898,0.132367,0.011335
AAACCGGGTAGGTACC-1,0.000039,0.010231,0.500733,0.155108,0.333889
AAACCGTTCGTCCAGG-1,0.000028,0.070783,0.505933,0.146065,0.277191
AAACCTAAGCAGCCGG-1,0.065263,0.130466,0.559859,0.139801,0.10461
AAACCTCATGAAGTTG-1,0.057685,0.182026,0.595287,0.106332,0.058671
AAACGAAGAACATACC-1,0.000078,0.000234,0.819501,0.13185,0.048337
AAACGAAGATGGAGTA-1,0.122098,0.84444,0.03341,0.000017,0.000034
AAACGACAGTCTTGCC-1,0.503747,0.366887,0.119257,0.009958,0.000152
AAACGAGACGGTTGAT-1,0.046314,0.000164,0.675157,0.196685,0.08168
AAACGCCCGAGATCGG-1,0.143391,0.137682,0.398211,0.221684,0.099032
AAACGCTGGGCACGAC-1,0.112498,0.624656,0.007932,0.253495,0.001418
AAACGGGCGTACGGGT-1,0.005962,0.304705,0.393178,0.194315,0.10184
AAACGGGTTGGTATCC-1,0.000021,0.14183,0.4715,0.000021,0.386627
AAACGGTTGCGAACTG-1,0.000088,0.25616,0.389731,0.056122,0.297899
AAACGTGTTCGCCCTA-1,0.600151,0.218627,0.152077,0.000059,0.029085
AAACTAACGTGGCGAC-1,0.315096,0.168609,0.206935,0.20036,0.109
AAACTCGGTTCGCAAT-1,0.000223,0.370889,0.597169,0.000059,0.03166
AAACTCGTGATATAAG-1,0.331506,0.039387,0.178827,0.130757,0.319522
AAACTGCTGGCTCCAA-1,0.046715,0.003464,0.876725,0.015588,0.057508
AAACTTAATTGCACGC-1,0.000695,0.689468,0.008056,0.261368,0.040413
AAACTTGCAAACGTAT-1,0.063389,0.133931,0.181231,0.262588,0.358861
AAAGAATGACCTTAGA-1,0.276159,0.493116,0.006986,0.223633,0.000105
AAAGAATGTGGACTAA-1,0.001726,0.339447,0.103312,0.555431,0.000085
AAAGACATGAAGTTTA-1,0.22219,0.236689,0.148771,0.277897,0.114453
AAAGACCCAAGTCGCG-1,0.016146,0.000497,0.98286,0.000166,0.000331
AAAGACTGGGCGCTTT-1,0.05519,0.201326,0.314733,0.067807,0.360943
AAAGCTTGCCTACATA-1,0.99086,0.00011,0.008919,0.000037,0.000074
AAAGGCCCTATAATAC-1,0.000018,0.284265,0.073751,0.262792,0.379173
AAAGGCTACGGACCAT-1,0.000082,0.000246,0.842811,0.156697,0.000164
AAAGGCTCTCGCGCCG-1,0.000103,0.000309,0.99928,0.000103,0.000206
AAAGGGATGTAGCAAG-1,0.000069,0.182932,0.647629,0.042248,0.127121
AAAGGGCAGCTTGAAT-1,0.000037,0.002593,0.466041,0.061533,0.469795
AAAGGTAAGCTGTACC-1,0.098493,0.278814,0.450086,0.058829,0.113779
AAAGGTCAACGACATG-1,0.17057,0.600641,0.083458,0.030133,0.115199
AAAGTAGCATTGCTCA-1,0.00005,0.000149,0.602385,0.289941,0.107476
AAAGTCACTGATGTAA-1,0.003828,0.0759,0.904615,0.00197,0.013687
AAAGTCGACCCTCAGT-1,0.070333,0.081729,0.486318,0.124633,0.236988
AAAGTGCCATCAATTA-1,0.119472,0.482259,0.008281,0.183641,0.206347
AAAGTGTGATTTATCT-1,0.034663,0.307198,0.24862,0.022671,0.386848
AAAGTTGACTCCCGTA-1,0.005742,0.153245,0.244301,0.252589,0.344123
AAATAACCATACGGGA-1,0.049921,0.000183,0.474736,0.360438,0.114722
AAATAAGGTAGTGCCC-1,0.380213,0.000476,0.261192,0.357802,0.000317
AAATACCTATAAGCAT-1,0.000043,0.127725,0.689672,0.059725,0.122834
AAATAGCTTAGACTTT-1,0.064085,0.142102,0.268895,0.415257,0.109661
AAATAGGGTGCTATTG-1,0.000036,0.138235,0.403182,0.007426,0.451121
AAATCACTCCTAAACG-1,0.661801,0.326774,0.000074,0.000025,0.011326
AAATCCGATACACGCC-1,0.000045,0.175987,0.376137,0.341181,0.10665
AAATCGCGGAAGGAGT-1,0.129325,0.857762,0.002806,0.010064,0.000043
AAATCGTGTACCACAA-1,0.034731,0.000259,0.833092,0.000086,0.131831
AAATCTAGCCCTGCTA-1,0.000036,0.188541,0.061704,0.290732,0.458986
AAATCTGCCCGCGTCC-1,0.243147,0.682775,0.012829,0.054368,0.006882
AAATGACTGATCAAAC-1,0.007203,0.319577,0.673075,0.000048,0.000097
AAATGATTCGATCAGC-1,0.329549,0.326511,0.10301,0.000053,0.240876
AAATGCTCGTTACGTT-1,0.011346,0.077865,0.367175,0.000447,0.543168
AAATGGCATGTCTTGT-1,0.000049,0.04493,0.401356,0.07476,0.478905
AAATGGCCCGTGCCCT-1,0.249966,0.173769,0.066699,0.03691,0.472656
AAATGGTCAATGTGCC-1,0.031844,0.000349,0.967457,0.000116,0.000233
AAATGTATCTTATCCC-1,0.009588,0.218722,0.182847,0.409037,0.179807
AAATGTGGGTGCTCCT-1,0.003076,0.361412,0.45561,0.000022,0.17988
AAATTAACGGGTAGCT-1,0.129943,0.10821,0.622478,0.000061,0.139309
AAATTAATAAGCGCGA-1,0.043905,0.293981,0.007774,0.150706,0.503634
AAATTACACGACTCTG-1,0.075628,0.005611,0.196192,0.390611,0.331959
AAATTACCTATCGATG-1,0.000043,0.017779,0.120034,0.40278,0.459363
AAATTCCAGGTCCAAA-1,0.359039,0.000243,0.231327,0.40923,0.000162
AAATTGATAGTCCTTT-1,0.000061,0.000184,0.660254,0.330368,0.009134
AAATTGCGGCGGTTCT-1,0.000041,0.107703,0.742846,0.051947,0.097462
AAATTGGTGAGAAGCA-1,0.71133,0.132677,0.005404,0.000038,0.150551
AAATTTACCGAAATCC-1,0.058069,0.006584,0.273105,0.22096,0.441282
AAATTTGCGGGTGTGG-1,0.000046,0.000137,0.535105,0.242208,0.222503
AACAACTGGTAGTTGC-1,0.000035,0.118842,0.723772,0.000035,0.157315
AACAATACATTGTCGA-1,0.015761,0.003653,0.592623,0.278089,0.109875
AACAATTACTCTACGC-1,0.114932,0.009944,0.570896,0.019626,0.284601
AACACACGCTCGCCGC-1,0.029591,0.186567,0.020355,0.03852,0.724967
AACACGACTGTACTGA-1,0.00136,0.123226,0.315975,0.007868,0.551571
AACACGAGACGCGGCC-1,0.025192,0.043517,0.355434,0.11938,0.456476
AACACGCGGCCGCGAA-1,0.000021,0.235579,0.452198,0.000021,0.312181
AACAGCTGTGTGGCAA-1,0.058805,0.014449,0.754392,0.02138,0.150974
AACAGGAAATCGAATA-1,0.000058,0.000618,0.628481,0.115865,0.254978
AACAGGATGGGCCGCG-1,0.069455,0.138944,0.666801,0.008082,0.116719
AACAGGTAGTATGGAT-1,0.048627,0.384874,0.000997,0.553768,0.011735
AACATAGCGTGTATCG-1,0.011195,0.672031,0.27186,0.000012,0.044902
AACATATCAACTGGTG-1,0.081333,0.000255,0.416464,0.347744,0.154204
AACATCGATACGTCTA-1,0.532971,0.000834,0.22895,0.23669,0.000556
AACATTGAAGTTGATC-1,0.000028,0.412671,0.232484,0.19516,0.159658
AACATTGGTCAGCCGT-1,0.000031,0.007909,0.442925,0.036638,0.512496
AACATTGTGACTCGAG-1,0.028862,0.046846,0.901211,0.00029,0.022791
AACCAAGACTTCTCTG-1,0.015714,0.054592,0.599966,0.046852,0.282875
AACCAGTATCACTCTT-1,0.05943,0.099569,0.166791,0.255261,0.418949
AACCATAGGGTTGAAC-1,0.036504,0.861291,0.074049,0.010495,0.017661
AACCATGGGATCGCTA-1,0.000036,0.069587,0.592031,0.000036,0.338309
AACCCAGAGACGGAGA-1,0.047132,0.266551,0.364869,0.000024,0.321423
AACCCATCCCATGATC-1,0.051452,0.117736,0.298366,0.422324,0.110122
AACCCGACAACCCGTG-1,0.000032,0.176518,0.755478,0.067365,0.000607
AACCCGAGCAGAATCG-1,0.000038,0.394096,0.000114,0.390915,0.214837
AACCCGATAGGGCTTC-1,0.999731,0.00009,0.00009,0.00003,0.00006
AACCCGCTGTATTCCA-1,0.110841,0.259447,0.629584,0.000043,0.000085
AACCCTACTGTCAATA-1,0.000022,0.1695,0.212073,0.020066,0.598338
AACCCTGGTGGAACCA-1,0.001304,0.087042,0.042283,0.005803,0.863568
AACCGAGCTTGGTCAT-1,0.000057,0.091557,0.908214,0.000057,0.000115
AACCGCTAAGGGATGC-1,0.000044,0.085578,0.405734,0.272131,0.236513
AACCGTTGTGTTTGCT-1,0.000096,0.000287,0.674496,0.054836,0.270285
AACCTAAAGCCGTCCG-1,0.066613,0.342282,0.257113,0.099131,0.234861
AACCTCGCTTTAGCCC-1,0.000044,0.192268,0.452525,0.001595,0.353568
AACCTGTCACGGAATT-1,0.765996,0.000341,0.098138,0.135297,0.000228
AACCTTTAAATACGGT-1,0.000045,0.09314,0.670387,0.094906,0.141521
AACCTTTACGACGTCT-1,0.134291,0.139041,0.303889,0.074169,0.34861
AACGAAAGTCGTCCCA-1,0.123135,0.652228,0.008308,0.010648,0.20568
AACGACCTCCTAGCCG-1,0.043098,0.939024,0.000054,0.017788,0.000036
AACGATAATGCCGTAG-1,0.000036,0.118063,0.642175,0.080671,0.159054
AACGATAGAAGGGCCG-1,0.000061,0.03531,0.953128,0.000061,0.011439
AACGATATGTCAACTG-1,0.000068,0.224637,0.282995,0.213262,0.279038
AACGCATGATCTGGGT-1,0.000032,0.267485,0.013625,0.00093,0.717927
AACGCGAACGGCAACA-1,0.000082,0.220154,0.646593,0.072454,0.060718
AACGCGACCTTGGGCG-1,0.00004,0.218495,0.656577,0.061721,0.063167
AACGCGGTCTCCAGCC-1,0.000089,0.003549,0.813297,0.150916,0.03215
AACGCTGTTGCTGAAA-1,0.00004,0.001139,0.078951,0.165238,0.754632
AACGGACGTACGTATA-1,0.000059,0.030148,0.324554,0.43613,0.209109
AACGGCCATCTCCGGT-1,0.000028,0.197178,0.331286,0.009531,0.461977
AACGTACTGTGGGTAC-1,0.022795,0.070113,0.664424,0.002734,0.239934
AACGTAGTCTACCCAT-1,0.046216,0.000348,0.585769,0.000116,0.367551
AACGTCAGACTAGTGG-1,0.00005,0.108433,0.797188,0.00005,0.094278
AACGTCATCCGGCTTG-1,0.000027,0.524939,0.468892,0.004677,0.001465
AACGTCGCTGCACTTC-1,0.000028,0.568661,0.053857,0.375413,0.002041
AACGTGATGAAGGACA-1,0.010002,0.082082,0.223296,0.282304,0.402316
AACGTGCGAAAGTCTC-1,0.00004,0.016545,0.311,0.23467,0.437746
AACGTTATCAGCACCT-1,0.016535,0.210509,0.059039,0.03226,0.681658
AACGTTCTACCATTGT-1,0.290729,0.518739,0.187429,0.003058,0.000045
AACTACCCGTTTGTCA-1,0.115656,0.379059,0.102736,0.398343,0.004206
AACTAGCGTATCGCAC-1,0.052601,0.00026,0.946879,0.000087,0.000173
AACTAGGCTTGGGTGT-1,0.000131,0.000392,0.999085,0.000131,0.000262
AACTCAAGTTAATTGC-1,0.021167,0.038501,0.569922,0.031445,0.338964
AACTCCAGAGCGTGTT-1,0.000044,0.147509,0.172964,0.130262,0.54922
AACTCCTAATCCCATG-1,0.103754,0.078571,0.237711,0.234652,0.345312
AACTCGATAAACACGT-1,0.009838,0.135677,0.457087,0.00713,0.390269
AACTCGATGGCGCAGT-1,0.000017,0.112964,0.168262,0.000017,0.718739
AACTCTCAATAGAGCG-1,0.015669,0.068291,0.252531,0.075965,0.587544
AACTCTCAGTGTGCTC-1,0.000035,0.1297,0.679604,0.005974,0.184687
AACTGAGGTCAGCGTC-1,0.361992,0.000286,0.144417,0.334526,0.158778
AACTGAGTTATACTGA-1,0.365088,0.538315,0.000051,0.000449,0.096097
AACTGATATTAGGCCT-1,0.0001,0.11845,0.614715,0.164194,0.102541
AACTGGGTCCCGACGT-1,0.00547,0.112678,0.266116,0.00002,0.615716
AACTGGGTTCGAGCCG-1,0.046602,0.224725,0.119382,0.180552,0.428739
AACTGGTGTGGGCCTT-1,0.000103,0.098311,0.841168,0.000103,0.060315
AACTTCTGCGTCTATC-1,0.000051,0.001773,0.66836,0.089876,0.23994
AACTTGCCCGTATGCA-1,0.00003,0.093046,0.693792,0.016194,0.196938
AACTTGCGTTCTCGCG-1,0.0235,0.03235,0.474018,0.001671,0.468461
AACTTTACGGGAGCTT-1,0.070394,0.237559,0.343611,0.02934,0.319096
AACTTTAGCTGCTGAG-1,0.087879,0.08662,0.660273,0.000059,0.165171
AACTTTCTCGATCATG-1,0.999275,0.000242,0.000242,0.000081,0.000161
AAGAAAGTTTGATGGG-1,0.019787,0.489431,0.146801,0.342198,0.001783
AAGAAATCACCAGATT-1,0.984039,0.000174,0.000174,0.015498,0.000116
AAGAAGGATCAGTTAG-1,0.000026,0.06111,0.328786,0.000026,0.610052
AAGACATACGTGGTTT-1,0.000967,0.69269,0.071277,0.190431,0.044635
AAGACCAAATAACTCA-1,0.128956,0.660814,0.029419,0.140455,0.040355
AAGACCCAACTGAACA-1,0.000048,0.037225,0.962581,0.000048,0.000097
AAGACTAACCCGTTGT-1,0.000045,0.062579,0.779871,0.000045,0.157459
AAGACTCACGCCCACT-1,0.073207,0.33189,0.141275,0.201968,0.251659
AAGACTGCAAGCTACT-1,0.000053,0.00016,0.78751,0.124879,0.087397
AAGAGATGAATCGGTA-1,0.000045,0.01268,0.456152,0.296001,0.235121
AAGAGCTCTTTATCGG-1,0.04105,0.067653,0.269265,0.000026,0.622007
AAGAGGATGTACGCGA-1,0.000041,0.000124,0.600875,0.172216,0.226744
AAGAGGCATGGATCGC-1,0.000017,0.024144,0.104063,0.000787,0.870989
AAGAGGCCCTTTGGAA-1,0.015803,0.195109,0.012584,0.328431,0.448073
AAGATGGCACCGGACC-1,0.000044,0.062304,0.330117,0.250252,0.357285
AAGATTGGCGGAACGT-1,0.0297,0.003263,0.080374,0.179436,0.707226
AAGCACCCTGCGTATC-1,0.000046,0.087173,0.407342,0.012477,0.492963
AAGCATACTCTCCTGA-1,0.039529,0.073698,0.700235,0.070775,0.115763
AAGCCACTTGCAGGTA-1,0.006035,0.726967,0.064863,0.12589,0.076245
AAGCCGAAGCGGTTTA-1,0.000079,0.000236,0.024009,0.869831,0.105846
AAGCCGCCGTGAAATC-1,0.076778,0.297072,0.151756,0.317211,0.157182
AAGCCGCTTTACCTTG-1,0.999688,0.000104,0.000104,0.000035,0.000069
AAGCCGGAGAGCAGGA-1,0.164893,0.378672,0.158861,0.289044,0.008531
AAGCGCAGGGCTTTGA-1,0.000031,0.446849,0.389162,0.004635,0.159323
AAGCGGAGTGCGCGCA-1,0.999641,0.00012,0.00012,0.00004,0.00008
AAGCGGCGTCATGGGT-1,0.030398,0.060988,0.309624,0.298764,0.300226
AAGCGTCCCTCATCGA-1,0.008654,0.006966,0.642704,0.080365,0.261311
AAGCTAGATCGAGTAA-1,0.000019,0.156841,0.516702,0.000019,0.326418
AAGCTATGGATTGACC-1,0.037606,0.929869,0.000041,0.000014,0.032471
AAGCTCGTGCCAAGTC-1,0.000071,0.000213,0.76237,0.225265,0.01208
AAGCTCTTTCATGGTG-1,0.000041,0.063665,0.375757,0.026298,0.534239
AAGGAGAACTTATAAG-1,0.000055,0.030847,0.859458,0.003309,0.10633
AAGGAGCGGTTGGTGC-1,0.000143,0.000429,0.999,0.000143,0.000286
AAGGATCGATCGCTTG-1,0.099235,0.093561,0.24372,0.355883,0.207602
AAGGATGAGGGACCTC-1,0.028191,0.203564,0.24313,0.162261,0.362855
AAGGCAGGCTGTCTCC-1,0.201349,0.408187,0.059475,0.330833,0.000156
AAGGCGCGTAAAGCTT-1,0.006867,0.096201,0.842569,0.011092,0.043272
AAGGCTGTGCTCATCG-1,0.000087,0.00026,0.967352,0.032128,0.000173
AAGGGAACGACTGGCT-1,0.009587,0.196718,0.214233,0.093791,0.48567
AAGGGACAGATTCTGT-1,0.000036,0.207806,0.313285,0.05137,0.427504
AAGGGACTATGCATTC-1,0.026725,0.267147,0.099114,0.19615,0.410865
AAGGGTTAGCCATGCG-1,0.048126,0.732769,0.000061,0.219004,0.000041
AAGGGTTTGATTTCAG-1,0.49246,0.478253,0.029161,0.000042,0.000084
AAGGTATCCTAATATA-1,0.000058,0.000175,0.367208,0.200817,0.431742
AAGGTGATAAACCAGC-1,0.030971,0.179513,0.349893,0.116088,0.323535
AAGTAAGCTTCCAAAC-1,0.070971,0.00231,0.561226,0.000086,0.365406
AAGTAGAAGACCGGGT-1,0.000208,0.07149,0.75505,0.172836,0.000416
AAGTAGTGACGCGAGG-1,0.000062,0.000185,0.751547,0.240804,0.007402
AAGTCAATTGTCGTCA-1,0.032112,0.022987,0.297626,0.611453,0.035822
AAGTCTAGTAGCTGCC-1,0.93793,0.000139,0.061793,0.000046,0.000092
AAGTCTTCTGTGGCCT-1,0.143706,0.199436,0.063041,0.063205,0.530612
AAGTGACGACCGAATT-1,0.000023,0.149504,0.258714,0.011162,0.580597
AAGTGAGTCGGGTTTA-1,0.000063,0.004363,0.774839,0.143002,0.077733
AAGTGCAAAGGTAGAC-1,0.000042,0.041159,0.385214,0.242086,0.3315
AAGTGCCTTGACTGTA-1,0.00004,0.087077,0.000121,0.15654,0.756222
AAGTGCGTTAGAATCT-1,0.039231,0.033474,0.288225,0.020827,0.618242
AAGTGCTTCTCTATTG-1,0.000023,0.151697,0.434148,0.284093,0.130039
AAGTGTTTGGAGACGG-1,0.000074,0.000222,0.546411,0.278248,0.175045
AAGTTCACTCCAAGCT-1,0.000039,0.177847,0.201336,0.099885,0.520894
AAGTTCAGTCTGCGTA-1,0.067853,0.255807,0.302177,0.011512,0.362651
AAGTTCGGCCAACAGG-1,0.000051,0.000154,0.728139,0.142572,0.129084
AAGTTGTGATGTTATA-1,0.005708,0.578133,0.014145,0.242083,0.159932
AAGTTTACTAATGGCA-1,0.057652,0.156941,0.681065,0.00014,0.104202
AAGTTTATGGGCCCAA-1,0.000033,0.530869,0.453053,0.000817,0.015228
AATAACAACGCTCGGC-1,0.000051,0.081654,0.644856,0.24794,0.0255
AATAACACTAGAACAA-1,0.066745,0.043523,0.526644,0.04264,0.320447
AATAACGTCGCGCCCA-1,0.002702,0.767324,0.04273,0.063939,0.123305
AATAAGTCCTCGAGAC-1,0.000031,0.068761,0.229674,0.08461,0.616925
AATAATCTTCGTATCG-1,0.204856,0.304223,0.329263,0.161526,0.000132
AATACAATGTTTCAGG-1,0.083998,0.000158,0.670876,0.114228,0.130741
AATACCGGAGGGCTGT-1,0.016654,0.207663,0.165308,0.140414,0.46996
AATACCTGATGTGAAC-1,0.038922,0.617864,0.33743,0.005743,0.000041
AATAGAACAGAGTGGC-1,0.000068,0.067117,0.799211,0.127013,0.00659
AATAGAATCTGTTTCA-1,0.000031,0.010596,0.306015,0.085981,0.597376
AATAGCAAGCCTCCTG-1,0.194162,0.188501,0.136506,0.343324,0.137507
AATAGCTACCGCGTGC-1,0.249914,0.152986,0.541654,0.049858,0.005589
AATAGGCACGACCCTT-1,0.000015,0.62223,0.226694,0.039502,0.111559
AATAGTCCGTCCCGAC-1,0.024692,0.000436,0.781605,0.131737,0.06153
AATAGTCGCGAGTCGG-1,0.051398,0.160117,0.565364,0.00002,0.223101
AATATCAAGGTCGGAT-1,0.000134,0.000401,0.963222,0.035976,0.000267
AATATCCTAGCAAACT-1,0.090831,0.553657,0.249828,0.104729,0.000955
AATATCGAATCAATGC-1,0.047138,0.079926,0.092004,0.582126,0.198805
AATATCGAGGGTTCTC-1,0.020022,0.053489,0.252889,0.158692,0.514908
AATATTGGAGTATTGA-1,0.036237,0.003051,0.705931,0.217178,0.037604
AATCAGACTGCAGGAC-1,0.000028,0.126502,0.57649,0.012772,0.284208
AATCAGGTTTCATTTA-1,0.000015,0.209199,0.145994,0.050629,0.594162
AATCATGTAAAGACTC-1,0.000458,0.14006,0.13629,0.228721,0.494472
AATCCAAGGGCCTGAG-1,0.019617,0.214004,0.641394,0.004058,0.120929
AATCCATGCAAGGGTG-1,0.000028,0.118706,0.384383,0.000028,0.496855
AATCCCGCTCAGAGCC-1,0.000022,0.676933,0.313216,0.000574,0.009255
AATCGAGGTCTCAAGG-1,0.008487,0.681557,0.29492,0.000017,0.01502
AATCGCCTCAGCGCCA-1,0.000068,0.017799,0.677288,0.293275,0.01157
AATCGCGCAGAGGACT-1,0.009881,0.430398,0.001163,0.188017,0.370541
AATCGGGACACTACGA-1,0.016592,0.000233,0.761634,0.000078,0.221463
AATCGGTATAGCCCTC-1,0.000012,0.614179,0.002593,0.120001,0.263214
AATCGTGAGCCGAGCA-1,0.00005,0.208927,0.494218,0.10435,0.192455
AATCTAGGTTTACTTG-1,0.080458,0.128665,0.147379,0.311114,0.332383
AATCTATGCCGGAGCC-1,0.160349,0.016523,0.248826,0.532164,0.042138
AATCTCTACTGTGGTT-1,0.040304,0.000139,0.542547,0.162793,0.254216
AATCTGCGTTGGGACG-1,0.062787,0.032395,0.208311,0.227447,0.469061
AATCTGGCTTTCTAGT-1,0.059881,0.116958,0.326032,0.188099,0.309029
AATCTGGGTAGACCCT-1,0.119531,0.293418,0.188866,0.326928,0.071256
AATGACAGCAATGTCT-1,0.168985,0.000118,0.435393,0.115965,0.279539
AATGACGTAGGATGTC-1,0.022351,0.117233,0.249127,0.001506,0.609783
AATGACTGTCAGCCGG-1,0.000162,0.000485,0.812336,0.186695,0.000323
AATGAGTTCGCATATG-1,0.000035,0.013631,0.423298,0.066825,0.496212
AATGATGATACGCTAT-1,0.000068,0.108399,0.688711,0.034641,0.16818
AATGATGCGACTCCTG-1,0.000026,0.008664,0.009929,0.035729,0.945652
AATGCAACCGGGTACC-1,0.013385,0.000153,0.985358,0.001001,0.000102
AATGCACCAAGCAATG-1,0.088955,0.000279,0.199963,0.422419,0.288384
AATGGCCGCCAATGCG-1,0.976212,0.000081,0.023627,0.000027,0.000054
AATGGTCCACCGTTCA-1,0.142174,0.119067,0.37707,0.030289,0.331401
AATGGTTCTCACAAGC-1,0.000052,0.323173,0.583571,0.025618,0.067587
AATGTATGGCACTGTA-1,0.041729,0.776125,0.000031,0.000387,0.181728
AATGTGCCCGAGGTGT-1,0.040568,0.095498,0.434978,0.000031,0.428925
AATGTGCTAATCTGAG-1,0.005221,0.24261,0.141513,0.153154,0.457502
AATGTTAAGACCCTGA-1,0.000362,0.76245,0.2302,0.002223,0.004765
AATGTTGTCGTGAGAC-1,0.005522,0.510142,0.000166,0.484059,0.000111
AATTAAAGGTCGGCGT-1,0.000088,0.039915,0.933051,0.00843,0.018517
AATTAACGGATTTCCA-1,0.000061,0.26701,0.622319,0.045642,0.064968
AATTACGAGACCCATC-1,0.217842,0.700282,0.000603,0.070474,0.010799
AATTACTCGTACGCTC-1,0.024371,0.039902,0.397281,0.16898,0.369466
AATTAGCGCTGCAGCG-1,0.01766,0.000209,0.981922,0.00007,0.000139
AATTATACCCAGCAAG-1,0.000035,0.412991,0.169893,0.416803,0.000278
AATTCATAAGGGATCT-1,0.000057,0.012597,0.319602,0.132468,0.535277
AATTCATTGTCATGCA-1,0.024195,0.753925,0.122815,0.088966,0.0101
AATTCCAACTTGGTGA-1,0.014458,0.013703,0.439464,0.012385,0.51999
AATTCCAAGCATGTAC-1,0.0547,0.229454,0.715476,0.000123,0.000247
AATTCGATTCGAGGAT-1,0.012871,0.370296,0.568024,0.013128,0.035681
AATTCTAGAGTTAGGC-1,0.077702,0.000282,0.921735,0.000094,0.000188
AATTGAACGCTCTGGT-1,0.000025,0.077103,0.31093,0.000378,0.611564
AATTGCAGCAATCGAC-1,0.00004,0.140567,0.176648,0.477771,0.204974
AATTGCGTGGATTACA-1,0.03223,0.909473,0.000496,0.000455,0.057347
AATTGTGGTTGCCAAA-1,0.034936,0.369222,0.016701,0.573094,0.006047
AATTTGGGACATAGTA-1,0.000041,0.006841,0.133052,0.067568,0.792498
AATTTGGTTCCAAAGA-1,0.031896,0.002436,0.826698,0.029122,0.109847
ACAAACCATGCGTCCT-1,0.281092,0.091938,0.083715,0.535288,0.007967
ACAAACCGACAAGGCG-1,0.00927,0.303687,0.100332,0.033508,0.553204
ACAAACTCCATCAGAG-1,0.000016,0.582065,0.114606,0.129664,0.173649
ACAAAGAAGGTAGGCC-1,0.02627,0.420262,0.002112,0.05384,0.497516
ACAAAGCATGACCTAG-1,0.00002,0.307102,0.042484,0.113494,0.5369
ACAAATCGCACCGAAT-1,0.010944,0.000687,0.592734,0.385156,0.010479
ACAAATGGTAGTGTTT-1,0.00005,0.000507,0.487489,0.362875,0.149078
ACAAATTCAGATCTGA-1,0.082346,0.119896,0.172476,0.157411,0.467872
ACAACAGCATGAGCTA-1,0.053638,0.171118,0.503983,0.000046,0.271215
ACAACGGTCCCTGCGA-1,0.000052,0.020976,0.905376,0.013522,0.060074
ACAAGCAGTGCCTAGC-1,0.000034,0.000103,0.576257,0.150213,0.273392
ACAAGCTATATGGAAG-1,0.016962,0.398255,0.082208,0.119986,0.382589
ACAAGGAAATCCGCCC-1,0.000028,0.028806,0.480831,0.04912,0.441214
ACAAGGACAAGAGGTT-1,0.000037,0.124105,0.764899,0.054567,0.056392
ACAAGGATGCTTTAGG-1,0.000068,0.198844,0.403939,0.200508,0.196641
ACAAGGCCTACCAGCC-1,0.060042,0.244168,0.16386,0.425438,0.106492
ACAAGGGCAGGCTCTG-1,0.000037,0.065629,0.364826,0.157844,0.411665
ACAAGTAATTGTAAGG-1,0.089121,0.563645,0.010986,0.1005,0.235748
ACAATAGTCGTACGTT-1,0.087745,0.094075,0.357848,0.006515,0.453817
ACAATCCATTTAAACC-1,0.00003,0.071493,0.487379,0.144992,0.296106
ACAATCGATCTTTATA-1,0.000046,0.144857,0.521894,0.000046,0.333158
ACAATGAATACGGAGA-1,0.170772,0.000171,0.464255,0.260205,0.104596
ACAATGATTCTTCTAC-1,0.227978,0.352515,0.02221,0.017933,0.379365
ACAATTGTGTCTCTTT-1,0.011033,0.196115,0.284187,0.165829,0.342836
ACAATTTAGGAGGCTC-1,0.024351,0.110634,0.132127,0.01237,0.720518
ACAATTTGAGCAGTGG-1,0.00003,0.209132,0.600347,0.00003,0.190461
ACAATTTGGCCATATT-1,0.597463,0.000471,0.245071,0.15668,0.000314
ACACAAAGACGGGTGG-1,0.034257,0.000239,0.965264,0.00008,0.00016
ACACAAATATTCCTAG-1,0.999499,0.000167,0.000167,0.000056,0.000111
ACACACCAGGACCAGT-1,0.00003,0.117839,0.040187,0.108767,0.733177
ACACACTTTCTACACG-1,0.067417,0.156834,0.304788,0.00003,0.470931
ACACATGATCAAATCT-1,0.10352,0.04204,0.244891,0.449355,0.160194
ACACATTGACGCAACA-1,0.066093,0.000279,0.635073,0.103918,0.194637
ACACATTTCCGTAGAC-1,0.149506,0.113508,0.736816,0.000057,0.000113
ACACCACATAATTAGC-1,0.373963,0.518637,0.000544,0.072042,0.034814
ACACCCAGCATGCAGC-1,0.005691,0.284171,0.709627,0.00017,0.00034
ACACCCGAGAAATCCG-1,0.005242,0.092215,0.730676,0.000045,0.171823
ACACCCGTAAATCTGT-1,0.956474,0.00007,0.043386,0.000023,0.000047
ACACCGAGCGCTCTTT-1,0.08091,0.171686,0.296187,0.124274,0.326944
ACACCGGTCTGACCGC-1,0.053366,0.357263,0.001468,0.191202,0.3967
ACACCTTAAGTAGGGC-1,0.000552,0.131923,0.800194,0.004881,0.06245
ACACCTTACTACTTGC-1,0.00004,0.552943,0.014795,0.052399,0.379823
ACACGAGACTCCTTCT-1,0.000067,0.000201,0.87319,0.126407,0.000134
ACACGGCACTATGCAT-1,0.050002,0.039609,0.619029,0.044632,0.246727
ACACGGGAACTTAGGG-1,0.000058,0.063824,0.562528,0.122618,0.250972
ACACGTAGGCCACAAG-1,0.060408,0.441973,0.209573,0.131418,0.156628
ACACTCCAATGTCACT-1,0.000028,0.023602,0.233027,0.004511,0.738833
ACACTGATCAAGGTGT-1,0.000049,0.067662,0.804737,0.034764,0.092788
ACACTGGGACAGTCGT-1,0.153374,0.30474,0.164635,0.337157,0.040095
ACAGAACTGAGAACAA-1,0.010016,0.192062,0.003499,0.057399,0.737024
ACAGATTAGGTTAGTG-1,0.023118,0.033836,0.67169,0.000051,0.271305
ACAGCATAGAGCCAGT-1,0.000031,0.139549,0.45072,0.000031,0.409668
ACAGCGACATTCTCAT-1,0.000038,0.241018,0.203998,0.226164,0.328782
ACAGCGCACCCGCAGC-1,0.000059,0.043613,0.376378,0.291455,0.288494
ACAGGAGGCGCAGCCG-1,0.001392,0.055836,0.547174,0.190757,0.204841
ACAGGCACGGATCCTT-1,0.00003,0.51692,0.07959,0.097539,0.30592
ACAGGCTTGCCCGACT-1,0.000063,0.004919,0.43004,0.542744,0.022234
ACAGGTGGAGGTGAGG-1,0.000052,0.026601,0.393573,0.264719,0.315055
ACAGGTGTGTTGTTGC-1,0.045695,0.343735,0.053523,0.028888,0.528159
ACAGTAATACAACTTG-1,0.004909,0.174862,0.029786,0.036694,0.75375
ACAGTATACCGTGGGA-1,0.848469,0.000229,0.062561,0.088589,0.000152
ACAGTGCAGCGCATTT-1,0.112397,0.619384,0.098742,0.031488,0.137989
ACATAAGTCGTGGTGA-1,0.031959,0.876319,0.047524,0.04219,0.002009
ACATAATAAGGCGGTG-1,0.000098,0.000295,0.666633,0.283655,0.049318
ACATACAATCAAGCGG-1,0.000013,0.573815,0.067896,0.011088,0.347188
ACATCAGCTGGGACGC-1,0.087916,0.032845,0.54757,0.12117,0.210499
ACATCCCGGCCATACG-1,0.000167,0.000501,0.781153,0.217845,0.000334
ACATCCTGGTAACTGT-1,0.007298,0.014474,0.360074,0.445339,0.172814
ACATCGATCGTTTACC-1,0.02884,0.047409,0.88733,0.030344,0.006077
ACATCGCAATATTCGG-1,0.109337,0.507557,0.150629,0.178892,0.053585
ACATCGGTCAGCCGCG-1,0.000059,0.000177,0.877669,0.108933,0.013162
ACATCGTATGCAATGG-1,0.004773,0.006065,0.734258,0.071457,0.183446
ACATCGTTAACCTAGT-1,0.019883,0.002377,0.411511,0.129626,0.436602
ACATCTCAACGCGTAA-1,0.053075,0.104731,0.178439,0.012965,0.650791
ACATGCTTACGGCAGC-1,0.128765,0.514982,0.000022,0.002257,0.353974
ACATGGCGCCAAAGTA-1,0.000017,0.209339,0.002423,0.006796,0.781426
ACATGGCTCAATTTAG-1,0.000025,0.047861,0.440283,0.012628,0.499203
ACATTAGTTTATATCC-1,0.093314,0.0003,0.906086,0.0001,0.0002
ACATTCGCGCGGAATA-1,0.054528,0.762727,0.044299,0.109581,0.028865
ACATTTGAAACCTAAC-1,0.00002,0.464429,0.175121,0.178315,0.182116
ACCAAACACCCAGCGA-1,0.721919,0.051224,0.000376,0.000125,0.226357
ACCAAACTAGAAATCC-1,0.000029,0.222359,0.326338,0.000029,0.451244
ACCAACACCACACACT-1,0.287791,0.168202,0.146672,0.173405,0.223931
ACCAACCGCACTCCAC-1,0.007379,0.366636,0.084063,0.035047,0.506875
ACCAACGCTTATTTAT-1,0.000049,0.125359,0.861549,0.00598,0.007063
ACCAAGAACGCGTGTC-1,0.007827,0.088993,0.751088,0.151833,0.000259
ACCAAGTCATCGGCAG-1,0.000051,0.228889,0.460488,0.31047,0.000102
ACCAATATGCAAGTTA-1,0.000064,0.000193,0.416631,0.358395,0.224717
ACCACAACTCAGAACA-1,0.000046,0.028247,0.457228,0.166665,0.347815
ACCACAAGTTTCTATC-1,0.186467,0.045839,0.634995,0.000071,0.132628
ACCACACGGTTGATGG-1,0.014356,0.579023,0.403889,0.00002,0.002713
ACCACCAATGTAACAA-1,0.000068,0.000204,0.083935,0.528504,0.387289
ACCACCCTCTCTTCTA-1,0.999524,0.000159,0.000159,0.000053,0.000106
ACCACGTGCAGCTATA-1,0.00002,0.052031,0.259918,0.00002,0.688012
ACCACTGTTCAAGAAG-1,0.034695,0.002677,0.424009,0.167275,0.371343
ACCAGACCATAACAAC-1,0.080728,0.227635,0.120672,0.440662,0.130303
ACCAGCCCGGTCTTTG-1,0.067508,0.247288,0.53679,0.088563,0.059851
ACCAGGAGTGTGATCT-1,0.00006,0.056086,0.752612,0.00006,0.191181
ACCAGTGCCCGGTCAA-1,0.000042,0.117433,0.159298,0.096919,0.626308
ACCAGTGCGGGAGACG-1,0.000102,0.201842,0.070144,0.401558,0.326354
ACCATATCCGCAATAA-1,0.02914,0.067154,0.903424,0.000094,0.000189
ACCATCCGCCAACTAG-1,0.100704,0.047846,0.102858,0.317777,0.430815
ACCATCGTATATGGTA-1,0.000039,0.071937,0.674787,0.028489,0.224747
ACCATTAAGGGTGTCA-1,0.03353,0.23261,0.385178,0.008482,0.3402
ACCCAACGCCCGTGGC-1,0.064446,0.000152,0.57393,0.337582,0.023891
ACCCACCTACATGCTC-1,0.000041,0.137216,0.669481,0.020882,0.17238
ACCCATCTTGAGGGTA-1,0.000024,0.061643,0.547677,0.000433,0.390223
ACCCATTTGTCCCTCT-1,0.001027,0.159165,0.294665,0.518745,0.026397
ACCCGAGCGAAATTAC-1,0.04478,0.158732,0.238215,0.128028,0.430246
ACCCGATTGGTTCCGA-1,0.033804,0.153717,0.015382,0.009826,0.787271
ACCCGGAAACTCCCAG-1,0.000051,0.204794,0.782011,0.000051,0.013093
ACCCGGAGCACCACAA-1,0.148,0.209458,0.037124,0.605297,0.000121
ACCCGGATGACGCATC-1,0.000071,0.122688,0.122066,0.484299,0.270876
ACCCGGTTACACTTCC-1,0.000025,0.211538,0.585606,0.000025,0.202808
ACCCGTAGCAGAGAAT-1,0.037261,0.876723,0.043721,0.027054,0.015241
ACCCGTAGTCTAGTTG-1,0.061529,0.647239,0.101637,0.189515,0.00008
ACCCGTGTCATCAGTA-1,0.000073,0.133234,0.810253,0.000073,0.056366
ACCCTATAGGACTGAG-1,0.000079,0.000238,0.718046,0.178157,0.10348
ACCCTATGCCATATCG-1,0.00004,0.009029,0.331836,0.037346,0.62175
ACCCTCCCGTCAGGGC-1,0.009348,0.505178,0.106908,0.000021,0.378545
ACCCTCCCTTGCTATT-1,0.069447,0.18372,0.507279,0.239368,0.000186
ACCCTGGTAACGCCCT-1,0.303871,0.435314,0.023507,0.000096,0.237211
ACCCTTCATCTGCGAA-1,0.002963,0.148056,0.309705,0.019302,0.519973
ACCCTTGCCTGGGTCG-1,0.99958,0.00014,0.00014,0.000047,0.000093
ACCCTTTAGTTCTCCA-1,0.002473,0.125316,0.293736,0.278609,0.299866
ACCGAAAGGGCCCTGC-1,0.000025,0.23662,0.534794,0.000025,0.228536
ACCGAAGAGTCTGGTT-1,0.000524,0.233426,0.102592,0.263109,0.400348
ACCGACACATCTCCCA-1,0.000025,0.333075,0.568919,0.000025,0.097956
ACCGACTGAGTCCCAC-1,0.000036,0.044887,0.464812,0.078362,0.411903
ACCGAGTCTCCTTATT-1,0.030832,0.514926,0.441092,0.004008,0.009143
ACCGATAGGCATAACC-1,0.096999,0.344612,0.001056,0.553091,0.004242
ACCGATATTTAATCAT-1,0.039444,0.856631,0.078992,0.006521,0.018411
ACCGATGGTAGCATCG-1,0.000041,0.08855,0.275792,0.213944,0.421673
ACCGCAATAACTGCCT-1,0.003012,0.093409,0.223047,0.036521,0.644012
ACCGCGGTGGAAGTCG-1,0.026968,0.000206,0.312183,0.589146,0.071496
ACCGCTAGTCATTGGT-1,0.012636,0.708588,0.002221,0.001307,0.275247
ACCGGGCCTTTGTTGA-1,0.000038,0.211736,0.149447,0.125823,0.512956
ACCGGTCAGGTACACC-1,0.194574,0.051355,0.238758,0.304196,0.211117
ACCGGTCTGAGTACGG-1,0.020444,0.410019,0.130586,0.080049,0.358902
ACCGTCCACTGGGCCC-1,0.196601,0.708471,0.001132,0.022588,0.071208
ACCGTGACCACGTGGG-1,0.000053,0.019142,0.647219,0.320278,0.013308
ACCGTTCCCGCTCTGA-1,0.024895,0.158363,0.290312,0.000043,0.526386
ACCTAAGTACCTTTCA-1,0.000039,0.198012,0.325241,0.213408,0.2633
ACCTAATCGACTTCCT-1,0.00004,0.11741,0.468492,0.05451,0.359547
ACCTACAGTATGTGGT-1,0.062248,0.280451,0.02333,0.02607,0.607902
ACCTACTATAAATCTA-1,0.220979,0.115062,0.558552,0.000055,0.105352
ACCTCAGCGAGGCGCA-1,0.005222,0.532515,0.423315,0.038069,0.000879
ACCTCCGCCCTCGCTG-1,0.000035,0.421131,0.097034,0.030298,0.451501
ACCTCCGTTATTCACC-1,0.056704,0.200505,0.302683,0.284736,0.155371
ACCTCGAACTTATGCT-1,0.007505,0.394794,0.090449,0.330117,0.177134
ACCTGCGTGTCATGTT-1,0.007846,0.0006,0.265074,0.447523,0.278957
ACCTTTCCTTTAGAAG-1,0.000028,0.342945,0.366865,0.019788,0.270373
ACGAAATGGGCGGCAC-1,0.000019,0.038856,0.304313,0.026708,0.630104
ACGACCCATGAGTTGC-1,0.364839,0.242191,0.117164,0.220337,0.055471
ACGACTCTAGGGCCGA-1,0.000076,0.319593,0.397996,0.254418,0.027916
ACGACTGGTCATACTC-1,0.030448,0.215404,0.068654,0.070473,0.615022
ACGAGAACCCATCACG-1,0.000024,0.218944,0.562207,0.000024,0.218802
ACGAGATATTTGCTTA-1,0.034543,0.082903,0.112626,0.030668,0.73926
ACGAGGATACCACTCT-1,0.032316,0.089681,0.41779,0.225588,0.234625
ACGAGGTTTACAACGT-1,0.0997,0.048556,0.211198,0.486579,0.153968
ACGAGTACGGATGCCC-1,0.000039,0.128865,0.039503,0.070369,0.761225
ACGAGTCGCCGGCGTT-1,0.00939,0.052537,0.298719,0.026958,0.612395
ACGATACATAGAACTA-1,0.00004,0.169987,0.048295,0.140602,0.641076
ACGATACCTATCCTGA-1,0.227168,0.014217,0.09897,0.637779,0.021866
ACGATCATACATAGAG-1,0.258497,0.193447,0.539606,0.000093,0.008357
ACGATCATCTTGTAAA-1,0.000037,0.050654,0.02113,0.207603,0.720576
ACGATGCATATGTTAT-1,0.005121,0.113213,0.801461,0.002341,0.077864
ACGATGGATCCGATGC-1,0.065892,0.00017,0.541128,0.054667,0.338143
ACGCAAACTAATAGAT-1,0.000045,0.071324,0.738358,0.169951,0.020321
ACGCAATCACTACAGC-1,0.184658,0.211597,0.182237,0.087068,0.33444
ACGCATAAATGACATG-1,0.205073,0.422072,0.136529,0.010112,0.226214
ACGCATACGTTTACTA-1,0.008661,0.319031,0.2491,0.146309,0.2769
ACGCATTCGTGAGTAC-1,0.000043,0.006618,0.855878,0.000043,0.137418
ACGCCACTCGAAACAG-1,0.000018,0.568902,0.431025,0.000018,0.000036
ACGCCAGATGATTTCT-1,0.033585,0.122896,0.36627,0.000042,0.477207
ACGCCAGTGCGTTTGC-1,0.000018,0.36935,0.029428,0.185769,0.415435
ACGCCCAGCTGTCGAT-1,0.031256,0.09299,0.361291,0.000037,0.514426
ACGCCGCTAGACGACC-1,0.000035,0.040025,0.662014,0.013116,0.28481
ACGCCTGACACGCGCT-1,0.000017,0.18197,0.388732,0.028089,0.401192
ACGCGAAGTCAGACGA-1,0.175893,0.000335,0.697847,0.000112,0.125813
ACGCGCTACACAGGGT-1,0.000059,0.002962,0.606502,0.199034,0.191443
ACGCGGGCCAAGGACA-1,0.000035,0.073074,0.802993,0.000035,0.123864
ACGCGTTTCTTAAGAG-1,0.009531,0.030927,0.197095,0.246142,0.516304
ACGCTACTGAATGGGC-1,0.000017,0.735999,0.000052,0.199358,0.064574
ACGCTAGTATCAGTGC-1,0.938476,0.000067,0.000067,0.000022,0.061368
ACGCTAGTGATACACT-1,0.020343,0.000351,0.513003,0.466069,0.000234
ACGCTGTGAGGCGTAG-1,0.013708,0.386187,0.010376,0.011088,0.578641
ACGCTTAGTGTCTCTC-1,0.019558,0.037965,0.329568,0.144415,0.468494
ACGGAACACGAGTGCC-1,0.000014,0.531783,0.03457,0.054765,0.378869
ACGGAATTTAGCAAAT-1,0.000035,0.040348,0.506822,0.001952,0.450844
ACGGACGCAGCGACAA-1,0.001562,0.552233,0.011276,0.198447,0.236481
ACGGACTCTCAAAGCG-1,0.000055,0.181674,0.571188,0.013344,0.233739
ACGGAGCGCAAATTAC-1,0.23014,0.000283,0.200416,0.376575,0.192586
ACGGATGGTGCGGATA-1,0.000048,0.20523,0.206866,0.034175,0.553682
ACGGCACTTGCTTGGG-1,0.017538,0.000429,0.981604,0.000143,0.000286
ACGGCCAACATGGACT-1,0.128993,0.034476,0.824486,0.000059,0.011985
ACGGCGACGATGGGAA-1,0.000036,0.000107,0.368095,0.124561,0.507201
ACGGCGGGTTGCCCTG-1,0.000019,0.178322,0.463761,0.000019,0.35788
ACGGCTGGATGTAGAA-1,0.001469,0.43812,0.002833,0.223026,0.334551
ACGGGAGTGTCGGCCC-1,0.000037,0.032916,0.485409,0.158254,0.323385
ACGGGCGTATGCGACA-1,0.912352,0.000123,0.087402,0.000041,0.000082
ACGGGTCATGTGACTT-1,0.050658,0.038443,0.425919,0.002609,0.482371
ACGGGTTGTGACCTGT-1,0.201283,0.496356,0.153347,0.148954,0.00006
ACGGTACAGTTCAATG-1,0.00002,0.501645,0.068745,0.004665,0.424926
ACGGTCACCGAGAACA-1,0.08005,0.585424,0.031694,0.033253,0.269579
ACGTACAGATTTCTCT-1,0.000048,0.072514,0.444042,0.03033,0.453066
ACGTACTTTGGCACGG-1,0.00001,0.102699,0.003603,0.019356,0.874331
ACGTAGATTGCTGATG-1,0.000078,0.000235,0.796801,0.108237,0.094648
ACGTAGGAGAGTCGCT-1,0.019177,0.425931,0.534897,0.00005,0.019945
ACGTATTACTCCGATC-1,0.000048,0.006698,0.000143,0.251018,0.742094
ACGTCCTAAACGAGAT-1,0.141393,0.531794,0.326519,0.000098,0.000196
ACGTCGGGCAACTCGG-1,0.320338,0.593607,0.044877,0.027028,0.014151
ACGTCTCGTTCCGGGA-1,0.016775,0.40196,0.004727,0.016909,0.55963
ACGTGACAAAGTAAGT-1,0.000018,0.426266,0.009468,0.179047,0.385201
ACGTGCGCCTCGTGCA-1,0.000071,0.148753,0.467489,0.123749,0.259938
ACGTGGTCGAATGTGC-1,0.051969,0.282495,0.321778,0.030514,0.313243
ACGTTAATGTCGAAGA-1,0.000052,0.004577,0.779169,0.102559,0.113643
ACGTTAGATTTGCCCG-1,0.047809,0.024393,0.691269,0.002219,0.23431
ACGTTATTGGTCACTC-1,0.020478,0.075284,0.087007,0.00002,0.817211
ACGTTCACTATGCCGC-1,0.111685,0.546723,0.125673,0.182799,0.03312
ACGTTCCGCGCTCCGT-1,0.012305,0.187922,0.774964,0.000036,0.024774
ACGTTCGCAATCAATT-1,0.058304,0.213461,0.309168,0.060901,0.358165
ACGTTCGTTCAGGAAA-1,0.003698,0.000139,0.526117,0.169942,0.300103
ACGTTCTGTACAAGTC-1,0.007047,0.414631,0.17755,0.068643,0.332129
ACGTTGTCGTTGAAAG-1,0.000458,0.62113,0.143792,0.154497,0.080123
ACGTTTAGTTGTGATC-1,0.000117,0.00035,0.944426,0.045255,0.009853
ACGTTTCGGTGCACTT-1,0.006518,0.963591,0.011522,0.013774,0.004595
ACTAAGGACGCACACC-1,0.999781,0.000073,0.000073,0.000024,0.000049
ACTAATACGTCAGGCG-1,0.055253,0.000197,0.267821,0.321914,0.354816
ACTACAAAGAGAGGTG-1,0.00002,0.446706,0.446485,0.007137,0.099652
ACTACATCCCGACAAG-1,0.020564,0.186006,0.260933,0.507012,0.025486
ACTACCAGCTCTCTGG-1,0.000038,0.118437,0.675363,0.000038,0.206124
ACTACCATCCGAGGGC-1,0.112167,0.527631,0.263007,0.071405,0.025791
ACTACGCGTTAGAATT-1,0.000113,0.024216,0.975334,0.000113,0.000225
ACTAGTTGCGATCGTC-1,0.082353,0.114748,0.306116,0.345799,0.150984
ACTATATGCTGTGTTC-1,0.276723,0.011006,0.191729,0.237585,0.282957
ACTATCCAGGGCATGG-1,0.030445,0.218392,0.084105,0.213875,0.453182
ACTATCGCCGGCTAAA-1,0.029476,0.266905,0.10542,0.051163,0.547036
ACTATCTGCCCGCGTA-1,0.095199,0.208042,0.242237,0.375263,0.07926
ACTATGTCCAGCTGCC-1,0.031303,0.085956,0.262786,0.186555,0.4334
ACTATTCGTCCGTGGT-1,0.000045,0.0253,0.290677,0.052657,0.63132
ACTATTTCCGGGCCCA-1,0.000065,0.000194,0.622501,0.354849,0.022392
ACTCAACGAATGTATT-1,0.011002,0.140557,0.715223,0.010338,0.12288
ACTCAAGTGCAAGGCT-1,0.00006,0.104067,0.533654,0.127776,0.234444
ACTCAATAAAGGCACG-1,0.000078,0.000235,0.762503,0.226573,0.010611
ACTCAGACCTGCTTCT-1,0.076199,0.000418,0.922965,0.000139,0.000279
ACTCATGGCAGCCTTC-1,0.123567,0.372296,0.287243,0.198535,0.018359
ACTCCAATATCATCAT-1,0.03629,0.003082,0.411695,0.357896,0.191037
ACTCCCATTCCTAAAG-1,0.000017,0.327533,0.013089,0.008461,0.6509
ACTCCCGAATTCGTTT-1,0.020401,0.219331,0.07678,0.033455,0.650034
ACTCCCGTAGACTAGG-1,0.930317,0.000235,0.069212,0.000078,0.000157
ACTCCCTAATGCTAAA-1,0.000064,0.26133,0.733631,0.004847,0.000128
ACTCCCTAGAATAGTA-1,0.000056,0.043859,0.802394,0.05263,0.10106
ACTCCGGCCGACCACT-1,0.000031,0.269692,0.379393,0.117999,0.232885
ACTCGATGTATTTCAT-1,0.022944,0.159334,0.421241,0.089259,0.307223
ACTCGCCGTTCGATAA-1,0.043066,0.682653,0.001723,0.138631,0.133926
ACTCGCGATCTGACGC-1,0.728094,0.204859,0.000126,0.066838,0.000084
ACTCGTAACCCGTCCT-1,0.019518,0.150644,0.017748,0.069242,0.742847
ACTCGTCAGTAATCCC-1,0.000053,0.00016,0.482495,0.340114,0.177177
ACTCTAAACCTGGGAT-1,0.002015,0.343194,0.315696,0.048049,0.291046
ACTCTCTGACTTAGGT-1,0.000056,0.035636,0.599621,0.184144,0.180542
ACTCTCTTATACACGA-1,0.051316,0.000293,0.509345,0.347663,0.091383
ACTCTGACCTAATAGA-1,0.003199,0.437171,0.091469,0.007198,0.460963
ACTCTTCAGCTCCCGC-1,0.81203,0.0511,0.136769,0.000034,0.000067
ACTCTTGTATAGTAAC-1,0.000078,0.000235,0.79241,0.122015,0.085261
ACTGAAACGCCGTTAG-1,0.0324,0.024418,0.419322,0.484723,0.039137
ACTGAATGGCGAAAGT-1,0.000049,0.176494,0.397411,0.19049,0.235556
ACTGATTTAGTGATTC-1,0.073531,0.034289,0.36809,0.046458,0.477632
ACTGCCCGCCATTCTC-1,0.003627,0.294565,0.221483,0.180736,0.299589
ACTGCCGTCGTAACTC-1,0.00003,0.009733,0.278376,0.00003,0.711831
ACTGCGGACACACCGT-1,0.112452,0.772397,0.000177,0.034647,0.080327
ACTGCTCGGAAGGATG-1,0.017182,0.031026,0.049404,0.768233,0.134155
ACTGGCGAACCTGCGT-1,0.96964,0.000135,0.030089,0.000045,0.00009
ACTGGGATGCCAGTGC-1,0.000027,0.544274,0.421778,0.033853,0.000068
ACTGTACGATACACAT-1,0.142296,0.000199,0.615066,0.16123,0.081209
ACTGTAGCACTTTGGA-1,0.000057,0.001622,0.836279,0.161927,0.000115
ACTGTATACGCGAGCA-1,0.02921,0.084952,0.740415,0.000036,0.145386
ACTGTCCAGGATTATA-1,0.043529,0.000362,0.955747,0.000121,0.000241
ACTGTCTTCTTTAGAA-1,0.000045,0.000136,0.711037,0.008824,0.279957
ACTGTGCTAGTAGATC-1,0.077029,0.02328,0.515999,0.000032,0.38366
ACTGTTTAGTGTAGGC-1,0.000064,0.107548,0.700941,0.00485,0.186597
ACTTACCGGGCGCGCA-1,0.034913,0.000181,0.459033,0.505753,0.000121
ACTTACGCATCCACGC-1,0.000106,0.000318,0.625332,0.374032,0.000212
ACTTAGTACGACAAGA-1,0.000042,0.249425,0.535328,0.079728,0.135476
ACTTATACTTACCCGG-1,0.000048,0.005513,0.676563,0.152878,0.164998
ACTTATCTGATCTATA-1,0.020704,0.000476,0.962278,0.016225,0.000317
ACTTATTAGGATCGGT-1,0.066036,0.000404,0.933155,0.000135,0.00027
ACTTATTTATGTGCCA-1,0.000069,0.0359,0.914348,0.010709,0.038975
ACTTCAGGCTGATCCC-1,0.00005,0.026768,0.534412,0.128857,0.309913
ACTTCCAGTGGAAGCT-1,0.258081,0.40485,0.03229,0.304684,0.000095
ACTTCCATGCGGGACA-1,0.000064,0.104622,0.347507,0.286736,0.261071
ACTTCCTGTCGTGCGA-1,0.567408,0.011609,0.118436,0.302327,0.000221
ACTTCGCCATACGCAC-1,0.000066,0.009177,0.726832,0.151412,0.112512
ACTTCGCTAGCGAGTG-1,0.902353,0.033512,0.064007,0.000043,0.000085
ACTTGACTCCCTCTTT-1,0.000038,0.050154,0.418159,0.028319,0.50333
ACTTGCCATATTGTAC-1,0.014128,0.030708,0.839192,0.000049,0.115923
ACTTGCTCTATCTACC-1,0.138407,0.859993,0.000067,0.00149,0.000044
ACTTGGGACCCGGTGG-1,0.010641,0.139587,0.5741,0.000055,0.275617
ACTTGGGCTTTCGCCA-1,0.023128,0.331733,0.577228,0.067809,0.000102
ACTTGTAGTCCCTTCA-1,0.155961,0.107121,0.403988,0.117738,0.215192
ACTTGTGGATGGAACG-1,0.012475,0.242353,0.284749,0.145298,0.315125
ACTTGTTACCGGATCA-1,0.21285,0.256606,0.42525,0.105218,0.000077
ACTTTACCCTCATGAA-1,0.009027,0.2284,0.304274,0.282977,0.175323
ACTTTATACACCACTT-1,0.145692,0.772765,0.000043,0.073927,0.007573
ACTTTCCTATAGCTTC-1,0.016242,0.082342,0.719461,0.142892,0.039064
ACTTTGACTGCATCCT-1,0.026111,0.231427,0.195302,0.117691,0.429468
ACTTTGGTCGTGCTCC-1,0.013167,0.441371,0.037017,0.009902,0.498543
ACTTTGTCGACGCACT-1,0.004182,0.489387,0.004706,0.20506,0.296665
AGAAATTATGACTCGC-1,0.003297,0.290947,0.048923,0.617931,0.038901
AGAACACGGCGATGGT-1,0.020131,0.837702,0.086644,0.01591,0.039614
AGAACCCAGCGTGACA-1,0.462807,0.410061,0.030183,0.06576,0.031189
AGAACCCTCAATTGGG-1,0.00001,0.766,0.000285,0.00001,0.233695
AGAACGTGGTACATTC-1,0.02977,0.000165,0.712175,0.201683,0.056208
AGAACTGTACTTTGTA-1,0.000039,0.287634,0.494887,0.217363,0.000077
AGAAGAGCGCCGTTCC-1,0.000372,0.255439,0.206982,0.000372,0.536835
AGAAGGTACACTTCAC-1,0.244666,0.027545,0.01163,0.210207,0.505952
AGAAGGTTGCCGAATT-1,0.040601,0.140688,0.625019,0.003664,0.190027
AGAAGGTTGTAGGTCG-1,0.013805,0.23197,0.710009,0.008563,0.035654
AGAAGTGATTCGTGAT-1,0.058489,0.03799,0.238038,0.044355,0.621128
AGAATAAATCTTCAGG-1,0.117516,0.000121,0.487591,0.245678,0.149094
AGAATACAGGCTATCC-1,0.00774,0.567064,0.166791,0.243335,0.015069
AGAATGCGGGTTCGGA-1,0.251612,0.08343,0.204964,0.034986,0.425009
AGAATTATGGATTCGA-1,0.000066,0.000197,0.212816,0.657791,0.12913
