Barcode,Topic 1,Topic 2,Topic 3to4,Topic 5to7,Topic 8,Topic 9to12
AAACAACGAATAGTTC-1,0.000061,0.483093,0.516359,0.000183,0.000061,0.000243
AAACAAGTATCTCCCA-1,0.011343,0.045635,0.276089,0.241772,0.150403,0.274758
AAACAATCTACTAGCA-1,0.000095,0.02979,0.969353,0.000286,0.000095,0.000381
AAACACCAATAACTGC-1,0.121766,0.160098,0.004644,0.339869,0.201574,0.172049
AAACAGCTTTCAGAAG-1,0.36477,0.000014,0.000776,0.006073,0.342196,0.286171
AAACAGGGTCTATATT-1,0.007495,0.076414,0.005965,0.205665,0.26186,0.4426
AAACAGTGTTCCTGGG-1,0.009758,0.088182,0.16932,0.481171,0.017309,0.23426
AAACATGGTGAGAGGA-1,0.488227,0.026123,0.000092,0.324879,0.0036,0.157078
AAACATTTCCCGGATT-1,0.000036,0.092113,0.690898,0.07352,0.125038,0.018394
AAACCACTACACAGAT-1,0.00016,0.545264,0.184776,0.114451,0.154708,0.00064
AAACCCGAACGAAATC-1,0.000025,0.073038,0.360955,0.430203,0.132007,0.003771
AAACCGGAAATGTTAA-1,0.067455,0.026353,0.369166,0.407324,0.019608,0.110094
AAACCGGGTAGGTACC-1,0.09949,0.027878,0.080824,0.051513,0.253854,0.48644
AAACCGTTCGTCCAGG-1,0.001398,0.000007,0.016897,0.225913,0.162877,0.592908
AAACCTAAGCAGCCGG-1,0.012415,0.017474,0.558525,0.194072,0.029068,0.188446
AAACCTCATGAAGTTG-1,0.000746,0.058586,0.518536,0.040446,0.016194,0.365492
AAACGAAGAACATACC-1,0.012676,0.197315,0.671725,0.000268,0.053796,0.064219
AAACGAAGATGGAGTA-1,0.442182,0.049844,0.183417,0.19813,0.000039,0.126388
AAACGACAGTCTTGCC-1,0.00017,0.411171,0.512827,0.074981,0.00017,0.00068
AAACGAGACGGTTGAT-1,0.000027,0.002185,0.569953,0.249247,0.001258,0.17733
AAACGCTGGGCACGAC-1,0.042318,0.000059,0.202802,0.317945,0.10169,0.335187
AAACGGGCGTACGGGT-1,0.000962,0.00434,0.281616,0.42728,0.223795,0.062006
AAACGGGTTGGTATCC-1,0.000065,0.167735,0.831678,0.000196,0.000065,0.000261
AAACGGTTGCGAACTG-1,0.011645,0.014329,0.032971,0.57104,0.010486,0.359528
AAACGTGTTCGCCCTA-1,0.000025,0.000025,0.086818,0.193519,0.663765,0.055848
AAACTCGGTTCGCAAT-1,0.000008,0.001719,0.089786,0.174457,0.039405,0.694625
AAACTCGTGATATAAG-1,0.000031,0.151111,0.366572,0.047756,0.328076,0.106454
AAACTGCTGGCTCCAA-1,0.063746,0.000042,0.097981,0.261539,0.024709,0.551984
AAACTTAATTGCACGC-1,0.497422,0.501777,0.00016,0.00024,0.00008,0.00032
AAACTTGCAAACGTAT-1,0.530159,0.002285,0.042071,0.021057,0.13843,0.265998
AAAGAATGACCTTAGA-1,0.548557,0.007576,0.004358,0.334967,0.070567,0.033976
AAAGAATGTGGACTAA-1,0.000045,0.270718,0.338638,0.365289,0.010494,0.014817
AAAGACCCAAGTCGCG-1,0.000054,0.000054,0.572787,0.090332,0.026302,0.310471
AAAGACTGGGCGCTTT-1,0.042346,0.00002,0.280615,0.032316,0.024803,0.6199
AAAGCTTGCCTACATA-1,0.00001,0.006291,0.002527,0.505175,0.421711,0.064286
AAAGGCCCTATAATAC-1,0.652783,0.16439,0.171438,0.011112,0.000055,0.000221
AAAGGCTACGGACCAT-1,0.098215,0.000006,0.004187,0.077479,0.016029,0.804084
AAAGGCTCTCGCGCCG-1,0.022015,0.099655,0.155797,0.172366,0.000655,0.549512
AAAGGGATGTAGCAAG-1,0.024598,0.000031,0.489706,0.048351,0.016122,0.421191
AAAGGGCAGCTTGAAT-1,0.00002,0.006912,0.250456,0.094031,0.005379,0.643202
AAAGTAGCATTGCTCA-1,0.07111,0.297395,0.545202,0.000133,0.000044,0.086116
AAAGTCACTGATGTAA-1,0.000076,0.064851,0.898192,0.036498,0.000076,0.000306
AAAGTCGACCCTCAGT-1,0.040721,0.025058,0.069504,0.089506,0.10145,0.673761
AAAGTGCCATCAATTA-1,0.000044,0.024765,0.188597,0.095282,0.358247,0.333064
AAAGTGTGATTTATCT-1,0.000024,0.13555,0.163827,0.162193,0.527642,0.010764
AAAGTTGACTCCCGTA-1,0.000036,0.217124,0.465382,0.042259,0.142311,0.132889
AAATAACCATACGGGA-1,0.00012,0.633647,0.221033,0.000359,0.00693,0.137911
AAATAAGGTAGTGCCC-1,0.000047,0.000048,0.323095,0.34952,0.264269,0.063022
AAATACCTATAAGCAT-1,0.000024,0.028415,0.602148,0.154744,0.007512,0.207158
AAATAGCTTAGACTTT-1,0.000065,0.151689,0.120551,0.251321,0.219807,0.256567
AAATAGGGTGCTATTG-1,0.000028,0.044699,0.576965,0.162708,0.008576,0.207024
AAATCACTCCTAAACG-1,0.143294,0.57769,0.278356,0.000248,0.000083,0.00033
AAATCCGATACACGCC-1,0.000014,0.001358,0.163267,0.494946,0.212551,0.127865
AAATCGCGGAAGGAGT-1,0.348975,0.445246,0.205251,0.000198,0.000066,0.000264
AAATCGTGTACCACAA-1,0.000014,0.003739,0.086851,0.289984,0.009926,0.609485
AAATCTAGCCCTGCTA-1,0.000043,0.177158,0.3674,0.130971,0.149011,0.175417
AAATCTGCCCGCGTCC-1,0.53863,0.460909,0.000092,0.000138,0.000046,0.000185
AAATGACTGATCAAAC-1,0.000329,0.001842,0.066669,0.315864,0.000005,0.615291
AAATGATTCGATCAGC-1,0.019072,0.000061,0.255325,0.238482,0.197816,0.289244
AAATGCTCGTTACGTT-1,0.006001,0.003892,0.727507,0.11394,0.00661,0.142049
AAATGGCATGTCTTGT-1,0.000061,0.000061,0.503336,0.128158,0.336859,0.031525
AAATGGCCCGTGCCCT-1,0.091955,0.548139,0.095039,0.030589,0.02969,0.204588
AAATGGTCAATGTGCC-1,0.00003,0.001027,0.543946,0.085264,0.00003,0.369705
AAATGTATCTTATCCC-1,0.047047,0.050088,0.022827,0.181748,0.011257,0.687034
AAATGTGGGTGCTCCT-1,0.000076,0.518509,0.480806,0.000228,0.000076,0.000304
AAATTAACGGGTAGCT-1,0.025053,0.16642,0.373197,0.0247,0.011799,0.398831
AAATTAATAAGCGCGA-1,0.000007,0.004477,0.016135,0.11301,0.322365,0.544006
AAATTACACGACTCTG-1,0.000103,0.576016,0.331151,0.00031,0.000103,0.092316
AAATTACCTATCGATG-1,0.000051,0.252241,0.573074,0.052353,0.010053,0.112228
AAATTCCAGGTCCAAA-1,0.000017,0.042233,0.012362,0.465133,0.474531,0.005724
AAATTGATAGTCCTTT-1,0.189181,0.001304,0.185084,0.019507,0.198009,0.406914
AAATTGCGGCGGTTCT-1,0.000038,0.014803,0.614335,0.007946,0.108871,0.254008
AAATTGGTGAGAAGCA-1,0.000043,0.021848,0.805029,0.022235,0.093997,0.056848
AAATTTGCGGGTGTGG-1,0.006171,0.042672,0.018029,0.051892,0.372822,0.508414
AACAACTGGTAGTTGC-1,0.000043,0.000043,0.785085,0.007737,0.000043,0.207048
AACAATACATTGTCGA-1,0.007246,0.00268,0.005341,0.094631,0.381696,0.508405
AACAATTACTCTACGC-1,0.070912,0.000038,0.546044,0.009271,0.000038,0.373697
AACACACGCTCGCCGC-1,0.000028,0.008256,0.511753,0.298143,0.09098,0.090841
AACACGACTGTACTGA-1,0.000049,0.394776,0.000098,0.030704,0.52824,0.046133
AACACGAGACGCGGCC-1,0.087123,0.092358,0.209994,0.023201,0.058365,0.528959
AACACGCGGCCGCGAA-1,0.000049,0.004386,0.586447,0.098851,0.090639,0.219629
AACAGCTGTGTGGCAA-1,0.147684,0.060234,0.017737,0.244294,0.267584,0.262467
AACAGGAAATCGAATA-1,0.000027,0.000027,0.253475,0.399008,0.076688,0.270776
AACAGGATGGGCCGCG-1,0.104285,0.000072,0.711049,0.000102,0.000034,0.184458
AACAGGTAGTATGGAT-1,0.000031,0.021296,0.128449,0.168801,0.623755,0.057669
AACATAGCGTGTATCG-1,0.000019,0.008189,0.47278,0.495952,0.000019,0.023041
AACATATCAACTGGTG-1,0.000152,0.132668,0.438073,0.304595,0.000152,0.124361
AACATCGATACGTCTA-1,0.000096,0.133429,0.86571,0.000287,0.000096,0.000383
AACATTGAAGTTGATC-1,0.180985,0.05977,0.118542,0.347396,0.038621,0.254685
AACATTGGTCAGCCGT-1,0.000023,0.021952,0.256481,0.043439,0.581236,0.096869
AACATTGTGACTCGAG-1,0.012137,0.019971,0.271849,0.259303,0.001415,0.435325
AACCAAGACTTCTCTG-1,0.052257,0.007158,0.328412,0.041861,0.06653,0.503781
AACCATAGGGTTGAAC-1,0.733205,0.265258,0.000308,0.000461,0.000154,0.000615
AACCATGGGATCGCTA-1,0.015147,0.028504,0.601774,0.082191,0.01608,0.256305
AACCCAGAGACGGAGA-1,0.000012,0.000012,0.027004,0.074662,0.193998,0.704313
AACCCATCCCATGATC-1,0.560219,0.311868,0.000069,0.005908,0.101107,0.020829
AACCCGACAACCCGTG-1,0.001503,0.000993,0.008251,0.342902,0.218843,0.427507
AACCCGAGCAGAATCG-1,0.000057,0.021161,0.264523,0.102011,0.377995,0.234254
AACCCGATAGGGCTTC-1,0.000057,0.062804,0.516771,0.110945,0.280166,0.029257
AACCCGCTGTATTCCA-1,0.158672,0.02074,0.121375,0.570092,0.000009,0.129112
AACCCTACTGTCAATA-1,0.000027,0.111531,0.403978,0.142988,0.286994,0.054481
AACCCTGGTGGAACCA-1,0.000082,0.025672,0.742885,0.000245,0.032297,0.198819
AACCGAGCTTGGTCAT-1,0.065051,0.000042,0.336272,0.144724,0.004269,0.449642
AACCGCTAAGGGATGC-1,0.000023,0.033899,0.501457,0.266759,0.143362,0.054499
AACCGTTGTGTTTGCT-1,0.000038,0.000038,0.08175,0.145107,0.520452,0.252616
AACCTCGCTTTAGCCC-1,0.000018,0.117388,0.150627,0.267442,0.095332,0.369193
AACCTGTCACGGAATT-1,0.001755,0.007847,0.343091,0.483388,0.077997,0.085921
AACCTTTAAATACGGT-1,0.000012,0.000012,0.200571,0.211222,0.106252,0.481932
AACCTTTACGACGTCT-1,0.000249,0.342233,0.000498,0.421193,0.000249,0.235578
AACGAAAGTCGTCCCA-1,0.96068,0.039014,0.000061,0.000092,0.000031,0.000122
AACGACCTCCTAGCCG-1,0.021882,0.033245,0.237838,0.38044,0.106747,0.219846
AACGATAATGCCGTAG-1,0.035722,0.000229,0.244636,0.164883,0.090895,0.463635
AACGATAGAAGGGCCG-1,0.000018,0.103843,0.003424,0.240931,0.094558,0.557226
AACGATATGTCAACTG-1,0.000037,0.000037,0.308596,0.247978,0.156532,0.28682
AACGCATGATCTGGGT-1,0.071417,0.095695,0.348333,0.183384,0.121301,0.179871
AACGCGAACGGCAACA-1,0.000032,0.002938,0.505407,0.166532,0.09676,0.228331
AACGCGACCTTGGGCG-1,0.000008,0.000008,0.021041,0.36671,0.005821,0.606412
AACGCGGTCTCCAGCC-1,0.000044,0.01163,0.618711,0.025764,0.000044,0.343806
AACGCTGTTGCTGAAA-1,0.000024,0.06663,0.212636,0.437014,0.244333,0.039363
AACGGACGTACGTATA-1,0.000009,0.031636,0.013864,0.315836,0.608936,0.029718
AACGGCCATCTCCGGT-1,0.001959,0.006456,0.035268,0.027878,0.178194,0.750244
AACGTACTGTGGGTAC-1,0.00001,0.00001,0.019455,0.117697,0.265042,0.597787
AACGTAGTCTACCCAT-1,0.000077,0.180574,0.713624,0.000231,0.000077,0.105417
AACGTCAGACTAGTGG-1,0.036551,0.000441,0.061626,0.200629,0.007107,0.693647
AACGTCATCCGGCTTG-1,0.02007,0.006106,0.171043,0.611722,0.009385,0.181672
AACGTCGCTGCACTTC-1,0.021775,0.130426,0.28174,0.250728,0.150878,0.164452
AACGTGCGAAAGTCTC-1,0.013109,0.000269,0.387786,0.474301,0.022066,0.10247
AACGTTATCAGCACCT-1,0.040179,0.012327,0.339352,0.000393,0.013036,0.594713
AACGTTCTACCATTGT-1,0.014471,0.000099,0.114918,0.236963,0.31984,0.313709
AACTACCCGTTTGTCA-1,0.000052,0.088102,0.466251,0.445336,0.000052,0.000207
AACTAGCGTATCGCAC-1,0.103318,0.027258,0.810752,0.000296,0.000099,0.058278
AACTAGGCTTGGGTGT-1,0.125718,0.000013,0.093402,0.317363,0.011772,0.451731
AACTCAAGTTAATTGC-1,0.017442,0.000009,0.00552,0.126929,0.142892,0.707208
AACTCCAGAGCGTGTT-1,0.000017,0.015358,0.20695,0.33568,0.331206,0.110789
AACTCGATAAACACGT-1,0.000029,0.005174,0.63026,0.00263,0.217122,0.144786
AACTCGATGGCGCAGT-1,0.000057,0.250425,0.352267,0.255193,0.000057,0.142001
AACTCTCAATAGAGCG-1,0.000023,0.024525,0.261053,0.223668,0.451143,0.039588
AACTCTCAGTGTGCTC-1,0.014363,0.015579,0.724001,0.000863,0.000031,0.245163
AACTGAGGTCAGCGTC-1,0.000142,0.227317,0.351099,0.317071,0.018487,0.085884
AACTGAGTTATACTGA-1,0.000049,0.080501,0.816112,0.098818,0.000049,0.004471
AACTGATATTAGGCCT-1,0.063169,0.002263,0.155382,0.196485,0.41629,0.166411
AACTGGGTCCCGACGT-1,0.000033,0.001485,0.482371,0.075742,0.094197,0.346172
AACTGGTGTGGGCCTT-1,0.000036,0.000036,0.137359,0.318689,0.386382,0.157498
AACTTCTGCGTCTATC-1,0.043917,0.029984,0.905645,0.000135,0.000045,0.020274
AACTTGCCCGTATGCA-1,0.274145,0.000036,0.47314,0.000107,0.000036,0.252536
AACTTGCGTTCTCGCG-1,0.067072,0.000035,0.403193,0.094415,0.042636,0.392649
AACTTTACGGGAGCTT-1,0.000019,0.080695,0.279263,0.037406,0.049209,0.553408
AACTTTAGCTGCTGAG-1,0.00006,0.00006,0.570378,0.225059,0.116844,0.087599
AACTTTCTCGATCATG-1,0.000046,0.000046,0.607456,0.38111,0.000269,0.011073
AAGAAAGTTTGATGGG-1,0.457177,0.499225,0.043125,0.000177,0.000059,0.000236
AAGAAATCACCAGATT-1,0.024728,0.24248,0.269425,0.321998,0.056299,0.08507
AAGAAGGATCAGTTAG-1,0.000038,0.000038,0.607455,0.031704,0.004714,0.356051
AAGACATACGTGGTTT-1,0.005887,0.07563,0.42158,0.130422,0.077014,0.289467
AAGACCAAATAACTCA-1,0.748173,0.161257,0.030226,0.060167,0.000035,0.000142
AAGACCCAACTGAACA-1,0.000007,0.000007,0.024685,0.277414,0.020618,0.677269
AAGACTAACCCGTTGT-1,0.000078,0.000078,0.996128,0.000235,0.000078,0.003401
AAGACTGCAAGCTACT-1,0.000025,0.000025,0.481724,0.137791,0.050152,0.330284
AAGAGATGAATCGGTA-1,0.06076,0.081675,0.767621,0.000148,0.000049,0.089747
AAGAGCTCTTTATCGG-1,0.000013,0.000013,0.02029,0.458291,0.195299,0.326094
AAGAGGATGTACGCGA-1,0.000009,0.000009,0.002785,0.011652,0.302687,0.682859
AAGAGGCATGGATCGC-1,0.000027,0.055631,0.452101,0.290233,0.100123,0.101885
AAGAGGCCCTTTGGAA-1,0.001378,0.057659,0.382647,0.096399,0.117703,0.344213
AAGATGGCACCGGACC-1,0.011285,0.036555,0.330831,0.042561,0.029035,0.549732
AAGATTGGCGGAACGT-1,0.176283,0.039396,0.563183,0.033155,0.075891,0.112092
AAGCACCCTGCGTATC-1,0.000032,0.000032,0.818427,0.010591,0.013142,0.157775
AAGCATACTCTCCTGA-1,0.055889,0.025482,0.576808,0.151259,0.000026,0.190536
AAGCCACTTGCAGGTA-1,0.047766,0.023955,0.239844,0.461929,0.017063,0.209443
AAGCCGAAGCGGTTTA-1,0.000053,0.02012,0.250418,0.179993,0.302638,0.246778
AAGCCGCCGTGAAATC-1,0.217685,0.592215,0.158865,0.030916,0.000064,0.000255
AAGCCGCTTTACCTTG-1,0.028936,0.003686,0.304977,0.270699,0.128358,0.263346
AAGCCGGAGAGCAGGA-1,0.025854,0.029672,0.256817,0.365711,0.031967,0.28998
AAGCGCAGGGCTTTGA-1,0.00001,0.004448,0.093981,0.405483,0.095548,0.40053
AAGCGGAGTGCGCGCA-1,0.000033,0.00782,0.169151,0.140203,0.405897,0.276896
AAGCGTCCCTCATCGA-1,0.000035,0.241917,0.505582,0.000106,0.0005,0.251858
AAGCTAGATCGAGTAA-1,0.000007,0.000007,0.046009,0.04134,0.055976,0.856662
AAGCTATGGATTGACC-1,0.944278,0.055149,0.000114,0.000172,0.000057,0.000229
AAGCTCGTGCCAAGTC-1,0.000038,0.000038,0.773536,0.040592,0.00129,0.184505
AAGCTCTTTCATGGTG-1,0.000015,0.000015,0.13414,0.249461,0.094158,0.522211
AAGGAGAACTTATAAG-1,0.000088,0.641565,0.357645,0.000263,0.000088,0.000351
AAGGAGCGGTTGGTGC-1,0.000022,0.000022,0.245415,0.100082,0.000169,0.65429
AAGGATCGATCGCTTG-1,0.000091,0.153091,0.84609,0.000273,0.000091,0.000364
AAGGATGAGGGACCTC-1,0.010783,0.006992,0.3437,0.272581,0.318023,0.047923
AAGGCAGGCTGTCTCC-1,0.00003,0.002885,0.535004,0.408868,0.015042,0.038171
AAGGCGCGTAAAGCTT-1,0.141946,0.000039,0.734894,0.000116,0.000039,0.122966
AAGGCTGTGCTCATCG-1,0.003982,0.004316,0.206295,0.163734,0.014349,0.607323
AAGGGAACGACTGGCT-1,0.795814,0.173643,0.030221,0.000121,0.00004,0.000161
AAGGGACAGATTCTGT-1,0.000085,0.224182,0.70358,0.000254,0.000085,0.071814
AAGGGACTATGCATTC-1,0.129865,0.380773,0.008632,0.174321,0.11336,0.19305
AAGGGTTAGCCATGCG-1,0.000082,0.022911,0.297672,0.184652,0.215145,0.279538
AAGGGTTTGATTTCAG-1,0.928713,0.05233,0.018512,0.000167,0.000056,0.000223
AAGGTATCCTAATATA-1,0.000028,0.013293,0.498793,0.18191,0.175541,0.130435
AAGGTGATAAACCAGC-1,0.000016,0.012103,0.125599,0.290522,0.491028,0.080733
AAGTAAGCTTCCAAAC-1,0.054921,0.390811,0.553646,0.000233,0.000078,0.000311
AAGTAGAAGACCGGGT-1,0.000026,0.000026,0.443617,0.097102,0.048061,0.411168
AAGTAGTGACGCGAGG-1,0.000028,0.000028,0.187427,0.037344,0.027624,0.747548
AAGTCAATTGTCGTCA-1,0.015062,0.049303,0.347,0.147401,0.282033,0.1592
AAGTCTAGTAGCTGCC-1,0.007271,0.000017,0.063384,0.683195,0.14898,0.097152
AAGTCTTCTGTGGCCT-1,0.102526,0.00648,0.017506,0.342291,0.294166,0.237031
AAGTGACGACCGAATT-1,0.033219,0.003363,0.039486,0.050984,0.356476,0.516473
AAGTGAGTCGGGTTTA-1,0.000025,0.053965,0.20445,0.118184,0.054728,0.568649
AAGTGCAAAGGTAGAC-1,0.05626,0.004971,0.264287,0.118172,0.011089,0.545221
AAGTGCCTTGACTGTA-1,0.000075,0.022721,0.399667,0.05656,0.348573,0.172403
AAGTGCGTTAGAATCT-1,0.166343,0.207136,0.38071,0.001419,0.014893,0.229499
AAGTGCTTCTCTATTG-1,0.000015,0.079667,0.002939,0.634952,0.181544,0.100884
AAGTGTTTGGAGACGG-1,0.000017,0.000017,0.193202,0.138515,0.1686,0.499651
AAGTTCACTCCAAGCT-1,0.000026,0.000028,0.33791,0.394099,0.008345,0.259591
AAGTTCAGTCTGCGTA-1,0.000189,0.630411,0.224664,0.143794,0.000189,0.000754
AAGTTCGGCCAACAGG-1,0.000016,0.095092,0.236404,0.030369,0.173051,0.465067
AAGTTGTGATGTTATA-1,0.006086,0.153152,0.319169,0.080183,0.225706,0.215705
AAGTTTACTAATGGCA-1,0.244259,0.196515,0.558379,0.000318,0.000106,0.000424
AAGTTTATGGGCCCAA-1,0.001349,0.000006,0.066156,0.397719,0.015513,0.519257
AATAACAACGCTCGGC-1,0.000009,0.00136,0.138832,0.114053,0.07622,0.669527
AATAACACTAGAACAA-1,0.005358,0.197502,0.225876,0.026765,0.096607,0.447892
AATAACGTCGCGCCCA-1,0.026991,0.090275,0.287044,0.082455,0.252104,0.26113
AATAAGTCCTCGAGAC-1,0.020632,0.701181,0.277174,0.00038,0.000127,0.000507
AATAATCTTCGTATCG-1,0.000025,0.005713,0.232035,0.546338,0.016348,0.199541
AATACAATGTTTCAGG-1,0.061835,0.000041,0.468576,0.000124,0.00864,0.460784
AATACCGGAGGGCTGT-1,0.001882,0.051899,0.376138,0.066959,0.053411,0.44971
AATACCTGATGTGAAC-1,0.000022,0.840059,0.046106,0.082181,0.031545,0.000087
AATAGAACAGAGTGGC-1,0.000011,0.017536,0.079039,0.107739,0.042415,0.75326
AATAGAATCTGTTTCA-1,0.000018,0.000018,0.147425,0.363024,0.250517,0.238998
AATAGCTACCGCGTGC-1,0.000071,0.122981,0.373207,0.139105,0.225689,0.138947
AATAGGCACGACCCTT-1,0.014443,0.108511,0.152629,0.286571,0.058847,0.379
AATAGTCCGTCCCGAC-1,0.027734,0.002022,0.153297,0.25142,0.018536,0.546991
AATAGTCGCGAGTCGG-1,0.290997,0.033094,0.375066,0.002025,0.005842,0.292975
AATATCAAGGTCGGAT-1,0.000022,0.000022,0.068806,0.184985,0.636772,0.109392
AATATCCTAGCAAACT-1,0.656874,0.14054,0.177755,0.005878,0.000021,0.018932
AATATCGAATCAATGC-1,0.000062,0.031098,0.286287,0.041979,0.45961,0.180965
AATATCGAGGGTTCTC-1,0.000176,0.268772,0.551016,0.034787,0.000176,0.145074
AATATTGGAGTATTGA-1,0.090384,0.00003,0.114102,0.005292,0.169934,0.620258
AATCAGACTGCAGGAC-1,0.000026,0.000026,0.053113,0.061994,0.700972,0.183869
AATCAGGTTTCATTTA-1,0.00385,0.076515,0.085673,0.351281,0.032672,0.450009
AATCATGTAAAGACTC-1,0.000045,0.279279,0.610369,0.041362,0.032185,0.036761
AATCCAAGGGCCTGAG-1,0.000025,0.010183,0.14032,0.165861,0.121606,0.562004
AATCCATGCAAGGGTG-1,0.000033,0.02726,0.428559,0.00955,0.24341,0.291187
AATCCCGCTCAGAGCC-1,0.005366,0.000005,0.017787,0.589189,0.002769,0.384884
AATCGAGGTCTCAAGG-1,0.000015,0.040958,0.081172,0.657156,0.150703,0.069995
AATCGCCTCAGCGCCA-1,0.014686,0.054906,0.507526,0.245695,0.05152,0.125667
AATCGCGCAGAGGACT-1,0.000219,0.096513,0.438273,0.372586,0.082201,0.010208
AATCGGGACACTACGA-1,0.001776,0.004668,0.578121,0.236012,0.126329,0.053094
AATCGGTATAGCCCTC-1,0.011846,0.131823,0.250363,0.269878,0.138961,0.197129
AATCGTGAGCCGAGCA-1,0.000024,0.000024,0.52175,0.05968,0.137591,0.28093
AATCTAGGTTTACTTG-1,0.372371,0.265866,0.140516,0.035791,0.000366,0.185091
AATCTATGCCGGAGCC-1,0.000108,0.007771,0.426676,0.291352,0.002436,0.271658
AATCTCTACTGTGGTT-1,0.040159,0.063484,0.510845,0.000123,0.000041,0.385347
AATCTGCGTTGGGACG-1,0.000036,0.000036,0.586826,0.206675,0.127526,0.0789
AATCTGGCTTTCTAGT-1,0.798091,0.033723,0.167787,0.000149,0.00005,0.000199
AATGACAGCAATGTCT-1,0.032975,0.063405,0.099403,0.167463,0.093637,0.543117
AATGACGTAGGATGTC-1,0.060014,0.000027,0.484477,0.289652,0.034772,0.131058
AATGACTGTCAGCCGG-1,0.063455,0.000014,0.117027,0.163216,0.108565,0.547722
AATGAGTTCGCATATG-1,0.000046,0.000046,0.766037,0.00503,0.018314,0.210528
AATGATGATACGCTAT-1,0.000053,0.764741,0.166964,0.06768,0.000349,0.000212
AATGATGCGACTCCTG-1,0.000146,0.175089,0.41754,0.318182,0.000146,0.088897
AATGCAACCGGGTACC-1,0.000029,0.000029,0.535764,0.137433,0.001602,0.325143
AATGGCCGCCAATGCG-1,0.033942,0.203425,0.655694,0.106442,0.000099,0.000398
AATGGTCCACCGTTCA-1,0.096006,0.006031,0.474022,0.000097,0.000032,0.423812
AATGGTTCTCACAAGC-1,0.157234,0.000056,0.683999,0.000167,0.000056,0.158489
AATGTATGGCACTGTA-1,0.370386,0.543923,0.084933,0.000284,0.000095,0.000379
AATGTGCCCGAGGTGT-1,0.440005,0.3563,0.088969,0.000116,0.000039,0.114572
AATGTGCTAATCTGAG-1,0.023101,0.207582,0.560331,0.004461,0.000042,0.204483
AATGTTAAGACCCTGA-1,0.067624,0.139931,0.058442,0.725086,0.006465,0.002453
AATGTTGTCGTGAGAC-1,0.023674,0.142868,0.370087,0.098186,0.19546,0.169725
AATTAAAGGTCGGCGT-1,0.000042,0.000042,0.881662,0.005233,0.000042,0.11298
AATTAACGGATTTCCA-1,0.002945,0.000018,0.375938,0.142693,0.001725,0.476682
AATTACGAGACCCATC-1,0.922284,0.077324,0.000078,0.000118,0.000039,0.000157
AATTACTCGTACGCTC-1,0.029396,0.000011,0.061875,0.001962,0.142257,0.7645
AATTAGCGCTGCAGCG-1,0.009668,0.001328,0.088556,0.231679,0.023362,0.645407
AATTATACCCAGCAAG-1,0.022714,0.000016,0.268995,0.492336,0.151528,0.064412
AATTCATAAGGGATCT-1,0.258914,0.401233,0.339421,0.000162,0.000054,0.000216
AATTCATTGTCATGCA-1,0.730216,0.260996,0.000086,0.008488,0.000043,0.000171
AATTCCAACTTGGTGA-1,0.000022,0.012203,0.414086,0.109405,0.274122,0.190162
AATTCCAAGCATGTAC-1,0.000847,0.007861,0.233217,0.438956,0.000754,0.318365
AATTCGATTCGAGGAT-1,0.095021,0.005794,0.088715,0.42709,0.090714,0.292665
AATTCTAGAGTTAGGC-1,0.000013,0.000013,0.115998,0.176425,0.095069,0.612482
AATTGAACGCTCTGGT-1,0.000012,0.013106,0.106635,0.490646,0.190864,0.198737
AATTGCAGCAATCGAC-1,0.000048,0.63411,0.290155,0.02922,0.0426,0.003866
AATTGCGTGGATTACA-1,0.956117,0.043587,0.000059,0.000089,0.00003,0.000118
AATTGTGGTTGCCAAA-1,0.028293,0.077809,0.344996,0.340721,0.182521,0.025661
AATTTGGTTCCAAAGA-1,0.000061,0.000061,0.576052,0.141196,0.282386,0.000244
ACAAACCATGCGTCCT-1,0.185109,0.000125,0.000034,0.520968,0.221939,0.071825
ACAAACTCCATCAGAG-1,0.010203,0.028439,0.222958,0.615048,0.000249,0.123102
ACAAAGAAGGTAGGCC-1,0.125808,0.191268,0.348294,0.1269,0.000032,0.207699
ACAAAGCATGACCTAG-1,0.000028,0.17175,0.675412,0.04552,0.009094,0.098195
ACAAATCGCACCGAAT-1,0.000015,0.049873,0.028132,0.524948,0.208929,0.188103
ACAAATGGTAGTGTTT-1,0.000021,0.018389,0.261897,0.222799,0.229996,0.266898
ACAACAGCATGAGCTA-1,0.092405,0.012498,0.460191,0.130773,0.027594,0.276539
ACAACGGTCCCTGCGA-1,0.006518,0.016405,0.202856,0.033129,0.010223,0.730869
ACAAGCAGTGCCTAGC-1,0.013507,0.000009,0.00159,0.015578,0.038249,0.931066
ACAAGCTATATGGAAG-1,0.000464,0.001983,0.009474,0.099759,0.323516,0.564804
ACAAGGAAATCCGCCC-1,0.000027,0.021509,0.571731,0.206165,0.031797,0.168771
ACAAGGACAAGAGGTT-1,0.077708,0.003032,0.163732,0.003182,0.0143,0.738046
ACAAGGATGCTTTAGG-1,0.000029,0.000029,0.60801,0.235501,0.028417,0.128013
ACAAGGGCAGGCTCTG-1,0.000023,0.000023,0.642555,0.201031,0.002188,0.154179
ACAAGTAATTGTAAGG-1,0.21026,0.206931,0.07321,0.387554,0.006019,0.116026
ACAATAGTCGTACGTT-1,0.372983,0.000033,0.328664,0.000099,0.01401,0.284212
ACAATCCATTTAAACC-1,0.013445,0.018469,0.097226,0.028972,0.117844,0.724044
ACAATCGATCTTTATA-1,0.000069,0.092223,0.647745,0.000206,0.057163,0.202594
ACAATGAATACGGAGA-1,0.122624,0.493182,0.153546,0.000149,0.011602,0.218897
ACAATTGTGTCTCTTT-1,0.000041,0.223521,0.41751,0.331987,0.006997,0.019944
ACAATTTAGGAGGCTC-1,0.08647,0.050425,0.189545,0.006389,0.078524,0.588647
ACAATTTGAGCAGTGG-1,0.000035,0.009137,0.628803,0.2184,0.116101,0.027524
ACAATTTGGCCATATT-1,0.003001,0.00819,0.144697,0.652367,0.098199,0.093546
ACACAAAGACGGGTGG-1,0.000034,0.000034,0.818782,0.006147,0.000034,0.17497
ACACAAATATTCCTAG-1,0.000028,0.000721,0.238238,0.213294,0.350631,0.197088
ACACACCAGGACCAGT-1,0.000023,0.002925,0.500284,0.186704,0.14978,0.160285
ACACACTTTCTACACG-1,0.000022,0.000022,0.028196,0.337386,0.454819,0.179554
ACACATGATCAAATCT-1,0.437121,0.334202,0.227876,0.0003,0.0001,0.000401
ACACATTGACGCAACA-1,0.000023,0.000023,0.477403,0.006414,0.176321,0.339815
ACACATTTCCGTAGAC-1,0.001342,0.047742,0.657488,0.243704,0.000018,0.049705
ACACCACATAATTAGC-1,0.000021,0.035035,0.120906,0.385371,0.386777,0.07189
ACACCCAGCATGCAGC-1,0.157146,0.000023,0.391663,0.046145,0.006839,0.398184
ACACCCGAGAAATCCG-1,0.102041,0.000033,0.595037,0.003002,0.057258,0.242629
ACACCCGTAAATCTGT-1,0.011467,0.411416,0.352655,0.112739,0.000105,0.11162
ACACCGAGCGCTCTTT-1,0.018911,0.057736,0.866084,0.001327,0.00003,0.055911
ACACCGGTCTGACCGC-1,0.545953,0.438928,0.000101,0.014767,0.00005,0.000201
ACACCTTAAGTAGGGC-1,0.000019,0.000019,0.119595,0.188119,0.013219,0.679029
ACACCTTACTACTTGC-1,0.000041,0.279819,0.421064,0.228465,0.0281,0.042511
ACACGAGACTCCTTCT-1,0.000012,0.000012,0.010873,0.173553,0.296778,0.518772
ACACGGCACTATGCAT-1,0.000142,0.59359,0.40513,0.000427,0.000142,0.000569
ACACGGGAACTTAGGG-1,0.016599,0.049895,0.564186,0.166382,0.017735,0.185203
ACACGTAGGCCACAAG-1,0.00005,0.051828,0.34139,0.120597,0.222654,0.263481
ACACTCCAATGTCACT-1,0.000037,0.028003,0.723978,0.000112,0.009369,0.238501
ACACTGATCAAGGTGT-1,0.158388,0.003314,0.487384,0.016731,0.000604,0.33358
ACACTGGGACAGTCGT-1,0.020567,0.000087,0.385941,0.006009,0.135945,0.451451
ACAGAACTGAGAACAA-1,0.030789,0.280119,0.11587,0.025765,0.131115,0.416343
ACAGATTAGGTTAGTG-1,0.000061,0.000061,0.397334,0.129167,0.208675,0.264702
ACAGCATAGAGCCAGT-1,0.000075,0.000075,0.694375,0.006521,0.266145,0.03281
ACAGCGACATTCTCAT-1,0.005484,0.684846,0.181797,0.052971,0.039054,0.035848
ACAGCGCACCCGCAGC-1,0.000201,0.759979,0.237806,0.000604,0.000604,0.000805
ACAGGAGGCGCAGCCG-1,0.000037,0.281685,0.472044,0.000111,0.193351,0.052773
ACAGGCACGGATCCTT-1,0.039065,0.033059,0.055505,0.403539,0.438338,0.030494
ACAGGCTTGCCCGACT-1,0.000027,0.040304,0.407224,0.274829,0.12493,0.152686
ACAGGTGGAGGTGAGG-1,0.000013,0.009182,0.029826,0.072438,0.250609,0.637932
ACAGGTGTGTTGTTGC-1,0.0355,0.055052,0.022775,0.304561,0.282189,0.299922
ACAGTAATACAACTTG-1,0.303398,0.187771,0.31317,0.009577,0.01475,0.171333
ACAGTATACCGTGGGA-1,0.000029,0.099779,0.126916,0.504773,0.264639,0.003864
ACATAAGTCGTGGTGA-1,0.588216,0.39679,0.014603,0.000147,0.000049,0.000196
ACATAATAAGGCGGTG-1,0.009924,0.000057,0.748742,0.052031,0.05475,0.134497
ACATACAATCAAGCGG-1,0.000019,0.102945,0.215538,0.153113,0.493721,0.034664
ACATCAGCTGGGACGC-1,0.000012,0.000012,0.124083,0.015286,0.20629,0.654317
ACATCCCGGCCATACG-1,0.00001,0.00001,0.011263,0.090669,0.05933,0.838718
ACATCCTGGTAACTGT-1,0.018941,0.063093,0.356889,0.179487,0.29767,0.083919
ACATCGATCGTTTACC-1,0.094893,0.000489,0.431732,0.099659,0.018123,0.355104
ACATCGCAATATTCGG-1,0.138854,0.305987,0.371547,0.031804,0.011917,0.139891
ACATCGGTCAGCCGCG-1,0.062178,0.061963,0.200376,0.06425,0.154389,0.456843
ACATCGTATGCAATGG-1,0.006536,0.018824,0.354822,0.347258,0.014082,0.258477
ACATCGTTAACCTAGT-1,0.011227,0.354327,0.544146,0.000667,0.088744,0.000889
ACATGCTTACGGCAGC-1,0.178111,0.466253,0.000096,0.351147,0.000048,0.004344
ACATGGCGCCAAAGTA-1,0.000055,0.114057,0.307448,0.113991,0.247857,0.216592
ACATGGCTCAATTTAG-1,0.000058,0.000058,0.858652,0.020611,0.000058,0.120565
ACATTAGTTTATATCC-1,0.000022,0.006723,0.166065,0.268441,0.072016,0.486733
ACATTCGCGCGGAATA-1,0.429213,0.151815,0.340439,0.00342,0.004456,0.070657
ACATTTGAAACCTAAC-1,0.000025,0.311759,0.648037,0.036379,0.000025,0.003775
ACCAAACACCCAGCGA-1,0.0497,0.112923,0.12223,0.187331,0.514744,0.013071
ACCAAACTAGAAATCC-1,0.085197,0.48626,0.349163,0.000183,0.00415,0.075048
ACCAACACCACACACT-1,0.046738,0.041862,0.291687,0.237731,0.295229,0.086753
ACCAACCGCACTCCAC-1,0.000033,0.353945,0.484588,0.042778,0.116478,0.002178
ACCAACGCTTATTTAT-1,0.009259,0.000011,0.04347,0.290499,0.048336,0.608425
ACCAAGAACGCGTGTC-1,0.000023,0.000023,0.390167,0.256084,0.020024,0.333679
ACCAAGTCATCGGCAG-1,0.017647,0.145551,0.319008,0.026505,0.251787,0.239502
ACCAATATGCAAGTTA-1,0.000037,0.146528,0.632057,0.196063,0.000037,0.025276
ACCACAAGTTTCTATC-1,0.018304,0.000008,0.000083,0.018584,0.116399,0.846622
ACCACACGGTTGATGG-1,0.000013,0.059308,0.27422,0.446466,0.149621,0.070372
ACCACCAATGTAACAA-1,0.000067,0.459093,0.537266,0.003241,0.000067,0.000266
ACCACCCTCTCTTCTA-1,0.000028,0.209837,0.187947,0.557651,0.016234,0.028304
ACCACGTGCAGCTATA-1,0.000014,0.000014,0.108087,0.338043,0.109395,0.444448
ACCACTGTTCAAGAAG-1,0.00003,0.00003,0.762048,0.002861,0.04099,0.194041
ACCAGACCATAACAAC-1,0.097634,0.03507,0.178109,0.069478,0.239664,0.380046
ACCAGCCCGGTCTTTG-1,0.0001,0.32565,0.618756,0.000299,0.031753,0.023441
ACCAGGAGTGTGATCT-1,0.000139,0.492137,0.506611,0.000417,0.000139,0.000557
ACCAGTGCGGGAGACG-1,0.000024,0.012124,0.298422,0.176422,0.478515,0.034493
ACCATATCCGCAATAA-1,0.000012,0.000012,0.055604,0.07976,0.017024,0.847589
ACCATCCGCCAACTAG-1,0.439515,0.000096,0.038052,0.009254,0.237415,0.275668
ACCATCGTATATGGTA-1,0.26855,0.004745,0.51282,0.00012,0.00004,0.213725
ACCATTAAGGGTGTCA-1,0.000018,0.001285,0.422401,0.019734,0.185364,0.371196
ACCCAACGCCCGTGGC-1,0.000019,0.026833,0.102634,0.517685,0.270076,0.082752
ACCCACCTACATGCTC-1,0.044343,0.00554,0.469139,0.000098,0.005264,0.475616
ACCCATCTTGAGGGTA-1,0.003478,0.021659,0.118282,0.031273,0.153289,0.672019
ACCCATTTGTCCCTCT-1,0.000052,0.687406,0.257809,0.053011,0.001514,0.000209
ACCCGAGCGAAATTAC-1,0.00141,0.131016,0.048375,0.233796,0.071432,0.513972
ACCCGATTGGTTCCGA-1,0.019804,0.095004,0.177721,0.165598,0.085705,0.456169
ACCCGGAAACTCCCAG-1,0.08052,0.002512,0.068311,0.273138,0.017218,0.558302
ACCCGGAGCACCACAA-1,0.017356,0.03442,0.20594,0.136088,0.397114,0.209082
ACCCGGATGACGCATC-1,0.000047,0.174922,0.38172,0.028849,0.363174,0.051288
ACCCGGTTACACTTCC-1,0.026232,0.000007,0.000018,0.057017,0.059263,0.857462
ACCCGTAGCAGAGAAT-1,0.987815,0.011916,0.000054,0.000081,0.000027,0.000108
ACCCGTAGTCTAGTTG-1,0.038842,0.024333,0.422145,0.117609,0.12587,0.271201
ACCCGTGTCATCAGTA-1,0.000011,0.000011,0.038078,0.170472,0.022846,0.768583
ACCCTATAGGACTGAG-1,0.053571,0.009502,0.797232,0.001909,0.012039,0.125747
ACCCTATGCCATATCG-1,0.000038,0.399706,0.321356,0.006177,0.06616,0.206563
ACCCTCCCGTCAGGGC-1,0.138316,0.165891,0.307734,0.345526,0.010295,0.032239
ACCCTCCCTTGCTATT-1,0.000037,0.092043,0.598631,0.286795,0.000037,0.022457
ACCCTGGTAACGCCCT-1,0.000041,0.019531,0.360092,0.615958,0.004215,0.000164
ACCCTTCATCTGCGAA-1,0.000022,0.000022,0.006864,0.141279,0.474532,0.377282
ACCCTTGCCTGGGTCG-1,0.000043,0.010714,0.498317,0.132254,0.165578,0.193094
ACCGAAAGGGCCCTGC-1,0.023779,0.000045,0.426292,0.09588,0.277043,0.17696
ACCGAAGAGTCTGGTT-1,0.368458,0.261715,0.347781,0.000156,0.000052,0.021839
ACCGACACATCTCCCA-1,0.000022,0.000034,0.538844,0.105241,0.008142,0.347718
ACCGACTGAGTCCCAC-1,0.000033,0.000033,0.456477,0.226344,0.017801,0.299313
ACCGAGTCTCCTTATT-1,0.002761,0.000011,0.10399,0.643213,0.002664,0.247362
ACCGATAGGCATAACC-1,0.000086,0.082915,0.27357,0.215322,0.194121,0.233985
ACCGATATTTAATCAT-1,0.000042,0.000042,0.251479,0.420675,0.207282,0.120479
ACCGATGGTAGCATCG-1,0.000021,0.005581,0.254409,0.316682,0.412171,0.011136
ACCGCAATAACTGCCT-1,0.003307,0.040007,0.362575,0.351963,0.037897,0.20425
ACCGCGGTGGAAGTCG-1,0.008101,0.07187,0.428112,0.141036,0.203287,0.147594
ACCGCTAGTCATTGGT-1,0.146341,0.023977,0.018124,0.673128,0.08996,0.048471
ACCGGGCCTTTGTTGA-1,0.068344,0.108463,0.402726,0.003089,0.243152,0.174227
ACCGGTCAGGTACACC-1,0.07498,0.916782,0.000076,0.007974,0.000038,0.000151
ACCGTCCACTGGGCCC-1,0.549005,0.000011,0.000209,0.235068,0.003499,0.212208
ACCGTGACCACGTGGG-1,0.05203,0.014098,0.027086,0.055964,0.265821,0.585001
ACCGTTCCCGCTCTGA-1,0.000149,0.089869,0.908787,0.000448,0.000149,0.000597
ACCTAAGTACCTTTCA-1,0.091061,0.048239,0.391178,0.017177,0.077567,0.374777
ACCTAATCGACTTCCT-1,0.005963,0.00001,0.00268,0.02978,0.083545,0.878022
ACCTACAGTATGTGGT-1,0.000016,0.021607,0.023592,0.417185,0.513544,0.024056
ACCTACTATAAATCTA-1,0.000022,0.099224,0.407741,0.264241,0.000022,0.22875
ACCTCAGCGAGGCGCA-1,0.000052,0.121422,0.552829,0.279641,0.009729,0.036326
ACCTCCGCCCTCGCTG-1,0.000043,0.055626,0.309551,0.149717,0.342068,0.142995
ACCTCCGTTATTCACC-1,0.000124,0.026801,0.112983,0.643453,0.056119,0.160521
ACCTCGAACTTATGCT-1,0.699722,0.063301,0.000187,0.236321,0.000094,0.000375
ACCTGCGTGTCATGTT-1,0.321702,0.407941,0.259511,0.000147,0.000049,0.01065
ACGAAATGGGCGGCAC-1,0.008476,0.000013,0.041489,0.039313,0.107899,0.80281
ACGACCCATGAGTTGC-1,0.06407,0.010339,0.359399,0.226964,0.097705,0.241523
ACGACTCTAGGGCCGA-1,0.00001,0.003407,0.115102,0.380392,0.471547,0.029542
ACGACTGGTCATACTC-1,0.092581,0.121916,0.45053,0.088758,0.000023,0.246192
ACGAGAACCCATCACG-1,0.00004,0.005,0.884352,0.068781,0.004546,0.037281
ACGAGATATTTGCTTA-1,0.000349,0.430932,0.56593,0.001046,0.000349,0.001395
ACGAGGATACCACTCT-1,0.288969,0.044659,0.375392,0.000117,0.023233,0.26763
ACGAGGTTTACAACGT-1,0.311142,0.159579,0.06372,0.123772,0.000033,0.341754
ACGAGTACGGATGCCC-1,0.000112,0.327761,0.532345,0.010377,0.000112,0.129294
ACGAGTCGCCGGCGTT-1,0.000023,0.006252,0.503833,0.000068,0.256554,0.23327
ACGATACATAGAACTA-1,0.000029,0.044379,0.373316,0.249911,0.19762,0.134745
ACGATACCTATCCTGA-1,0.134201,0.000011,0.137506,0.072652,0.1371,0.51853
ACGATCATACATAGAG-1,0.000018,0.002424,0.170697,0.110241,0.081543,0.635077
ACGATCATCTTGTAAA-1,0.037624,0.108336,0.169291,0.207829,0.264946,0.211973
ACGATGCATATGTTAT-1,0.018537,0.008022,0.546757,0.001728,0.001552,0.423403
ACGATGGATCCGATGC-1,0.000077,0.096965,0.3094,0.064024,0.372529,0.157005
ACGCAAACTAATAGAT-1,0.002155,0.004827,0.062292,0.229635,0.020448,0.680644
ACGCAATCACTACAGC-1,0.000109,0.064086,0.218083,0.205083,0.20107,0.311568
ACGCATACGTTTACTA-1,0.164473,0.222332,0.255688,0.000192,0.08824,0.269076
ACGCATTCGTGAGTAC-1,0.010935,0.002701,0.543387,0.049263,0.060314,0.3334
ACGCCACTCGAAACAG-1,0.000011,0.001538,0.403009,0.37867,0.000406,0.216366
ACGCCAGATGATTTCT-1,0.000095,0.172442,0.371107,0.353054,0.006819,0.096484
ACGCCAGTGCGTTTGC-1,0.000032,0.569293,0.430111,0.000402,0.000032,0.000129
ACGCCGCTAGACGACC-1,0.000022,0.000022,0.30693,0.16084,0.044075,0.488111
ACGCCTGACACGCGCT-1,0.027586,0.170101,0.396122,0.000163,0.066686,0.339342
ACGCGAAGTCAGACGA-1,0.000013,0.034079,0.138238,0.22751,0.08322,0.516939
ACGCGCTACACAGGGT-1,0.014819,0.000329,0.631201,0.008851,0.005624,0.339177
ACGCGGGCCAAGGACA-1,0.000039,0.000019,0.249385,0.102404,0.099184,0.548969
ACGCGTTTCTTAAGAG-1,0.051167,0.007496,0.462028,0.001318,0.002868,0.475123
ACGCTACTGAATGGGC-1,0.000059,0.061517,0.255312,0.185548,0.266055,0.231508
ACGCTAGTATCAGTGC-1,0.0752,0.18434,0.56681,0.096367,0.00017,0.077113
ACGCTAGTGATACACT-1,0.062316,0.167852,0.218032,0.45444,0.000189,0.097171
ACGCTGTGAGGCGTAG-1,0.172589,0.088942,0.072295,0.000624,0.265562,0.399988
ACGGAACACGAGTGCC-1,0.000016,0.779737,0.106652,0.063867,0.049663,0.000064
ACGGAATTTAGCAAAT-1,0.166365,0.000037,0.621172,0.023911,0.000037,0.188479
ACGGACGCAGCGACAA-1,0.490228,0.000555,0.000037,0.379303,0.00122,0.128657
ACGGACTCTCAAAGCG-1,0.001944,0.002177,0.146977,0.293111,0.070697,0.485095
ACGGAGCGCAAATTAC-1,0.032177,0.006558,0.289685,0.072063,0.209972,0.389545
ACGGATGGTGCGGATA-1,0.000045,0.000045,0.792252,0.0802,0.007195,0.120264
ACGGCACTTGCTTGGG-1,0.032973,0.000007,0.005743,0.282189,0.038037,0.641051
ACGGCCAACATGGACT-1,0.115654,0.000011,0.167865,0.040303,0.01789,0.658278
ACGGCGACGATGGGAA-1,0.007235,0.006164,0.103017,0.220934,0.172782,0.489869
ACGGCGGGTTGCCCTG-1,0.000022,0.000022,0.047342,0.136201,0.593071,0.223341
ACGGCTGGATGTAGAA-1,0.45927,0.022116,0.030465,0.355625,0.060612,0.071911
ACGGGAGTGTCGGCCC-1,0.028222,0.023016,0.012512,0.045708,0.405109,0.485433
ACGGGCGTATGCGACA-1,0.000032,0.000032,0.436024,0.277798,0.130611,0.155504
ACGGGTCATGTGACTT-1,0.000009,0.000715,0.123637,0.021394,0.074114,0.780131
ACGGGTTGTGACCTGT-1,0.572818,0.426666,0.000103,0.000155,0.000052,0.000206
ACGGTACAGTTCAATG-1,0.000023,0.089453,0.428206,0.45099,0.028928,0.0024
ACGGTCACCGAGAACA-1,0.970518,0.029302,0.000036,0.000054,0.000018,0.000072
ACGTACAGATTTCTCT-1,0.000047,0.043282,0.069461,0.378277,0.482115,0.026818
ACGTACTTTGGCACGG-1,0.041689,0.028249,0.057294,0.538832,0.062525,0.271411
ACGTAGATTGCTGATG-1,0.064236,0.000036,0.795034,0.016605,0.000036,0.124053
ACGTAGGAGAGTCGCT-1,0.000047,0.133537,0.129281,0.485487,0.002106,0.249541
ACGTATTACTCCGATC-1,0.000035,0.056753,0.385668,0.011638,0.411314,0.134592
ACGTCGGGCAACTCGG-1,0.477564,0.090959,0.079092,0.05299,0.116007,0.183388
ACGTCTCGTTCCGGGA-1,0.224213,0.433611,0.161017,0.032731,0.015205,0.133223
ACGTGACAAAGTAAGT-1,0.1468,0.362413,0.351939,0.119,0.00004,0.019808
ACGTGCGCCTCGTGCA-1,0.000042,0.000042,0.495091,0.164987,0.076081,0.263757
ACGTTAATGTCGAAGA-1,0.017285,0.000022,0.357016,0.086399,0.080169,0.459109
ACGTTAGATTTGCCCG-1,0.006496,0.00004,0.457006,0.000121,0.027883,0.508454
ACGTTATTGGTCACTC-1,0.049475,0.007888,0.176701,0.036938,0.085745,0.643253
ACGTTCACTATGCCGC-1,0.011421,0.000005,0.000009,0.517406,0.266443,0.204717
ACGTTCCGCGCTCCGT-1,0.000085,0.000085,0.905811,0.01572,0.000085,0.078213
ACGTTCGCAATCAATT-1,0.000103,0.000103,0.335173,0.214203,0.24764,0.202777
ACGTTCGTTCAGGAAA-1,0.049215,0.025751,0.527113,0.01025,0.008573,0.379099
ACGTTCTGTACAAGTC-1,0.00003,0.00003,0.414631,0.232276,0.33438,0.018653
ACGTTGTCGTTGAAAG-1,0.008562,0.11597,0.173049,0.542162,0.043844,0.116413
ACGTTTAGTTGTGATC-1,0.000107,0.000107,0.718857,0.193753,0.029502,0.057675
ACGTTTCGGTGCACTT-1,0.000044,0.10544,0.169701,0.421565,0.137811,0.165439
ACTAAGGACGCACACC-1,0.000053,0.000053,0.513297,0.024292,0.308644,0.153661
ACTACAAAGAGAGGTG-1,0.001572,0.000005,0.037871,0.329208,0.005856,0.625488
ACTACATCCCGACAAG-1,0.51497,0.410951,0.073743,0.000126,0.000042,0.000168
ACTACCAGCTCTCTGG-1,0.000033,0.030015,0.396064,0.081949,0.000038,0.491901
ACTACCATCCGAGGGC-1,0.061026,0.1886,0.082232,0.454221,0.034075,0.179847
ACTACGCGTTAGAATT-1,0.000015,0.012412,0.314011,0.174732,0.004255,0.494575
ACTAGTTGCGATCGTC-1,0.039031,0.003063,0.288425,0.083153,0.503504,0.082824
ACTATCCAGGGCATGG-1,0.000078,0.158104,0.723311,0.080963,0.037014,0.000529
ACTATCGCCGGCTAAA-1,0.000011,0.000011,0.251998,0.002719,0.111375,0.633887
ACTATCTGCCCGCGTA-1,0.000067,0.031704,0.385158,0.136787,0.357705,0.08858
ACTATGTCCAGCTGCC-1,0.744775,0.150139,0.104646,0.000165,0.000055,0.00022
ACTATTCGTCCGTGGT-1,0.083222,0.011154,0.483979,0.126315,0.092043,0.203287
ACTATTTCCGGGCCCA-1,0.003566,0.084779,0.010739,0.2046,0.271039,0.425278
ACTCAACGAATGTATT-1,0.000047,0.000047,0.389293,0.060512,0.270931,0.27917
ACTCAAGTGCAAGGCT-1,0.000029,0.000029,0.442743,0.284249,0.042779,0.230171
ACTCAATAAAGGCACG-1,0.031644,0.000016,0.002709,0.160216,0.436081,0.369334
ACTCAGACCTGCTTCT-1,0.066643,0.08835,0.388123,0.195677,0.164616,0.096591
ACTCATGGCAGCCTTC-1,0.353681,0.616463,0.000262,0.028939,0.000131,0.000524
ACTCCAATATCATCAT-1,0.086976,0.120806,0.497133,0.039845,0.069624,0.185615
ACTCCCATTCCTAAAG-1,0.092835,0.175094,0.113407,0.250282,0.012891,0.355491
ACTCCCGAATTCGTTT-1,0.000089,0.603864,0.262359,0.133243,0.000089,0.000356
ACTCCCGTAGACTAGG-1,0.000051,0.000051,0.671605,0.273239,0.010624,0.044429
ACTCCCTAATGCTAAA-1,0.005282,0.003825,0.236985,0.298241,0.038067,0.4176
ACTCCCTAGAATAGTA-1,0.000005,0.000005,0.031086,0.146262,0.003599,0.819042
ACTCCGGCCGACCACT-1,0.000006,0.000006,0.002539,0.206463,0.685091,0.105895
ACTCGATGTATTTCAT-1,0.064131,0.000017,0.197142,0.015203,0.089043,0.634465
ACTCGCCGTTCGATAA-1,0.019465,0.043872,0.338905,0.242775,0.137518,0.217464
ACTCGCGATCTGACGC-1,0.021945,0.007509,0.076125,0.581692,0.087371,0.225358
ACTCGTAACCCGTCCT-1,0.284602,0.116823,0.356702,0.001868,0.05604,0.183964
ACTCGTCAGTAATCCC-1,0.029804,0.00001,0.009202,0.377959,0.232456,0.350568
ACTCTAAACCTGGGAT-1,0.02335,0.05347,0.330188,0.156556,0.015372,0.421065
ACTCTCTGACTTAGGT-1,0.005614,0.00002,0.183627,0.274462,0.149161,0.387116
ACTCTGACCTAATAGA-1,0.000029,0.593099,0.000058,0.40667,0.000029,0.000116
ACTCTTCAGCTCCCGC-1,0.000016,0.003149,0.021418,0.509851,0.175318,0.290248
ACTCTTGTATAGTAAC-1,0.000038,0.000038,0.927962,0.041232,0.000038,0.030692
ACTGAAACGCCGTTAG-1,0.000026,0.029349,0.478721,0.38772,0.071526,0.032659
ACTGAATGGCGAAAGT-1,0.003749,0.000837,0.496385,0.210768,0.161726,0.126535
ACTGCCCGCCATTCTC-1,0.131096,0.318364,0.318178,0.001719,0.008721,0.221921
ACTGCCGTCGTAACTC-1,0.000074,0.000074,0.63391,0.196037,0.035735,0.134171
ACTGCGGACACACCGT-1,0.056627,0.00004,0.483288,0.422857,0.014519,0.022668
ACTGCTCGGAAGGATG-1,0.453966,0.243883,0.168322,0.000133,0.000044,0.133652
ACTGGCGAACCTGCGT-1,0.000077,0.000077,0.798726,0.056768,0.12783,0.016523
ACTGGGATGCCAGTGC-1,0.014788,0.235288,0.284782,0.353814,0.000018,0.111311
ACTGTACGATACACAT-1,0.000026,0.006996,0.101424,0.39817,0.193474,0.29991
ACTGTAGCACTTTGGA-1,0.006564,0.068283,0.282498,0.000113,0.010189,0.632353
ACTGTATACGCGAGCA-1,0.043083,0.000028,0.240474,0.135879,0.113351,0.467184
ACTGTCCAGGATTATA-1,0.003956,0.000019,0.107218,0.091134,0.05221,0.745463
ACTGTCTTCTTTAGAA-1,0.214036,0.016594,0.198338,0.051361,0.011122,0.508549
ACTGTGCTAGTAGATC-1,0.000069,0.000069,0.908942,0.073825,0.007712,0.009384
ACTGTTTAGTGTAGGC-1,0.000146,0.50206,0.496626,0.000438,0.000146,0.000584
ACTTACGCATCCACGC-1,0.00003,0.021092,0.350788,0.269392,0.059122,0.299576
ACTTAGTACGACAAGA-1,0.004161,0.235109,0.630143,0.011413,0.034584,0.084589
ACTTATACTTACCCGG-1,0.000023,0.247263,0.047412,0.583441,0.097218,0.024642
ACTTATCTGATCTATA-1,0.0001,0.455617,0.543479,0.000301,0.0001,0.000402
