Barcode,Topic 1,Topic 2,Topic 3to4,Topic 5,Topic 6to7,Topic 8to12
AAACAACGAATAGTTC-1,0.000029,0.136346,0.118758,0.000029,0.086361,0.658477
AAACAAGTATCTCCCA-1,0.188694,0.092983,0.275735,0.000018,0.043173,0.399397
AAACAATCTACTAGCA-1,0.002862,0.000051,0.788644,0.021944,0.000102,0.186397
AAACACCAATAACTGC-1,0.042511,0.142359,0.486442,0.09586,0.135955,0.096873
AAACAGAGCGACTCCT-1,0.000084,0.775738,0.127914,0.000042,0.000085,0.096136
AAACAGCTTTCAGAAG-1,0.038396,0.003798,0.732119,0.000044,0.000088,0.225554
AAACAGGGTCTATATT-1,0.037633,0.000042,0.937597,0.023021,0.000085,0.001622
AAACAGTGTTCCTGGG-1,0.039473,0.171945,0.096872,0.000016,0.267932,0.423762
AAACATGGTGAGAGGA-1,0.000019,0.011687,0.392597,0.113156,0.282715,0.199826
AAACATTTCCCGGATT-1,0.515896,0.028078,0.408907,0.037567,0.00008,0.009472
AAACCACTACACAGAT-1,0.101965,0.029274,0.041117,0.082532,0.202612,0.5425
AAACCCGAACGAAATC-1,0.682788,0.153068,0.157166,0.000026,0.003488,0.003463
AAACCGGAAATGTTAA-1,0.910375,0.018803,0.011338,0.008264,0.000049,0.051171
AAACCGGGTAGGTACC-1,0.04029,0.030652,0.905805,0.000101,0.000203,0.022949
AAACCGTTCGTCCAGG-1,0.000016,0.000016,0.000032,0.022795,0.158752,0.818389
AAACCTAAGCAGCCGG-1,0.03916,0.002003,0.385373,0.009367,0.012863,0.551233
AAACCTCATGAAGTTG-1,0.023684,0.014023,0.60642,0.124204,0.022252,0.209417
AAACGAAGAACATACC-1,0.000035,0.009803,0.443745,0.000035,0.00007,0.546312
AAACGAAGATGGAGTA-1,0.000018,0.027491,0.068085,0.000018,0.166516,0.737873
AAACGACAGTCTTGCC-1,0.044839,0.142731,0.001737,0.001004,0.157549,0.652139
AAACGAGACGGTTGAT-1,0.000018,0.006877,0.22467,0.026124,0.08625,0.65606
AAACGCCCGAGATCGG-1,0.000008,0.002572,0.000016,0.008667,0.657995,0.330742
AAACGCTGGGCACGAC-1,0.970601,0.000017,0.000034,0.02923,0.000034,0.000084
AAACGGGCGTACGGGT-1,0.14863,0.033488,0.558228,0.000026,0.002584,0.257044
AAACGGGTTGGTATCC-1,0.000022,0.013399,0.160145,0.020909,0.127514,0.678011
AAACGGTTGCGAACTG-1,0.013254,0.000909,0.038727,0.021637,0.033308,0.892165
AAACGTGTTCGCCCTA-1,0.061145,0.139476,0.04146,0.000015,0.403555,0.354349
AAACTAACGTGGCGAC-1,0.002228,0.214106,0.011236,0.015819,0.63206,0.124551
AAACTCGGTTCGCAAT-1,0.000006,0.000006,0.003457,0.008662,0.011265,0.976602
AAACTCGTGATATAAG-1,0.000005,0.000005,0.000011,0.000005,0.616335,0.383639
AAACTGCTGGCTCCAA-1,0.008377,0.126236,0.072619,0.44469,0.022927,0.32515
AAACTTAATTGCACGC-1,0.050923,0.225879,0.411936,0.035048,0.275834,0.00038
AAACTTGCAAACGTAT-1,0.136633,0.095594,0.498272,0.000158,0.042911,0.22643
AAAGAATGACCTTAGA-1,0.000013,0.10487,0.104833,0.000036,0.23941,0.550839
AAAGAATGTGGACTAA-1,0.987691,0.000024,0.000048,0.01207,0.000048,0.00012
AAAGACATGAAGTTTA-1,0.000072,0.402177,0.093721,0.05894,0.097412,0.347678
AAAGACTGGGCGCTTT-1,0.049713,0.046839,0.416324,0.091581,0.137505,0.258037
AAAGCTTGCCTACATA-1,0.067054,0.117723,0.033175,0.000013,0.518152,0.263883
AAAGGCCCTATAATAC-1,0.025279,0.074045,0.416548,0.024729,0.124063,0.335337
AAAGGCTACGGACCAT-1,0.02231,0.044517,0.148248,0.053032,0.042666,0.689227
AAAGGCTCTCGCGCCG-1,0.041124,0.033137,0.003581,0.001113,0.058405,0.86264
AAAGGGATGTAGCAAG-1,0.000079,0.396122,0.315668,0.000079,0.000157,0.287896
AAAGGGCAGCTTGAAT-1,0.025919,0.000026,0.168105,0.10082,0.001688,0.703442
AAAGGTAAGCTGTACC-1,0.039571,0.570081,0.073164,0.001387,0.005391,0.310406
AAAGGTCAACGACATG-1,0.039609,0.081246,0.116244,0.028058,0.315168,0.419675
AAAGTAGCATTGCTCA-1,0.000064,0.000064,0.901966,0.083017,0.01457,0.000319
AAAGTCACTGATGTAA-1,0.042157,0.000066,0.957246,0.000066,0.000133,0.000331
AAAGTCGACCCTCAGT-1,0.008759,0.00005,0.654596,0.174582,0.000099,0.161915
AAAGTGCCATCAATTA-1,0.983963,0.000017,0.000033,0.000017,0.015888,0.000083
AAAGTGTGATTTATCT-1,0.094012,0.383581,0.329083,0.00003,0.000369,0.192926
AAAGTTGACTCCCGTA-1,0.052776,0.088092,0.19314,0.004021,0.168701,0.493271
AAATAACCATACGGGA-1,0.000052,0.369358,0.500157,0.000052,0.000105,0.130275
AAATAAGGTAGTGCCC-1,0.235843,0.476066,0.063307,0.000022,0.009153,0.215608
AAATACCTATAAGCAT-1,0.025243,0.003012,0.000017,0.009708,0.074326,0.887694
AAATAGCTTAGACTTT-1,0.052792,0.06696,0.088434,0.000011,0.349347,0.442456
AAATAGGGTGCTATTG-1,0.021451,0.375084,0.193847,0.000024,0.000455,0.409138
AAATCACTCCTAAACG-1,0.003784,0.234906,0.005335,0.022159,0.547911,0.185904
AAATCCGATACACGCC-1,0.145639,0.100979,0.436514,0.000025,0.081721,0.235122
AAATCGCGGAAGGAGT-1,0.000053,0.000384,0.774324,0.191143,0.000106,0.03399
AAATCGTGTACCACAA-1,0.00004,0.055588,0.339334,0.03314,0.000118,0.57178
AAATCTAGCCCTGCTA-1,0.194366,0.053158,0.143267,0.001787,0.098964,0.508457
AAATCTGCCCGCGTCC-1,0.065942,0.467721,0.114772,0.05611,0.105076,0.190378
AAATGACTGATCAAAC-1,0.062006,0.158554,0.224049,0.01247,0.128153,0.414767
AAATGATTCGATCAGC-1,0.020878,0.365066,0.099877,0.000026,0.271353,0.2428
AAATGCTCGTTACGTT-1,0.023506,0.000049,0.332742,0.64336,0.000098,0.000245
AAATGGCATGTCTTGT-1,0.00007,0.309828,0.515684,0.00007,0.00014,0.174208
AAATGGCCCGTGCCCT-1,0.03818,0.076958,0.483,0.079111,0.141507,0.181246
AAATGGTCAATGTGCC-1,0.000052,0.271345,0.16767,0.175532,0.000105,0.385295
AAATGTATCTTATCCC-1,0.023409,0.072313,0.903369,0.000114,0.000227,0.000568
AAATGTGGGTGCTCCT-1,0.051574,0.094953,0.209628,0.317325,0.067094,0.259427
AAATTAACGGGTAGCT-1,0.000018,0.018713,0.000037,0.000018,0.200176,0.781039
AAATTAATAAGCGCGA-1,0.087854,0.03,0.336172,0.407009,0.095808,0.043158
AAATTACACGACTCTG-1,0.030862,0.122012,0.082136,0.009184,0.400802,0.355004
AAATTACCTATCGATG-1,0.03157,0.131545,0.005531,0.283054,0.173834,0.374466
AAATTCCAGGTCCAAA-1,0.528666,0.023433,0.223455,0.000017,0.035861,0.188568
AAATTGATAGTCCTTT-1,0.000033,0.114518,0.000066,0.000033,0.403387,0.481963
AAATTGCGGCGGTTCT-1,0.000024,0.003225,0.000049,0.000024,0.115091,0.881586
AAATTGGTGAGAAGCA-1,0.001239,0.013466,0.009387,0.000158,0.746282,0.229468
AAATTTACCGAAATCC-1,0.000007,0.000651,0.000161,0.000007,0.095577,0.903596
AAATTTGCGGGTGTGG-1,0.000081,0.300869,0.611669,0.000081,0.000162,0.087138
AACAACTGGTAGTTGC-1,0.017425,0.00002,0.217965,0.029284,0.00004,0.735266
AACAATACATTGTCGA-1,0.000032,0.146986,0.13293,0.000079,0.065417,0.654555
AACAATTACTCTACGC-1,0.012427,0.010167,0.188093,0.282252,0.011601,0.495461
AACACACGCTCGCCGC-1,0.029627,0.109997,0.192417,0.000016,0.162164,0.505779
AACACGACTGTACTGA-1,0.000036,0.063096,0.190359,0.009447,0.003931,0.733131
AACACGAGACGCGGCC-1,0.052001,0.000029,0.2564,0.024866,0.003101,0.663603
AACACGCGGCCGCGAA-1,0.000065,0.000088,0.946677,0.052712,0.000131,0.000327
AACAGCTGTGTGGCAA-1,0.000053,0.24652,0.040014,0.044503,0.051047,0.617863
AACAGGAAATCGAATA-1,0.000044,0.234291,0.290691,0.000044,0.003486,0.471444
AACAGGATGGGCCGCG-1,0.000105,0.120616,0.148682,0.496125,0.038868,0.195603
AACAGGTAGTATGGAT-1,0.704613,0.10771,0.135283,0.000036,0.052179,0.000179
AACATAGCGTGTATCG-1,0.529925,0.090577,0.156995,0.000045,0.019556,0.202903
AACATATCAACTGGTG-1,0.011801,0.081871,0.04095,0.024877,0.744647,0.095855
AACATCGATACGTCTA-1,0.030643,0.093918,0.173887,0.000012,0.606344,0.095195
AACATTGAAGTTGATC-1,0.001384,0.157289,0.176419,0.050772,0.083742,0.530394
AACATTGGTCAGCCGT-1,0.00003,0.007651,0.099662,0.044357,0.076064,0.772235
AACATTGTGACTCGAG-1,0.029366,0.150732,0.350532,0.027573,0.020991,0.420805
AACCAAGACTTCTCTG-1,0.000105,0.051149,0.116978,0.628471,0.202771,0.000526
AACCAGTATCACTCTT-1,0.000024,0.21403,0.035716,0.000024,0.180451,0.569756
AACCATAGGGTTGAAC-1,0.052091,0.126584,0.338782,0.382026,0.100069,0.000448
AACCATGGGATCGCTA-1,0.077055,0.000056,0.351112,0.111084,0.032921,0.427773
AACCCAGAGACGGAGA-1,0.026117,0.068527,0.356463,0.34107,0.182336,0.025487
AACCCATCCCATGATC-1,0.029061,0.140883,0.621343,0.164659,0.035676,0.008378
AACCCGACAACCCGTG-1,0.040128,0.383314,0.251302,0.031407,0.00923,0.284619
AACCCGAGCAGAATCG-1,0.768935,0.00949,0.221277,0.000037,0.000074,0.000186
AACCCGATAGGGCTTC-1,0.000956,0.392404,0.072218,0.020015,0.222639,0.291769
AACCCGCTGTATTCCA-1,0.0304,0.074194,0.205675,0.150646,0.293408,0.245676
AACCCTACTGTCAATA-1,0.021103,0.139459,0.18331,0.000017,0.090965,0.565145
AACCCTGGTGGAACCA-1,0.000017,0.027417,0.039067,0.000017,0.097676,0.835805
AACCGAGCTTGGTCAT-1,0.000009,0.003426,0.000018,0.000009,0.085785,0.910754
AACCGCTAAGGGATGC-1,0.031316,0.303522,0.188207,0.00002,0.039955,0.436981
AACCGTTGTGTTTGCT-1,0.012952,0.188118,0.247296,0.079903,0.122032,0.3497
AACCTAAAGCCGTCCG-1,0.000018,0.002494,0.012176,0.000018,0.076404,0.908889
AACCTCGCTTTAGCCC-1,0.112196,0.046776,0.209652,0.195366,0.051226,0.384784
AACCTGTCACGGAATT-1,0.076302,0.00001,0.000021,0.001674,0.500527,0.421466
AACCTTTAAATACGGT-1,0.000014,0.016057,0.000565,0.000014,0.03284,0.950509
AACCTTTACGACGTCT-1,0.015424,0.407817,0.15646,0.023086,0.162255,0.234958
AACGAAAGTCGTCCCA-1,0.000044,0.000044,0.999564,0.000044,0.000087,0.000218
AACGACCTCCTAGCCG-1,0.961255,0.000023,0.038537,0.000023,0.000046,0.000116
AACGATAATGCCGTAG-1,0.000019,0.034217,0.244572,0.000019,0.045502,0.675672
AACGATAGAAGGGCCG-1,0.000062,0.000062,0.999385,0.000062,0.000123,0.000308
AACGATATGTCAACTG-1,0.044262,0.075998,0.01897,0.000022,0.068687,0.792061
AACGCATGATCTGGGT-1,0.126884,0.413681,0.162485,0.013487,0.145296,0.138167
AACGCGAACGGCAACA-1,0.000017,0.001759,0.078308,0.000017,0.138546,0.781352
AACGCGACCTTGGGCG-1,0.000018,0.026344,0.194082,0.000018,0.054177,0.725362
AACGCGGTCTCCAGCC-1,0.000046,0.272057,0.14514,0.000046,0.114953,0.467756
AACGCTGTTGCTGAAA-1,0.131148,0.021335,0.520455,0.000032,0.016368,0.310661
AACGGACGTACGTATA-1,0.000012,0.115408,0.028247,0.000012,0.106683,0.749639
AACGGCCATCTCCGGT-1,0.000043,0.200437,0.273593,0.000043,0.051074,0.47481
AACGTACTGTGGGTAC-1,0.000017,0.000017,0.000034,0.00317,0.239413,0.75735
AACGTAGTCTACCCAT-1,0.000084,0.000084,0.917253,0.000084,0.000167,0.082329
AACGTCAGACTAGTGG-1,0.023615,0.002461,0.816956,0.019171,0.075195,0.062602
AACGTCATCCGGCTTG-1,0.00008,0.00008,0.057396,0.00008,0.000159,0.942205
AACGTCGCTGCACTTC-1,0.923367,0.000046,0.076217,0.000046,0.000092,0.000231
AACGTGATGAAGGACA-1,0.00006,0.481041,0.446056,0.00006,0.00012,0.072662
AACGTGCGAAAGTCTC-1,0.003293,0.042195,0.01039,0.14996,0.173007,0.621156
AACGTTATCAGCACCT-1,0.103703,0.000095,0.895439,0.000095,0.000191,0.000477
AACGTTCTACCATTGT-1,0.94588,0.000064,0.050117,0.000064,0.000129,0.003746
AACTACCCGTTTGTCA-1,0.675354,0.021547,0.07446,0.001416,0.056166,0.171056
AACTAGCGTATCGCAC-1,0.06747,0.000057,0.25119,0.083322,0.071949,0.526013
AACTAGGCTTGGGTGT-1,0.000036,0.262397,0.112528,0.009317,0.014061,0.601661
AACTCAAGTTAATTGC-1,0.000024,0.061325,0.018952,0.05905,0.165146,0.695503
AACTCCAGAGCGTGTT-1,0.229306,0.014061,0.264398,0.000029,0.011484,0.480722
AACTCCTAATCCCATG-1,0.000011,0.005618,0.010388,0.007699,0.3656,0.610684
AACTCGATAAACACGT-1,0.000038,0.089478,0.530184,0.035253,0.00248,0.342567
AACTCGATGGCGCAGT-1,0.000093,0.000093,0.999069,0.000093,0.000186,0.000466
AACTCTCAATAGAGCG-1,0.079882,0.190219,0.14534,0.036148,0.332833,0.215579
AACTCTCAGTGTGCTC-1,0.000052,0.253719,0.169724,0.000052,0.002644,0.573808
AACTGAGGTCAGCGTC-1,0.000025,0.350561,0.052509,0.000025,0.185435,0.411445
AACTGAGTTATACTGA-1,0.87672,0.000025,0.077203,0.044789,0.001136,0.000127
AACTGATATTAGGCCT-1,0.000031,0.027704,0.000061,0.000031,0.247624,0.72455
AACTGGGTCCCGACGT-1,0.000055,0.562516,0.184417,0.000055,0.00011,0.252848
AACTGGGTTCGAGCCG-1,0.000011,0.014599,0.000022,0.007199,0.394175,0.583995
AACTGGTGTGGGCCTT-1,0.045979,0.000031,0.299801,0.015953,0.013564,0.624672
AACTTCTGCGTCTATC-1,0.000112,0.000112,0.99888,0.000112,0.000224,0.00056
AACTTGCCCGTATGCA-1,0.015092,0.000037,0.138238,0.343036,0.003088,0.500509
AACTTGCGTTCTCGCG-1,0.051508,0.173808,0.649416,0.000153,0.12435,0.000765
AACTTTACGGGAGCTT-1,0.030717,0.00007,0.383044,0.21616,0.000139,0.369869
AACTTTAGCTGCTGAG-1,0.001557,0.000056,0.298177,0.114244,0.029067,0.5569
AACTTTCTCGATCATG-1,0.043922,0.245945,0.021146,0.009264,0.459873,0.219849
AAGAAAGTTTGATGGG-1,0.063672,0.324812,0.547814,0.00004,0.06346,0.000202
AAGAAATCACCAGATT-1,0.043118,0.181746,0.027199,0.01629,0.716846,0.0148
AAGAAGGATCAGTTAG-1,0.000068,0.000068,0.999324,0.000068,0.000135,0.000338
AAGACATACGTGGTTT-1,0.896459,0.048767,0.036884,0.000022,0.017759,0.000109
AAGACCAAATAACTCA-1,0.024512,0.006296,0.510236,0.259581,0.038257,0.161117
AAGACCCAACTGAACA-1,0.000011,0.002667,0.063013,0.000011,0.04913,0.885168
AAGACTAACCCGTTGT-1,0.000058,0.127351,0.441773,0.009111,0.000117,0.42159
AAGACTCACGCCCACT-1,0.000055,0.618696,0.201655,0.000055,0.000109,0.179431
AAGACTGCAAGCTACT-1,0.106279,0.050119,0.200313,0.000041,0.013777,0.629471
AAGAGATGAATCGGTA-1,0.019846,0.000029,0.177427,0.289383,0.000058,0.513258
AAGAGCTCTTTATCGG-1,0.000018,0.012372,0.081581,0.040529,0.063383,0.802118
AAGAGGATGTACGCGA-1,0.011779,0.000019,0.195853,0.051301,0.000037,0.741011
AAGAGGCATGGATCGC-1,0.096537,0.01344,0.015235,0.051362,0.112788,0.710638
AAGAGGCCCTTTGGAA-1,0.341379,0.010206,0.048616,0.026432,0.166196,0.407172
AAGATGGCACCGGACC-1,0.00713,0.192138,0.113259,0.000034,0.088499,0.59894
AAGATTGGCGGAACGT-1,0.000008,0.000008,0.000016,0.030099,0.257868,0.712
AAGCACCCTGCGTATC-1,0.00002,0.120779,0.026464,0.00002,0.219533,0.633184
AAGCATACTCTCCTGA-1,0.052442,0.020351,0.006818,0.028,0.066165,0.826223
AAGCCACTTGCAGGTA-1,0.000031,0.489107,0.202827,0.000031,0.147833,0.16017
AAGCCGAAGCGGTTTA-1,0.275024,0.024464,0.038623,0.002332,0.178273,0.481283
AAGCCGCCGTGAAATC-1,0.000022,0.097377,0.251021,0.000022,0.085255,0.566304
AAGCCGCTTTACCTTG-1,0.053593,0.388199,0.181266,0.000025,0.156962,0.219956
AAGCCGGAGAGCAGGA-1,0.824226,0.000019,0.16042,0.005657,0.00958,0.000097
AAGCGCAGGGCTTTGA-1,0.03262,0.085937,0.37647,0.001528,0.059667,0.443779
AAGCGGAGTGCGCGCA-1,0.013252,0.621308,0.273823,0.000023,0.000047,0.091547
AAGCGGCGTCATGGGT-1,0.000064,0.526383,0.47304,0.000064,0.000128,0.000321
AAGCGTCCCTCATCGA-1,0.000023,0.000023,0.000045,0.000023,0.420891,0.578995
AAGCTAGATCGAGTAA-1,0.000016,0.032999,0.072577,0.011273,0.008475,0.87466
AAGCTATGGATTGACC-1,0.045097,0.095964,0.742631,0.080604,0.035306,0.000396
AAGCTCGTGCCAAGTC-1,0.048788,0.202704,0.070015,0.06494,0.131396,0.482156
AAGCTCTTTCATGGTG-1,0.000012,0.000012,0.000024,0.002026,0.272959,0.724967
AAGGAGAACTTATAAG-1,0.036304,0.000081,0.747879,0.027753,0.000161,0.187822
AAGGAGCGGTTGGTGC-1,0.000091,0.207316,0.606452,0.000091,0.000182,0.185869
AAGGATCGATCGCTTG-1,0.208875,0.391106,0.389729,0.000036,0.000073,0.010181
AAGGATGAGGGACCTC-1,0.011147,0.395829,0.136233,0.214165,0.03034,0.212285
AAGGCAGGCTGTCTCC-1,0.506019,0.160854,0.198201,0.000031,0.000062,0.134833
AAGGCGCGTAAAGCTT-1,0.00766,0.001327,0.555455,0.051695,0.138165,0.245698
AAGGCTGTGCTCATCG-1,0.000092,0.036988,0.829053,0.000092,0.000184,0.133592
AAGGGAACGACTGGCT-1,0.002715,0.157191,0.839672,0.000053,0.000105,0.000264
AAGGGACAGATTCTGT-1,0.029983,0.355547,0.231977,0.000043,0.023933,0.358518
AAGGGACTATGCATTC-1,0.000034,0.019635,0.144772,0.000034,0.343317,0.492209
AAGGGTTAGCCATGCG-1,0.720128,0.000061,0.254281,0.000061,0.000121,0.025348
AAGGGTTTGATTTCAG-1,0.000022,0.088208,0.069374,0.000022,0.104527,0.737847
AAGGTATCCTAATATA-1,0.015332,0.110755,0.010183,0.059598,0.350084,0.454047
AAGGTGATAAACCAGC-1,0.073918,0.211797,0.366923,0.000025,0.00027,0.347067
AAGTAAGCTTCCAAAC-1,0.000078,0.093525,0.848513,0.05058,0.000155,0.007149
AAGTAGAAGACCGGGT-1,0.000095,0.01598,0.983164,0.000095,0.00019,0.000476
AAGTAGTGACGCGAGG-1,0.008844,0.064507,0.377064,0.135542,0.109173,0.304871
AAGTCAATTGTCGTCA-1,0.059588,0.27912,0.331114,0.000023,0.047165,0.282991
AAGTCTAGTAGCTGCC-1,0.080923,0.077479,0.049562,0.000013,0.563936,0.228086
AAGTCTTCTGTGGCCT-1,0.053691,0.000105,0.945361,0.000105,0.000211,0.000527
AAGTGACGACCGAATT-1,0.038675,0.000068,0.169998,0.097785,0.013511,0.679964
AAGTGAGTCGGGTTTA-1,0.00004,0.086671,0.454559,0.00004,0.000081,0.458609
AAGTGCAAAGGTAGAC-1,0.007454,0.000049,0.336753,0.183896,0.011183,0.460664
AAGTGCCTTGACTGTA-1,0.023667,0.001336,0.035585,0.000012,0.220888,0.718513
AAGTGCGTTAGAATCT-1,0.000118,0.053176,0.945761,0.000118,0.000236,0.00059
AAGTGCTTCTCTATTG-1,0.000036,0.271307,0.338408,0.046327,0.242763,0.101159
AAGTGTTTGGAGACGG-1,0.000173,0.101188,0.202196,0.000963,0.039913,0.655568
AAGTTCACTCCAAGCT-1,0.055271,0.086942,0.076208,0.577065,0.027138,0.177376
AAGTTCAGTCTGCGTA-1,0.024232,0.701599,0.126151,0.000043,0.040923,0.107051
AAGTTCGGCCAACAGG-1,0.000104,0.027653,0.971409,0.000104,0.000209,0.000522
AAGTTGTGATGTTATA-1,0.818863,0.000026,0.180899,0.000026,0.000053,0.000132
AAGTTTACTAATGGCA-1,0.000063,0.000063,0.747746,0.251685,0.000126,0.000316
AAGTTTATGGGCCCAA-1,0.000404,0.089299,0.1271,0.006318,0.22494,0.551939
AATAACACTAGAACAA-1,0.000139,0.069842,0.255003,0.055004,0.298323,0.321689
AATAACGTCGCGCCCA-1,0.660613,0.000103,0.184159,0.000103,0.136673,0.018348
AATAAGTCCTCGAGAC-1,0.000018,0.000018,0.039597,0.000018,0.072029,0.888321
AATAATCTTCGTATCG-1,0.932805,0.027918,0.024141,0.000023,0.000046,0.015067
AATACAATGTTTCAGG-1,0.027418,0.000025,0.294193,0.090975,0.000561,0.586828
AATACCGGAGGGCTGT-1,0.049835,0.274208,0.526651,0.000857,0.069901,0.078548
AATACCTGATGTGAAC-1,0.718038,0.19493,0.000265,0.000133,0.08597,0.000664
AATAGAACAGAGTGGC-1,0.000046,0.227463,0.371992,0.000046,0.003532,0.396922
AATAGAATCTGTTTCA-1,0.097904,0.327763,0.258018,0.022923,0.055618,0.237774
AATAGCAAGCCTCCTG-1,0.063563,0.220342,0.170023,0.003114,0.25076,0.292197
AATAGCTACCGCGTGC-1,0.008633,0.607404,0.136803,0.000028,0.072367,0.174765
AATAGGCACGACCCTT-1,0.000075,0.16417,0.255745,0.004997,0.046379,0.528634
AATAGTCCGTCCCGAC-1,0.00003,0.076285,0.254955,0.00003,0.017156,0.651545
AATAGTCGCGAGTCGG-1,0.00008,0.00008,0.999197,0.00008,0.000161,0.000401
AATATCAAGGTCGGAT-1,0.026514,0.000089,0.360777,0.183142,0.033361,0.396116
AATATCCTAGCAAACT-1,0.000037,0.064739,0.444783,0.001426,0.21653,0.272485
AATATCGAATCAATGC-1,0.374296,0.010073,0.523059,0.011542,0.034236,0.046794
AATATCGAGGGTTCTC-1,0.037984,0.425905,0.193099,0.000035,0.038873,0.304104
AATATTGGAGTATTGA-1,0.000227,0.000227,0.156437,0.817825,0.024149,0.001135
AATCAGACTGCAGGAC-1,0.000025,0.034411,0.151624,0.01738,0.27998,0.51658
AATCAGGTTTCATTTA-1,0.029458,0.188988,0.189474,0.007976,0.328112,0.255992
AATCATGTAAAGACTC-1,0.223217,0.104854,0.228884,0.014606,0.255165,0.173274
AATCCAAGGGCCTGAG-1,0.037544,0.000021,0.293139,0.069694,0.000206,0.599397
AATCCATGCAAGGGTG-1,0.031234,0.000035,0.362055,0.553321,0.000071,0.053284
AATCCCGCTCAGAGCC-1,0.003793,0.000013,0.000026,0.053931,0.246395,0.695842
AATCGAGGTCTCAAGG-1,0.225884,0.112904,0.214973,0.347138,0.035245,0.063857
AATCGCCTCAGCGCCA-1,0.000014,0.041091,0.000027,0.000014,0.202445,0.75641
AATCGCGCAGAGGACT-1,0.623885,0.064954,0.249488,0.004124,0.000054,0.057495
AATCGGGACACTACGA-1,0.000045,0.000045,0.561121,0.002629,0.000089,0.436071
AATCGGTATAGCCCTC-1,0.829622,0.000022,0.000044,0.145733,0.02447,0.00011
AATCGTGAGCCGAGCA-1,0.113043,0.058094,0.603526,0.000036,0.000071,0.22523
AATCTAGGTTTACTTG-1,0.011489,0.179492,0.459239,0.133189,0.20278,0.01381
AATCTATGCCGGAGCC-1,0.048117,0.507892,0.093723,0.000033,0.295098,0.055138
AATCTCTACTGTGGTT-1,0.000076,0.000076,0.999238,0.000076,0.000152,0.000381
AATCTGCGTTGGGACG-1,0.000027,0.167723,0.201649,0.000027,0.17866,0.451914
AATCTGGCTTTCTAGT-1,0.000382,0.120932,0.248451,0.613932,0.000216,0.016087
AATCTGGGTAGACCCT-1,0.000009,0.002704,0.000017,0.000806,0.321606,0.674858
AATGACAGCAATGTCT-1,0.062015,0.000106,0.380143,0.556994,0.000212,0.000529
AATGACGTAGGATGTC-1,0.030223,0.15899,0.113395,0.015236,0.131217,0.550938
AATGACTGTCAGCCGG-1,0.025173,0.000061,0.525877,0.448462,0.000122,0.000305
AATGAGTTCGCATATG-1,0.016663,0.000091,0.982513,0.000091,0.000183,0.000457
AATGATGATACGCTAT-1,0.000012,0.001081,0.000024,0.000012,0.40257,0.596302
AATGATGCGACTCCTG-1,0.030629,0.775416,0.071603,0.000059,0.121997,0.000296
AATGCAACCGGGTACC-1,0.001182,0.389711,0.352996,0.000132,0.136965,0.119013
AATGCACCAAGCAATG-1,0.000021,0.178584,0.05524,0.007473,0.359684,0.398997
AATGGCCGCCAATGCG-1,0.018613,0.43739,0.300557,0.00004,0.00008,0.24332
AATGGTCCACCGTTCA-1,0.022988,0.000073,0.446575,0.161545,0.000146,0.368673
AATGGTTCTCACAAGC-1,0.004349,0.0002,0.023802,0.970246,0.000401,0.001002
AATGTATGGCACTGTA-1,0.058666,0.068205,0.682521,0.140695,0.049608,0.000305
AATGTGCCCGAGGTGT-1,0.000064,0.109328,0.383301,0.166308,0.155598,0.185402
AATGTGCTAATCTGAG-1,0.000023,0.076972,0.002046,0.000023,0.309819,0.611117
AATGTTAAGACCCTGA-1,0.295932,0.074631,0.312171,0.075326,0.1046,0.13734
AATGTTGTCGTGAGAC-1,0.553771,0.00002,0.000406,0.27698,0.168724,0.000099
AATTAAAGGTCGGCGT-1,0.042194,0.129976,0.136802,0.000053,0.028099,0.662876
AATTAACGGATTTCCA-1,0.023889,0.01842,0.011298,0.00002,0.011583,0.934789
AATTACGAGACCCATC-1,0.000074,0.246894,0.618762,0.000074,0.000149,0.134047
AATTACTCGTACGCTC-1,0.000044,0.00064,0.356355,0.018044,0.000087,0.62483
AATTAGCGCTGCAGCG-1,0.004818,0.05251,0.001567,0.011787,0.111592,0.817727
AATTATACCCAGCAAG-1,0.6137,0.000039,0.250841,0.135145,0.000078,0.000196
AATTCATAAGGGATCT-1,0.000016,0.053688,0.000032,0.000016,0.284309,0.661939
AATTCATTGTCATGCA-1,0.17044,0.000044,0.773712,0.055499,0.000087,0.000219
AATTCCAACTTGGTGA-1,0.064577,0.000026,0.414055,0.068175,0.030791,0.422376
AATTCCAAGCATGTAC-1,0.000015,0.000015,0.000029,0.007667,0.077388,0.914886
AATTCGATTCGAGGAT-1,0.022919,0.000029,0.469393,0.000029,0.000059,0.50757
AATTCTAGAGTTAGGC-1,0.001146,0.103361,0.095154,0.048541,0.000168,0.75163
AATTGAACGCTCTGGT-1,0.000014,0.064052,0.065052,0.015376,0.289856,0.565649
AATTGCAGCAATCGAC-1,0.220564,0.000009,0.014304,0.007255,0.129671,0.628197
AATTGCGTGGATTACA-1,0.079703,0.3917,0.528057,0.000068,0.000135,0.000338
AATTGTGGTTGCCAAA-1,0.885821,0.109171,0.004873,0.000017,0.000034,0.000085
AATTTGGGACATAGTA-1,0.085654,0.094178,0.000041,0.017767,0.102463,0.699898
AATTTGGTTCCAAAGA-1,0.00003,0.05841,0.088761,0.011154,0.050288,0.791357
ACAAACCATGCGTCCT-1,0.046067,0.118705,0.486433,0.07185,0.269416,0.007528
ACAAACCGACAAGGCG-1,0.000046,0.002322,0.541296,0.000046,0.000092,0.456198
ACAAACTCCATCAGAG-1,0.014233,0.028364,0.205258,0.064399,0.366773,0.320973
ACAAAGAAGGTAGGCC-1,0.000019,0.011768,0.339033,0.002397,0.096044,0.550738
ACAAAGCATGACCTAG-1,0.441922,0.127803,0.375632,0.000031,0.026444,0.028167
ACAAATCGCACCGAAT-1,0.046274,0.025781,0.132223,0.017125,0.072579,0.706017
ACAAATGGTAGTGTTT-1,0.083789,0.198665,0.228142,0.000025,0.043269,0.446111
ACAAATTCAGATCTGA-1,0.034644,0.395932,0.445077,0.000045,0.062122,0.06218
ACAACAGCATGAGCTA-1,0.000015,0.027146,0.022126,0.01077,0.241283,0.69866
ACAACGGTCCCTGCGA-1,0.04739,0.000027,0.176017,0.167675,0.000058,0.608834
ACAAGCAGTGCCTAGC-1,0.000082,0.105312,0.120429,0.7644,0.000164,0.009614
ACAAGCTATATGGAAG-1,0.042131,0.000096,0.957009,0.000096,0.000191,0.000478
ACAAGGAAATCCGCCC-1,0.080975,0.199355,0.335473,0.000028,0.053774,0.330395
ACAAGGACAAGAGGTT-1,0.000047,0.015427,0.502959,0.000047,0.000095,0.481424
ACAAGGATGCTTTAGG-1,0.155877,0.028657,0.279565,0.33537,0.04412,0.156411
ACAAGGCCTACCAGCC-1,0.068461,0.589108,0.278562,0.000049,0.001999,0.06182
ACAAGGGCAGGCTCTG-1,0.04001,0.223755,0.240194,0.288416,0.043285,0.16434
ACAAGTAATTGTAAGG-1,0.028527,0.000032,0.442805,0.043462,0.000064,0.485109
ACAATAGTCGTACGTT-1,0.0578,0.011739,0.464768,0.234488,0.000419,0.230785
ACAATCCATTTAAACC-1,0.030177,0.000018,0.175977,0.100046,0.004247,0.689536
ACAATCGATCTTTATA-1,0.025569,0.002874,0.970845,0.000089,0.000178,0.000445
ACAATGAATACGGAGA-1,0.000022,0.000022,0.336617,0.000022,0.279125,0.384193
ACAATGATTCTTCTAC-1,0.000011,0.073274,0.000022,0.000011,0.356723,0.56996
ACAATTGTGTCTCTTT-1,0.087118,0.191611,0.33254,0.133031,0.005122,0.250578
ACAATTTAGGAGGCTC-1,0.000119,0.203468,0.504238,0.155798,0.000239,0.136138
ACAATTTGAGCAGTGG-1,0.000037,0.320831,0.105919,0.051591,0.079039,0.442583
ACAATTTGGCCATATT-1,0.46076,0.000023,0.198919,0.000023,0.161601,0.178673
ACACAAAGACGGGTGG-1,0.000151,0.513079,0.303235,0.131141,0.051639,0.000755
ACACAAATATTCCTAG-1,0.027693,0.318067,0.275094,0.000023,0.137061,0.242063
ACACACCAGGACCAGT-1,0.05541,0.20226,0.329291,0.000025,0.007039,0.405976
ACACACTTTCTACACG-1,0.000042,0.05634,0.171471,0.000042,0.000083,0.772021
ACACATGATCAAATCT-1,0.055295,0.001984,0.266338,0.082061,0.027139,0.567182
ACACATTGACGCAACA-1,0.01062,0.259764,0.34705,0.080975,0.004663,0.296927
ACACATTTCCGTAGAC-1,0.078656,0.187796,0.097117,0.014025,0.196019,0.426386
ACACCACATAATTAGC-1,0.059408,0.000018,0.000035,0.218633,0.721818,0.000088
ACACCCAGCATGCAGC-1,0.000073,0.312732,0.495942,0.000073,0.000146,0.191035
ACACCCGAGAAATCCG-1,0.033239,0.000025,0.275109,0.082609,0.000051,0.608967
ACACCCGTAAATCTGT-1,0.046344,0.097488,0.161443,0.023258,0.05468,0.616787
ACACCGAGCGCTCTTT-1,0.00004,0.114235,0.142551,0.011023,0.124867,0.607284
ACACCGGTCTGACCGC-1,0.337864,0.013489,0.577029,0.000035,0.00007,0.071513
ACACCTTAAGTAGGGC-1,0.000075,0.013898,0.631243,0.000075,0.000151,0.354557
ACACCTTACTACTTGC-1,0.088642,0.020467,0.012952,0.000013,0.564399,0.313526
ACACGAGACTCCTTCT-1,0.004969,0.072834,0.254538,0.037508,0.137763,0.492388
ACACGGCACTATGCAT-1,0.019346,0.000039,0.296997,0.000039,0.001163,0.682417
ACACGGGAACTTAGGG-1,0.00005,0.420824,0.284694,0.00005,0.03179,0.262593
ACACGTAGGCCACAAG-1,0.884027,0.000029,0.082929,0.032812,0.000058,0.000145
ACACTCCAATGTCACT-1,0.083214,0.000069,0.916169,0.000069,0.000137,0.000343
ACACTGATCAAGGTGT-1,0.006818,0.002732,0.176831,0.04054,0.125883,0.647196
ACACTGGGACAGTCGT-1,0.782129,0.073918,0.100921,0.006156,0.029476,0.007399
ACAGAACTGAGAACAA-1,0.000099,0.000099,0.99901,0.000099,0.000198,0.000495
ACAGATTAGGTTAGTG-1,0.000117,0.000117,0.998828,0.000117,0.000234,0.000586
ACAGCATAGAGCCAGT-1,0.000081,0.021831,0.715776,0.000081,0.000162,0.262069
ACAGCGACATTCTCAT-1,0.173857,0.039603,0.061242,0.000424,0.079367,0.645508
ACAGCGCACCCGCAGC-1,0.000033,0.107918,0.122868,0.000033,0.102981,0.666168
ACAGGAGGCGCAGCCG-1,0.000042,0.282613,0.347677,0.084609,0.006932,0.278127
ACAGGCACGGATCCTT-1,0.328471,0.197983,0.215955,0.000032,0.000064,0.257495
ACAGGCTTGCCCGACT-1,0.078264,0.000096,0.503591,0.00002,0.007888,0.410141
ACAGGTGGAGGTGAGG-1,0.000071,0.17971,0.458182,0.000071,0.000142,0.361824
ACAGGTGTGTTGTTGC-1,0.051829,0.004341,0.649856,0.037037,0.000137,0.2568
ACAGTAATACAACTTG-1,0.077934,0.047059,0.805365,0.000055,0.00011,0.069478
ACAGTATACCGTGGGA-1,0.000007,0.000007,0.000013,0.000007,0.535535,0.464431
ACAGTGCAGCGCATTT-1,0.042503,0.043058,0.130487,0.018452,0.184637,0.580863
ACATAAGTCGTGGTGA-1,0.000032,0.035701,0.356407,0.148321,0.000361,0.459178
ACATAATAAGGCGGTG-1,0.000103,0.316762,0.561883,0.000103,0.000206,0.120943
ACATACAATCAAGCGG-1,0.713286,0.000048,0.039832,0.003751,0.000096,0.242987
ACATCAGCTGGGACGC-1,0.019018,0.000045,0.700024,0.165468,0.000091,0.115353
ACATCCCGGCCATACG-1,0.000036,0.017641,0.189701,0.000036,0.031925,0.76066
ACATCCTGGTAACTGT-1,0.154366,0.297452,0.373095,0.000029,0.051337,0.123721
ACATCGATCGTTTACC-1,0.000025,0.008382,0.058757,0.01297,0.032159,0.887706
ACATCGCAATATTCGG-1,0.000061,0.000061,0.242157,0.000061,0.005668,0.751992
ACATCGGTCAGCCGCG-1,0.129858,0.002814,0.859931,0.000118,0.000236,0.007043
ACATCGTATGCAATGG-1,0.045728,0.170516,0.325083,0.015146,0.04511,0.398416
ACATCGTTAACCTAGT-1,0.000033,0.114,0.06904,0.000033,0.018726,0.798167
ACATCTCAACGCGTAA-1,0.000026,0.02294,0.170549,0.085951,0.000053,0.720481
ACATGCTTACGGCAGC-1,0.014366,0.222972,0.525276,0.000034,0.149517,0.087836
ACATGGCGCCAAAGTA-1,0.197297,0.26348,0.538959,0.000033,0.000066,0.000165
ACATGGCTCAATTTAG-1,0.000037,0.138577,0.013212,0.123144,0.107015,0.618015
ACATTAGTTTATATCC-1,0.000042,0.291762,0.087984,0.000042,0.000084,0.620086
ACATTCGCGCGGAATA-1,0.000019,0.1131,0.214979,0.065144,0.356125,0.250634
ACATTTGAAACCTAAC-1,0.813276,0.033284,0.000146,0.000073,0.152855,0.000366
ACCAAACACCCAGCGA-1,0.000018,0.430079,0.138664,0.000018,0.019086,0.412136
ACCAAACTAGAAATCC-1,0.000045,0.000045,0.693111,0.000045,0.00009,0.306665
ACCAACACCACACACT-1,0.000012,0.11746,0.119482,0.010212,0.578663,0.174171
ACCAACCGCACTCCAC-1,0.606882,0.060827,0.198405,0.000029,0.000553,0.133303
ACCAACGCTTATTTAT-1,0.00002,0.021787,0.000041,0.00002,0.214726,0.763406
ACCAAGAACGCGTGTC-1,0.000122,0.051448,0.947455,0.000122,0.000244,0.000609
ACCAAGTCATCGGCAG-1,0.987622,0.000026,0.000052,0.012119,0.000052,0.000129
ACCAATATGCAAGTTA-1,0.000373,0.007776,0.055356,0.000012,0.056939,0.879544
ACCACAACTCAGAACA-1,0.000026,0.220301,0.049539,0.000026,0.063354,0.666754
ACCACAAGTTTCTATC-1,0.000065,0.241728,0.044065,0.000065,0.09664,0.617437
ACCACACGGTTGATGG-1,0.203299,0.167932,0.231246,0.134082,0.068241,0.1952
ACCACCAATGTAACAA-1,0.430499,0.03667,0.300745,0.188162,0.016536,0.027388
ACCACCCTCTCTTCTA-1,0.136671,0.504444,0.358554,0.000041,0.000083,0.000207
ACCACGTGCAGCTATA-1,0.00002,0.065166,0.053711,0.00002,0.162776,0.718307
ACCACTGTTCAAGAAG-1,0.000012,0.000012,0.000023,0.207986,0.077986,0.713982
ACCAGACCATAACAAC-1,0.017971,0.000049,0.98159,0.000049,0.000098,0.000244
ACCAGCCCGGTCTTTG-1,0.000081,0.137262,0.649552,0.000081,0.000161,0.212863
ACCAGGAGTGTGATCT-1,0.025122,0.000082,0.465002,0.067754,0.000164,0.441875
ACCAGTGCCCGGTCAA-1,0.000011,0.042778,0.000022,0.000011,0.296863,0.660314
ACCAGTGCGGGAGACG-1,0.008717,0.034839,0.147093,0.000017,0.171956,0.637378
ACCATATCCGCAATAA-1,0.000038,0.086899,0.169628,0.000038,0.025666,0.71773
ACCATCCGCCAACTAG-1,0.000027,0.000027,0.853556,0.003524,0.000053,0.142815
ACCATCGTATATGGTA-1,0.000103,0.119405,0.424846,0.084744,0.000205,0.370698
ACCATTAAGGGTGTCA-1,0.000022,0.012356,0.001585,0.000022,0.10037,0.885645
ACCCAACGCCCGTGGC-1,0.090682,0.265441,0.168408,0.068034,0.01775,0.389686
ACCCACCTACATGCTC-1,0.057783,0.000031,0.138414,0.239389,0.026004,0.538378
ACCCATCTTGAGGGTA-1,0.000133,0.000133,0.948954,0.000133,0.000266,0.05038
ACCCATTTGTCCCTCT-1,0.612456,0.073907,0.254445,0.000048,0.000095,0.05905
ACCCGAGCGAAATTAC-1,0.060513,0.042438,0.02205,0.000022,0.210377,0.6646
ACCCGATTGGTTCCGA-1,0.000059,0.692738,0.174296,0.000059,0.000118,0.13273
ACCCGGAAACTCCCAG-1,0.021706,0.105147,0.053679,0.040852,0.079044,0.699572
ACCCGGAGCACCACAA-1,0.955748,0.008898,0.035177,0.000022,0.000044,0.00011
ACCCGGATGACGCATC-1,0.063963,0.138795,0.342484,0.000025,0.192189,0.262545
ACCCGGTTACACTTCC-1,0.000062,0.265973,0.041599,0.000062,0.016696,0.675606
ACCCGTAGCAGAGAAT-1,0.066162,0.174222,0.321077,0.073362,0.365027,0.00015
ACCCGTAGTCTAGTTG-1,0.971466,0.019464,0.00883,0.00003,0.00006,0.00015
ACCCGTGTCATCAGTA-1,0.01824,0.093816,0.065113,0.020727,0.127245,0.67486
ACCCTATAGGACTGAG-1,0.000194,0.18639,0.436005,0.000194,0.376248,0.000969
ACCCTATGCCATATCG-1,0.000055,0.039338,0.16656,0.000055,0.044417,0.749576
ACCCTCCCGTCAGGGC-1,0.684251,0.070247,0.087971,0.019005,0.000048,0.138477
ACCCTCCCTTGCTATT-1,0.033375,0.093375,0.059541,0.02821,0.289952,0.495547
ACCCTGGTAACGCCCT-1,0.028874,0.000757,0.000017,0.000008,0.629374,0.34097
ACCCTTCATCTGCGAA-1,0.011273,0.059783,0.221394,0.079814,0.309219,0.318517
ACCCTTGCCTGGGTCG-1,0.042504,0.486052,0.38965,0.008748,0.013958,0.059088
ACCCTTTAGTTCTCCA-1,0.000013,0.000013,0.000026,0.000013,0.203513,0.796422
ACCGAAAGGGCCCTGC-1,0.021992,0.090098,0.701632,0.185749,0.000151,0.000378
ACCGAAGAGTCTGGTT-1,0.000073,0.000073,0.999273,0.000073,0.000145,0.000363
ACCGACACATCTCCCA-1,0.033239,0.081167,0.103289,0.000026,0.03078,0.751499
ACCGACTGAGTCCCAC-1,0.000076,0.309788,0.119328,0.000076,0.020342,0.550391
ACCGAGTCTCCTTATT-1,0.079297,0.149943,0.314279,0.000025,0.037183,0.419273
ACCGATAGGCATAACC-1,0.999759,0.000022,0.000044,0.000022,0.000044,0.000109
ACCGATATTTAATCAT-1,0.909845,0.018246,0.010379,0.000029,0.061359,0.000143
ACCGATGGTAGCATCG-1,0.003134,0.01276,0.130189,0.000017,0.134693,0.719206
ACCGCAATAACTGCCT-1,0.012565,0.138102,0.166223,0.000269,0.154436,0.528404
ACCGCGGTGGAAGTCG-1,0.714303,0.000017,0.085613,0.004695,0.00803,0.187341
ACCGCTAGTCATTGGT-1,0.011256,0.509564,0.107023,0.000036,0.092392,0.279731
ACCGGGCCTTTGTTGA-1,0.053925,0.038704,0.146451,0.001608,0.27364,0.485672
ACCGGTCAGGTACACC-1,0.048555,0.058735,0.386535,0.117966,0.028087,0.360122
ACCGGTCTGAGTACGG-1,0.000042,0.484275,0.045651,0.000042,0.043652,0.42634
ACCGTCCACTGGGCCC-1,0.020631,0.106943,0.420024,0.019795,0.043407,0.3892
ACCGTGACCACGTGGG-1,0.035662,0.068683,0.100367,0.794865,0.000121,0.000302
ACCGTTCCCGCTCTGA-1,0.000034,0.02263,0.144684,0.005484,0.405691,0.421478
ACCTAAGTACCTTTCA-1,0.000116,0.161434,0.790372,0.000116,0.036136,0.011827
ACCTAATCGACTTCCT-1,0.000142,0.177624,0.260063,0.319401,0.133097,0.109674
ACCTACAGTATGTGGT-1,0.552444,0.048532,0.263707,0.000028,0.049469,0.08582
ACCTACTATAAATCTA-1,0.000014,0.021793,0.006265,0.009146,0.070567,0.892214
ACCTCAGCGAGGCGCA-1,0.262686,0.001543,0.003087,0.721882,0.003087,0.007716
ACCTCCGCCCTCGCTG-1,0.601095,0.015761,0.314261,0.000059,0.000118,0.068705
ACCTCCGTTATTCACC-1,0.260734,0.394256,0.235505,0.000033,0.000067,0.109405
ACCTCGAACTTATGCT-1,0.025011,0.344843,0.447166,0.000096,0.180311,0.002572
ACCTGCGTGTCATGTT-1,0.081344,0.270104,0.366306,0.000134,0.130535,0.151577
ACCTTTCCTTTAGAAG-1,0.000087,0.000087,0.999132,0.000087,0.000174,0.000434
ACGACCCATGAGTTGC-1,0.926686,0.006734,0.064137,0.002283,0.000046,0.000115
ACGACTCTAGGGCCGA-1,0.746006,0.05678,0.159102,0.008163,0.029774,0.000175
ACGACTGGTCATACTC-1,0.000062,0.380383,0.279062,0.000062,0.044277,0.296154
ACGAGAACCCATCACG-1,0.119046,0.000057,0.880441,0.000057,0.000114,0.000285
ACGAGATATTTGCTTA-1,0.00008,0.374369,0.384736,0.00008,0.000161,0.240574
ACGAGGATACCACTCT-1,0.054883,0.025697,0.274599,0.130633,0.10592,0.408268
ACGAGGTTTACAACGT-1,0.000115,0.113657,0.780882,0.104541,0.00023,0.000575
ACGAGTACGGATGCCC-1,0.021259,0.052715,0.06745,0.007196,0.378316,0.473066
ACGAGTCGCCGGCGTT-1,0.000034,0.153477,0.221264,0.002033,0.087798,0.535394
ACGATACATAGAACTA-1,0.000018,0.056965,0.062927,0.028829,0.477583,0.373678
ACGATACCTATCCTGA-1,0.051951,0.013136,0.280232,0.464287,0.062632,0.127762
ACGATCATACATAGAG-1,0.000088,0.535631,0.260341,0.000088,0.000176,0.203676
ACGATCATCTTGTAAA-1,0.066873,0.289903,0.175852,0.000025,0.00005,0.467296
ACGATGCATATGTTAT-1,0.003477,0.00007,0.640237,0.00007,0.080418,0.275727
ACGATGGATCCGATGC-1,0.00003,0.00003,0.149151,0.00003,0.00833,0.84243
ACGCAAACTAATAGAT-1,0.000011,0.03322,0.04733,0.000011,0.048711,0.870718
ACGCAATCACTACAGC-1,0.182068,0.271589,0.078986,0.387928,0.070946,0.008483
ACGCATAAATGACATG-1,0.013237,0.129788,0.008432,0.018043,0.19259,0.63791
ACGCATACGTTTACTA-1,0.286665,0.000029,0.497594,0.015321,0.030924,0.169468
ACGCATTCGTGAGTAC-1,0.000051,0.11841,0.141587,0.002921,0.115388,0.621643
ACGCCACTCGAAACAG-1,0.101854,0.068745,0.174211,0.000017,0.253687,0.401486
ACGCCAGATGATTTCT-1,0.000053,0.396815,0.021447,0.000053,0.019244,0.562388
ACGCCAGTGCGTTTGC-1,0.803225,0.000029,0.000058,0.011071,0.185471,0.000145
ACGCCCAGCTGTCGAT-1,0.000045,0.048444,0.303842,0.000045,0.000089,0.647536
ACGCCGCTAGACGACC-1,0.034774,0.191841,0.119136,0.025712,0.029061,0.599476
ACGCCTGACACGCGCT-1,0.000015,0.01208,0.097119,0.000015,0.146279,0.744493
ACGCGAAGTCAGACGA-1,0.000036,0.140618,0.181473,0.000036,0.002132,0.675705
ACGCGCTACACAGGGT-1,0.000104,0.154945,0.844121,0.000104,0.000208,0.000519
ACGCGGGCCAAGGACA-1,0.000038,0.126865,0.096909,0.033035,0.08849,0.654662
ACGCGTTTCTTAAGAG-1,0.029697,0.000071,0.396282,0.02941,0.056727,0.487814
ACGCTACTGAATGGGC-1,0.771867,0.00004,0.227771,0.00004,0.000081,0.000201
ACGCTAGTATCAGTGC-1,0.000034,0.376512,0.052484,0.015694,0.108315,0.446962
ACGCTAGTGATACACT-1,0.044135,0.366709,0.19881,0.000056,0.030444,0.359845
ACGCTGTGAGGCGTAG-1,0.025836,0.000099,0.973271,0.000099,0.000198,0.000496
ACGCTTAGTGTCTCTC-1,0.000047,0.167571,0.203622,0.000047,0.000094,0.628618
ACGGAACACGAGTGCC-1,0.619779,0.083829,0.02111,0.115398,0.159403,0.000481
ACGGAATTTAGCAAAT-1,0.070233,0.000057,0.54313,0.08749,0.000114,0.298976
ACGGACGCAGCGACAA-1,0.000036,0.214929,0.607012,0.000036,0.099787,0.078201
ACGGACTCTCAAAGCG-1,0.000011,0.000873,0.00075,0.000011,0.025519,0.972837
ACGGAGCGCAAATTAC-1,0.002369,0.020209,0.000018,0.005505,0.663242,0.308657
ACGGATGGTGCGGATA-1,0.021196,0.047498,0.285216,0.018414,0.125977,0.5017
ACGGCACTTGCTTGGG-1,0.009192,0.110401,0.002179,0.049888,0.164771,0.663568
ACGGCCAACATGGACT-1,0.00216,0.071522,0.129406,0.015516,0.092216,0.68918
ACGGCGACGATGGGAA-1,0.021015,0.032387,0.174594,0.034921,0.026434,0.710648
ACGGCGGGTTGCCCTG-1,0.000051,0.134484,0.409912,0.000051,0.074166,0.381336
ACGGCTGGATGTAGAA-1,0.017912,0.041201,0.827636,0.112789,0.000132,0.000329
ACGGGAGTGTCGGCCC-1,0.000123,0.200497,0.736604,0.000123,0.062035,0.000617
ACGGGCGTATGCGACA-1,0.031532,0.000007,0.065913,0.00325,0.631117,0.268181
ACGGGTCATGTGACTT-1,0.000029,0.004537,0.228097,0.000029,0.057289,0.710018
ACGGGTTGTGACCTGT-1,0.056479,0.111456,0.638776,0.025083,0.15129,0.016917
ACGGTACAGTTCAATG-1,0.766576,0.000027,0.233178,0.000027,0.000055,0.000136
ACGGTCACCGAGAACA-1,0.057161,0.230365,0.311367,0.060305,0.333773,0.007028
ACGTACAGATTTCTCT-1,0.000058,0.051003,0.256623,0.003883,0.000116,0.688317
ACGTACTTTGGCACGG-1,0.000042,0.639928,0.329449,0.000042,0.030332,0.000208
ACGTAGATTGCTGATG-1,0.000028,0.022803,0.045301,0.000441,0.078155,0.853271
ACGTAGGAGAGTCGCT-1,0.063447,0.000013,0.46884,0.003472,0.049153,0.415074
ACGTATTACTCCGATC-1,0.037962,0.071549,0.170768,0.000023,0.157501,0.562197
ACGTCCTAAACGAGAT-1,0.064675,0.00005,0.709942,0.02516,0.000099,0.200073
ACGTCGGGCAACTCGG-1,0.000015,0.00275,0.257418,0.000015,0.383851,0.355949
ACGTCTCGTTCCGGGA-1,0.023164,0.025725,0.724338,0.051764,0.004101,0.170908
ACGTGACAAAGTAAGT-1,0.000014,0.005495,0.113018,0.000535,0.408192,0.472746
ACGTGCGCCTCGTGCA-1,0.039045,0.068374,0.207047,0.000044,0.00685,0.67864
ACGTGGTCGAATGTGC-1,0.000026,0.000026,0.209068,0.006446,0.000053,0.78438
ACGTTAATGTCGAAGA-1,0.012508,0.007984,0.000027,0.005734,0.052361,0.921386
ACGTTAGATTTGCCCG-1,0.073068,0.000094,0.837677,0.000094,0.000188,0.088879
ACGTTATTGGTCACTC-1,0.000132,0.000132,0.998681,0.000132,0.000264,0.000659
ACGTTCACTATGCCGC-1,0.013165,0.455477,0.12463,0.053977,0.316629,0.036122
ACGTTCCGCGCTCCGT-1,0.024504,0.000107,0.974536,0.000107,0.000213,0.000533
ACGTTCGCAATCAATT-1,0.097844,0.047583,0.014967,0.000606,0.302746,0.536253
ACGTTCGTTCAGGAAA-1,0.000034,0.024244,0.261101,0.000034,0.003086,0.711501
ACGTTCTGTACAAGTC-1,0.480227,0.021169,0.276083,0.000046,0.029174,0.1933
ACGTTGTCGTTGAAAG-1,0.000016,0.000963,0.22614,0.000016,0.356745,0.41612
ACGTTTAGTTGTGATC-1,0.00004,0.103504,0.00008,0.018385,0.120992,0.756999
ACGTTTCGGTGCACTT-1,0.877442,0.000043,0.035442,0.086775,0.000085,0.000213
ACTAAGGACGCACACC-1,0.000014,0.171136,0.017544,0.000307,0.246946,0.564052
ACTAATACGTCAGGCG-1,0.000049,0.591441,0.322218,0.000049,0.000098,0.086145
ACTACAAAGAGAGGTG-1,0.038776,0.128448,0.12542,0.055524,0.240441,0.411392
ACTACATCCCGACAAG-1,0.051757,0.040813,0.253889,0.157392,0.14236,0.353791
ACTACCAGCTCTCTGG-1,0.00008,0.027425,0.854273,0.00008,0.091882,0.02626
ACTACCATCCGAGGGC-1,0.086267,0.072868,0.491785,0.067772,0.23581,0.045499
ACTACGCGTTAGAATT-1,0.064476,0.066387,0.06855,0.018314,0.003435,0.778838
ACTAGTTGCGATCGTC-1,0.172626,0.004352,0.010663,0.002923,0.217032,0.592404
ACTATATGCTGTGTTC-1,0.079101,0.179412,0.000059,0.362422,0.377928,0.001078
ACTATCCAGGGCATGG-1,0.354915,0.164683,0.122382,0.000019,0.012742,0.345258
ACTATCGCCGGCTAAA-1,0.000064,0.296822,0.382752,0.000064,0.000127,0.320171
ACTATCTGCCCGCGTA-1,0.647694,0.149816,0.202177,0.000039,0.000078,0.000196
ACTATGTCCAGCTGCC-1,0.000064,0.276949,0.571504,0.015215,0.000128,0.13614
ACTATTCGTCCGTGGT-1,0.000046,0.15005,0.134594,0.056859,0.013468,0.644984
ACTATTTCCGGGCCCA-1,0.000056,0.341465,0.185296,0.000056,0.049473,0.423654
ACTCAACGAATGTATT-1,0.079612,0.000096,0.91952,0.000096,0.000193,0.000482
ACTCAAGTGCAAGGCT-1,0.119558,0.119441,0.323397,0.00003,0.00006,0.437514
ACTCAATAAAGGCACG-1,0.000047,0.056638,0.488035,0.000047,0.047483,0.40775
ACTCAGACCTGCTTCT-1,0.05442,0.000147,0.262793,0.36904,0.20444,0.10916
ACTCATGGCAGCCTTC-1,0.046705,0.013891,0.892641,0.000041,0.046517,0.000206
ACTCCAATATCATCAT-1,0.009194,0.319364,0.214332,0.051193,0.200165,0.205752
ACTCCCATTCCTAAAG-1,0.102441,0.13419,0.381111,0.20881,0.019254,0.154194
ACTCCCGAATTCGTTT-1,0.015271,0.080712,0.005822,0.000017,0.358683,0.539495
