Barcode,Topic 1,Topic 2to3,Topic 4to8
AAACAACGAATAGTTC-1,0.005155,0.006436,0.988409
AAACAAGTATCTCCCA-1,0.083663,0.217164,0.699173
AAACACCAATAACTGC-1,0.018282,0.133078,0.848639
AAACAGAGCGACTCCT-1,0.114528,0.182448,0.703023
AAACAGCTTTCAGAAG-1,0.022261,0.025555,0.952184
AAACAGGGTCTATATT-1,0.207829,0.000868,0.791303
AAACAGTGTTCCTGGG-1,0.765511,0.23419,0.0003
AAACATGGTGAGAGGA-1,0.027226,0.284738,0.688036
AAACATTTCCCGGATT-1,0.001609,0.276121,0.72227
AAACCCGAACGAAATC-1,0.052987,0.395975,0.551039
AAACCGGAAATGTTAA-1,0.00002,0.701898,0.298083
AAACCGGGTAGGTACC-1,0.001001,0.025584,0.973416
AAACCGTTCGTCCAGG-1,0.032644,0.014515,0.952841
AAACCTAAGCAGCCGG-1,0.063618,0.181878,0.754504
AAACCTCATGAAGTTG-1,0.000035,0.132877,0.867088
AAACGAAGATGGAGTA-1,0.126832,0.194946,0.678223
AAACGAGACGGTTGAT-1,0.000021,0.008584,0.991394
AAACGCTGGGCACGAC-1,0.107398,0.638172,0.25443
AAACGGGCGTACGGGT-1,0.021546,0.220061,0.758393
AAACGGGTTGGTATCC-1,0.055464,0.0246,0.919936
AAACGGTTGCGAACTG-1,0.912379,0.053934,0.033687
AAACGTGTTCGCCCTA-1,0.214387,0.552397,0.233216
AAACTAACGTGGCGAC-1,0.071494,0.246781,0.681725
AAACTCGGTTCGCAAT-1,0.061111,0.269893,0.668996
AAACTCGTGATATAAG-1,0.037709,0.111471,0.85082
AAACTGCTGGCTCCAA-1,0.006568,0.063397,0.930035
AAACTTAATTGCACGC-1,0.000013,0.317478,0.682509
AAACTTGCAAACGTAT-1,0.329941,0.082596,0.587463
AAAGAATGACCTTAGA-1,0.000015,0.464479,0.535506
AAAGAATGTGGACTAA-1,0.000475,0.754263,0.245262
AAAGACTGGGCGCTTT-1,0.064708,0.057663,0.877629
AAAGCTTGCCTACATA-1,0.029678,0.369633,0.600689
AAAGGCCCTATAATAC-1,0.028104,0.315221,0.656675
AAAGGCTACGGACCAT-1,0.997832,0.00012,0.002048
AAAGGCTCTCGCGCCG-1,0.760952,0.238766,0.000283
AAAGGGATGTAGCAAG-1,0.048589,0.000093,0.951318
AAAGGGCAGCTTGAAT-1,0.04294,0.022459,0.934602
AAAGGTAAGCTGTACC-1,0.061628,0.058307,0.880064
AAAGTAGCATTGCTCA-1,0.000019,0.046352,0.953629
AAAGTCGACCCTCAGT-1,0.02397,0.082119,0.89391
AAAGTGCCATCAATTA-1,0.144358,0.718833,0.136809
AAAGTGTGATTTATCT-1,0.060341,0.079862,0.859797
AAAGTTGACTCCCGTA-1,0.099331,0.124525,0.776144
AAATAACCATACGGGA-1,0.002972,0.071237,0.92579
AAATAAGGTAGTGCCC-1,0.070359,0.042104,0.887537
AAATACCTATAAGCAT-1,0.253436,0.044643,0.701921
AAATAGCTTAGACTTT-1,0.119645,0.173364,0.706991
AAATAGGGTGCTATTG-1,0.045095,0.021121,0.933784
AAATCCGATACACGCC-1,0.095459,0.200819,0.703722
AAATCGCGGAAGGAGT-1,0.076938,0.216081,0.706981
AAATCGTGTACCACAA-1,0.999311,0.000197,0.000492
AAATCTAGCCCTGCTA-1,0.000371,0.143973,0.855656
AAATCTGCCCGCGTCC-1,0.045041,0.923131,0.031827
AAATGACTGATCAAAC-1,0.829881,0.113698,0.056422
AAATGATTCGATCAGC-1,0.214674,0.126578,0.658748
AAATGCTCGTTACGTT-1,0.018942,0.010622,0.970436
AAATGGCATGTCTTGT-1,0.137088,0.002218,0.860694
AAATGGCCCGTGCCCT-1,0.038166,0.141663,0.820172
AAATGGTCAATGTGCC-1,0.893649,0.000422,0.105929
AAATGTATCTTATCCC-1,0.090465,0.000672,0.908863
AAATTAACGGGTAGCT-1,0.468508,0.019776,0.511716
AAATTAATAAGCGCGA-1,0.000024,0.096159,0.903817
AAATTACACGACTCTG-1,0.031751,0.010282,0.957967
AAATTACCTATCGATG-1,0.048616,0.000125,0.951258
AAATTCCAGGTCCAAA-1,0.00002,0.100423,0.899558
AAATTGATAGTCCTTT-1,0.085015,0.004694,0.910291
AAATTGCGGCGGTTCT-1,0.06549,0.000109,0.934401
AAATTGGTGAGAAGCA-1,0.000022,0.402142,0.597836
AAATTTGCGGGTGTGG-1,0.049203,0.033498,0.917299
AACAACTGGTAGTTGC-1,0.476815,0.000184,0.523002
AACAATACATTGTCGA-1,0.04079,0.044392,0.914818
AACAATTACTCTACGC-1,0.115677,0.101902,0.782421
AACACACGCTCGCCGC-1,0.000047,0.143291,0.856663
AACACGAGACGCGGCC-1,0.000017,0.023536,0.976448
AACAGCTGTGTGGCAA-1,0.038691,0.018129,0.94318
AACAGGAAATCGAATA-1,0.027895,0.000104,0.972001
AACAGGATGGGCCGCG-1,0.000024,0.049758,0.950218
AACAGGTAGTATGGAT-1,0.017508,0.310424,0.672068
AACATAGCGTGTATCG-1,0.055409,0.738064,0.206527
AACATATCAACTGGTG-1,0.028375,0.030508,0.941117
AACATCGATACGTCTA-1,0.030268,0.000149,0.969582
AACATTGAAGTTGATC-1,0.012967,0.156601,0.830432
AACATTGGTCAGCCGT-1,0.082793,0.019092,0.898115
AACATTGTGACTCGAG-1,0.889088,0.000419,0.110493
AACCAAGACTTCTCTG-1,0.075774,0.019367,0.904859
AACCAGTATCACTCTT-1,0.277484,0.172202,0.550315
AACCATAGGGTTGAAC-1,0.10197,0.247413,0.650617
AACCATGGGATCGCTA-1,0.028527,0.02671,0.944763
AACCCAGAGACGGAGA-1,0.001176,0.006596,0.992228
AACCCATCCCATGATC-1,0.000533,0.171695,0.827772
AACCCGACAACCCGTG-1,0.817903,0.0795,0.102596
AACCCGAGCAGAATCG-1,0.012245,0.302199,0.685556
AACCCGATAGGGCTTC-1,0.001728,0.493456,0.504815
AACCCGCTGTATTCCA-1,0.579652,0.397837,0.022511
AACCCTACTGTCAATA-1,0.044482,0.147567,0.807951
AACCGAGCTTGGTCAT-1,0.043493,0.129765,0.826742
AACCGCTAAGGGATGC-1,0.069838,0.016913,0.91325
AACCGTTGTGTTTGCT-1,0.000381,0.003018,0.996601
AACCTCGCTTTAGCCC-1,0.000034,0.207072,0.792894
AACCTGTCACGGAATT-1,0.07209,0.234057,0.693853
AACCTTTAAATACGGT-1,0.137242,0.030808,0.83195
AACCTTTACGACGTCT-1,0.282343,0.000182,0.717475
AACGAAAGTCGTCCCA-1,0.322091,0.273715,0.404194
AACGACCTCCTAGCCG-1,0.000021,0.622464,0.377515
AACGATAATGCCGTAG-1,0.11743,0.13606,0.746511
AACGATAGAAGGGCCG-1,0.91824,0.00016,0.0816
AACGATATGTCAACTG-1,0.093469,0.017907,0.888624
AACGCATGATCTGGGT-1,0.095864,0.184357,0.719779
AACGCGAACGGCAACA-1,0.021582,0.016486,0.961932
AACGCGACCTTGGGCG-1,0.853759,0.000261,0.145979
AACGCGGTCTCCAGCC-1,0.033338,0.098639,0.868023
AACGCTGTTGCTGAAA-1,0.037192,0.11484,0.847968
AACGGACGTACGTATA-1,0.022922,0.014586,0.962491
AACGGCCATCTCCGGT-1,0.187094,0.045754,0.767152
AACGTACTGTGGGTAC-1,0.175568,0.109433,0.714999
AACGTCAGACTAGTGG-1,0.03742,0.059684,0.902896
AACGTCGCTGCACTTC-1,0.000024,0.931166,0.068811
AACGTGCGAAAGTCTC-1,0.000035,0.154401,0.845563
AACGTTATCAGCACCT-1,0.046317,0.022988,0.930695
AACGTTCTACCATTGT-1,0.37581,0.603568,0.020623
AACTACCCGTTTGTCA-1,0.021598,0.224081,0.75432
AACTAGGCTTGGGTGT-1,0.440641,0.000252,0.559107
AACTCAAGTTAATTGC-1,0.653944,0.023386,0.32267
AACTCCAGAGCGTGTT-1,0.002575,0.166149,0.831276
AACTCCTAATCCCATG-1,0.20715,0.087577,0.705273
AACTCGATAAACACGT-1,0.04202,0.000088,0.957892
AACTCGATGGCGCAGT-1,0.142556,0.000125,0.857319
AACTCTCAATAGAGCG-1,0.000052,0.105864,0.894084
AACTCTCAGTGTGCTC-1,0.034215,0.000092,0.965692
AACTGAGGTCAGCGTC-1,0.000045,0.227285,0.77267
AACTGAGTTATACTGA-1,0.152889,0.431558,0.415553
AACTGATATTAGGCCT-1,0.009145,0.007455,0.9834
AACTGGGTCCCGACGT-1,0.035638,0.000071,0.964291
AACTTCTGCGTCTATC-1,0.090958,0.036406,0.872636
AACTTGCCCGTATGCA-1,0.134569,0.010576,0.854855
AACTTGCGTTCTCGCG-1,0.000022,0.000044,0.999934
AACTTTACGGGAGCTT-1,0.065312,0.185385,0.749304
AACTTTCTCGATCATG-1,0.048074,0.691613,0.260313
AAGAAATCACCAGATT-1,0.168678,0.378759,0.452563
AAGAAGGATCAGTTAG-1,0.097765,0.131531,0.770704
AAGACATACGTGGTTT-1,0.09701,0.667684,0.235307
AAGACCAAATAACTCA-1,0.264946,0.307008,0.428046
AAGACCCAACTGAACA-1,0.801855,0.000291,0.197855
AAGACTAACCCGTTGT-1,0.136021,0.036714,0.827264
AAGACTGCAAGCTACT-1,0.008647,0.013742,0.977611
AAGAGATGAATCGGTA-1,0.029897,0.176567,0.793536
AAGAGCTCTTTATCGG-1,0.000044,0.005199,0.994757
AAGAGGATGTACGCGA-1,0.07776,0.000125,0.922115
AAGAGGCATGGATCGC-1,0.1546,0.156919,0.688481
AAGAGGCCCTTTGGAA-1,0.017324,0.219434,0.763243
AAGATGGCACCGGACC-1,0.119675,0.06769,0.812635
AAGATTGGCGGAACGT-1,0.353744,0.002016,0.644239
AAGCACCCTGCGTATC-1,0.000027,0.043243,0.95673
AAGCATACTCTCCTGA-1,0.126769,0.104542,0.768688
AAGCCACTTGCAGGTA-1,0.127494,0.476843,0.395664
AAGCCGAAGCGGTTTA-1,0.144599,0.074133,0.781268
AAGCCGCCGTGAAATC-1,0.047374,0.275213,0.677413
AAGCCGCTTTACCTTG-1,0.139458,0.30586,0.554682
AAGCCGGAGAGCAGGA-1,0.000029,0.672106,0.327866
AAGCGCAGGGCTTTGA-1,0.055428,0.291022,0.65355
AAGCGGAGTGCGCGCA-1,0.083449,0.402055,0.514496
AAGCGGCGTCATGGGT-1,0.021143,0.070081,0.908775
AAGCGTCCCTCATCGA-1,0.007337,0.0113,0.981363
AAGCTAGATCGAGTAA-1,0.000031,0.001257,0.998712
AAGCTCGTGCCAAGTC-1,0.00018,0.01361,0.98621
AAGCTCTTTCATGGTG-1,0.000037,0.080421,0.919542
AAGGAGCGGTTGGTGC-1,0.719376,0.177737,0.102887
AAGGATCGATCGCTTG-1,0.018419,0.000188,0.981393
AAGGATGAGGGACCTC-1,0.038134,0.000071,0.961795
AAGGCAGGCTGTCTCC-1,0.093422,0.70115,0.205428
AAGGCGCGTAAAGCTT-1,0.001126,0.041095,0.957779
AAGGCTGTGCTCATCG-1,0.999393,0.000174,0.000434
AAGGGAACGACTGGCT-1,0.000903,0.165573,0.833524
AAGGGACAGATTCTGT-1,0.016516,0.01597,0.967515
AAGGGACTATGCATTC-1,0.060972,0.080662,0.858366
AAGGGTTAGCCATGCG-1,0.000085,0.967029,0.032886
AAGGGTTTGATTTCAG-1,0.091288,0.306838,0.601875
AAGGTATCCTAATATA-1,0.000035,0.088955,0.91101
AAGGTGATAAACCAGC-1,0.148142,0.174922,0.676936
AAGTAGAAGACCGGGT-1,0.993816,0.005897,0.000287
AAGTAGTGACGCGAGG-1,0.084394,0.007564,0.908042
AAGTCAATTGTCGTCA-1,0.000037,0.196719,0.803244
AAGTCTAGTAGCTGCC-1,0.205991,0.277563,0.516446
AAGTCTTCTGTGGCCT-1,0.010685,0.138619,0.850696
AAGTGACGACCGAATT-1,0.01592,0.018792,0.965288
AAGTGAGTCGGGTTTA-1,0.736274,0.117247,0.146479
AAGTGCAAAGGTAGAC-1,0.001734,0.064433,0.933833
AAGTGCCTTGACTGTA-1,0.091326,0.081876,0.826798
AAGTGCGTTAGAATCT-1,0.059457,0.00907,0.931474
AAGTGCTTCTCTATTG-1,0.043227,0.262591,0.694182
AAGTGTTTGGAGACGG-1,0.156527,0.001753,0.84172
AAGTTCACTCCAAGCT-1,0.039659,0.056821,0.90352
AAGTTCAGTCTGCGTA-1,0.009553,0.000108,0.99034
AAGTTCGGCCAACAGG-1,0.019224,0.109563,0.871213
AAGTTGTGATGTTATA-1,0.054385,0.595844,0.34977
AAGTTTATGGGCCCAA-1,0.00178,0.214551,0.78367
AATAACAACGCTCGGC-1,0.100605,0.00715,0.892244
AATAACACTAGAACAA-1,0.005877,0.064325,0.929798
AATAACGTCGCGCCCA-1,0.002684,0.76224,0.235076
AATAATCTTCGTATCG-1,0.006122,0.627666,0.366212
AATACAATGTTTCAGG-1,0.160193,0.005212,0.834595
AATACCGGAGGGCTGT-1,0.017447,0.161121,0.821432
AATACCTGATGTGAAC-1,0.044401,0.618019,0.33758
AATAGAACAGAGTGGC-1,0.990551,0.000137,0.009312
AATAGAATCTGTTTCA-1,0.090984,0.031109,0.877907
AATAGCAAGCCTCCTG-1,0.055706,0.292021,0.652273
AATAGCTACCGCGTGC-1,0.083074,0.006557,0.910369
AATAGGCACGACCCTT-1,0.044224,0.460429,0.495347
AATAGTCCGTCCCGAC-1,0.865042,0.000187,0.13477
AATAGTCGCGAGTCGG-1,0.161575,0.017396,0.821029
AATATCAAGGTCGGAT-1,0.292199,0.000162,0.70764
AATATCCTAGCAAACT-1,0.055111,0.153586,0.791302
AATATCGAATCAATGC-1,0.077921,0.211767,0.710313
AATATCGAGGGTTCTC-1,0.124843,0.026735,0.848422
AATATTGGAGTATTGA-1,0.022445,0.009053,0.968503
AATCAGACTGCAGGAC-1,0.030834,0.012102,0.957065
AATCAGGTTTCATTTA-1,0.062586,0.286887,0.650527
AATCATGTAAAGACTC-1,0.000071,0.275388,0.724541
AATCCAAGGGCCTGAG-1,0.999481,0.000135,0.000384
AATCCATGCAAGGGTG-1,0.006375,0.000119,0.993506
AATCCCGCTCAGAGCC-1,0.893021,0.106784,0.000195
AATCGAGGTCTCAAGG-1,0.030981,0.554503,0.414517
AATCGCCTCAGCGCCA-1,0.001449,0.013155,0.985395
AATCGCGCAGAGGACT-1,0.174644,0.187338,0.638018
AATCGGTATAGCCCTC-1,0.000044,0.83008,0.169876
AATCGTGAGCCGAGCA-1,0.02746,0.205029,0.76751
AATCTAGGTTTACTTG-1,0.278929,0.165428,0.555643
AATCTATGCCGGAGCC-1,0.013799,0.062817,0.923384
AATCTCTACTGTGGTT-1,0.012181,0.000956,0.986863
AATCTGCGTTGGGACG-1,0.039731,0.048767,0.911502
AATCTGGCTTTCTAGT-1,0.029467,0.192154,0.77838
AATGACAGCAATGTCT-1,0.062271,0.000088,0.937641
AATGACGTAGGATGTC-1,0.009993,0.071755,0.918252
AATGACTGTCAGCCGG-1,0.547107,0.452097,0.000796
AATGAGTTCGCATATG-1,0.06888,0.000638,0.930482
AATGATGATACGCTAT-1,0.077588,0.027383,0.895029
AATGATGCGACTCCTG-1,0.117019,0.000136,0.882844
AATGCAACCGGGTACC-1,0.247609,0.035612,0.716779
AATGCACCAAGCAATG-1,0.233824,0.03745,0.728725
AATGGCCGCCAATGCG-1,0.284596,0.392287,0.323117
AATGGTCCACCGTTCA-1,0.012298,0.000131,0.987571
AATGGTTCTCACAAGC-1,0.145188,0.000742,0.854069
AATGTATGGCACTGTA-1,0.053012,0.374333,0.572656
AATGTGCCCGAGGTGT-1,0.025105,0.182035,0.79286
AATGTGCTAATCTGAG-1,0.006178,0.258661,0.735161
AATGTTAAGACCCTGA-1,0.046612,0.701807,0.251581
AATGTTGTCGTGAGAC-1,0.006648,0.589926,0.403426
AATTAAAGGTCGGCGT-1,0.568021,0.00024,0.431739
AATTAACGGATTTCCA-1,0.175443,0.016178,0.808379
AATTACGAGACCCATC-1,0.012617,0.275051,0.712332
AATTACTCGTACGCTC-1,0.061938,0.079522,0.85854
AATTAGCGCTGCAGCG-1,0.773746,0.00488,0.221375
AATTATACCCAGCAAG-1,0.039843,0.423884,0.536274
AATTCATAAGGGATCT-1,0.049018,0.005831,0.945151
AATTCATTGTCATGCA-1,0.030365,0.2672,0.702436
AATTCCAACTTGGTGA-1,0.105672,0.000092,0.894236
AATTCCAAGCATGTAC-1,0.50804,0.066137,0.425823
AATTCGATTCGAGGAT-1,0.000052,0.106693,0.893255
AATTCTAGAGTTAGGC-1,0.465524,0.092605,0.44187
AATTGAACGCTCTGGT-1,0.104459,0.096125,0.799416
AATTGCAGCAATCGAC-1,0.127527,0.248232,0.624241
AATTGCGTGGATTACA-1,0.030927,0.377446,0.591627
AATTGTGGTTGCCAAA-1,0.042064,0.570155,0.387781
AATTTGGGACATAGTA-1,0.00004,0.007319,0.99264
ACAAACCATGCGTCCT-1,0.122467,0.197574,0.679959
ACAAACTCCATCAGAG-1,0.864679,0.133661,0.001661
ACAAAGAAGGTAGGCC-1,0.269864,0.080588,0.649548
ACAAAGCATGACCTAG-1,0.017044,0.258016,0.72494
ACAAATCGCACCGAAT-1,0.000067,0.033086,0.966846
ACAAATGGTAGTGTTT-1,0.001039,0.099671,0.89929
ACAAATTCAGATCTGA-1,0.373493,0.067107,0.5594
ACAACAGCATGAGCTA-1,0.000026,0.007431,0.992543
ACAACGGTCCCTGCGA-1,0.04892,0.150878,0.800202
ACAAGCAGTGCCTAGC-1,0.084216,0.119435,0.796349
ACAAGCTATATGGAAG-1,0.054575,0.014614,0.93081
ACAAGGAAATCCGCCC-1,0.061716,0.060345,0.87794
ACAAGGACAAGAGGTT-1,0.06334,0.001341,0.935319
ACAAGGATGCTTTAGG-1,0.236264,0.130219,0.633517
ACAAGGGCAGGCTCTG-1,0.132686,0.093565,0.773749
ACAATAGTCGTACGTT-1,0.005539,0.001416,0.993045
ACAATCCATTTAAACC-1,0.076161,0.092903,0.830937
ACAATGAATACGGAGA-1,0.036591,0.049417,0.913992
ACAATGATTCTTCTAC-1,0.307095,0.474096,0.218808
ACAATTGTGTCTCTTT-1,0.008639,0.299329,0.692032
ACAATTTAGGAGGCTC-1,0.024668,0.003146,0.972186
ACAATTTGAGCAGTGG-1,0.122494,0.000195,0.877311
ACAATTTGGCCATATT-1,0.000051,0.523189,0.476759
ACACAAAGACGGGTGG-1,0.539184,0.00019,0.460626
ACACAAATATTCCTAG-1,0.12684,0.386764,0.486395
ACACACCAGGACCAGT-1,0.103861,0.005211,0.890928
ACACACTTTCTACACG-1,0.009615,0.092673,0.897712
ACACATGATCAAATCT-1,0.034703,0.117649,0.847648
ACACATTGACGCAACA-1,0.023587,0.006238,0.970175
ACACATTTCCGTAGAC-1,0.000058,0.539744,0.460198
ACACCACATAATTAGC-1,0.156271,0.05734,0.786388
ACACCCAGCATGCAGC-1,0.475344,0.00019,0.524465
ACACCCGAGAAATCCG-1,0.086332,0.010831,0.902837
ACACCGAGCGCTCTTT-1,0.068245,0.123925,0.80783
ACACCGGTCTGACCGC-1,0.021934,0.151107,0.826959
ACACCTTAAGTAGGGC-1,0.622424,0.000174,0.377402
ACACCTTACTACTTGC-1,0.271033,0.229776,0.499192
ACACGAGACTCCTTCT-1,0.043687,0.042167,0.914146
ACACGGGAACTTAGGG-1,0.094238,0.002013,0.903749
ACACGTAGGCCACAAG-1,0.000029,0.3517,0.648271
ACACTCCAATGTCACT-1,0.338734,0.066465,0.594801
ACACTGATCAAGGTGT-1,0.999326,0.000192,0.000481
ACACTGGGACAGTCGT-1,0.010218,0.589178,0.400604
ACAGAACTGAGAACAA-1,0.072301,0.012273,0.915426
ACAGCGACATTCTCAT-1,0.025443,0.121589,0.852968
ACAGGAGGCGCAGCCG-1,0.102792,0.108464,0.788744
ACAGGCACGGATCCTT-1,0.110927,0.593019,0.296055
ACAGGCTTGCCCGACT-1,0.025497,0.153594,0.820909
ACAGGTGGAGGTGAGG-1,0.03034,0.001853,0.967807
ACAGGTGTGTTGTTGC-1,0.2275,0.26579,0.50671
ACAGTAATACAACTTG-1,0.061497,0.007172,0.931331
ACAGTATACCGTGGGA-1,0.053278,0.388165,0.558556
ACATAAGTCGTGGTGA-1,0.299193,0.0176,0.683208
ACATAATAAGGCGGTG-1,0.099375,0.038174,0.862451
ACATACAATCAAGCGG-1,0.122792,0.560921,0.316286
ACATCAGCTGGGACGC-1,0.000017,0.239303,0.76068
ACATCCCGGCCATACG-1,0.86303,0.000157,0.136813
ACATCCTGGTAACTGT-1,0.027056,0.18989,0.783054
ACATCGATCGTTTACC-1,0.021885,0.035085,0.94303
ACATCGGTCAGCCGCG-1,0.009222,0.002259,0.988519
ACATCGTATGCAATGG-1,0.002359,0.012031,0.98561
ACATGCTTACGGCAGC-1,0.01221,0.588935,0.398855
ACATGGCGCCAAAGTA-1,0.185657,0.109658,0.704685
ACATGGCTCAATTTAG-1,0.113902,0.005116,0.880983
ACATTAGTTTATATCC-1,0.748754,0.000279,0.250966
ACATTCGCGCGGAATA-1,0.055093,0.578628,0.36628
ACATTTGAAACCTAAC-1,0.000018,0.642876,0.357106
ACCAAACACCCAGCGA-1,0.000019,0.146541,0.85344
ACCAACACCACACACT-1,0.09773,0.361542,0.540728
ACCAACCGCACTCCAC-1,0.000021,0.348822,0.651157
ACCAACGCTTATTTAT-1,0.78595,0.000217,0.213833
ACCAAGAACGCGTGTC-1,0.582931,0.235259,0.18181
ACCAAGTCATCGGCAG-1,0.000055,0.579313,0.420632
ACCAATATGCAAGTTA-1,0.145761,0.045547,0.808693
ACCACAAGTTTCTATC-1,0.892077,0.10408,0.003843
ACCACACGGTTGATGG-1,0.000531,0.617969,0.3815
ACCACCAATGTAACAA-1,0.0798,0.166594,0.753606
ACCACCCTCTCTTCTA-1,0.148416,0.682304,0.16928
ACCACGTGCAGCTATA-1,0.139762,0.000846,0.859392
ACCACTGTTCAAGAAG-1,0.018829,0.013899,0.967272
ACCAGACCATAACAAC-1,0.014711,0.070972,0.914317
ACCAGTGCCCGGTCAA-1,0.057855,0.034428,0.907717
ACCAGTGCGGGAGACG-1,0.000059,0.082648,0.917293
ACCATATCCGCAATAA-1,0.647206,0.000262,0.352532
ACCATCCGCCAACTAG-1,0.027845,0.030495,0.941661
ACCATCGTATATGGTA-1,0.326506,0.000188,0.673306
ACCATTAAGGGTGTCA-1,0.267215,0.089482,0.643303
ACCCAACGCCCGTGGC-1,0.028395,0.024214,0.94739
ACCCACCTACATGCTC-1,0.042337,0.037407,0.920256
ACCCATCTTGAGGGTA-1,0.000032,0.015275,0.984693
ACCCATTTGTCCCTCT-1,0.000084,0.388661,0.611254
ACCCGAGCGAAATTAC-1,0.181588,0.136347,0.682065
ACCCGATTGGTTCCGA-1,0.220474,0.184266,0.59526
ACCCGGAAACTCCCAG-1,0.259188,0.00021,0.740602
ACCCGGAGCACCACAA-1,0.164072,0.704002,0.131926
ACCCGGATGACGCATC-1,0.033792,0.000173,0.966035
ACCCGGTTACACTTCC-1,0.586292,0.000117,0.413591
ACCCGTAGCAGAGAAT-1,0.184705,0.557468,0.257827
ACCCGTAGTCTAGTTG-1,0.030417,0.832612,0.136971
ACCCGTGTCATCAGTA-1,0.976348,0.000118,0.023535
ACCCTATAGGACTGAG-1,0.029643,0.044375,0.925982
ACCCTATGCCATATCG-1,0.012733,0.032484,0.954783
ACCCTCCCGTCAGGGC-1,0.049353,0.503958,0.446689
ACCCTCCCTTGCTATT-1,0.096931,0.101858,0.801211
ACCCTGGTAACGCCCT-1,0.097204,0.025959,0.876838
ACCCTTCATCTGCGAA-1,0.001849,0.009374,0.988777
ACCCTTGCCTGGGTCG-1,0.038119,0.467979,0.493902
ACCGAAGAGTCTGGTT-1,0.002887,0.291259,0.705854
ACCGACACATCTCCCA-1,0.050295,0.118583,0.831122
ACCGACTGAGTCCCAC-1,0.088967,0.033156,0.877877
ACCGAGTCTCCTTATT-1,0.003552,0.512603,0.483844
ACCGATAGGCATAACC-1,0.000027,0.676751,0.323222
ACCGATATTTAATCAT-1,0.031713,0.645336,0.322951
ACCGATGGTAGCATCG-1,0.082185,0.003679,0.914136
ACCGCAATAACTGCCT-1,0.089755,0.125657,0.784588
ACCGCGGTGGAAGTCG-1,0.032811,0.076621,0.890568
ACCGCTAGTCATTGGT-1,0.000015,0.560716,0.439269
ACCGGGCCTTTGTTGA-1,0.114835,0.099114,0.786051
ACCGGTCAGGTACACC-1,0.009819,0.024692,0.965489
ACCGTCCACTGGGCCC-1,0.335758,0.351536,0.312706
ACCGTGACCACGTGGG-1,0.058049,0.011858,0.930093
ACCTAAGTACCTTTCA-1,0.186057,0.07826,0.735684
ACCTAATCGACTTCCT-1,0.206478,0.113752,0.67977
ACCTACAGTATGTGGT-1,0.007301,0.07295,0.919749
ACCTACTATAAATCTA-1,0.870063,0.091867,0.038069
ACCTCCGCCCTCGCTG-1,0.000039,0.325572,0.67439
ACCTCCGTTATTCACC-1,0.033325,0.382562,0.584113
ACCTCGAACTTATGCT-1,0.15317,0.190272,0.656558
ACCTGCGTGTCATGTT-1,0.017449,0.024722,0.957828
ACGAAATGGGCGGCAC-1,0.002557,0.174218,0.823225
ACGACCCATGAGTTGC-1,0.009483,0.646956,0.343561
ACGACTCTAGGGCCGA-1,0.065643,0.811621,0.122736
ACGACTGGTCATACTC-1,0.028174,0.107088,0.864737
ACGAGAACCCATCACG-1,0.15706,0.150759,0.692181
ACGAGGATACCACTCT-1,0.024941,0.073815,0.901244
ACGAGGTTTACAACGT-1,0.068331,0.184026,0.747642
ACGAGTACGGATGCCC-1,0.020451,0.003739,0.97581
ACGAGTCGCCGGCGTT-1,0.000022,0.009016,0.990962
ACGATACATAGAACTA-1,0.075923,0.000129,0.923947
ACGATACCTATCCTGA-1,0.016678,0.000121,0.983201
ACGATCATACATAGAG-1,0.000033,0.00075,0.999217
ACGATCATCTTGTAAA-1,0.0714,0.012915,0.915686
ACGATGCATATGTTAT-1,0.654913,0.000181,0.344905
ACGCAAACTAATAGAT-1,0.908369,0.000173,0.091457
ACGCAATCACTACAGC-1,0.00003,0.000903,0.999067
ACGCATAAATGACATG-1,0.000015,0.359705,0.640279
ACGCATACGTTTACTA-1,0.141761,0.101967,0.756271
ACGCATTCGTGAGTAC-1,0.056761,0.000165,0.943075
ACGCCACTCGAAACAG-1,0.017093,0.47256,0.510347
ACGCCAGATGATTTCT-1,0.000036,0.065322,0.934643
ACGCCAGTGCGTTTGC-1,0.01461,0.882396,0.102994
ACGCCGCTAGACGACC-1,0.023222,0.011472,0.965306
ACGCGAAGTCAGACGA-1,0.654878,0.00899,0.336132
ACGCGCTACACAGGGT-1,0.062094,0.134055,0.803851
ACGCGGGCCAAGGACA-1,0.04064,0.032162,0.927198
ACGCGTTTCTTAAGAG-1,0.000396,0.100771,0.898832
ACGCTACTGAATGGGC-1,0.010998,0.978442,0.01056
ACGCTAGTGATACACT-1,0.117554,0.025,0.857446
ACGCTGTGAGGCGTAG-1,0.157601,0.120151,0.722248
ACGGAACACGAGTGCC-1,0.000028,0.692851,0.307121
ACGGAATTTAGCAAAT-1,0.019908,0.015392,0.9647
ACGGACGCAGCGACAA-1,0.279015,0.713462,0.007523
ACGGACTCTCAAAGCG-1,0.024471,0.044438,0.931091
ACGGAGCGCAAATTAC-1,0.006332,0.015892,0.977776
ACGGATGGTGCGGATA-1,0.000051,0.102767,0.897182
ACGGCACTTGCTTGGG-1,0.975784,0.000191,0.024025
ACGGCCAACATGGACT-1,0.967684,0.031934,0.000382
ACGGCGACGATGGGAA-1,0.049608,0.034061,0.916331
ACGGCGGGTTGCCCTG-1,0.041107,0.000102,0.95879
ACGGCTGGATGTAGAA-1,0.024391,0.18682,0.788789
ACGGGAGTGTCGGCCC-1,0.00209,0.001388,0.996522
ACGGGCGTATGCGACA-1,0.081799,0.232928,0.685273
ACGGGTCATGTGACTT-1,0.204845,0.033168,0.761988
ACGGGTTGTGACCTGT-1,0.018633,0.706761,0.274606
ACGGTACAGTTCAATG-1,0.03114,0.911885,0.056975
ACGGTCACCGAGAACA-1,0.138775,0.383616,0.477609
ACGTACTTTGGCACGG-1,0.002734,0.338254,0.659012
ACGTAGATTGCTGATG-1,0.000038,0.000075,0.999887
ACGTAGGAGAGTCGCT-1,0.058564,0.317713,0.623723
ACGTATTACTCCGATC-1,0.076412,0.000214,0.923374
ACGTCGGGCAACTCGG-1,0.051372,0.236233,0.712395
ACGTCTCGTTCCGGGA-1,0.129529,0.017547,0.852924
ACGTGACAAAGTAAGT-1,0.063069,0.223703,0.713228
ACGTGCGCCTCGTGCA-1,0.205084,0.040307,0.754609
ACGTTAATGTCGAAGA-1,0.136853,0.048281,0.814866
ACGTTAGATTTGCCCG-1,0.068224,0.042429,0.889347
ACGTTATTGGTCACTC-1,0.634189,0.365227,0.000584
ACGTTCACTATGCCGC-1,0.376138,0.609051,0.014811
ACGTTCGCAATCAATT-1,0.048978,0.132563,0.818459
ACGTTCGTTCAGGAAA-1,0.856611,0.00018,0.143209
ACGTTCTGTACAAGTC-1,0.102291,0.217897,0.679812
ACGTTGTCGTTGAAAG-1,0.083145,0.476812,0.440043
ACGTTTAGTTGTGATC-1,0.03481,0.000119,0.965071
ACGTTTCGGTGCACTT-1,0.048411,0.843463,0.108127
ACTAAGGACGCACACC-1,0.173742,0.547925,0.278333
ACTAATACGTCAGGCG-1,0.020118,0.040303,0.939579
ACTACAAAGAGAGGTG-1,0.16501,0.834634,0.000356
ACTACATCCCGACAAG-1,0.001619,0.047171,0.95121
ACTACCAGCTCTCTGG-1,0.490808,0.046424,0.462767
ACTACCATCCGAGGGC-1,0.00002,0.593102,0.406879
ACTACGCGTTAGAATT-1,0.999429,0.000163,0.000408
ACTAGTTGCGATCGTC-1,0.000028,0.175623,0.824349
ACTATATGCTGTGTTC-1,0.149315,0.048225,0.80246
ACTATCCAGGGCATGG-1,0.002908,0.001355,0.995736
ACTATCGCCGGCTAAA-1,0.153964,0.000397,0.845639
ACTATCTGCCCGCGTA-1,0.000033,0.295162,0.704804
ACTATGTCCAGCTGCC-1,0.013951,0.229377,0.756672
ACTATTCGTCCGTGGT-1,0.082587,0.133337,0.784076
ACTATTTCCGGGCCCA-1,0.076188,0.028087,0.895726
ACTCAACGAATGTATT-1,0.044888,0.000119,0.954992
ACTCAAGTGCAAGGCT-1,0.031716,0.120063,0.848222
ACTCAATAAAGGCACG-1,0.000028,0.042857,0.957115
ACTCAGACCTGCTTCT-1,0.606319,0.048915,0.344766
ACTCATGGCAGCCTTC-1,0.000017,0.212759,0.787224
ACTCCAATATCATCAT-1,0.071112,0.090729,0.838159
ACTCCCATTCCTAAAG-1,0.044332,0.099526,0.856142
ACTCCCGAATTCGTTT-1,0.044217,0.003099,0.952684
ACTCCCGTAGACTAGG-1,0.037381,0.162156,0.800463
ACTCCCTAATGCTAAA-1,0.102565,0.080249,0.817186
ACTCCCTAGAATAGTA-1,0.018738,0.043045,0.938217
ACTCCGGCCGACCACT-1,0.000049,0.52766,0.472291
ACTCGATGTATTTCAT-1,0.095588,0.09056,0.813852
ACTCGCCGTTCGATAA-1,0.055365,0.724907,0.219728
ACTCGCGATCTGACGC-1,0.025952,0.637265,0.336784
ACTCGTAACCCGTCCT-1,0.052638,0.000154,0.947207
ACTCGTCAGTAATCCC-1,0.09284,0.031134,0.876026
ACTCTAAACCTGGGAT-1,0.022692,0.144731,0.832577
ACTCTCTGACTTAGGT-1,0.078508,0.060003,0.861489
ACTCTGACCTAATAGA-1,0.077166,0.462156,0.460678
ACTCTTCAGCTCCCGC-1,0.22844,0.512918,0.258642
ACTCTTGTATAGTAAC-1,0.055121,0.04383,0.901049
ACTGAAACGCCGTTAG-1,0.108106,0.176187,0.715707
ACTGAATGGCGAAAGT-1,0.032245,0.001836,0.965919
ACTGCCCGCCATTCTC-1,0.016258,0.277319,0.706423
ACTGCCGTCGTAACTC-1,0.01391,0.022579,0.963511
ACTGCGGACACACCGT-1,0.085756,0.453991,0.460252
ACTGCTCGGAAGGATG-1,0.048798,0.007465,0.943737
ACTGGCGAACCTGCGT-1,0.104402,0.614767,0.280831
ACTGTACGATACACAT-1,0.000024,0.055362,0.944614
ACTGTAGCACTTTGGA-1,0.017052,0.016605,0.966343
ACTGTATACGCGAGCA-1,0.000021,0.000042,0.999936
ACTGTCCAGGATTATA-1,0.856963,0.015124,0.127913
ACTGTCTTCTTTAGAA-1,0.024927,0.024581,0.950492
ACTGTGCTAGTAGATC-1,0.025146,0.000187,0.974667
ACTTACCGGGCGCGCA-1,0.026372,0.000978,0.972649
ACTTACGCATCCACGC-1,0.0176,0.195211,0.787189
ACTTAGTACGACAAGA-1,0.111992,0.407885,0.480123
ACTTATACTTACCCGG-1,0.047092,0.008765,0.944143
ACTTATTAGGATCGGT-1,0.999177,0.000235,0.000588
ACTTATTTATGTGCCA-1,0.018734,0.057937,0.92333
ACTTCAGGCTGATCCC-1,0.17158,0.03187,0.79655
ACTTCCAGTGGAAGCT-1,0.093801,0.121919,0.78428
ACTTCCATGCGGGACA-1,0.080633,0.049357,0.870011
ACTTCGCCATACGCAC-1,0.025125,0.002065,0.97281
ACTTCGCTAGCGAGTG-1,0.373605,0.19039,0.436005
ACTTGACTCCCTCTTT-1,0.019663,0.104634,0.875702
ACTTGCTCTATCTACC-1,0.037205,0.459491,0.503303
ACTTGGGACCCGGTGG-1,0.582616,0.000393,0.416991
ACTTGTAGTCCCTTCA-1,0.015782,0.004808,0.97941
ACTTGTGGATGGAACG-1,0.141313,0.170236,0.688451
ACTTGTTACCGGATCA-1,0.907415,0.092125,0.00046
ACTTTACCCTCATGAA-1,0.008796,0.058611,0.932593
ACTTTATACACCACTT-1,0.000017,0.934582,0.065402
ACTTTCCTATAGCTTC-1,0.048293,0.102835,0.848871
ACTTTGACTGCATCCT-1,0.056523,0.276996,0.66648
ACTTTGGTCGTGCTCC-1,0.092348,0.245149,0.662503
ACTTTGTCGACGCACT-1,0.00005,0.61914,0.38081
AGAAATTATGACTCGC-1,0.019373,0.55236,0.428267
AGAACACGGCGATGGT-1,0.000021,0.644755,0.355224
AGAACCCAGCGTGACA-1,0.006518,0.551197,0.442285
AGAACCCTCAATTGGG-1,0.080131,0.148164,0.771704
AGAACGTGGTACATTC-1,0.059728,0.000078,0.940194
AGAACTGTACTTTGTA-1,0.005364,0.595679,0.398957
AGAAGAGCGCCGTTCC-1,0.000636,0.010369,0.988995
AGAAGGTACACTTCAC-1,0.084499,0.077899,0.837603
AGAAGGTTGCCGAATT-1,0.628751,0.000158,0.371091
AGAAGGTTGTAGGTCG-1,0.000041,0.128301,0.871658
AGAAGTGATTCGTGAT-1,0.143072,0.018398,0.838529
AGAATAAATCTTCAGG-1,0.138698,0.002725,0.858577
AGAATACAGGCTATCC-1,0.034375,0.750529,0.215096
AGAATGCGGGTTCGGA-1,0.000031,0.039842,0.960126
AGAATTATGGATTCGA-1,0.000136,0.04605,0.953814
AGAATTGTTTGACATA-1,0.092757,0.000087,0.907156
AGACAGCTCAGAATCC-1,0.232522,0.077389,0.690088
AGACAGGCATCTCAGC-1,0.055857,0.728466,0.215677
AGACCAAACCACACCT-1,0.014791,0.205381,0.779828
AGACCATGGGATACAA-1,0.002915,0.00052,0.996566
AGACCCACCGCTGATC-1,0.270578,0.023592,0.705829
AGACCCGCCCTCCTCG-1,0.752726,0.039333,0.207941
AGACCGCTCCGCGGTT-1,0.129572,0.133575,0.736853
AGACCGGGAAACCCTG-1,0.092864,0.004973,0.902163
AGACGAAGTGCCGGTC-1,0.10022,0.15684,0.74294
AGACGACGATGCCGCT-1,0.233605,0.006748,0.759647
AGACGCCCACTTCGCC-1,0.170457,0.742078,0.087464
AGACGGGCCGATTTAA-1,0.168531,0.011074,0.820394
AGACTAGCCTTCCAGA-1,0.880131,0.000123,0.119746
AGACTGTTACCGGGTC-1,0.99931,0.000182,0.000508
AGAGAAACACCAGAAA-1,0.0063,0.200502,0.793198
AGAGAACCGTCTAGGA-1,0.005092,0.017558,0.97735
AGAGAAGGAGTACAAT-1,0.000032,0.038305,0.961663
AGAGATCTCTAAAGCG-1,0.080096,0.049476,0.870428
AGAGCAGTTATGAGAC-1,0.219316,0.010299,0.770385
AGAGCCGCCGAGATTT-1,0.018731,0.494941,0.486328
AGAGCGCTTGTAACGG-1,0.362898,0.41581,0.221292
AGAGCGGGCTAATCAT-1,0.146568,0.000094,0.853338
AGAGCGTACAAGCTCG-1,0.115983,0.002852,0.881164
AGAGCTACGAAAGCAT-1,0.172091,0.008785,0.819124
AGAGGCTTCGGAAACC-1,0.104868,0.026837,0.868295
AGAGGGACAATTGTCC-1,0.155654,0.42682,0.417526
AGAGTAAACTTCACTA-1,0.081619,0.275714,0.642666
AGAGTATAGTGTTACG-1,0.01419,0.491368,0.494441
AGAGTCTTAATGAAAG-1,0.444608,0.410442,0.144951
AGAGTTAGAGACCGAT-1,0.044804,0.09367,0.861526
AGAGTTGCAGGCCTCC-1,0.000024,0.460043,0.539933
AGATAACTTCAGGGCC-1,0.907909,0.000159,0.091932
AGATACCAATAGAACC-1,0.036122,0.55227,0.411608
AGATACCAGCACTTCA-1,0.544607,0.413731,0.041661
AGATACCGGTGTTCAC-1,0.006247,0.066531,0.927222
AGATACGACTTCATAT-1,0.105617,0.105849,0.788534
AGATACTCAAGATCGA-1,0.056674,0.061514,0.881812
AGATATAATACGACTA-1,0.000027,0.133653,0.86632
AGATCGTGCATAAGAT-1,0.00002,0.094429,0.905551
AGATCTCAGGTGTGAT-1,0.009595,0.033757,0.956648
AGATCTGGAGAGGATA-1,0.000024,0.534187,0.465789
AGATGACTCGCCCACG-1,0.700699,0.000208,0.299093
AGATGAGGGTTGCGAT-1,0.040979,0.006528,0.952493
AGATGATGGAGTCTGG-1,0.063254,0.249904,0.686842
AGATGCAAGACGTGCA-1,0.01367,0.091043,0.895287
AGATGCATCCTGTGTC-1,0.018595,0.045053,0.936352
AGATGCTATAACGAGC-1,0.087748,0.037745,0.874507
AGATTATAGGACGTTT-1,0.880651,0.00034,0.119009
AGATTCACAACCGATA-1,0.16427,0.128942,0.706788
AGCAAAGGCCGCTAGT-1,0.045575,0.086636,0.867789
AGCAACATATCTTATT-1,0.037546,0.094241,0.868213
AGCAACCGAAAGTAAT-1,0.090749,0.027268,0.881983
AGCACACGTTTAGACT-1,0.000029,0.320941,0.67903
AGCACCAGTACTCACG-1,0.000041,0.030658,0.969301
AGCACTACCGGCCTGT-1,0.339481,0.000119,0.660401
AGCACTACCTCACCAG-1,0.005936,0.049786,0.944278
AGCACTTAAGGACGCC-1,0.019566,0.020839,0.959595
AGCAGAAGGAGAAAGA-1,0.006805,0.174437,0.818758
AGCAGCCAGATGAATA-1,0.844453,0.000145,0.155402
AGCAGTCGAAGCATGC-1,0.007191,0.733259,0.259551
AGCATATCAATATGCT-1,0.100877,0.137682,0.761441
AGCATCATTTCGAAAG-1,0.051865,0.178285,0.769849
AGCATCGTCGATAATT-1,0.999216,0.000224,0.00056
AGCATTACGAGGCAAG-1,0.013732,0.548566,0.437701
AGCCAAGCTTTGTGTC-1,0.965303,0.034353,0.000345
AGCCACAGGTTACCCG-1,0.000051,0.119583,0.880367
AGCCACTCCCGTGCTT-1,0.236408,0.0002,0.763392
AGCCATATAGTATGTG-1,0.690471,0.252948,0.056582
AGCCCATACATGTAAG-1,0.091842,0.078911,0.829247
AGCCCGCAACAAGCAG-1,0.860335,0.139271,0.000394
AGCCCGCACTACAATG-1,0.00002,0.67399,0.32599
AGCCCGGCATTAGAGG-1,0.118658,0.191227,0.690115
AGCCCGGTAGCCTGTA-1,0.520396,0.357817,0.121787
AGCCCTAAGCGAAGTT-1,0.078517,0.000966,0.920516
AGCCCTCCCTGGTGGC-1,0.005541,0.069822,0.924637
AGCCCTGTCGCACCGT-1,0.052713,0.785999,0.161288
AGCCCTTCTAATCCGA-1,0.100793,0.025864,0.873342
AGCCCTTGGACATCCC-1,0.000018,0.636487,0.363494
AGCCGCAAATTCAAAT-1,0.047447,0.007026,0.945526
AGCCGCTTGATTAGCG-1,0.272893,0.000199,0.726908
AGCCGTGGCTAAATGT-1,0.109384,0.015539,0.875077
AGCCTAATACCCACGT-1,0.001079,0.080969,0.917951
AGCCTTAAAGCGGAAG-1,0.027848,0.01425,0.957902
AGCCTTGTCACTGATA-1,0.000015,0.849076,0.150909
AGCGACAGGAACGGTC-1,0.047468,0.001679,0.950854
AGCGACATCCCATTCA-1,0.172441,0.044162,0.783397
AGCGACCAACGATATT-1,0.963139,0.000169,0.036693
AGCGACTTTGAAGACA-1,0.453144,0.336362,0.210494
AGCGAGACGTGAAGGC-1,0.011974,0.306717,0.681309
AGCGATGCGCCTAATA-1,0.141942,0.445238,0.41282
AGCGCATAATGAATCG-1,0.999457,0.000155,0.000388
AGCGCGGGTGCCAATG-1,0.072859,0.007139,0.920001
AGCGCTAGAGCGATGT-1,0.155657,0.443662,0.400681
AGCGCTTATGGGCAAG-1,0.040888,0.001534,0.957577
AGCGGACACTTCGTAG-1,0.824487,0.000197,0.175316
AGCGGCGGTTAGCGGT-1,0.118996,0.011012,0.869992
AGCGGGAAGGGTCCAT-1,0.033925,0.001372,0.964704
AGCGGGTCTGACACTC-1,0.207198,0.054022,0.73878
AGCGGTTGCCGCTCTG-1,0.005175,0.02908,0.965745
AGCGTACGAGAGCTAG-1,0.000657,0.09219,0.907153
AGCGTAGCGCTAGACC-1,0.134773,0.000117,0.865111
AGCGTGGTATTCTACT-1,0.539857,0.36485,0.095293
AGCTAACAAGCAATGT-1,0.036501,0.096757,0.866742
AGCTAAGCTCCGTCCG-1,0.493125,0.241012,0.265864
AGCTAAGTACGCAGGC-1,0.052237,0.350134,0.597628
AGCTAGAAGCAGAAGT-1,0.23735,0.090587,0.672063
AGCTATTTAATCCAAC-1,0.000035,0.035931,0.964033
AGCTCCATATATGTTC-1,0.000028,0.280301,0.719671
AGCTCCTTCGCACATC-1,0.035252,0.16524,0.799508
AGCTCGTTGATGGAAA-1,0.107394,0.236847,0.655759
AGCTCTAGACGTTCCA-1,0.011236,0.000179,0.988585
AGCTCTTCCCAGTGCA-1,0.121799,0.00663,0.871571
AGCTCTTCGTAACCTT-1,0.026295,0.023191,0.950514
AGCTCTTTACTCAGTT-1,0.733025,0.00025,0.266725
AGCTGAAGTAAACCAA-1,0.117009,0.059124,0.823867
AGCTGTAACCTCAATC-1,0.005371,0.092769,0.901859
AGCTTCTTCTCGAGCA-1,0.060848,0.387775,0.551377
AGCTTGATCAGGGTAG-1,0.009478,0.520015,0.470507
AGCTTGATCTTAACTT-1,0.036093,0.110526,0.853381
AGGAAAGCCTCTGATG-1,0.000017,0.151131,0.848852
AGGAACGAACGACTTC-1,0.022776,0.678291,0.298933
AGGAAGCTGTCCGCCG-1,0.519851,0.053031,0.427118
AGGACAGTCGAATCCC-1,0.053547,0.048282,0.898171
AGGACATCGCACGTCG-1,0.017193,0.000097,0.98271
AGGACATCGGCACACT-1,0.005264,0.797702,0.197033
AGGACGACCCATTAGA-1,0.82884,0.000183,0.170978
AGGACGCTCGATGTTG-1,0.012637,0.000158,0.987205
AGGACTTATAGGAGAA-1,0.037297,0.007447,0.955255
AGGAGACATCCACAGT-1,0.000032,0.454957,0.545011
AGGAGAGTCTGGCTAC-1,0.195778,0.34085,0.463372
AGGAGCGTTTATTATC-1,0.034946,0.780965,0.184089
AGGAGGCCTTCGCGCG-1,0.012212,0.062989,0.924799
AGGATAAAGTCGGGAT-1,0.703796,0.00015,0.296054
AGGATATAGGGATTTA-1,0.011637,0.020924,0.967439
AGGATATCCGACTGCA-1,0.000038,0.609252,0.39071
AGGATCACGCGATCTG-1,0.179382,0.065589,0.755029
AGGATTGCTTACGACA-1,0.250814,0.193119,0.556067
AGGCAATACGGAGGAC-1,0.104904,0.004427,0.890669
AGGCACGTGACTGTCC-1,0.000013,0.490014,0.509973
AGGCAGATGCGTAAAC-1,0.000025,0.002452,0.997523
AGGCAGGGAGCGTACT-1,0.661945,0.000257,0.337798
AGGCATTGTCGTAGGG-1,0.094496,0.124611,0.780893
AGGCCACATTGGTTAC-1,0.010306,0.643913,0.345781
AGGCCACCCGTTATGA-1,0.05664,0.070965,0.872395
AGGCCCAGTGACTGGT-1,0.107098,0.000067,0.892835
AGGCCCATTGTACAGG-1,0.835688,0.000187,0.164124
AGGCCCTAGAACGCCA-1,0.250081,0.000117,0.749802
AGGCCTATCATACCAA-1,0.494557,0.29852,0.206923
AGGCCTGAGAATCTCG-1,0.000031,0.058582,0.941387
AGGCGATAACTGGCGT-1,0.00004,0.633321,0.366638
AGGCGGTTTGTCCCGC-1,0.000071,0.00177,0.998158
AGGCGTCTATGGACGG-1,0.142543,0.031656,0.825801
AGGCTATGGTTAGCTT-1,0.04272,0.020351,0.936929
AGGCTTCCCGAAGAAG-1,0.040728,0.06522,0.894051
AGGCTTGCTAGACACC-1,0.02087,0.021106,0.958024
AGGGAAACGAGGTACT-1,0.160067,0.005398,0.834535
AGGGACCGGCTGCGTT-1,0.000036,0.028827,0.971138
AGGGACTCTACGCGAC-1,0.802669,0.000272,0.197059
AGGGAGACATACTTCG-1,0.000032,0.051377,0.948591
AGGGCCCTAATGTTCT-1,0.00003,0.690561,0.309409
AGGGCGAGCAGCTGAT-1,0.000721,0.111664,0.887615
AGGGCGTGATCGGCTA-1,0.725134,0.000147,0.274719
AGGGCTGCAGTTACAG-1,0.037503,0.005604,0.956894
AGGGTCAGAGCACTCG-1,0.606197,0.1228,0.271003
AGGGTCAGTAACCCTA-1,0.082865,0.070624,0.846511
AGGGTCGATGCGAACT-1,0.020545,0.013059,0.966396
AGGGTCTGGACGCAGT-1,0.00004,0.697039,0.302921
AGGGTGCCGTTCTTTA-1,0.000031,0.167027,0.832942
AGGGTGCTCTCGAGGG-1,0.005333,0.007839,0.986828
AGGGTGGATAGTGCAT-1,0.067875,0.022957,0.909168
AGGGTGTGCTACACGC-1,0.169289,0.243214,0.587496
AGGGTTCAGACGGTCC-1,0.964955,0.034652,0.000393
AGGGTTCCCTTTGGTT-1,0.000281,0.02316,0.976558
AGGGTTTAGTTCGGGA-1,0.007799,0.000081,0.99212
AGGTAACCTCCTATTC-1,0.009633,0.075569,0.914797
AGGTACGATATTGCCA-1,0.152328,0.075345,0.772327
AGGTAGATCGAGATAT-1,0.072025,0.185081,0.742894
AGGTAGGTACAAAGCT-1,0.014457,0.056531,0.929012
AGGTATAATTGATAGT-1,0.030191,0.006993,0.962816
AGGTATGCGGACATTA-1,0.016993,0.635117,0.347891
AGGTCAGGTGAGAGTG-1,0.036408,0.010255,0.953336
AGGTCGCCACTTCGGT-1,0.110605,0.00011,0.889284
AGGTCGCCTCCCAACA-1,0.000018,0.713377,0.286605
AGGTCGCGGAGTTACT-1,0.058559,0.026271,0.91517
AGGTGCACGTCCACAT-1,0.000031,0.556675,0.443294
AGGTGGTGACCTTCGC-1,0.9994,0.000171,0.000429
AGGTGTATCGCCATGA-1,0.016299,0.059114,0.924588
AGGTGTTGCCGACCAC-1,0.03766,0.639446,0.322894
AGGTTACACCATGCCG-1,0.000023,0.441785,0.558192
AGGTTCTCCTTTCCGG-1,0.278034,0.350734,0.371232
AGGTTGAGGCACGCTT-1,0.050998,0.011352,0.93765
AGGTTTCACACACCTT-1,0.000051,0.001722,0.998227
AGTAACTATAGCAGCC-1,0.016513,0.736438,0.247049
AGTAATCTAAGGGTGG-1,0.00003,0.582077,0.417892
AGTAATGTCTTGCCGC-1,0.000026,0.053136,0.946838
AGTAATTTGCAAGCGT-1,0.331529,0.228731,0.439741
AGTACAGAAGCTTATA-1,0.066253,0.387499,0.546248
AGTACATCATTTATCA-1,0.048699,0.002605,0.948696
AGTACCTTCGAGTGCT-1,0.00003,0.14768,0.85229
AGTACGGCCCGTATCG-1,0.00994,0.024931,0.96513
AGTACGGGCACCTGGC-1,0.007411,0.001609,0.99098
AGTACTCTTATGCCCA-1,0.057316,0.000179,0.942505
AGTAGAAGGCGCCTCA-1,0.671858,0.218936,0.109206
AGTAGGAAGGAAGTTG-1,0.401545,0.146321,0.452134
AGTAGGTAACATACAT-1,0.964753,0.000248,0.034999
AGTATAATACTAGGCA-1,0.080776,0.054127,0.865097
AGTATACACAGCGACA-1,0.535034,0.02132,0.443646
AGTATCCATAATAACG-1,0.071269,0.000114,0.928617
AGTATGCTGGAGACCA-1,0.000027,0.144736,0.855237
AGTATTTGGCACGACC-1,0.554095,0.010999,0.434905
AGTCAAATGATGTGAT-1,0.042393,0.157035,0.800572
AGTCAACACCACCATC-1,0.870107,0.000205,0.129689
AGTCAAGATGACACTT-1,0.050006,0.062671,0.887323
AGTCACTAGCTCTCGA-1,0.03308,0.185387,0.781533
AGTCACTCCGCCTCAT-1,0.109039,0.045168,0.845793
AGTCAGCCACCGCCTG-1,0.013878,0.032011,0.954111
AGTCCAGCGGGTACGT-1,0.109382,0.000843,0.889775
AGTCCATTGGCTGATG-1,0.105003,0.008164,0.886833
AGTCCCGCCTTTAATT-1,0.115637,0.000198,0.884166
AGTCCCTCGCAGAAAG-1,0.006047,0.48585,0.508103
AGTCGAAACGATTCAG-1,0.064497,0.663508,0.271995
AGTCGAATTAGCGTAA-1,0.231002,0.462539,0.306459
AGTCGACGGTCTCAAG-1,0.064033,0.000141,0.935826
AGTCGGCCCAAACGAC-1,0.007494,0.005534,0.986972
AGTCGGCTCAACTTTA-1,0.026148,0.00013,0.973722
AGTCGGTTGCGTGAGA-1,0.042221,0.018408,0.939371
AGTCGTATAAAGCAGA-1,0.223807,0.20114,0.575053
AGTCGTCGACCACCAA-1,0.119128,0.08791,0.792962
AGTCGTGGGCATTACG-1,0.000025,0.000049,0.999926
AGTCTAAAGTATACTC-1,0.117861,0.000202,0.881936
AGTCTCACAAGACTAC-1,0.000047,0.000093,0.99986
AGTCTGGACATCCTTG-1,0.087031,0.000103,0.912866
AGTCTTCTCCTCAAAT-1,0.000039,0.055153,0.944808
AGTCTTTAAAGTGTCC-1,0.196568,0.25261,0.550821
AGTGAACAAACTTCTC-1,0.007719,0.199138,0.793144
AGTGAAGATGGTGTCC-1,0.015309,0.524036,0.460655
AGTGACCTACTTTACG-1,0.91251,0.042469,0.04502
AGTGACTGTGACACAA-1,0.000017,0.207436,0.792548
AGTGAGACTTCCAGTA-1,0.205993,0.049861,0.744146
AGTGAGCCTCGCCGCC-1,0.091788,0.002822,0.90539
AGTGAGGGTTTCTGAC-1,0.023031,0.01453,0.962439
AGTGAGTCGAATTAAC-1,0.000501,0.641047,0.358451
AGTGATAACCTGCGCG-1,0.133893,0.079372,0.786735
AGTGATATGAGTAGTT-1,0.922194,0.000312,0.077494
AGTGATTCAAGCAGGA-1,0.007076,0.004724,0.9882
AGTGCACGCTTAAGAA-1,0.171829,0.166724,0.661447
AGTGCGTAGCTCGTAA-1,0.25146,0.000155,0.748385
AGTGCTAAACACAGCA-1,0.053603,0.105132,0.841265
AGTGCTTGCACGAATA-1,0.151615,0.00022,0.848165
AGTGGCCCGCAAATGG-1,0.000026,0.734011,0.265963
AGTGGCGGCAATTTGA-1,0.010524,0.016069,0.973407
AGTGGCGTCTGAAGGT-1,0.068059,0.071797,0.860144
AGTGGCTCCGTCGGCC-1,0.000026,0.009027,0.990947
AGTGGGAGTATACACG-1,0.08052,0.03151,0.88797
AGTGGTGTTACCCGTG-1,0.061886,0.000111,0.938003
AGTGGTTGCGTATAGG-1,0.021127,0.022866,0.956008
AGTGTATTGCGCATTG-1,0.071979,0.003262,0.924759
AGTGTGCTAAGATCGC-1,0.167576,0.00009,0.832335
AGTGTGGTCTATTGTG-1,0.157209,0.003369,0.839422
AGTTAAACACTTGCGA-1,0.762839,0.000167,0.236994
AGTTAAGCGGTCCCGG-1,0.144823,0.048717,0.80646
AGTTAAGTCAACCGCT-1,0.164799,0.068868,0.766333
AGTTACCCTTAAGACT-1,0.179535,0.080279,0.740186
AGTTACCGCACATGGT-1,0.053028,0.019441,0.92753
AGTTACTCTATCGTGG-1,0.0138,0.000144,0.986056
AGTTATTCAGACTGTG-1,0.000084,0.896378,0.103538
AGTTCACCGGTTGGAC-1,0.019593,0.003703,0.976704
AGTTCCTACAGAATTA-1,0.631058,0.076376,0.292566
AGTTCCTATTTATGTT-1,0.00299,0.089866,0.907144
AGTTCTGCGTTGTATC-1,0.003013,0.05264,0.944347
AGTTGACATCGGCTGG-1,0.017235,0.197473,0.785291
AGTTGACGGTCCTTGC-1,0.486784,0.04114,0.472076
AGTTGCGGTCCTCAAC-1,0.006579,0.352646,0.640774
AGTTGCTGACTGATAT-1,0.144704,0.000146,0.85515
AGTTGGCAAGGCTAGA-1,0.052433,0.588363,0.359204
AGTTTATGTAAAGACA-1,0.031653,0.347064,0.621283
AGTTTCGCAGGTCGGA-1,0.023765,0.005681,0.970555
AGTTTGCACCTGCCTC-1,0.045165,0.096085,0.85875
AGTTTGGCACGGGTTG-1,0.000058,0.015565,0.984377
AGTTTGGCCAGACCTA-1,0.056223,0.035353,0.908424
ATAAACGGACCCGTAA-1,0.595549,0.000175,0.404276
ATAAACGTTGCACCAC-1,0.009513,0.24829,0.742198
ATAAAGGCTCGGTCGT-1,0.686692,0.000398,0.31291
ATAAATATTAGCAGCT-1,0.027897,0.050338,0.921765
ATAACGCCGGAGGGTC-1,0.088937,0.006469,0.904594
ATAACGGAGTCCAACG-1,0.057177,0.017765,0.925058
ATAACGTTACCTCCAC-1,0.012279,0.299065,0.688657
ATAAGCAAACACCGAG-1,0.020347,0.533653,0.446
ATAAGGTGGAGAACAT-1,0.154914,0.071104,0.773981
ATAAGTACCCGATTGT-1,0.229146,0.487654,0.2832
ATAAGTAGGATTCAGA-1,0.14918,0.000114,0.850707
ATAAGTAGGGCGACTC-1,0.000551,0.044637,0.954812
ATAAGTTACCGCGACG-1,0.965804,0.033599,0.000596
ATAATACCGTTAGCCG-1,0.091854,0.000127,0.908019
ATAATAGCTGTTGAAT-1,0.060615,0.000234,0.939151
ATAATAGTGTAGGGAC-1,0.403765,0.055031,0.541204
ATAATCTTGGAGAACC-1,0.049965,0.167076,0.782959
ATAATTAGCTAAGTAG-1,0.677245,0.09711,0.225646
ATACAGCGTCCACTGA-1,0.000014,0.531756,0.468231
ATACAGGCCCTCCAAT-1,0.021908,0.000162,0.97793
ATACCACGGGCAACTT-1,0.053237,0.06906,0.877703
ATACCCTGGCTCAAAT-1,0.087109,0.086915,0.825975
ATACCGTCATCCATAA-1,0.043703,0.052619,0.903678
ATACCTAACCAAGAAA-1,0.679426,0.000143,0.320431
ATACGAAGGCTTTCCA-1,0.000039,0.637284,0.362677
ATACGAGGTTTGTAAG-1,0.572753,0.42704,0.000207
ATACGCCGGCGAAACC-1,0.033278,0.036776,0.929946
ATACGGAACGTCGTTT-1,0.041825,0.038314,0.919861
ATACGGGTTTCGATTG-1,0.027052,0.004556,0.968392
