Barcode,Topic 1,Topic 2to5,Topic 6to8
AAACAACGAATAGTTC-1,0.014543,0.899316,0.08614
AAACAAGTATCTCCCA-1,0.130513,0.549462,0.320024
AAACAATCTACTAGCA-1,0.662154,0.325781,0.012065
AAACACCAATAACTGC-1,0.030786,0.730844,0.23837
AAACAGAGCGACTCCT-1,0.136481,0.649738,0.213781
AAACAGCTTTCAGAAG-1,0.045743,0.794976,0.159281
AAACAGGGTCTATATT-1,0.33113,0.577591,0.091279
AAACAGTGTTCCTGGG-1,0.725481,0.000235,0.274284
AAACATGGTGAGAGGA-1,0.055647,0.463948,0.480405
AAACATTTCCCGGATT-1,0.007022,0.614723,0.378255
AAACCACTACACAGAT-1,0.008671,0.310281,0.681048
AAACCCGAACGAAATC-1,0.048704,0.331936,0.61936
AAACCGGAAATGTTAA-1,0.00002,0.161614,0.838366
AAACCGGGTAGGTACC-1,0.027302,0.881062,0.091637
AAACCGTTCGTCCAGG-1,0.051396,0.886019,0.062585
AAACCTAAGCAGCCGG-1,0.123506,0.658081,0.218413
AAACCTCATGAAGTTG-1,0.000034,0.823378,0.176588
AAACGAAGAACATACC-1,0.007317,0.933883,0.0588
AAACGAAGATGGAGTA-1,0.142541,0.394856,0.462602
AAACGACAGTCTTGCC-1,0.013625,0.283753,0.702622
AAACGAGACGGTTGAT-1,0.000021,0.948039,0.051939
AAACGCCCGAGATCGG-1,0.091655,0.536357,0.371988
AAACGCTGGGCACGAC-1,0.04436,0.007135,0.948505
AAACGGGCGTACGGGT-1,0.049656,0.615699,0.334644
AAACGGGTTGGTATCC-1,0.051558,0.889137,0.059306
AAACGGTTGCGAACTG-1,0.912083,0.022613,0.065303
AAACGTGTTCGCCCTA-1,0.241529,0.087387,0.671084
AAACTAACGTGGCGAC-1,0.097795,0.40855,0.493654
AAACTCGGTTCGCAAT-1,0.049822,0.646438,0.303741
AAACTCGTGATATAAG-1,0.060414,0.732709,0.206877
AAACTGCTGGCTCCAA-1,0.010253,0.832189,0.157558
AAACTTAATTGCACGC-1,0.000013,0.52019,0.479797
AAACTTGCAAACGTAT-1,0.532702,0.320885,0.146413
AAAGAATGACCTTAGA-1,0.000014,0.340463,0.659523
AAAGAATGTGGACTAA-1,0.00002,0.129721,0.870259
AAAGACATGAAGTTTA-1,0.456724,0.236059,0.307217
AAAGACCCAAGTCGCG-1,0.999501,0.000285,0.000214
AAAGACTGGGCGCTTT-1,0.114212,0.686996,0.198792
AAAGCTTGCCTACATA-1,0.044071,0.354415,0.601514
AAAGGCCCTATAATAC-1,0.063518,0.506417,0.430065
AAAGGCTACGGACCAT-1,0.999036,0.000787,0.000177
AAAGGCTCTCGCGCCG-1,0.698721,0.000224,0.301056
AAAGGGATGTAGCAAG-1,0.127207,0.872655,0.000138
AAAGGGCAGCTTGAAT-1,0.059022,0.819317,0.121661
AAAGGTAAGCTGTACC-1,0.054154,0.733741,0.212104
AAAGGTCAACGACATG-1,0.126862,0.408888,0.464249
AAAGTAGCATTGCTCA-1,0.000019,0.885848,0.114133
AAAGTCACTGATGTAA-1,0.999352,0.00037,0.000278
AAAGTCGACCCTCAGT-1,0.031521,0.802421,0.166058
AAAGTGCCATCAATTA-1,0.080415,0.010765,0.90882
AAAGTGTGATTTATCT-1,0.179097,0.700751,0.120152
AAAGTTGACTCCCGTA-1,0.177258,0.569393,0.253349
AAATAACCATACGGGA-1,0.00303,0.865919,0.13105
AAATAAGGTAGTGCCC-1,0.165174,0.552057,0.28277
AAATACCTATAAGCAT-1,0.343785,0.536623,0.119592
AAATAGCTTAGACTTT-1,0.16446,0.598703,0.236837
AAATAGGGTGCTATTG-1,0.099414,0.855062,0.045524
AAATCACTCCTAAACG-1,0.148394,0.149233,0.702374
AAATCCGATACACGCC-1,0.150432,0.561647,0.287921
AAATCGCGGAAGGAGT-1,0.167404,0.50504,0.327557
AAATCGTGTACCACAA-1,0.99932,0.000389,0.000291
AAATCTAGCCCTGCTA-1,0.005265,0.738807,0.255928
AAATCTGCCCGCGTCC-1,0.002679,0.002788,0.994533
AAATGACTGATCAAAC-1,0.805901,0.0003,0.193799
AAATGATTCGATCAGC-1,0.220907,0.625627,0.153466
AAATGCTCGTTACGTT-1,0.01945,0.885853,0.094697
AAATGGCATGTCTTGT-1,0.279728,0.698761,0.021511
AAATGGCCCGTGCCCT-1,0.101227,0.650608,0.248165
AAATGGTCAATGTGCC-1,0.889126,0.110254,0.00062
AAATGTATCTTATCCC-1,0.174604,0.610726,0.214671
AAATGTGGGTGCTCCT-1,0.865364,0.075062,0.059574
AAATTAACGGGTAGCT-1,0.548589,0.375928,0.075483
AAATTAATAAGCGCGA-1,0.000024,0.847577,0.152399
AAATTACACGACTCTG-1,0.040727,0.877536,0.081737
AAATTACCTATCGATG-1,0.12504,0.739134,0.135827
AAATTCCAGGTCCAAA-1,0.000019,0.787254,0.212726
AAATTGATAGTCCTTT-1,0.232517,0.744372,0.023111
AAATTGCGGCGGTTCT-1,0.101841,0.817723,0.080436
AAATTGGTGAGAAGCA-1,0.000022,0.335528,0.66445
AAATTTACCGAAATCC-1,0.17098,0.828779,0.000242
AAATTTGCGGGTGTGG-1,0.082341,0.804651,0.113008
AACAACTGGTAGTTGC-1,0.670775,0.273657,0.055568
AACAATACATTGTCGA-1,0.078494,0.813437,0.108069
AACAATTACTCTACGC-1,0.177237,0.63961,0.183153
AACACACGCTCGCCGC-1,0.003632,0.68701,0.309358
AACACGACTGTACTGA-1,0.064018,0.935869,0.000113
AACACGAGACGCGGCC-1,0.000017,0.932972,0.067012
AACACGCGGCCGCGAA-1,0.165009,0.774637,0.060353
AACAGCTGTGTGGCAA-1,0.070699,0.859993,0.069307
AACAGGAAATCGAATA-1,0.128779,0.871067,0.000155
AACAGGATGGGCCGCG-1,0.000024,0.908596,0.09138
AACAGGTAGTATGGAT-1,0.034139,0.453259,0.512602
AACATAGCGTGTATCG-1,0.08732,0.079644,0.833036
AACATATCAACTGGTG-1,0.026098,0.826131,0.147772
AACATCGATACGTCTA-1,0.072894,0.833257,0.093849
AACATTGAAGTTGATC-1,0.020363,0.645677,0.33396
AACATTGGTCAGCCGT-1,0.089423,0.806584,0.103993
AACATTGTGACTCGAG-1,0.912326,0.087231,0.000443
AACCAAGACTTCTCTG-1,0.087991,0.781573,0.130436
AACCAGTATCACTCTT-1,0.303633,0.495957,0.200409
AACCATAGGGTTGAAC-1,0.168887,0.373413,0.4577
AACCATGGGATCGCTA-1,0.061763,0.880782,0.057455
AACCCAGAGACGGAGA-1,0.014098,0.953861,0.032041
AACCCATCCCATGATC-1,0.002129,0.678754,0.319117
AACCCGACAACCCGTG-1,0.827926,0.010468,0.161606
AACCCGAGCAGAATCG-1,0.021034,0.316228,0.662737
AACCCGATAGGGCTTC-1,0.008533,0.288742,0.702725
AACCCGCTGTATTCCA-1,0.54738,0.000144,0.452476
AACCCTACTGTCAATA-1,0.073226,0.757011,0.169762
AACCCTGGTGGAACCA-1,0.076106,0.914504,0.009389
AACCGAGCTTGGTCAT-1,0.132137,0.739697,0.128166
AACCGCTAAGGGATGC-1,0.230788,0.644597,0.124615
AACCGTTGTGTTTGCT-1,0.000028,0.951405,0.048568
AACCTAAAGCCGTCCG-1,0.161912,0.477745,0.360343
AACCTCGCTTTAGCCC-1,0.000034,0.688456,0.311511
AACCTGTCACGGAATT-1,0.148438,0.399499,0.452063
AACCTTTAAATACGGT-1,0.26264,0.666915,0.070445
AACCTTTACGACGTCT-1,0.579382,0.36862,0.051997
AACGAAAGTCGTCCCA-1,0.331721,0.295313,0.372966
AACGACCTCCTAGCCG-1,0.000021,0.14517,0.854809
AACGATAATGCCGTAG-1,0.2983,0.53822,0.16348
AACGATAGAAGGGCCG-1,0.955036,0.044728,0.000236
AACGATATGTCAACTG-1,0.17315,0.750784,0.076066
AACGCATGATCTGGGT-1,0.103209,0.647528,0.249263
AACGCGAACGGCAACA-1,0.020536,0.939733,0.039731
AACGCGACCTTGGGCG-1,0.866967,0.051949,0.081084
AACGCGGTCTCCAGCC-1,0.011773,0.800428,0.187799
AACGCTGTTGCTGAAA-1,0.106397,0.6547,0.238904
AACGGACGTACGTATA-1,0.079384,0.763592,0.157024
AACGGCCATCTCCGGT-1,0.297299,0.633049,0.069652
AACGTACTGTGGGTAC-1,0.202357,0.664496,0.133147
AACGTAGTCTACCCAT-1,0.721753,0.148871,0.129376
AACGTCAGACTAGTGG-1,0.085909,0.816729,0.097362
AACGTCATCCGGCTTG-1,0.810128,0.000289,0.189582
AACGTCGCTGCACTTC-1,0.000024,0.006978,0.992998
AACGTGATGAAGGACA-1,0.000303,0.943842,0.055855
AACGTGCGAAAGTCTC-1,0.000173,0.824433,0.175394
AACGTTATCAGCACCT-1,0.063992,0.810798,0.125209
AACGTTCTACCATTGT-1,0.19611,0.000332,0.803558
AACTACCCGTTTGTCA-1,0.079992,0.434784,0.485224
AACTAGCGTATCGCAC-1,0.891359,0.026916,0.081724
AACTAGGCTTGGGTGT-1,0.664884,0.328081,0.007034
AACTCAAGTTAATTGC-1,0.756677,0.194646,0.048677
AACTCCAGAGCGTGTT-1,0.005957,0.740453,0.253591
AACTCCTAATCCCATG-1,0.222833,0.553609,0.223558
AACTCGATAAACACGT-1,0.078179,0.881514,0.040307
AACTCGATGGCGCAGT-1,0.264386,0.700877,0.034738
AACTCTCAATAGAGCG-1,0.000052,0.871446,0.128502
AACTCTCAGTGTGCTC-1,0.193636,0.80491,0.001454
AACTGAGGTCAGCGTC-1,0.000044,0.501658,0.498298
AACTGAGTTATACTGA-1,0.095493,0.133066,0.77144
AACTGATATTAGGCCT-1,0.007331,0.943099,0.04957
AACTGGGTCCCGACGT-1,0.047223,0.94966,0.003117
AACTGGGTTCGAGCCG-1,0.018009,0.842913,0.139078
AACTGGTGTGGGCCTT-1,0.513262,0.399961,0.086777
AACTTCTGCGTCTATC-1,0.143837,0.739811,0.116352
AACTTGCCCGTATGCA-1,0.223197,0.728546,0.048257
AACTTGCGTTCTCGCG-1,0.000022,0.952147,0.047831
AACTTTACGGGAGCTT-1,0.011405,0.755236,0.233359
AACTTTAGCTGCTGAG-1,0.510104,0.489711,0.000185
AACTTTCTCGATCATG-1,0.039854,0.168395,0.791751
AAGAAAGTTTGATGGG-1,0.015439,0.024447,0.960114
AAGAAATCACCAGATT-1,0.145984,0.057109,0.796908
AAGAAGGATCAGTTAG-1,0.086779,0.671222,0.242
AAGACATACGTGGTTT-1,0.008156,0.000368,0.991476
AAGACCAAATAACTCA-1,0.278456,0.270283,0.451261
AAGACCCAACTGAACA-1,0.821909,0.157187,0.020904
AAGACTAACCCGTTGT-1,0.211631,0.656785,0.131583
AAGACTCACGCCCACT-1,0.168744,0.258817,0.57244
AAGACTGCAAGCTACT-1,0.023956,0.927436,0.048608
AAGAGATGAATCGGTA-1,0.027733,0.74768,0.224586
AAGAGCTCTTTATCGG-1,0.000043,0.96225,0.037706
AAGAGGATGTACGCGA-1,0.233902,0.758433,0.007665
AAGAGGCATGGATCGC-1,0.130001,0.628551,0.241448
AAGAGGCCCTTTGGAA-1,0.024045,0.445157,0.530798
AAGATGGCACCGGACC-1,0.247901,0.616057,0.136041
AAGATTGGCGGAACGT-1,0.47177,0.496888,0.031342
AAGCACCCTGCGTATC-1,0.000027,0.847561,0.152412
AAGCATACTCTCCTGA-1,0.285513,0.565181,0.149306
AAGCCACTTGCAGGTA-1,0.239146,0.198186,0.562668
AAGCCGAAGCGGTTTA-1,0.212148,0.557775,0.230077
AAGCCGCCGTGAAATC-1,0.236574,0.393231,0.370195
AAGCCGCTTTACCTTG-1,0.129972,0.135167,0.734862
AAGCCGGAGAGCAGGA-1,0.003305,0.094231,0.902464
AAGCGCAGGGCTTTGA-1,0.077055,0.606666,0.316279
AAGCGGAGTGCGCGCA-1,0.078075,0.323775,0.59815
AAGCGGCGTCATGGGT-1,0.025811,0.741103,0.233087
AAGCGTCCCTCATCGA-1,0.012095,0.947685,0.04022
AAGCTAGATCGAGTAA-1,0.00003,0.945898,0.054072
AAGCTATGGATTGACC-1,0.025627,0.307441,0.666932
AAGCTCGTGCCAAGTC-1,0.115075,0.862307,0.022617
AAGCTCTTTCATGGTG-1,0.000037,0.823331,0.176631
AAGGAGAACTTATAAG-1,0.856517,0.141835,0.001648
AAGGAGCGGTTGGTGC-1,0.692884,0.074932,0.232184
AAGGATCGATCGCTTG-1,0.055068,0.88213,0.062802
AAGGATGAGGGACCTC-1,0.027478,0.961477,0.011044
AAGGCAGGCTGTCTCC-1,0.033032,0.077326,0.889642
AAGGCGCGTAAAGCTT-1,0.00343,0.916266,0.080304
AAGGCTGTGCTCATCG-1,0.999403,0.000341,0.000256
AAGGGAACGACTGGCT-1,0.006455,0.693213,0.300332
AAGGGACAGATTCTGT-1,0.023311,0.867451,0.109238
AAGGGACTATGCATTC-1,0.081304,0.62847,0.290226
AAGGGTTAGCCATGCG-1,0.000084,0.000421,0.999496
AAGGGTTTGATTTCAG-1,0.126386,0.316723,0.556891
AAGGTATCCTAATATA-1,0.002982,0.860494,0.136524
AAGGTGATAAACCAGC-1,0.261165,0.545627,0.193209
AAGTAAGCTTCCAAAC-1,0.142095,0.799962,0.057943
AAGTAGAAGACCGGGT-1,0.981179,0.000227,0.018594
AAGTAGTGACGCGAGG-1,0.125503,0.811003,0.063494
AAGTCAATTGTCGTCA-1,0.000036,0.752176,0.247788
AAGTCTAGTAGCTGCC-1,0.178969,0.114408,0.706622
AAGTCTTCTGTGGCCT-1,0.011768,0.736745,0.251488
AAGTGACGACCGAATT-1,0.026193,0.922199,0.051608
AAGTGAGTCGGGTTTA-1,0.719565,0.149031,0.131404
AAGTGCAAAGGTAGAC-1,0.001956,0.771487,0.226557
AAGTGCCTTGACTGTA-1,0.323068,0.517501,0.159431
AAGTGCGTTAGAATCT-1,0.061613,0.876658,0.061728
AAGTGCTTCTCTATTG-1,0.123433,0.52323,0.353337
AAGTGTTTGGAGACGG-1,0.370169,0.603441,0.026389
AAGTTCACTCCAAGCT-1,0.057007,0.817742,0.125251
AAGTTCAGTCTGCGTA-1,0.019061,0.923133,0.057806
AAGTTCGGCCAACAGG-1,0.086978,0.762694,0.150327
AAGTTGTGATGTTATA-1,0.027809,0.142466,0.829726
AAGTTTACTAATGGCA-1,0.229422,0.654372,0.116206
AAGTTTATGGGCCCAA-1,0.011668,0.705858,0.282474
AATAACAACGCTCGGC-1,0.133368,0.803712,0.062919
AATAACACTAGAACAA-1,0.00548,0.853445,0.141075
AATAACGTCGCGCCCA-1,0.000048,0.099066,0.900887
AATAAGTCCTCGAGAC-1,0.001041,0.957124,0.041835
AATAATCTTCGTATCG-1,0.01216,0.117024,0.870816
AATACAATGTTTCAGG-1,0.312769,0.615102,0.072128
AATACCGGAGGGCTGT-1,0.038853,0.74697,0.214176
AATACCTGATGTGAAC-1,0.109319,0.054847,0.835834
AATAGAACAGAGTGGC-1,0.999527,0.00027,0.000203
AATAGAATCTGTTTCA-1,0.222736,0.637509,0.139755
AATAGCAAGCCTCCTG-1,0.046355,0.263805,0.689839
AATAGCTACCGCGTGC-1,0.09806,0.805281,0.096659
AATAGGCACGACCCTT-1,0.157692,0.364667,0.477642
AATAGTCCGTCCCGAC-1,0.897143,0.032523,0.070334
AATAGTCGCGAGTCGG-1,0.187209,0.678642,0.134149
AATATCAAGGTCGGAT-1,0.543265,0.454557,0.002178
AATATCCTAGCAAACT-1,0.100738,0.603953,0.295309
AATATCGAATCAATGC-1,0.083856,0.503996,0.412148
AATATCGAGGGTTCTC-1,0.150775,0.745231,0.103994
AATATTGGAGTATTGA-1,0.045956,0.839622,0.114423
AATCAGACTGCAGGAC-1,0.058563,0.850144,0.091293
AATCAGGTTTCATTTA-1,0.13567,0.515665,0.348665
AATCATGTAAAGACTC-1,0.016751,0.581011,0.402238
AATCCAAGGGCCTGAG-1,0.999536,0.000265,0.000199
AATCCATGCAAGGGTG-1,0.060405,0.894178,0.045417
AATCCCGCTCAGAGCC-1,0.875465,0.000155,0.124381
AATCGAGGTCTCAAGG-1,0.079655,0.23814,0.682205
AATCGCCTCAGCGCCA-1,0.031277,0.89798,0.070743
AATCGCGCAGAGGACT-1,0.189545,0.459724,0.350731
AATCGGGACACTACGA-1,0.355458,0.535228,0.109314
AATCGGTATAGCCCTC-1,0.000043,0.014969,0.984987
AATCGTGAGCCGAGCA-1,0.174795,0.616815,0.20839
AATCTAGGTTTACTTG-1,0.411011,0.315525,0.273464
AATCTATGCCGGAGCC-1,0.08851,0.759244,0.152246
AATCTCTACTGTGGTT-1,0.039166,0.886454,0.07438
AATCTGCGTTGGGACG-1,0.097948,0.786268,0.115784
AATCTGGCTTTCTAGT-1,0.023117,0.726051,0.250832
AATCTGGGTAGACCCT-1,0.05197,0.653717,0.294313
AATGACAGCAATGTCT-1,0.149274,0.834744,0.015982
AATGACGTAGGATGTC-1,0.104899,0.801738,0.093362
AATGACTGTCAGCCGG-1,0.48043,0.000631,0.51894
AATGAGTTCGCATATG-1,0.08453,0.851279,0.064191
AATGATGATACGCTAT-1,0.211931,0.617833,0.170236
AATGATGCGACTCCTG-1,0.266937,0.645985,0.087078
AATGCAACCGGGTACC-1,0.519412,0.437261,0.043327
AATGCACCAAGCAATG-1,0.377777,0.546986,0.075237
AATGGCCGCCAATGCG-1,0.220812,0.06194,0.717248
AATGGTCCACCGTTCA-1,0.060088,0.850594,0.089318
AATGGTTCTCACAAGC-1,0.271295,0.701185,0.02752
AATGTATGGCACTGTA-1,0.059651,0.288835,0.651514
AATGTGCCCGAGGTGT-1,0.070312,0.699118,0.230569
AATGTGCTAATCTGAG-1,0.003455,0.669935,0.32661
AATGTTAAGACCCTGA-1,0.026632,0.170235,0.803133
AATGTTGTCGTGAGAC-1,0.031094,0.271625,0.697282
AATTAAAGGTCGGCGT-1,0.583835,0.415808,0.000357
AATTAACGGATTTCCA-1,0.426397,0.540347,0.033256
AATTACGAGACCCATC-1,0.045297,0.485664,0.469039
AATTACTCGTACGCTC-1,0.071815,0.728391,0.199794
AATTAGCGCTGCAGCG-1,0.832407,0.094731,0.072863
AATTATACCCAGCAAG-1,0.14084,0.172855,0.686305
AATTCATAAGGGATCT-1,0.070361,0.837071,0.092568
AATTCATTGTCATGCA-1,0.07384,0.467218,0.458941
AATTCCAACTTGGTGA-1,0.128416,0.842371,0.029213
AATTCCAAGCATGTAC-1,0.577746,0.2277,0.194555
AATTCGATTCGAGGAT-1,0.005727,0.837689,0.156583
AATTCTAGAGTTAGGC-1,0.680335,0.19949,0.120175
AATTGAACGCTCTGGT-1,0.198421,0.632417,0.169162
AATTGCAGCAATCGAC-1,0.231712,0.324789,0.443499
AATTGCGTGGATTACA-1,0.057462,0.450065,0.492473
AATTGTGGTTGCCAAA-1,0.013849,0.11476,0.871391
AATTTGGGACATAGTA-1,0.00004,0.909974,0.089986
AATTTGGTTCCAAAGA-1,0.078635,0.921199,0.000166
ACAAACCATGCGTCCT-1,0.225336,0.414774,0.35989
ACAAACCGACAAGGCG-1,0.072576,0.666321,0.261103
ACAAACTCCATCAGAG-1,0.839125,0.000216,0.160659
ACAAAGAAGGTAGGCC-1,0.304049,0.529006,0.166944
ACAAAGCATGACCTAG-1,0.03957,0.584492,0.375938
ACAAATCGCACCGAAT-1,0.005951,0.958318,0.035731
ACAAATGGTAGTGTTT-1,0.043619,0.835836,0.120546
ACAAATTCAGATCTGA-1,0.529633,0.290559,0.179808
ACAACAGCATGAGCTA-1,0.000025,0.976706,0.023269
ACAACGGTCCCTGCGA-1,0.124668,0.705576,0.169757
ACAAGCAGTGCCTAGC-1,0.123866,0.715488,0.160646
ACAAGCTATATGGAAG-1,0.094227,0.819384,0.08639
ACAAGGAAATCCGCCC-1,0.161393,0.762893,0.075714
ACAAGGACAAGAGGTT-1,0.16543,0.80901,0.02556
ACAAGGATGCTTTAGG-1,0.430004,0.376941,0.193055
ACAAGGCCTACCAGCC-1,0.001898,0.462606,0.535496
ACAAGGGCAGGCTCTG-1,0.191946,0.602688,0.205366
ACAAGTAATTGTAAGG-1,0.071215,0.410272,0.518514
ACAATAGTCGTACGTT-1,0.003366,0.930724,0.06591
ACAATCCATTTAAACC-1,0.132456,0.693392,0.174152
ACAATCGATCTTTATA-1,0.037426,0.913606,0.048967
ACAATGAATACGGAGA-1,0.054826,0.832787,0.112386
ACAATGATTCTTCTAC-1,0.347406,0.088293,0.564301
ACAATTGTGTCTCTTT-1,0.008937,0.694859,0.296204
ACAATTTAGGAGGCTC-1,0.040343,0.873842,0.085815
ACAATTTGAGCAGTGG-1,0.299818,0.639857,0.060325
ACAATTTGGCCATATT-1,0.000051,0.154375,0.845575
ACACAAAGACGGGTGG-1,0.715924,0.283797,0.000279
ACACAAATATTCCTAG-1,0.124845,0.106396,0.76876
ACACACCAGGACCAGT-1,0.13616,0.76317,0.10067
ACACACTTTCTACACG-1,0.009906,0.796335,0.193759
ACACATGATCAAATCT-1,0.074124,0.693927,0.231949
ACACATTGACGCAACA-1,0.030176,0.826782,0.143042
ACACATTTCCGTAGAC-1,0.000057,0.421485,0.578457
ACACCACATAATTAGC-1,0.197626,0.452169,0.350205
ACACCCAGCATGCAGC-1,0.486032,0.509732,0.004236
ACACCCGAGAAATCCG-1,0.167057,0.77548,0.057463
ACACCCGTAAATCTGT-1,0.071787,0.259574,0.668639
ACACCGAGCGCTCTTT-1,0.093365,0.631495,0.27514
ACACCGGTCTGACCGC-1,0.018314,0.684239,0.297447
ACACCTTAAGTAGGGC-1,0.66053,0.339212,0.000259
ACACCTTACTACTTGC-1,0.275268,0.345546,0.379186
ACACGAGACTCCTTCT-1,0.098743,0.799375,0.101882
ACACGGCACTATGCAT-1,0.009602,0.983817,0.006581
ACACGGGAACTTAGGG-1,0.134346,0.803082,0.062572
ACACGTAGGCCACAAG-1,0.000273,0.533473,0.466254
ACACTCCAATGTCACT-1,0.403403,0.415462,0.181135
ACACTGATCAAGGTGT-1,0.999338,0.000378,0.000284
ACACTGGGACAGTCGT-1,0.012223,0.253545,0.734232
ACAGAACTGAGAACAA-1,0.204716,0.669093,0.126191
ACAGATTAGGTTAGTG-1,0.474266,0.525542,0.000192
ACAGCATAGAGCCAGT-1,0.621147,0.25497,0.123883
ACAGCGACATTCTCAT-1,0.178837,0.474125,0.347039
ACAGCGCACCCGCAGC-1,0.000018,0.908565,0.091417
ACAGGAGGCGCAGCCG-1,0.079186,0.678476,0.242338
ACAGGCACGGATCCTT-1,0.176007,0.14753,0.676463
ACAGGCTTGCCCGACT-1,0.077229,0.656907,0.265864
ACAGGTGGAGGTGAGG-1,0.093247,0.877354,0.029399
ACAGGTGTGTTGTTGC-1,0.20968,0.415222,0.375099
ACAGTAATACAACTTG-1,0.086313,0.863908,0.049779
ACAGTATACCGTGGGA-1,0.036294,0.42602,0.537686
ACAGTGCAGCGCATTT-1,0.036846,0.287966,0.675188
ACATAAGTCGTGGTGA-1,0.481749,0.359575,0.158677
ACATAATAAGGCGGTG-1,0.162942,0.742867,0.094192
ACATACAATCAAGCGG-1,0.11211,0.038422,0.849469
ACATCAGCTGGGACGC-1,0.000017,0.745653,0.25433
ACATCCCGGCCATACG-1,0.891041,0.108727,0.000232
ACATCCTGGTAACTGT-1,0.020844,0.556733,0.422423
ACATCGATCGTTTACC-1,0.030457,0.856221,0.113322
ACATCGCAATATTCGG-1,0.087015,0.42417,0.488815
ACATCGGTCAGCCGCG-1,0.007103,0.929792,0.063105
ACATCGTATGCAATGG-1,0.017442,0.937745,0.044813
ACATCGTTAACCTAGT-1,0.224756,0.773332,0.001912
ACATCTCAACGCGTAA-1,0.114204,0.839879,0.045917
ACATGCTTACGGCAGC-1,0.069844,0.17834,0.751816
ACATGGCGCCAAAGTA-1,0.260745,0.501461,0.237795
ACATGGCTCAATTTAG-1,0.121027,0.728972,0.150001
ACATTAGTTTATATCC-1,0.885936,0.113656,0.000408
ACATTCGCGCGGAATA-1,0.060487,0.315652,0.623861
ACATTTGAAACCTAAC-1,0.000018,0.05162,0.948362
ACCAAACACCCAGCGA-1,0.000019,0.752,0.247982
ACCAAACTAGAAATCC-1,0.042703,0.909175,0.048122
ACCAACACCACACACT-1,0.072094,0.454582,0.473324
ACCAACCGCACTCCAC-1,0.000021,0.535467,0.464512
ACCAACGCTTATTTAT-1,0.803675,0.140387,0.055938
ACCAAGAACGCGTGTC-1,0.542725,0.218938,0.238337
ACCAAGTCATCGGCAG-1,0.000054,0.239355,0.760591
ACCAATATGCAAGTTA-1,0.206388,0.708358,0.085254
ACCACAACTCAGAACA-1,0.173334,0.808843,0.017823
ACCACAAGTTTCTATC-1,0.880561,0.000398,0.119042
ACCACACGGTTGATGG-1,0.01535,0.244297,0.740353
ACCACCAATGTAACAA-1,0.137476,0.625593,0.236931
ACCACCCTCTCTTCTA-1,0.13649,0.08771,0.7758
ACCACGTGCAGCTATA-1,0.318196,0.658461,0.023343
ACCACTGTTCAAGAAG-1,0.032128,0.817476,0.150396
ACCAGACCATAACAAC-1,0.025552,0.780877,0.193571
ACCAGCCCGGTCTTTG-1,0.291287,0.641319,0.067394
ACCAGGAGTGTGATCT-1,0.82415,0.163814,0.012036
ACCAGTGCCCGGTCAA-1,0.070148,0.76156,0.168292
ACCAGTGCGGGAGACG-1,0.000058,0.858635,0.141307
ACCATATCCGCAATAA-1,0.71568,0.283933,0.000386
ACCATCCGCCAACTAG-1,0.027152,0.885979,0.086869
ACCATCGTATATGGTA-1,0.567587,0.430512,0.001901
ACCATTAAGGGTGTCA-1,0.339756,0.432963,0.22728
ACCCAACGCCCGTGGC-1,0.183326,0.73695,0.079723
ACCCACCTACATGCTC-1,0.053742,0.838546,0.107712
ACCCATCTTGAGGGTA-1,0.000032,0.891717,0.108251
ACCCATTTGTCCCTCT-1,0.000084,0.559606,0.44031
ACCCGAGCGAAATTAC-1,0.324761,0.478416,0.196823
ACCCGATTGGTTCCGA-1,0.362262,0.392628,0.24511
ACCCGGAAACTCCCAG-1,0.520321,0.445185,0.034494
ACCCGGAGCACCACAA-1,0.11774,0.074062,0.808198
ACCCGGATGACGCATC-1,0.188697,0.733932,0.077371
ACCCGGTTACACTTCC-1,0.650598,0.348871,0.000531
ACCCGTAGCAGAGAAT-1,0.173366,0.081551,0.745083
ACCCGTAGTCTAGTTG-1,0.008597,0.021944,0.96946
ACCCGTGTCATCAGTA-1,0.969485,0.03034,0.000175
ACCCTATAGGACTGAG-1,0.040667,0.876304,0.083028
ACCCTATGCCATATCG-1,0.031765,0.874013,0.094222
ACCCTCCCGTCAGGGC-1,0.065348,0.145338,0.789314
ACCCTCCCTTGCTATT-1,0.13601,0.675559,0.188432
ACCCTGGTAACGCCCT-1,0.15144,0.627584,0.220976
ACCCTTCATCTGCGAA-1,0.003365,0.966806,0.029829
ACCCTTGCCTGGGTCG-1,0.067251,0.157264,0.775485
ACCCTTTAGTTCTCCA-1,0.001295,0.974438,0.024267
ACCGAAAGGGCCCTGC-1,0.999677,0.000185,0.000138
ACCGAAGAGTCTGGTT-1,0.044759,0.602602,0.352639
ACCGACACATCTCCCA-1,0.17315,0.640202,0.186648
ACCGACTGAGTCCCAC-1,0.223147,0.690361,0.086492
ACCGAGTCTCCTTATT-1,0.051012,0.2859,0.663088
ACCGATAGGCATAACC-1,0.000027,0.190758,0.809215
ACCGATATTTAATCAT-1,0.013671,0.215108,0.771221
ACCGATGGTAGCATCG-1,0.126149,0.78605,0.087801
ACCGCAATAACTGCCT-1,0.213446,0.618856,0.167698
ACCGCGGTGGAAGTCG-1,0.0579,0.732692,0.209408
ACCGCTAGTCATTGGT-1,0.000015,0.290275,0.709709
ACCGGGCCTTTGTTGA-1,0.321384,0.477301,0.201315
ACCGGTCAGGTACACC-1,0.059807,0.74554,0.194652
ACCGGTCTGAGTACGG-1,0.000057,0.683071,0.316872
ACCGTCCACTGGGCCC-1,0.381616,0.169427,0.448956
ACCGTGACCACGTGGG-1,0.226624,0.731169,0.042207
ACCGTTCCCGCTCTGA-1,0.088624,0.836309,0.075067
ACCTAAGTACCTTTCA-1,0.350303,0.570073,0.079625
ACCTAATCGACTTCCT-1,0.350665,0.482023,0.167312
ACCTACAGTATGTGGT-1,0.018657,0.727337,0.254006
ACCTACTATAAATCTA-1,0.85932,0.000197,0.140484
ACCTCAGCGAGGCGCA-1,0.075084,0.11466,0.810256
ACCTCCGCCCTCGCTG-1,0.000038,0.443049,0.556912
ACCTCCGTTATTCACC-1,0.084447,0.490691,0.424862
ACCTCGAACTTATGCT-1,0.341986,0.282334,0.375681
ACCTGCGTGTCATGTT-1,0.031825,0.854646,0.113529
ACCTTTCCTTTAGAAG-1,0.000031,0.796642,0.203327
ACGAAATGGGCGGCAC-1,0.002585,0.814995,0.18242
ACGACCCATGAGTTGC-1,0.048435,0.114348,0.837217
ACGACTCTAGGGCCGA-1,0.029537,0.058702,0.911761
ACGACTGGTCATACTC-1,0.067474,0.686793,0.245733
ACGAGAACCCATCACG-1,0.260171,0.571111,0.168718
ACGAGATATTTGCTTA-1,0.026075,0.894064,0.079861
ACGAGGATACCACTCT-1,0.032598,0.807339,0.160063
ACGAGGTTTACAACGT-1,0.138647,0.590514,0.270839
ACGAGTACGGATGCCC-1,0.053485,0.865968,0.080547
ACGAGTCGCCGGCGTT-1,0.000022,0.909268,0.090711
ACGATACATAGAACTA-1,0.279099,0.70741,0.013491
ACGATACCTATCCTGA-1,0.0503,0.896649,0.053051
ACGATCATACATAGAG-1,0.000033,0.930744,0.069224
ACGATCATCTTGTAAA-1,0.093538,0.789045,0.117417
ACGATGCATATGTTAT-1,0.852061,0.14767,0.000269
ACGATGGATCCGATGC-1,0.293511,0.678223,0.028266
ACGCAAACTAATAGAT-1,0.898051,0.091008,0.010941
ACGCAATCACTACAGC-1,0.00003,0.966068,0.033902
ACGCATAAATGACATG-1,0.000015,0.494991,0.504994
ACGCATACGTTTACTA-1,0.204794,0.502045,0.293161
ACGCATTCGTGAGTAC-1,0.146084,0.850018,0.003898
ACGCCACTCGAAACAG-1,0.114568,0.313872,0.57156
ACGCCAGATGATTTCT-1,0.000036,0.903417,0.096547
ACGCCAGTGCGTTTGC-1,0.008988,0.016298,0.974714
ACGCCCAGCTGTCGAT-1,0.007011,0.947757,0.045231
ACGCCGCTAGACGACC-1,0.063495,0.908367,0.028138
ACGCCTGACACGCGCT-1,0.143881,0.665212,0.190907
ACGCGAAGTCAGACGA-1,0.725684,0.209402,0.064914
ACGCGCTACACAGGGT-1,0.057622,0.756391,0.185987
ACGCGGGCCAAGGACA-1,0.165656,0.786659,0.047685
ACGCGTTTCTTAAGAG-1,0.000022,0.908649,0.091328
ACGCTACTGAATGGGC-1,0.000066,0.001671,0.998263
ACGCTAGTATCAGTGC-1,0.056381,0.295869,0.647751
ACGCTAGTGATACACT-1,0.264398,0.662933,0.072669
ACGCTGTGAGGCGTAG-1,0.189238,0.657556,0.153206
ACGCTTAGTGTCTCTC-1,0.512647,0.265779,0.221574
ACGGAACACGAGTGCC-1,0.000028,0.070273,0.929699
ACGGAATTTAGCAAAT-1,0.029187,0.890833,0.07998
ACGGACGCAGCGACAA-1,0.18703,0.000268,0.812701
ACGGACTCTCAAAGCG-1,0.050659,0.82492,0.124421
ACGGAGCGCAAATTAC-1,0.016712,0.925193,0.058095
ACGGATGGTGCGGATA-1,0.007307,0.906929,0.085764
ACGGCACTTGCTTGGG-1,0.99934,0.000377,0.000283
ACGGCCAACATGGACT-1,0.943904,0.0003,0.055796
ACGGCGACGATGGGAA-1,0.133027,0.799867,0.067106
ACGGCGGGTTGCCCTG-1,0.104964,0.877028,0.018008
ACGGCTGGATGTAGAA-1,0.040865,0.585573,0.373562
ACGGGAGTGTCGGCCC-1,0.002197,0.952193,0.04561
ACGGGCGTATGCGACA-1,0.080993,0.49595,0.423057
ACGGGTCATGTGACTT-1,0.247844,0.636642,0.115514
ACGGGTTGTGACCTGT-1,0.050325,0.021803,0.927872
ACGGTACAGTTCAATG-1,0.011338,0.006923,0.981739
ACGGTCACCGAGAACA-1,0.263863,0.191926,0.54421
ACGTACAGATTTCTCT-1,0.173139,0.73123,0.095631
ACGTACTTTGGCACGG-1,0.009682,0.551896,0.438422
ACGTAGATTGCTGATG-1,0.000259,0.97844,0.021302
ACGTAGGAGAGTCGCT-1,0.262193,0.394886,0.342921
ACGTATTACTCCGATC-1,0.117634,0.775837,0.106529
ACGTCCTAAACGAGAT-1,0.093492,0.788024,0.118483
ACGTCGGGCAACTCGG-1,0.058324,0.417768,0.523909
ACGTCTCGTTCCGGGA-1,0.230684,0.608454,0.160862
ACGTGACAAAGTAAGT-1,0.081387,0.54826,0.370353
ACGTGCGCCTCGTGCA-1,0.203331,0.68132,0.115349
ACGTGGTCGAATGTGC-1,0.163115,0.685757,0.151127
ACGTTAATGTCGAAGA-1,0.295424,0.631162,0.073414
ACGTTAGATTTGCCCG-1,0.28488,0.648766,0.066354
ACGTTATTGGTCACTC-1,0.562611,0.000464,0.436925
ACGTTCACTATGCCGC-1,0.332271,0.005712,0.662018
ACGTTCCGCGCTCCGT-1,0.999413,0.000336,0.000252
ACGTTCGCAATCAATT-1,0.052372,0.777979,0.169649
ACGTTCGTTCAGGAAA-1,0.973735,0.025998,0.000266
ACGTTCTGTACAAGTC-1,0.150949,0.373116,0.475935
ACGTTGTCGTTGAAAG-1,0.278185,0.202571,0.519243
ACGTTTAGTTGTGATC-1,0.073451,0.926373,0.000177
ACGTTTCGGTGCACTT-1,0.000043,0.014846,0.985112
ACTAAGGACGCACACC-1,0.173299,0.105491,0.721211
ACTAATACGTCAGGCG-1,0.018907,0.860784,0.120309
ACTACAAAGAGAGGTG-1,0.053551,0.000282,0.946167
ACTACATCCCGACAAG-1,0.037191,0.728047,0.234762
ACTACCAGCTCTCTGG-1,0.62746,0.322464,0.050075
ACTACCATCCGAGGGC-1,0.012242,0.251723,0.736035
ACTACGCGTTAGAATT-1,0.99944,0.00032,0.00024
ACTAGTTGCGATCGTC-1,0.000028,0.656976,0.342997
ACTATATGCTGTGTTC-1,0.241427,0.607628,0.150945
ACTATCCAGGGCATGG-1,0.06006,0.797626,0.142314
ACTATCGCCGGCTAAA-1,0.200689,0.54475,0.254561
ACTATCTGCCCGCGTA-1,0.000739,0.478316,0.520945
ACTATGTCCAGCTGCC-1,0.068063,0.630122,0.301816
ACTATTCGTCCGTGGT-1,0.084667,0.782478,0.132854
ACTATTTCCGGGCCCA-1,0.214737,0.698831,0.086433
ACTCAACGAATGTATT-1,0.093127,0.895475,0.011398
ACTCAAGTGCAAGGCT-1,0.099134,0.673554,0.227312
ACTCAATAAAGGCACG-1,0.000028,0.897917,0.102055
ACTCAGACCTGCTTCT-1,0.750792,0.125053,0.124155
ACTCATGGCAGCCTTC-1,0.000017,0.553628,0.446356
ACTCCAATATCATCAT-1,0.214262,0.615576,0.170162
ACTCCCATTCCTAAAG-1,0.131807,0.62312,0.245074
ACTCCCGAATTCGTTT-1,0.067845,0.825709,0.106446
ACTCCCGTAGACTAGG-1,0.042275,0.341512,0.616213
ACTCCCTAATGCTAAA-1,0.283157,0.614953,0.10189
ACTCCCTAGAATAGTA-1,0.041809,0.845168,0.113024
ACTCCGGCCGACCACT-1,0.013101,0.337552,0.649347
ACTCGATGTATTTCAT-1,0.121952,0.721037,0.15701
ACTCGCCGTTCGATAA-1,0.018923,0.096875,0.884202
ACTCGCGATCTGACGC-1,0.012888,0.073828,0.913285
ACTCGTAACCCGTCCT-1,0.179634,0.788774,0.031592
ACTCGTCAGTAATCCC-1,0.150868,0.79137,0.057762
ACTCTAAACCTGGGAT-1,0.037859,0.685567,0.276574
ACTCTCTGACTTAGGT-1,0.098362,0.798744,0.102894
ACTCTCTTATACACGA-1,0.148084,0.771869,0.080047
ACTCTGACCTAATAGA-1,0.134878,0.089574,0.775549
ACTCTTCAGCTCCCGC-1,0.141925,0.000371,0.857704
ACTCTTGTATAGTAAC-1,0.102818,0.84665,0.050532
ACTGAAACGCCGTTAG-1,0.11136,0.639962,0.248678
ACTGAATGGCGAAAGT-1,0.084752,0.871027,0.04422
ACTGATTTAGTGATTC-1,0.230097,0.741328,0.028575
ACTGCCCGCCATTCTC-1,0.054934,0.52215,0.422916
ACTGCCGTCGTAACTC-1,0.025169,0.956371,0.01846
ACTGCGGACACACCGT-1,0.090032,0.117279,0.792689
ACTGCTCGGAAGGATG-1,0.139428,0.724823,0.135748
ACTGGCGAACCTGCGT-1,0.104168,0.13118,0.764653
ACTGGGATGCCAGTGC-1,0.820659,0.000337,0.179004
ACTGTACGATACACAT-1,0.000024,0.902677,0.097299
ACTGTAGCACTTTGGA-1,0.064851,0.888238,0.046911
ACTGTATACGCGAGCA-1,0.000021,0.989166,0.010813
ACTGTCCAGGATTATA-1,0.931311,0.017737,0.050953
ACTGTCTTCTTTAGAA-1,0.095622,0.834856,0.069522
ACTGTGCTAGTAGATC-1,0.276328,0.717524,0.006148
ACTGTTTAGTGTAGGC-1,0.642298,0.357323,0.000379
ACTTACCGGGCGCGCA-1,0.18223,0.65546,0.16231
ACTTACGCATCCACGC-1,0.033098,0.753493,0.213409
ACTTAGTACGACAAGA-1,0.146037,0.355713,0.49825
ACTTATACTTACCCGG-1,0.081635,0.842764,0.075601
ACTTATCTGATCTATA-1,0.089077,0.862488,0.048435
ACTTATTAGGATCGGT-1,0.99919,0.000463,0.000347
ACTTATTTATGTGCCA-1,0.042383,0.822891,0.134726
ACTTCAGGCTGATCCC-1,0.235251,0.660675,0.104074
ACTTCCAGTGGAAGCT-1,0.160435,0.456308,0.383256
ACTTCCATGCGGGACA-1,0.18093,0.729282,0.089787
ACTTCCTGTCGTGCGA-1,0.209912,0.130284,0.659805
ACTTCGCCATACGCAC-1,0.096387,0.834751,0.068862
ACTTCGCTAGCGAGTG-1,0.345076,0.000326,0.654597
ACTTGACTCCCTCTTT-1,0.049933,0.752701,0.197367
ACTTGCCATATTGTAC-1,0.825687,0.14918,0.025133
ACTTGCTCTATCTACC-1,0.04566,0.221332,0.733008
ACTTGGGACCCGGTGG-1,0.67939,0.282447,0.038163
ACTTGGGCTTTCGCCA-1,0.010572,0.238412,0.751016
ACTTGTAGTCCCTTCA-1,0.034776,0.901467,0.063757
ACTTGTGGATGGAACG-1,0.173364,0.476169,0.350467
ACTTGTTACCGGATCA-1,0.8743,0.000366,0.125334
ACTTTACCCTCATGAA-1,0.041606,0.81609,0.142304
ACTTTATACACCACTT-1,0.000017,0.004166,0.995818
ACTTTCCTATAGCTTC-1,0.22484,0.659365,0.115795
ACTTTGACTGCATCCT-1,0.090426,0.597803,0.311771
ACTTTGGTCGTGCTCC-1,0.105447,0.550031,0.344522
ACTTTGTCGACGCACT-1,0.00005,0.125747,0.874203
AGAAATTATGACTCGC-1,0.08019,0.194354,0.725455
AGAACACGGCGATGGT-1,0.000401,0.061778,0.937821
AGAACCCAGCGTGACA-1,0.022329,0.244321,0.73335
AGAACCCTCAATTGGG-1,0.090911,0.483205,0.425885
AGAACGTGGTACATTC-1,0.07988,0.889744,0.030376
AGAACTGTACTTTGTA-1,0.009584,0.110372,0.880044
AGAAGAGCGCCGTTCC-1,0.000633,0.660889,0.338479
AGAAGGTACACTTCAC-1,0.072782,0.644931,0.282286
AGAAGGTTGCCGAATT-1,0.665302,0.334463,0.000235
AGAAGGTTGTAGGTCG-1,0.000041,0.82981,0.170149
AGAAGTGATTCGTGAT-1,0.15488,0.808165,0.036955
AGAATAAATCTTCAGG-1,0.301576,0.611155,0.087268
AGAATACAGGCTATCC-1,0.04157,0.086987,0.871443
AGAATGCGGGTTCGGA-1,0.000083,0.836811,0.163106
AGAATTATGGATTCGA-1,0.00752,0.871628,0.120851
AGAATTGTTTGACATA-1,0.162931,0.757619,0.07945
AGACAGCTCAGAATCC-1,0.301217,0.528835,0.169947
AGACAGGCATCTCAGC-1,0.039671,0.064991,0.895338
AGACATAGATCCTTCC-1,0.77062,0.214321,0.015058
AGACCAAACCACACCT-1,0.021372,0.638452,0.340175
AGACCATGGGATACAA-1,0.11236,0.824861,0.062779
AGACCCACCGCTGATC-1,0.465065,0.473021,0.061914
AGACCCGCCCTCCTCG-1,0.796568,0.11409,0.089342
AGACCGCTCCGCGGTT-1,0.126362,0.512454,0.361184
AGACCGGGAAACCCTG-1,0.128892,0.784892,0.086216
AGACGAAGTGCCGGTC-1,0.186483,0.576839,0.236678
AGACGACGATGCCGCT-1,0.44999,0.496912,0.053097
AGACGCCCACTTCGCC-1,0.100322,0.04539,0.854288
AGACGGGATTGGTATA-1,0.30394,0.467029,0.229031
AGACGGGCCGATTTAA-1,0.198214,0.599269,0.202518
AGACTAGCCTTCCAGA-1,0.915292,0.084525,0.000183
AGACTGTTACCGGGTC-1,0.999374,0.000358,0.000268
AGAGAAACACCAGAAA-1,0.015159,0.669117,0.315724
AGAGAACCGTCTAGGA-1,0.020759,0.929837,0.049404
AGAGAAGGAGTACAAT-1,0.000031,0.858256,0.141712
AGAGATCTCTAAAGCG-1,0.079517,0.772315,0.148168
AGAGCAGTTATGAGAC-1,0.243317,0.669747,0.086936
AGAGCCGCCGAGATTT-1,0.052455,0.234404,0.713141
AGAGCGCTTGTAACGG-1,0.303157,0.021829,0.675014
AGAGCGGGCTAATCAT-1,0.276235,0.712207,0.011558
AGAGCGTACAAGCTCG-1,0.190564,0.779122,0.030314
AGAGCTACGAAAGCAT-1,0.190648,0.673407,0.135945
AGAGGCTTCGGAAACC-1,0.261224,0.571615,0.167161
AGAGGGACAATTGTCC-1,0.172781,0.179831,0.647387
AGAGGTATCTCGGTCC-1,0.487813,0.512016,0.000171
AGAGTAAACTTCACTA-1,0.186251,0.505964,0.307785
AGAGTATAGTGTTACG-1,0.006002,0.2953,0.698698
AGAGTCTTAATGAAAG-1,0.350477,0.000436,0.649087
AGAGTGAACAGACACC-1,0.021309,0.325859,0.652833
AGAGTTAGAGACCGAT-1,0.133808,0.658093,0.208099
AGAGTTGCAGGCCTCC-1,0.002689,0.352627,0.644683
AGATAACTTCAGGGCC-1,0.984595,0.01517,0.000235
AGATAATCACACCTAT-1,0.030156,0.320316,0.649528
AGATACCAATAGAACC-1,0.047911,0.217109,0.73498
AGATACCAGCACTTCA-1,0.532906,0.003943,0.463151
AGATACCGGTGTTCAC-1,0.00928,0.860112,0.130608
AGATACGACTTCATAT-1,0.334583,0.551463,0.113954
AGATACTCAAGATCGA-1,0.052155,0.832027,0.115818
AGATATAATACGACTA-1,0.000026,0.731972,0.268002
AGATCGTGCATAAGAT-1,0.00002,0.881864,0.118116
AGATCTCAGGTGTGAT-1,0.013594,0.908088,0.078318
AGATCTGGAGAGGATA-1,0.016182,0.155719,0.828099
AGATGACTCGCCCACG-1,0.746783,0.25291,0.000307
AGATGAGGGTTGCGAT-1,0.097486,0.811786,0.090728
AGATGATGGAGTCTGG-1,0.071941,0.594892,0.333167
AGATGCAAGACGTGCA-1,0.032244,0.793933,0.173823
AGATGCATCCTGTGTC-1,0.048309,0.722242,0.229449
AGATGCTATAACGAGC-1,0.217777,0.636682,0.145542
AGATTATAGGACGTTT-1,0.990142,0.009356,0.000502
AGATTCAAGCGGGTCG-1,0.391985,0.040351,0.567664
AGATTCACAACCGATA-1,0.243835,0.456175,0.29999
AGCAAAGGCCGCTAGT-1,0.106523,0.777133,0.116344
AGCAACATATCTTATT-1,0.078876,0.760026,0.161098
AGCAACCGAAAGTAAT-1,0.219462,0.62073,0.159808
AGCACACGTTTAGACT-1,0.00262,0.523654,0.473727
AGCACCAGTACTCACG-1,0.002311,0.944792,0.052898
AGCACTACCGGCCTGT-1,0.406443,0.5625,0.031057
AGCACTACCTCACCAG-1,0.043105,0.817543,0.139353
AGCACTTAAGGACGCC-1,0.020385,0.88466,0.094955
AGCAGAAGGAGAAAGA-1,0.017512,0.719266,0.263221
AGCAGCCAGATGAATA-1,0.921965,0.071037,0.006998
AGCAGTCGAAGCATGC-1,0.061864,0.086813,0.851322
AGCATATCAATATGCT-1,0.245713,0.568343,0.185944
AGCATCATTTCGAAAG-1,0.096399,0.666243,0.237358
AGCATCGTCGATAATT-1,0.999227,0.000442,0.000331
AGCATTACGAGGCAAG-1,0.001457,0.335737,0.662806
AGCCAAGCTTTGTGTC-1,0.935433,0.000274,0.064293
AGCCACAGGTTACCCG-1,0.002374,0.859185,0.138442
AGCCACTCCCGTGCTT-1,0.497501,0.477327,0.025172
AGCCATATAGTATGTG-1,0.678823,0.000335,0.320842
AGCCCATACATGTAAG-1,0.188755,0.691983,0.119262
AGCCCGCAACAAGCAG-1,0.834492,0.000309,0.165199
AGCCCGCACTACAATG-1,0.00002,0.108691,0.891289
AGCCCGGCATTAGAGG-1,0.200864,0.52892,0.270216
AGCCCGGTAGCCTGTA-1,0.453908,0.186542,0.35955
AGCCCTAAGCGAAGTT-1,0.117871,0.873997,0.008132
AGCCCTCCCTGGTGGC-1,0.122004,0.713644,0.164352
AGCCCTGTCGCACCGT-1,0.046821,0.039245,0.913934
AGCCCTTCTAATCCGA-1,0.10372,0.834224,0.062056
AGCCCTTGGACATCCC-1,0.000018,0.198842,0.80114
AGCCGCAAATTCAAAT-1,0.095596,0.844356,0.060048
AGCCGCTTGATTAGCG-1,0.336737,0.54823,0.115034
AGCCGTGGCTAAATGT-1,0.197179,0.66184,0.14098
AGCCTAATACCCACGT-1,0.006674,0.862878,0.130448
AGCCTTAAAGCGGAAG-1,0.024089,0.812226,0.163685
AGCCTTGTCACTGATA-1,0.000015,0.042709,0.957277
AGCGACAGGAACGGTC-1,0.044947,0.923494,0.031559
AGCGACATCCCATTCA-1,0.25948,0.650585,0.089935
AGCGACCAACGATATT-1,0.954303,0.045447,0.00025
AGCGACTTTGAAGACA-1,0.444763,0.157552,0.397685
AGCGAGACGTGAAGGC-1,0.094781,0.515735,0.389484
AGCGATGCGCCTAATA-1,0.15528,0.146051,0.698669
AGCGCATAATGAATCG-1,0.999468,0.000304,0.000228
AGCGCGGGTGCCAATG-1,0.150571,0.73963,0.109799
AGCGCTAGAGCGATGT-1,0.098707,0.099709,0.801584
AGCGCTTATGGGCAAG-1,0.072779,0.838971,0.08825
AGCGGACACTTCGTAG-1,0.931956,0.054099,0.013945
AGCGGCGGTTAGCGGT-1,0.213101,0.693744,0.093155
AGCGGGAAGGGTCCAT-1,0.045345,0.912232,0.042423
AGCGGGTCTGACACTC-1,0.43057,0.481851,0.087579
AGCGGTTGAGATGTAC-1,0.494767,0.103626,0.401607
AGCGGTTGCCGCTCTG-1,0.001933,0.843667,0.1544
AGCGTACGAGAGCTAG-1,0.000044,0.884014,0.115942
AGCGTAGCGCTAGACC-1,0.181669,0.803873,0.014458
AGCGTCTGAACCCGCA-1,0.000032,0.968454,0.031514
AGCGTGGTATTCTACT-1,0.529496,0.120814,0.349689
AGCGTTCCGATTTAAA-1,0.033352,0.612732,0.353916
AGCTAACAAGCAATGT-1,0.095354,0.680883,0.223763
AGCTAAGCTCCGTCCG-1,0.546309,0.182192,0.271499
AGCTAAGTACGCAGGC-1,0.018317,0.585424,0.396259
AGCTACGAATGGTGGT-1,0.000052,0.356002,0.643946
AGCTAGAAGCAGAAGT-1,0.369772,0.488059,0.142169
AGCTATTTAATCCAAC-1,0.000062,0.913087,0.086851
AGCTCCATATATGTTC-1,0.000028,0.533138,0.466833
AGCTCCTTCGCACATC-1,0.143551,0.607072,0.249376
AGCTCGTTGATGGAAA-1,0.097023,0.196467,0.70651
AGCTCTAGACGTTCCA-1,0.08002,0.905486,0.014494
AGCTCTTCCCAGTGCA-1,0.190992,0.724123,0.084885
AGCTCTTCGTAACCTT-1,0.162979,0.576377,0.260644
AGCTCTTTACTCAGTT-1,0.929928,0.033552,0.03652
AGCTGAAGTAAACCAA-1,0.197887,0.686565,0.115548
AGCTGCATTTGAGGTG-1,0.125827,0.339156,0.535017
AGCTGCTGTGCCGAAT-1,0.043057,0.306678,0.650265
AGCTGTAACCTCAATC-1,0.004294,0.804716,0.19099
AGCTTATAGAGACCTG-1,0.987687,0.000462,0.011852
AGCTTCAATACTTTGA-1,0.229962,0.637717,0.132321
AGCTTCTTCTCGAGCA-1,0.079374,0.268934,0.651692
AGCTTGATCAGGGTAG-1,0.015089,0.365145,0.619766
AGCTTGATCTTAACTT-1,0.123075,0.745586,0.131339
AGGAAAGCCTCTGATG-1,0.000017,0.827246,0.172737
AGGAACGAACGACTTC-1,0.026289,0.074416,0.899295
AGGAAGCTGTCCGCCG-1,0.543023,0.304153,0.152824
AGGACAGTCGAATCCC-1,0.061614,0.845518,0.092868
AGGACATCGCACGTCG-1,0.10064,0.899215,0.000145
AGGACATCGGCACACT-1,0.000154,0.075636,0.92421
AGGACGACCCATTAGA-1,0.93641,0.063317,0.000272
AGGACGCTCGATGTTG-1,0.059487,0.894597,0.045915
AGGACTTATAGGAGAA-1,0.041418,0.790644,0.167938
AGGAGACATCCACAGT-1,0.000032,0.28656,0.713408
AGGAGAGTCTGGCTAC-1,0.237054,0.159608,0.603338
AGGAGCGTTTATTATC-1,0.000082,0.141292,0.858627
AGGAGGCCTTCGCGCG-1,0.069486,0.766656,0.163858
AGGATAAAGTCGGGAT-1,0.910868,0.060813,0.028318
AGGATATAGGGATTTA-1,0.014568,0.912556,0.072876
AGGATATCCGACTGCA-1,0.008255,0.153613,0.838132
AGGATCACGCGATCTG-1,0.40031,0.4502,0.14949
AGGATTGCTTACGACA-1,0.282096,0.130901,0.587002
AGGCAAAGAGGAATCA-1,0.14494,0.757546,0.097514
AGGCAATACGGAGGAC-1,0.113158,0.724879,0.161962
AGGCACGTGACTGTCC-1,0.000013,0.233985,0.766002
AGGCAGATGCGTAAAC-1,0.000025,0.921856,0.078119
AGGCAGGGAGCGTACT-1,0.654293,0.318472,0.027235
AGGCATTGTCGTAGGG-1,0.145147,0.677879,0.176974
AGGCCACATTGGTTAC-1,0.006602,0.119713,0.873685
AGGCCACCCGTTATGA-1,0.23753,0.68396,0.07851
AGGCCCAGTGACTGGT-1,0.166479,0.809384,0.024137
AGGCCCATTGTACAGG-1,0.86181,0.137912,0.000278
AGGCCCTAGAACGCCA-1,0.376054,0.562843,0.061103
AGGCCTATCATACCAA-1,0.485169,0.131385,0.383446
AGGCCTGAGAATCTCG-1,0.000031,0.814137,0.185832
AGGCGATAACTGGCGT-1,0.00004,0.104795,0.895165
AGGCGGTTTGTCCCGC-1,0.076262,0.841715,0.082023
AGGCGTCTATGGACGG-1,0.191655,0.655484,0.152862
AGGCTATGGTTAGCTT-1,0.073305,0.872474,0.054221
AGGCTTAAGTTGCACA-1,0.169725,0.181017,0.649258
AGGCTTCCCGAAGAAG-1,0.120783,0.817372,0.061845
AGGCTTGCTAGACACC-1,0.02956,0.914454,0.055985
AGGGAAACGAGGTACT-1,0.307189,0.617232,0.075579
AGGGACAGCACGGCGG-1,0.980069,0.019747,0.000184
AGGGACCGGCTGCGTT-1,0.003278,0.90677,0.089951
AGGGACTCTACGCGAC-1,0.783546,0.216051,0.000403
AGGGAGACATACTTCG-1,0.000032,0.862932,0.137036
AGGGCAGCGGCGTGGT-1,0.115985,0.825792,0.058224
AGGGCCCTAATGTTCT-1,0.000029,0.089926,0.910045
AGGGCGAGCAGCTGAT-1,0.003672,0.817412,0.178915
AGGGCGTGATCGGCTA-1,0.82301,0.176771,0.000219
AGGGCTGCAGTTACAG-1,0.091199,0.858017,0.050784
AGGGTCAGAGCACTCG-1,0.716647,0.124055,0.159297
AGGGTCAGTAACCCTA-1,0.148167,0.639709,0.212124
AGGGTCGATGCGAACT-1,0.089498,0.782709,0.127793
AGGGTCTGGACGCAGT-1,0.00004,0.065439,0.934521
AGGGTGCCGTTCTTTA-1,0.007961,0.777842,0.214197
AGGGTGCTCTCGAGGG-1,0.005431,0.92643,0.068139
AGGGTGGATAGTGCAT-1,0.110284,0.801239,0.088478
AGGGTGTGCTACACGC-1,0.194436,0.362484,0.44308
AGGGTTCAGACGGTCC-1,0.94709,0.000308,0.052602
AGGGTTCCCTTTGGTT-1,0.01328,0.93657,0.05015
AGGGTTTAGTTCGGGA-1,0.014329,0.955806,0.029865
AGGTAACCTCCTATTC-1,0.010777,0.815979,0.173244
AGGTACGATATTGCCA-1,0.249799,0.613917,0.136284
AGGTAGATCGAGATAT-1,0.203195,0.565853,0.230952
AGGTAGGTACAAAGCT-1,0.06914,0.886784,0.044076
AGGTATAATTGATAGT-1,0.029934,0.808627,0.161439
AGGTATGCGGACATTA-1,0.008919,0.180297,0.810785
AGGTCAGGTGAGAGTG-1,0.059601,0.842006,0.098393
AGGTCGCCACTTCGGT-1,0.143455,0.850419,0.006127
AGGTCGCCTCCCAACA-1,0.000018,0.106789,0.893193
AGGTCGCGGAGTTACT-1,0.077195,0.827542,0.095264
AGGTGCACGTCCACAT-1,0.003197,0.236491,0.760312
AGGTGGTGACCTTCGC-1,0.999411,0.000337,0.000253
AGGTGTATCGCCATGA-1,0.049,0.830211,0.120789
AGGTGTTGCCGACCAC-1,0.027768,0.122093,0.85014
AGGTTACACCATGCCG-1,0.000023,0.481494,0.518482
AGGTTCTCCTTTCCGG-1,0.333652,0.096276,0.570072
AGGTTGAGGCACGCTT-1,0.239741,0.692304,0.067955
AGGTTTCACACACCTT-1,0.002684,0.973438,0.023878
AGTAACGTTCATCCTG-1,0.00574,0.855336,0.138924
AGTAACTATAGCAGCC-1,0.000047,0.085871,0.914082
AGTAAGGGACAGAATC-1,0.048037,0.257869,0.694094
AGTAATCTAAGGGTGG-1,0.00003,0.201895,0.798075
AGTAATGTCTTGCCGC-1,0.000026,0.888561,0.111413
AGTAATTTGCAAGCGT-1,0.366103,0.105963,0.527935
AGTACAGAAGCTTATA-1,0.108475,0.31464,0.576885
AGTACATCATTTATCA-1,0.067536,0.810452,0.122011
AGTACCTTCGAGTGCT-1,0.00003,0.812443,0.187527
AGTACGGCCCGTATCG-1,0.013071,0.881307,0.105622
AGTACGGGCACCTGGC-1,0.014796,0.9775,0.007703
AGTACGTGGCCTGTCT-1,0.026673,0.913684,0.059643
AGTACTCTTATGCCCA-1,0.221452,0.767637,0.010911
AGTAGAAGGCGCCTCA-1,0.673191,0.042195,0.284613
AGTAGCGTGAACGAAC-1,0.036774,0.872545,0.090681
AGTAGCTAGACGCCGA-1,0.135258,0.353162,0.511579
AGTAGGAAGGAAGTTG-1,0.410795,0.366472,0.222733
AGTAGGTAACATACAT-1,0.991511,0.008119,0.00037
AGTATAATACTAGGCA-1,0.131636,0.774535,0.093829
AGTATACACAGCGACA-1,0.540984,0.395599,0.063417
AGTATCCATAATAACG-1,0.202597,0.777554,0.01985
AGTATGCTGGAGACCA-1,0.002566,0.822147,0.175287
AGTATTTGGCACGACC-1,0.571959,0.381273,0.046768
AGTCAAATGATGTGAT-1,0.055254,0.694191,0.250554
AGTCAACACCACCATC-1,0.961796,0.037905,0.000299
