Barcode,Topic 1,Topic 2,Topic 3,Topic 4,Topic 5,Topic 6,Topic 7,Topic 8
AAACAAGTATCTCCCA-1,0.043709,0.040262,0.155394,0.016804,0.565085,0.039091,0.004296,0.135359
AAACACCAATAACTGC-1,0.004706,0.16332,0.001962,0.001454,0.000059,0.043036,0.62765,0.157815
AAACAGGGTCTATATT-1,0.167468,0.454298,0.018807,0.090858,0.079466,0.150698,0.038372,0.000032
AAACAGTGTTCCTGGG-1,0.000086,0.144304,0.000086,0.035981,0.000086,0.000086,0.592132,0.227239
AAACATTTCCCGGATT-1,0.000072,0.245316,0.00086,0.000072,0.000072,0.075431,0.585018,0.093161
AAACCGGGTAGGTACC-1,0.398547,0.014357,0.005711,0.095558,0.454114,0.000009,0.031694,0.000009
AAACCGTTCGTCCAGG-1,0.020085,0.083258,0.05023,0.044878,0.601002,0.029195,0.000016,0.171335
AAACCTAAGCAGCCGG-1,0.000053,0.081258,0.004238,0.000053,0.021974,0.019972,0.496799,0.375654
AAACCTCATGAAGTTG-1,0.3626,0.267191,0.29662,0.012719,0.05301,0.000027,0.000236,0.007598
AAACGAGACGGTTGAT-1,0.595502,0.008658,0.059381,0.01242,0.313573,0.010421,0.000022,0.000022
AAACGGGCGTACGGGT-1,0.000042,0.035586,0.03564,0.000042,0.000042,0.070699,0.058529,0.79942
AAACGGTTGCGAACTG-1,0.000056,0.000056,0.000056,0.000056,0.140433,0.000056,0.729438,0.129847
AAACTCGGTTCGCAAT-1,0.044499,0.000036,0.001788,0.000036,0.000036,0.000036,0.663192,0.290378
AAACTGCTGGCTCCAA-1,0.075491,0.102506,0.740246,0.000757,0.046978,0.000017,0.000017,0.033989
AAACTTAATTGCACGC-1,0.000042,0.010651,0.000042,0.015046,0.000042,0.061673,0.437617,0.474887
AAACTTGCAAACGTAT-1,0.039534,0.146143,0.031573,0.021489,0.737139,0.000012,0.0241,0.000012
AAAGAATGTGGACTAA-1,0.110648,0.219865,0.08479,0.000057,0.000057,0.000057,0.477364,0.107162
AAAGACTGGGCGCTTT-1,0.213654,0.092797,0.440385,0.048368,0.178194,0.015496,0.010517,0.000589
AAAGGCCCTATAATAC-1,0.00005,0.01055,0.00005,0.006577,0.00005,0.000258,0.555271,0.427193
AAAGGCTACGGACCAT-1,0.000041,0.013883,0.000041,0.000041,0.000041,0.000041,0.22674,0.759171
AAAGGCTCTCGCGCCG-1,0.013053,0.121071,0.087864,0.02907,0.584645,0.09837,0.017896,0.048032
AAAGGGATGTAGCAAG-1,0.789967,0.007623,0.096302,0.062542,0.041889,0.001596,0.000041,0.000041
AAAGGGCAGCTTGAAT-1,0.334025,0.105586,0.514121,0.009352,0.036785,0.000043,0.000043,0.000043
AAAGTAGCATTGCTCA-1,0.080661,0.243868,0.106035,0.007789,0.429777,0.061859,0.044951,0.02506
AAAGTCGACCCTCAGT-1,0.474833,0.210991,0.05183,0.1511,0.056288,0.053453,0.001485,0.000021
AAAGTGTGATTTATCT-1,0.19765,0.330751,0.471513,0.000017,0.000017,0.000017,0.000017,0.000017
AAAGTTGACTCCCGTA-1,0.271482,0.249283,0.479093,0.000028,0.000028,0.000028,0.000028,0.000028
AAATACCTATAAGCAT-1,0.06427,0.137997,0.77753,0.000022,0.011837,0.000022,0.007624,0.000697
AAATAGCTTAGACTTT-1,0.430065,0.100284,0.469521,0.000026,0.000026,0.000026,0.000026,0.000026
AAATAGGGTGCTATTG-1,0.03808,0.42263,0.38262,0.017138,0.112854,0.005079,0.000021,0.021578
AAATCCGATACACGCC-1,0.052905,0.119749,0.081107,0.000047,0.000047,0.035385,0.149083,0.561676
AAATCGTGTACCACAA-1,0.172112,0.070191,0.692788,0.000014,0.031148,0.000014,0.032994,0.000739
AAATCTAGCCCTGCTA-1,0.001182,0.000014,0.206781,0.000376,0.515228,0.005615,0.000014,0.270792
AAATGACTGATCAAAC-1,0.000198,0.296762,0.000198,0.000198,0.000198,0.070135,0.61138,0.02093
AAATGCTCGTTACGTT-1,0.609097,0.015282,0.005004,0.293745,0.076707,0.000055,0.000055,0.000055
AAATGGCCCGTGCCCT-1,0.296937,0.431936,0.005036,0.041253,0.06525,0.121099,0.038458,0.00003
AAATGGTCAATGTGCC-1,0.6924,0.013398,0.122451,0.020962,0.140299,0.010437,0.000026,0.000026
AAATTAACGGGTAGCT-1,0.741159,0.088847,0.169793,0.00004,0.00004,0.00004,0.00004,0.00004
AAATTACCTATCGATG-1,0.46323,0.004371,0.084129,0.296701,0.133951,0.012243,0.000024,0.00535
AAATTGATAGTCCTTT-1,0.000047,0.251269,0.000047,0.3323,0.000047,0.009928,0.284399,0.121963
AAATTTGCGGGTGTGG-1,0.185151,0.28578,0.098252,0.320688,0.109934,0.000153,0.000021,0.000021
AACAACTGGTAGTTGC-1,0.61989,0.000914,0.108117,0.061653,0.209357,0.000023,0.000023,0.000023
AACAATACATTGTCGA-1,0.000037,0.09559,0.000037,0.21614,0.000037,0.046608,0.452751,0.188802
AACAATTACTCTACGC-1,0.33047,0.150455,0.244409,0.119986,0.143356,0.011282,0.000021,0.000021
AACACACGCTCGCCGC-1,0.005468,0.007821,0.653883,0.000023,0.11809,0.000023,0.000023,0.214669
AACACGAGACGCGGCC-1,0.087954,0.25678,0.144763,0.051163,0.386713,0.000017,0.020402,0.052209
AACAGCTGTGTGGCAA-1,0.003947,0.179216,0.013192,0.013444,0.041451,0.087584,0.353696,0.307469
AACAGGATGGGCCGCG-1,0.551441,0.106288,0.324431,0.008938,0.008829,0.000024,0.000024,0.000024
AACATAGCGTGTATCG-1,0.000149,0.293843,0.000149,0.000149,0.000149,0.000149,0.414405,0.291007
AACATATCAACTGGTG-1,0.449414,0.030129,0.281895,0.053655,0.145569,0.000027,0.000027,0.039285
AACATTGAAGTTGATC-1,0.000045,0.000045,0.000045,0.044691,0.000045,0.000045,0.618518,0.336566
AACATTGTGACTCGAG-1,0.060038,0.144874,0.157029,0.000059,0.000059,0.000059,0.442599,0.195284
AACCAAGACTTCTCTG-1,0.47088,0.177282,0.069442,0.196344,0.082553,0.003458,0.000021,0.000021
AACCATAGGGTTGAAC-1,0.000062,0.015037,0.000062,0.000062,0.000062,0.251954,0.695632,0.03713
AACCATGGGATCGCTA-1,0.503591,0.366094,0.000068,0.088866,0.000068,0.041178,0.000068,0.000068
AACCCAGAGACGGAGA-1,0.414409,0.381614,0.000095,0.008804,0.000095,0.144366,0.000095,0.050521
AACCCATCCCATGATC-1,0.000044,0.146306,0.000044,0.003015,0.000044,0.031456,0.403697,0.415394
AACCCGACAACCCGTG-1,0.000042,0.000042,0.000042,0.000042,0.000042,0.000042,0.308228,0.691521
AACCCGAGCAGAATCG-1,0.17413,0.175742,0.011105,0.013156,0.030864,0.132651,0.381721,0.080631
AACCCGCTGTATTCCA-1,0.00016,0.014453,0.022391,0.00016,0.00016,0.00016,0.872947,0.089569
AACCCTACTGTCAATA-1,0.281653,0.177269,0.508381,0.000096,0.03254,0.000021,0.000021,0.000021
AACCGAGCTTGGTCAT-1,0.574091,0.079471,0.002108,0.155573,0.000044,0.02732,0.161348,0.000044
AACCGCTAAGGGATGC-1,0.081952,0.010488,0.751324,0.000021,0.151524,0.000021,0.000021,0.00465
AACCTCGCTTTAGCCC-1,0.008953,0.015241,0.004028,0.082343,0.016195,0.002456,0.436837,0.433947
AACCTTTAAATACGGT-1,0.117842,0.18009,0.45056,0.060707,0.095598,0.052071,0.008918,0.034213
AACGAAAGTCGTCCCA-1,0.113032,0.00003,0.00003,0.006015,0.00003,0.072364,0.606152,0.202348
AACGATAATGCCGTAG-1,0.007239,0.009386,0.423351,0.003441,0.35585,0.050182,0.000012,0.150539
AACGATATGTCAACTG-1,0.388637,0.477694,0.000052,0.004126,0.000052,0.129333,0.000052,0.000052
AACGCATGATCTGGGT-1,0.612888,0.115894,0.042791,0.177581,0.023532,0.027201,0.000057,0.000057
AACGCGACCTTGGGCG-1,0.000057,0.008715,0.030138,0.000057,0.000057,0.000057,0.376004,0.584916
AACGCGGTCTCCAGCC-1,0.742359,0.057494,0.00007,0.097021,0.00007,0.102845,0.00007,0.00007
AACGCTGTTGCTGAAA-1,0.088465,0.309853,0.355801,0.013249,0.046703,0.090817,0.016697,0.078415
AACGGACGTACGTATA-1,0.144539,0.317362,0.514111,0.000027,0.000027,0.00663,0.017278,0.000027
AACGGCCATCTCCGGT-1,0.142254,0.094543,0.245811,0.160662,0.210493,0.128704,0.01078,0.006753
AACGTACTGTGGGTAC-1,0.004008,0.257107,0.168525,0.004361,0.529577,0.000019,0.000229,0.036175
AACGTCAGACTAGTGG-1,0.739313,0.063655,0.178996,0.003265,0.014651,0.000039,0.000039,0.000039
AACGTCATCCGGCTTG-1,0.17181,0.001926,0.001926,0.001927,0.001927,0.155962,0.662595,0.001927
AACGTCGCTGCACTTC-1,0.013352,0.0463,0.000059,0.21848,0.000059,0.011895,0.570755,0.1391
AACGTGCGAAAGTCTC-1,0.68148,0.007669,0.024456,0.025195,0.261125,0.000024,0.000024,0.000024
AACTAGGCTTGGGTGT-1,0.000024,0.003721,0.385547,0.000024,0.153523,0.048082,0.000024,0.409056
AACTCAAGTTAATTGC-1,0.132325,0.44631,0.421133,0.000046,0.000046,0.000046,0.000046,0.000046
AACTCCAGAGCGTGTT-1,0.000086,0.327024,0.000086,0.000086,0.000086,0.000086,0.322027,0.350521
AACTCTCAATAGAGCG-1,0.394864,0.00002,0.187109,0.020231,0.370997,0.026739,0.00002,0.00002
AACTCTCAGTGTGCTC-1,0.002886,0.472457,0.034771,0.0193,0.38327,0.000032,0.067376,0.019909
AACTGGGTCCCGACGT-1,0.629365,0.318282,0.000096,0.000096,0.000096,0.051872,0.000096,0.000096
AACTTCTGCGTCTATC-1,0.353195,0.004289,0.022456,0.449072,0.170893,0.000032,0.000032,0.000032
AACTTGCCCGTATGCA-1,0.398434,0.200786,0.158914,0.037225,0.20457,0.000024,0.000024,0.000024
AACTTGCGTTCTCGCG-1,0.44415,0.054861,0.000049,0.484096,0.000049,0.000049,0.016696,0.000049
AAGAAAGTTTGATGGG-1,0.107839,0.000055,0.005137,0.037853,0.017834,0.000055,0.656168,0.175059
AAGAAGGATCAGTTAG-1,0.532847,0.166945,0.007645,0.039846,0.000083,0.153868,0.000083,0.098685
AAGACATACGTGGTTT-1,0.220471,0.008857,0.014041,0.001759,0.003595,0.013277,0.721784,0.016216
AAGACCCAACTGAACA-1,0.000074,0.206172,0.000074,0.000074,0.014559,0.070519,0.568293,0.140238
AAGACTGCAAGCTACT-1,0.459828,0.000021,0.053218,0.062581,0.424287,0.000021,0.000021,0.000021
AAGAGATGAATCGGTA-1,0.709265,0.036872,0.046804,0.11454,0.077594,0.008855,0.006048,0.000023
AAGAGCTCTTTATCGG-1,0.814567,0.01024,0.03233,0.016712,0.126049,0.000034,0.000034,0.000034
AAGAGGATGTACGCGA-1,0.295234,0.026665,0.286082,0.006394,0.336929,0.04866,0.000018,0.000018
AAGAGGCATGGATCGC-1,0.64238,0.045614,0.136839,0.0268,0.148261,0.000035,0.000035,0.000035
AAGAGGCCCTTTGGAA-1,0.138354,0.000023,0.000023,0.003932,0.000023,0.19891,0.45689,0.201846
AAGATGGCACCGGACC-1,0.000055,0.105104,0.053524,0.000055,0.067023,0.000055,0.755742,0.018441
AAGATTGGCGGAACGT-1,0.586074,0.010212,0.079717,0.238249,0.085649,0.000033,0.000033,0.000033
AAGCACCCTGCGTATC-1,0.020214,0.01843,0.043688,0.007038,0.000035,0.37818,0.000035,0.532379
AAGCATACTCTCCTGA-1,0.120036,0.157968,0.36654,0.045569,0.0963,0.158126,0.000021,0.055439
AAGCCACTTGCAGGTA-1,0.00013,0.063726,0.00013,0.00013,0.00013,0.00013,0.537808,0.397816
AAGCCGAAGCGGTTTA-1,0.027457,0.194126,0.209698,0.446743,0.079921,0.002221,0.028641,0.011194
AAGCCGCCGTGAAATC-1,0.003123,0.000034,0.004822,0.000034,0.040792,0.093972,0.422435,0.434789
AAGCGCAGGGCTTTGA-1,0.015183,0.000031,0.000031,0.000863,0.000031,0.255873,0.22558,0.50241
AAGCGTCCCTCATCGA-1,0.013755,0.002574,0.003582,0.05665,0.1404,0.009815,0.040269,0.732955
AAGCTAGATCGAGTAA-1,0.028179,0.003371,0.468961,0.006817,0.308928,0.042453,0.000014,0.141277
AAGCTCGTGCCAAGTC-1,0.671236,0.000034,0.065571,0.028686,0.190032,0.02972,0.000034,0.014687
AAGCTCTTTCATGGTG-1,0.011444,0.291491,0.018341,0.143396,0.045471,0.321919,0.022827,0.145112
AAGGAGCGGTTGGTGC-1,0.851841,0.00003,0.000691,0.073091,0.046676,0.027611,0.00003,0.00003
AAGGATCGATCGCTTG-1,0.299449,0.112475,0.474282,0.01807,0.031296,0.054378,0.000021,0.010029
AAGGATGAGGGACCTC-1,0.499023,0.00003,0.04442,0.190891,0.249209,0.006094,0.00003,0.010303
AAGGCGCGTAAAGCTT-1,0.626825,0.000033,0.177842,0.002289,0.136369,0.012859,0.000033,0.043749
AAGGCTGTGCTCATCG-1,0.5093,0.000183,0.30518,0.000038,0.154096,0.000038,0.000038,0.031126
AAGGGAACGACTGGCT-1,0.000035,0.000035,0.000035,0.016444,0.000035,0.157167,0.429759,0.396489
AAGGGACAGATTCTGT-1,0.666304,0.069494,0.025257,0.193312,0.006827,0.038733,0.000037,0.000037
AAGGGACTATGCATTC-1,0.000041,0.025906,0.000041,0.000041,0.000041,0.212114,0.197953,0.563862
AAGGTATCCTAATATA-1,0.533311,0.253512,0.027778,0.000283,0.000058,0.184943,0.000058,0.000058
AAGGTGATAAACCAGC-1,0.122098,0.322922,0.55491,0.000014,0.000014,0.000014,0.000014,0.000014
AAGTAGAAGACCGGGT-1,0.714177,0.074635,0.000062,0.202887,0.000062,0.008055,0.000062,0.000062
AAGTAGTGACGCGAGG-1,0.554695,0.1399,0.241452,0.038684,0.025182,0.000029,0.000029,0.000029
AAGTCAATTGTCGTCA-1,0.140462,0.227392,0.631543,0.000034,0.000034,0.000034,0.000469,0.000034
AAGTGACGACCGAATT-1,0.31555,0.272144,0.168758,0.027064,0.20258,0.000026,0.013852,0.000026
AAGTGAGTCGGGTTTA-1,0.000039,0.014757,0.022795,0.000039,0.043726,0.150836,0.17502,0.592786
AAGTGCCTTGACTGTA-1,0.236306,0.001187,0.420974,0.004944,0.319036,0.007794,0.009714,0.000044
AAGTGCGTTAGAATCT-1,0.124567,0.198206,0.125717,0.088171,0.285475,0.177032,0.00081,0.000022
AAGTGCTTCTCTATTG-1,0.00006,0.00006,0.00006,0.012877,0.00006,0.193952,0.4569,0.336032
AAGTGTTTGGAGACGG-1,0.101684,0.338943,0.28178,0.003871,0.211623,0.000026,0.032959,0.029114
AAGTTCACTCCAAGCT-1,0.000019,0.000019,0.000577,0.002232,0.640624,0.000019,0.08623,0.270278
AAGTTCAGTCTGCGTA-1,0.562193,0.34619,0.000097,0.041994,0.000097,0.049235,0.000097,0.000097
AAGTTCGGCCAACAGG-1,0.257714,0.531497,0.013787,0.156493,0.010907,0.016897,0.012678,0.000026
AAGTTGTGATGTTATA-1,0.187138,0.335076,0.081669,0.000058,0.000058,0.029634,0.36631,0.000058
AAGTTTATGGGCCCAA-1,0.000042,0.097943,0.008878,0.000042,0.000042,0.000042,0.651432,0.241577
AATAACAACGCTCGGC-1,0.34608,0.000487,0.039228,0.259044,0.300364,0.019734,0.035051,0.000012
AATAACACTAGAACAA-1,0.107181,0.436482,0.125755,0.146656,0.068168,0.000083,0.046736,0.068939
AATACAATGTTTCAGG-1,0.372649,0.051761,0.054981,0.493534,0.012772,0.000034,0.000034,0.014234
AATACCGGAGGGCTGT-1,0.015982,0.01422,0.005498,0.00005,0.00005,0.235761,0.272411,0.456029
AATACCTGATGTGAAC-1,0.000042,0.081953,0.000042,0.016391,0.000042,0.036532,0.318264,0.546732
AATAGAACAGAGTGGC-1,0.000015,0.000015,0.239895,0.000015,0.586326,0.000015,0.000015,0.173704
AATAGAATCTGTTTCA-1,0.039493,0.197965,0.621607,0.045811,0.010809,0.000026,0.000026,0.084262
AATAGGCACGACCCTT-1,0.325643,0.001869,0.001869,0.001869,0.255291,0.001869,0.40972,0.001869
AATAGTCCGTCCCGAC-1,0.000038,0.142678,0.130287,0.005367,0.290845,0.052236,0.000038,0.378511
AATATCGAATCAATGC-1,0.248668,0.2211,0.146087,0.007794,0.376308,0.000015,0.000015,0.000015
AATATCGAGGGTTCTC-1,0.281962,0.033904,0.283823,0.222215,0.146991,0.005878,0.000034,0.025193
AATATTGGAGTATTGA-1,0.457194,0.2579,0.126649,0.030902,0.127266,0.00003,0.00003,0.00003
AATCAGGTTTCATTTA-1,0.00005,0.00005,0.00005,0.00005,0.00005,0.00005,0.251976,0.747727
AATCATGTAAAGACTC-1,0.022812,0.264121,0.30487,0.013222,0.130658,0.091428,0.000025,0.172865
AATCCCGCTCAGAGCC-1,0.000135,0.000135,0.000135,0.000135,0.000135,0.000135,0.898186,0.101004
AATCGAGGTCTCAAGG-1,0.000205,0.240871,0.000205,0.000205,0.000205,0.000205,0.575535,0.182567
AATCGCCTCAGCGCCA-1,0.200216,0.003352,0.486665,0.00003,0.309647,0.00003,0.00003,0.00003
AATCGGTATAGCCCTC-1,0.092543,0.4115,0.055552,0.000079,0.000079,0.000079,0.44009,0.000079
AATCGTGAGCCGAGCA-1,0.000054,0.073084,0.031108,0.000054,0.000054,0.000054,0.48628,0.409314
AATCTAGGTTTACTTG-1,0.009133,0.111023,0.009323,0.135753,0.047907,0.025235,0.462244,0.199382
AATCTGCGTTGGGACG-1,0.641698,0.000021,0.047732,0.002202,0.308283,0.000021,0.000021,0.000021
AATCTGGCTTTCTAGT-1,0.023776,0.25278,0.003948,0.145399,0.189396,0.100306,0.284356,0.00004
AATGACAGCAATGTCT-1,0.028993,0.012775,0.319213,0.116061,0.207288,0.153206,0.000019,0.162445
AATGACGTAGGATGTC-1,0.254214,0.268462,0.459245,0.000015,0.01802,0.000015,0.000015,0.000015
AATGACTGTCAGCCGG-1,0.717746,0.000025,0.002474,0.003492,0.271251,0.004961,0.000025,0.000025
AATGAGTTCGCATATG-1,0.511136,0.032295,0.003759,0.422111,0.030531,0.000056,0.000056,0.000056
AATGATGATACGCTAT-1,0.609362,0.012357,0.025791,0.226484,0.097461,0.000041,0.000041,0.028464
AATGATGCGACTCCTG-1,0.359249,0.004179,0.074714,0.412521,0.119045,0.00003,0.00003,0.030232
AATGCAACCGGGTACC-1,0.725458,0.008699,0.062711,0.059569,0.143469,0.000031,0.000031,0.000031
AATGCACCAAGCAATG-1,0.492118,0.011795,0.000156,0.331589,0.000036,0.164233,0.000036,0.000036
AATGGTCCACCGTTCA-1,0.281316,0.20497,0.277126,0.171085,0.032906,0.020709,0.000023,0.011865
AATGGTTCTCACAAGC-1,0.593932,0.000037,0.043237,0.014754,0.327302,0.000037,0.000037,0.020664
AATGTATGGCACTGTA-1,0.00005,0.00005,0.00005,0.098731,0.00005,0.027913,0.663033,0.210123
AATGTGCCCGAGGTGT-1,0.000046,0.345432,0.000046,0.026126,0.172482,0.061174,0.291923,0.102771
AATGTGCTAATCTGAG-1,0.000037,0.000037,0.000037,0.021612,0.003107,0.000037,0.662109,0.313023
AATGTTAAGACCCTGA-1,0.000117,0.222267,0.000117,0.000117,0.000117,0.000117,0.403376,0.373771
AATGTTGTCGTGAGAC-1,0.163307,0.027016,0.04998,0.038043,0.009436,0.268502,0.367724,0.075992
AATTAAAGGTCGGCGT-1,0.322521,0.369747,0.307499,0.000047,0.000047,0.000047,0.000047,0.000047
AATTAACGGATTTCCA-1,0.000021,0.007004,0.078181,0.000021,0.522766,0.000021,0.000021,0.391965
AATTAGCGCTGCAGCG-1,0.154872,0.318115,0.442763,0.018353,0.006712,0.000029,0.059127,0.000029
AATTATACCCAGCAAG-1,0.020883,0.119558,0.014343,0.000088,0.000088,0.000088,0.461663,0.383291
AATTCATAAGGGATCT-1,0.603287,0.159958,0.033911,0.184882,0.000054,0.0178,0.000054,0.000054
AATTCATTGTCATGCA-1,0.073828,0.000043,0.000104,0.003691,0.000043,0.02193,0.604686,0.295677
AATTCCAAGCATGTAC-1,0.000124,0.424274,0.016771,0.000124,0.000124,0.000124,0.556403,0.002058
AATTCGATTCGAGGAT-1,0.00006,0.014898,0.00006,0.00006,0.00006,0.00006,0.436321,0.548479
AATTCTAGAGTTAGGC-1,0.178734,0.011551,0.595646,0.015543,0.084623,0.028476,0.026437,0.05899
AATTGAACGCTCTGGT-1,0.060153,0.165696,0.650912,0.033097,0.08819,0.00002,0.00002,0.001913
AATTGCAGCAATCGAC-1,0.04868,0.000099,0.047322,0.004022,0.126027,0.000041,0.773769,0.000041
AATTGCGTGGATTACA-1,0.036146,0.004748,0.00205,0.092201,0.052102,0.008242,0.623192,0.181319
ACAAACCATGCGTCCT-1,0.00003,0.00003,0.00003,0.001499,0.00003,0.162479,0.546267,0.289636
ACAAACTCCATCAGAG-1,0.000145,0.02665,0.000145,0.000145,0.000145,0.000145,0.900938,0.071686
ACAAAGCATGACCTAG-1,0.081988,0.015985,0.030649,0.00003,0.00003,0.207044,0.369696,0.294578
ACAAATCGCACCGAAT-1,0.01414,0.103518,0.729758,0.000988,0.086446,0.000018,0.041245,0.023887
ACAAATGGTAGTGTTT-1,0.191711,0.000024,0.538447,0.046166,0.156343,0.039162,0.000021,0.028126
ACAACAGCATGAGCTA-1,0.788731,0.000033,0.005661,0.089876,0.071549,0.044082,0.000033,0.000033
ACAACGGTCCCTGCGA-1,0.493104,0.033921,0.058875,0.288118,0.059293,0.066608,0.00004,0.00004
ACAAGCAGTGCCTAGC-1,0.502532,0.153223,0.113151,0.122296,0.059481,0.042452,0.006836,0.000029
ACAAGGAAATCCGCCC-1,0.020985,0.016251,0.632961,0.004587,0.25997,0.000015,0.000015,0.065217
ACAAGGACAAGAGGTT-1,0.710467,0.120117,0.152634,0.005646,0.011059,0.000026,0.000026,0.000026
ACAAGGATGCTTTAGG-1,0.000064,0.307444,0.000064,0.000064,0.000064,0.117491,0.424691,0.150119
ACAAGGGCAGGCTCTG-1,0.197726,0.091395,0.689624,0.001602,0.016811,0.002808,0.000017,0.000017
ACAAGTAATTGTAAGG-1,0.387556,0.00626,0.00626,0.00626,0.474054,0.030078,0.08327,0.006261
ACAATAGTCGTACGTT-1,0.434442,0.217306,0.027847,0.148209,0.013331,0.158815,0.000025,0.000025
ACAATCCATTTAAACC-1,0.141486,0.096896,0.051116,0.162648,0.545089,0.000011,0.002744,0.000011
ACAATGAATACGGAGA-1,0.001258,0.046148,0.051539,0.003286,0.369906,0.217993,0.259969,0.049901
ACAATTGTGTCTCTTT-1,0.052722,0.167685,0.330213,0.010483,0.309665,0.053402,0.000027,0.075803
ACAATTTGAGCAGTGG-1,0.684204,0.036689,0.002811,0.152954,0.000041,0.088499,0.03476,0.000041
ACACAAAGACGGGTGG-1,0.784316,0.000032,0.019505,0.011183,0.167955,0.016945,0.000032,0.000032
ACACACCAGGACCAGT-1,0.191256,0.033067,0.529059,0.051413,0.007652,0.097911,0.000012,0.089628
ACACATGATCAAATCT-1,0.000044,0.000044,0.000044,0.060728,0.000046,0.095427,0.50648,0.337187
ACACATTTCCGTAGAC-1,0.000096,0.05322,0.000096,0.000096,0.074382,0.000096,0.68831,0.183704
ACACCCAGCATGCAGC-1,0.73007,0.000035,0.000732,0.09052,0.178537,0.000035,0.000035,0.000035
ACACCCGAGAAATCCG-1,0.670233,0.007662,0.132524,0.010137,0.146405,0.000042,0.000042,0.032954
ACACCGGTCTGACCGC-1,0.000054,0.000054,0.000054,0.004102,0.000054,0.000054,0.801273,0.194357
ACACCTTAAGTAGGGC-1,0.771531,0.00004,0.064359,0.012166,0.112112,0.028156,0.00004,0.011594
ACACCTTACTACTTGC-1,0.08566,0.13766,0.462757,0.137857,0.094531,0.005683,0.010249,0.065603
ACACGAGACTCCTTCT-1,0.754562,0.000041,0.007056,0.165667,0.004208,0.068384,0.000041,0.000041
ACACGGGAACTTAGGG-1,0.734808,0.0933,0.000032,0.098186,0.000032,0.07358,0.000032,0.000032
ACACGTAGGCCACAAG-1,0.170977,0.009106,0.01067,0.054149,0.100094,0.218231,0.436742,0.00003
ACACTCCAATGTCACT-1,0.396722,0.000033,0.004765,0.22559,0.372791,0.000033,0.000033,0.000033
ACACTGATCAAGGTGT-1,0.000683,0.538667,0.190634,0.000048,0.000048,0.000048,0.168609,0.101263
ACAGAACTGAGAACAA-1,0.060455,0.056616,0.162818,0.000048,0.381124,0.000026,0.297035,0.041877
ACAGCGACATTCTCAT-1,0.001821,0.000045,0.000414,0.034425,0.020749,0.069237,0.44431,0.429
ACAGGCTTGCCCGACT-1,0.063081,0.136751,0.39608,0.005542,0.321084,0.027771,0.044139,0.005551
ACAGGTGGAGGTGAGG-1,0.195281,0.730249,0.013333,0.000044,0.01238,0.000044,0.048625,0.000044
ACAGTAATACAACTTG-1,0.269278,0.385357,0.042147,0.04469,0.166539,0.054946,0.037009,0.000033
ACATAAGTCGTGGTGA-1,0.110397,0.008783,0.016686,0.057246,0.012791,0.035891,0.558599,0.199607
ACATAATAAGGCGGTG-1,0.66007,0.046658,0.000063,0.006085,0.000063,0.286933,0.000063,0.000063
ACATACAATCAAGCGG-1,0.000043,0.095925,0.037154,0.000043,0.006381,0.000043,0.349885,0.510526
ACATCAGCTGGGACGC-1,0.369004,0.026344,0.025236,0.216862,0.358589,0.003927,0.000019,0.000019
ACATCCCGGCCATACG-1,0.075331,0.505716,0.166437,0.000036,0.21316,0.000036,0.039247,0.000036
ACATCCTGGTAACTGT-1,0.175861,0.204729,0.532255,0.000298,0.079307,0.007496,0.000027,0.000027
ACATCGATCGTTTACC-1,0.357016,0.001977,0.604321,0.000019,0.036612,0.000019,0.000019,0.000019
ACATCGCAATATTCGG-1,0.002456,0.002455,0.002455,0.002456,0.218938,0.002455,0.766331,0.002455
ACATCGGTCAGCCGCG-1,0.102301,0.097865,0.390354,0.1037,0.279245,0.000061,0.019045,0.007429
ACATCGTATGCAATGG-1,0.03127,0.114737,0.850625,0.000026,0.003265,0.000026,0.000026,0.000026
ACATGCTTACGGCAGC-1,0.000146,0.037429,0.000146,0.000146,0.000146,0.000146,0.807054,0.154786
ACATGGCGCCAAAGTA-1,0.462208,0.051681,0.235107,0.037197,0.154173,0.050483,0.009136,0.000015
ACATTAGTTTATATCC-1,0.077485,0.366096,0.411736,0.000035,0.105287,0.000035,0.03929,0.000035
ACATTCGCGCGGAATA-1,0.000063,0.026936,0.000063,0.092091,0.000063,0.000063,0.064539,0.81618
ACATTTGAAACCTAAC-1,0.00003,0.02042,0.035327,0.00003,0.124672,0.00003,0.018202,0.801289
ACCAACCGCACTCCAC-1,0.004802,0.001673,0.064319,0.080982,0.132972,0.035039,0.294713,0.385499
ACCAACGCTTATTTAT-1,0.027259,0.530386,0.20796,0.000619,0.188179,0.004268,0.007689,0.033639
ACCAAGAACGCGTGTC-1,0.607378,0.370463,0.000116,0.000116,0.000116,0.02158,0.000116,0.000116
ACCAAGTCATCGGCAG-1,0.171517,0.011221,0.085728,0.000047,0.058851,0.000047,0.378569,0.29402
ACCAATATGCAAGTTA-1,0.120135,0.463827,0.133816,0.000035,0.029034,0.000035,0.091462,0.161656
ACCACAAGTTTCTATC-1,0.630566,0.000033,0.000033,0.053019,0.305806,0.000033,0.010479,0.000033
ACCACACGGTTGATGG-1,0.074525,0.099469,0.072837,0.000077,0.000077,0.000077,0.566659,0.186279
ACCACCAATGTAACAA-1,0.365222,0.072341,0.323106,0.073389,0.158271,0.000028,0.007628,0.000014
ACCACGTGCAGCTATA-1,0.107483,0.114527,0.730237,0.000025,0.047653,0.000025,0.000025,0.000025
ACCAGTGCGGGAGACG-1,0.045574,0.232354,0.642815,0.000041,0.000041,0.000041,0.000041,0.079091
ACCATATCCGCAATAA-1,0.691508,0.123739,0.156445,0.007773,0.000532,0.019949,0.000027,0.000027
ACCATCCGCCAACTAG-1,0.342629,0.229259,0.057169,0.091202,0.182895,0.011092,0.085737,0.000018
ACCATCGTATATGGTA-1,0.143016,0.056713,0.307426,0.039925,0.428666,0.003681,0.01296,0.007611
ACCCAACGCCCGTGGC-1,0.704787,0.034478,0.021605,0.071902,0.166682,0.000489,0.000029,0.000029
ACCCACCTACATGCTC-1,0.094981,0.000018,0.072622,0.11262,0.707971,0.000027,0.000018,0.011743
ACCCATCTTGAGGGTA-1,0.392226,0.02826,0.267841,0.101785,0.067359,0.135867,0.00664,0.000022
ACCCATTTGTCCCTCT-1,0.009309,0.020988,0.06396,0.000035,0.257825,0.00368,0.162838,0.481365
ACCCGAGCGAAATTAC-1,0.000032,0.000032,0.000032,0.003385,0.007445,0.000032,0.577253,0.411787
ACCCGATTGGTTCCGA-1,0.000075,0.022846,0.000075,0.000075,0.000075,0.000075,0.890544,0.086236
ACCCGGAAACTCCCAG-1,0.052324,0.450527,0.122815,0.004015,0.017592,0.068726,0.055271,0.228731
ACCCGGATGACGCATC-1,0.484609,0.009385,0.265746,0.000017,0.240192,0.000017,0.000017,0.000017
ACCCGGTTACACTTCC-1,0.003439,0.002237,0.499723,0.000087,0.380094,0.00002,0.00002,0.11438
ACCCGTAGCAGAGAAT-1,0.007969,0.000084,0.000084,0.02267,0.000084,0.105301,0.763343,0.100465
ACCCGTGTCATCAGTA-1,0.008096,0.12258,0.061614,0.10327,0.048421,0.001164,0.629828,0.025028
ACCCTATGCCATATCG-1,0.044976,0.245208,0.024609,0.041302,0.000047,0.206598,0.093933,0.343327
ACCCTCCCGTCAGGGC-1,0.021803,0.062615,0.050221,0.069084,0.002877,0.074182,0.377787,0.341431
ACCCTCCCTTGCTATT-1,0.005057,0.004418,0.481066,0.044184,0.317499,0.000042,0.00002,0.147713
ACCGAAGAGTCTGGTT-1,0.000053,0.133479,0.013473,0.000053,0.000053,0.000053,0.579614,0.273221
ACCGACACATCTCCCA-1,0.005615,0.000025,0.000025,0.171213,0.046058,0.260945,0.188525,0.327595
ACCGACTGAGTCCCAC-1,0.545403,0.000032,0.08247,0.02106,0.272384,0.000032,0.000032,0.078588
ACCGAGTCTCCTTATT-1,0.000093,0.11079,0.005788,0.015637,0.046957,0.000093,0.700102,0.12054
ACCGATGGTAGCATCG-1,0.356675,0.005476,0.434904,0.031839,0.113784,0.02381,0.000025,0.033487
ACCGCAATAACTGCCT-1,0.006101,0.313022,0.506251,0.001527,0.070003,0.011119,0.000022,0.091954
ACCGCGGTGGAAGTCG-1,0.278726,0.39946,0.321648,0.000019,0.000018,0.000093,0.000018,0.000018
ACCGCTAGTCATTGGT-1,0.000083,0.000083,0.000083,0.000083,0.000083,0.000083,0.644644,0.354859
ACCGGGCCTTTGTTGA-1,0.051976,0.04231,0.795233,0.00116,0.013566,0.00003,0.00003,0.095696
ACCGGTCAGGTACACC-1,0.000047,0.056906,0.000047,0.135989,0.000047,0.033956,0.531953,0.241055
ACCGTGACCACGTGGG-1,0.000181,0.063487,0.003142,0.031568,0.145233,0.240719,0.208728,0.306942
ACCTAAGTACCTTTCA-1,0.019131,0.231396,0.198843,0.009872,0.284485,0.058804,0.030696,0.166773
ACCTAATCGACTTCCT-1,0.285905,0.078474,0.064429,0.124923,0.446207,0.000021,0.000021,0.000021
ACCTACTATAAATCTA-1,0.004953,0.000049,0.000049,0.000049,0.000049,0.174337,0.494166,0.326346
ACCTCAGCGAGGCGCA-1,0.221707,0.226927,0.140484,0.00415,0.000122,0.015526,0.324665,0.066419
ACCTCCGCCCTCGCTG-1,0.036323,0.552271,0.000037,0.106191,0.059577,0.000037,0.245526,0.000037
ACCTCGAACTTATGCT-1,0.000048,0.000048,0.000048,0.000048,0.000048,0.036046,0.700692,0.26302
ACCTGCGTGTCATGTT-1,0.175736,0.272233,0.029523,0.137567,0.37562,0.003685,0.005614,0.000022
ACGAAATGGGCGGCAC-1,0.393308,0.068245,0.187246,0.226528,0.03417,0.000023,0.059827,0.030653
ACGACTGGTCATACTC-1,0.000042,0.008495,0.05936,0.000042,0.197576,0.000042,0.309091,0.425353
ACGAGGATACCACTCT-1,0.027425,0.201295,0.158627,0.054398,0.132159,0.269767,0.005169,0.151161
ACGAGGTTTACAACGT-1,0.019278,0.047246,0.016389,0.000058,0.000058,0.000058,0.370481,0.546433
ACGAGTACGGATGCCC-1,0.565324,0.044048,0.110848,0.199861,0.063462,0.016403,0.000027,0.000027
ACGATCATACATAGAG-1,0.789026,0.000042,0.045213,0.032171,0.133422,0.000042,0.000042,0.000042
ACGATCATCTTGTAAA-1,0.298002,0.089257,0.590627,0.000027,0.022006,0.000027,0.000027,0.000027
ACGATGCATATGTTAT-1,0.242074,0.159945,0.597774,0.000041,0.000041,0.000041,0.000041,0.000041
ACGCAAACTAATAGAT-1,0.00003,0.033916,0.103741,0.003839,0.024036,0.008334,0.079787,0.746314
ACGCAATCACTACAGC-1,0.666439,0.020003,0.046103,0.05475,0.212626,0.000026,0.000026,0.000026
ACGCATACGTTTACTA-1,0.031624,0.22584,0.041105,0.01015,0.138411,0.357588,0.08133,0.113952
ACGCATTCGTGAGTAC-1,0.711777,0.000044,0.113208,0.000044,0.174796,0.000044,0.000044,0.000044
ACGCCACTCGAAACAG-1,0.000078,0.062207,0.26104,0.000078,0.000078,0.000078,0.282312,0.394127
ACGCCAGTGCGTTTGC-1,0.000042,0.001066,0.000042,0.004346,0.076819,0.000042,0.630993,0.286651
ACGCCGCTAGACGACC-1,0.272908,0.001092,0.275115,0.151213,0.179375,0.0852,0.000021,0.035076
ACGCGAAGTCAGACGA-1,0.231768,0.148745,0.445973,0.011444,0.090296,0.000023,0.071728,0.000023
ACGCGCTACACAGGGT-1,0.108195,0.161253,0.365006,0.11677,0.199708,0.00002,0.00002,0.049028
ACGCGGGCCAAGGACA-1,0.52628,0.000023,0.108008,0.009251,0.342787,0.000023,0.000023,0.013606
ACGCTAGTGATACACT-1,0.442887,0.152277,0.117791,0.157365,0.098393,0.000035,0.000035,0.031216
ACGCTGTGAGGCGTAG-1,0.324613,0.278014,0.153862,0.132876,0.022664,0.066664,0.000814,0.020493
ACGGAACACGAGTGCC-1,0.007271,0.083292,0.063309,0.00005,0.011459,0.00005,0.440076,0.394494
ACGGAATTTAGCAAAT-1,0.498923,0.256241,0.000068,0.187529,0.000068,0.057037,0.000068,0.000068
ACGGACGCAGCGACAA-1,0.068711,0.0001,0.0001,0.006389,0.000101,0.078153,0.846346,0.000101
ACGGACTCTCAAAGCG-1,0.000032,0.00709,0.132467,0.000032,0.309912,0.012674,0.090614,0.447178
ACGGAGCGCAAATTAC-1,0.589385,0.334227,0.000064,0.070891,0.000064,0.005241,0.000064,0.000064
ACGGATGGTGCGGATA-1,0.096859,0.691115,0.006523,0.004904,0.004996,0.000057,0.195488,0.000057
ACGGCACTTGCTTGGG-1,0.002193,0.068853,0.235638,0.001887,0.524294,0.000018,0.000018,0.167099
ACGGCCAACATGGACT-1,0.002122,0.01146,0.166847,0.001262,0.739002,0.000011,0.007801,0.071495
ACGGCGACGATGGGAA-1,0.025403,0.150038,0.815678,0.000023,0.001788,0.000023,0.000023,0.007024
ACGGCTGGATGTAGAA-1,0.006122,0.00003,0.00003,0.04565,0.00003,0.00003,0.543576,0.404532
ACGGGAGTGTCGGCCC-1,0.190096,0.422435,0.015619,0.009999,0.361779,0.000024,0.000024,0.000024
ACGGGTTGTGACCTGT-1,0.122757,0.001932,0.014044,0.055419,0.000047,0.021899,0.651455,0.132448
ACGGTACAGTTCAATG-1,0.030854,0.143817,0.021992,0.000978,0.05334,0.016701,0.216561,0.515756
ACGGTCACCGAGAACA-1,0.000128,0.079575,0.000128,0.000128,0.000128,0.000128,0.808469,0.111318
ACGTACTTTGGCACGG-1,0.000106,0.14009,0.000106,0.000106,0.000106,0.107053,0.236655,0.515778
ACGTAGATTGCTGATG-1,0.710136,0.000035,0.024355,0.109576,0.155807,0.00003,0.00003,0.00003
ACGTAGGAGAGTCGCT-1,0.000039,0.002269,0.000039,0.000039,0.000039,0.182105,0.397081,0.418388
ACGTATTACTCCGATC-1,0.307083,0.000019,0.155166,0.007675,0.468734,0.000019,0.00063,0.060675
ACGTTAATGTCGAAGA-1,0.243674,0.000023,0.296314,0.019216,0.435498,0.000023,0.000023,0.005228
ACGTTAGATTTGCCCG-1,0.100987,0.201579,0.362029,0.102677,0.142646,0.000029,0.001491,0.088562
ACGTTATTGGTCACTC-1,0.174241,0.00002,0.00002,0.497251,0.328405,0.00002,0.00002,0.00002
ACGTTCACTATGCCGC-1,0.084407,0.0373,0.134056,0.000088,0.000088,0.000088,0.193882,0.550092
ACGTTCGTTCAGGAAA-1,0.00005,0.094581,0.064589,0.00005,0.00005,0.069229,0.374942,0.396509
ACGTTCTGTACAAGTC-1,0.010278,0.02762,0.191901,0.000037,0.045056,0.000037,0.357889,0.367181
ACGTTGTCGTTGAAAG-1,0.06463,0.003285,0.099904,0.000136,0.000136,0.000136,0.726858,0.104914
ACTACAAAGAGAGGTG-1,0.00005,0.00005,0.000468,0.00005,0.00005,0.00005,0.486288,0.512996
ACTACATCCCGACAAG-1,0.000034,0.000034,0.099316,0.000034,0.07911,0.000034,0.00573,0.815708
ACTACCAGCTCTCTGG-1,0.728205,0.004226,0.126146,0.004081,0.137188,0.000051,0.000051,0.000051
ACTACCATCCGAGGGC-1,0.00011,0.151886,0.00011,0.00011,0.00011,0.00011,0.531605,0.315959
ACTACGCGTTAGAATT-1,0.000056,0.180664,0.023327,0.031796,0.051576,0.036312,0.358799,0.31747
ACTAGTTGCGATCGTC-1,0.149866,0.085469,0.464714,0.021294,0.004908,0.19059,0.000028,0.083131
ACTATCCAGGGCATGG-1,0.210079,0.069343,0.512864,0.129209,0.076106,0.000021,0.000021,0.002357
ACTATCTGCCCGCGTA-1,0.120159,0.080907,0.049261,0.052395,0.503219,0.032912,0.15232,0.008827
ACTATGTCCAGCTGCC-1,0.000051,0.017844,0.000051,0.000051,0.000051,0.029051,0.625049,0.327853
ACTATTTCCGGGCCCA-1,0.000045,0.166984,0.057171,0.000045,0.296203,0.014799,0.137592,0.327159
ACTCAAGTGCAAGGCT-1,0.023294,0.126193,0.000039,0.007445,0.000039,0.153245,0.171085,0.518661
ACTCAATAAAGGCACG-1,0.72929,0.25724,0.000067,0.002911,0.000063,0.010303,0.000063,0.000063
ACTCATGGCAGCCTTC-1,0.000048,0.000048,0.000048,0.000048,0.136025,0.000048,0.050472,0.813265
ACTCCAATATCATCAT-1,0.00004,0.00004,0.00004,0.149267,0.077754,0.157753,0.375108,0.239997
ACTCCCATTCCTAAAG-1,0.058487,0.290184,0.043034,0.074927,0.431571,0.060051,0.030976,0.010771
ACTCCCGAATTCGTTT-1,0.540222,0.032337,0.18833,0.049443,0.11675,0.072863,0.000027,0.000027
ACTCCCTAATGCTAAA-1,0.016066,0.194623,0.338766,0.000033,0.000033,0.000033,0.002609,0.447838
ACTCCCTAGAATAGTA-1,0.030244,0.022732,0.713792,0.015176,0.146408,0.022405,0.000022,0.049222
ACTCCGGCCGACCACT-1,0.048904,0.025612,0.008454,0.016885,0.000041,0.101983,0.222126,0.575996
ACTCGCCGTTCGATAA-1,0.142844,0.009628,0.045016,0.000047,0.000047,0.162554,0.587402,0.052461
ACTCGTAACCCGTCCT-1,0.235237,0.36165,0.017297,0.084228,0.153155,0.115156,0.033248,0.00003
ACTCGTCAGTAATCCC-1,0.426327,0.000021,0.001477,0.103192,0.443753,0.025187,0.000021,0.000021
ACTCTCTGACTTAGGT-1,0.108988,0.039633,0.766554,0.00002,0.079306,0.00002,0.00002,0.00546
ACTCTTGTATAGTAAC-1,0.520493,0.00003,0.057825,0.000232,0.398691,0.00003,0.00003,0.02267
ACTGAAACGCCGTTAG-1,0.043656,0.393045,0.029834,0.051706,0.039871,0.039973,0.304594,0.097322
ACTGAATGGCGAAAGT-1,0.117346,0.036559,0.679514,0.019531,0.127586,0.000017,0.000017,0.019431
ACTGCCCGCCATTCTC-1,0.00004,0.00004,0.00004,0.02595,0.01437,0.00004,0.365554,0.593967
ACTGCTCGGAAGGATG-1,0.151741,0.012046,0.007759,0.044403,0.000959,0.064375,0.501093,0.217624
ACTGGGATGCCAGTGC-1,0.136249,0.059987,0.175795,0.00006,0.00006,0.007307,0.292868,0.327675
ACTGTACGATACACAT-1,0.699374,0.000051,0.03759,0.179337,0.038966,0.04458,0.000051,0.000051
ACTGTAGCACTTTGGA-1,0.431146,0.235303,0.333159,0.000078,0.000078,0.000078,0.000078,0.000078
ACTGTCCAGGATTATA-1,0.786087,0.001908,0.024206,0.053835,0.048442,0.085448,0.000037,0.000037
ACTGTCTTCTTTAGAA-1,0.834884,0.000035,0.002575,0.022008,0.140168,0.00026,0.000035,0.000035
ACTTACGCATCCACGC-1,0.006201,0.131225,0.031015,0.100896,0.356228,0.132541,0.197024,0.044871
ACTTAGTACGACAAGA-1,0.530228,0.39405,0.010436,0.00035,0.00008,0.00008,0.00008,0.064696
ACTTATACTTACCCGG-1,0.543092,0.063066,0.10923,0.181121,0.087631,0.007375,0.0053,0.003184
ACTTATTAGGATCGGT-1,0.402138,0.063959,0.53367,0.000047,0.000047,0.000047,0.000047,0.000047
ACTTATTTATGTGCCA-1,0.094502,0.108423,0.773272,0.000038,0.02365,0.000038,0.000038,0.000038
ACTTCAGGCTGATCCC-1,0.011859,0.29209,0.452118,0.004517,0.199214,0.000026,0.021821,0.018357
ACTTCCATGCGGGACA-1,0.029797,0.129667,0.003623,0.000061,0.000061,0.000061,0.801368,0.035362
ACTTCGCCATACGCAC-1,0.668968,0.139187,0.058785,0.13287,0.000048,0.000048,0.000048,0.000048
ACTTGACTCCCTCTTT-1,0.258027,0.064526,0.335005,0.02111,0.321275,0.000019,0.000019,0.000019
ACTTGGGACCCGGTGG-1,0.866792,0.000091,0.025607,0.000038,0.099547,0.000038,0.007849,0.000038
ACTTGGGCTTTCGCCA-1,0.000677,0.000677,0.267153,0.000677,0.000677,0.000677,0.708612,0.02085
ACTTGTAGTCCCTTCA-1,0.056588,0.091032,0.049306,0.14705,0.298775,0.068276,0.161717,0.127257
ACTTGTGGATGGAACG-1,0.013099,0.244306,0.228792,0.087933,0.357714,0.000026,0.047196,0.020935
ACTTGTTACCGGATCA-1,0.000132,0.024666,0.023606,0.000132,0.000132,0.000132,0.19465,0.75655
ACTTTACCCTCATGAA-1,0.218438,0.002526,0.659228,0.000027,0.079616,0.000027,0.000027,0.04011
ACTTTATACACCACTT-1,0.000128,0.00562,0.000128,0.000128,0.000128,0.091683,0.573621,0.328562
ACTTTCCTATAGCTTC-1,0.450162,0.000035,0.082132,0.107262,0.163647,0.115756,0.000035,0.080971
ACTTTGACTGCATCCT-1,0.048917,0.364732,0.032478,0.243503,0.309861,0.000026,0.000457,0.000026
ACTTTGGTCGTGCTCC-1,0.000032,0.000032,0.000032,0.000032,0.000032,0.176742,0.064787,0.758311
AGAACACGGCGATGGT-1,0.000182,0.000182,0.000182,0.000181,0.000182,0.000182,0.998729,0.000181
AGAACCCTCAATTGGG-1,0.01765,0.017727,0.02261,0.014045,0.001507,0.044432,0.611484,0.270546
AGAACGTGGTACATTC-1,0.606389,0.337481,0.001036,0.04091,0.000037,0.014072,0.000037,0.000037
AGAACTGTACTTTGTA-1,0.000048,0.18449,0.003101,0.016441,0.000048,0.02704,0.420633,0.348198
AGAAGAGCGCCGTTCC-1,0.314024,0.386901,0.297555,0.000304,0.000304,0.000304,0.000304,0.000304
AGAAGGTACACTTCAC-1,0.096899,0.41306,0.000058,0.004002,0.000058,0.057501,0.428365,0.000058
AGAAGGTTGCCGAATT-1,0.276435,0.169037,0.22242,0.082406,0.221506,0.025162,0.003019,0.000014
AGAAGGTTGTAGGTCG-1,0.009902,0.000027,0.000027,0.018019,0.000027,0.235433,0.240641,0.495922
AGAAGTGATTCGTGAT-1,0.011046,0.000014,0.053325,0.003245,0.812922,0.002204,0.000014,0.117231
AGAATAAATCTTCAGG-1,0.225325,0.121962,0.114104,0.287619,0.196008,0.012656,0.034972,0.007354
AGAATACAGGCTATCC-1,0.000038,0.05676,0.000038,0.055638,0.000038,0.021796,0.378636,0.487056
AGAATTATGGATTCGA-1,0.559171,0.000016,0.05949,0.000016,0.370462,0.000016,0.010815,0.000016
AGAATTGTTTGACATA-1,0.379505,0.019043,0.105263,0.217422,0.173871,0.000052,0.000052,0.104792
AGACAGCTCAGAATCC-1,0.29934,0.009744,0.019639,0.168602,0.478884,0.000014,0.01896,0.004818
AGACCAAACCACACCT-1,0.208761,0.000024,0.000024,0.027135,0.019798,0.126482,0.549879,0.067897
AGACCATGGGATACAA-1,0.496678,0.005171,0.055583,0.388289,0.054197,0.000027,0.000027,0.000027
AGACCCACCGCTGATC-1,0.000015,0.000015,0.435933,0.000015,0.442285,0.000015,0.000015,0.121708
AGACCCGCCCTCCTCG-1,0.574628,0.000025,0.002826,0.164429,0.258015,0.000025,0.000025,0.000025
AGACCGCTCCGCGGTT-1,0.099446,0.242223,0.083733,0.079502,0.395826,0.055845,0.024328,0.019098
AGACCGGGAAACCCTG-1,0.211079,0.210981,0.279917,0.163813,0.051827,0.000614,0.077994,0.003774
AGACGAAGTGCCGGTC-1,0.024214,0.338082,0.637554,0.00003,0.00003,0.00003,0.00003,0.00003
AGACGACGATGCCGCT-1,0.014135,0.482729,0.000041,0.178634,0.048285,0.053548,0.14578,0.076847
AGACTAGCCTTCCAGA-1,0.87338,0.056252,0.062647,0.000036,0.007577,0.000036,0.000036,0.000036
AGACTGTTACCGGGTC-1,0.000046,0.101773,0.01336,0.0019,0.003704,0.092581,0.395196,0.391441
AGAGAAACACCAGAAA-1,0.000055,0.000055,0.017299,0.000055,0.000055,0.000055,0.672785,0.30964
AGAGAACCGTCTAGGA-1,0.346019,0.026671,0.322119,0.136788,0.094296,0.021186,0.000031,0.052891
AGAGAAGGAGTACAAT-1,0.005361,0.064879,0.00004,0.045973,0.012578,0.198826,0.234221,0.438122
AGAGATCTCTAAAGCG-1,0.041852,0.01193,0.222,0.016725,0.582158,0.000017,0.001478,0.123839
AGAGCAGTTATGAGAC-1,0.212993,0.000009,0.044087,0.014009,0.728873,0.000009,0.000009,0.000009
AGAGCCGCCGAGATTT-1,0.023276,0.226141,0.000056,0.020383,0.149367,0.000056,0.572081,0.00864
AGAGCGTACAAGCTCG-1,0.523976,0.000029,0.052171,0.241085,0.067696,0.114986,0.000029,0.000029
AGAGGCTTCGGAAACC-1,0.208695,0.338954,0.101903,0.03275,0.303177,0.009113,0.005391,0.000017
AGAGTAAACTTCACTA-1,0.167306,0.471299,0.231175,0.000562,0.129587,0.000024,0.000024,0.000024
AGATAACTTCAGGGCC-1,0.788947,0.105962,0.084549,0.008613,0.011847,0.000028,0.000028,0.000028
AGATAATCACACCTAT-1,0.002846,0.002846,0.002845,0.519246,0.002845,0.002847,0.46368,0.002846
AGATACCAATAGAACC-1,0.007601,0.272288,0.00006,0.00006,0.00006,0.057142,0.662728,0.00006
AGATACCGGTGTTCAC-1,0.130773,0.148946,0.46293,0.000025,0.252258,0.000025,0.005019,0.000025
AGATACGACTTCATAT-1,0.425122,0.33374,0.000087,0.163363,0.000087,0.07195,0.005565,0.000087
AGATACTCAAGATCGA-1,0.093945,0.286394,0.572699,0.000441,0.03206,0.000025,0.01441,0.000025
AGATATAATACGACTA-1,0.016358,0.092023,0.126084,0.022668,0.000213,0.109798,0.345231,0.287625
AGATCGTGCATAAGAT-1,0.551606,0.09214,0.071141,0.215587,0.069394,0.000044,0.000044,0.000044
AGATCTCAGGTGTGAT-1,0.817019,0.121174,0.024826,0.036816,0.000041,0.000041,0.000041,0.000041
AGATCTGGAGAGGATA-1,0.029038,0.000115,0.000115,0.000115,0.000115,0.000115,0.956703,0.013684
AGATGACTCGCCCACG-1,0.870176,0.102013,0.000094,0.012981,0.000094,0.014455,0.000094,0.000094
AGATGATGGAGTCTGG-1,0.507592,0.120374,0.344525,0.000032,0.000032,0.027382,0.000032,0.000032
AGATGCAAGACGTGCA-1,0.000039,0.000039,0.000039,0.024648,0.000039,0.055132,0.802676,0.117389
AGATTATAGGACGTTT-1,0.386334,0.030925,0.560606,0.000052,0.021927,0.000052,0.000052,0.000052
AGATTCACAACCGATA-1,0.01489,0.100922,0.032903,0.017831,0.010766,0.000033,0.38377,0.438884
AGCAAAGGCCGCTAGT-1,0.021628,0.00673,0.006645,0.011988,0.004624,0.313645,0.000021,0.634719
AGCAACATATCTTATT-1,0.258315,0.014392,0.560019,0.033746,0.038531,0.051277,0.000013,0.043707
AGCAACCGAAAGTAAT-1,0.004767,0.007471,0.000023,0.146515,0.019045,0.256992,0.06505,0.500137
AGCACACGTTTAGACT-1,0.00007,0.082528,0.00007,0.00007,0.00007,0.000126,0.49901,0.418057
AGCACCAGTACTCACG-1,0.718202,0.096252,0.023893,0.159524,0.000041,0.002005,0.000041,0.000041
AGCACTACCGGCCTGT-1,0.149129,0.002073,0.006213,0.060023,0.782242,0.000009,0.000302,0.000009
AGCACTACCTCACCAG-1,0.134798,0.338664,0.305259,0.00003,0.20028,0.00003,0.020909,0.00003
AGCACTTAAGGACGCC-1,0.746917,0.17204,0.069849,0.002814,0.008322,0.000019,0.000019,0.000019
AGCAGAAGGAGAAAGA-1,0.015761,0.058253,0.022298,0.000689,0.026083,0.185735,0.646007,0.045174
AGCAGCCAGATGAATA-1,0.008786,0.405177,0.07846,0.136511,0.004294,0.021033,0.199286,0.146454
AGCAGTCGAAGCATGC-1,0.005765,0.072149,0.02854,0.000046,0.000046,0.031537,0.119155,0.742762
AGCATATCAATATGCT-1,0.042355,0.019981,0.631957,0.000029,0.176981,0.000029,0.000029,0.128641
AGCATCATTTCGAAAG-1,0.071481,0.008463,0.05168,0.021333,0.028923,0.15789,0.284987,0.375243
