Barcode,Topic 1,Topic 2to3,Topic 4to6,Topic 7to10,Topic 11,Topic 12
AAACAACGAATAGTTC-1,0.00002,0.343551,0.096398,0.545967,0.00002,0.014045
AAACAAGTATCTCCCA-1,0.065017,0.361012,0.047734,0.44676,0.0047,0.074778
AAACAATCTACTAGCA-1,0.023169,0.074826,0.201948,0.62152,0.000015,0.078523
AAACACCAATAACTGC-1,0.065705,0.294835,0.080829,0.444526,0.041053,0.073052
AAACAGAGCGACTCCT-1,0.006815,0.001022,0.963824,0.028303,0.000018,0.000018
AAACAGCTTTCAGAAG-1,0.0001,0.046513,0.094448,0.854508,0.00143,0.003
AAACAGGGTCTATATT-1,0.005674,0.436203,0.121417,0.377869,0.041941,0.016896
AAACAGTGTTCCTGGG-1,0.03525,0.037151,0.014962,0.000083,0.572615,0.339939
AAACATGGTGAGAGGA-1,0.14989,0.057899,0.293139,0.3704,0.049049,0.079623
AAACATTTCCCGGATT-1,0.096205,0.281031,0.101343,0.177264,0.165032,0.179126
AAACCACTACACAGAT-1,0.000015,0.046236,0.713626,0.240093,0.000015,0.000015
AAACCCGAACGAAATC-1,0.011502,0.076829,0.17601,0.679776,0.050913,0.00497
AAACCGGAAATGTTAA-1,0.013709,0.449287,0.198298,0.28984,0.003645,0.045221
AAACCGGGTAGGTACC-1,0.000606,0.486352,0.252021,0.199106,0.057649,0.004266
AAACCGTTCGTCCAGG-1,0.013899,0.383451,0.010628,0.458572,0.016008,0.117441
AAACCTAAGCAGCCGG-1,0.000022,0.280117,0.000067,0.00891,0.431769,0.279115
AAACCTCATGAAGTTG-1,0.000025,0.397184,0.496702,0.096055,0.000025,0.01001
AAACGAAGAACATACC-1,0.019866,0.415661,0.237434,0.32697,0.000034,0.000034
AAACGAAGATGGAGTA-1,0.010759,0.299473,0.077845,0.498237,0.088583,0.025102
AAACGACAGTCTTGCC-1,0.019721,0.203754,0.668101,0.108389,0.000018,0.000018
AAACGAGACGGTTGAT-1,0.000026,0.159476,0.462733,0.377713,0.000026,0.000026
AAACGCCCGAGATCGG-1,0.000028,0.221295,0.597762,0.147894,0.000028,0.032992
AAACGCTGGGCACGAC-1,0.068514,0.172986,0.113058,0.145763,0.175935,0.323743
AAACGGGCGTACGGGT-1,0.019732,0.24433,0.006077,0.033064,0.0469,0.649897
AAACGGGTTGGTATCC-1,0.000046,0.558161,0.033122,0.403551,0.000046,0.005074
AAACGGTTGCGAACTG-1,0.004166,0.211395,0.000074,0.000099,0.036966,0.747301
AAACGTGTTCGCCCTA-1,0.000042,0.71877,0.280933,0.00017,0.000042,0.000042
AAACTAACGTGGCGAC-1,0.000031,0.40206,0.533267,0.062061,0.002552,0.000031
AAACTCGGTTCGCAAT-1,0.119299,0.040757,0.000079,0.025182,0.23469,0.579994
AAACTCGTGATATAAG-1,0.003682,0.458361,0.517751,0.010547,0.009625,0.000034
AAACTGCTGGCTCCAA-1,0.011994,0.053585,0.213721,0.594557,0.000013,0.126129
AAACTTAATTGCACGC-1,0.047883,0.322642,0.105117,0.382997,0.045631,0.09573
AAACTTGCAAACGTAT-1,0.000793,0.329573,0.194637,0.236142,0.238841,0.000013
AAAGAATGACCTTAGA-1,0.344691,0.01524,0.161671,0.185314,0.003863,0.289221
AAAGAATGTGGACTAA-1,0.000032,0.1032,0.000096,0.000128,0.53977,0.356774
AAAGACATGAAGTTTA-1,0.000043,0.756806,0.152216,0.09085,0.000043,0.000043
AAAGACCCAAGTCGCG-1,0.000035,0.311842,0.345709,0.336767,0.000035,0.005613
AAAGACTGGGCGCTTT-1,0.265842,0.57898,0.007533,0.038922,0.108683,0.00004
AAAGCTTGCCTACATA-1,0.010253,0.299851,0.171818,0.518033,0.000023,0.000023
AAAGGCCCTATAATAC-1,0.009858,0.071751,0.050516,0.063303,0.667411,0.137161
AAAGGCTACGGACCAT-1,0.231946,0.003628,0.175565,0.220092,0.134464,0.234306
AAAGGCTCTCGCGCCG-1,0.061853,0.537583,0.018984,0.335921,0.000477,0.045182
AAAGGGATGTAGCAAG-1,0.000104,0.713382,0.097734,0.000416,0.18826,0.000104
AAAGGGCAGCTTGAAT-1,0.000026,0.059773,0.77974,0.000103,0.160333,0.000026
AAAGGTAAGCTGTACC-1,0.022127,0.059085,0.828406,0.090328,0.000027,0.000027
AAAGGTCAACGACATG-1,0.000018,0.194396,0.647131,0.15842,0.000018,0.000018
AAAGTAGCATTGCTCA-1,0.001993,0.065613,0.135076,0.624488,0.170643,0.002187
AAAGTCACTGATGTAA-1,0.000031,0.253626,0.358224,0.388059,0.000031,0.000031
AAAGTCGACCCTCAGT-1,0.013171,0.246286,0.570593,0.138196,0.031735,0.000018
AAAGTGCCATCAATTA-1,0.000018,0.488198,0.001623,0.027737,0.259911,0.222512
AAAGTGTGATTTATCT-1,0.068332,0.079762,0.136782,0.684727,0.022714,0.007683
AAAGTTGACTCCCGTA-1,0.000026,0.364645,0.058803,0.475595,0.000026,0.100906
AAATAACCATACGGGA-1,0.000038,0.274934,0.71302,0.011933,0.000038,0.000038
AAATAAGGTAGTGCCC-1,0.000023,0.613015,0.119072,0.267844,0.000023,0.000023
AAATACCTATAAGCAT-1,0.001886,0.247001,0.052643,0.649017,0.035238,0.014214
AAATAGCTTAGACTTT-1,0.001381,0.275888,0.210323,0.50398,0.000016,0.008413
AAATAGGGTGCTATTG-1,0.035245,0.231877,0.085497,0.635414,0.001342,0.010626
AAATCACTCCTAAACG-1,0.103091,0.07724,0.702223,0.116792,0.000642,0.000013
AAATCCGATACACGCC-1,0.597914,0.099366,0.102165,0.133926,0.014787,0.051841
AAATCGCGGAAGGAGT-1,0.063683,0.056111,0.201307,0.632103,0.003626,0.043171
AAATCGTGTACCACAA-1,0.001937,0.302469,0.162553,0.508186,0.012758,0.012098
AAATCTAGCCCTGCTA-1,0.204369,0.07991,0.144878,0.306478,0.242072,0.022293
AAATCTGCCCGCGTCC-1,0.000027,0.086092,0.000081,0.000107,0.000027,0.913667
AAATGACTGATCAAAC-1,0.401928,0.000033,0.00005,0.000067,0.000017,0.597906
AAATGATTCGATCAGC-1,0.000191,0.780097,0.000572,0.000763,0.218186,0.000191
AAATGCTCGTTACGTT-1,0.000054,0.92931,0.04515,0.016157,0.009276,0.000054
AAATGGCATGTCTTGT-1,0.002121,0.199545,0.365971,0.36251,0.06982,0.000034
AAATGGCCCGTGCCCT-1,0.000013,0.523996,0.059823,0.384262,0.005571,0.026335
AAATGGTCAATGTGCC-1,0.121989,0.283778,0.492709,0.095527,0.005969,0.000027
AAATGTATCTTATCCC-1,0.176756,0.038865,0.602708,0.130456,0.051204,0.000011
AAATGTGGGTGCTCCT-1,0.00002,0.150993,0.06811,0.780838,0.00002,0.00002
AAATTAACGGGTAGCT-1,0.000024,0.242353,0.459949,0.292216,0.005434,0.000024
AAATTAATAAGCGCGA-1,0.073934,0.469989,0.061481,0.106068,0.282767,0.005761
AAATTACACGACTCTG-1,0.081775,0.111181,0.727741,0.079266,0.000019,0.000019
AAATTACCTATCGATG-1,0.049951,0.065554,0.853294,0.031173,0.000013,0.000013
AAATTCCAGGTCCAAA-1,0.000014,0.217241,0.112405,0.670311,0.000014,0.000014
AAATTGATAGTCCTTT-1,0.036533,0.065825,0.103432,0.69328,0.012457,0.088473
AAATTGCGGCGGTTCT-1,0.000026,0.145147,0.383542,0.471233,0.000026,0.000026
AAATTGGTGAGAAGCA-1,0.000076,0.631543,0.053662,0.000304,0.314339,0.000076
AAATTTACCGAAATCC-1,0.081318,0.099384,0.511665,0.307581,0.000026,0.000026
AAATTTGCGGGTGTGG-1,0.003651,0.443455,0.068762,0.336971,0.002365,0.144795
AACAACTGGTAGTTGC-1,0.000095,0.873689,0.102314,0.000379,0.000095,0.023429
AACAATACATTGTCGA-1,0.456707,0.001758,0.118183,0.423342,0.000004,0.000004
AACAATTACTCTACGC-1,0.000104,0.92065,0.000311,0.000415,0.022061,0.056459
AACACACGCTCGCCGC-1,0.100654,0.417371,0.079801,0.34828,0.039811,0.014084
AACACGACTGTACTGA-1,0.000055,0.559743,0.285049,0.155043,0.000055,0.000055
AACACGAGACGCGGCC-1,0.021771,0.009861,0.26227,0.64267,0.063414,0.000014
AACACGCGGCCGCGAA-1,0.000043,0.306952,0.068818,0.59101,0.000043,0.033134
AACAGCTGTGTGGCAA-1,0.208174,0.181077,0.200246,0.390241,0.001222,0.019041
AACAGGAAATCGAATA-1,0.000024,0.119346,0.605023,0.27556,0.000024,0.000024
AACAGGATGGGCCGCG-1,0.000063,0.786065,0.078516,0.000254,0.135039,0.000063
AACAGGTAGTATGGAT-1,0.00002,0.174208,0.011726,0.070249,0.743777,0.00002
AACATAGCGTGTATCG-1,0.000047,0.104405,0.000141,0.000188,0.069417,0.825802
AACATATCAACTGGTG-1,0.001125,0.244845,0.329804,0.424174,0.000026,0.000026
AACATCGATACGTCTA-1,0.000108,0.815846,0.000325,0.000433,0.18318,0.000108
AACATTGAAGTTGATC-1,0.064567,0.015236,0.116224,0.149467,0.190831,0.463675
AACATTGGTCAGCCGT-1,0.00003,0.201593,0.058143,0.651018,0.000081,0.089134
AACATTGTGACTCGAG-1,0.006563,0.261418,0.102487,0.225098,0.24651,0.157924
AACCAAGACTTCTCTG-1,0.120636,0.278208,0.376374,0.095172,0.049054,0.080556
AACCAGTATCACTCTT-1,0.000068,0.367657,0.464938,0.099628,0.067641,0.000068
AACCATAGGGTTGAAC-1,0.043858,0.546863,0.022066,0.073113,0.148391,0.165709
AACCATGGGATCGCTA-1,0.00004,0.423411,0.345441,0.204374,0.026694,0.00004
AACCCAGAGACGGAGA-1,0.000045,0.347719,0.373622,0.278525,0.000045,0.000045
AACCCATCCCATGATC-1,0.000983,0.390463,0.008351,0.577133,0.002733,0.020336
AACCCGACAACCCGTG-1,0.002273,0.148737,0.009721,0.027551,0.017482,0.794235
AACCCGAGCAGAATCG-1,0.342983,0.141958,0.164449,0.259584,0.006332,0.084694
AACCCGATAGGGCTTC-1,0.011806,0.250758,0.653045,0.039188,0.045184,0.000019
AACCCGCTGTATTCCA-1,0.000034,0.000068,0.000102,0.000136,0.239762,0.759898
AACCCTACTGTCAATA-1,0.044147,0.193784,0.235342,0.506948,0.000023,0.019757
AACCCTGGTGGAACCA-1,0.000034,0.344455,0.322259,0.3329,0.000318,0.000034
AACCGAGCTTGGTCAT-1,0.000124,0.536319,0.189381,0.000498,0.273554,0.000124
AACCGCTAAGGGATGC-1,0.000025,0.460429,0.131046,0.38257,0.000039,0.025891
AACCGTTGTGTTTGCT-1,0.014869,0.779062,0.127208,0.07874,0.00006,0.00006
AACCTAAAGCCGTCCG-1,0.000028,0.468138,0.292579,0.225379,0.013848,0.000028
AACCTCGCTTTAGCCC-1,0.000029,0.633704,0.001849,0.057085,0.125127,0.182206
AACCTGTCACGGAATT-1,0.000016,0.243497,0.135333,0.452583,0.056065,0.112506
AACCTTTAAATACGGT-1,0.125271,0.208352,0.128486,0.371603,0.004262,0.162024
AACCTTTACGACGTCT-1,0.012262,0.079788,0.881236,0.005545,0.02114,0.000029
AACGAAAGTCGTCCCA-1,0.01976,0.328311,0.062899,0.529638,0.020941,0.038451
AACGACCTCCTAGCCG-1,0.075868,0.048802,0.039003,0.216313,0.057708,0.562306
AACGATAATGCCGTAG-1,0.06684,0.04497,0.389834,0.462225,0.024725,0.011406
AACGATAGAAGGGCCG-1,0.000053,0.534913,0.437451,0.027476,0.000053,0.000053
AACGATATGTCAACTG-1,0.000091,0.494968,0.179356,0.000363,0.325132,0.000091
AACGCATGATCTGGGT-1,0.000166,0.907014,0.000497,0.000663,0.091495,0.000166
AACGCGAACGGCAACA-1,0.033712,0.109962,0.530831,0.299851,0.000028,0.025617
AACGCGACCTTGGGCG-1,0.132012,0.156376,0.028726,0.068448,0.033979,0.580459
AACGCGGTCTCCAGCC-1,0.000117,0.704467,0.105159,0.00047,0.141364,0.048423
AACGCTGTTGCTGAAA-1,0.03756,0.247155,0.170909,0.485966,0.053273,0.005136
AACGGACGTACGTATA-1,0.065188,0.299433,0.152097,0.475457,0.001963,0.005862
AACGGCCATCTCCGGT-1,0.013224,0.00371,0.268554,0.7145,0.000006,0.000006
AACGTACTGTGGGTAC-1,0.071831,0.359343,0.041307,0.451027,0.004892,0.0716
AACGTAGTCTACCCAT-1,0.001055,0.254087,0.202748,0.542066,0.000022,0.000022
AACGTCAGACTAGTGG-1,0.000075,0.74207,0.039858,0.000301,0.217621,0.000075
AACGTCATCCGGCTTG-1,0.00003,0.000061,0.000091,0.000121,0.00003,0.999667
AACGTCGCTGCACTTC-1,0.005076,0.056338,0.000093,0.000124,0.069863,0.868507
AACGTGATGAAGGACA-1,0.011429,0.345332,0.485632,0.157538,0.000035,0.000035
AACGTGCGAAAGTCTC-1,0.004014,0.540172,0.101271,0.343683,0.000025,0.010835
AACGTTATCAGCACCT-1,0.000031,0.206396,0.607426,0.118488,0.067628,0.000031
AACGTTCTACCATTGT-1,0.000051,0.17445,0.039378,0.017058,0.008171,0.760893
AACTACCCGTTTGTCA-1,0.000026,0.829048,0.000077,0.096626,0.005638,0.068586
AACTAGCGTATCGCAC-1,0.002022,0.000809,0.327966,0.669174,0.000015,0.000015
AACTAGGCTTGGGTGT-1,0.020497,0.171668,0.149042,0.634528,0.000011,0.024255
AACTCAAGTTAATTGC-1,0.000034,0.708613,0.070304,0.190828,0.02416,0.006061
AACTCCAGAGCGTGTT-1,0.038266,0.641698,0.000083,0.045391,0.042417,0.232144
AACTCCTAATCCCATG-1,0.000053,0.470113,0.433969,0.01091,0.084902,0.000053
AACTCGATAAACACGT-1,0.000122,0.301639,0.161851,0.530988,0.000016,0.005384
AACTCGATGGCGCAGT-1,0.000056,0.584947,0.268658,0.12475,0.000056,0.021533
AACTCTCAATAGAGCG-1,0.000021,0.191367,0.218515,0.590055,0.000021,0.000021
AACTCTCAGTGTGCTC-1,0.074105,0.276549,0.057927,0.408182,0.03361,0.149627
AACTGAGGTCAGCGTC-1,0.000018,0.005683,0.805697,0.188567,0.000018,0.000018
AACTGAGTTATACTGA-1,0.009192,0.188941,0.327045,0.439545,0.035268,0.00001
AACTGATATTAGGCCT-1,0.000047,0.276039,0.588019,0.095251,0.040597,0.000047
AACTGGGTCCCGACGT-1,0.000059,0.562351,0.389034,0.000646,0.047851,0.000059
AACTGGGTTCGAGCCG-1,0.000052,0.820544,0.164931,0.000207,0.014215,0.000052
AACTGGTGTGGGCCTT-1,0.010668,0.157723,0.638864,0.192687,0.000029,0.000029
AACTTCTGCGTCTATC-1,0.00006,0.606828,0.249913,0.047802,0.095338,0.00006
AACTTGCCCGTATGCA-1,0.004535,0.710807,0.000282,0.000377,0.283905,0.000094
AACTTGCGTTCTCGCG-1,0.000046,0.736725,0.227154,0.035982,0.000046,0.000046
AACTTTACGGGAGCTT-1,0.000078,0.536129,0.000233,0.00031,0.463172,0.000078
AACTTTAGCTGCTGAG-1,0.00004,0.364448,0.280774,0.354659,0.00004,0.00004
AACTTTCTCGATCATG-1,0.000066,0.672612,0.132301,0.000265,0.194689,0.000066
AAGAAAGTTTGATGGG-1,0.000039,0.057022,0.000117,0.000156,0.302319,0.640348
AAGAAATCACCAGATT-1,0.000041,0.705969,0.232423,0.006672,0.054856,0.000041
AAGAAGGATCAGTTAG-1,0.000059,0.867417,0.090664,0.016704,0.025096,0.000059
AAGACATACGTGGTTT-1,0.383691,0.03314,0.049903,0.094337,0.139955,0.298975
AAGACCAAATAACTCA-1,0.081514,0.019239,0.450798,0.435565,0.002815,0.010069
AAGACCCAACTGAACA-1,0.042497,0.188035,0.250398,0.285558,0.228073,0.005439
AAGACTAACCCGTTGT-1,0.000037,0.363278,0.264906,0.371707,0.000037,0.000037
AAGACTCACGCCCACT-1,0.015268,0.013458,0.407766,0.56348,0.000013,0.000013
AAGACTGCAAGCTACT-1,0.000052,0.812996,0.008338,0.178511,0.000052,0.000052
AAGAGATGAATCGGTA-1,0.000072,0.620436,0.000217,0.000289,0.378913,0.000072
AAGAGCTCTTTATCGG-1,0.011633,0.211277,0.126861,0.646889,0.000024,0.003316
AAGAGGATGTACGCGA-1,0.023345,0.00209,0.671834,0.30271,0.000011,0.000011
AAGAGGCATGGATCGC-1,0.000027,0.350285,0.328395,0.307781,0.000027,0.013484
AAGAGGCCCTTTGGAA-1,0.006336,0.685863,0.020532,0.160785,0.049593,0.07689
AAGATGGCACCGGACC-1,0.010204,0.234643,0.19798,0.277172,0.255114,0.024888
AAGATTGGCGGAACGT-1,0.057785,0.547051,0.348239,0.014383,0.032497,0.000045
AAGCACCCTGCGTATC-1,0.038729,0.371157,0.095289,0.183286,0.264939,0.0466
AAGCATACTCTCCTGA-1,0.007947,0.380035,0.095665,0.383668,0.030399,0.102287
AAGCCACTTGCAGGTA-1,0.000027,0.000054,0.000081,0.000107,0.000027,0.999705
AAGCCGAAGCGGTTTA-1,0.082633,0.015216,0.317939,0.584193,0.000009,0.000009
AAGCCGCCGTGAAATC-1,0.047233,0.178315,0.091294,0.136425,0.042424,0.504309
AAGCCGCTTTACCTTG-1,0.00011,0.83154,0.000329,0.000438,0.167474,0.00011
AAGCCGGAGAGCAGGA-1,0.007377,0.528387,0.107059,0.25645,0.028566,0.072161
AAGCGCAGGGCTTTGA-1,0.333357,0.0032,0.008118,0.051604,0.01433,0.589391
AAGCGGAGTGCGCGCA-1,0.03427,0.635276,0.245918,0.000131,0.084371,0.000033
AAGCGGCGTCATGGGT-1,0.006369,0.034878,0.804136,0.120286,0.03431,0.000021
AAGCGTCCCTCATCGA-1,0.185247,0.001017,0.114903,0.688072,0.000005,0.010756
AAGCTAGATCGAGTAA-1,0.003306,0.327114,0.196614,0.431175,0.000017,0.041774
AAGCTATGGATTGACC-1,0.00006,0.000121,0.000181,0.000241,0.00006,0.999337
AAGCTCGTGCCAAGTC-1,0.000036,0.257759,0.409763,0.332372,0.000036,0.000036
AAGCTCTTTCATGGTG-1,0.007879,0.583795,0.065747,0.289033,0.016955,0.036592
AAGGAGAACTTATAAG-1,0.000032,0.5246,0.143308,0.321931,0.000032,0.010097
AAGGAGCGGTTGGTGC-1,0.000131,0.574856,0.218471,0.006481,0.193978,0.006083
AAGGATCGATCGCTTG-1,0.06283,0.216711,0.123817,0.585858,0.000018,0.010766
AAGGATGAGGGACCTC-1,0.000035,0.248447,0.729645,0.021801,0.000035,0.000035
AAGGCAGGCTGTCTCC-1,0.044649,0.092388,0.107002,0.727786,0.019852,0.008324
AAGGCGCGTAAAGCTT-1,0.000072,0.849636,0.063028,0.000289,0.079451,0.007524
AAGGCTGTGCTCATCG-1,0.000093,0.71675,0.015398,0.00037,0.267297,0.000093
AAGGGAACGACTGGCT-1,0.040841,0.207139,0.147954,0.202747,0.029143,0.372176
AAGGGACAGATTCTGT-1,0.032767,0.065239,0.810439,0.082098,0.009441,0.000017
AAGGGACTATGCATTC-1,0.105618,0.362727,0.018545,0.347683,0.163733,0.001695
AAGGGTTAGCCATGCG-1,0.000034,0.059476,0.047908,0.008087,0.033737,0.850759
AAGGGTTTGATTTCAG-1,0.080099,0.214045,0.046883,0.522513,0.043079,0.093381
AAGGTATCCTAATATA-1,0.000109,0.944553,0.054688,0.000434,0.000109,0.000109
AAGGTGATAAACCAGC-1,0.034992,0.026801,0.199588,0.681795,0.003029,0.053795
AAGTAAGCTTCCAAAC-1,0.010892,0.246836,0.113325,0.607268,0.002725,0.018954
AAGTAGAAGACCGGGT-1,0.000038,0.392564,0.50407,0.020423,0.082867,0.000038
AAGTAGTGACGCGAGG-1,0.084656,0.023088,0.851424,0.011835,0.028979,0.000019
AAGTCAATTGTCGTCA-1,0.018166,0.228548,0.095951,0.567977,0.040613,0.048744
AAGTCTAGTAGCTGCC-1,0.000058,0.684652,0.028973,0.00023,0.28603,0.000058
AAGTCTTCTGTGGCCT-1,0.001233,0.17764,0.50709,0.185255,0.12876,0.000023
AAGTGACGACCGAATT-1,0.00214,0.390138,0.353323,0.196747,0.057624,0.000029
AAGTGAGTCGGGTTTA-1,0.058077,0.328795,0.22697,0.267552,0.034745,0.083862
AAGTGCAAAGGTAGAC-1,0.000041,0.710383,0.000122,0.000163,0.28925,0.000041
AAGTGCCTTGACTGTA-1,0.006968,0.266672,0.059781,0.458806,0.001733,0.206041
AAGTGCGTTAGAATCT-1,0.003085,0.273907,0.010862,0.126958,0.585179,0.000009
AAGTGCTTCTCTATTG-1,0.000025,0.18281,0.00181,0.00348,0.038505,0.77337
AAGTGTTTGGAGACGG-1,0.000029,0.653774,0.11267,0.187101,0.000029,0.046397
AAGTTCACTCCAAGCT-1,0.437433,0.052305,0.181915,0.286323,0.038425,0.0036
AAGTTCAGTCTGCGTA-1,0.000122,0.337332,0.000367,0.000489,0.661568,0.000122
AAGTTCGGCCAACAGG-1,0.000011,0.190241,0.028995,0.75019,0.030552,0.000011
AAGTTGTGATGTTATA-1,0.015285,0.272841,0.007318,0.070268,0.065362,0.568926
AAGTTTACTAATGGCA-1,0.000043,0.485591,0.228676,0.285604,0.000043,0.000043
AAGTTTATGGGCCCAA-1,0.031209,0.068337,0.031297,0.026887,0.091539,0.750731
AATAACAACGCTCGGC-1,0.05645,0.015584,0.720711,0.076923,0.13032,0.000012
AATAACACTAGAACAA-1,0.11718,0.015491,0.108136,0.677138,0.045989,0.036066
AATAACGTCGCGCCCA-1,0.194757,0.113604,0.002048,0.044508,0.138821,0.506262
AATAAGTCCTCGAGAC-1,0.000043,0.770915,0.081228,0.136719,0.011051,0.000043
AATAATCTTCGTATCG-1,0.164667,0.141091,0.33951,0.354712,0.00001,0.00001
AATACAATGTTTCAGG-1,0.03474,0.117839,0.779174,0.058243,0.00998,0.000023
AATACCGGAGGGCTGT-1,0.039516,0.274797,0.033143,0.059129,0.124581,0.468834
AATACCTGATGTGAAC-1,0.022391,0.082231,0.051459,0.22642,0.039204,0.578294
AATAGAACAGAGTGGC-1,0.183152,0.019346,0.23751,0.528712,0.008517,0.022763
AATAGAATCTGTTTCA-1,0.014221,0.024778,0.066806,0.857571,0.006296,0.030327
AATAGCAAGCCTCCTG-1,0.000043,0.410361,0.494779,0.094732,0.000043,0.000043
AATAGCTACCGCGTGC-1,0.000218,0.919297,0.000653,0.00087,0.078744,0.000218
AATAGGCACGACCCTT-1,0.000036,0.000071,0.000107,0.000143,0.154455,0.845188
AATAGTCCGTCCCGAC-1,0.006643,0.035572,0.03178,0.609736,0.290367,0.025901
AATAGTCGCGAGTCGG-1,0.071765,0.087848,0.685896,0.117193,0.037281,0.000017
AATATCAAGGTCGGAT-1,0.000056,0.648399,0.201309,0.129329,0.000056,0.02085
AATATCCTAGCAAACT-1,0.006008,0.160843,0.162417,0.64817,0.013214,0.009348
AATATCGAATCAATGC-1,0.018517,0.430511,0.131299,0.393807,0.019888,0.005977
AATATCGAGGGTTCTC-1,0.000053,0.558192,0.414636,0.027012,0.000053,0.000053
AATATTGGAGTATTGA-1,0.048985,0.075579,0.737595,0.135177,0.000021,0.002643
AATCAGACTGCAGGAC-1,0.000045,0.406876,0.100813,0.314411,0.139817,0.038038
AATCAGGTTTCATTTA-1,0.02496,0.05627,0.005837,0.029326,0.000993,0.882614
AATCATGTAAAGACTC-1,0.404023,0.036318,0.188731,0.281974,0.002622,0.086333
AATCCAAGGGCCTGAG-1,0.000038,0.434421,0.184858,0.29027,0.090375,0.000038
AATCCATGCAAGGGTG-1,0.00005,0.330758,0.23023,0.381512,0.033238,0.024212
AATCCCGCTCAGAGCC-1,0.000039,0.000078,0.000117,0.000156,0.000039,0.999572
AATCGAGGTCTCAAGG-1,0.00004,0.00008,0.000119,0.000159,0.113215,0.886387
AATCGCCTCAGCGCCA-1,0.000031,0.307757,0.196573,0.456117,0.000031,0.039492
AATCGCGCAGAGGACT-1,0.00564,0.002271,0.203223,0.78885,0.000007,0.000007
AATCGGGACACTACGA-1,0.000023,0.135285,0.583163,0.237531,0.043974,0.000023
AATCGGTATAGCCCTC-1,0.000043,0.16222,0.000128,0.00017,0.01255,0.824889
AATCGTGAGCCGAGCA-1,0.000031,0.188337,0.020312,0.000435,0.455825,0.33506
AATCTAGGTTTACTTG-1,0.066787,0.107465,0.213736,0.611991,0.000011,0.000011
AATCTATGCCGGAGCC-1,0.000028,0.1899,0.599987,0.172883,0.037175,0.000028
AATCTCTACTGTGGTT-1,0.050501,0.094652,0.356859,0.483265,0.014711,0.000012
AATCTGCGTTGGGACG-1,0.000054,0.595621,0.256752,0.147465,0.000054,0.000054
AATCTGGCTTTCTAGT-1,0.015771,0.435843,0.018869,0.505632,0.000156,0.023729
AATCTGGGTAGACCCT-1,0.013093,0.143983,0.600659,0.221291,0.020949,0.000024
AATGACAGCAATGTCT-1,0.033901,0.392543,0.029494,0.531108,0.002161,0.010793
AATGACGTAGGATGTC-1,0.072734,0.033531,0.195924,0.691565,0.006062,0.000184
AATGACTGTCAGCCGG-1,0.000055,0.575992,0.091194,0.000218,0.332487,0.000055
AATGAGTTCGCATATG-1,0.000037,0.183723,0.524365,0.291801,0.000037,0.000037
AATGATGATACGCTAT-1,0.000083,0.534765,0.102336,0.046937,0.234696,0.081184
AATGATGCGACTCCTG-1,0.005927,0.276734,0.689337,0.002367,0.025596,0.000039
AATGCAACCGGGTACC-1,0.000115,0.552231,0.220154,0.000462,0.200069,0.026968
AATGCACCAAGCAATG-1,0.000092,0.583594,0.000277,0.000369,0.415575,0.000092
AATGGCCGCCAATGCG-1,0.00305,0.253005,0.64572,0.081795,0.016409,0.000021
AATGGTCCACCGTTCA-1,0.000099,0.734561,0.000296,0.000394,0.264552,0.000099
AATGGTTCTCACAAGC-1,0.014683,0.054457,0.550877,0.37994,0.000022,0.000022
AATGTATGGCACTGTA-1,0.060232,0.333959,0.078415,0.183284,0.258145,0.085964
AATGTGCCCGAGGTGT-1,0.184455,0.138509,0.087826,0.529871,0.040329,0.01901
AATGTGCTAATCTGAG-1,0.005256,0.47861,0.000087,0.006748,0.217872,0.291427
AATGTTAAGACCCTGA-1,0.00002,0.000041,0.000061,0.000081,0.00002,0.999777
AATGTTGTCGTGAGAC-1,0.78587,0.000012,0.093896,0.12021,0.000006,0.000006
AATTAAAGGTCGGCGT-1,0.000034,0.47454,0.223954,0.282452,0.000034,0.018986
AATTAACGGATTTCCA-1,0.365723,0.041183,0.147864,0.283945,0.005418,0.155867
AATTACGAGACCCATC-1,0.023857,0.057012,0.086539,0.768443,0.038205,0.025944
AATTACTCGTACGCTC-1,0.000047,0.65784,0.003215,0.000189,0.338661,0.000047
AATTAGCGCTGCAGCG-1,0.005187,0.265696,0.053576,0.611996,0.000021,0.063524
AATTATACCCAGCAAG-1,0.000024,0.000048,0.000071,0.000095,0.000097,0.999665
AATTCATAAGGGATCT-1,0.000122,0.861531,0.031321,0.000487,0.106417,0.000122
AATTCATTGTCATGCA-1,0.03851,0.135136,0.242243,0.351092,0.090123,0.142895
AATTCCAACTTGGTGA-1,0.000027,0.457792,0.107601,0.382584,0.045423,0.006573
AATTCCAAGCATGTAC-1,0.064015,0.039054,0.021361,0.051276,0.02315,0.801145
AATTCGATTCGAGGAT-1,0.864369,0.007799,0.010513,0.018178,0.09154,0.007601
AATTCTAGAGTTAGGC-1,0.037684,0.027716,0.173227,0.761243,0.000016,0.000115
AATTGAACGCTCTGGT-1,0.145463,0.136959,0.024617,0.692934,0.000013,0.000013
AATTGCAGCAATCGAC-1,0.087976,0.029631,0.044902,0.077756,0.004949,0.754786
AATTGCGTGGATTACA-1,0.059398,0.503227,0.000114,0.022935,0.193984,0.220342
AATTGTGGTTGCCAAA-1,0.002476,0.453414,0.000067,0.001489,0.15437,0.388185
AATTTGGGACATAGTA-1,0.000041,0.082914,0.858089,0.058873,0.000041,0.000041
AATTTGGTTCCAAAGA-1,0.000045,0.551541,0.238781,0.209544,0.000045,0.000045
ACAAACCATGCGTCCT-1,0.135473,0.319986,0.169638,0.238496,0.093869,0.042538
ACAAACCGACAAGGCG-1,0.000027,0.469804,0.285949,0.244165,0.000027,0.000027
ACAAACTCCATCAGAG-1,0.000054,0.049855,0.000163,0.000218,0.021259,0.928451
ACAAAGAAGGTAGGCC-1,0.006614,0.07512,0.451593,0.466658,0.000008,0.000008
ACAAAGCATGACCTAG-1,0.459953,0.214761,0.061001,0.140499,0.041205,0.082582
ACAAATCGCACCGAAT-1,0.000022,0.487536,0.011296,0.427247,0.000022,0.073878
ACAAATGGTAGTGTTT-1,0.016716,0.08856,0.194079,0.679942,0.020689,0.000014
ACAAATTCAGATCTGA-1,0.005283,0.28233,0.699183,0.013131,0.000037,0.000037
ACAACAGCATGAGCTA-1,0.008313,0.058121,0.731635,0.166831,0.035079,0.000022
ACAACGGTCCCTGCGA-1,0.050515,0.051158,0.84297,0.021671,0.033656,0.000029
ACAAGCAGTGCCTAGC-1,0.000108,0.728921,0.000323,0.000431,0.270108,0.000108
ACAAGCTATATGGAAG-1,0.00002,0.305482,0.513781,0.098707,0.08199,0.00002
ACAAGGAAATCCGCCC-1,0.020409,0.061226,0.121229,0.780864,0.006165,0.010107
ACAAGGACAAGAGGTT-1,0.000089,0.62825,0.095225,0.000356,0.27599,0.000089
ACAAGGATGCTTTAGG-1,0.205263,0.242463,0.108309,0.179927,0.154368,0.109671
ACAAGGCCTACCAGCC-1,0.00308,0.134157,0.525411,0.289275,0.048056,0.000023
ACAAGGGCAGGCTCTG-1,0.03527,0.006096,0.256864,0.671211,0.000005,0.030555
ACAAGTAATTGTAAGG-1,0.000019,0.000038,0.000056,0.000075,0.081362,0.91845
ACAATAGTCGTACGTT-1,0.011511,0.084644,0.342214,0.501339,0.060283,0.00001
ACAATCCATTTAAACC-1,0.096603,0.008594,0.782509,0.091931,0.020351,0.000013
ACAATCGATCTTTATA-1,0.001034,0.005992,0.553624,0.439321,0.000014,0.000014
ACAATGAATACGGAGA-1,0.013123,0.433256,0.040579,0.389884,0.082938,0.04022
ACAATGATTCTTCTAC-1,0.000052,0.402472,0.595644,0.001727,0.000052,0.000052
ACAATTGTGTCTCTTT-1,0.004103,0.488979,0.049061,0.217517,0.240313,0.000027
ACAATTTAGGAGGCTC-1,0.000087,0.613832,0.000261,0.000348,0.365322,0.02015
ACAATTTGAGCAGTGG-1,0.016169,0.302749,0.59859,0.023985,0.058476,0.000031
ACAATTTGGCCATATT-1,0.008699,0.247619,0.112507,0.57737,0.034507,0.019298
ACACAAAGACGGGTGG-1,0.010955,0.721402,0.008561,0.000313,0.23024,0.028527
ACACAAATATTCCTAG-1,0.000063,0.768043,0.128506,0.000251,0.103074,0.000063
ACACACCAGGACCAGT-1,0.023526,0.012908,0.310019,0.643286,0.010257,0.000005
ACACACTTTCTACACG-1,0.000051,0.50262,0.2803,0.159866,0.057111,0.000051
ACACATGATCAAATCT-1,0.029093,0.26177,0.276336,0.354613,0.029764,0.048424
ACACATTGACGCAACA-1,0.003786,0.460364,0.089222,0.2627,0.155177,0.028751
ACACATTTCCGTAGAC-1,0.000046,0.000091,0.000137,0.000182,0.000046,0.999498
ACACCACATAATTAGC-1,0.000023,0.414105,0.258572,0.327253,0.000023,0.000023
ACACCCAGCATGCAGC-1,0.000096,0.579791,0.000289,0.000386,0.419341,0.000096
ACACCCGAGAAATCCG-1,0.000801,0.257266,0.574343,0.167535,0.000028,0.000028
ACACCCGTAAATCTGT-1,0.000053,0.128389,0.801165,0.053819,0.016554,0.000019
ACACCGAGCGCTCTTT-1,0.000024,0.332374,0.184937,0.350644,0.104294,0.027728
ACACCGGTCTGACCGC-1,0.037699,0.17777,0.143026,0.18992,0.154422,0.297162
ACACCTTAAGTAGGGC-1,0.000079,0.354417,0.000236,0.000314,0.644876,0.000079
ACACCTTACTACTTGC-1,0.037912,0.258339,0.086068,0.600555,0.000026,0.017099
ACACGAGACTCCTTCT-1,0.00004,0.217476,0.683771,0.098634,0.00004,0.00004
ACACGGCACTATGCAT-1,0.000028,0.139946,0.489807,0.370163,0.000028,0.000028
ACACGGGAACTTAGGG-1,0.000086,0.820904,0.134947,0.000346,0.04363,0.000086
ACACGTAGGCCACAAG-1,0.055432,0.394511,0.209757,0.264018,0.036137,0.040145
ACACTCCAATGTCACT-1,0.000031,0.231679,0.392893,0.333455,0.041912,0.000031
ACACTGATCAAGGTGT-1,0.004612,0.342428,0.069644,0.516635,0.053066,0.013616
ACACTGGGACAGTCGT-1,0.068251,0.230736,0.262949,0.268177,0.048192,0.121694
ACAGAACTGAGAACAA-1,0.077778,0.010903,0.29617,0.615138,0.000006,0.000006
ACAGATTAGGTTAGTG-1,0.000075,0.564963,0.064128,0.370685,0.000075,0.000075
ACAGCATAGAGCCAGT-1,0.010896,0.473201,0.221201,0.148439,0.11969,0.026575
ACAGCGACATTCTCAT-1,0.000023,0.388677,0.002961,0.094653,0.464256,0.04943
ACAGCGCACCCGCAGC-1,0.000046,0.636865,0.241604,0.121392,0.000046,0.000046
ACAGGAGGCGCAGCCG-1,0.000014,0.193262,0.157111,0.64901,0.000014,0.000588
ACAGGCACGGATCCTT-1,0.092342,0.059588,0.004002,0.005872,0.341788,0.496408
ACAGGCTTGCCCGACT-1,0.19632,0.025752,0.433433,0.344471,0.000012,0.000012
ACAGGTGGAGGTGAGG-1,0.06424,0.131101,0.084566,0.713171,0.003142,0.00378
ACAGGTGTGTTGTTGC-1,0.000017,0.27994,0.111745,0.450189,0.158092,0.000017
ACAGTAATACAACTTG-1,0.051014,0.316079,0.173749,0.335845,0.123299,0.000014
ACAGTATACCGTGGGA-1,0.000101,0.870558,0.075678,0.000404,0.053158,0.000101
ACAGTGCAGCGCATTT-1,0.000032,0.469102,0.471591,0.059212,0.000032,0.000032
ACATAAGTCGTGGTGA-1,0.133697,0.047839,0.40244,0.397664,0.004087,0.014273
ACATAATAAGGCGGTG-1,0.000078,0.647404,0.250778,0.000314,0.101347,0.000078
ACATACAATCAAGCGG-1,0.030269,0.06914,0.124043,0.108304,0.075202,0.593043
ACATCAGCTGGGACGC-1,0.000046,0.56171,0.191523,0.129633,0.117042,0.000046
ACATCCCGGCCATACG-1,0.007103,0.410687,0.073984,0.45425,0.033081,0.020895
ACATCCTGGTAACTGT-1,0.004573,0.168126,0.070314,0.647579,0.109392,0.000016
ACATCGATCGTTTACC-1,0.01062,0.548359,0.089124,0.351866,0.000016,0.000016
ACATCGCAATATTCGG-1,0.000034,0.000068,0.000101,0.000135,0.675749,0.323913
ACATCGGTCAGCCGCG-1,0.000026,0.332964,0.225084,0.41686,0.000026,0.025041
ACATCGTATGCAATGG-1,0.008851,0.003531,0.290635,0.696965,0.000009,0.000009
ACATCGTTAACCTAGT-1,0.000043,0.321006,0.33752,0.251217,0.09017,0.000043
ACATCTCAACGCGTAA-1,0.00002,0.104059,0.5924,0.30348,0.00002,0.00002
ACATGCTTACGGCAGC-1,0.000031,0.017591,0.000092,0.000123,0.140471,0.841692
ACATGGCGCCAAAGTA-1,0.019549,0.27836,0.166642,0.506523,0.009776,0.01915
ACATGGCTCAATTTAG-1,0.000054,0.746306,0.054812,0.17805,0.000054,0.020724
ACATTAGTTTATATCC-1,0.050758,0.056927,0.044432,0.782993,0.042091,0.022799
ACATTCGCGCGGAATA-1,0.000015,0.00003,0.000045,0.000061,0.000015,0.999833
ACATTTGAAACCTAAC-1,0.033233,0.000052,0.000047,0.000063,0.000016,0.966589
ACCAAACACCCAGCGA-1,0.000045,0.619035,0.065517,0.051616,0.263742,0.000045
ACCAAACTAGAAATCC-1,0.000024,0.272781,0.195844,0.531304,0.000024,0.000024
ACCAACACCACACACT-1,0.00008,0.561309,0.227845,0.063501,0.147185,0.00008
ACCAACCGCACTCCAC-1,0.039626,0.017107,0.011038,0.028392,0.088898,0.814939
ACCAACGCTTATTTAT-1,0.016832,0.607485,0.003017,0.332233,0.024741,0.015691
ACCAAGAACGCGTGTC-1,0.000035,0.405003,0.479389,0.115503,0.000035,0.000035
ACCAAGTCATCGGCAG-1,0.403337,0.054351,0.026531,0.046867,0.179283,0.289632
ACCAATATGCAAGTTA-1,0.1787,0.04284,0.149472,0.521734,0.081677,0.025577
ACCACAACTCAGAACA-1,0.000044,0.598834,0.338829,0.062207,0.000044,0.000044
ACCACAAGTTTCTATC-1,0.000066,0.323072,0.380783,0.00804,0.287974,0.000066
ACCACACGGTTGATGG-1,0.000025,0.00005,0.000076,0.000101,0.093664,0.906085
ACCACCAATGTAACAA-1,0.005918,0.198842,0.195053,0.56168,0.030979,0.007528
ACCACCCTCTCTTCTA-1,0.028717,0.402439,0.500833,0.022819,0.045138,0.000054
ACCACGTGCAGCTATA-1,0.006484,0.456967,0.016428,0.466519,0.003144,0.050459
ACCACTGTTCAAGAAG-1,0.013902,0.099774,0.348775,0.484999,0.000015,0.052535
ACCAGACCATAACAAC-1,0.009351,0.080216,0.772187,0.099626,0.038605,0.000015
ACCAGCCCGGTCTTTG-1,0.0147,0.450007,0.366848,0.168341,0.000052,0.000052
ACCAGGAGTGTGATCT-1,0.000029,0.218874,0.233722,0.547317,0.000029,0.000029
ACCAGTGCCCGGTCAA-1,0.000033,0.258761,0.640001,0.101138,0.000033,0.000033
ACCAGTGCGGGAGACG-1,0.006434,0.190894,0.200903,0.569453,0.000018,0.032298
ACCATATCCGCAATAA-1,0.000041,0.615015,0.128549,0.256314,0.000041,0.000041
ACCATCCGCCAACTAG-1,0.012352,0.298707,0.269274,0.35675,0.054553,0.008364
ACCATCGTATATGGTA-1,0.015821,0.492367,0.116395,0.361838,0.002135,0.011445
ACCATTAAGGGTGTCA-1,0.001345,0.538452,0.14865,0.292737,0.018793,0.000024
ACCCAACGCCCGTGGC-1,0.000028,0.220932,0.542162,0.236821,0.000028,0.000028
ACCCACCTACATGCTC-1,0.029577,0.536302,0.419639,0.002643,0.011789,0.00005
ACCCATCTTGAGGGTA-1,0.017236,0.601685,0.285987,0.09498,0.000056,0.000056
ACCCATTTGTCCCTCT-1,0.000026,0.663751,0.006968,0.097364,0.150257,0.081634
ACCCGAGCGAAATTAC-1,0.063963,0.275774,0.139661,0.433352,0.0728,0.01445
ACCCGATTGGTTCCGA-1,0.004825,0.049938,0.000725,0.065175,0.000904,0.878433
ACCCGGAAACTCCCAG-1,0.031714,0.200761,0.162995,0.193204,0.285696,0.12563
ACCCGGAGCACCACAA-1,0.043118,0.480547,0.147818,0.197478,0.029303,0.101736
ACCCGGATGACGCATC-1,0.00004,0.569163,0.005979,0.424739,0.00004,0.00004
ACCCGGTTACACTTCC-1,0.017685,0.189163,0.30092,0.451766,0.013297,0.02717
ACCCGTAGCAGAGAAT-1,0.000024,0.000049,0.000073,0.000098,0.000024,0.999732
ACCCGTAGTCTAGTTG-1,0.338741,0.132939,0.125528,0.149225,0.080699,0.172869
ACCCGTGTCATCAGTA-1,0.182084,0.113085,0.077814,0.39288,0.000398,0.23374
ACCCTATAGGACTGAG-1,0.000039,0.392951,0.240237,0.366694,0.000039,0.000039
ACCCTATGCCATATCG-1,0.105914,0.094793,0.208396,0.421319,0.091019,0.078559
ACCCTCCCGTCAGGGC-1,0.200589,0.010963,0.162108,0.101112,0.066004,0.459224
ACCCTCCCTTGCTATT-1,0.04457,0.133455,0.049062,0.691174,0.077424,0.004315
ACCCTGGTAACGCCCT-1,0.000055,0.641307,0.034046,0.223035,0.101501,0.000055
ACCCTTCATCTGCGAA-1,0.016789,0.003814,0.81562,0.130382,0.03337,0.000025
ACCCTTGCCTGGGTCG-1,0.000055,0.431536,0.000165,0.00022,0.56797,0.000055
ACCCTTTAGTTCTCCA-1,0.00009,0.553771,0.333129,0.112832,0.00009,0.00009
ACCGAAAGGGCCCTGC-1,0.000026,0.397016,0.182744,0.28424,0.000026,0.135948
ACCGAAGAGTCTGGTT-1,0.061609,0.191042,0.076317,0.592821,0.009027,0.069184
ACCGACACATCTCCCA-1,0.466191,0.065117,0.13641,0.302991,0.028361,0.00093
ACCGACTGAGTCCCAC-1,0.000091,0.682568,0.172063,0.000366,0.144821,0.000091
ACCGAGTCTCCTTATT-1,0.000028,0.056869,0.00394,0.000112,0.03567,0.903382
ACCGATAGGCATAACC-1,0.070314,0.493385,0.096437,0.213443,0.080902,0.045519
ACCGATATTTAATCAT-1,0.036699,0.043906,0.302963,0.338816,0.277608,0.000008
ACCGATGGTAGCATCG-1,0.000019,0.153014,0.232057,0.610746,0.000019,0.004145
ACCGCAATAACTGCCT-1,0.435624,0.05372,0.097305,0.398009,0.001452,0.01389
ACCGCGGTGGAAGTCG-1,0.000285,0.538319,0.027077,0.309217,0.000872,0.124231
ACCGCTAGTCATTGGT-1,0.000019,0.000037,0.000056,0.000075,0.000714,0.999099
ACCGGGCCTTTGTTGA-1,0.003876,0.20597,0.129131,0.660994,0.000015,0.000015
ACCGGTCAGGTACACC-1,0.16557,0.087336,0.193576,0.389654,0.082437,0.081426
ACCGGTCTGAGTACGG-1,0.021343,0.181595,0.497437,0.295123,0.004476,0.000026
ACCGTCCACTGGGCCC-1,0.408719,0.081423,0.237752,0.144789,0.105447,0.02187
ACCGTGACCACGTGGG-1,0.122993,0.197055,0.268792,0.320405,0.011659,0.079095
ACCGTTCCCGCTCTGA-1,0.000024,0.138451,0.314,0.537054,0.010447,0.000024
ACCTAAGTACCTTTCA-1,0.120652,0.040014,0.095722,0.743597,0.000007,0.000007
ACCTAATCGACTTCCT-1,0.000082,0.536804,0.411048,0.041961,0.010022,0.000082
ACCTACAGTATGTGGT-1,0.026634,0.107879,0.104672,0.756661,0.000015,0.004139
ACCTACTATAAATCTA-1,0.00583,0.042144,0.002768,0.000094,0.127401,0.821762
ACCTCAGCGAGGCGCA-1,0.000021,0.0458,0.000064,0.000703,0.014651,0.93876
ACCTCCGCCCTCGCTG-1,0.451308,0.088817,0.079387,0.336232,0.028751,0.015505
ACCTCCGTTATTCACC-1,0.000026,0.213486,0.265248,0.521187,0.000026,0.000026
ACCTCGAACTTATGCT-1,0.029308,0.307906,0.084868,0.172392,0.079673,0.325853
ACCTGCGTGTCATGTT-1,0.00607,0.146805,0.307521,0.524455,0.00196,0.013189
ACCTTTCCTTTAGAAG-1,0.000333,0.043555,0.376442,0.579626,0.000022,0.000022
ACGAAATGGGCGGCAC-1,0.000062,0.633295,0.19975,0.000249,0.166582,0.000062
ACGACCCATGAGTTGC-1,0.053696,0.297361,0.304787,0.288142,0.030286,0.025728
ACGACTCTAGGGCCGA-1,0.002553,0.003946,0.009433,0.049987,0.264535,0.669545
ACGACTGGTCATACTC-1,0.007698,0.501785,0.080653,0.228502,0.108565,0.072797
ACGAGAACCCATCACG-1,0.000032,0.474027,0.174684,0.351194,0.000032,0.000032
ACGAGATATTTGCTTA-1,0.005154,0.107662,0.70342,0.183694,0.000035,0.000035
ACGAGGATACCACTCT-1,0.121947,0.026508,0.125206,0.698172,0.023912,0.004255
ACGAGGTTTACAACGT-1,0.02525,0.125837,0.038009,0.654259,0.141466,0.01518
ACGAGTACGGATGCCC-1,0.001873,0.015707,0.763429,0.218962,0.000015,0.000015
ACGAGTCGCCGGCGTT-1,0.000015,0.217605,0.164512,0.617838,0.000015,0.000015
ACGATACATAGAACTA-1,0.00012,0.745423,0.138171,0.00048,0.115686,0.00012
ACGATACCTATCCTGA-1,0.000036,0.683856,0.033168,0.024222,0.258681,0.000036
ACGATCATACATAGAG-1,0.000133,0.763647,0.227889,0.008063,0.000133,0.000133
ACGATCATCTTGTAAA-1,0.06586,0.022869,0.317781,0.508706,0.084314,0.000469
ACGATGCATATGTTAT-1,0.000039,0.541519,0.318462,0.12127,0.01867,0.000039
ACGATGGATCCGATGC-1,0.000047,0.382952,0.238924,0.225222,0.152809,0.000047
ACGCAAACTAATAGAT-1,0.089132,0.399989,0.085339,0.176542,0.139256,0.109743
ACGCAATCACTACAGC-1,0.000641,0.101503,0.88696,0.010839,0.000028,0.000028
ACGCATAAATGACATG-1,0.000025,0.122054,0.568779,0.309093,0.000025,0.000025
ACGCATACGTTTACTA-1,0.116407,0.095669,0.373153,0.349434,0.038493,0.026843
ACGCATTCGTGAGTAC-1,0.005407,0.046566,0.600944,0.311464,0.000025,0.035595
ACGCCACTCGAAACAG-1,0.00002,0.00004,0.00006,0.00008,0.00002,0.99978
ACGCCAGATGATTTCT-1,0.00008,0.231421,0.720522,0.047895,0.000041,0.000041
ACGCCAGTGCGTTTGC-1,0.00002,0.00004,0.00006,0.000079,0.000315,0.999487
ACGCCCAGCTGTCGAT-1,0.000049,0.468099,0.2261,0.292992,0.012711,0.000049
ACGCCGCTAGACGACC-1,0.006494,0.232563,0.083606,0.596632,0.000024,0.08068
ACGCCTGACACGCGCT-1,0.000123,0.277177,0.156537,0.530863,0.001951,0.03335
ACGCGAAGTCAGACGA-1,0.000028,0.551915,0.008294,0.428827,0.000028,0.010909
ACGCGCTACACAGGGT-1,0.000019,0.38713,0.290765,0.287341,0.000019,0.034726
ACGCGGGCCAAGGACA-1,0.000028,0.264055,0.654403,0.03177,0.049716,0.000028
ACGCGTTTCTTAAGAG-1,0.00005,0.473303,0.000151,0.000201,0.526246,0.00005
ACGCTACTGAATGGGC-1,0.012182,0.087379,0.000089,0.00158,0.10345,0.79532
ACGCTAGTATCAGTGC-1,0.012046,0.006627,0.935479,0.045817,0.000016,0.000016
ACGCTAGTGATACACT-1,0.005137,0.317603,0.637621,0.039555,0.000042,0.000042
ACGCTGTGAGGCGTAG-1,0.000021,0.229521,0.486662,0.26041,0.016759,0.006627
ACGCTTAGTGTCTCTC-1,0.000066,0.78686,0.008023,0.002417,0.202568,0.000066
ACGGAACACGAGTGCC-1,0.128305,0.098479,0.110804,0.298992,0.183562,0.179858
ACGGAATTTAGCAAAT-1,0.000032,0.452444,0.363101,0.184361,0.000032,0.000032
ACGGACGCAGCGACAA-1,0.001528,0.173701,0.000122,0.000162,0.12846,0.696028
ACGGACTCTCAAAGCG-1,0.422682,0.172252,0.065396,0.175871,0.010429,0.153371
ACGGAGCGCAAATTAC-1,0.000052,0.486885,0.078171,0.047019,0.38782,0.000052
ACGGATGGTGCGGATA-1,0.009727,0.508564,0.171137,0.273634,0.008232,0.028706
ACGGCACTTGCTTGGG-1,0.003268,0.376745,0.027438,0.450932,0.141362,0.000254
ACGGCCAACATGGACT-1,0.096052,0.116125,0.177666,0.530707,0.069655,0.009795
ACGGCGACGATGGGAA-1,0.041921,0.244719,0.172012,0.529285,0.01027,0.001792
ACGGCGGGTTGCCCTG-1,0.00005,0.805567,0.03633,0.157953,0.00005,0.00005
ACGGCTGGATGTAGAA-1,0.060162,0.284961,0.168822,0.393165,0.063916,0.028975
ACGGGAGTGTCGGCCC-1,0.02253,0.00237,0.173481,0.708928,0.01001,0.082682
ACGGGCGTATGCGACA-1,0.001464,0.240635,0.706124,0.037185,0.014566,0.000026
ACGGGTCATGTGACTT-1,0.000035,0.402424,0.450983,0.145375,0.000035,0.001147
ACGGGTTGTGACCTGT-1,0.000021,0.030609,0.000064,0.023979,0.14837,0.796957
ACGGTACAGTTCAATG-1,0.000028,0.05529,0.000085,0.000113,0.000028,0.944455
ACGGTCACCGAGAACA-1,0.015187,0.132357,0.000062,0.018432,0.32414,0.509822
ACGTACAGATTTCTCT-1,0.000062,0.358615,0.349462,0.291737,0.000062,0.000062
ACGTACTTTGGCACGG-1,0.000029,0.016521,0.000087,0.000243,0.42384,0.559281
ACGTAGATTGCTGATG-1,0.000022,0.053327,0.757959,0.188649,0.000022,0.000022
ACGTAGGAGAGTCGCT-1,0.000032,0.03484,0.000097,0.000129,0.246072,0.71883
ACGTATTACTCCGATC-1,0.008083,0.107702,0.149491,0.710217,0.000021,0.024486
ACGTCCTAAACGAGAT-1,0.007138,0.246,0.328436,0.418379,0.000024,0.000024
ACGTCGGGCAACTCGG-1,0.54429,0.001935,0.078255,0.348313,0.001833,0.025374
ACGTCTCGTTCCGGGA-1,0.015011,0.193884,0.416982,0.364597,0.009512,0.000013
ACGTGACAAAGTAAGT-1,0.018906,0.196709,0.197291,0.540886,0.017899,0.028308
ACGTGCGCCTCGTGCA-1,0.000035,0.251152,0.540853,0.133667,0.074257,0.000035
ACGTGGTCGAATGTGC-1,0.022464,0.243532,0.631562,0.102387,0.000028,0.000028
ACGTTAATGTCGAAGA-1,0.000045,0.397836,0.007863,0.535499,0.048925,0.009832
ACGTTAGATTTGCCCG-1,0.000071,0.834768,0.090187,0.052059,0.000071,0.022844
ACGTTATTGGTCACTC-1,0.000046,0.665959,0.233206,0.051773,0.048972,0.000046
ACGTTCACTATGCCGC-1,0.109219,0.005638,0.260965,0.026222,0.307466,0.290489
ACGTTCCGCGCTCCGT-1,0.0255,0.197251,0.347705,0.394218,0.016956,0.01837
ACGTTCGCAATCAATT-1,0.000022,0.376658,0.169107,0.441651,0.000022,0.01254
ACGTTCGTTCAGGAAA-1,0.132746,0.298276,0.091211,0.355907,0.035411,0.086448
ACGTTCTGTACAAGTC-1,0.050703,0.21015,0.040927,0.038628,0.45901,0.200583
ACGTTGTCGTTGAAAG-1,0.045344,0.00199,0.000174,0.117255,0.141554,0.693683
ACGTTTAGTTGTGATC-1,0.000066,0.274732,0.627595,0.097474,0.000066,0.000066
ACGTTTCGGTGCACTT-1,0.000027,0.097704,0.00008,0.000107,0.083117,0.818965
ACTAAGGACGCACACC-1,0.013027,0.17244,0.705883,0.078764,0.029864,0.000022
ACTAATACGTCAGGCG-1,0.008329,0.000042,0.97471,0.016877,0.000021,0.000021
ACTACAAAGAGAGGTG-1,0.017047,0.113224,0.00075,0.018201,0.239257,0.611522
ACTACATCCCGACAAG-1,0.458991,0.007372,0.265259,0.247785,0.001013,0.01958
ACTACCAGCTCTCTGG-1,0.000119,0.712412,0.006552,0.000478,0.280319,0.000119
ACTACCATCCGAGGGC-1,0.000026,0.002018,0.000077,0.000102,0.102418,0.89536
ACTACGCGTTAGAATT-1,0.297651,0.213095,0.181407,0.228527,0.020371,0.05895
ACTAGTTGCGATCGTC-1,0.043337,0.341592,0.160703,0.396774,0.000023,0.057571
ACTATATGCTGTGTTC-1,0.000065,0.452998,0.546546,0.000261,0.000065,0.000065
ACTATCCAGGGCATGG-1,0.00495,0.171621,0.062073,0.660716,0.000022,0.100619
ACTATCGCCGGCTAAA-1,0.001572,0.173261,0.109785,0.715359,0.000012,0.000012
ACTATCTGCCCGCGTA-1,0.022694,0.206875,0.255001,0.507208,0.007708,0.000515
ACTATGTCCAGCTGCC-1,0.015679,0.295739,0.069961,0.15266,0.456908,0.009053
ACTATTCGTCCGTGGT-1,0.001289,0.014893,0.744216,0.239563,0.000019,0.000019
ACTATTTCCGGGCCCA-1,0.228104,0.061537,0.223391,0.446052,0.006406,0.03451
ACTCAACGAATGTATT-1,0.000044,0.546339,0.156026,0.275815,0.018183,0.003592
ACTCAAGTGCAAGGCT-1,0.065083,0.165158,0.07238,0.216218,0.170417,0.310743
ACTCAATAAAGGCACG-1,0.000099,0.407459,0.155638,0.000395,0.43631,0.000099
ACTCAGACCTGCTTCT-1,0.020502,0.549259,0.193306,0.217078,0.000058,0.019797
ACTCATGGCAGCCTTC-1,0.207191,0.006674,0.212554,0.198444,0.005158,0.369979
