Barcode,Topic 1,Topic 2,Topic 3to5,Topic 6to9
AAACAAGTATCTCCCA-1,0.191589,0.400094,0.206908,0.20141
AAACACCAATAACTGC-1,0.005976,0.290942,0.064752,0.638329
AAACAGAGCGACTCCT-1,0.05539,0.093769,0.59222,0.25862
AAACAGCTTTCAGAAG-1,0.000036,0.054611,0.280495,0.664858
AAACAGGGTCTATATT-1,0.000031,0.047738,0.31439,0.637841
AAACATGGTGAGAGGA-1,0.000021,0.271622,0.258055,0.470301
AAACATTTCCCGGATT-1,0.027268,0.360804,0.121969,0.489959
AAACCACTACACAGAT-1,0.036397,0.000026,0.027137,0.93644
AAACCCGAACGAAATC-1,0.512353,0.032559,0.158222,0.296867
AAACCGGGTAGGTACC-1,0.033696,0.965323,0.000421,0.000561
AAACCGTTCGTCCAGG-1,0.026762,0.972597,0.000275,0.000366
AAACCTAAGCAGCCGG-1,0.000053,0.292761,0.159758,0.547428
AAACCTCATGAAGTTG-1,0.000073,0.105451,0.488147,0.406329
AAACGAAGAACATACC-1,0.031764,0.209782,0.34852,0.409934
AAACGAAGATGGAGTA-1,0.016524,0.103016,0.469332,0.411128
AAACGACAGTCTTGCC-1,0.000044,0.191124,0.203439,0.605393
AAACGAGACGGTTGAT-1,0.092504,0.366569,0.521721,0.019206
AAACGCCCGAGATCGG-1,0.002427,0.005822,0.038707,0.953044
AAACGCTGGGCACGAC-1,0.999334,0.000083,0.00025,0.000333
AAACGGGCGTACGGGT-1,0.115912,0.006933,0.054964,0.822191
AAACGGTTGCGAACTG-1,0.000047,0.245629,0.257787,0.496537
AAACGTGTTCGCCCTA-1,0.000078,0.22966,0.137903,0.632358
AAACTAACGTGGCGAC-1,0.000069,0.248796,0.245553,0.505581
AAACTCGGTTCGCAAT-1,0.000034,0.056151,0.224805,0.71901
AAACTCGTGATATAAG-1,0.174163,0.128808,0.113229,0.5838
AAACTGCTGGCTCCAA-1,0.015521,0.230757,0.430968,0.322754
AAACTTAATTGCACGC-1,0.000016,0.00855,0.139656,0.851778
AAACTTGCAAACGTAT-1,0.000021,0.000021,0.429402,0.570556
AAAGAATGACCTTAGA-1,0.000026,0.285709,0.228654,0.485611
AAAGAATGTGGACTAA-1,0.052714,0.061741,0.00013,0.885415
AAAGACATGAAGTTTA-1,0.015334,0.000024,0.10113,0.883511
AAAGACTGGGCGCTTT-1,0.000046,0.001433,0.685141,0.31338
AAAGCTTGCCTACATA-1,0.091431,0.000022,0.008381,0.900167
AAAGGCCCTATAATAC-1,0.007091,0.184453,0.224031,0.584425
AAAGGCTACGGACCAT-1,0.000096,0.342278,0.165198,0.492428
AAAGGCTCTCGCGCCG-1,0.004304,0.050287,0.489215,0.456193
AAAGGGATGTAGCAAG-1,0.000043,0.049755,0.810999,0.139204
AAAGGTAAGCTGTACC-1,0.018499,0.276029,0.36945,0.336021
AAAGGTCAACGACATG-1,0.000034,0.023372,0.081544,0.895051
AAAGTAGCATTGCTCA-1,0.015333,0.460976,0.439704,0.083988
AAAGTCACTGATGTAA-1,0.119357,0.491076,0.360618,0.028948
AAAGTCGACCCTCAGT-1,0.00008,0.438077,0.491091,0.070753
AAAGTGCCATCAATTA-1,0.999483,0.000065,0.000194,0.000258
AAAGTGTGATTTATCT-1,0.063309,0.749921,0.186476,0.000294
AAAGTTGACTCCCGTA-1,0.237988,0.17618,0.340533,0.245299
AAATAACCATACGGGA-1,0.015799,0.043963,0.521472,0.418766
AAATAAGGTAGTGCCC-1,0.17681,0.352096,0.379277,0.091817
AAATACCTATAAGCAT-1,0.045482,0.079089,0.648907,0.226522
AAATAGCTTAGACTTT-1,0.275693,0.183432,0.486394,0.054481
AAATAGGGTGCTATTG-1,0.000051,0.231862,0.447154,0.320933
AAATCACTCCTAAACG-1,0.000028,0.022242,0.000083,0.977647
AAATCCGATACACGCC-1,0.007614,0.316979,0.034397,0.64101
AAATCGCGGAAGGAGT-1,0.033444,0.147004,0.680905,0.138647
AAATCGTGTACCACAA-1,0.000033,0.037316,0.64026,0.322392
AAATCTAGCCCTGCTA-1,0.311702,0.124693,0.364403,0.199202
AAATCTGCCCGCGTCC-1,0.034688,0.140215,0.609079,0.216018
AAATGACTGATCAAAC-1,0.000007,0.014376,0.094156,0.891461
AAATGATTCGATCAGC-1,0.051358,0.439625,0.382414,0.126603
AAATGGCATGTCTTGT-1,0.000038,0.148174,0.593656,0.258132
AAATGGCCCGTGCCCT-1,0.007795,0.167443,0.398132,0.42663
AAATGGTCAATGTGCC-1,0.000096,0.110709,0.716136,0.173058
AAATGTATCTTATCCC-1,0.035243,0.243943,0.380428,0.340385
AAATTAACGGGTAGCT-1,0.000052,0.012203,0.76531,0.222435
AAATTAATAAGCGCGA-1,0.014843,0.00002,0.296575,0.688563
AAATTACACGACTCTG-1,0.205563,0.381704,0.385945,0.026789
AAATTACCTATCGATG-1,0.077042,0.068029,0.400259,0.45467
AAATTCCAGGTCCAAA-1,0.188173,0.524108,0.273528,0.014191
AAATTGATAGTCCTTT-1,0.000142,0.998867,0.000425,0.000567
AAATTGGTGAGAAGCA-1,0.119196,0.03174,0.142751,0.706313
AAATTTACCGAAATCC-1,0.000066,0.20175,0.371264,0.426919
AACAACTGGTAGTTGC-1,0.028184,0.295959,0.670312,0.005544
AACAATACATTGTCGA-1,0.128903,0.791149,0.000436,0.079512
AACACACGCTCGCCGC-1,0.051396,0.152859,0.348075,0.44767
AACACGACTGTACTGA-1,0.000066,0.247544,0.663108,0.089282
AACACGAGACGCGGCC-1,0.00004,0.196202,0.560353,0.243406
AACAGCTGTGTGGCAA-1,0.270828,0.252363,0.247437,0.229372
AACAGGAAATCGAATA-1,0.000042,0.107545,0.684322,0.208091
AACAGGATGGGCCGCG-1,0.054684,0.168473,0.770188,0.006656
AACAGGTAGTATGGAT-1,0.507721,0.421549,0.070317,0.000414
AACATAGCGTGTATCG-1,0.011558,0.274533,0.431461,0.282448
AACATATCAACTGGTG-1,0.000029,0.010832,0.581363,0.407776
AACATCGATACGTCTA-1,0.05037,0.000016,0.100713,0.848901
AACATTGAAGTTGATC-1,0.009056,0.139246,0.268584,0.583114
AACATTGTGACTCGAG-1,0.01118,0.120086,0.116819,0.751915
AACCAAGACTTCTCTG-1,0.033913,0.954754,0.000308,0.011026
AACCAGTATCACTCTT-1,0.000076,0.354275,0.235762,0.409888
AACCATAGGGTTGAAC-1,0.000025,0.150401,0.311119,0.538456
AACCCATCCCATGATC-1,0.026558,0.07833,0.180519,0.714593
AACCCGAGCAGAATCG-1,0.593712,0.278128,0.002996,0.125165
AACCCGATAGGGCTTC-1,0.000053,0.118631,0.00016,0.881156
AACCCGCTGTATTCCA-1,0.016652,0.043061,0.220767,0.71952
AACCCTACTGTCAATA-1,0.042964,0.04838,0.505214,0.403442
AACCCTGGTGGAACCA-1,0.000026,0.013392,0.576925,0.409657
AACCGAGCTTGGTCAT-1,0.001149,0.112629,0.611471,0.27475
AACCGCTAAGGGATGC-1,0.112813,0.000033,0.33465,0.552504
AACCGTTGTGTTTGCT-1,0.077693,0.729762,0.19191,0.000634
AACCTAAAGCCGTCCG-1,0.000351,0.007094,0.301315,0.69124
AACCTCGCTTTAGCCC-1,0.000055,0.192707,0.665123,0.142114
AACCTGTCACGGAATT-1,0.127207,0.303346,0.446349,0.123098
AACCTTTAAATACGGT-1,0.03019,0.476255,0.26752,0.226035
AACCTTTACGACGTCT-1,0.033228,0.000036,0.635776,0.330959
AACGAAAGTCGTCCCA-1,0.009097,0.015492,0.150473,0.824938
AACGACCTCCTAGCCG-1,0.99968,0.00004,0.00012,0.00016
AACGATAATGCCGTAG-1,0.018413,0.16473,0.661106,0.155752
AACGATAGAAGGGCCG-1,0.000039,0.061527,0.652567,0.285866
AACGATATGTCAACTG-1,0.019391,0.018792,0.735451,0.226366
AACGCATGATCTGGGT-1,0.000072,0.269047,0.551081,0.1798
AACGCGACCTTGGGCG-1,0.000017,0.000017,0.437261,0.562705
AACGCGGTCTCCAGCC-1,0.00007,0.426526,0.492176,0.081229
AACGCTGTTGCTGAAA-1,0.000086,0.32568,0.435024,0.239211
AACGGACGTACGTATA-1,0.115338,0.215603,0.290456,0.378603
AACGGCCATCTCCGGT-1,0.028721,0.861162,0.108885,0.001232
AACGTACTGTGGGTAC-1,0.000092,0.999264,0.000276,0.000368
AACGTCAGACTAGTGG-1,0.000192,0.998461,0.000577,0.000769
AACGTCATCCGGCTTG-1,0.000016,0.218252,0.054627,0.727105
AACGTCGCTGCACTTC-1,0.054373,0.250004,0.062297,0.633327
AACGTGATGAAGGACA-1,0.000014,0.000014,0.265063,0.734909
AACGTGCGAAAGTCTC-1,0.000025,0.049948,0.868739,0.081288
AACGTTATCAGCACCT-1,0.000097,0.498718,0.500797,0.000387
AACGTTCTACCATTGT-1,0.300373,0.08317,0.496185,0.120271
AACTACCCGTTTGTCA-1,0.378683,0.411912,0.209037,0.000368
AACTAGGCTTGGGTGT-1,0.004479,0.015789,0.469359,0.510374
AACTCAAGTTAATTGC-1,0.000059,0.313685,0.519454,0.166803
AACTCCAGAGCGTGTT-1,0.048649,0.000033,0.344532,0.606786
AACTCCTAATCCCATG-1,0.019343,0.071867,0.23903,0.66976
AACTCTCAATAGAGCG-1,0.000023,0.007396,0.515392,0.477189
AACTCTCAGTGTGCTC-1,0.027199,0.272096,0.700122,0.000583
AACTGAGGTCAGCGTC-1,0.000098,0.165827,0.342157,0.491917
AACTGATATTAGGCCT-1,0.000096,0.443227,0.556292,0.000384
AACTGGGTCCCGACGT-1,0.000105,0.132587,0.749669,0.117639
AACTGGGTTCGAGCCG-1,0.014908,0.160222,0.161663,0.663206
AACTTTACGGGAGCTT-1,0.000071,0.131158,0.721558,0.147212
AACTTTCTCGATCATG-1,0.010807,0.422459,0.240318,0.326416
AAGAAAGTTTGATGGG-1,0.00003,0.241889,0.166375,0.591706
AAGAAATCACCAGATT-1,0.039095,0.150939,0.506662,0.303304
AAGACATACGTGGTTT-1,0.303227,0.563007,0.000444,0.133322
AAGACCAAATAACTCA-1,0.00394,0.062626,0.372668,0.560767
AAGACCCAACTGAACA-1,0.000053,0.302501,0.245572,0.451874
AAGACTCACGCCCACT-1,0.000018,0.000018,0.110386,0.889577
AAGACTGCAAGCTACT-1,0.036605,0.024541,0.763045,0.17581
AAGAGCTCTTTATCGG-1,0.000032,0.224809,0.687712,0.087446
AAGAGGATGTACGCGA-1,0.003564,0.995241,0.000512,0.000683
AAGAGGCATGGATCGC-1,0.056312,0.045071,0.726227,0.17239
AAGAGGCCCTTTGGAA-1,0.554186,0.000053,0.000158,0.445604
AAGATGGCACCGGACC-1,0.323114,0.201214,0.018063,0.457609
AAGATTGGCGGAACGT-1,0.062283,0.114684,0.577415,0.245619
AAGCACCCTGCGTATC-1,0.036787,0.237472,0.555525,0.170217
AAGCATACTCTCCTGA-1,0.019995,0.224328,0.548233,0.207445
AAGCCACTTGCAGGTA-1,0.003707,0.064474,0.170625,0.761194
AAGCCGAAGCGGTTTA-1,0.621314,0.330155,0.048128,0.000403
AAGCCGCCGTGAAATC-1,0.000018,0.000343,0.298081,0.701558
AAGCCGCTTTACCTTG-1,0.11048,0.001768,0.309859,0.577892
AAGCCGGAGAGCAGGA-1,0.819141,0.180191,0.000286,0.000382
AAGCGCAGGGCTTTGA-1,0.120551,0.006181,0.238604,0.634664
AAGCGGAGTGCGCGCA-1,0.003037,0.012613,0.326751,0.657598
AAGCGGCGTCATGGGT-1,0.000056,0.272883,0.265119,0.461942
AAGCGTCCCTCATCGA-1,0.051822,0.946682,0.000642,0.000855
AAGCTAGATCGAGTAA-1,0.100558,0.000026,0.652318,0.247098
AAGCTATGGATTGACC-1,0.000163,0.030082,0.000489,0.969266
AAGCTCGTGCCAAGTC-1,0.007161,0.161257,0.825829,0.005753
AAGCTCTTTCATGGTG-1,0.094707,0.001611,0.375167,0.528516
AAGGAGCGGTTGGTGC-1,0.000101,0.341859,0.657635,0.000405
AAGGATCGATCGCTTG-1,0.385608,0.327941,0.285969,0.000482
AAGGATGAGGGACCTC-1,0.039501,0.000017,0.499246,0.461236
AAGGCAGGCTGTCTCC-1,0.721956,0.047924,0.229947,0.000173
AAGGCGCGTAAAGCTT-1,0.208087,0.267613,0.52318,0.00112
AAGGCTGTGCTCATCG-1,0.000046,0.194996,0.740562,0.064396
AAGGGAACGACTGGCT-1,0.000055,0.332595,0.22244,0.44491
AAGGGACAGATTCTGT-1,0.034935,0.05444,0.596609,0.314015
AAGGGACTATGCATTC-1,0.000052,0.193884,0.437419,0.368646
AAGGGTTAGCCATGCG-1,0.676721,0.322692,0.000252,0.000335
AAGGGTTTGATTTCAG-1,0.002055,0.169209,0.329491,0.499245
AAGGTATCCTAATATA-1,0.000039,0.07985,0.766563,0.153549
AAGGTGATAAACCAGC-1,0.177971,0.183371,0.521714,0.116944
AAGTAGAAGACCGGGT-1,0.02676,0.969052,0.003729,0.000459
AAGTCAATTGTCGTCA-1,0.230857,0.012725,0.496097,0.260321
AAGTCTAGTAGCTGCC-1,0.014831,0.160548,0.647523,0.177098
AAGTCTTCTGTGGCCT-1,0.06028,0.422616,0.261306,0.255798
AAGTGACGACCGAATT-1,0.000093,0.914396,0.085141,0.000371
AAGTGAGTCGGGTTTA-1,0.000132,0.689722,0.01238,0.297766
AAGTGCAAAGGTAGAC-1,0.000417,0.45935,0.539975,0.000258
AAGTGCCTTGACTGTA-1,0.242965,0.396853,0.264272,0.095909
AAGTGCGTTAGAATCT-1,0.000173,0.673694,0.120836,0.205297
AAGTGCTTCTCTATTG-1,0.030916,0.872956,0.000294,0.095834
AAGTGTTTGGAGACGG-1,0.089377,0.064906,0.30788,0.537837
AAGTTCACTCCAAGCT-1,0.000077,0.63611,0.289083,0.07473
AAGTTCAGTCTGCGTA-1,0.001558,0.000027,0.445817,0.552598
AAGTTGTGATGTTATA-1,0.175169,0.326676,0.000614,0.497541
AAGTTTACTAATGGCA-1,0.054897,0.943643,0.000626,0.000834
AAGTTTATGGGCCCAA-1,0.00003,0.082447,0.334835,0.582688
AATAACAACGCTCGGC-1,0.042688,0.36841,0.578356,0.010545
AATAACGTCGCGCCCA-1,0.610552,0.249626,0.08677,0.053052
AATAAGTCCTCGAGAC-1,0.000075,0.221507,0.399564,0.378854
AATAATCTTCGTATCG-1,0.999182,0.000102,0.000307,0.000409
AATACAATGTTTCAGG-1,0.109309,0.054887,0.830007,0.005796
AATACCGGAGGGCTGT-1,0.000112,0.814189,0.000336,0.185364
AATACCTGATGTGAAC-1,0.013404,0.074177,0.087784,0.824636
AATAGAACAGAGTGGC-1,0.000042,0.532959,0.462366,0.004633
AATAGAATCTGTTTCA-1,0.000058,0.162534,0.616611,0.220797
AATAGCAAGCCTCCTG-1,0.000058,0.085664,0.241383,0.672895
AATAGCTACCGCGTGC-1,0.000045,0.170056,0.502887,0.327013
AATAGGCACGACCCTT-1,0.051889,0.533372,0.042339,0.3724
AATAGTCCGTCCCGAC-1,0.053103,0.055647,0.870318,0.020931
AATAGTCGCGAGTCGG-1,0.000083,0.109252,0.59203,0.298636
AATATCCTAGCAAACT-1,0.002726,0.05471,0.174686,0.767878
AATATCGAATCAATGC-1,0.465826,0.397112,0.136755,0.000307
AATATCGAGGGTTCTC-1,0.098686,0.083309,0.52137,0.296634
AATATTGGAGTATTGA-1,0.000215,0.830373,0.04712,0.122292
AATCAGGTTTCATTTA-1,0.000042,0.158701,0.208435,0.632822
AATCATGTAAAGACTC-1,0.028479,0.000028,0.240584,0.730909
AATCCAAGGGCCTGAG-1,0.054567,0.145091,0.800105,0.000237
AATCCCGCTCAGAGCC-1,0.000019,0.320099,0.214696,0.465186
AATCGAGGTCTCAAGG-1,0.045227,0.055939,0.255277,0.643557
AATCGCCTCAGCGCCA-1,0.031904,0.000067,0.632179,0.335849
AATCGCGCAGAGGACT-1,0.585435,0.259708,0.154518,0.000339
AATCGGGACACTACGA-1,0.000081,0.54443,0.43589,0.019599
AATCGGTATAGCCCTC-1,0.075199,0.338598,0.000396,0.585806
AATCGTGAGCCGAGCA-1,0.000079,0.195084,0.254836,0.550001
AATCTAGGTTTACTTG-1,0.000049,0.08843,0.256667,0.654854
AATCTATGCCGGAGCC-1,0.000067,0.101536,0.513863,0.384534
AATCTCTACTGTGGTT-1,0.016387,0.161009,0.175746,0.646858
AATCTGCGTTGGGACG-1,0.009544,0.562888,0.341558,0.08601
AATCTGGCTTTCTAGT-1,0.000065,0.370865,0.308167,0.320902
AATCTGGGTAGACCCT-1,0.127795,0.289077,0.269589,0.313539
AATGACAGCAATGTCT-1,0.056286,0.942712,0.000429,0.000572
AATGACGTAGGATGTC-1,0.000837,0.233266,0.528792,0.237106
AATGACTGTCAGCCGG-1,0.000035,0.162386,0.750086,0.087493
AATGATGATACGCTAT-1,0.00002,0.00002,0.422874,0.577086
AATGATGCGACTCCTG-1,0.000051,0.082736,0.697283,0.219929
AATGCAACCGGGTACC-1,0.000035,0.050556,0.508747,0.440663
AATGCACCAAGCAATG-1,0.000036,0.000036,0.501001,0.498928
AATGGCCGCCAATGCG-1,0.094909,0.225192,0.007198,0.672701
AATGGTCCACCGTTCA-1,0.056571,0.213639,0.599674,0.130117
AATGTATGGCACTGTA-1,0.000031,0.299748,0.459669,0.240552
AATGTGCCCGAGGTGT-1,0.006544,0.204679,0.389682,0.399095
AATGTGCTAATCTGAG-1,0.00033,0.055364,0.201944,0.742361
AATGTTAAGACCCTGA-1,0.020456,0.000012,0.299064,0.680468
AATGTTGTCGTGAGAC-1,0.401142,0.149419,0.000308,0.44913
AATTAAAGGTCGGCGT-1,0.027337,0.077557,0.600972,0.294134
AATTAACGGATTTCCA-1,0.000049,0.174665,0.516545,0.308741
AATTACGAGACCCATC-1,0.01767,0.367349,0.330604,0.284378
AATTAGCGCTGCAGCG-1,0.000033,0.179066,0.49674,0.324161
AATTATACCCAGCAAG-1,0.033881,0.010315,0.297313,0.65849
AATTCATAAGGGATCT-1,0.046207,0.387344,0.513809,0.05264
AATTCATTGTCATGCA-1,0.014692,0.313154,0.316666,0.355488
AATTCCAAGCATGTAC-1,0.000015,0.000015,0.190282,0.809687
AATTCGATTCGAGGAT-1,0.105432,0.000022,0.201266,0.69328
AATTCTAGAGTTAGGC-1,0.000035,0.0233,0.71393,0.262736
AATTGAACGCTCTGGT-1,0.048339,0.042669,0.563941,0.345051
AATTGCAGCAATCGAC-1,0.016256,0.0965,0.087335,0.799908
AATTGCGTGGATTACA-1,0.000036,0.191483,0.330197,0.478283
AATTGTGGTTGCCAAA-1,0.970447,0.028949,0.000259,0.000346
AATTTGGGACATAGTA-1,0.00006,0.207111,0.717714,0.075114
AATTTGGTTCCAAAGA-1,0.000048,0.274457,0.577595,0.1479
ACAAACCATGCGTCCT-1,0.089733,0.094098,0.351452,0.464717
ACAAACCGACAAGGCG-1,0.000049,0.234154,0.34368,0.422117
ACAAACTCCATCAGAG-1,0.19596,0.734432,0.062377,0.007231
ACAAAGAAGGTAGGCC-1,0.001047,0.25007,0.005252,0.743631
ACAAAGCATGACCTAG-1,0.300278,0.000023,0.000069,0.699631
ACAAATCGCACCGAAT-1,0.009669,0.055313,0.70693,0.228087
ACAAATGGTAGTGTTT-1,0.040676,0.031617,0.396658,0.531048
ACAAATTCAGATCTGA-1,0.027342,0.066863,0.143448,0.762347
ACAACAGCATGAGCTA-1,0.005483,0.006645,0.822845,0.165027
ACAAGCAGTGCCTAGC-1,0.04677,0.173613,0.762442,0.017175
ACAAGCTATATGGAAG-1,0.009958,0.081832,0.14566,0.76255
ACAAGGAAATCCGCCC-1,0.020025,0.146301,0.602175,0.231499
ACAAGGACAAGAGGTT-1,0.00003,0.355632,0.644216,0.000121
ACAAGGATGCTTTAGG-1,0.024037,0.385018,0.349519,0.241427
ACAAGGCCTACCAGCC-1,0.054042,0.000036,0.06723,0.878692
ACAAGGGCAGGCTCTG-1,0.01521,0.305555,0.636492,0.042743
ACAAGTAATTGTAAGG-1,0.00003,0.095193,0.25307,0.651706
ACAATAGTCGTACGTT-1,0.000064,0.111629,0.693084,0.195223
ACAATCGATCTTTATA-1,0.050396,0.520896,0.265473,0.163234
ACAATGAATACGGAGA-1,0.000115,0.518675,0.353185,0.128025
ACAATGATTCTTCTAC-1,0.000097,0.31458,0.040455,0.644868
ACAATTGTGTCTCTTT-1,0.132968,0.070785,0.391535,0.404712
ACAATTTAGGAGGCTC-1,0.004001,0.048802,0.452441,0.494756
ACAATTTGAGCAGTGG-1,0.039973,0.268752,0.504023,0.187251
ACAATTTGGCCATATT-1,0.383538,0.548751,0.023782,0.043928
ACACAAAGACGGGTGG-1,0.014678,0.000023,0.511421,0.473879
ACACAAATATTCCTAG-1,0.129089,0.045314,0.203891,0.621707
ACACACCAGGACCAGT-1,0.041367,0.196864,0.448597,0.313172
ACACACTTTCTACACG-1,0.029542,0.192405,0.634741,0.143312
ACACATGATCAAATCT-1,0.000028,0.023012,0.431486,0.545475
ACACATTTCCGTAGAC-1,0.000029,0.03181,0.138694,0.829467
ACACCACATAATTAGC-1,0.037932,0.603281,0.233953,0.124834
ACACCCAGCATGCAGC-1,0.000036,0.001743,0.775831,0.22239
ACACCCGAGAAATCCG-1,0.006567,0.242669,0.739412,0.011353
ACACCCGTAAATCTGT-1,0.000077,0.000022,0.117104,0.882797
ACACCGAGCGCTCTTT-1,0.000093,0.375421,0.330325,0.294161
ACACCGGTCTGACCGC-1,0.105788,0.000017,0.279584,0.61461
ACACCTTAAGTAGGGC-1,0.063265,0.811235,0.12494,0.00056
ACACCTTACTACTTGC-1,0.722889,0.219614,0.057131,0.000367
ACACGAGACTCCTTCT-1,0.000032,0.046376,0.858154,0.095438
ACACGGCACTATGCAT-1,0.000023,0.000023,0.458337,0.541616
ACACGGGAACTTAGGG-1,0.011436,0.423638,0.564672,0.000255
ACACGTAGGCCACAAG-1,0.665671,0.333624,0.000302,0.000403
ACACTGATCAAGGTGT-1,0.000035,0.002598,0.775069,0.222298
ACACTGGGACAGTCGT-1,0.571843,0.198835,0.022867,0.206456
ACAGAACTGAGAACAA-1,0.00003,0.000186,0.325066,0.674719
ACAGATTAGGTTAGTG-1,0.057109,0.941856,0.000444,0.000591
ACAGCATAGAGCCAGT-1,0.000159,0.601875,0.157922,0.240044
ACAGCGACATTCTCAT-1,0.123198,0.406621,0.108688,0.361493
ACAGCGCACCCGCAGC-1,0.000086,0.297456,0.645518,0.056939
ACAGGCACGGATCCTT-1,0.000045,0.118112,0.15746,0.724382
ACAGGCTTGCCCGACT-1,0.064433,0.282109,0.497565,0.155893
ACAGGTGTGTTGTTGC-1,0.000043,0.172791,0.03309,0.794076
ACAGTAATACAACTTG-1,0.000035,0.078628,0.418509,0.502828
ACAGTATACCGTGGGA-1,0.076069,0.45242,0.060505,0.411006
ACAGTGCAGCGCATTT-1,0.006788,0.00867,0.044867,0.939675
ACATAAGTCGTGGTGA-1,0.000051,0.178011,0.388028,0.43391
ACATAATAAGGCGGTG-1,0.000061,0.419248,0.54822,0.032472
ACATACAATCAAGCGG-1,0.027035,0.025223,0.369173,0.578569
ACATCAGCTGGGACGC-1,0.123574,0.261536,0.530039,0.084852
ACATCCCGGCCATACG-1,0.000061,0.180021,0.529007,0.290912
ACATCCTGGTAACTGT-1,0.403708,0.435321,0.147113,0.013858
ACATCGATCGTTTACC-1,0.000076,0.198055,0.801563,0.000306
ACATCGCAATATTCGG-1,0.000036,0.209226,0.105391,0.685346
ACATCGGTCAGCCGCG-1,0.611475,0.282299,0.000422,0.105804
ACATCGTATGCAATGG-1,0.030734,0.357431,0.507516,0.104319
ACATCGTTAACCTAGT-1,0.000179,0.532035,0.05471,0.413076
ACATCTCAACGCGTAA-1,0.034371,0.000023,0.365754,0.599852
ACATGCTTACGGCAGC-1,0.003368,0.000018,0.179904,0.81671
ACATGGCGCCAAAGTA-1,0.256371,0.14395,0.3026,0.297079
ACATTAGTTTATATCC-1,0.000056,0.066722,0.590412,0.342809
ACATTCGCGCGGAATA-1,0.002489,0.00001,0.25796,0.739541
ACATTTGAAACCTAAC-1,0.137904,0.057178,0.003134,0.801783
ACCAAACACCCAGCGA-1,0.000037,0.066784,0.391113,0.542067
ACCAAACTAGAAATCC-1,0.000169,0.670141,0.042549,0.287141
ACCAACACCACACACT-1,0.000038,0.299644,0.507907,0.192412
ACCAACCGCACTCCAC-1,0.176504,0.042792,0.000103,0.780602
ACCAACGCTTATTTAT-1,0.000066,0.298621,0.43136,0.269953
ACCAAGAACGCGTGTC-1,0.000044,0.184058,0.755171,0.060726
ACCAAGTCATCGGCAG-1,0.206146,0.49488,0.000266,0.298708
ACCAATATGCAAGTTA-1,0.0217,0.008055,0.475472,0.494773
ACCACAACTCAGAACA-1,0.000051,0.038923,0.424637,0.536389
ACCACAAGTTTCTATC-1,0.000105,0.373701,0.595088,0.031105
ACCACACGGTTGATGG-1,0.034862,0.053806,0.377378,0.533954
ACCACCAATGTAACAA-1,0.229196,0.512517,0.257957,0.00033
ACCACCCTCTCTTCTA-1,0.000047,0.003218,0.120946,0.875789
ACCACGTGCAGCTATA-1,0.014637,0.017364,0.60107,0.366929
ACCAGACCATAACAAC-1,0.00004,0.230885,0.294843,0.474232
ACCAGCCCGGTCTTTG-1,0.000067,0.045896,0.50664,0.447397
ACCAGTGCCCGGTCAA-1,0.124662,0.000037,0.079592,0.795709
ACCAGTGCGGGAGACG-1,0.036052,0.087559,0.472175,0.404214
ACCATATCCGCAATAA-1,0.035496,0.412225,0.366854,0.185426
ACCATCCGCCAACTAG-1,0.000082,0.505605,0.295657,0.198656
ACCATCGTATATGGTA-1,0.029837,0.564858,0.382349,0.022956
ACCATTAAGGGTGTCA-1,0.038445,0.960487,0.000458,0.00061
ACCCAACGCCCGTGGC-1,0.000055,0.390753,0.440526,0.168666
ACCCATCTTGAGGGTA-1,0.026316,0.486257,0.487092,0.000335
ACCCATTTGTCCCTCT-1,0.280918,0.244915,0.329309,0.144859
ACCCGAGCGAAATTAC-1,0.000058,0.41359,0.216749,0.369603
ACCCGATTGGTTCCGA-1,0.175144,0.514915,0.264591,0.04535
ACCCGGAAACTCCCAG-1,0.000063,0.24157,0.554576,0.203791
ACCCGGAGCACCACAA-1,0.999586,0.000052,0.000155,0.000207
ACCCGGATGACGCATC-1,0.080544,0.095075,0.524122,0.300259
ACCCGGTTACACTTCC-1,0.000025,0.000025,0.644511,0.355439
ACCCGTAGCAGAGAAT-1,0.000039,0.206967,0.436513,0.356482
ACCCGTAGTCTAGTTG-1,0.865448,0.053611,0.000205,0.080736
ACCCGTGTCATCAGTA-1,0.000096,0.300017,0.612719,0.087168
ACCCTCCCGTCAGGGC-1,0.008247,0.139684,0.081805,0.770264
ACCCTCCCTTGCTATT-1,0.026637,0.028363,0.357979,0.587021
ACCCTGGTAACGCCCT-1,0.052101,0.000035,0.052269,0.895595
ACCCTTCATCTGCGAA-1,0.031183,0.292532,0.411895,0.264389
ACCCTTGCCTGGGTCG-1,0.031419,0.024856,0.331614,0.612112
ACCCTTTAGTTCTCCA-1,0.000032,0.000032,0.301163,0.698773
ACCGAAAGGGCCCTGC-1,0.038765,0.410876,0.548326,0.002033
ACCGAAGAGTCTGGTT-1,0.03293,0.127906,0.249759,0.589405
ACCGACACATCTCCCA-1,0.000024,0.000024,0.095291,0.904661
ACCGACTGAGTCCCAC-1,0.000081,0.417791,0.581805,0.000323
ACCGAGTCTCCTTATT-1,0.084813,0.000057,0.002207,0.912924
ACCGATAGGCATAACC-1,0.769611,0.062157,0.000272,0.167961
ACCGATATTTAATCAT-1,0.951325,0.000103,0.048162,0.000411
ACCGATGGTAGCATCG-1,0.01949,0.009709,0.35704,0.613761
ACCGCAATAACTGCCT-1,0.107622,0.099651,0.402962,0.389765
ACCGCGGTGGAAGTCG-1,0.637931,0.20277,0.158936,0.000363
ACCGCTAGTCATTGGT-1,0.00003,0.157016,0.101383,0.741571
ACCGGGCCTTTGTTGA-1,0.09367,0.605111,0.289989,0.01123
ACCGGTCAGGTACACC-1,0.029128,0.17686,0.325746,0.468265
ACCGGTCTGAGTACGG-1,0.00003,0.031384,0.118118,0.850468
ACCGTCCACTGGGCCC-1,0.000016,0.046094,0.390816,0.563074
ACCGTTCCCGCTCTGA-1,0.048906,0.113502,0.386446,0.451146
ACCTAAGTACCTTTCA-1,0.339099,0.656201,0.004364,0.000336
ACCTAATCGACTTCCT-1,0.024857,0.23039,0.707554,0.037199
ACCTACAGTATGTGGT-1,0.436783,0.517026,0.045588,0.000603
ACCTACTATAAATCTA-1,0.00001,0.00001,0.14978,0.8502
ACCTCAGCGAGGCGCA-1,0.063397,0.112359,0.138241,0.686003
ACCTCCGCCCTCGCTG-1,0.473792,0.513576,0.000299,0.012333
ACCTCCGTTATTCACC-1,0.264238,0.735021,0.000317,0.000423
ACCTCGAACTTATGCT-1,0.00022,0.042094,0.183758,0.773928
ACCTGCGTGTCATGTT-1,0.000076,0.191769,0.480053,0.328102
ACCTTTCCTTTAGAAG-1,0.07728,0.538541,0.265914,0.118265
ACGAAATGGGCGGCAC-1,0.000112,0.999103,0.000336,0.000448
ACGACCCATGAGTTGC-1,0.910963,0.08863,0.000175,0.000233
ACGACTCTAGGGCCGA-1,0.036202,0.347792,0.017345,0.598661
ACGACTGGTCATACTC-1,0.000107,0.833426,0.000322,0.166144
ACGAGATATTTGCTTA-1,0.038979,0.186764,0.546089,0.228168
ACGAGGATACCACTCT-1,0.000045,0.160867,0.439819,0.399269
ACGAGGTTTACAACGT-1,0.014788,0.010492,0.089697,0.885023
ACGAGTACGGATGCCC-1,0.074056,0.052093,0.688842,0.185008
ACGATACATAGAACTA-1,0.000058,0.245373,0.683944,0.070625
ACGATACCTATCCTGA-1,0.000046,0.187364,0.17276,0.63983
ACGATCATACATAGAG-1,0.00004,0.050783,0.757439,0.191739
ACGATCATCTTGTAAA-1,0.103279,0.509655,0.374331,0.012735
ACGATGCATATGTTAT-1,0.000112,0.513882,0.449892,0.036113
ACGATGGATCCGATGC-1,0.00005,0.108769,0.731347,0.159834
ACGCAAACTAATAGAT-1,0.053518,0.941324,0.000329,0.00483
ACGCAATCACTACAGC-1,0.000033,0.002145,0.507048,0.490774
ACGCATAAATGACATG-1,0.079384,0.082784,0.014772,0.82306
ACGCATACGTTTACTA-1,0.115992,0.109551,0.188531,0.585926
ACGCATTCGTGAGTAC-1,0.000037,0.049293,0.72895,0.22172
ACGCCACTCGAAACAG-1,0.020391,0.023706,0.097492,0.858411
ACGCCAGATGATTTCT-1,0.050718,0.003344,0.63788,0.308058
ACGCCAGTGCGTTTGC-1,0.472067,0.000046,0.000137,0.52775
ACGCCCAGCTGTCGAT-1,0.000046,0.000046,0.383053,0.616855
ACGCCGCTAGACGACC-1,0.003623,0.06844,0.657083,0.270854
ACGCGAAGTCAGACGA-1,0.000026,0.000026,0.781855,0.218093
ACGCGCTACACAGGGT-1,0.039361,0.81695,0.143271,0.000418
ACGCGGGCCAAGGACA-1,0.000027,0.070723,0.698778,0.230472
ACGCGTTTCTTAAGAG-1,0.00003,0.061544,0.483079,0.455347
ACGCTACTGAATGGGC-1,0.621911,0.377407,0.000292,0.00039
ACGCTAGTATCAGTGC-1,0.052692,0.00004,0.000119,0.947149
ACGCTAGTGATACACT-1,0.026657,0.048466,0.547558,0.377318
ACGCTGTGAGGCGTAG-1,0.000122,0.333553,0.561694,0.104631
ACGCTTAGTGTCTCTC-1,0.00007,0.181959,0.326733,0.491239
ACGGAACACGAGTGCC-1,0.000022,0.000022,0.02461,0.975345
ACGGAATTTAGCAAAT-1,0.05297,0.246014,0.688667,0.012349
ACGGACGCAGCGACAA-1,0.000053,0.37144,0.22159,0.406917
ACGGACTCTCAAAGCG-1,0.064958,0.155407,0.534788,0.244846
ACGGAGCGCAAATTAC-1,0.000049,0.2126,0.672242,0.11511
ACGGATGGTGCGGATA-1,0.021805,0.259795,0.49628,0.222121
ACGGCACTTGCTTGGG-1,0.000055,0.464511,0.44316,0.092274
ACGGCCAACATGGACT-1,0.014747,0.000018,0.243109,0.742126
ACGGCGACGATGGGAA-1,0.006386,0.082163,0.347874,0.563577
ACGGCTGGATGTAGAA-1,0.000024,0.009565,0.18924,0.80117
ACGGGAGTGTCGGCCC-1,0.000132,0.730634,0.186714,0.082521
ACGGGCGTATGCGACA-1,0.008898,0.105534,0.122081,0.763486
ACGGGTCATGTGACTT-1,0.179217,0.81957,0.00052,0.000693
ACGGGTTGTGACCTGT-1,0.000035,0.198433,0.495571,0.305961
ACGGTACAGTTCAATG-1,0.010727,0.00228,0.182905,0.804088
ACGGTCACCGAGAACA-1,0.000021,0.048591,0.352578,0.59881
ACGTACAGATTTCTCT-1,0.018604,0.009793,0.654672,0.316931
ACGTACTTTGGCACGG-1,0.00002,0.067643,0.221795,0.710541
ACGTAGATTGCTGATG-1,0.000042,0.096454,0.616792,0.286712
ACGTAGGAGAGTCGCT-1,0.044492,0.000013,0.050653,0.904842
ACGTATTACTCCGATC-1,0.185396,0.73003,0.083977,0.000597
ACGTCCTAAACGAGAT-1,0.090359,0.265388,0.31412,0.330134
ACGTCGGGCAACTCGG-1,0.005067,0.411124,0.261004,0.322805
ACGTCTCGTTCCGGGA-1,0.050581,0.000018,0.01607,0.93333
ACGTGACAAAGTAAGT-1,0.000017,0.008072,0.033969,0.957942
ACGTGCGCCTCGTGCA-1,0.000079,0.194143,0.710881,0.094896
ACGTGGTCGAATGTGC-1,0.000028,0.000028,0.489165,0.510779
ACGTTAATGTCGAAGA-1,0.000048,0.394552,0.576077,0.029323
ACGTTAGATTTGCCCG-1,0.000164,0.991567,0.007616,0.000654
ACGTTATTGGTCACTC-1,0.167217,0.831666,0.000479,0.000638
ACGTTCACTATGCCGC-1,0.088546,0.726938,0.022408,0.162107
ACGTTCCGCGCTCCGT-1,0.053132,0.375721,0.542109,0.029039
ACGTTCGCAATCAATT-1,0.335003,0.414789,0.242764,0.007443
ACGTTCGTTCAGGAAA-1,0.038289,0.330818,0.607704,0.023189
ACGTTCTGTACAAGTC-1,0.004318,0.037866,0.064966,0.89285
ACGTTGTCGTTGAAAG-1,0.000041,0.3838,0.210749,0.405409
ACGTTTAGTTGTGATC-1,0.000063,0.26593,0.584943,0.149064
ACGTTTCGGTGCACTT-1,0.790757,0.140365,0.06857,0.000308
ACTAAGGACGCACACC-1,0.000037,0.145192,0.055595,0.799175
ACTAATACGTCAGGCG-1,0.077377,0.001669,0.315867,0.605087
ACTACAAAGAGAGGTG-1,0.046229,0.856962,0.010302,0.086506
ACTACATCCCGACAAG-1,0.014682,0.00001,0.212494,0.772814
ACTACCAGCTCTCTGG-1,0.367608,0.222034,0.410075,0.000284
ACTACCATCCGAGGGC-1,0.000015,0.001299,0.101716,0.89697
ACTACGCGTTAGAATT-1,0.000112,0.599589,0.223038,0.177262
ACTAGTTGCGATCGTC-1,0.506261,0.493169,0.000244,0.000326
ACTATATGCTGTGTTC-1,0.140231,0.031018,0.347789,0.480961
ACTATCCAGGGCATGG-1,0.171393,0.004703,0.255391,0.568513
ACTATCGCCGGCTAAA-1,0.158034,0.840998,0.000415,0.000553
ACTATCTGCCCGCGTA-1,0.56053,0.316759,0.122399,0.000311
ACTATGTCCAGCTGCC-1,0.004195,0.524897,0.110314,0.360594
ACTATTCGTCCGTGGT-1,0.00838,0.118789,0.853215,0.019616
ACTATTTCCGGGCCCA-1,0.012803,0.251629,0.677243,0.058325
ACTCAAGTGCAAGGCT-1,0.059728,0.082298,0.308959,0.549015
ACTCAATAAAGGCACG-1,0.040234,0.035612,0.830863,0.093291
ACTCATGGCAGCCTTC-1,0.000149,0.183229,0.427067,0.389555
ACTCCAATATCATCAT-1,0.004033,0.0143,0.398189,0.583478
ACTCCCATTCCTAAAG-1,0.106866,0.171592,0.504349,0.217194
ACTCCCGAATTCGTTT-1,0.024638,0.234199,0.527877,0.213286
ACTCCCGTAGACTAGG-1,0.000077,0.203885,0.30964,0.486398
ACTCCCTAATGCTAAA-1,0.065498,0.03035,0.609257,0.294895
ACTCCCTAGAATAGTA-1,0.004452,0.274611,0.704371,0.016566
ACTCCGGCCGACCACT-1,0.029403,0.000018,0.094081,0.876497
ACTCGATGTATTTCAT-1,0.000416,0.770053,0.06141,0.16812
ACTCGCCGTTCGATAA-1,0.229626,0.583697,0.000426,0.186251
ACTCGCGATCTGACGC-1,0.820696,0.045771,0.000252,0.133282
ACTCGTAACCCGTCCT-1,0.000037,0.002445,0.502837,0.494681
ACTCGTCAGTAATCCC-1,0.028457,0.000031,0.59475,0.376762
ACTCTAAACCTGGGAT-1,0.000031,0.037092,0.461076,0.501802
ACTCTCTGACTTAGGT-1,0.000075,0.267185,0.669199,0.063541
ACTCTCTTATACACGA-1,0.015815,0.014768,0.365952,0.603464
ACTCTGACCTAATAGA-1,0.169999,0.000028,0.00511,0.824863
ACTCTTCAGCTCCCGC-1,0.231001,0.14357,0.40429,0.221138
ACTCTTGTATAGTAAC-1,0.108471,0.106235,0.781156,0.004138
ACTGAAACGCCGTTAG-1,0.021512,0.13938,0.311431,0.527677
ACTGAATGGCGAAAGT-1,0.00006,0.516495,0.351335,0.132109
ACTGATTTAGTGATTC-1,0.000056,0.000056,0.387895,0.611993
ACTGCCCGCCATTCTC-1,0.000032,0.165327,0.037435,0.797206
ACTGCCGTCGTAACTC-1,0.000052,0.355354,0.551182,0.093412
ACTGCGGACACACCGT-1,0.449587,0.000026,0.22466,0.325726
ACTGCTCGGAAGGATG-1,0.000032,0.000032,0.246669,0.753267
ACTGGCGAACCTGCGT-1,0.000034,0.009054,0.168236,0.822676
ACTGGGATGCCAGTGC-1,0.11155,0.526115,0.079115,0.283219
ACTGTACGATACACAT-1,0.000049,0.140059,0.82418,0.035712
ACTGTAGCACTTTGGA-1,0.039203,0.344216,0.603877,0.012704
ACTGTCCAGGATTATA-1,0.000083,0.1044,0.693589,0.201928
ACTGTCTTCTTTAGAA-1,0.000079,0.345751,0.653853,0.000317
ACTGTTTAGTGTAGGC-1,0.095339,0.157718,0.566611,0.180332
ACTTACCGGGCGCGCA-1,0.000043,0.204153,0.571595,0.224208
ACTTACGCATCCACGC-1,0.000094,0.268027,0.59875,0.133128
ACTTATACTTACCCGG-1,0.02273,0.132237,0.550222,0.29481
ACTTATTAGGATCGGT-1,0.000043,0.015575,0.592665,0.391718
ACTTATTTATGTGCCA-1,0.059851,0.451794,0.26175,0.226605
ACTTCAGGCTGATCCC-1,0.025758,0.079668,0.443095,0.451479
ACTTCCAGTGGAAGCT-1,0.000046,0.370677,0.320306,0.308971
ACTTCCATGCGGGACA-1,0.015009,0.017409,0.418545,0.549037
ACTTCCTGTCGTGCGA-1,0.000055,0.290969,0.02369,0.685285
ACTTCGCCATACGCAC-1,0.000056,0.222812,0.736007,0.041125
ACTTCGCTAGCGAGTG-1,0.153323,0.128621,0.310216,0.40784
ACTTGACTCCCTCTTT-1,0.000059,0.074318,0.870834,0.054789
ACTTGCTCTATCTACC-1,0.000054,0.350636,0.47128,0.178031
ACTTGGGACCCGGTGG-1,0.134369,0.168713,0.558917,0.138001
ACTTGGGCTTTCGCCA-1,0.001579,0.07506,0.180829,0.742532
ACTTGTAGTCCCTTCA-1,0.000069,0.177606,0.464422,0.357903
ACTTGTGGATGGAACG-1,0.501306,0.414191,0.047724,0.036779
ACTTGTTACCGGATCA-1,0.000021,0.296235,0.151529,0.552215
ACTTTACCCTCATGAA-1,0.077708,0.110975,0.25065,0.560666
ACTTTATACACCACTT-1,0.00429,0.00723,0.428812,0.559668
ACTTTCCTATAGCTTC-1,0.000059,0.117267,0.642538,0.240136
ACTTTGACTGCATCCT-1,0.000063,0.211255,0.341932,0.446751
ACTTTGGTCGTGCTCC-1,0.000087,0.366642,0.314049,0.319222
ACTTTGTCGACGCACT-1,0.879752,0.119003,0.000534,0.000712
AGAAATTATGACTCGC-1,0.566508,0.092004,0.014678,0.32681
AGAACACGGCGATGGT-1,0.000033,0.196958,0.065217,0.737792
AGAACCCAGCGTGACA-1,0.784517,0.213502,0.001699,0.000281
AGAACCCTCAATTGGG-1,0.004845,0.202767,0.307697,0.484691
AGAACGTGGTACATTC-1,0.03005,0.284491,0.620173,0.065285
AGAACTGTACTTTGTA-1,0.048783,0.000031,0.107676,0.84351
AGAAGAGCGCCGTTCC-1,0.00095,0.282393,0.537108,0.179548
AGAAGGTACACTTCAC-1,0.000068,0.254971,0.475562,0.2694
AGAAGGTTGCCGAATT-1,0.015581,0.041873,0.629201,0.313344
AGAAGGTTGTAGGTCG-1,0.000056,0.037167,0.244979,0.717798
AGAAGTGATTCGTGAT-1,0.000091,0.965229,0.034317,0.000363
AGAATAAATCTTCAGG-1,0.00011,0.371046,0.327103,0.301741
AGAATACAGGCTATCC-1,0.13652,0.000139,0.279918,0.583424
AGAATGCGGGTTCGGA-1,0.000025,0.003207,0.432294,0.564473
AGAATTATGGATTCGA-1,0.04747,0.299193,0.424775,0.228563
AGACAGCTCAGAATCC-1,0.067042,0.6995,0.218712,0.014746
AGACCAAACCACACCT-1,0.011352,0.000018,0.015271,0.97336
AGACCATGGGATACAA-1,0.054292,0.194215,0.741054,0.010439
AGACCCACCGCTGATC-1,0.000059,0.211839,0.683978,0.104124
AGACCCGCCCTCCTCG-1,0.000059,0.213648,0.584463,0.20183
AGACCGCTCCGCGGTT-1,0.573736,0.425677,0.000252,0.000335
AGACCGGGAAACCCTG-1,0.006617,0.048486,0.428996,0.515901
AGACGAAGTGCCGGTC-1,0.160103,0.348039,0.285357,0.2065
AGACGACGATGCCGCT-1,0.386963,0.564442,0.048272,0.000324
AGACGCCCACTTCGCC-1,0.798419,0.116202,0.000304,0.085075
AGACGGGATTGGTATA-1,0.019624,0.152921,0.117698,0.709756
AGACGGGCCGATTTAA-1,0.000048,0.01997,0.276264,0.703718
AGACTAGCCTTCCAGA-1,0.000069,0.109633,0.890022,0.000276
AGACTGTTACCGGGTC-1,0.030147,0.281124,0.584275,0.104454
AGAGAAACACCAGAAA-1,0.033246,0.720825,0.045573,0.200356
AGAGAACCGTCTAGGA-1,0.003092,0.215935,0.568961,0.212013
AGAGAAGGAGTACAAT-1,0.2722,0.519338,0.208121,0.000341
AGAGATCTCTAAAGCG-1,0.000053,0.060428,0.475949,0.46357
AGAGCAGTTATGAGAC-1,0.00014,0.921424,0.077875,0.00056
AGAGCCGCCGAGATTT-1,0.743719,0.150222,0.002726,0.103334
AGAGCGCTTGTAACGG-1,0.03435,0.076824,0.119855,0.768971
AGAGCGGGCTAATCAT-1,0.009583,0.21536,0.723802,0.051255
AGAGGCTTCGGAAACC-1,0.060371,0.409675,0.193266,0.336688
AGAGGGACAATTGTCC-1,0.000037,0.063322,0.099133,0.837508
AGAGTAAACTTCACTA-1,0.635535,0.325087,0.039066,0.000312
AGAGTATAGTGTTACG-1,0.097609,0.004241,0.213602,0.684549
AGAGTCTTAATGAAAG-1,0.877555,0.090401,0.031843,0.000201
AGAGTGAACAGACACC-1,0.015997,0.005723,0.007491,0.970788
AGAGTTAGAGACCGAT-1,0.028042,0.152037,0.186372,0.633549
AGAGTTGCAGGCCTCC-1,0.027003,0.00002,0.017037,0.95594
AGATAACTTCAGGGCC-1,0.00003,0.100855,0.664002,0.235113
AGATAATCACACCTAT-1,0.035934,0.310224,0.033953,0.619889
AGATACCAATAGAACC-1,0.215136,0.457332,0.000316,0.327215
AGATACCAGCACTTCA-1,0.044592,0.000061,0.232126,0.723222
AGATACCGGTGTTCAC-1,0.092311,0.658662,0.248307,0.00072
AGATACTCAAGATCGA-1,0.095688,0.530054,0.274619,0.099639
AGATATAATACGACTA-1,0.134217,0.102322,0.050097,0.713364
AGATCGTGCATAAGAT-1,0.000016,0.000016,0.352783,0.647184
AGATCTCAGGTGTGAT-1,0.000052,0.001075,0.852169,0.146704
AGATCTGGAGAGGATA-1,0.01234,0.045532,0.081663,0.860465
AGATGACTCGCCCACG-1,0.000086,0.403562,0.596008,0.000344
AGATGAGGGTTGCGAT-1,0.000032,0.076134,0.723943,0.199891
AGATGATGGAGTCTGG-1,0.070294,0.601217,0.277613,0.050877
AGATGCAAGACGTGCA-1,0.000058,0.069362,0.228966,0.701614
AGATGCATCCTGTGTC-1,0.00008,0.125504,0.000296,0.874121
AGATGCTATAACGAGC-1,0.071032,0.204896,0.654516,0.069556
AGATTATAGGACGTTT-1,0.000078,0.206156,0.770973,0.022792
AGATTCAAGCGGGTCG-1,0.056194,0.000025,0.043086,0.900696
AGATTCACAACCGATA-1,0.035162,0.245159,0.292715,0.426963
AGCAAAGGCCGCTAGT-1,0.174161,0.153682,0.487873,0.184285
AGCAACATATCTTATT-1,0.178704,0.021946,0.28074,0.518609
AGCAACCGAAAGTAAT-1,0.000088,0.456783,0.131903,0.411226
AGCACACGTTTAGACT-1,0.000025,0.000025,0.341779,0.65817
AGCACCAGTACTCACG-1,0.000071,0.12952,0.571196,0.299212
AGCACTACCGGCCTGT-1,0.000108,0.592381,0.31108,0.09643
AGCACTACCTCACCAG-1,0.033869,0.000024,0.351174,0.614933
AGCAGAAGGAGAAAGA-1,0.000033,0.257254,0.062197,0.680516
AGCAGCCAGATGAATA-1,0.000067,0.291432,0.430148,0.278352
AGCAGTCGAAGCATGC-1,0.029724,0.005134,0.051845,0.913297
AGCATATCAATATGCT-1,0.213587,0.22497,0.520685,0.040757
AGCATCATTTCGAAAG-1,0.000038,0.00568,0.46756,0.526722
AGCATCGTCGATAATT-1,0.000059,0.000059,0.775073,0.224808
AGCATTACGAGGCAAG-1,0.301766,0.176362,0.06688,0.454992
AGCCAAGCTTTGTGTC-1,0.000075,0.125508,0.418867,0.45555
AGCCACAGGTTACCCG-1,0.039493,0.002636,0.096132,0.861739
AGCCACTCCCGTGCTT-1,0.026979,0.000022,0.510522,0.462477
AGCCATATAGTATGTG-1,0.000041,0.25959,0.073417,0.666952
AGCCCATACATGTAAG-1,0.000151,0.998788,0.000454,0.000606
AGCCCGCAACAAGCAG-1,0.000014,0.023145,0.37818,0.598661
AGCCCGCACTACAATG-1,0.545643,0.186937,0.000232,0.267188
AGCCCGGCATTAGAGG-1,0.000022,0.000856,0.422022,0.577099
AGCCCGGTAGCCTGTA-1,0.000075,0.462893,0.038763,0.498269
AGCCCTAAGCGAAGTT-1,0.000069,0.138274,0.555168,0.306488
AGCCCTCCCTGGTGGC-1,0.010809,0.000019,0.185164,0.804008
AGCCCTGTCGCACCGT-1,0.85739,0.142075,0.000229,0.000305
AGCCCTTCTAATCCGA-1,0.000078,0.243842,0.633712,0.122367
AGCCCTTGGACATCCC-1,0.722434,0.000074,0.000222,0.277271
AGCCGCAAATTCAAAT-1,0.031643,0.010415,0.045846,0.912096
AGCCGCTTGATTAGCG-1,0.053687,0.944891,0.00061,0.000813
AGCCGTGGCTAAATGT-1,0.00003,0.00004,0.462373,0.537557
AGCCTAATACCCACGT-1,0.281722,0.000033,0.330408,0.387837
AGCCTTAAAGCGGAAG-1,0.000185,0.99852,0.000555,0.00074
AGCCTTGTCACTGATA-1,0.02155,0.000117,0.306551,0.671781
AGCGACAGGAACGGTC-1,0.036301,0.281036,0.439138,0.243525
AGCGACATCCCATTCA-1,0.000114,0.293096,0.571538,0.135253
AGCGACCAACGATATT-1,0.000073,0.1128,0.74722,0.139906
AGCGACTTTGAAGACA-1,0.118737,0.133259,0.433286,0.314717
AGCGAGACGTGAAGGC-1,0.000039,0.338791,0.24422,0.416951
AGCGATGCGCCTAATA-1,0.173807,0.455271,0.000452,0.37047
AGCGCATAATGAATCG-1,0.03359,0.109243,0.529897,0.32727
AGCGCGGGTGCCAATG-1,0.000039,0.141971,0.652357,0.205633
AGCGCTAGAGCGATGT-1,0.873391,0.125954,0.00028,0.000374
AGCGCTTATGGGCAAG-1,0.000025,0.000025,0.34055,0.659399
AGCGGACACTTCGTAG-1,0.000069,0.287411,0.141426,0.571094
AGCGGCGGTTAGCGGT-1,0.000059,0.214096,0.402227,0.383618
AGCGGGTCTGACACTC-1,0.000055,0.353929,0.083009,0.563008
AGCGGTTGAGATGTAC-1,0.000043,0.040446,0.62873,0.33078
AGCGGTTGCCGCTCTG-1,0.086845,0.301029,0.262803,0.349322
AGCGTGGTATTCTACT-1,0.048918,0.110893,0.683623,0.156566
AGCGTTCCGATTTAAA-1,0.019217,0.105638,0.210355,0.66479
AGCTAACAAGCAATGT-1,0.028658,0.64868,0.059425,0.263237
AGCTAAGCTCCGTCCG-1,0.012826,0.676767,0.123506,0.186901
AGCTAAGTACGCAGGC-1,0.000027,0.000027,0.170829,0.829118
AGCTACGAATGGTGGT-1,0.199504,0.346268,0.065833,0.388395
AGCTAGAAGCAGAAGT-1,0.107483,0.258569,0.467823,0.166125
AGCTATTTAATCCAAC-1,0.000042,0.011102,0.8459,0.142956
AGCTCCATATATGTTC-1,0.559532,0.112175,0.321179,0.007114
AGCTCCTTCGCACATC-1,0.076151,0.21843,0.382016,0.323404
AGCTCGTTGATGGAAA-1,0.005763,0.069819,0.273743,0.650675
AGCTCTAGACGTTCCA-1,0.039223,0.004989,0.729577,0.22621
AGCTCTTCCCAGTGCA-1,0.00004,0.108935,0.54487,0.346154
AGCTCTTCGTAACCTT-1,0.419208,0.116512,0.429944,0.034336
AGCTCTTTACTCAGTT-1,0.000036,0.017729,0.779426,0.20281
AGCTGAAGTAAACCAA-1,0.032253,0.00412,0.668257,0.29537
AGCTGCATTTGAGGTG-1,0.039713,0.343028,0.035407,0.581852
AGCTGCTGTGCCGAAT-1,0.04533,0.020746,0.046547,0.887377
AGCTGTAACCTCAATC-1,0.003891,0.254601,0.300923,0.440586
AGCTTCAATACTTTGA-1,0.011511,0.000038,0.251326,0.737124
AGCTTCTTCTCGAGCA-1,0.168484,0.00004,0.00012,0.831356
AGCTTGATCAGGGTAG-1,0.000056,0.424391,0.303193,0.27236
AGCTTGATCTTAACTT-1,0.005417,0.264548,0.33809,0.391946
AGGAACGAACGACTTC-1,0.864948,0.0126,0.000311,0.122141
AGGAAGCTGTCCGCCG-1,0.000031,0.000031,0.328523,0.671416
AGGACAGTCGAATCCC-1,0.0363,0.040966,0.563787,0.358947
AGGACATCGGCACACT-1,0.65563,0.000031,0.001044,0.343295
AGGACGACCCATTAGA-1,0.0001,0.22474,0.445984,0.329176
AGGACGCTCGATGTTG-1,0.100332,0.188089,0.686965,0.024613
AGGACTTATAGGAGAA-1,0.047522,0.951419,0.000454,0.000605
AGGAGACATCCACAGT-1,0.055918,0.000024,0.014625,0.929433
AGGAGAGTCTGGCTAC-1,0.036497,0.065246,0.458429,0.439827
AGGAGCGTTTATTATC-1,0.381464,0.122576,0.299107,0.196853
AGGAGGCCTTCGCGCG-1,0.003767,0.000026,0.35238,0.643826
AGGATAAAGTCGGGAT-1,0.001713,0.000753,0.488725,0.50881
AGGATATAGGGATTTA-1,0.144521,0.609581,0.245629,0.00027
AGGATATCCGACTGCA-1,0.022897,0.176665,0.181165,0.619273
AGGATCACGCGATCTG-1,0.000046,0.131131,0.614233,0.25459
AGGATTGCTTACGACA-1,0.035388,0.383474,0.032122,0.549017
AGGCACGTGACTGTCC-1,0.623704,0.375198,0.00047,0.000627
AGGCAGATGCGTAAAC-1,0.126659,0.0374,0.619767,0.216173
AGGCAGGGAGCGTACT-1,0.000091,0.183258,0.65292,0.16373
AGGCATTGTCGTAGGG-1,0.119895,0.504477,0.363507,0.012121
AGGCCACCCGTTATGA-1,0.060412,0.902595,0.036534,0.000459
AGGCCCATTGTACAGG-1,0.000077,0.090047,0.806547,0.103328
AGGCCCTAGAACGCCA-1,0.000096,0.769337,0.047659,0.182908
AGGCCTATCATACCAA-1,0.000045,0.656332,0.126689,0.216935
AGGCCTGAGAATCTCG-1,0.025888,0.176756,0.132668,0.664689
AGGCGATAACTGGCGT-1,0.874498,0.124802,0.0003,0.0004
AGGCGGTTTGTCCCGC-1,0.015361,0.009842,0.151665,0.823132
AGGCGTCTATGGACGG-1,0.041439,0.000034,0.438374,0.520153
AGGCTTAAGTTGCACA-1,0.000044,0.289361,0.166117,0.544478
AGGCTTCCCGAAGAAG-1,0.015808,0.982779,0.001107,0.000307
AGGCTTGCTAGACACC-1,0.215665,0.67556,0.001087,0.107689
AGGGAAACGAGGTACT-1,0.000048,0.20936,0.734181,0.056411
AGGGACCGGCTGCGTT-1,0.275774,0.117,0.267731,0.339495
AGGGACTCTACGCGAC-1,0.000043,0.074432,0.551042,0.374483
AGGGAGACATACTTCG-1,0.058572,0.027323,0.488803,0.425302
AGGGCAGCGGCGTGGT-1,0.045343,0.324639,0.596482,0.033536
AGGGCCCTAATGTTCT-1,0.99928,0.00009,0.00027,0.00036
AGGGCGAGCAGCTGAT-1,0.000036,0.195399,0.562526,0.242039
AGGGCGTGATCGGCTA-1,0.000193,0.976782,0.022253,0.000772
AGGGCTGCAGTTACAG-1,0.018889,0.168574,0.607447,0.20509
AGGGTCAGAGCACTCG-1,0.232444,0.547941,0.21945,0.000165
AGGGTCAGTAACCCTA-1,0.000071,0.09472,0.438203,0.467005
AGGGTCGATGCGAACT-1,0.123167,0.368033,0.397496,0.111303
AGGGTCTGGACGCAGT-1,0.699367,0.112018,0.000195,0.18842
AGGGTGCCGTTCTTTA-1,0.000099,0.716856,0.0134,0.269644
