Barcode,Topic 1,Topic 2,Topic 3to7,Topic 8,Topic 9to10
AAACAAGTATCTCCCA-1,0.734542,0.000041,0.000205,0.083976,0.181236
AAACACCAATAACTGC-1,0.00241,0.000023,0.696642,0.000023,0.300902
AAACAGAGCGACTCCT-1,0.000031,0.042843,0.889536,0.010924,0.056665
AAACAGCTTTCAGAAG-1,0.068264,0.000058,0.315099,0.223877,0.392701
AAACAGGGTCTATATT-1,0.000096,0.000096,0.012499,0.604903,0.382406
AAACAGTGTTCCTGGG-1,0.000012,0.004285,0.675746,0.070595,0.249363
AAACATGGTGAGAGGA-1,0.057117,0.002514,0.446331,0.074312,0.419726
AAACATTTCCCGGATT-1,0.772174,0.000077,0.000386,0.227208,0.000154
AAACCACTACACAGAT-1,0.070092,0.000066,0.000331,0.209825,0.719685
AAACCCGAACGAAATC-1,0.502238,0.002831,0.011952,0.476244,0.006736
AAACCGGAAATGTTAA-1,0.578309,0.007254,0.378306,0.000026,0.036105
AAACCGGGTAGGTACC-1,0.000059,0.000059,0.488972,0.325712,0.185198
AAACCGTTCGTCCAGG-1,0.000041,0.000041,0.469232,0.457827,0.072858
AAACCTAAGCAGCCGG-1,0.655007,0.059809,0.277277,0.00786,0.000047
AAACCTCATGAAGTTG-1,0.011653,0.004427,0.000356,0.208299,0.775265
AAACGAAGATGGAGTA-1,0.079718,0.036425,0.374723,0.076417,0.432717
AAACGACAGTCTTGCC-1,0.037556,0.000079,0.000394,0.350108,0.611863
AAACGAGACGGTTGAT-1,0.00001,0.001313,0.918325,0.00001,0.080343
AAACGCCCGAGATCGG-1,0.000118,0.000118,0.00059,0.38621,0.612965
AAACGCTGGGCACGAC-1,0.636788,0.000502,0.055515,0.170542,0.136654
AAACGGGCGTACGGGT-1,0.76687,0.000038,0.164368,0.068647,0.000076
AAACGGTTGCGAACTG-1,0.000474,0.00002,0.682274,0.019498,0.297734
AAACGTGTTCGCCCTA-1,0.12376,0.001558,0.159294,0.174723,0.540664
AAACTAACGTGGCGAC-1,0.00003,0.00003,0.814389,0.006079,0.179473
AAACTCGGTTCGCAAT-1,0.033538,0.332437,0.415944,0.083155,0.134926
AAACTCGTGATATAAG-1,0.000032,0.158552,0.36265,0.186829,0.291937
AAACTGCTGGCTCCAA-1,0.041527,0.189239,0.678744,0.00693,0.08356
AAACTTAATTGCACGC-1,0.093175,0.000878,0.004609,0.004412,0.896926
AAACTTGCAAACGTAT-1,0.000027,0.000027,0.874929,0.005461,0.119555
AAAGAATGACCTTAGA-1,0.078105,0.01766,0.448748,0.043771,0.411716
AAAGAATGTGGACTAA-1,0.838093,0.00003,0.000148,0.00003,0.1617
AAAGACTGGGCGCTTT-1,0.078639,0.000041,0.385351,0.060355,0.475614
AAAGCTTGCCTACATA-1,0.005691,0.000009,0.82501,0.007536,0.161754
AAAGGCCCTATAATAC-1,0.000036,0.000036,0.62528,0.195735,0.178912
AAAGGCTACGGACCAT-1,0.054594,0.060761,0.798241,0.007727,0.078678
AAAGGCTCTCGCGCCG-1,0.000028,0.045654,0.5994,0.225984,0.128934
AAAGGGATGTAGCAAG-1,0.000059,0.022357,0.496245,0.396188,0.085151
AAAGGGCAGCTTGAAT-1,0.035977,0.000083,0.000415,0.409141,0.554383
AAAGGTAAGCTGTACC-1,0.000063,0.000063,0.467931,0.249771,0.282171
AAAGTAGCATTGCTCA-1,0.000038,0.000038,0.827574,0.021038,0.151313
AAAGTCGACCCTCAGT-1,0.01293,0.000065,0.000325,0.440897,0.545782
AAAGTGCCATCAATTA-1,0.30897,0.000195,0.675114,0.001335,0.014387
AAAGTGTGATTTATCT-1,0.183283,0.083997,0.6659,0.066782,0.000039
AAAGTTGACTCCCGTA-1,0.152849,0.242414,0.000157,0.275694,0.328886
AAATAACCATACGGGA-1,0.000038,0.037233,0.638215,0.035695,0.288819
AAATAAGGTAGTGCCC-1,0.000014,0.025394,0.765229,0.113702,0.09566
AAATACCTATAAGCAT-1,0.007513,0.073253,0.821173,0.098027,0.000034
AAATAGCTTAGACTTT-1,0.0124,0.039071,0.48361,0.435187,0.029732
AAATAGGGTGCTATTG-1,0.173858,0.000071,0.146994,0.648306,0.03077
AAATCACTCCTAAACG-1,0.124413,0.006479,0.207722,0.135956,0.52543
AAATCCGATACACGCC-1,0.704465,0.110309,0.008459,0.046872,0.129895
AAATCGCGGAAGGAGT-1,0.038007,0.029104,0.390374,0.179766,0.362749
AAATCGTGTACCACAA-1,0.017954,0.000027,0.641112,0.317879,0.023028
AAATCTAGCCCTGCTA-1,0.856548,0.019695,0.000161,0.000032,0.123564
AAATCTGCCCGCGTCC-1,0.091636,0.000068,0.00034,0.116288,0.791667
AAATGACTGATCAAAC-1,0.026424,0.055373,0.570941,0.182602,0.16466
AAATGATTCGATCAGC-1,0.016136,0.000028,0.755789,0.18838,0.039666
AAATGGCATGTCTTGT-1,0.000039,0.000039,0.931137,0.009703,0.059082
AAATGGCCCGTGCCCT-1,0.00006,0.012308,0.146405,0.369281,0.471946
AAATGGTCAATGTGCC-1,0.000026,0.061824,0.645192,0.051545,0.241413
AAATTAACGGGTAGCT-1,0.040024,0.005024,0.923336,0.007077,0.024539
AAATTACACGACTCTG-1,0.000042,0.019702,0.713619,0.000042,0.266594
AAATTACCTATCGATG-1,0.018952,0.000015,0.836265,0.023406,0.121362
AAATTCCAGGTCCAAA-1,0.001353,0.002927,0.603285,0.247122,0.145313
AAATTGATAGTCCTTT-1,0.037385,0.014216,0.780099,0.020278,0.148023
AAATTGGTGAGAAGCA-1,0.000014,0.059425,0.789921,0.000014,0.150625
AAATTTACCGAAATCC-1,0.000081,0.000081,0.351033,0.271247,0.377557
AAATTTGCGGGTGTGG-1,0.000016,0.000016,0.915117,0.000016,0.084835
AACAACTGGTAGTTGC-1,0.000069,0.000069,0.571641,0.20305,0.22517
AACAATACATTGTCGA-1,0.05029,0.000015,0.838991,0.000015,0.110689
AACAATTACTCTACGC-1,0.000121,0.000121,0.374916,0.252913,0.371928
AACACACGCTCGCCGC-1,0.302426,0.216057,0.079204,0.002316,0.399997
AACACGACTGTACTGA-1,0.093221,0.041653,0.000621,0.026353,0.838153
AACACGAGACGCGGCC-1,0.00003,0.025169,0.692133,0.011491,0.271176
AACAGCTGTGTGGCAA-1,0.000018,0.000018,0.981556,0.000018,0.01839
AACAGGAAATCGAATA-1,0.000037,0.000037,0.939835,0.024293,0.035797
AACAGGATGGGCCGCG-1,0.000048,0.000048,0.634789,0.186891,0.178223
AACAGGTAGTATGGAT-1,0.593548,0.007946,0.221362,0.177051,0.000092
AACATAGCGTGTATCG-1,0.510421,0.143666,0.254803,0.069552,0.021559
AACATATCAACTGGTG-1,0.000016,0.000016,0.983699,0.016237,0.000032
AACATCGATACGTCTA-1,0.000057,0.000057,0.322357,0.500438,0.177091
AACATTGAAGTTGATC-1,0.000033,0.102129,0.642762,0.000607,0.25447
AACATTGTGACTCGAG-1,0.038319,0.070195,0.842758,0.045646,0.003082
AACCAAGACTTCTCTG-1,0.000024,0.000024,0.881802,0.000356,0.117793
AACCAGTATCACTCTT-1,0.000171,0.000171,0.000856,0.432656,0.566145
AACCATAGGGTTGAAC-1,0.054589,0.000074,0.000369,0.478283,0.466684
AACCCAGAGACGGAGA-1,0.114433,0.06017,0.336563,0.220617,0.268217
AACCCATCCCATGATC-1,0.039284,0.00007,0.00035,0.287733,0.672563
AACCCGACAACCCGTG-1,0.166634,0.007782,0.660998,0.121166,0.043421
AACCCGAGCAGAATCG-1,0.826761,0.000049,0.000247,0.01657,0.156373
AACCCGCTGTATTCCA-1,0.001879,0.015878,0.524596,0.000014,0.457633
AACCCTACTGTCAATA-1,0.015621,0.000044,0.141823,0.842424,0.000088
AACCCTGGTGGAACCA-1,0.039242,0.0001,0.000498,0.50998,0.450181
AACCGAGCTTGGTCAT-1,0.000019,0.002648,0.978568,0.000019,0.018746
AACCGCTAAGGGATGC-1,0.14875,0.08791,0.76022,0.001216,0.001905
AACCGTTGTGTTTGCT-1,0.000201,0.000201,0.058933,0.862044,0.078621
AACCTCGCTTTAGCCC-1,0.606632,0.110571,0.050876,0.184458,0.047463
AACCTGTCACGGAATT-1,0.111876,0.478976,0.113582,0.043661,0.251905
AACCTTTAAATACGGT-1,0.013163,0.03666,0.675516,0.268907,0.005754
AACCTTTACGACGTCT-1,0.000058,0.000058,0.554985,0.3136,0.1313
AACGAAAGTCGTCCCA-1,0.089786,0.000084,0.00042,0.037753,0.871957
AACGACCTCCTAGCCG-1,0.99425,0.000032,0.00016,0.000032,0.005527
AACGATAATGCCGTAG-1,0.023952,0.114903,0.602813,0.13685,0.121481
AACGATAGAAGGGCCG-1,0.000116,0.000116,0.167784,0.496503,0.335481
AACGATATGTCAACTG-1,0.03527,0.000017,0.964662,0.000017,0.000034
AACGCATGATCTGGGT-1,0.000029,0.023812,0.715311,0.08358,0.177268
AACGCGACCTTGGGCG-1,0.00092,0.032257,0.682697,0.263488,0.020639
AACGCGGTCTCCAGCC-1,0.00005,0.034628,0.686255,0.00677,0.272296
AACGCTGTTGCTGAAA-1,0.309463,0.000016,0.659909,0.000016,0.030596
AACGGACGTACGTATA-1,0.214626,0.404429,0.019225,0.208601,0.153118
AACGGCCATCTCCGGT-1,0.000073,0.000042,0.393356,0.412248,0.194281
AACGTACTGTGGGTAC-1,0.028255,0.000016,0.884001,0.000016,0.087712
AACGTCAGACTAGTGG-1,0.000079,0.000079,0.357377,0.349964,0.292502
AACGTCATCCGGCTTG-1,0.037699,0.000018,0.077659,0.000018,0.884606
AACGTCGCTGCACTTC-1,0.874192,0.000032,0.000162,0.000032,0.125582
AACGTGATGAAGGACA-1,0.000046,0.027791,0.767289,0.00846,0.196414
AACGTGCGAAAGTCTC-1,0.128419,0.161192,0.563709,0.113145,0.033534
AACGTTCTACCATTGT-1,0.60643,0.004292,0.25282,0.059159,0.077299
AACTACCCGTTTGTCA-1,0.284985,0.110349,0.225958,0.020209,0.3585
AACTAGGCTTGGGTGT-1,0.000022,0.124739,0.629814,0.087729,0.157696
AACTCAAGTTAATTGC-1,0.000016,0.044401,0.781873,0.000016,0.173694
AACTCCAGAGCGTGTT-1,0.628138,0.000127,0.000633,0.370849,0.000253
AACTCCTAATCCCATG-1,0.000019,0.000019,0.879583,0.000019,0.12036
AACTCTCAATAGAGCG-1,0.014868,0.034384,0.42241,0.402615,0.125724
AACTCTCAGTGTGCTC-1,0.00003,0.00003,0.850285,0.149597,0.000059
AACTGAGGTCAGCGTC-1,0.000038,0.000038,0.610618,0.000038,0.389269
AACTGAGTTATACTGA-1,0.272313,0.47644,0.017559,0.103228,0.130459
AACTGATATTAGGCCT-1,0.00003,0.00003,0.999848,0.00003,0.000061
AACTGGGTCCCGACGT-1,0.051858,0.010357,0.737645,0.012714,0.187426
AACTTGCCCGTATGCA-1,0.000043,0.000043,0.709141,0.016423,0.27435
AACTTTCTCGATCATG-1,0.000018,0.000018,0.76561,0.137314,0.097041
AAGAAAGTTTGATGGG-1,0.046046,0.000111,0.000554,0.144903,0.808386
AAGAAATCACCAGATT-1,0.055082,0.009502,0.739213,0.064344,0.13186
AAGACATACGTGGTTT-1,0.60073,0.00272,0.35918,0.001283,0.036086
AAGACCAAATAACTCA-1,0.000101,0.000101,0.000505,0.698414,0.300878
AAGACCCAACTGAACA-1,0.059861,0.042918,0.758354,0.026118,0.112749
AAGACTGCAAGCTACT-1,0.000999,0.019139,0.496712,0.395337,0.087812
AAGAGATGAATCGGTA-1,0.012026,0.000075,0.471748,0.068713,0.447438
AAGAGCTCTTTATCGG-1,0.000018,0.08257,0.794067,0.064794,0.05855
AAGAGGATGTACGCGA-1,0.000085,0.000085,0.531098,0.404995,0.063738
AAGAGGCATGGATCGC-1,0.000008,0.016997,0.799815,0.000008,0.183173
AAGAGGCCCTTTGGAA-1,0.959036,0.00005,0.000252,0.04056,0.000101
AAGATGGCACCGGACC-1,0.071013,0.002083,0.86528,0.061514,0.00011
AAGATTGGCGGAACGT-1,0.031527,0.001447,0.939731,0.009881,0.017414
AAGCACCCTGCGTATC-1,0.046935,0.193299,0.643056,0.116167,0.000543
AAGCATACTCTCCTGA-1,0.000016,0.113426,0.548274,0.000388,0.337896
AAGCCACTTGCAGGTA-1,0.000041,0.000041,0.463038,0.2675,0.26938
AAGCCGAAGCGGTTTA-1,0.549874,0.000059,0.376503,0.067753,0.005812
AAGCCGCCGTGAAATC-1,0.029277,0.096717,0.268541,0.187117,0.418348
AAGCCGCTTTACCTTG-1,0.059148,0.00002,0.442732,0.025787,0.472313
AAGCCGGAGAGCAGGA-1,0.9176,0.000032,0.025565,0.037622,0.019181
AAGCGCAGGGCTTTGA-1,0.028564,0.009936,0.567868,0.393569,0.000064
AAGCGGCGTCATGGGT-1,0.000047,0.000047,0.624452,0.000047,0.375406
AAGCGTCCCTCATCGA-1,0.000061,0.000061,0.852056,0.140074,0.007749
AAGCTAGATCGAGTAA-1,0.000019,0.278486,0.631375,0.009891,0.080229
AAGCTATGGATTGACC-1,0.092836,0.000017,0.382797,0.003035,0.521315
AAGCTCGTGCCAAGTC-1,0.237098,0.280087,0.097786,0.125904,0.259125
AAGCTCTTTCATGGTG-1,0.513379,0.07436,0.113089,0.283188,0.015985
AAGGAGCGGTTGGTGC-1,0.000031,0.000031,0.929599,0.000031,0.070307
AAGGATCGATCGCTTG-1,0.008746,0.262559,0.356882,0.313932,0.057881
AAGGATGAGGGACCTC-1,0.000021,0.000738,0.816394,0.168936,0.013911
AAGGCAGGCTGTCTCC-1,0.066092,0.07576,0.740946,0.014226,0.102976
AAGGCGCGTAAAGCTT-1,0.045098,0.025502,0.000331,0.166427,0.762643
AAGGCTGTGCTCATCG-1,0.14471,0.000045,0.848076,0.00708,0.000089
AAGGGAACGACTGGCT-1,0.000025,0.000025,0.932037,0.005479,0.062434
AAGGGACAGATTCTGT-1,0.139142,0.011123,0.74553,0.004629,0.099575
AAGGGACTATGCATTC-1,0.00006,0.00006,0.744348,0.203412,0.05212
AAGGGTTAGCCATGCG-1,0.51142,0.000024,0.470744,0.000024,0.017787
AAGGTATCCTAATATA-1,0.000017,0.071883,0.769076,0.001857,0.157167
AAGGTGATAAACCAGC-1,0.167982,0.108945,0.366963,0.279592,0.076519
AAGTAGAAGACCGGGT-1,0.000045,0.000045,0.518759,0.133266,0.347886
AAGTAGTGACGCGAGG-1,0.000034,0.000034,0.672142,0.000034,0.327757
AAGTCAATTGTCGTCA-1,0.392777,0.000052,0.000259,0.606809,0.000103
AAGTCTAGTAGCTGCC-1,0.042367,0.000945,0.707403,0.005601,0.243683
AAGTGACGACCGAATT-1,0.000027,0.000027,0.991091,0.000027,0.008828
AAGTGAGTCGGGTTTA-1,0.003562,0.000015,0.951289,0.035929,0.009204
AAGTGCCTTGACTGTA-1,0.239393,0.001834,0.00035,0.712676,0.045747
AAGTGCGTTAGAATCT-1,0.000053,0.000053,0.719982,0.130093,0.149819
AAGTGCTTCTCTATTG-1,0.16019,0.00274,0.489552,0.120857,0.226661
AAGTGTTTGGAGACGG-1,0.206038,0.000145,0.119732,0.385844,0.288242
AAGTTCACTCCAAGCT-1,0.649453,0.119409,0.000208,0.000042,0.230888
AAGTTCAGTCTGCGTA-1,0.000079,0.000079,0.153962,0.70973,0.13615
AAGTTCGGCCAACAGG-1,0.000045,0.000045,0.910414,0.061838,0.027657
AAGTTGTGATGTTATA-1,0.83584,0.000077,0.000383,0.128827,0.034873
AAGTTTATGGGCCCAA-1,0.011003,0.317263,0.310047,0.308831,0.052856
AATAACAACGCTCGGC-1,0.010313,0.000035,0.464836,0.045029,0.479786
AATAACACTAGAACAA-1,0.000021,0.00884,0.847988,0.03728,0.105871
AATAACGTCGCGCCCA-1,0.530645,0.000013,0.36224,0.000013,0.10709
AATAATCTTCGTATCG-1,0.583676,0.000103,0.000515,0.254292,0.161415
AATACCGGAGGGCTGT-1,0.11761,0.000016,0.729029,0.002183,0.151162
AATACCTGATGTGAAC-1,0.949822,0.00004,0.043374,0.00004,0.006725
AATAGAACAGAGTGGC-1,0.017337,0.000025,0.810265,0.172322,0.000051
AATAGAATCTGTTTCA-1,0.179412,0.087003,0.491189,0.134131,0.108266
AATAGCAAGCCTCCTG-1,0.000076,0.000076,0.336515,0.196031,0.467303
AATAGCTACCGCGTGC-1,0.000053,0.000053,0.43995,0.432382,0.127563
AATAGGCACGACCCTT-1,0.000035,0.000035,0.835051,0.035312,0.129567
AATAGTCCGTCCCGAC-1,0.000038,0.326356,0.135583,0.204446,0.333577
AATATCGAATCAATGC-1,0.676757,0.022484,0.230959,0.044178,0.025622
AATATCGAGGGTTCTC-1,0.044544,0.000041,0.503476,0.446526,0.005413
AATATTGGAGTATTGA-1,0.106098,0.000072,0.403569,0.079536,0.410725
AATCAGGTTTCATTTA-1,0.006507,0.000027,0.914942,0.051289,0.027234
AATCATGTAAAGACTC-1,0.357745,0.074036,0.56704,0.000017,0.001163
AATCCAAGGGCCTGAG-1,0.12401,0.012171,0.318199,0.295933,0.249687
AATCCCGCTCAGAGCC-1,0.024291,0.000047,0.163315,0.719292,0.093054
AATCGAGGTCTCAAGG-1,0.291833,0.000018,0.208487,0.000018,0.499644
AATCGCCTCAGCGCCA-1,0.000017,0.040087,0.808179,0.148215,0.003502
AATCGCGCAGAGGACT-1,0.04304,0.131699,0.617811,0.005826,0.201624
AATCGGGACACTACGA-1,0.084183,0.009083,0.554858,0.119296,0.23258
AATCGGTATAGCCCTC-1,0.999702,0.000033,0.000165,0.000033,0.000066
AATCGTGAGCCGAGCA-1,0.381925,0.173101,0.00026,0.028098,0.416616
AATCTAGGTTTACTTG-1,0.000107,0.000107,0.033423,0.432236,0.534128
AATCTATGCCGGAGCC-1,0.000016,0.000296,0.919436,0.059772,0.02048
AATCTCTACTGTGGTT-1,0.072165,0.001966,0.31473,0.028519,0.58262
AATCTGCGTTGGGACG-1,0.043044,0.010057,0.417134,0.5297,0.000065
AATCTGGCTTTCTAGT-1,0.000124,0.000124,0.000619,0.405371,0.593762
AATCTGGGTAGACCCT-1,0.188132,0.000078,0.093464,0.110989,0.607337
AATGACAGCAATGTCT-1,0.000023,0.001071,0.991562,0.000023,0.00732
AATGACGTAGGATGTC-1,0.039915,0.01455,0.428507,0.470507,0.046521
AATGACTGTCAGCCGG-1,0.00007,0.00007,0.566167,0.24468,0.189014
AATGATGATACGCTAT-1,0.031392,0.000059,0.279945,0.651852,0.036753
AATGATGCGACTCCTG-1,0.01403,0.000019,0.964629,0.021283,0.000039
AATGCAACCGGGTACC-1,0.000063,0.000063,0.65148,0.345762,0.002631
AATGCACCAAGCAATG-1,0.033787,0.098203,0.442779,0.133431,0.291801
AATGGCCGCCAATGCG-1,0.116374,0.000063,0.000317,0.008665,0.874581
AATGGTCCACCGTTCA-1,0.029053,0.026134,0.310062,0.226388,0.408364
AATGGTTCTCACAAGC-1,0.041731,0.000102,0.000512,0.497465,0.460189
AATGTATGGCACTGTA-1,0.112909,0.000101,0.000505,0.202689,0.683796
AATGTGCCCGAGGTGT-1,0.00009,0.00009,0.411519,0.279341,0.30896
AATGTGCTAATCTGAG-1,0.074717,0.000053,0.176759,0.349854,0.398617
AATGTTAAGACCCTGA-1,0.346759,0.037416,0.025006,0.559232,0.031588
AATGTTGTCGTGAGAC-1,0.532782,0.001002,0.18975,0.005111,0.271355
AATTAAAGGTCGGCGT-1,0.01001,0.055468,0.710395,0.168317,0.055811
AATTAACGGATTTCCA-1,0.060773,0.16967,0.606403,0.148157,0.014997
AATTACGAGACCCATC-1,0.075008,0.000061,0.398452,0.124303,0.402176
AATTAGCGCTGCAGCG-1,0.112689,0.237497,0.421989,0.180114,0.047712
AATTATACCCAGCAAG-1,0.857687,0.000051,0.000257,0.061793,0.080212
AATTCATAAGGGATCT-1,0.013078,0.067583,0.805797,0.000019,0.113523
AATTCATTGTCATGCA-1,0.048226,0.000081,0.003925,0.255217,0.692551
AATTCCAAGCATGTAC-1,0.046733,0.044076,0.872077,0.02886,0.008254
AATTCGATTCGAGGAT-1,0.059088,0.008778,0.482606,0.448606,0.000922
AATTCTAGAGTTAGGC-1,0.052059,0.042164,0.077866,0.763826,0.064084
AATTGAACGCTCTGGT-1,0.014599,0.160478,0.731103,0.060022,0.033798
AATTGCAGCAATCGAC-1,0.596432,0.036035,0.076156,0.286333,0.005044
AATTGCGTGGATTACA-1,0.048257,0.000089,0.000445,0.325796,0.625413
AATTGTGGTTGCCAAA-1,0.911547,0.000029,0.072245,0.003532,0.012647
AATTTGGGACATAGTA-1,0.000064,0.000064,0.856825,0.091772,0.051275
AATTTGGTTCCAAAGA-1,0.000131,0.000131,0.000655,0.690725,0.308358
ACAAACCATGCGTCCT-1,0.000044,0.105947,0.000218,0.083626,0.810165
ACAAACTCCATCAGAG-1,0.187099,0.003609,0.548031,0.062606,0.198655
ACAAAGAAGGTAGGCC-1,0.051827,0.000048,0.304752,0.216168,0.427204
ACAAAGCATGACCTAG-1,0.862086,0.004257,0.000161,0.059651,0.073845
ACAAATCGCACCGAAT-1,0.110373,0.179374,0.343669,0.198863,0.167721
ACAAATGGTAGTGTTT-1,0.109176,0.156176,0.669079,0.051002,0.014567
ACAAATTCAGATCTGA-1,0.000103,0.335485,0.008332,0.220502,0.435578
ACAACAGCATGAGCTA-1,0.046399,0.00242,0.836006,0.077164,0.038012
ACAACGGTCCCTGCGA-1,0.101214,0.000122,0.000611,0.29495,0.603103
ACAAGCAGTGCCTAGC-1,0.000024,0.000371,0.726283,0.000107,0.273216
ACAAGGAAATCCGCCC-1,0.010202,0.29191,0.528695,0.011215,0.157978
ACAAGGACAAGAGGTT-1,0.041088,0.000057,0.000284,0.038493,0.920079
ACAAGGATGCTTTAGG-1,0.501603,0.020146,0.290505,0.028121,0.159625
ACAAGGCCTACCAGCC-1,0.040331,0.000196,0.000981,0.352832,0.60566
ACAAGGGCAGGCTCTG-1,0.000019,0.523485,0.330352,0.005465,0.140679
ACAAGTAATTGTAAGG-1,0.000029,0.000217,0.898229,0.016687,0.084838
ACAATAGTCGTACGTT-1,0.000043,0.000043,0.880219,0.015344,0.104351
ACAATCCATTTAAACC-1,0.000056,0.000056,0.536583,0.356154,0.107151
ACAATGAATACGGAGA-1,0.000022,0.032096,0.9079,0.000022,0.059959
ACAATGATTCTTCTAC-1,0.000055,0.000055,0.737757,0.166514,0.095619
ACAATTGTGTCTCTTT-1,0.765434,0.070023,0.000146,0.005285,0.159113
ACAATTTGAGCAGTGG-1,0.076402,0.034761,0.837469,0.008219,0.04315
ACAATTTGGCCATATT-1,0.284586,0.013514,0.48752,0.214331,0.000049
ACACAAAGACGGGTGG-1,0.000035,0.000035,0.649556,0.032178,0.318196
ACACAAATATTCCTAG-1,0.000239,0.01522,0.929009,0.00001,0.055523
ACACACCAGGACCAGT-1,0.108538,0.089916,0.006464,0.642401,0.152681
ACACACTTTCTACACG-1,0.000077,0.000077,0.747926,0.089316,0.162605
ACACATGATCAAATCT-1,0.028316,0.005053,0.141433,0.000034,0.825165
ACACATTTCCGTAGAC-1,0.000027,0.351087,0.246451,0.200837,0.201597
ACACCACATAATTAGC-1,0.017609,0.011543,0.694895,0.056237,0.219715
ACACCCAGCATGCAGC-1,0.00978,0.000085,0.396098,0.332558,0.261481
ACACCCGAGAAATCCG-1,0.037041,0.000063,0.000316,0.19497,0.767611
ACACCGGTCTGACCGC-1,0.000033,0.000447,0.464323,0.000033,0.535164
ACACCTTAAGTAGGGC-1,0.00007,0.0647,0.112462,0.111514,0.711255
ACACCTTACTACTTGC-1,0.248805,0.006877,0.181252,0.540079,0.022987
ACACGAGACTCCTTCT-1,0.003012,0.083602,0.733216,0.12176,0.058409
ACACGGCACTATGCAT-1,0.130248,0.000252,0.072297,0.445055,0.352148
ACACGGGAACTTAGGG-1,0.000043,0.004012,0.463315,0.30392,0.22871
ACACGTAGGCCACAAG-1,0.999643,0.00004,0.000198,0.00004,0.000079
ACACTGATCAAGGTGT-1,0.00358,0.09524,0.868284,0.001859,0.031036
ACACTGGGACAGTCGT-1,0.768651,0.000083,0.000414,0.230687,0.000165
ACAGAACTGAGAACAA-1,0.000053,0.000053,0.405052,0.276713,0.318128
ACAGCATAGAGCCAGT-1,0.037867,0.000286,0.001429,0.000286,0.960133
ACAGCGACATTCTCAT-1,0.838132,0.000062,0.073996,0.087686,0.000124
ACAGCGCACCCGCAGC-1,0.000068,0.000068,0.592637,0.046314,0.360913
ACAGGCACGGATCCTT-1,0.872967,0.000038,0.001862,0.024783,0.10035
ACAGGCTTGCCCGACT-1,0.57968,0.000693,0.09212,0.32743,0.000077
ACAGGTGGAGGTGAGG-1,0.000021,0.000021,0.969002,0.030914,0.000042
ACAGTAATACAACTTG-1,0.000057,0.000057,0.006378,0.281308,0.7122
ACAGTATACCGTGGGA-1,0.041036,0.000351,0.322217,0.373311,0.263085
ACATAAGTCGTGGTGA-1,0.052402,0.0001,0.000498,0.476729,0.47027
ACATAATAAGGCGGTG-1,0.000108,0.000108,0.23538,0.673044,0.091361
ACATACAATCAAGCGG-1,0.924678,0.000058,0.00029,0.000058,0.074917
ACATCAGCTGGGACGC-1,0.102348,0.013891,0.312661,0.092386,0.478714
ACATCCCGGCCATACG-1,0.063891,0.012424,0.63485,0.141885,0.146951
ACATCCTGGTAACTGT-1,0.137159,0.361293,0.073269,0.326789,0.10149
ACATCGATCGTTTACC-1,0.016538,0.096189,0.661996,0.225174,0.000102
ACATCGCAATATTCGG-1,0.022598,0.003436,0.502379,0.009405,0.462182
ACATCGGTCAGCCGCG-1,0.000022,0.000022,0.877864,0.001252,0.12084
ACATCGTATGCAATGG-1,0.051504,0.060345,0.516422,0.358723,0.013005
ACATCGTTAACCTAGT-1,0.000088,0.000088,0.298401,0.282136,0.419286
ACATGCTTACGGCAGC-1,0.00002,0.002192,0.663193,0.00002,0.334575
ACATGGCGCCAAAGTA-1,0.082688,0.044871,0.715467,0.034057,0.122917
ACATTAGTTTATATCC-1,0.030816,0.000068,0.02652,0.913517,0.029079
ACATTCGCGCGGAATA-1,0.000044,0.000044,0.634841,0.242184,0.122887
ACATTTGAAACCTAAC-1,0.850224,0.000057,0.034093,0.115513,0.000113
ACCAAACACCCAGCGA-1,0.000018,0.000018,0.756002,0.00617,0.237792
ACCAACACCACACACT-1,0.000016,0.000016,0.988786,0.008584,0.002599
ACCAACCGCACTCCAC-1,0.361885,0.011837,0.342947,0.000023,0.283307
ACCAACGCTTATTTAT-1,0.000033,0.042961,0.625398,0.275664,0.055943
ACCAAGAACGCGTGTC-1,0.0001,0.0001,0.182061,0.56603,0.251709
ACCAAGTCATCGGCAG-1,0.715559,0.000051,0.000254,0.024826,0.259311
ACCAATATGCAAGTTA-1,0.208194,0.162721,0.572834,0.051108,0.005143
ACCACAACTCAGAACA-1,0.033664,0.000093,0.087125,0.6768,0.202319
ACCACAAGTTTCTATC-1,0.00003,0.00003,0.905625,0.04871,0.045605
ACCACACGGTTGATGG-1,0.075922,0.025575,0.629363,0.017939,0.251201
ACCACCAATGTAACAA-1,0.044735,0.315742,0.240846,0.189228,0.20945
ACCACCCTCTCTTCTA-1,0.036253,0.030556,0.264758,0.000012,0.66842
ACCACGTGCAGCTATA-1,0.070295,0.040811,0.846576,0.015975,0.026343
ACCAGTGCCCGGTCAA-1,0.000067,0.000067,0.471452,0.187786,0.340628
ACCAGTGCGGGAGACG-1,0.248025,0.188081,0.346437,0.038167,0.179291
ACCATATCCGCAATAA-1,0.000012,0.01021,0.891976,0.001033,0.096769
ACCATCCGCCAACTAG-1,0.031192,0.000132,0.000662,0.46102,0.506993
ACCATCGTATATGGTA-1,0.000071,0.018706,0.081606,0.405572,0.494045
ACCCAACGCCCGTGGC-1,0.012192,0.097147,0.747253,0.000463,0.142945
ACCCACCTACATGCTC-1,0.014604,0.000098,0.17151,0.516969,0.296819
ACCCATCTTGAGGGTA-1,0.000028,0.000028,0.925943,0.000028,0.073974
ACCCATTTGTCCCTCT-1,0.844498,0.000047,0.000236,0.007087,0.148132
ACCCGAGCGAAATTAC-1,0.000033,0.047443,0.946008,0.000033,0.006481
ACCCGATTGGTTCCGA-1,0.045137,0.071258,0.673721,0.009346,0.200538
ACCCGGAAACTCCCAG-1,0.154726,0.02065,0.781144,0.020123,0.023358
ACCCGGAGCACCACAA-1,0.768834,0.000032,0.00016,0.000032,0.230941
ACCCGGATGACGCATC-1,0.06947,0.000019,0.67988,0.073047,0.177585
ACCCGGTTACACTTCC-1,0.00855,0.033795,0.657435,0.021534,0.278687
ACCCGTAGCAGAGAAT-1,0.040236,0.000088,0.000439,0.083955,0.875281
ACCCGTAGTCTAGTTG-1,0.844646,0.000057,0.000286,0.154897,0.000114
ACCCGTGTCATCAGTA-1,0.01322,0.147403,0.338762,0.288351,0.212264
ACCCTATGCCATATCG-1,0.000097,0.000097,0.24974,0.590587,0.159479
ACCCTCCCGTCAGGGC-1,0.917548,0.000034,0.000172,0.000034,0.082211
ACCCTCCCTTGCTATT-1,0.197526,0.007461,0.370109,0.379395,0.045508
ACCCTGGTAACGCCCT-1,0.000021,0.001982,0.758321,0.025398,0.214277
ACCCTTCATCTGCGAA-1,0.000067,0.000067,0.718788,0.220176,0.060901
ACCCTTGCCTGGGTCG-1,0.021147,0.075681,0.733441,0.004707,0.165025
ACCCTTTAGTTCTCCA-1,0.000116,0.000116,0.000579,0.000116,0.999074
ACCGAAGAGTCTGGTT-1,0.000128,0.000128,0.000638,0.430026,0.569081
ACCGACACATCTCCCA-1,0.000018,0.000044,0.894562,0.023428,0.081948
ACCGACTGAGTCCCAC-1,0.000052,0.109011,0.306789,0.289871,0.294276
ACCGAGTCTCCTTATT-1,0.136917,0.261234,0.455149,0.098737,0.047962
ACCGATAGGCATAACC-1,0.77142,0.000037,0.000185,0.000037,0.22832
ACCGATATTTAATCAT-1,0.700073,0.003063,0.120476,0.176288,0.0001
ACCGATGGTAGCATCG-1,0.000021,0.101507,0.753079,0.052419,0.092974
ACCGCAATAACTGCCT-1,0.324153,0.029256,0.4022,0.242329,0.002061
ACCGCGGTGGAAGTCG-1,0.174577,0.170451,0.370362,0.027346,0.257265
ACCGCTAGTCATTGGT-1,0.005138,0.000042,0.559895,0.248557,0.186368
ACCGGGCCTTTGTTGA-1,0.699994,0.060817,0.000187,0.090043,0.148959
ACCGGTCAGGTACACC-1,0.000036,0.000036,0.259931,0.000036,0.73996
ACCGGTCTGAGTACGG-1,0.000166,0.000166,0.000832,0.671481,0.327354
ACCGTCCACTGGGCCC-1,0.068742,0.011214,0.353595,0.081557,0.484892
ACCGTGACCACGTGGG-1,0.006785,0.020332,0.93752,0.030384,0.004979
ACCTAAGTACCTTTCA-1,0.006735,0.000042,0.799688,0.124909,0.068626
ACCTAATCGACTTCCT-1,0.000022,0.000022,0.890501,0.000022,0.109432
ACCTACAGTATGTGGT-1,0.024917,0.189518,0.170812,0.476916,0.137836
ACCTACTATAAATCTA-1,0.101437,0.166391,0.606443,0.022669,0.103059
ACCTCAGCGAGGCGCA-1,0.999424,0.000064,0.00032,0.000064,0.000128
ACCTCCGCCCTCGCTG-1,0.806312,0.000067,0.011045,0.052171,0.130405
ACCTCCGTTATTCACC-1,0.086864,0.056906,0.472906,0.36433,0.018994
ACCTCGAACTTATGCT-1,0.029279,0.00007,0.000351,0.05466,0.91564
ACCTGCGTGTCATGTT-1,0.000126,0.000126,0.545918,0.119732,0.334099
ACGAAATGGGCGGCAC-1,0.000027,0.032673,0.33578,0.000027,0.631493
ACGACCCATGAGTTGC-1,0.617274,0.010462,0.087975,0.000025,0.284263
ACGACTCTAGGGCCGA-1,0.999733,0.00003,0.000148,0.00003,0.000059
ACGACTGGTCATACTC-1,0.000037,0.000037,0.64804,0.244915,0.106971
ACGAGATATTTGCTTA-1,0.000068,0.001466,0.357384,0.134274,0.506808
ACGAGGATACCACTCT-1,0.054876,0.003845,0.41671,0.207667,0.316901
ACGAGGTTTACAACGT-1,0.066663,0.000042,0.319293,0.006759,0.607244
ACGAGTACGGATGCCC-1,0.000025,0.071071,0.700326,0.065291,0.163288
ACGATACATAGAACTA-1,0.000045,0.000045,0.592892,0.354592,0.052427
ACGATCATACATAGAG-1,0.045447,0.023521,0.662324,0.001621,0.267087
ACGATCATCTTGTAAA-1,0.036744,0.180901,0.653047,0.119633,0.009675
ACGATGCATATGTTAT-1,0.000081,0.000081,0.057564,0.657265,0.285008
ACGATGGATCCGATGC-1,0.000181,0.000181,0.000903,0.721268,0.277468
ACGCAAACTAATAGAT-1,0.001852,0.028724,0.6613,0.063439,0.244686
ACGCAATCACTACAGC-1,0.000344,0.000022,0.750206,0.065891,0.183536
ACGCATAAATGACATG-1,0.000066,0.004667,0.000332,0.326205,0.66873
ACGCATACGTTTACTA-1,0.707385,0.000024,0.290068,0.000024,0.002498
ACGCATTCGTGAGTAC-1,0.000025,0.026145,0.608431,0.000025,0.365374
ACGCCACTCGAAACAG-1,0.029282,0.000033,0.338331,0.132982,0.499372
ACGCCAGATGATTTCT-1,0.000083,0.000083,0.701937,0.297729,0.000167
ACGCCAGTGCGTTTGC-1,0.738923,0.000049,0.000246,0.000049,0.260733
ACGCCGCTAGACGACC-1,0.000024,0.026301,0.719593,0.254033,0.000049
ACGCGAAGTCAGACGA-1,0.038585,0.009487,0.33952,0.536875,0.075533
ACGCGCTACACAGGGT-1,0.000034,0.000034,0.979382,0.004446,0.016104
ACGCGGGCCAAGGACA-1,0.05232,0.022223,0.83895,0.024733,0.061774
ACGCTACTGAATGGGC-1,0.919117,0.000034,0.000172,0.000034,0.080642
ACGCTAGTATCAGTGC-1,0.138122,0.000052,0.243803,0.117902,0.50012
ACGCTAGTGATACACT-1,0.08254,0.000382,0.856054,0.060985,0.000039
ACGCTGTGAGGCGTAG-1,0.034162,0.000172,0.000862,0.358936,0.605868
ACGCTTAGTGTCTCTC-1,0.106686,0.323692,0.124386,0.028723,0.416513
ACGGAACACGAGTGCC-1,0.715366,0.000036,0.193792,0.00395,0.086857
ACGGACGCAGCGACAA-1,0.000036,0.03099,0.612335,0.055133,0.301505
ACGGACTCTCAAAGCG-1,0.161428,0.064547,0.115963,0.629892,0.02817
ACGGAGCGCAAATTAC-1,0.000044,0.000044,0.535925,0.388659,0.075327
ACGGATGGTGCGGATA-1,0.2791,0.039809,0.029972,0.640409,0.010709
ACGGCACTTGCTTGGG-1,0.010492,0.007175,0.884019,0.09827,0.000044
ACGGCCAACATGGACT-1,0.002657,0.007357,0.555476,0.43047,0.00404
ACGGCGACGATGGGAA-1,0.11042,0.236506,0.56853,0.031897,0.052646
ACGGCTGGATGTAGAA-1,0.000053,0.000053,0.069272,0.217057,0.713564
ACGGGAGTGTCGGCCC-1,0.000071,0.031117,0.690665,0.073986,0.204163
ACGGGCGTATGCGACA-1,0.0001,0.075453,0.574291,0.002332,0.347825
ACGGGTTGTGACCTGT-1,0.080914,0.000173,0.122881,0.21114,0.584892
ACGGTACAGTTCAATG-1,0.886939,0.01693,0.002984,0.05673,0.036417
ACGGTCACCGAGAACA-1,0.000049,0.000049,0.000243,0.138788,0.860872
ACGTACAGATTTCTCT-1,0.081161,0.000086,0.003266,0.18061,0.734877
ACGTACTTTGGCACGG-1,0.000046,0.000046,0.451977,0.476867,0.071063
ACGTAGATTGCTGATG-1,0.000018,0.000018,0.979523,0.006649,0.013792
ACGTAGGAGAGTCGCT-1,0.000018,0.112623,0.75484,0.091843,0.040676
ACGTATTACTCCGATC-1,0.165842,0.504372,0.233778,0.027913,0.068095
ACGTCTCGTTCCGGGA-1,0.055572,0.000048,0.457084,0.079686,0.40761
ACGTGACAAAGTAAGT-1,0.047334,0.001333,0.393162,0.057566,0.500606
ACGTGCGCCTCGTGCA-1,0.000083,0.006384,0.27378,0.303974,0.415779
ACGTTAATGTCGAAGA-1,0.000022,0.033538,0.791323,0.175072,0.000045
ACGTTAGATTTGCCCG-1,0.030269,0.000068,0.602537,0.234052,0.133073
ACGTTCACTATGCCGC-1,0.001539,0.023455,0.873396,0.00986,0.091751
ACGTTCGCAATCAATT-1,0.021277,0.242378,0.500681,0.171471,0.064192
ACGTTCGTTCAGGAAA-1,0.031283,0.008555,0.673529,0.284483,0.00215
ACGTTCTGTACAAGTC-1,0.926211,0.000063,0.000316,0.073284,0.000126
ACGTTGTCGTTGAAAG-1,0.00002,0.00002,0.781322,0.060898,0.15774
ACGTTTAGTTGTGATC-1,0.000077,0.000077,0.665251,0.061619,0.272976
ACGTTTCGGTGCACTT-1,0.559783,0.000033,0.436503,0.003616,0.000065
ACTAATACGTCAGGCG-1,0.000037,0.000037,0.863451,0.000037,0.13644
ACTACAAAGAGAGGTG-1,0.006457,0.073225,0.479049,0.279977,0.161292
ACTACATCCCGACAAG-1,0.006198,0.005863,0.501684,0.054768,0.431487
ACTACCAGCTCTCTGG-1,0.000063,0.000063,0.905925,0.008968,0.084981
ACTACCATCCGAGGGC-1,0.08776,0.000047,0.478328,0.246916,0.186948
ACTACGCGTTAGAATT-1,0.019887,0.002594,0.516963,0.362265,0.09829
ACTAGTTGCGATCGTC-1,0.765879,0.029694,0.008722,0.073045,0.12266
ACTATATGCTGTGTTC-1,0.000035,0.004703,0.968792,0.000088,0.026381
ACTATCCAGGGCATGG-1,0.098732,0.031865,0.473112,0.388628,0.007663
ACTATCTGCCCGCGTA-1,0.813703,0.00006,0.00834,0.123844,0.054051
ACTATGTCCAGCTGCC-1,0.000041,0.016194,0.604112,0.023337,0.356316
ACTATTCGTCCGTGGT-1,0.000203,0.000203,0.743519,0.000203,0.255871
ACTATTTCCGGGCCCA-1,0.021133,0.019479,0.759992,0.000023,0.199373
ACTCAAGTGCAAGGCT-1,0.487729,0.121997,0.385447,0.004778,0.000049
ACTCAATAAAGGCACG-1,0.032273,0.102159,0.293207,0.343622,0.228738
ACTCATGGCAGCCTTC-1,0.000035,0.012821,0.327812,0.000035,0.659298
ACTCCAATATCATCAT-1,0.039472,0.07751,0.880792,0.000027,0.002199
ACTCCCATTCCTAAAG-1,0.00005,0.069631,0.166957,0.00005,0.763311
ACTCCCGAATTCGTTT-1,0.000024,0.257381,0.424236,0.005691,0.312668
ACTCCCGTAGACTAGG-1,0.131509,0.002526,0.743974,0.101561,0.02043
ACTCCCTAATGCTAAA-1,0.066731,0.03519,0.664706,0.23217,0.001202
ACTCCCTAGAATAGTA-1,0.097603,0.000352,0.612314,0.000023,0.289708
ACTCCGGCCGACCACT-1,0.894853,0.000969,0.000165,0.000033,0.103981
ACTCGCCGTTCGATAA-1,0.994712,0.00003,0.005168,0.00003,0.00006
ACTCGCGATCTGACGC-1,0.014637,0.16635,0.516439,0.147674,0.1549
ACTCGTAACCCGTCCT-1,0.000028,0.000028,0.968965,0.000028,0.030952
ACTCGTCAGTAATCCC-1,0.000035,0.185061,0.199129,0.446067,0.169708
ACTCTCTGACTTAGGT-1,0.015011,0.003476,0.95702,0.024448,0.000044
ACTCTCTTATACACGA-1,0.000121,0.002518,0.000605,0.514804,0.481951
ACTCTGACCTAATAGA-1,0.657477,0.042862,0.237823,0.000028,0.06181
ACTCTTCAGCTCCCGC-1,0.054972,0.021942,0.68216,0.031191,0.209736
ACTCTTGTATAGTAAC-1,0.000062,0.00855,0.201068,0.657777,0.132542
ACTGAAACGCCGTTAG-1,0.761468,0.000057,0.000287,0.129952,0.108235
ACTGAATGGCGAAAGT-1,0.350683,0.033849,0.138862,0.471505,0.0051
ACTGATTTAGTGATTC-1,0.158384,0.000146,0.271809,0.145366,0.424296
ACTGCCCGCCATTCTC-1,0.000035,0.000035,0.615718,0.005416,0.378797
ACTGCCGTCGTAACTC-1,0.000033,0.006639,0.861246,0.000033,0.13205
ACTGCGGACACACCGT-1,0.024089,0.216153,0.469372,0.014834,0.275553
ACTGCTCGGAAGGATG-1,0.082191,0.000128,0.000642,0.37275,0.544289
ACTGGGATGCCAGTGC-1,0.000686,0.013986,0.587445,0.237397,0.160485
ACTGTACGATACACAT-1,0.000067,0.000067,0.500696,0.499036,0.000134
ACTGTAGCACTTTGGA-1,0.000062,0.000062,0.721942,0.271451,0.006482
ACTGTCCAGGATTATA-1,0.000026,0.000059,0.816419,0.000026,0.183469
ACTGTCTTCTTTAGAA-1,0.043827,0.000351,0.392191,0.292938,0.270693
ACTTACCGGGCGCGCA-1,0.000035,0.006897,0.736138,0.000035,0.256896
ACTTACGCATCCACGC-1,0.288419,0.116715,0.000313,0.434937,0.159617
ACTTATACTTACCCGG-1,0.007559,0.102368,0.308229,0.557897,0.023947
ACTTATTAGGATCGGT-1,0.000037,0.000037,0.839077,0.071896,0.088953
ACTTATTTATGTGCCA-1,0.334161,0.093055,0.263228,0.086274,0.223281
ACTTCAGGCTGATCCC-1,0.517937,0.188993,0.00014,0.004475,0.288455
ACTTCCATGCGGGACA-1,0.720193,0.000071,0.02403,0.255564,0.000142
ACTTCCTGTCGTGCGA-1,0.208956,0.000247,0.126665,0.159211,0.50492
ACTTCGCCATACGCAC-1,0.191735,0.117633,0.389388,0.187083,0.114162
ACTTCGCTAGCGAGTG-1,0.037202,0.045891,0.73991,0.107011,0.069986
ACTTGACTCCCTCTTT-1,0.009724,0.07384,0.821141,0.001027,0.094268
ACTTGGGACCCGGTGG-1,0.000026,0.000026,0.653741,0.000026,0.346181
ACTTGGGCTTTCGCCA-1,0.13999,0.003564,0.148112,0.486929,0.221405
ACTTGTAGTCCCTTCA-1,0.076596,0.000174,0.016202,0.398742,0.508285
ACTTGTGGATGGAACG-1,0.683692,0.005236,0.000233,0.049873,0.260965
ACTTGTTACCGGATCA-1,0.100191,0.010023,0.735716,0.000018,0.154052
ACTTTACCCTCATGAA-1,0.043026,0.022007,0.537156,0.146784,0.251028
ACTTTATACACCACTT-1,0.000133,0.000133,0.000666,0.155891,0.843177
ACTTTCCTATAGCTTC-1,0.000029,0.000029,0.973871,0.000029,0.026042
ACTTTGACTGCATCCT-1,0.064256,0.000133,0.099592,0.343645,0.492373
ACTTTGGTCGTGCTCC-1,0.07595,0.002935,0.000399,0.263849,0.656867
ACTTTGTCGACGCACT-1,0.505117,0.086708,0.301373,0.000036,0.106765
AGAAATTATGACTCGC-1,0.910137,0.000035,0.022382,0.000035,0.067411
AGAACACGGCGATGGT-1,0.000039,0.000039,0.113792,0.158205,0.727926
AGAACCCAGCGTGACA-1,0.107468,0.253172,0.395386,0.008956,0.235018
AGAACCCTCAATTGGG-1,0.035154,0.000077,0.000384,0.200444,0.763942
AGAACGTGGTACATTC-1,0.000024,0.000024,0.874564,0.000024,0.125364
AGAACTGTACTTTGTA-1,0.999496,0.000056,0.00028,0.000056,0.000112
AGAAGAGCGCCGTTCC-1,0.136621,0.000329,0.67119,0.000329,0.19153
AGAAGGTACACTTCAC-1,0.042346,0.00008,0.072143,0.188555,0.696876
AGAAGGTTGCCGAATT-1,0.025902,0.000024,0.86962,0.006772,0.097682
AGAAGGTTGTAGGTCG-1,0.230526,0.014318,0.302928,0.452146,0.000082
AGAAGTGATTCGTGAT-1,0.000061,0.02066,0.643356,0.090069,0.245855
AGAATAAATCTTCAGG-1,0.097458,0.000065,0.134382,0.417637,0.350459
AGAATACAGGCTATCC-1,0.453581,0.000036,0.455919,0.000036,0.090428
AGAATGCGGGTTCGGA-1,0.000029,0.000029,0.911578,0.010605,0.077759
AGAATTATGGATTCGA-1,0.000016,0.021373,0.90183,0.076748,0.000033
AGACAGGCATCTCAGC-1,0.7322,0.00006,0.001932,0.225076,0.040733
AGACCAAACCACACCT-1,0.099421,0.000065,0.000324,0.102943,0.797247
AGACCATGGGATACAA-1,0.089925,0.000096,0.002371,0.313279,0.594328
AGACCCACCGCTGATC-1,0.000019,0.000448,0.893184,0.064525,0.041825
AGACCCGCCCTCCTCG-1,0.100028,0.000045,0.669376,0.085093,0.145458
AGACCGCTCCGCGGTT-1,0.640089,0.031047,0.072905,0.138741,0.117218
AGACCGGGAAACCCTG-1,0.000066,0.023655,0.000329,0.260676,0.715274
AGACGAAGTGCCGGTC-1,0.345534,0.058162,0.000312,0.437818,0.158173
AGACGACGATGCCGCT-1,0.000035,0.02433,0.373248,0.008422,0.593964
AGACGCCCACTTCGCC-1,0.85974,0.000036,0.000181,0.000036,0.140007
AGACGGGATTGGTATA-1,0.147944,0.000081,0.32158,0.271159,0.259236
AGACGGGCCGATTTAA-1,0.000048,0.000048,0.700841,0.000048,0.299016
AGACTAGCCTTCCAGA-1,0.000078,0.021864,0.385018,0.236535,0.356505
AGACTGTTACCGGGTC-1,0.000047,0.142505,0.424874,0.254614,0.17796
AGAGAAACACCAGAAA-1,0.002457,0.000013,0.71705,0.001465,0.279014
AGAGAACCGTCTAGGA-1,0.178728,0.00002,0.745219,0.075995,0.000039
AGAGAAGGAGTACAAT-1,0.000027,0.059436,0.93082,0.005129,0.004589
AGAGATCTCTAAAGCG-1,0.000096,0.000096,0.000481,0.601879,0.397447
AGAGCAGTTATGAGAC-1,0.154803,0.030197,0.000317,0.000063,0.81462
AGAGCCGCCGAGATTT-1,0.707212,0.000068,0.0282,0.264384,0.000136
AGAGCGGGCTAATCAT-1,0.00006,0.00006,0.848633,0.127703,0.023544
AGAGCGTACAAGCTCG-1,0.11014,0.000172,0.000862,0.277246,0.61158
AGAGGCTTCGGAAACC-1,0.713272,0.000043,0.000361,0.280845,0.00548
AGAGGGACAATTGTCC-1,0.000016,0.000016,0.990294,0.000016,0.009656
AGAGTAAACTTCACTA-1,0.341582,0.170421,0.260532,0.00003,0.227435
AGAGTATAGTGTTACG-1,0.006703,0.001754,0.782289,0.090836,0.118418
AGAGTCTTAATGAAAG-1,0.614011,0.000264,0.180677,0.000021,0.205027
AGAGTGAACAGACACC-1,0.040105,0.000059,0.1204,0.423844,0.415592
AGAGTTAGAGACCGAT-1,0.000118,0.209261,0.000592,0.174814,0.615215
AGAGTTGCAGGCCTCC-1,0.000012,0.013944,0.673663,0.000012,0.312369
AGATAACTTCAGGGCC-1,0.000023,0.000023,0.883137,0.000047,0.116769
AGATAATCACACCTAT-1,0.000081,0.000081,0.000404,0.528224,0.471211
AGATACCAATAGAACC-1,0.86558,0.000038,0.031259,0.000038,0.103083
AGATACCAGCACTTCA-1,0.015256,0.000035,0.473785,0.127559,0.383365
AGATACCGGTGTTCAC-1,0.000053,0.015419,0.63181,0.151308,0.20141
AGATACGACTTCATAT-1,0.085172,0.000073,0.324878,0.262101,0.327776
AGATACTCAAGATCGA-1,0.092869,0.035758,0.000274,0.870477,0.000622
AGATATAATACGACTA-1,0.04385,0.08629,0.770481,0.098726,0.000653
AGATCGTGCATAAGAT-1,0.00003,0.003235,0.787966,0.077674,0.131094
AGATCTCAGGTGTGAT-1,0.000029,0.000029,0.915413,0.068884,0.015644
AGATCTGGAGAGGATA-1,0.045753,0.000073,0.003754,0.503902,0.446519
AGATGACTCGCCCACG-1,0.012822,0.000141,0.622144,0.259706,0.105188
AGATGAGGGTTGCGAT-1,0.000037,0.000037,0.993925,0.000037,0.005965
AGATGATGGAGTCTGG-1,0.035926,0.04839,0.207898,0.696044,0.011743
AGATGCAAGACGTGCA-1,0.000016,0.000016,0.864269,0.000016,0.135682
AGATGCATCCTGTGTC-1,0.08345,0.00006,0.263821,0.121885,0.530783
AGATTATAGGACGTTT-1,0.000025,0.000025,0.982678,0.01637,0.000903
AGATTCAAGCGGGTCG-1,0.101865,0.000188,0.000942,0.541759,0.355246
AGATTCACAACCGATA-1,0.125831,0.000032,0.3647,0.036566,0.472871
AGCAAAGGCCGCTAGT-1,0.030191,0.028715,0.773966,0.091403,0.075724
AGCAACATATCTTATT-1,0.635208,0.015912,0.231645,0.117182,0.000053
AGCAACCGAAAGTAAT-1,0.000016,0.000016,0.952012,0.000016,0.047941
AGCACACGTTTAGACT-1,0.000064,0.000064,0.751763,0.208569,0.03954
AGCACCAGTACTCACG-1,0.053886,0.001406,0.653269,0.176223,0.115216
AGCACTACCGGCCTGT-1,0.002007,0.035917,0.233366,0.052301,0.676409
AGCACTACCTCACCAG-1,0.180822,0.00013,0.000648,0.00013,0.818271
AGCACTTAAGGACGCC-1,0.000051,0.11258,0.058222,0.000051,0.829097
AGCAGAAGGAGAAAGA-1,0.01815,0.053718,0.360462,0.552086,0.015583
AGCAGCCAGATGAATA-1,0.000021,0.107011,0.541936,0.162333,0.188699
AGCAGTCGAAGCATGC-1,0.798278,0.088561,0.044471,0.000022,0.068668
AGCATATCAATATGCT-1,0.679674,0.000059,0.003886,0.316262,0.000118
AGCATCATTTCGAAAG-1,0.00003,0.000088,0.798705,0.002938,0.19824
AGCATCGTCGATAATT-1,0.000083,0.000083,0.861032,0.000083,0.13872
AGCATTACGAGGCAAG-1,0.956114,0.000056,0.000282,0.043435,0.000113
AGCCAAGCTTTGTGTC-1,0.053067,0.004156,0.29826,0.366388,0.278129
AGCCACAGGTTACCCG-1,0.803517,0.000052,0.000258,0.19607,0.000103
AGCCACTCCCGTGCTT-1,0.000053,0.000053,0.887658,0.029498,0.082739
AGCCATATAGTATGTG-1,0.067041,0.070706,0.706781,0.0589,0.096572
AGCCCATACATGTAAG-1,0.016189,0.000034,0.950779,0.000034,0.032965
AGCCCGCAACAAGCAG-1,0.000007,0.002276,0.886722,0.000007,0.110988
AGCCCGCACTACAATG-1,0.962148,0.000032,0.000161,0.000032,0.037627
AGCCCGGCATTAGAGG-1,0.000047,0.017298,0.602611,0.244446,0.135598
AGCCCGGTAGCCTGTA-1,0.000014,0.013104,0.836198,0.000014,0.150669
AGCCCTAAGCGAAGTT-1,0.000037,0.000037,0.921884,0.000037,0.078006
AGCCCTCCCTGGTGGC-1,0.183354,0.000049,0.226869,0.119271,0.470458
AGCCCTGTCGCACCGT-1,0.020173,0.006198,0.826662,0.120444,0.026522
AGCCCTTCTAATCCGA-1,0.000044,0.000044,0.769506,0.143403,0.087004
AGCCCTTGGACATCCC-1,0.778135,0.000056,0.057795,0.137951,0.026064
AGCCGTGGCTAAATGT-1,0.000038,0.000038,0.862738,0.046916,0.09027
AGCCTAATACCCACGT-1,0.01052,0.000096,0.000478,0.533428,0.455479
AGCCTTGTCACTGATA-1,0.070993,0.000028,0.349675,0.023428,0.555876
AGCGACAGGAACGGTC-1,0.000023,0.010019,0.933887,0.048421,0.00765
AGCGACATCCCATTCA-1,0.000027,0.000027,0.993788,0.000027,0.00613
AGCGACCAACGATATT-1,0.000027,0.018211,0.713651,0.000731,0.267379
AGCGACTTTGAAGACA-1,0.059304,0.001009,0.627838,0.019971,0.291878
AGCGAGACGTGAAGGC-1,0.096959,0.000743,0.592863,0.02328,0.286155
AGCGATGCGCCTAATA-1,0.892123,0.00726,0.00018,0.000036,0.1004
AGCGCATAATGAATCG-1,0.000032,0.000032,0.559056,0.433286,0.007593
AGCGCGGGTGCCAATG-1,0.024642,0.010518,0.777995,0.008565,0.178281
AGCGCTAGAGCGATGT-1,0.000011,0.000011,0.869927,0.001453,0.128599
AGCGCTTATGGGCAAG-1,0.000056,0.018341,0.614914,0.0482,0.318489
AGCGGACACTTCGTAG-1,0.033096,0.021023,0.83189,0.02053,0.093461
AGCGGCGGTTAGCGGT-1,0.208318,0.000113,0.000564,0.373393,0.417612
AGCGGGAAGGGTCCAT-1,0.099447,0.008379,0.420287,0.222536,0.249352
AGCGGGTCTGACACTC-1,0.023725,0.015277,0.63556,0.089369,0.236068
AGCGGTTGCCGCTCTG-1,0.000019,0.000019,0.831796,0.021105,0.14706
AGCGTGGTATTCTACT-1,0.061854,0.078491,0.530323,0.326657,0.002675
AGCTAACAAGCAATGT-1,0.000034,0.023862,0.781453,0.175703,0.018947
AGCTAAGCTCCGTCCG-1,0.037501,0.000034,0.578066,0.18456,0.199839
AGCTAAGTACGCAGGC-1,0.540251,0.075182,0.028303,0.000022,0.356241
AGCTACGAATGGTGGT-1,0.999719,0.000031,0.000156,0.000031,0.000062
AGCTAGAAGCAGAAGT-1,0.000029,0.029459,0.625482,0.076417,0.268613
AGCTATTTAATCCAAC-1,0.000047,0.000047,0.88545,0.03245,0.082007
