Barcode,Topic 1,Topic 2,Topic 3to10
AAACAAGTATCTCCCA-1,0.460915,0.068565,0.47052
AAACACCAATAACTGC-1,0.014814,0.215699,0.769487
AAACAGAGCGACTCCT-1,0.046206,0.000037,0.953757
AAACAGCTTTCAGAAG-1,0.022729,0.236102,0.741169
AAACAGGGTCTATATT-1,0.000066,0.159479,0.840455
AAACAGTGTTCCTGGG-1,0.000026,0.000026,0.999949
AAACATGGTGAGAGGA-1,0.000032,0.105756,0.894212
AAACATTTCCCGGATT-1,0.766645,0.005596,0.22776
AAACCACTACACAGAT-1,0.000018,0.000018,0.999963
AAACCCGAACGAAATC-1,0.836846,0.056941,0.106213
AAACCGGAAATGTTAA-1,0.775712,0.013738,0.21055
AAACCGGGTAGGTACC-1,0.000018,0.000018,0.999964
AAACCGTTCGTCCAGG-1,0.000064,0.001456,0.99848
AAACCTAAGCAGCCGG-1,0.03348,0.003537,0.962983
AAACCTCATGAAGTTG-1,0.000032,0.039315,0.960653
AAACGAAGAACATACC-1,0.000069,0.263995,0.735935
AAACGAAGATGGAGTA-1,0.0001,0.881327,0.118573
AAACGACAGTCTTGCC-1,0.000052,0.27096,0.728988
AAACGAGACGGTTGAT-1,0.00003,0.001881,0.998089
AAACGCCCGAGATCGG-1,0.000035,0.000035,0.999931
AAACGCTGGGCACGAC-1,0.521161,0.000016,0.478823
AAACGGGCGTACGGGT-1,0.491118,0.071236,0.437646
AAACGGTTGCGAACTG-1,0.030237,0.000023,0.96974
AAACGTGTTCGCCCTA-1,0.000022,0.000022,0.999956
AAACTAACGTGGCGAC-1,0.025358,0.017795,0.956848
AAACTCGGTTCGCAAT-1,0.000032,0.036312,0.963656
AAACTCGTGATATAAG-1,0.047315,0.000016,0.952669
AAACTGCTGGCTCCAA-1,0.055629,0.000991,0.94338
AAACTTAATTGCACGC-1,0.000067,0.774081,0.225852
AAACTTGCAAACGTAT-1,0.000014,0.000014,0.999972
AAAGAATGACCTTAGA-1,0.002781,0.472827,0.524393
AAAGAATGTGGACTAA-1,0.764716,0.000016,0.235268
AAAGACATGAAGTTTA-1,0.162701,0.380286,0.457013
AAAGACCCAAGTCGCG-1,0.000081,0.43995,0.559969
AAAGACTGGGCGCTTT-1,0.000032,0.050843,0.949125
AAAGCTTGCCTACATA-1,0.148998,0.000016,0.850986
AAAGGCCCTATAATAC-1,0.017654,0.284938,0.697407
AAAGGCTACGGACCAT-1,0.000029,0.044146,0.955825
AAAGGCTCTCGCGCCG-1,0.000031,0.0049,0.995069
AAAGGGATGTAGCAAG-1,0.000022,0.000022,0.999956
AAAGGGCAGCTTGAAT-1,0.000037,0.022864,0.977098
AAAGGTAAGCTGTACC-1,0.000073,0.000073,0.999854
AAAGGTCAACGACATG-1,0.00007,0.538252,0.461678
AAAGTAGCATTGCTCA-1,0.016602,0.019712,0.963686
AAAGTCACTGATGTAA-1,0.030116,0.120689,0.849195
AAAGTCGACCCTCAGT-1,0.000022,0.000022,0.999956
AAAGTGCCATCAATTA-1,0.796845,0.089903,0.113252
AAAGTGTGATTTATCT-1,0.665586,0.017362,0.317052
AAAGTTGACTCCCGTA-1,0.4814,0.139451,0.379148
AAATAACCATACGGGA-1,0.032798,0.001469,0.965733
AAATAAGGTAGTGCCC-1,0.070372,0.051965,0.877664
AAATACCTATAAGCAT-1,0.043886,0.007228,0.948885
AAATAGCTTAGACTTT-1,0.346196,0.088443,0.565361
AAATAGGGTGCTATTG-1,0.095545,0.020489,0.883966
AAATCACTCCTAAACG-1,0.147558,0.275375,0.577067
AAATCCGATACACGCC-1,0.011863,0.000012,0.988126
AAATCGCGGAAGGAGT-1,0.000101,0.88281,0.117089
AAATCGTGTACCACAA-1,0.000013,0.000013,0.999973
AAATCTAGCCCTGCTA-1,0.924115,0.055953,0.019933
AAATCTGCCCGCGTCC-1,0.032873,0.232989,0.734138
AAATGACTGATCAAAC-1,0.000013,0.000013,0.999974
AAATGATTCGATCAGC-1,0.000049,0.000049,0.999902
AAATGCTCGTTACGTT-1,0.000049,0.555656,0.444295
AAATGGCATGTCTTGT-1,0.000047,0.000047,0.999906
AAATGGCCCGTGCCCT-1,0.000061,0.076969,0.92297
AAATGGTCAATGTGCC-1,0.062138,0.000027,0.937835
AAATTAACGGGTAGCT-1,0.000029,0.03555,0.964421
AAATTAATAAGCGCGA-1,0.000099,0.870944,0.128957
AAATTACACGACTCTG-1,0.015968,0.000027,0.984006
AAATTACCTATCGATG-1,0.00002,0.007286,0.992694
AAATTCCAGGTCCAAA-1,0.344061,0.007011,0.648928
AAATTGATAGTCCTTT-1,0.000103,0.219085,0.780812
AAATTGGTGAGAAGCA-1,0.000033,0.055107,0.94486
AAATTTACCGAAATCC-1,0.000054,0.045627,0.954319
AAATTTGCGGGTGTGG-1,0.000016,0.000019,0.999964
AACAACTGGTAGTTGC-1,0.000032,0.026982,0.972986
AACAATACATTGTCGA-1,0.000021,0.000021,0.999958
AACAATTACTCTACGC-1,0.000023,0.000023,0.999954
AACACACGCTCGCCGC-1,0.606674,0.072772,0.320554
AACACGACTGTACTGA-1,0.000046,0.000046,0.999908
AACACGAGACGCGGCC-1,0.00005,0.00005,0.9999
AACAGCTGTGTGGCAA-1,0.004278,0.012971,0.982751
AACAGGAAATCGAATA-1,0.000016,0.000016,0.999967
AACAGGATGGGCCGCG-1,0.000019,0.000019,0.999962
AACAGGTAGTATGGAT-1,0.415074,0.000024,0.584902
AACATAGCGTGTATCG-1,0.000011,0.000011,0.999979
AACATATCAACTGGTG-1,0.051852,0.002526,0.945622
AACATCGATACGTCTA-1,0.002033,0.000038,0.997929
AACATTGAAGTTGATC-1,0.070373,0.537892,0.391735
AACATTGTGACTCGAG-1,0.000035,0.044054,0.955911
AACCAAGACTTCTCTG-1,0.00002,0.00002,0.99996
AACCAGTATCACTCTT-1,0.040041,0.170026,0.789934
AACCATAGGGTTGAAC-1,0.000039,0.544415,0.455545
AACCATGGGATCGCTA-1,0.000085,0.940599,0.059316
AACCCAGAGACGGAGA-1,0.000082,0.150823,0.849095
AACCCATCCCATGATC-1,0.040142,0.378682,0.581176
AACCCGACAACCCGTG-1,0.000033,0.010595,0.989372
AACCCGAGCAGAATCG-1,0.65184,0.049261,0.2989
AACCCGATAGGGCTTC-1,0.00003,0.00003,0.99994
AACCCGCTGTATTCCA-1,0.000021,0.000021,0.999958
AACCCTACTGTCAATA-1,0.526089,0.127704,0.346207
AACCCTGGTGGAACCA-1,0.000018,0.000018,0.999965
AACCGAGCTTGGTCAT-1,0.012923,0.045543,0.941533
AACCGCTAAGGGATGC-1,0.372363,0.011905,0.615731
AACCGTTGTGTTTGCT-1,0.000052,0.111926,0.888022
AACCTAAAGCCGTCCG-1,0.000133,0.653504,0.346363
AACCTCGCTTTAGCCC-1,0.017267,0.013812,0.968921
AACCTGTCACGGAATT-1,0.012831,0.00002,0.987149
AACCTTTAAATACGGT-1,0.000015,0.016492,0.983493
AACCTTTACGACGTCT-1,0.000031,0.000031,0.999937
AACGAAAGTCGTCCCA-1,0.031711,0.745857,0.222432
AACGACCTCCTAGCCG-1,0.887134,0.038349,0.074517
AACGATAATGCCGTAG-1,0.030932,0.000022,0.969046
AACGATAGAAGGGCCG-1,0.000035,0.057529,0.942436
AACGATATGTCAACTG-1,0.061363,0.029653,0.908984
AACGCATGATCTGGGT-1,0.00003,0.00003,0.99994
AACGCGACCTTGGGCG-1,0.000032,0.015562,0.984406
AACGCGGTCTCCAGCC-1,0.000076,0.057714,0.94221
AACGCTGTTGCTGAAA-1,0.536517,0.236321,0.227162
AACGGACGTACGTATA-1,0.783518,0.000023,0.216459
AACGGCCATCTCCGGT-1,0.000013,0.000013,0.999974
AACGTACTGTGGGTAC-1,0.021691,0.048449,0.92986
AACGTCAGACTAGTGG-1,0.00006,0.047813,0.952127
AACGTCATCCGGCTTG-1,0.043566,0.01841,0.938024
AACGTCGCTGCACTTC-1,0.986201,0.000017,0.013782
AACGTGATGAAGGACA-1,0.000034,0.000034,0.999933
AACGTGCGAAAGTCTC-1,0.002538,0.000024,0.997438
AACGTTATCAGCACCT-1,0.056935,0.540065,0.403
AACGTTCTACCATTGT-1,0.99983,0.000019,0.000151
AACTACCCGTTTGTCA-1,0.515675,0.266009,0.218316
AACTAGGCTTGGGTGT-1,0.009569,0.005793,0.984637
AACTCAAGTTAATTGC-1,0.000015,0.000015,0.99997
AACTCCAGAGCGTGTT-1,0.500575,0.275836,0.223589
AACTCCTAATCCCATG-1,0.000097,0.18108,0.818823
AACTCTCAATAGAGCG-1,0.039756,0.037173,0.923071
AACTCTCAGTGTGCTC-1,0.000031,0.000031,0.999937
AACTGAGGTCAGCGTC-1,0.000033,0.000033,0.999934
AACTGAGTTATACTGA-1,0.331981,0.074272,0.593747
AACTGATATTAGGCCT-1,0.000066,0.164741,0.835192
AACTGGGTCCCGACGT-1,0.00001,0.00001,0.99998
AACTGGGTTCGAGCCG-1,0.000083,0.555901,0.444016
AACTGGTGTGGGCCTT-1,0.009786,0.874973,0.115241
AACTTCTGCGTCTATC-1,0.160098,0.734761,0.105141
AACTTGCCCGTATGCA-1,0.000026,0.000026,0.999948
AACTTTACGGGAGCTT-1,0.03337,0.294277,0.672354
AACTTTCTCGATCATG-1,0.000029,0.000029,0.999942
AAGAAAGTTTGATGGG-1,0.000054,0.69755,0.302396
AAGAAATCACCAGATT-1,0.070656,0.003862,0.925482
AAGACATACGTGGTTT-1,0.888183,0.020975,0.090842
AAGACCAAATAACTCA-1,0.000067,0.695106,0.304827
AAGACCCAACTGAACA-1,0.046108,0.004778,0.949114
AAGACTCACGCCCACT-1,0.032069,0.591295,0.376636
AAGACTGCAAGCTACT-1,0.022158,0.000015,0.977827
AAGAGATGAATCGGTA-1,0.000046,0.038783,0.96117
AAGAGCTCTTTATCGG-1,0.033836,0.055692,0.910472
AAGAGGATGTACGCGA-1,0.000049,0.000049,0.999903
AAGAGGCATGGATCGC-1,0.000017,0.000017,0.999966
AAGAGGCCCTTTGGAA-1,0.687278,0.000021,0.312701
AAGATGGCACCGGACC-1,0.000035,0.022829,0.977136
AAGATTGGCGGAACGT-1,0.29316,0.086837,0.620004
AAGCACCCTGCGTATC-1,0.116714,0.000017,0.88327
AAGCATACTCTCCTGA-1,0.141124,0.000019,0.858857
AAGCCACTTGCAGGTA-1,0.043692,0.000015,0.956293
AAGCCGAAGCGGTTTA-1,0.779737,0.125536,0.094727
AAGCCGCCGTGAAATC-1,0.000052,0.220055,0.779893
AAGCCGCTTTACCTTG-1,0.06105,0.00002,0.93893
AAGCCGGAGAGCAGGA-1,0.759899,0.01644,0.223662
AAGCGCAGGGCTTTGA-1,0.047439,0.008018,0.944543
AAGCGGAGTGCGCGCA-1,0.00002,0.00002,0.999959
AAGCGGCGTCATGGGT-1,0.000064,0.000064,0.999872
AAGCGTCCCTCATCGA-1,0.000028,0.000028,0.999944
AAGCTAGATCGAGTAA-1,0.032405,0.079649,0.887946
AAGCTATGGATTGACC-1,0.047372,0.575596,0.377032
AAGCTCGTGCCAAGTC-1,0.000041,0.044459,0.9555
AAGCTCTTTCATGGTG-1,0.162142,0.022515,0.815343
AAGGAGAACTTATAAG-1,0.068674,0.340815,0.590511
AAGGAGCGGTTGGTGC-1,0.000061,0.000061,0.999877
AAGGATCGATCGCTTG-1,0.444292,0.033721,0.521987
AAGGATGAGGGACCTC-1,0.061641,0.001403,0.936956
AAGGCAGGCTGTCTCC-1,0.289543,0.166536,0.543921
AAGGCGCGTAAAGCTT-1,0.000051,0.00934,0.990608
AAGGCTGTGCTCATCG-1,0.000013,0.000013,0.999975
AAGGGAACGACTGGCT-1,0.000076,0.295683,0.704241
AAGGGACAGATTCTGT-1,0.154556,0.000036,0.845408
AAGGGACTATGCATTC-1,0.000069,0.0255,0.974431
AAGGGTTAGCCATGCG-1,0.940838,0.03448,0.024682
AAGGGTTTGATTTCAG-1,0.000078,0.62509,0.374833
AAGGTATCCTAATATA-1,0.000031,0.000031,0.999938
AAGGTGATAAACCAGC-1,0.441613,0.06075,0.497637
AAGTAGAAGACCGGGT-1,0.000034,0.000034,0.999932
AAGTAGTGACGCGAGG-1,0.000041,0.052764,0.947195
AAGTCAATTGTCGTCA-1,0.354143,0.000035,0.645821
AAGTCTAGTAGCTGCC-1,0.000028,0.000028,0.999943
AAGTCTTCTGTGGCCT-1,0.002963,0.743681,0.253356
AAGTGACGACCGAATT-1,0.00007,0.035449,0.964481
AAGTGAGTCGGGTTTA-1,0.000031,0.000031,0.999938
AAGTGCAAAGGTAGAC-1,0.00009,0.537335,0.462575
AAGTGCCTTGACTGTA-1,0.705938,0.002355,0.291706
AAGTGCGTTAGAATCT-1,0.000039,0.04482,0.955141
AAGTGCTTCTCTATTG-1,0.000021,0.000021,0.999959
AAGTGTTTGGAGACGG-1,0.160273,0.000048,0.839679
AAGTTCACTCCAAGCT-1,0.078191,0.11971,0.802099
AAGTTCAGTCTGCGTA-1,0.06113,0.121279,0.81759
AAGTTCGGCCAACAGG-1,0.01711,0.002414,0.980475
AAGTTGTGATGTTATA-1,0.927785,0.000017,0.072198
AAGTTTACTAATGGCA-1,0.000071,0.61616,0.383769
AAGTTTATGGGCCCAA-1,0.016771,0.093712,0.889517
AATAACAACGCTCGGC-1,0.000023,0.000023,0.999954
AATAACACTAGAACAA-1,0.015449,0.000046,0.984504
AATAACGTCGCGCCCA-1,0.996371,0.000013,0.003616
AATAAGTCCTCGAGAC-1,0.000041,0.002737,0.997222
AATAATCTTCGTATCG-1,0.70808,0.000017,0.291903
AATACAATGTTTCAGG-1,0.000035,0.056119,0.943846
AATACCGGAGGGCTGT-1,0.000023,0.000023,0.999955
AATACCTGATGTGAAC-1,0.829589,0.000017,0.170394
AATAGAACAGAGTGGC-1,0.00004,0.093824,0.906136
AATAGAATCTGTTTCA-1,0.207338,0.232603,0.560059
AATAGCAAGCCTCCTG-1,0.000054,0.000054,0.999891
AATAGCTACCGCGTGC-1,0.000028,0.000028,0.999944
AATAGGCACGACCCTT-1,0.000021,0.000021,0.999958
AATAGTCCGTCCCGAC-1,0.207325,0.095354,0.697321
AATAGTCGCGAGTCGG-1,0.000108,0.65817,0.341723
AATATCAAGGTCGGAT-1,0.000092,0.940641,0.059267
AATATCCTAGCAAACT-1,0.000085,0.77651,0.223405
AATATCGAATCAATGC-1,0.714758,0.023119,0.262123
AATATCGAGGGTTCTC-1,0.000033,0.047876,0.952091
AATATTGGAGTATTGA-1,0.00002,0.00002,0.99996
AATCAGGTTTCATTTA-1,0.000038,0.000038,0.999924
AATCATGTAAAGACTC-1,0.806333,0.048653,0.145014
AATCCAAGGGCCTGAG-1,0.013176,0.000031,0.986793
AATCCCGCTCAGAGCC-1,0.007559,0.000013,0.992428
AATCGAGGTCTCAAGG-1,0.076589,0.092634,0.830777
AATCGCCTCAGCGCCA-1,0.027217,0.006194,0.966588
AATCGCGCAGAGGACT-1,0.293829,0.208458,0.497712
AATCGGGACACTACGA-1,0.000033,0.001971,0.997996
AATCGGTATAGCCCTC-1,0.785848,0.000016,0.214136
AATCGTGAGCCGAGCA-1,0.132628,0.000014,0.867358
AATCTAGGTTTACTTG-1,0.00005,0.069738,0.930212
AATCTATGCCGGAGCC-1,0.009751,0.046258,0.94399
AATCTCTACTGTGGTT-1,0.000056,0.002533,0.997411
AATCTGCGTTGGGACG-1,0.084,0.005057,0.910944
AATCTGGCTTTCTAGT-1,0.000076,0.187475,0.81245
AATCTGGGTAGACCCT-1,0.000071,0.0052,0.994728
AATGACAGCAATGTCT-1,0.000025,0.000025,0.999951
AATGACGTAGGATGTC-1,0.007599,0.03749,0.954912
AATGACTGTCAGCCGG-1,0.000054,0.000054,0.999893
AATGATGATACGCTAT-1,0.000018,0.000018,0.999964
AATGATGCGACTCCTG-1,0.000021,0.000021,0.999958
AATGCAACCGGGTACC-1,0.000062,0.058475,0.941464
AATGCACCAAGCAATG-1,0.079897,0.000024,0.920079
AATGGCCGCCAATGCG-1,0.000053,0.038569,0.961377
AATGGTCCACCGTTCA-1,0.000026,0.029626,0.970347
AATGGTTCTCACAAGC-1,0.000032,0.00759,0.992378
AATGTATGGCACTGTA-1,0.000109,0.671283,0.328608
AATGTGCCCGAGGTGT-1,0.000061,0.002123,0.997816
AATGTGCTAATCTGAG-1,0.000018,0.000018,0.999963
AATGTTAAGACCCTGA-1,0.175262,0.000615,0.824124
AATGTTGTCGTGAGAC-1,0.99906,0.000738,0.000202
AATTAAAGGTCGGCGT-1,0.008145,0.001197,0.990658
AATTAACGGATTTCCA-1,0.069283,0.027312,0.903404
AATTACGAGACCCATC-1,0.23494,0.65565,0.10941
AATTAGCGCTGCAGCG-1,0.000013,0.000013,0.999973
AATTATACCCAGCAAG-1,0.017515,0.000015,0.98247
AATTCATAAGGGATCT-1,0.346755,0.067807,0.585437
AATTCATTGTCATGCA-1,0.000108,0.680868,0.319024
AATTCCAAGCATGTAC-1,0.007256,0.003452,0.989292
AATTCGATTCGAGGAT-1,0.000016,0.000016,0.999968
AATTCTAGAGTTAGGC-1,0.00005,0.027941,0.97201
AATTGAACGCTCTGGT-1,0.230697,0.001466,0.767837
AATTGCAGCAATCGAC-1,0.74691,0.122807,0.130283
AATTGCGTGGATTACA-1,0.000081,0.845499,0.154419
AATTGTGGTTGCCAAA-1,0.877295,0.039369,0.083336
AATTTGGGACATAGTA-1,0.00004,0.00004,0.999919
AATTTGGTTCCAAAGA-1,0.000047,0.000047,0.999907
ACAAACCATGCGTCCT-1,0.000045,0.673444,0.326511
ACAAACCGACAAGGCG-1,0.053169,0.387172,0.559659
ACAAACTCCATCAGAG-1,0.000016,0.000016,0.999968
ACAAAGAAGGTAGGCC-1,0.000089,0.79001,0.209901
ACAAAGCATGACCTAG-1,0.920516,0.000013,0.079471
ACAAATCGCACCGAAT-1,0.228993,0.107797,0.66321
ACAAATGGTAGTGTTT-1,0.135435,0.214292,0.650273
ACAAATTCAGATCTGA-1,0.000052,0.060656,0.939292
ACAACAGCATGAGCTA-1,0.000024,0.02579,0.974185
ACAACGGTCCCTGCGA-1,0.000045,0.006784,0.993171
ACAAGCAGTGCCTAGC-1,0.000038,0.000038,0.999924
ACAAGCTATATGGAAG-1,0.000097,0.820499,0.179404
ACAAGGAAATCCGCCC-1,0.00001,0.00001,0.999979
ACAAGGACAAGAGGTT-1,0.000037,0.017883,0.98208
ACAAGGATGCTTTAGG-1,0.238312,0.023139,0.738549
ACAAGGCCTACCAGCC-1,0.020962,0.000063,0.978975
ACAAGGGCAGGCTCTG-1,0.022834,0.029334,0.947832
ACAAGTAATTGTAAGG-1,0.000937,0.220026,0.779037
ACAATAGTCGTACGTT-1,0.000029,0.000029,0.999941
ACAATCCATTTAAACC-1,0.013406,0.029309,0.957285
ACAATCGATCTTTATA-1,0.088725,0.455868,0.455407
ACAATGAATACGGAGA-1,0.000036,0.043009,0.956956
ACAATGATTCTTCTAC-1,0.000066,0.040415,0.959519
ACAATTGTGTCTCTTT-1,0.742171,0.124144,0.133685
ACAATTTAGGAGGCTC-1,0.000072,0.48363,0.516298
ACAATTTGAGCAGTGG-1,0.000029,0.039955,0.960016
ACAATTTGGCCATATT-1,0.162095,0.079889,0.758016
ACACAAAGACGGGTGG-1,0.000027,0.008554,0.991419
ACACAAATATTCCTAG-1,0.054631,0.00004,0.945329
ACACACCAGGACCAGT-1,0.333359,0.034579,0.632062
ACACACTTTCTACACG-1,0.000021,0.000021,0.999957
ACACATGATCAAATCT-1,0.000077,0.537792,0.462131
ACACATTTCCGTAGAC-1,0.000021,0.000021,0.999957
ACACCACATAATTAGC-1,0.004686,0.000021,0.995293
ACACCCAGCATGCAGC-1,0.000029,0.000029,0.999942
ACACCCGAGAAATCCG-1,0.000026,0.006311,0.993663
ACACCCGTAAATCTGT-1,0.00007,0.503698,0.496232
ACACCGGTCTGACCGC-1,0.379065,0.419485,0.20145
ACACCTTAAGTAGGGC-1,0.000058,0.09446,0.905481
ACACCTTACTACTTGC-1,0.275639,0.000018,0.724343
ACACGAGACTCCTTCT-1,0.13799,0.002716,0.859294
ACACGGCACTATGCAT-1,0.000053,0.004737,0.995209
ACACGGGAACTTAGGG-1,0.000032,0.000032,0.999936
ACACGTAGGCCACAAG-1,0.844878,0.036101,0.119021
ACACTCCAATGTCACT-1,0.000079,0.959158,0.040763
ACACTGATCAAGGTGT-1,0.000057,0.000057,0.999886
ACACTGGGACAGTCGT-1,0.999812,0.000021,0.000167
ACAGAACTGAGAACAA-1,0.000049,0.011074,0.988876
ACAGATTAGGTTAGTG-1,0.000038,0.170857,0.829105
ACAGCATAGAGCCAGT-1,0.00003,0.000266,0.999703
ACAGCGACATTCTCAT-1,0.620805,0.07965,0.299545
ACAGCGCACCCGCAGC-1,0.000093,0.000093,0.999815
ACAGGCACGGATCCTT-1,0.739303,0.115545,0.145152
ACAGGCTTGCCCGACT-1,0.258298,0.028708,0.712994
ACAGGTGGAGGTGAGG-1,0.000025,0.00904,0.990935
ACAGGTGTGTTGTTGC-1,0.031284,0.958356,0.010359
ACAGTAATACAACTTG-1,0.000041,0.001648,0.998311
ACAGTATACCGTGGGA-1,0.000042,0.003272,0.996686
ACAGTGCAGCGCATTT-1,0.000052,0.588205,0.411742
ACATAAGTCGTGGTGA-1,0.000102,0.839882,0.160016
ACATAATAAGGCGGTG-1,0.000022,0.000022,0.999955
ACATACAATCAAGCGG-1,0.619423,0.064924,0.315653
ACATCAGCTGGGACGC-1,0.000036,0.02648,0.973484
ACATCCCGGCCATACG-1,0.072198,0.019658,0.908145
ACATCCTGGTAACTGT-1,0.374738,0.111805,0.513456
ACATCGATCGTTTACC-1,0.000061,0.102643,0.897296
ACATCGCAATATTCGG-1,0.00872,0.122442,0.868838
ACATCGGTCAGCCGCG-1,0.073237,0.009522,0.917241
ACATCGTATGCAATGG-1,0.054818,0.135262,0.80992
ACATCGTTAACCTAGT-1,0.000064,0.012745,0.987191
ACATCTCAACGCGTAA-1,0.000109,0.463291,0.536599
ACATGCTTACGGCAGC-1,0.000039,0.386796,0.613165
ACATGGCGCCAAAGTA-1,0.514684,0.001035,0.484281
ACATTAGTTTATATCC-1,0.176542,0.085037,0.738421
ACATTCGCGCGGAATA-1,0.000046,0.181725,0.818229
ACATTTGAAACCTAAC-1,0.903635,0.000019,0.096346
ACCAAACACCCAGCGA-1,0.000023,0.009315,0.990662
ACCAAACTAGAAATCC-1,0.000045,0.861827,0.138128
ACCAACACCACACACT-1,0.147745,0.002003,0.850252
ACCAACCGCACTCCAC-1,0.678751,0.117654,0.203595
ACCAACGCTTATTTAT-1,0.000034,0.03294,0.967026
ACCAAGAACGCGTGTC-1,0.00005,0.095225,0.904725
ACCAAGTCATCGGCAG-1,0.991008,0.000016,0.008976
ACCAATATGCAAGTTA-1,0.003255,0.012892,0.983853
ACCACAACTCAGAACA-1,0.00004,0.00004,0.99992
ACCACAAGTTTCTATC-1,0.185448,0.000031,0.814521
ACCACACGGTTGATGG-1,0.2214,0.017403,0.761197
ACCACCAATGTAACAA-1,0.191351,0.039857,0.768792
ACCACCCTCTCTTCTA-1,0.000041,0.014248,0.985711
ACCACGTGCAGCTATA-1,0.140404,0.034876,0.824721
ACCAGACCATAACAAC-1,0.00006,0.798833,0.201108
ACCAGCCCGGTCTTTG-1,0.000056,0.201682,0.798261
ACCAGTGCCCGGTCAA-1,0.000051,0.000051,0.999897
ACCAGTGCGGGAGACG-1,0.734168,0.00627,0.259562
ACCATATCCGCAATAA-1,0.01635,0.000014,0.983636
ACCATCCGCCAACTAG-1,0.022091,0.21078,0.767129
ACCATCGTATATGGTA-1,0.000041,0.001322,0.998637
ACCCAACGCCCGTGGC-1,0.092167,0.023594,0.884239
ACCCACCTACATGCTC-1,0.000037,0.059197,0.940765
ACCCATCTTGAGGGTA-1,0.000029,0.000029,0.999942
ACCCATTTGTCCCTCT-1,0.992571,0.007196,0.000233
ACCCGAGCGAAATTAC-1,0.000025,0.016022,0.983953
ACCCGATTGGTTCCGA-1,0.00003,0.010041,0.989928
ACCCGGAAACTCCCAG-1,0.005542,0.000015,0.994442
ACCCGGAGCACCACAA-1,0.736026,0.130901,0.133073
ACCCGGATGACGCATC-1,0.38199,0.000024,0.617987
ACCCGGTTACACTTCC-1,0.000043,0.000043,0.999914
ACCCGTAGCAGAGAAT-1,0.315685,0.594354,0.089961
ACCCGTAGTCTAGTTG-1,0.976917,0.000019,0.023064
ACCCGTGTCATCAGTA-1,0.142239,0.000066,0.857695
ACCCTATGCCATATCG-1,0.000101,0.000101,0.999797
ACCCTCCCGTCAGGGC-1,0.858702,0.02486,0.116437
ACCCTCCCTTGCTATT-1,0.329593,0.114435,0.555971
ACCCTGGTAACGCCCT-1,0.014347,0.000021,0.985632
ACCCTTCATCTGCGAA-1,0.000027,0.031759,0.968214
ACCCTTGCCTGGGTCG-1,0.00002,0.00002,0.99996
ACCCTTTAGTTCTCCA-1,0.000048,0.000048,0.999904
ACCGAAAGGGCCCTGC-1,0.000033,0.16712,0.832847
ACCGAAGAGTCTGGTT-1,0.000079,0.846676,0.153245
ACCGACACATCTCCCA-1,0.007778,0.002446,0.989776
ACCGACTGAGTCCCAC-1,0.066316,0.013198,0.920486
ACCGAGTCTCCTTATT-1,0.005054,0.000011,0.994935
ACCGATAGGCATAACC-1,0.912307,0.018313,0.06938
ACCGATATTTAATCAT-1,0.766128,0.000024,0.233848
ACCGATGGTAGCATCG-1,0.073031,0.001184,0.925785
ACCGCAATAACTGCCT-1,0.003465,0.059474,0.937061
ACCGCGGTGGAAGTCG-1,0.683674,0.000026,0.3163
ACCGCTAGTCATTGGT-1,0.00002,0.00002,0.99996
ACCGGGCCTTTGTTGA-1,0.547,0.108535,0.344465
ACCGGTCAGGTACACC-1,0.000066,0.625317,0.374617
ACCGGTCTGAGTACGG-1,0.000071,0.03924,0.960689
ACCGTCCACTGGGCCC-1,0.000059,0.681643,0.318297
ACCGTGACCACGTGGG-1,0.000889,0.035412,0.963699
ACCGTTCCCGCTCTGA-1,0.000108,0.691405,0.308487
ACCTAAGTACCTTTCA-1,0.00002,0.00002,0.999961
ACCTAATCGACTTCCT-1,0.000057,0.018047,0.981896
ACCTACAGTATGTGGT-1,0.348776,0.009085,0.642139
ACCTACTATAAATCTA-1,0.00017,0.001746,0.998084
ACCTCAGCGAGGCGCA-1,0.620242,0.095151,0.284606
ACCTCCGCCCTCGCTG-1,0.176804,0.000014,0.823181
ACCTCCGTTATTCACC-1,0.015287,0.000028,0.984685
ACCTCGAACTTATGCT-1,0.02292,0.735425,0.241655
ACCTGCGTGTCATGTT-1,0.000028,0.000028,0.999944
ACGAAATGGGCGGCAC-1,0.000033,0.024213,0.975754
ACGACCCATGAGTTGC-1,0.61939,0.000017,0.380593
ACGACTCTAGGGCCGA-1,0.59384,0.006213,0.399947
ACGACTGGTCATACTC-1,0.000031,0.007587,0.992382
ACGAGATATTTGCTTA-1,0.000088,0.021762,0.97815
ACGAGGATACCACTCT-1,0.000033,0.000033,0.999934
ACGAGGTTTACAACGT-1,0.029226,0.838946,0.131828
ACGAGTACGGATGCCC-1,0.008098,0.000024,0.991877
ACGATACATAGAACTA-1,0.000021,0.000021,0.999958
ACGATACCTATCCTGA-1,0.006405,0.843337,0.150258
ACGATCATACATAGAG-1,0.110566,0.050497,0.838937
ACGATCATCTTGTAAA-1,0.10761,0.146398,0.745992
ACGATGCATATGTTAT-1,0.000041,0.015544,0.984415
ACGATGGATCCGATGC-1,0.000045,0.010599,0.989355
ACGCAAACTAATAGAT-1,0.000018,0.000018,0.999965
ACGCAATCACTACAGC-1,0.044569,0.000024,0.955407
ACGCATAAATGACATG-1,0.029641,0.001099,0.96926
ACGCATACGTTTACTA-1,0.934005,0.000026,0.065969
ACGCATTCGTGAGTAC-1,0.00002,0.00002,0.999959
ACGCCACTCGAAACAG-1,0.000063,0.027701,0.972235
ACGCCAGATGATTTCT-1,0.00003,0.002078,0.997892
ACGCCAGTGCGTTTGC-1,0.380355,0.000013,0.619632
ACGCCCAGCTGTCGAT-1,0.000097,0.757087,0.242816
ACGCCGCTAGACGACC-1,0.000025,0.000025,0.999949
ACGCGAAGTCAGACGA-1,0.017588,0.000036,0.982376
ACGCGCTACACAGGGT-1,0.000046,0.02429,0.975664
ACGCGGGCCAAGGACA-1,0.0806,0.008329,0.911071
ACGCGTTTCTTAAGAG-1,0.000096,0.955372,0.044532
ACGCTACTGAATGGGC-1,0.960076,0.000028,0.039896
ACGCTAGTATCAGTGC-1,0.006864,0.470459,0.522676
ACGCTAGTGATACACT-1,0.000037,0.000037,0.999927
ACGCTGTGAGGCGTAG-1,0.000062,0.098501,0.901436
ACGCTTAGTGTCTCTC-1,0.000199,0.417291,0.58251
ACGGAACACGAGTGCC-1,0.667463,0.039478,0.293059
ACGGAATTTAGCAAAT-1,0.00007,0.942425,0.057505
ACGGACGCAGCGACAA-1,0.000037,0.737562,0.262401
ACGGACTCTCAAAGCG-1,0.03701,0.079734,0.883256
ACGGAGCGCAAATTAC-1,0.00003,0.00288,0.99709
ACGGATGGTGCGGATA-1,0.004543,0.026756,0.968701
ACGGCACTTGCTTGGG-1,0.008229,0.106638,0.885133
ACGGCCAACATGGACT-1,0.012438,0.000015,0.987546
ACGGCGACGATGGGAA-1,0.203917,0.004172,0.79191
ACGGCTGGATGTAGAA-1,0.020371,0.707675,0.271954
ACGGGAGTGTCGGCCC-1,0.000031,0.000031,0.999938
ACGGGCGTATGCGACA-1,0.011235,0.050042,0.938724
ACGGGTTGTGACCTGT-1,0.051606,0.50783,0.440565
ACGGTACAGTTCAATG-1,0.685523,0.055423,0.259054
ACGGTCACCGAGAACA-1,0.023199,0.648878,0.327923
ACGTACAGATTTCTCT-1,0.000019,0.000019,0.999962
ACGTACTTTGGCACGG-1,0.000024,0.00313,0.996846
ACGTAGATTGCTGATG-1,0.000073,0.083742,0.916185
ACGTAGGAGAGTCGCT-1,0.009983,0.052756,0.937261
ACGTATTACTCCGATC-1,0.673619,0.157043,0.169338
ACGTCGGGCAACTCGG-1,0.037617,0.536502,0.425882
ACGTCTCGTTCCGGGA-1,0.000078,0.854984,0.144938
ACGTGACAAAGTAAGT-1,0.000089,0.924132,0.075779
ACGTGCGCCTCGTGCA-1,0.000059,0.017309,0.982632
ACGTGGTCGAATGTGC-1,0.000136,0.42932,0.570544
ACGTTAATGTCGAAGA-1,0.000018,0.000018,0.999964
ACGTTAGATTTGCCCG-1,0.000067,0.03392,0.966013
ACGTTATTGGTCACTC-1,0.000116,0.654523,0.345361
ACGTTCACTATGCCGC-1,0.000021,0.000021,0.999958
ACGTTCCGCGCTCCGT-1,0.000084,0.346421,0.653495
ACGTTCGCAATCAATT-1,0.205554,0.033116,0.76133
ACGTTCGTTCAGGAAA-1,0.000034,0.000044,0.999921
ACGTTCTGTACAAGTC-1,0.463478,0.133395,0.403128
ACGTTGTCGTTGAAAG-1,0.000027,0.000027,0.999946
ACGTTTAGTTGTGATC-1,0.03841,0.044347,0.917243
ACGTTTCGGTGCACTT-1,0.999811,0.000021,0.000168
ACTAAGGACGCACACC-1,0.000026,0.000026,0.999948
ACTAATACGTCAGGCG-1,0.000083,0.000083,0.999834
ACTACAAAGAGAGGTG-1,0.012598,0.000021,0.987381
ACTACATCCCGACAAG-1,0.201978,0.539168,0.258854
ACTACCAGCTCTCTGG-1,0.000041,0.036462,0.963497
ACTACCATCCGAGGGC-1,0.000024,0.000024,0.999953
ACTACGCGTTAGAATT-1,0.005573,0.041141,0.953285
ACTAGTTGCGATCGTC-1,0.784834,0.095595,0.11957
ACTATATGCTGTGTTC-1,0.000121,0.008297,0.991582
ACTATCCAGGGCATGG-1,0.524971,0.025378,0.449651
ACTATCTGCCCGCGTA-1,0.739986,0.057362,0.202651
ACTATGTCCAGCTGCC-1,0.000049,0.492638,0.507313
ACTATTCGTCCGTGGT-1,0.000032,0.003394,0.996574
ACTATTTCCGGGCCCA-1,0.000025,0.000624,0.999351
ACTCAAGTGCAAGGCT-1,0.11111,0.12204,0.76685
ACTCAATAAAGGCACG-1,0.008098,0.000051,0.991851
ACTCAGACCTGCTTCT-1,0.000069,0.998494,0.001437
ACTCATGGCAGCCTTC-1,0.007331,0.684235,0.308434
ACTCCAATATCATCAT-1,0.000023,0.000023,0.999953
ACTCCCATTCCTAAAG-1,0.029267,0.000029,0.970704
ACTCCCGAATTCGTTT-1,0.246395,0.008198,0.745407
ACTCCCGTAGACTAGG-1,0.035499,0.000734,0.963766
ACTCCCTAATGCTAAA-1,0.094797,0.000014,0.905188
ACTCCCTAGAATAGTA-1,0.074848,0.038463,0.886689
ACTCCGGCCGACCACT-1,0.70518,0.023255,0.271564
ACTCGCCGTTCGATAA-1,0.868876,0.000022,0.131102
ACTCGCGATCTGACGC-1,0.119576,0.000018,0.880406
ACTCGTAACCCGTCCT-1,0.000063,0.000091,0.999845
ACTCGTCAGTAATCCC-1,0.067734,0.008075,0.924192
ACTCTAAACCTGGGAT-1,0.030068,0.804681,0.165252
ACTCTCTGACTTAGGT-1,0.000057,0.010824,0.98912
ACTCTCTTATACACGA-1,0.000062,0.000062,0.999875
ACTCTGACCTAATAGA-1,0.638747,0.034509,0.326744
ACTCTTCAGCTCCCGC-1,0.001903,0.000025,0.998072
ACTCTTGTATAGTAAC-1,0.06593,0.000043,0.934027
ACTGAAACGCCGTTAG-1,0.872138,0.060635,0.067227
ACTGAATGGCGAAAGT-1,0.40176,0.061528,0.536712
ACTGATTTAGTGATTC-1,0.000094,0.000094,0.999811
ACTGCCCGCCATTCTC-1,0.000029,0.008962,0.991009
ACTGCCGTCGTAACTC-1,0.000045,0.008327,0.991627
ACTGCGGACACACCGT-1,0.129277,0.02151,0.849213
ACTGCTCGGAAGGATG-1,0.000078,0.845608,0.154314
ACTGGCGAACCTGCGT-1,0.05758,0.001581,0.940839
ACTGGGATGCCAGTGC-1,0.003271,0.000356,0.996372
ACTGTACGATACACAT-1,0.019504,0.009456,0.97104
ACTGTAGCACTTTGGA-1,0.000024,0.001248,0.998729
ACTGTATACGCGAGCA-1,0.000073,0.502173,0.497754
ACTGTCCAGGATTATA-1,0.013296,0.008869,0.977835
ACTGTCTTCTTTAGAA-1,0.000026,0.000026,0.999948
ACTGTGCTAGTAGATC-1,0.000134,0.823628,0.176237
ACTGTTTAGTGTAGGC-1,0.000093,0.929158,0.07075
ACTTACCGGGCGCGCA-1,0.000142,0.000142,0.999716
ACTTACGCATCCACGC-1,0.001971,0.000022,0.998007
ACTTAGTACGACAAGA-1,0.038177,0.708723,0.2531
ACTTATACTTACCCGG-1,0.009978,0.038763,0.951259
ACTTATTAGGATCGGT-1,0.075089,0.000503,0.924409
ACTTATTTATGTGCCA-1,0.311561,0.228761,0.459678
ACTTCAGGCTGATCCC-1,0.390086,0.075262,0.534652
ACTTCCAGTGGAAGCT-1,0.000116,0.815196,0.184688
ACTTCCATGCGGGACA-1,0.056887,0.060048,0.883065
ACTTCCTGTCGTGCGA-1,0.029775,0.561005,0.40922
ACTTCGCCATACGCAC-1,0.000061,0.041809,0.95813
ACTTCGCTAGCGAGTG-1,0.010161,0.000048,0.989791
ACTTGACTCCCTCTTT-1,0.028699,0.004284,0.967017
ACTTGCCATATTGTAC-1,0.026393,0.485801,0.487806
ACTTGCTCTATCTACC-1,0.082239,0.598399,0.319362
ACTTGGGACCCGGTGG-1,0.000054,0.006523,0.993423
ACTTGGGCTTTCGCCA-1,0.027644,0.020418,0.951938
ACTTGTAGTCCCTTCA-1,0.000098,0.2612,0.738702
ACTTGTGGATGGAACG-1,0.602143,0.078028,0.319829
ACTTGTTACCGGATCA-1,0.00006,0.004313,0.995628
ACTTTACCCTCATGAA-1,0.02924,0.00896,0.9618
ACTTTATACACCACTT-1,0.011535,0.669365,0.3191
ACTTTCCTATAGCTTC-1,0.000058,0.014259,0.985683
ACTTTGACTGCATCCT-1,0.000042,0.00078,0.999178
ACTTTGGTCGTGCTCC-1,0.003003,0.832005,0.164992
ACTTTGTCGACGCACT-1,0.509398,0.000017,0.490585
AGAAATTATGACTCGC-1,0.920354,0.000018,0.079629
AGAACACGGCGATGGT-1,0.013778,0.606461,0.379761
AGAACCCAGCGTGACA-1,0.123935,0.133102,0.742963
AGAACCCTCAATTGGG-1,0.000073,0.871806,0.128121
AGAACGTGGTACATTC-1,0.000026,0.000026,0.999948
AGAACTGTACTTTGTA-1,0.45035,0.000019,0.549632
AGAAGAGCGCCGTTCC-1,0.038953,0.150546,0.8105
AGAAGGTACACTTCAC-1,0.000104,0.410453,0.589442
AGAAGGTTGCCGAATT-1,0.005498,0.000037,0.994465
AGAAGGTTGTAGGTCG-1,0.090377,0.001957,0.907666
AGAAGTGATTCGTGAT-1,0.000024,0.000024,0.999951
AGAATAAATCTTCAGG-1,0.000063,0.130333,0.869604
AGAATACAGGCTATCC-1,0.874824,0.021389,0.103787
AGAATGCGGGTTCGGA-1,0.00009,0.00009,0.999819
AGAATTATGGATTCGA-1,0.033388,0.003997,0.962614
AGAATTGTTTGACATA-1,0.007145,0.801171,0.191684
AGACAGCTCAGAATCC-1,0.010091,0.844336,0.145573
AGACAGGCATCTCAGC-1,0.756037,0.018131,0.225832
AGACATAGATCCTTCC-1,0.020694,0.899503,0.079803
AGACCAAACCACACCT-1,0.000092,0.576136,0.423772
AGACCATGGGATACAA-1,0.000047,0.031243,0.96871
AGACCCACCGCTGATC-1,0.000038,0.031327,0.968635
AGACCCGCCCTCCTCG-1,0.000028,0.000028,0.999945
AGACCGCTCCGCGGTT-1,0.897814,0.035709,0.066476
AGACCGGGAAACCCTG-1,0.000026,0.015253,0.984721
AGACGAAGTGCCGGTC-1,0.747782,0.009072,0.243145
AGACGACGATGCCGCT-1,0.0163,0.036071,0.947629
AGACGCCCACTTCGCC-1,0.679262,0.083354,0.237385
AGACGGGATTGGTATA-1,0.039401,0.794757,0.165841
AGACGGGCCGATTTAA-1,0.000067,0.000067,0.999865
AGACTAGCCTTCCAGA-1,0.035884,0.005007,0.959108
AGACTGTTACCGGGTC-1,0.000029,0.000029,0.999941
AGAGAAACACCAGAAA-1,0.000018,0.000018,0.999963
AGAGAACCGTCTAGGA-1,0.25168,0.098977,0.649343
AGAGAAGGAGTACAAT-1,0.000059,0.002935,0.997007
AGAGATCTCTAAAGCG-1,0.054765,0.055078,0.890156
AGAGCAGTTATGAGAC-1,0.000057,0.138781,0.861162
AGAGCCGCCGAGATTT-1,0.690108,0.112886,0.197006
AGAGCGCTTGTAACGG-1,0.045715,0.000027,0.954258
AGAGCGGGCTAATCAT-1,0.03758,0.062178,0.900241
AGAGCGTACAAGCTCG-1,0.000036,0.000036,0.999928
AGAGGCTTCGGAAACC-1,0.865605,0.031813,0.102583
AGAGGGACAATTGTCC-1,0.000017,0.000017,0.999967
AGAGGTATCTCGGTCC-1,0.087919,0.052713,0.859368
AGAGTAAACTTCACTA-1,0.654676,0.200098,0.145226
AGAGTATAGTGTTACG-1,0.000014,0.000014,0.999972
AGAGTCTTAATGAAAG-1,0.923804,0.024817,0.051379
AGAGTGAACAGACACC-1,0.043028,0.359139,0.597833
AGAGTTAGAGACCGAT-1,0.000047,0.062553,0.9374
AGAGTTGCAGGCCTCC-1,0.000032,0.000032,0.999937
AGATAACTTCAGGGCC-1,0.020576,0.004134,0.97529
AGATAATCACACCTAT-1,0.06174,0.20589,0.732369
AGATACCAATAGAACC-1,0.794952,0.086406,0.118641
AGATACCAGCACTTCA-1,0.006569,0.009975,0.983456
AGATACCGGTGTTCAC-1,0.015735,0.000021,0.984245
AGATACGACTTCATAT-1,0.00005,0.136735,0.863215
AGATACTCAAGATCGA-1,0.232499,0.036963,0.730539
AGATATAATACGACTA-1,0.072918,0.000016,0.927066
AGATCGTGCATAAGAT-1,0.000028,0.000028,0.999943
AGATCTCAGGTGTGAT-1,0.028628,0.000035,0.971337
AGATCTGGAGAGGATA-1,0.000064,0.748558,0.251378
AGATGACTCGCCCACG-1,0.000045,0.000045,0.999909
AGATGAGGGTTGCGAT-1,0.000029,0.000029,0.999943
AGATGATGGAGTCTGG-1,0.425938,0.029476,0.544586
AGATGCAAGACGTGCA-1,0.000056,0.006081,0.993862
AGATGCATCCTGTGTC-1,0.017157,0.752844,0.229998
AGATTATAGGACGTTT-1,0.052639,0.001861,0.9455
AGATTCAAGCGGGTCG-1,0.000057,0.170352,0.829591
AGATTCACAACCGATA-1,0.124607,0.384532,0.490861
AGCAAAGGCCGCTAGT-1,0.008784,0.000771,0.990445
AGCAACATATCTTATT-1,0.535259,0.056524,0.408217
AGCAACCGAAAGTAAT-1,0.00679,0.004299,0.988911
AGCACACGTTTAGACT-1,0.009754,0.122841,0.867405
AGCACCAGTACTCACG-1,0.000037,0.000037,0.999925
AGCACTACCGGCCTGT-1,0.000031,0.000031,0.999937
AGCACTACCTCACCAG-1,0.071228,0.132582,0.796191
AGCACTTAAGGACGCC-1,0.000066,0.006199,0.993735
AGCAGAAGGAGAAAGA-1,0.009316,0.039779,0.950905
AGCAGCCAGATGAATA-1,0.010212,0.028276,0.961512
AGCAGTCGAAGCATGC-1,0.052324,0.007657,0.940019
AGCATATCAATATGCT-1,0.312172,0.126775,0.561053
AGCATCATTTCGAAAG-1,0.00004,0.00004,0.999919
AGCATCGTCGATAATT-1,0.000095,0.066097,0.933807
AGCATTACGAGGCAAG-1,0.923305,0.034724,0.041971
AGCCAAGCTTTGTGTC-1,0.021584,0.00002,0.978396
AGCCACAGGTTACCCG-1,0.22498,0.152293,0.622727
AGCCACTCCCGTGCTT-1,0.000032,0.000032,0.999937
AGCCATATAGTATGTG-1,0.003654,0.04361,0.952736
AGCCCATACATGTAAG-1,0.000038,0.030032,0.969929
AGCCCGCAACAAGCAG-1,0.10892,0.027138,0.863941
AGCCCGCACTACAATG-1,0.987564,0.012281,0.000155
AGCCCGGCATTAGAGG-1,0.02054,0.000026,0.979434
AGCCCGGTAGCCTGTA-1,0.000042,0.000042,0.999915
AGCCCTAAGCGAAGTT-1,0.055525,0.023405,0.92107
AGCCCTCCCTGGTGGC-1,0.000022,0.000022,0.999955
AGCCCTGTCGCACCGT-1,0.050991,0.00007,0.948939
AGCCCTTCTAATCCGA-1,0.000028,0.000028,0.999944
AGCCCTTGGACATCCC-1,0.999863,0.000015,0.000121
AGCCGCAAATTCAAAT-1,0.081613,0.847297,0.07109
AGCCGTGGCTAAATGT-1,0.000031,0.009195,0.990774
AGCCTAATACCCACGT-1,0.000102,0.194414,0.805485
AGCCTTAAAGCGGAAG-1,0.000073,0.773493,0.226434
AGCCTTGTCACTGATA-1,0.055049,0.40106,0.543891
AGCGACAGGAACGGTC-1,0.004223,0.024222,0.971554
AGCGACATCCCATTCA-1,0.000063,0.115857,0.88408
AGCGACCAACGATATT-1,0.116983,0.013796,0.869222
AGCGACTTTGAAGACA-1,0.000012,0.000012,0.999975
AGCGAGACGTGAAGGC-1,0.000049,0.40285,0.597101
AGCGATGCGCCTAATA-1,0.323433,0.000013,0.676554
AGCGCATAATGAATCG-1,0.000022,0.006999,0.992979
AGCGCGGGTGCCAATG-1,0.03271,0.002958,0.964332
AGCGCTAGAGCGATGT-1,0.204921,0.015663,0.779416
AGCGCTTATGGGCAAG-1,0.000035,0.000035,0.999931
AGCGGACACTTCGTAG-1,0.113207,0.028121,0.858672
AGCGGCGGTTAGCGGT-1,0.000108,0.381707,0.618185
AGCGGGAAGGGTCCAT-1,0.000079,0.802073,0.197848
AGCGGGTCTGACACTC-1,0.004777,0.000018,0.995205
AGCGGTTGAGATGTAC-1,0.01223,0.567205,0.420565
AGCGGTTGCCGCTCTG-1,0.056589,0.008963,0.934449
AGCGTGGTATTCTACT-1,0.000038,0.000038,0.999925
AGCGTTCCGATTTAAA-1,0.000059,0.315318,0.684623
AGCTAACAAGCAATGT-1,0.00004,0.009599,0.990361
AGCTAAGCTCCGTCCG-1,0.003364,0.000023,0.996613
AGCTAAGTACGCAGGC-1,0.127475,0.005564,0.866961
AGCTACGAATGGTGGT-1,0.911523,0.014892,0.073584
AGCTAGAAGCAGAAGT-1,0.000019,0.000019,0.999962
AGCTATTTAATCCAAC-1,0.000039,0.00731,0.992651
AGCTCCATATATGTTC-1,0.847725,0.065458,0.086818
AGCTCCTTCGCACATC-1,0.445022,0.006402,0.548575
AGCTCGTTGATGGAAA-1,0.00005,0.010448,0.989502
AGCTCTAGACGTTCCA-1,0.087005,0.023299,0.889695
AGCTCTTCCCAGTGCA-1,0.016706,0.000029,0.983265
AGCTCTTCGTAACCTT-1,0.101929,0.042192,0.855879
AGCTCTTTACTCAGTT-1,0.000057,0.010369,0.989574
AGCTGAAGTAAACCAA-1,0.081336,0.000021,0.918644
AGCTGCATTTGAGGTG-1,0.000107,0.547509,0.452384
AGCTGCTGTGCCGAAT-1,0.012055,0.184146,0.803799
AGCTGTAACCTCAATC-1,0.000065,0.000596,0.999339
AGCTTCAATACTTTGA-1,0.044186,0.456652,0.499162
AGCTTCTTCTCGAGCA-1,0.959649,0.008952,0.031398
AGCTTGATCAGGGTAG-1,0.000063,0.694677,0.30526
AGCTTGATCTTAACTT-1,0.000075,0.013363,0.986562
AGGAACGAACGACTTC-1,0.963202,0.003567,0.033231
AGGAAGCTGTCCGCCG-1,0.030346,0.000017,0.969637
AGGACAGTCGAATCCC-1,0.170326,0.032468,0.797206
AGGACATCGCACGTCG-1,0.103466,0.022781,0.873753
AGGACATCGGCACACT-1,0.92772,0.06098,0.011299
AGGACGACCCATTAGA-1,0.000061,0.000061,0.999878
AGGACGCTCGATGTTG-1,0.000022,0.000022,0.999956
AGGAGACATCCACAGT-1,0.000013,0.000013,0.999973
AGGAGAGTCTGGCTAC-1,0.000317,0.064962,0.934722
AGGAGCGTTTATTATC-1,0.928801,0.020706,0.050494
AGGAGGCCTTCGCGCG-1,0.851877,0.036107,0.112016
AGGATAAAGTCGGGAT-1,0.115926,0.118842,0.765232
AGGATATAGGGATTTA-1,0.557292,0.171813,0.270895
AGGATATCCGACTGCA-1,0.574675,0.022975,0.40235
AGGATCACGCGATCTG-1,0.00003,0.110935,0.889034
AGGATTGCTTACGACA-1,0.027148,0.008256,0.964596
AGGCACGTGACTGTCC-1,0.782866,0.132591,0.084543
AGGCAGATGCGTAAAC-1,0.000018,0.000018,0.999964
AGGCAGGGAGCGTACT-1,0.000062,0.000101,0.999838
AGGCATTGTCGTAGGG-1,0.372142,0.000029,0.627829
AGGCCACATTGGTTAC-1,0.188713,0.064895,0.746392
AGGCCACCCGTTATGA-1,0.000047,0.007063,0.99289
AGGCCCATTGTACAGG-1,0.00007,0.042849,0.957081
AGGCCCTAGAACGCCA-1,0.000027,0.046744,0.95323
AGGCCTATCATACCAA-1,0.000029,0.013463,0.986508
AGGCCTGAGAATCTCG-1,0.218059,0.012786,0.769155
AGGCGATAACTGGCGT-1,0.905582,0.024166,0.070253
AGGCGGTTTGTCCCGC-1,0.000124,0.593899,0.405977
AGGCGTCTATGGACGG-1,0.000073,0.134719,0.865208
AGGCTATGGTTAGCTT-1,0.00006,0.00006,0.99988
AGGCTTAAGTTGCACA-1,0.09542,0.100161,0.804419
AGGCTTCCCGAAGAAG-1,0.000055,0.076574,0.923371
AGGCTTGCTAGACACC-1,0.000072,0.007355,0.992573
AGGGAAACGAGGTACT-1,0.000027,0.000027,0.999946
AGGGACCGGCTGCGTT-1,0.089324,0.076974,0.833702
AGGGACTCTACGCGAC-1,0.000041,0.000592,0.999368
AGGGAGACATACTTCG-1,0.000026,0.052156,0.947819
AGGGCAGCGGCGTGGT-1,0.092172,0.001473,0.906355
AGGGCCCTAATGTTCT-1,0.613797,0.000017,0.386186
AGGGCGAGCAGCTGAT-1,0.000025,0.002937,0.997037
AGGGCGTGATCGGCTA-1,0.000048,0.031463,0.968489
AGGGCTGCAGTTACAG-1,0.085273,0.004369,0.910358
AGGGTCAGAGCACTCG-1,0.000033,0.000033,0.999933
AGGGTCAGTAACCCTA-1,0.049105,0.038789,0.912105
AGGGTCGATGCGAACT-1,0.281728,0.009412,0.70886
AGGGTCTGGACGCAGT-1,0.67899,0.201543,0.119466
AGGGTGCCGTTCTTTA-1,0.000042,0.065814,0.934144
AGGGTGCTCTCGAGGG-1,0.150427,0.086044,0.763529
AGGGTGGATAGTGCAT-1,0.000074,0.469485,0.530441
AGGGTGTGCTACACGC-1,0.000071,0.052795,0.947134
AGGGTTCAGACGGTCC-1,0.000018,0.051204,0.948778
AGGGTTCCCTTTGGTT-1,0.000029,0.000029,0.999941
AGGGTTTAGTTCGGGA-1,0.000046,0.001302,0.998652
AGGTAACCTCCTATTC-1,0.000122,0.36514,0.634738
AGGTACGATATTGCCA-1,0.00003,0.004692,0.995278
AGGTAGATCGAGATAT-1,0.000019,0.010993,0.988988
AGGTAGGTACAAAGCT-1,0.000021,0.000021,0.999959
AGGTATAATTGATAGT-1,0.353321,0.000017,0.646662
AGGTATGCGGACATTA-1,0.157442,0.000539,0.842019
AGGTCAGGTGAGAGTG-1,0.000043,0.000043,0.999914
AGGTCGCCTCCCAACA-1,0.866076,0.052084,0.08184
AGGTCGCGGAGTTACT-1,0.070971,0.012843,0.916186
AGGTGCACGTCCACAT-1,0.735705,0.141206,0.123089
AGGTGGTGACCTTCGC-1,0.000023,0.000023,0.999954
AGGTGTATCGCCATGA-1,0.000042,0.006807,0.993151
AGGTGTTGCCGACCAC-1,0.934751,0.000019,0.06523
AGGTTACACCATGCCG-1,0.143765,0.000014,0.856221
AGGTTCTCCTTTCCGG-1,0.000079,0.729926,0.269995
AGGTTGAGGCACGCTT-1,0.000012,0.000012,0.999976
AGGTTTCACACACCTT-1,0.000019,0.000019,0.999962
AGTAACGTTCATCCTG-1,0.000078,0.001819,0.998103
AGTAACTATAGCAGCC-1,0.873612,0.049684,0.076704
AGTAAGGGACAGAATC-1,0.904954,0.003763,0.091283
AGTAATCTAAGGGTGG-1,0.003232,0.000012,0.996757
AGTAATGTCTTGCCGC-1,0.000066,0.194187,0.805747
AGTAATTTGCAAGCGT-1,0.002942,0.533046,0.464012
AGTACAGAAGCTTATA-1,0.042137,0.036031,0.921832
AGTACATCATTTATCA-1,0.068057,0.055192,0.876752
AGTACCTTCGAGTGCT-1,0.000095,0.000095,0.999809
AGTACGGCCCGTATCG-1,0.000031,0.056917,0.943053
AGTACGGGCACCTGGC-1,0.048279,0.039724,0.911996
AGTACGTGGCCTGTCT-1,0.000049,0.056008,0.943944
AGTACTCTTATGCCCA-1,0.259394,0.371817,0.368789
AGTAGAAGGCGCCTCA-1,0.000017,0.000017,0.999965
AGTAGCGTGAACGAAC-1,0.030141,0.738001,0.231857
AGTAGCTAGACGCCGA-1,0.000052,0.000052,0.999897
AGTAGGAAGGAAGTTG-1,0.000091,0.000091,0.999818
AGTAGGTAACATACAT-1,0.000064,0.000064,0.999872
AGTATAATACTAGGCA-1,0.000035,0.000035,0.999931
AGTATACACAGCGACA-1,0.000035,0.004242,0.995723
AGTATGCTGGAGACCA-1,0.000497,0.055762,0.943741
AGTATTTGGCACGACC-1,0.000038,0.000038,0.999925
AGTCAAATGATGTGAT-1,0.000016,0.000016,0.999967
AGTCAACACCACCATC-1,0.006573,0.036489,0.956938
AGTCAAGATGACACTT-1,0.153083,0.000017,0.846901
AGTCACTAGCTCTCGA-1,0.87639,0.096789,0.026821
AGTCAGCCACCGCCTG-1,0.000072,0.855761,0.144167
AGTCCATTGGCTGATG-1,0.327187,0.000037,0.672776
AGTCCCGCCTTTAATT-1,0.00003,0.022208,0.977762
AGTCCCTCGCAGAAAG-1,0.058627,0.000022,0.941351
AGTCGAAACGATTCAG-1,0.050499,0.396271,0.553231
AGTCGAATTAGCGTAA-1,0.96028,0.029367,0.010353
AGTCGACGGTCTCAAG-1,0.243017,0.188143,0.568839
AGTCGGCCCAAACGAC-1,0.000029,0.000029,0.999942
AGTCGGCTCAACTTTA-1,0.007148,0.089861,0.90299
AGTCGGTTGCGTGAGA-1,0.462582,0.10486,0.432558
AGTCGTATAAAGCAGA-1,0.014874,0.003156,0.98197
AGTCGTCGACCACCAA-1,0.30445,0.000018,0.695531
AGTCGTGGGCATTACG-1,0.000064,0.05266,0.947277
AGTCTAAAGTATACTC-1,0.109869,0.0084,0.881731
AGTCTCACAAGACTAC-1,0.092143,0.000028,0.90783
AGTCTGGACATCCTTG-1,0.000062,0.533469,0.466469
AGTCTTCTCCTCAAAT-1,0.060929,0.007544,0.931527
AGTCTTTAAAGTGTCC-1,0.008226,0.061149,0.930626
AGTGAACAAACTTCTC-1,0.432182,0.000016,0.567802
AGTGAAGATGGTGTCC-1,0.000019,0.000019,0.999962
AGTGACCTACTTTACG-1,0.143839,0.084187,0.771974
AGTGACTGTGACACAA-1,0.00002,0.00002,0.99996
AGTGAGACTTCCAGTA-1,0.189505,0.000558,0.809937
AGTGAGCCTCGCCGCC-1,0.03212,0.002771,0.965109
AGTGAGGGTTTCTGAC-1,0.000024,0.000024,0.999951
AGTGAGTCGAATTAAC-1,0.983318,0.000019,0.016663
AGTGATAACCTGCGCG-1,0.23896,0.000012,0.761028
AGTGATATGAGTAGTT-1,0.000031,0.060548,0.939421
AGTGATTCAAGCAGGA-1,0.002556,0.003141,0.994303
AGTGCACGCTTAAGAA-1,0.779612,0.032297,0.188091
AGTGCGTAGCTCGTAA-1,0.033712,0.020143,0.946145
AGTGCTAAACACAGCA-1,0.478114,0.276509,0.245377
AGTGCTTGCACGAATA-1,0.270915,0.113166,0.615919
AGTGGCCCGCAAATGG-1,0.626362,0.188411,0.185227
AGTGGCGGCAATTTGA-1,0.011578,0.179884,0.808538
AGTGGCGTCTGAAGGT-1,0.047974,0.167959,0.784067
AGTGGCTCCGTCGGCC-1,0.000041,0.000041,0.999918
AGTGGTGTTACCCGTG-1,0.000076,0.532577,0.467347
AGTGGTTGCGTATAGG-1,0.00007,0.500332,0.499598
AGTGTATTGCGCATTG-1,0.000028,0.000028,0.999945
AGTGTGGTCTATTGTG-1,0.00004,0.103745,0.896216
AGTTAAACACTTGCGA-1,0.014018,0.000018,0.985963
AGTTAAGCGGTCCCGG-1,0.000033,0.003281,0.996686
AGTTAAGTCAACCGCT-1,0.000032,0.000032,0.999935
AGTTACCCTTAAGACT-1,0.075949,0.787282,0.136769
AGTTACCGCACATGGT-1,0.000061,0.246792,0.753147
AGTTACTCTATCGTGG-1,0.037007,0.005568,0.957425
AGTTATTCAGACTGTG-1,0.909183,0.038289,0.052528
AGTTATTGAAAGGTAA-1,0.000103,0.611794,0.388103
AGTTCCTACAGAATTA-1,0.000057,0.018968,0.980975
AGTTCCTATTTATGTT-1,0.000037,0.025666,0.974297
AGTTGACGGTCCTTGC-1,0.00001,0.00001,0.999981
AGTTGCGGTCCTCAAC-1,0.050504,0.419856,0.52964
AGTTGCTGACTGATAT-1,0.000136,0.803733,0.196131
AGTTGGCAAGGCTAGA-1,0.86307,0.011118,0.125812
