Barcode,Topic 1,Topic 2to3,Topic 4to13
AAACAAGTATCTCCCA-1,0.00002,0.500457,0.499523
AAACAATCTACTAGCA-1,0.00014,0.027717,0.972143
AAACACCAATAACTGC-1,0.000053,0.028132,0.971816
AAACAGAGCGACTCCT-1,0.000029,0.05381,0.946161
AAACAGCTTTCAGAAG-1,0.000054,0.001473,0.998473
AAACAGGGTCTATATT-1,0.00005,0.0001,0.99985
AAACAGTGTTCCTGGG-1,0.00002,0.000039,0.999941
AAACATGGTGAGAGGA-1,0.590953,0.000049,0.408998
AAACATTTCCCGGATT-1,0.000019,0.793891,0.20609
AAACCCGAACGAAATC-1,0.000017,0.849064,0.15092
AAACCGGAAATGTTAA-1,0.000022,0.814105,0.185872
AAACCGGGTAGGTACC-1,0.000014,0.000028,0.999958
AAACCGTTCGTCCAGG-1,0.000049,0.000097,0.999854
AAACCTAAGCAGCCGG-1,0.00001,0.051894,0.948096
AAACCTCATGAAGTTG-1,0.000024,0.014468,0.985508
AAACGAAGAACATACC-1,0.000053,0.000105,0.999842
AAACGAAGATGGAGTA-1,0.000076,0.000151,0.999773
AAACGAGACGGTTGAT-1,0.000023,0.007618,0.992359
AAACGCCCGAGATCGG-1,0.000026,0.000053,0.999921
AAACGCTGGGCACGAC-1,0.000012,0.658035,0.341953
AAACGGGCGTACGGGT-1,0.013412,0.543303,0.443285
AAACGGGTTGGTATCC-1,0.000217,0.037016,0.962767
AAACGGTTGCGAACTG-1,0.000018,0.033346,0.966636
AAACGTGTTCGCCCTA-1,0.000017,0.000034,0.99995
AAACTAACGTGGCGAC-1,0.000052,0.000104,0.999844
AAACTCGGTTCGCAAT-1,0.000024,0.015202,0.984774
AAACTCGTGATATAAG-1,0.000012,0.048249,0.951739
AAACTGCTGGCTCCAA-1,0.000013,0.066549,0.933438
AAACTTAATTGCACGC-1,0.000051,0.008726,0.991224
AAACTTGCAAACGTAT-1,0.000011,0.005347,0.994643
AAAGAATGACCTTAGA-1,0.323867,0.000065,0.676068
AAAGAATGTGGACTAA-1,0.000012,0.80672,0.193268
AAAGACATGAAGTTTA-1,0.000041,0.154582,0.845377
AAAGACCCAAGTCGCG-1,0.000061,0.000121,0.999818
AAAGACTGGGCGCTTT-1,0.021246,0.000049,0.978705
AAAGCTTGCCTACATA-1,0.000012,0.161513,0.838474
AAAGGCCCTATAATAC-1,0.000046,0.008887,0.991067
AAAGGCTACGGACCAT-1,0.000022,0.000044,0.999934
AAAGGCTCTCGCGCCG-1,0.000023,0.000047,0.99993
AAAGGGATGTAGCAAG-1,0.000017,0.000034,0.99995
AAAGGGCAGCTTGAAT-1,0.000029,0.000057,0.999914
AAAGGTAAGCTGTACC-1,0.000056,0.000111,0.999833
AAAGTAGCATTGCTCA-1,0.00005,0.000101,0.999849
AAAGTCACTGATGTAA-1,0.000022,0.020514,0.979464
AAAGTCGACCCTCAGT-1,0.000017,0.000034,0.999949
AAAGTGCCATCAATTA-1,0.000026,0.817056,0.182918
AAAGTGTGATTTATCT-1,0.000036,0.693024,0.306941
AAAGTTGACTCCCGTA-1,0.000035,0.511048,0.488917
AAATAACCATACGGGA-1,0.000021,0.03064,0.96934
AAATAAGGTAGTGCCC-1,0.000022,0.093933,0.906045
AAATACCTATAAGCAT-1,0.001035,0.0539,0.945065
AAATAGCTTAGACTTT-1,0.000017,0.46612,0.533862
AAATAGGGTGCTATTG-1,0.000014,0.129427,0.87056
AAATCCGATACACGCC-1,0.000009,0.018593,0.981398
AAATCGCGGAAGGAGT-1,0.000075,0.00015,0.999775
AAATCGTGTACCACAA-1,0.00001,0.000108,0.999882
AAATCTAGCCCTGCTA-1,0.000021,0.918749,0.081229
AAATCTGCCCGCGTCC-1,0.425551,0.045808,0.528641
AAATGACTGATCAAAC-1,0.00001,0.00002,0.999969
AAATGATTCGATCAGC-1,0.000038,0.000075,0.999887
AAATGCTCGTTACGTT-1,0.000037,0.000075,0.999888
AAATGGCATGTCTTGT-1,0.000036,0.000072,0.999892
AAATGGCCCGTGCCCT-1,0.000046,0.000093,0.999861
AAATGGTCAATGTGCC-1,0.000021,0.074467,0.925513
AAATGTATCTTATCCC-1,0.403326,0.031278,0.565395
AAATGTGGGTGCTCCT-1,0.000105,0.100751,0.899145
AAATTAACGGGTAGCT-1,0.000022,0.000045,0.999933
AAATTAATAAGCGCGA-1,0.071514,0.000147,0.928339
AAATTACACGACTCTG-1,0.00002,0.017434,0.982546
AAATTACCTATCGATG-1,0.006882,0.000177,0.992941
AAATTCCAGGTCCAAA-1,0.000009,0.59799,0.402001
AAATTGATAGTCCTTT-1,0.000078,0.000156,0.999766
AAATTGCGGCGGTTCT-1,0.000256,0.09075,0.908994
AAATTGGTGAGAAGCA-1,0.000025,0.00005,0.999925
AAATTTACCGAAATCC-1,0.000041,0.000082,0.999877
AAATTTGCGGGTGTGG-1,0.000013,0.006739,0.993248
AACAACTGGTAGTTGC-1,0.000024,0.000049,0.999927
AACAATACATTGTCGA-1,0.000016,0.000032,0.999952
AACAATTACTCTACGC-1,0.000018,0.000036,0.999947
AACACACGCTCGCCGC-1,0.000035,0.636735,0.36323
AACACGACTGTACTGA-1,0.000035,0.00007,0.999895
AACACGAGACGCGGCC-1,0.000038,0.000076,0.999887
AACACGCGGCCGCGAA-1,0.000145,0.042938,0.956916
AACAGCTGTGTGGCAA-1,0.000022,0.000044,0.999934
AACAGGAAATCGAATA-1,0.000013,0.000025,0.999962
AACAGGATGGGCCGCG-1,0.000015,0.000029,0.999956
AACAGGTAGTATGGAT-1,0.000019,0.539898,0.460083
AACATAGCGTGTATCG-1,0.000008,0.003814,0.996178
AACATATCAACTGGTG-1,0.000018,0.078156,0.921826
AACATCGATACGTCTA-1,0.000029,0.023535,0.976436
AACATTGAAGTTGATC-1,0.000053,0.072129,0.927818
AACATTGGTCAGCCGT-1,0.000291,0.000583,0.999126
AACATTGTGACTCGAG-1,0.002659,0.000054,0.997287
AACCAAGACTTCTCTG-1,0.001731,0.00003,0.998238
AACCAGTATCACTCTT-1,0.000037,0.08731,0.912653
AACCATAGGGTTGAAC-1,0.00003,0.02111,0.97886
AACCATGGGATCGCTA-1,0.000063,0.000127,0.99981
AACCCAGAGACGGAGA-1,0.000062,0.000123,0.999815
AACCCATCCCATGATC-1,0.000079,0.040839,0.959082
AACCCGACAACCCGTG-1,0.000025,0.00005,0.999925
AACCCGAGCAGAATCG-1,0.000016,0.654656,0.345327
AACCCGCTGTATTCCA-1,0.000016,0.000152,0.999832
AACCCTACTGTCAATA-1,0.002367,0.581985,0.415648
AACCCTGGTGGAACCA-1,0.000014,0.000027,0.999959
AACCGAGCTTGGTCAT-1,0.008278,0.039551,0.952171
AACCGCTAAGGGATGC-1,0.000025,0.436125,0.56385
AACCGTTGTGTTTGCT-1,0.058453,0.00008,0.941467
AACCTAAAGCCGTCCG-1,0.000101,0.000202,0.999697
AACCTCGCTTTAGCCC-1,0.00215,0.02293,0.97492
AACCTGTCACGGAATT-1,0.000015,0.031533,0.968452
AACCTTTAAATACGGT-1,0.000011,0.003745,0.996244
AACCTTTACGACGTCT-1,0.000024,0.000048,0.999928
AACGAAAGTCGTCCCA-1,0.00005,0.031856,0.968095
AACGACCTCCTAGCCG-1,0.012752,0.885533,0.101714
AACGATAATGCCGTAG-1,0.005563,0.079268,0.915169
AACGATAGAAGGGCCG-1,0.000027,0.000054,0.999919
AACGATATGTCAACTG-1,0.00003,0.079961,0.920009
AACGCATGATCTGGGT-1,0.000023,0.000046,0.999931
AACGCGAACGGCAACA-1,0.000191,0.000383,0.999426
AACGCGACCTTGGGCG-1,0.000025,0.000049,0.999926
AACGCGGTCTCCAGCC-1,0.000058,0.000116,0.999825
AACGCTGTTGCTGAAA-1,0.000088,0.557948,0.441965
AACGGACGTACGTATA-1,0.000018,0.855316,0.144666
AACGGCCATCTCCGGT-1,0.00001,0.00002,0.99997
AACGTACTGTGGGTAC-1,0.000034,0.021347,0.978619
AACGTAGTCTACCCAT-1,0.000205,0.000409,0.999386
AACGTCAGACTAGTGG-1,0.000045,0.000091,0.999864
AACGTCGCTGCACTTC-1,0.001092,0.998775,0.000133
AACGTGATGAAGGACA-1,0.000026,0.000051,0.999923
AACGTGCGAAAGTCTC-1,0.000018,0.009356,0.990626
AACGTTATCAGCACCT-1,0.267054,0.073265,0.65968
AACGTTCTACCATTGT-1,0.000014,0.999841,0.000145
AACTACCCGTTTGTCA-1,0.000043,0.523975,0.475983
AACTAGCGTATCGCAC-1,0.000115,0.156816,0.843068
AACTAGGCTTGGGTGT-1,0.000033,0.037672,0.962295
AACTCAAGTTAATTGC-1,0.000532,0.000023,0.999445
AACTCCAGAGCGTGTT-1,0.009029,0.57396,0.417011
AACTCCTAATCCCATG-1,0.000074,0.000148,0.999777
AACTCGATAAACACGT-1,0.000207,0.0788,0.920993
AACTCGATGGCGCAGT-1,0.077913,0.089279,0.832808
AACTCTCAATAGAGCG-1,0.000014,0.050923,0.949063
AACTCTCAGTGTGCTC-1,0.000024,0.000048,0.999928
AACTGAGGTCAGCGTC-1,0.000025,0.00005,0.999924
AACTGAGTTATACTGA-1,0.001581,0.384791,0.613628
AACTGATATTAGGCCT-1,0.034015,0.000101,0.965884
AACTGGGTCCCGACGT-1,0.000008,0.000016,0.999977
AACTGGGTTCGAGCCG-1,0.02823,0.000125,0.971645
AACTGGTGTGGGCCTT-1,0.000062,0.000124,0.999814
AACTTCTGCGTCTATC-1,0.000046,0.163902,0.836051
AACTTGCCCGTATGCA-1,0.00002,0.00004,0.99994
AACTTGCGTTCTCGCG-1,0.008301,0.021884,0.969815
AACTTTACGGGAGCTT-1,0.000028,0.093356,0.906615
AACTTTAGCTGCTGAG-1,0.000117,0.084967,0.914917
AAGAAAGTTTGATGGG-1,0.000041,0.000082,0.999878
AAGAAGGATCAGTTAG-1,0.010932,0.098029,0.89104
AAGACATACGTGGTTT-1,0.000017,0.887772,0.112211
AAGACCAAATAACTCA-1,0.006096,0.000101,0.993804
AAGACCCAACTGAACA-1,0.000011,0.044001,0.955988
AAGACTAACCCGTTGT-1,0.000226,0.039975,0.959799
AAGACTCACGCCCACT-1,0.000051,0.03377,0.966179
AAGACTGCAAGCTACT-1,0.000012,0.034781,0.965207
AAGAGATGAATCGGTA-1,0.000036,0.000071,0.999893
AAGAGCTCTTTATCGG-1,0.000032,0.114763,0.885205
AAGAGGATGTACGCGA-1,0.000037,0.000074,0.999889
AAGAGGCATGGATCGC-1,0.000013,0.0096,0.990387
AAGAGGCCCTTTGGAA-1,0.018513,0.730475,0.251011
AAGATGGCACCGGACC-1,0.000026,0.000053,0.999921
AAGATTGGCGGAACGT-1,0.092358,0.31831,0.589332
AAGCACCCTGCGTATC-1,0.000013,0.132175,0.867812
AAGCATACTCTCCTGA-1,0.000015,0.162418,0.837567
AAGCCACTTGCAGGTA-1,0.000011,0.065046,0.934943
AAGCCGAAGCGGTTTA-1,0.000032,0.809479,0.190489
AAGCCGCCGTGAAATC-1,0.00425,0.000079,0.995671
AAGCCGGAGAGCAGGA-1,0.000022,0.783886,0.216092
AAGCGCAGGGCTTTGA-1,0.000024,0.055842,0.944135
AAGCGGCGTCATGGGT-1,0.040772,0.000098,0.959129
AAGCGTCCCTCATCGA-1,0.000022,0.000043,0.999935
AAGCTAGATCGAGTAA-1,0.000019,0.03585,0.96413
AAGCTATGGATTGACC-1,0.017064,0.050014,0.932922
AAGCTCGTGCCAAGTC-1,0.000031,0.000063,0.999906
AAGCTCTTTCATGGTG-1,0.002905,0.252835,0.74426
AAGGAGAACTTATAAG-1,0.000089,0.051541,0.948369
AAGGAGCGGTTGGTGC-1,0.000047,0.000093,0.99986
AAGGATCGATCGCTTG-1,0.000021,0.620232,0.379747
AAGGATGAGGGACCTC-1,0.000033,0.079848,0.920119
AAGGCAGGCTGTCTCC-1,0.000024,0.357547,0.642429
AAGGCGCGTAAAGCTT-1,0.001767,0.000078,0.998155
AAGGCTGTGCTCATCG-1,0.00001,0.000019,0.999971
AAGGGAACGACTGGCT-1,0.000058,0.000116,0.999826
AAGGGACAGATTCTGT-1,0.000028,0.168015,0.831958
AAGGGACTATGCATTC-1,0.000052,0.000104,0.999843
AAGGGTTAGCCATGCG-1,0.000022,0.942451,0.057527
AAGGGTTTGATTTCAG-1,0.134762,0.000118,0.86512
AAGGTATCCTAATATA-1,0.005187,0.000047,0.994766
AAGGTGATAAACCAGC-1,0.000031,0.47895,0.52102
AAGTAAGCTTCCAAAC-1,0.000143,0.288858,0.710999
AAGTAGAAGACCGGGT-1,0.000026,0.000052,0.999921
AAGTAGTGACGCGAGG-1,0.000031,0.000063,0.999906
AAGTCAATTGTCGTCA-1,0.000027,0.450406,0.549567
AAGTCTTCTGTGGCCT-1,0.000061,0.000121,0.999818
AAGTGACGACCGAATT-1,0.000054,0.000107,0.999839
AAGTGAGTCGGGTTTA-1,0.000024,0.000047,0.999929
AAGTGCAAAGGTAGAC-1,0.019082,0.000135,0.980783
AAGTGCCTTGACTGTA-1,0.006021,0.799135,0.194844
AAGTGCGTTAGAATCT-1,0.053529,0.00006,0.946411
AAGTGCTTCTCTATTG-1,0.000016,0.000032,0.999952
AAGTGTTTGGAGACGG-1,0.000013,0.338064,0.661923
AAGTTCACTCCAAGCT-1,0.000035,0.211336,0.788628
AAGTTCAGTCTGCGTA-1,0.000049,0.086261,0.91369
AAGTTCGGCCAACAGG-1,0.000026,0.033747,0.966227
AAGTTGTGATGTTATA-1,0.000013,0.916834,0.083153
AAGTTTACTAATGGCA-1,0.000054,0.000108,0.999839
AAGTTTATGGGCCCAA-1,0.00002,0.029558,0.970422
AATAACAACGCTCGGC-1,0.000018,0.000035,0.999947
AATAACACTAGAACAA-1,0.000035,0.01386,0.986104
AATAACGTCGCGCCCA-1,0.00001,0.999888,0.000102
AATAAGTCCTCGAGAC-1,0.000031,0.000062,0.999907
AATAATCTTCGTATCG-1,0.000013,0.765617,0.23437
AATACAATGTTTCAGG-1,0.000026,0.000053,0.999921
AATACCGGAGGGCTGT-1,0.000017,0.000035,0.999948
AATACCTGATGTGAAC-1,0.000013,0.860794,0.139192
AATAGAACAGAGTGGC-1,0.000504,0.000062,0.999435
AATAGAATCTGTTTCA-1,0.187103,0.272055,0.540842
AATAGCAAGCCTCCTG-1,0.000042,0.000083,0.999875
AATAGCTACCGCGTGC-1,0.000022,0.000043,0.999935
AATAGTCCGTCCCGAC-1,0.000032,0.22627,0.773698
AATAGTCGCGAGTCGG-1,0.000081,0.000162,0.999758
AATATCAAGGTCGGAT-1,0.000069,0.000138,0.999793
AATATCCTAGCAAACT-1,0.018213,0.000127,0.98166
AATATCGAATCAATGC-1,0.000028,0.732097,0.267875
AATATCGAGGGTTCTC-1,0.000025,0.012683,0.987292
AATATTGGAGTATTGA-1,0.000015,0.006361,0.993624
AATCAGACTGCAGGAC-1,0.000246,0.000492,0.999263
AATCAGGTTTCATTTA-1,0.000029,0.000058,0.999913
AATCATGTAAAGACTC-1,0.000032,0.829823,0.170145
AATCCAAGGGCCTGAG-1,0.000023,0.015384,0.984592
AATCCATGCAAGGGTG-1,0.000154,0.000308,0.999538
AATCCCGCTCAGAGCC-1,0.00001,0.007064,0.992927
AATCGAGGTCTCAAGG-1,0.000018,0.091383,0.9086
AATCGCCTCAGCGCCA-1,0.000034,0.103551,0.896414
AATCGCGCAGAGGACT-1,0.000028,0.333615,0.666357
AATCGGGACACTACGA-1,0.000025,0.00005,0.999924
AATCGGTATAGCCCTC-1,0.000012,0.795976,0.204012
AATCGTGAGCCGAGCA-1,0.000011,0.173322,0.826667
AATCTAGGTTTACTTG-1,0.000038,0.000075,0.999887
AATCTATGCCGGAGCC-1,0.002639,0.014105,0.983256
AATCTCTACTGTGGTT-1,0.000043,0.000085,0.999872
AATCTGCGTTGGGACG-1,0.000019,0.225483,0.774498
AATCTGGCTTTCTAGT-1,0.000057,0.000115,0.999828
AATCTGGGTAGACCCT-1,0.000054,0.000108,0.999837
AATGACAGCAATGTCT-1,0.000019,0.000038,0.999943
AATGACGTAGGATGTC-1,0.000021,0.011886,0.988093
AATGACTGTCAGCCGG-1,0.000041,0.000082,0.999877
AATGAGTTCGCATATG-1,0.005408,0.026887,0.967705
AATGATGATACGCTAT-1,0.000014,0.000028,0.999959
AATGATGCGACTCCTG-1,0.000016,0.000032,0.999952
AATGCAACCGGGTACC-1,0.018087,0.002443,0.97947
AATGCACCAAGCAATG-1,0.000019,0.100152,0.899829
AATGGTCCACCGTTCA-1,0.00002,0.001221,0.998759
AATGGTTCTCACAAGC-1,0.000024,0.000049,0.999927
AATGTATGGCACTGTA-1,0.000081,0.000161,0.999758
AATGTGCCCGAGGTGT-1,0.000047,0.000093,0.99986
AATGTGCTAATCTGAG-1,0.000014,0.000028,0.999957
AATGTTAAGACCCTGA-1,0.000015,0.193218,0.806766
AATGTTGTCGTGAGAC-1,0.000019,0.998018,0.001963
AATTAAAGGTCGGCGT-1,0.00002,0.025527,0.974453
AATTAACGGATTTCCA-1,0.000023,0.084382,0.915595
AATTACGAGACCCATC-1,0.00006,0.22428,0.775661
AATTACTCGTACGCTC-1,0.022398,0.000356,0.977246
AATTAGCGCTGCAGCG-1,0.00001,0.000021,0.999969
AATTATACCCAGCAAG-1,0.000011,0.027199,0.972789
AATTCATAAGGGATCT-1,0.130588,0.349241,0.520171
AATTCATTGTCATGCA-1,0.000081,0.000162,0.999756
AATTCCAACTTGGTGA-1,0.000256,0.078087,0.921657
AATTCCAAGCATGTAC-1,0.000018,0.004078,0.995904
AATTCGATTCGAGGAT-1,0.000012,0.000025,0.999963
AATTCTAGAGTTAGGC-1,0.000038,0.000076,0.999885
AATTGAACGCTCTGGT-1,0.000014,0.319924,0.680062
AATTGCAGCAATCGAC-1,0.000033,0.748053,0.251914
AATTGCGTGGATTACA-1,0.000061,0.000122,0.999817
AATTGTGGTTGCCAAA-1,0.000016,0.852052,0.147932
AATTTGGGACATAGTA-1,0.000031,0.000062,0.999907
AATTTGGTTCCAAAGA-1,0.000035,0.000071,0.999894
ACAAACCATGCGTCCT-1,0.000034,0.000068,0.999898
ACAAACCGACAAGGCG-1,0.017837,0.172729,0.809434
ACAAACTCCATCAGAG-1,0.000012,0.000538,0.999449
ACAAAGAAGGTAGGCC-1,0.000066,0.000132,0.999803
ACAAAGCATGACCTAG-1,0.00001,0.944209,0.055781
ACAAATCGCACCGAAT-1,0.000015,0.352257,0.647728
ACAAATGGTAGTGTTT-1,0.000051,0.207648,0.792301
ACAAATTCAGATCTGA-1,0.00004,0.002632,0.997328
ACAACAGCATGAGCTA-1,0.000019,0.000066,0.999915
ACAACGGTCCCTGCGA-1,0.000034,0.000069,0.999897
ACAAGCAGTGCCTAGC-1,0.000029,0.000058,0.999913
ACAAGCTATATGGAAG-1,0.000072,0.000145,0.999783
ACAAGGAAATCCGCCC-1,0.000008,0.005624,0.994368
ACAAGGACAAGAGGTT-1,0.000028,0.000056,0.999916
ACAAGGATGCTTTAGG-1,0.000016,0.287377,0.712608
ACAAGGCCTACCAGCC-1,0.000048,0.015895,0.984057
ACAAGGGCAGGCTCTG-1,0.000022,0.032344,0.967634
ACAAGTAATTGTAAGG-1,0.000027,0.002179,0.997795
ACAATAGTCGTACGTT-1,0.000023,0.000045,0.999932
ACAATCCATTTAAACC-1,0.000015,0.015962,0.984023
ACAATCGATCTTTATA-1,0.075632,0.116373,0.807995
ACAATGAATACGGAGA-1,0.000027,0.000054,0.999918
ACAATGATTCTTCTAC-1,0.008452,0.000101,0.991448
ACAATTGTGTCTCTTT-1,0.023427,0.761584,0.214988
ACAATTTAGGAGGCTC-1,0.000054,0.000109,0.999837
ACAATTTGAGCAGTGG-1,0.000023,0.000045,0.999932
ACAATTTGGCCATATT-1,0.000017,0.259425,0.740559
ACACAAAGACGGGTGG-1,0.000021,0.000042,0.999937
ACACACCAGGACCAGT-1,0.000026,0.418016,0.581958
ACACACTTTCTACACG-1,0.000016,0.000033,0.999951
ACACATGATCAAATCT-1,0.000058,0.000116,0.999826
ACACATTGACGCAACA-1,0.000159,0.000319,0.999522
ACACATTTCCGTAGAC-1,0.000016,0.000033,0.999951
ACACCACATAATTAGC-1,0.000016,0.018004,0.981979
ACACCCAGCATGCAGC-1,0.000022,0.000044,0.999933
ACACCCGAGAAATCCG-1,0.00002,0.000041,0.999939
ACACCGAGCGCTCTTT-1,0.039462,0.096344,0.864194
ACACCGGTCTGACCGC-1,0.00003,0.369857,0.630112
ACACCTTAAGTAGGGC-1,0.016741,0.000089,0.98317
ACACCTTACTACTTGC-1,0.000014,0.513628,0.486358
ACACGAGACTCCTTCT-1,0.000018,0.142714,0.857268
ACACGGCACTATGCAT-1,0.000041,0.000081,0.999878
ACACGGGAACTTAGGG-1,0.000024,0.000049,0.999927
ACACGTAGGCCACAAG-1,0.000028,0.856189,0.143783
ACACTCCAATGTCACT-1,0.000059,0.000118,0.999823
ACACTGATCAAGGTGT-1,0.000043,0.000086,0.99987
ACACTGGGACAGTCGT-1,0.000016,0.999824,0.00016
ACAGAACTGAGAACAA-1,0.000038,0.000075,0.999887
ACAGATTAGGTTAGTG-1,0.000029,0.009138,0.990833
ACAGCATAGAGCCAGT-1,0.000023,0.000046,0.999931
ACAGCGACATTCTCAT-1,0.030509,0.645171,0.32432
ACAGCGCACCCGCAGC-1,0.000071,0.000141,0.999788
ACAGGCACGGATCCTT-1,0.000021,0.737918,0.262061
ACAGGCTTGCCCGACT-1,0.000016,0.300031,0.699953
ACAGGTGGAGGTGAGG-1,0.000019,0.000038,0.999943
ACAGGTGTGTTGTTGC-1,0.000065,0.025583,0.974352
ACAGTAATACAACTTG-1,0.001413,0.00232,0.996268
ACAGTATACCGTGGGA-1,0.000032,0.000064,0.999903
ACATAAGTCGTGGTGA-1,0.000076,0.000153,0.999771
ACATAATAAGGCGGTG-1,0.039978,0.000034,0.959988
ACATACAATCAAGCGG-1,0.000017,0.637403,0.36258
ACATCAGCTGGGACGC-1,0.000027,0.000055,0.999918
ACATCCCGGCCATACG-1,0.000035,0.093304,0.90666
ACATCCTGGTAACTGT-1,0.000035,0.461693,0.538272
ACATCGATCGTTTACC-1,0.000046,0.000092,0.999862
ACATCGCAATATTCGG-1,0.000033,0.013769,0.986198
ACATCGGTCAGCCGCG-1,0.000048,0.076225,0.923727
ACATCGTATGCAATGG-1,0.000022,0.176975,0.823003
ACATCGTTAACCTAGT-1,0.000049,0.000097,0.999854
ACATCTCAACGCGTAA-1,0.000082,0.000165,0.999753
ACATGGCGCCAAAGTA-1,0.000027,0.592374,0.407599
ACATGGCTCAATTTAG-1,0.000178,0.000356,0.999466
ACATTAGTTTATATCC-1,0.042856,0.194947,0.762197
ACATTCGCGCGGAATA-1,0.000035,0.00007,0.999894
ACATTTGAAACCTAAC-1,0.000015,0.898504,0.101481
ACCAAACACCCAGCGA-1,0.000017,0.002147,0.997835
ACCAAACTAGAAATCC-1,0.000034,0.004407,0.995559
ACCAACACCACACACT-1,0.000012,0.15681,0.843179
ACCAACCGCACTCCAC-1,0.000028,0.676646,0.323327
ACCAACGCTTATTTAT-1,0.000026,0.000052,0.999922
ACCAAGAACGCGTGTC-1,0.000039,0.000077,0.999884
ACCAAGTCATCGGCAG-1,0.000012,0.999866,0.000122
ACCAATATGCAAGTTA-1,0.000025,0.046189,0.953786
ACCACAACTCAGAACA-1,0.000031,0.000061,0.999908
ACCACAAGTTTCTATC-1,0.000024,0.195158,0.804819
ACCACACGGTTGATGG-1,0.000017,0.22756,0.772423
ACCACCAATGTAACAA-1,0.008825,0.435271,0.555903
ACCACCCTCTCTTCTA-1,0.000032,0.015903,0.984065
ACCACGTGCAGCTATA-1,0.015377,0.159304,0.825319
ACCACTGTTCAAGAAG-1,0.000162,0.000324,0.999514
ACCAGACCATAACAAC-1,0.000044,0.000089,0.999867
ACCAGCCCGGTCTTTG-1,0.000043,0.000085,0.999872
ACCAGGAGTGTGATCT-1,0.00014,0.178793,0.821066
ACCAGTGCCCGGTCAA-1,0.000039,0.000079,0.999882
ACCAGTGCGGGAGACG-1,0.000035,0.760018,0.239947
ACCATATCCGCAATAA-1,0.000011,0.021212,0.978777
ACCATCCGCCAACTAG-1,0.000058,0.000116,0.999826
ACCATCGTATATGGTA-1,0.000032,0.000063,0.999905
ACCATTAAGGGTGTCA-1,0.00782,0.000264,0.991916
ACCCAACGCCCGTGGC-1,0.013665,0.119598,0.866737
ACCCACCTACATGCTC-1,0.000029,0.000057,0.999914
ACCCATCTTGAGGGTA-1,0.000915,0.000045,0.99904
ACCCATTTGTCCCTCT-1,0.000022,0.983958,0.01602
ACCCGAGCGAAATTAC-1,0.000019,0.000039,0.999942
ACCCGATTGGTTCCGA-1,0.000023,0.000047,0.99993
ACCCGGAAACTCCCAG-1,0.000012,0.009869,0.990119
ACCCGGAGCACCACAA-1,0.000027,0.728835,0.271138
ACCCGGATGACGCATC-1,0.000018,0.477708,0.522274
ACCCGGTTACACTTCC-1,0.000033,0.000066,0.999901
ACCCGTAGCAGAGAAT-1,0.000034,0.307229,0.692737
ACCCGTAGTCTAGTTG-1,0.001992,0.979191,0.018817
ACCCGTGTCATCAGTA-1,0.000025,0.158507,0.841468
ACCCTATAGGACTGAG-1,0.009449,0.064282,0.926269
ACCCTATGCCATATCG-1,0.000077,0.000153,0.99977
ACCCTCCCGTCAGGGC-1,0.000022,0.879804,0.120174
ACCCTCCCTTGCTATT-1,0.000034,0.397854,0.602112
ACCCTGGTAACGCCCT-1,0.000016,0.021147,0.978837
ACCCTTCATCTGCGAA-1,0.000021,0.000042,0.999937
ACCCTTTAGTTCTCCA-1,0.000037,0.000073,0.99989
ACCGAAAGGGCCCTGC-1,0.000025,0.00005,0.999925
ACCGAAGAGTCTGGTT-1,0.000059,0.000118,0.999822
ACCGACACATCTCCCA-1,0.000017,0.016647,0.983336
ACCGACTGAGTCCCAC-1,0.000029,0.082141,0.91783
ACCGAGTCTCCTTATT-1,0.000008,0.003411,0.996581
ACCGATAGGCATAACC-1,0.001137,0.91269,0.086173
ACCGATATTTAATCAT-1,0.000018,0.775166,0.224816
ACCGATGGTAGCATCG-1,0.000017,0.108473,0.89151
ACCGCAATAACTGCCT-1,0.000022,0.059953,0.940025
ACCGCGGTGGAAGTCG-1,0.00002,0.759311,0.240668
ACCGCTAGTCATTGGT-1,0.000015,0.000215,0.99977
ACCGGGCCTTTGTTGA-1,0.000055,0.615166,0.384779
ACCGGTCAGGTACACC-1,0.00005,0.0001,0.99985
ACCGGTCTGAGTACGG-1,0.000054,0.000107,0.999839
ACCGTCCACTGGGCCC-1,0.045232,0.00009,0.954678
ACCGTGACCACGTGGG-1,0.03938,0.000047,0.960573
ACCGTTCCCGCTCTGA-1,0.000082,0.000163,0.999755
ACCTAAGTACCTTTCA-1,0.000015,0.00003,0.999955
ACCTAATCGACTTCCT-1,0.000043,0.000087,0.99987
ACCTACAGTATGTGGT-1,0.000031,0.384085,0.615883
ACCTACTATAAATCTA-1,0.000013,0.000026,0.99996
ACCTCCGCCCTCGCTG-1,0.000011,0.315953,0.684037
ACCTCCGTTATTCACC-1,0.000021,0.022139,0.977839
ACCTCGAACTTATGCT-1,0.000037,0.02057,0.979393
ACCTGCGTGTCATGTT-1,0.000021,0.000043,0.999936
ACCTTTCCTTTAGAAG-1,0.000146,0.050931,0.948923
ACGAAATGGGCGGCAC-1,0.000025,0.00005,0.999925
ACGACCCATGAGTTGC-1,0.000013,0.732099,0.267888
ACGACTCTAGGGCCGA-1,0.000014,0.612457,0.387529
ACGACTGGTCATACTC-1,0.000023,0.000047,0.99993
ACGAGAACCCATCACG-1,0.000148,0.000296,0.999555
ACGAGATATTTGCTTA-1,0.000067,0.000135,0.999798
ACGAGGATACCACTCT-1,0.001907,0.000051,0.998043
ACGAGGTTTACAACGT-1,0.041787,0.031413,0.9268
ACGAGTACGGATGCCC-1,0.000019,0.009163,0.990819
ACGAGTCGCCGGCGTT-1,0.00023,0.103503,0.896267
ACGATACATAGAACTA-1,0.000016,0.004631,0.995353
ACGATACCTATCCTGA-1,0.092231,0.007423,0.900346
ACGATCATACATAGAG-1,0.000043,0.118665,0.881293
ACGATCATCTTGTAAA-1,0.000032,0.246379,0.753589
ACGATGCATATGTTAT-1,0.000031,0.005272,0.994697
ACGATGGATCCGATGC-1,0.000035,0.000069,0.999896
ACGCAAACTAATAGAT-1,0.000014,0.000027,0.999959
ACGCAATCACTACAGC-1,0.000019,0.063477,0.936505
ACGCATAAATGACATG-1,0.000027,0.035805,0.964168
ACGCATACGTTTACTA-1,0.00002,0.939382,0.060598
ACGCATTCGTGAGTAC-1,0.000016,0.000031,0.999953
ACGCCACTCGAAACAG-1,0.00002,0.008835,0.991145
ACGCCAGATGATTTCT-1,0.000023,0.000046,0.999931
ACGCCAGTGCGTTTGC-1,0.00001,0.614704,0.385286
ACGCCCAGCTGTCGAT-1,0.000073,0.000147,0.99978
ACGCCGCTAGACGACC-1,0.000019,0.006811,0.99317
ACGCGAAGTCAGACGA-1,0.000027,0.030061,0.969912
ACGCGCTACACAGGGT-1,0.000035,0.00007,0.999895
ACGCGGGCCAAGGACA-1,0.000013,0.096849,0.903137
ACGCGTTTCTTAAGAG-1,0.16582,0.000144,0.834036
ACGCTACTGAATGGGC-1,0.000021,0.973018,0.02696
ACGCTAGTGATACACT-1,0.000028,0.001576,0.998396
ACGCTGTGAGGCGTAG-1,0.000048,0.000095,0.999857
ACGCTTAGTGTCTCTC-1,0.000147,0.000295,0.999558
ACGGAACACGAGTGCC-1,0.000022,0.678763,0.321215
ACGGAATTTAGCAAAT-1,0.000053,0.000105,0.999842
ACGGACGCAGCGACAA-1,0.000028,0.003049,0.996923
ACGGACTCTCAAAGCG-1,0.000019,0.106035,0.893946
ACGGAGCGCAAATTAC-1,0.000023,0.000046,0.999931
ACGGATGGTGCGGATA-1,0.000023,0.01648,0.983497
ACGGCACTTGCTTGGG-1,0.001824,0.041719,0.956457
ACGGCCAACATGGACT-1,0.000012,0.027973,0.972015
ACGGCGACGATGGGAA-1,0.000023,0.220705,0.779272
ACGGCGGGTTGCCCTG-1,0.000204,0.000407,0.999389
ACGGCTGGATGTAGAA-1,0.000056,0.0186,0.981343
ACGGGAGTGTCGGCCC-1,0.000024,0.000048,0.999928
ACGGGCGTATGCGACA-1,0.012614,0.03012,0.957266
ACGGGTCATGTGACTT-1,0.11547,0.024398,0.860132
ACGGGTTGTGACCTGT-1,0.011279,0.060478,0.928243
ACGGTACAGTTCAATG-1,0.00002,0.672849,0.327131
ACGGTCACCGAGAACA-1,0.000034,0.026129,0.973837
ACGTACAGATTTCTCT-1,0.000015,0.000029,0.999956
ACGTACTTTGGCACGG-1,0.000019,0.000037,0.999944
ACGTAGATTGCTGATG-1,0.000055,0.027867,0.972078
ACGTAGGAGAGTCGCT-1,0.000021,0.036318,0.963661
ACGTATTACTCCGATC-1,0.000036,0.724312,0.275652
ACGTCCTAAACGAGAT-1,0.000135,0.254349,0.745516
ACGTCGGGCAACTCGG-1,0.184269,0.036052,0.779679
ACGTCTCGTTCCGGGA-1,0.000059,0.000118,0.999823
ACGTGACAAAGTAAGT-1,0.000067,0.000134,0.999799
ACGTGCGCCTCGTGCA-1,0.000045,0.000089,0.999866
ACGTGGTCGAATGTGC-1,0.000102,0.000204,0.999694
ACGTTAATGTCGAAGA-1,0.000014,0.000028,0.999958
ACGTTAGATTTGCCCG-1,0.015255,0.000102,0.984643
ACGTTATTGGTCACTC-1,0.147604,0.000176,0.85222
ACGTTCACTATGCCGC-1,0.000016,0.000032,0.999952
ACGTTCCGCGCTCCGT-1,0.000063,0.000126,0.999811
ACGTTCGCAATCAATT-1,0.00003,0.256709,0.743262
ACGTTCGTTCAGGAAA-1,0.000026,0.000052,0.999921
ACGTTCTGTACAAGTC-1,0.000044,0.520756,0.4792
ACGTTGTCGTTGAAAG-1,0.000021,0.000042,0.999938
ACGTTTAGTTGTGATC-1,0.000052,0.036669,0.963279
ACGTTTCGGTGCACTT-1,0.000016,0.999823,0.000161
ACTAATACGTCAGGCG-1,0.000063,0.000126,0.999811
ACTACAAAGAGAGGTG-1,0.000016,0.009842,0.990142
ACTACATCCCGACAAG-1,0.000029,0.226472,0.773499
ACTACCAGCTCTCTGG-1,0.018092,0.000063,0.981845
ACTACCATCCGAGGGC-1,0.000018,0.000036,0.999946
ACTACGCGTTAGAATT-1,0.000019,0.015864,0.984118
ACTAGTTGCGATCGTC-1,0.00004,0.80433,0.19563
ACTATATGCTGTGTTC-1,0.000092,0.000184,0.999724
ACTATCCAGGGCATGG-1,0.000029,0.539391,0.46058
ACTATCGCCGGCTAAA-1,0.026788,0.000296,0.972915
ACTATCTGCCCGCGTA-1,0.00003,0.7771,0.22287
ACTATGTCCAGCTGCC-1,0.000037,0.000074,0.999889
ACTATTCGTCCGTGGT-1,0.000025,0.00005,0.999925
ACTATTTCCGGGCCCA-1,0.000019,0.000038,0.999943
ACTCAACGAATGTATT-1,0.000152,0.084545,0.915303
ACTCAAGTGCAAGGCT-1,0.000045,0.147874,0.852081
ACTCAATAAAGGCACG-1,0.000039,0.03044,0.969521
ACTCAGACCTGCTTCT-1,0.000052,0.000103,0.999845
ACTCATGGCAGCCTTC-1,0.000053,0.029878,0.970069
ACTCCAATATCATCAT-1,0.000018,0.00708,0.992902
ACTCCCATTCCTAAAG-1,0.000022,0.036974,0.963004
ACTCCCGAATTCGTTT-1,0.004874,0.31294,0.682185
ACTCCCGTAGACTAGG-1,0.000021,0.057058,0.942921
ACTCCCTAATGCTAAA-1,0.000011,0.095594,0.904395
ACTCCCTAGAATAGTA-1,0.00002,0.110311,0.889669
ACTCCGGCCGACCACT-1,0.000014,0.69368,0.306306
ACTCGATGTATTTCAT-1,0.014861,0.036772,0.948367
ACTCGCCGTTCGATAA-1,0.000017,0.860971,0.139013
ACTCGCGATCTGACGC-1,0.000014,0.228561,0.771426
ACTCGTAACCCGTCCT-1,0.000048,0.000096,0.999856
ACTCGTCAGTAATCCC-1,0.000019,0.081752,0.918228
ACTCTAAACCTGGGAT-1,0.455318,0.031098,0.513584
ACTCTCTGACTTAGGT-1,0.000044,0.019583,0.980373
ACTCTCTTATACACGA-1,0.000048,0.000095,0.999857
ACTCTGACCTAATAGA-1,0.000023,0.669269,0.330707
ACTCTTCAGCTCCCGC-1,0.000913,0.02116,0.977927
ACTCTTGTATAGTAAC-1,0.000033,0.101375,0.898593
ACTGAAACGCCGTTAG-1,0.010699,0.877818,0.111483
ACTGAATGGCGAAAGT-1,0.000028,0.437375,0.562597
ACTGATTTAGTGATTC-1,0.000071,0.000143,0.999786
ACTGCCCGCCATTCTC-1,0.000022,0.000045,0.999933
ACTGCCGTCGTAACTC-1,0.000034,0.000069,0.999897
ACTGCGGACACACCGT-1,0.002091,0.17267,0.825239
ACTGCTCGGAAGGATG-1,0.000059,0.011275,0.988666
ACTGGGATGCCAGTGC-1,0.000028,0.006346,0.993626
ACTGTACGATACACAT-1,0.024119,0.036298,0.939583
ACTGTAGCACTTTGGA-1,0.000018,0.000037,0.999945
ACTGTATACGCGAGCA-1,0.000055,0.107349,0.892596
ACTGTCCAGGATTATA-1,0.00002,0.017754,0.982226
ACTGTCTTCTTTAGAA-1,0.00002,0.011457,0.988523
ACTGTGCTAGTAGATC-1,0.000099,0.000197,0.999704
ACTGTTTAGTGTAGGC-1,0.000069,0.000138,0.999792
ACTTACCGGGCGCGCA-1,0.000109,0.000217,0.999674
ACTTACGCATCCACGC-1,0.000017,0.003239,0.996744
ACTTAGTACGACAAGA-1,0.000062,0.031309,0.968629
ACTTATACTTACCCGG-1,0.000018,0.031053,0.968928
ACTTATCTGATCTATA-1,0.006955,0.070187,0.922858
ACTTATTAGGATCGGT-1,0.000032,0.090035,0.909933
ACTTATTTATGTGCCA-1,0.000068,0.36419,0.635742
ACTTCAGGCTGATCCC-1,0.000028,0.448561,0.551411
ACTTCCAGTGGAAGCT-1,0.022671,0.000177,0.977151
ACTTCCATGCGGGACA-1,0.000024,0.093148,0.906828
ACTTCGCCATACGCAC-1,0.035652,0.01186,0.952488
ACTTCGCTAGCGAGTG-1,0.000037,0.02498,0.974983
ACTTGACTCCCTCTTT-1,0.00002,0.051833,0.948147
ACTTGCCATATTGTAC-1,0.000079,0.028537,0.971384
ACTTGCTCTATCTACC-1,0.100729,0.075798,0.823473
ACTTGGGACCCGGTGG-1,0.000041,0.000082,0.999878
ACTTGTAGTCCCTTCA-1,0.000074,0.000147,0.999779
ACTTGTGGATGGAACG-1,0.000027,0.712348,0.287624
ACTTGTTACCGGATCA-1,0.000046,0.000091,0.999863
ACTTTACCCTCATGAA-1,0.000022,0.07537,0.924608
ACTTTATACACCACTT-1,0.000049,0.019554,0.980397
ACTTTCCTATAGCTTC-1,0.021806,0.01357,0.964625
ACTTTGACTGCATCCT-1,0.000032,0.000065,0.999903
ACTTTGGTCGTGCTCC-1,0.000049,0.001461,0.99849
ACTTTGTCGACGCACT-1,0.000013,0.673506,0.32648
AGAAATTATGACTCGC-1,0.000013,0.928126,0.07186
AGAACCCAGCGTGACA-1,0.235407,0.164405,0.600188
AGAACCCTCAATTGGG-1,0.114881,0.000109,0.88501
AGAACGTGGTACATTC-1,0.00002,0.000228,0.999753
AGAACTGTACTTTGTA-1,0.000014,0.484147,0.515839
AGAAGAGCGCCGTTCC-1,0.000463,0.075549,0.923988
AGAAGGTACACTTCAC-1,0.016206,0.000159,0.983635
AGAAGGTTGCCGAATT-1,0.000028,0.022307,0.977665
AGAAGGTTGTAGGTCG-1,0.002184,0.105518,0.892298
AGAAGTGATTCGTGAT-1,0.000019,0.000037,0.999944
AGAATAAATCTTCAGG-1,0.000047,0.000095,0.999858
AGAATACAGGCTATCC-1,0.000016,0.886011,0.113973
AGAATGCGGGTTCGGA-1,0.000069,0.000138,0.999793
AGAATTATGGATTCGA-1,0.000025,0.070348,0.929627
AGAATTGTTTGACATA-1,0.000048,0.000097,0.999855
AGACAGCTCAGAATCC-1,0.004051,0.036437,0.959511
AGACAGGCATCTCAGC-1,0.000024,0.763392,0.236584
AGACATAGATCCTTCC-1,0.049986,0.021235,0.928779
AGACCAAACCACACCT-1,0.000069,0.000139,0.999792
AGACCATGGGATACAA-1,0.000036,0.000072,0.999893
AGACCCACCGCTGATC-1,0.01477,0.013326,0.971904
AGACCCGCCCTCCTCG-1,0.000021,0.000042,0.999937
AGACCGCTCCGCGGTT-1,0.000034,0.905756,0.09421
AGACCGGGAAACCCTG-1,0.003155,0.00004,0.996805
AGACGAAGTGCCGGTC-1,0.000036,0.771884,0.22808
AGACGACGATGCCGCT-1,0.000024,0.004395,0.995581
AGACGCCCACTTCGCC-1,0.000032,0.712557,0.287411
AGACGGGATTGGTATA-1,0.00009,0.031736,0.968173
AGACGGGCCGATTTAA-1,0.007397,0.000103,0.9925
AGACTAGCCTTCCAGA-1,0.00298,0.038904,0.958117
AGACTGTTACCGGGTC-1,0.000023,0.000045,0.999932
AGAGAAACACCAGAAA-1,0.000014,0.000028,0.999958
AGAGAACCGTCTAGGA-1,0.000028,0.267035,0.732937
AGAGAAGGAGTACAAT-1,0.000045,0.00009,0.999866
AGAGATCTCTAAAGCG-1,0.000023,0.05549,0.944487
AGAGCAGTTATGAGAC-1,0.007719,0.000088,0.992194
AGAGCCGCCGAGATTT-1,0.047829,0.711366,0.240805
AGAGCGGGCTAATCAT-1,0.000038,0.039377,0.960585
AGAGCGTACAAGCTCG-1,0.000027,0.000055,0.999918
AGAGCTACGAAAGCAT-1,0.000145,0.154313,0.845542
AGAGGCTTCGGAAACC-1,0.00002,0.87779,0.122191
AGAGGTATCTCGGTCC-1,0.000109,0.074147,0.925744
AGAGTAAACTTCACTA-1,0.012001,0.679283,0.308716
AGAGTATAGTGTTACG-1,0.000011,0.000047,0.999942
AGAGTCTTAATGAAAG-1,0.000021,0.926127,0.073852
AGAGTTAGAGACCGAT-1,0.001858,0.000072,0.99807
AGATAACTTCAGGGCC-1,0.000018,0.027698,0.972284
AGATACCAATAGAACC-1,0.000029,0.818583,0.181388
AGATACCAGCACTTCA-1,0.000035,0.01061,0.989355
AGATACCGGTGTTCAC-1,0.000016,0.024353,0.975631
AGATACGACTTCATAT-1,0.000038,0.000076,0.999886
AGATACTCAAGATCGA-1,0.000036,0.293714,0.70625
AGATATAATACGACTA-1,0.000013,0.091509,0.908479
AGATCGTGCATAAGAT-1,0.000022,0.000043,0.999935
AGATCTCAGGTGTGAT-1,0.000026,0.029283,0.970691
AGATGACTCGCCCACG-1,0.000035,0.00007,0.999896
AGATGAGGGTTGCGAT-1,0.000022,0.000044,0.999934
AGATGATGGAGTCTGG-1,0.001923,0.568095,0.429982
AGATGCAAGACGTGCA-1,0.009238,0.000086,0.990676
AGATGCATCCTGTGTC-1,0.000052,0.018934,0.981014
AGATGCTATAACGAGC-1,0.012483,0.066938,0.920579
AGATTATAGGACGTTT-1,0.000025,0.073984,0.925991
AGATTCACAACCGATA-1,0.000046,0.100003,0.89995
AGCAAAGGCCGCTAGT-1,0.009175,0.013171,0.977654
AGCAACATATCTTATT-1,0.000019,0.573639,0.426341
AGCAACCGAAAGTAAT-1,0.001294,0.000062,0.998644
AGCACACGTTTAGACT-1,0.000046,0.00947,0.990484
AGCACCAGTACTCACG-1,0.015737,0.000057,0.984205
AGCACTACCGGCCTGT-1,0.002409,0.000048,0.997543
AGCACTACCTCACCAG-1,0.000025,0.170653,0.829322
AGCACTTAAGGACGCC-1,0.00005,0.0001,0.99985
AGCAGAAGGAGAAAGA-1,0.000014,0.013093,0.986893
AGCAGCCAGATGAATA-1,0.000021,0.016718,0.983261
AGCAGTCGAAGCATGC-1,0.000008,0.045131,0.954861
AGCATATCAATATGCT-1,0.000039,0.483406,0.516555
AGCATCATTTCGAAAG-1,0.000031,0.000062,0.999907
AGCATCGTCGATAATT-1,0.000073,0.000146,0.999782
AGCATTACGAGGCAAG-1,0.001133,0.938762,0.060105
AGCCAAGCTTTGTGTC-1,0.000015,0.022968,0.977017
AGCCACAGGTTACCCG-1,0.000037,0.265254,0.734709
AGCCACTCCCGTGCTT-1,0.000024,0.000048,0.999927
AGCCATATAGTATGTG-1,0.000014,0.001156,0.99883
AGCCCATACATGTAAG-1,0.000029,0.000059,0.999912
AGCCCGCAACAAGCAG-1,0.000012,0.100262,0.899726
AGCCCGCACTACAATG-1,0.000015,0.987493,0.012492
AGCCCGGCATTAGAGG-1,0.00002,0.02728,0.9727
AGCCCGGTAGCCTGTA-1,0.000032,0.000065,0.999903
AGCCCTAAGCGAAGTT-1,0.000037,0.051039,0.948924
AGCCCTCCCTGGTGGC-1,0.000017,0.000034,0.999948
AGCCCTGTCGCACCGT-1,0.000014,0.168965,0.831021
AGCCCTTCTAATCCGA-1,0.000022,0.000043,0.999935
AGCCCTTGGACATCCC-1,0.000012,0.999358,0.000631
AGCCGCAAATTCAAAT-1,0.000047,0.071884,0.92807
AGCCGCTTGATTAGCG-1,0.000208,0.000417,0.999375
AGCCGTGGCTAAATGT-1,0.005534,0.004157,0.990308
AGCCTAATACCCACGT-1,0.000077,0.000155,0.999768
AGCCTTAAAGCGGAAG-1,0.000055,0.00011,0.999835
AGCCTTGTCACTGATA-1,0.243263,0.06241,0.694327
AGCGACAGGAACGGTC-1,0.000027,0.005417,0.994556
AGCGACATCCCATTCA-1,0.039119,0.000096,0.960785
AGCGACCAACGATATT-1,0.000031,0.136025,0.863944
AGCGAGACGTGAAGGC-1,0.000038,0.000075,0.999887
AGCGATGCGCCTAATA-1,0.00001,0.479636,0.520354
AGCGCATAATGAATCG-1,0.000017,0.000034,0.99995
AGCGCGGGTGCCAATG-1,0.000019,0.045047,0.954934
AGCGCTAGAGCGATGT-1,0.000015,0.241685,0.7583
AGCGCTTATGGGCAAG-1,0.000027,0.000053,0.99992
AGCGGACACTTCGTAG-1,0.000024,0.12389,0.876087
AGCGGCGGTTAGCGGT-1,0.000082,0.000164,0.999753
AGCGGGAAGGGTCCAT-1,0.00006,0.00012,0.999819
AGCGGGTCTGACACTC-1,0.000014,0.007875,0.992111
AGCGGTTGAGATGTAC-1,0.018257,0.027866,0.953877
AGCGGTTGCCGCTCTG-1,0.000034,0.064784,0.935182
AGCGTACGAGAGCTAG-1,0.000159,0.126839,0.873002
AGCGTAGCGCTAGACC-1,0.000249,0.043838,0.955913
AGCGTCTGAACCCGCA-1,0.000172,0.148337,0.851491
AGCGTGGTATTCTACT-1,0.000029,0.000058,0.999914
AGCGTTCCGATTTAAA-1,0.000044,0.000089,0.999867
AGCTAACAAGCAATGT-1,0.00003,0.000061,0.999909
AGCTAAGCTCCGTCCG-1,0.000018,0.001259,0.998723
AGCTAAGTACGCAGGC-1,0.000017,0.143565,0.856418
AGCTAGAAGCAGAAGT-1,0.000015,0.000029,0.999956
AGCTATTTAATCCAAC-1,0.009189,0.00006,0.990751
AGCTCCATATATGTTC-1,0.000034,0.855982,0.143984
AGCTCCTTCGCACATC-1,0.000027,0.600558,0.399414
AGCTCTAGACGTTCCA-1,0.000023,0.120439,0.879538
AGCTCTTCCCAGTGCA-1,0.000022,0.0295,0.970478
AGCTCTTCGTAACCTT-1,0.005742,0.258752,0.735506
AGCTCTTTACTCAGTT-1,0.000044,0.000087,0.999869
AGCTGAAGTAAACCAA-1,0.000016,0.112478,0.887506
AGCTGCATTTGAGGTG-1,0.000081,0.000163,0.999756
AGCTGTAACCTCAATC-1,0.00005,0.0001,0.999849
AGCTTATAGAGACCTG-1,0.02214,0.099733,0.878127
AGCTTCAATACTTTGA-1,0.000118,0.054316,0.945566
AGCTTCTTCTCGAGCA-1,0.000019,0.951011,0.04897
AGCTTGATCAGGGTAG-1,0.000047,0.000095,0.999858
AGCTTGATCTTAACTT-1,0.000057,0.000115,0.999828
AGGAAAGCCTCTGATG-1,0.000224,0.041421,0.958355
AGGAACGAACGACTTC-1,0.000018,0.956251,0.043731
AGGAAGCTGTCCGCCG-1,0.000013,0.030558,0.969429
AGGACAGTCGAATCCC-1,0.00002,0.221137,0.778842
AGGACATCGCACGTCG-1,0.000025,0.117245,0.88273
AGGACATCGGCACACT-1,0.000026,0.930737,0.069237
AGGACGACCCATTAGA-1,0.000046,0.000093,0.999861
AGGACGCTCGATGTTG-1,0.000017,0.000033,0.99995
AGGACTTATAGGAGAA-1,0.021426,0.212954,0.765621
AGGAGACATCCACAGT-1,0.00001,0.000021,0.999969
AGGAGGCCTTCGCGCG-1,0.000026,0.863405,0.136568
AGGATAAAGTCGGGAT-1,0.020036,0.161131,0.818833
AGGATATAGGGATTTA-1,0.000044,0.57565,0.424306
AGGATATCCGACTGCA-1,0.000021,0.580837,0.419142
AGGATCACGCGATCTG-1,0.000023,0.000046,0.99993
AGGATTGCTTACGACA-1,0.000018,0.058943,0.941039
AGGCAAAGAGGAATCA-1,0.000166,0.119968,0.879866
AGGCACGTGACTGTCC-1,0.000036,0.804749,0.195214
AGGCAGATGCGTAAAC-1,0.000014,0.000028,0.999958
AGGCAGGGAGCGTACT-1,0.000047,0.01097,0.988983
AGGCATTGTCGTAGGG-1,0.000022,0.527644,0.472334
AGGCCACATTGGTTAC-1,0.000016,0.244516,0.755468
AGGCCACCCGTTATGA-1,0.000036,0.000072,0.999892
AGGCCCAGTGACTGGT-1,0.000157,0.000315,0.999528
AGGCCCATTGTACAGG-1,0.000053,0.000107,0.99984
AGGCCCTAGAACGCCA-1,0.047202,0.000041,0.952757
AGGCCTATCATACCAA-1,0.001511,0.000045,0.998444
AGGCCTGAGAATCTCG-1,0.000013,0.358734,0.641253
AGGCGATAACTGGCGT-1,0.000021,0.925019,0.07496
AGGCGGTTTGTCCCGC-1,0.000094,0.007214,0.992692
AGGCGTCTATGGACGG-1,0.000055,0.00011,0.999835
AGGCTATGGTTAGCTT-1,0.000046,0.000091,0.999863
AGGCTTCCCGAAGAAG-1,0.034436,0.000085,0.965479
AGGCTTGCTAGACACC-1,0.000054,0.000109,0.999837
AGGGAAACGAGGTACT-1,0.000021,0.000042,0.999937
AGGGACAGCACGGCGG-1,0.011464,0.106461,0.882075
AGGGACCGGCTGCGTT-1,0.020166,0.124565,0.855269
AGGGACTCTACGCGAC-1,0.000031,0.013924,0.986045
AGGGAGACATACTTCG-1,0.002779,0.003645,0.993576
AGGGCAGCGGCGTGGT-1,0.000046,0.089875,0.910078
AGGGCCCTAATGTTCT-1,0.000013,0.728751,0.271236
AGGGCGAGCAGCTGAT-1,0.000019,0.000135,0.999845
AGGGCGTGATCGGCTA-1,0.002507,0.000073,0.99742
AGGGCTGCAGTTACAG-1,0.000023,0.096648,0.903329
AGGGTCAGAGCACTCG-1,0.000026,0.000051,0.999923
AGGGTCAGTAACCCTA-1,0.000021,0.052028,0.947951
AGGGTCGATGCGAACT-1,0.000018,0.337852,0.66213
AGGGTCTGGACGCAGT-1,0.000029,0.676573,0.323398
AGGGTGCCGTTCTTTA-1,0.000032,0.000064,0.999904
AGGGTGCTCTCGAGGG-1,0.002231,0.175695,0.822074
AGGGTGGATAGTGCAT-1,0.000056,0.000111,0.999833
AGGGTTCAGACGGTCC-1,0.029453,0.000028,0.970519
AGGGTTCCCTTTGGTT-1,0.000022,0.023759,0.976219
AGGGTTTAGTTCGGGA-1,0.000035,0.00007,0.999896
AGGTAACCTCCTATTC-1,0.000091,0.000182,0.999727
AGGTACGATATTGCCA-1,0.000023,0.000046,0.999931
AGGTAGATCGAGATAT-1,0.032528,0.000029,0.967442
AGGTAGGTACAAAGCT-1,0.000016,0.000031,0.999953
AGGTATAATTGATAGT-1,0.000013,0.581939,0.418048
AGGTATGCGGACATTA-1,0.000013,0.333583,0.666404
AGGTCAGGTGAGAGTG-1,0.000033,0.002595,0.997372
AGGTCGCCACTTCGGT-1,0.000267,0.0623,0.937433
AGGTCGCCTCCCAACA-1,0.000025,0.884921,0.115054
AGGTCGCGGAGTTACT-1,0.000048,0.097913,0.902039
AGGTGCACGTCCACAT-1,0.000035,0.769176,0.230789
AGGTGGTGACCTTCGC-1,0.000018,0.000035,0.999947
AGGTGTATCGCCATGA-1,0.000032,0.000064,0.999904
AGGTGTTGCCGACCAC-1,0.000014,0.962877,0.037108
AGGTTACACCATGCCG-1,0.000011,0.407741,0.592248
AGGTTCTCCTTTCCGG-1,0.00006,0.00012,0.99982
AGGTTGAGGCACGCTT-1,0.000009,0.000018,0.999972
AGGTTTCACACACCTT-1,0.000015,0.000029,0.999956
AGTAACGTTCATCCTG-1,0.000059,0.000119,0.999822
AGTAACTATAGCAGCC-1,0.000022,0.866721,0.133257
AGTAATCTAAGGGTGG-1,0.000009,0.002714,0.997278
AGTAATGTCTTGCCGC-1,0.031932,0.000101,0.967967
AGTAATTTGCAAGCGT-1,0.010058,0.000104,0.989837
AGTACAGAAGCTTATA-1,0.000016,0.047345,0.952639
AGTACATCATTTATCA-1,0.033917,0.130229,0.835854
AGTACCTTCGAGTGCT-1,0.000073,0.000145,0.999782
AGTACGGCCCGTATCG-1,0.000023,0.006167,0.99381
AGTACGGGCACCTGGC-1,0.000046,0.066762,0.933192
AGTACGTGGCCTGTCT-1,0.000037,0.000075,0.999888
AGTACTCTTATGCCCA-1,0.000058,0.315542,0.6844
AGTAGAAGGCGCCTCA-1,0.000013,0.000027,0.99996
AGTAGCGTGAACGAAC-1,0.000087,0.016546,0.983366
AGTAGCTAGACGCCGA-1,0.005718,0.000079,0.994203
AGTAGGAAGGAAGTTG-1,0.000068,0.000137,0.999795
AGTAGGTAACATACAT-1,0.000049,0.000097,0.999854
AGTATAATACTAGGCA-1,0.000026,0.000053,0.999921
AGTATACACAGCGACA-1,0.000027,0.000054,0.99992
AGTATCCATAATAACG-1,0.009935,0.023562,0.966503
AGTATGCTGGAGACCA-1,0.000038,0.000077,0.999885
AGTATTTGGCACGACC-1,0.000029,0.005999,0.993972
AGTCAAATGATGTGAT-1,0.000013,0.000025,0.999962
AGTCAACACCACCATC-1,0.000036,0.031341,0.968623
AGTCAAGATGACACTT-1,0.000013,0.391837,0.60815
AGTCACTAGCTCTCGA-1,0.000035,0.881305,0.11866
AGTCACTCCGCCTCAT-1,0.000204,0.000407,0.999389
AGTCAGCCACCGCCTG-1,0.000055,0.000109,0.999836
AGTCCAGCGGGTACGT-1,0.000277,0.068148,0.931576
AGTCCATTGGCTGATG-1,0.000029,0.374058,0.625914
AGTCCCGCCTTTAATT-1,0.000023,0.000046,0.99993
AGTCCCTCGCAGAAAG-1,0.000017,0.077002,0.922981
AGTCGAAACGATTCAG-1,0.226187,0.089285,0.684528
AGTCGAATTAGCGTAA-1,0.000018,0.957733,0.042249
AGTCGACGGTCTCAAG-1,0.000029,0.27447,0.725501
AGTCGGCCCAAACGAC-1,0.000022,0.000045,0.999933
AGTCGGCTCAACTTTA-1,0.000052,0.006422,0.993526
AGTCGGTTGCGTGAGA-1,0.000023,0.644789,0.355188
AGTCGTATAAAGCAGA-1,0.000011,0.010531,0.989457
AGTCGTCGACCACCAA-1,0.000014,0.497438,0.502548
AGTCGTGGGCATTACG-1,0.000049,0.000098,0.999853
AGTCTAAAGTATACTC-1,0.000025,0.14229,0.857685
AGTCTCACAAGACTAC-1,0.000021,0.095034,0.904945
AGTCTGGACATCCTTG-1,0.000047,0.006755,0.993198
AGTCTTCTCCTCAAAT-1,0.000021,0.067871,0.932108
AGTCTTTAAAGTGTCC-1,0.000016,0.000372,0.999612
AGTGAACAAACTTCTC-1,0.000012,0.633656,0.366332
AGTGAAGATGGTGTCC-1,0.000015,0.000647,0.999339
AGTGACCTACTTTACG-1,0.00003,0.158193,0.841777
AGTGACTGTGACACAA-1,0.000015,0.000031,0.999954
AGTGAGACTTCCAGTA-1,0.000027,0.236701,0.763271
AGTGAGCCTCGCCGCC-1,0.00002,0.050362,0.949618
AGTGAGGGTTTCTGAC-1,0.000019,0.000038,0.999944
AGTGAGTCGAATTAAC-1,0.000015,0.983328,0.016657
AGTGATAACCTGCGCG-1,0.000009,0.432216,0.567775
AGTGATATGAGTAGTT-1,0.000024,0.00522,0.994756
AGTGATTCAAGCAGGA-1,0.000014,0.007996,0.991991
AGTGCACGCTTAAGAA-1,0.000034,0.789497,0.210469
AGTGCGTAGCTCGTAA-1,0.000023,0.041244,0.958733
AGTGCTAAACACAGCA-1,0.000032,0.498528,0.50144
AGTGCTTGCACGAATA-1,0.000053,0.307802,0.692145
AGTGGCCCGCAAATGG-1,0.00002,0.621094,0.378885
AGTGGCGGCAATTTGA-1,0.000035,0.03286,0.967106
AGTGGCGTCTGAAGGT-1,0.000029,0.097906,0.902065
AGTGGCTCCGTCGGCC-1,0.000031,0.000062,0.999906
AGTGGGAGTATACACG-1,0.000222,0.000445,0.999333
AGTGGTGTTACCCGTG-1,0.000058,0.000115,0.999827
AGTGGTTGCGTATAGG-1,0.000052,0.000105,0.999843
