Barcode,Topic 1,Topic 2,Topic 3,Topic 4to11
AAACAAGTATCTCCCA-1,0.910878,0.01236,0.000013,0.076749
AAACAATCTACTAGCA-1,0.046694,0.000037,0.300154,0.653115
AAACACCAATAACTGC-1,0.116038,0.034294,0.309046,0.540622
AAACAGAGCGACTCCT-1,0.000015,0.040577,0.012827,0.946581
AAACAGCTTTCAGAAG-1,0.002247,0.007881,0.314969,0.674903
AAACAGGGTCTATATT-1,0.00001,0.00001,0.144374,0.855606
AAACATTTCCCGGATT-1,0.813848,0.026797,0.004064,0.155291
AAACCACTACACAGAT-1,0.02582,0.000065,0.571299,0.402816
AAACCCGAACGAAATC-1,0.725448,0.008389,0.177441,0.088723
AAACCGGAAATGTTAA-1,0.999851,0.000015,0.000015,0.000119
AAACCGGGTAGGTACC-1,0.000011,0.000058,0.006951,0.99298
AAACCGTTCGTCCAGG-1,0.000007,0.004573,0.000007,0.995412
AAACCTAAGCAGCCGG-1,0.317842,0.462245,0.087041,0.132873
AAACCTCATGAAGTTG-1,0.000017,0.000017,0.0599,0.940065
AAACGAAGAACATACC-1,0.003801,0.053867,0.398659,0.543672
AAACGAAGATGGAGTA-1,0.006216,0.006394,0.402907,0.584484
AAACGACAGTCTTGCC-1,0.086086,0.04921,0.689243,0.175461
AAACGAGACGGTTGAT-1,0.000019,0.038377,0.004724,0.956879
AAACGCCCGAGATCGG-1,0.029143,0.026249,0.159553,0.785055
AAACGGGCGTACGGGT-1,0.787362,0.000171,0.069028,0.143439
AAACGGGTTGGTATCC-1,0.00006,0.00006,0.428291,0.57159
AAACGGTTGCGAACTG-1,0.001178,0.080441,0.012992,0.90539
AAACGTGTTCGCCCTA-1,0.074935,0.016204,0.468828,0.440034
AAACTAACGTGGCGAC-1,0.051791,0.01669,0.141023,0.790497
AAACTCGGTTCGCAAT-1,0.091615,0.285185,0.027675,0.595526
AAACTCGTGATATAAG-1,0.000015,0.000015,0.08157,0.9184
AAACTGCTGGCTCCAA-1,0.138369,0.143889,0.070218,0.647525
AAACTTAATTGCACGC-1,0.16721,0.000038,0.543796,0.288956
AAACTTGCAAACGTAT-1,0.004875,0.000315,0.075295,0.919514
AAAGACATGAAGTTTA-1,0.042684,0.000031,0.327777,0.629508
AAAGACCCAAGTCGCG-1,0.000015,0.023963,0.000015,0.976006
AAAGACTGGGCGCTTT-1,0.00001,0.00001,0.050811,0.94917
AAAGCTTGCCTACATA-1,0.000019,0.000019,0.223568,0.776394
AAAGGCCCTATAATAC-1,0.000017,0.007002,0.232637,0.760344
AAAGGCTACGGACCAT-1,0.00116,0.067902,0.005795,0.925144
AAAGGCTCTCGCGCCG-1,0.002428,0.002398,0.034452,0.960722
AAAGGGATGTAGCAAG-1,0.000012,0.012932,0.000012,0.987043
AAAGGGCAGCTTGAAT-1,0.000028,0.000028,0.227047,0.772898
AAAGGTAAGCTGTACC-1,0.066236,0.01369,0.115586,0.804489
AAAGGTCAACGACATG-1,0.000045,0.000045,0.102999,0.896911
AAAGTAGCATTGCTCA-1,0.166504,0.03393,0.046661,0.752904
AAAGTCACTGATGTAA-1,0.000361,0.047506,0.028927,0.923206
AAAGTCGACCCTCAGT-1,0.000008,0.000173,0.001444,0.998375
AAAGTGCCATCAATTA-1,0.999784,0.000022,0.000022,0.000172
AAAGTGTGATTTATCT-1,0.301883,0.051419,0.245141,0.401557
AAAGTTGACTCCCGTA-1,0.51761,0.042819,0.209661,0.229909
AAATAACCATACGGGA-1,0.000011,0.001601,0.006191,0.992197
AAATAAGGTAGTGCCC-1,0.064624,0.001649,0.110331,0.823396
AAATACCTATAAGCAT-1,0.286236,0.112503,0.133003,0.468257
AAATAGCTTAGACTTT-1,0.00443,0.122115,0.023903,0.849552
AAATAGGGTGCTATTG-1,0.321482,0.101591,0.323857,0.253069
AAATCACTCCTAAACG-1,0.000031,0.023695,0.272006,0.704268
AAATCCGATACACGCC-1,0.684631,0.024671,0.079023,0.211675
AAATCGCGGAAGGAGT-1,0.021425,0.000022,0.463239,0.515313
AAATCGTGTACCACAA-1,0.000016,0.114098,0.000016,0.885871
AAATCTAGCCCTGCTA-1,0.842779,0.04548,0.002321,0.10942
AAATGATTCGATCAGC-1,0.018302,0.033696,0.034834,0.913168
AAATGCTCGTTACGTT-1,0.000032,0.000032,0.068436,0.9315
AAATGGCATGTCTTGT-1,0.020965,0.031046,0.0145,0.933489
AAATGGCCCGTGCCCT-1,0.000015,0.000015,0.167979,0.831991
AAATGGTCAATGTGCC-1,0.000017,0.051227,0.000017,0.948738
AAATGTATCTTATCCC-1,0.074717,0.000064,0.816144,0.109075
AAATGTGGGTGCTCCT-1,0.058458,0.005843,0.325551,0.610149
AAATTAACGGGTAGCT-1,0.000011,0.085582,0.000011,0.914396
AAATTAATAAGCGCGA-1,0.000032,0.000032,0.373416,0.62652
AAATTACACGACTCTG-1,0.001822,0.025015,0.018064,0.9551
AAATTACCTATCGATG-1,0.000006,0.007287,0.000006,0.9927
AAATTCCAGGTCCAAA-1,0.049157,0.061998,0.02769,0.861155
AAATTGATAGTCCTTT-1,0.029029,0.001607,0.10029,0.869074
AAATTGCGGCGGTTCT-1,0.04364,0.013589,0.66147,0.2813
AAATTGGTGAGAAGCA-1,0.053337,0.013446,0.53461,0.398607
AAATTTACCGAAATCC-1,0.022653,0.015195,0.286143,0.676009
AAATTTGCGGGTGTGG-1,0.000019,0.000019,0.295714,0.704247
AACAACTGGTAGTTGC-1,0.009464,0.015814,0.074669,0.900053
AACAATACATTGTCGA-1,0.000012,0.000012,0.163955,0.836021
AACAATTACTCTACGC-1,0.001311,0.009733,0.012225,0.976731
AACACACGCTCGCCGC-1,0.954656,0.000029,0.00976,0.035554
AACACGACTGTACTGA-1,0.000022,0.003561,0.039545,0.956872
AACACGAGACGCGGCC-1,0.000016,0.002165,0.173074,0.824745
AACACGCGGCCGCGAA-1,0.000049,0.000049,0.385707,0.614195
AACAGCTGTGTGGCAA-1,0.000006,0.00936,0.004334,0.9863
AACAGGAAATCGAATA-1,0.000021,0.000021,0.030032,0.969926
AACAGGATGGGCCGCG-1,0.000013,0.018001,0.021163,0.960823
AACAGGTAGTATGGAT-1,0.681427,0.219905,0.017801,0.080867
AACATATCAACTGGTG-1,0.006494,0.016166,0.006748,0.970592
AACATCGATACGTCTA-1,0.000013,0.000013,0.086935,0.913038
AACATTGAAGTTGATC-1,0.000023,0.000023,0.082891,0.917062
AACATTGGTCAGCCGT-1,0.039465,0.000033,0.113826,0.846677
AACATTGTGACTCGAG-1,0.000018,0.01401,0.002149,0.983823
AACCAAGACTTCTCTG-1,0.000009,0.000009,0.053363,0.946619
AACCAGTATCACTCTT-1,0.017323,0.019722,0.23528,0.727676
AACCATAGGGTTGAAC-1,0.031512,0.048542,0.763211,0.156735
AACCATGGGATCGCTA-1,0.000011,0.000011,0.006491,0.993487
AACCCAGAGACGGAGA-1,0.000012,0.013153,0.000316,0.986519
AACCCATCCCATGATC-1,0.000014,0.000014,0.165381,0.834591
AACCCGACAACCCGTG-1,0.000017,0.001555,0.030995,0.967433
AACCCGAGCAGAATCG-1,0.958032,0.000023,0.003634,0.038311
AACCCTACTGTCAATA-1,0.113425,0.183367,0.067816,0.635392
AACCCTGGTGGAACCA-1,0.00003,0.002064,0.204443,0.793462
AACCGAGCTTGGTCAT-1,0.000025,0.003443,0.10318,0.893352
AACCGCTAAGGGATGC-1,0.511788,0.416589,0.000013,0.071609
AACCGTTGTGTTTGCT-1,0.000022,0.000022,0.029812,0.970144
AACCTAAAGCCGTCCG-1,0.000036,0.000036,0.211843,0.788085
AACCTCGCTTTAGCCC-1,0.345593,0.045955,0.259363,0.349089
AACCTGTCACGGAATT-1,0.014833,0.025012,0.069049,0.891106
AACCTTTAAATACGGT-1,0.032188,0.172253,0.14123,0.65433
AACCTTTACGACGTCT-1,0.000023,0.018834,0.031947,0.949196
AACGAAAGTCGTCCCA-1,0.069338,0.024982,0.575058,0.330622
AACGATAATGCCGTAG-1,0.015621,0.48935,0.018828,0.476201
AACGATAGAAGGGCCG-1,0.041077,0.09537,0.022427,0.841127
AACGATATGTCAACTG-1,0.00002,0.021485,0.069428,0.909067
AACGCATGATCTGGGT-1,0.000031,0.000031,0.149985,0.849954
AACGCGAACGGCAACA-1,0.000088,0.000088,0.534078,0.465747
AACGCGACCTTGGGCG-1,0.04264,0.040661,0.022069,0.894631
AACGCGGTCTCCAGCC-1,0.000044,0.000044,0.086182,0.913731
AACGCTGTTGCTGAAA-1,0.658098,0.047134,0.040786,0.253982
AACGGACGTACGTATA-1,0.994035,0.005789,0.00002,0.000156
AACGGCCATCTCCGGT-1,0.000007,0.017209,0.000007,0.982777
AACGTACTGTGGGTAC-1,0.013406,0.146552,0.013424,0.826618
AACGTAGTCTACCCAT-1,0.002652,0.005338,0.38656,0.60545
AACGTCAGACTAGTGG-1,0.000013,0.003513,0.006198,0.990276
AACGTGATGAAGGACA-1,0.02326,0.00003,0.886605,0.090105
AACGTGCGAAAGTCTC-1,0.05987,0.072596,0.075025,0.792508
AACGTTATCAGCACCT-1,0.000015,0.000015,0.032207,0.967764
AACTACCCGTTTGTCA-1,0.68257,0.102172,0.003063,0.212195
AACTAGCGTATCGCAC-1,0.056093,0.000111,0.453787,0.490009
AACTAGGCTTGGGTGT-1,0.050432,0.185694,0.020043,0.743831
AACTCAAGTTAATTGC-1,0.003653,0.076018,0.000011,0.920319
AACTCCAGAGCGTGTT-1,0.559897,0.196114,0.043123,0.200866
AACTCCTAATCCCATG-1,0.000025,0.013419,0.187574,0.798982
AACTCGATGGCGCAGT-1,0.000018,0.000018,0.002242,0.997723
AACTCTCAATAGAGCG-1,0.014332,0.038271,0.017426,0.929971
AACTCTCAGTGTGCTC-1,0.000016,0.02801,0.156603,0.815371
AACTGAGGTCAGCGTC-1,0.042805,0.002044,0.13456,0.820591
AACTGAGTTATACTGA-1,0.999782,0.000022,0.000022,0.000175
AACTGATATTAGGCCT-1,0.003914,0.007249,0.040121,0.948715
AACTGGGTCCCGACGT-1,0.000015,0.007948,0.000872,0.991165
AACTGGGTTCGAGCCG-1,0.013378,0.008818,0.309594,0.66821
AACTGGTGTGGGCCTT-1,0.00002,0.05437,0.154302,0.791309
AACTTCTGCGTCTATC-1,0.000021,0.000021,0.033651,0.966308
AACTTGCCCGTATGCA-1,0.000011,0.000011,0.018451,0.981527
AACTTGCGTTCTCGCG-1,0.000048,0.009648,0.129364,0.860941
AACTTTACGGGAGCTT-1,0.000019,0.000019,0.219189,0.780772
AACTTTAGCTGCTGAG-1,0.000068,0.0738,0.570408,0.355725
AACTTTCTCGATCATG-1,0.003976,0.00002,0.110591,0.885413
AAGAAATCACCAGATT-1,0.000025,0.000025,0.167361,0.83259
AAGAAGGATCAGTTAG-1,0.00001,0.016968,0.00001,0.983012
AAGACATACGTGGTTT-1,0.695946,0.030574,0.036495,0.236985
AAGACCAAATAACTCA-1,0.031504,0.002112,0.487168,0.479216
AAGACCCAACTGAACA-1,0.000022,0.003983,0.017341,0.978655
AAGACTAACCCGTTGT-1,0.000047,0.009683,0.665285,0.324985
AAGACTCACGCCCACT-1,0.040278,0.000053,0.505746,0.453924
AAGACTGCAAGCTACT-1,0.002792,0.144123,0.023633,0.829452
AAGAGATGAATCGGTA-1,0.003106,0.000021,0.049754,0.947119
AAGAGCTCTTTATCGG-1,0.001931,0.068216,0.025903,0.90395
AAGAGGATGTACGCGA-1,0.000016,0.00921,0.075854,0.91492
AAGAGGCATGGATCGC-1,0.004084,0.323971,0.008282,0.663663
AAGAGGCCCTTTGGAA-1,0.607856,0.185907,0.000018,0.206219
AAGATGGCACCGGACC-1,0.030334,0.00512,0.010216,0.95433
AAGATTGGCGGAACGT-1,0.004236,0.015736,0.005491,0.974537
AAGCACCCTGCGTATC-1,0.063173,0.366108,0.024326,0.546393
AAGCATACTCTCCTGA-1,0.066573,0.101387,0.150098,0.681943
AAGCCGAAGCGGTTTA-1,0.938168,0.025719,0.000021,0.036092
AAGCCGCCGTGAAATC-1,0.000013,0.002279,0.011903,0.985806
AAGCCGCTTTACCTTG-1,0.000024,0.042382,0.243616,0.713978
AAGCCGGAGAGCAGGA-1,0.997898,0.001875,0.000025,0.000202
AAGCGCAGGGCTTTGA-1,0.264939,0.184076,0.086419,0.464566
AAGCGGCGTCATGGGT-1,0.000018,0.020903,0.257877,0.721202
AAGCGTCCCTCATCGA-1,0.000018,0.000018,0.01984,0.980125
AAGCTAGATCGAGTAA-1,0.024764,0.128664,0.008942,0.83763
AAGCTCGTGCCAAGTC-1,0.06857,0.099676,0.003873,0.827882
AAGCTCTTTCATGGTG-1,0.440181,0.031554,0.280335,0.247931
AAGGAGAACTTATAAG-1,0.041015,0.025142,0.198256,0.735586
AAGGAGCGGTTGGTGC-1,0.00002,0.062924,0.049755,0.887301
AAGGATCGATCGCTTG-1,0.105903,0.164322,0.012374,0.717402
AAGGATGAGGGACCTC-1,0.000013,0.000013,0.000013,0.999961
AAGGCAGGCTGTCTCC-1,0.001793,0.176818,0.088552,0.732837
AAGGCGCGTAAAGCTT-1,0.099764,0.016651,0.002811,0.880775
AAGGCTGTGCTCATCG-1,0.051256,0.029061,0.084715,0.834968
AAGGGAACGACTGGCT-1,0.000035,0.000035,0.340941,0.65899
AAGGGACAGATTCTGT-1,0.003445,0.019208,0.006184,0.971163
AAGGGACTATGCATTC-1,0.00001,0.01317,0.009023,0.977797
AAGGTATCCTAATATA-1,0.000012,0.013318,0.000012,0.986658
AAGGTGATAAACCAGC-1,0.915302,0.015369,0.000024,0.069305
AAGTAAGCTTCCAAAC-1,0.000146,0.000146,0.809675,0.190034
AAGTAGAAGACCGGGT-1,0.000016,0.001272,0.000507,0.998204
AAGTAGTGACGCGAGG-1,0.000018,0.006719,0.078918,0.914344
AAGTCAATTGTCGTCA-1,0.869702,0.064557,0.00002,0.065722
AAGTCTAGTAGCTGCC-1,0.00001,0.00001,0.000011,0.999969
AAGTCTTCTGTGGCCT-1,0.000031,0.000031,0.998286,0.001652
AAGTGACGACCGAATT-1,0.000017,0.000017,0.1249,0.875066
AAGTGAGTCGGGTTTA-1,0.017483,0.045754,0.005595,0.931169
AAGTGCAAAGGTAGAC-1,0.000015,0.000021,0.068763,0.931201
AAGTGCCTTGACTGTA-1,0.783308,0.000041,0.153064,0.063586
AAGTGCGTTAGAATCT-1,0.006812,0.000739,0.31457,0.677879
AAGTGCTTCTCTATTG-1,0.040832,0.002269,0.151611,0.805288
AAGTGTTTGGAGACGG-1,0.50522,0.00005,0.17577,0.318961
AAGTTCACTCCAAGCT-1,0.550705,0.004056,0.197972,0.247266
AAGTTCAGTCTGCGTA-1,0.000019,0.030608,0.101916,0.867457
AAGTTCGGCCAACAGG-1,0.011424,0.034174,0.035799,0.918603
AAGTTGTGATGTTATA-1,0.81369,0.014903,0.026144,0.145262
AAGTTTACTAATGGCA-1,0.000061,0.070369,0.56403,0.365539
AAGTTTATGGGCCCAA-1,0.384076,0.088027,0.104269,0.423628
AATAACAACGCTCGGC-1,0.000005,0.000005,0.004902,0.995087
AATAACACTAGAACAA-1,0.000007,0.010312,0.000472,0.989208
AATAAGTCCTCGAGAC-1,0.000056,0.000056,0.609641,0.390247
AATAATCTTCGTATCG-1,0.980966,0.000021,0.018843,0.00017
AATACAATGTTTCAGG-1,0.000031,0.000031,0.081282,0.918656
AATACCGGAGGGCTGT-1,0.000009,0.000373,0.000009,0.999608
AATAGAACAGAGTGGC-1,0.049533,0.014649,0.00001,0.935808
AATAGAATCTGTTTCA-1,0.713266,0.011632,0.216184,0.058918
AATAGCAAGCCTCCTG-1,0.05162,0.015397,0.170314,0.762669
AATAGCTACCGCGTGC-1,0.000018,0.000018,0.0213,0.978663
AATAGTCCGTCCCGAC-1,0.007735,0.028929,0.013365,0.949971
AATAGTCGCGAGTCGG-1,0.000015,0.000015,0.079329,0.920641
AATATCAAGGTCGGAT-1,0.000018,0.003859,0.002176,0.993947
AATATCCTAGCAAACT-1,0.043146,0.000028,0.861852,0.094974
AATATCGAATCAATGC-1,0.940018,0.000022,0.026089,0.033871
AATATCGAGGGTTCTC-1,0.000017,0.000017,0.027204,0.972762
AATATTGGAGTATTGA-1,0.000015,0.000015,0.025497,0.974473
AATCAGACTGCAGGAC-1,0.000097,0.000097,0.708075,0.291732
AATCAGGTTTCATTTA-1,0.020469,0.000176,0.368213,0.611142
AATCATGTAAAGACTC-1,0.90136,0.000043,0.08039,0.018207
AATCCAAGGGCCTGAG-1,0.000018,0.000018,0.034179,0.965784
AATCCATGCAAGGGTG-1,0.000054,0.000054,0.362502,0.637391
AATCGCCTCAGCGCCA-1,0.351477,0.02234,0.029569,0.596614
AATCGCGCAGAGGACT-1,0.12471,0.029348,0.183292,0.66265
AATCGGGACACTACGA-1,0.000019,0.015208,0.081021,0.903752
AATCGTGAGCCGAGCA-1,0.698111,0.021589,0.031803,0.248497
AATCTAGGTTTACTTG-1,0.000017,0.000017,0.067273,0.932693
AATCTATGCCGGAGCC-1,0.000718,0.004485,0.189574,0.805223
AATCTCTACTGTGGTT-1,0.000017,0.000017,0.322296,0.677671
AATCTGCGTTGGGACG-1,0.014267,0.036609,0.042864,0.90626
AATCTGGCTTTCTAGT-1,0.000018,0.000018,0.279584,0.720379
AATCTGGGTAGACCCT-1,0.060789,0.000025,0.606217,0.332969
AATGACAGCAATGTCT-1,0.012657,0.01359,0.010651,0.963101
AATGACGTAGGATGTC-1,0.523157,0.04737,0.246767,0.182706
AATGACTGTCAGCCGG-1,0.000019,0.007533,0.019685,0.972763
AATGAGTTCGCATATG-1,0.000029,0.01427,0.000029,0.985672
AATGATGATACGCTAT-1,0.000031,0.000031,0.120419,0.879519
AATGATGCGACTCCTG-1,0.014544,0.035081,0.008279,0.942096
AATGCAACCGGGTACC-1,0.000018,0.001122,0.001632,0.997228
AATGCACCAAGCAATG-1,0.000022,0.000022,0.047739,0.952218
AATGGCCGCCAATGCG-1,0.025695,0.012744,0.539416,0.422146
AATGGTCCACCGTTCA-1,0.000016,0.000016,0.128815,0.871153
AATGGTTCTCACAAGC-1,0.00002,0.00002,0.012621,0.98734
AATGTATGGCACTGTA-1,0.025813,0.005964,0.377749,0.590474
AATGTGCCCGAGGTGT-1,0.000012,0.001884,0.082691,0.915413
AATGTGCTAATCTGAG-1,0.000011,0.009582,0.000166,0.990241
AATGTTGTCGTGAGAC-1,0.839453,0.041004,0.024359,0.095183
AATTAAAGGTCGGCGT-1,0.00002,0.110432,0.012322,0.877226
AATTAACGGATTTCCA-1,0.001197,0.323261,0.004319,0.671222
AATTACGAGACCCATC-1,0.014195,0.002519,0.418635,0.564652
AATTAGCGCTGCAGCG-1,0.00147,0.134539,0.028644,0.835347
AATTCATAAGGGATCT-1,0.000887,0.13291,0.017834,0.84837
AATTCATTGTCATGCA-1,0.021204,0.008065,0.315838,0.654893
AATTCCAAGCATGTAC-1,0.000013,0.0597,0.000013,0.940275
AATTCGATTCGAGGAT-1,0.092999,0.086366,0.400945,0.41969
AATTCTAGAGTTAGGC-1,0.000036,0.034377,0.000036,0.965552
AATTGAACGCTCTGGT-1,0.499177,0.141071,0.000021,0.359731
AATTGCAGCAATCGAC-1,0.951887,0.000085,0.017806,0.030222
AATTGCGTGGATTACA-1,0.024389,0.011898,0.361956,0.601757
AATTGTGGTTGCCAAA-1,0.83604,0.039093,0.001882,0.122985
AATTTGGGACATAGTA-1,0.000029,0.001017,0.031591,0.967363
AATTTGGTTCCAAAGA-1,0.000012,0.000231,0.000012,0.999745
ACAAACCATGCGTCCT-1,0.009674,0.02213,0.493653,0.474543
ACAAACCGACAAGGCG-1,0.000058,0.000058,0.319986,0.679897
ACAAAGAAGGTAGGCC-1,0.000028,0.000028,0.800448,0.199497
ACAAAGCATGACCTAG-1,0.500886,0.113533,0.212294,0.173287
ACAAATCGCACCGAAT-1,0.194418,0.074638,0.00001,0.730934
ACAAATGGTAGTGTTT-1,0.87921,0.029659,0.000017,0.091115
ACAAATTCAGATCTGA-1,0.023091,0.032814,0.086774,0.857322
ACAACAGCATGAGCTA-1,0.000012,0.109156,0.000012,0.890821
ACAACGGTCCCTGCGA-1,0.032835,0.050536,0.000026,0.916602
ACAAGCAGTGCCTAGC-1,0.000011,0.001769,0.002772,0.995447
ACAAGCTATATGGAAG-1,0.033043,0.000033,0.938111,0.028813
ACAAGGAAATCCGCCC-1,0.112508,0.277618,0.277622,0.332252
ACAAGGACAAGAGGTT-1,0.000009,0.030905,0.01034,0.958746
ACAAGGATGCTTTAGG-1,0.497351,0.18426,0.20908,0.109309
ACAAGGCCTACCAGCC-1,0.021376,0.02754,0.233083,0.718001
ACAAGGGCAGGCTCTG-1,0.51167,0.186517,0.017671,0.284142
ACAATAGTCGTACGTT-1,0.000023,0.000023,0.101048,0.898906
ACAATCCATTTAAACC-1,0.000009,0.054225,0.001628,0.944138
ACAATCGATCTTTATA-1,0.038398,0.013751,0.299318,0.648534
ACAATGAATACGGAGA-1,0.00002,0.00002,0.027474,0.972486
ACAATGATTCTTCTAC-1,0.046158,0.017731,0.164075,0.772036
ACAATTGTGTCTCTTT-1,0.939011,0.003544,0.000024,0.057421
ACAATTTAGGAGGCTC-1,0.000014,0.000014,0.122611,0.87736
ACAATTTGAGCAGTGG-1,0.045248,0.132336,0.030757,0.79166
ACAATTTGGCCATATT-1,0.00042,0.2246,0.000222,0.774758
ACACAAAGACGGGTGG-1,0.000021,0.060993,0.002737,0.936248
ACACAAATATTCCTAG-1,0.059735,0.052376,0.527887,0.360003
ACACACCAGGACCAGT-1,0.69946,0.01427,0.07953,0.206739
ACACACTTTCTACACG-1,0.000009,0.000009,0.000009,0.999973
ACACATGATCAAATCT-1,0.000014,0.000014,0.059788,0.940185
ACACCACATAATTAGC-1,0.004724,0.000453,0.07829,0.916533
ACACCCAGCATGCAGC-1,0.000011,0.004616,0.000011,0.995362
ACACCCGAGAAATCCG-1,0.000011,0.000011,0.000849,0.999129
ACACCCGTAAATCTGT-1,0.001584,0.013811,0.064672,0.919934
ACACCGAGCGCTCTTT-1,0.095876,0.000091,0.819309,0.084724
ACACCGGTCTGACCGC-1,0.000031,0.000031,0.491773,0.508164
ACACCTTAAGTAGGGC-1,0.000012,0.00469,0.000012,0.995287
ACACCTTACTACTTGC-1,0.029691,0.25222,0.000009,0.71808
ACACGAGACTCCTTCT-1,0.000019,0.024032,0.000019,0.975929
ACACGGCACTATGCAT-1,0.001719,0.000034,0.52597,0.472276
ACACGGGAACTTAGGG-1,0.073772,0.031542,0.025055,0.86963
ACACGTAGGCCACAAG-1,0.999825,0.000017,0.000017,0.00014
ACACTCCAATGTCACT-1,0.00002,0.009838,0.041386,0.948755
ACACTGATCAAGGTGT-1,0.161438,0.035517,0.01998,0.783065
ACACTGGGACAGTCGT-1,0.991565,0.000024,0.008215,0.000196
ACAGAACTGAGAACAA-1,0.000013,0.000457,0.022674,0.976855
ACAGATTAGGTTAGTG-1,0.000026,0.002663,0.109501,0.88781
ACAGCATAGAGCCAGT-1,0.00001,0.001262,0.00001,0.998718
ACAGCGACATTCTCAT-1,0.570014,0.017603,0.13055,0.281833
ACAGCGCACCCGCAGC-1,0.030442,0.089045,0.145166,0.735347
ACAGGCACGGATCCTT-1,0.439796,0.165298,0.039909,0.354998
ACAGGCTTGCCCGACT-1,0.842591,0.000033,0.01292,0.144457
ACAGGTGGAGGTGAGG-1,0.033258,0.015807,0.098011,0.852924
ACAGGTGTGTTGTTGC-1,0.013932,0.000021,0.761019,0.225027
ACAGTAATACAACTTG-1,0.006605,0.000011,0.068938,0.924446
ACAGTATACCGTGGGA-1,0.000025,0.000025,0.163806,0.836145
ACAGTGCAGCGCATTT-1,0.007243,0.004412,0.126025,0.86232
ACATAAGTCGTGGTGA-1,0.025149,0.000039,0.867564,0.107248
ACATAATAAGGCGGTG-1,0.000025,0.010882,0.019034,0.970059
ACATCAGCTGGGACGC-1,0.000015,0.000015,0.106402,0.893567
ACATCCCGGCCATACG-1,0.000019,0.025417,0.010527,0.964037
ACATCCTGGTAACTGT-1,0.594836,0.010937,0.129301,0.264926
ACATCGATCGTTTACC-1,0.177118,0.228487,0.056089,0.538306
ACATCGGTCAGCCGCG-1,0.009268,0.034053,0.007265,0.949414
ACATCGTATGCAATGG-1,0.440922,0.02231,0.397652,0.139116
ACATCGTTAACCTAGT-1,0.000035,0.011953,0.27117,0.716841
ACATCTCAACGCGTAA-1,0.017872,0.033236,0.121926,0.826965
ACATGGCGCCAAAGTA-1,0.106291,0.099625,0.187723,0.606362
ACATGGCTCAATTTAG-1,0.000092,0.000092,0.99908,0.000736
ACATTAGTTTATATCC-1,0.000035,0.01696,0.045228,0.937777
ACATTCGCGCGGAATA-1,0.032584,0.047225,0.027687,0.892504
ACCAAACACCCAGCGA-1,0.013702,0.051585,0.117808,0.816904
ACCAAACTAGAAATCC-1,0.018634,0.017283,0.171111,0.792972
ACCAACACCACACACT-1,0.000009,0.005727,0.004992,0.989272
ACCAACCGCACTCCAC-1,0.804337,0.000033,0.103208,0.092422
ACCAACGCTTATTTAT-1,0.001769,0.162115,0.015543,0.820572
ACCAAGAACGCGTGTC-1,0.000028,0.000028,0.060885,0.939059
ACCAATATGCAAGTTA-1,0.261201,0.511712,0.000014,0.227073
ACCACAACTCAGAACA-1,0.029562,0.000036,0.538813,0.431589
ACCACAAGTTTCTATC-1,0.000022,0.023354,0.088676,0.887948
ACCACCAATGTAACAA-1,0.007903,0.237181,0.029388,0.725527
ACCACCCTCTCTTCTA-1,0.000013,0.000013,0.058334,0.94164
ACCACGTGCAGCTATA-1,0.669582,0.177665,0.000019,0.152734
ACCAGACCATAACAAC-1,0.007346,0.000032,0.844072,0.14855
ACCAGCCCGGTCTTTG-1,0.012813,0.048048,0.127089,0.81205
ACCAGGAGTGTGATCT-1,0.030151,0.01535,0.243949,0.71055
ACCAGTGCCCGGTCAA-1,0.041685,0.017282,0.153415,0.787619
ACCAGTGCGGGAGACG-1,0.911858,0.013159,0.005583,0.069401
ACCATATCCGCAATAA-1,0.000017,0.178265,0.008676,0.813042
ACCATCCGCCAACTAG-1,0.000016,0.000016,0.086224,0.913744
ACCATCGTATATGGTA-1,0.000023,0.014912,0.086783,0.898281
ACCCAACGCCCGTGGC-1,0.022469,0.064483,0.034741,0.878308
ACCCACCTACATGCTC-1,0.000019,0.000019,0.002399,0.997563
ACCCATCTTGAGGGTA-1,0.016741,0.025182,0.038626,0.919451
ACCCATTTGTCCCTCT-1,0.943111,0.005642,0.001534,0.049713
ACCCGAGCGAAATTAC-1,0.000015,0.011654,0.115526,0.872806
ACCCGATTGGTTCCGA-1,0.005779,0.031643,0.071706,0.890871
ACCCGGAAACTCCCAG-1,0.000006,0.156548,0.000006,0.843439
ACCCGGAGCACCACAA-1,0.992982,0.00686,0.000018,0.00014
ACCCGGATGACGCATC-1,0.000009,0.092976,0.000009,0.907005
ACCCGGTTACACTTCC-1,0.068849,0.080422,0.039287,0.811442
ACCCGTAGTCTAGTTG-1,0.674725,0.072232,0.021364,0.231679
ACCCGTGTCATCAGTA-1,0.033912,0.021612,0.015753,0.928723
ACCCTATAGGACTGAG-1,0.000045,0.000045,0.188074,0.811837
ACCCTATGCCATATCG-1,0.000017,0.000017,0.005041,0.994926
ACCCTCCCTTGCTATT-1,0.79492,0.008408,0.09731,0.099362
ACCCTGGTAACGCCCT-1,0.000016,0.000016,0.007011,0.992957
ACCCTTCATCTGCGAA-1,0.000018,0.008318,0.020578,0.971086
ACCCTTGCCTGGGTCG-1,0.056217,0.047255,0.834839,0.061689
ACCCTTTAGTTCTCCA-1,0.055456,0.002596,0.803211,0.138737
ACCGAAAGGGCCCTGC-1,0.000019,0.000019,0.005448,0.994515
ACCGAAGAGTCTGGTT-1,0.000019,0.000019,0.555162,0.444801
ACCGACACATCTCCCA-1,0.015394,0.046098,0.377123,0.561384
ACCGACTGAGTCCCAC-1,0.000008,0.026112,0.000008,0.973873
ACCGATAGGCATAACC-1,0.999817,0.000018,0.000018,0.000147
ACCGATATTTAATCAT-1,0.834386,0.000016,0.013804,0.151794
ACCGATGGTAGCATCG-1,0.003722,0.190471,0.002427,0.80338
ACCGCAATAACTGCCT-1,0.595654,0.207505,0.000359,0.196482
ACCGCGGTGGAAGTCG-1,0.655187,0.04496,0.101655,0.198198
ACCGGGCCTTTGTTGA-1,0.937813,0.000027,0.000027,0.062133
ACCGGTCAGGTACACC-1,0.128292,0.009068,0.177642,0.684997
ACCGGTCTGAGTACGG-1,0.048294,0.008311,0.266522,0.676872
ACCGTGACCACGTGGG-1,0.000011,0.000469,0.008949,0.990571
ACCGTTCCCGCTCTGA-1,0.00008,0.00008,0.566984,0.432856
ACCTAAGTACCTTTCA-1,0.000019,0.000019,0.115349,0.884613
ACCTAATCGACTTCCT-1,0.043527,0.015631,0.028145,0.912697
ACCTACAGTATGTGGT-1,0.000012,0.156352,0.000012,0.843624
ACCTACTATAAATCTA-1,0.195288,0.132907,0.114215,0.557591
ACCTCCGCCCTCGCTG-1,0.939662,0.002501,0.003828,0.054009
ACCTCCGTTATTCACC-1,0.000186,0.02703,0.052944,0.919839
ACCTCGAACTTATGCT-1,0.051184,0.005436,0.627012,0.316368
ACCTGCGTGTCATGTT-1,0.000021,0.000021,0.361659,0.638299
ACCTTTCCTTTAGAAG-1,0.000067,0.000067,0.766404,0.233462
ACGAAATGGGCGGCAC-1,0.049082,0.014782,0.016242,0.919893
ACGACCCATGAGTTGC-1,0.804653,0.00005,0.189525,0.005772
ACGACTGGTCATACTC-1,0.001352,0.021887,0.032987,0.943775
ACGAGAACCCATCACG-1,0.006796,0.069584,0.476841,0.446779
ACGAGATATTTGCTTA-1,0.058465,0.006639,0.582658,0.352238
ACGAGGATACCACTCT-1,0.000013,0.000121,0.048168,0.951698
ACGAGGTTTACAACGT-1,0.000025,0.000025,0.369544,0.630406
ACGAGTACGGATGCCC-1,0.000009,0.002425,0.000009,0.997557
ACGATACATAGAACTA-1,0.000014,0.01931,0.013183,0.967492
ACGATACCTATCCTGA-1,0.013689,0.000037,0.912872,0.073403
ACGATCATACATAGAG-1,0.000048,0.000048,0.021635,0.978269
ACGATCATCTTGTAAA-1,0.058264,0.225143,0.082051,0.634542
ACGATGCATATGTTAT-1,0.000026,0.036201,0.082504,0.881269
ACGATGGATCCGATGC-1,0.000017,0.018848,0.046755,0.93438
ACGCAAACTAATAGAT-1,0.000007,0.000007,0.000299,0.999687
ACGCAATCACTACAGC-1,0.006187,0.048661,0.026866,0.918287
ACGCATAAATGACATG-1,0.10158,0.004397,0.393551,0.500472
ACGCATACGTTTACTA-1,0.999291,0.000029,0.00045,0.000231
ACGCATTCGTGAGTAC-1,0.000012,0.123773,0.000012,0.876202
ACGCCAGATGATTTCT-1,0.000027,0.000027,0.040728,0.959217
ACGCCCAGCTGTCGAT-1,0.002535,0.001371,0.187424,0.80867
ACGCCGCTAGACGACC-1,0.411552,0.215668,0.069411,0.30337
ACGCGAAGTCAGACGA-1,0.004888,0.081588,0.057005,0.85652
ACGCGCTACACAGGGT-1,0.070753,0.013832,0.080361,0.835055
ACGCGGGCCAAGGACA-1,0.000018,0.075376,0.000018,0.924588
ACGCGTTTCTTAAGAG-1,0.000025,0.002703,0.239007,0.758265
ACGCTAGTATCAGTGC-1,0.000038,0.009381,0.185692,0.80489
ACGCTAGTGATACACT-1,0.021969,0.014254,0.031709,0.932068
ACGCTGTGAGGCGTAG-1,0.000009,0.000009,0.001726,0.998255
ACGCTTAGTGTCTCTC-1,0.029549,0.007991,0.236373,0.726087
ACGGAATTTAGCAAAT-1,0.000013,0.009844,0.078409,0.911734
ACGGACTCTCAAAGCG-1,0.03696,0.135735,0.009108,0.818196
ACGGAGCGCAAATTAC-1,0.000019,0.000019,0.039532,0.960431
ACGGATGGTGCGGATA-1,0.634094,0.0536,0.065357,0.24695
ACGGCACTTGCTTGGG-1,0.000021,0.212285,0.001773,0.785922
ACGGCCAACATGGACT-1,0.01828,0.01563,0.1274,0.83869
ACGGCGACGATGGGAA-1,0.137616,0.321273,0.001189,0.539922
ACGGCGGGTTGCCCTG-1,0.000067,0.000067,0.738643,0.261223
ACGGCTGGATGTAGAA-1,0.000791,0.000039,0.896987,0.102184
ACGGGAGTGTCGGCCC-1,0.005414,0.001678,0.015606,0.977302
ACGGGCGTATGCGACA-1,0.000015,0.000015,0.036932,0.963037
ACGGGTCATGTGACTT-1,0.000056,0.000056,0.81938,0.180507
ACGGTCACCGAGAACA-1,0.036321,0.021804,0.221107,0.720768
ACGTACAGATTTCTCT-1,0.000274,0.016371,0.058807,0.924548
ACGTACTTTGGCACGG-1,0.058326,0.033973,0.112096,0.795606
ACGTAGATTGCTGATG-1,0.000019,0.104745,0.000019,0.895217
ACGTAGGAGAGTCGCT-1,0.359456,0.233312,0.109954,0.297278
ACGTATTACTCCGATC-1,0.490792,0.039463,0.07584,0.393905
ACGTCCTAAACGAGAT-1,0.000072,0.000072,0.728974,0.270882
ACGTCTCGTTCCGGGA-1,0.033484,0.079905,0.489948,0.396664
ACGTGACAAAGTAAGT-1,0.116804,0.000048,0.876531,0.006617
ACGTGCGCCTCGTGCA-1,0.008395,0.016317,0.039286,0.936002
ACGTGGTCGAATGTGC-1,0.016117,0.00008,0.828911,0.154892
ACGTTAATGTCGAAGA-1,0.071401,0.230564,0.085581,0.612454
ACGTTAGATTTGCCCG-1,0.026852,0.000021,0.024177,0.94895
ACGTTATTGGTCACTC-1,0.000027,0.000027,0.097238,0.902707
ACGTTCCGCGCTCCGT-1,0.000018,0.003044,0.034473,0.962465
ACGTTCGCAATCAATT-1,0.005154,0.030247,0.011321,0.953278
ACGTTCGTTCAGGAAA-1,0.00001,0.01961,0.00001,0.980371
ACGTTCTGTACAAGTC-1,0.805715,0.006232,0.094791,0.093261
ACGTTTAGTTGTGATC-1,0.000011,0.001629,0.000011,0.99835
ACTAATACGTCAGGCG-1,0.035053,0.002202,0.106855,0.855891
ACTACAAAGAGAGGTG-1,0.163063,0.152675,0.148046,0.536216
ACTACATCCCGACAAG-1,0.000019,0.004504,0.136241,0.859235
ACTACCAGCTCTCTGG-1,0.00002,0.000725,0.003242,0.996013
ACTACGCGTTAGAATT-1,0.030188,0.019425,0.00683,0.943557
ACTAGTTGCGATCGTC-1,0.823087,0.037974,0.04025,0.098689
ACTATATGCTGTGTTC-1,0.026046,0.000042,0.79655,0.177363
ACTATCCAGGGCATGG-1,0.014217,0.07375,0.073447,0.838586
ACTATCTGCCCGCGTA-1,0.682546,0.072697,0.052575,0.192182
ACTATGTCCAGCTGCC-1,0.000017,0.001893,0.07131,0.926781
ACTATTCGTCCGTGGT-1,0.000016,0.006643,0.069164,0.924176
ACTATTTCCGGGCCCA-1,0.000007,0.006246,0.000585,0.993162
ACTCAACGAATGTATT-1,0.00002,0.004789,0.001285,0.993906
ACTCAAGTGCAAGGCT-1,0.705263,0.007977,0.044236,0.242524
ACTCAATAAAGGCACG-1,0.000021,0.027271,0.00009,0.972619
ACTCAGACCTGCTTCT-1,0.000022,0.000022,0.02005,0.979906
ACTCATGGCAGCCTTC-1,0.025362,0.000034,0.323947,0.650657
ACTCCAATATCATCAT-1,0.000024,0.000024,0.054432,0.94552
ACTCCCATTCCTAAAG-1,0.000016,0.000016,0.057989,0.94198
ACTCCCGAATTCGTTT-1,0.000011,0.066596,0.00067,0.932724
ACTCCCGTAGACTAGG-1,0.000014,0.018438,0.080105,0.901442
ACTCCCTAATGCTAAA-1,0.000936,0.377101,0.000007,0.621956
ACTCCCTAGAATAGTA-1,0.061582,0.114542,0.138022,0.685853
ACTCGATGTATTTCAT-1,0.000041,0.000041,0.264019,0.735898
ACTCGCCGTTCGATAA-1,0.851894,0.011644,0.000031,0.136432
ACTCGCGATCTGACGC-1,0.024175,0.07428,0.000011,0.901533
ACTCGTAACCCGTCCT-1,0.00002,0.00002,0.060211,0.939749
ACTCGTCAGTAATCCC-1,0.000017,0.083416,0.000017,0.916551
ACTCTAAACCTGGGAT-1,0.049589,0.026566,0.88376,0.040085
ACTCTCTGACTTAGGT-1,0.567656,0.137168,0.065684,0.229493
ACTCTCTTATACACGA-1,0.069295,0.000088,0.714994,0.215622
ACTCTTCAGCTCCCGC-1,0.055755,0.120873,0.06548,0.757892
ACTCTTGTATAGTAAC-1,0.026015,0.095862,0.050198,0.827925
ACTGAAACGCCGTTAG-1,0.409629,0.065052,0.17941,0.345908
ACTGAATGGCGAAAGT-1,0.482229,0.260047,0.000022,0.257702
ACTGATTTAGTGATTC-1,0.005775,0.00652,0.197061,0.790644
ACTGCCCGCCATTCTC-1,0.000023,0.000023,0.075775,0.924179
ACTGCCGTCGTAACTC-1,0.000019,0.000019,0.004526,0.995435
ACTGCGGACACACCGT-1,0.000016,0.063356,0.012106,0.924521
ACTGCTCGGAAGGATG-1,0.106401,0.00003,0.54462,0.348948
ACTGTACGATACACAT-1,0.000017,0.030255,0.000017,0.969711
ACTGTAGCACTTTGGA-1,0.000013,0.004548,0.000013,0.995427
ACTGTATACGCGAGCA-1,0.000018,0.000018,0.006243,0.993721
ACTGTCCAGGATTATA-1,0.000033,0.080043,0.008686,0.911238
ACTGTCTTCTTTAGAA-1,0.015832,0.216565,0.000038,0.767565
ACTGTGCTAGTAGATC-1,0.000032,0.000032,0.048606,0.951329
ACTGTTTAGTGTAGGC-1,0.025539,0.024521,0.238632,0.711308
ACTTACCGGGCGCGCA-1,0.021512,0.158016,0.538313,0.282159
ACTTACGCATCCACGC-1,0.325893,0.150251,0.018166,0.50569
ACTTAGTACGACAAGA-1,0.000016,0.000016,0.010007,0.989961
ACTTATACTTACCCGG-1,0.00001,0.143975,0.000258,0.855757
ACTTATCTGATCTATA-1,0.022105,0.004898,0.190087,0.78291
ACTTATTAGGATCGGT-1,0.000029,0.084931,0.000029,0.91501
ACTTATTTATGTGCCA-1,0.820288,0.000047,0.040303,0.139362
ACTTCAGGCTGATCCC-1,0.594825,0.018387,0.185313,0.201474
ACTTCCAGTGGAAGCT-1,0.025881,0.006919,0.289976,0.677224
ACTTCCATGCGGGACA-1,0.7907,0.085749,0.000019,0.123532
ACTTCCTGTCGTGCGA-1,0.018597,0.02437,0.069672,0.887361
ACTTCGCCATACGCAC-1,0.032946,0.010564,0.141617,0.814873
ACTTCGCTAGCGAGTG-1,0.000026,0.006747,0.151422,0.841805
ACTTGACTCCCTCTTT-1,0.209897,0.15462,0.128651,0.506832
ACTTGCCATATTGTAC-1,0.136722,0.069675,0.590264,0.203339
ACTTGGGACCCGGTGG-1,0.030916,0.027213,0.140426,0.801445
ACTTGTAGTCCCTTCA-1,0.0039,0.000015,0.158442,0.837643
ACTTGTGGATGGAACG-1,0.803406,0.017286,0.00094,0.178367
ACTTTACCCTCATGAA-1,0.006504,0.11771,0.026537,0.849249
ACTTTCCTATAGCTTC-1,0.08141,0.158164,0.002252,0.758174
ACTTTGACTGCATCCT-1,0.055179,0.000548,0.138006,0.806267
ACTTTGGTCGTGCTCC-1,0.000028,0.000028,0.686866,0.313078
ACTTTGTCGACGCACT-1,0.9639,0.000023,0.035894,0.000183
AGAAATTATGACTCGC-1,0.918234,0.001272,0.055682,0.024811
AGAACCCAGCGTGACA-1,0.116069,0.104794,0.0464,0.732737
AGAACCCTCAATTGGG-1,0.056454,0.000044,0.94315,0.000352
AGAACGTGGTACATTC-1,0.0955,0.047796,0.004451,0.852253
AGAAGAGCGCCGTTCC-1,0.107669,0.03304,0.403094,0.456196
AGAAGGTACACTTCAC-1,0.17743,0.003075,0.18018,0.639315
AGAAGGTTGCCGAATT-1,0.229332,0.03789,0.172116,0.560662
AGAAGGTTGTAGGTCG-1,0.018349,0.197289,0.011979,0.772383
AGAAGTGATTCGTGAT-1,0.000032,0.000032,0.315064,0.684871
AGAATAAATCTTCAGG-1,0.000009,0.000009,0.013476,0.986505
AGAATGCGGGTTCGGA-1,0.07295,0.048316,0.723679,0.155054
AGAATTATGGATTCGA-1,0.012815,0.032186,0.026014,0.928986
AGAATTGTTTGACATA-1,0.000033,0.000033,0.001655,0.998279
AGACAGCTCAGAATCC-1,0.000021,0.000021,0.069238,0.93072
AGACAGGCATCTCAGC-1,0.950335,0.000026,0.048234,0.001405
AGACATAGATCCTTCC-1,0.000016,0.012878,0.004788,0.982317
AGACCAAACCACACCT-1,0.000028,0.000028,0.740839,0.259105
AGACCATGGGATACAA-1,0.000019,0.001659,0.041663,0.956659
AGACCCACCGCTGATC-1,0.041643,0.091483,0.050557,0.816317
AGACCCGCCCTCCTCG-1,0.103483,0.087009,0.032055,0.777453
AGACCGCTCCGCGGTT-1,0.789242,0.051402,0.006197,0.153159
AGACCGGGAAACCCTG-1,0.000015,0.000015,0.188149,0.81182
AGACGAAGTGCCGGTC-1,0.995359,0.004434,0.000023,0.000184
AGACGACGATGCCGCT-1,0.007906,0.000018,0.231126,0.760949
AGACGCCCACTTCGCC-1,0.999801,0.00002,0.00002,0.000159
AGACGGGATTGGTATA-1,0.000085,0.000085,0.757263,0.242566
AGACGGGCCGATTTAA-1,0.035459,0.020058,0.110946,0.833537
AGACTAGCCTTCCAGA-1,0.000039,0.001283,0.001196,0.997481
AGACTGTTACCGGGTC-1,0.026146,0.005946,0.019783,0.948125
AGAGAAACACCAGAAA-1,0.03436,0.020144,0.087385,0.858111
AGAGAACCGTCTAGGA-1,0.000014,0.013123,0.020504,0.966358
AGAGAAGGAGTACAAT-1,0.000014,0.013479,0.040581,0.945926
AGAGATCTCTAAAGCG-1,0.00001,0.000265,0.002021,0.997704
AGAGCAGTTATGAGAC-1,0.000027,0.000027,0.079915,0.920032
AGAGCCGCCGAGATTT-1,0.914704,0.000047,0.035504,0.049745
AGAGCGCTTGTAACGG-1,0.000027,0.014246,0.367672,0.618054
AGAGCGGGCTAATCAT-1,0.000013,0.000013,0.000384,0.99959
AGAGCGTACAAGCTCG-1,0.017276,0.009862,0.000013,0.972848
AGAGCTACGAAAGCAT-1,0.000083,0.000083,0.549202,0.450633
AGAGGCTTCGGAAACC-1,0.936078,0.000035,0.000035,0.063853
AGAGGTATCTCGGTCC-1,0.037625,0.020082,0.248241,0.694052
AGAGTAAACTTCACTA-1,0.828964,0.032907,0.071205,0.066924
AGAGTATAGTGTTACG-1,0.000083,0.000072,0.071759,0.928087
AGAGTGAACAGACACC-1,0.012245,0.000052,0.458447,0.529256
AGAGTTAGAGACCGAT-1,0.036683,0.025033,0.157305,0.780979
AGATAACTTCAGGGCC-1,0.060188,0.062267,0.004082,0.873463
AGATACCAATAGAACC-1,0.98004,0.00002,0.019778,0.000162
AGATACCAGCACTTCA-1,0.000037,0.000037,0.533701,0.466226
AGATACCGGTGTTCAC-1,0.028407,0.119556,0.018427,0.83361
AGATACGACTTCATAT-1,0.000013,0.000994,0.00516,0.993833
AGATACTCAAGATCGA-1,0.726068,0.029637,0.000026,0.244269
AGATATAATACGACTA-1,0.001698,0.142401,0.045398,0.810503
AGATCGTGCATAAGAT-1,0.000019,0.000019,0.002048,0.997915
AGATCTCAGGTGTGAT-1,0.00001,0.058053,0.011263,0.930675
AGATGACTCGCCCACG-1,0.116422,0.00728,0.11101,0.765288
AGATGAGGGTTGCGAT-1,0.000023,0.016939,0.269418,0.71362
AGATGATGGAGTCTGG-1,0.098117,0.162634,0.063151,0.676097
AGATGCAAGACGTGCA-1,0.000012,0.002012,0.00197,0.996006
AGATGCATCCTGTGTC-1,0.004311,0.000027,0.574698,0.420963
AGATTATAGGACGTTT-1,0.026354,0.000046,0.003066,0.970534
AGATTCAAGCGGGTCG-1,0.184312,0.017613,0.646989,0.151086
AGATTCACAACCGATA-1,0.000013,0.000013,0.101107,0.898866
AGCAAAGGCCGCTAGT-1,0.000717,0.176347,0.000013,0.822923
AGCAACATATCTTATT-1,0.358516,0.067285,0.227835,0.346364
AGCAACCGAAAGTAAT-1,0.000022,0.000022,0.145307,0.854648
AGCACACGTTTAGACT-1,0.000024,0.015858,0.149605,0.834514
AGCACCAGTACTCACG-1,0.005047,0.189101,0.000011,0.805841
AGCACTACCGGCCTGT-1,0.000012,0.000012,0.033199,0.966778
AGCACTACCTCACCAG-1,0.655143,0.082165,0.011376,0.251316
AGCACTTAAGGACGCC-1,0.006613,0.044812,0.002639,0.945937
AGCAGAAGGAGAAAGA-1,0.014529,0.177664,0.026538,0.781268
AGCAGCCAGATGAATA-1,0.00001,0.073847,0.00001,0.926133
AGCATATCAATATGCT-1,0.994325,0.000038,0.000038,0.005598
AGCATCATTTCGAAAG-1,0.001893,0.000015,0.118912,0.87918
AGCATCGTCGATAATT-1,0.031854,0.098991,0.000011,0.869144
AGCATTACGAGGCAAG-1,0.867546,0.005214,0.028265,0.098975
AGCCAAGCTTTGTGTC-1,0.007719,0.059205,0.01302,0.920056
AGCCACAGGTTACCCG-1,0.580332,0.094969,0.215767,0.108932
AGCCACTCCCGTGCTT-1,0.000005,0.000005,0.000005,0.999985
AGCCATATAGTATGTG-1,0.507119,0.035782,0.03829,0.41881
AGCCCATACATGTAAG-1,0.028528,0.009167,0.008676,0.953629
AGCCCGCAACAAGCAG-1,0.140245,0.094849,0.075503,0.689402
AGCCCGGCATTAGAGG-1,0.000021,0.011776,0.056317,0.931886
AGCCCGGTAGCCTGTA-1,0.053834,0.055348,0.023504,0.867314
AGCCCTAAGCGAAGTT-1,0.000014,0.000014,0.00013,0.999843
AGCCCTCCCTGGTGGC-1,0.177298,0.02802,0.139843,0.654839
AGCCCTGTCGCACCGT-1,0.000472,0.151417,0.004031,0.84408
AGCCCTTCTAATCCGA-1,0.000024,0.026126,0.141203,0.832648
AGCCCTTGGACATCCC-1,0.999791,0.000021,0.000021,0.000167
AGCCGCAAATTCAAAT-1,0.130273,0.002653,0.501795,0.36528
AGCCGTGGCTAAATGT-1,0.003041,0.000015,0.062041,0.934903
AGCCTAATACCCACGT-1,0.000796,0.001114,0.040192,0.957899
AGCCTTAAAGCGGAAG-1,0.000012,0.000012,0.000012,0.999963
AGCGACAGGAACGGTC-1,0.00002,0.00002,0.075912,0.924048
AGCGACATCCCATTCA-1,0.000015,0.03596,0.005604,0.958421
AGCGACCAACGATATT-1,0.062371,0.00488,0.038485,0.894264
AGCGAGACGTGAAGGC-1,0.000019,0.006353,0.144096,0.849531
AGCGATGCGCCTAATA-1,0.973102,0.005962,0.000239,0.020697
AGCGCATAATGAATCG-1,0.000908,0.089427,0.011152,0.898513
AGCGCGGGTGCCAATG-1,0.000016,0.000016,0.000016,0.999951
AGCGCTAGAGCGATGT-1,0.011061,0.008571,0.160574,0.819794
AGCGCTTATGGGCAAG-1,0.035659,0.012833,0.149233,0.802275
AGCGGACACTTCGTAG-1,0.061458,0.361461,0.116897,0.460184
AGCGGCGGTTAGCGGT-1,0.000011,0.000011,0.082151,0.917828
AGCGGGAAGGGTCCAT-1,0.000014,0.00934,0.013245,0.977401
AGCGGGTCTGACACTC-1,0.157726,0.252439,0.011831,0.578003
AGCGGTTGAGATGTAC-1,0.000041,0.000041,0.502968,0.496951
AGCGGTTGCCGCTCTG-1,0.000014,0.046723,0.164001,0.789262
AGCGTACGAGAGCTAG-1,0.000074,0.000074,0.187465,0.812388
AGCGTAGCGCTAGACC-1,0.012272,0.00005,0.405505,0.582174
AGCGTCTGAACCCGCA-1,0.000033,0.000836,0.176751,0.82238
AGCGTGGTATTCTACT-1,0.128462,0.283908,0.00283,0.584799
AGCGTTCCGATTTAAA-1,0.020944,0.000058,0.800606,0.178391
AGCTAACAAGCAATGT-1,0.000959,0.059306,0.030976,0.908759
AGCTAAGTACGCAGGC-1,0.292552,0.210954,0.083598,0.412896
AGCTAGAAGCAGAAGT-1,0.000018,0.000299,0.009632,0.99005
AGCTATTTAATCCAAC-1,0.000013,0.00555,0.011783,0.982654
AGCTCCATATATGTTC-1,0.953625,0.015387,0.016209,0.014779
AGCTCCTTCGCACATC-1,0.852422,0.043064,0.002979,0.101535
AGCTCGTTGATGGAAA-1,0.14842,0.050963,0.59279,0.207827
AGCTCTAGACGTTCCA-1,0.041779,0.187341,0.088869,0.682011
AGCTCTTCCCAGTGCA-1,0.000351,0.030139,0.002403,0.967107
AGCTCTTCGTAACCTT-1,0.095587,0.097143,0.032361,0.774908
AGCTCTTTACTCAGTT-1,0.008893,0.016743,0.147831,0.826533
AGCTGAAGTAAACCAA-1,0.000014,0.000082,0.002014,0.997891
AGCTGCATTTGAGGTG-1,0.032313,0.000063,0.510079,0.457545
AGCTGCTGTGCCGAAT-1,0.000068,0.000068,0.374311,0.625553
AGCTGTAACCTCAATC-1,0.106886,0.019989,0.00489,0.868235
AGCTTATAGAGACCTG-1,0.000069,0.000069,0.422386,0.577476
AGCTTCAATACTTTGA-1,0.000064,0.000064,0.35188,0.647993
AGCTTCTTCTCGAGCA-1,0.863204,0.000324,0.058872,0.077599
AGCTTGATCTTAACTT-1,0.00002,0.00002,0.196691,0.803268
AGGAAAGCCTCTGATG-1,0.004965,0.000039,0.255085,0.739911
AGGAACGAACGACTTC-1,0.963578,0.000031,0.01018,0.026211
AGGAAGCTGTCCGCCG-1,0.000011,0.210984,0.000011,0.788994
AGGACAGTCGAATCCC-1,0.662568,0.040542,0.006909,0.289982
AGGACATCGCACGTCG-1,0.000018,0.000018,0.111995,0.88797
AGGACGACCCATTAGA-1,0.069173,0.133195,0.000015,0.797617
AGGACGCTCGATGTTG-1,0.000022,0.005875,0.069,0.925103
AGGAGACATCCACAGT-1,0.016331,0.002012,0.408784,0.572873
AGGAGAGTCTGGCTAC-1,0.000022,0.000022,0.168854,0.831101
AGGAGGCCTTCGCGCG-1,0.900644,0.022905,0.029142,0.04731
AGGATAAAGTCGGGAT-1,0.000014,0.092801,0.001778,0.905408
AGGATATAGGGATTTA-1,0.887641,0.037267,0.009217,0.065874
AGGATCACGCGATCTG-1,0.000014,0.000014,0.059532,0.940439
AGGATTGCTTACGACA-1,0.008582,0.001911,0.020975,0.968532
AGGCAAAGAGGAATCA-1,0.020181,0.010948,0.22457,0.744301
AGGCACGTGACTGTCC-1,0.868173,0.000046,0.131416,0.000365
AGGCAGATGCGTAAAC-1,0.013306,0.054787,0.000011,0.931895
AGGCAGGGAGCGTACT-1,0.005496,0.01849,0.000211,0.975804
AGGCATTGTCGTAGGG-1,0.851085,0.000504,0.073513,0.074899
AGGCCACATTGGTTAC-1,0.287426,0.327474,0.001454,0.383646
AGGCCACCCGTTATGA-1,0.029783,0.023053,0.180554,0.76661
AGGCCCAGTGACTGGT-1,0.2303,0.000089,0.622353,0.147258
AGGCCCATTGTACAGG-1,0.000014,0.007576,0.000014,0.992395
AGGCCCTAGAACGCCA-1,0.003761,0.00001,0.009529,0.9867
AGGCCTATCATACCAA-1,0.087267,0.115207,0.019717,0.77781
AGGCCTGAGAATCTCG-1,0.565265,0.274254,0.000976,0.159505
AGGCGATAACTGGCGT-1,0.965262,0.000019,0.000019,0.0347
AGGCGGTTTGTCCCGC-1,0.000023,0.000023,0.025549,0.974406
AGGCGTCTATGGACGG-1,0.000033,0.000033,0.329895,0.67004
AGGCTATGGTTAGCTT-1,0.001701,0.005701,0.097942,0.894656
AGGCTTCCCGAAGAAG-1,0.064175,0.018847,0.036352,0.880626
AGGCTTGCTAGACACC-1,0.000021,0.000021,0.041376,0.958583
AGGGAAACGAGGTACT-1,0.000018,0.013807,0.046511,0.939664
AGGGACAGCACGGCGG-1,0.033845,0.000094,0.669455,0.296606
AGGGACCGGCTGCGTT-1,0.14104,0.002225,0.193186,0.663549
AGGGACTCTACGCGAC-1,0.000012,0.034418,0.000012,0.965557
AGGGAGACATACTTCG-1,0.010063,0.011275,0.065054,0.913607
AGGGCAGCGGCGTGGT-1,0.027768,0.069397,0.361568,0.541267
AGGGCCCTAATGTTCT-1,0.84979,0.000041,0.108299,0.04187
AGGGCGAGCAGCTGAT-1,0.00002,0.00002,0.138775,0.861185
AGGGCGTGATCGGCTA-1,0.000008,0.000008,0.000008,0.999977
AGGGCTGCAGTTACAG-1,0.069407,0.224768,0.00164,0.704185
AGGGTCAGAGCACTCG-1,0.000014,0.000014,0.000014,0.999957
AGGGTCAGTAACCCTA-1,0.034173,0.000363,0.665937,0.299527
AGGGTCGATGCGAACT-1,0.000014,0.201648,0.000014,0.798325
AGGGTGCCGTTCTTTA-1,0.000031,0.000031,0.301244,0.698694
AGGGTGCTCTCGAGGG-1,0.000686,0.063699,0.004613,0.931002
AGGGTGGATAGTGCAT-1,0.000023,0.000023,0.242547,0.757407
AGGGTGTGCTACACGC-1,0.086033,0.02595,0.455615,0.432402
AGGGTTCAGACGGTCC-1,0.129832,0.025016,0.139931,0.705221
AGGGTTCCCTTTGGTT-1,0.011382,0.007715,0.008891,0.972012
AGGGTTTAGTTCGGGA-1,0.002184,0.108655,0.000031,0.889129
AGGTAACCTCCTATTC-1,0.000025,0.000025,0.113991,0.885959
AGGTACGATATTGCCA-1,0.000017,0.020349,0.035732,0.943902
AGGTAGATCGAGATAT-1,0.000025,0.000025,0.028575,0.971376
AGGTAGGTACAAAGCT-1,0.000942,0.000018,0.095749,0.903292
AGGTATAATTGATAGT-1,0.000011,0.118836,0.076378,0.804775
AGGTATGCGGACATTA-1,0.009112,0.004949,0.131354,0.854585
