Barcode,Topic 1,Topic 2,Topic 3,Topic 4,Topic 5,Topic 6,Topic 7,Topic 8,Topic 9,Topic 10,Topic 11,Topic 12
AAACAACGAATAGTTC-1,0.007901,0.00003,0.085785,0.004829,0.001962,0.00003,0.00003,0.372136,0.017225,0.032833,0.13065,0.346588
AAACAAGTATCTCCCA-1,0.091454,0.047504,0.040443,0.008523,0.096936,0.305377,0.215984,0.000013,0.000689,0.048708,0.037794,0.106576
AAACAATCTACTAGCA-1,0.000016,0.01777,0.188776,0.032219,0.021321,0.040249,0.090536,0.000016,0.00025,0.000961,0.021877,0.586008
AAACACCAATAACTGC-1,0.055453,0.13532,0.013632,0.38632,0.034261,0.045966,0.195272,0.023086,0.094242,0.000391,0.010917,0.00514
AAACAGAGCGACTCCT-1,0.000071,0.000071,0.000071,0.000071,0.000071,0.000071,0.000071,0.338672,0.009868,0.000071,0.650825,0.000071
AAACAGCTTTCAGAAG-1,0.012794,0.151988,0.051075,0.115629,0.069001,0.240914,0.078274,0.036172,0.089437,0.006446,0.12163,0.026641
AAACAGGGTCTATATT-1,0.000027,0.000027,0.000027,0.000027,0.000027,0.218181,0.000027,0.437981,0.336211,0.000056,0.007383,0.000027
AAACAGTGTTCCTGGG-1,0.038567,0.263032,0.020095,0.47804,0.006559,0.057488,0.024906,0.005078,0.096554,0.007216,0.00099,0.001474
AAACATGGTGAGAGGA-1,0.000014,0.000014,0.000014,0.000014,0.000014,0.365988,0.001111,0.038979,0.503331,0.000014,0.089786,0.000718
AAACATTTCCCGGATT-1,0.032499,0.005135,0.004791,0.001851,0.02658,0.250302,0.276212,0.285546,0.040769,0.030464,0.018572,0.027279
AAACCCGAACGAAATC-1,0.000012,0.040387,0.036874,0.000012,0.036479,0.126048,0.348062,0.000704,0.000685,0.000539,0.176445,0.233753
AAACCGGAAATGTTAA-1,0.000051,0.000051,0.000051,0.000051,0.000051,0.000051,0.000051,0.38454,0.000143,0.000051,0.614858,0.000051
AAACCGGGTAGGTACC-1,0.013886,0.059735,0.125532,0.04833,0.030932,0.063608,0.006861,0.164252,0.067835,0.137101,0.256928,0.025001
AAACCGTTCGTCCAGG-1,0.012355,0.295788,0.044269,0.225947,0.023468,0.002315,0.050569,0.149998,0.081325,0.079205,0.015695,0.019066
AAACCTAAGCAGCCGG-1,0.14369,0.022831,0.008333,0.1025,0.073887,0.044072,0.136471,0.368909,0.067925,0.023881,0.000959,0.006542
AAACCTCATGAAGTTG-1,0.000127,0.147487,0.078598,0.034731,0.020216,0.056188,0.007138,0.386246,0.012538,0.176362,0.039513,0.040857
AAACGAAGAACATACC-1,0.001178,0.04383,0.064714,0.007686,0.015585,0.021313,0.110106,0.00002,0.00002,0.002038,0.096216,0.637294
AAACGAAGATGGAGTA-1,0.008981,0.025453,0.00002,0.030951,0.002726,0.000969,0.119576,0.113849,0.495155,0.122794,0.030471,0.049054
AAACGAGACGGTTGAT-1,0.004541,0.003671,0.107157,0.000218,0.018937,0.000029,0.013045,0.587548,0.001951,0.068623,0.039183,0.155096
AAACGCTGGGCACGAC-1,0.031879,0.046902,0.004108,0.000043,0.089059,0.128213,0.024947,0.270342,0.03448,0.000842,0.369144,0.000043
AAACGGGCGTACGGGT-1,0.006383,0.000021,0.000021,0.000021,0.000021,0.006525,0.030811,0.753596,0.202249,0.000021,0.000021,0.00031
AAACGGGTTGGTATCC-1,0.001556,0.008874,0.159161,0.010184,0.004368,0.060928,0.00754,0.024038,0.063287,0.041374,0.305318,0.313372
AAACGGTTGCGAACTG-1,0.039275,0.260105,0.000199,0.048884,0.020514,0.000021,0.075193,0.349899,0.117107,0.082511,0.000021,0.00627
AAACTCGGTTCGCAAT-1,0.29564,0.036268,0.077935,0.107237,0.045927,0.11975,0.032752,0.089604,0.113746,0.047496,0.014242,0.019402
AAACTGCTGGCTCCAA-1,0.17079,0.030436,0.279167,0.070226,0.094881,0.000013,0.006713,0.159126,0.001282,0.104741,0.008542,0.074083
AAACTTAATTGCACGC-1,0.000026,0.000026,0.000026,0.000026,0.000026,0.457959,0.000026,0.282562,0.258472,0.000799,0.000026,0.000026
AAACTTGCAAACGTAT-1,0.02059,0.03007,0.046404,0.01102,0.003873,0.360503,0.012392,0.177582,0.100802,0.085712,0.138899,0.012154
AAAGAATGACCTTAGA-1,0.001387,0.061659,0.006579,0.007982,0.012575,0.044713,0.052608,0.091684,0.567023,0.013192,0.089692,0.050907
AAAGAATGTGGACTAA-1,0.000173,0.000067,0.000023,0.003059,0.000023,0.11309,0.283364,0.308346,0.232034,0.000023,0.028398,0.031399
AAAGACCCAAGTCGCG-1,0.106099,0.004242,0.421421,0.035604,0.052146,0.057433,0.03004,0.090438,0.001513,0.01253,0.031444,0.157089
AAAGACTGGGCGCTTT-1,0.014456,0.038327,0.144464,0.025504,0.000029,0.000029,0.009619,0.29248,0.104165,0.092056,0.124886,0.153986
AAAGGCCCTATAATAC-1,0.010951,0.002074,0.000011,0.000902,0.000011,0.418917,0.035598,0.125289,0.405499,0.000726,0.000011,0.000011
AAAGGCTACGGACCAT-1,0.02471,0.29902,0.040582,0.094422,0.013874,0.006784,0.030296,0.174774,0.051594,0.250661,0.000014,0.013271
AAAGGCTCTCGCGCCG-1,0.038176,0.316059,0.07155,0.0254,0.021934,0.013096,0.030126,0.191701,0.019257,0.216215,0.021679,0.034807
AAAGGGATGTAGCAAG-1,0.160824,0.000026,0.289806,0.00553,0.029808,0.000026,0.000026,0.317407,0.000026,0.124127,0.013857,0.058537
AAAGGGCAGCTTGAAT-1,0.000028,0.006317,0.054478,0.000028,0.000028,0.006143,0.000028,0.220786,0.074164,0.514853,0.081184,0.041964
AAAGTAGCATTGCTCA-1,0.00847,0.405903,0.08841,0.16464,0.039192,0.081576,0.048462,0.040127,0.025097,0.061825,0.01732,0.018978
AAAGTCACTGATGTAA-1,0.107718,0.000032,0.045057,0.01659,0.002304,0.000032,0.002455,0.17357,0.024686,0.080263,0.015216,0.532077
AAAGTCGACCCTCAGT-1,0.000041,0.000041,0.000041,0.000041,0.000041,0.000041,0.000041,0.901627,0.040472,0.038007,0.019565,0.000041
AAAGTGCCATCAATTA-1,0.000037,0.000037,0.000037,0.000037,0.000037,0.000037,0.000037,0.288617,0.218261,0.000037,0.492789,0.000037
AAAGTGTGATTTATCT-1,0.031619,0.000486,0.2021,0.021558,0.011327,0.02914,0.010344,0.341766,0.009346,0.089873,0.035479,0.216961
AAAGTTGACTCCCGTA-1,0.001204,0.036587,0.050132,0.009776,0.011624,0.004249,0.054302,0.370717,0.03096,0.01369,0.21252,0.204239
AAATAACCATACGGGA-1,0.00006,0.081607,0.06767,0.00006,0.04311,0.00006,0.062604,0.071505,0.00006,0.057794,0.4774,0.138069
AAATACCTATAAGCAT-1,0.08284,0.032929,0.360073,0.026835,0.054984,0.115004,0.025793,0.047519,0.002997,0.152744,0.020335,0.077947
AAATAGCTTAGACTTT-1,0.000017,0.024359,0.05056,0.013942,0.061468,0.00415,0.105672,0.053097,0.011945,0.007274,0.145329,0.522187
AAATAGGGTGCTATTG-1,0.025316,0.000034,0.000034,0.000034,0.000034,0.146946,0.000034,0.534754,0.065421,0.154635,0.072726,0.000034
AAATCCGATACACGCC-1,0.294729,0.018303,0.023775,0.083623,0.02526,0.166704,0.123492,0.17119,0.048222,0.009084,0.012641,0.022977
AAATCGCGGAAGGAGT-1,0.006771,0.004797,0.051839,0.014475,0.006802,0.025704,0.071606,0.189321,0.538003,0.004522,0.054945,0.031217
AAATCGTGTACCACAA-1,0.01096,0.01653,0.118818,0.000038,0.004965,0.000038,0.006457,0.42062,0.012006,0.289798,0.02839,0.09138
AAATCTAGCCCTGCTA-1,0.006901,0.009817,0.011738,0.002544,0.047728,0.002047,0.17219,0.423638,0.107571,0.012794,0.114575,0.088456
AAATCTGCCCGCGTCC-1,0.068517,0.004447,0.002923,0.000513,0.007972,0.188296,0.001337,0.005564,0.479434,0.074609,0.166251,0.000139
AAATGACTGATCAAAC-1,0.114959,0.093311,0.013588,0.003943,0.009286,0.029944,0.015555,0.331583,0.301404,0.031174,0.055229,0.000023
AAATGCTCGTTACGTT-1,0.000021,0.049761,0.260013,0.009956,0.021935,0.000021,0.000021,0.002533,0.000021,0.464497,0.060168,0.131055
AAATGGCATGTCTTGT-1,0.042367,0.043498,0.225254,0.047167,0.175422,0.000018,0.011518,0.000018,0.000018,0.04958,0.099885,0.305253
AAATGGCCCGTGCCCT-1,0.120046,0.035236,0.19322,0.155723,0.017851,0.244361,0.010499,0.033672,0.015352,0.156835,0.004965,0.01224
AAATGGTCAATGTGCC-1,0.002702,0.168224,0.158112,0.024278,0.012703,0.000021,0.005702,0.189019,0.003516,0.225636,0.00369,0.206398
AAATGTATCTTATCCC-1,0.025119,0.015938,0.016863,0.035007,0.002494,0.006386,0.056636,0.237388,0.447001,0.03633,0.018738,0.102099
AAATGTGGGTGCTCCT-1,0.000032,0.002144,0.000763,0.000032,0.000032,0.142906,0.067683,0.021898,0.09771,0.000032,0.529877,0.136892
AAATTAACGGGTAGCT-1,0.003811,0.034659,0.085577,0.007201,0.150754,0.000026,0.004016,0.161366,0.002402,0.356236,0.001848,0.192105
AAATTAATAAGCGCGA-1,0.016771,0.004901,0.109512,0.038051,0.013716,0.187943,0.00295,0.208651,0.273883,0.045071,0.070555,0.027998
AAATTACACGACTCTG-1,0.000033,0.040909,0.162812,0.004172,0.077537,0.000033,0.082894,0.001768,0.000033,0.000033,0.349715,0.280059
AAATTACCTATCGATG-1,0.007003,0.007254,0.087692,0.010757,0.03892,0.00291,0.071862,0.195556,0.017804,0.033835,0.180706,0.345699
AAATTCCAGGTCCAAA-1,0.000069,0.000069,0.000069,0.000069,0.000069,0.000069,0.000069,0.364976,0.004255,0.000069,0.630152,0.000069
AAATTGATAGTCCTTT-1,0.058535,0.253407,0.005298,0.201259,0.008196,0.000024,0.06752,0.115981,0.124448,0.163313,0.000024,0.001995
AAATTGCGGCGGTTCT-1,0.000041,0.000041,0.000041,0.000041,0.000041,0.000041,0.000041,0.799443,0.002607,0.031207,0.110881,0.055572
AAATTTGCGGGTGTGG-1,0.001351,0.227889,0.046115,0.03422,0.000837,0.00254,0.003987,0.408159,0.084024,0.139749,0.02702,0.02411
AACAACTGGTAGTTGC-1,0.000049,0.079853,0.005656,0.000049,0.000049,0.041258,0.000049,0.360079,0.135277,0.098735,0.278895,0.000049
AACAATACATTGTCGA-1,0.071421,0.276742,0.037473,0.137306,0.018352,0.159826,0.025534,0.156359,0.055637,0.058104,0.000014,0.003234
AACAATTACTCTACGC-1,0.000036,0.011706,0.116485,0.000036,0.000036,0.175187,0.000036,0.420393,0.059402,0.039955,0.130966,0.045762
AACACACGCTCGCCGC-1,0.110101,0.027051,0.044657,0.046947,0.029481,0.013875,0.07453,0.315709,0.048871,0.021334,0.192366,0.075078
AACACGACTGTACTGA-1,0.011067,0.035138,0.098704,0.013565,0.020292,0.012324,0.083554,0.011838,0.002114,0.020713,0.108138,0.582554
AACACGAGACGCGGCC-1,0.000021,0.119257,0.039285,0.001868,0.001755,0.313241,0.005568,0.321775,0.04484,0.08099,0.057185,0.014216
AACACGCGGCCGCGAA-1,0.067399,0.022209,0.119539,0.028793,0.054346,0.039764,0.051074,0.03914,0.044472,0.155176,0.214332,0.163757
AACAGCTGTGTGGCAA-1,0.017266,0.203296,0.003839,0.027238,0.014072,0.065517,0.057576,0.33757,0.177022,0.090461,0.000155,0.005987
AACAGGAAATCGAATA-1,0.000035,0.000035,0.194708,0.000035,0.001262,0.000035,0.000035,0.160236,0.000035,0.100437,0.245563,0.297581
AACAGGATGGGCCGCG-1,0.000034,0.047789,0.009727,0.000034,0.000034,0.07006,0.000034,0.224649,0.239721,0.04953,0.358357,0.000034
AACAGGTAGTATGGAT-1,0.000799,0.054367,0.165482,0.012884,0.11018,0.08302,0.17458,0.001835,0.006983,0.001029,0.108566,0.280276
AACATAGCGTGTATCG-1,0.314437,0.015564,0.001203,0.023225,0.004188,0.001328,0.082524,0.25407,0.197024,0.059235,0.000016,0.047187
AACATATCAACTGGTG-1,0.000017,0.016731,0.093996,0.004538,0.054031,0.009815,0.130337,0.000083,0.000017,0.001121,0.018147,0.671169
AACATTGAAGTTGATC-1,0.003743,0.125322,0.044128,0.035603,0.008181,0.164027,0.184586,0.037147,0.31126,0.004161,0.036534,0.045308
AACATTGGTCAGCCGT-1,0.000049,0.000049,0.000049,0.000049,0.000049,0.000049,0.000049,0.594539,0.201996,0.014176,0.097554,0.091394
AACATTGTGACTCGAG-1,0.007767,0.239871,0.019438,0.056536,0.008379,0.027059,0.01102,0.358733,0.051229,0.206859,0.006034,0.007077
AACCAAGACTTCTCTG-1,0.004504,0.095612,0.176387,0.010179,0.013782,0.250917,0.009574,0.238671,0.048259,0.065207,0.043934,0.042975
AACCATAGGGTTGAAC-1,0.000021,0.000021,0.000021,0.000021,0.000021,0.010974,0.000021,0.209693,0.708918,0.000021,0.070246,0.000021
AACCATGGGATCGCTA-1,0.026862,0.03816,0.092264,0.018485,0.141202,0.018961,0.002701,0.049779,0.018089,0.393867,0.074931,0.124699
AACCCAGAGACGGAGA-1,0.22774,0.000021,0.386686,0.009084,0.002892,0.000021,0.000021,0.131462,0.001035,0.061221,0.125147,0.054669
AACCCATCCCATGATC-1,0.015674,0.262687,0.108197,0.221316,0.007498,0.161167,0.008014,0.011171,0.152127,0.040451,0.007931,0.003767
AACCCGACAACCCGTG-1,0.087773,0.122045,0.002381,0.026235,0.006552,0.041885,0.010298,0.390364,0.229101,0.070403,0.012944,0.00002
AACCCGAGCAGAATCG-1,0.003022,0.004364,0.05124,0.013685,0.059211,0.295888,0.386716,0.002845,0.004025,0.000262,0.03707,0.141671
AACCCGCTGTATTCCA-1,0.024215,0.316723,0.014883,0.1599,0.005697,0.388348,0.01293,0.008846,0.041175,0.020213,0.000011,0.00706
AACCCTACTGTCAATA-1,0.019332,0.051409,0.18623,0.027505,0.17901,0.011153,0.083034,0.060909,0.002827,0.030198,0.051797,0.296596
AACCCTGGTGGAACCA-1,0.000031,0.002536,0.025209,0.000031,0.001581,0.147551,0.081671,0.008769,0.010917,0.000039,0.432525,0.289141
AACCGAGCTTGGTCAT-1,0.000053,0.000053,0.000053,0.000053,0.000053,0.000053,0.000053,0.703691,0.000053,0.148121,0.110548,0.037217
AACCGCTAAGGGATGC-1,0.046139,0.003433,0.07067,0.007327,0.015677,0.000023,0.07211,0.34305,0.01227,0.178959,0.065041,0.185301
AACCGTTGTGTTTGCT-1,0.006111,0.009964,0.278818,0.050469,0.087052,0.021552,0.001509,0.051085,0.000029,0.046145,0.005963,0.441304
AACCTCGCTTTAGCCC-1,0.300248,0.046434,0.051867,0.066281,0.10079,0.093555,0.035253,0.16935,0.019253,0.049938,0.003529,0.063501
AACCTGTCACGGAATT-1,0.000055,0.000055,0.000055,0.000055,0.000055,0.000055,0.000055,0.042565,0.021843,0.000055,0.935099,0.000055
AACCTTTAAATACGGT-1,0.320471,0.025811,0.19546,0.162332,0.035166,0.001325,0.005812,0.188801,0.00153,0.028798,0.011021,0.023472
AACCTTTACGACGTCT-1,0.006721,0.000037,0.12524,0.027557,0.001853,0.000037,0.009648,0.005625,0.000037,0.000037,0.776652,0.046555
AACGAAAGTCGTCCCA-1,0.02987,0.105553,0.020269,0.266858,0.022824,0.005523,0.118507,0.062063,0.272847,0.030147,0.003828,0.06171
AACGACCTCCTAGCCG-1,0.000013,0.007516,0.000013,0.000013,0.000882,0.16322,0.58427,0.003609,0.077386,0.000013,0.11158,0.051486
AACGATAATGCCGTAG-1,0.053864,0.000163,0.03792,0.00003,0.001865,0.00003,0.005342,0.721147,0.007045,0.050001,0.099751,0.022842
AACGATAGAAGGGCCG-1,0.08906,0.006671,0.153014,0.043293,0.100914,0.000027,0.00741,0.205225,0.005429,0.139408,0.062721,0.186829
AACGATATGTCAACTG-1,0.051524,0.017177,0.394299,0.04465,0.087533,0.000019,0.049141,0.011069,0.00029,0.052471,0.03387,0.257958
AACGCATGATCTGGGT-1,0.00007,0.00007,0.046587,0.00007,0.00007,0.00007,0.00007,0.137368,0.00007,0.114348,0.698606,0.0026
AACGCGAACGGCAACA-1,0.017127,0.00003,0.130899,0.00003,0.00003,0.00003,0.00003,0.682302,0.00003,0.066168,0.018297,0.085027
AACGCGACCTTGGGCG-1,0.201875,0.215344,0.012294,0.205595,0.015104,0.001789,0.040026,0.135541,0.03883,0.118194,0.002342,0.013068
AACGCGGTCTCCAGCC-1,0.108065,0.000031,0.32081,0.059577,0.081414,0.023218,0.000031,0.169464,0.003412,0.10701,0.041771,0.085198
AACGCTGTTGCTGAAA-1,0.05739,0.01305,0.029784,0.015038,0.103971,0.00003,0.127568,0.371218,0.038825,0.028143,0.009678,0.205306
AACGGACGTACGTATA-1,0.093957,0.00619,0.013613,0.008037,0.022876,0.000028,0.086522,0.438726,0.034213,0.077082,0.091807,0.126949
AACGGCCATCTCCGGT-1,0.007004,0.37576,0.182385,0.065459,0.117307,0.015732,0.005916,0.00847,0.006047,0.18052,0.007332,0.028069
AACGTACTGTGGGTAC-1,0.003565,0.218636,0.170235,0.044425,0.014055,0.025509,0.013752,0.095291,0.024443,0.270902,0.00745,0.111738
AACGTAGTCTACCCAT-1,0.000035,0.000035,0.000177,0.000035,0.000035,0.000035,0.013584,0.065766,0.012861,0.098094,0.27913,0.530216
AACGTCAGACTAGTGG-1,0.000019,0.215723,0.502843,0.017731,0.042389,0.020322,0.001559,0.011257,0.000019,0.069877,0.020112,0.098151
AACGTCATCCGGCTTG-1,0.11507,0.122355,0.006666,0.015973,0.010244,0.001895,0.066925,0.277205,0.316889,0.036476,0.007076,0.023227
AACGTCGCTGCACTTC-1,0.075114,0.016903,0.000022,0.002721,0.000022,0.039773,0.255404,0.029928,0.395315,0.024386,0.094338,0.066073
AACGTGATGAAGGACA-1,0.000079,0.000079,0.000079,0.000079,0.000079,0.000079,0.000079,0.341237,0.034559,0.000079,0.623492,0.000079
AACGTGCGAAAGTCTC-1,0.068613,0.002402,0.093999,0.000027,0.028658,0.000044,0.030922,0.209947,0.000027,0.403401,0.109026,0.052936
AACGTTATCAGCACCT-1,0.000029,0.022576,0.081888,0.000029,0.000029,0.087967,0.000029,0.291415,0.092109,0.203581,0.020865,0.199483
AACTACCCGTTTGTCA-1,0.018614,0.011136,0.177524,0.014449,0.033724,0.026796,0.150537,0.067499,0.013916,0.03191,0.078114,0.37578
AACTAGCGTATCGCAC-1,0.000023,0.005995,0.136289,0.006643,0.011306,0.087803,0.036697,0.000023,0.000023,0.001195,0.074386,0.639617
AACTAGGCTTGGGTGT-1,0.046859,0.299535,0.175876,0.114292,0.042201,0.057036,0.00961,0.053926,0.010385,0.107629,0.01868,0.063969
AACTCAAGTTAATTGC-1,0.000154,0.291646,0.345164,0.013768,0.011533,0.000017,0.000017,0.033226,0.001012,0.250057,0.025944,0.027462
AACTCCAGAGCGTGTT-1,0.372068,0.031661,0.020566,0.00244,0.172195,0.020656,0.057975,0.001113,0.005258,0.283442,0.009997,0.022628
AACTCCTAATCCCATG-1,0.000074,0.000074,0.000074,0.000074,0.000074,0.000074,0.000074,0.480631,0.007973,0.000074,0.510731,0.000074
AACTCGATAAACACGT-1,0.232102,0.000008,0.585026,0.07898,0.03803,0.000008,0.003916,0.000609,0.000008,0.002957,0.00181,0.056548
AACTCGATGGCGCAGT-1,0.149072,0.000012,0.64972,0.058492,0.012341,0.110969,0.000631,0.000012,0.000012,0.002216,0.000012,0.016511
AACTCTCAATAGAGCG-1,0.02036,0.033316,0.425761,0.080928,0.06465,0.000015,0.036698,0.046631,0.000015,0.026767,0.05477,0.210088
AACTCTCAGTGTGCTC-1,0.000322,0.372631,0.033924,0.005919,0.000024,0.267825,0.017482,0.190419,0.064575,0.032723,0.002765,0.011391
AACTGATATTAGGCCT-1,0.036638,0.002752,0.422623,0.020154,0.02628,0.000027,0.006203,0.070756,0.014433,0.059805,0.060353,0.279976
AACTGGGTCCCGACGT-1,0.074757,0.003713,0.491367,0.100263,0.031123,0.000016,0.003297,0.07164,0.000016,0.052169,0.000016,0.171625
AACTGGTGTGGGCCTT-1,0.047248,0.025678,0.356258,0.172244,0.065292,0.009456,0.010192,0.000012,0.000012,0.038447,0.013357,0.261802
AACTTCTGCGTCTATC-1,0.000034,0.114176,0.197517,0.000396,0.000034,0.000166,0.000475,0.211249,0.008283,0.296741,0.033092,0.137839
AACTTGCCCGTATGCA-1,0.002127,0.004291,0.113186,0.000035,0.000035,0.000035,0.000035,0.407578,0.055407,0.214886,0.190286,0.012098
AACTTGCGTTCTCGCG-1,0.000011,0.266409,0.572096,0.023784,0.011064,0.036321,0.000011,0.000011,0.000011,0.056987,0.008634,0.02466
AACTTTACGGGAGCTT-1,0.000033,0.026986,0.020935,0.000033,0.000033,0.000033,0.005455,0.432124,0.321818,0.042159,0.021719,0.128674
AACTTTAGCTGCTGAG-1,0.000046,0.000046,0.029185,0.000046,0.000046,0.000046,0.04244,0.212396,0.051626,0.021825,0.107923,0.534378
AAGAAAGTTTGATGGG-1,0.000023,0.000023,0.000023,0.000023,0.000023,0.000023,0.005889,0.07878,0.843679,0.003883,0.036116,0.031516
AAGAAGGATCAGTTAG-1,0.000911,0.096008,0.240832,0.006678,0.00913,0.00002,0.005205,0.095878,0.031114,0.381651,0.043998,0.088574
AAGACATACGTGGTTT-1,0.007683,0.012165,0.026335,0.045898,0.145428,0.360237,0.257196,0.000005,0.00113,0.000038,0.006653,0.13723
AAGACCAAATAACTCA-1,0.000025,0.000025,0.000025,0.000025,0.000025,0.019568,0.000025,0.445446,0.46239,0.000025,0.072396,0.000025
AAGACCCAACTGAACA-1,0.047391,0.361889,0.044049,0.022325,0.045572,0.011089,0.038685,0.197103,0.02233,0.16459,0.037615,0.00736
AAGACTAACCCGTTGT-1,0.008758,0.000038,0.027481,0.000038,0.000038,0.115667,0.000401,0.317839,0.05737,0.032148,0.047569,0.392651
AAGACTGCAAGCTACT-1,0.265655,0.000019,0.337573,0.014791,0.014601,0.000019,0.000019,0.143067,0.000019,0.07854,0.097654,0.048044
AAGAGATGAATCGGTA-1,0.000034,0.026488,0.119467,0.000034,0.000034,0.000034,0.000034,0.283697,0.139454,0.321745,0.091605,0.017375
AAGAGCTCTTTATCGG-1,0.154786,0.00008,0.347803,0.015799,0.020734,0.000028,0.000028,0.199507,0.000028,0.061467,0.035557,0.164184
AAGAGGATGTACGCGA-1,0.000033,0.023462,0.041192,0.000033,0.000033,0.000033,0.000033,0.336158,0.005776,0.330521,0.251141,0.011587
AAGAGGCATGGATCGC-1,0.085288,0.030303,0.331186,0.01346,0.053991,0.021537,0.137027,0.177033,0.001168,0.019712,0.040801,0.088492
AAGAGGCCCTTTGGAA-1,0.092849,0.00274,0.002522,0.001121,0.009063,0.066767,0.230075,0.224618,0.08773,0.027584,0.198968,0.055965
AAGATGGCACCGGACC-1,0.12124,0.030735,0.018174,0.045541,0.007959,0.176733,0.027496,0.195855,0.250859,0.048236,0.077157,0.000017
AAGATTGGCGGAACGT-1,0.061294,0.020731,0.134081,0.000018,0.055422,0.070561,0.005705,0.000722,0.00041,0.211017,0.248715,0.191326
AAGCACCCTGCGTATC-1,0.262898,0.004355,0.231498,0.103938,0.083964,0.13296,0.017098,0.037105,0.005074,0.063324,0.002911,0.054877
AAGCATACTCTCCTGA-1,0.273849,0.004143,0.062281,0.014519,0.026358,0.001557,0.021587,0.352569,0.065367,0.073759,0.051485,0.052525
AAGCCACTTGCAGGTA-1,0.154953,0.106032,0.000049,0.001549,0.000049,0.221181,0.000049,0.000049,0.498986,0.004858,0.012197,0.000049
AAGCCGAAGCGGTTTA-1,0.021192,0.004661,0.092369,0.003894,0.023362,0.000027,0.111236,0.204212,0.038567,0.125356,0.101701,0.273424
AAGCCGCCGTGAAATC-1,0.057169,0.119737,0.018813,0.244856,0.011132,0.260421,0.151152,0.012013,0.094062,0.002397,0.021925,0.006325
AAGCCGGAGAGCAGGA-1,0.019949,0.004513,0.000031,0.000031,0.001442,0.115375,0.019477,0.206927,0.024803,0.002793,0.604629,0.000031
AAGCGCAGGGCTTTGA-1,0.252672,0.010064,0.008611,0.02905,0.003348,0.056404,0.023654,0.416629,0.179055,0.007616,0.002375,0.010521
AAGCGTCCCTCATCGA-1,0.008085,0.264509,0.10652,0.0593,0.014224,0.238351,0.00076,0.090048,0.030795,0.147546,0.022739,0.017123
AAGCTAGATCGAGTAA-1,0.235467,0.007587,0.321407,0.077737,0.111557,0.002145,0.019558,0.044609,0.006551,0.096145,0.05341,0.023828
AAGCTATGGATTGACC-1,0.000926,0.000926,0.000926,0.000926,0.000926,0.000926,0.685331,0.000926,0.30541,0.000926,0.000926,0.000926
AAGCTCGTGCCAAGTC-1,0.00126,0.114075,0.356919,0.03634,0.011691,0.000024,0.004788,0.101847,0.000024,0.253776,0.079396,0.03986
AAGCTCTTTCATGGTG-1,0.426745,0.001562,0.003768,0.043658,0.014139,0.000019,0.143748,0.225433,0.030479,0.024313,0.000019,0.086117
AAGGAGAACTTATAAG-1,0.000047,0.000047,0.000047,0.000047,0.000047,0.022183,0.006401,0.148372,0.133549,0.01448,0.487117,0.187662
AAGGAGCGGTTGGTGC-1,0.0009,0.131256,0.149892,0.015183,0.041784,0.018575,0.000021,0.074875,0.020326,0.423683,0.015819,0.107685
AAGGATCGATCGCTTG-1,0.000017,0.105264,0.066434,0.004478,0.056539,0.031523,0.124844,0.004676,0.002405,0.016172,0.126054,0.461594
AAGGATGAGGGACCTC-1,0.016348,0.025232,0.240548,0.068071,0.06441,0.000018,0.022318,0.030534,0.000018,0.029405,0.23575,0.267348
AAGGCAGGCTGTCTCC-1,0.00005,0.00005,0.00005,0.00005,0.00005,0.00005,0.00005,0.246281,0.056742,0.00005,0.696526,0.00005
AAGGCGCGTAAAGCTT-1,0.000022,0.031823,0.164415,0.039027,0.005372,0.000022,0.000022,0.237105,0.075691,0.369249,0.007413,0.069839
AAGGCTGTGCTCATCG-1,0.003496,0.26163,0.191996,0.008345,0.006286,0.123122,0.005079,0.032561,0.010495,0.234535,0.054288,0.068168
AAGGGAACGACTGGCT-1,0.113406,0.181079,0.052425,0.293546,0.071118,0.07046,0.130025,0.000014,0.032294,0.016821,0.016358,0.022455
AAGGGACAGATTCTGT-1,0.027613,0.052294,0.063361,0.044511,0.017183,0.000027,0.039323,0.181627,0.008779,0.071138,0.069773,0.42437
AAGGGACTATGCATTC-1,0.120694,0.047487,0.006572,0.07509,0.006689,0.017896,0.029082,0.088463,0.479154,0.109655,0.018983,0.000236
AAGGGTTTGATTTCAG-1,0.000027,0.000027,0.000027,0.000027,0.000027,0.000027,0.000027,0.019302,0.660659,0.000027,0.319792,0.000027
AAGGTATCCTAATATA-1,0.044567,0.000809,0.357122,0.026793,0.053715,0.040794,0.017578,0.08015,0.000024,0.057804,0.047442,0.273201
AAGGTGATAAACCAGC-1,0.023409,0.023869,0.152224,0.011918,0.080195,0.004516,0.022341,0.445811,0.004189,0.082953,0.011534,0.13704
AAGTAAGCTTCCAAAC-1,0.000019,0.014773,0.07174,0.004239,0.116888,0.087366,0.114755,0.000019,0.002765,0.004993,0.27205,0.310393
AAGTAGAAGACCGGGT-1,0.007142,0.003968,0.063753,0.000034,0.000034,0.000034,0.000034,0.412092,0.006589,0.389074,0.046747,0.070498
AAGTAGTGACGCGAGG-1,0.003737,0.167385,0.226327,0.016164,0.008684,0.056542,0.001255,0.06267,0.026089,0.318028,0.066003,0.047117
AAGTCAATTGTCGTCA-1,0.016029,0.005234,0.203623,0.018037,0.009067,0.059691,0.152222,0.187706,0.008537,0.039979,0.118013,0.181863
AAGTCTTCTGTGGCCT-1,0.022562,0.004035,0.001019,0.000022,0.000022,0.162156,0.000022,0.065033,0.523959,0.113329,0.099513,0.008329
AAGTGACGACCGAATT-1,0.095472,0.001472,0.508017,0.018889,0.01913,0.081538,0.001375,0.11178,0.001072,0.106627,0.033782,0.020846
AAGTGAGTCGGGTTTA-1,0.015577,0.192082,0.102914,0.022858,0.037059,0.041388,0.01867,0.45269,0.018536,0.082053,0.007824,0.008351
AAGTGCAAAGGTAGAC-1,0.000029,0.000029,0.11774,0.000029,0.000029,0.253298,0.001908,0.384567,0.026906,0.027933,0.047155,0.140379
AAGTGCCTTGACTGTA-1,0.000034,0.003132,0.120642,0.000034,0.051518,0.000034,0.109426,0.210444,0.000034,0.040831,0.233338,0.230533
AAGTGCGTTAGAATCT-1,0.001573,0.243289,0.283907,0.305568,0.057469,0.057344,0.002438,0.000007,0.00066,0.025428,0.015752,0.006568
AAGTGCTTCTCTATTG-1,0.137139,0.194873,0.000206,0.136466,0.009668,0.029338,0.027149,0.021736,0.388757,0.043456,0.011197,0.000016
AAGTGTTTGGAGACGG-1,0.01489,0.000033,0.000173,0.000033,0.000033,0.000033,0.001364,0.747687,0.005923,0.181034,0.000033,0.048765
AAGTTCACTCCAAGCT-1,0.268313,0.006612,0.040238,0.027088,0.013778,0.000027,0.067604,0.273211,0.08761,0.096258,0.007662,0.111601
AAGTTCAGTCTGCGTA-1,0.00007,0.00007,0.00007,0.00007,0.00007,0.00007,0.00007,0.00007,0.00007,0.00007,0.999234,0.00007
AAGTTCGGCCAACAGG-1,0.026873,0.150627,0.118536,0.004678,0.025667,0.093584,0.031216,0.036931,0.019,0.41139,0.045484,0.036014
AAGTTGTGATGTTATA-1,0.109536,0.000025,0.000025,0.000025,0.000025,0.000025,0.149205,0.257145,0.463847,0.008377,0.000778,0.010984
AAGTTTACTAATGGCA-1,0.000034,0.05,0.021006,0.000034,0.000036,0.090611,0.104691,0.000034,0.000034,0.000034,0.064743,0.668743
AAGTTTATGGGCCCAA-1,0.591213,0.021273,0.010395,0.148289,0.013337,0.001899,0.026788,0.093422,0.050525,0.032401,0.000027,0.01043
AATAACAACGCTCGGC-1,0.028661,0.178344,0.174272,0.015326,0.015837,0.061837,0.020886,0.151298,0.090991,0.122053,0.122195,0.018301
AATAACACTAGAACAA-1,0.000028,0.23277,0.035333,0.000731,0.006531,0.095219,0.002016,0.413535,0.009937,0.034638,0.164045,0.005217
AATAACGTCGCGCCCA-1,0.009579,0.001114,0.001286,0.003735,0.008846,0.196558,0.36386,0.001127,0.120323,0.00011,0.194762,0.0987
AATAAGTCCTCGAGAC-1,0.000086,0.000086,0.000086,0.000086,0.000086,0.000086,0.000086,0.319155,0.000086,0.000086,0.679981,0.000086
AATAATCTTCGTATCG-1,0.000049,0.000049,0.000049,0.000049,0.000049,0.011245,0.000049,0.312309,0.05502,0.000049,0.621036,0.000049
AATACAATGTTTCAGG-1,0.000044,0.000044,0.000044,0.000044,0.000044,0.000044,0.000044,0.60549,0.050874,0.208764,0.012432,0.122128
AATACCGGAGGGCTGT-1,0.056155,0.302677,0.027136,0.24182,0.043838,0.000014,0.009823,0.090356,0.063298,0.163252,0.000014,0.001616
AATACCTGATGTGAAC-1,0.101217,0.003727,0.000022,0.011609,0.000965,0.000022,0.215078,0.171517,0.347928,0.019804,0.000319,0.127792
AATAGAACAGAGTGGC-1,0.01967,0.145283,0.021176,0.009351,0.037777,0.001674,0.02423,0.184168,0.053529,0.432145,0.060427,0.01057
AATAGAATCTGTTTCA-1,0.000035,0.000035,0.092861,0.000035,0.002152,0.678097,0.041352,0.165304,0.001162,0.000035,0.005761,0.013172
AATAGGCACGACCCTT-1,0.00671,0.00004,0.00004,0.00004,0.00004,0.00004,0.00004,0.221879,0.717807,0.053286,0.00004,0.00004
AATAGTCCGTCCCGAC-1,0.354663,0.046016,0.207747,0.178577,0.036261,0.003164,0.006102,0.029428,0.00018,0.124679,0.007924,0.00526
AATAGTCGCGAGTCGG-1,0.005546,0.006054,0.076162,0.000028,0.000028,0.027965,0.000028,0.20074,0.061796,0.373305,0.04532,0.203027
AATATCAAGGTCGGAT-1,0.072359,0.000034,0.032479,0.000034,0.006828,0.000034,0.000034,0.077583,0.004449,0.339099,0.091692,0.375375
AATATCCTAGCAAACT-1,0.005867,0.036579,0.078132,0.130488,0.033689,0.382975,0.092039,0.004932,0.110954,0.004422,0.034581,0.085343
AATATCGAATCAATGC-1,0.026494,0.024995,0.156143,0.040003,0.201687,0.094713,0.271717,0.001638,0.001823,0.032163,0.017305,0.131319
AATATCGAGGGTTCTC-1,0.000017,0.004821,0.080774,0.00026,0.064375,0.005323,0.151763,0.000017,0.000017,0.000017,0.110395,0.582222
AATATTGGAGTATTGA-1,0.043391,0.009455,0.507197,0.01273,0.016375,0.251889,0.000011,0.01497,0.000539,0.101991,0.032082,0.00937
AATCAGACTGCAGGAC-1,0.000059,0.000059,0.000059,0.000059,0.000059,0.000059,0.000059,0.924531,0.001221,0.040174,0.011601,0.02206
AATCAGGTTTCATTTA-1,0.109211,0.033784,0.007687,0.058016,0.007523,0.018169,0.010394,0.320732,0.317795,0.099176,0.002447,0.015066
AATCATGTAAAGACTC-1,0.120418,0.021657,0.012034,0.047848,0.015481,0.004259,0.238238,0.260565,0.040548,0.137499,0.023546,0.077908
AATCCAAGGGCCTGAG-1,0.052168,0.00003,0.138547,0.00003,0.008509,0.159381,0.00003,0.044996,0.042647,0.103223,0.344623,0.105815
AATCCATGCAAGGGTG-1,0.061175,0.000037,0.172874,0.000643,0.008152,0.000037,0.000037,0.451412,0.000037,0.08214,0.022393,0.201063
AATCCCGCTCAGAGCC-1,0.264053,0.244924,0.001823,0.024173,0.011195,0.039046,0.071199,0.000558,0.191535,0.033495,0.116398,0.001601
AATCGAGGTCTCAAGG-1,0.291522,0.002023,0.000015,0.025624,0.003273,0.009755,0.114852,0.33543,0.181959,0.017943,0.001295,0.01631
AATCGCCTCAGCGCCA-1,0.13369,0.000025,0.070901,0.007255,0.008641,0.000025,0.006098,0.476457,0.007117,0.068866,0.101378,0.119547
AATCGCGCAGAGGACT-1,0.00002,0.001052,0.012277,0.00002,0.004308,0.009054,0.224539,0.019878,0.007415,0.00002,0.459336,0.262083
AATCGGGACACTACGA-1,0.005721,0.022444,0.264788,0.024504,0.21103,0.020666,0.032668,0.002062,0.000023,0.031842,0.04904,0.335212
AATCGGTATAGCCCTC-1,0.058195,0.008266,0.003786,0.117429,0.009265,0.009248,0.41011,0.074306,0.223451,0.009754,0.022327,0.053864
AATCGTGAGCCGAGCA-1,0.306307,0.000508,0.07317,0.084637,0.006559,0.509681,0.010147,0.002555,0.000006,0.000006,0.003827,0.002598
AATCTAGGTTTACTTG-1,0.000042,0.000042,0.000042,0.000042,0.000042,0.000042,0.000042,0.713016,0.286559,0.000042,0.000042,0.000042
AATCTATGCCGGAGCC-1,0.000085,0.000085,0.000085,0.000085,0.000085,0.000085,0.000085,0.216717,0.000085,0.000085,0.782431,0.000085
AATCTCTACTGTGGTT-1,0.000047,0.000047,0.000354,0.000047,0.000047,0.000047,0.000047,0.733635,0.11197,0.068389,0.031317,0.054057
AATCTGCGTTGGGACG-1,0.031772,0.020765,0.299916,0.041194,0.090573,0.000014,0.043306,0.064639,0.005811,0.036689,0.144491,0.220831
AATCTGGCTTTCTAGT-1,0.000043,0.000043,0.000043,0.000043,0.000043,0.000043,0.000043,0.315856,0.67405,0.000043,0.009706,0.000043
AATGACAGCAATGTCT-1,0.00004,0.021305,0.000693,0.00004,0.00004,0.063498,0.00004,0.407809,0.245889,0.133683,0.126921,0.00004
AATGACGTAGGATGTC-1,0.217074,0.006485,0.491838,0.059297,0.025566,0.090553,0.00394,0.021715,0.003656,0.004663,0.068568,0.006645
AATGACTGTCAGCCGG-1,0.000031,0.055509,0.021047,0.00261,0.000031,0.000031,0.003717,0.206866,0.08472,0.41314,0.059317,0.152984
AATGAGTTCGCATATG-1,0.000032,0.179572,0.25318,0.000871,0.000032,0.000032,0.004194,0.100735,0.002179,0.298395,0.063166,0.097612
AATGATGATACGCTAT-1,0.00003,0.063333,0.109848,0.00003,0.008088,0.008887,0.08756,0.019346,0.00003,0.008787,0.25878,0.435281
AATGATGCGACTCCTG-1,0.000024,0.014885,0.061257,0.000024,0.014799,0.052186,0.05687,0.00621,0.004065,0.023432,0.408571,0.357678
AATGCAACCGGGTACC-1,0.016922,0.005133,0.060554,0.000055,0.005237,0.000055,0.000055,0.617479,0.000807,0.14568,0.003158,0.144867
AATGCACCAAGCAATG-1,0.000025,0.000025,0.000025,0.000025,0.000025,0.019836,0.089433,0.054866,0.047123,0.000025,0.727197,0.061394
AATGGTCCACCGTTCA-1,0.07473,0.01264,0.144806,0.000021,0.023622,0.10826,0.001922,0.033952,0.011606,0.406898,0.135852,0.045691
AATGGTTCTCACAAGC-1,0.000033,0.061614,0.254363,0.046831,0.001936,0.000033,0.000033,0.125819,0.005499,0.427284,0.034391,0.042163
AATGTATGGCACTGTA-1,0.000035,0.000035,0.000035,0.000035,0.000035,0.022766,0.000035,0.340917,0.512833,0.010892,0.112347,0.000035
AATGTGCCCGAGGTGT-1,0.013222,0.163509,0.157117,0.099462,0.026054,0.051321,0.013837,0.051186,0.104482,0.230333,0.030414,0.059062
AATGTGCTAATCTGAG-1,0.000021,0.000021,0.000021,0.000021,0.000021,0.25729,0.000021,0.37773,0.359393,0.005419,0.000021,0.000021
AATGTTAAGACCCTGA-1,0.512892,0.004343,0.000012,0.000012,0.006686,0.114438,0.016858,0.094585,0.151435,0.079805,0.017179,0.001753
AATGTTGTCGTGAGAC-1,0.094807,0.009735,0.001496,0.017288,0.001657,0.041819,0.375583,0.081982,0.287626,0.005756,0.049748,0.032502
AATTAAAGGTCGGCGT-1,0.000026,0.100127,0.227581,0.03478,0.010617,0.058398,0.004717,0.033361,0.078337,0.315438,0.084534,0.052085
AATTAACGGATTTCCA-1,0.115743,0.088645,0.068173,0.050054,0.039297,0.018166,0.082298,0.195988,0.022968,0.292204,0.005529,0.020935
AATTACGAGACCCATC-1,0.003303,0.180518,0.036127,0.02433,0.034818,0.11415,0.255057,0.017267,0.252763,0.014349,0.008634,0.058684
AATTACTCGTACGCTC-1,0.000035,0.053696,0.074215,0.000035,0.002435,0.022593,0.000035,0.074605,0.009584,0.550961,0.075658,0.13615
AATTAGCGCTGCAGCG-1,0.124213,0.001007,0.126258,0.004684,0.009692,0.000023,0.021407,0.341999,0.004649,0.256828,0.020757,0.088482
AATTATACCCAGCAAG-1,0.349441,0.056628,0.01609,0.055391,0.053043,0.050023,0.186727,0.015514,0.077596,0.048146,0.036279,0.055122
AATTCATAAGGGATCT-1,0.000038,0.000038,0.006795,0.000038,0.000038,0.000038,0.022809,0.189515,0.007812,0.103337,0.180159,0.489386
AATTCATTGTCATGCA-1,0.000028,0.000028,0.000028,0.000028,0.000028,0.241153,0.000028,0.228387,0.530209,0.000028,0.000028,0.000028
AATTCCAACTTGGTGA-1,0.112633,0.001375,0.33542,0.030088,0.087648,0.000013,0.008543,0.083946,0.000013,0.117564,0.003216,0.219539
AATTCCAAGCATGTAC-1,0.136395,0.171302,0.001565,0.014282,0.000023,0.003026,0.010622,0.465926,0.090347,0.105326,0.000023,0.001164
AATTCGATTCGAGGAT-1,0.407426,0.00318,0.189908,0.240672,0.065652,0.045107,0.013137,0.000318,0.000008,0.006801,0.018301,0.009489
AATTCTAGAGTTAGGC-1,0.224092,0.001445,0.599476,0.033756,0.010467,0.099207,0.000394,0.004229,0.000007,0.008265,0.012225,0.006435
AATTGAACGCTCTGGT-1,0.147726,0.000933,0.084913,0.000094,0.01007,0.058713,0.017453,0.177615,0.006046,0.289779,0.130566,0.076092
AATTGCAGCAATCGAC-1,0.118102,0.036081,0.000017,0.002072,0.027995,0.23666,0.133412,0.058546,0.181443,0.081637,0.038895,0.085139
AATTGCGTGGATTACA-1,0.002745,0.000034,0.000034,0.000034,0.000034,0.000034,0.013228,0.102466,0.774454,0.000034,0.106871,0.000034
AATTGTGGTTGCCAAA-1,0.000024,0.015644,0.001562,0.004307,0.020945,0.204874,0.59678,0.000008,0.018944,0.000008,0.102246,0.034658
AATTTGGGACATAGTA-1,0.000106,0.000106,0.000106,0.000106,0.000106,0.000106,0.000106,0.296924,0.000106,0.000106,0.702012,0.000106
AATTTGGTTCCAAAGA-1,0.006346,0.000034,0.280508,0.009715,0.085675,0.000034,0.002113,0.016993,0.000034,0.06,0.078248,0.460301
ACAAACCATGCGTCCT-1,0.019101,0.007382,0.000042,0.000484,0.000076,0.014476,0.01263,0.511147,0.302617,0.131961,0.000042,0.000042
ACAAACTCCATCAGAG-1,0.004027,0.004704,0.000025,0.000025,0.000025,0.301284,0.000025,0.171881,0.507816,0.009974,0.000187,0.000025
ACAAAGAAGGTAGGCC-1,0.042574,0.003405,0.000013,0.023371,0.000013,0.019196,0.008792,0.096736,0.6451,0.009708,0.14906,0.002031
ACAAAGCATGACCTAG-1,0.193874,0.098573,0.0235,0.034537,0.072794,0.032509,0.182284,0.064898,0.02822,0.048656,0.17888,0.041275
ACAAATCGCACCGAAT-1,0.053909,0.022728,0.001232,0.000696,0.019826,0.010256,0.025745,0.646492,0.065641,0.097917,0.030233,0.025325
ACAAATGGTAGTGTTT-1,0.000036,0.001205,0.052903,0.000036,0.025824,0.117467,0.032744,0.543419,0.003993,0.076272,0.075137,0.070962
ACAACAGCATGAGCTA-1,0.007086,0.000041,0.015998,0.000041,0.000041,0.000041,0.000041,0.707368,0.000041,0.207216,0.017612,0.044472
ACAACGGTCCCTGCGA-1,0.000032,0.027915,0.101591,0.000032,0.000032,0.08945,0.000032,0.151657,0.038748,0.360915,0.189037,0.040559
ACAAGCAGTGCCTAGC-1,0.011228,0.047642,0.113231,0.002055,0.000398,0.011384,0.000028,0.326166,0.08132,0.247204,0.129028,0.030314
ACAAGCTATATGGAAG-1,0.079238,0.013053,0.022679,0.004013,0.00745,0.000018,0.023066,0.181887,0.243885,0.268811,0.087518,0.068381
ACAAGGAAATCCGCCC-1,0.033946,0.00051,0.006463,0.000031,0.000031,0.093232,0.000031,0.476805,0.088281,0.046856,0.253784,0.000031
ACAAGGACAAGAGGTT-1,0.000031,0.11616,0.063599,0.000031,0.015888,0.021907,0.000031,0.482068,0.017386,0.157047,0.082939,0.042914
ACAAGGATGCTTTAGG-1,0.067482,0.000029,0.0455,0.000029,0.068181,0.004371,0.017596,0.509418,0.029003,0.089322,0.090296,0.078772
ACAAGGGCAGGCTCTG-1,0.328386,0.000022,0.254857,0.023866,0.020272,0.030536,0.000016,0.233306,0.000268,0.082366,0.008291,0.017812
ACAAGTAATTGTAAGG-1,0.000091,0.000091,0.000091,0.000091,0.000091,0.214839,0.000091,0.34108,0.443264,0.000091,0.000091,0.000091
ACAATAGTCGTACGTT-1,0.042917,0.010782,0.131202,0.092807,0.003427,0.000027,0.00816,0.337822,0.070201,0.228885,0.032065,0.041706
ACAATCCATTTAAACC-1,0.004721,0.190241,0.091695,0.022477,0.027718,0.100298,0.011408,0.026438,0.067918,0.323805,0.080997,0.052282
ACAATCGATCTTTATA-1,0.010515,0.106075,0.016608,0.000042,0.038766,0.025612,0.007446,0.00941,0.016306,0.069399,0.676899,0.022922
ACAATGAATACGGAGA-1,0.067814,0.072138,0.019551,0.003756,0.00093,0.063245,0.002466,0.219892,0.308555,0.142205,0.09839,0.001058
ACAATTGTGTCTCTTT-1,0.120659,0.012932,0.155062,0.021985,0.03293,0.082582,0.140813,0.146183,0.021864,0.022297,0.040432,0.202261
ACAATTTAGGAGGCTC-1,0.001223,0.104413,0.086722,0.047122,0.063867,0.00217,0.002365,0.070749,0.078286,0.219548,0.052932,0.270605
ACAATTTGAGCAGTGG-1,0.095109,0.000073,0.450995,0.030109,0.041557,0.000015,0.00216,0.065657,0.000015,0.049326,0.028604,0.236379
ACACAAAGACGGGTGG-1,0.060087,0.006391,0.017268,0.000038,0.006168,0.000038,0.000038,0.472572,0.004578,0.298648,0.000038,0.134137
ACACACCAGGACCAGT-1,0.07044,0.119415,0.284827,0.053966,0.070413,0.014294,0.071691,0.01535,0.001763,0.109595,0.052487,0.135759
ACACACTTTCTACACG-1,0.017755,0.000057,0.101721,0.000057,0.000057,0.000057,0.000057,0.313808,0.008792,0.125235,0.152437,0.279966
ACACATGATCAAATCT-1,0.093859,0.133808,0.015858,0.025366,0.020647,0.063551,0.130065,0.084158,0.268267,0.114647,0.025724,0.024051
ACACATTGACGCAACA-1,0.103502,0.007251,0.426887,0.013892,0.032879,0.038439,0.005941,0.135422,0.00063,0.167942,0.002247,0.06497
ACACATTTCCGTAGAC-1,0.561198,0.001008,0.04544,0.074259,0.002865,0.190969,0.010315,0.041016,0.051949,0.004341,0.000011,0.016629
ACACCCAGCATGCAGC-1,0.000017,0.236059,0.324799,0.006592,0.009704,0.165914,0.000017,0.004273,0.003646,0.119379,0.081046,0.048553
ACACCCGAGAAATCCG-1,0.011694,0.118432,0.401354,0.057098,0.049049,0.000012,0.001519,0.000012,0.000012,0.300594,0.005935,0.054288
ACACCGAGCGCTCTTT-1,0.000008,0.252393,0.622239,0.043142,0.018075,0.033789,0.001169,0.000168,0.000008,0.00977,0.003264,0.015974
ACACCGGTCTGACCGC-1,0.018902,0.040585,0.000036,0.093091,0.00028,0.250548,0.212016,0.148605,0.224217,0.006098,0.000036,0.005586
ACACCTTAAGTAGGGC-1,0.000023,0.104743,0.305578,0.050783,0.007663,0.108001,0.00094,0.029246,0.002396,0.166636,0.008957,0.215035
ACACCTTACTACTTGC-1,0.000029,0.00085,0.024988,0.002507,0.000029,0.000029,0.079153,0.118041,0.007383,0.013505,0.144747,0.608743
ACACGAGACTCCTTCT-1,0.051387,0.003139,0.039572,0.000026,0.028059,0.021202,0.0096,0.321013,0.003421,0.444234,0.025761,0.052586
ACACGGCACTATGCAT-1,0.000081,0.000081,0.043965,0.000081,0.000081,0.092466,0.01199,0.228046,0.005224,0.000081,0.267697,0.350205
ACACGGGAACTTAGGG-1,0.144363,0.000029,0.159408,0.005831,0.010672,0.000029,0.005637,0.246256,0.000236,0.228089,0.006479,0.192971
ACACGTAGGCCACAAG-1,0.000034,0.000034,0.000034,0.000034,0.000034,0.002382,0.197568,0.385491,0.135409,0.000034,0.093775,0.185173
ACACTCCAATGTCACT-1,0.000027,0.057387,0.206123,0.004192,0.001633,0.000027,0.000027,0.169488,0.014966,0.321703,0.184682,0.039747
ACACTGATCAAGGTGT-1,0.03742,0.373067,0.121057,0.047422,0.082352,0.013695,0.009423,0.009435,0.007825,0.218364,0.047421,0.032519
ACACTGGGACAGTCGT-1,0.000033,0.000029,0.000029,0.000029,0.000029,0.000029,0.142088,0.176303,0.171771,0.030933,0.112154,0.366572
ACAGAACTGAGAACAA-1,0.080148,0.086712,0.00408,0.029869,0.000024,0.091507,0.005639,0.329263,0.230228,0.063238,0.079269,0.000024
ACAGATTAGGTTAGTG-1,0.000067,0.000067,0.000067,0.000067,0.000067,0.000067,0.000067,0.469657,0.00944,0.035501,0.189656,0.295277
ACAGCATAGAGCCAGT-1,0.000068,0.000068,0.000068,0.000068,0.000068,0.109214,0.000068,0.00755,0.20062,0.000068,0.682069,0.000068
ACAGCGACATTCTCAT-1,0.134222,0.003317,0.033258,0.041744,0.005543,0.00003,0.257489,0.204848,0.087763,0.044384,0.073953,0.11345
ACAGCGCACCCGCAGC-1,0.000034,0.003698,0.014004,0.000034,0.003766,0.102604,0.102474,0.000034,0.000034,0.000034,0.528635,0.244646
ACAGGAGGCGCAGCCG-1,0.11289,0.005243,0.279645,0.345062,0.138239,0.030593,0.040485,0.000004,0.000004,0.003343,0.000034,0.044458
ACAGGCACGGATCCTT-1,0.109551,0.012526,0.092699,0.191227,0.126641,0.062787,0.127756,0.051199,0.018043,0.046222,0.035055,0.126294
ACAGGCTTGCCCGACT-1,0.157527,0.004145,0.228606,0.063507,0.077864,0.000024,0.069408,0.274022,0.006259,0.024156,0.007757,0.086726
ACAGGTGGAGGTGAGG-1,0.006444,0.413419,0.069403,0.068778,0.093021,0.137479,0.005208,0.044098,0.03175,0.106714,0.010516,0.01317
ACAGGTGTGTTGTTGC-1,0.004807,0.064557,0.063269,0.045552,0.041646,0.4027,0.062197,0.046682,0.143027,0.011759,0.021362,0.092442
ACAGTAATACAACTTG-1,0.027549,0.003259,0.000029,0.000029,0.000029,0.033058,0.000029,0.248695,0.387968,0.068764,0.23056,0.000029
