Barcode,Topic 1to2,Topic 3to7,Topic 8to9,Topic 10,Topic 11
AAACAAGTATCTCCCA-1,0.23274,0.276301,0.35362,0.013144,0.124194
AAACAATCTACTAGCA-1,0.089907,0.017019,0.098273,0.062019,0.732783
AAACACCAATAACTGC-1,0.103483,0.562581,0.332989,0.000924,0.000024
AAACAGAGCGACTCCT-1,0.000131,0.016509,0.690005,0.03138,0.261974
AAACAGCTTTCAGAAG-1,0.07166,0.911441,0.015018,0.000249,0.001632
AAACAGGGTCTATATT-1,0.065627,0.725614,0.047758,0.000015,0.160985
AAACAGTGTTCCTGGG-1,0.240578,0.000417,0.038138,0.08604,0.634827
AAACATGGTGAGAGGA-1,0.450099,0.331073,0.092799,0.038178,0.087852
AAACATTTCCCGGATT-1,0.168573,0.616097,0.103829,0.015609,0.095892
AAACCCGAACGAAATC-1,0.289609,0.418165,0.024389,0.121609,0.146228
AAACCGGAAATGTTAA-1,0.593296,0.229993,0.098841,0.015594,0.062276
AAACCGGGTAGGTACC-1,0.192977,0.508931,0.080272,0.200578,0.017242
AAACCGTTCGTCCAGG-1,0.07267,0.232764,0.430852,0.135032,0.128682
AAACCTAAGCAGCCGG-1,0.046249,0.652664,0.112818,0.141867,0.046402
AAACCTCATGAAGTTG-1,0.084799,0.293795,0.549974,0.019226,0.052206
AAACGAAGAACATACC-1,0.000202,0.000505,0.312178,0.314958,0.372158
AAACGAAGATGGAGTA-1,0.262319,0.559789,0.167109,0.004419,0.006364
AAACGAGACGGTTGAT-1,0.000103,0.017482,0.751235,0.000052,0.231128
AAACGCTGGGCACGAC-1,0.833671,0.050357,0.114932,0.000359,0.000681
AAACGGGCGTACGGGT-1,0.008175,0.141414,0.605436,0.00004,0.244935
AAACGGTTGCGAACTG-1,0.124747,0.098351,0.217784,0.205125,0.353993
AAACGTGTTCGCCCTA-1,0.155229,0.028766,0.099079,0.182017,0.534909
AAACTAACGTGGCGAC-1,0.000136,0.000341,0.000136,0.009203,0.990183
AAACTCGGTTCGCAAT-1,0.019442,0.29539,0.617652,0.000037,0.067478
AAACTCGTGATATAAG-1,0.113322,0.43686,0.292202,0.157598,0.000019
AAACTGCTGGCTCCAA-1,0.0734,0.601944,0.068688,0.02789,0.228077
AAACTTAATTGCACGC-1,0.256401,0.512158,0.018775,0.000013,0.212654
AAACTTGCAAACGTAT-1,0.038246,0.30623,0.633459,0.013395,0.008671
AAAGAATGACCTTAGA-1,0.492524,0.507454,0.000011,0.000005,0.000005
AAAGAATGTGGACTAA-1,0.326116,0.148307,0.079859,0.008656,0.437062
AAAGACCCAAGTCGCG-1,0.015484,0.368642,0.503264,0.099768,0.012842
AAAGACTGGGCGCTTT-1,0.176666,0.169267,0.606018,0.02549,0.022559
AAAGCTTGCCTACATA-1,0.276213,0.278144,0.049087,0.37047,0.026086
AAAGGCCCTATAATAC-1,0.359547,0.438834,0.199433,0.00217,0.000016
AAAGGCTACGGACCAT-1,0.039494,0.273934,0.133133,0.011342,0.542097
AAAGGCTCTCGCGCCG-1,0.088013,0.669082,0.126338,0.0757,0.040867
AAAGGGATGTAGCAAG-1,0.000107,0.1031,0.896686,0.000053,0.000053
AAAGGGCAGCTTGAAT-1,0.062065,0.874033,0.062549,0.000018,0.001335
AAAGGTAAGCTGTACC-1,0.326297,0.177456,0.147698,0.021924,0.326625
AAAGTAGCATTGCTCA-1,0.049973,0.766396,0.022386,0.000018,0.161228
AAAGTCACTGATGTAA-1,0.024857,0.199351,0.535432,0.000106,0.240253
AAAGTCGACCCTCAGT-1,0.082618,0.896209,0.000818,0.020339,0.000015
AAAGTGCCATCAATTA-1,0.565043,0.201259,0.146417,0.02877,0.058512
AAAGTGTGATTTATCT-1,0.018372,0.564716,0.296598,0.011296,0.109018
AAAGTTGACTCCCGTA-1,0.000074,0.159067,0.289589,0.000037,0.551233
AAATAACCATACGGGA-1,0.000101,0.000251,0.88095,0.033609,0.085089
AAATAAGGTAGTGCCC-1,0.006529,0.123283,0.530627,0.161065,0.178497
AAATACCTATAAGCAT-1,0.020026,0.38036,0.396972,0.051056,0.151586
AAATAGCTTAGACTTT-1,0.000121,0.047374,0.784812,0.080246,0.087448
AAATAGGGTGCTATTG-1,0.172024,0.440392,0.32253,0.049578,0.015476
AAATCCGATACACGCC-1,0.261863,0.559995,0.155942,0.012548,0.009652
AAATCGCGGAAGGAGT-1,0.139697,0.756424,0.103854,0.000012,0.000012
AAATCGTGTACCACAA-1,0.041061,0.678636,0.280232,0.000035,0.000035
AAATCTAGCCCTGCTA-1,0.114367,0.850308,0.035299,0.000013,0.000013
AAATCTGCCCGCGTCC-1,0.583051,0.416924,0.000012,0.000006,0.000006
AAATGACTGATCAAAC-1,0.156782,0.000159,0.000841,0.000032,0.842186
AAATGATTCGATCAGC-1,0.106091,0.368453,0.334114,0.190926,0.000417
AAATGCTCGTTACGTT-1,0.129909,0.591272,0.239143,0.039653,0.000023
AAATGGCATGTCTTGT-1,0.063766,0.623275,0.244693,0.067329,0.000937
AAATGGCCCGTGCCCT-1,0.123503,0.783946,0.039935,0.000418,0.052198
AAATGGTCAATGTGCC-1,0.00006,0.458134,0.532678,0.005463,0.003665
AAATGTATCTTATCCC-1,0.085486,0.284585,0.435327,0.194568,0.000033
AAATGTGGGTGCTCCT-1,0.000166,0.000414,0.000166,0.00038,0.998875
AAATTAACGGGTAGCT-1,0.141289,0.729432,0.094262,0.034439,0.000577
AAATTAATAAGCGCGA-1,0.037547,0.529376,0.391967,0.02868,0.01243
AAATTACACGACTCTG-1,0.076671,0.602406,0.100873,0.220028,0.000022
AAATTACCTATCGATG-1,0.114411,0.392498,0.318297,0.147715,0.027079
AAATTCCAGGTCCAAA-1,0.13387,0.455342,0.408615,0.002142,0.000031
AAATTGATAGTCCTTT-1,0.03349,0.079294,0.613636,0.000049,0.273531
AAATTGGTGAGAAGCA-1,0.178071,0.070082,0.204258,0.159447,0.388142
AAATTTACCGAAATCC-1,0.729163,0.000481,0.150099,0.000096,0.120161
AAATTTGCGGGTGTGG-1,0.137828,0.434031,0.400415,0.000033,0.027693
AACAACTGGTAGTTGC-1,0.009238,0.809413,0.104202,0.004429,0.072718
AACAATACATTGTCGA-1,0.034336,0.329779,0.472685,0.003014,0.160185
AACAATTACTCTACGC-1,0.188337,0.261915,0.544451,0.000044,0.005252
AACACACGCTCGCCGC-1,0.141598,0.466587,0.180239,0.030808,0.180768
AACACGACTGTACTGA-1,0.169542,0.51961,0.145496,0.165329,0.000024
AACACGAGACGCGGCC-1,0.077735,0.745031,0.061564,0.000019,0.115652
AACACGCGGCCGCGAA-1,0.000125,0.000314,0.075806,0.230247,0.693508
AACAGCTGTGTGGCAA-1,0.124289,0.390552,0.296954,0.064295,0.123908
AACAGGAAATCGAATA-1,0.000108,0.00027,0.817049,0.000054,0.182519
AACAGGATGGGCCGCG-1,0.055215,0.673732,0.261216,0.004578,0.005259
AACAGGTAGTATGGAT-1,0.136634,0.312113,0.400452,0.000745,0.150056
AACATAGCGTGTATCG-1,0.699036,0.160837,0.079213,0.030936,0.029978
AACATATCAACTGGTG-1,0.158283,0.558975,0.10144,0.07252,0.108782
AACATCGATACGTCTA-1,0.000123,0.242019,0.250497,0.234722,0.272638
AACATTGAAGTTGATC-1,0.05558,0.581124,0.222887,0.10027,0.040139
AACATTGTGACTCGAG-1,0.17302,0.493416,0.110385,0.095097,0.128082
AACCAAGACTTCTCTG-1,0.089754,0.191374,0.641286,0.00005,0.077536
AACCAGTATCACTCTT-1,0.518889,0.013058,0.188821,0.01498,0.264251
AACCATAGGGTTGAAC-1,0.14785,0.541143,0.159347,0.006906,0.144754
AACCATGGGATCGCTA-1,0.091004,0.746433,0.010563,0.151985,0.000015
AACCCAGAGACGGAGA-1,0.000096,0.066883,0.785222,0.066116,0.081683
AACCCATCCCATGATC-1,0.004724,0.008523,0.688464,0.002857,0.295432
AACCCGACAACCCGTG-1,0.026126,0.239189,0.628777,0.001667,0.104242
AACCCGAGCAGAATCG-1,0.082007,0.38096,0.405051,0.000036,0.131947
AACCCGCTGTATTCCA-1,0.163536,0.000167,0.000067,0.044682,0.791548
AACCCTACTGTCAATA-1,0.096697,0.433408,0.421619,0.023862,0.024413
AACCCTGGTGGAACCA-1,0.000143,0.000358,0.290776,0.283539,0.425185
AACCGAGCTTGGTCAT-1,0.035958,0.790947,0.173055,0.00002,0.00002
AACCGCTAAGGGATGC-1,0.150558,0.639833,0.199713,0.003156,0.00674
AACCGTTGTGTTTGCT-1,0.000159,0.000397,0.995502,0.000079,0.003863
AACCTAAAGCCGTCCG-1,0.550047,0.00025,0.098832,0.105543,0.245327
AACCTCGCTTTAGCCC-1,0.285015,0.553399,0.151169,0.010389,0.000028
AACCTGTCACGGAATT-1,0.334152,0.509345,0.141625,0.012076,0.002803
AACCTTTAAATACGGT-1,0.038755,0.446275,0.378093,0.061766,0.07511
AACCTTTACGACGTCT-1,0.003226,0.577958,0.402881,0.015897,0.000038
AACGAAAGTCGTCCCA-1,0.118418,0.757867,0.067257,0.001933,0.054525
AACGACCTCCTAGCCG-1,0.916827,0.001972,0.054665,0.000016,0.02652
AACGATAATGCCGTAG-1,0.026534,0.585394,0.38274,0.000025,0.005307
AACGATAGAAGGGCCG-1,0.000137,0.024677,0.975049,0.000068,0.000068
AACGATATGTCAACTG-1,0.109006,0.08531,0.760548,0.000052,0.045084
AACGCATGATCTGGGT-1,0.000099,0.000247,0.766865,0.082156,0.150633
AACGCGAACGGCAACA-1,0.084899,0.000305,0.026627,0.334318,0.553851
AACGCGACCTTGGGCG-1,0.235959,0.378842,0.128332,0.038849,0.218018
AACGCGGTCTCCAGCC-1,0.057377,0.41589,0.520835,0.00586,0.000036
AACGCTGTTGCTGAAA-1,0.10505,0.222299,0.357468,0.016361,0.298822
AACGGACGTACGTATA-1,0.11838,0.576882,0.133483,0.046986,0.124269
AACGGCCATCTCCGGT-1,0.224706,0.700445,0.074469,0.000363,0.000017
AACGTACTGTGGGTAC-1,0.158195,0.51374,0.298471,0.006875,0.022719
AACGTAGTCTACCCAT-1,0.108116,0.276982,0.154958,0.340709,0.119235
AACGTCAGACTAGTGG-1,0.00015,0.000376,0.999324,0.000075,0.000075
AACGTCATCCGGCTTG-1,0.061459,0.000231,0.000092,0.000046,0.938172
AACGTCGCTGCACTTC-1,0.629416,0.000257,0.094245,0.000051,0.27603
AACGTGATGAAGGACA-1,0.000136,0.000341,0.044718,0.090533,0.864272
AACGTGCGAAAGTCTC-1,0.063881,0.355502,0.551009,0.000032,0.029576
AACGTTATCAGCACCT-1,0.024054,0.364382,0.38986,0.099119,0.122585
AACGTTCTACCATTGT-1,0.542632,0.0357,0.091299,0.03537,0.294999
AACTACCCGTTTGTCA-1,0.560558,0.200377,0.228836,0.00003,0.010199
AACTAGCGTATCGCAC-1,0.000136,0.109448,0.002208,0.393657,0.494551
AACTAGGCTTGGGTGT-1,0.013677,0.223164,0.659818,0.00005,0.103291
AACTCAAGTTAATTGC-1,0.07094,0.68681,0.208018,0.007865,0.026368
AACTCCAGAGCGTGTT-1,0.093711,0.230829,0.227841,0.270706,0.176914
AACTCCTAATCCCATG-1,0.00016,0.0004,0.346862,0.00008,0.652498
AACTCGATGGCGCAGT-1,0.176536,0.352563,0.016938,0.453941,0.000022
AACTCTCAATAGAGCG-1,0.105728,0.651706,0.224574,0.004502,0.01349
AACTCTCAGTGTGCTC-1,0.18692,0.287382,0.126728,0.214102,0.184868
AACTGAGGTCAGCGTC-1,0.04283,0.000527,0.000211,0.092877,0.863555
AACTGAGTTATACTGA-1,0.697288,0.302666,0.000023,0.000011,0.000011
AACTGATATTAGGCCT-1,0.000157,0.000393,0.982816,0.000079,0.016555
AACTGGGTCCCGACGT-1,0.023376,0.024036,0.910539,0.008748,0.033301
AACTGGGTTCGAGCCG-1,0.093941,0.257327,0.251988,0.233708,0.163036
AACTGGTGTGGGCCTT-1,0.400496,0.302722,0.01171,0.28504,0.000032
AACTTCTGCGTCTATC-1,0.150931,0.3212,0.323071,0.204754,0.000044
AACTTGCCCGTATGCA-1,0.178128,0.539323,0.28249,0.000029,0.000029
AACTTGCGTTCTCGCG-1,0.244069,0.266526,0.340291,0.13523,0.013883
AACTTTACGGGAGCTT-1,0.010722,0.091797,0.72541,0.108899,0.063171
AACTTTAGCTGCTGAG-1,0.000202,0.000506,0.269009,0.09489,0.635392
AACTTTCTCGATCATG-1,0.000163,0.000407,0.266035,0.146754,0.586642
AAGAAAGTTTGATGGG-1,0.505326,0.169792,0.023156,0.002599,0.299127
AAGAAATCACCAGATT-1,0.197895,0.000366,0.034778,0.00228,0.764681
AAGAAGGATCAGTTAG-1,0.107871,0.542129,0.250407,0.09957,0.000023
AAGACATACGTGGTTT-1,0.662254,0.236021,0.053333,0.004391,0.044001
AAGACCAAATAACTCA-1,0.190886,0.404567,0.215527,0.051903,0.137118
AAGACCCAACTGAACA-1,0.334203,0.462867,0.173288,0.023213,0.006429
AAGACTAACCCGTTGT-1,0.145399,0.309437,0.228252,0.180648,0.136263
AAGACTGCAAGCTACT-1,0.000076,0.264251,0.46433,0.031555,0.239788
AAGAGATGAATCGGTA-1,0.257846,0.4107,0.122749,0.004426,0.20428
AAGAGCTCTTTATCGG-1,0.00417,0.597236,0.386725,0.009777,0.002092
AAGAGGATGTACGCGA-1,0.023941,0.975958,0.000079,0.000011,0.000011
AAGAGGCATGGATCGC-1,0.015803,0.554156,0.323529,0.011072,0.095439
AAGAGGCCCTTTGGAA-1,0.149063,0.05065,0.766554,0.000043,0.033691
AAGATGGCACCGGACC-1,0.001457,0.303451,0.628231,0.004152,0.06271
AAGATTGGCGGAACGT-1,0.019318,0.487541,0.368236,0.000046,0.124859
AAGCACCCTGCGTATC-1,0.061209,0.399406,0.424595,0.059501,0.055288
AAGCATACTCTCCTGA-1,0.088789,0.148438,0.216923,0.000038,0.545812
AAGCCACTTGCAGGTA-1,0.520811,0.000143,0.000057,0.011163,0.467826
AAGCCGAAGCGGTTTA-1,0.155671,0.551655,0.222959,0.000037,0.069678
AAGCCGCCGTGAAATC-1,0.310698,0.517779,0.148898,0.021336,0.001289
AAGCCGCTTTACCTTG-1,0.076533,0.000321,0.000128,0.091686,0.831332
AAGCCGGAGAGCAGGA-1,0.647972,0.143132,0.147448,0.014387,0.047062
AAGCGCAGGGCTTTGA-1,0.103262,0.778051,0.035298,0.000017,0.083372
AAGCGGCGTCATGGGT-1,0.226984,0.00053,0.108892,0.068708,0.594885
AAGCGTCCCTCATCGA-1,0.065376,0.766194,0.097049,0.071361,0.00002
AAGCTAGATCGAGTAA-1,0.059526,0.520325,0.394926,0.019682,0.00554
AAGCTATGGATTGACC-1,0.343616,0.656359,0.000012,0.000006,0.000006
AAGCTCGTGCCAAGTC-1,0.00009,0.33315,0.666191,0.000045,0.000525
AAGCTCTTTCATGGTG-1,0.129079,0.735686,0.109516,0.020789,0.00493
AAGGAGAACTTATAAG-1,0.000131,0.101846,0.037465,0.330327,0.53023
AAGGAGCGGTTGGTGC-1,0.000097,0.341146,0.643389,0.000048,0.015319
AAGGATCGATCGCTTG-1,0.133622,0.305776,0.500727,0.003409,0.056466
AAGGATGAGGGACCTC-1,0.091326,0.700759,0.091291,0.109857,0.006768
AAGGCAGGCTGTCTCC-1,0.506364,0.426868,0.00898,0.007621,0.050166
AAGGCGCGTAAAGCTT-1,0.293564,0.705989,0.000388,0.000029,0.000029
AAGGCTGTGCTCATCG-1,0.115574,0.44092,0.397548,0.000169,0.045789
AAGGGAACGACTGGCT-1,0.010892,0.373106,0.29851,0.040704,0.276787
AAGGGACAGATTCTGT-1,0.000074,0.537856,0.32976,0.06922,0.06309
AAGGGACTATGCATTC-1,0.081978,0.419774,0.342467,0.090625,0.065156
AAGGGTTAGCCATGCG-1,0.536421,0.004283,0.302183,0.000034,0.157079
AAGGGTTTGATTTCAG-1,0.711565,0.28839,0.000022,0.000011,0.000011
AAGGTATCCTAATATA-1,0.00009,0.142225,0.626184,0.000045,0.231457
AAGGTGATAAACCAGC-1,0.058393,0.675185,0.097896,0.093951,0.074575
AAGTAAGCTTCCAAAC-1,0.273931,0.131986,0.272679,0.174461,0.146943
AAGTAGAAGACCGGGT-1,0.000099,0.208314,0.756894,0.000049,0.034644
AAGTAGTGACGCGAGG-1,0.166893,0.405747,0.420285,0.000038,0.007037
AAGTCAATTGTCGTCA-1,0.239605,0.368334,0.367845,0.024033,0.000183
AAGTCTAGTAGCTGCC-1,0.000152,0.00038,0.072627,0.26991,0.656931
AAGTCTTCTGTGGCCT-1,0.21489,0.604045,0.075206,0.04867,0.057188
AAGTGACGACCGAATT-1,0.008513,0.524319,0.38856,0.000074,0.078534
AAGTGAGTCGGGTTTA-1,0.075633,0.738954,0.153556,0.028355,0.003501
AAGTGCAAAGGTAGAC-1,0.112603,0.518037,0.274392,0.09494,0.000028
AAGTGCCTTGACTGTA-1,0.066093,0.074529,0.749387,0.000086,0.109905
AAGTGCGTTAGAATCT-1,0.000122,0.20996,0.726653,0.000061,0.063205
AAGTGCTTCTCTATTG-1,0.030895,0.347557,0.242972,0.007099,0.371477
AAGTGTTTGGAGACGG-1,0.001957,0.68995,0.251064,0.000028,0.057001
AAGTTCACTCCAAGCT-1,0.048705,0.759338,0.169787,0.00003,0.022139
AAGTTCAGTCTGCGTA-1,0.000094,0.098866,0.696832,0.170864,0.033343
AAGTTCGGCCAACAGG-1,0.071664,0.815451,0.091758,0.021109,0.000019
AAGTTGTGATGTTATA-1,0.194012,0.301662,0.259462,0.196199,0.048665
AAGTTTACTAATGGCA-1,0.008512,0.042313,0.143805,0.206251,0.59912
AAGTTTATGGGCCCAA-1,0.069926,0.248567,0.242414,0.000046,0.439047
AATAACAACGCTCGGC-1,0.073507,0.485941,0.269571,0.109883,0.061097
AATAACACTAGAACAA-1,0.077478,0.767065,0.086547,0.011375,0.057535
AATAACGTCGCGCCCA-1,0.560789,0.330918,0.006166,0.002727,0.0994
AATAAGTCCTCGAGAC-1,0.000157,0.000392,0.000157,0.322044,0.67725
AATAATCTTCGTATCG-1,0.339493,0.439637,0.002182,0.000019,0.21867
AATACAATGTTTCAGG-1,0.057345,0.324585,0.590997,0.000044,0.027028
AATACCGGAGGGCTGT-1,0.212941,0.548568,0.187875,0.000402,0.050213
AATACCTGATGTGAAC-1,0.563063,0.177999,0.132552,0.032943,0.093443
AATAGAACAGAGTGGC-1,0.000083,0.141127,0.606519,0.000042,0.252229
AATAGAATCTGTTTCA-1,0.093268,0.413276,0.35126,0.000033,0.142163
AATAGCAAGCCTCCTG-1,0.161519,0.000194,0.027131,0.080173,0.730983
AATAGCTACCGCGTGC-1,0.000066,0.141451,0.340428,0.243717,0.274337
AATAGGCACGACCCTT-1,0.502644,0.049322,0.105428,0.000023,0.342583
AATAGTCCGTCCCGAC-1,0.063176,0.566631,0.292188,0.043741,0.034263
AATAGTCGCGAGTCGG-1,0.005362,0.598204,0.384606,0.010632,0.001195
AATATCAAGGTCGGAT-1,0.000068,0.670316,0.145756,0.102303,0.081557
AATATCCTAGCAAACT-1,0.003299,0.168184,0.74261,0.007332,0.078575
AATATCGAATCAATGC-1,0.109871,0.587509,0.220556,0.021755,0.060309
AATATCGAGGGTTCTC-1,0.000091,0.02817,0.788069,0.024952,0.158718
AATATTGGAGTATTGA-1,0.085631,0.688272,0.216457,0.000054,0.009587
AATCAGGTTTCATTTA-1,0.000111,0.028358,0.749083,0.000056,0.222392
AATCATGTAAAGACTC-1,0.082343,0.317483,0.475988,0.012187,0.111999
AATCCAAGGGCCTGAG-1,0.145935,0.608634,0.08419,0.161222,0.000019
AATCCATGCAAGGGTG-1,0.084577,0.240944,0.012075,0.581764,0.08064
AATCCCGCTCAGAGCC-1,0.118764,0.000279,0.000111,0.000056,0.88079
AATCGAGGTCTCAAGG-1,0.379774,0.070429,0.242574,0.00004,0.307182
AATCGCCTCAGCGCCA-1,0.044378,0.955554,0.000046,0.000011,0.000011
AATCGCGCAGAGGACT-1,0.039395,0.075621,0.748682,0.000058,0.136244
AATCGGGACACTACGA-1,0.239557,0.46927,0.126509,0.164637,0.000027
AATCGGTATAGCCCTC-1,0.871577,0.052696,0.036808,0.015062,0.023857
AATCGTGAGCCGAGCA-1,0.128469,0.694855,0.011179,0.019654,0.145842
AATCTAGGTTTACTTG-1,0.150022,0.757956,0.091984,0.000019,0.000019
AATCTATGCCGGAGCC-1,0.017872,0.787521,0.058776,0.110807,0.025025
AATCTCTACTGTGGTT-1,0.065155,0.055529,0.829564,0.000075,0.049677
AATCTGCGTTGGGACG-1,0.002269,0.708716,0.288963,0.000026,0.000026
AATCTGGCTTTCTAGT-1,0.13745,0.623872,0.032005,0.079441,0.127232
AATCTGGGTAGACCCT-1,0.330005,0.064362,0.000254,0.000127,0.605252
AATGACAGCAATGTCT-1,0.000137,0.022394,0.571951,0.11539,0.290129
AATGACGTAGGATGTC-1,0.006994,0.731877,0.224303,0.000024,0.036802
AATGACTGTCAGCCGG-1,0.016462,0.124727,0.852977,0.002291,0.003543
AATGAGTTCGCATATG-1,0.130256,0.690532,0.094002,0.053289,0.031921
AATGATGATACGCTAT-1,0.000136,0.000341,0.999387,0.000068,0.000068
AATGATGCGACTCCTG-1,0.088227,0.582226,0.277759,0.045333,0.006455
AATGCAACCGGGTACC-1,0.08079,0.8276,0.091574,0.000018,0.000018
AATGCACCAAGCAATG-1,0.019859,0.603452,0.160671,0.216002,0.000017
AATGGTCCACCGTTCA-1,0.059716,0.48747,0.423239,0.012816,0.016758
AATGGTTCTCACAAGC-1,0.115034,0.728907,0.069466,0.001085,0.085508
AATGTATGGCACTGTA-1,0.188915,0.164706,0.548085,0.012002,0.086292
AATGTGCCCGAGGTGT-1,0.007393,0.074434,0.527106,0.000036,0.391032
AATGTGCTAATCTGAG-1,0.300947,0.224206,0.369683,0.000038,0.105125
AATGTTAAGACCCTGA-1,0.885259,0.070334,0.044379,0.000014,0.000014
AATGTTGTCGTGAGAC-1,0.327794,0.566291,0.056219,0.000716,0.04898
AATTAAAGGTCGGCGT-1,0.005725,0.144722,0.8075,0.000066,0.041987
AATTAACGGATTTCCA-1,0.084006,0.579212,0.25315,0.049565,0.034067
AATTACGAGACCCATC-1,0.223898,0.71367,0.055051,0.000013,0.007368
AATTACTCGTACGCTC-1,0.231087,0.145104,0.281663,0.181461,0.160685
AATTAGCGCTGCAGCG-1,0.098167,0.625835,0.27568,0.000293,0.000025
AATTATACCCAGCAAG-1,0.815004,0.012207,0.000035,0.170809,0.001946
AATTCATAAGGGATCT-1,0.00012,0.140761,0.834895,0.00006,0.024164
AATTCATTGTCATGCA-1,0.201411,0.769612,0.028953,0.000011,0.000013
AATTCCAAGCATGTAC-1,0.080978,0.627818,0.120059,0.01366,0.157485
AATTCGATTCGAGGAT-1,0.022403,0.503511,0.190402,0.153313,0.13037
AATTCTAGAGTTAGGC-1,0.000114,0.327745,0.561426,0.041666,0.069049
AATTGAACGCTCTGGT-1,0.129777,0.683948,0.142601,0.021603,0.02207
AATTGCAGCAATCGAC-1,0.154967,0.208515,0.348346,0.106237,0.181935
AATTGCGTGGATTACA-1,0.292895,0.483624,0.079525,0.000017,0.143939
AATTGTGGTTGCCAAA-1,0.524555,0.028321,0.205565,0.000836,0.240724
AATTTGGGACATAGTA-1,0.000256,0.00064,0.689821,0.000128,0.309154
AATTTGGTTCCAAAGA-1,0.104886,0.608591,0.224866,0.061635,0.000022
ACAAACCATGCGTCCT-1,0.176912,0.822497,0.00001,0.000575,0.000005
ACAAACCGACAAGGCG-1,0.111963,0.224411,0.273567,0.279418,0.110641
ACAAACTCCATCAGAG-1,0.355773,0.000125,0.00005,0.000025,0.644028
ACAAAGAAGGTAGGCC-1,0.129243,0.768876,0.053739,0.007346,0.040797
ACAAAGCATGACCTAG-1,0.129424,0.415522,0.193295,0.028065,0.233694
ACAAATCGCACCGAAT-1,0.000086,0.102264,0.81049,0.000043,0.087117
ACAAATGGTAGTGTTT-1,0.020299,0.801385,0.114246,0.043786,0.020284
ACAAATTCAGATCTGA-1,0.178642,0.000671,0.068157,0.000134,0.752396
ACAACAGCATGAGCTA-1,0.141859,0.324751,0.499481,0.014833,0.019077
ACAACGGTCCCTGCGA-1,0.092206,0.596129,0.298092,0.000033,0.01354
ACAAGCAGTGCCTAGC-1,0.233975,0.451821,0.201416,0.015433,0.097356
ACAAGCTATATGGAAG-1,0.213622,0.644835,0.14143,0.000075,0.000039
ACAAGGAAATCCGCCC-1,0.198153,0.644363,0.089619,0.00002,0.067845
ACAAGGACAAGAGGTT-1,0.06431,0.338893,0.592983,0.002303,0.001512
ACAAGGATGCTTTAGG-1,0.038674,0.391748,0.31168,0.2271,0.030798
ACAAGGGCAGGCTCTG-1,0.018035,0.522627,0.459274,0.000032,0.000032
ACAAGTAATTGTAAGG-1,0.198523,0.296777,0.195922,0.050359,0.258418
ACAATAGTCGTACGTT-1,0.000116,0.378249,0.589036,0.007957,0.024641
ACAATCCATTTAAACC-1,0.041262,0.347528,0.5463,0.000033,0.064876
ACAATCGATCTTTATA-1,0.052926,0.081859,0.279356,0.344761,0.241098
ACAATGAATACGGAGA-1,0.004283,0.240625,0.497378,0.037625,0.220088
ACAATGATTCTTCTAC-1,0.034513,0.000306,0.009791,0.02666,0.92873
ACAATTGTGTCTCTTT-1,0.113092,0.383952,0.465587,0.015274,0.022095
ACAATTTAGGAGGCTC-1,0.129729,0.83303,0.012714,0.024509,0.000018
ACAATTTGAGCAGTGG-1,0.044229,0.260393,0.6566,0.000043,0.038735
ACAATTTGGCCATATT-1,0.673279,0.255422,0.059212,0.010535,0.001552
ACACAAAGACGGGTGG-1,0.061859,0.877668,0.060118,0.000017,0.000337
ACACACCAGGACCAGT-1,0.029431,0.930958,0.02537,0.005843,0.008398
ACACACTTTCTACACG-1,0.041518,0.071896,0.629227,0.173494,0.083865
ACACATGATCAAATCT-1,0.000105,0.000263,0.977135,0.000053,0.022445
ACACATTTCCGTAGAC-1,0.403967,0.244554,0.056641,0.000033,0.294805
ACACCACATAATTAGC-1,0.277748,0.346192,0.329362,0.046669,0.000029
ACACCCAGCATGCAGC-1,0.031565,0.516535,0.363348,0.000073,0.088479
ACACCCGAGAAATCCG-1,0.000104,0.175398,0.824395,0.000052,0.000052
ACACCGAGCGCTCTTT-1,0.052368,0.000379,0.081968,0.010884,0.854402
ACACCGGTCTGACCGC-1,0.137989,0.81939,0.042603,0.000009,0.000009
ACACCTTAAGTAGGGC-1,0.071829,0.641921,0.26166,0.008899,0.01569
ACACCTTACTACTTGC-1,0.393491,0.571848,0.034603,0.000029,0.000029
ACACGAGACTCCTTCT-1,0.022852,0.385107,0.578766,0.000049,0.013226
ACACGGCACTATGCAT-1,0.000141,0.000352,0.000141,0.606656,0.39271
ACACGGGAACTTAGGG-1,0.021087,0.747499,0.231361,0.000026,0.000026
ACACGTAGGCCACAAG-1,0.012837,0.182008,0.299127,0.186681,0.319348
ACACTCCAATGTCACT-1,0.092351,0.274125,0.448307,0.17414,0.011076
ACACTGATCAAGGTGT-1,0.024247,0.421654,0.356842,0.008254,0.189003
ACACTGGGACAGTCGT-1,0.501624,0.165,0.248787,0.025303,0.059287
ACAGAACTGAGAACAA-1,0.077093,0.130007,0.786264,0.000043,0.006593
ACAGATTAGGTTAGTG-1,0.000222,0.000554,0.138724,0.195303,0.665197
ACAGCATAGAGCCAGT-1,0.116856,0.535947,0.340017,0.00714,0.00004
ACAGCGACATTCTCAT-1,0.177792,0.024025,0.672437,0.030481,0.095265
ACAGCGCACCCGCAGC-1,0.000172,0.000431,0.52995,0.011752,0.457695
ACAGGCACGGATCCTT-1,0.382243,0.535312,0.017322,0.01821,0.046913
ACAGGCTTGCCCGACT-1,0.003393,0.187807,0.572976,0.000086,0.235738
ACAGGTGGAGGTGAGG-1,0.000082,0.334336,0.522819,0.114306,0.028457
ACAGGTGTGTTGTTGC-1,0.302537,0.493139,0.093572,0.008224,0.102527
ACAGTAATACAACTTG-1,0.053559,0.718895,0.218918,0.000021,0.008607
ACAGTATACCGTGGGA-1,0.089595,0.000218,0.000087,0.057366,0.852734
ACATAAGTCGTGGTGA-1,0.066916,0.857956,0.058421,0.016695,0.000011
ACATAATAAGGCGGTG-1,0.000165,0.017302,0.932862,0.000082,0.049589
ACATACAATCAAGCGG-1,0.694068,0.300498,0.00293,0.001375,0.001129
ACATCAGCTGGGACGC-1,0.039331,0.108599,0.725668,0.000051,0.126351
ACATCCCGGCCATACG-1,0.031591,0.910756,0.057619,0.000017,0.000017
ACATCCTGGTAACTGT-1,0.2637,0.255244,0.183309,0.013929,0.283818
ACATCGATCGTTTACC-1,0.00019,0.180714,0.581534,0.000095,0.237467
ACATCGCAATATTCGG-1,0.907481,0.01767,0.053567,0.005167,0.016114
ACATCGGTCAGCCGCG-1,0.000104,0.251134,0.663458,0.000052,0.085253
ACATCGTATGCAATGG-1,0.000078,0.482315,0.255164,0.002723,0.25972
ACATCGTTAACCTAGT-1,0.000276,0.00069,0.55801,0.081261,0.359763
ACATCTCAACGCGTAA-1,0.00447,0.228986,0.398676,0.210829,0.157038
ACATGCTTACGGCAGC-1,0.61936,0.37941,0.000637,0.000582,0.000011
ACATGGCGCCAAAGTA-1,0.114522,0.620288,0.227434,0.01707,0.020687
ACATGGCTCAATTTAG-1,0.136653,0.291359,0.204384,0.217498,0.150107
ACATTAGTTTATATCC-1,0.0239,0.776707,0.190206,0.004097,0.00509
ACATTCGCGCGGAATA-1,0.611594,0.062047,0.258895,0.008391,0.059073
ACATTTGAAACCTAAC-1,0.797542,0.20128,0.001151,0.000013,0.000013
ACCAAACACCCAGCGA-1,0.009313,0.005785,0.204216,0.058011,0.722675
ACCAAACTAGAAATCC-1,0.000223,0.005974,0.209719,0.073849,0.710235
ACCAACACCACACACT-1,0.077714,0.613838,0.111964,0.196468,0.000016
ACCAACCGCACTCCAC-1,0.231233,0.09464,0.440016,0.123301,0.110809
ACCAACGCTTATTTAT-1,0.014764,0.367298,0.534782,0.026013,0.057145
ACCAAGAACGCGTGTC-1,0.115682,0.454193,0.40658,0.009281,0.014264
ACCAAGTCATCGGCAG-1,0.627046,0.372908,0.000027,0.00001,0.00001
ACCAATATGCAAGTTA-1,0.003148,0.045694,0.547366,0.00008,0.403712
ACCACAACTCAGAACA-1,0.000153,0.000381,0.009962,0.000076,0.989428
ACCACAAGTTTCTATC-1,0.070119,0.276317,0.640301,0.000041,0.013222
ACCACACGGTTGATGG-1,0.70191,0.262993,0.031577,0.003502,0.000018
ACCACCAATGTAACAA-1,0.121539,0.356599,0.394089,0.000045,0.127728
ACCACCCTCTCTTCTA-1,0.118692,0.002004,0.152107,0.369512,0.357686
ACCACGTGCAGCTATA-1,0.044969,0.334039,0.393899,0.032864,0.194229
ACCAGACCATAACAAC-1,0.148625,0.676761,0.161529,0.011774,0.001311
ACCAGCCCGGTCTTTG-1,0.002768,0.071681,0.211417,0.251564,0.462569
ACCAGGAGTGTGATCT-1,0.000341,0.000851,0.208202,0.00017,0.790436
ACCAGTGCCCGGTCAA-1,0.230883,0.15043,0.278759,0.133357,0.206572
ACCAGTGCGGGAGACG-1,0.026178,0.961072,0.007823,0.002267,0.00266
ACCATATCCGCAATAA-1,0.000074,0.342813,0.647601,0.000037,0.009475
ACCATCCGCCAACTAG-1,0.255484,0.570108,0.116531,0.005593,0.052284
ACCATCGTATATGGTA-1,0.06461,0.656203,0.279107,0.00004,0.00004
ACCATTAAGGGTGTCA-1,0.066338,0.000362,0.060868,0.018342,0.854091
ACCCAACGCCCGTGGC-1,0.000267,0.277871,0.721784,0.000039,0.000039
ACCCACCTACATGCTC-1,0.591831,0.300398,0.091973,0.000132,0.015665
ACCCATCTTGAGGGTA-1,0.034254,0.591044,0.268155,0.027509,0.079037
ACCCATTTGTCCCTCT-1,0.089735,0.032648,0.370164,0.000062,0.507391
ACCCGAGCGAAATTAC-1,0.002837,0.289319,0.65176,0.015062,0.041023
ACCCGATTGGTTCCGA-1,0.008176,0.159336,0.338382,0.000046,0.49406
ACCCGGAAACTCCCAG-1,0.20287,0.527605,0.251215,0.002886,0.015425
ACCCGGAGCACCACAA-1,0.724058,0.275905,0.000019,0.000009,0.000009
ACCCGGATGACGCATC-1,0.023597,0.52274,0.394441,0.0032,0.056021
ACCCGGTTACACTTCC-1,0.132285,0.199523,0.663374,0.000061,0.004757
ACCCGTAGCAGAGAAT-1,0.267441,0.27081,0.271501,0.027714,0.162535
ACCCGTAGTCTAGTTG-1,0.579761,0.004876,0.364556,0.000033,0.050774
ACCCGTGTCATCAGTA-1,0.105938,0.613091,0.232708,0.031985,0.016278
ACCCTATAGGACTGAG-1,0.000129,0.000322,0.000129,0.616144,0.383276
ACCCTATGCCATATCG-1,0.067127,0.670562,0.189141,0.053127,0.020043
ACCCTCCCGTCAGGGC-1,0.299069,0.486472,0.19562,0.006786,0.012054
ACCCTCCCTTGCTATT-1,0.053029,0.379621,0.371869,0.072131,0.12335
ACCCTGGTAACGCCCT-1,0.079069,0.000132,0.000053,0.919495,0.001251
ACCCTTCATCTGCGAA-1,0.000154,0.017295,0.960444,0.000077,0.022029
ACCCTTTAGTTCTCCA-1,0.093995,0.000626,0.011506,0.002352,0.891521
ACCGAAAGGGCCCTGC-1,0.309574,0.233805,0.404582,0.052009,0.000029
ACCGAAGAGTCTGGTT-1,0.218282,0.686623,0.095046,0.000025,0.000025
ACCGACACATCTCCCA-1,0.211245,0.5217,0.217446,0.007774,0.041836
ACCGACTGAGTCCCAC-1,0.075189,0.606078,0.190177,0.003672,0.124884
ACCGAGTCTCCTTATT-1,0.365205,0.419394,0.050904,0.033344,0.131151
ACCGATAGGCATAACC-1,0.388862,0.232513,0.122532,0.090326,0.165767
ACCGATATTTAATCAT-1,0.418864,0.427903,0.148496,0.001173,0.003564
ACCGATGGTAGCATCG-1,0.047047,0.770248,0.182662,0.000022,0.000022
ACCGCAATAACTGCCT-1,0.029781,0.344192,0.396246,0.000032,0.229748
ACCGCGGTGGAAGTCG-1,0.000963,0.221234,0.601509,0.019584,0.15671
ACCGCTAGTCATTGGT-1,0.68698,0.247979,0.000833,0.006943,0.057264
ACCGGGCCTTTGTTGA-1,0.175734,0.697327,0.126883,0.000028,0.000028
ACCGGTCAGGTACACC-1,0.052518,0.473966,0.083311,0.000027,0.390178
ACCGGTCTGAGTACGG-1,0.278407,0.000267,0.000107,0.108643,0.612577
ACCGTCCACTGGGCCC-1,0.364459,0.491634,0.118453,0.007126,0.018328
ACCGTGACCACGTGGG-1,0.000096,0.265017,0.592323,0.000048,0.142516
ACCGTTCCCGCTCTGA-1,0.03571,0.000544,0.499721,0.014954,0.449071
ACCTAAGTACCTTTCA-1,0.011441,0.1478,0.643674,0.052619,0.144467
ACCTAATCGACTTCCT-1,0.14919,0.648611,0.075469,0.025965,0.100766
ACCTACAGTATGTGGT-1,0.273478,0.626491,0.091084,0.00892,0.000027
ACCTACTATAAATCTA-1,0.034262,0.086246,0.493112,0.000039,0.386341
ACCTCAGCGAGGCGCA-1,0.545631,0.447461,0.00002,0.003741,0.003148
ACCTCCGCCCTCGCTG-1,0.182264,0.425898,0.239734,0.067258,0.084845
ACCTCCGTTATTCACC-1,0.112928,0.829431,0.005939,0.038565,0.013137
ACCTCGAACTTATGCT-1,0.305773,0.665806,0.005838,0.022572,0.000011
ACCTGCGTGTCATGTT-1,0.126102,0.586983,0.123822,0.117583,0.04551
ACGAAATGGGCGGCAC-1,0.103223,0.748459,0.035177,0.041462,0.071678
ACGACCCATGAGTTGC-1,0.568032,0.212067,0.167672,0.008398,0.043831
ACGACTCTAGGGCCGA-1,0.45627,0.542516,0.000896,0.000305,0.000014
ACGACTGGTCATACTC-1,0.085784,0.478768,0.227579,0.065176,0.142693
ACGAGAACCCATCACG-1,0.085828,0.16381,0.079757,0.652521,0.018084
ACGAGATATTTGCTTA-1,0.000163,0.000408,0.120964,0.301035,0.577428
ACGAGGATACCACTCT-1,0.328852,0.63019,0.04091,0.000024,0.000024
ACGAGGTTTACAACGT-1,0.285787,0.432125,0.267186,0.01487,0.000032
ACGAGTACGGATGCCC-1,0.000789,0.109237,0.699017,0.169286,0.021672
ACGATACATAGAACTA-1,0.081371,0.438987,0.460903,0.017546,0.001193
ACGATACCTATCCTGA-1,0.196496,0.581808,0.16056,0.051257,0.009879
ACGATCATACATAGAG-1,0.018511,0.58055,0.258466,0.000124,0.142348
ACGATCATCTTGTAAA-1,0.020307,0.35361,0.553662,0.006067,0.066353
ACGATGCATATGTTAT-1,0.000093,0.241745,0.391611,0.000047,0.366503
ACGATGGATCCGATGC-1,0.045185,0.315408,0.586086,0.053275,0.000046
ACGCAAACTAATAGAT-1,0.263597,0.215493,0.298077,0.064234,0.158599
ACGCAATCACTACAGC-1,0.011485,0.519984,0.366808,0.084785,0.016938
ACGCATAAATGACATG-1,0.413068,0.000146,0.020159,0.055419,0.511208
ACGCATACGTTTACTA-1,0.189504,0.116027,0.613155,0.001523,0.079791
ACGCATTCGTGAGTAC-1,0.008445,0.801219,0.107406,0.00002,0.08291
ACGCCACTCGAAACAG-1,0.592393,0.000115,0.000046,0.018796,0.38865
ACGCCAGATGATTTCT-1,0.000097,0.42389,0.54406,0.015887,0.016066
ACGCCAGTGCGTTTGC-1,0.806358,0.193608,0.000017,0.000008,0.000008
ACGCCCAGCTGTCGAT-1,0.000064,0.269263,0.292134,0.241092,0.197447
ACGCCGCTAGACGACC-1,0.084847,0.912485,0.000691,0.001959,0.000019
ACGCGAAGTCAGACGA-1,0.172604,0.587897,0.227835,0.011633,0.000031
ACGCGCTACACAGGGT-1,0.133443,0.858203,0.008327,0.000013,0.000013
ACGCGGGCCAAGGACA-1,0.003232,0.336008,0.640761,0.000035,0.019964
ACGCGTTTCTTAAGAG-1,0.05243,0.738732,0.014244,0.194576,0.000018
ACGCTACTGAATGGGC-1,0.746723,0.003272,0.206118,0.000035,0.043853
ACGCTAGTGATACACT-1,0.000138,0.117974,0.219651,0.513437,0.1488
ACGCTGTGAGGCGTAG-1,0.000147,0.404852,0.582307,0.000074,0.012619
ACGCTTAGTGTCTCTC-1,0.033502,0.269067,0.292025,0.245792,0.159614
ACGGAACACGAGTGCC-1,0.744704,0.242412,0.003889,0.002726,0.006269
ACGGAATTTAGCAAAT-1,0.052686,0.602129,0.237059,0.108096,0.000029
ACGGACGCAGCGACAA-1,0.62097,0.163068,0.07878,0.01743,0.119751
ACGGACTCTCAAAGCG-1,0.03143,0.434492,0.408321,0.016543,0.109214
ACGGAGCGCAAATTAC-1,0.000132,0.00033,0.504205,0.06437,0.430963
ACGGATGGTGCGGATA-1,0.00014,0.171881,0.670378,0.00007,0.15753
ACGGCACTTGCTTGGG-1,0.013089,0.810828,0.176036,0.000023,0.000023
ACGGCCAACATGGACT-1,0.100012,0.613734,0.285203,0.00079,0.00026
ACGGCGACGATGGGAA-1,0.131505,0.358117,0.472796,0.000037,0.037545
ACGGCGGGTTGCCCTG-1,0.080456,0.000274,0.000109,0.000055,0.919106
ACGGCTGGATGTAGAA-1,0.028536,0.299821,0.421573,0.069551,0.180519
ACGGGAGTGTCGGCCC-1,0.171745,0.818628,0.008031,0.001577,0.000019
ACGGGCGTATGCGACA-1,0.249285,0.589634,0.014603,0.146467,0.000011
ACGGGTCATGTGACTT-1,0.004851,0.007653,0.260442,0.47965,0.247404
ACGGGTTGTGACCTGT-1,0.516846,0.324406,0.000045,0.115999,0.042704
ACGGTACAGTTCAATG-1,0.45732,0.401175,0.056431,0.004679,0.080395
ACGGTCACCGAGAACA-1,0.482285,0.000134,0.367537,0.000027,0.150017
ACGTACAGATTTCTCT-1,0.213481,0.628029,0.034948,0.123519,0.000023
ACGTACTTTGGCACGG-1,0.000113,0.020945,0.654005,0.000057,0.32488
ACGTAGATTGCTGATG-1,0.032435,0.648818,0.285677,0.000035,0.033035
ACGTAGGAGAGTCGCT-1,0.188673,0.413922,0.3498,0.005644,0.041961
ACGTATTACTCCGATC-1,0.000078,0.234292,0.765551,0.000039,0.000039
ACGTCGGGCAACTCGG-1,0.548983,0.428663,0.022334,0.00001,0.00001
ACGTCTCGTTCCGGGA-1,0.077674,0.680563,0.219058,0.014342,0.008363
ACGTGACAAAGTAAGT-1,0.357,0.642951,0.000025,0.000012,0.000012
ACGTGCGCCTCGTGCA-1,0.000177,0.027023,0.938962,0.000089,0.033749
ACGTGGTCGAATGTGC-1,0.036253,0.277263,0.324036,0.227376,0.135072
ACGTTAATGTCGAAGA-1,0.029519,0.946369,0.024088,0.000012,0.000012
ACGTTAGATTTGCCCG-1,0.011361,0.773056,0.099438,0.071326,0.044818
ACGTTATTGGTCACTC-1,0.093514,0.418977,0.387234,0.100246,0.000029
ACGTTCACTATGCCGC-1,0.3202,0.094785,0.124892,0.005152,0.454971
ACGTTCCGCGCTCCGT-1,0.065925,0.095281,0.538907,0.293929,0.005958
ACGTTCGCAATCAATT-1,0.000107,0.131953,0.845449,0.022438,0.000054
ACGTTCGTTCAGGAAA-1,0.141999,0.569382,0.270104,0.006631,0.011883
ACGTTCTGTACAAGTC-1,0.129013,0.457446,0.327834,0.048376,0.03733
ACGTTGTCGTTGAAAG-1,0.435898,0.02175,0.117024,0.000036,0.425292
ACGTTTAGTTGTGATC-1,0.000205,0.000514,0.962868,0.000103,0.03631
ACGTTTCGGTGCACTT-1,0.80939,0.123953,0.006478,0.000015,0.060164
ACTAATACGTCAGGCG-1,0.871827,0.000611,0.000244,0.000122,0.127196
ACTACAAAGAGAGGTG-1,0.267514,0.073346,0.014534,0.000035,0.644572
ACTACATCCCGACAAG-1,0.129814,0.778842,0.001702,0.00001,0.089631
ACTACCAGCTCTCTGG-1,0.101514,0.752326,0.14344,0.002696,0.000024
ACTACCATCCGAGGGC-1,0.644717,0.116174,0.043174,0.044045,0.151889
ACTACGCGTTAGAATT-1,0.180953,0.562185,0.214285,0.037821,0.004756
ACTAGTTGCGATCGTC-1,0.01139,0.315116,0.322539,0.015489,0.335466
ACTATATGCTGTGTTC-1,0.000252,0.000631,0.206006,0.008045,0.785067
ACTATCCAGGGCATGG-1,0.108229,0.217967,0.369394,0.127113,0.177297
ACTATCTGCCCGCGTA-1,0.164833,0.795619,0.039521,0.000014,0.000014
ACTATGTCCAGCTGCC-1,0.160024,0.493475,0.296768,0.035832,0.013902
ACTATTCGTCCGTGGT-1,0.035802,0.194378,0.64658,0.101939,0.021302
ACTATTTCCGGGCCCA-1,0.077453,0.767814,0.13603,0.000022,0.018682
ACTCAACGAATGTATT-1,0.118469,0.152774,0.082487,0.459081,0.187189
ACTCAAGTGCAAGGCT-1,0.217087,0.68031,0.068526,0.033269,0.000808
ACTCAATAAAGGCACG-1,0.092636,0.681738,0.223394,0.002206,0.000026
ACTCAGACCTGCTTCT-1,0.238363,0.429829,0.143087,0.188692,0.000029
ACTCATGGCAGCCTTC-1,0.284787,0.33334,0.359764,0.014935,0.007173
ACTCCAATATCATCAT-1,0.141649,0.454676,0.346602,0.000043,0.057031
ACTCCCATTCCTAAAG-1,0.137889,0.748841,0.105766,0.00002,0.007484
ACTCCCGAATTCGTTT-1,0.00015,0.003149,0.659467,0.043435,0.293799
ACTCCCGTAGACTAGG-1,0.000368,0.00092,0.150215,0.071414,0.777083
ACTCCCTAATGCTAAA-1,0.149558,0.413082,0.433002,0.000048,0.00431
ACTCCCTAGAATAGTA-1,0.032326,0.156546,0.418732,0.036815,0.355581
ACTCCGGCCGACCACT-1,0.353242,0.517577,0.018757,0.103355,0.00707
ACTCGATGTATTTCAT-1,0.127872,0.63603,0.076289,0.159775,0.000035
ACTCGCCGTTCGATAA-1,0.508647,0.449635,0.002897,0.038248,0.000573
ACTCGCGATCTGACGC-1,0.400705,0.027905,0.446384,0.060976,0.06403
ACTCGTAACCCGTCCT-1,0.071504,0.253214,0.33801,0.000054,0.337218
ACTCGTCAGTAATCCC-1,0.012981,0.387857,0.55323,0.000045,0.045887
ACTCTAAACCTGGGAT-1,0.151013,0.358621,0.413261,0.076008,0.001098
ACTCTCTGACTTAGGT-1,0.006518,0.361219,0.563127,0.000065,0.069071
ACTCTCTTATACACGA-1,0.000241,0.000601,0.270658,0.074265,0.654235
ACTCTGACCTAATAGA-1,0.183051,0.543085,0.010262,0.000013,0.263589
ACTCTTCAGCTCCCGC-1,0.903584,0.096246,0.000085,0.000043,0.000043
ACTCTTGTATAGTAAC-1,0.006208,0.595962,0.393597,0.000038,0.004195
ACTGAAACGCCGTTAG-1,0.136575,0.131465,0.450631,0.026891,0.254438
ACTGAATGGCGAAAGT-1,0.000035,0.768935,0.129758,0.016072,0.085199
ACTGATTTAGTGATTC-1,0.010011,0.230599,0.415393,0.184095,0.159902
ACTGCCCGCCATTCTC-1,0.173602,0.227025,0.492376,0.01805,0.088947
ACTGCCGTCGTAACTC-1,0.000166,0.000414,0.943253,0.000083,0.056084
ACTGCGGACACACCGT-1,0.394184,0.04656,0.402592,0.103674,0.05299
ACTGCTCGGAAGGATG-1,0.054229,0.71639,0.220886,0.008472,0.000023
ACTGGGATGCCAGTGC-1,0.399224,0.000201,0.00008,0.00004,0.600455
ACTGTACGATACACAT-1,0.017873,0.607495,0.374566,0.000033,0.000033
ACTGTAGCACTTTGGA-1,0.291968,0.546275,0.127028,0.008375,0.026354
ACTGTATACGCGAGCA-1,0.144178,0.563432,0.159729,0.132637,0.000025
ACTGTCCAGGATTATA-1,0.014377,0.728502,0.139671,0.000042,0.117408
ACTGTCTTCTTTAGAA-1,0.017648,0.221454,0.673131,0.00006,0.087707
ACTGTGCTAGTAGATC-1,0.197108,0.529074,0.004325,0.078345,0.191147
ACTGTTTAGTGTAGGC-1,0.000316,0.000789,0.181007,0.000158,0.817731
ACTTACCGGGCGCGCA-1,0.000122,0.000305,0.000122,0.019158,0.980292
ACTTACGCATCCACGC-1,0.149602,0.507321,0.316478,0.000049,0.02655
ACTTAGTACGACAAGA-1,0.102266,0.532375,0.151403,0.166418,0.047537
ACTTATACTTACCCGG-1,0.000134,0.178834,0.785979,0.000067,0.034986
ACTTATCTGATCTATA-1,0.176386,0.161096,0.266461,0.247691,0.148365
ACTTATTAGGATCGGT-1,0.000103,0.201375,0.63717,0.007081,0.154271
ACTTATTTATGTGCCA-1,0.040324,0.882748,0.076888,0.000019,0.000019
ACTTCAGGCTGATCCC-1,0.002634,0.224297,0.386437,0.212811,0.17382
ACTTCCAGTGGAAGCT-1,0.185557,0.52893,0.275006,0.002037,0.008469
ACTTCCATGCGGGACA-1,0.236258,0.151565,0.495209,0.01927,0.097697
ACTTCGCCATACGCAC-1,0.000139,0.192986,0.778498,0.00007,0.028308
ACTTCGCTAGCGAGTG-1,0.24302,0.475056,0.002515,0.051486,0.227924
ACTTGACTCCCTCTTT-1,0.084606,0.587289,0.20017,0.065925,0.06201
ACTTGCCATATTGTAC-1,0.000282,0.000706,0.047234,0.058023,0.893755
ACTTGCTCTATCTACC-1,0.760911,0.237354,0.001714,0.00001,0.00001
ACTTGGGACCCGGTGG-1,0.00012,0.135995,0.818896,0.00006,0.044929
ACTTGGGCTTTCGCCA-1,0.363286,0.179014,0.156852,0.000088,0.30076
ACTTGTAGTCCCTTCA-1,0.202472,0.462997,0.042072,0.000035,0.292424
ACTTGTGGATGGAACG-1,0.282532,0.460913,0.202597,0.010874,0.043084
ACTTGTTACCGGATCA-1,0.512057,0.187878,0.000037,0.000019,0.300008
ACTTTACCCTCATGAA-1,0.188405,0.714791,0.069714,0.001125,0.025964
ACTTTATACACCACTT-1,0.693321,0.127885,0.058738,0.005813,0.114242
ACTTTCCTATAGCTTC-1,0.003054,0.352699,0.297539,0.203875,0.142833
ACTTTGACTGCATCCT-1,0.12256,0.473813,0.373465,0.000045,0.030118
ACTTTGGTCGTGCTCC-1,0.141961,0.472441,0.304943,0.05327,0.027385
ACTTTGTCGACGCACT-1,0.238417,0.15048,0.452507,0.047575,0.111021
AGAAATTATGACTCGC-1,0.201062,0.527528,0.171839,0.031569,0.068002
AGAACACGGCGATGGT-1,0.566016,0.126952,0.126925,0.062392,0.117715
AGAACCCAGCGTGACA-1,0.243457,0.213687,0.406539,0.005746,0.130571
AGAACCCTCAATTGGG-1,0.218873,0.43253,0.342596,0.000019,0.005983
AGAACGTGGTACATTC-1,0.039699,0.954981,0.005295,0.000013,0.000013
AGAACTGTACTTTGTA-1,0.791844,0.054429,0.002774,0.120525,0.030429
AGAAGAGCGCCGTTCC-1,0.16129,0.830217,0.007934,0.000279,0.000279
AGAAGGTACACTTCAC-1,0.099865,0.375262,0.472443,0.000028,0.052402
AGAAGGTTGCCGAATT-1,0.119234,0.545758,0.199742,0.097593,0.037673
AGAAGGTTGTAGGTCG-1,0.090608,0.594623,0.094865,0.08879,0.131113
AGAAGTGATTCGTGAT-1,0.00012,0.330851,0.577054,0.00006,0.091915
AGAATAAATCTTCAGG-1,0.064982,0.142882,0.775172,0.000303,0.016661
AGAATACAGGCTATCC-1,0.788777,0.069297,0.080934,0.000237,0.060755
AGAATGCGGGTTCGGA-1,0.473338,0.00084,0.090264,0.064269,0.371288
AGAATTATGGATTCGA-1,0.012841,0.330744,0.651674,0.004706,0.000036
AGAATTGTTTGACATA-1,0.078205,0.725855,0.14532,0.027061,0.023559
AGACAGCTCAGAATCC-1,0.001485,0.164235,0.834195,0.000042,0.000042
AGACAGGCATCTCAGC-1,0.626746,0.372439,0.000785,0.000015,0.000015
AGACATAGATCCTTCC-1,0.03064,0.000387,0.056619,0.529621,0.382733
AGACCAAACCACACCT-1,0.210123,0.62356,0.163957,0.002349,0.000012
AGACCATGGGATACAA-1,0.141604,0.773925,0.078587,0.003498,0.002385
AGACCCACCGCTGATC-1,0.024665,0.741379,0.185179,0.013645,0.035131
AGACCCGCCCTCCTCG-1,0.140784,0.779347,0.053463,0.000018,0.026388
AGACCGCTCCGCGGTT-1,0.221018,0.638812,0.130093,0.010059,0.000019
AGACCGGGAAACCCTG-1,0.122909,0.693129,0.146837,0.001946,0.035178
AGACGAAGTGCCGGTC-1,0.141331,0.434452,0.154943,0.190506,0.078767
AGACGACGATGCCGCT-1,0.191534,0.324775,0.335151,0.000026,0.148515
AGACGCCCACTTCGCC-1,0.413905,0.483513,0.028741,0.006388,0.067453
AGACGGGATTGGTATA-1,0.399631,0.000656,0.117649,0.000131,0.481932
AGACGGGCCGATTTAA-1,0.325615,0.000566,0.000226,0.133147,0.540445
AGACTAGCCTTCCAGA-1,0.000161,0.004006,0.995639,0.00008,0.000114
AGACTGTTACCGGGTC-1,0.180539,0.595927,0.088907,0.000029,0.134598
AGAGAAACACCAGAAA-1,0.015471,0.180813,0.553876,0.030585,0.219255
AGAGAACCGTCTAGGA-1,0.077804,0.224321,0.332574,0.113721,0.251581
AGAGAAGGAGTACAAT-1,0.179085,0.307428,0.417402,0.049585,0.0465
AGAGATCTCTAAAGCG-1,0.14416,0.762922,0.055799,0.003343,0.033776
AGAGCAGTTATGAGAC-1,0.119772,0.339547,0.313848,0.109775,0.117058
AGAGCCGCCGAGATTT-1,0.215128,0.718784,0.043403,0.016464,0.006221
AGAGCGCTTGTAACGG-1,0.093322,0.150378,0.145617,0.059303,0.55138
AGAGCGGGCTAATCAT-1,0.000175,0.005382,0.819326,0.050774,0.124342
AGAGCGTACAAGCTCG-1,0.056804,0.895055,0.048095,0.000023,0.000023
AGAGCTACGAAAGCAT-1,0.033708,0.000313,0.193261,0.291279,0.481438
AGAGGCTTCGGAAACC-1,0.103697,0.750919,0.108519,0.026565,0.010299
AGAGGTATCTCGGTCC-1,0.052576,0.000397,0.000159,0.130795,0.816073
AGAGTAAACTTCACTA-1,0.075182,0.221962,0.617474,0.046132,0.039251
AGAGTATAGTGTTACG-1,0.230947,0.541045,0.014694,0.211258,0.002056
AGAGTCTTAATGAAAG-1,0.632949,0.097208,0.016571,0.000026,0.253247
AGAGTTAGAGACCGAT-1,0.255391,0.125106,0.331273,0.015671,0.272558
