Barcode,Topic 1to2,Topic 3to5,Topic 6to7,Topic 8to10,Topic 11,Topic 12
AAACAACGAATAGTTC-1,0.000034,0.265535,0.0148,0.697907,0.021707,0.000017
AAACAAGTATCTCCCA-1,0.025928,0.29145,0.153023,0.440403,0.037871,0.051325
AAACAATCTACTAGCA-1,0.000033,0.07526,0.038092,0.882064,0.000016,0.004535
AAACACCAATAACTGC-1,0.000021,0.05784,0.000032,0.003242,0.036267,0.902598
AAACAGAGCGACTCCT-1,0.014361,0.195968,0.000159,0.217082,0.572349,0.00008
AAACAGCTTTCAGAAG-1,0.083168,0.248601,0.219768,0.423569,0.024865,0.00003
AAACAGGGTCTATATT-1,0.141681,0.383612,0.144935,0.297536,0.03222,0.000017
AAACAGTGTTCCTGGG-1,0.332775,0.384617,0.055363,0.00782,0.007475,0.21195
AAACATGGTGAGAGGA-1,0.000031,0.021041,0.000031,0.000046,0.094471,0.88438
AAACATTTCCCGGATT-1,0.04291,0.151512,0.190103,0.43289,0.174588,0.007997
AAACCACTACACAGAT-1,0.038345,0.292222,0.377266,0.286597,0.005552,0.000018
AAACCCGAACGAAATC-1,0.041425,0.47376,0.225295,0.157727,0.093533,0.008261
AAACCGGAAATGTTAA-1,0.131085,0.196265,0.558759,0.063192,0.032,0.018699
AAACCGGGTAGGTACC-1,0.051542,0.451007,0.071589,0.415204,0.005261,0.005398
AAACCGTTCGTCCAGG-1,0.575188,0.088923,0.032355,0.227425,0.032052,0.044056
AAACCTAAGCAGCCGG-1,0.219253,0.152122,0.342438,0.179436,0.000297,0.106454
AAACCTCATGAAGTTG-1,0.139765,0.032932,0.10215,0.718007,0.007127,0.000018
AAACGAAGAACATACC-1,0.000067,0.736169,0.000067,0.194324,0.069341,0.000033
AAACGAAGATGGAGTA-1,0.29947,0.17044,0.08358,0.038008,0.103243,0.305259
AAACGACAGTCTTGCC-1,0.08897,0.136741,0.364598,0.409663,0.000015,0.000015
AAACGAGACGGTTGAT-1,0.009245,0.151777,0.111105,0.599835,0.128003,0.000035
AAACGCCCGAGATCGG-1,0.154991,0.43463,0.10635,0.245449,0.058548,0.000031
AAACGCTGGGCACGAC-1,0.104481,0.189301,0.657836,0.032807,0.001045,0.01453
AAACGGGCGTACGGGT-1,0.12909,0.097917,0.22337,0.400284,0.118637,0.030702
AAACGGGTTGGTATCC-1,0.001841,0.242086,0.105101,0.650923,0.000025,0.000025
AAACGGTTGCGAACTG-1,0.140261,0.21851,0.208024,0.265079,0.032912,0.135215
AAACGTGTTCGCCCTA-1,0.012149,0.390432,0.158119,0.378756,0.06048,0.000064
AAACTAACGTGGCGAC-1,0.000078,0.778838,0.11836,0.073957,0.000039,0.028728
AAACTCGGTTCGCAAT-1,0.207681,0.179291,0.214542,0.259985,0.072015,0.066486
AAACTCGTGATATAAG-1,0.044424,0.221545,0.053197,0.680702,0.000066,0.000066
AAACTGCTGGCTCCAA-1,0.125454,0.450613,0.17512,0.119772,0.011478,0.117565
AAACTTAATTGCACGC-1,0.165935,0.003276,0.028488,0.033889,0.000672,0.767739
AAACTTGCAAACGTAT-1,0.123029,0.252071,0.087955,0.483901,0.012535,0.040508
AAAGAATGACCTTAGA-1,0.000019,0.044795,0.009705,0.000028,0.155394,0.790059
AAAGAATGTGGACTAA-1,0.185881,0.177952,0.505642,0.107172,0.023339,0.000014
AAAGACATGAAGTTTA-1,0.209259,0.156491,0.173302,0.285091,0.175829,0.000028
AAAGACCCAAGTCGCG-1,0.017203,0.519345,0.076295,0.373912,0.000014,0.013231
AAAGACTGGGCGCTTT-1,0.087793,0.165849,0.124471,0.440537,0.181307,0.000043
AAAGCTTGCCTACATA-1,0.082809,0.230568,0.195465,0.462594,0.010901,0.017662
AAAGGCCCTATAATAC-1,0.000031,0.088727,0.000031,0.000046,0.141164,0.770002
AAAGGCTACGGACCAT-1,0.07099,0.78087,0.065825,0.035387,0.000209,0.046719
AAAGGCTCTCGCGCCG-1,0.181163,0.683352,0.083003,0.038378,0.008961,0.005142
AAAGGGATGTAGCAAG-1,0.015966,0.270463,0.098133,0.615409,0.000015,0.000015
AAAGGGCAGCTTGAAT-1,0.169563,0.106693,0.147624,0.571825,0.004278,0.000017
AAAGGTAAGCTGTACC-1,0.001606,0.260011,0.105311,0.605555,0.027487,0.000029
AAAGGTCAACGACATG-1,0.030564,0.437449,0.000067,0.000101,0.531785,0.000034
AAAGTAGCATTGCTCA-1,0.082819,0.272065,0.001716,0.262287,0.032694,0.348419
AAAGTCACTGATGTAA-1,0.000039,0.301942,0.065311,0.532112,0.02638,0.074217
AAAGTCGACCCTCAGT-1,0.215695,0.03504,0.072996,0.676228,0.000021,0.000021
AAAGTGCCATCAATTA-1,0.260309,0.005324,0.536727,0.197632,0.000004,0.000004
AAAGTGTGATTTATCT-1,0.128482,0.28413,0.045627,0.54164,0.000061,0.000061
AAAGTTGACTCCCGTA-1,0.122664,0.120788,0.114619,0.62734,0.000057,0.014531
AAATAACCATACGGGA-1,0.000193,0.6258,0.000193,0.035493,0.338226,0.000096
AAATAAGGTAGTGCCC-1,0.045002,0.382816,0.028097,0.492796,0.000303,0.050985
AAATACCTATAAGCAT-1,0.027439,0.897449,0.008946,0.027406,0.000041,0.038718
AAATAGCTTAGACTTT-1,0.034391,0.284418,0.049663,0.556701,0.066986,0.007841
AAATAGGGTGCTATTG-1,0.167804,0.198694,0.223793,0.37452,0.009277,0.025911
AAATCACTCCTAAACG-1,0.054107,0.14644,0.356695,0.441147,0.001598,0.000013
AAATCCGATACACGCC-1,0.17892,0.145857,0.44412,0.117498,0.09928,0.014326
AAATCGCGGAAGGAGT-1,0.027935,0.486389,0.000048,0.000073,0.229965,0.255591
AAATCGTGTACCACAA-1,0.000053,0.723736,0.00087,0.186604,0.000026,0.088711
AAATCTAGCCCTGCTA-1,0.056923,0.295984,0.193833,0.425667,0.000259,0.027334
AAATCTGCCCGCGTCC-1,0.121094,0.037801,0.044055,0.009577,0.103237,0.684236
AAATGACTGATCAAAC-1,0.120276,0.06331,0.537253,0.191231,0.048032,0.039898
AAATGATTCGATCAGC-1,0.000093,0.254007,0.000237,0.723478,0.022139,0.000046
AAATGCTCGTTACGTT-1,0.00005,0.287101,0.181907,0.508349,0.022569,0.000025
AAATGGCATGTCTTGT-1,0.000059,0.301729,0.065028,0.633125,0.00003,0.00003
AAATGGCCCGTGCCCT-1,0.132746,0.369874,0.096159,0.401181,0.00002,0.00002
AAATGGTCAATGTGCC-1,0.000121,0.572378,0.008081,0.4035,0.000024,0.015895
AAATGTATCTTATCCC-1,0.000042,0.011732,0.061034,0.234542,0.692628,0.000021
AAATGTGGGTGCTCCT-1,0.000032,0.098152,0.210119,0.691664,0.000016,0.000016
AAATTAACGGGTAGCT-1,0.003449,0.25793,0.09119,0.622162,0.005786,0.019483
AAATTAATAAGCGCGA-1,0.000078,0.392445,0.000078,0.115666,0.491695,0.000039
AAATTACACGACTCTG-1,0.000165,0.589725,0.000165,0.10233,0.307534,0.000082
AAATTACCTATCGATG-1,0.027392,0.173702,0.01489,0.628711,0.155263,0.000042
AAATTCCAGGTCCAAA-1,0.001216,0.309231,0.18296,0.44788,0.042985,0.015727
AAATTGATAGTCCTTT-1,0.196352,0.340478,0.007622,0.033444,0.136549,0.285555
AAATTGCGGCGGTTCT-1,0.02064,0.019619,0.185575,0.758525,0.00053,0.015111
AAATTGGTGAGAAGCA-1,0.0299,0.088063,0.262784,0.596611,0.022578,0.000064
AAATTTACCGAAATCC-1,0.000159,0.55887,0.000159,0.117699,0.323033,0.00008
AAATTTGCGGGTGTGG-1,0.2395,0.413143,0.007941,0.337739,0.000014,0.001663
AACAACTGGTAGTTGC-1,0.019003,0.193023,0.161834,0.626113,0.000014,0.000014
AACAATACATTGTCGA-1,0.607449,0.034968,0.044989,0.153447,0.022565,0.136582
AACAATTACTCTACGC-1,0.029957,0.193746,0.297085,0.446455,0.032727,0.000031
AACACACGCTCGCCGC-1,0.176186,0.348294,0.281223,0.193097,0.001144,0.000057
AACACGACTGTACTGA-1,0.000033,0.175207,0.081527,0.743201,0.000016,0.000016
AACACGAGACGCGGCC-1,0.145663,0.450242,0.150757,0.205823,0.000013,0.047502
AACACGCGGCCGCGAA-1,0.024815,0.259859,0.177691,0.537602,0.000016,0.000016
AACAGCTGTGTGGCAA-1,0.433928,0.029093,0.019289,0.056449,0.098233,0.363007
AACAGGAAATCGAATA-1,0.000032,0.079793,0.137912,0.778942,0.003305,0.000016
AACAGGATGGGCCGCG-1,0.000057,0.363932,0.136031,0.472626,0.000028,0.027326
AACAGGTAGTATGGAT-1,0.007422,0.199437,0.461715,0.331384,0.000021,0.000021
AACATAGCGTGTATCG-1,0.085423,0.099487,0.282727,0.437036,0.065089,0.030238
AACATATCAACTGGTG-1,0.000137,0.431429,0.151359,0.358257,0.045781,0.013036
AACATCGATACGTCTA-1,0.000097,0.075783,0.012822,0.853979,0.057272,0.000048
AACATTGAAGTTGATC-1,0.000042,0.156029,0.000042,0.000063,0.125817,0.718006
AACATTGGTCAGCCGT-1,0.003292,0.028004,0.027732,0.825088,0.115865,0.00002
AACATTGTGACTCGAG-1,0.295557,0.060189,0.369008,0.238537,0.000006,0.036702
AACCAAGACTTCTCTG-1,0.028097,0.000846,0.289734,0.6813,0.000012,0.000012
AACCAGTATCACTCTT-1,0.159749,0.088196,0.017805,0.17128,0.562915,0.000055
AACCATAGGGTTGAAC-1,0.002718,0.019331,0.001645,0.000042,0.036514,0.93975
AACCATGGGATCGCTA-1,0.000065,0.633388,0.062162,0.301294,0.003058,0.000033
AACCCAGAGACGGAGA-1,0.032152,0.353837,0.078891,0.517254,0.014836,0.00303
AACCCATCCCATGATC-1,0.073247,0.462257,0.006443,0.03648,0.101611,0.319962
AACCCGACAACCCGTG-1,0.707905,0.008733,0.204194,0.07887,0.000294,0.000004
AACCCGAGCAGAATCG-1,0.12853,0.160708,0.595808,0.062887,0.052045,0.000022
AACCCGATAGGGCTTC-1,0.013465,0.192262,0.390664,0.343128,0.058541,0.00194
AACCCGCTGTATTCCA-1,0.1848,0.05995,0.474046,0.192902,0.042118,0.046185
AACCCTACTGTCAATA-1,0.086476,0.258922,0.032198,0.605228,0.017116,0.00006
AACCCTGGTGGAACCA-1,0.000057,0.537635,0.061861,0.263812,0.136606,0.000029
AACCGAGCTTGGTCAT-1,0.00006,0.443426,0.085288,0.454823,0.016373,0.00003
AACCGCTAAGGGATGC-1,0.088571,0.25385,0.039479,0.563815,0.000086,0.054199
AACCGTTGTGTTTGCT-1,0.000033,0.049374,0.081536,0.869023,0.000017,0.000017
AACCTAAAGCCGTCCG-1,0.017022,0.481576,0.076917,0.188978,0.235473,0.000033
AACCTCGCTTTAGCCC-1,0.320635,0.117834,0.220003,0.232888,0.108594,0.000045
AACCTGTCACGGAATT-1,0.099523,0.623315,0.177884,0.097271,0.000025,0.001981
AACCTTTAAATACGGT-1,0.200192,0.232592,0.157641,0.359986,0.013663,0.035926
AACCTTTACGACGTCT-1,0.000207,0.433672,0.000207,0.051671,0.51414,0.000104
AACGAAAGTCGTCCCA-1,0.263687,0.161738,0.008321,0.009573,0.002822,0.553859
AACGACCTCCTAGCCG-1,0.067602,0.136367,0.730067,0.041068,0.014017,0.010879
AACGATAATGCCGTAG-1,0.106091,0.297151,0.159906,0.391345,0.017225,0.028281
AACGATAGAAGGGCCG-1,0.009621,0.400672,0.091732,0.497944,0.000016,0.000016
AACGATATGTCAACTG-1,0.003418,0.316788,0.085902,0.515165,0.027507,0.05122
AACGCATGATCTGGGT-1,0.007413,0.25765,0.038789,0.696077,0.000036,0.000036
AACGCGAACGGCAACA-1,0.070211,0.000038,0.071222,0.858504,0.000013,0.000013
AACGCGACCTTGGGCG-1,0.203487,0.244163,0.166203,0.239584,0.075506,0.071058
AACGCGGTCTCCAGCC-1,0.015405,0.035718,0.188826,0.760021,0.000015,0.000015
AACGCTGTTGCTGAAA-1,0.118611,0.225192,0.186419,0.433731,0.000057,0.03599
AACGGACGTACGTATA-1,0.183938,0.365343,0.112374,0.272062,0.049037,0.017246
AACGGCCATCTCCGGT-1,0.33472,0.08693,0.004778,0.401696,0.000009,0.171867
AACGTACTGTGGGTAC-1,0.03133,0.700917,0.00549,0.195651,0.066591,0.000021
AACGTAGTCTACCCAT-1,0.00707,0.105898,0.086762,0.800237,0.000016,0.000016
AACGTCAGACTAGTGG-1,0.078906,0.273524,0.139365,0.446297,0.000015,0.061892
AACGTCATCCGGCTTG-1,0.057597,0.11737,0.326517,0.4181,0.029534,0.050882
AACGTCGCTGCACTTC-1,0.515411,0.002036,0.372311,0.087238,0.022995,0.000009
AACGTGATGAAGGACA-1,0.087359,0.005181,0.116982,0.790439,0.000019,0.000019
AACGTGCGAAAGTCTC-1,0.000063,0.646469,0.027304,0.247315,0.078817,0.000032
AACGTTATCAGCACCT-1,0.03111,0.221704,0.086987,0.589245,0.032487,0.038467
AACGTTCTACCATTGT-1,0.278836,0.00915,0.583808,0.128193,0.000007,0.000007
AACTACCCGTTTGTCA-1,0.024135,0.102851,0.528248,0.344736,0.000015,0.000015
AACTAGCGTATCGCAC-1,0.000039,0.12801,0.044131,0.827781,0.000019,0.000019
AACTAGGCTTGGGTGT-1,0.342712,0.139545,0.426924,0.070727,0.000018,0.020073
AACTCAAGTTAATTGC-1,0.056953,0.400102,0.072039,0.428206,0.000017,0.042683
AACTCCAGAGCGTGTT-1,0.097988,0.09216,0.260784,0.465703,0.003755,0.079612
AACTCCTAATCCCATG-1,0.000175,0.239109,0.000175,0.256433,0.50402,0.000088
AACTCGATAAACACGT-1,0.007938,0.244037,0.070403,0.677577,0.000023,0.000023
AACTCGATGGCGCAGT-1,0.000059,0.364727,0.000059,0.623881,0.011244,0.00003
AACTCTCAATAGAGCG-1,0.000141,0.25811,0.000141,0.689305,0.052232,0.000071
AACTCTCAGTGTGCTC-1,0.152592,0.320806,0.014754,0.050653,0.099431,0.361764
AACTGAGGTCAGCGTC-1,0.000059,0.198141,0.040012,0.710559,0.0512,0.000029
AACTGAGTTATACTGA-1,0.055073,0.492008,0.287783,0.018221,0.107626,0.039288
AACTGATATTAGGCCT-1,0.000029,0.063114,0.115249,0.82158,0.000014,0.000014
AACTGGGTCCCGACGT-1,0.000081,0.160116,0.000081,0.307735,0.531947,0.00004
AACTGGGTTCGAGCCG-1,0.000152,0.520235,0.000152,0.000229,0.479155,0.000076
AACTGGTGTGGGCCTT-1,0.000058,0.701029,0.000058,0.183625,0.020651,0.094578
AACTTCTGCGTCTATC-1,0.000095,0.546083,0.026344,0.427382,0.000048,0.000048
AACTTGCCCGTATGCA-1,0.000046,0.031461,0.121664,0.69103,0.155775,0.000023
AACTTGCGTTCTCGCG-1,0.006592,0.096456,0.064913,0.785779,0.000021,0.04624
AACTTTACGGGAGCTT-1,0.002096,0.160857,0.000085,0.070842,0.647474,0.118647
AACTTTAGCTGCTGAG-1,0.000042,0.196417,0.044686,0.758814,0.000021,0.000021
AACTTTCTCGATCATG-1,0.000078,0.19178,0.281545,0.476028,0.000039,0.05053
AAGAAAGTTTGATGGG-1,0.118352,0.047926,0.020744,0.095684,0.00255,0.714743
AAGAAATCACCAGATT-1,0.056686,0.113901,0.309522,0.459182,0.048835,0.011874
AAGAAGGATCAGTTAG-1,0.058267,0.053391,0.048318,0.771951,0.00224,0.065833
AAGACATACGTGGTTT-1,0.10115,0.496034,0.395928,0.005167,0.001692,0.00003
AAGACCAAATAACTCA-1,0.252023,0.087337,0.058033,0.006268,0.184765,0.411574
AAGACCCAACTGAACA-1,0.222731,0.591013,0.053922,0.058757,0.001904,0.071672
AAGACTAACCCGTTGT-1,0.00008,0.62711,0.013672,0.349587,0.009511,0.00004
AAGACTCACGCCCACT-1,0.195164,0.235905,0.091695,0.203816,0.267335,0.006086
AAGACTGCAAGCTACT-1,0.000059,0.575906,0.161377,0.261596,0.00003,0.001033
AAGAGATGAATCGGTA-1,0.014426,0.095255,0.125671,0.705127,0.042298,0.017223
AAGAGCTCTTTATCGG-1,0.02271,0.223361,0.098441,0.433763,0.134393,0.087332
AAGAGGATGTACGCGA-1,0.028195,0.468829,0.082347,0.420574,0.000027,0.000027
AAGAGGCATGGATCGC-1,0.013279,0.00903,0.174505,0.748327,0.054841,0.000018
AAGAGGCCCTTTGGAA-1,0.1576,0.283446,0.54664,0.012262,0.000026,0.000026
AAGATGGCACCGGACC-1,0.154457,0.428141,0.039407,0.001158,0.205776,0.171061
AAGATTGGCGGAACGT-1,0.036803,0.516487,0.000104,0.406779,0.039774,0.000052
AAGCACCCTGCGTATC-1,0.113011,0.246053,0.194621,0.343644,0.052789,0.049881
AAGCATACTCTCCTGA-1,0.360287,0.446021,0.188577,0.004458,0.000619,0.000037
AAGCCACTTGCAGGTA-1,0.017999,0.236377,0.009142,0.001111,0.08204,0.653331
AAGCCGAAGCGGTTTA-1,0.034789,0.11961,0.205337,0.557626,0.043037,0.0396
AAGCCGCCGTGAAATC-1,0.003213,0.135292,0.000038,0.000058,0.369836,0.491563
AAGCCGCTTTACCTTG-1,0.002477,0.178913,0.183807,0.533508,0.046496,0.054799
AAGCCGGAGAGCAGGA-1,0.089859,0.221213,0.454,0.200624,0.018877,0.015426
AAGCGCAGGGCTTTGA-1,0.145126,0.195113,0.312466,0.220583,0.080842,0.045869
AAGCGGAGTGCGCGCA-1,0.003309,0.225202,0.364191,0.403122,0.001455,0.002721
AAGCGGCGTCATGGGT-1,0.000326,0.656829,0.000326,0.000488,0.341869,0.000163
AAGCGTCCCTCATCGA-1,0.068169,0.273208,0.051763,0.119286,0.187999,0.299574
AAGCTAGATCGAGTAA-1,0.023197,0.142779,0.411673,0.422327,0.000012,0.000012
AAGCTATGGATTGACC-1,0.516274,0.000044,0.028789,0.016543,0.000015,0.438334
AAGCTCGTGCCAAGTC-1,0.00005,0.223825,0.095067,0.668428,0.000025,0.012605
AAGCTCTTTCATGGTG-1,0.139887,0.3052,0.321329,0.183318,0.005244,0.045023
AAGGAGAACTTATAAG-1,0.000045,0.34746,0.094069,0.554475,0.003929,0.000022
AAGGAGCGGTTGGTGC-1,0.006866,0.133473,0.093595,0.721026,0.000012,0.045027
AAGGATCGATCGCTTG-1,0.00529,0.245839,0.000149,0.684355,0.053228,0.011139
AAGGATGAGGGACCTC-1,0.058431,0.058386,0.110507,0.759592,0.013065,0.00002
AAGGCAGGCTGTCTCC-1,0.060247,0.490871,0.373733,0.046021,0.017321,0.011807
AAGGCGCGTAAAGCTT-1,0.000049,0.160194,0.201879,0.637862,0.000008,0.000008
AAGGCTGTGCTCATCG-1,0.000969,0.11838,0.191972,0.677085,0.004695,0.006899
AAGGGAACGACTGGCT-1,0.457946,0.03956,0.061088,0.008606,0.008522,0.424279
AAGGGACAGATTCTGT-1,0.000106,0.076135,0.079676,0.709772,0.134258,0.000053
AAGGGACTATGCATTC-1,0.693219,0.008414,0.000022,0.000033,0.02522,0.273094
AAGGGTTAGCCATGCG-1,0.057865,0.245343,0.517857,0.0174,0.082794,0.07874
AAGGGTTTGATTTCAG-1,0.058939,0.225567,0.026511,0.012503,0.086374,0.590105
AAGGTATCCTAATATA-1,0.05127,0.254242,0.111233,0.583192,0.000032,0.000032
AAGGTGATAAACCAGC-1,0.075384,0.162299,0.134617,0.571013,0.047556,0.009131
AAGTAAGCTTCCAAAC-1,0.000046,0.497987,0.00296,0.337415,0.046168,0.115424
AAGTAGAAGACCGGGT-1,0.007464,0.17276,0.145289,0.602179,0.012459,0.059849
AAGTAGTGACGCGAGG-1,0.048059,0.863849,0.000106,0.017044,0.000053,0.070889
AAGTCAATTGTCGTCA-1,0.025231,0.322219,0.000206,0.588744,0.003747,0.059854
AAGTCTAGTAGCTGCC-1,0.026042,0.04754,0.287175,0.561581,0.060394,0.017269
AAGTCTTCTGTGGCCT-1,0.310042,0.165988,0.062637,0.453217,0.008092,0.000024
AAGTGACGACCGAATT-1,0.067064,0.180075,0.238864,0.494157,0.000015,0.019826
AAGTGAGTCGGGTTTA-1,0.45878,0.282081,0.116784,0.077591,0.064754,0.00001
AAGTGCAAAGGTAGAC-1,0.000092,0.065072,0.000092,0.081083,0.853617,0.000046
AAGTGCCTTGACTGTA-1,0.017326,0.257366,0.117462,0.598443,0.009328,0.000074
AAGTGCGTTAGAATCT-1,0.000052,0.528421,0.000052,0.141866,0.329582,0.000026
AAGTGCTTCTCTATTG-1,0.177184,0.32042,0.034402,0.011093,0.023496,0.433406
AAGTGTTTGGAGACGG-1,0.088987,0.300741,0.100579,0.416599,0.079939,0.013154
AAGTTCACTCCAAGCT-1,0.191888,0.286029,0.275975,0.201613,0.022561,0.021935
AAGTTCAGTCTGCGTA-1,0.01576,0.160501,0.000125,0.721471,0.10208,0.000063
AAGTTCGGCCAACAGG-1,0.075988,0.264032,0.008626,0.417626,0.097142,0.136586
AAGTTGTGATGTTATA-1,0.239763,0.429417,0.296687,0.000334,0.033751,0.000048
AAGTTTACTAATGGCA-1,0.00011,0.797672,0.00011,0.165164,0.036889,0.000055
AAGTTTATGGGCCCAA-1,0.199011,0.094108,0.283506,0.234137,0.068819,0.120419
AATAACAACGCTCGGC-1,0.022776,0.162732,0.170084,0.606022,0.000445,0.03794
AATAACACTAGAACAA-1,0.238152,0.287373,0.017255,0.138771,0.000014,0.318436
AATAACGTCGCGCCCA-1,0.19809,0.185051,0.543305,0.037053,0.000015,0.036484
AATAAGTCCTCGAGAC-1,0.043876,0.134535,0.086949,0.734557,0.000019,0.000063
AATAATCTTCGTATCG-1,0.021216,0.288784,0.618467,0.01182,0.036504,0.023209
AATACAATGTTTCAGG-1,0.000102,0.267463,0.049612,0.284341,0.398431,0.000051
AATACCGGAGGGCTGT-1,0.602195,0.025763,0.052249,0.036835,0.050969,0.231988
AATACCTGATGTGAAC-1,0.141184,0.045835,0.623717,0.044585,0.132398,0.012281
AATAGAACAGAGTGGC-1,0.204012,0.492356,0.063818,0.202798,0.00052,0.036495
AATAGAATCTGTTTCA-1,0.139521,0.229831,0.189895,0.360693,0.058496,0.021563
AATAGCAAGCCTCCTG-1,0.012428,0.621719,0.243481,0.122285,0.000044,0.000044
AATAGCTACCGCGTGC-1,0.000075,0.275627,0.033666,0.623386,0.040868,0.026379
AATAGGCACGACCCTT-1,0.681374,0.145842,0.079083,0.015502,0.000011,0.078188
AATAGTCCGTCCCGAC-1,0.055928,0.106202,0.594314,0.221073,0.000008,0.022475
AATAGTCGCGAGTCGG-1,0.000084,0.089839,0.000084,0.115324,0.60091,0.193758
AATATCAAGGTCGGAT-1,0.000317,0.165573,0.026629,0.80745,0.000016,0.000016
AATATCCTAGCAAACT-1,0.24987,0.117981,0.344351,0.284479,0.000862,0.002457
AATATCGAATCAATGC-1,0.058368,0.17957,0.130825,0.513167,0.099778,0.018292
AATATCGAGGGTTCTC-1,0.000145,0.111394,0.109901,0.723119,0.045199,0.010242
AATATTGGAGTATTGA-1,0.020567,0.291913,0.039702,0.595003,0.052779,0.000037
AATCAGACTGCAGGAC-1,0.017878,0.262888,0.139619,0.579558,0.000028,0.000028
AATCAGGTTTCATTTA-1,0.116413,0.16515,0.058773,0.000747,0.197796,0.461122
AATCATGTAAAGACTC-1,0.244551,0.175661,0.206811,0.317697,0.052429,0.002851
AATCCAAGGGCCTGAG-1,0.000033,0.342499,0.009944,0.566187,0.021833,0.059504
AATCCATGCAAGGGTG-1,0.000038,0.054061,0.057903,0.822357,0.065622,0.000019
AATCCCGCTCAGAGCC-1,0.136999,0.10547,0.449664,0.17757,0.064907,0.065391
AATCGAGGTCTCAAGG-1,0.146862,0.053043,0.543268,0.179979,0.075094,0.001753
AATCGCCTCAGCGCCA-1,0.000052,0.153184,0.250491,0.562348,0.033899,0.000026
AATCGCGCAGAGGACT-1,0.304028,0.388912,0.163837,0.112489,0.030127,0.000606
AATCGGGACACTACGA-1,0.00005,0.441244,0.078275,0.480382,0.000025,0.000025
AATCGGTATAGCCCTC-1,0.17816,0.019067,0.61349,0.185427,0.000011,0.003846
AATCGTGAGCCGAGCA-1,0.207083,0.126893,0.22128,0.30986,0.077243,0.057641
AATCTAGGTTTACTTG-1,0.208485,0.623253,0.002449,0.017304,0.148475,0.000034
AATCTATGCCGGAGCC-1,0.032396,0.239074,0.000158,0.666891,0.061401,0.000079
AATCTCTACTGTGGTT-1,0.287713,0.008136,0.050871,0.653239,0.000021,0.000021
AATCTGCGTTGGGACG-1,0.000117,0.42406,0.000117,0.520745,0.054266,0.000695
AATCTGGCTTTCTAGT-1,0.128568,0.748004,0.000071,0.043724,0.071641,0.007991
AATCTGGGTAGACCCT-1,0.119215,0.049355,0.000108,0.004657,0.826612,0.000054
AATGACAGCAATGTCT-1,0.013148,0.749277,0.017495,0.150033,0.002532,0.067515
AATGACGTAGGATGTC-1,0.077657,0.184557,0.075397,0.595801,0.030641,0.035947
AATGACTGTCAGCCGG-1,0.027083,0.216622,0.132921,0.590337,0.000012,0.033025
AATGAGTTCGCATATG-1,0.000079,0.385059,0.076576,0.430655,0.107591,0.000039
AATGATGATACGCTAT-1,0.010058,0.048135,0.01337,0.72815,0.20025,0.000037
AATGATGCGACTCCTG-1,0.000119,0.350308,0.000119,0.624705,0.024691,0.000059
AATGCAACCGGGTACC-1,0.008684,0.658821,0.034752,0.235293,0.034026,0.028423
AATGCACCAAGCAATG-1,0.000068,0.166439,0.00015,0.61498,0.192093,0.026271
AATGGCCGCCAATGCG-1,0.003738,0.287412,0.400502,0.274834,0.033493,0.000021
AATGGTCCACCGTTCA-1,0.267154,0.126789,0.038372,0.556987,0.010663,0.000035
AATGGTTCTCACAAGC-1,0.007458,0.252911,0.229002,0.467786,0.000133,0.04271
AATGTATGGCACTGTA-1,0.27984,0.016726,0.008618,0.00509,0.045384,0.644341
AATGTGCCCGAGGTGT-1,0.032077,0.095385,0.000038,0.072262,0.203925,0.596313
AATGTGCTAATCTGAG-1,0.187061,0.00003,0.00002,0.00003,0.24922,0.563639
AATGTTAAGACCCTGA-1,0.159293,0.019007,0.493078,0.279236,0.032182,0.017205
AATGTTGTCGTGAGAC-1,0.293921,0.307621,0.362354,0.036035,0.000035,0.000035
AATTAAAGGTCGGCGT-1,0.18111,0.122623,0.009151,0.637271,0.049831,0.000014
AATTAACGGATTTCCA-1,0.126381,0.169149,0.168209,0.420666,0.066416,0.049179
AATTACGAGACCCATC-1,0.031329,0.152245,0.037204,0.000314,0.165914,0.612993
AATTACTCGTACGCTC-1,0.000025,0.05134,0.000745,0.89405,0.053827,0.000013
AATTAGCGCTGCAGCG-1,0.315144,0.032412,0.348469,0.248619,0.032976,0.02238
AATTATACCCAGCAAG-1,0.005876,0.403441,0.00791,0.079079,0.503628,0.000066
AATTCATAAGGGATCT-1,0.002517,0.142375,0.032035,0.620523,0.200979,0.001571
AATTCATTGTCATGCA-1,0.000028,0.000042,0.000028,0.000042,0.151315,0.848545
AATTCCAACTTGGTGA-1,0.134199,0.278134,0.03123,0.556003,0.000408,0.000026
AATTCCAAGCATGTAC-1,0.128056,0.185211,0.189442,0.335759,0.083809,0.077723
AATTCGATTCGAGGAT-1,0.068362,0.092243,0.414562,0.233922,0.098708,0.092202
AATTCTAGAGTTAGGC-1,0.20091,0.752291,0.011441,0.029142,0.003443,0.002772
AATTGAACGCTCTGGT-1,0.121641,0.117877,0.117759,0.474323,0.095248,0.073152
AATTGCAGCAATCGAC-1,0.200799,0.127022,0.448193,0.22393,0.000028,0.000028
AATTGCGTGGATTACA-1,0.006966,0.00019,0.01133,0.06559,0.08557,0.830354
AATTGTGGTTGCCAAA-1,0.109752,0.266721,0.592276,0.009472,0.000016,0.021763
AATTTGGGACATAGTA-1,0.044222,0.617088,0.000402,0.000602,0.337485,0.000201
AATTTGGTTCCAAAGA-1,0.000058,0.516111,0.066703,0.402662,0.014437,0.000029
ACAAACCATGCGTCCT-1,0.000041,0.150482,0.000041,0.000061,0.041974,0.8074
ACAAACCGACAAGGCG-1,0.235049,0.125528,0.19735,0.415505,0.026549,0.000019
ACAAACTCCATCAGAG-1,0.480757,0.138384,0.105881,0.107392,0.018443,0.149144
ACAAAGAAGGTAGGCC-1,0.286274,0.138043,0.300139,0.258606,0.003982,0.012956
ACAAAGCATGACCTAG-1,0.000063,0.134639,0.141472,0.049344,0.67445,0.000032
ACAAATCGCACCGAAT-1,0.191744,0.148204,0.134467,0.443801,0.05136,0.030424
ACAAATGGTAGTGTTT-1,0.079005,0.356445,0.090795,0.445203,0.014986,0.013566
ACAAATTCAGATCTGA-1,0.09525,0.490592,0.000125,0.388339,0.025632,0.000063
ACAACAGCATGAGCTA-1,0.000089,0.672317,0.000656,0.270419,0.000045,0.056473
ACAACGGTCCCTGCGA-1,0.019832,0.125929,0.078536,0.743064,0.005652,0.026988
ACAAGCAGTGCCTAGC-1,0.020566,0.491442,0.026142,0.461769,0.00004,0.00004
ACAAGCTATATGGAAG-1,0.400575,0.094291,0.056192,0.397655,0.051268,0.00002
ACAAGGAAATCCGCCC-1,0.11221,0.187994,0.183989,0.448975,0.016333,0.050499
ACAAGGACAAGAGGTT-1,0.039131,0.30579,0.139688,0.476364,0.000011,0.039016
ACAAGGATGCTTTAGG-1,0.082651,0.277092,0.28876,0.269016,0.033307,0.049176
ACAAGGCCTACCAGCC-1,0.132201,0.210392,0.274565,0.375458,0.007352,0.000031
ACAAGGGCAGGCTCTG-1,0.000061,0.412209,0.139681,0.333941,0.114078,0.00003
ACAAGTAATTGTAAGG-1,0.086912,0.248175,0.023631,0.043157,0.049906,0.548219
ACAATAGTCGTACGTT-1,0.24602,0.153143,0.069614,0.406354,0.055874,0.068995
ACAATCCATTTAAACC-1,0.041242,0.353919,0.188005,0.371019,0.001884,0.043932
ACAATCGATCTTTATA-1,0.002874,0.621458,0.092682,0.282914,0.000036,0.000036
ACAATGAATACGGAGA-1,0.436553,0.180115,0.001172,0.004232,0.129651,0.248277
ACAATGATTCTTCTAC-1,0.000063,0.251612,0.176881,0.469158,0.102254,0.000031
ACAATTGTGTCTCTTT-1,0.09202,0.254219,0.092876,0.504922,0.008474,0.04749
ACAATTTAGGAGGCTC-1,0.00009,0.000135,0.00009,0.038722,0.960919,0.000045
ACAATTTGAGCAGTGG-1,0.027522,0.10307,0.163037,0.669524,0.036817,0.000029
ACAATTTGGCCATATT-1,0.007556,0.33705,0.358355,0.101426,0.0522,0.143415
ACACAAAGACGGGTGG-1,0.000055,0.74,0.000055,0.259836,0.000027,0.000027
ACACAAATATTCCTAG-1,0.091756,0.128347,0.371481,0.317853,0.012852,0.077712
ACACACCAGGACCAGT-1,0.135611,0.388263,0.047933,0.368637,0.024501,0.035055
ACACACTTTCTACACG-1,0.000044,0.201159,0.144945,0.653809,0.000022,0.000022
ACACATGATCAAATCT-1,0.07111,0.127071,0.060051,0.012973,0.238042,0.490752
ACACATTGACGCAACA-1,0.027955,0.315127,0.000078,0.579033,0.077768,0.000039
ACACATTTCCGTAGAC-1,0.115179,0.034067,0.490684,0.178574,0.129585,0.051911
ACACCACATAATTAGC-1,0.013631,0.410393,0.158277,0.357808,0.032234,0.027656
ACACCCAGCATGCAGC-1,0.005285,0.388261,0.047204,0.530984,0.007336,0.02093
ACACCCGAGAAATCCG-1,0.02447,0.024837,0.166905,0.778076,0.005703,0.000008
ACACCCGTAAATCTGT-1,0.023885,0.260391,0.395894,0.30286,0.00096,0.01601
ACACCGAGCGCTCTTT-1,0.011365,0.043789,0.023241,0.785407,0.128125,0.008073
ACACCGGTCTGACCGC-1,0.294708,0.018239,0.002932,0.013641,0.055869,0.614611
ACACCTTAAGTAGGGC-1,0.00898,0.0585,0.112222,0.820272,0.000013,0.000013
ACACCTTACTACTTGC-1,0.066754,0.285232,0.117231,0.489155,0.005935,0.035693
ACACGAGACTCCTTCT-1,0.000082,0.361414,0.067365,0.514149,0.000041,0.056949
ACACGGCACTATGCAT-1,0.000079,0.535689,0.000079,0.325137,0.138977,0.00004
ACACGGGAACTTAGGG-1,0.000059,0.311759,0.161485,0.462246,0.047885,0.016566
ACACGTAGGCCACAAG-1,0.132894,0.060864,0.745053,0.061145,0.000022,0.000022
ACACTCCAATGTCACT-1,0.056934,0.294368,0.02777,0.521026,0.099851,0.000051
ACACTGATCAAGGTGT-1,0.208004,0.431372,0.094816,0.116843,0.144429,0.004535
ACACTGGGACAGTCGT-1,0.16474,0.159096,0.605343,0.033437,0.012808,0.024576
ACAGAACTGAGAACAA-1,0.306149,0.134268,0.000027,0.190735,0.039995,0.328827
ACAGATTAGGTTAGTG-1,0.077666,0.21808,0.038834,0.665368,0.000026,0.000026
ACAGCATAGAGCCAGT-1,0.137219,0.088725,0.056439,0.717576,0.000021,0.000021
ACAGCGACATTCTCAT-1,0.044684,0.293428,0.137003,0.171029,0.353808,0.000048
ACAGCGCACCCGCAGC-1,0.046331,0.256746,0.114143,0.566443,0.016308,0.000029
ACAGGAGGCGCAGCCG-1,0.1912,0.156958,0.1485,0.139229,0.286781,0.077331
ACAGGCACGGATCCTT-1,0.02215,0.140049,0.062266,0.154181,0.621302,0.000051
ACAGGCTTGCCCGACT-1,0.232928,0.32985,0.209349,0.10705,0.075095,0.045729
ACAGGTGGAGGTGAGG-1,0.306916,0.37016,0.00004,0.097364,0.099421,0.126099
ACAGGTGTGTTGTTGC-1,0.6822,0.073941,0.131157,0.112678,0.000012,0.000012
ACAGTAATACAACTTG-1,0.14236,0.215116,0.317821,0.324672,0.000015,0.000015
ACAGTATACCGTGGGA-1,0.000127,0.376544,0.093876,0.464353,0.027027,0.038072
ACAGTGCAGCGCATTT-1,0.086561,0.484139,0.083576,0.104283,0.178298,0.063143
ACATAAGTCGTGGTGA-1,0.000054,0.207884,0.000054,0.011148,0.09899,0.68187
ACATAATAAGGCGGTG-1,0.000074,0.610052,0.052962,0.329701,0.007174,0.000037
ACATACAATCAAGCGG-1,0.08974,0.295972,0.008558,0.000448,0.605204,0.000078
ACATCAGCTGGGACGC-1,0.079574,0.226499,0.102989,0.206562,0.384334,0.000041
ACATCCCGGCCATACG-1,0.182508,0.535236,0.114666,0.097652,0.000021,0.069916
ACATCCTGGTAACTGT-1,0.005131,0.294541,0.097167,0.524996,0.032072,0.046092
ACATCGATCGTTTACC-1,0.005294,0.313591,0.059571,0.621505,0.00002,0.00002
ACATCGCAATATTCGG-1,0.033597,0.150565,0.007479,0.010978,0.141446,0.655935
ACATCGGTCAGCCGCG-1,0.085851,0.478542,0.01016,0.425414,0.000016,0.000016
ACATCGTATGCAATGG-1,0.039148,0.231997,0.062202,0.628221,0.036932,0.0015
ACATCGTTAACCTAGT-1,0.000075,0.508391,0.003004,0.477703,0.000038,0.010789
ACATCTCAACGCGTAA-1,0.000039,0.104348,0.223596,0.671979,0.000019,0.000019
ACATGCTTACGGCAGC-1,0.205165,0.000037,0.000025,0.000037,0.000033,0.794703
ACATGGCGCCAAAGTA-1,0.000103,0.347548,0.012549,0.560568,0.050332,0.028901
ACATGGCTCAATTTAG-1,0.000072,0.375547,0.004558,0.59834,0.021446,0.000036
ACATTAGTTTATATCC-1,0.113324,0.104996,0.44291,0.338739,0.000016,0.000016
ACATTCGCGCGGAATA-1,0.00027,0.34373,0.002301,0.000031,0.177109,0.476559
ACATTTGAAACCTAAC-1,0.010519,0.053849,0.317934,0.010749,0.606923,0.000025
ACCAAACACCCAGCGA-1,0.027529,0.178756,0.072207,0.637461,0.083985,0.000062
ACCAAACTAGAAATCC-1,0.000236,0.101427,0.152584,0.744095,0.00164,0.000018
ACCAACACCACACACT-1,0.164424,0.119513,0.062835,0.632509,0.020688,0.000031
ACCAACCGCACTCCAC-1,0.000075,0.091584,0.038177,0.014107,0.85602,0.000037
ACCAACGCTTATTTAT-1,0.396462,0.229599,0.045357,0.161758,0.00288,0.163943
ACCAAGAACGCGTGTC-1,0.090905,0.102657,0.084605,0.693583,0.000011,0.02824
ACCAAGTCATCGGCAG-1,0.131381,0.247917,0.35939,0.169268,0.092018,0.000025
ACCAATATGCAAGTTA-1,0.293282,0.184209,0.151556,0.264994,0.037595,0.068364
ACCACAACTCAGAACA-1,0.079065,0.099361,0.06434,0.756943,0.000275,0.000017
ACCACAAGTTTCTATC-1,0.004201,0.370495,0.043457,0.549711,0.000019,0.032117
ACCACACGGTTGATGG-1,0.182852,0.007782,0.263726,0.477248,0.04766,0.020733
ACCACCAATGTAACAA-1,0.072982,0.275035,0.158174,0.461997,0.031752,0.000059
ACCACCCTCTCTTCTA-1,0.056137,0.149158,0.269029,0.422262,0.078818,0.024596
ACCACGTGCAGCTATA-1,0.124425,0.197855,0.058249,0.575704,0.01256,0.031206
ACCACTGTTCAAGAAG-1,0.000948,0.14396,0.008823,0.739716,0.098324,0.008229
ACCAGACCATAACAAC-1,0.462766,0.044841,0.026182,0.466182,0.000015,0.000015
ACCAGCCCGGTCTTTG-1,0.000086,0.595507,0.061663,0.278841,0.057918,0.005985
ACCAGGAGTGTGATCT-1,0.000098,0.86946,0.000098,0.130245,0.000049,0.000049
ACCAGTGCCCGGTCAA-1,0.271201,0.203368,0.034721,0.49063,0.00004,0.00004
ACCAGTGCGGGAGACG-1,0.083123,0.33936,0.069719,0.37435,0.13339,0.000058
ACCATATCCGCAATAA-1,0.004048,0.397153,0.017309,0.580572,0.000904,0.000014
ACCATCCGCCAACTAG-1,0.132127,0.456944,0.129255,0.251577,0.01068,0.019417
ACCATCGTATATGGTA-1,0.002326,0.53457,0.000048,0.401652,0.000024,0.06138
ACCATTAAGGGTGTCA-1,0.000042,0.028274,0.004229,0.829014,0.138419,0.000021
ACCCAACGCCCGTGGC-1,0.17152,0.000128,0.093148,0.735176,0.000015,0.000015
ACCCACCTACATGCTC-1,0.022213,0.414688,0.260316,0.174371,0.128084,0.000328
ACCCATCTTGAGGGTA-1,0.09231,0.182179,0.068229,0.642913,0.001618,0.012751
ACCCATTTGTCCCTCT-1,0.189785,0.06423,0.447653,0.191065,0.106605,0.000661
ACCCGAGCGAAATTAC-1,0.083521,0.118741,0.005349,0.00004,0.259833,0.532516
ACCCGATTGGTTCCGA-1,0.278625,0.329132,0.059705,0.005461,0.029871,0.297206
ACCCGGAAACTCCCAG-1,0.089247,0.202736,0.208024,0.413784,0.032211,0.053998
ACCCGGAGCACCACAA-1,0.213838,0.088008,0.64285,0.045042,0.000007,0.010255
ACCCGGATGACGCATC-1,0.000144,0.140248,0.03432,0.704586,0.076365,0.044337
ACCCGGTTACACTTCC-1,0.128852,0.681709,0.004266,0.179238,0.00169,0.004245
ACCCGTAGCAGAGAAT-1,0.100804,0.000037,0.000025,0.000037,0.000012,0.899085
ACCCGTAGTCTAGTTG-1,0.121095,0.14281,0.594261,0.095804,0.017724,0.028307
ACCCGTGTCATCAGTA-1,0.195549,0.522032,0.074721,0.016405,0.03648,0.154813
ACCCTATAGGACTGAG-1,0.000084,0.432245,0.000084,0.512635,0.02645,0.028502
ACCCTATGCCATATCG-1,0.242547,0.132034,0.000222,0.000137,0.306301,0.318759
ACCCTCCCGTCAGGGC-1,0.0001,0.528718,0.026237,0.069125,0.37577,0.00005
ACCCTCCCTTGCTATT-1,0.162485,0.307733,0.28798,0.197099,0.022348,0.022354
ACCCTGGTAACGCCCT-1,0.049258,0.50909,0.07204,0.330422,0.039124,0.000066
ACCCTTCATCTGCGAA-1,0.000059,0.368111,0.066488,0.565284,0.000029,0.000029
ACCCTTGCCTGGGTCG-1,0.167228,0.064898,0.454318,0.269617,0.007216,0.036723
ACCCTTTAGTTCTCCA-1,0.002375,0.098092,0.142596,0.755953,0.000962,0.000022
ACCGAAAGGGCCCTGC-1,0.00917,0.582769,0.105477,0.288001,0.000552,0.014031
ACCGAAGAGTCTGGTT-1,0.26857,0.240305,0.000049,0.000073,0.290985,0.200017
ACCGACACATCTCCCA-1,0.267445,0.124346,0.189993,0.301637,0.069192,0.047387
ACCGACTGAGTCCCAC-1,0.111503,0.407192,0.018484,0.35676,0.056291,0.04977
ACCGAGTCTCCTTATT-1,0.19039,0.006318,0.514457,0.137461,0.11243,0.038943
ACCGATAGGCATAACC-1,0.052299,0.099016,0.664567,0.060585,0.122292,0.001241
ACCGATATTTAATCAT-1,0.413479,0.000041,0.485318,0.005621,0.07171,0.023832
ACCGATGGTAGCATCG-1,0.000138,0.378383,0.074776,0.510259,0.009815,0.026629
ACCGCAATAACTGCCT-1,0.179725,0.116905,0.299005,0.32776,0.055204,0.0214
ACCGCGGTGGAAGTCG-1,0.053268,0.274358,0.105215,0.516397,0.033904,0.016858
ACCGCTAGTCATTGGT-1,0.303938,0.119939,0.180726,0.002624,0.01959,0.373183
ACCGGGCCTTTGTTGA-1,0.058112,0.27484,0.184024,0.435143,0.036829,0.011051
ACCGGTCAGGTACACC-1,0.283196,0.086713,0.176438,0.086536,0.036525,0.330593
ACCGGTCTGAGTACGG-1,0.000147,0.547138,0.000147,0.00022,0.279027,0.173321
ACCGTCCACTGGGCCC-1,0.000017,0.000025,0.000017,0.000025,0.017085,0.982832
ACCGTGACCACGTGGG-1,0.518634,0.245931,0.044784,0.005431,0.128593,0.056626
ACCGTTCCCGCTCTGA-1,0.000077,0.55861,0.048934,0.355835,0.036506,0.000039
ACCTAAGTACCTTTCA-1,0.022505,0.568691,0.000055,0.177069,0.149598,0.082081
ACCTAATCGACTTCCT-1,0.000776,0.275111,0.344694,0.367385,0.012009,0.000024
ACCTACAGTATGTGGT-1,0.001593,0.14374,0.10772,0.661013,0.064074,0.021861
ACCTACTATAAATCTA-1,0.238245,0.061937,0.349554,0.183046,0.103811,0.063406
ACCTCAGCGAGGCGCA-1,0.001518,0.308994,0.362323,0.025853,0.301265,0.000048
ACCTCCGCCCTCGCTG-1,0.17076,0.000081,0.529871,0.222068,0.077192,0.000027
ACCTCCGTTATTCACC-1,0.011498,0.199867,0.137854,0.583464,0.049699,0.017619
ACCTCGAACTTATGCT-1,0.060384,0.123686,0.051055,0.000078,0.165806,0.598991
ACCTGCGTGTCATGTT-1,0.204989,0.178523,0.128603,0.486349,0.000019,0.001517
ACCTTTCCTTTAGAAG-1,0.000088,0.788361,0.012878,0.156503,0.042127,0.000044
ACGAAATGGGCGGCAC-1,0.105968,0.005412,0.113239,0.687859,0.044796,0.042726
ACGACCCATGAGTTGC-1,0.128431,0.007409,0.680847,0.147892,0.007902,0.027519
ACGACTCTAGGGCCGA-1,0.044449,0.148582,0.200004,0.352522,0.248518,0.005925
ACGACTGGTCATACTC-1,0.054936,0.189452,0.126703,0.000529,0.288695,0.339684
ACGAGAACCCATCACG-1,0.006774,0.375975,0.034354,0.58285,0.000024,0.000024
ACGAGATATTTGCTTA-1,0.003026,0.098529,0.206933,0.691459,0.000026,0.000026
ACGAGGATACCACTCT-1,0.353229,0.346527,0.001013,0.287515,0.011696,0.000021
ACGAGGTTTACAACGT-1,0.621372,0.08893,0.000034,0.000051,0.09569,0.193923
ACGAGTACGGATGCCC-1,0.000116,0.149894,0.000747,0.793942,0.055244,0.000058
ACGAGTCGCCGGCGTT-1,0.000059,0.255328,0.000059,0.698864,0.045661,0.000029
ACGATACATAGAACTA-1,0.030274,0.152768,0.155693,0.634985,0.02625,0.00003
ACGATACCTATCCTGA-1,0.205745,0.065433,0.050218,0.442071,0.236515,0.000019
ACGATCATACATAGAG-1,0.015769,0.408427,0.0285,0.373419,0.009753,0.164133
ACGATCATCTTGTAAA-1,0.00124,0.248993,0.097554,0.600811,0.05134,0.000063
ACGATGCATATGTTAT-1,0.046952,0.302739,0.006397,0.523952,0.000016,0.119944
ACGATGGATCCGATGC-1,0.00006,0.077399,0.068545,0.797617,0.056362,0.000018
ACGCAAACTAATAGAT-1,0.587796,0.11067,0.14243,0.079666,0.062673,0.016765
ACGCAATCACTACAGC-1,0.000114,0.459229,0.047098,0.458343,0.025426,0.00979
ACGCATAAATGACATG-1,0.000075,0.224683,0.147841,0.329364,0.297999,0.000038
ACGCATACGTTTACTA-1,0.114689,0.106144,0.569618,0.20949,0.000029,0.000029
ACGCATTCGTGAGTAC-1,0.043822,0.385063,0.174219,0.385056,0.00585,0.005989
ACGCCACTCGAAACAG-1,0.216925,0.045519,0.431966,0.174014,0.069408,0.062169
ACGCCAGATGATTTCT-1,0.000048,0.127863,0.190303,0.676861,0.000024,0.0049
ACGCCAGTGCGTTTGC-1,0.281157,0.040915,0.471534,0.132398,0.047758,0.026237
ACGCCCAGCTGTCGAT-1,0.000061,0.27862,0.249264,0.408992,0.047287,0.015776
ACGCCGCTAGACGACC-1,0.266121,0.000658,0.125489,0.607716,0.000008,0.000008
ACGCCTGACACGCGCT-1,0.000077,0.582008,0.000077,0.000116,0.40817,0.009551
ACGCGAAGTCAGACGA-1,0.147831,0.371698,0.104012,0.24105,0.000951,0.134457
ACGCGCTACACAGGGT-1,0.00006,0.658812,0.00006,0.175066,0.002818,0.163184
ACGCGGGCCAAGGACA-1,0.006094,0.459486,0.049488,0.480081,0.000021,0.004829
ACGCGTTTCTTAAGAG-1,0.000094,0.031361,0.000094,0.077288,0.891116,0.000047
ACGCTACTGAATGGGC-1,0.110893,0.076527,0.712744,0.09981,0.000014,0.000014
ACGCTAGTATCAGTGC-1,0.129853,0.115401,0.378599,0.350884,0.000015,0.025249
ACGCTAGTGATACACT-1,0.013178,0.256444,0.022007,0.708215,0.000078,0.000078
ACGCTGTGAGGCGTAG-1,0.0185,0.365074,0.112796,0.477611,0.025987,0.000032
ACGCTTAGTGTCTCTC-1,0.106802,0.518581,0.015937,0.279239,0.079397,0.000043
ACGGAACACGAGTGCC-1,0.517626,0.074113,0.297206,0.111023,0.000016,0.000016
ACGGAATTTAGCAAAT-1,0.000057,0.467055,0.034812,0.498018,0.000029,0.000029
ACGGACGCAGCGACAA-1,0.000027,0.04366,0.000027,0.00004,0.037936,0.91831
ACGGACTCTCAAAGCG-1,0.209395,0.192908,0.241926,0.212349,0.094748,0.048674
ACGGAGCGCAAATTAC-1,0.009635,0.293064,0.014847,0.625265,0.057147,0.000042
ACGGATGGTGCGGATA-1,0.22935,0.345834,0.049073,0.276456,0.084269,0.015018
ACGGCACTTGCTTGGG-1,0.000069,0.577155,0.003888,0.072974,0.075176,0.270738
ACGGCCAACATGGACT-1,0.301621,0.279012,0.098506,0.258283,0.00001,0.062568
ACGGCGACGATGGGAA-1,0.078821,0.302572,0.13204,0.407703,0.029436,0.049427
ACGGCGGGTTGCCCTG-1,0.000049,0.176617,0.060006,0.725071,0.012461,0.025796
ACGGCTGGATGTAGAA-1,0.000057,0.140958,0.000057,0.000085,0.222147,0.636697
ACGGGAGTGTCGGCCC-1,0.144596,0.529436,0.004606,0.294074,0.027266,0.000022
ACGGGCGTATGCGACA-1,0.068865,0.141692,0.06637,0.663799,0.045172,0.014103
ACGGGTCATGTGACTT-1,0.021888,0.030663,0.025184,0.725405,0.189908,0.006952
ACGGGTTGTGACCTGT-1,0.000145,0.000217,0.000145,0.000217,0.039004,0.960272
ACGGTACAGTTCAATG-1,0.000048,0.000071,0.037154,0.000071,0.962632,0.000024
ACGGTCACCGAGAACA-1,0.176347,0.000031,0.012798,0.000031,0.085196,0.725596
ACGTACAGATTTCTCT-1,0.000048,0.230806,0.07515,0.684272,0.0097,0.000024
ACGTACTTTGGCACGG-1,0.396049,0.114619,0.063773,0.000037,0.214269,0.211254
ACGTAGATTGCTGATG-1,0.000053,0.279458,0.07746,0.523792,0.024157,0.095081
ACGTAGGAGAGTCGCT-1,0.107347,0.106252,0.475916,0.20968,0.040563,0.060242
ACGTATTACTCCGATC-1,0.000153,0.258355,0.08316,0.613926,0.044329,0.000077
ACGTCCTAAACGAGAT-1,0.003567,0.060358,0.201518,0.734529,0.000014,0.000014
ACGTCGGGCAACTCGG-1,0.000033,0.008878,0.000033,0.000049,0.291759,0.699249
ACGTCTCGTTCCGGGA-1,0.106428,0.220784,0.165265,0.446915,0.060586,0.000022
ACGTGACAAAGTAAGT-1,0.449538,0.2562,0.069615,0.224506,0.000009,0.000132
ACGTGCGCCTCGTGCA-1,0.000037,0.166503,0.070044,0.763378,0.000019,0.000019
ACGTGGTCGAATGTGC-1,0.034232,0.43969,0.132826,0.387406,0.005818,0.000027
ACGTTAATGTCGAAGA-1,0.024903,0.908141,0.004803,0.062085,0.000034,0.000034
ACGTTAGATTTGCCCG-1,0.02211,0.577348,0.000077,0.341697,0.058729,0.000038
ACGTTATTGGTCACTC-1,0.199729,0.004054,0.023556,0.772604,0.000029,0.000029
ACGTTCACTATGCCGC-1,0.138367,0.63022,0.036364,0.001405,0.048554,0.145091
ACGTTCCGCGCTCCGT-1,0.00006,0.785323,0.00006,0.060443,0.154083,0.00003
ACGTTCGCAATCAATT-1,0.000164,0.311462,0.139559,0.461697,0.087036,0.000082
ACGTTCGTTCAGGAAA-1,0.516986,0.122339,0.151441,0.134657,0.000182,0.074395
ACGTTCTGTACAAGTC-1,0.08559,0.011687,0.068912,0.387639,0.422456,0.023716
ACGTTGTCGTTGAAAG-1,0.279843,0.279875,0.011504,0.000935,0.116788,0.311055
ACGTTTAGTTGTGATC-1,0.000062,0.298086,0.068229,0.594534,0.032888,0.0062
ACGTTTCGGTGCACTT-1,0.008068,0.000018,0.817068,0.174833,0.000006,0.000006
ACTAAGGACGCACACC-1,0.004591,0.130062,0.32618,0.485609,0.000024,0.053534
ACTAATACGTCAGGCG-1,0.000341,0.607342,0.000341,0.028344,0.363462,0.00017
ACTACAAAGAGAGGTG-1,0.083873,0.579284,0.135181,0.024008,0.001645,0.176009
ACTACATCCCGACAAG-1,0.010817,0.037898,0.00036,0.000049,0.142379,0.808497
ACTACCAGCTCTCTGG-1,0.032634,0.034444,0.264352,0.667492,0.00001,0.001068
ACTACCATCCGAGGGC-1,0.045753,0.193246,0.021292,0.000039,0.12319,0.61648
ACTACGCGTTAGAATT-1,0.356334,0.057644,0.284118,0.266745,0.025657,0.009501
ACTAGTTGCGATCGTC-1,0.052051,0.229828,0.14834,0.486801,0.063625,0.019355
ACTATATGCTGTGTTC-1,0.000087,0.039466,0.029764,0.887289,0.024861,0.018533
ACTATCCAGGGCATGG-1,0.000553,0.273074,0.056341,0.669886,0.000073,0.000073
ACTATCGCCGGCTAAA-1,0.054307,0.077854,0.103528,0.549507,0.202473,0.012332
ACTATCTGCCCGCGTA-1,0.083678,0.000029,0.72202,0.188741,0.00001,0.005522
ACTATGTCCAGCTGCC-1,0.021238,0.066417,0.020013,0.035208,0.119549,0.737576
ACTATTCGTCCGTGGT-1,0.000073,0.211875,0.005171,0.442817,0.340028,0.000036
ACTATTTCCGGGCCCA-1,0.327814,0.132501,0.264907,0.025041,0.008093,0.241643
ACTCAACGAATGTATT-1,0.000043,0.147806,0.075895,0.736458,0.039778,0.000021
ACTCAAGTGCAAGGCT-1,0.14598,0.247365,0.269816,0.213024,0.058,0.065814
ACTCAATAAAGGCACG-1,0.00003,0.107528,0.174178,0.718234,0.000015,0.000015
ACTCAGACCTGCTTCT-1,0.000055,0.494208,0.033418,0.438329,0.033963,0.000027
ACTCATGGCAGCCTTC-1,0.149635,0.057459,0.011784,0.181747,0.094684,0.50469
